Base Error: Testing RMSE() on my cube, ref. pcube 11.83075656168713
      fun: 0.6347984215008983
 hess_inv: array([[ 6.12842771e+01,  2.51900559e+01, -3.43782124e+01, ...,
        -2.40352610e-01,  5.87794121e-01, -9.09381788e-02],
       [ 2.51900559e+01,  1.04289487e+02, -5.82463375e+01, ...,
         1.02420621e+00, -8.22384100e-01, -8.10898131e-01],
       [-3.43782124e+01, -5.82463375e+01,  6.88106186e+01, ...,
        -1.20158419e+00,  8.71052971e-01,  4.88835416e-02],
       ...,
       [-2.40352610e-01,  1.02420621e+00, -1.20158419e+00, ...,
         3.01430753e+00, -8.46175574e-01,  3.23040323e-01],
       [ 5.87794121e-01, -8.22384100e-01,  8.71052971e-01, ...,
        -8.46175574e-01,  1.25016818e+00, -3.09458278e-02],
       [-9.09381788e-02, -8.10898131e-01,  4.88835416e-02, ...,
         3.23040323e-01, -3.09458278e-02,  9.26225584e-01]])
      jac: array([ 3.23119309e-05, -1.65867320e-06,  2.74469336e-05, -1.41805086e-05,
       -5.60070509e-06,  2.17825757e-06, -1.67118171e-05, -1.54639264e-05,
       -6.83823368e-06, -1.12247249e-04,  3.14718622e-05,  8.95787148e-05,
        1.25692049e-05, -9.56494143e-06, -5.35127498e-05, -4.67315076e-05,
        8.02765262e-06, -1.72306613e-05,  1.95354843e-05, -4.23883151e-06,
       -1.20325971e-05,  1.40369198e-05,  3.06199510e-06,  1.86991163e-05,
        1.07679051e-04,  3.17938268e-05,  5.55681427e-05, -6.61026789e-06,
       -1.50131759e-05, -2.27765954e-05, -2.14465482e-05,  1.48288789e-05,
       -8.08390392e-06,  2.17603713e-05, -6.14471437e-06, -1.73261405e-05,
        3.53894691e-05, -1.00845258e-05, -1.68591067e-05])
  message: 'Maximum number of iterations has been exceeded.'
     nfev: 4160
      nit: 100
     njev: 104
   status: 1
  success: False
        x: array([ 3.00253634,  2.35390819, -2.01746885,  5.92266658, -0.73838942,
       -0.61451339,  1.90571739, -2.10889805,  1.59492929, -2.03654802,
        0.0158587 ,  0.04834692,  0.84562147,  0.41034777,  0.01038303,
        3.14413218,  2.44092888, -1.96988113, -1.50908121,  2.60314746,
        1.87937813, -3.67752094,  2.59087939,  1.08211002,  2.20115056,
       -0.29015446,  0.23486466, -0.71201672, -0.49780407,  0.52532287,
        4.16966486, -1.31640608,  0.23542839, -4.89534986,  1.08756528,
       -0.24490622, -2.75086374, -1.75050908, -1.36484679])
