node12.cluster
Base Error: Testing RMSE() on my cube, ref. pcube 8.860631672277982
      fun: 2.4157265378728447
 hess_inv: array([[ 1.03797019,  0.02010894,  0.02197446, ...,  0.04101045,
         0.02138138, -0.03411686],
       [ 0.02010894,  1.0103575 ,  0.00971796, ...,  0.02131198,
         0.01077902, -0.01603176],
       [ 0.02197446,  0.00971796,  1.00010371, ...,  0.02105918,
         0.00879616, -0.0063635 ],
       ...,
       [ 0.04101045,  0.02131198,  0.02105918, ...,  1.04372694,
         0.02233467, -0.03401108],
       [ 0.02138138,  0.01077902,  0.00879616, ...,  0.02233467,
         1.01102518, -0.01541599],
       [-0.03411686, -0.01603176, -0.0063635 , ..., -0.03401108,
        -0.01541599,  1.01645958]])
      jac: array([-5.33988652e-01, -2.41099100e-01, -3.50356031e-02,  2.18837347e-01,
        1.56916160e-01, -3.21105514e-01,  2.81038512e-01,  1.75964689e-01,
       -5.34987255e-01, -1.16701137e-01,  1.55272880e-03,  1.69426276e+00,
        5.27181327e-01,  2.15418915e-01, -8.73624085e-01,  7.19922535e-01,
        3.02319712e-01,  1.93972384e-01, -1.09854300e-01, -6.52857879e-02,
       -1.80841712e-01, -4.88298797e-02, -3.47505547e-02, -7.23259664e-02,
        1.22188197e-01,  7.43046905e-02,  1.44951155e+00, -2.40603434e-01,
       -1.55884967e-01, -7.52378879e-01,  1.08737135e-01,  8.11247966e-02,
       -1.67000254e-01, -4.17215076e-01, -2.97275215e-01, -6.35245245e-01,
       -5.18641932e-01, -2.22973410e-01,  1.89129172e-01])
  message: 'Maximum number of iterations has been exceeded.'
     nfev: 120
      nit: 1
     njev: 3
   status: 1
  success: False
        x: array([ 6.41933789e-01,  4.35519606e+00, -1.20526515e-01,  3.60234778e+00,
        3.00085961e-01,  8.66171549e-01,  2.59869592e+00, -2.43513064e+00,
        1.64513862e-01, -8.40397876e-01,  1.91679506e+00,  5.58562707e-02,
        2.75912767e-02,  1.65589122e+00,  1.12934951e-01,  6.92799155e-01,
        4.35788105e+00, -4.45197410e-01, -3.15719889e+00,  4.33410522e+00,
       -3.57310281e-01, -3.89971311e+00,  2.44895715e+00,  2.17463303e-01,
        1.06661424e+00, -2.44177068e+00, -3.44558937e-02,  8.64642304e-04,
       -1.02729021e+00,  1.32520885e-01,  2.96431148e+00, -4.37167387e+00,
       -4.19627786e-01, -2.95829364e+00,  3.53167014e-01,  6.81289696e-01,
       -4.34673739e-01, -3.88902695e+00, -5.99204856e-01])
