Program Begingeth
      fun: 0.2994785042176046
 hess_inv: array([[ 6.51252730e+00,  1.96082405e+00,  1.07829467e+00,
         2.27112257e+00,  1.02712736e+00,  1.13515931e-03,
         3.81610139e+00, -6.78762099e-01, -2.12129078e+00,
        -9.02363423e-02,  4.19794465e-01, -4.79862552e-02,
        -9.08001992e-01, -1.68239055e-01, -1.97245330e-01,
        -2.90615757e-01, -4.67160421e-01,  1.33773413e-01],
       [ 1.96082405e+00,  3.48289183e+00, -1.91530269e-01,
         3.62570305e-01,  1.47578030e+00, -1.36628098e-01,
        -3.17573798e-01,  1.90615104e+00,  2.80232290e-01,
         4.17923095e-02, -9.09945717e-02, -7.99369118e-01,
        -4.60740978e-01, -2.63098283e-01,  1.71982346e-01,
        -1.54546456e-02, -2.43212925e-01,  1.00619462e-01],
       [ 1.07829467e+00, -1.91530269e-01,  1.40688761e+01,
         2.04066403e+00, -6.19529511e-01,  5.47800650e+00,
         1.74254049e+01, -7.15043484e+00,  5.77458312e+00,
        -2.75397963e-01,  3.20354312e+00, -8.64059214e-01,
         4.48623142e-01, -5.54353687e-01, -6.92907179e-01,
        -2.09650326e-02,  2.89881869e-01, -1.08551315e-01],
       [ 2.27112257e+00,  3.62570305e-01,  2.04066403e+00,
         1.07191156e+00,  1.73746716e-01,  6.69730900e-01,
         3.87716857e+00, -1.12559676e+00, -1.73937848e-01,
        -8.08645365e-02,  4.66535338e-01, -1.87163000e-02,
        -1.93935956e-01, -6.29331631e-02, -1.48704939e-01,
        -9.15005435e-02, -8.29728745e-02,  2.60522166e-02],
       [ 1.02712736e+00,  1.47578030e+00, -6.19529511e-01,
         1.73746716e-01,  6.96997642e-01, -2.71270559e-01,
        -5.64926251e-01,  1.35487330e+00, -2.74759810e-01,
        -3.28449144e-02, -1.66492463e-01, -2.48395374e-01,
        -2.30806728e-01, -6.23904233e-02,  9.92241360e-02,
        -2.57095502e-02, -1.20067718e-01,  5.27138047e-02],
       [ 1.13515931e-03, -1.36628098e-01,  5.47800650e+00,
         6.69730900e-01, -2.71270559e-01,  2.21497024e+00,
         6.81025369e+00, -2.55877515e+00,  2.64575602e+00,
        -2.03417744e-01,  1.12700167e+00, -3.35409270e-01,
         2.66537477e-01, -1.90045269e-01, -2.22520348e-01,
         2.30588110e-02,  1.40027291e-01, -5.08690079e-02],
       [ 3.81610139e+00, -3.17573798e-01,  1.74254049e+01,
         3.87716857e+00, -5.64926251e-01,  6.81025369e+00,
         2.75132715e+01, -8.42016081e+00,  5.51102416e+00,
        -3.89258971e-01,  3.31403274e+00, -5.89410257e-01,
         3.98685960e-01, -3.39421124e-01, -7.51203979e-01,
        -1.26159476e-01,  3.56024721e-01, -3.82105407e-02],
       [-6.78762099e-01,  1.90615104e+00, -7.15043484e+00,
        -1.12559676e+00,  1.35487330e+00, -2.55877515e+00,
        -8.42016081e+00,  8.62664386e+00, -2.30413466e+00,
        -4.76200000e-01, -1.81673020e+00,  9.62654284e-03,
        -1.03622708e-01,  2.49523914e-01,  6.56391692e-01,
         9.08957383e-02, -1.67443400e-01,  9.27350988e-02],
       [-2.12129078e+00,  2.80232290e-01,  5.77458312e+00,
        -1.73937848e-01, -2.74759810e-01,  2.64575602e+00,
         5.51102416e+00, -2.30413466e+00,  6.14292755e+00,
        -3.78293401e-01,  1.09465603e+00, -5.83792963e-01,
         5.26973208e-01, -3.70764529e-01, -1.76551960e-01,
         1.53108079e-01,  1.57324953e-01, -1.55148498e-01],
       [-9.02363423e-02,  4.17923095e-02, -2.75397963e-01,
        -8.08645365e-02, -3.28449144e-02, -2.03417744e-01,
        -3.89258971e-01, -4.76200000e-01, -3.78293401e-01,
         9.61173776e-01, -9.66233168e-02,  4.16811033e-02,
        -2.42370772e-01,  2.98603059e-02,  6.26099182e-02,
        -2.18160446e-02,  3.41212866e-02,  1.85885406e-01],
       [ 4.19794465e-01, -9.09945717e-02,  3.20354312e+00,
         4.66535338e-01, -1.66492463e-01,  1.12700167e+00,
         3.31403274e+00, -1.81673020e+00,  1.09465603e+00,
        -9.66233168e-02,  1.34638620e+00, -2.39586853e-01,
         5.92408464e-02, -2.73272702e-01, -3.21213120e-01,
        -3.83401006e-02,  4.08578616e-02, -1.23324227e-01],
       [-4.79862552e-02, -7.99369118e-01, -8.64059214e-01,
        -1.87163000e-02, -2.48395374e-01, -3.35409270e-01,
        -5.89410257e-01,  9.62654284e-03, -5.83792963e-01,
         4.16811033e-02, -2.39586853e-01,  5.69188056e-01,
        -6.94996140e-03,  1.65509891e-01, -4.68760398e-02,
        -5.65890549e-02,  4.18349023e-02,  1.56102920e-02],
       [-9.08001992e-01, -4.60740978e-01,  4.48623142e-01,
        -1.93935956e-01, -2.30806728e-01,  2.66537477e-01,
         3.98685960e-01, -1.03622708e-01,  5.26973208e-01,
        -2.42370772e-01,  5.92408464e-02, -6.94996140e-03,
         2.68716782e-01,  2.45441473e-02, -9.73729188e-03,
         7.88771219e-02,  9.78410610e-02, -7.45091383e-02],
       [-1.68239055e-01, -2.63098283e-01, -5.54353687e-01,
        -6.29331631e-02, -6.23904233e-02, -1.90045269e-01,
        -3.39421124e-01,  2.49523914e-01, -3.70764529e-01,
         2.98603059e-02, -2.73272702e-01,  1.65509891e-01,
         2.45441473e-02,  1.25532077e-01,  5.06486803e-02,
         1.79962178e-04,  4.79533186e-02,  2.84610612e-02],
       [-1.97245330e-01,  1.71982346e-01, -6.92907179e-01,
        -1.48704939e-01,  9.92241360e-02, -2.22520348e-01,
        -7.51203979e-01,  6.56391692e-01, -1.76551960e-01,
         6.26099182e-02, -3.21213120e-01, -4.68760398e-02,
        -9.73729188e-03,  5.06486803e-02,  1.32928715e-01,
         2.67074306e-02, -5.48090155e-03,  5.92440186e-02],
       [-2.90615757e-01, -1.54546456e-02, -2.09650326e-02,
        -9.15005435e-02, -2.57095502e-02,  2.30588110e-02,
        -1.26159476e-01,  9.08957383e-02,  1.53108079e-01,
        -2.18160446e-02, -3.83401006e-02, -5.65890549e-02,
         7.88771219e-02,  1.79962178e-04,  2.67074306e-02,
         5.27115233e-02,  2.34486413e-02, -9.28133039e-03],
       [-4.67160421e-01, -2.43212925e-01,  2.89881869e-01,
        -8.29728745e-02, -1.20067718e-01,  1.40027291e-01,
         3.56024721e-01, -1.67443400e-01,  1.57324953e-01,
         3.41212866e-02,  4.08578616e-02,  4.18349023e-02,
         9.78410610e-02,  4.79533186e-02, -5.48090155e-03,
         2.34486413e-02,  9.18371503e-02, -5.68784473e-03],
       [ 1.33773413e-01,  1.00619462e-01, -1.08551315e-01,
         2.60522166e-02,  5.27138047e-02, -5.08690079e-02,
        -3.82105407e-02,  9.27350988e-02, -1.55148498e-01,
         1.85885406e-01, -1.23324227e-01,  1.56102920e-02,
        -7.45091383e-02,  2.84610612e-02,  5.92440186e-02,
        -9.28133039e-03, -5.68784473e-03,  8.13189395e-02]])
      jac: array([ 2.16974586e-06,  4.11670698e-06, -1.48029737e-08, -2.39068025e-06,
       -8.49912733e-06,  2.21008397e-06,  3.47869881e-08,  7.85667827e-07,
       -3.19004082e-07,  4.01900735e-07, -8.11202957e-07,  2.66379511e-06,
       -3.53569026e-06, -5.78500211e-06,  1.41916109e-05,  1.62684681e-06,
        1.08069109e-05, -1.51175369e-05])
  message: 'Desired error not necessarily achieved due to precision loss.'
     nfev: 2102
      nit: 79
     njev: 110
   status: 2
  success: False
        x: array([-0.92293396, -1.13121662,  0.08324984, -1.34762257, -1.11923586,
       -0.05328656, -1.73483254, -1.36894452, -1.02687509,  0.12494616,
        0.44126825,  1.13273218,  0.11032881,  0.19095423, -0.25196465,
        1.45629744, -0.25035659,  0.02181612])
