Program Begingeth
      fun: 0.23298633136187055
 hess_inv: array([[ 2.37173943e+00,  3.47075053e-01, -8.91713958e-01,
        -1.57717440e+00,  9.66889470e-01, -3.29459189e-01,
        -8.00684971e-01,  6.59246884e+00, -2.41921027e+00,
         1.65892583e+00, -3.18540587e-01,  1.63357264e+00,
        -3.67139063e+00,  5.54018200e-01, -8.61646922e-02,
        -1.16344205e+00,  1.67679648e-01,  9.83046779e-02],
       [ 3.47075053e-01,  6.20537645e-01, -3.13526237e-01,
        -4.50969019e-01, -2.38749015e-02, -1.25475380e-01,
        -7.49099526e-01,  1.07260877e+00, -3.48028961e-01,
         4.31068576e-01,  1.30269626e-01,  1.67785600e-01,
        -7.99603735e-01, -4.57825202e-01,  1.30243896e-01,
        -2.35932031e-01, -1.12022457e-01,  1.95103251e-01],
       [-8.91713958e-01, -3.13526237e-01,  9.37879647e-01,
         8.26807694e-01, -1.51504178e-01, -5.25035514e-02,
         1.21659211e+00, -2.58013312e+00,  7.63116906e-01,
        -1.10793935e+00,  1.84319391e-02, -4.92263062e-01,
         1.73358681e+00,  1.25263472e-01, -5.98277103e-01,
         5.46433784e-01, -3.32493849e-02, -3.08056279e-01],
       [-1.57717440e+00, -4.50969019e-01,  8.26807694e-01,
         1.48572792e+00, -7.07171215e-01,  5.48635974e-02,
         1.13779855e+00, -5.65983490e+00,  1.12807962e+00,
        -1.41161740e+00,  3.28839108e-01, -8.65747855e-01,
         3.04803844e+00, -2.98769682e-01, -3.54296205e-01,
         9.82058071e-01, -1.35969378e-01, -2.57440292e-01],
       [ 9.66889470e-01, -2.38749015e-02, -1.51504178e-01,
        -7.07171215e-01,  7.74313274e-01, -5.18366864e-02,
         3.38024761e-01,  4.00540967e+00, -6.45204239e-01,
         5.70538905e-01, -3.68531365e-01,  6.47893139e-01,
        -1.60817704e+00,  7.48841680e-01, -8.05178953e-02,
        -5.09495060e-01,  2.35291003e-01,  1.14146267e-02],
       [-3.29459189e-01, -1.25475380e-01, -5.25035514e-02,
         5.48635974e-02, -5.18366864e-02,  3.29217930e-01,
         5.97370700e-02, -1.63524219e-01,  9.88563046e-01,
        -9.25066062e-02, -1.18646866e-01, -3.53202040e-01,
         2.58898461e-01,  5.98367046e-02,  4.55143767e-01,
         7.46046648e-02,  3.08536686e-02,  1.39315086e-01],
       [-8.00684971e-01, -7.49099526e-01,  1.21659211e+00,
         1.13779855e+00,  3.38024761e-01,  5.97370700e-02,
         3.86979427e+00, -1.40643067e+00,  1.04485690e+00,
        -1.19071934e+00, -1.44824353e-01, -2.44302832e-01,
         1.83546693e+00,  8.95778321e-01, -7.22862196e-01,
         5.41411169e-01,  1.78940371e-01, -3.73574520e-01],
       [ 6.59246884e+00,  1.07260877e+00, -2.58013312e+00,
        -5.65983490e+00,  4.00540967e+00, -1.63524219e-01,
        -1.40643067e+00,  2.69611270e+01, -4.53117390e+00,
         5.23080184e+00, -1.57940939e+00,  3.86952068e+00,
        -1.21377638e+01,  2.67780524e+00,  9.49582030e-01,
        -3.89970234e+00,  9.06597731e-01,  8.39895574e-01],
       [-2.41921027e+00, -3.48028961e-01,  7.63116906e-01,
         1.12807962e+00, -6.45204239e-01,  9.88563046e-01,
         1.04485690e+00, -4.53117390e+00,  5.62113552e+00,
        -1.55587669e+00, -2.72413265e-01, -1.75306095e+00,
         3.07801668e+00, -1.58216732e-01,  7.28750133e-01,
         9.81075267e-01, -4.32349302e-02,  8.82308792e-02],
       [ 1.65892583e+00,  4.31068576e-01, -1.10793935e+00,
        -1.41161740e+00,  5.70538905e-01, -9.25066062e-02,
        -1.19071934e+00,  5.23080184e+00, -1.55587669e+00,
         1.74868446e+00, -1.74894317e-01,  9.95872876e-01,
        -3.08193428e+00,  1.62433921e-01,  4.60937032e-01,
        -9.87673489e-01,  1.28160888e-01,  2.95979442e-01],
       [-3.18540587e-01,  1.30269626e-01,  1.84319391e-02,
         3.28839108e-01, -3.68531365e-01, -1.18646866e-01,
        -1.44824353e-01, -1.57940939e+00, -2.72413265e-01,
        -1.74894317e-01,  6.53862971e-01, -2.32220495e-01,
         5.94266948e-01, -5.68092702e-01,  1.97494084e-03,
         1.26198113e-01, -1.63091231e-01,  7.94168546e-02],
       [ 1.63357264e+00,  1.67785600e-01, -4.92263062e-01,
        -8.65747855e-01,  6.47893139e-01, -3.53202040e-01,
        -2.44302832e-01,  3.86952068e+00, -1.75306095e+00,
         9.95872876e-01, -2.32220495e-01,  1.43325491e+00,
        -2.19938246e+00,  4.32161346e-01, -4.10657331e-01,
        -6.59217968e-01,  1.03527097e-01, -9.45576767e-02],
       [-3.67139063e+00, -7.99603735e-01,  1.73358681e+00,
         3.04803844e+00, -1.60817704e+00,  2.58898461e-01,
         1.83546693e+00, -1.21377638e+01,  3.07801668e+00,
        -3.08193428e+00,  5.94266948e-01, -2.19938246e+00,
         6.60777979e+00, -7.91073286e-01, -4.97483579e-01,
         2.15447585e+00, -3.13755451e-01, -4.45773347e-01],
       [ 5.54018200e-01, -4.57825202e-01,  1.25263472e-01,
        -2.98769682e-01,  7.48841680e-01,  5.98367046e-02,
         8.95778321e-01,  2.67780524e+00, -1.58216732e-01,
         1.62433921e-01, -5.68092702e-01,  4.32161346e-01,
        -7.91073286e-01,  1.12033710e+00, -1.81030134e-01,
        -2.39609607e-01,  3.55092394e-01, -1.45745696e-01],
       [-8.61646922e-02,  1.30243896e-01, -5.98277103e-01,
        -3.54296205e-01, -8.05178953e-02,  4.55143767e-01,
        -7.22862196e-01,  9.49582030e-01,  7.28750133e-01,
         4.60937032e-01,  1.97494084e-03, -4.10657331e-01,
        -4.97483579e-01, -1.81030134e-01,  1.07039807e+00,
        -1.83757155e-01,  2.09758334e-02,  4.71626246e-01],
       [-1.16344205e+00, -2.35932031e-01,  5.46433784e-01,
         9.82058071e-01, -5.09495060e-01,  7.46046648e-02,
         5.41411169e-01, -3.89970234e+00,  9.81075267e-01,
        -9.87673489e-01,  1.26198113e-01, -6.59217968e-01,
         2.15447585e+00, -2.39609607e-01, -1.83757155e-01,
         7.38762594e-01, -9.81501227e-02, -1.56706132e-01],
       [ 1.67679648e-01, -1.12022457e-01, -3.32493849e-02,
        -1.35969378e-01,  2.35291003e-01,  3.08536686e-02,
         1.78940371e-01,  9.06597731e-01, -4.32349302e-02,
         1.28160888e-01, -1.63091231e-01,  1.03527097e-01,
        -3.13755451e-01,  3.55092394e-01,  2.09758334e-02,
        -9.81501227e-02,  1.46710399e-01, -4.96465129e-03],
       [ 9.83046779e-02,  1.95103251e-01, -3.08056279e-01,
        -2.57440292e-01,  1.14146267e-02,  1.39315086e-01,
        -3.73574520e-01,  8.39895574e-01,  8.82308792e-02,
         2.95979442e-01,  7.94168546e-02, -9.45576767e-02,
        -4.45773347e-01, -1.45745696e-01,  4.71626246e-01,
        -1.56706132e-01, -4.96465129e-03,  2.73028678e-01]])
      jac: array([-2.77291153e-05, -1.14149431e-05, -5.70349323e-05, -1.16480899e-05,
        1.28536071e-04,  1.69108061e-04,  1.52988733e-06, -1.41775480e-05,
       -1.86856086e-05,  1.06796053e-05, -6.10881716e-06, -3.69743125e-05,
       -1.29387242e-05, -7.45697948e-05, -1.18437112e-04,  1.56931875e-05,
        1.90586436e-05,  4.25344945e-05])
  message: 'Desired error not necessarily achieved due to precision loss.'
     nfev: 1284
      nit: 30
     njev: 67
   status: 2
  success: False
        x: array([ 0.72386503, -0.04484239,  0.53553174,  0.2469795 , -0.85692179,
       -0.69450552,  1.22497558, -1.3766709 , -0.99684059, -1.05912163,
        0.05710731,  0.66889385,  0.16364722,  0.05186514, -0.44839605,
        0.09660995,  1.11804855, -0.7345994 ])
