Program Begingeth
      fun: 0.20861747809313386
 hess_inv: array([[ 7.66717327e-01,  1.90150081e-01,  5.18715840e-02,
        -2.27526915e-01, -5.71807485e-02,  6.56437999e-01,
        -2.61797502e+00, -4.47467552e-01,  1.39545248e+00,
         3.47414514e-01, -5.10273403e-01,  1.59623948e+00,
        -4.06725850e-01,  3.22401006e-02, -3.05701453e-02,
         4.88867341e-02,  3.51633375e-02, -2.95978436e-01],
       [ 1.90150081e-01,  7.32218925e-01, -9.77376970e-02,
        -1.91134402e-01, -2.02576173e-01,  4.91295707e-01,
        -1.40189800e+00, -1.66419887e+00,  1.47246015e+00,
         2.86250449e-01, -6.23794411e-01,  2.27396229e+00,
        -1.84360091e-01, -1.79568731e-01, -2.40175601e-01,
         7.06280425e-02,  1.01115107e-01, -2.35961823e-01],
       [ 5.18715840e-02, -9.77376970e-02,  5.61583013e-01,
        -2.50519429e-01, -2.62990908e-01,  9.85953469e-02,
        -1.41987832e+00, -1.13427873e+00, -4.69189849e-01,
        -5.47261149e-03, -1.41646157e+00, -1.08660461e-01,
        -1.14169881e-01,  2.34882091e-01, -6.47334478e-02,
         8.26673674e-02,  9.33513131e-02,  1.82597589e-02],
       [-2.27526915e-01, -1.91134402e-01, -2.50519429e-01,
         5.55943852e-01,  1.43984159e-01, -4.99232049e-01,
         3.72889266e+00,  1.57787141e+00, -3.36852871e-01,
         5.96570387e-01,  9.44982080e-01, -1.70089625e+00,
         1.96611080e-01, -1.69131961e-01,  7.10808719e-02,
        -8.88041343e-02, -1.06006734e-01,  8.97563680e-02],
       [-5.71807485e-02, -2.02576173e-01, -2.62990908e-01,
         1.43984159e-01,  5.50470717e-01, -3.41824491e-01,
         1.10377843e+00,  2.58081797e+00, -5.08481991e-01,
        -8.85449554e-01,  1.76988997e+00, -1.02503734e+00,
         2.68790134e-01, -2.49291967e-02,  1.28528898e-01,
        -2.57407040e-02, -1.21888423e-01,  1.36274379e-01],
       [ 6.56437999e-01,  4.91295707e-01,  9.85953469e-02,
        -4.99232049e-01, -3.41824491e-01,  1.65545131e+00,
        -6.50943375e+00, -2.84370836e+00,  3.80752905e+00,
         1.75299512e+00, -1.19901281e+00,  4.89777974e+00,
        -6.51879365e-01,  1.03944663e-01, -3.02680871e-02,
         8.78943917e-02,  2.62115892e-01, -4.03871439e-01],
       [-2.61797502e+00, -1.40189800e+00, -1.41987832e+00,
         3.72889266e+00,  1.10377843e+00, -6.50943375e+00,
         3.66747938e+01,  1.19231162e+01, -1.08422981e+01,
        -2.32235442e+00,  6.28113349e+00, -1.91850468e+01,
         2.34786862e+00, -1.27859177e+00,  6.11126591e-02,
        -6.57008393e-01, -1.05816682e+00,  1.32838928e+00],
       [-4.47467552e-01, -1.66419887e+00, -1.13427873e+00,
         1.57787141e+00,  2.58081797e+00, -2.84370836e+00,
         1.19231162e+01,  1.72010459e+01, -4.99108786e+00,
        -3.10409357e+00,  8.00551129e+00, -1.04646313e+01,
         1.34759876e+00, -2.79791487e-01,  9.11465663e-01,
        -3.95690279e-01, -8.26613354e-01,  8.51453352e-01],
       [ 1.39545248e+00,  1.47246015e+00, -4.69189849e-01,
        -3.36852871e-01, -5.08481991e-01,  3.80752905e+00,
        -1.08422981e+01, -4.99108786e+00,  1.28743776e+01,
         5.28138970e+00, -4.44074422e-01,  1.14672681e+01,
        -1.28521837e+00, -3.97131186e-01, -2.05120046e-01,
         8.34901952e-02,  3.86755962e-01, -1.07558629e+00],
       [ 3.47414514e-01,  2.86250449e-01, -5.47261149e-03,
         5.96570387e-01, -8.85449554e-01,  1.75299512e+00,
        -2.32235442e+00, -3.10409357e+00,  5.28138970e+00,
         6.75545504e+00, -1.80005039e+00,  4.04283901e+00,
        -9.70705923e-01, -6.93360061e-02,  7.19597666e-02,
        -1.12400596e-01,  4.41981429e-01, -5.79051068e-01],
       [-5.10273403e-01, -6.23794411e-01, -1.41646157e+00,
         9.44982080e-01,  1.76988997e+00, -1.19901281e+00,
         6.28113349e+00,  8.00551129e+00, -4.44074422e-01,
        -1.80005039e+00,  7.03332678e+00, -3.18617779e+00,
         9.55781260e-01, -3.91894324e-01,  4.25672904e-01,
        -2.30694003e-01, -4.29343295e-01,  4.12237909e-01],
       [ 1.59623948e+00,  2.27396229e+00, -1.08660461e-01,
        -1.70089625e+00, -1.02503734e+00,  4.89777974e+00,
        -1.91850468e+01, -1.04646313e+01,  1.14672681e+01,
         4.04283901e+00, -3.18617779e+00,  1.65642102e+01,
        -1.68856104e+00,  4.59647825e-02, -4.04331096e-01,
         3.57937042e-01,  8.19095737e-01, -1.21297856e+00],
       [-4.06725850e-01, -1.84360091e-01, -1.14169881e-01,
         1.96611080e-01,  2.68790134e-01, -6.51879365e-01,
         2.34786862e+00,  1.34759876e+00, -1.28521837e+00,
        -9.70705923e-01,  9.55781260e-01, -1.68856104e+00,
         4.21977679e-01, -5.59102085e-02,  3.18126968e-02,
         5.29792183e-03, -1.34248066e-01,  2.37763959e-01],
       [ 3.22401006e-02, -1.79568731e-01,  2.34882091e-01,
        -1.69131961e-01, -2.49291967e-02,  1.03944663e-01,
        -1.27859177e+00, -2.79791487e-01, -3.97131186e-01,
        -6.93360061e-02, -3.91894324e-01,  4.59647825e-02,
        -5.59102085e-02,  2.04872071e-01,  5.09980572e-02,
         3.40159787e-02,  7.04479921e-02,  4.10799767e-02],
       [-3.05701453e-02, -2.40175601e-01, -6.47334478e-02,
         7.10808719e-02,  1.28528898e-01, -3.02680871e-02,
         6.11126591e-02,  9.11465663e-01, -2.05120046e-01,
         7.19597666e-02,  4.25672904e-01, -4.04331096e-01,
         3.18126968e-02,  5.09980572e-02,  1.57954845e-01,
        -4.22375625e-02, -2.84719628e-02,  8.27584526e-02],
       [ 4.88867341e-02,  7.06280425e-02,  8.26673674e-02,
        -8.88041343e-02, -2.57407040e-02,  8.78943917e-02,
        -6.57008393e-01, -3.95690279e-01,  8.34901952e-02,
        -1.12400596e-01, -2.30694003e-01,  3.57937042e-01,
         5.29792183e-03,  3.40159787e-02, -4.22375625e-02,
         6.45621641e-02,  1.62893897e-02, -1.48049460e-02],
       [ 3.51633375e-02,  1.01115107e-01,  9.33513131e-02,
        -1.06006734e-01, -1.21888423e-01,  2.62115892e-01,
        -1.05816682e+00, -8.26613354e-01,  3.86755962e-01,
         4.41981429e-01, -4.29343295e-01,  8.19095737e-01,
        -1.34248066e-01,  7.04479921e-02, -2.84719628e-02,
         1.62893897e-02,  1.16174950e-01, -5.98129865e-02],
       [-2.95978436e-01, -2.35961823e-01,  1.82597589e-02,
         8.97563680e-02,  1.36274379e-01, -4.03871439e-01,
         1.32838928e+00,  8.51453352e-01, -1.07558629e+00,
        -5.79051068e-01,  4.12237909e-01, -1.21297856e+00,
         2.37763959e-01,  4.10799767e-02,  8.27584526e-02,
        -1.48049460e-02, -5.98129865e-02,  2.10733575e-01]])
      jac: array([-8.43713988e-06, -4.96454729e-06,  2.00480373e-05,  2.53439862e-05,
        3.35664829e-05, -6.11103760e-06, -2.98427949e-06, -3.65559435e-06,
       -1.45735276e-06, -3.71221572e-06, -4.32727928e-06,  2.35404289e-06,
       -8.86124507e-06, -2.70946228e-05,  1.95737870e-05, -8.30095252e-06,
        9.79216708e-07, -1.52119058e-05])
  message: 'Desired error not necessarily achieved due to precision loss.'
     nfev: 2328
      nit: 78
     njev: 122
   status: 2
  success: False
        x: array([ 0.0540092 ,  0.4038247 ,  0.80159973,  1.10837135, -0.60371375,
        0.03938123,  1.10982115, -1.02717496, -0.8460636 ,  0.74089396,
       -0.76907091,  0.53691438,  0.07745096,  0.2225156 , -0.32870544,
       -1.09513518, -0.24744274,  0.03504686])
