Program Begingeth
      fun: 0.31328425977376695
 hess_inv: array([[ 7.20573279e+00,  2.71431797e-01, -2.38092077e-01,
         4.09972837e-01, -1.02118783e+00,  5.20784740e-01,
         2.11170014e+00, -4.84481098e-01, -2.20690215e+00,
        -1.32704446e+00, -1.23660136e+00,  2.11232914e-01,
        -1.81167296e+00, -1.76896969e-01,  2.83955925e-01,
         8.84651229e-01,  8.88879196e-01, -6.02907939e-01],
       [ 2.71431797e-01,  1.29567857e+00,  3.55665184e-01,
         1.81278775e-01,  1.61210886e-01, -2.01741256e-02,
         4.15300740e-01,  4.98416561e-01, -8.72949219e-01,
         7.58176639e-02, -2.90633950e-01, -7.41199580e-01,
        -4.28486373e-03, -1.40109711e-01,  7.83538933e-02,
        -3.65079464e-02,  2.92258528e-01,  3.27041008e-02],
       [-2.38092077e-01,  3.55665184e-01,  1.52064387e+00,
         9.30008500e-02,  2.32406304e-01,  1.64618132e-01,
         1.24511294e+00,  1.22831141e+00,  1.13028924e-01,
         6.18510113e-02,  6.41392506e-01, -5.95488214e-01,
         1.05783662e-01, -1.07887179e-01, -1.25991146e-01,
         1.92548568e-02,  4.74709540e-02,  3.06707663e-01],
       [ 4.09972837e-01,  1.81278775e-01,  9.30008500e-02,
         1.45064970e-01, -1.13261640e-02,  5.64757901e-02,
         7.28014830e-01,  1.27656285e-02, -3.76758448e-01,
        -1.61533733e-02, -1.86441375e-01, -5.52183958e-02,
        -3.00884368e-02, -9.31623559e-03,  5.93022498e-02,
         6.24788147e-02,  4.97624328e-02,  5.30647154e-03],
       [-1.02118783e+00,  1.61210886e-01,  2.32406304e-01,
        -1.13261640e-02,  2.65264475e-01, -8.35671584e-02,
        -7.41340789e-02,  7.02794483e-01,  1.99698647e-01,
         1.09416582e-01,  1.50571610e-01, -1.26572444e-01,
         3.21464820e-01,  5.26598359e-02, -6.86795767e-02,
        -1.01278481e-01, -8.35032449e-02,  1.34381406e-01],
       [ 5.20784740e-01, -2.01741256e-02,  1.64618132e-01,
         5.64757901e-02, -8.35671584e-02,  1.99041539e-01,
         6.90110920e-01, -3.31055197e-01,  5.74742518e-02,
         1.86319954e-01, -1.65267636e-01,  6.56581389e-02,
        -2.12435550e-01,  2.67453654e-02,  1.01505166e-01,
         5.05898000e-02,  5.89812889e-02, -1.02308768e-02],
       [ 2.11170014e+00,  4.15300740e-01,  1.24511294e+00,
         7.28014830e-01, -7.41340789e-02,  6.90110920e-01,
         6.21198144e+00, -3.34930596e-01, -1.36357648e+00,
         2.85230472e-01, -7.53739981e-01,  2.06075032e-01,
        -4.31008214e-01,  1.24874583e-01,  3.08882062e-01,
         2.96039430e-01,  2.47843097e-01,  1.32139981e-01],
       [-4.84481098e-01,  4.98416561e-01,  1.22831141e+00,
         1.27656285e-02,  7.02794483e-01, -3.31055197e-01,
        -3.34930596e-01,  5.93142427e+00, -2.99087906e-02,
        -1.41308237e+00,  3.16104477e-01, -8.35898785e-01,
         5.92539887e-01,  5.75087569e-02, -3.86656502e-01,
         6.63315789e-02,  5.93508766e-02,  3.77246336e-01],
       [-2.20690215e+00, -8.72949219e-01,  1.13028924e-01,
        -3.76758448e-01,  1.99698647e-01,  5.74742518e-02,
        -1.36357648e+00, -2.99087906e-02,  3.29905402e+00,
         2.50899365e-01,  8.68578487e-01,  1.18676360e-03,
         4.02669756e-01,  1.30565709e-01, -1.11787422e-01,
        -2.45304577e-01, -3.32798559e-01,  1.42764706e-01],
       [-1.32704446e+00,  7.58176639e-02,  6.18510113e-02,
        -1.61533733e-02,  1.09416582e-01,  1.86319954e-01,
         2.85230472e-01, -1.41308237e+00,  2.50899365e-01,
         1.63003758e+00,  5.78464909e-02,  9.15490852e-02,
         8.92767395e-03,  2.91481060e-02,  1.18961973e-01,
        -2.10450722e-01, -1.80140868e-01, -2.89193366e-03],
       [-1.23660136e+00, -2.90633950e-01,  6.41392506e-01,
        -1.86441375e-01,  1.50571610e-01, -1.65267636e-01,
        -7.53739981e-01,  3.16104477e-01,  8.68578487e-01,
         5.78464909e-02,  1.44548230e+00, -3.09275193e-01,
         3.15409433e-01, -1.98186325e-01, -3.39121489e-01,
        -7.33157646e-02, -1.82012163e-01,  1.07961570e-01],
       [ 2.11232914e-01, -7.41199580e-01, -5.95488214e-01,
        -5.52183958e-02, -1.26572444e-01,  6.56581389e-02,
         2.06075032e-01, -8.35898785e-01,  1.18676360e-03,
         9.15490852e-02, -3.09275193e-01,  1.06699178e+00,
        -1.20932546e-01,  2.37170608e-01,  7.47622166e-03,
         7.88171578e-02, -9.24535885e-02, -9.78772747e-02],
       [-1.81167296e+00, -4.28486373e-03,  1.05783662e-01,
        -3.00884368e-02,  3.21464820e-01, -2.12435550e-01,
        -4.31008214e-01,  5.92539887e-01,  4.02669756e-01,
         8.92767395e-03,  3.15409433e-01, -1.20932546e-01,
         6.27054034e-01,  4.09947312e-02, -1.06696482e-01,
        -1.72537662e-01, -2.35586302e-01,  2.04692601e-01],
       [-1.76896969e-01, -1.40109711e-01, -1.07887179e-01,
        -9.31623559e-03,  5.26598359e-02,  2.67453654e-02,
         1.24874583e-01,  5.75087569e-02,  1.30565709e-01,
         2.91481060e-02, -1.98186325e-01,  2.37170608e-01,
         4.09947312e-02,  1.29918148e-01,  2.54133011e-02,
        -1.12249276e-02, -2.69973423e-02,  2.26044438e-02],
       [ 2.83955925e-01,  7.83538933e-02, -1.25991146e-01,
         5.93022498e-02, -6.86795767e-02,  1.01505166e-01,
         3.08882062e-01, -3.86656502e-01, -1.11787422e-01,
         1.18961973e-01, -3.39121489e-01,  7.47622166e-03,
        -1.06696482e-01,  2.54133011e-02,  1.46809172e-01,
        -1.00386934e-03,  3.41832352e-02, -1.71230296e-02],
       [ 8.84651229e-01, -3.65079464e-02,  1.92548568e-02,
         6.24788147e-02, -1.01278481e-01,  5.05898000e-02,
         2.96039430e-01,  6.63315789e-02, -2.45304577e-01,
        -2.10450722e-01, -7.33157646e-02,  7.88171578e-02,
        -1.72537662e-01, -1.12249276e-02, -1.00386934e-03,
         1.54634188e-01,  8.73644945e-02, -5.97855486e-02],
       [ 8.88879196e-01,  2.92258528e-01,  4.74709540e-02,
         4.97624328e-02, -8.35032449e-02,  5.89812889e-02,
         2.47843097e-01,  5.93508766e-02, -3.32798559e-01,
        -1.80140868e-01, -1.82012163e-01, -9.24535885e-02,
        -2.35586302e-01, -2.69973423e-02,  3.41832352e-02,
         8.73644945e-02,  1.99366752e-01, -6.56815866e-02],
       [-6.02907939e-01,  3.27041008e-02,  3.06707663e-01,
         5.30647154e-03,  1.34381406e-01, -1.02308768e-02,
         1.32139981e-01,  3.77246336e-01,  1.42764706e-01,
        -2.89193366e-03,  1.07961570e-01, -9.78772747e-02,
         2.04692601e-01,  2.26044438e-02, -1.71230296e-02,
        -5.97855486e-02, -6.56815866e-02,  1.53221059e-01]])
      jac: array([-7.10172661e-07, -8.95949981e-07,  9.07052211e-07,  2.01801538e-06,
        1.69716093e-06, -1.02325555e-06, -2.22414679e-07, -5.62512999e-08,
        1.38037729e-07, -3.82656869e-07, -4.97749989e-07,  6.59102402e-07,
       -1.27268566e-06, -2.32184642e-06,  1.77672691e-06,  1.06359366e-06,
        1.75082171e-06, -1.33300778e-06])
  message: 'Optimization terminated successfully.'
     nfev: 1976
      nit: 89
     njev: 104
   status: 0
  success: True
        x: array([-0.13723911, -0.74176961,  0.37798054,  1.26352806, -0.56284399,
        0.13862886,  1.76959853, -0.44701138,  1.27058096,  0.12061127,
        0.57130667,  1.03473299,  0.21195482,  0.1149819 , -0.27648418,
       -1.29870424, -0.84408307,  0.07883425])
