Program Begingeth
      fun: 0.29966893184891524
 hess_inv: array([[ 5.74710527e+00,  1.46396469e+00, -7.14807776e-02,
         1.47338231e+00,  8.09218094e-01, -1.28350061e+00,
         1.52332482e+00, -1.52058058e+00, -3.58708145e+00,
        -5.67045614e-01,  7.50166494e-01, -7.77545159e-01,
        -1.03212553e+00, -3.54852823e-01, -4.81562035e-01,
        -1.65678115e-01, -6.83781761e-01,  4.77433310e-01],
       [ 1.46396469e+00,  3.71354159e+00,  1.30475076e+00,
         3.57096991e-01,  1.40024366e+00,  4.42287616e-02,
         4.60342621e+00,  1.05661660e-01,  3.05986539e+00,
         5.12130346e-02,  3.11018776e-01, -1.65701655e+00,
        -5.81557694e-01, -4.45907611e-01, -2.79922582e-01,
        -6.31617210e-03, -2.96924755e-01,  7.88169272e-02],
       [-7.14807776e-02,  1.30475076e+00,  2.30631036e+00,
         2.94690605e-01,  4.31525014e-01,  6.67683126e-01,
         3.79706206e+00, -2.09263797e+00,  2.33934269e+00,
         6.42846091e-02,  9.32873106e-01, -9.29011221e-01,
        -6.32415401e-02, -2.07000573e-01, -3.19503909e-01,
        -1.63540078e-01, -4.10706313e-02, -9.84409272e-02],
       [ 1.47338231e+00,  3.57096991e-01,  2.94690605e-01,
         4.92469006e-01,  2.10827355e-01, -2.29185455e-01,
         1.25595221e+00, -8.31703916e-01, -8.40783058e-01,
        -1.86426389e-01,  3.61040909e-01, -2.03384018e-01,
        -2.19101070e-01, -8.39657297e-02, -1.96254424e-01,
        -6.61613097e-02, -1.70466002e-01,  7.03331269e-02],
       [ 8.09218094e-01,  1.40024366e+00,  4.31525014e-01,
         2.10827355e-01,  6.95706969e-01, -1.11296656e-02,
         2.88510489e+00,  7.01526398e-01,  7.36852127e-01,
        -1.51197028e-01,  7.02868374e-02, -5.26456947e-01,
        -3.29406742e-01, -1.10220656e-01, -8.83485995e-02,
        -5.67050712e-02, -2.14051390e-01,  4.72116310e-02],
       [-1.28350061e+00,  4.42287616e-02,  6.67683126e-01,
        -2.29185455e-01, -1.11296656e-02,  5.54544002e-01,
         1.30033929e+00,  4.44737478e-02,  1.72324154e+00,
         9.07920200e-03, -1.30403144e-02, -5.66124886e-02,
         2.27508456e-01,  4.07904056e-02,  7.19335173e-02,
         1.40151796e-02,  9.86846411e-02, -1.31931239e-01],
       [ 1.52332482e+00,  4.60342621e+00,  3.79706206e+00,
         1.25595221e+00,  2.88510489e+00,  1.30033929e+00,
         2.45167824e+01,  1.66210793e+00,  5.42546675e+00,
        -1.42589595e+00,  1.00180575e+00, -1.70739850e+00,
        -1.05077314e+00, -3.79174404e-01, -5.52588178e-01,
        -4.37878891e-01, -1.39048212e+00, -3.95292008e-01],
       [-1.52058058e+00,  1.05661660e-01, -2.09263797e+00,
        -8.31703916e-01,  7.01526398e-01,  4.44737478e-02,
         1.66210793e+00,  8.97283678e+00, -1.44996346e-01,
        -3.69111795e-01, -1.69811099e+00,  5.79098301e-01,
        -3.06656548e-02,  4.00842804e-01,  8.45991056e-01,
         2.69614352e-01, -2.23372188e-02,  7.26858850e-02],
       [-3.58708145e+00,  3.05986539e+00,  2.33934269e+00,
        -8.40783058e-01,  7.36852127e-01,  1.72324154e+00,
         5.42546675e+00, -1.44996346e-01,  1.10383565e+01,
         4.31368161e-01,  3.04655230e-02, -1.42930483e+00,
         3.53413975e-01, -5.04830104e-01,  7.28377872e-02,
         2.18154436e-01,  5.50234813e-02, -3.20804774e-01],
       [-5.67045614e-01,  5.12130346e-02,  6.42846091e-02,
        -1.86426389e-01, -1.51197028e-01,  9.07920200e-03,
        -1.42589595e+00, -3.69111795e-01,  4.31368161e-01,
         7.59237249e-01, -6.43247622e-02, -4.85613981e-02,
         4.35442960e-03,  1.19614959e-02,  4.30973578e-02,
         3.10814329e-02,  2.03026791e-01,  1.13918996e-01],
       [ 7.50166494e-01,  3.11018776e-01,  9.32873106e-01,
         3.61040909e-01,  7.02868374e-02, -1.30403144e-02,
         1.00180575e+00, -1.69811099e+00,  3.04655230e-02,
        -6.43247622e-02,  1.10218870e+00, -4.34808633e-01,
        -1.05208953e-01, -2.46924172e-01, -3.71000333e-01,
        -1.38878083e-01, -8.71622375e-02, -9.52274067e-02],
       [-7.77545159e-01, -1.65701655e+00, -9.29011221e-01,
        -2.03384018e-01, -5.26456947e-01, -5.66124886e-02,
        -1.70739850e+00,  5.79098301e-01, -1.42930483e+00,
        -4.85613981e-02, -4.34808633e-01,  1.16581826e+00,
         2.31636325e-01,  3.34396549e-01,  1.52791232e-01,
        -2.27111946e-02,  1.58855109e-01, -2.28190678e-02],
       [-1.03212553e+00, -5.81557694e-01, -6.32415401e-02,
        -2.19101070e-01, -3.29406742e-01,  2.27508456e-01,
        -1.05077314e+00, -3.06656548e-02,  3.53413975e-01,
         4.35442960e-03, -1.05208953e-01,  2.31636325e-01,
         3.50075957e-01,  8.35664363e-02,  8.04910033e-02,
         9.57662869e-02,  1.99789748e-01, -1.32251520e-01],
       [-3.54852823e-01, -4.45907611e-01, -2.07000573e-01,
        -8.39657297e-02, -1.10220656e-01,  4.07904056e-02,
        -3.79174404e-01,  4.00842804e-01, -5.04830104e-01,
         1.19614959e-02, -2.46924172e-01,  3.34396549e-01,
         8.35664363e-02,  1.73422844e-01,  9.04087142e-02,
        -5.67383335e-03,  9.79559699e-02,  7.07516505e-03],
       [-4.81562035e-01, -2.79922582e-01, -3.19503909e-01,
        -1.96254424e-01, -8.83485995e-02,  7.19335173e-02,
        -5.52588178e-01,  8.45991056e-01,  7.28377872e-02,
         4.30973578e-02, -3.71000333e-01,  1.52791232e-01,
         8.04910033e-02,  9.04087142e-02,  1.96758530e-01,
         6.62543926e-02,  5.12890563e-02,  4.45351988e-02],
       [-1.65678115e-01, -6.31617210e-03, -1.63540078e-01,
        -6.61613097e-02, -5.67050712e-02,  1.40151796e-02,
        -4.37878891e-01,  2.69614352e-01,  2.18154436e-01,
         3.10814329e-02, -1.38878083e-01, -2.27111946e-02,
         9.57662869e-02, -5.67383335e-03,  6.62543926e-02,
         1.01734000e-01,  4.81282397e-02, -6.78844135e-03],
       [-6.83781761e-01, -2.96924755e-01, -4.10706313e-02,
        -1.70466002e-01, -2.14051390e-01,  9.86846411e-02,
        -1.39048212e+00, -2.23372188e-02,  5.50234813e-02,
         2.03026791e-01, -8.71622375e-02,  1.58855109e-01,
         1.99789748e-01,  9.79559699e-02,  5.12890563e-02,
         4.81282397e-02,  2.34013176e-01, -3.24537550e-02],
       [ 4.77433310e-01,  7.88169272e-02, -9.84409272e-02,
         7.03331269e-02,  4.72116310e-02, -1.31931239e-01,
        -3.95292008e-01,  7.26858850e-02, -3.20804774e-01,
         1.13918996e-01, -9.52274067e-02, -2.28190678e-02,
        -1.32251520e-01,  7.07516505e-03,  4.45351988e-02,
        -6.78844135e-03, -3.24537550e-02,  1.51554137e-01]])
      jac: array([ 6.37490061e-06,  3.99606274e-06, -1.13213143e-05, -1.59013543e-05,
       -2.47616742e-06,  3.14751928e-05,  1.69975145e-06,  4.07081776e-08,
       -5.03190082e-06,  8.38255391e-06, -4.91532741e-06, -8.69230614e-06,
        4.05597778e-05, -7.00920803e-07, -2.58511731e-05, -2.93398639e-05,
       -1.13683137e-05,  2.98664797e-05])
  message: 'Desired error not necessarily achieved due to precision loss.'
     nfev: 2387
      nit: 67
     njev: 125
   status: 2
  success: False
        x: array([-0.42539827, -0.79361285,  0.5955353 , -0.88183918, -0.92142867,
        0.09471589, -0.33773475, -1.75970125, -0.50203838,  0.10755614,
        0.61819746,  1.1247672 ,  0.0724562 ,  0.06933735, -0.37569319,
        1.12592106, -0.64173069, -0.0130864 ])
