Program Begingeth
      fun: 0.24348860346813384
 hess_inv: array([[ 6.12793606e+00, -1.54714367e+00,  1.26826894e+00,
         2.25569872e+00, -7.94642494e-01,  7.84722800e-01,
         3.98995065e+00, -1.07978500e+00, -6.09449475e+00,
         2.81657721e-01, -6.03040749e-01,  7.08039513e-01,
        -6.94047402e-01,  3.74546632e-01,  1.00357960e-01,
        -6.45401222e-02,  4.37641553e-01, -5.75490238e-01],
       [-1.54714367e+00,  2.55786238e+00,  8.23567692e-02,
        -3.30748978e-01,  1.07251648e+00, -5.93919083e-01,
         7.20018063e-02,  9.47720204e-01, -8.94692251e-01,
        -4.84455859e-01,  4.55209718e-01, -1.05812112e+00,
         4.96004677e-01, -2.86224774e-01, -2.15243959e-01,
         1.07691069e-01, -1.67256699e-01,  1.57563151e-01],
       [ 1.26826894e+00,  8.23567692e-02,  1.34890535e+00,
         5.41443345e-01,  1.57627353e-01,  4.59439420e-01,
         2.18800994e+00,  6.39327463e-01, -1.59258919e+00,
         2.75981886e-02,  3.37326769e-01, -5.06746676e-02,
        -6.26776911e-02,  1.32927373e-01, -7.61404861e-02,
         1.15948251e-01,  1.75949338e-01, -1.23707809e-01],
       [ 2.25569872e+00, -3.30748978e-01,  5.41443345e-01,
         9.50326350e-01, -1.88531099e-01,  2.60555193e-01,
         2.12182710e+00, -5.21591113e-01, -2.55342751e+00,
         1.17007784e-01, -2.17187817e-01,  1.66067780e-01,
        -1.54683275e-01,  9.89052026e-02,  4.07056572e-02,
         1.80122264e-02,  9.05651072e-02, -1.82570742e-01],
       [-7.94642494e-01,  1.07251648e+00,  1.57627353e-01,
        -1.88531099e-01,  5.30364468e-01, -2.05748618e-01,
         1.72135555e-01,  8.47417396e-01, -1.38672925e-01,
        -2.16943182e-01,  2.75150648e-01, -3.74038877e-01,
         2.48386263e-01, -8.62121101e-02, -1.21079832e-01,
         9.51975714e-02, -6.49318895e-02,  7.99644268e-02],
       [ 7.84722800e-01, -5.93919083e-01,  4.59439420e-01,
         2.60555193e-01, -2.05748618e-01,  3.58340539e-01,
         7.45178523e-01, -8.91340152e-02, -3.06141419e-02,
         1.60485748e-01, -7.42100323e-02,  2.50621689e-01,
        -1.49765029e-01,  1.43123037e-01,  5.79494070e-02,
         7.07743549e-03,  1.06475304e-01, -7.16395164e-02],
       [ 3.98995065e+00,  7.20018063e-02,  2.18800994e+00,
         2.12182710e+00,  1.72135555e-01,  7.45178523e-01,
         7.90873637e+00, -3.82613431e-01, -5.42339707e+00,
         3.78241302e-01,  9.45303092e-02,  2.00404283e-01,
         2.31687026e-02,  2.06710692e-01, -5.75377043e-02,
         2.76003972e-01,  7.92743900e-02, -2.92481664e-01],
       [-1.07978500e+00,  9.47720204e-01,  6.39327463e-01,
        -5.21591113e-01,  8.47417396e-01, -8.91340152e-02,
        -3.82613431e-01,  4.33073245e+00,  4.50279815e-01,
        -6.22451991e-01,  7.15887002e-01, -1.17969406e-01,
         2.33081279e-01,  6.71765547e-02, -3.24292622e-01,
         1.93485826e-01,  1.04331845e-01,  5.56148547e-02],
       [-6.09449475e+00, -8.94692251e-01, -1.59258919e+00,
        -2.55342751e+00, -1.38672925e-01, -3.06141419e-02,
        -5.42339707e+00,  4.50279815e-01,  1.12480926e+01,
        -1.77054520e-02,  4.34684083e-02,  3.55404436e-01,
         3.58943145e-01,  1.45959214e-02,  2.01060333e-01,
        -1.61291216e-02, -2.57778700e-01,  5.89075748e-01],
       [ 2.81657721e-01, -4.84455859e-01,  2.75981886e-02,
         1.17007784e-01, -2.16943182e-01,  1.60485748e-01,
         3.78241302e-01, -6.22451991e-01, -1.77054520e-02,
         7.06849210e-01, -3.44857264e-02,  1.61007710e-01,
        -1.90555562e-01,  3.89318021e-03, -1.63500581e-02,
        -1.15050413e-02, -4.67186027e-02, -1.81036999e-01],
       [-6.03040749e-01,  4.55209718e-01,  3.37326769e-01,
        -2.17187817e-01,  2.75150648e-01, -7.42100323e-02,
         9.45303092e-02,  7.15887002e-01,  4.34684083e-02,
        -3.44857264e-02,  7.08115207e-01, -2.37516154e-01,
         1.04567030e-01, -1.13882875e-01, -2.08169671e-01,
         9.35107105e-02,  9.06560631e-03, -6.27439419e-02],
       [ 7.08039513e-01, -1.05812112e+00, -5.06746676e-02,
         1.66067780e-01, -3.74038877e-01,  2.50621689e-01,
         2.00404283e-01, -1.17969406e-01,  3.55404436e-01,
         1.61007710e-01, -2.37516154e-01,  7.63414927e-01,
        -1.58485600e-01,  2.10793556e-01,  4.17807903e-02,
         2.83860573e-02,  1.14463894e-01, -4.73168722e-02],
       [-6.94047402e-01,  4.96004677e-01, -6.26776911e-02,
        -1.54683275e-01,  2.48386263e-01, -1.49765029e-01,
         2.31687026e-02,  2.33081279e-01,  3.58943145e-01,
        -1.90555562e-01,  1.04567030e-01, -1.58485600e-01,
         2.38435601e-01, -7.03230626e-02, -2.01777612e-02,
         8.79540631e-02, -9.90824394e-02,  1.29308208e-01],
       [ 3.74546632e-01, -2.86224774e-01,  1.32927373e-01,
         9.89052026e-02, -8.62121101e-02,  1.43123037e-01,
         2.06710692e-01,  6.71765547e-02,  1.45959214e-02,
         3.89318021e-03, -1.13882875e-01,  2.10793556e-01,
        -7.03230626e-02,  1.19906101e-01,  2.84106252e-02,
         3.23530592e-03,  9.11465973e-02, -1.31263036e-02],
       [ 1.00357960e-01, -2.15243959e-01, -7.61404861e-02,
         4.07056572e-02, -1.21079832e-01,  5.79494070e-02,
        -5.75377043e-02, -3.24292622e-01,  2.01060333e-01,
        -1.63500581e-02, -2.08169671e-01,  4.17807903e-02,
        -2.01777612e-02,  2.84106252e-02,  1.11603320e-01,
        -3.59659880e-02, -1.23050142e-02,  6.25108714e-02],
       [-6.45401222e-02,  1.07691069e-01,  1.15948251e-01,
         1.80122264e-02,  9.51975714e-02,  7.07743549e-03,
         2.76003972e-01,  1.93485826e-01, -1.61291216e-02,
        -1.15050413e-02,  9.35107105e-02,  2.83860573e-02,
         8.79540631e-02,  3.23530592e-03, -3.59659880e-02,
         8.60310634e-02, -1.68591509e-02,  1.60821804e-02],
       [ 4.37641553e-01, -1.67256699e-01,  1.75949338e-01,
         9.05651072e-02, -6.49318895e-02,  1.06475304e-01,
         7.92743900e-02,  1.04331845e-01, -2.57778700e-01,
        -4.67186027e-02,  9.06560631e-03,  1.14463894e-01,
        -9.90824394e-02,  9.11465973e-02, -1.23050142e-02,
        -1.68591509e-02,  1.33795178e-01, -5.12187259e-02],
       [-5.75490238e-01,  1.57563151e-01, -1.23707809e-01,
        -1.82570742e-01,  7.99644268e-02, -7.16395164e-02,
        -2.92481664e-01,  5.56148547e-02,  5.89075748e-01,
        -1.81036999e-01, -6.27439419e-02, -4.73168722e-02,
         1.29308208e-01, -1.31263036e-02,  6.25108714e-02,
         1.60821804e-02, -5.12187259e-02,  1.58093428e-01]])
      jac: array([-1.81069974e-05, -3.92796906e-06,  6.72166027e-06,  4.14314879e-05,
        7.75250234e-06, -1.99638454e-05, -2.32832272e-06, -5.95264578e-07,
        6.79826566e-07, -1.05515596e-05, -3.51570625e-07,  2.18713936e-06,
       -4.75713913e-05, -4.85111951e-06,  2.35657790e-05,  3.55160346e-05,
        3.42318766e-06, -1.35574885e-05])
  message: 'Desired error not necessarily achieved due to precision loss.'
     nfev: 2668
      nit: 88
     njev: 140
   status: 2
  success: False
        x: array([ 0.82785195, -0.91405278,  0.74700759,  1.15948996, -0.94949521,
        0.31237268,  2.08596254, -0.76043682,  0.81059072,  0.06633007,
        0.64304487,  1.18794533,  0.04184295,  0.19544079, -0.32930523,
       -0.96135633, -0.32241554, -0.01753762])
