Program Begingeth
      fun: 0.28615940078656465
 hess_inv: array([[ 1.88267900e+00, -1.29725501e-01, -1.26786196e-01,
        -1.61047629e-01,  3.01517838e-01, -3.12783747e-01,
         3.91300828e-02,  1.38647280e+00, -2.01467216e+00,
         5.11748989e-01, -3.35469930e-01,  2.02250246e+00,
        -1.13873732e+00,  3.02588301e-01, -6.85221335e-01,
        -1.26926043e-01, -3.57022245e-02, -1.69766771e-01],
       [-1.29725501e-01,  2.35684405e+00, -3.09420596e-01,
        -3.19688578e-01, -2.63582154e-01, -3.02537887e-01,
        -1.51036562e+00,  1.25239129e-01,  2.79827012e-01,
         1.55102113e-01,  1.07774898e+00, -2.70384835e-01,
        -1.86800865e-01, -1.63122340e+00,  9.67522960e-02,
         9.48090148e-03, -2.27842163e-01,  3.17433490e-01],
       [-1.26786196e-01, -3.09420596e-01,  1.46641594e+00,
         2.19896786e-01,  2.58796463e-01, -1.02628208e-01,
         1.42891609e+00,  1.16199331e-01, -6.53966520e-02,
        -1.37390228e+00, -2.14956597e-01,  9.17982915e-02,
         5.14492009e-01,  3.84221978e-01, -8.77569424e-01,
         5.61899953e-02, -5.13171282e-02, -2.23482403e-01],
       [-1.61047629e-01, -3.19688578e-01,  2.19896786e-01,
         2.00309468e-01, -2.73670521e-02,  4.35156770e-03,
         5.33597451e-01, -6.63608915e-01, -1.29914714e-01,
        -2.73263727e-01,  1.90002104e-01, -7.63500047e-02,
         3.16090488e-01,  1.11547113e-01, -8.52472102e-02,
         4.09212711e-02,  6.11911165e-03, -3.39624308e-02],
       [ 3.01517838e-01, -2.63582154e-01,  2.58796463e-01,
        -2.73670521e-02,  2.30383337e-01, -8.63009212e-03,
         4.75420001e-01,  8.90960618e-01, -1.91082532e-01,
        -1.19483819e-01, -4.34923649e-01,  3.74587672e-01,
        -1.68925634e-01,  4.01521821e-01, -2.50918220e-01,
        -1.58367130e-02,  4.84415852e-02, -9.31364233e-02],
       [-3.12783747e-01, -3.02537887e-01, -1.02628208e-01,
         4.35156770e-03, -8.63009212e-03,  2.08715376e-01,
         4.13092955e-02, -6.73377170e-02,  7.96201990e-01,
         2.13823033e-02, -3.60685098e-01, -3.37499830e-01,
         1.43507186e-01,  2.39330749e-01,  2.79962938e-01,
         2.56222641e-02,  5.62773509e-02,  1.91418458e-02],
       [ 3.91300828e-02, -1.51036562e+00,  1.42891609e+00,
         5.33597451e-01,  4.75420001e-01,  4.13092955e-02,
         3.90632755e+00,  2.95948131e-01, -5.02646196e-01,
        -9.87590602e-01, -6.41567654e-01,  4.86095121e-01,
         4.84456518e-01,  1.30140465e+00, -8.44656515e-01,
         3.36312564e-02,  1.30467219e-01, -3.16666477e-01],
       [ 1.38647280e+00,  1.25239129e-01,  1.16199331e-01,
        -6.63608915e-01,  8.90960618e-01, -6.73377170e-02,
         2.95948131e-01,  6.57087184e+00, -6.02491533e-01,
         6.14682290e-01, -1.24320948e+00,  1.26599712e+00,
        -1.55401598e+00,  7.16161552e-01, -4.29187971e-01,
        -2.39037901e-01,  9.05054485e-02, -1.09586795e-01],
       [-2.01467216e+00,  2.79827012e-01, -6.53966520e-02,
        -1.29914714e-01, -1.91082532e-01,  7.96201990e-01,
        -5.02646196e-01, -6.02491533e-01,  5.95405780e+00,
        -5.95483650e-01, -1.08741121e+00, -1.74265593e+00,
         1.01070682e+00,  2.59299153e-02,  8.97906945e-01,
         2.05670893e-01,  6.83279680e-02,  1.55093799e-01],
       [ 5.11748989e-01,  1.55102113e-01, -1.37390228e+00,
        -2.73263727e-01, -1.19483819e-01,  2.13823033e-02,
        -9.87590602e-01,  6.14682290e-01, -5.95483650e-01,
         1.76551629e+00,  3.00720270e-02,  2.90645727e-01,
        -8.88033013e-01, -1.67909633e-01,  6.71867554e-01,
        -1.25108637e-01,  8.53828789e-02,  1.52518583e-01],
       [-3.35469930e-01,  1.07774898e+00, -2.14956597e-01,
         1.90002104e-01, -4.34923649e-01, -3.60685098e-01,
        -6.41567654e-01, -1.24320948e+00, -1.08741121e+00,
         3.00720270e-02,  3.00641528e+00, -5.75834604e-01,
         2.66050227e-01, -1.59490297e+00,  1.67564978e-01,
        -1.38038664e-01, -2.15306437e-01,  3.29609329e-01],
       [ 2.02250246e+00, -2.70384835e-01,  9.17982915e-02,
        -7.63500047e-02,  3.74587672e-01, -3.37499830e-01,
         4.86095121e-01,  1.26599712e+00, -1.74265593e+00,
         2.90645727e-01, -5.75834604e-01,  2.63537402e+00,
        -1.05873359e+00,  4.85613195e-01, -1.02658355e+00,
        -7.36097079e-02, -4.59379687e-02, -2.76782241e-01],
       [-1.13873732e+00, -1.86800865e-01,  5.14492009e-01,
         3.16090488e-01, -1.68925634e-01,  1.43507186e-01,
         4.84456518e-01, -1.55401598e+00,  1.01070682e+00,
        -8.88033013e-01,  2.66050227e-01, -1.05873359e+00,
         1.05955645e+00, -4.69855109e-02,  1.06127585e-01,
         1.64497796e-01, -6.19236759e-03,  1.80542769e-02],
       [ 3.02588301e-01, -1.63122340e+00,  3.84221978e-01,
         1.11547113e-01,  4.01521821e-01,  2.39330749e-01,
         1.30140465e+00,  7.16161552e-01,  2.59299153e-02,
        -1.67909633e-01, -1.59490297e+00,  4.85613195e-01,
        -4.69855109e-02,  1.52498303e+00, -2.43310344e-01,
         2.76565956e-02,  2.29428162e-01, -2.98042796e-01],
       [-6.85221335e-01,  9.67522960e-02, -8.77569424e-01,
        -8.52472102e-02, -2.50918220e-01,  2.79962938e-01,
        -8.44656515e-01, -4.29187971e-01,  8.97906945e-01,
         6.71867554e-01,  1.67564978e-01, -1.02658355e+00,
         1.06127585e-01, -2.43310344e-01,  9.78669014e-01,
        -2.25685724e-03,  7.02862587e-02,  2.51054321e-01],
       [-1.26926043e-01,  9.48090148e-03,  5.61899953e-02,
         4.09212711e-02, -1.58367130e-02,  2.56222641e-02,
         3.36312564e-02, -2.39037901e-01,  2.05670893e-01,
        -1.25108637e-01, -1.38038664e-01, -7.36097079e-02,
         1.64497796e-01,  2.76565956e-02, -2.25685724e-03,
         6.71493102e-02,  1.03977989e-03, -9.04846459e-03],
       [-3.57022245e-02, -2.27842163e-01, -5.13171282e-02,
         6.11911165e-03,  4.84415852e-02,  5.62773509e-02,
         1.30467219e-01,  9.05054485e-02,  6.83279680e-02,
         8.53828789e-02, -2.15306437e-01, -4.59379687e-02,
        -6.19236759e-03,  2.29428162e-01,  7.02862587e-02,
         1.03977989e-03,  7.02374844e-02, -1.71088553e-02],
       [-1.69766771e-01,  3.17433490e-01, -2.23482403e-01,
        -3.39624308e-02, -9.31364233e-02,  1.91418458e-02,
        -3.16666477e-01, -1.09586795e-01,  1.55093799e-01,
         1.52518583e-01,  3.29609329e-01, -2.76782241e-01,
         1.80542769e-02, -2.98042796e-01,  2.51054321e-01,
        -9.04846459e-03, -1.71088553e-02,  1.28339783e-01]])
      jac: array([-7.89331563e-06, -1.19178741e-05, -4.75841588e-06, -2.66335102e-05,
        1.52370709e-05,  1.10267351e-05,  1.00845258e-06, -1.81114383e-06,
       -3.61932706e-06, -2.35589326e-06,  5.77686047e-07, -8.52281209e-07,
       -3.71369602e-06, -1.45531735e-05, -1.08513198e-05,  1.86595184e-05,
        9.23039423e-06,  1.56097357e-05])
  message: 'Desired error not necessarily achieved due to precision loss.'
     nfev: 1664
      nit: 39
     njev: 87
   status: 2
  success: False
        x: array([ 0.55074134, -0.08769688,  0.46232649,  0.19730935, -1.27997332,
       -0.52264033,  1.2122184 , -1.73014766, -0.69529937, -0.81815479,
        0.05631936,  0.50557611,  0.11398793, -0.01901014, -0.24807075,
        0.06867625,  1.54545781, -0.586041  ])
