Program Begingeth
      fun: 0.2711444434368848
 hess_inv: array([[ 5.56167601e+00, -1.95337231e+00, -7.84993719e-01,
         1.46358103e+00, -7.04798952e-01,  9.58226195e-01,
         2.32718105e+00,  3.44675469e+00,  1.34573014e+00,
        -4.68489537e-01, -1.24090069e+00,  1.39501456e+00,
        -1.07468900e+00,  5.86497476e-01,  6.38266801e-01,
        -2.17139114e-01,  6.09798543e-01, -3.24953477e-01],
       [-1.95337231e+00,  3.61739531e+00,  2.31348196e+00,
        -6.78529173e-01,  1.22312177e+00,  3.66591873e-01,
        -6.09817289e+00, -1.28109629e+00,  4.65173183e+00,
         8.50862503e-03,  8.34507609e-01, -2.14808358e+00,
         6.07794592e-01, -6.10853287e-01, -4.61081640e-01,
         7.36833505e-02, -3.13213310e-01, -3.65260712e-02],
       [-7.84993719e-01,  2.31348196e+00,  5.62241667e+00,
        -1.20124640e+00,  7.34800774e-01,  1.71988851e+00,
        -1.28448892e+01, -6.37777307e+00,  7.68195835e+00,
         3.66113977e-01,  2.67147336e+00, -2.09142139e+00,
         2.18778909e-01, -5.79618162e-01, -1.01918060e+00,
         4.10859041e-01, -2.70227843e-01, -4.70034918e-01],
       [ 1.46358103e+00, -6.78529173e-01, -1.20124640e+00,
         6.46914833e-01, -2.57848374e-01, -1.05715867e-01,
         3.49966605e+00,  2.14949745e+00, -7.92206245e-01,
        -2.71258760e-01, -7.95854369e-01,  5.51094075e-01,
        -2.43680887e-01,  1.88885646e-01,  3.56095786e-01,
        -1.35247187e-01,  1.87683197e-01,  4.61400387e-02],
       [-7.04798952e-01,  1.22312177e+00,  7.34800774e-01,
        -2.57848374e-01,  5.38670904e-01,  1.45978307e-01,
        -2.92962772e+00,  3.82109306e-01,  1.28293951e+00,
         1.38701860e-01,  1.92672516e-01, -6.36709655e-01,
         2.49343330e-01, -1.43962181e-01, -1.07636163e-01,
         5.88945376e-02, -1.40799787e-01, -3.15122532e-03],
       [ 9.58226195e-01,  3.66591873e-01,  1.71988851e+00,
        -1.05715867e-01,  1.45978307e-01,  8.74408150e-01,
        -4.45618192e+00, -1.01358142e+00,  3.18853213e+00,
         1.93038425e-01,  5.24108383e-01, -3.61921517e-01,
        -1.89783091e-01, -4.99293937e-02, -1.55095212e-01,
         7.53193504e-02,  5.83790706e-03, -2.40105761e-01],
       [ 2.32718105e+00, -6.09817289e+00, -1.28448892e+01,
         3.49966605e+00, -2.92962772e+00, -4.45618192e+00,
         4.51023796e+01,  1.01368072e+01, -1.80736483e+01,
        -2.32258061e+00, -5.24966162e+00,  4.20660619e+00,
        -8.91554325e-01,  1.02012218e+00,  2.15950221e+00,
        -1.17585261e+00,  1.30814721e+00,  1.35536557e+00],
       [ 3.44675469e+00, -1.28109629e+00, -6.37777307e+00,
         2.14949745e+00,  3.82109306e-01, -1.01358142e+00,
         1.01368072e+01,  1.85978308e+01, -6.68718701e+00,
        -4.10319543e-02, -4.23872487e+00,  1.87892877e+00,
        -4.77421884e-01,  8.81381289e-01,  2.03865746e+00,
        -7.03613819e-01,  4.20483303e-01,  5.12578479e-01],
       [ 1.34573014e+00,  4.65173183e+00,  7.68195835e+00,
        -7.92206245e-01,  1.28293951e+00,  3.18853213e+00,
        -1.80736483e+01, -6.68718701e+00,  1.90688531e+01,
         4.81135070e-01,  3.05668111e+00, -3.34081642e+00,
        -3.89307202e-02, -1.20777924e+00, -1.21309152e+00,
         2.58118822e-01, -4.62291703e-01, -8.87991159e-01],
       [-4.68489537e-01,  8.50862503e-03,  3.66113977e-01,
        -2.71258760e-01,  1.38701860e-01,  1.93038425e-01,
        -2.32258061e+00, -4.10319543e-02,  4.81135070e-01,
         9.92938845e-01,  3.22620532e-01, -5.68195658e-02,
        -8.25756636e-02, -6.19669014e-02, -1.22493067e-01,
         6.97894009e-02, -1.76978652e-01, -1.99437493e-01],
       [-1.24090069e+00,  8.34507609e-01,  2.67147336e+00,
        -7.95854369e-01,  1.92672516e-01,  5.24108383e-01,
        -5.24966162e+00, -4.23872487e+00,  3.05668111e+00,
         3.22620532e-01,  2.13653783e+00, -1.09985036e+00,
         2.04261132e-01, -4.90697206e-01, -7.57399175e-01,
         2.69503158e-01, -2.16974598e-01, -2.90855768e-01],
       [ 1.39501456e+00, -2.14808358e+00, -2.09142139e+00,
         5.51094075e-01, -6.36709655e-01, -3.61921517e-01,
         4.20660619e+00,  1.87892877e+00, -3.34081642e+00,
        -5.68195658e-02, -1.09985036e+00,  1.81670233e+00,
        -3.42764078e-01,  5.50463041e-01,  3.97333468e-01,
        -4.82277485e-02,  2.47111948e-01,  8.92381811e-02],
       [-1.07468900e+00,  6.07794592e-01,  2.18778909e-01,
        -2.43680887e-01,  2.49343330e-01, -1.89783091e-01,
        -8.91554325e-01, -4.77421884e-01, -3.89307202e-02,
        -8.25756636e-02,  2.04261132e-01, -3.42764078e-01,
         3.55804984e-01, -1.30891375e-01, -1.17620241e-01,
         1.00966220e-01, -1.58057337e-01,  1.13757068e-01],
       [ 5.86497476e-01, -6.10853287e-01, -5.79618162e-01,
         1.88885646e-01, -1.43962181e-01, -4.99293937e-02,
         1.02012218e+00,  8.81381289e-01, -1.20777924e+00,
        -6.19669014e-02, -4.90697206e-01,  5.50463041e-01,
        -1.30891375e-01,  2.52162885e-01,  1.81278997e-01,
        -2.56232964e-02,  1.30568985e-01,  4.35649342e-02],
       [ 6.38266801e-01, -4.61081640e-01, -1.01918060e+00,
         3.56095786e-01, -1.07636163e-01, -1.55095212e-01,
         2.15950221e+00,  2.03865746e+00, -1.21309152e+00,
        -1.22493067e-01, -7.57399175e-01,  3.97333468e-01,
        -1.17620241e-01,  1.81278997e-01,  3.48521767e-01,
        -1.20719441e-01,  9.60298127e-02,  1.19423614e-01],
       [-2.17139114e-01,  7.36833505e-02,  4.10859041e-01,
        -1.35247187e-01,  5.88945376e-02,  7.53193504e-02,
        -1.17585261e+00, -7.03613819e-01,  2.58118822e-01,
         6.97894009e-02,  2.69503158e-01, -4.82277485e-02,
         1.00966220e-01, -2.56232964e-02, -1.20719441e-01,
         1.15675653e-01, -5.68944274e-02, -2.62128640e-02],
       [ 6.09798543e-01, -3.13213310e-01, -2.70227843e-01,
         1.87683197e-01, -1.40799787e-01,  5.83790706e-03,
         1.30814721e+00,  4.20483303e-01, -4.62291703e-01,
        -1.76978652e-01, -2.16974598e-01,  2.47111948e-01,
        -1.58057337e-01,  1.30568985e-01,  9.60298127e-02,
        -5.68944274e-02,  1.71202289e-01,  4.09648720e-03],
       [-3.24953477e-01, -3.65260712e-02, -4.70034918e-01,
         4.61400387e-02, -3.15122532e-03, -2.40105761e-01,
         1.35536557e+00,  5.12578479e-01, -8.87991159e-01,
        -1.99437493e-01, -2.90855768e-01,  8.92381811e-02,
         1.13757068e-01,  4.35649342e-02,  1.19423614e-01,
        -2.62128640e-02,  4.09648720e-03,  1.71567261e-01]])
      jac: array([ 5.18696197e-06,  2.70154269e-08,  2.59052039e-06, -1.15429888e-05,
        2.01653509e-06, -6.79752551e-06,  7.57172103e-07,  1.10652228e-07,
        1.17683641e-07,  2.15087207e-06,  6.20614671e-07,  1.59317004e-06,
        8.03616433e-06, -2.33146835e-08,  6.39932551e-06, -5.48228130e-06,
       -4.51009600e-06, -3.19300142e-06])
  message: 'Desired error not necessarily achieved due to precision loss.'
     nfev: 2194
      nit: 68
     njev: 115
   status: 2
  success: False
        x: array([ 0.6249866 , -0.65925663,  0.58938285,  1.10613568, -0.78409815,
        0.09508891,  0.75097827, -1.41337619, -0.58349265, -0.01153121,
        0.65271937,  1.07424015,  0.0410978 ,  0.16243795, -0.34835888,
       -1.08311394, -0.45995761, -0.00189072])
