Program Begingeth
      fun: 0.36079904019139203
 hess_inv: array([[ 2.57137084e+01,  9.41125773e+00,  1.38095299e+01,
         1.00979652e+01,  4.62717452e+00,  5.30371706e+00,
         2.08195839e+01, -1.05749745e+01, -2.91754290e+00,
        -8.84189702e-01,  2.69502239e-01,  1.21010339e+00,
        -2.54711969e+00, -9.57890927e-02, -3.77070695e-02,
        -8.91502118e-01, -2.04509994e+00,  7.11125437e-01],
       [ 9.41125773e+00,  6.03372685e+00,  4.90092629e+00,
         3.44040291e+00,  2.92782694e+00,  2.08424586e+00,
         6.86485865e+00, -1.89283229e+00,  4.14752062e-01,
        -6.04066066e-01,  2.22779490e-02,  5.57660880e-02,
        -1.07916280e+00, -4.76342530e-02,  2.18814525e-01,
        -3.39780235e-01, -8.11013205e-01,  3.16005699e-01],
       [ 1.38095299e+01,  4.90092629e+00,  1.07723022e+01,
         5.65986570e+00,  2.13760161e+00,  4.34710726e+00,
         1.41260236e+01, -7.76249809e+00, -1.12004795e-01,
        -6.76676639e-01,  4.19190561e-01,  5.21289007e-01,
        -1.21332848e+00, -2.68917532e-01,  7.55445534e-02,
        -3.68713828e-01, -1.12109497e+00,  4.90526163e-01],
       [ 1.00979652e+01,  3.44040291e+00,  5.65986570e+00,
         4.06317390e+00,  1.67668214e+00,  2.17644627e+00,
         8.79050745e+00, -4.42903367e+00, -1.26749109e+00,
        -3.27111180e-01,  1.03526727e-01,  5.30034675e-01,
        -9.32130796e-01, -2.13777185e-02, -2.19162653e-02,
        -3.22017171e-01, -7.59477488e-01,  2.81740096e-01],
       [ 4.62717452e+00,  2.92782694e+00,  2.13760161e+00,
         1.67668214e+00,  1.48411508e+00,  9.10110446e-01,
         3.13248330e+00, -5.12199857e-01,  4.76125662e-02,
        -3.18215405e-01, -3.14682457e-02,  9.39910241e-02,
        -5.40294217e-01,  1.96942066e-02,  9.99530248e-02,
        -1.90525709e-01, -3.94474013e-01,  1.50647537e-01],
       [ 5.30371706e+00,  2.08424586e+00,  4.34710726e+00,
         2.17644627e+00,  9.10110446e-01,  1.82584547e+00,
         5.61216778e+00, -2.81778721e+00,  3.62069373e-01,
        -3.70619616e-01,  8.28918530e-02,  1.71124590e-01,
        -4.40964818e-01, -9.80608479e-02,  8.35525140e-02,
        -1.25643707e-01, -4.38117032e-01,  2.00288449e-01],
       [ 2.08195839e+01,  6.86485865e+00,  1.41260236e+01,
         8.79050745e+00,  3.13248330e+00,  5.61216778e+00,
         2.25799227e+01, -1.07937885e+01, -1.93982115e+00,
        -6.44799904e-01,  1.54270957e-01,  1.07096017e+00,
        -1.74717533e+00, -7.94675752e-02,  8.79562766e-02,
        -5.68287442e-01, -1.47216388e+00,  6.90132529e-01],
       [-1.05749745e+01, -1.89283229e+00, -7.76249809e+00,
        -4.42903367e+00, -5.12199857e-01, -2.81778721e+00,
        -1.07937885e+01,  1.00284877e+01,  1.45834441e+00,
        -1.97491729e-01, -4.58889184e-01, -4.91194846e-01,
         1.00308599e+00,  2.71047305e-01,  2.30652526e-01,
         2.97454360e-01,  8.14263230e-01, -3.03760345e-01],
       [-2.91754290e+00,  4.14752062e-01, -1.12004795e-01,
        -1.26749109e+00,  4.76125662e-02,  3.62069373e-01,
        -1.93982115e+00,  1.45834441e+00,  3.90528664e+00,
        -4.12257374e-01, -3.68397967e-02, -3.72301126e-01,
         2.69498193e-01, -1.81385939e-01,  1.59916227e-01,
         1.37723732e-01,  6.04068451e-02, -8.68619316e-02],
       [-8.84189702e-01, -6.04066066e-01, -6.76676639e-01,
        -3.27111180e-01, -3.18215405e-01, -3.70619616e-01,
        -6.44799904e-01, -1.97491729e-01, -4.12257374e-01,
         7.93972415e-01, -1.03883989e-01,  4.14004511e-02,
        -7.16654600e-02,  6.20435153e-02,  2.30660050e-02,
         1.98204083e-02,  1.26251040e-01,  1.27419629e-01],
       [ 2.69502239e-01,  2.22779490e-02,  4.19190561e-01,
         1.03526727e-01, -3.14682457e-02,  8.28918530e-02,
         1.54270957e-01, -4.58889184e-01, -3.68397967e-02,
        -1.03883989e-01,  6.49757285e-01, -3.70207202e-02,
        -1.37201257e-02, -1.92035878e-01, -1.62057565e-01,
        -2.01095831e-02, -5.40641568e-02, -1.18084033e-01],
       [ 1.21010339e+00,  5.57660880e-02,  5.21289007e-01,
         5.30034675e-01,  9.39910241e-02,  1.71124590e-01,
         1.07096017e+00, -4.91194846e-01, -3.72301126e-01,
         4.14004511e-02, -3.70207202e-02,  4.36858548e-01,
        -1.24931309e-01,  8.30682554e-02, -8.71432760e-02,
        -9.20350561e-02, -3.85014158e-02,  4.15241040e-02],
       [-2.54711969e+00, -1.07916280e+00, -1.21332848e+00,
        -9.32130796e-01, -5.40294217e-01, -4.40964818e-01,
        -1.74717533e+00,  1.00308599e+00,  2.69498193e-01,
        -7.16654600e-02, -1.37201257e-02, -1.24931309e-01,
         3.70982752e-01,  9.51711996e-03,  4.40950823e-04,
         1.43913084e-01,  2.30447815e-01, -1.06327465e-01],
       [-9.57890927e-02, -4.76342530e-02, -2.68917532e-01,
        -2.13777185e-02,  1.96942066e-02, -9.80608479e-02,
        -7.94675752e-02,  2.71047305e-01, -1.81385939e-01,
         6.20435153e-02, -1.92035878e-01,  8.30682554e-02,
         9.51711996e-03,  1.09823127e-01,  3.50611042e-02,
        -3.09130898e-03,  6.32634363e-02,  3.79940302e-02],
       [-3.77070695e-02,  2.18814525e-01,  7.55445534e-02,
        -2.19162653e-02,  9.99530248e-02,  8.35525140e-02,
         8.79562766e-02,  2.30652526e-01,  1.59916227e-01,
         2.30660050e-02, -1.62057565e-01, -8.71432760e-02,
         4.40950823e-04,  3.50611042e-02,  1.12246366e-01,
         2.50350270e-02,  7.08039760e-03,  7.21401620e-02],
       [-8.91502118e-01, -3.39780235e-01, -3.68713828e-01,
        -3.22017171e-01, -1.90525709e-01, -1.25643707e-01,
        -5.68287442e-01,  2.97454360e-01,  1.37723732e-01,
         1.98204083e-02, -2.01095831e-02, -9.20350561e-02,
         1.43913084e-01, -3.09130898e-03,  2.50350270e-02,
         8.75858857e-02,  8.41696507e-02, -2.09496031e-02],
       [-2.04509994e+00, -8.11013205e-01, -1.12109497e+00,
        -7.59477488e-01, -3.94474013e-01, -4.38117032e-01,
        -1.47216388e+00,  8.14263230e-01,  6.04068451e-02,
         1.26251040e-01, -5.40641568e-02, -3.85014158e-02,
         2.30447815e-01,  6.32634363e-02,  7.08039760e-03,
         8.41696507e-02,  2.29395829e-01, -4.03968396e-02],
       [ 7.11125437e-01,  3.16005699e-01,  4.90526163e-01,
         2.81740096e-01,  1.50647537e-01,  2.00288449e-01,
         6.90132529e-01, -3.03760345e-01, -8.68619316e-02,
         1.27419629e-01, -1.18084033e-01,  4.15241040e-02,
        -1.06327465e-01,  3.79940302e-02,  7.21401620e-02,
        -2.09496031e-02, -4.03968396e-02,  1.14222530e-01]])
      jac: array([-1.29588932e-05,  1.01071003e-05, -1.62196182e-05,  3.68453416e-05,
       -1.10951988e-05,  5.57269046e-05, -5.55814654e-06,  2.10350256e-06,
       -7.38557364e-06,  7.95548812e-06, -1.81558472e-06,  7.16834000e-07,
        2.50910404e-06, -1.77731903e-05,  1.88652797e-05, -1.45442917e-05,
        1.05349063e-05, -4.03669690e-05])
  message: 'Desired error not necessarily achieved due to precision loss.'
     nfev: 2368
      nit: 70
     njev: 124
   status: 2
  success: False
        x: array([-0.9205977 , -1.51756515, -0.18343704, -1.26819689, -1.33724591,
       -0.17801334, -1.98697371, -1.47098933, -1.09913611,  0.12559069,
        0.35543349,  1.19923997,  0.11387698,  0.03078114, -0.29346099,
        1.34258377, -0.62773221, -0.00503897])
