Program Begingeth
      fun: 0.2099888535152445
 hess_inv: array([[ 2.76019060e+00,  2.88402221e-01,  1.98041998e+00,
        -7.13110541e-01,  9.73118753e-03,  3.61352602e-01,
        -1.45227862e+00,  4.89991440e-01,  1.29251445e+00,
         1.96558011e+00,  7.09649354e-01, -1.14573187e+00,
        -2.39739369e+00, -3.30731870e-01, -1.40124130e-01,
        -3.10830336e-01, -4.49690417e-02,  2.22852853e-01],
       [ 2.88402221e-01,  3.57983067e+00,  7.21279509e-01,
        -4.25551227e-01,  1.55707541e-01,  3.92140511e-01,
         1.00352986e+00,  1.46003730e+00,  1.27807245e+00,
         1.91916226e-01,  3.17736566e-01,  1.81217798e-02,
        -4.51336781e-01, -1.39975882e+00,  3.96864552e-02,
         2.76840792e-01,  1.31742123e-01,  6.11828254e-02],
       [ 1.98041998e+00,  7.21279509e-01,  6.51379823e+00,
        -1.40063283e+00, -3.81016491e-02, -9.54186636e-02,
        -2.63050355e+00,  3.04623954e+00, -1.05324653e+00,
         3.12441217e+00,  1.24774660e+00,  4.20244238e-01,
        -3.22860590e+00, -6.84866274e-01, -2.55837377e+00,
        -7.36229585e-01,  1.82082483e-01,  3.53479849e-01],
       [-7.13110541e-01, -4.25551227e-01, -1.40063283e+00,
         5.20993016e-01, -5.47558737e-02, -8.15494467e-02,
         1.00616895e+00, -1.01008201e+00, -4.17437980e-01,
        -7.96504327e-01,  2.38009645e-02,  3.06154218e-01,
         1.01652429e+00,  1.55784391e-01,  4.03001885e-01,
         1.43752275e-01, -4.07327002e-02, -7.95442040e-02],
       [ 9.73118753e-03,  1.55707541e-01, -3.81016491e-02,
        -5.47558737e-02,  1.54923383e-01,  2.10651326e-02,
         2.30581086e-01,  7.65029775e-01,  1.77295223e-01,
        -4.28951638e-02, -1.13568091e-01, -1.32106343e-01,
        -5.58221793e-02,  8.60797052e-02,  8.56298863e-02,
         1.15747073e-02,  3.52423175e-02,  4.46698971e-02],
       [ 3.61352602e-01,  3.92140511e-01, -9.54186636e-02,
        -8.15494467e-02,  2.10651326e-02,  1.79007959e-01,
         5.00588238e-02,  3.63622139e-02,  7.76569697e-01,
         5.50930565e-02,  5.05599969e-03, -2.65055032e-01,
        -2.25900670e-01, -1.67849838e-01,  2.36554449e-01,
         2.69776826e-02, -3.22340560e-02,  2.00963831e-02],
       [-1.45227862e+00,  1.00352986e+00, -2.63050355e+00,
         1.00616895e+00,  2.30581086e-01,  5.00588238e-02,
         4.84180326e+00,  5.25092962e-02, -1.94132680e-01,
        -1.48289758e+00,  5.97824987e-01,  3.67663571e-01,
         1.81037897e+00, -2.88616600e-01,  1.04483280e+00,
         3.09047369e-01,  4.18601174e-02, -3.53936708e-02],
       [ 4.89991440e-01,  1.46003730e+00,  3.04623954e+00,
        -1.01008201e+00,  7.65029775e-01,  3.63622139e-02,
         5.25092962e-02,  6.72645765e+00,  2.13355255e-01,
         1.16197877e+00,  2.49682263e-01, -4.42031797e-01,
        -1.68422321e+00, -1.84780350e-01, -9.17761253e-01,
        -3.20137820e-01,  2.38537095e-01,  3.11231778e-01],
       [ 1.29251445e+00,  1.27807245e+00, -1.05324653e+00,
        -4.17437980e-01,  1.77295223e-01,  7.76569697e-01,
        -1.94132680e-01,  2.13355255e-01,  4.96414650e+00,
         7.48749766e-02, -9.73474648e-01, -1.11014375e+00,
        -7.97692111e-01, -2.27782525e-01,  1.10875292e+00,
         2.13346903e-01, -1.01154681e-01, -1.01950480e-02],
       [ 1.96558011e+00,  1.91916226e-01,  3.12441217e+00,
        -7.96504327e-01, -4.28951638e-02,  5.50930565e-02,
        -1.48289758e+00,  1.16197877e+00,  7.48749766e-02,
         2.39126092e+00,  8.45502529e-01, -4.10264291e-01,
        -2.32664078e+00, -3.27558243e-01, -1.02499661e+00,
        -4.30420842e-01,  8.18398302e-02,  1.82594944e-01],
       [ 7.09649354e-01,  3.17736566e-01,  1.24774660e+00,
         2.38009645e-02, -1.13568091e-01,  5.05599969e-03,
         5.97824987e-01,  2.49682263e-01, -9.73474648e-01,
         8.45502529e-01,  2.35318885e+00, -2.54433239e-01,
        -7.81873150e-01, -7.51120566e-01, -3.07798125e-01,
        -4.02995373e-01,  3.64591119e-02,  1.16431672e-01],
       [-1.14573187e+00,  1.81217798e-02,  4.20244238e-01,
         3.06154218e-01, -1.32106343e-01, -2.65055032e-01,
         3.67663571e-01, -4.42031797e-01, -1.11014375e+00,
        -4.10264291e-01, -2.54433239e-01,  1.84596684e+00,
         9.76022379e-01, -2.01618961e-02, -8.03506256e-01,
         1.92204345e-01,  4.41981057e-02, -5.30607055e-02],
       [-2.39739369e+00, -4.51336781e-01, -3.22860590e+00,
         1.01652429e+00, -5.58221793e-02, -2.25900670e-01,
         1.81037897e+00, -1.68422321e+00, -7.97692111e-01,
        -2.32664078e+00, -7.81873150e-01,  9.76022379e-01,
         2.72714420e+00,  3.80818832e-01,  7.79480705e-01,
         4.87685460e-01, -5.03751451e-02, -2.42559812e-01],
       [-3.30731870e-01, -1.39975882e+00, -6.84866274e-01,
         1.55784391e-01,  8.60797052e-02, -1.67849838e-01,
        -2.88616600e-01, -1.84780350e-01, -2.27782525e-01,
        -3.27558243e-01, -7.51120566e-01, -2.01618961e-02,
         3.80818832e-01,  8.33492452e-01,  1.25993240e-01,
        -9.31739710e-04, -9.55949798e-03, -1.75757118e-02],
       [-1.40124130e-01,  3.96864552e-02, -2.55837377e+00,
         4.03001885e-01,  8.56298863e-02,  2.36554449e-01,
         1.04483280e+00, -9.17761253e-01,  1.10875292e+00,
        -1.02499661e+00, -3.07798125e-01, -8.03506256e-01,
         7.79480705e-01,  1.25993240e-01,  1.34505031e+00,
         2.39379356e-01, -1.00227993e-01, -6.97327999e-02],
       [-3.10830336e-01,  2.76840792e-01, -7.36229585e-01,
         1.43752275e-01,  1.15747073e-02,  2.69776826e-02,
         3.09047369e-01, -3.20137820e-01,  2.13346903e-01,
        -4.30420842e-01, -4.02995373e-01,  1.92204345e-01,
         4.87685460e-01, -9.31739710e-04,  2.39379356e-01,
         2.03594418e-01, -1.14913434e-02, -4.86835147e-02],
       [-4.49690417e-02,  1.31742123e-01,  1.82082483e-01,
        -4.07327002e-02,  3.52423175e-02, -3.22340560e-02,
         4.18601174e-02,  2.38537095e-01, -1.01154681e-01,
         8.18398302e-02,  3.64591119e-02,  4.41981057e-02,
        -5.03751451e-02, -9.55949798e-03, -1.00227993e-01,
        -1.14913434e-02,  4.97999166e-02,  1.41696765e-02],
       [ 2.22852853e-01,  6.11828254e-02,  3.53479849e-01,
        -7.95442040e-02,  4.46698971e-02,  2.00963831e-02,
        -3.53936708e-02,  3.11231778e-01, -1.01950480e-02,
         1.82594944e-01,  1.16431672e-01, -5.30607055e-02,
        -2.42559812e-01, -1.75757118e-02, -6.97327999e-02,
        -4.86835147e-02,  1.41696765e-02,  6.26939281e-02]])
      jac: array([ 1.05693232e-06, -3.10677410e-07, -1.69790108e-06,  2.10535293e-06,
        4.12780921e-06,  1.36853492e-06,  7.19794594e-08,  1.28600834e-07,
       -1.24548520e-06, -3.20743432e-06, -7.27196081e-07,  2.49652151e-06,
       -6.03184169e-06, -1.67273602e-07, -8.54686692e-07, -3.63246470e-06,
        8.54686692e-07, -7.57708711e-06])
  message: 'Optimization terminated successfully.'
     nfev: 1615
      nit: 72
     njev: 85
   status: 0
  success: True
        x: array([ 0.63498957,  0.06358321,  0.01897914,  0.22244075, -1.05663484,
       -0.33427034,  1.04604788, -1.73242968, -0.3986365 , -0.90123219,
        0.14517915,  0.29160309,  0.1519347 , -0.09996448,  0.24335396,
        0.09447524,  1.23745949, -0.42392114])
