Program Begingeth
      fun: 0.317151767625747
 hess_inv: array([[ 5.20019937e+00,  6.98009159e-01, -8.75194407e-01,
         1.71791003e+00,  4.59871440e-01, -1.40768145e+00,
         5.01687375e-01, -1.27052622e+00, -5.60388135e+00,
        -1.03781533e-01,  8.62133335e-01, -9.64124046e-02,
        -7.01788894e-01, -2.55197141e-01, -4.68504161e-01,
        -3.04696939e-01, -4.48251814e-01,  2.20919999e-01],
       [ 6.98009159e-01,  4.18930683e+00,  2.15947903e+00,
         3.79148295e-01,  1.75659887e+00,  7.72041480e-01,
         5.94131860e+00,  2.37609424e-01,  5.34628781e+00,
         2.91489794e-01,  6.04508093e-01, -1.16055014e+00,
        -4.61883239e-01, -3.06270446e-01, -2.48111750e-01,
        -1.08550777e-01, -2.23679199e-01, -2.07843080e-02],
       [-8.75194407e-01,  2.15947903e+00,  3.27665435e+00,
         1.34145846e-01,  7.72287127e-01,  1.53086546e+00,
         5.41952609e+00, -1.88223095e+00,  6.06081270e+00,
         9.15668263e-02,  8.75347449e-01, -7.75858141e-01,
         7.26550579e-02, -1.67094544e-01, -2.20350642e-01,
        -6.08297926e-02,  3.68960965e-02, -1.90690083e-01],
       [ 1.71791003e+00,  3.79148295e-01,  1.34145846e-01,
         6.82763134e-01,  2.14462602e-01, -2.81436077e-01,
         1.24908685e+00, -7.94683077e-01, -1.33547617e+00,
        -6.29238301e-02,  4.28093998e-01, -4.31513612e-02,
        -1.94743581e-01, -8.13315402e-02, -2.17009056e-01,
        -1.13016602e-01, -1.35607173e-01,  2.30233636e-02],
       [ 4.59871440e-01,  1.75659887e+00,  7.72287127e-01,
         2.14462602e-01,  8.46347183e-01,  2.62219406e-01,
         3.04007300e+00,  8.06272469e-01,  1.79443991e+00,
         2.43300573e-02,  1.81765262e-01, -3.98701370e-01,
        -2.53384949e-01, -8.18149851e-02, -9.04747827e-02,
        -8.69110889e-02, -1.35093815e-01,  2.14227598e-03],
       [-1.40768145e+00,  7.72041480e-01,  1.53086546e+00,
        -2.81436077e-01,  2.62219406e-01,  9.81309021e-01,
         2.49506103e+00, -2.59904065e-01,  3.97171663e+00,
        -4.55686726e-02,  9.33691026e-02, -2.81782757e-01,
         1.90265731e-01, -1.27650009e-02,  4.21033044e-02,
         5.50346574e-02,  7.13651186e-02, -1.19883071e-01],
       [ 5.01687375e-01,  5.94131860e+00,  5.41952609e+00,
         1.24908685e+00,  3.04007300e+00,  2.49506103e+00,
         2.09170210e+01,  1.29214156e+00,  1.05127681e+01,
        -5.35185222e-01,  1.15360033e+00, -1.13418146e+00,
        -5.53735743e-01, -2.46219401e-01, -5.19289467e-01,
        -3.97328617e-01, -6.43711949e-01, -3.97482883e-01],
       [-1.27052622e+00,  2.37609424e-01, -1.88223095e+00,
        -7.94683077e-01,  8.06272469e-01, -2.59904065e-01,
         1.29214156e+00,  9.10641504e+00, -7.33712320e-01,
        -4.44213254e-01, -1.46328694e+00,  2.26241484e-01,
        -1.74503420e-01,  3.05657157e-01,  6.45828762e-01,
         1.09093115e-01, -1.44372846e-01,  1.65240730e-01],
       [-5.60388135e+00,  5.34628781e+00,  6.06081270e+00,
        -1.33547617e+00,  1.79443991e+00,  3.97171663e+00,
         1.05127681e+01, -7.33712320e-01,  2.07393161e+01,
         1.01259694e-01,  5.66195177e-01, -1.77013934e+00,
         4.90825426e-01, -4.94004756e-01,  9.10441840e-02,
         3.01895607e-01,  5.00236570e-02, -4.38323911e-01],
       [-1.03781533e-01,  2.91489794e-01,  9.15668263e-02,
        -6.29238301e-02,  2.43300573e-02, -4.55686726e-02,
        -5.35185222e-01, -4.44213254e-01,  1.01259694e-01,
         6.91835059e-01, -3.06779533e-02, -1.17382976e-01,
        -1.20740162e-01,  9.37406227e-03,  3.50974222e-02,
         1.73193479e-02,  9.71991848e-02,  1.43312900e-01],
       [ 8.62133335e-01,  6.04508093e-01,  8.75347449e-01,
         4.28093998e-01,  1.81765262e-01,  9.33691026e-02,
         1.15360033e+00, -1.46328694e+00,  5.66195177e-01,
        -3.06779533e-02,  1.07616465e+00, -3.04201648e-01,
        -8.68844416e-02, -2.41326744e-01, -3.32440880e-01,
        -1.10807953e-01, -4.82971167e-02, -1.33877643e-01],
       [-9.64124046e-02, -1.16055014e+00, -7.75858141e-01,
        -4.31513612e-02, -3.98701370e-01, -2.81782757e-01,
        -1.13418146e+00,  2.26241484e-01, -1.77013934e+00,
        -1.17382976e-01, -3.04201648e-01,  6.75059746e-01,
         7.65831629e-02,  1.92530898e-01,  2.45372651e-02,
        -3.62202425e-02,  7.92386719e-02,  1.39140454e-02],
       [-7.01788894e-01, -4.61883239e-01,  7.26550579e-02,
        -1.94743581e-01, -2.53384949e-01,  1.90265731e-01,
        -5.53735743e-01, -1.74503420e-01,  4.90825426e-01,
        -1.20740162e-01, -8.68844416e-02,  7.65831629e-02,
         2.34499121e-01,  4.56100196e-02,  5.38050412e-02,
         9.90269462e-02,  1.04302365e-01, -7.48911311e-02],
       [-2.55197141e-01, -3.06270446e-01, -1.67094544e-01,
        -8.13315402e-02, -8.18149851e-02, -1.27650009e-02,
        -2.46219401e-01,  3.05657157e-01, -4.94004756e-01,
         9.37406227e-03, -2.41326744e-01,  1.92530898e-01,
         4.56100196e-02,  1.37579190e-01,  6.07061569e-02,
         4.63344496e-03,  8.10390322e-02,  2.01583819e-02],
       [-4.68504161e-01, -2.48111750e-01, -2.20350642e-01,
        -2.17009056e-01, -9.04747827e-02,  4.21033044e-02,
        -5.19289467e-01,  6.45828762e-01,  9.10441840e-02,
         3.50974222e-02, -3.32440880e-01,  2.45372651e-02,
         5.38050412e-02,  6.07061569e-02,  1.67640889e-01,
         6.53875615e-02,  2.41868790e-02,  6.46042834e-02],
       [-3.04696939e-01, -1.08550777e-01, -6.08297926e-02,
        -1.13016602e-01, -8.69110889e-02,  5.50346574e-02,
        -3.97328617e-01,  1.09093115e-01,  3.01895607e-01,
         1.73193479e-02, -1.10807953e-01, -3.62202425e-02,
         9.90269462e-02,  4.63344496e-03,  6.53875615e-02,
         8.94128999e-02,  3.95754985e-02, -1.08321197e-03],
       [-4.48251814e-01, -2.23679199e-01,  3.68960965e-02,
        -1.35607173e-01, -1.35093815e-01,  7.13651186e-02,
        -6.43711949e-01, -1.44372846e-01,  5.00236570e-02,
         9.71991848e-02, -4.82971167e-02,  7.92386719e-02,
         1.04302365e-01,  8.10390322e-02,  2.41868790e-02,
         3.95754985e-02,  1.43236102e-01, -1.33485490e-02],
       [ 2.20919999e-01, -2.07843080e-02, -1.90690083e-01,
         2.30233636e-02,  2.14227598e-03, -1.19883071e-01,
        -3.97482883e-01,  1.65240730e-01, -4.38323911e-01,
         1.43312900e-01, -1.33877643e-01,  1.39140454e-02,
        -7.48911311e-02,  2.01583819e-02,  6.46042834e-02,
        -1.08321197e-03, -1.33485490e-02,  1.10724286e-01]])
      jac: array([-8.03035416e-05, -3.67835392e-05,  5.54845059e-05,  1.81232807e-04,
        1.12393058e-04, -1.31409698e-04, -1.50527738e-05, -8.41734090e-06,
        9.66264106e-06, -2.58870703e-05, -2.82222394e-05,  1.54132263e-05,
       -7.70269034e-05, -7.86148924e-05,  6.63787544e-05,  5.79373586e-05,
        5.01591361e-05, -1.58661972e-05])
  message: 'Desired error not necessarily achieved due to precision loss.'
     nfev: 2064
      nit: 65
     njev: 108
   status: 2
  success: False
        x: array([-0.73833347, -1.08975767,  0.58548274, -1.02735665, -1.1414471 ,
        0.15292146, -0.59381189, -1.89964246, -0.43300577,  0.09259727,
        0.56154656,  1.17109247,  0.11842018,  0.08553486, -0.33609226,
        1.23223696, -0.51119701, -0.0228756 ])
