Program Begingeth
      fun: 0.1805940028382083
 hess_inv: array([[ 1.30633460e+00, -2.92217309e-01,  2.69882811e-01,
        -2.64562205e-01, -5.69997730e-03,  2.01637683e-01,
        -1.07409294e+00, -3.33879929e-01,  9.15825260e-01,
         8.51219869e-01,  2.61826588e-01, -9.37083389e-01,
        -1.02659660e+00,  2.32595310e-02,  2.72185939e-01,
        -1.57160849e-01, -7.82434198e-02,  5.62880825e-02],
       [-2.92217309e-01,  2.96972348e+00,  4.24347020e-02,
        -3.31134429e-01,  3.02156539e-01,  3.31603946e-01,
         1.56302864e+00,  2.03105427e+00,  1.33147931e+00,
        -2.69159949e-01, -2.44658482e-01,  1.86627870e-01,
         2.94543140e-02, -9.34948920e-01,  1.83076897e-01,
         3.95394864e-01,  1.07032086e-01,  8.32577877e-03],
       [ 2.69882811e-01,  4.24347020e-02,  2.43441663e+00,
        -6.74772910e-01,  1.21339452e-01, -1.83960800e-01,
        -9.82984734e-01,  2.37999305e+00, -1.03957623e+00,
         1.46821158e+00,  4.75228022e-01, -3.54233800e-02,
        -1.32243633e+00, -7.04792197e-02, -1.01785615e+00,
        -4.06884880e-01,  1.27680206e-01,  1.29957062e-01],
       [-2.64562205e-01, -3.31134429e-01, -6.74772910e-01,
         4.32894323e-01, -1.36011224e-01, -4.26793900e-02,
         7.03944974e-01, -1.25148662e+00, -3.75594234e-01,
        -5.04448497e-01,  2.23368196e-01,  4.17353118e-01,
         6.61082564e-01,  1.36663838e-02,  1.45637582e-01,
         8.64088279e-02, -3.31185026e-02, -3.43714376e-02],
       [-5.69997730e-03,  3.02156539e-01,  1.21339452e-01,
        -1.36011224e-01,  2.15160366e-01,  2.59511685e-02,
         3.19223647e-01,  1.32027488e+00,  2.08491895e-01,
         3.04322252e-02, -7.22542196e-02, -2.29985237e-01,
        -1.68563475e-01,  4.70315864e-02,  5.33727270e-02,
        -1.14225977e-02,  4.65692198e-02,  5.87197527e-02],
       [ 2.01637683e-01,  3.31603946e-01, -1.83960800e-01,
        -4.26793900e-02,  2.59511685e-02,  1.60082339e-01,
         1.11654466e-01, -2.07387889e-02,  7.61789385e-01,
        -6.39736853e-02, -5.36742175e-02, -1.80580409e-01,
        -8.38958918e-02, -1.26425971e-01,  2.24646425e-01,
         4.95603332e-02, -3.97830063e-02,  3.78631894e-03],
       [-1.07409294e+00,  1.56302864e+00, -9.82984734e-01,
         7.03944974e-01,  3.19223647e-01,  1.11654466e-01,
         5.15976933e+00,  1.54472938e+00, -1.85106156e-01,
        -1.09283002e+00,  8.54333145e-01,  6.16304717e-01,
         1.19005429e+00, -5.51016073e-01,  4.54455938e-01,
         2.24951289e-01,  9.69337360e-02,  8.87758383e-02],
       [-3.33879929e-01,  2.03105427e+00,  2.37999305e+00,
        -1.25148662e+00,  1.32027488e+00, -2.07387889e-02,
         1.54472938e+00,  1.05807685e+01,  1.64042736e-01,
         1.03074963e+00,  1.26392988e-01, -1.21165644e+00,
        -1.67021334e+00, -3.82773861e-02, -5.12481754e-01,
        -3.37774201e-01,  3.31384396e-01,  3.34374761e-01],
       [ 9.15825260e-01,  1.33147931e+00, -1.03957623e+00,
        -3.75594234e-01,  2.08491895e-01,  7.61789385e-01,
        -1.85106156e-01,  1.64042736e-01,  5.16506171e+00,
        -1.49438612e-01, -1.16907001e+00, -7.28661031e-01,
        -4.77116058e-01, -1.93464404e-01,  9.74262287e-01,
         3.20487112e-01, -1.34422938e-01, -2.77358161e-02],
       [ 8.51219869e-01, -2.69159949e-01,  1.46821158e+00,
        -5.04448497e-01,  3.04322252e-02, -6.39736853e-02,
        -1.09283002e+00,  1.03074963e+00, -1.49438612e-01,
         1.68407809e+00,  4.30864621e-01, -5.20239371e-01,
        -1.37144797e+00,  2.98876829e-02, -5.03995886e-01,
        -3.18660219e-01,  7.35833574e-02,  5.65893902e-02],
       [ 2.61826588e-01, -2.44658482e-01,  4.75228022e-01,
         2.23368196e-01, -7.22542196e-02, -5.36742175e-02,
         8.54333145e-01,  1.26392988e-01, -1.16907001e+00,
         4.30864621e-01,  2.05128574e+00, -2.44189442e-01,
        -2.90952008e-01, -4.01706661e-01, -8.58640688e-02,
        -3.54605804e-01,  4.21683035e-02,  4.50804791e-02],
       [-9.37083389e-01,  1.86627870e-01, -3.54233800e-02,
         4.17353118e-01, -2.29985237e-01, -1.80580409e-01,
         6.16304717e-01, -1.21165644e+00, -7.28661031e-01,
        -5.20239371e-01, -2.44189442e-01,  1.99917097e+00,
         1.08621398e+00, -1.37996763e-01, -5.91805589e-01,
         3.01746405e-01,  4.16456414e-02, -5.31437772e-02],
       [-1.02659660e+00,  2.94543140e-02, -1.32243633e+00,
         6.61082564e-01, -1.68563475e-01, -8.38958918e-02,
         1.19005429e+00, -1.67021334e+00, -4.77116058e-01,
        -1.37144797e+00, -2.90952008e-01,  1.08621398e+00,
         1.54602572e+00, -2.27205874e-02,  1.87549763e-01,
         3.48990668e-01, -2.88906685e-02, -9.69126756e-02],
       [ 2.32595310e-02, -9.34948920e-01, -7.04792197e-02,
         1.36663838e-02,  4.70315864e-02, -1.26425971e-01,
        -5.51016073e-01, -3.82773861e-02, -1.93464404e-01,
         2.98876829e-02, -4.01706661e-01, -1.37996763e-01,
        -2.27205874e-02,  5.28239710e-01, -3.01220728e-02,
        -7.96952985e-02,  6.21419105e-03,  2.99930186e-02],
       [ 2.72185939e-01,  1.83076897e-01, -1.01785615e+00,
         1.45637582e-01,  5.33727270e-02,  2.24646425e-01,
         4.54455938e-01, -5.12481754e-01,  9.74262287e-01,
        -5.03995886e-01, -8.58640688e-02, -5.91805589e-01,
         1.87549763e-01, -3.01220728e-02,  7.04442425e-01,
         1.07599194e-01, -8.42032253e-02, -4.00305517e-03],
       [-1.57160849e-01,  3.95394864e-01, -4.06884880e-01,
         8.64088279e-02, -1.14225977e-02,  4.95603332e-02,
         2.24951289e-01, -3.37774201e-01,  3.20487112e-01,
        -3.18660219e-01, -3.54605804e-01,  3.01746405e-01,
         3.48990668e-01, -7.96952985e-02,  1.07599194e-01,
         2.03070853e-01, -8.54219225e-03, -3.00553166e-02],
       [-7.82434198e-02,  1.07032086e-01,  1.27680206e-01,
        -3.31185026e-02,  4.65692198e-02, -3.97830063e-02,
         9.69337360e-02,  3.31384396e-01, -1.34422938e-01,
         7.35833574e-02,  4.21683035e-02,  4.16456414e-02,
        -2.88906685e-02,  6.21419105e-03, -8.42032253e-02,
        -8.54219225e-03,  5.19379609e-02,  1.09173145e-02],
       [ 5.62880825e-02,  8.32577877e-03,  1.29957062e-01,
        -3.43714376e-02,  5.87197527e-02,  3.78631894e-03,
         8.87758383e-02,  3.34374761e-01, -2.77358161e-02,
         5.65893902e-02,  4.50804791e-02, -5.31437772e-02,
        -9.69126756e-02,  2.99930186e-02, -4.00305517e-03,
        -3.00553166e-02,  1.09173145e-02,  4.67764524e-02]])
      jac: array([ 1.04793211e-04, -4.80574839e-05, -1.56320882e-04, -3.35683703e-04,
       -6.04610806e-05,  4.46706376e-04,  2.41764016e-05,  2.12674323e-05,
       -5.97708919e-05,  3.03485015e-05, -1.68724294e-05,  2.52083539e-05,
        1.81542189e-04, -7.18231030e-05, -1.62187671e-04, -1.79828004e-04,
        2.89016033e-04,  6.47363644e-05])
  message: 'Desired error not necessarily achieved due to precision loss.'
     nfev: 2006
      nit: 61
     njev: 105
   status: 2
  success: False
        x: array([ 0.69669761,  0.05480998,  0.05172683,  0.21257822, -1.01916914,
       -0.2609678 ,  1.01152804, -1.66709052, -0.31407768, -0.89239872,
        0.1575245 ,  0.25452089,  0.11242572, -0.09257356,  0.30781858,
        0.08781926,  1.20095486, -0.35040856])
