Program Begingeth
      fun: 0.2826759469550553
 hess_inv: array([[ 3.83290428e+00,  1.43822769e-01,  1.06266491e+00,
         1.92007817e+00, -1.44916816e-01, -1.07845874e-01,
         2.43087661e+00, -1.03007726e+00, -4.22962387e+00,
         6.49727405e-01,  5.00128151e-01, -6.19098247e-01,
         1.12404202e-01, -1.83539428e-01, -8.74807342e-02,
         1.48966647e-01,  8.95864485e-02,  5.80941465e-02],
       [ 1.43822769e-01,  1.77303559e+00, -1.91441858e-01,
         1.15647829e-01,  8.80013748e-01, -2.03259649e-01,
         1.39298297e-01,  9.81538329e-01,  1.27395926e+00,
         5.46182319e-01,  5.07489056e-01, -7.79795529e-02,
        -1.61899045e-01, -1.06735458e-02, -1.91050377e-01,
        -1.26836397e-01,  5.81888910e-02,  6.50463029e-03],
       [ 1.06266491e+00, -1.91441858e-01,  1.50995524e+00,
         6.38667989e-01, -1.90021986e-01,  5.75910484e-01,
         1.32694555e+00, -1.82568358e+00, -1.41243619e+00,
         3.23639409e-01, -8.65035028e-02,  5.60765609e-02,
         4.34072535e-02,  1.29835133e-01,  8.03176410e-02,
         1.17163451e-02,  1.31382781e-01,  7.83340716e-02],
       [ 1.92007817e+00,  1.15647829e-01,  6.38667989e-01,
         9.90988585e-01, -5.48761769e-02, -2.34536050e-03,
         1.37119283e+00, -6.60847073e-01, -2.05063258e+00,
         3.41516854e-01,  2.68229815e-01, -2.70790250e-01,
         6.91014962e-02, -7.02904402e-02, -5.24573565e-02,
         7.26940147e-02,  6.80429047e-02,  2.57594321e-02],
       [-1.44916816e-01,  8.80013748e-01, -1.90021986e-01,
        -5.48761769e-02,  4.94703426e-01, -1.32274066e-01,
         2.39506462e-01,  9.59236937e-01,  8.99752072e-01,
         2.26727362e-01,  2.96494839e-01, -1.89948926e-02,
        -1.29510906e-01, -1.02555756e-02, -1.04637817e-01,
        -9.86087480e-02,  1.33610582e-03,  9.58049857e-03],
       [-1.07845874e-01, -2.03259649e-01,  5.75910484e-01,
        -2.34536050e-03, -1.32274066e-01,  3.46617540e-01,
        -1.09182579e-02, -9.66427499e-01,  6.06977981e-02,
        -3.61707033e-02, -2.20357282e-01,  1.51684578e-01,
         5.67736558e-02,  1.19408604e-01,  7.67496625e-02,
         6.23473149e-03,  7.07091379e-02,  1.56802992e-02],
       [ 2.43087661e+00,  1.39298297e-01,  1.32694555e+00,
         1.37119283e+00,  2.39506462e-01, -1.09182579e-02,
         6.35936917e+00,  1.29211202e+00, -2.92551753e+00,
         6.71135833e-01,  9.58824135e-01, -3.45137879e-01,
        -3.35477872e-01, -2.39814189e-01, -1.39407546e-01,
        -1.50522173e-01, -1.70680496e-01,  2.13089482e-01],
       [-1.03007726e+00,  9.81538329e-01, -1.82568358e+00,
        -6.60847073e-01,  9.59236937e-01, -9.66427499e-01,
         1.29211202e+00,  6.61935485e+00,  2.31339584e+00,
        -1.35987795e-02,  9.35206511e-01, -5.64334532e-01,
        -4.69889688e-01, -3.39243338e-01, -2.12488238e-01,
        -2.16887881e-01, -3.14100615e-01,  3.20161863e-02],
       [-4.22962387e+00,  1.27395926e+00, -1.41243619e+00,
        -2.05063258e+00,  8.99752072e-01,  6.06977981e-02,
        -2.92551753e+00,  2.31339584e+00,  7.67596346e+00,
        -6.12513857e-01,  1.75778240e-01,  5.29548467e-01,
        -1.33019032e-01,  2.00421341e-01, -9.25659312e-02,
        -2.64628805e-01,  4.62621330e-02, -1.41978682e-01],
       [ 6.49727405e-01,  5.46182319e-01,  3.23639409e-01,
         3.41516854e-01,  2.26727362e-01, -3.61707033e-02,
         6.71135833e-01, -1.35987795e-02, -6.12513857e-01,
         9.90076212e-01,  1.55785444e-01, -8.00543845e-02,
        -2.25459606e-01, -3.58970750e-04,  5.69346115e-02,
        -4.67391531e-02,  4.92840430e-02,  2.35299699e-01],
       [ 5.00128151e-01,  5.07489056e-01, -8.65035028e-02,
         2.68229815e-01,  2.96494839e-01, -2.20357282e-01,
         9.58824135e-01,  9.35206511e-01,  1.75778240e-01,
         1.55785444e-01,  8.27768375e-01, -2.32301334e-01,
        -8.51227538e-02, -1.67279383e-01, -1.91430643e-01,
        -6.47821853e-02, -6.73371090e-03, -6.88149795e-02],
       [-6.19098247e-01, -7.79795529e-02,  5.60765609e-02,
        -2.70790250e-01, -1.89948926e-02,  1.51684578e-01,
        -3.45137879e-01, -5.64334532e-01,  5.29548467e-01,
        -8.00543845e-02, -2.32301334e-01,  4.48981753e-01,
        -1.60556082e-02,  1.33740653e-01,  7.94450170e-03,
        -6.38895624e-02,  4.46133680e-02,  2.14037289e-02],
       [ 1.12404202e-01, -1.61899045e-01,  4.34072535e-02,
         6.91014962e-02, -1.29510906e-01,  5.67736558e-02,
        -3.35477872e-01, -4.69889688e-01, -1.33019032e-01,
        -2.25459606e-01, -8.51227538e-02, -1.60556082e-02,
         1.53588247e-01,  1.96506314e-02, -4.99227959e-03,
         8.37794998e-02,  4.20504379e-02, -7.84243152e-02],
       [-1.83539428e-01, -1.06735458e-02,  1.29835133e-01,
        -7.02904402e-02, -1.02555756e-02,  1.19408604e-01,
        -2.39814189e-01, -3.39243338e-01,  2.00421341e-01,
        -3.58970750e-04, -1.67279383e-01,  1.33740653e-01,
         1.96506314e-02,  1.00771809e-01,  3.23818791e-02,
        -4.53826677e-03,  6.42695142e-02,  1.64507991e-02],
       [-8.74807342e-02, -1.91050377e-01,  8.03176410e-02,
        -5.24573565e-02, -1.04637817e-01,  7.67496625e-02,
        -1.39407546e-01, -2.12488238e-01, -9.25659312e-02,
         5.69346115e-02, -1.91430643e-01,  7.94450170e-03,
        -4.99227959e-03,  3.23818791e-02,  9.92594071e-02,
         1.99540053e-02, -1.99412359e-03,  7.09910069e-02],
       [ 1.48966647e-01, -1.26836397e-01,  1.17163451e-02,
         7.26940147e-02, -9.86087480e-02,  6.23473149e-03,
        -1.50522173e-01, -2.16887881e-01, -2.64628805e-01,
        -4.67391531e-02, -6.47821853e-02, -6.38895624e-02,
         8.37794998e-02, -4.53826677e-03,  1.99540053e-02,
         7.69240145e-02,  1.49662999e-02, -1.93189160e-02],
       [ 8.95864485e-02,  5.81888910e-02,  1.31382781e-01,
         6.80429047e-02,  1.33610582e-03,  7.07091379e-02,
        -1.70680496e-01, -3.14100615e-01,  4.62621330e-02,
         4.92840430e-02, -6.73371090e-03,  4.46133680e-02,
         4.20504379e-02,  6.42695142e-02, -1.99412359e-03,
         1.49662999e-02,  9.05130897e-02, -5.93159952e-03],
       [ 5.80941465e-02,  6.50463029e-03,  7.83340716e-02,
         2.57594321e-02,  9.58049857e-03,  1.56802992e-02,
         2.13089482e-01,  3.20161863e-02, -1.41978682e-01,
         2.35299699e-01, -6.88149795e-02,  2.14037289e-02,
        -7.84243152e-02,  1.64507991e-02,  7.09910069e-02,
        -1.93189160e-02, -5.93159952e-03,  1.17007516e-01]])
      jac: array([ 6.30310619e-06,  2.57497727e-06,  1.20429592e-05, -1.73823918e-05,
       -6.02629058e-06, -2.37831976e-05,  4.94789395e-07,  1.08949886e-06,
        1.56060350e-06,  3.47906888e-06,  2.06871557e-07,  3.98385029e-06,
        2.55177361e-05,  1.47289588e-06,  1.41409107e-05, -1.64575760e-05,
       -9.67004254e-07, -4.39833355e-06])
  message: 'Desired error not necessarily achieved due to precision loss.'
     nfev: 1912
      nit: 58
     njev: 100
   status: 2
  success: False
        x: array([-1.50987447, -1.24479316,  0.7205321 , -1.2851938 , -1.33368501,
        0.3890997 , -0.45684509, -1.85049696,  1.15357034,  0.00934537,
        0.47694775,  1.25441056,  0.1005657 ,  0.20656796, -0.27572904,
        1.2077218 , -0.14534987, -0.01085599])
