Program Begingeth
      fun: 0.2472086360769359
 hess_inv: array([[ 7.17254874e+00,  1.83266846e+00, -1.20011234e+00,
         1.46150509e+00,  9.02545997e-01, -1.00635437e+00,
         4.09859093e-01,  4.44881215e-01, -3.31177809e+00,
        -6.84305872e-01, -2.34451039e-01, -5.30394643e-01,
        -1.52784384e+00, -3.68381637e-01,  1.24155672e-02,
        -1.57052576e-01, -7.42067822e-01,  2.35676437e-01],
       [ 1.83266846e+00,  3.69299518e+00, -1.00893750e+00,
        -2.67533346e-02,  1.24042504e+00, -4.48532783e-01,
        -1.99039828e+00,  2.88876311e+00, -9.22768026e-02,
         9.14767911e-02, -8.43100689e-01, -1.30458567e+00,
        -5.63827496e-01, -4.89209284e-01,  3.57658124e-01,
         1.63834973e-01, -2.48067671e-01,  1.26882676e-01],
       [-1.20011234e+00, -1.00893750e+00,  1.04730674e+01,
         1.16735339e+00, -5.84545216e-01,  3.40912658e+00,
         1.36196285e+01, -4.35387402e+00,  5.30314691e+00,
         4.25804628e-01,  3.51150534e+00, -1.58222176e+00,
         5.34250918e-01, -3.10846792e-01, -1.04522164e+00,
        -1.55602642e-01,  4.65806481e-01, -9.55386092e-02],
       [ 1.46150509e+00, -2.67533346e-02,  1.16735339e+00,
         5.94203417e-01,  5.26804451e-02,  2.70067026e-01,
         2.68823204e+00, -6.00537386e-01, -2.38711744e-01,
        -1.51002197e-01,  3.87822535e-01, -1.65729373e-01,
        -2.15681040e-01, -3.39059263e-02, -1.35282098e-01,
        -6.55958699e-02, -7.37850195e-02,  3.85018371e-02],
       [ 9.02545997e-01,  1.24042504e+00, -5.84545216e-01,
         5.26804451e-02,  4.81148173e-01, -2.25918867e-01,
        -6.39360295e-01,  1.36205844e+00, -3.13208399e-01,
        -8.81780760e-02, -3.74788395e-01, -3.44249106e-01,
        -2.36412969e-01, -1.25748209e-01,  1.54321742e-01,
         3.63548130e-02, -1.09058891e-01,  5.42547322e-02],
       [-1.00635437e+00, -4.48532783e-01,  3.40912658e+00,
         2.70067026e-01, -2.25918867e-01,  1.23573291e+00,
         4.63473132e+00, -1.11627446e+00,  2.15270057e+00,
         5.23383278e-02,  1.00126706e+00, -4.22673931e-01,
         3.41848992e-01, -3.74864909e-02, -2.76991674e-01,
        -2.87261423e-02,  2.06701729e-01, -4.66698858e-02],
       [ 4.09859093e-01, -1.99039828e+00,  1.36196285e+01,
         2.68823204e+00, -6.39360295e-01,  4.63473132e+00,
         2.53475671e+01, -5.16106066e+00,  5.12918506e+00,
         1.73388524e-01,  3.67541100e+00, -1.30024744e+00,
         5.09308686e-01,  1.34502353e-01, -1.07570792e+00,
        -3.34453835e-01,  5.75726119e-01,  5.39494297e-02],
       [ 4.44881215e-01,  2.88876311e+00, -4.35387402e+00,
        -6.00537386e-01,  1.36205844e+00, -1.11627446e+00,
        -5.16106066e+00,  7.82853075e+00, -1.19315140e+00,
        -8.49002949e-01, -1.91926733e+00, -2.35537065e-01,
        -8.58394117e-02, -1.17466535e-01,  8.73727147e-01,
         2.31207009e-01, -2.27155037e-01,  5.65903767e-02],
       [-3.31177809e+00, -9.22768026e-02,  5.30314691e+00,
        -2.38711744e-01, -3.13208399e-01,  2.15270057e+00,
         5.12918506e+00, -1.19315140e+00,  6.49600864e+00,
         1.60602837e-01,  1.62238376e+00, -8.51148986e-01,
         7.87885940e-01, -3.05708342e-01, -4.62455377e-01,
         4.39781368e-02,  3.49654114e-01, -1.98567813e-01],
       [-6.84305872e-01,  9.14767911e-02,  4.25804628e-01,
        -1.51002197e-01, -8.81780760e-02,  5.23383278e-02,
         1.73388524e-01, -8.49002949e-01,  1.60602837e-01,
         1.34734056e+00, -4.38638349e-02, -8.85482699e-02,
        -1.58984755e-01,  3.54590936e-02,  2.92091679e-02,
         1.65889534e-02,  1.33823276e-01,  1.98413411e-01],
       [-2.34451039e-01, -8.43100689e-01,  3.51150534e+00,
         3.87822535e-01, -3.74788395e-01,  1.00126706e+00,
         3.67541100e+00, -1.91926733e+00,  1.62238376e+00,
        -4.38638349e-02,  1.97279993e+00, -4.67682617e-01,
         1.76397288e-01, -2.37817567e-01, -5.90173642e-01,
        -9.72300389e-02,  1.22155828e-01, -1.71590222e-01],
       [-5.30394643e-01, -1.30458567e+00, -1.58222176e+00,
        -1.65729373e-01, -3.44249106e-01, -4.22673931e-01,
        -1.30024744e+00, -2.35537065e-01, -8.51148986e-01,
        -8.85482699e-02, -4.67682617e-01,  1.15928287e+00,
         1.10143938e-01,  3.57105357e-01,  4.15767781e-02,
        -8.10708308e-02,  5.53852738e-02,  4.22447155e-04],
       [-1.52784384e+00, -5.63827496e-01,  5.34250918e-01,
        -2.15681040e-01, -2.36412969e-01,  3.41848992e-01,
         5.09308686e-01, -8.58394117e-02,  7.87885940e-01,
        -1.58984755e-01,  1.76397288e-01,  1.10143938e-01,
         4.60821590e-01,  9.03380119e-02, -4.04074909e-02,
         5.44422753e-02,  1.74769085e-01, -1.10447566e-01],
       [-3.68381637e-01, -4.89209284e-01, -3.10846792e-01,
        -3.39059263e-02, -1.25748209e-01, -3.74864909e-02,
         1.34502353e-01, -1.17466535e-01, -3.05708342e-01,
         3.54590936e-02, -2.37817567e-01,  3.57105357e-01,
         9.03380119e-02,  1.91530405e-01,  5.05868689e-02,
        -1.93308435e-02,  7.41029132e-02,  2.40594511e-02],
       [ 1.24155672e-02,  3.57658124e-01, -1.04522164e+00,
        -1.35282098e-01,  1.54321742e-01, -2.76991674e-01,
        -1.07570792e+00,  8.73727147e-01, -4.62455377e-01,
         2.92091679e-02, -5.90173642e-01,  4.15767781e-02,
        -4.04074909e-02,  5.05868689e-02,  2.31202774e-01,
         4.71101248e-02, -3.48391111e-02,  6.96984217e-02],
       [-1.57052576e-01,  1.63834973e-01, -1.55602642e-01,
        -6.55958699e-02,  3.63548130e-02, -2.87261423e-02,
        -3.34453835e-01,  2.31207009e-01,  4.39781368e-02,
         1.65889534e-02, -9.72300389e-02, -8.10708308e-02,
         5.44422753e-02, -1.93308435e-02,  4.71101248e-02,
         5.31966021e-02,  9.11258705e-03, -5.25091315e-03],
       [-7.42067822e-01, -2.48067671e-01,  4.65806481e-01,
        -7.37850195e-02, -1.09058891e-01,  2.06701729e-01,
         5.75726119e-01, -2.27155037e-01,  3.49654114e-01,
         1.33823276e-01,  1.22155828e-01,  5.53852738e-02,
         1.74769085e-01,  7.41029132e-02, -3.48391111e-02,
         9.11258705e-03,  1.29022833e-01, -1.51528602e-02],
       [ 2.35676437e-01,  1.26882676e-01, -9.55386092e-02,
         3.85018371e-02,  5.42547322e-02, -4.66698858e-02,
         5.39494297e-02,  5.65903767e-02, -1.98567813e-01,
         1.98413411e-01, -1.71590222e-01,  4.22447155e-04,
        -1.10447566e-01,  2.40594511e-02,  6.96984217e-02,
        -5.25091315e-03, -1.51528602e-02,  8.85801500e-02]])
      jac: array([ 2.83273405e-05, -2.07459975e-05, -5.12053363e-06, -4.78556084e-05,
        2.35271062e-05,  4.98847260e-05,  1.47419114e-06,  7.10690766e-06,
       -7.44478553e-06,  9.80956057e-06, -4.68033020e-06, -9.82362340e-07,
        7.26955533e-06, -1.19992904e-05, -1.58040248e-05,  1.26730108e-05,
        2.24755399e-05, -2.86233999e-06])
  message: 'Desired error not necessarily achieved due to precision loss.'
     nfev: 2405
      nit: 76
     njev: 126
   status: 2
  success: False
        x: array([-0.61393426, -0.62934335,  0.19292353, -1.25834171, -0.75154659,
       -0.02967628, -1.56135459, -1.03112422, -0.96545027,  0.1592858 ,
        0.50159436,  1.03766745,  0.06571892,  0.23552846, -0.24714143,
        1.42342134, -0.22760614,  0.03589367])
