Program Begingeth
      fun: 0.2886558467574095
 hess_inv: array([[ 1.52634200e+00, -6.58506263e-02, -1.32780984e-01,
        -1.64623753e-01,  2.68925724e-01, -3.11349109e-01,
        -1.19140630e-01,  1.30432648e+00, -1.97777869e+00,
         4.02042989e-01, -1.24986237e-01,  1.62771410e+00,
        -9.74073061e-01,  2.00611837e-01, -5.87252459e-01,
        -1.47514336e-01, -4.24611478e-02, -1.54055851e-01],
       [-6.58506263e-02,  1.86969593e+00, -1.94670373e-01,
        -2.81465194e-01, -2.04525802e-01, -2.68801455e-01,
        -1.12095493e+00,  1.73021124e-01,  3.69207134e-01,
         1.06441839e-01,  7.70017360e-01, -1.08934574e-01,
        -1.91643472e-01, -1.29842750e+00, -7.86107365e-05,
         1.01626512e-02, -2.12563032e-01,  2.56976701e-01],
       [-1.32780984e-01, -1.94670373e-01,  1.24972333e+00,
         1.95621708e-01,  2.34414830e-01, -1.18413058e-01,
         1.27514414e+00,  1.37067748e-01, -1.43360321e-01,
        -1.17343502e+00, -9.48952617e-02, -3.71113182e-02,
         4.56217737e-01,  2.90578132e-01, -7.55882468e-01,
         5.13412204e-02, -4.43361812e-02, -2.03986706e-01],
       [-1.64623753e-01, -2.81465194e-01,  1.95621708e-01,
         2.25666692e-01, -4.02326419e-02,  8.78586911e-03,
         5.49185944e-01, -7.67756089e-01, -4.46055211e-02,
        -2.69816686e-01,  1.56026788e-01, -7.97872966e-02,
         3.54777963e-01,  9.65170741e-02, -7.83967315e-02,
         6.06503667e-02,  3.94982475e-03, -3.74316346e-02],
       [ 2.68925724e-01, -2.04525802e-01,  2.34414830e-01,
        -4.02326419e-02,  2.35999238e-01, -2.13015345e-02,
         4.27711097e-01,  9.29751566e-01, -2.71904221e-01,
        -1.07327381e-01, -3.36957781e-01,  3.08473637e-01,
        -1.76871561e-01,  3.62408722e-01, -2.30618121e-01,
        -2.91318339e-02,  5.33873986e-02, -8.89164849e-02],
       [-3.11349109e-01, -2.68801455e-01, -1.18413058e-01,
         8.78586911e-03, -2.13015345e-02,  2.34107930e-01,
         3.67158793e-02, -1.26633542e-01,  8.93938799e-01,
         3.87023240e-02, -3.50249880e-01, -3.34671574e-01,
         1.49338781e-01,  2.18572077e-01,  3.15209245e-01,
         3.37677234e-02,  6.24355687e-02,  3.40758884e-02],
       [-1.19140630e-01, -1.12095493e+00,  1.27514414e+00,
         5.49185944e-01,  4.27711097e-01,  3.67158793e-02,
         3.69562790e+00,  2.43041795e-02, -2.33364191e-01,
        -9.61930809e-01, -4.79551164e-01,  2.82525002e-01,
         5.91785019e-01,  1.07094938e+00, -7.38111022e-01,
         6.08728074e-02,  1.19994843e-01, -2.87364947e-01],
       [ 1.30432648e+00,  1.73021124e-01,  1.37067748e-01,
        -7.67756089e-01,  9.29751566e-01, -1.26633542e-01,
         2.43041795e-02,  6.94287108e+00, -1.07289009e+00,
         5.85821877e-01, -8.56584717e-01,  1.05939873e+00,
        -1.66331961e+00,  6.21776967e-01, -4.10214453e-01,
        -3.33952125e-01,  8.66679395e-02, -9.26607711e-02],
       [-1.97777869e+00,  3.69207134e-01, -1.43360321e-01,
        -4.46055211e-02, -2.71904221e-01,  8.93938799e-01,
        -2.33364191e-01, -1.07289009e+00,  6.61267083e+00,
        -5.18699018e-01, -1.03792070e+00, -1.64542331e+00,
         1.09278077e+00, -6.66561480e-02,  1.00220691e+00,
         2.75374355e-01,  7.42526006e-02,  2.06782499e-01],
       [ 4.02042989e-01,  1.06441839e-01, -1.17343502e+00,
        -2.69816686e-01, -1.07327381e-01,  3.87023240e-02,
        -9.61930809e-01,  5.85821877e-01, -5.18699018e-01,
         1.51056652e+00, -2.42124579e-02,  2.93138084e-01,
        -7.90546118e-01, -1.29005839e-01,  5.96392531e-01,
        -1.31961623e-01,  7.63079434e-02,  1.48805450e-01],
       [-1.24986237e-01,  7.70017360e-01, -9.48952617e-02,
         1.56026788e-01, -3.36957781e-01, -3.50249880e-01,
        -4.79551164e-01, -8.56584717e-01, -1.03792070e+00,
        -2.42124579e-02,  2.28878472e+00, -2.84567733e-01,
         1.64461958e-01, -1.24269540e+00,  5.71419392e-03,
        -1.12892662e-01, -2.15868230e-01,  2.53227426e-01],
       [ 1.62771410e+00, -1.08934574e-01, -3.71113182e-02,
        -7.97872966e-02,  3.08473637e-01, -3.34671574e-01,
         2.82525002e-01,  1.05939873e+00, -1.64542331e+00,
         2.93138084e-01, -2.84567733e-01,  2.17852880e+00,
        -8.99485574e-01,  2.99744026e-01, -8.55017328e-01,
        -9.39269857e-02, -5.54727343e-02, -2.45374437e-01],
       [-9.74073061e-01, -1.91643472e-01,  4.56217737e-01,
         3.54777963e-01, -1.76871561e-01,  1.49338781e-01,
         5.91785019e-01, -1.66331961e+00,  1.09278077e+00,
        -7.90546118e-01,  1.64461958e-01, -8.99485574e-01,
         1.02592813e+00, -2.09057199e-02,  8.89172409e-02,
         1.99901427e-01, -2.60498026e-03,  7.51003812e-03],
       [ 2.00611837e-01, -1.29842750e+00,  2.90578132e-01,
         9.65170741e-02,  3.62408722e-01,  2.18572077e-01,
         1.07094938e+00,  6.21776967e-01, -6.66561480e-02,
        -1.29005839e-01, -1.24269540e+00,  2.99744026e-01,
        -2.09057199e-02,  1.28326051e+00, -1.46680248e-01,
         1.56209901e-02,  2.34605112e-01, -2.52810509e-01],
       [-5.87252459e-01, -7.86107365e-05, -7.55882468e-01,
        -7.83967315e-02, -2.30618121e-01,  3.15209245e-01,
        -7.38111022e-01, -4.10214453e-01,  1.00220691e+00,
         5.96392531e-01,  5.71419392e-03, -8.55017328e-01,
         8.89172409e-02, -1.46680248e-01,  9.17823037e-01,
         8.80812442e-03,  7.59603787e-02,  2.49728936e-01],
       [-1.47514336e-01,  1.01626512e-02,  5.13412204e-02,
         6.06503667e-02, -2.91318339e-02,  3.37677234e-02,
         6.08728074e-02, -3.33952125e-01,  2.75374355e-01,
        -1.31961623e-01, -1.12892662e-01, -9.39269857e-02,
         1.99901427e-01,  1.56209901e-02,  8.80812442e-03,
         7.82322412e-02,  1.60955685e-03, -7.76092998e-03],
       [-4.24611478e-02, -2.12563032e-01, -4.43361812e-02,
         3.94982475e-03,  5.33873986e-02,  6.24355687e-02,
         1.19994843e-01,  8.66679395e-02,  7.42526006e-02,
         7.63079434e-02, -2.15868230e-01, -5.54727343e-02,
        -2.60498026e-03,  2.34605112e-01,  7.59603787e-02,
         1.60955685e-03,  7.90792592e-02, -1.54619064e-02],
       [-1.54055851e-01,  2.56976701e-01, -2.03986706e-01,
        -3.74316346e-02, -8.89164849e-02,  3.40758884e-02,
        -2.87364947e-01, -9.26607711e-02,  2.06782499e-01,
         1.48805450e-01,  2.53227426e-01, -2.45374437e-01,
         7.51003812e-03, -2.52810509e-01,  2.49728936e-01,
        -7.76092998e-03, -1.54619064e-02,  1.31433160e-01]])
      jac: array([ 3.63820085e-06,  7.48031267e-06,  1.22938696e-06, -1.18656936e-05,
       -1.28134540e-05,  7.78858459e-06,  9.17784367e-07,  6.07662069e-07,
       -4.39648318e-07,  1.87405647e-06,  4.38760139e-06,  1.94844141e-06,
        9.94389756e-06,  1.40080540e-05,  2.44027021e-06, -5.47117907e-06,
       -6.41412849e-06, -9.00723940e-06])
  message: 'Desired error not necessarily achieved due to precision loss.'
     nfev: 1342
      nit: 36
     njev: 70
   status: 2
  success: False
        x: array([ 0.58588571, -0.0879794 ,  0.47864279,  0.20323862, -1.23889704,
       -0.5660162 ,  1.23533018, -1.70140428, -0.753927  , -0.86039843,
        0.04536408,  0.53985143,  0.11479802, -0.00500268, -0.30283906,
        0.07113388,  1.50750784, -0.63163029])
