Program Begingeth
      fun: 0.26871116650374316
 hess_inv: array([[ 3.68153598e+00,  2.82779924e-01,  1.05694412e+00,
         1.86333986e+00, -1.70647991e-02, -5.96824958e-02,
         3.12809460e+00, -3.47032971e-01, -3.71061833e+00,
         6.51531836e-01,  3.88727697e-01, -4.75256584e-01,
         5.47324524e-02, -1.89186926e-01, -6.39621846e-02,
         1.31851765e-01,  1.35719143e-02,  1.09464847e-01],
       [ 2.82779924e-01,  1.61536155e+00, -1.55915183e-01,
         1.95534082e-01,  7.98480728e-01, -2.03206891e-01,
         4.26613775e-01,  8.43728054e-01,  1.00416895e+00,
         5.15160016e-01,  4.87547329e-01, -6.67145120e-02,
        -1.37571498e-01, -2.11027665e-03, -2.03211673e-01,
        -1.06571374e-01,  6.65352511e-02, -1.23934009e-02],
       [ 1.05694412e+00, -1.55915183e-01,  1.63886256e+00,
         6.42369050e-01, -1.44410245e-01,  6.27311530e-01,
         1.77745937e+00, -1.75284697e+00, -1.50427006e+00,
         3.53880350e-01, -1.20373232e-01,  1.54052382e-01,
        -1.01601285e-03,  1.37115666e-01,  9.64072617e-02,
        -2.55148009e-03,  9.48264675e-02,  1.26142597e-01],
       [ 1.86333986e+00,  1.95534082e-01,  6.42369050e-01,
         9.69959122e-01,  1.63690252e-02,  1.86182386e-02,
         1.76124581e+00, -3.05649165e-01, -1.80812166e+00,
         3.53652556e-01,  2.22748152e-01, -2.04488975e-01,
         3.31357834e-02, -7.52011072e-02, -4.09162036e-02,
         6.24222746e-02,  2.70820061e-02,  5.60866264e-02],
       [-1.70647991e-02,  7.98480728e-01, -1.44410245e-01,
         1.63690252e-02,  4.49133702e-01, -1.31027548e-01,
         4.61610251e-01,  8.92555712e-01,  7.30770830e-01,
         2.21028408e-01,  3.02713402e-01, -4.77387857e-02,
        -1.15884176e-01, -8.61068398e-03, -1.10101881e-01,
        -8.46439401e-02,  1.22797414e-02,  1.00964827e-03],
       [-5.96824958e-02, -2.03206891e-01,  6.27311530e-01,
         1.86182386e-02, -1.31027548e-01,  3.53355118e-01,
         3.27051412e-02, -1.05801299e+00, -1.17456014e-01,
        -5.35436887e-03, -2.05948014e-01,  1.74831091e-01,
         4.53634676e-02,  1.19896560e-01,  8.00120313e-02,
         3.24043458e-03,  6.57495024e-02,  3.19986820e-02],
       [ 3.12809460e+00,  4.26613775e-01,  1.77745937e+00,
         1.76124581e+00,  4.61610251e-01,  3.27051412e-02,
         9.22559177e+00,  2.41099705e+00, -3.12934935e+00,
         8.19526536e-01,  1.09364452e+00, -5.07491137e-01,
        -4.97105074e-01, -3.11014659e-01, -1.38237286e-01,
        -1.80751066e-01, -2.67450428e-01,  3.41319625e-01],
       [-3.47032971e-01,  8.43728054e-01, -1.75284697e+00,
        -3.05649165e-01,  8.92555712e-01, -1.05801299e+00,
         2.41099705e+00,  7.40840568e+00,  1.97321810e+00,
        -9.03163862e-03,  1.07169888e+00, -9.83006807e-01,
        -4.41397418e-01, -4.11354915e-01, -2.27385747e-01,
        -1.58138284e-01, -2.88217163e-01,  1.20390379e-02],
       [-3.71061833e+00,  1.00416895e+00, -1.50427006e+00,
        -1.80812166e+00,  7.30770830e-01, -1.17456014e-01,
        -3.12934935e+00,  1.97321810e+00,  6.95536471e+00,
        -5.53083433e-01,  5.32486320e-01,  2.02623676e-01,
        -7.82436641e-02,  1.49144454e-01, -1.65478377e-01,
        -2.33549570e-01,  1.29424300e-01, -2.10755998e-01],
       [ 6.51531836e-01,  5.15160016e-01,  3.53880350e-01,
         3.53652556e-01,  2.21028408e-01, -5.35436887e-03,
         8.19526536e-01, -9.03163862e-03, -5.53083433e-01,
         9.08268687e-01,  1.07425208e-01, -1.91721185e-02,
        -2.01709239e-01,  1.56400412e-02,  4.26113504e-02,
        -3.72959490e-02,  4.82637690e-02,  2.16680045e-01],
       [ 3.88727697e-01,  4.87547329e-01, -1.20373232e-01,
         2.22748152e-01,  3.02713402e-01, -2.05948014e-01,
         1.09364452e+00,  1.07169888e+00,  5.32486320e-01,
         1.07425208e-01,  7.76005361e-01, -2.34623406e-01,
        -8.61490447e-02, -1.55170300e-01, -1.91833694e-01,
        -6.99400944e-02, -1.27692274e-02, -7.45428455e-02],
       [-4.75256584e-01, -6.67145120e-02,  1.54052382e-01,
        -2.04488975e-01, -4.77387857e-02,  1.74831091e-01,
        -5.07491137e-01, -9.83006807e-01,  2.02623676e-01,
        -1.91721185e-02, -2.34623406e-01,  4.45054484e-01,
        -4.94557299e-03,  1.43865604e-01,  1.48187402e-02,
        -5.55551873e-02,  6.53558064e-02,  2.32070281e-02],
       [ 5.47324524e-02, -1.37571498e-01, -1.01601285e-03,
         3.31357834e-02, -1.15884176e-01,  4.53634676e-02,
        -4.97105074e-01, -4.41397418e-01, -7.82436641e-02,
        -2.01709239e-01, -8.61490447e-02, -4.94557299e-03,
         1.43844224e-01,  1.78483542e-02,  5.20606261e-04,
         7.71170217e-02,  3.61551158e-02, -7.21759946e-02],
       [-1.89186926e-01, -2.11027665e-03,  1.37115666e-01,
        -7.52011072e-02, -8.61068398e-03,  1.19896560e-01,
        -3.11014659e-01, -4.11354915e-01,  1.49144454e-01,
         1.56400412e-02, -1.55170300e-01,  1.43865604e-01,
         1.78483542e-02,  1.01947464e-01,  3.23031428e-02,
        -5.12772316e-03,  6.56974387e-02,  1.76407790e-02],
       [-6.39621846e-02, -2.03211673e-01,  9.64072617e-02,
        -4.09162036e-02, -1.10101881e-01,  8.00120313e-02,
        -1.38237286e-01, -2.27385747e-01, -1.65478377e-01,
         4.26113504e-02, -1.91833694e-01,  1.48187402e-02,
         5.20606261e-04,  3.23031428e-02,  9.83260700e-02,
         2.24877264e-02, -1.78252267e-03,  7.03072895e-02],
       [ 1.31851765e-01, -1.06571374e-01, -2.55148009e-03,
         6.24222746e-02, -8.46439401e-02,  3.24043458e-03,
        -1.80751066e-01, -1.58138284e-01, -2.33549570e-01,
        -3.72959490e-02, -6.99400944e-02, -5.55551873e-02,
         7.71170217e-02, -5.12772316e-03,  2.24877264e-02,
         7.22500213e-02,  9.82949976e-03, -1.43579724e-02],
       [ 1.35719143e-02,  6.65352511e-02,  9.48264675e-02,
         2.70820061e-02,  1.22797414e-02,  6.57495024e-02,
        -2.67450428e-01, -2.88217163e-01,  1.29424300e-01,
         4.82637690e-02, -1.27692274e-02,  6.53558064e-02,
         3.61551158e-02,  6.56974387e-02, -1.78252267e-03,
         9.82949976e-03,  8.32771646e-02, -5.81530952e-03],
       [ 1.09464847e-01, -1.23934009e-02,  1.26142597e-01,
         5.60866264e-02,  1.00964827e-03,  3.19986820e-02,
         3.41319625e-01,  1.20390379e-02, -2.10755998e-01,
         2.16680045e-01, -7.45428455e-02,  2.32070281e-02,
        -7.21759946e-02,  1.76407790e-02,  7.03072895e-02,
        -1.43579724e-02, -5.81530952e-03,  1.15358291e-01]])
      jac: array([ 3.89728990e-05,  1.56767192e-05, -3.29947181e-05, -1.00729055e-04,
       -4.57985501e-05,  1.05777609e-04,  1.21906189e-05,  2.95282317e-06,
       -1.32934404e-05, -2.06020386e-06, -7.17352104e-06, -3.32515497e-05,
        2.95408142e-05,  9.24667750e-06, -8.99591513e-05, -6.94644342e-05,
        7.78965781e-05,  7.20434823e-05])
  message: 'Desired error not necessarily achieved due to precision loss.'
     nfev: 1855
      nit: 60
     njev: 97
   status: 2
  success: False
        x: array([-1.55523455, -1.1560193 ,  0.67529696, -1.33277876, -1.23307166,
        0.36655744, -0.46678454, -1.6468407 ,  1.18350637,  0.01479983,
        0.51768027,  1.24134492,  0.10405713,  0.2305449 , -0.27690441,
        1.22074434, -0.12979419, -0.00878835])
