Program Begingeth
      fun: 0.2959850226997011
 hess_inv: array([[ 1.21067592e+01,  2.49845009e+00,  1.36969105e+00,
         3.10856296e+00,  1.63264038e+00, -1.89218041e-01,
         5.04025208e+00, -4.81424251e-02, -3.80230971e+00,
        -9.01515322e-01,  2.20234134e-01, -5.37573720e-01,
        -2.24661398e+00, -3.50123827e-01, -1.41600170e-01,
        -2.08278790e-01, -1.24611167e+00,  3.28707834e-01],
       [ 2.49845009e+00,  3.69242808e+00,  5.00485539e-01,
         3.43750075e-01,  1.40899662e+00,  1.89542004e-01,
         2.56959342e-01,  2.20704019e+00,  4.47295075e-01,
        -3.73981522e-01, -1.42575948e-01, -1.16285754e+00,
        -5.38773655e-01, -4.29164996e-01,  2.89266516e-01,
         1.35029779e-01, -2.45194349e-01,  1.16811241e-01],
       [ 1.36969105e+00,  5.00485539e-01,  6.92330671e+00,
         1.09937338e+00, -1.27200499e-01,  2.15709782e+00,
         7.78916972e+00, -3.17328175e+00,  1.88779004e+00,
         1.40234207e-01,  1.82795102e+00, -8.17793354e-01,
        -2.95141568e-02, -5.12499884e-01, -5.59688714e-01,
         9.86970305e-03,  1.72973538e-02,  1.73410578e-01],
       [ 3.10856296e+00,  3.43750075e-01,  1.09937338e+00,
         1.00169785e+00,  2.86945209e-01,  2.03551493e-01,
         2.76210443e+00, -4.60385412e-01, -9.41417892e-01,
        -2.07095120e-01,  2.07080994e-01, -7.37911622e-02,
        -4.76711782e-01, -5.58287353e-02, -1.06328370e-01,
        -4.71364567e-02, -2.55762652e-01,  9.30553135e-02],
       [ 1.63264038e+00,  1.40899662e+00, -1.27200499e-01,
         2.86945209e-01,  6.54883608e-01, -5.13708772e-02,
         9.70573107e-02,  1.29662778e+00, -2.49351871e-01,
        -2.62763328e-01, -1.58256021e-01, -3.36560884e-01,
        -3.31586756e-01, -1.09120210e-01,  1.33929313e-01,
         1.68795687e-02, -1.67498286e-01,  5.71634851e-02],
       [-1.89218041e-01,  1.89542004e-01,  2.15709782e+00,
         2.03551493e-01, -5.13708772e-02,  7.86128270e-01,
         2.44338562e+00, -6.54870731e-01,  1.10645314e+00,
        -3.50449455e-02,  4.45442311e-01, -2.57711908e-01,
         1.48139921e-01, -1.35189231e-01, -1.04544343e-01,
         3.58784290e-02,  6.94341443e-02,  4.31094438e-02],
       [ 5.04025208e+00,  2.56959342e-01,  7.78916972e+00,
         2.76210443e+00,  9.70573107e-02,  2.44338562e+00,
         1.49193230e+01, -3.24743858e+00,  9.34721085e-02,
        -1.03912524e-01,  1.33480848e+00, -4.24590881e-01,
        -3.76276193e-01, -1.74833407e-01, -4.86641051e-01,
        -4.70927554e-02, -1.17785432e-01,  3.21407426e-01],
       [-4.81424251e-02,  2.20704019e+00, -3.17328175e+00,
        -4.60385412e-01,  1.29662778e+00, -6.54870731e-01,
        -3.24743858e+00,  7.03302160e+00, -9.88301452e-02,
        -9.72926716e-01, -1.13493105e+00, -2.10697263e-01,
         9.35971552e-02,  1.01103813e-01,  6.90931299e-01,
         1.37030773e-01, -6.01151528e-02, -4.52139657e-02],
       [-3.80230971e+00,  4.47295075e-01,  1.88779004e+00,
        -9.41417892e-01, -2.49351871e-01,  1.10645314e+00,
         9.34721085e-02, -9.88301452e-02,  4.86967696e+00,
        -4.08760148e-02,  3.95395332e-01, -3.86697888e-01,
         7.53957807e-01, -3.02430108e-01, -1.94779415e-02,
         1.53801720e-01,  2.98803634e-01, -1.17047982e-01],
       [-9.01515322e-01, -3.73981522e-01,  1.40234207e-01,
        -2.07095120e-01, -2.62763328e-01, -3.50449455e-02,
        -1.03912524e-01, -9.72926716e-01, -4.08760148e-02,
         8.88792581e-01, -3.25419366e-02,  1.14523301e-01,
        -2.86871726e-02,  6.80173427e-02, -1.72736781e-02,
        -1.70842020e-02,  1.40889476e-01,  1.36829465e-01],
       [ 2.20234134e-01, -1.42575948e-01,  1.82795102e+00,
         2.07080994e-01, -1.58256021e-01,  4.45442311e-01,
         1.33480848e+00, -1.13493105e+00,  3.95395332e-01,
        -3.25419366e-02,  1.14681910e+00, -2.22212508e-01,
         9.78411296e-03, -2.82768579e-01, -3.60228044e-01,
        -2.86334294e-02, -1.37203287e-02, -9.40246333e-02],
       [-5.37573720e-01, -1.16285754e+00, -8.17793354e-01,
        -7.37911622e-02, -3.36560884e-01, -2.57711908e-01,
        -4.24590881e-01, -2.10697263e-01, -3.86697888e-01,
         1.14523301e-01, -2.22212508e-01,  7.53733541e-01,
         8.73464093e-02,  2.71692666e-01, -6.65525821e-02,
        -9.53141807e-02,  8.58171431e-02, -1.46534653e-02],
       [-2.24661398e+00, -5.38773655e-01, -2.95141568e-02,
        -4.76711782e-01, -3.31586756e-01,  1.48139921e-01,
        -3.76276193e-01,  9.35971552e-02,  7.53957807e-01,
        -2.86871726e-02,  9.78411296e-03,  8.73464093e-02,
         5.53658146e-01,  7.40203531e-02,  1.58748635e-02,
         8.58239699e-02,  2.64160801e-01, -1.01642309e-01],
       [-3.50123827e-01, -4.29164996e-01, -5.12499884e-01,
        -5.58287353e-02, -1.09120210e-01, -1.35189231e-01,
        -1.74833407e-01,  1.01103813e-01, -3.02430108e-01,
         6.80173427e-02, -2.82768579e-01,  2.71692666e-01,
         7.40203531e-02,  1.80180899e-01,  5.13145131e-02,
        -1.94261513e-02,  7.68008610e-02,  1.77567149e-02],
       [-1.41600170e-01,  2.89266516e-01, -5.59688714e-01,
        -1.06328370e-01,  1.33929313e-01, -1.04544343e-01,
        -4.86641051e-01,  6.90931299e-01, -1.94779415e-02,
        -1.72736781e-02, -3.60228044e-01, -6.65525821e-02,
         1.58748635e-02,  5.13145131e-02,  1.78280063e-01,
         3.62299874e-02,  7.87843125e-03,  4.51442387e-02],
       [-2.08278790e-01,  1.35029779e-01,  9.86970305e-03,
        -4.71364567e-02,  1.68795687e-02,  3.58784290e-02,
        -4.70927554e-02,  1.37030773e-01,  1.53801720e-01,
        -1.70842020e-02, -2.86334294e-02, -9.53141807e-02,
         8.58239699e-02, -1.94261513e-02,  3.62299874e-02,
         5.87354109e-02,  3.12565848e-02, -8.57792839e-03],
       [-1.24611167e+00, -2.45194349e-01,  1.72973538e-02,
        -2.55762652e-01, -1.67498286e-01,  6.94341443e-02,
        -1.17785432e-01, -6.01151528e-02,  2.98803634e-01,
         1.40889476e-01, -1.37203287e-02,  8.58171431e-02,
         2.64160801e-01,  7.68008610e-02,  7.87843125e-03,
         3.12565848e-02,  1.90464182e-01, -1.98026926e-02],
       [ 3.28707834e-01,  1.16811241e-01,  1.73410578e-01,
         9.30553135e-02,  5.71634851e-02,  4.31094438e-02,
         3.21407426e-01, -4.52139657e-02, -1.17047982e-01,
         1.36829465e-01, -9.40246333e-02, -1.46534653e-02,
        -1.01642309e-01,  1.77567149e-02,  4.51442387e-02,
        -8.57792839e-03, -1.98026926e-02,  8.91927605e-02]])
      jac: array([ 1.43740575e-05,  3.70851498e-06, -1.70878126e-05, -5.82830081e-05,
       -3.22749235e-05,  5.62649927e-05,  6.27794113e-06,  1.96176408e-06,
       -6.83712346e-06, -7.59910653e-06,  1.56800499e-06,  7.10912810e-06,
       -2.61698071e-05, -2.86596672e-05, -6.01222775e-06,  3.06273525e-05,
        4.36809848e-05, -1.74082970e-06])
  message: 'Desired error not necessarily achieved due to precision loss.'
     nfev: 2672
      nit: 84
     njev: 140
   status: 2
  success: False
        x: array([-0.57322712, -0.86303103,  0.010988  , -1.18886402, -0.911727  ,
       -0.10067204, -1.73529373, -1.16610233, -1.05121331,  0.12675208,
        0.45194513,  1.14312951,  0.06466144,  0.15789479, -0.27226399,
        1.34176093, -0.45428209,  0.01778068])
