Program Begingeth
      fun: 0.2679829044053973
 hess_inv: array([[ 9.97193307e-01, -1.55083490e-01,  1.58634482e-01,
         3.32954812e-01, -1.81632788e-01,  2.62783834e-01,
         1.04236093e+00, -3.66062108e-01,  5.30956099e-01,
         9.43263042e-01, -5.57234136e-01, -1.25857294e-01,
        -3.63870530e-01,  1.36933882e-03,  4.88082976e-02,
        -4.28987823e-03, -4.34732402e-02, -1.93509614e-01],
       [-1.55083490e-01,  5.85252356e-01, -1.54749150e-01,
        -2.74365741e-01,  1.03750280e-01, -2.34627896e-01,
        -1.49125689e+00,  3.64289169e-01,  3.90821429e-02,
        -7.02134367e-01,  7.29462542e-02, -9.88852700e-02,
         7.86035033e-02, -1.84097632e-01, -2.04568575e-01,
         4.30561363e-02, -6.34485868e-03, -7.97119850e-02],
       [ 1.58634482e-01, -1.54749150e-01,  3.64953158e-01,
         1.56597757e-01, -9.16947418e-03,  1.95596082e-01,
         5.82286051e-01, -6.59660399e-01,  3.74396210e-01,
         6.20945908e-01,  1.14361882e-02,  1.38313963e-01,
        -5.89137750e-02,  1.37271375e-01,  5.26789520e-03,
         3.92486621e-02,  5.70634984e-02,  2.59397544e-02],
       [ 3.32954812e-01, -2.74365741e-01,  1.56597757e-01,
         5.30868823e-01,  3.47669711e-02,  1.87592177e-01,
         1.74136215e+00,  1.59222447e-01,  1.13143522e+00,
         1.47026418e+00,  1.47656769e-01, -3.35316024e-01,
        -3.91888319e-02,  9.86486856e-02,  1.21936286e-01,
         2.34436588e-02, -9.93346284e-03,  4.34207082e-03],
       [-1.81632788e-01,  1.03750280e-01, -9.16947418e-03,
         3.47669711e-02,  2.96686760e-01, -1.03700161e-01,
        -2.46162349e-01,  7.61912058e-01,  6.42811587e-01,
         1.27737426e-01,  7.29609193e-01, -2.58862704e-01,
         1.44266708e-01,  5.00393573e-02, -6.28730929e-02,
         6.38899906e-02,  1.94222718e-02,  3.28437695e-02],
       [ 2.62783834e-01, -2.34627896e-01,  1.95596082e-01,
         1.87592177e-01, -1.03700161e-01,  3.70338486e-01,
         1.21689623e+00, -8.32333550e-01,  7.51741020e-01,
         6.87681354e-01, -9.55133598e-02,  4.75693311e-01,
        -1.80964341e-01,  1.16467438e-01,  1.24771844e-01,
        -3.20993141e-02,  6.17092362e-02, -5.24119279e-03],
       [ 1.04236093e+00, -1.49125689e+00,  5.82286051e-01,
         1.74136215e+00, -2.46162349e-01,  1.21689623e+00,
         1.35538419e+01, -1.94847950e+00,  5.36817389e+00,
         4.52761296e+00,  1.27918527e+00, -4.54054559e-01,
        -8.32559914e-01,  4.94247340e-01,  6.23064121e-01,
        -2.86216776e-01,  3.84348110e-01, -1.13438666e-01],
       [-3.66062108e-01,  3.64289169e-01, -6.59660399e-01,
         1.59222447e-01,  7.61912058e-01, -8.32333550e-01,
        -1.94847950e+00,  5.32997008e+00,  6.34070902e-01,
        -5.94509466e-02,  1.18485795e+00, -1.93786465e+00,
         5.55517067e-01, -1.20785169e-01, -1.15198071e-01,
         1.35402450e-01, -1.43371605e-01,  7.21642658e-02],
       [ 5.30956099e-01,  3.90821429e-02,  3.74396210e-01,
         1.13143522e+00,  6.42811587e-01,  7.51741020e-01,
         5.36817389e+00,  6.34070902e-01,  7.75437070e+00,
         3.70649620e+00,  2.31662461e+00, -5.27563926e-01,
        -2.48132509e-01,  2.58450078e-01,  1.43456596e-01,
         5.01318412e-02,  2.64118554e-01, -4.97334197e-02],
       [ 9.43263042e-01, -7.02134367e-01,  6.20945908e-01,
         1.47026418e+00,  1.27737426e-01,  6.87681354e-01,
         4.52761296e+00, -5.94509466e-02,  3.70649620e+00,
         4.42305860e+00,  4.80464096e-01, -5.99657654e-01,
        -1.68232538e-01,  3.43057857e-01,  3.17779400e-01,
         7.05871384e-02,  3.31562848e-02,  1.71739315e-02],
       [-5.57234136e-01,  7.29462542e-02,  1.14361882e-02,
         1.47656769e-01,  7.29609193e-01, -9.55133598e-02,
         1.27918527e+00,  1.18485795e+00,  2.31662461e+00,
         4.80464096e-01,  2.35630485e+00, -4.93717191e-01,
         2.39817983e-01,  1.81264608e-01, -9.19956322e-02,
         7.83747474e-02,  1.31924850e-01,  8.14662685e-02],
       [-1.25857294e-01, -9.88852700e-02,  1.38313963e-01,
        -3.35316024e-01, -2.58862704e-01,  4.75693311e-01,
        -4.54054559e-01, -1.93786465e+00, -5.27563926e-01,
        -5.99657654e-01, -4.93717191e-01,  1.68985431e+00,
        -1.64796416e-01,  9.91199073e-02,  9.67395078e-02,
        -6.30446679e-02,  1.03301156e-01,  3.27205460e-02],
       [-3.63870530e-01,  7.86035033e-02, -5.89137750e-02,
        -3.91888319e-02,  1.44266708e-01, -1.80964341e-01,
        -8.32559914e-01,  5.55517067e-01, -2.48132509e-01,
        -1.68232538e-01,  2.39817983e-01, -1.64796416e-01,
         2.55082971e-01, -5.64089176e-03, -3.41649401e-02,
         6.95739209e-02, -3.46856042e-02,  9.49828135e-02],
       [ 1.36933882e-03, -1.84097632e-01,  1.37271375e-01,
         9.86486856e-02,  5.00393573e-02,  1.16467438e-01,
         4.94247340e-01, -1.20785169e-01,  2.58450078e-01,
         3.43057857e-01,  1.81264608e-01,  9.91199073e-02,
        -5.64089176e-03,  1.30317385e-01,  5.02224379e-02,
         8.47237929e-03,  5.01215553e-02,  4.51225336e-02],
       [ 4.88082976e-02, -2.04568575e-01,  5.26789520e-03,
         1.21936286e-01, -6.28730929e-02,  1.24771844e-01,
         6.23064121e-01, -1.15198071e-01,  1.43456596e-01,
         3.17779400e-01, -9.19956322e-02,  9.67395078e-02,
        -3.41649401e-02,  5.02224379e-02,  1.24979542e-01,
        -3.06002179e-02, -8.26939088e-04,  4.78659718e-02],
       [-4.28987823e-03,  4.30561363e-02,  3.92486621e-02,
         2.34436588e-02,  6.38899906e-02, -3.20993141e-02,
        -2.86216776e-01,  1.35402450e-01,  5.01318412e-02,
         7.05871384e-02,  7.83747474e-02, -6.30446679e-02,
         6.95739209e-02,  8.47237929e-03, -3.06002179e-02,
         5.94485115e-02, -1.26992934e-02,  1.00234704e-02],
       [-4.34732402e-02, -6.34485868e-03,  5.70634984e-02,
        -9.93346284e-03,  1.94222718e-02,  6.17092362e-02,
         3.84348110e-01, -1.43371605e-01,  2.64118554e-01,
         3.31562848e-02,  1.31924850e-01,  1.03301156e-01,
        -3.46856042e-02,  5.01215553e-02, -8.26939088e-04,
        -1.26992934e-02,  6.78680274e-02,  3.59095255e-03],
       [-1.93509614e-01, -7.97119850e-02,  2.59397544e-02,
         4.34207082e-03,  3.28437695e-02, -5.24119279e-03,
        -1.13438666e-01,  7.21642658e-02, -4.97334197e-02,
         1.71739315e-02,  8.14662685e-02,  3.27205460e-02,
         9.49828135e-02,  4.51225336e-02,  4.78659718e-02,
         1.00234704e-02,  3.59095255e-03,  9.61710033e-02]])
      jac: array([ 8.62643290e-07, -1.13797860e-06, -3.05903451e-06, -3.40061312e-06,
        2.67193675e-06,  4.31321645e-06,  2.12052598e-07, -1.46179365e-07,
       -3.77105754e-07,  1.29896094e-06, -6.23575266e-07, -6.82047012e-07,
       -8.88178420e-09, -4.11744712e-06, -5.45748632e-06,  1.84260015e-06,
        3.14378153e-06,  5.23100082e-06])
  message: 'Optimization terminated successfully.'
     nfev: 1634
      nit: 80
     njev: 86
   status: 0
  success: True
        x: array([ 0.10164103,  0.2286556 ,  0.85489814,  1.43016035, -0.7160213 ,
        0.31959281,  0.84773232, -1.62171411,  0.91766747,  1.82565291,
       -0.63085056,  0.83202472,  0.04478947,  0.15936548, -0.25062121,
       -1.24898232, -0.41914917,  0.04527025])
