Program Begingeth
      fun: 0.20232417896684643
 hess_inv: array([[ 4.11307091e+00, -1.02445699e+00,  8.56831699e-01,
         1.10851241e-01, -3.08075929e-01,  1.31047986e+00,
        -4.65072520e+00, -6.16428571e-01,  3.20722231e+00,
        -8.97534719e-01,  4.00688217e-01,  7.76113921e-01,
        -9.33867098e-01,  2.62845871e-01,  5.38863033e-02,
         2.10788767e-01,  2.67478912e-01, -6.96814008e-01],
       [-1.02445699e+00,  2.14440939e+00,  2.25868242e-01,
         2.00173517e-01,  4.98918982e-01, -3.20885075e-01,
         1.86583615e+00,  2.31768913e+00,  8.04832440e-01,
        -4.14965239e-03, -6.43641132e-01, -1.72488653e+00,
         3.57222312e-01, -3.61746186e-01,  3.00540295e-02,
        -1.98282611e-01,  6.20237696e-02,  1.61264429e-01],
       [ 8.56831699e-01,  2.25868242e-01,  7.33624415e+00,
        -1.60183598e+00,  1.38448487e-01,  2.12727725e+00,
        -2.02191258e+01, -9.87649291e+00,  1.17117742e+01,
         1.02606696e+00,  5.20894657e+00, -3.61258660e+00,
        -1.07360290e-01, -6.83503677e-01, -1.59327271e+00,
         9.62164310e-01, -3.47699880e-01, -9.37536166e-01],
       [ 1.10851241e-01,  2.00173517e-01, -1.60183598e+00,
         5.15446526e-01, -2.93429184e-02, -4.44118599e-01,
         5.50771214e+00,  2.66476023e+00, -2.10333696e+00,
        -4.31878891e-01, -1.25552481e+00,  5.39110216e-01,
         1.29085397e-02,  6.61572363e-02,  3.92667182e-01,
        -2.40360830e-01,  1.14294881e-01,  2.05421005e-01],
       [-3.08075929e-01,  4.98918982e-01,  1.38448487e-01,
        -2.93429184e-02,  2.57342078e-01,  6.69750274e-03,
        -9.62378011e-01,  1.12010344e+00, -2.43757334e-02,
         2.10548200e-01, -1.81611136e-01, -3.34642069e-01,
         1.16538917e-01, -5.74854163e-04,  4.91276314e-02,
        -2.09225276e-03, -1.87483493e-02,  3.44279219e-02],
       [ 1.31047986e+00, -3.20885075e-01,  2.12727725e+00,
        -4.44118599e-01,  6.69750274e-03,  1.01491999e+00,
        -7.54069787e+00, -2.37774253e+00,  3.95944730e+00,
         2.59792441e-01,  1.37453024e+00, -5.88175802e-01,
        -3.09088682e-01, -5.02503116e-02, -3.32447894e-01,
         3.07408894e-01, -6.77962537e-02, -4.45107653e-01],
       [-4.65072520e+00,  1.86583615e+00, -2.02191258e+01,
         5.50771214e+00, -9.62378011e-01, -7.54069787e+00,
         7.79450484e+01,  2.58609939e+01, -3.15411504e+01,
        -4.36202562e+00, -1.39559883e+01,  6.60124535e+00,
         7.75398840e-01,  6.24952821e-01,  3.96935453e+00,
        -3.19099891e+00,  1.43599518e+00,  3.35199437e+00],
       [-6.16428571e-01,  2.31768913e+00, -9.87649291e+00,
         2.66476023e+00,  1.12010344e+00, -2.37774253e+00,
         2.58609939e+01,  2.57540406e+01, -1.54739408e+01,
        -9.88767924e-01, -8.63201095e+00,  2.93386264e+00,
         1.68898130e-01,  7.35604534e-01,  3.09629747e+00,
        -1.66907204e+00,  5.90246521e-01,  1.35843557e+00],
       [ 3.20722231e+00,  8.04832440e-01,  1.17117742e+01,
        -2.10333696e+00, -2.43757334e-02,  3.95944730e+00,
        -3.15411504e+01, -1.54739408e+01,  2.50878362e+01,
         1.19766261e+00,  8.39798011e+00, -6.01602199e+00,
        -5.11513937e-01, -1.59986006e+00, -2.64981447e+00,
         1.43035393e+00, -6.19852499e-01, -1.89493705e+00],
       [-8.97534719e-01, -4.14965239e-03,  1.02606696e+00,
        -4.31878891e-01,  2.10548200e-01,  2.59792441e-01,
        -4.36202562e+00, -9.88767924e-01,  1.19766261e+00,
         1.42464779e+00,  8.57336962e-01, -5.23187651e-01,
         4.44077637e-02, -1.03443133e-01, -2.54358908e-01,
         1.62361296e-01, -2.71209324e-01, -1.69229254e-01],
       [ 4.00688217e-01, -6.43641132e-01,  5.20894657e+00,
        -1.25552481e+00, -1.81611136e-01,  1.37453024e+00,
        -1.39559883e+01, -8.63201095e+00,  8.39798011e+00,
         8.57336962e-01,  4.74001025e+00, -2.22703050e+00,
        -9.24169535e-02, -6.13623590e-01, -1.40810937e+00,
         7.80626658e-01, -3.34857005e-01, -7.53541685e-01],
       [ 7.76113921e-01, -1.72488653e+00, -3.61258660e+00,
         5.39110216e-01, -3.34642069e-01, -5.88175802e-01,
         6.60124535e+00,  2.93386264e+00, -6.01602199e+00,
        -5.23187651e-01, -2.22703050e+00,  3.53285825e+00,
        -2.88709954e-01,  8.16247746e-01,  7.30498268e-01,
        -2.31530533e-01,  2.01380029e-01,  2.67477541e-01],
       [-9.33867098e-01,  3.57222312e-01, -1.07360290e-01,
         1.29085397e-02,  1.16538917e-01, -3.09088682e-01,
         7.75398840e-01,  1.68898130e-01, -5.11513937e-01,
         4.44077637e-02, -9.24169535e-02, -2.88709954e-01,
         3.37747395e-01, -8.32483037e-02, -2.03293697e-02,
         6.82906512e-04, -8.24392157e-02,  1.98610211e-01],
       [ 2.62845871e-01, -3.61746186e-01, -6.83503677e-01,
         6.61572363e-02, -5.74854163e-04, -5.02503116e-02,
         6.24952821e-01,  7.35604534e-01, -1.59986006e+00,
        -1.03443133e-01, -6.13623590e-01,  8.16247746e-01,
        -8.32483037e-02,  2.94959145e-01,  2.03037361e-01,
        -2.70664310e-02,  8.43262312e-02,  5.92643831e-02],
       [ 5.38863033e-02,  3.00540295e-02, -1.59327271e+00,
         3.92667182e-01,  4.91276314e-02, -3.32447894e-01,
         3.96935453e+00,  3.09629747e+00, -2.64981447e+00,
        -2.54358908e-01, -1.40810937e+00,  7.30498268e-01,
        -2.03293697e-02,  2.03037361e-01,  5.11921625e-01,
        -2.42433178e-01,  9.14449572e-02,  2.29051971e-01],
       [ 2.10788767e-01, -1.98282611e-01,  9.62164310e-01,
        -2.40360830e-01, -2.09225276e-03,  3.07408894e-01,
        -3.19099891e+00, -1.66907204e+00,  1.43035393e+00,
         1.62361296e-01,  7.80626658e-01, -2.31530533e-01,
         6.82906512e-04, -2.70664310e-02, -2.42433178e-01,
         2.05842862e-01, -6.58029557e-02, -1.44383625e-01],
       [ 2.67478912e-01,  6.20237696e-02, -3.47699880e-01,
         1.14294881e-01, -1.87483493e-02, -6.77962537e-02,
         1.43599518e+00,  5.90246521e-01, -6.19852499e-01,
        -2.71209324e-01, -3.34857005e-01,  2.01380029e-01,
        -8.24392157e-02,  8.43262312e-02,  9.14449572e-02,
        -6.58029557e-02,  1.32986982e-01,  2.49220692e-02],
       [-6.96814008e-01,  1.61264429e-01, -9.37536166e-01,
         2.05421005e-01,  3.44279219e-02, -4.45107653e-01,
         3.35199437e+00,  1.35843557e+00, -1.89493705e+00,
        -1.69229254e-01, -7.53541685e-01,  2.67477541e-01,
         1.98610211e-01,  5.92643831e-02,  2.29051971e-01,
        -1.44383625e-01,  2.49220692e-02,  2.97526376e-01]])
      jac: array([-1.01455881e-06,  6.06163268e-06, -4.87128856e-06,  8.28781488e-07,
       -1.51206825e-05,  1.79269562e-05,  4.79246272e-08,  7.46810021e-07,
       -2.09721129e-06, -1.86406446e-06,  1.71788509e-06, -2.58570942e-06,
        2.86308014e-06,  1.52348504e-05, -1.58734137e-05, -1.03768845e-06,
       -1.17598524e-05,  2.84975747e-06])
  message: 'Desired error not necessarily achieved due to precision loss.'
     nfev: 2119
      nit: 61
     njev: 111
   status: 2
  success: False
        x: array([ 0.29453195, -0.26750337,  0.6700578 ,  1.00355224, -0.48193048,
        0.03175896,  0.75554518, -1.01781537, -0.70384529,  0.00978555,
        0.73998818,  0.8882919 ,  0.10476275,  0.22469755, -0.3708274 ,
       -1.01402198, -0.35269466,  0.03209752])
