Program Begingeth
      fun: 0.26795079562319885
 hess_inv: array([[ 2.67282585e+01,  5.61060221e+00,  1.75563607e+01,
         1.24390834e+01,  2.57014506e+00,  8.40467473e+00,
        -2.97353978e+00,  1.18144173e+01,  3.11517079e+01,
         1.30259593e+00,  4.83600669e+00, -3.40814114e+00,
         1.38616125e+00, -4.64982474e-01, -1.09644998e+00,
         3.34928092e-01,  1.66460077e+00, -1.09307051e+00],
       [ 5.61060221e+00,  2.96246711e+00,  3.75360759e+00,
         2.62128072e+00,  1.43105012e+00,  1.58309642e+00,
        -1.19588800e+00,  3.31500221e+00,  5.84974947e+00,
         7.15990385e-01,  1.11572293e+00, -5.50556366e-01,
         1.70821438e-01, -1.04047766e-02, -4.31176819e-01,
        -2.92596221e-02,  3.91587676e-01, -2.33624579e-01],
       [ 1.75563607e+01,  3.75360759e+00,  1.45283319e+01,
         7.84682376e+00,  2.01517754e+00,  7.14311948e+00,
        -5.38758135e+00,  9.66525792e+00,  2.43744281e+01,
         7.74041833e-01,  3.14512285e+00, -2.24884593e+00,
         7.24849679e-01, -1.53872298e-01, -6.69821048e-01,
         5.13035105e-02,  1.05786275e+00, -7.87309550e-01],
       [ 1.24390834e+01,  2.62128072e+00,  7.84682376e+00,
         5.88341321e+00,  1.17296314e+00,  3.73748671e+00,
        -6.63495055e-01,  5.40330232e+00,  1.38821162e+01,
         6.21980761e-01,  2.23227216e+00, -1.56275503e+00,
         7.15943275e-01, -1.93267140e-01, -5.09927908e-01,
         1.98178277e-01,  8.30838452e-01, -5.06428320e-01],
       [ 2.57014506e+00,  1.43105012e+00,  2.01517754e+00,
         1.17296314e+00,  7.53235585e-01,  8.87397256e-01,
        -8.95005133e-01,  1.96565883e+00,  3.05124498e+00,
         2.91629876e-01,  5.16136049e-01, -2.04958557e-01,
         5.85943855e-02,  2.75552482e-02, -2.03049504e-01,
        -4.71144478e-02,  1.78106849e-01, -1.18039287e-01],
       [ 8.40467473e+00,  1.58309642e+00,  7.14311948e+00,
         3.73748671e+00,  8.87397256e-01,  3.58584273e+00,
        -2.68993275e+00,  4.76515025e+00,  1.21963851e+01,
         2.52872866e-01,  1.42407002e+00, -1.07010238e+00,
         3.67139946e-01, -6.36986423e-02, -2.76711548e-01,
         3.31278995e-02,  4.91054664e-01, -3.83378425e-01],
       [-2.97353978e+00, -1.19588800e+00, -5.38758135e+00,
        -6.63495055e-01, -8.95005133e-01, -2.68993275e+00,
         7.20512136e+00, -3.23971248e+00, -8.80934718e+00,
        -5.34726500e-02, -8.35779256e-01,  4.12731062e-01,
         3.06836580e-01,  7.58016778e-02,  2.52175272e-01,
         2.87510713e-01,  9.06973146e-02,  2.43943953e-01],
       [ 1.18144173e+01,  3.31500221e+00,  9.66525792e+00,
         5.40330232e+00,  1.96565883e+00,  4.76515025e+00,
        -3.23971248e+00,  9.20095951e+00,  1.59610031e+01,
         3.15094654e-01,  2.14099074e+00, -1.19762068e+00,
         6.23224653e-01,  1.24507574e-02, -5.26092587e-01,
         2.36017222e-02,  7.61011302e-01, -5.89361433e-01],
       [ 3.11517079e+01,  5.84974947e+00,  2.43744281e+01,
         1.38821162e+01,  3.05124498e+00,  1.21963851e+01,
        -8.80934718e+00,  1.59610031e+01,  4.42031809e+01,
         1.00420353e+00,  5.45026743e+00, -3.92020095e+00,
         1.30642645e+00, -5.13481502e-01, -1.17561476e+00,
         1.55336593e-01,  1.64889104e+00, -1.42062888e+00],
       [ 1.30259593e+00,  7.15990385e-01,  7.74041833e-01,
         6.21980761e-01,  2.91629876e-01,  2.52872866e-01,
        -5.34726500e-02,  3.15094654e-01,  1.00420353e+00,
         7.88313752e-01,  1.55519762e-01, -1.30808332e-01,
        -9.70998657e-02,  3.66027442e-02, -5.98259863e-03,
        -3.43758103e-03,  1.38332165e-01,  1.43540623e-01],
       [ 4.83600669e+00,  1.11572293e+00,  3.14512285e+00,
         2.23227216e+00,  5.16136049e-01,  1.42407002e+00,
        -8.35779256e-01,  2.14099074e+00,  5.45026743e+00,
         1.55519762e-01,  1.32012744e+00, -6.63186805e-01,
         2.46280125e-01, -1.76100491e-01, -3.44618867e-01,
         2.50679801e-02,  2.96335300e-01, -3.22208186e-01],
       [-3.40814114e+00, -5.50556366e-01, -2.24884593e+00,
        -1.56275503e+00, -2.04958557e-01, -1.07010238e+00,
         4.12731062e-01, -1.19762068e+00, -3.92020095e+00,
        -1.30808332e-01, -6.63186805e-01,  7.13175233e-01,
        -2.02745768e-01,  1.31318159e-01,  1.02003752e-01,
        -9.28724354e-02, -1.69338771e-01,  1.67401892e-01],
       [ 1.38616125e+00,  1.70821438e-01,  7.24849679e-01,
         7.15943275e-01,  5.85943855e-02,  3.67139946e-01,
         3.06836580e-01,  6.23224653e-01,  1.30642645e+00,
        -9.70998657e-02,  2.46280125e-01, -2.02745768e-01,
         2.04270115e-01, -1.87584654e-02, -5.84452428e-02,
         9.64588209e-02,  1.26293325e-01, -1.08578658e-01],
       [-4.64982474e-01, -1.04047766e-02, -1.53872298e-01,
        -1.93267140e-01,  2.75552482e-02, -6.36986423e-02,
         7.58016778e-02,  1.24507574e-02, -5.13481502e-01,
         3.66027442e-02, -1.76100491e-01,  1.31318159e-01,
        -1.87584654e-02,  9.81671045e-02,  4.10753040e-02,
        -9.69900019e-03,  3.81996162e-02,  4.90702020e-02],
       [-1.09644998e+00, -4.31176819e-01, -6.69821048e-01,
        -5.09927908e-01, -2.03049504e-01, -2.76711548e-01,
         2.52175272e-01, -5.26092587e-01, -1.17561476e+00,
        -5.98259863e-03, -3.44618867e-01,  1.02003752e-01,
        -5.84452428e-02,  4.10753040e-02,  1.48093668e-01,
         9.76125671e-03, -6.93269581e-02,  1.21181937e-01],
       [ 3.34928092e-01, -2.92596221e-02,  5.13035105e-02,
         1.98178277e-01, -4.71144478e-02,  3.31278995e-02,
         2.87510713e-01,  2.36017222e-02,  1.55336593e-01,
        -3.43758103e-03,  2.50679801e-02, -9.28724354e-02,
         9.64588209e-02, -9.69900019e-03,  9.76125671e-03,
         8.30027218e-02,  4.26289165e-02, -1.66211321e-02],
       [ 1.66460077e+00,  3.91587676e-01,  1.05786275e+00,
         8.30838452e-01,  1.78106849e-01,  4.91054664e-01,
         9.06973146e-02,  7.61011302e-01,  1.64889104e+00,
         1.38332165e-01,  2.96335300e-01, -1.69338771e-01,
         1.26293325e-01,  3.81996162e-02, -6.93269581e-02,
         4.26289165e-02,  1.97301741e-01, -5.96799624e-02],
       [-1.09307051e+00, -2.33624579e-01, -7.87309550e-01,
        -5.06428320e-01, -1.18039287e-01, -3.83378425e-01,
         2.43943953e-01, -5.89361433e-01, -1.42062888e+00,
         1.43540623e-01, -3.22208186e-01,  1.67401892e-01,
        -1.08578658e-01,  4.90702020e-02,  1.21181937e-01,
        -1.66211321e-02, -5.96799624e-02,  1.61829525e-01]])
      jac: array([ 3.14751188e-04, -2.92125213e-04, -3.48832074e-06, -7.65798166e-04,
        7.30098944e-04,  5.64814862e-05,  8.03686747e-05, -8.57084774e-05,
        1.75807517e-05,  2.21572760e-04, -5.85835084e-05,  7.20830803e-06,
        6.43678814e-04, -3.39930676e-04, -2.58507290e-04, -4.14036953e-04,
        3.12769810e-04,  9.31173657e-05])
  message: 'Desired error not necessarily achieved due to precision loss.'
     nfev: 2292
      nit: 68
     njev: 120
   status: 2
  success: False
        x: array([-1.47180898, -1.0851809 ,  0.46254282, -1.32511522, -1.17421969,
        0.12222695, -2.15839018, -1.27410665, -0.67200881,  0.05507882,
        0.48792742,  1.24987971,  0.07190583,  0.14384503, -0.32623842,
        1.06891358, -0.35908069, -0.03602813])
