Program Begingeth
      fun: 0.23900309764558603
 hess_inv: array([[ 8.25158066e+00,  2.89328828e+00,  1.73245173e+00,
         7.88869939e-01, -4.94900693e-01,  7.90157731e-01,
         1.83635018e+00,  5.16951169e-01,  4.16353453e+00,
        -1.78646024e+00, -1.03028927e-01, -1.65630440e+00,
        -1.97456100e+00, -1.11017388e+00,  2.26109257e-02,
         5.54848473e-01,  8.20353396e-01, -1.73595697e-01],
       [ 2.89328828e+00,  4.81280445e+00,  1.92666288e-01,
         6.37211629e-01,  4.12837788e-01,  3.95175183e-01,
         1.93332035e+00,  3.14372100e+00,  2.42609637e+00,
        -2.82950592e-01, -1.36697733e+00, -1.71598231e+00,
        -6.40512931e-01, -1.01626293e+00,  4.16757180e-01,
        -5.85356566e-03,  6.68740105e-01, -1.52021575e-01],
       [ 1.73245173e+00,  1.92666288e-01,  9.99297549e+00,
        -9.94223986e-01, -4.86899579e-01,  1.62826592e+00,
        -7.38262385e+00, -2.65709786e+00,  3.63057583e+00,
         8.93429749e-01,  3.39107649e+00, -3.25767130e+00,
        -1.26481794e+00, -9.32627486e-01, -1.53582969e+00,
         1.84557626e-01,  2.70315422e-01,  7.20668733e-01],
       [ 7.88869939e-01,  6.37211629e-01, -9.94223986e-01,
         3.49365672e-01,  2.47776417e-02, -1.36602210e-01,
         1.88305405e+00,  5.22744643e-01,  2.73826206e-01,
        -3.59639064e-01, -4.52249422e-01,  1.20009023e-02,
         4.59386528e-03, -1.33458907e-01,  1.75151861e-01,
         4.95705057e-02,  5.70971740e-02, -1.11078910e-01],
       [-4.94900693e-01,  4.12837788e-01, -4.86899579e-01,
         2.47776417e-02,  1.95122508e-01, -4.07262348e-02,
         1.79471077e-01,  9.18922078e-01, -1.89418662e-01,
         2.46630934e-01, -3.14158895e-01,  9.13836713e-02,
         1.24886699e-01,  3.49591900e-02,  1.31598752e-01,
        -5.34794998e-02,  9.75692190e-03, -3.18180034e-02],
       [ 7.90157731e-01,  3.95175183e-01,  1.62826592e+00,
        -1.36602210e-01, -4.07262348e-02,  4.40056504e-01,
        -1.39877808e+00,  5.89280408e-02,  1.16952213e+00,
         2.95283882e-01,  2.97107482e-01, -5.90006485e-01,
        -4.07177260e-01, -1.95513010e-01, -1.21569877e-01,
         3.54196608e-02,  1.08316523e-01,  9.30463211e-02],
       [ 1.83635018e+00,  1.93332035e+00, -7.38262385e+00,
         1.88305405e+00,  1.79471077e-01, -1.39877808e+00,
         1.26712123e+01,  2.36573306e+00, -3.62693133e-01,
        -1.66061193e+00, -2.30124683e+00,  1.23652975e+00,
         6.76954011e-01, -2.67571032e-01,  8.98295229e-01,
         9.13105735e-02,  1.09423634e-02, -7.28583192e-01],
       [ 5.16951169e-01,  3.14372100e+00, -2.65709786e+00,
         5.22744643e-01,  9.18922078e-01,  5.89280408e-02,
         2.36573306e+00,  7.22510949e+00,  6.18751589e-01,
         9.44768908e-01, -1.63787503e+00, -3.27576127e-02,
        -1.73994225e-01, -3.49911055e-01,  8.78583450e-01,
        -1.51357060e-01,  2.39099974e-01, -3.45455467e-01],
       [ 4.16353453e+00,  2.42609637e+00,  3.63057583e+00,
         2.73826206e-01, -1.89418662e-01,  1.16952213e+00,
        -3.62693133e-01,  6.18751589e-01,  5.98608601e+00,
         2.78338335e-02,  5.44461937e-01, -1.78511908e+00,
        -1.25611178e+00, -1.04329814e+00, -3.33984960e-01,
         2.44450643e-01,  4.31675139e-01,  3.41684423e-02],
       [-1.78646024e+00, -2.82950592e-01,  8.93429749e-01,
        -3.59639064e-01,  2.46630934e-01,  2.95283882e-01,
        -1.66061193e+00,  9.44768908e-01,  2.78338335e-02,
         1.77337420e+00,  3.45509568e-01, -1.01575146e-01,
        -5.77311450e-03,  9.76952978e-02, -6.10683146e-02,
        -1.58540674e-01, -1.70750622e-01, -5.13754691e-03],
       [-1.03028927e-01, -1.36697733e+00,  3.39107649e+00,
        -4.52249422e-01, -3.14158895e-01,  2.97107482e-01,
        -2.30124683e+00, -1.63787503e+00,  5.44461937e-01,
         3.45509568e-01,  2.24259248e+00, -7.21444935e-01,
        -2.49608509e-01, -2.13579409e-01, -8.55648656e-01,
         1.04047324e-01, -1.21530045e-01,  1.81256644e-01],
       [-1.65630440e+00, -1.71598231e+00, -3.25767130e+00,
         1.20009023e-02,  9.13836713e-02, -5.90006485e-01,
         1.23652975e+00, -3.27576127e-02, -1.78511908e+00,
        -1.01575146e-01, -7.21444935e-01,  1.99891501e+00,
         6.08002756e-01,  7.68843880e-01,  3.29844117e-01,
        -4.03422909e-02, -2.65273779e-01, -1.61945829e-01],
       [-1.97456100e+00, -6.40512931e-01, -1.26481794e+00,
         4.59386528e-03,  1.24886699e-01, -4.07177260e-01,
         6.76954011e-01, -1.73994225e-01, -1.25611178e+00,
        -5.77311450e-03, -2.49608509e-01,  6.08002756e-01,
         7.09358299e-01,  2.95365436e-01,  8.08472575e-02,
        -9.58249469e-02, -2.23256563e-01,  1.24145145e-02],
       [-1.11017388e+00, -1.01626293e+00, -9.32627486e-01,
        -1.33458907e-01,  3.49591900e-02, -1.95513010e-01,
        -2.67571032e-01, -3.49911055e-01, -1.04329814e+00,
         9.76952978e-02, -2.13579409e-01,  7.68843880e-01,
         2.95365436e-01,  4.24707533e-01,  1.00834082e-01,
        -4.02568396e-02, -1.40325416e-01,  1.02016664e-02],
       [ 2.26109257e-02,  4.16757180e-01, -1.53582969e+00,
         1.75151861e-01,  1.31598752e-01, -1.21569877e-01,
         8.98295229e-01,  8.78583450e-01, -3.33984960e-01,
        -6.10683146e-02, -8.55648656e-01,  3.29844117e-01,
         8.08472575e-02,  1.00834082e-01,  4.00636424e-01,
        -4.89259084e-02,  1.97699670e-02, -9.05348658e-02],
       [ 5.54848473e-01, -5.85356566e-03,  1.84557626e-01,
         4.95705057e-02, -5.34794998e-02,  3.54196608e-02,
         9.13105735e-02, -1.51357060e-01,  2.44450643e-01,
        -1.58540674e-01,  1.04047324e-01, -4.03422909e-02,
        -9.58249469e-02, -4.02568396e-02, -4.89259084e-02,
         8.16567886e-02,  3.26395085e-02, -7.81520779e-05],
       [ 8.20353396e-01,  6.68740105e-01,  2.70315422e-01,
         5.70971740e-02,  9.75692190e-03,  1.08316523e-01,
         1.09423634e-02,  2.39099974e-01,  4.31675139e-01,
        -1.70750622e-01, -1.21530045e-01, -2.65273779e-01,
        -2.23256563e-01, -1.40325416e-01,  1.97699670e-02,
         3.26395085e-02,  1.64175065e-01, -6.89134183e-03],
       [-1.73595697e-01, -1.52021575e-01,  7.20668733e-01,
        -1.11078910e-01, -3.18180034e-02,  9.30463211e-02,
        -7.28583192e-01, -3.45455467e-01,  3.41684423e-02,
        -5.13754691e-03,  1.81256644e-01, -1.61945829e-01,
         1.24145145e-02,  1.02016664e-02, -9.05348658e-02,
        -7.81520779e-05, -6.89134183e-03,  1.15945490e-01]])
      jac: array([-6.61290097e-04, -4.79207230e-04,  2.48883506e-04,  5.64605066e-03,
        1.79709025e-03,  8.44889159e-04, -4.94235764e-04, -1.74142922e-04,
       -1.80829426e-05, -4.00877479e-05,  1.96211010e-04,  6.02167205e-04,
       -2.06013910e-04, -9.80299915e-04, -8.67929802e-04, -3.27389467e-03,
        1.72582411e-03,  8.96912174e-05])
  message: 'Maximum number of iterations has been exceeded.'
     nfev: 2185
      nit: 100
     njev: 115
   status: 1
  success: False
        x: array([ 0.03180992, -0.31304275,  0.13798494,  1.22785605, -0.39982377,
       -0.09956647,  1.78385279, -0.6110731 , -0.97296639,  0.03938598,
        0.50484261,  1.01432407,  0.18868129,  0.19438564, -0.28279942,
       -1.21289392, -0.59510152,  0.04263435])
