Program Begingeth
      fun: 0.2963714695223161
 hess_inv: array([[ 5.26015950e+00,  3.09723506e-01,  1.16566528e+00,
         2.58407868e+00,  1.50959367e-02, -2.74459901e-01,
         5.09733573e+00,  1.51635505e-02, -5.54780201e+00,
         8.43512451e-01,  5.14954338e-01, -6.75124670e-01,
        -6.35893287e-02, -2.96512689e-01, -1.62109289e-01,
         1.28140959e-01, -8.57012174e-02,  1.04845449e-01],
       [ 3.09723506e-01,  1.82194310e+00, -3.96748846e-02,
         2.09195780e-01,  8.94866451e-01, -1.40819821e-01,
         5.99436443e-01,  9.28391674e-01,  1.34923430e+00,
         6.14910516e-01,  3.94036259e-01, -9.37253156e-02,
        -1.65107075e-01,  2.21053060e-02, -1.88257336e-01,
        -9.44972388e-02,  6.57817418e-02,  1.42769448e-02],
       [ 1.16566528e+00, -3.96748846e-02,  1.83633244e+00,
         6.96859489e-01, -1.09427952e-01,  7.09631247e-01,
         1.66174281e+00, -2.18915775e+00, -1.51473625e+00,
         3.40156075e-01, -1.13418180e-01,  1.99546958e-01,
         1.95419505e-02,  1.52027850e-01,  6.31391547e-02,
        -9.69389258e-03,  9.64843624e-02,  9.45969473e-02],
       [ 2.58407868e+00,  2.09195780e-01,  6.96859489e-01,
         1.29923327e+00,  3.46767225e-02, -7.65895419e-02,
         2.71211538e+00, -1.38475833e-01, -2.61444923e+00,
         4.30663543e-01,  2.84775059e-01, -2.91342324e-01,
        -2.20765678e-02, -1.26121770e-01, -9.02868136e-02,
         6.05818914e-02, -2.31924301e-02,  5.12503477e-02],
       [ 1.50959367e-02,  8.94866451e-01, -1.09427952e-01,
         3.46767225e-02,  5.01194463e-01, -1.16126059e-01,
         7.34587197e-01,  1.03323918e+00,  8.70982010e-01,
         2.78638852e-01,  2.53808281e-01, -7.52420433e-02,
        -1.37508404e-01, -1.10021129e-03, -9.84038734e-02,
        -7.50591321e-02,  5.67863453e-03,  2.24640663e-02],
       [-2.74459901e-01, -1.40819821e-01,  7.09631247e-01,
        -7.65895419e-02, -1.16126059e-01,  4.35519677e-01,
        -4.66378729e-01, -1.34504339e+00,  2.36019038e-01,
        -6.64709126e-02, -1.99537009e-01,  2.34009128e-01,
         8.62834967e-02,  1.43414093e-01,  7.35431058e-02,
        -1.71979711e-03,  8.87828561e-02,  8.84582417e-03],
       [ 5.09733573e+00,  5.99436443e-01,  1.66174281e+00,
         2.71211538e+00,  7.34587197e-01, -4.66378729e-01,
         1.54432246e+01,  4.63542751e+00, -5.23652809e+00,
         1.22208105e+00,  1.41774778e+00, -9.92878573e-01,
        -8.94484142e-01, -5.67723451e-01, -2.44249438e-01,
        -2.03206217e-01, -5.84712754e-01,  4.74705654e-01],
       [ 1.51635505e-02,  9.28391674e-01, -2.18915775e+00,
        -1.38475833e-01,  1.03323918e+00, -1.34504339e+00,
         4.63542751e+00,  9.21118034e+00,  1.69251755e+00,
         1.78683272e-01,  1.03904764e+00, -1.28455032e+00,
        -6.02247116e-01, -4.90942905e-01, -1.82977072e-01,
        -1.31906439e-01, -3.75169904e-01,  1.05117293e-01],
       [-5.54780201e+00,  1.34923430e+00, -1.51473625e+00,
        -2.61444923e+00,  8.70982010e-01,  2.36019038e-01,
        -5.23652809e+00,  1.69251755e+00,  1.04629914e+01,
        -7.47255038e-01,  5.40358280e-01,  4.13577727e-01,
         6.68196836e-02,  2.65953597e-01, -8.63858607e-02,
        -2.28761254e-01,  2.69520224e-01, -2.04931473e-01],
       [ 8.43512451e-01,  6.14910516e-01,  3.40156075e-01,
         4.30663543e-01,  2.78638852e-01, -6.64709126e-02,
         1.22208105e+00,  1.78683272e-01, -7.47255038e-01,
         1.09335383e+00,  5.29753890e-02, -5.05343121e-02,
        -2.79692304e-01,  1.43974994e-02,  2.44150604e-02,
        -4.87489501e-02,  2.27000670e-02,  2.37945674e-01],
       [ 5.14954338e-01,  3.94036259e-01, -1.13418180e-01,
         2.84775059e-01,  2.53808281e-01, -1.99537009e-01,
         1.41774778e+00,  1.03904764e+00,  5.40358280e-01,
         5.29753890e-02,  7.95529142e-01, -2.63875976e-01,
        -7.26870800e-02, -1.80036129e-01, -1.86417886e-01,
        -4.51987214e-02, -3.23401186e-02, -8.08225782e-02],
       [-6.75124670e-01, -9.37253156e-02,  1.99546958e-01,
        -2.91342324e-01, -7.52420433e-02,  2.34009128e-01,
        -9.92878573e-01, -1.28455032e+00,  4.13577727e-01,
        -5.05343121e-02, -2.63875976e-01,  5.55705185e-01,
         3.25439029e-02,  1.78539803e-01,  8.41075109e-03,
        -5.53249604e-02,  9.96208212e-02,  1.30878379e-02],
       [-6.35893287e-02, -1.65107075e-01,  1.95419505e-02,
        -2.20765678e-02, -1.37508404e-01,  8.62834967e-02,
        -8.94484142e-01, -6.02247116e-01,  6.68196836e-02,
        -2.79692304e-01, -7.26870800e-02,  3.25439029e-02,
         1.79551433e-01,  2.75917495e-02,  1.24775253e-04,
         7.45923237e-02,  5.43383386e-02, -9.15503596e-02],
       [-2.96512689e-01,  2.21053060e-02,  1.52027850e-01,
        -1.26121770e-01, -1.10021129e-03,  1.43414093e-01,
        -5.67723451e-01, -4.90942905e-01,  2.65953597e-01,
         1.43974994e-02, -1.80036129e-01,  1.78539803e-01,
         2.75917495e-02,  1.18832943e-01,  3.27216784e-02,
        -9.12853110e-03,  7.84445635e-02,  1.65821623e-02],
       [-1.62109289e-01, -1.88257336e-01,  6.31391547e-02,
        -9.02868136e-02, -9.84038734e-02,  7.35431058e-02,
        -2.44249438e-01, -1.82977072e-01, -8.63858607e-02,
         2.44150604e-02, -1.86417886e-01,  8.41075109e-03,
         1.24775253e-04,  3.27216784e-02,  9.54986663e-02,
         1.57906000e-02, -3.96123393e-03,  6.09896331e-02],
       [ 1.28140959e-01, -9.44972388e-02, -9.69389258e-03,
         6.05818914e-02, -7.50591321e-02, -1.71979711e-03,
        -2.03206217e-01, -1.31906439e-01, -2.28761254e-01,
        -4.87489501e-02, -4.51987214e-02, -5.53249604e-02,
         7.45923237e-02, -9.12853110e-03,  1.57906000e-02,
         6.43466687e-02,  9.31990135e-03, -2.02330264e-02],
       [-8.57012174e-02,  6.57817418e-02,  9.64843624e-02,
        -2.31924301e-02,  5.67863453e-03,  8.87828561e-02,
        -5.84712754e-01, -3.75169904e-01,  2.69520224e-01,
         2.27000670e-02, -3.23401186e-02,  9.96208212e-02,
         5.43383386e-02,  7.84445635e-02, -3.96123393e-03,
         9.31990135e-03,  9.64562874e-02, -1.54247304e-02],
       [ 1.04845449e-01,  1.42769448e-02,  9.45969473e-02,
         5.12503477e-02,  2.24640663e-02,  8.84582417e-03,
         4.74705654e-01,  1.05117293e-01, -2.04931473e-01,
         2.37945674e-01, -8.08225782e-02,  1.30878379e-02,
        -9.15503596e-02,  1.65821623e-02,  6.09896331e-02,
        -2.02330264e-02, -1.54247304e-02,  1.13731773e-01]])
      jac: array([ 2.72334007e-05,  5.39790435e-06,  7.15760784e-06, -5.64988797e-05,
       -1.94821936e-05, -2.71741888e-05,  4.72362890e-06, -1.67273602e-07,
        4.52008801e-06,  1.09127522e-05,  1.68161781e-06, -3.25443376e-06,
        5.65355170e-05,  5.15983552e-05,  5.33203111e-06, -2.82929236e-05,
       -3.40797760e-05, -2.97058674e-06])
  message: 'Desired error not necessarily achieved due to precision loss.'
     nfev: 1911
      nit: 63
     njev: 100
   status: 2
  success: False
        x: array([-1.61003331, -1.06946604,  0.64203734, -1.41496162, -1.14492238,
        0.33843131, -0.45338137, -1.56803922,  1.0480575 ,  0.06761867,
        0.47873332,  1.22084705,  0.11720119,  0.18083022, -0.26707587,
        1.30278118, -0.293946  ,  0.0053377 ])
