Program Begingeth
      fun: 0.2529417293732811
 hess_inv: array([[ 3.78917294e+00, -1.64387728e+00, -6.99673138e-01,
         1.44073473e+00, -6.88722950e-01,  4.55072551e-01,
         3.46032415e+00,  2.19114640e+00,  1.06859265e+00,
        -8.43584689e-02, -1.06733948e+00,  5.98765111e-01,
        -5.71873946e-01,  3.64005809e-01,  4.71496675e-01,
        -2.89245191e-01,  3.89158314e-01, -9.15008879e-02],
       [-1.64387728e+00,  3.36120623e+00,  9.88301047e-01,
        -4.89335661e-01,  1.39980318e+00, -5.04169222e-03,
        -2.32851315e+00,  1.03758170e+00,  2.01323817e+00,
        -4.96516686e-01,  5.06572109e-01, -1.22364876e+00,
         5.38185730e-01, -3.67802519e-01, -2.05931535e-01,
         1.00842884e-01, -2.41348499e-01,  1.04251829e-01],
       [-6.99673138e-01,  9.88301047e-01,  3.82996595e+00,
        -8.81352710e-01,  3.00975081e-01,  1.57707198e+00,
        -7.39421335e+00, -3.83953450e+00,  5.99173775e+00,
         2.76672553e-01,  1.49985771e+00, -7.04477128e-01,
         1.93546619e-02, -2.31043450e-01, -5.51851524e-01,
         2.28085003e-01, -6.91502686e-02, -3.82155819e-01],
       [ 1.44073473e+00, -4.89335661e-01, -8.81352710e-01,
         7.15014510e-01, -1.97172395e-01, -1.24381952e-01,
         2.85592399e+00,  1.62014758e+00, -4.22909520e-01,
        -1.52255091e-01, -6.15631788e-01,  2.11964315e-01,
        -1.51417258e-01,  1.23284070e-01,  2.71248260e-01,
        -1.39616259e-01,  1.26295070e-01,  6.50523236e-02],
       [-6.88722950e-01,  1.39980318e+00,  3.00975081e-01,
        -1.97172395e-01,  6.62581386e-01, -2.72029186e-02,
        -1.16477544e+00,  1.18047307e+00,  4.68077435e-01,
        -1.48102726e-01,  1.13912595e-01, -4.48258682e-01,
         2.46082404e-01, -1.07857800e-01, -3.70839842e-02,
         6.06894516e-02, -1.05946019e-01,  6.55377387e-02],
       [ 4.55072551e-01, -5.04169222e-03,  1.57707198e+00,
        -1.24381952e-01, -2.72029186e-02,  8.62665887e-01,
        -2.94215051e+00, -1.08044454e+00,  3.08833885e+00,
         2.39982648e-01,  3.90042626e-01, -1.41893086e-01,
        -1.45186330e-01, -1.84956596e-02, -1.24363845e-01,
         2.97407784e-02,  2.58785434e-02, -2.03743195e-01],
       [ 3.46032415e+00, -2.32851315e+00, -7.39421335e+00,
         2.85592399e+00, -1.16477544e+00, -2.94215051e+00,
         2.27739457e+01,  6.12465691e+00, -1.01931374e+01,
        -1.20339234e+00, -2.82000809e+00,  1.10713444e+00,
        -3.93430907e-01,  4.30074058e-01,  1.19167563e+00,
        -7.09040008e-01,  5.83910828e-01,  8.29387953e-01],
       [ 2.19114640e+00,  1.03758170e+00, -3.83953450e+00,
         1.62014758e+00,  1.18047307e+00, -1.08044454e+00,
         6.12465691e+00,  1.44658746e+01, -4.84615617e+00,
        -1.78862787e-01, -2.47641001e+00,  7.63694523e-02,
         2.30833255e-02,  3.62258681e-01,  1.24957618e+00,
        -4.13689911e-01,  7.61383203e-02,  5.74301626e-01],
       [ 1.06859265e+00,  2.01323817e+00,  5.99173775e+00,
        -4.22909520e-01,  4.68077435e-01,  3.08833885e+00,
        -1.01931374e+01, -4.84615617e+00,  1.58896168e+01,
         5.27036064e-01,  2.11578508e+00, -1.35709684e+00,
        -2.46540566e-01, -6.82187974e-01, -7.67940959e-01,
         5.46561557e-02, -2.37241448e-01, -7.91117025e-01],
       [-8.43584689e-02, -4.96516686e-01,  2.76672553e-01,
        -1.52255091e-01, -1.48102726e-01,  2.39982648e-01,
        -1.20339234e+00, -1.78862787e-01,  5.27036064e-01,
         8.15284660e-01,  1.91959303e-01,  1.14215408e-01,
        -1.99364131e-01, -2.09570240e-02, -1.04541989e-01,
         2.12805838e-02, -7.24539789e-02, -2.33266899e-01],
       [-1.06733948e+00,  5.06572109e-01,  1.49985771e+00,
        -6.15631788e-01,  1.13912595e-01,  3.90042626e-01,
        -2.82000809e+00, -2.47641001e+00,  2.11578508e+00,
         1.91959303e-01,  1.28234147e+00, -3.95484775e-01,
         9.82642732e-02, -2.93310581e-01, -4.55157334e-01,
         1.63118357e-01, -1.16172277e-01, -2.30873941e-01],
       [ 5.98765111e-01, -1.22364876e+00, -7.04477128e-01,
         2.11964315e-01, -4.48258682e-01, -1.41893086e-01,
         1.10713444e+00,  7.63694523e-02, -1.35709684e+00,
         1.14215408e-01, -3.95484775e-01,  7.43646231e-01,
        -1.31649680e-01,  2.33336477e-01,  1.02924346e-01,
         9.27943908e-03,  1.24934682e-01,  3.27752693e-02],
       [-5.71873946e-01,  5.38185730e-01,  1.93546619e-02,
        -1.51417258e-01,  2.46082404e-01, -1.45186330e-01,
        -3.93430907e-01,  2.30833255e-02, -2.46540566e-01,
        -1.99364131e-01,  9.82642732e-02, -1.31649680e-01,
         2.27109613e-01, -6.51003025e-02, -3.97547614e-02,
         9.53619401e-02, -8.61985393e-02,  9.21546831e-02],
       [ 3.64005809e-01, -3.67802519e-01, -2.31043450e-01,
         1.23284070e-01, -1.07857800e-01, -1.84956596e-02,
         4.30074058e-01,  3.62258681e-01, -6.82187974e-01,
        -2.09570240e-02, -2.93310581e-01,  2.33336477e-01,
        -6.51003025e-02,  1.62490543e-01,  9.74076688e-02,
        -1.62267595e-02,  1.06921244e-01,  3.63734911e-02],
       [ 4.71496675e-01, -2.05931535e-01, -5.51851524e-01,
         2.71248260e-01, -3.70839842e-02, -1.24363845e-01,
         1.19167563e+00,  1.24957618e+00, -7.67940959e-01,
        -1.04541989e-01, -4.55157334e-01,  1.02924346e-01,
        -3.97547614e-02,  9.74076688e-02,  2.18423272e-01,
        -7.67394659e-02,  4.53034760e-02,  1.15891982e-01],
       [-2.89245191e-01,  1.00842884e-01,  2.28085003e-01,
        -1.39616259e-01,  6.06894516e-02,  2.97407784e-02,
        -7.09040008e-01, -4.13689911e-01,  5.46561557e-02,
         2.12805838e-02,  1.63118357e-01,  9.27943908e-03,
         9.53619401e-02, -1.62267595e-02, -7.67394659e-02,
         1.00528122e-01, -3.62187626e-02, -8.40173755e-03],
       [ 3.89158314e-01, -2.41348499e-01, -6.91502686e-02,
         1.26295070e-01, -1.05946019e-01,  2.58785434e-02,
         5.83910828e-01,  7.61383203e-02, -2.37241448e-01,
        -7.24539789e-02, -1.16172277e-01,  1.24934682e-01,
        -8.61985393e-02,  1.06921244e-01,  4.53034760e-02,
        -3.62187626e-02,  1.29523563e-01,  4.38444766e-03],
       [-9.15008879e-02,  1.04251829e-01, -3.82155819e-01,
         6.50523236e-02,  6.55377387e-02, -2.03743195e-01,
         8.29387953e-01,  5.74301626e-01, -7.91117025e-01,
        -2.33266899e-01, -2.30873941e-01,  3.27752693e-02,
         9.21546831e-02,  3.63734911e-02,  1.15891982e-01,
        -8.40173755e-03,  4.38444766e-03,  1.58891237e-01]])
      jac: array([ 1.36731367e-05,  5.89472915e-05, -1.65507978e-04, -4.73358390e-05,
       -1.01239017e-04,  3.93721722e-04,  5.53002089e-06,  1.61056353e-06,
       -2.64810396e-05,  2.02471373e-05,  2.84228197e-05, -6.93674747e-05,
        7.39360425e-05,  7.83543600e-05, -2.82054750e-04, -4.33227528e-05,
       -3.36282853e-05,  2.03345119e-04])
  message: 'Desired error not necessarily achieved due to precision loss.'
     nfev: 2215
      nit: 71
     njev: 116
   status: 2
  success: False
        x: array([ 0.83274889, -0.93756026,  0.59534005,  1.11013228, -1.01001774,
        0.14146006,  0.84997702, -1.53749653, -0.64649918,  0.04724909,
        0.65404489,  1.1515864 ,  0.01242659,  0.22072072, -0.3337744 ,
       -1.04489106, -0.22867283, -0.0239773 ])
