Program Begingeth
      fun: 0.20140430874679305
 hess_inv: array([[ 6.25849418e-01, -6.20782263e-02, -3.08222193e-02,
         2.19099479e-01,  1.31051795e-01,  2.87239007e-01,
         2.78414824e-01,  8.93727348e-02,  1.17453638e+00,
         6.25847085e-01,  4.11724323e-01,  4.19626445e-01,
        -1.62272750e-01,  1.00548096e-03,  1.15189918e-02,
         4.62818815e-02, -7.78661928e-02, -1.60241509e-01],
       [-6.20782263e-02,  2.01136912e-01, -1.15291454e-02,
         4.49705756e-02,  2.16353974e-02, -7.96735630e-02,
         8.89751418e-02,  6.63655399e-02,  2.21063852e-03,
         1.64753281e-01,  2.45795982e-02, -7.80286616e-02,
         4.32485840e-02, -5.53578607e-02, -7.78014170e-02,
         2.29140468e-02,  2.28755939e-02, -2.95334627e-02],
       [-3.08222193e-02, -1.15291454e-02,  1.02698217e-01,
         8.21793759e-02,  2.89270297e-02,  5.38268499e-02,
         7.77464612e-03,  4.76178535e-02,  4.22151774e-01,
         2.73222545e-01,  5.10777711e-02,  1.00410645e-01,
         5.21251363e-02,  1.83460940e-02, -1.34874683e-02,
         2.56628188e-02,  1.45183181e-03,  3.78254831e-02],
       [ 2.19099479e-01,  4.49705756e-02,  8.21793759e-02,
         1.05873552e+00,  2.90469347e-01,  4.98362021e-01,
         8.56692730e-01,  1.99968342e-01,  4.50275812e+00,
         3.24399063e+00,  1.00766972e+00,  8.69200737e-01,
         2.70909539e-01, -1.12957235e-01, -3.44980619e-02,
         1.25564573e-01, -2.08065973e-01,  2.00596645e-03],
       [ 1.31051795e-01,  2.16353974e-02,  2.89270297e-02,
         2.90469347e-01,  1.47153965e-01,  1.59987613e-01,
         2.47713097e-01,  1.78887734e-01,  1.33675522e+00,
         8.92714566e-01,  4.46359248e-01,  2.08665415e-01,
         5.01739334e-02, -9.14042895e-03,  6.18814110e-03,
         4.21811988e-02, -4.74297921e-02, -4.98007950e-03],
       [ 2.87239007e-01, -7.96735630e-02,  5.38268499e-02,
         4.98362021e-01,  1.59987613e-01,  4.29640409e-01,
         2.03079501e-01,  2.14310002e-02,  2.55086265e+00,
         1.55330143e+00,  6.65390415e-01,  7.62099566e-01,
         5.16960278e-02, -5.35383505e-02,  4.30872672e-02,
         4.31823027e-02, -1.33595908e-01, -2.64503793e-02],
       [ 2.78414824e-01,  8.89751418e-02,  7.77464612e-03,
         8.56692730e-01,  2.47713097e-01,  2.03079501e-01,
         1.99664578e+00, -6.26020762e-02,  2.71679789e+00,
         2.09933011e+00,  6.42614685e-01,  2.22454256e-01,
         2.32900006e-01, -2.47514361e-02, -6.53917033e-02,
         1.42459100e-01, -1.45527590e-01, -3.96864769e-02],
       [ 8.93727348e-02,  6.63655399e-02,  4.76178535e-02,
         1.99968342e-01,  1.78887734e-01,  2.14310002e-02,
        -6.26020762e-02,  1.45247894e+00,  1.19887091e+00,
         9.68103377e-01,  1.26691112e-01, -2.01102673e-01,
        -5.22222449e-02,  3.34418029e-02, -4.26143248e-02,
        -2.32772147e-03,  1.78223238e-02, -7.76855438e-03],
       [ 1.17453638e+00,  2.21063852e-03,  4.22151774e-01,
         4.50275812e+00,  1.33675522e+00,  2.55086265e+00,
         2.71679789e+00,  1.19887091e+00,  2.11844916e+01,
         1.42696862e+01,  4.80298584e+00,  4.23523031e+00,
         9.61526472e-01, -4.55529956e-01, -3.54189946e-02,
         4.44545743e-01, -8.97990908e-01, -3.38390143e-02],
       [ 6.25847085e-01,  1.64753281e-01,  2.73222545e-01,
         3.24399063e+00,  8.92714566e-01,  1.55330143e+00,
         2.09933011e+00,  9.68103377e-01,  1.42696862e+01,
         1.03317341e+01,  3.07518255e+00,  2.68815008e+00,
         7.70151215e-01, -3.52277600e-01, -1.27707711e-01,
         3.39666428e-01, -6.01365940e-01,  1.86403752e-03],
       [ 4.11724323e-01,  2.45795982e-02,  5.10777711e-02,
         1.00766972e+00,  4.46359248e-01,  6.65390415e-01,
         6.42614685e-01,  1.26691112e-01,  4.80298584e+00,
         3.07518255e+00,  1.70616377e+00,  1.05662667e+00,
         1.86901115e-01, -1.14124412e-01,  7.37207006e-02,
         1.10960169e-01, -2.21398031e-01, -1.07372644e-02],
       [ 4.19626445e-01, -7.80286616e-02,  1.00410645e-01,
         8.69200737e-01,  2.08665415e-01,  7.62099566e-01,
         2.22454256e-01, -2.01102673e-01,  4.23523031e+00,
         2.68815008e+00,  1.05662667e+00,  1.63463790e+00,
         1.42482975e-01, -1.70002240e-01,  2.41259838e-02,
         8.08559804e-02, -2.59439899e-01, -5.65798438e-02],
       [-1.62272750e-01,  4.32485840e-02,  5.21251363e-02,
         2.70909539e-01,  5.01739334e-02,  5.16960278e-02,
         2.32900006e-01, -5.22222449e-02,  9.61526472e-01,
         7.70151215e-01,  1.86901115e-01,  1.42482975e-01,
         1.84954980e-01, -3.85429690e-02, -1.90585798e-02,
         5.27729056e-02, -4.70248897e-02,  6.73920444e-02],
       [ 1.00548096e-03, -5.53578607e-02,  1.83460940e-02,
        -1.12957235e-01, -9.14042895e-03, -5.35383505e-02,
        -2.47514361e-02,  3.34418029e-02, -4.55529956e-01,
        -3.52277600e-01, -1.14124412e-01, -1.70002240e-01,
        -3.85429690e-02,  6.96733580e-02,  1.74949539e-02,
        -8.64286647e-03,  4.55614927e-02,  1.51519661e-02],
       [ 1.15189918e-02, -7.78014170e-02, -1.34874683e-02,
        -3.44980619e-02,  6.18814110e-03,  4.30872672e-02,
        -6.53917033e-02, -4.26143248e-02, -3.54189946e-02,
        -1.27707711e-01,  7.37207006e-02,  2.41259838e-02,
        -1.90585798e-02,  1.74949539e-02,  6.78394288e-02,
        -1.81122342e-02, -1.11555744e-02,  3.06102391e-02],
       [ 4.62818815e-02,  2.29140468e-02,  2.56628188e-02,
         1.25564573e-01,  4.21811988e-02,  4.31823027e-02,
         1.42459100e-01, -2.32772147e-03,  4.44545743e-01,
         3.39666428e-01,  1.10960169e-01,  8.08559804e-02,
         5.27729056e-02, -8.64286647e-03, -1.81122342e-02,
         4.85110191e-02, -2.23413731e-02, -2.84565798e-03],
       [-7.78661928e-02,  2.28755939e-02,  1.45183181e-03,
        -2.08065973e-01, -4.74297921e-02, -1.33595908e-01,
        -1.45527590e-01,  1.78223238e-02, -8.97990908e-01,
        -6.01365940e-01, -2.21398031e-01, -2.59439899e-01,
        -4.70248897e-02,  4.55614927e-02, -1.11555744e-02,
        -2.23413731e-02,  7.76253876e-02,  5.96351866e-03],
       [-1.60241509e-01, -2.95334627e-02,  3.78254831e-02,
         2.00596645e-03, -4.98007950e-03, -2.64503793e-02,
        -3.96864769e-02, -7.76855438e-03, -3.38390143e-02,
         1.86403752e-03, -1.07372644e-02, -5.65798438e-02,
         6.73920444e-02,  1.51519661e-02,  3.06102391e-02,
        -2.84565798e-03,  5.96351866e-03,  8.23778438e-02]])
      jac: array([ 0.01828613, -0.01737038,  0.00132199,  0.00339203,  0.00151543,
       -0.01618907, -0.00303167,  0.00458336, -0.00347703,  0.00280131,
       -0.00172256,  0.00144362,  0.05135308, -0.02186537, -0.00232641,
       -0.03890236,  0.02854937, -0.00757804])
  message: 'Maximum number of iterations has been exceeded.'
     nfev: 2128
      nit: 100
     njev: 112
   status: 1
  success: False
        x: array([ 0.05050737,  0.34723631,  0.78965008,  1.51562791, -0.69098651,
       -0.21398787,  2.56533773, -0.39218933, -0.00832927,  1.7675752 ,
       -0.82765214, -0.8227593 ,  0.16241447,  0.20534258, -0.32103914,
       -1.12275028, -0.18050246,  0.04882504])
