Program Begingeth
      fun: 0.22538711500733197
 hess_inv: array([[ 6.90029268e-01, -5.50986814e-02,  4.01855162e-02,
        -4.52454924e-03,  1.75040395e-01,  4.11134088e-01,
        -5.88765284e-01,  4.25512903e-01,  1.19054599e+00,
         2.03119437e-01,  4.80704553e-01,  6.04672828e-01,
        -2.76497221e-01,  3.30323263e-02,  7.88987177e-02,
         2.38323114e-02, -3.76272213e-02, -1.36594000e-01],
       [-5.50986814e-02,  3.06925543e-01, -5.42111167e-02,
         2.13210042e-03, -5.56508442e-02, -2.58419932e-01,
         3.89512367e-01,  8.16339112e-02, -1.04507015e+00,
        -9.97508217e-02, -2.50670893e-01, -2.77194501e-01,
         4.05181830e-02, -1.13044029e-01, -1.56164931e-01,
         2.76232971e-02,  2.62955413e-02, -7.81927226e-02],
       [ 4.01855162e-02, -5.42111167e-02,  1.79156065e-01,
        -1.98340082e-02,  1.14660238e-01,  1.30405499e-01,
        -2.41722111e-01,  2.67266198e-01,  5.90601796e-01,
         8.09019305e-02,  2.21113888e-01,  1.41085356e-01,
        -1.80787768e-02,  9.66590898e-02,  1.23690850e-02,
         2.73797952e-02,  4.10778935e-02,  4.00221306e-02],
       [-4.52454924e-03,  2.13210042e-03, -1.98340082e-02,
         2.84408626e-01,  8.88592234e-02,  1.83387035e-01,
        -2.81758104e-02, -4.13956771e-02,  1.37749176e+00,
         9.04813011e-01,  2.78905815e-01,  4.19069588e-01,
         1.13969210e-01, -1.09397962e-02,  1.42687331e-02,
         4.45005226e-02, -5.76453875e-02,  1.37011502e-02],
       [ 1.75040395e-01, -5.56508442e-02,  1.14660238e-01,
         8.88592234e-02,  2.80600120e-01,  3.10745297e-01,
        -3.82786134e-01,  4.64862761e-01,  1.67599626e+00,
         4.64787875e-01,  7.36762189e-01,  3.55512757e-01,
        -3.46549709e-02,  1.05728725e-01,  7.97121077e-02,
         3.84268375e-02,  5.84728030e-04,  1.56490776e-02],
       [ 4.11134088e-01, -2.58419932e-01,  1.30405499e-01,
         1.83387035e-01,  3.10745297e-01,  9.24067072e-01,
        -1.68481858e+00,  2.11504480e-01,  4.12637658e+00,
         1.18718705e+00,  1.11019948e+00,  1.61641036e+00,
        -1.36103617e-01,  1.01743893e-01,  2.14389514e-01,
        -5.38485085e-04, -7.33286340e-02, -1.29984515e-02],
       [-5.88765284e-01,  3.89512367e-01, -2.41722111e-01,
        -2.81758104e-02, -3.82786134e-01, -1.68481858e+00,
         4.82757289e+00, -1.72970425e-01, -7.02720463e+00,
        -1.87418384e+00, -1.73244815e+00, -3.25455334e+00,
         3.53659827e-01, -7.74793912e-02, -3.09847389e-01,
         7.92091950e-02,  8.76221804e-02,  8.99515031e-02],
       [ 4.25512903e-01,  8.16339112e-02,  2.67266198e-01,
        -4.13956771e-02,  4.64862761e-01,  2.11504480e-01,
        -1.72970425e-01,  2.35836716e+00,  8.21580205e-01,
         1.49066118e-01,  5.97588534e-01, -4.14939896e-02,
        -1.85941826e-01,  1.52398052e-01,  3.81531661e-02,
         7.81856301e-02,  2.30847896e-02, -2.32317223e-02],
       [ 1.19054599e+00, -1.04507015e+00,  5.90601796e-01,
         1.37749176e+00,  1.67599626e+00,  4.12637658e+00,
        -7.02720463e+00,  8.21580205e-01,  2.17209863e+01,
         7.13897916e+00,  5.76761382e+00,  6.90380486e+00,
        -1.85045519e-01,  5.39522863e-01,  8.74766602e-01,
         6.77472532e-02, -3.12315004e-01,  4.08527441e-02],
       [ 2.03119437e-01, -9.97508217e-02,  8.09019305e-02,
         9.04813011e-01,  4.64787875e-01,  1.18718705e+00,
        -1.87418384e+00,  1.49066118e-01,  7.13897916e+00,
         3.72196068e+00,  1.55794338e+00,  2.42765233e+00,
         1.75164777e-01,  3.14270369e-02,  1.21152654e-01,
         8.93109054e-02, -1.67927209e-01, -3.63455192e-03],
       [ 4.80704553e-01, -2.50670893e-01,  2.21113888e-01,
         2.78905815e-01,  7.36762189e-01,  1.11019948e+00,
        -1.73244815e+00,  5.97588534e-01,  5.76761382e+00,
         1.55794338e+00,  2.37591845e+00,  1.54746420e+00,
        -1.21636415e-01,  2.37866868e-01,  2.97984168e-01,
         4.10211833e-02, -3.84979908e-02,  3.11518263e-02],
       [ 6.04672828e-01, -2.77194501e-01,  1.41085356e-01,
         4.19069588e-01,  3.55512757e-01,  1.61641036e+00,
        -3.25455334e+00, -4.14939896e-02,  6.90380486e+00,
         2.42765233e+00,  1.54746420e+00,  3.46013189e+00,
        -1.44522283e-01, -2.48118098e-03,  2.54180790e-01,
         4.36648586e-03, -1.79492935e-01, -7.74234229e-02],
       [-2.76497221e-01,  4.05181830e-02, -1.80787768e-02,
         1.13969210e-01, -3.46549709e-02, -1.36103617e-01,
         3.53659827e-01, -1.85941826e-01, -1.85045519e-01,
         1.75164777e-01, -1.21636415e-01, -1.44522283e-01,
         1.93747238e-01, -2.07887678e-02, -3.54702431e-02,
         4.30765122e-02, -1.32495081e-02,  6.59277396e-02],
       [ 3.30323263e-02, -1.13044029e-01,  9.66590898e-02,
        -1.09397962e-02,  1.05728725e-01,  1.01743893e-01,
        -7.74793912e-02,  1.52398052e-01,  5.39522863e-01,
         3.14270369e-02,  2.37866868e-01, -2.48118098e-03,
        -2.07887678e-02,  1.09892119e-01,  5.72900904e-02,
         7.83132816e-03,  2.97319618e-02,  4.64717863e-02],
       [ 7.88987177e-02, -1.56164931e-01,  1.23690850e-02,
         1.42687331e-02,  7.97121077e-02,  2.14389514e-01,
        -3.09847389e-01,  3.81531661e-02,  8.74766602e-01,
         1.21152654e-01,  2.97984168e-01,  2.54180790e-01,
        -3.54702431e-02,  5.72900904e-02,  1.23447409e-01,
        -1.54860987e-02, -2.54113447e-02,  4.36693475e-02],
       [ 2.38323114e-02,  2.76232971e-02,  2.73797952e-02,
         4.45005226e-02,  3.84268375e-02, -5.38485085e-04,
         7.92091950e-02,  7.81856301e-02,  6.77472532e-02,
         8.93109054e-02,  4.10211833e-02,  4.36648586e-03,
         4.30765122e-02,  7.83132816e-03, -1.54860987e-02,
         5.08436654e-02, -4.70594537e-03,  2.32818491e-03],
       [-3.76272213e-02,  2.62955413e-02,  4.10778935e-02,
        -5.76453875e-02,  5.84728030e-04, -7.33286340e-02,
         8.76221804e-02,  2.30847896e-02, -3.12315004e-01,
        -1.67927209e-01, -3.84979908e-02, -1.79492935e-01,
        -1.32495081e-02,  2.97319618e-02, -2.54113447e-02,
        -4.70594537e-03,  4.88204366e-02,  5.43804960e-03],
       [-1.36594000e-01, -7.81927226e-02,  4.00221306e-02,
         1.37011502e-02,  1.56490776e-02, -1.29984515e-02,
         8.99515031e-02, -2.32317223e-02,  4.08527441e-02,
        -3.63455192e-03,  3.11518263e-02, -7.74234229e-02,
         6.59277396e-02,  4.64717863e-02,  4.36693475e-02,
         2.32818491e-03,  5.43804960e-03,  8.36599172e-02]])
      jac: array([ 0.04003002, -0.06247501, -0.04687198, -0.02941374, -0.22426126,
       -0.14593007,  0.003227  ,  0.02666325,  0.03141616, -0.01733213,
        0.06229086,  0.01845499, -0.01074087, -0.08511406, -0.06178236,
        0.01827833,  0.1301703 ,  0.1186633 ])
  message: 'Maximum number of iterations has been exceeded.'
     nfev: 2185
      nit: 100
     njev: 115
   status: 1
  success: False
        x: array([ 0.02094982,  0.29469781,  0.80986599,  1.52688925, -0.52451413,
       -0.11344164,  2.30590878, -0.25549091,  0.51069695,  1.95096081,
       -0.54234873, -0.58545225,  0.1307065 ,  0.17073877, -0.3192165 ,
       -1.11366267, -0.46577717,  0.04631894])
