Program Begingeth
      fun: 0.28885708472131494
 hess_inv: array([[ 5.59559200e+00, -1.58087358e+00, -6.14315483e-01,
         1.22372059e+00, -6.63652191e-01,  1.11894924e+00,
         6.98660971e-01,  2.48302124e+00,  1.69490426e+00,
        -8.99318273e-01, -1.08170279e+00,  1.41219123e+00,
        -1.05934077e+00,  5.16263837e-01,  5.64380351e-01,
        -1.26829182e-01,  6.31708882e-01, -5.16366357e-01],
       [-1.58087358e+00,  3.60316553e+00,  1.17646283e+00,
        -2.75095707e-01,  1.22368533e+00, -8.85403557e-02,
        -4.12734338e+00,  4.87340060e-01,  3.71130429e+00,
        -9.84189014e-02,  2.16295054e-01, -2.05352886e+00,
         6.34803977e-01, -5.37352938e-01, -2.59286284e-01,
        -7.03101459e-02, -2.41973306e-01,  1.57152915e-01],
       [-6.14315483e-01,  1.17646283e+00,  2.13832243e+00,
        -4.31424589e-01,  3.80507496e-01,  3.90045186e-01,
        -3.30374520e+00, -2.53494969e+00,  1.79796782e+00,
         1.19424165e-01,  1.08213594e+00, -1.17216123e+00,
         1.45791476e-01, -2.57228955e-01, -4.06885021e-01,
         1.69052074e-01, -1.12477265e-01, -6.16810056e-02],
       [ 1.22372059e+00, -2.75095707e-01, -4.31424589e-01,
         3.79228589e-01, -1.39417250e-01,  1.54951095e-01,
         9.06181945e-01,  1.07824320e+00,  3.88773113e-01,
        -2.78179316e-01, -4.29154208e-01,  3.00235741e-01,
        -1.76126042e-01,  9.72755976e-02,  1.99228942e-01,
        -5.58687529e-02,  1.40353872e-01, -5.58704888e-02],
       [-6.63652191e-01,  1.22368533e+00,  3.80507496e-01,
        -1.39417250e-01,  5.87574501e-01, -1.40387588e-02,
        -2.78267242e+00,  7.88372435e-01,  9.30440765e-01,
         1.70174567e-01,  2.48269832e-02, -6.05887312e-01,
         3.04844071e-01, -1.11910593e-01, -6.42574282e-02,
         2.32525587e-02, -1.77170960e-01,  5.01960740e-02],
       [ 1.11894924e+00, -8.85403557e-02,  3.90045186e-01,
         1.54951095e-01, -1.40387588e-02,  4.38359275e-01,
        -1.30152124e+00,  2.61887945e-01,  1.09741493e+00,
         3.34258329e-03, -7.25836309e-02,  7.88350643e-02,
        -2.34582228e-01,  7.16434161e-02,  8.35295718e-02,
        -1.28076931e-02,  7.08682849e-02, -1.34242801e-01],
       [ 6.98660971e-01, -4.12734338e+00, -3.30374520e+00,
         9.06181945e-01, -2.78267242e+00, -1.30152124e+00,
         2.64797141e+01, -2.21740991e+00, -5.79685591e+00,
        -1.84526181e+00, -7.09327845e-01,  1.98106636e+00,
        -1.00068689e+00,  2.92022674e-01,  3.72504718e-01,
        -3.13563775e-01,  1.45071208e+00,  4.79853071e-01],
       [ 2.48302124e+00,  4.87340060e-01, -2.53494969e+00,
         1.07824320e+00,  7.88372435e-01,  2.61887945e-01,
        -2.21740991e+00,  1.17555684e+01,  6.32179093e-01,
        -5.55768858e-02, -2.39733251e+00,  6.55265009e-01,
        -1.57309414e-01,  4.55986742e-01,  1.17786563e+00,
        -4.93610513e-01,  1.99355354e-01,  8.05177005e-02],
       [ 1.69490426e+00,  3.71130429e+00,  1.79796782e+00,
         3.88773113e-01,  9.30440765e-01,  1.09741493e+00,
        -5.79685591e+00,  6.32179093e-01,  1.09554307e+01,
        -4.21363297e-01,  1.14436528e-01, -2.03139142e+00,
        -5.28535506e-02, -7.75522382e-01, -3.44724724e-02,
        -3.01930503e-01, -1.24815014e-01, -1.12581191e-01],
       [-8.99318273e-01, -9.84189014e-02,  1.19424165e-01,
        -2.78179316e-01,  1.70174567e-01,  3.34258329e-03,
        -1.84526181e+00, -5.55768858e-02, -4.21363297e-01,
         1.11052644e+00,  2.57230272e-01,  6.70021150e-03,
         2.45993732e-02, -4.80932551e-02, -9.36740397e-02,
         6.12096363e-02, -2.87188637e-01, -1.06008799e-01],
       [-1.08170279e+00,  2.16295054e-01,  1.08213594e+00,
        -4.29154208e-01,  2.48269832e-02, -7.25836309e-02,
        -7.09327845e-01, -2.39733251e+00,  1.14436528e-01,
         2.57230272e-01,  1.35212101e+00, -6.08020189e-01,
         1.37887728e-01, -2.97012261e-01, -4.54029595e-01,
         1.66323053e-01, -1.36728166e-01, -8.70540006e-02],
       [ 1.41219123e+00, -2.05352886e+00, -1.17216123e+00,
         3.00235741e-01, -6.05887312e-01,  7.88350643e-02,
         1.98106636e+00,  6.55265009e-01, -2.03139142e+00,
         6.70021150e-03, -6.08020189e-01,  1.75719848e+00,
        -3.99932924e-01,  4.89433738e-01,  2.34809501e-01,
         3.51768887e-02,  2.10652414e-01, -1.09117063e-01],
       [-1.05934077e+00,  6.34803977e-01,  1.45791476e-01,
        -1.76126042e-01,  3.04844071e-01, -2.34582228e-01,
        -1.00068689e+00, -1.57309414e-01, -5.28535506e-02,
         2.45993732e-02,  1.37887728e-01, -3.99932924e-01,
         3.83713964e-01, -1.15756789e-01, -9.90580832e-02,
         7.81538309e-02, -1.89014363e-01,  1.41086618e-01],
       [ 5.16263837e-01, -5.37352938e-01, -2.57228955e-01,
         9.72755976e-02, -1.11910593e-01,  7.16434161e-02,
         2.92022674e-01,  4.55986742e-01, -7.75522382e-01,
        -4.80932551e-02, -2.97012261e-01,  4.89433738e-01,
        -1.15756789e-01,  2.22858421e-01,  1.09093727e-01,
         1.75078033e-02,  1.06671808e-01, -1.66452925e-02],
       [ 5.64380351e-01, -2.59286284e-01, -4.06885021e-01,
         1.99228942e-01, -6.42574282e-02,  8.35295718e-02,
         3.72504718e-01,  1.17786563e+00, -3.44724724e-02,
        -9.36740397e-02, -4.54029595e-01,  2.34809501e-01,
        -9.90580832e-02,  1.09093727e-01,  2.28073787e-01,
        -7.88194573e-02,  6.19812589e-02,  3.60262504e-02],
       [-1.26829182e-01, -7.03101459e-02,  1.69052074e-01,
        -5.58687529e-02,  2.32525587e-02, -1.28076931e-02,
        -3.13563775e-01, -4.93610513e-01, -3.01930503e-01,
         6.12096363e-02,  1.66323053e-01,  3.51768887e-02,
         7.81538309e-02,  1.75078033e-02, -7.88194573e-02,
         1.05187437e-01, -4.22174685e-02, -1.25345527e-02],
       [ 6.31708882e-01, -2.41973306e-01, -1.12477265e-01,
         1.40353872e-01, -1.77170960e-01,  7.08682849e-02,
         1.45071208e+00,  1.99355354e-01, -1.24815014e-01,
        -2.87188637e-01, -1.36728166e-01,  2.10652414e-01,
        -1.89014363e-01,  1.06671808e-01,  6.19812589e-02,
        -4.22174685e-02,  2.34233201e-01, -2.18903291e-02],
       [-5.16366357e-01,  1.57152915e-01, -6.16810056e-02,
        -5.58704888e-02,  5.01960740e-02, -1.34242801e-01,
         4.79853071e-01,  8.05177005e-02, -1.12581191e-01,
        -1.06008799e-01, -8.70540006e-02, -1.09117063e-01,
         1.41086618e-01, -1.66452925e-02,  3.60262504e-02,
        -1.25345527e-02, -2.18903291e-02,  1.57669064e-01]])
      jac: array([-6.00260582e-07, -2.72855812e-06, -3.29440179e-06,  8.77446264e-07,
        8.32852306e-06,  4.54599321e-06,  4.81836793e-07, -1.08542804e-06,
       -1.17313566e-07,  6.13953333e-07,  5.86197757e-07, -1.64646075e-06,
        4.55709544e-06,  2.96577577e-06,  2.29594122e-06, -7.18314297e-06,
        3.25887465e-06, -4.98638168e-06])
  message: 'Optimization terminated successfully.'
     nfev: 1634
      nit: 74
     njev: 86
   status: 0
  success: True
        x: array([ 0.49597028, -0.64860029,  0.62720281,  1.01973062, -0.78816237,
        0.087643  ,  0.44984045, -1.61940355, -0.49599514,  0.00493315,
        0.65352294,  1.07267581,  0.05805907,  0.09563878, -0.37990351,
       -1.01845661, -0.63761264, -0.00635627])
