Program Begingeth
      fun: 0.3220631938519652
 hess_inv: array([[ 6.86233326e+00,  7.28523537e-01,  2.31463339e-01,
         3.07599359e+00,  5.05159775e-01, -9.05574815e-01,
         1.21873700e+01,  4.12541064e+00, -5.40107416e+00,
         6.42600456e-01,  8.05927726e-01, -1.35651008e+00,
        -6.46690785e-01, -6.27706836e-01, -1.95433764e-01,
         1.69851721e-01, -5.10046677e-01,  1.82725721e-01],
       [ 7.28523537e-01,  2.13062777e+00,  6.36872307e-02,
         3.64679138e-01,  9.98694013e-01, -1.72287989e-01,
         1.68053156e+00,  4.65012516e-01,  1.25673855e+00,
         8.94424193e-01,  3.07878944e-01, -1.50818838e-01,
        -3.06166981e-01, -7.26969396e-04, -1.66033419e-01,
        -8.16149639e-02, -3.69182503e-04,  1.22871690e-01],
       [ 2.31463339e-01,  6.36872307e-02,  1.36535658e+00,
         1.96230527e-01, -2.06167561e-04,  6.03942044e-01,
         2.52240109e-01, -1.76090726e+00, -4.70707856e-01,
         1.65886431e-01, -4.05055362e-02,  1.98896540e-01,
         3.75613052e-02,  1.56621317e-01,  3.85375371e-02,
        -1.43016530e-02,  7.57391390e-02,  3.23287776e-02],
       [ 3.07599359e+00,  3.64679138e-01,  1.96230527e-01,
         1.39903433e+00,  2.39146315e-01, -3.61482046e-01,
         5.47560354e+00,  1.63997328e+00, -2.35906387e+00,
         2.93031134e-01,  3.87050649e-01, -5.68375587e-01,
        -2.72491932e-01, -2.65878936e-01, -9.79657993e-02,
         7.71687050e-02, -2.13564933e-01,  7.83813206e-02],
       [ 5.05159775e-01,  9.98694013e-01, -2.06167561e-04,
         2.39146315e-01,  5.47388329e-01, -1.53368226e-01,
         2.70395682e+00,  1.10352130e+00,  6.51493648e-01,
         3.69536569e-01,  2.33201532e-01, -2.23303083e-01,
        -2.66306356e-01, -6.40869622e-02, -6.87051808e-02,
        -4.25496983e-02, -8.61456779e-02,  1.11600289e-01],
       [-9.05574815e-01, -1.72287989e-01,  6.03942044e-01,
        -3.61482046e-01, -1.53368226e-01,  4.62857746e-01,
        -2.69496779e+00, -1.76167167e+00,  5.30334238e-01,
        -1.00838337e-01, -2.07179785e-01,  3.43576542e-01,
         2.10700536e-01,  1.97028684e-01,  5.75301149e-02,
        -1.70773821e-02,  1.56544750e-01, -4.85748017e-02],
       [ 1.21873700e+01,  1.68053156e+00,  2.52240109e-01,
         5.47560354e+00,  2.70395682e+00, -2.69496779e+00,
         6.53877117e+01,  2.33212431e+01, -5.48628909e+00,
         2.99274707e-01,  3.10314487e+00, -5.13506381e+00,
        -4.04907180e+00, -2.43410497e+00, -1.06774908e-03,
         1.28848369e-01, -3.00253158e+00,  1.75399056e+00],
       [ 4.12541064e+00,  4.65012516e-01, -1.76090726e+00,
         1.63997328e+00,  1.10352130e+00, -1.76167167e+00,
         2.33212431e+01,  1.59074747e+01,  1.34420302e-01,
        -2.20011279e-01,  1.18139124e+00, -3.27669692e+00,
        -1.45762962e+00, -1.21333692e+00,  1.34283695e-01,
         2.37748030e-01, -1.08067887e+00,  5.94883315e-01],
       [-5.40107416e+00,  1.25673855e+00, -4.70707856e-01,
        -2.35906387e+00,  6.51493648e-01,  5.30334238e-01,
        -5.48628909e+00,  1.34420302e-01,  1.15637885e+01,
        -3.30507426e-01,  1.02977498e+00,  1.31104682e-03,
         1.70418792e-01,  1.34477124e-01, -6.81920773e-02,
        -2.42099621e-01,  3.44509974e-01,  5.76812411e-03],
       [ 6.42600456e-01,  8.94424193e-01,  1.65886431e-01,
         2.93031134e-01,  3.69536569e-01, -1.00838337e-01,
         2.99274707e-01, -2.20011279e-01, -3.30507426e-01,
         1.41531573e+00, -5.96601835e-02,  3.51895819e-02,
        -3.26344448e-01,  6.11626521e-02,  1.17996570e-02,
        -3.52524725e-02,  5.49180203e-02,  2.33880985e-01],
       [ 8.05927726e-01,  3.07878944e-01, -4.05055362e-02,
         3.87050649e-01,  2.33201532e-01, -2.07179785e-01,
         3.10314487e+00,  1.18139124e+00,  1.02977498e+00,
        -5.96601835e-02,  9.83996724e-01, -4.02413032e-01,
        -1.72839139e-01, -2.67278821e-01, -1.86787269e-01,
        -3.32791603e-02, -1.05899731e-01, -2.98966488e-02],
       [-1.35651008e+00, -1.50818838e-01,  1.98896540e-01,
        -5.68375587e-01, -2.23303083e-01,  3.43576542e-01,
        -5.13506381e+00, -3.27669692e+00,  1.31104682e-03,
         3.51895819e-02, -4.02413032e-01,  1.04663172e+00,
         2.74771248e-01,  3.36077210e-01, -4.21946322e-02,
        -9.37345872e-02,  2.58510942e-01, -9.57378390e-02],
       [-6.46690785e-01, -3.06166981e-01,  3.75613052e-02,
        -2.72491932e-01, -2.66306356e-01,  2.10700536e-01,
        -4.04907180e+00, -1.45762962e+00,  1.70418792e-01,
        -3.26344448e-01, -1.72839139e-01,  2.74771248e-01,
         3.71958604e-01,  1.35955407e-01, -4.90804381e-03,
         3.93256361e-02,  1.89648171e-01, -1.74353471e-01],
       [-6.27706836e-01, -7.26969396e-04,  1.56621317e-01,
        -2.65878936e-01, -6.40869622e-02,  1.97028684e-01,
        -2.43410497e+00, -1.21333692e+00,  1.34477124e-01,
         6.11626521e-02, -2.67278821e-01,  3.36077210e-01,
         1.35955407e-01,  1.79778729e-01,  2.54888243e-02,
        -1.96211068e-02,  1.42479987e-01, -2.74026369e-02],
       [-1.95433764e-01, -1.66033419e-01,  3.85375371e-02,
        -9.79657993e-02, -6.87051808e-02,  5.75301149e-02,
        -1.06774908e-03,  1.34283695e-01, -6.81920773e-02,
         1.17996570e-02, -1.86787269e-01, -4.21946322e-02,
        -4.90804381e-03,  2.54888243e-02,  9.50445822e-02,
         1.96013943e-02, -1.06076044e-02,  5.57626136e-02],
       [ 1.69851721e-01, -8.16149639e-02, -1.43016530e-02,
         7.71687050e-02, -4.25496983e-02, -1.70773821e-02,
         1.28848369e-01,  2.37748030e-01, -2.42099621e-01,
        -3.52524725e-02, -3.32791603e-02, -9.37345872e-02,
         3.93256361e-02, -1.96211068e-02,  1.96013943e-02,
         5.14779125e-02, -4.14707606e-03, -8.70072551e-03],
       [-5.10046677e-01, -3.69182503e-04,  7.57391390e-02,
        -2.13564933e-01, -8.61456779e-02,  1.56544750e-01,
        -3.00253158e+00, -1.08067887e+00,  3.44509974e-01,
         5.49180203e-02, -1.05899731e-01,  2.58510942e-01,
         1.89648171e-01,  1.42479987e-01, -1.06076044e-02,
        -4.14707606e-03,  1.84739913e-01, -7.38023639e-02],
       [ 1.82725721e-01,  1.22871690e-01,  3.23287776e-02,
         7.83813206e-02,  1.11600289e-01, -4.85748017e-02,
         1.75399056e+00,  5.94883315e-01,  5.76812411e-03,
         2.33880985e-01, -2.98966488e-02, -9.57378390e-02,
        -1.74353471e-01, -2.74026369e-02,  5.57626136e-02,
        -8.70072551e-03, -7.38023639e-02,  1.36835895e-01]])
      jac: array([ 1.78412840e-06,  1.11873473e-06, -1.81780517e-06, -4.01419638e-06,
       -2.42472709e-06,  5.45415565e-06,  2.19824159e-07,  6.62433071e-08,
       -4.18554080e-07,  4.66663745e-07,  6.65023592e-07,  5.75095527e-07,
        6.95739762e-07, -1.78708900e-06,  8.45989945e-07, -2.58385905e-06,
        4.93679172e-07, -3.56751665e-07])
  message: 'Optimization terminated successfully.'
     nfev: 1748
      nit: 83
     njev: 92
   status: 0
  success: True
        x: array([-1.64684542, -0.95516195,  0.58634187, -1.53654785, -1.00592595,
        0.28382668, -0.07341655, -1.25879872,  0.82159921,  0.12396891,
        0.46243725,  1.13117299,  0.12125814,  0.15181778, -0.2451878 ,
        1.45822178, -0.38689452,  0.03017019])
