Program Begingeth
      fun: 0.25899146084545405
 hess_inv: array([[ 3.33741847e+00,  3.68224192e-01,  9.37244817e-01,
         1.69517228e+00,  9.09302935e-02, -4.00209749e-02,
         3.23485212e+00,  1.49130850e-01, -2.95480250e+00,
         5.65548925e-01,  4.67334468e-01, -4.34066341e-01,
         2.00800931e-02, -1.78538126e-01, -8.65018859e-02,
         9.64775945e-02,  1.18108718e-03,  7.05614634e-02],
       [ 3.68224192e-01,  1.35427462e+00, -6.14647261e-02,
         2.27765472e-01,  6.70212666e-01, -1.46920937e-01,
         5.67054143e-01,  6.72334239e-01,  6.86637826e-01,
         4.49923301e-01,  4.01601243e-01, -5.80614710e-02,
        -1.21086185e-01,  4.11032599e-03, -1.59087947e-01,
        -8.01516178e-02,  5.68478396e-02, -5.09885785e-03],
       [ 9.37244817e-01, -6.14647261e-02,  1.56535445e+00,
         5.68005243e-01, -8.61657943e-02,  6.24839155e-01,
         1.59730643e+00, -1.54465225e+00, -1.15741173e+00,
         2.40020481e-01, -7.96112779e-02,  1.34799970e-01,
         1.27475234e-02,  1.26037967e-01,  8.02694392e-02,
        -5.06656448e-03,  8.71332381e-02,  9.02921198e-02],
       [ 1.69517228e+00,  2.27765472e-01,  5.68005243e-01,
         8.83185727e-01,  6.59265193e-02,  2.19864294e-02,
         1.80349211e+00, -3.49774873e-02, -1.43889791e+00,
         2.90801749e-01,  2.62907628e-01, -1.90375661e-01,
         1.82801365e-02, -7.56864446e-02, -5.25077699e-02,
         4.69090289e-02,  1.53131262e-02,  3.36554465e-02],
       [ 9.09302935e-02,  6.70212666e-01, -8.61657943e-02,
         6.59265193e-02,  3.75235793e-01, -1.06983965e-01,
         5.64439452e-01,  7.67500547e-01,  4.99591351e-01,
         2.06835678e-01,  2.62829893e-01, -5.47496395e-02,
        -1.02695467e-01, -1.36397653e-02, -8.99458751e-02,
        -6.46383116e-02,  8.26296770e-03,  4.16494556e-03],
       [-4.00209749e-02, -1.46920937e-01,  6.24839155e-01,
         2.19864294e-02, -1.06983965e-01,  3.46742574e-01,
        -3.67081407e-02, -1.02948090e+00, -9.58696444e-02,
        -3.85309350e-02, -1.85003783e-01,  1.50990636e-01,
         5.47224175e-02,  1.11317098e-01,  7.03287227e-02,
         5.30303565e-03,  6.23342707e-02,  1.96467381e-02],
       [ 3.23485212e+00,  5.67054143e-01,  1.59730643e+00,
         1.80349211e+00,  5.64439452e-01, -3.67081407e-02,
         9.98504877e+00,  3.31006861e+00, -2.52408218e+00,
         7.59117267e-01,  1.32068996e+00, -5.57957057e-01,
        -5.34741433e-01, -4.09857511e-01, -2.06006114e-01,
        -1.86483341e-01, -3.06690848e-01,  2.90803763e-01],
       [ 1.49130850e-01,  6.72334239e-01, -1.54465225e+00,
        -3.49774873e-02,  7.67500547e-01, -1.02948090e+00,
         3.31006861e+00,  7.30951652e+00,  1.35341530e+00,
         2.63628918e-01,  1.04948470e+00, -1.05586298e+00,
        -4.76052239e-01, -4.62956645e-01, -1.96503085e-01,
        -1.25197777e-01, -3.01369426e-01,  6.54367614e-02],
       [-2.95480250e+00,  6.86637826e-01, -1.15741173e+00,
        -1.43889791e+00,  4.99591351e-01, -9.58696444e-02,
        -2.52408218e+00,  1.35341530e+00,  5.53857906e+00,
        -4.88636173e-01,  4.78704722e-01,  5.60304130e-02,
        -3.48271325e-02,  8.50789129e-02, -1.21165896e-01,
        -1.58879121e-01,  9.60939733e-02, -1.69536372e-01],
       [ 5.65548925e-01,  4.49923301e-01,  2.40020481e-01,
         2.90801749e-01,  2.06835678e-01, -3.85309350e-02,
         7.59117267e-01,  2.63628918e-01, -4.88636173e-01,
         9.37209103e-01,  9.38072664e-02, -4.13505771e-02,
        -2.27507937e-01, -4.18555634e-04,  6.18955761e-02,
        -3.40762340e-02,  2.85182689e-02,  2.22110096e-01],
       [ 4.67334468e-01,  4.01601243e-01, -7.96112779e-02,
         2.62907628e-01,  2.62829893e-01, -1.85003783e-01,
         1.32068996e+00,  1.04948470e+00,  4.78704722e-01,
         9.38072664e-02,  7.82895230e-01, -2.31121559e-01,
        -8.55695978e-02, -1.64583866e-01, -1.75238804e-01,
        -6.10635707e-02, -2.07722310e-02, -6.32217266e-02],
       [-4.34066341e-01, -5.80614710e-02,  1.34799970e-01,
        -1.90375661e-01, -5.47496395e-02,  1.50990636e-01,
        -5.57957057e-01, -1.05586298e+00,  5.60304130e-02,
        -4.13505771e-02, -2.31121559e-01,  4.48965729e-01,
         3.91235403e-03,  1.30221863e-01,  3.58199563e-03,
        -4.87837568e-02,  5.42742589e-02,  1.53924338e-02],
       [ 2.00800931e-02, -1.21086185e-01,  1.27475234e-02,
         1.82801365e-02, -1.02695467e-01,  5.47224175e-02,
        -5.34741433e-01, -4.76052239e-01, -3.48271325e-02,
        -2.27507937e-01, -8.55695978e-02,  3.91235403e-03,
         1.46463737e-01,  2.64289728e-02, -2.75822749e-03,
         6.99443000e-02,  3.70613891e-02, -7.45609850e-02],
       [-1.78538126e-01,  4.11032599e-03,  1.26037967e-01,
        -7.56864446e-02, -1.36397653e-02,  1.11317098e-01,
        -4.09857511e-01, -4.62956645e-01,  8.50789129e-02,
        -4.18555634e-04, -1.64583866e-01,  1.30221863e-01,
         2.64289728e-02,  9.61764583e-02,  3.02891340e-02,
        -9.39442611e-04,  6.02576216e-02,  9.60560239e-03],
       [-8.65018859e-02, -1.59087947e-01,  8.02694392e-02,
        -5.25077699e-02, -8.99458751e-02,  7.03287227e-02,
        -2.06006114e-01, -1.96503085e-01, -1.21165896e-01,
         6.18955761e-02, -1.75238804e-01,  3.58199563e-03,
        -2.75822749e-03,  3.02891340e-02,  8.96958704e-02,
         1.86323640e-02,  9.38557583e-04,  6.35585455e-02],
       [ 9.64775945e-02, -8.01516178e-02, -5.06656448e-03,
         4.69090289e-02, -6.46383116e-02,  5.30303565e-03,
        -1.86483341e-01, -1.25197777e-01, -1.58879121e-01,
        -3.40762340e-02, -6.10635707e-02, -4.87837568e-02,
         6.99443000e-02, -9.39442611e-04,  1.86323640e-02,
         6.27204274e-02,  1.02422385e-02, -1.37167698e-02],
       [ 1.18108718e-03,  5.68478396e-02,  8.71332381e-02,
         1.53131262e-02,  8.26296770e-03,  6.23342707e-02,
        -3.06690848e-01, -3.01369426e-01,  9.60939733e-02,
         2.85182689e-02, -2.07722310e-02,  5.42742589e-02,
         3.70613891e-02,  6.02576216e-02,  9.38557583e-04,
         1.02422385e-02,  7.16251768e-02, -9.03301182e-03],
       [ 7.05614634e-02, -5.09885785e-03,  9.02921198e-02,
         3.36554465e-02,  4.16494556e-03,  1.96467381e-02,
         2.90803763e-01,  6.54367614e-02, -1.69536372e-01,
         2.22110096e-01, -6.32217266e-02,  1.53924338e-02,
        -7.45609850e-02,  9.60560239e-03,  6.35585455e-02,
        -1.37167698e-02, -9.03301182e-03,  1.04051709e-01]])
      jac: array([ 3.19078097e-06, -2.61272485e-06, -1.69234996e-05,  1.19633932e-05,
        7.11023833e-06,  2.96540570e-05, -1.62832710e-07, -2.01320442e-07,
       -9.25185854e-09, -2.96022466e-06,  1.06203935e-05,  5.63549207e-06,
       -5.65825164e-05,  3.51318974e-05,  4.15508369e-05,  5.25239112e-05,
       -1.71329617e-05, -6.65112410e-05])
  message: 'Desired error not necessarily achieved due to precision loss.'
     nfev: 1892
      nit: 62
     njev: 99
   status: 2
  success: False
        x: array([-1.66016820e+00, -1.16453980e+00,  6.42725201e-01, -1.43444367e+00,
       -1.22445082e+00,  3.55338391e-01, -5.13205026e-01, -1.55976385e+00,
        1.19599642e+00,  4.32928107e-03,  5.27906212e-01,  1.20679839e+00,
        1.05685585e-01,  2.61559699e-01, -2.61583936e-01,  1.27748213e+00,
       -3.39811816e-02, -1.46260336e-04])
