Program Begingeth
      fun: 0.2320966023281798
 hess_inv: array([[ 3.34179879e+00, -8.27293335e-01,  3.21226598e-01,
         9.22715926e-01, -2.31084056e-01,  7.69621869e-01,
        -7.18366555e-01,  2.16726521e+00,  1.90919846e+00,
        -8.66751292e-03, -7.84298570e-01,  3.58256135e-01,
        -5.28931225e-01,  3.74315423e-01,  3.48905603e-01,
        -1.41390126e-01,  3.28981234e-01, -1.06367727e-01],
       [-8.27293335e-01,  1.46509766e+00, -2.61174407e-01,
        -4.04911910e-03,  4.43052837e-01, -3.75204360e-01,
         1.99981620e+00,  5.31150936e-02,  7.05273665e-02,
        -3.29366986e-01,  2.22042135e-01, -6.55717063e-01,
         2.45580959e-01, -3.12574990e-01, -8.53328687e-02,
        -4.42958262e-02, -1.24284816e-01,  6.24180318e-02],
       [ 3.21226598e-01, -2.61174407e-01,  3.48935751e+00,
        -4.20735993e-01, -1.81351162e-01,  1.44552339e+00,
        -5.33831183e+00, -2.83957186e+00,  3.87952908e+00,
         2.91096152e-01,  1.36011890e+00, -4.26885698e-01,
        -1.49972246e-01, -8.30297522e-02, -4.10632570e-01,
         1.42115397e-01,  1.30239908e-01, -3.16744790e-01],
       [ 9.22715926e-01, -4.04911910e-03, -4.20735993e-01,
         3.91020089e-01,  1.33416835e-02, -1.71323073e-02,
         1.08735499e+00,  1.07265255e+00,  1.66412448e-01,
        -9.98803850e-02, -3.74318832e-01,  5.82749688e-02,
        -9.71701417e-02,  6.37498372e-02,  1.53114881e-01,
        -6.50324048e-02,  5.56198770e-02,  2.68276655e-02],
       [-2.31084056e-01,  4.43052837e-01, -1.81351162e-01,
         1.33416835e-02,  1.72671502e-01, -1.37783049e-01,
         6.21734726e-01,  4.41885177e-01, -2.02453617e-01,
        -7.29057701e-02, -1.34083217e-02, -1.56483506e-01,
         7.83715317e-02, -6.51809663e-02,  9.07868727e-03,
        -7.70677221e-03, -3.25379904e-02,  3.48245392e-02],
       [ 7.69621869e-01, -3.75204360e-01,  1.44552339e+00,
        -1.71323073e-02, -1.37783049e-01,  7.80407932e-01,
        -2.60264752e+00, -5.56345805e-01,  2.01360189e+00,
         2.36884180e-01,  2.85303552e-01, -3.79452614e-02,
        -1.94860130e-01,  7.08173534e-02, -6.41137471e-02,
         2.38449676e-02,  1.06919542e-01, -1.52822718e-01],
       [-7.18366555e-01,  1.99981620e+00, -5.33831183e+00,
         1.08735499e+00,  6.21734726e-01, -2.60264752e+00,
         1.42023735e+01,  3.57334258e+00, -4.76717848e+00,
        -9.85126583e-01, -1.23383702e+00, -2.50811735e-01,
         4.04124336e-01, -3.78331930e-01,  4.13815517e-01,
        -3.00778113e-01, -2.74587197e-01,  5.57938689e-01],
       [ 2.16726521e+00,  5.31150936e-02, -2.83957186e+00,
         1.07265255e+00,  4.41885177e-01, -5.56345805e-01,
         3.57334258e+00,  8.65343415e+00, -2.58811564e+00,
         1.59532486e-01, -1.95973515e+00,  3.34482031e-01,
        -3.25208393e-01,  3.31654200e-01,  8.97695702e-01,
        -2.97324151e-01,  1.02238532e-01,  2.41903786e-01],
       [ 1.90919846e+00,  7.05273665e-02,  3.87952908e+00,
         1.66412448e-01, -2.02453617e-01,  2.01360189e+00,
        -4.76717848e+00, -2.58811564e+00,  8.69160805e+00,
         5.44328491e-01,  1.29591824e+00, -5.99017415e-01,
        -4.27370360e-01, -2.80422564e-01, -4.52687296e-01,
        -1.16958553e-02,  8.90059267e-02, -5.32598475e-01],
       [-8.66751292e-03, -3.29366986e-01,  2.91096152e-01,
        -9.98803850e-02, -7.29057701e-02,  2.36884180e-01,
        -9.85126583e-01,  1.59532486e-01,  5.44328491e-01,
         8.69645622e-01,  1.07281726e-01,  4.70472055e-02,
        -2.11579623e-01, -6.16714460e-03, -8.43696229e-02,
         1.15654388e-02, -5.07625824e-02, -2.09960078e-01],
       [-7.84298570e-01,  2.22042135e-01,  1.36011890e+00,
        -3.74318832e-01, -1.34083217e-02,  2.85303552e-01,
        -1.23383702e+00, -1.95973515e+00,  1.29591824e+00,
         1.07281726e-01,  1.30896396e+00, -4.05306690e-01,
         8.76315487e-02, -2.93979089e-01, -4.09707117e-01,
         1.00136844e-01, -5.04039888e-02, -1.85431260e-01],
       [ 3.58256135e-01, -6.55717063e-01, -4.26885698e-01,
         5.82749688e-02, -1.56483506e-01, -3.79452614e-02,
        -2.50811735e-01,  3.34482031e-01, -5.99017415e-01,
         4.70472055e-02, -4.05306690e-01,  6.61343001e-01,
        -4.78541012e-02,  2.36235436e-01,  7.88479432e-02,
         4.99594463e-02,  7.82799958e-02,  5.96155686e-02],
       [-5.28931225e-01,  2.45580959e-01, -1.49972246e-01,
        -9.71701417e-02,  7.83715317e-02, -1.94860130e-01,
         4.04124336e-01, -3.25208393e-01, -4.27370360e-01,
        -2.11579623e-01,  8.76315487e-02, -4.78541012e-02,
         1.83789705e-01, -6.40749833e-02, -3.58107947e-02,
         5.67242389e-02, -5.76583189e-02,  7.90251042e-02],
       [ 3.74315423e-01, -3.12574990e-01, -8.30297522e-02,
         6.37498372e-02, -6.51809663e-02,  7.08173534e-02,
        -3.78331930e-01,  3.31654200e-01, -2.80422564e-01,
        -6.16714460e-03, -2.93979089e-01,  2.36235436e-01,
        -6.40749833e-02,  1.68503621e-01,  9.37127986e-02,
         1.89525295e-03,  8.51726240e-02,  3.11563008e-02],
       [ 3.48905603e-01, -8.53328687e-02, -4.10632570e-01,
         1.53114881e-01,  9.07868727e-03, -6.41137471e-02,
         4.13815517e-01,  8.97695702e-01, -4.52687296e-01,
        -8.43696229e-02, -4.09707117e-01,  7.88479432e-02,
        -3.58107947e-02,  9.37127986e-02,  1.80828736e-01,
        -4.57229944e-02,  2.80331830e-02,  8.49924635e-02],
       [-1.41390126e-01, -4.42958262e-02,  1.42115397e-01,
        -6.50324048e-02, -7.70677221e-03,  2.38449676e-02,
        -3.00778113e-01, -2.97324151e-01, -1.16958553e-02,
         1.15654388e-02,  1.00136844e-01,  4.99594463e-02,
         5.67242389e-02,  1.89525295e-03, -4.57229944e-02,
         6.43606888e-02, -7.78600956e-03,  7.25172386e-05],
       [ 3.28981234e-01, -1.24284816e-01,  1.30239908e-01,
         5.56198770e-02, -3.25379904e-02,  1.06919542e-01,
        -2.74587197e-01,  1.02238532e-01,  8.90059267e-02,
        -5.07625824e-02, -5.04039888e-02,  7.82799958e-02,
        -5.76583189e-02,  8.51726240e-02,  2.80331830e-02,
        -7.78600956e-03,  8.63845027e-02, -1.84142610e-03],
       [-1.06367727e-01,  6.24180318e-02, -3.16744790e-01,
         2.68276655e-02,  3.48245392e-02, -1.52822718e-01,
         5.57938689e-01,  2.41903786e-01, -5.32598475e-01,
        -2.09960078e-01, -1.85431260e-01,  5.96155686e-02,
         7.90251042e-02,  3.11563008e-02,  8.49924635e-02,
         7.25172386e-05, -1.84142610e-03,  1.16804842e-01]])
      jac: array([ 4.18702110e-06, -3.23826151e-05, -8.08273818e-05, -2.90082773e-06,
        1.28959251e-04,  1.64158872e-04, -9.47112759e-06, -3.54605234e-06,
       -9.89634301e-06, -1.46865853e-05, -6.82602123e-07, -3.39149079e-05,
       -4.54310663e-05, -4.06554420e-05, -1.83427347e-04, -2.35607830e-06,
       -1.19750506e-05,  1.42064323e-04])
  message: 'Desired error not necessarily achieved due to precision loss.'
     nfev: 2082
      nit: 64
     njev: 109
   status: 2
  success: False
        x: array([ 0.86988036, -0.86655133,  0.48967922,  1.2564295 , -0.93468809,
        0.09688917,  1.08050182, -1.3260597 , -0.83813096,  0.0321045 ,
        0.62485771,  1.09085297,  0.02707045,  0.28231776, -0.28474664,
       -1.16583167, -0.06168194,  0.00842709])
