Program Begingeth
      fun: 0.3609121067860119
 hess_inv: array([[ 1.32984033e+02,  4.21373070e+01,  9.18802341e+01,
         5.54969405e+01,  1.89608140e+01,  3.96210686e+01,
         1.10754588e+02, -7.83627412e+01, -1.35577242e+01,
        -7.69777163e+00, -5.75158687e+00,  9.42649588e+00,
        -8.85332711e+00,  6.85884423e-01,  2.19739032e+00,
        -3.84186699e+00, -1.02068901e+01,  3.12789126e+00],
       [ 4.21373070e+01,  1.51328947e+01,  2.91985911e+01,
         1.74171753e+01,  6.87724617e+00,  1.27564176e+01,
         3.47377270e+01, -2.36810225e+01, -3.23001298e+00,
        -2.57996370e+00, -1.99448619e+00,  2.80584332e+00,
        -2.94638331e+00,  2.90961249e-01,  8.91747615e-01,
        -1.25374079e+00, -3.24513436e+00,  1.07775961e+00],
       [ 9.18802341e+01,  2.91985911e+01,  6.64872243e+01,
         3.84720808e+01,  1.28622610e+01,  2.87830767e+01,
         7.87745434e+01, -5.61825027e+01, -7.93656167e+00,
        -5.41894397e+00, -3.93142621e+00,  6.34481964e+00,
        -6.05281112e+00,  2.60895503e-01,  1.72448454e+00,
        -2.55865354e+00, -7.14151493e+00,  2.33228003e+00],
       [ 5.54969405e+01,  1.74171753e+01,  3.84720808e+01,
         2.32467886e+01,  7.82142561e+00,  1.65922878e+01,
         4.67051090e+01, -3.27877773e+01, -5.73387591e+00,
        -3.20437005e+00, -2.40708831e+00,  3.97717048e+00,
        -3.62397950e+00,  3.04166771e-01,  9.16673384e-01,
        -1.57512689e+00, -4.21223525e+00,  1.30550837e+00],
       [ 1.89608140e+01,  6.87724617e+00,  1.28622610e+01,
         7.82142561e+00,  3.19610020e+00,  5.62861758e+00,
         1.54201980e+01, -1.01261475e+01, -1.55971644e+00,
        -1.19032271e+00, -9.26777798e-01,  1.31707463e+00,
        -1.34059518e+00,  1.81900181e-01,  3.98123376e-01,
        -5.92720855e-01, -1.44694512e+00,  4.81312217e-01],
       [ 3.96210686e+01,  1.27564176e+01,  2.87830767e+01,
         1.65922878e+01,  5.62861758e+00,  1.25283253e+01,
         3.40909290e+01, -2.40155280e+01, -3.07818159e+00,
        -2.43446532e+00, -1.79270159e+00,  2.71398736e+00,
        -2.58529120e+00,  1.30552335e-01,  8.02703195e-01,
        -1.08785594e+00, -3.08208648e+00,  1.01874362e+00],
       [ 1.10754588e+02,  3.47377270e+01,  7.87745434e+01,
         4.67051090e+01,  1.54201980e+01,  3.40909290e+01,
         9.67472117e+01, -6.65863127e+01, -1.07297677e+01,
        -6.34805409e+00, -4.95993524e+00,  7.88956176e+00,
        -7.12087694e+00,  5.71280718e-01,  2.03613596e+00,
        -3.07772117e+00, -8.35529103e+00,  2.74940398e+00],
       [-7.83627412e+01, -2.36810225e+01, -5.61825027e+01,
        -3.27877773e+01, -1.01261475e+01, -2.40155280e+01,
        -6.65863127e+01,  5.15552806e+01,  7.84931931e+00,
         4.13223533e+00,  3.07101044e+00, -5.43154011e+00,
         5.27040915e+00, -4.08514780e-02, -1.13033156e+00,
         2.20860893e+00,  6.15218155e+00, -1.85679076e+00],
       [-1.35577242e+01, -3.23001298e+00, -7.93656167e+00,
        -5.73387591e+00, -1.55971644e+00, -3.07818159e+00,
        -1.07297677e+01,  7.84931931e+00,  4.44767388e+00,
         3.80965947e-01,  4.49019819e-01, -1.15247292e+00,
         9.14551361e-01, -2.12098024e-01,  3.81920726e-03,
         4.63023292e-01,  8.93898658e-01, -2.76460039e-01],
       [-7.69777163e+00, -2.57996370e+00, -5.41894397e+00,
        -3.20437005e+00, -1.19032271e+00, -2.43446532e+00,
        -6.34805409e+00,  4.13223533e+00,  3.80965947e-01,
         1.10490311e+00,  2.91218850e-01, -4.54805792e-01,
         3.61757124e-01, -1.07432115e-02, -1.24238706e-01,
         2.04996990e-01,  6.27273347e-01, -4.97838836e-02],
       [-5.75158687e+00, -1.99448619e+00, -3.93142621e+00,
        -2.40708831e+00, -9.26777798e-01, -1.79270159e+00,
        -4.95993524e+00,  3.07101044e+00,  4.49019819e-01,
         2.91218850e-01,  8.58499844e-01, -4.35434917e-01,
         3.83508615e-01, -2.00801597e-01, -2.64318819e-01,
         1.46927550e-01,  4.08858125e-01, -2.68203006e-01],
       [ 9.42649588e+00,  2.80584332e+00,  6.34481964e+00,
         3.97717048e+00,  1.31707463e+00,  2.71398736e+00,
         7.88956176e+00, -5.43154011e+00, -1.15247292e+00,
        -4.54805792e-01, -4.35434917e-01,  1.03660019e+00,
        -6.43813187e-01,  1.45263546e-01,  7.52804816e-02,
        -3.27354524e-01, -6.46815655e-01,  2.38196659e-01],
       [-8.85332711e+00, -2.94638331e+00, -6.05281112e+00,
        -3.62397950e+00, -1.34059518e+00, -2.58529120e+00,
        -7.12087694e+00,  5.27040915e+00,  9.14551361e-01,
         3.61757124e-01,  3.83508615e-01, -6.43813187e-01,
         7.24743721e-01, -4.08747650e-02, -1.45484747e-01,
         3.24965428e-01,  7.18730617e-01, -2.46979345e-01],
       [ 6.85884423e-01,  2.90961249e-01,  2.60895503e-01,
         3.04166771e-01,  1.81900181e-01,  1.30552335e-01,
         5.71280718e-01, -4.08514780e-02, -2.12098024e-01,
        -1.07432115e-02, -2.00801597e-01,  1.45263546e-01,
        -4.08747650e-02,  1.16772358e-01,  3.82887505e-02,
        -3.04770749e-02,  1.23907959e-02,  5.14713287e-02],
       [ 2.19739032e+00,  8.91747615e-01,  1.72448454e+00,
         9.16673384e-01,  3.98123376e-01,  8.02703195e-01,
         2.03613596e+00, -1.13033156e+00,  3.81920726e-03,
        -1.24238706e-01, -2.64318819e-01,  7.52804816e-02,
        -1.45484747e-01,  3.82887505e-02,  1.52620492e-01,
        -3.98971093e-02, -1.73377937e-01,  1.25484251e-01],
       [-3.84186699e+00, -1.25374079e+00, -2.55865354e+00,
        -1.57512689e+00, -5.92720855e-01, -1.08785594e+00,
        -3.07772117e+00,  2.20860893e+00,  4.63023292e-01,
         2.04996990e-01,  1.46927550e-01, -3.27354524e-01,
         3.24965428e-01, -3.04770749e-02, -3.98971093e-02,
         1.79337259e-01,  3.08559768e-01, -9.14554807e-02],
       [-1.02068901e+01, -3.24513436e+00, -7.14151493e+00,
        -4.21223525e+00, -1.44694512e+00, -3.08208648e+00,
        -8.35529103e+00,  6.15218155e+00,  8.93898658e-01,
         6.27273347e-01,  4.08858125e-01, -6.46815655e-01,
         7.18730617e-01,  1.23907959e-02, -1.73377937e-01,
         3.08559768e-01,  8.62506258e-01, -2.31654294e-01],
       [ 3.12789126e+00,  1.07775961e+00,  2.33228003e+00,
         1.30550837e+00,  4.81312217e-01,  1.01874362e+00,
         2.74940398e+00, -1.85679076e+00, -2.76460039e-01,
        -4.97838836e-02, -2.68203006e-01,  2.38196659e-01,
        -2.46979345e-01,  5.14713287e-02,  1.25484251e-01,
        -9.14554807e-02, -2.31654294e-01,  1.67967219e-01]])
      jac: array([-2.65733731e-04,  3.19139900e-04,  7.42217399e-05,  9.89574349e-04,
       -8.03749660e-04, -3.18663614e-05, -1.46821074e-04,  8.22353297e-05,
       -3.51611333e-05,  2.12378263e-05, -1.07653886e-04,  3.23792844e-05,
       -7.43871631e-05, -3.05736917e-05,  2.73627417e-04, -5.84865119e-04,
        5.04026450e-05, -5.38123620e-04])
  message: 'Desired error not necessarily achieved due to precision loss.'
     nfev: 2273
      nit: 77
     njev: 119
   status: 2
  success: False
        x: array([-0.9998817 , -1.6309875 , -0.30082719, -1.26867606, -1.4026571 ,
       -0.23339639, -2.07688251, -1.44670604, -1.10380453,  0.12535373,
        0.35943512,  1.2034751 ,  0.1179931 ,  0.00449034, -0.30829666,
        1.29818199, -0.66618773, -0.0165004 ])
