Program Begingeth
      fun: 0.25703003722011136
 hess_inv: array([[ 2.25798253e+00, -3.96418423e-02, -1.86233059e-01,
        -2.81220574e-01,  3.69394351e-01, -3.78445429e-01,
        -6.16041763e-02,  2.03386909e+00, -2.31294599e+00,
         8.93897306e-01, -3.14315132e-01,  2.27795041e+00,
        -1.54229578e+00,  2.82298678e-01, -7.60947766e-01,
        -2.02031405e-01, -3.99350085e-02, -1.68769127e-01],
       [-3.96418423e-02,  2.06438492e+00, -3.16800840e-01,
        -2.99708426e-01, -2.55670783e-01, -2.45013917e-01,
        -1.33354188e+00,  7.83311085e-02,  2.64378473e-01,
         1.96863386e-01,  9.13791124e-01, -1.82706410e-01,
        -2.24379109e-01, -1.45132295e+00,  1.11008885e-01,
         1.07587361e-02, -2.08533926e-01,  2.79833562e-01],
       [-1.86233059e-01, -3.16800840e-01,  1.49854837e+00,
         2.33786185e-01,  2.75212405e-01, -1.18392296e-01,
         1.48881971e+00,  1.47820063e-01, -4.92917430e-02,
        -1.36988686e+00, -2.15601670e-01,  1.08688041e-01,
         5.49654806e-01,  4.09482190e-01, -9.15904390e-01,
         5.93405116e-02, -3.92873968e-02, -2.27115252e-01],
       [-2.81220574e-01, -2.99708426e-01,  2.33786185e-01,
         2.35151271e-01, -4.90570852e-02,  1.88994909e-02,
         5.32521590e-01, -8.77934585e-01,  5.60626769e-02,
        -3.70399334e-01,  1.63579212e-01, -1.39160893e-01,
         4.39356945e-01,  1.03165679e-01, -7.65804288e-02,
         6.63589936e-02,  7.60366371e-03, -3.60088921e-02],
       [ 3.69394351e-01, -2.55670783e-01,  2.75212405e-01,
        -4.90570852e-02,  2.52907448e-01, -3.13756023e-02,
         4.75419262e-01,  1.07703985e+00, -3.03366005e-01,
        -5.31348528e-02, -3.98689592e-01,  4.12621297e-01,
        -2.45493522e-01,  3.99106340e-01, -2.80445944e-01,
        -3.37087693e-02,  4.56567857e-02, -9.27365068e-02],
       [-3.78445429e-01, -2.45013917e-01, -1.18392296e-01,
         1.88994909e-02, -3.13756023e-02,  2.03794810e-01,
         1.10995933e-02, -1.63109258e-01,  7.78591706e-01,
        -1.90878114e-02, -2.72949069e-01, -4.15476174e-01,
         2.01719841e-01,  1.74581932e-01,  3.11379174e-01,
         3.36805393e-02,  4.72334624e-02,  3.42430025e-02],
       [-6.16041763e-02, -1.33354188e+00,  1.48881971e+00,
         5.32521590e-01,  4.75419262e-01,  1.10995933e-02,
         3.80381956e+00,  2.70138951e-01, -2.27845202e-01,
        -1.05674549e+00, -6.28431723e-01,  4.91509055e-01,
         5.64865913e-01,  1.21512242e+00, -9.17334436e-01,
         5.84913802e-02,  1.10120127e-01, -3.14642135e-01],
       [ 2.03386909e+00,  7.83311085e-02,  1.47820063e-01,
        -8.77934585e-01,  1.07703985e+00, -1.63109258e-01,
         2.70138951e-01,  7.99858867e+00, -1.30249157e+00,
         1.06852640e+00, -1.23375954e+00,  1.66815383e+00,
        -2.22757526e+00,  8.19397385e-01, -5.87166884e-01,
        -3.75909031e-01,  8.74852395e-02, -1.22386913e-01],
       [-2.31294599e+00,  2.64378473e-01, -4.92917430e-02,
         5.60626769e-02, -3.03366005e-01,  7.78591706e-01,
        -2.27845202e-01, -1.30249157e+00,  5.75071617e+00,
        -8.72275920e-01, -7.21103953e-01, -2.01947357e+00,
         1.40135430e+00, -1.26460328e-01,  9.63298080e-01,
         2.64340690e-01,  4.39274425e-02,  1.67347757e-01],
       [ 8.93897306e-01,  1.96863386e-01, -1.36988686e+00,
        -3.70399334e-01, -5.31348528e-02, -1.90878114e-02,
        -1.05674549e+00,  1.06852640e+00, -8.72275920e-01,
         1.86945605e+00, -9.49712326e-02,  5.90552757e-01,
        -1.18778315e+00, -1.36590309e-01,  5.67055002e-01,
        -1.65035652e-01,  6.53533732e-02,  1.28711437e-01],
       [-3.14315132e-01,  9.13791124e-01, -2.15601670e-01,
         1.63579212e-01, -3.98689592e-01, -2.72949069e-01,
        -6.28431723e-01, -1.23375954e+00, -7.21103953e-01,
        -9.49712326e-02,  2.46253804e+00, -4.54175556e-01,
         2.71568939e-01, -1.34993656e+00,  1.66210361e-01,
        -1.15430341e-01, -1.75370807e-01,  2.79274823e-01],
       [ 2.27795041e+00, -1.82706410e-01,  1.08688041e-01,
        -1.39160893e-01,  4.12621297e-01, -4.15476174e-01,
         4.91509055e-01,  1.66815383e+00, -2.01947357e+00,
         5.90552757e-01, -4.54175556e-01,  2.79709984e+00,
        -1.33021063e+00,  4.26295188e-01, -1.12693764e+00,
        -1.28227388e-01, -5.80434606e-02, -2.76726053e-01],
       [-1.54229578e+00, -2.24379109e-01,  5.49654806e-01,
         4.39356945e-01, -2.45493522e-01,  2.01719841e-01,
         5.64865913e-01, -2.22757526e+00,  1.40135430e+00,
        -1.18778315e+00,  2.71568939e-01, -1.33021063e+00,
         1.46003533e+00, -5.75518537e-02,  1.86113576e-01,
         2.38262704e-01,  2.19338449e-03,  2.28182370e-02],
       [ 2.82298678e-01, -1.45132295e+00,  4.09482190e-01,
         1.03165679e-01,  3.99106340e-01,  1.74581932e-01,
         1.21512242e+00,  8.19397385e-01, -1.26460328e-01,
        -1.36590309e-01, -1.34993656e+00,  4.26295188e-01,
        -5.75518537e-02,  1.37412672e+00, -2.73354607e-01,
         1.33454331e-02,  2.05961843e-01, -2.69803989e-01],
       [-7.60947766e-01,  1.11008885e-01, -9.15904390e-01,
        -7.65804288e-02, -2.80445944e-01,  3.11379174e-01,
        -9.17334436e-01, -5.87166884e-01,  9.63298080e-01,
         5.67055002e-01,  1.66210361e-01, -1.12693764e+00,
         1.86113576e-01, -2.73354607e-01,  1.05244837e+00,
         1.49478000e-02,  6.22099120e-02,  2.62769242e-01],
       [-2.02031405e-01,  1.07587361e-02,  5.93405116e-02,
         6.63589936e-02, -3.37087693e-02,  3.36805393e-02,
         5.84913802e-02, -3.75909031e-01,  2.64340690e-01,
        -1.65035652e-01, -1.15430341e-01, -1.28227388e-01,
         2.38262704e-01,  1.33454331e-02,  1.49478000e-02,
         8.16641491e-02,  1.82560229e-04, -5.90982420e-03],
       [-3.99350085e-02, -2.08533926e-01, -3.92873968e-02,
         7.60366371e-03,  4.56567857e-02,  4.72334624e-02,
         1.10120127e-01,  8.74852395e-02,  4.39274425e-02,
         6.53533732e-02, -1.75370807e-01, -5.80434606e-02,
         2.19338449e-03,  2.05961843e-01,  6.22099120e-02,
         1.82560229e-04,  6.30300943e-02, -1.52837658e-02],
       [-1.68769127e-01,  2.79833562e-01, -2.27115252e-01,
        -3.60088921e-02, -9.27365068e-02,  3.42430025e-02,
        -3.14642135e-01, -1.22386913e-01,  1.67347757e-01,
         1.28711437e-01,  2.79274823e-01, -2.76726053e-01,
         2.28182370e-02, -2.69803989e-01,  2.62769242e-01,
        -5.90982420e-03, -1.52837658e-02,  1.22891148e-01]])
      jac: array([-7.16093851e-05, -1.01259741e-05, -2.57201667e-05,  6.03628258e-06,
        1.11611831e-04,  4.30562993e-05, -8.93359461e-06, -1.13094719e-05,
       -9.13121430e-06, -2.38890389e-05, -2.97946852e-06,  2.94149890e-05,
       -5.31630295e-05, -3.28822155e-05,  9.83657600e-06,  3.23430172e-05,
       -5.78352181e-06, -2.25034806e-05])
  message: 'Desired error not necessarily achieved due to precision loss.'
     nfev: 1608
      nit: 39
     njev: 84
   status: 2
  success: False
        x: array([ 0.55764681, -0.07645292,  0.47540029,  0.19859772, -1.22984648,
       -0.48554475,  1.18670719, -1.68140038, -0.67375359, -0.83418376,
        0.06694758,  0.51782336,  0.11859154, -0.02097509, -0.20588216,
        0.06992141,  1.48750477, -0.54231608])
