Program Begingeth
      fun: 0.23748723086874643
 hess_inv: array([[ 2.76073203e+00,  8.42215995e-01,  8.54948553e-01,
         8.66461257e-01,  1.21592121e-01, -5.09690583e-01,
         5.69008064e-01, -3.92203815e+00, -7.89650893e-01,
        -3.41160140e-01,  1.00406456e+00, -8.63555647e-01,
        -3.73076711e-01, -3.46405167e-01, -4.95455638e-01,
        -1.66500319e-01, -2.24004150e-01,  1.62066922e-01],
       [ 8.42215995e-01,  2.24786599e+00,  1.05954208e+00,
         2.12542678e-01,  6.69180763e-01,  4.28543590e-03,
         1.26001530e+00, -4.63886848e-01,  2.27743164e+00,
         1.66215214e-01,  3.13659624e-01, -1.38046068e+00,
        -2.58621293e-01, -3.43818908e-01, -2.80890025e-01,
         5.66834280e-03, -4.40746285e-02,  1.42334010e-03],
       [ 8.54948553e-01,  1.05954208e+00,  2.76723736e+00,
         7.21580127e-01,  3.27877810e-01,  6.64622738e-01,
         5.48114612e+00, -3.38687034e+00,  3.60870397e+00,
        -2.63770465e-01,  1.50389727e+00, -1.38945091e+00,
        -1.30417254e-01, -3.52949605e-01, -5.75132873e-01,
        -2.46498698e-01, -1.90638236e-01, -2.08486169e-01],
       [ 8.66461257e-01,  2.12542678e-01,  7.21580127e-01,
         4.36332104e-01,  5.17539365e-02,  1.46733579e-02,
         1.74581780e+00, -1.78983904e+00,  2.05566788e-01,
        -2.10151353e-01,  5.72882376e-01, -3.32894849e-01,
        -7.14624195e-02, -1.05206049e-01, -2.55117104e-01,
        -9.83094438e-02, -8.78358448e-02, -4.37155742e-02],
       [ 1.21592121e-01,  6.69180763e-01,  3.27877810e-01,
         5.17539365e-02,  3.20262923e-01,  8.11094444e-02,
         1.14035510e+00,  6.46089664e-01,  4.49640619e-01,
        -3.96858491e-02, -1.86198261e-07, -3.15762697e-01,
        -8.64514330e-02, -2.42999022e-02, -3.33226380e-02,
        -2.55433504e-02, -2.47829213e-02, -2.45664857e-02],
       [-5.09690583e-01,  4.28543590e-03,  6.64622738e-01,
         1.46733579e-02,  8.11094444e-02,  4.54872839e-01,
         2.13049614e+00,  2.55214628e-01,  1.58335540e+00,
        -1.27195789e-01,  1.22880480e-01, -1.20870144e-01,
         9.97013972e-02,  1.23536596e-02,  5.48370515e-03,
        -1.44108551e-02, -3.12431886e-02, -1.21846123e-01],
       [ 5.69008064e-01,  1.26001530e+00,  5.48114612e+00,
         1.74581780e+00,  1.14035510e+00,  2.13049614e+00,
         2.26257047e+01, -3.88885178e+00,  6.65985789e+00,
        -1.50481035e+00,  2.47293900e+00, -1.60570946e+00,
        -1.57325161e-01, -2.95424841e-01, -9.81218060e-01,
        -6.27224277e-01, -8.70600836e-01, -1.01565628e+00],
       [-3.92203815e+00, -4.63886848e-01, -3.38687034e+00,
        -1.78983904e+00,  6.46089664e-01,  2.55214628e-01,
        -3.88885178e+00,  1.49085431e+01, -3.04446634e+00,
         4.37077115e-01, -3.19362319e+00,  1.73602456e+00,
         4.15776786e-01,  9.00525592e-01,  1.57259483e+00,
         5.49879197e-01,  5.25311537e-01,  1.39292834e-01],
       [-7.89650893e-01,  2.27743164e+00,  3.60870397e+00,
         2.05566788e-01,  4.49640619e-01,  1.58335540e+00,
         6.65985789e+00, -3.04446634e+00,  1.24632193e+01,
         4.69096670e-03,  1.53887352e+00, -2.12620970e+00,
         9.73964619e-02, -8.76012956e-01, -6.01722868e-01,
         2.40683194e-02, -3.36592728e-01, -4.17861018e-01],
       [-3.41160140e-01,  1.66215214e-01, -2.63770465e-01,
        -2.10151353e-01, -3.96858491e-02, -1.27195789e-01,
        -1.50481035e+00,  4.37077115e-01,  4.69096670e-03,
         7.10405557e-01, -2.73001385e-01,  2.77067565e-04,
        -6.51650159e-02,  3.23512766e-02,  1.05247162e-01,
         7.66504473e-02,  1.52227655e-01,  1.71218587e-01],
       [ 1.00406456e+00,  3.13659624e-01,  1.50389727e+00,
         5.72882376e-01, -1.86198269e-07,  1.22880480e-01,
         2.47293900e+00, -3.19362319e+00,  1.53887352e+00,
        -2.73001385e-01,  1.51810051e+00, -8.05851137e-01,
        -1.09263058e-01, -3.61520908e-01, -5.55350094e-01,
        -2.13613865e-01, -1.61182920e-01, -1.82140306e-01],
       [-8.63555647e-01, -1.38046068e+00, -1.38945091e+00,
        -3.32894849e-01, -3.15762697e-01, -1.20870144e-01,
        -1.60570946e+00,  1.73602456e+00, -2.12620970e+00,
         2.77067565e-04, -8.05851137e-01,  1.41351965e+00,
         1.63318762e-01,  4.04711073e-01,  3.30104966e-01,
         3.52809915e-02,  1.19075894e-01,  6.01218594e-02],
       [-3.73076711e-01, -2.58621293e-01, -1.30417254e-01,
        -7.14624195e-02, -8.64514330e-02,  9.97013972e-02,
        -1.57325161e-01,  4.15776786e-01,  9.73964619e-02,
        -6.51650159e-02, -1.09263058e-01,  1.63318762e-01,
         1.58889518e-01,  6.35790972e-02,  6.36473426e-02,
         6.89080527e-02,  6.43226449e-02, -6.38289779e-02],
       [-3.46405167e-01, -3.43818908e-01, -3.52949605e-01,
        -1.05206049e-01, -2.42999022e-02,  1.23536596e-02,
        -2.95424841e-01,  9.00525592e-01, -8.76012956e-01,
         3.23512766e-02, -3.61520908e-01,  4.04711073e-01,
         6.35790972e-02,  2.06493311e-01,  1.47086904e-01,
         1.53442112e-02,  9.63309722e-02,  2.77560894e-02],
       [-4.95455638e-01, -2.80890025e-01, -5.75132873e-01,
        -2.55117104e-01, -3.33226380e-02,  5.48370515e-03,
        -9.81218060e-01,  1.57259483e+00, -6.01722868e-01,
         1.05247162e-01, -5.55350094e-01,  3.30104966e-01,
         6.36473426e-02,  1.47086904e-01,  2.75318868e-01,
         9.45990804e-02,  6.57524260e-02,  8.98253918e-02],
       [-1.66500319e-01,  5.66834280e-03, -2.46498698e-01,
        -9.83094438e-02, -2.55433504e-02, -1.44108551e-02,
        -6.27224277e-01,  5.49879197e-01,  2.40683194e-02,
         7.66504473e-02, -2.13613865e-01,  3.52809915e-02,
         6.89080527e-02,  1.53442112e-02,  9.45990804e-02,
         1.01522563e-01,  4.59070043e-02,  2.28339612e-02],
       [-2.24004150e-01, -4.40746285e-02, -1.90638236e-01,
        -8.78358448e-02, -2.47829213e-02, -3.12431886e-02,
        -8.70600836e-01,  5.25311537e-01, -3.36592728e-01,
         1.52227655e-01, -1.61182920e-01,  1.19075894e-01,
         6.43226449e-02,  9.63309722e-02,  6.57524260e-02,
         4.59070043e-02,  1.44895108e-01,  3.04398882e-02],
       [ 1.62066922e-01,  1.42334010e-03, -2.08486169e-01,
        -4.37155742e-02, -2.45664857e-02, -1.21846123e-01,
        -1.01565628e+00,  1.39292834e-01, -4.17861018e-01,
         1.71218587e-01, -1.82140306e-01,  6.01218594e-02,
        -6.38289779e-02,  2.77560894e-02,  8.98253918e-02,
         2.28339612e-02,  3.04398882e-02,  1.53574834e-01]])
      jac: array([ 2.45803378e-06,  1.22494607e-07,  2.92414241e-06, -8.07187650e-06,
       -5.68989300e-07, -5.57739040e-06,  7.99360578e-07, -1.59872116e-07,
       -6.84637532e-09,  7.60687809e-07, -2.25005200e-07,  1.68568863e-06,
        5.43195118e-06, -2.08425869e-06,  4.98971235e-06, -1.42034532e-06,
        2.38087328e-06, -2.92025663e-06])
  message: 'Optimization terminated successfully.'
     nfev: 1615
      nit: 73
     njev: 85
   status: 0
  success: True
        x: array([-0.37201637, -0.58194637,  0.66993404, -0.79270223, -0.78600001,
        0.09227625, -0.39248261, -1.44973152, -0.60005083,  0.11019915,
        0.71759127,  1.076282  ,  0.0644617 ,  0.17338914, -0.39394101,
        1.03650492, -0.39531306, -0.01620689])
