Program Begingeth
      fun: 0.31362363791476655
 hess_inv: array([[ 5.84256348e+00, -8.75861749e-01, -3.33099337e-01,
         8.79115141e-01, -6.38589991e-01,  1.08376440e+00,
        -1.79775156e+00,  1.12413869e+00,  5.47698265e-01,
        -1.21866233e+00, -6.58233086e-01,  6.91077277e-01,
        -1.00825241e+00,  1.45333612e-01,  4.44700793e-01,
         2.37436188e-01,  4.85822803e-01, -8.02195820e-01],
       [-8.75861749e-01,  3.16155992e+00,  1.03421277e+00,
         2.29789526e-02,  7.46084897e-01, -1.07238084e-01,
        -1.26006901e+00, -9.50363543e-01,  3.09859783e+00,
         1.22662981e-01,  1.21574648e-01, -1.80635602e+00,
         3.21326834e-01, -4.76052538e-01, -2.72976340e-01,
        -1.71402060e-01,  8.83559309e-02,  1.00654647e-01],
       [-3.33099337e-01,  1.03421277e+00,  2.01789424e+00,
        -2.52222626e-01,  1.68061534e-01,  2.04999423e-01,
        -2.72842849e-01, -2.52217448e+00,  1.03446184e+00,
        -3.11884004e-03,  9.94208931e-01, -1.13102199e+00,
         8.19938289e-03, -2.62957168e-01, -3.79596427e-01,
         1.39372205e-01,  6.46756517e-02,  1.05040565e-01],
       [ 8.79115141e-01,  2.29789526e-02, -2.52222626e-01,
         2.33438945e-01, -5.14949157e-02,  1.23648779e-01,
        -1.77296548e-01,  5.24678840e-01,  3.35037212e-01,
        -1.92938155e-01, -2.50585874e-01,  4.13514735e-02,
        -7.30017679e-02, -4.91856621e-03,  1.25070743e-01,
         1.50197362e-02,  5.07257369e-02, -9.71825954e-02],
       [-6.38589991e-01,  7.46084897e-01,  1.68061534e-01,
        -5.14949157e-02,  4.63458640e-01, -4.42439938e-02,
        -2.46663286e+00,  1.02990879e-02,  4.38504413e-01,
         4.21272186e-01,  7.36344410e-03, -3.13277566e-01,
         2.69019706e-01, -1.93981271e-02, -6.22171609e-02,
        -2.89652095e-02, -2.30021931e-01,  1.64442792e-02],
       [ 1.08376440e+00, -1.07238084e-01,  2.04999423e-01,
         1.23648779e-01, -4.42439938e-02,  3.43672792e-01,
        -1.23650570e+00,  3.40394553e-02,  3.60919113e-01,
        -2.00802407e-02, -9.56947546e-02,  5.51958616e-02,
        -2.16393372e-01,  3.81783689e-02,  1.08494834e-01,
         3.40967140e-02,  2.69266166e-02, -1.51615462e-01],
       [-1.79775156e+00, -1.26006901e+00, -2.72842849e-01,
        -1.77296548e-01, -2.46663286e+00, -1.23650570e+00,
         2.96628900e+01, -7.93635458e-01, -1.42131979e+00,
        -2.70950966e+00,  2.63275795e-01, -2.46081923e-02,
        -8.25178591e-01, -2.80340799e-01, -2.45040739e-01,
         3.21466324e-02,  2.29561445e+00,  1.06953613e+00],
       [ 1.12413869e+00, -9.50363543e-01, -2.52217448e+00,
         5.24678840e-01,  1.02990879e-02,  3.40394553e-02,
        -7.93635458e-01,  6.17130865e+00, -8.93807919e-01,
         2.45498748e-02, -1.55567492e+00,  1.11116746e+00,
        -1.19701583e-01,  4.11129122e-01,  7.90507037e-01,
        -3.11074742e-01,  1.18042566e-01, -1.40768185e-01],
       [ 5.47698265e-01,  3.09859783e+00,  1.03446184e+00,
         3.35037212e-01,  4.38504413e-01,  3.60919113e-01,
        -1.42131979e+00, -8.93807919e-01,  6.76851264e+00,
        -1.82231727e-01,  3.58429037e-02, -1.79911537e+00,
         5.50276818e-02, -7.25305300e-01, -2.48684166e-02,
        -2.56618841e-01,  1.09987572e-01,  1.48804121e-01],
       [-1.21866233e+00,  1.22662981e-01, -3.11884004e-03,
        -1.92938155e-01,  4.21272186e-01, -2.00802407e-02,
        -2.70950966e+00,  2.45498748e-02, -1.82231727e-01,
         1.16715036e+00,  2.25127048e-02,  1.31159558e-02,
         1.95271636e-01,  5.91781655e-02, -1.70503411e-02,
        -6.98917725e-02, -4.20017527e-01, -1.19473535e-02],
       [-6.58233086e-01,  1.21574648e-01,  9.94208931e-01,
        -2.50585874e-01,  7.36344410e-03, -9.56947546e-02,
         2.63275795e-01, -1.55567492e+00,  3.58429037e-02,
         2.25127048e-02,  1.14676730e+00, -4.82396002e-01,
         9.32340135e-02, -2.31204184e-01, -3.68763717e-01,
         1.24760089e-01, -6.34739581e-02,  4.40984873e-02],
       [ 6.91077277e-01, -1.80635602e+00, -1.13102199e+00,
         4.13514735e-02, -3.13277566e-01,  5.51958616e-02,
        -2.46081923e-02,  1.11116746e+00, -1.79911537e+00,
         1.31159558e-02, -4.82396002e-01,  1.58134608e+00,
        -1.79691850e-01,  4.33554162e-01,  2.04794674e-01,
         9.37641774e-02, -4.81776799e-02, -1.28810948e-01],
       [-1.00825241e+00,  3.21326834e-01,  8.19938289e-03,
        -7.30017679e-02,  2.69019706e-01, -2.16393372e-01,
        -8.25178591e-01, -1.19701583e-01,  5.50276818e-02,
         1.95271636e-01,  9.32340135e-02, -1.79691850e-01,
         3.66006249e-01, -3.61622353e-02, -7.48858371e-02,
         8.11721897e-03, -2.19725182e-01,  1.48690960e-01],
       [ 1.45333612e-01, -4.76052538e-01, -2.62957168e-01,
        -4.91856621e-03, -1.93981271e-02,  3.81783689e-02,
        -2.80340799e-01,  4.11129122e-01, -7.25305300e-01,
         5.91781655e-02, -2.31204184e-01,  4.33554162e-01,
        -3.61622353e-02,  1.97270946e-01,  8.13984782e-02,
         3.13691888e-02, -5.63268490e-03, -2.45625356e-02],
       [ 4.44700793e-01, -2.72976340e-01, -3.79596427e-01,
         1.25070743e-01, -6.22171609e-02,  1.08494834e-01,
        -2.45040739e-01,  7.90507037e-01, -2.48684166e-02,
        -1.70503411e-02, -3.68763717e-01,  2.04794674e-01,
        -7.48858371e-02,  8.13984782e-02,  2.05811207e-01,
        -4.73119469e-02,  3.11343325e-03, -2.11971727e-02],
       [ 2.37436188e-01, -1.71402060e-01,  1.39372205e-01,
         1.50197362e-02, -2.89652095e-02,  3.40967140e-02,
         3.21466324e-02, -3.11074742e-01, -2.56618841e-01,
        -6.98917725e-02,  1.24760089e-01,  9.37641774e-02,
         8.11721897e-03,  3.13691888e-02, -4.73119469e-02,
         1.14104099e-01, -6.25051734e-03, -2.77854056e-02],
       [ 4.85822803e-01,  8.83559309e-02,  6.46756517e-02,
         5.07257369e-02, -2.30021931e-01,  2.69266166e-02,
         2.29561445e+00,  1.18042566e-01,  1.09987572e-01,
        -4.20017527e-01, -6.34739581e-02, -4.81776799e-02,
        -2.19725182e-01, -5.63268490e-03,  3.11343325e-03,
        -6.25051734e-03,  3.56062578e-01,  1.12039678e-03],
       [-8.02195820e-01,  1.00654647e-01,  1.05040565e-01,
        -9.71825954e-02,  1.64442792e-02, -1.51615462e-01,
         1.06953613e+00, -1.40768185e-01,  1.48804121e-01,
        -1.19473535e-02,  4.40984873e-02, -1.28810948e-01,
         1.48690960e-01, -2.45625356e-02, -2.11971727e-02,
        -2.77854056e-02,  1.12039678e-03,  2.16813782e-01]])
      jac: array([-4.07081776e-07, -3.12897856e-06,  6.35417645e-07,  1.75200595e-05,
        1.76007357e-06, -8.12831284e-06, -3.52532818e-06, -4.03381032e-08,
        4.59262258e-07,  2.62863805e-06, -2.55795385e-06, -1.64572060e-06,
       -9.54643771e-06, -7.18832401e-06, -7.18203275e-06,  2.67193675e-06,
        9.69224701e-06,  9.12603326e-06])
  message: 'Desired error not necessarily achieved due to precision loss.'
     nfev: 1853
      nit: 57
     njev: 97
   status: 2
  success: False
        x: array([ 0.27808705, -0.71531426,  0.57262412,  0.95184263, -0.77309356,
        0.04595178,  0.13776194, -1.82377692, -0.52746513,  0.05761904,
        0.6055354 ,  1.10344425,  0.09316975,  0.01936132, -0.3949444 ,
       -0.96326222, -0.92440812,  0.0048207 ])
