Program Begingeth
      fun: 0.24751240108465436
 hess_inv: array([[ 4.19744728e+00, -1.97729505e+00, -1.05566969e+00,
         1.55243251e+00, -7.67064081e-01,  5.93316618e-01,
         4.06524439e+00,  2.96723910e+00,  1.19406871e+00,
        -2.61619780e-01, -1.20372774e+00,  1.07456540e+00,
        -6.48359737e-01,  4.62799409e-01,  5.83511928e-01,
        -3.09703553e-01,  4.70102987e-01, -1.70111171e-01],
       [-1.97729505e+00,  3.22906335e+00,  1.28916608e+00,
        -6.58465026e-01,  1.27413515e+00, -6.14418169e-02,
        -3.16060084e+00,  6.54604058e-02,  2.13288854e+00,
        -2.59128818e-01,  6.16516333e-01, -1.45733445e+00,
         5.32621387e-01, -4.12977230e-01, -3.47879802e-01,
         1.22513184e-01, -2.65022081e-01,  9.78006918e-02],
       [-1.05566969e+00,  1.28916608e+00,  3.00834143e+00,
        -8.46977412e-01,  4.17324698e-01,  9.49422036e-01,
        -5.63297901e+00, -3.46097939e+00,  4.16401552e+00,
         1.37145747e-01,  1.38768216e+00, -1.04364646e+00,
         1.18826831e-01, -2.91538273e-01, -5.23031372e-01,
         2.36392806e-01, -1.34962852e-01, -2.30551459e-01],
       [ 1.55243251e+00, -6.58465026e-01, -8.46977412e-01,
         7.16460560e-01, -2.50888092e-01,  1.41245396e-02,
         2.69050424e+00,  1.76088748e+00, -1.09452215e-01,
        -1.78984321e-01, -6.40876463e-01,  4.09403819e-01,
        -1.81395288e-01,  1.60304178e-01,  2.99537436e-01,
        -1.41625526e-01,  1.58019730e-01,  2.52840369e-02],
       [-7.67064081e-01,  1.27413515e+00,  4.17324698e-01,
        -2.50888092e-01,  6.14376935e-01, -2.48358262e-02,
        -1.69456668e+00,  8.89710040e-01,  4.80328390e-01,
        -1.89722993e-02,  1.23521534e-01, -4.77970734e-01,
         2.46496227e-01, -1.01265067e-01, -8.65326327e-02,
         7.72128979e-02, -1.26810118e-01,  5.31939888e-02],
       [ 5.93316618e-01, -6.14418169e-02,  9.49422036e-01,
         1.41245396e-02, -2.48358262e-02,  5.99242081e-01,
        -1.65917672e+00, -4.38253637e-01,  2.18824464e+00,
         1.18072562e-01,  1.89625327e-01, -8.90819704e-02,
        -1.45524672e-01,  1.20196305e-02, -3.14927528e-02,
         1.88587519e-03,  3.31058809e-02, -1.42845639e-01],
       [ 4.06524439e+00, -3.16060084e+00, -5.63297901e+00,
         2.69050424e+00, -1.69456668e+00, -1.65917672e+00,
         2.11693390e+01,  4.66499882e+00, -6.45122854e+00,
        -1.11842020e+00, -2.46984980e+00,  1.71499355e+00,
        -7.35890478e-01,  5.61893757e-01,  1.14579796e+00,
        -7.32164917e-01,  9.82579412e-01,  5.67018092e-01],
       [ 2.96723910e+00,  6.54604058e-02, -3.46097939e+00,
         1.76088748e+00,  8.89710040e-01, -4.38253637e-01,
         4.66499882e+00,  1.46655053e+01, -3.38529045e+00,
        -4.41164720e-02, -2.74088818e+00,  9.29137717e-01,
        -1.21980258e-01,  6.43908392e-01,  1.30845672e+00,
        -4.65280586e-01,  2.46992666e-01,  3.97089302e-01],
       [ 1.19406871e+00,  2.13288854e+00,  4.16401552e+00,
        -1.09452215e-01,  4.80328390e-01,  2.18824464e+00,
        -6.45122854e+00, -3.38529045e+00,  1.36871398e+01,
         1.05163159e-02,  1.45518275e+00, -1.52662774e+00,
        -2.10752524e-01, -6.76470467e-01, -4.86582646e-01,
        -5.98766837e-02, -2.33599691e-01, -4.77135506e-01],
       [-2.61619780e-01, -2.59128818e-01,  1.37145747e-01,
        -1.78984321e-01, -1.89722993e-02,  1.18072562e-01,
        -1.11842020e+00, -4.41164720e-02,  1.05163159e-02,
         6.91299667e-01,  1.57751408e-01,  8.91225935e-02,
        -1.11846882e-01, -2.07363298e-02, -8.83752843e-02,
         4.66343872e-02, -1.07045411e-01, -1.78402575e-01],
       [-1.20372774e+00,  6.16516333e-01,  1.38768216e+00,
        -6.40876463e-01,  1.23521534e-01,  1.89625327e-01,
        -2.46984980e+00, -2.74088818e+00,  1.45518275e+00,
         1.57751408e-01,  1.27625426e+00, -6.26598930e-01,
         1.20692051e-01, -3.24144703e-01, -4.69104868e-01,
         1.73686425e-01, -1.33565084e-01, -1.73951199e-01],
       [ 1.07456540e+00, -1.45733445e+00, -1.04364646e+00,
         4.09403819e-01, -4.77970734e-01, -8.90819704e-02,
         1.71499355e+00,  9.29137717e-01, -1.52662774e+00,
         8.91225935e-02, -6.26598930e-01,  1.03172330e+00,
        -2.02586405e-01,  3.24568193e-01,  2.27241681e-01,
        -3.44668474e-02,  1.64910144e-01,  9.89460189e-03],
       [-6.48359737e-01,  5.32621387e-01,  1.18826831e-01,
        -1.81395288e-01,  2.46496227e-01, -1.45524672e-01,
        -7.35890478e-01, -1.21980258e-01, -2.10752524e-01,
        -1.11846882e-01,  1.20692051e-01, -2.02586405e-01,
         2.40573857e-01, -8.27227516e-02, -6.70644429e-02,
         1.06734122e-01, -1.21566823e-01,  9.25906336e-02],
       [ 4.62799409e-01, -4.12977230e-01, -2.91538273e-01,
         1.60304178e-01, -1.01265067e-01,  1.20196305e-02,
         5.61893757e-01,  6.43908392e-01, -6.76470467e-01,
        -2.07363298e-02, -3.24144703e-01,  3.24568193e-01,
        -8.27227516e-02,  1.87002707e-01,  1.19571629e-01,
        -2.29506529e-02,  1.22298393e-01,  2.04598114e-02],
       [ 5.83511928e-01, -3.47879802e-01, -5.23031372e-01,
         2.99537436e-01, -8.65326327e-02, -3.14927528e-02,
         1.14579796e+00,  1.30845672e+00, -4.86582646e-01,
        -8.83752843e-02, -4.69104868e-01,  2.27241681e-01,
        -6.70644429e-02,  1.19571629e-01,  2.36049081e-01,
        -8.86080688e-02,  6.29540795e-02,  9.33834931e-02],
       [-3.09703553e-01,  1.22513184e-01,  2.36392806e-01,
        -1.41625526e-01,  7.72128979e-02,  1.88587519e-03,
        -7.32164917e-01, -4.65280586e-01, -5.98766837e-02,
         4.66343872e-02,  1.73686425e-01, -3.44668474e-02,
         1.06734122e-01, -2.29506529e-02, -8.86080688e-02,
         1.13058147e-01, -5.67134907e-02, -6.02701291e-03],
       [ 4.70102987e-01, -2.65022081e-01, -1.34962852e-01,
         1.58019730e-01, -1.26810118e-01,  3.31058809e-02,
         9.82579412e-01,  2.46992666e-01, -2.33599691e-01,
        -1.07045411e-01, -1.33565084e-01,  1.64910144e-01,
        -1.21566823e-01,  1.22298393e-01,  6.29540795e-02,
        -5.67134907e-02,  1.75662293e-01, -4.75210210e-03],
       [-1.70111171e-01,  9.78006918e-02, -2.30551459e-01,
         2.52840369e-02,  5.31939888e-02, -1.42845639e-01,
         5.67018092e-01,  3.97089302e-01, -4.77135506e-01,
        -1.78402575e-01, -1.73951199e-01,  9.89460189e-03,
         9.25906336e-02,  2.04598114e-02,  9.33834931e-02,
        -6.02701291e-03, -4.75210210e-03,  1.52669298e-01]])
      jac: array([ 8.41215986e-05, -3.34673030e-05,  8.38671725e-05, -2.27889189e-04,
        1.20247701e-04, -2.14616103e-04,  1.96435461e-05, -8.72098690e-06,
        2.04499380e-05,  1.96494672e-05,  1.36716564e-05,  4.83911059e-05,
        9.22258566e-05,  1.58789648e-05,  3.04467192e-04, -5.65667883e-05,
       -4.73719212e-05, -1.76722896e-04])
  message: 'Desired error not necessarily achieved due to precision loss.'
     nfev: 2463
      nit: 70
     njev: 129
   status: 2
  success: False
        x: array([ 0.68590905, -0.79436745,  0.6463797 ,  0.97856767, -0.92709387,
        0.13521671,  0.63989045, -1.54914952, -0.56823868,  0.0271277 ,
        0.68996418,  1.14342454,  0.02351016,  0.18402311, -0.37236729,
       -0.94431155, -0.34354379, -0.03509461])
