Program Begingeth
      fun: 0.2226118914903082
 hess_inv: array([[ 4.34259028e+00,  1.47796813e+00, -3.67602261e-01,
         9.84191193e-01,  5.07178930e-01, -9.31243701e-01,
        -2.62951728e-01, -1.44429660e+00, -2.09469241e+00,
        -3.50671276e-01,  5.87679267e-01, -7.56805126e-01,
        -8.20361861e-01, -4.92224850e-01, -3.14881517e-01,
        -1.13004612e-01, -4.92172456e-01,  2.00624923e-01],
       [ 1.47796813e+00,  2.44857130e+00, -2.96181349e-01,
         6.52644252e-02,  8.25318153e-01, -4.59889183e-01,
        -1.34991412e+00,  1.49376771e+00, -8.73687557e-02,
         4.10940901e-01, -2.50765921e-01, -1.11358853e+00,
        -4.87674128e-01, -3.78145282e-01,  6.05891344e-02,
         8.64796712e-02, -1.86979095e-01,  1.99007532e-01],
       [-3.67602261e-01, -2.96181349e-01,  4.69555778e+00,
         7.07927597e-01, -6.03323380e-02,  1.84787718e+00,
         8.75347421e+00, -2.67367073e+00,  4.83942399e+00,
        -3.05028668e-01,  1.75937540e+00, -8.03808081e-01,
         1.41009713e-01, -2.78769753e-02, -4.82435214e-01,
        -2.65019039e-01,  1.60361124e-01, -3.00569622e-01],
       [ 9.84191193e-01,  6.52644252e-02,  7.07927597e-01,
         4.41405133e-01,  6.02252308e-02,  1.24701179e-01,
         2.11629059e+00, -8.71782117e-01,  9.51142095e-02,
        -2.24626513e-01,  4.13703854e-01, -1.56079677e-01,
        -1.27413392e-01, -5.04706594e-02, -1.57242903e-01,
        -8.31628963e-02, -7.17840176e-02, -2.33124570e-02],
       [ 5.07178930e-01,  8.25318153e-01, -6.03323380e-02,
         6.02252308e-02,  3.48048286e-01, -1.05915769e-01,
         1.35258498e-01,  9.93151332e-01, -1.65331713e-01,
         6.27788740e-02, -1.39363954e-01, -3.23682107e-01,
        -1.68718589e-01, -7.53587975e-02,  5.60497555e-02,
         8.38097399e-03, -5.64786207e-02,  7.49048370e-02],
       [-9.31243701e-01, -4.59889183e-01,  1.84787718e+00,
         1.24701179e-01, -1.05915769e-01,  9.40467473e-01,
         3.88332217e+00, -4.80353094e-01,  2.34003884e+00,
        -1.98375452e-01,  4.62790571e-01, -9.34910574e-02,
         2.36855478e-01,  1.12990020e-01, -8.63472712e-02,
        -7.73087127e-02,  1.35500282e-01, -1.57496418e-01],
       [-2.62951728e-01, -1.34991412e+00,  8.75347421e+00,
         2.11629059e+00,  1.35258498e-01,  3.88332217e+00,
         2.58626451e+01, -2.68506792e+00,  7.59766448e+00,
        -1.40151525e+00,  2.38416762e+00, -4.88018542e-01,
         2.82828363e-01,  5.15432096e-01, -6.27507983e-01,
        -6.70923039e-01,  2.25841921e-01, -6.22614056e-01],
       [-1.44429660e+00,  1.49376771e+00, -2.67367073e+00,
        -8.71782117e-01,  9.93151332e-01, -4.80353094e-01,
        -2.68506792e+00,  9.70098999e+00, -2.18712439e+00,
         1.02849565e-01, -2.07245903e+00, -2.27540133e-02,
         1.26251988e-01,  1.85683647e-01,  9.92472645e-01,
         3.25051626e-01,  3.18927041e-02,  2.94891894e-01],
       [-2.09469241e+00, -8.73687557e-02,  4.83942399e+00,
         9.51142095e-02, -1.65331713e-01,  2.34003884e+00,
         7.59766448e+00, -2.18712439e+00,  9.64108883e+00,
        -3.34647430e-01,  1.67621468e+00, -8.57067090e-01,
         4.35836226e-01, -2.54110632e-01, -5.02308531e-01,
        -1.25599571e-01,  1.39077775e-01, -4.82773294e-01],
       [-3.50671276e-01,  4.10940901e-01, -3.05028668e-01,
        -2.24626513e-01,  6.27788740e-02, -1.98375452e-01,
        -1.40151525e+00,  1.02849565e-01, -3.34647430e-01,
         1.02810965e+00, -2.52067490e-01, -9.26732978e-02,
        -1.69947278e-01,  1.33097035e-02,  1.20215458e-01,
         5.21059860e-02,  1.00804973e-01,  2.06172845e-01],
       [ 5.87679267e-01, -2.50765921e-01,  1.75937540e+00,
         4.13703854e-01, -1.39363954e-01,  4.62790571e-01,
         2.38416762e+00, -2.07245903e+00,  1.67621468e+00,
        -2.52067490e-01,  1.41858051e+00, -3.92867016e-01,
        -4.93871455e-02, -2.20945361e-01, -4.35440444e-01,
        -1.54416719e-01, -2.23905044e-02, -1.92787903e-01],
       [-7.56805126e-01, -1.11358853e+00, -8.03808081e-01,
        -1.56079677e-01, -3.23682107e-01, -9.34910574e-02,
        -4.88018542e-01, -2.27540133e-02, -8.57067090e-01,
        -9.26732978e-02, -3.92867016e-01,  1.02516202e+00,
         1.84379822e-01,  3.07568917e-01,  7.06506775e-02,
        -3.97265692e-02,  1.11996720e-01, -4.83198517e-03],
       [-8.20361861e-01, -4.87674128e-01,  1.41009713e-01,
        -1.27413392e-01, -1.68718589e-01,  2.36855478e-01,
         2.82828363e-01,  1.26251988e-01,  4.35836226e-01,
        -1.69947278e-01, -4.93871455e-02,  1.84379822e-01,
         2.67578962e-01,  1.08401722e-01,  3.39426386e-02,
         4.80848277e-02,  1.00174755e-01, -1.00380362e-01],
       [-4.92224850e-01, -3.78145282e-01, -2.78769753e-02,
        -5.04706594e-02, -7.53587975e-02,  1.12990020e-01,
         5.15432096e-01,  1.85683647e-01, -2.54110632e-01,
         1.33097035e-02, -2.20945361e-01,  3.07568917e-01,
         1.08401722e-01,  1.93945158e-01,  7.48990191e-02,
        -1.16416969e-02,  1.05141627e-01,  2.81420135e-03],
       [-3.14881517e-01,  6.05891344e-02, -4.82435214e-01,
        -1.57242903e-01,  5.60497555e-02, -8.63472712e-02,
        -6.27507983e-01,  9.92472645e-01, -5.02308531e-01,
         1.20215458e-01, -4.35440444e-01,  7.06506775e-02,
         3.39426386e-02,  7.48990191e-02,  1.92064621e-01,
         6.04060388e-02,  2.19539850e-02,  8.28190179e-02],
       [-1.13004612e-01,  8.64796712e-02, -2.65019039e-01,
        -8.31628963e-02,  8.38097399e-03, -7.73087127e-02,
        -6.70923039e-01,  3.25051626e-01, -1.25599571e-01,
         5.21059860e-02, -1.54416719e-01, -3.97265692e-02,
         4.80848277e-02, -1.16416969e-02,  6.04060388e-02,
         7.16510443e-02,  5.33875433e-03,  1.39587959e-02],
       [-4.92172456e-01, -1.86979095e-01,  1.60361124e-01,
        -7.17840176e-02, -5.64786207e-02,  1.35500282e-01,
         2.25841921e-01,  3.18927041e-02,  1.39077775e-01,
         1.00804973e-01, -2.23905044e-02,  1.11996720e-01,
         1.00174755e-01,  1.05141627e-01,  2.19539850e-02,
         5.33875433e-03,  1.13835080e-01, -1.58812814e-02],
       [ 2.00624923e-01,  1.99007532e-01, -3.00569622e-01,
        -2.33124570e-02,  7.49048370e-02, -1.57496418e-01,
        -6.22614056e-01,  2.94891894e-01, -4.82773294e-01,
         2.06172845e-01, -1.92787903e-01, -4.83198517e-03,
        -1.00380362e-01,  2.81420135e-03,  8.28190179e-02,
         1.39587959e-02, -1.58812814e-02,  1.13547945e-01]])
      jac: array([-3.96904731e-07, -8.07132139e-07,  2.14828155e-07,  5.05151476e-07,
        1.99137003e-06, -6.28941343e-07, -3.40468394e-08, -2.37587727e-07,
        2.62752783e-08, -2.63677968e-07, -3.70444416e-07,  1.44328993e-07,
       -7.87148124e-07, -2.19509596e-06,  2.29631129e-07,  1.13964393e-06,
        1.30839783e-06,  1.31006317e-07])
  message: 'Optimization terminated successfully.'
     nfev: 1330
      nit: 63
     njev: 70
   status: 0
  success: True
        x: array([-0.59557132, -0.65652542,  0.4776575 , -1.08995555, -0.78998733,
        0.06528995, -0.9708013 , -1.18653566, -0.84200602,  0.12443681,
        0.63329365,  1.04586895,  0.06901537,  0.26794414, -0.29253703,
        1.27317848, -0.12422764,  0.01993045])
