Program Begingeth
      fun: 0.3256948520891519
 hess_inv: array([[ 6.19669150e+00,  1.10456923e+00, -5.99911407e-01,
         1.55346330e+00,  7.76058681e-01, -1.40132956e+00,
         9.03436311e-01, -5.47890895e-01, -4.14784468e+00,
        -7.36840000e-01,  7.77211288e-01, -5.46105550e-01,
        -1.07617755e+00, -3.49109765e-01, -4.24649702e-01,
        -1.87394139e-01, -7.46061411e-01,  4.36459007e-01],
       [ 1.10456923e+00,  3.79177353e+00,  6.79255195e-01,
         1.66594279e-01,  1.60044486e+00,  1.59592169e-02,
         5.03684902e+00,  1.80663747e+00,  3.09885330e+00,
         6.00790185e-02, -4.46572714e-02, -1.35890427e+00,
        -6.26994802e-01, -3.26868860e-01, -9.19995710e-02,
         2.95225869e-02, -3.12950667e-01,  1.12055872e-01],
       [-5.99911407e-01,  6.79255195e-01,  9.93505106e-01,
        -7.86817969e-03,  4.47873728e-01,  5.21145922e-01,
         3.64848803e+00,  8.34728167e-01,  1.36462984e+00,
        -1.56127854e-01,  4.41096855e-02, -2.50822668e-01,
        -2.25483942e-03,  5.47194475e-02,  3.27244396e-02,
        -4.52825929e-02, -5.89420432e-02, -4.68035092e-02],
       [ 1.55346330e+00,  1.66594279e-01, -7.86817969e-03,
         4.73974907e-01,  1.91369839e-01, -2.85183022e-01,
         9.10545648e-01, -2.02780140e-01, -1.14330849e+00,
        -2.64245117e-01,  2.55221652e-01, -5.85844137e-02,
        -2.21213927e-01, -5.32770497e-02, -1.35354638e-01,
        -5.28636928e-02, -1.85170904e-01,  7.42640332e-02],
       [ 7.76058681e-01,  1.60044486e+00,  4.47873728e-01,
         1.91369839e-01,  7.94544852e-01,  1.97084703e-02,
         3.07449686e+00,  8.87587373e-01,  1.01633096e+00,
        -1.10772105e-01,  8.44750986e-02, -5.30420290e-01,
        -3.55757543e-01, -1.10786186e-01, -7.81355223e-02,
        -5.50642496e-02, -2.15084857e-01,  5.37361778e-02],
       [-1.40132956e+00,  1.59592169e-02,  5.21145922e-01,
        -2.85183022e-01,  1.97084703e-02,  5.32298556e-01,
         1.45290824e+00,  4.49981209e-01,  1.57730613e+00,
        -1.37282851e-02, -1.78790941e-01,  3.78472746e-02,
         2.32824204e-01,  9.17258094e-02,  1.23848189e-01,
         3.77429735e-02,  9.88353691e-02, -9.86113466e-02],
       [ 9.03436311e-01,  5.03684902e+00,  3.64848803e+00,
         9.10545648e-01,  3.07449686e+00,  1.45290824e+00,
         2.32599797e+01,  3.11792693e+00,  6.34450963e+00,
        -1.18030742e+00,  7.20072467e-01, -1.47371696e+00,
        -1.02650661e+00, -2.94372808e-01, -3.30693289e-01,
        -3.36249698e-01, -1.23202002e+00, -2.25511109e-01],
       [-5.47890895e-01,  1.80663747e+00,  8.34728167e-01,
        -2.02780140e-01,  8.87587373e-01,  4.49981209e-01,
         3.11792693e+00,  2.83572856e+00,  2.39070467e+00,
         9.62513514e-02,  6.22131984e-02, -7.56691296e-01,
        -1.81715845e-01, -8.81905807e-02,  1.11654556e-01,
         3.00059355e-02, -1.58149119e-02,  9.12899330e-03],
       [-4.14784468e+00,  3.09885330e+00,  1.36462984e+00,
        -1.14330849e+00,  1.01633096e+00,  1.57730613e+00,
         6.34450963e+00,  2.39070467e+00,  1.06855512e+01,
         3.89775978e-01, -6.51730732e-01, -9.08064063e-01,
         2.99000124e-01, -2.70780643e-01,  3.64502078e-01,
         3.07080494e-01,  5.28598685e-02, -1.56771318e-01],
       [-7.36840000e-01,  6.00790185e-02, -1.56127854e-01,
        -2.64245117e-01, -1.10772105e-01, -1.37282851e-02,
        -1.18030742e+00,  9.62513514e-02,  3.89775978e-01,
         8.10962477e-01, -2.79235179e-01,  1.19246149e-03,
        -1.84942770e-02,  5.90744224e-02,  1.13112995e-01,
         4.68789346e-02,  1.98138042e-01,  1.23613586e-01],
       [ 7.77211288e-01, -4.46572714e-02,  4.41096855e-02,
         2.55221652e-01,  8.44750986e-02, -1.78790941e-01,
         7.20072467e-01,  6.22131984e-02, -6.51730732e-01,
        -2.79235179e-01,  6.28717430e-01, -8.89031833e-02,
        -1.11337356e-01, -1.40937627e-01, -1.75173915e-01,
        -7.26122107e-02, -1.43245957e-01, -6.46476131e-02],
       [-5.46105550e-01, -1.35890427e+00, -2.50822668e-01,
        -5.85844137e-02, -5.30420290e-01,  3.78472746e-02,
        -1.47371696e+00, -7.56691296e-01, -9.08064063e-01,
         1.19246149e-03, -8.89031833e-02,  8.69699032e-01,
         2.24449572e-01,  2.21658963e-01, -2.07571670e-02,
        -6.29725601e-02,  1.62312597e-01, -4.66382058e-02],
       [-1.07617755e+00, -6.26994802e-01, -2.25483942e-03,
        -2.21213927e-01, -3.55757543e-01,  2.32824204e-01,
        -1.02650661e+00, -1.81715845e-01,  2.99000124e-01,
        -1.84942770e-02, -1.11337356e-01,  2.24449572e-01,
         3.71699817e-01,  8.88508191e-02,  7.00521516e-02,
         9.86915704e-02,  2.03001178e-01, -1.26962604e-01],
       [-3.49109765e-01, -3.26868860e-01,  5.47194475e-02,
        -5.32770497e-02, -1.10786186e-01,  9.17258094e-02,
        -2.94372808e-01, -8.81905807e-02, -2.70780643e-01,
         5.90744224e-02, -1.40937627e-01,  2.21658963e-01,
         8.88508191e-02,  1.41431721e-01,  3.34476735e-02,
        -1.60376023e-02,  1.09403118e-01, -4.00545614e-03],
       [-4.24649702e-01, -9.19995710e-02,  3.27244396e-02,
        -1.35354638e-01, -7.81355223e-02,  1.23848189e-01,
        -3.30693289e-01,  1.11654556e-01,  3.64502078e-01,
         1.13112995e-01, -1.75173915e-01, -2.07571670e-02,
         7.00521516e-02,  3.34476735e-02,  1.15513925e-01,
         4.13010110e-02,  5.70892877e-02,  3.76591104e-02],
       [-1.87394139e-01,  2.95225869e-02, -4.52825929e-02,
        -5.28636928e-02, -5.50642496e-02,  3.77429735e-02,
        -3.36249698e-01,  3.00059355e-02,  3.07080494e-01,
         4.68789346e-02, -7.26122107e-02, -6.29725601e-02,
         9.86915704e-02, -1.60376023e-02,  4.13010110e-02,
         8.85761395e-02,  5.06622491e-02, -1.09024634e-02],
       [-7.46061411e-01, -3.12950667e-01, -5.89420432e-02,
        -1.85170904e-01, -2.15084857e-01,  9.88353691e-02,
        -1.23202002e+00, -1.58149119e-02,  5.28598685e-02,
         1.98138042e-01, -1.43245957e-01,  1.62312597e-01,
         2.03001178e-01,  1.09403118e-01,  5.70892877e-02,
         5.06622491e-02,  2.27588848e-01, -3.52106925e-02],
       [ 4.36459007e-01,  1.12055872e-01, -4.68035092e-02,
         7.42640332e-02,  5.37361778e-02, -9.86113466e-02,
        -2.25511109e-01,  9.12899330e-03, -1.56771318e-01,
         1.23613586e-01, -6.46476131e-02, -4.66382058e-02,
        -1.26962604e-01, -4.00545614e-03,  3.76591104e-02,
        -1.09024634e-02, -3.52106925e-02,  1.34705418e-01]])
      jac: array([ 6.58954373e-06,  2.34997207e-07, -2.02430665e-07, -1.09945386e-05,
        4.60557518e-06,  5.73134133e-06, -6.03221177e-08, -9.65523957e-07,
       -2.66453526e-08,  4.73029023e-06,  1.45698268e-06,  5.08852220e-07,
        1.42404607e-05, -1.70197190e-06,  7.02586138e-06, -1.22046817e-05,
       -1.14426986e-06, -4.66737760e-06])
  message: 'Desired error not necessarily achieved due to precision loss.'
     nfev: 1931
      nit: 64
     njev: 101
   status: 2
  success: False
        x: array([-0.50245717, -0.90874451,  0.55787259, -0.94148977, -0.99983805,
        0.10172004, -0.4015019 , -1.84584777, -0.47271437,  0.11009195,
        0.56782109,  1.14372062,  0.08524069,  0.0376719 , -0.35908017,
        1.17863779, -0.6941918 , -0.0127351 ])
