Program Begingeth
      fun: 0.2554501449895021
 hess_inv: array([[ 4.02207406e+00,  2.13855732e+00,  2.76678867e-01,
         1.51484397e+00,  1.00242375e+00, -8.50793696e-01,
         3.48025469e+00, -7.75785516e-01, -2.83830460e+00,
        -2.19122556e-01,  9.18183848e-01, -7.70699051e-01,
        -5.67566233e-01, -3.81875070e-01, -4.35565409e-01,
        -2.89115251e-01, -4.75657277e-01,  2.20014975e-01],
       [ 2.13855732e+00,  4.17434875e+00,  9.50301678e-01,
         7.31657142e-01,  1.86192688e+00, -2.64469834e-01,
         3.83544575e+00,  1.73733743e+00,  1.44029217e+00,
         3.13095455e-01,  5.72412398e-01, -1.35517186e+00,
        -6.02701837e-01, -4.26101278e-01, -3.38660280e-01,
        -1.51564384e-01, -4.03301246e-01,  1.57026622e-01],
       [ 2.76678867e-01,  9.50301678e-01,  2.24488075e+00,
         4.39171328e-01,  3.14065683e-01,  8.83933023e-01,
         3.12424758e+00, -1.91512251e+00,  3.28823651e+00,
        -3.46884140e-02,  7.97465841e-01, -5.84770099e-01,
         2.94858945e-02, -1.32967501e-01, -2.57184629e-01,
        -1.25582766e-01, -5.02425650e-03, -1.49458293e-01],
       [ 1.51484397e+00,  7.31657142e-01,  4.39171328e-01,
         6.83840803e-01,  3.34612422e-01, -1.63512614e-01,
         2.04307412e+00, -8.05181641e-01, -6.92395625e-01,
        -1.26435051e-01,  4.82832570e-01, -2.70721225e-01,
        -1.54936489e-01, -1.25989968e-01, -2.27107188e-01,
        -1.26710229e-01, -1.43808547e-01,  1.38127764e-02],
       [ 1.00242375e+00,  1.86192688e+00,  3.14065683e-01,
         3.34612422e-01,  9.47064916e-01, -1.49113868e-01,
         2.20062355e+00,  1.57973476e+00,  2.29193949e-01,
         6.78671514e-02,  1.52847921e-01, -5.15780743e-01,
        -3.25460421e-01, -1.41522650e-01, -1.13610641e-01,
        -1.05771557e-01, -2.28082410e-01,  8.95293038e-02],
       [-8.50793696e-01, -2.64469834e-01,  8.83933023e-01,
        -1.63512614e-01, -1.49113868e-01,  6.52849899e-01,
         6.97710126e-01, -4.84681194e-01,  2.28455696e+00,
        -6.60120059e-02,  3.82351023e-02,  9.68039441e-04,
         1.92398151e-01,  5.44582798e-02,  3.96574432e-02,
         4.45796565e-02,  9.43152705e-02, -1.16267701e-01],
       [ 3.48025469e+00,  3.83544575e+00,  3.12424758e+00,
         2.04307412e+00,  2.20062355e+00,  6.97710126e-01,
         1.52371180e+01,  8.31948754e-01,  2.69312699e+00,
        -6.46355074e-01,  1.36003844e+00, -1.11631847e+00,
        -6.98479611e-01, -4.40121940e-01, -7.09282920e-01,
        -5.41682288e-01, -9.45852485e-01, -2.47228820e-01],
       [-7.75785516e-01,  1.73733743e+00, -1.91512251e+00,
        -8.05181641e-01,  1.57973476e+00, -4.84681194e-01,
         8.31948754e-01,  1.09915229e+01, -1.50209751e+00,
         9.95324483e-03, -1.52636705e+00,  7.48650283e-03,
        -4.20950323e-01,  2.30811298e-01,  6.66451558e-01,
         1.59054517e-01, -2.86189795e-01,  3.45536154e-01],
       [-2.83830460e+00,  1.44029217e+00,  3.28823651e+00,
        -6.92395625e-01,  2.29193949e-01,  2.28455696e+00,
         2.69312699e+00, -1.50209751e+00,  1.27385185e+01,
         2.37563752e-01,  4.33504015e-01, -8.17420251e-01,
         4.93575451e-01, -3.12914009e-01, -2.17139431e-02,
         3.27236380e-01,  7.96827944e-02, -3.24699247e-01],
       [-2.19122556e-01,  3.13095455e-01, -3.46884140e-02,
        -1.26435051e-01,  6.78671514e-02, -6.60120059e-02,
        -6.46355074e-01,  9.95324483e-03,  2.37563752e-01,
         5.73076886e-01, -7.77595715e-02, -5.33368810e-02,
        -1.03943295e-01,  2.44342272e-02,  4.96425079e-02,
         1.88576889e-02,  1.01644181e-01,  1.47921294e-01],
       [ 9.18183848e-01,  5.72412398e-01,  7.97465841e-01,
         4.82832570e-01,  1.52847921e-01,  3.82351023e-02,
         1.36003844e+00, -1.52636705e+00,  4.33504015e-01,
        -7.77595715e-02,  9.13104451e-01, -3.92706967e-01,
        -6.37042418e-02, -2.33517162e-01, -3.21907217e-01,
        -1.20610920e-01, -6.89946556e-02, -1.24706223e-01],
       [-7.70699051e-01, -1.35517186e+00, -5.84770099e-01,
        -2.70721225e-01, -5.15780743e-01,  9.68039441e-04,
        -1.11631847e+00,  7.48650283e-03, -8.17420251e-01,
        -5.33368810e-02, -3.92706967e-01,  7.71634848e-01,
         1.40289027e-01,  2.51852468e-01,  1.19391147e-01,
         1.49355356e-03,  1.61127859e-01, -1.18545985e-02],
       [-5.67566233e-01, -6.02701837e-01,  2.94858945e-02,
        -1.54936489e-01, -3.25460421e-01,  1.92398151e-01,
        -6.98479611e-01, -4.20950323e-01,  4.93575451e-01,
        -1.03943295e-01, -6.37042418e-02,  1.40289027e-01,
         2.29371114e-01,  6.69509179e-02,  4.15388234e-02,
         1.06420956e-01,  1.33649299e-01, -9.93243154e-02],
       [-3.81875070e-01, -4.26101278e-01, -1.32967501e-01,
        -1.25989968e-01, -1.41522650e-01,  5.44582798e-02,
        -4.40121940e-01,  2.30811298e-01, -3.12914009e-01,
         2.44342272e-02, -2.33517162e-01,  2.51852468e-01,
         6.69509179e-02,  1.58873570e-01,  7.94721469e-02,
         1.18990821e-02,  1.19799310e-01,  9.15080428e-03],
       [-4.35565409e-01, -3.38660280e-01, -2.57184629e-01,
        -2.27107188e-01, -1.13610641e-01,  3.96574432e-02,
        -7.09282920e-01,  6.66451558e-01, -2.17139431e-02,
         4.96425079e-02, -3.21907217e-01,  1.19391147e-01,
         4.15388234e-02,  7.94721469e-02,  1.76175805e-01,
         6.77755265e-02,  3.40563348e-02,  7.74259214e-02],
       [-2.89115251e-01, -1.51564384e-01, -1.25582766e-01,
        -1.26710229e-01, -1.05771557e-01,  4.45796565e-02,
        -5.41682288e-01,  1.59054517e-01,  3.27236380e-01,
         1.88576889e-02, -1.20610920e-01,  1.49355356e-03,
         1.06420956e-01,  1.18990821e-02,  6.77755265e-02,
         1.12817969e-01,  5.12743665e-02, -7.09817258e-03],
       [-4.75657277e-01, -4.03301246e-01, -5.02425650e-03,
        -1.43808547e-01, -2.28082410e-01,  9.43152705e-02,
        -9.45852485e-01, -2.86189795e-01,  7.96827944e-02,
         1.01644181e-01, -6.89946556e-02,  1.61127859e-01,
         1.33649299e-01,  1.19799310e-01,  3.40563348e-02,
         5.12743665e-02,  2.02381669e-01, -2.62160782e-02],
       [ 2.20014975e-01,  1.57026622e-01, -1.49458293e-01,
         1.38127764e-02,  8.95293038e-02, -1.16267701e-01,
        -2.47228820e-01,  3.45536154e-01, -3.24699247e-01,
         1.47921294e-01, -1.24706223e-01, -1.18545985e-02,
        -9.93243154e-02,  9.15080428e-03,  7.74259214e-02,
        -7.09817258e-03, -2.62160782e-02,  1.49676336e-01]])
      jac: array([-3.52976907e-06,  1.31635443e-06,  1.56874513e-06,  1.02403271e-05,
       -7.96918087e-06, -8.79296635e-06, -5.52520992e-07,  6.47630098e-07,
        1.68568863e-06,  3.43058915e-07,  1.80300219e-06, -5.76242757e-06,
       -8.77816338e-06,  1.13276055e-05,  1.02480987e-05, -6.37008964e-06,
        3.84655271e-06, -4.29212221e-06])
  message: 'Desired error not necessarily achieved due to precision loss.'
     nfev: 2309
      nit: 71
     njev: 121
   status: 2
  success: False
        x: array([-0.57642705, -0.96299546,  0.64626543, -0.79116776, -1.08620884,
        0.15494332, -0.40866387, -1.8131159 , -0.46563548,  0.07248654,
        0.65882383,  1.1898589 ,  0.1049761 ,  0.13956293, -0.38164405,
        1.01420921, -0.38822243, -0.05143881])
