Program Begingeth
      fun: 0.2647759410770348
 hess_inv: array([[ 4.59649210e+00,  4.35921410e-01,  9.83764299e-01,
         2.25438007e+00,  1.86317238e-01, -2.32516882e-01,
         5.40891459e+00,  1.56580577e+00, -3.94255570e+00,
         6.78478130e-01,  6.09821049e-01, -7.03239986e-01,
        -1.12084924e-01, -3.20984661e-01, -1.43526951e-01,
         1.09662368e-01, -1.03796541e-01,  1.08750009e-01],
       [ 4.35921410e-01,  1.61501846e+00,  3.12965655e-02,
         2.63561678e-01,  7.88803775e-01, -1.26560501e-01,
         8.56031847e-01,  5.41570900e-01,  7.80550799e-01,
         5.25956023e-01,  3.65494583e-01, -4.84232274e-02,
        -1.56978558e-01,  3.30032296e-02, -1.67840831e-01,
        -9.27492323e-02,  5.80620608e-02,  1.95188915e-02],
       [ 9.83764299e-01,  3.12965655e-02,  1.69959402e+00,
         5.84179784e-01, -2.53066602e-02,  6.82360893e-01,
         1.80555056e+00, -1.64202762e+00, -1.29195786e+00,
         2.57595051e-01, -1.15695370e-01,  2.39532016e-01,
        -1.38177764e-02,  1.43729044e-01,  8.48387486e-02,
        -1.23528738e-02,  6.37240862e-02,  1.15376340e-01],
       [ 2.25438007e+00,  2.63561678e-01,  5.84179784e-01,
         1.12888955e+00,  1.15146086e-01, -6.58314568e-02,
         2.83008808e+00,  6.21610250e-01, -1.85388642e+00,
         3.33069152e-01,  3.25853216e-01, -3.08709615e-01,
        -4.60929238e-02, -1.42086489e-01, -7.83554614e-02,
         5.22836319e-02, -3.90661826e-02,  5.33600173e-02],
       [ 1.86317238e-01,  7.88803775e-01, -2.53066602e-02,
         1.15146086e-01,  4.32091665e-01, -1.05624211e-01,
         1.01100012e+00,  7.52890416e-01,  5.04311192e-01,
         2.45381416e-01,  2.47013767e-01, -8.38493300e-02,
        -1.34316651e-01, -9.18028915e-03, -8.91680347e-02,
        -7.01988783e-02, -2.60618181e-03,  2.94102409e-02],
       [-2.32516882e-01, -1.26560501e-01,  6.82360893e-01,
        -6.58314568e-02, -1.05624211e-01,  4.19343735e-01,
        -5.55117693e-01, -1.38881518e+00, -1.73802230e-02,
        -5.75089836e-02, -2.39890922e-01,  2.74774202e-01,
         8.36539072e-02,  1.54116782e-01,  8.35176710e-02,
         1.39600874e-03,  8.10635648e-02,  1.72223963e-02],
       [ 5.40891459e+00,  8.56031847e-01,  1.80555056e+00,
         2.83008808e+00,  1.01100012e+00, -5.55117693e-01,
         2.02482644e+01,  7.63226627e+00, -3.67812642e+00,
         9.07679941e-01,  1.89614349e+00, -1.63606305e+00,
        -1.19047549e+00, -9.06199362e-01, -2.41451098e-01,
        -2.52523169e-01, -8.55433427e-01,  6.30981781e-01],
       [ 1.56580577e+00,  5.41570900e-01, -1.64202762e+00,
         6.21610250e-01,  7.52890416e-01, -1.38881518e+00,
         7.63226627e+00,  9.61024217e+00,  5.50261540e-01,
         3.47729938e-01,  1.14712957e+00, -1.91819591e+00,
        -6.73620276e-01, -7.19854501e-01, -1.66177893e-01,
        -6.44823671e-02, -4.68567098e-01,  1.97535818e-01],
       [-3.94255570e+00,  7.80550799e-01, -1.29195786e+00,
        -1.85388642e+00,  5.04311192e-01, -1.73802230e-02,
        -3.67812642e+00,  5.50261540e-01,  7.45141441e+00,
        -5.43993450e-01,  6.62945399e-01,  2.54411648e-02,
         3.14623607e-02,  1.18775615e-01, -1.14960025e-01,
        -1.89254879e-01,  1.58259554e-01, -1.73565077e-01],
       [ 6.78478130e-01,  5.25956023e-01,  2.57595051e-01,
         3.33069152e-01,  2.45381416e-01, -5.75089836e-02,
         9.07679941e-01,  3.47729938e-01, -5.43993450e-01,
         9.98219934e-01,  6.44821136e-02, -3.93675893e-02,
        -2.55960117e-01,  1.55956595e-02,  3.51554531e-02,
        -3.71843887e-02,  4.09104498e-02,  2.15522948e-01],
       [ 6.09821049e-01,  3.65494583e-01, -1.15695370e-01,
         3.25853216e-01,  2.47013767e-01, -2.39890922e-01,
         1.89614349e+00,  1.14712957e+00,  6.62945399e-01,
         6.44821136e-02,  9.22542489e-01, -3.45062024e-01,
        -1.13038104e-01, -2.35584979e-01, -2.07696657e-01,
        -5.46684201e-02, -6.35615007e-02, -6.99833680e-02],
       [-7.03239986e-01, -4.84232274e-02,  2.39532016e-01,
        -3.08709615e-01, -8.38493300e-02,  2.74774202e-01,
        -1.63606305e+00, -1.91819591e+00,  2.54411648e-02,
        -3.93675893e-02, -3.45062024e-01,  6.92168134e-01,
         7.19059061e-02,  2.30912303e-01,  1.49447418e-02,
        -5.11195066e-02,  1.24244115e-01, -5.55833995e-03],
       [-1.12084924e-01, -1.56978558e-01, -1.38177764e-02,
        -4.60929238e-02, -1.34316651e-01,  8.36539072e-02,
        -1.19047549e+00, -6.73620276e-01,  3.14623607e-02,
        -2.55960117e-01, -1.13038104e-01,  7.19059061e-02,
         1.88862494e-01,  4.82927574e-02,  2.49824033e-03,
         7.33315707e-02,  6.29444844e-02, -9.48057817e-02],
       [-3.20984661e-01,  3.30032296e-02,  1.43729044e-01,
        -1.42086489e-01, -9.18028915e-03,  1.54116782e-01,
        -9.06199362e-01, -7.19854501e-01,  1.18775615e-01,
         1.55956595e-02, -2.35584979e-01,  2.30912303e-01,
         4.82927574e-02,  1.45086195e-01,  4.00705423e-02,
        -5.39612931e-03,  9.25527039e-02,  9.25928685e-03],
       [-1.43526951e-01, -1.67840831e-01,  8.48387486e-02,
        -7.83554614e-02, -8.91680347e-02,  8.35176710e-02,
        -2.41451098e-01, -1.66177893e-01, -1.14960025e-01,
         3.51554531e-02, -2.07696657e-01,  1.49447418e-02,
         2.49824033e-03,  4.00705423e-02,  9.75839326e-02,
         1.72897800e-02,  8.03836656e-04,  6.28542351e-02],
       [ 1.09662368e-01, -9.27492323e-02, -1.23528738e-02,
         5.22836319e-02, -7.01988783e-02,  1.39600874e-03,
        -2.52523169e-01, -6.44823671e-02, -1.89254879e-01,
        -3.71843887e-02, -5.46684201e-02, -5.11195066e-02,
         7.33315707e-02, -5.39612931e-03,  1.72897800e-02,
         6.22403800e-02,  1.14173923e-02, -1.84515100e-02],
       [-1.03796541e-01,  5.80620608e-02,  6.37240862e-02,
        -3.90661826e-02, -2.60618181e-03,  8.10635648e-02,
        -8.55433427e-01, -4.68567098e-01,  1.58259554e-01,
         4.09104498e-02, -6.35615007e-02,  1.24244115e-01,
         6.29444844e-02,  9.25527039e-02,  8.03836656e-04,
         1.14173923e-02,  1.03918050e-01, -2.03274223e-02],
       [ 1.08750009e-01,  1.95188915e-02,  1.15376340e-01,
         5.33600173e-02,  2.94102409e-02,  1.72223963e-02,
         6.30981781e-01,  1.97535818e-01, -1.73565077e-01,
         2.15522948e-01, -6.99833680e-02, -5.55833995e-03,
        -9.48057817e-02,  9.25928685e-03,  6.28542351e-02,
        -1.84515100e-02, -2.03274223e-02,  1.13984244e-01]])
      jac: array([-1.82890740e-06, -4.00864527e-06,  3.79696274e-07,  5.12441941e-06,
        8.90102806e-06, -9.52941430e-07, -4.73695157e-07, -5.68064114e-07,
        1.12502600e-07, -5.65103520e-07, -8.60792919e-07,  8.14903700e-07,
       -6.67762142e-06, -6.25277607e-06,  2.34183043e-06,  4.92790993e-06,
        4.64406291e-06, -3.58750067e-06])
  message: 'Optimization terminated successfully.'
     nfev: 1463
      nit: 67
     njev: 77
   status: 0
  success: True
        x: array([-1.65158636, -1.01044728,  0.60142144, -1.45510355, -1.06724886,
        0.32033625, -0.39416337, -1.31843782,  1.14547662,  0.05113411,
        0.55083491,  1.18151668,  0.11326015,  0.23941843, -0.26484251,
        1.30958877, -0.15481418,  0.0070469 ])
