Program Begingeth
      fun: 0.20028034777367232
 hess_inv: array([[ 9.04880665e+00, -4.34871544e+00, -1.27797463e+00,
         1.71497924e+00, -9.83833690e-01,  1.67764864e+00,
        -1.27977112e-03, -1.12381313e+00, -3.46166507e+00,
         4.18612921e-02, -2.75487458e-01,  5.19377091e+00,
        -2.08851753e+00,  1.19189037e+00,  6.18864444e-01,
        -3.31623469e-02,  3.24638088e-01, -9.16881992e-01],
       [-4.34871544e+00,  3.24414081e+00,  1.24769006e+00,
        -8.51282130e-01,  7.06629036e-01, -7.88818820e-01,
        -1.21394000e+00,  1.37955759e+00,  1.53234010e+00,
        -8.01573789e-01, -6.95069373e-02, -3.52101253e+00,
         1.08500368e+00, -6.79829617e-01, -3.66179954e-01,
        -1.86661949e-01,  5.39016002e-02,  3.57013133e-01],
       [-1.27797463e+00,  1.24769006e+00,  1.56932852e+00,
        -3.20376457e-01,  2.56927332e-01, -3.23466845e-02,
        -5.66583670e-01,  1.18282751e+00,  3.29315151e-01,
        -7.38995567e-01,  6.44422377e-01, -2.17192724e+00,
         3.61953104e-01, -3.47511963e-01, -1.68038905e-01,
        -7.12479393e-02,  1.90206687e-01,  8.09137259e-02],
       [ 1.71497924e+00, -8.51282130e-01, -3.20376457e-01,
         3.55110476e-01, -1.86126918e-01,  3.01175016e-01,
         2.15202849e-01, -3.00222995e-01, -7.00094755e-01,
         2.18780467e-02, -1.13500441e-01,  1.02443435e+00,
        -3.53690040e-01,  2.36737705e-01,  1.38163127e-01,
         3.72203196e-02,  3.32314485e-02, -1.58450438e-01],
       [-9.83833690e-01,  7.06629036e-01,  2.56927332e-01,
        -1.86126918e-01,  1.85663643e-01, -1.72092359e-01,
         6.60859055e-02,  2.59754794e-01,  2.48640728e-01,
        -1.19603349e-01, -6.08200044e-02, -7.12117515e-01,
         2.60886251e-01, -1.05386444e-01, -7.02862765e-02,
         2.13255383e-02,  1.08258735e-02,  9.14781384e-02],
       [ 1.67764864e+00, -7.88818820e-01, -3.23466845e-02,
         3.01175016e-01, -1.72092359e-01,  3.91199031e-01,
         1.06573667e-01, -1.49824787e-01, -6.57793050e-01,
         8.23785299e-02, -2.94459244e-02,  8.19664587e-01,
        -4.22461495e-01,  2.27175203e-01,  1.47915807e-01,
         1.07686182e-04,  7.72599119e-02, -1.60230931e-01],
       [-1.27977112e-03, -1.21394000e+00, -5.66583670e-01,
         2.15202849e-01,  6.60859055e-02,  1.06573667e-01,
         1.06885176e+01, -5.49002758e-01, -1.60766081e+00,
         8.79946054e-01, -8.99592626e-01,  1.29391027e+00,
         4.90676863e-01,  6.77547622e-01,  5.65714071e-01,
         1.65894652e+00, -1.66205060e-01,  5.56228608e-01],
       [-1.12381313e+00,  1.37955759e+00,  1.18282751e+00,
        -3.00222995e-01,  2.59754794e-01, -1.49824787e-01,
        -5.49002758e-01,  4.99835187e+00,  5.37886142e-01,
        -1.53786017e+00,  5.46076725e-01, -1.36151756e+00,
         5.13150888e-01, -2.27176181e-01, -2.08442105e-01,
        -4.28622507e-02,  7.60085336e-01,  2.26423914e-01],
       [-3.46166507e+00,  1.53234010e+00,  3.29315151e-01,
        -7.00094755e-01,  2.48640728e-01, -6.57793050e-01,
        -1.60766081e+00,  5.37886142e-01,  4.75032938e+00,
        -5.15018440e-02, -9.01805314e-02, -1.44439776e+00,
         6.43547649e-01, -4.81884135e-01, -2.88841233e-01,
        -3.00673013e-01, -1.13518365e-01,  6.93049411e-01],
       [ 4.18612921e-02, -8.01573789e-01, -7.38995567e-01,
         2.18780467e-02, -1.19603349e-01,  8.23785299e-02,
         8.79946054e-01, -1.53786017e+00, -5.15018440e-02,
         1.68170271e+00, -2.39038389e-01,  9.56756708e-01,
        -3.40205590e-01,  1.42736591e-01,  1.35008060e-01,
         1.14266000e-01, -3.18634814e-01, -6.13345845e-02],
       [-2.75487458e-01, -6.95069373e-02,  6.44422377e-01,
        -1.13500441e-01, -6.08200044e-02, -2.94459244e-02,
        -8.99592626e-01,  5.46076725e-01, -9.01805314e-02,
        -2.39038389e-01,  1.23526109e+00, -7.29414829e-01,
         6.32605472e-02, -2.90597752e-01, -2.23629736e-01,
        -7.02076686e-02,  6.81084116e-02, -1.31421808e-01],
       [ 5.19377091e+00, -3.52101253e+00, -2.17192724e+00,
         1.02443435e+00, -7.12117515e-01,  8.19664587e-01,
         1.29391027e+00, -1.36151756e+00, -1.44439776e+00,
         9.56756708e-01, -7.29414829e-01,  5.10521915e+00,
        -1.30172059e+00,  1.02103921e+00,  4.30193043e-01,
         1.88164534e-01,  2.67639544e-02, -3.53550907e-01],
       [-2.08851753e+00,  1.08500368e+00,  3.61953104e-01,
        -3.53690040e-01,  2.60886251e-01, -4.22461495e-01,
         4.90676863e-01,  5.13150888e-01,  6.43547649e-01,
        -3.40205590e-01,  6.32605472e-02, -1.30172059e+00,
         6.41453553e-01, -2.65865948e-01, -1.39226819e-01,
         1.18165383e-01, -3.70244730e-02,  2.57217819e-01],
       [ 1.19189037e+00, -6.79829617e-01, -3.47511963e-01,
         2.36737705e-01, -1.05386444e-01,  2.27175203e-01,
         6.77547622e-01, -2.27176181e-01, -4.81884135e-01,
         1.42736591e-01, -2.90597752e-01,  1.02103921e+00,
        -2.65865948e-01,  2.88459235e-01,  1.35258956e-01,
         9.88777655e-02,  4.60071589e-02, -5.67611953e-02],
       [ 6.18864444e-01, -3.66179954e-01, -1.68038905e-01,
         1.38163127e-01, -7.02862765e-02,  1.47915807e-01,
         5.65714071e-01, -2.08442105e-01, -2.88841233e-01,
         1.35008060e-01, -2.23629736e-01,  4.30193043e-01,
        -1.39226819e-01,  1.35258956e-01,  1.35172919e-01,
         6.71226842e-02, -1.30520881e-02, -7.27458038e-03],
       [-3.31623469e-02, -1.86661949e-01, -7.12479393e-02,
         3.72203196e-02,  2.13255383e-02,  1.07686182e-04,
         1.65894652e+00, -4.28622507e-02, -3.00673013e-01,
         1.14266000e-01, -7.02076686e-02,  1.88164534e-01,
         1.18165383e-01,  9.88777655e-02,  6.71226842e-02,
         2.87241058e-01, -2.28576139e-02,  8.12406506e-02],
       [ 3.24638088e-01,  5.39016002e-02,  1.90206687e-01,
         3.32314485e-02,  1.08258735e-02,  7.72599119e-02,
        -1.66205060e-01,  7.60085336e-01, -1.13518365e-01,
        -3.18634814e-01,  6.81084116e-02,  2.67639544e-02,
        -3.70244730e-02,  4.60071589e-02, -1.30520881e-02,
        -2.28576139e-02,  1.74695671e-01, -1.80614062e-02],
       [-9.16881992e-01,  3.57013133e-01,  8.09137259e-02,
        -1.58450438e-01,  9.14781384e-02, -1.60230931e-01,
         5.56228608e-01,  2.26423914e-01,  6.93049411e-01,
        -6.13345845e-02, -1.31421808e-01, -3.53550907e-01,
         2.57217819e-01, -5.67611953e-02, -7.27458038e-03,
         8.12406506e-02, -1.80614062e-02,  2.14363370e-01]])
      jac: array([-5.31901005e-04, -3.41076426e-04,  1.85861511e-04,  1.88036845e-03,
        2.05707914e-03,  5.01943117e-04,  1.07770644e-04,  2.99948955e-05,
       -5.91782179e-05, -2.76961417e-04, -8.95916674e-05,  2.35328238e-04,
       -1.22466019e-03, -1.19099823e-03, -9.05513442e-04, -8.73169870e-04,
       -3.29614299e-04,  7.14906282e-04])
  message: 'Maximum number of iterations has been exceeded.'
     nfev: 2223
      nit: 100
     njev: 117
   status: 1
  success: False
        x: array([ 0.68079378, -0.14439568,  0.59135871,  1.18229435, -0.30011569,
        0.12323122, -1.81354883, -0.62808486, -0.83045243, -0.02847513,
        0.67384258,  0.80818828,  0.07929742,  0.19653674, -0.31825086,
       -1.28846375, -0.51309557, -0.10228479])
