Program Begingeth
      fun: 0.2570402713101958
 hess_inv: array([[ 4.76345981e+00,  1.75677175e+00,  8.21655962e-01,
         1.37688650e+00,  6.64933930e-01, -7.54796590e-01,
         2.96906398e+00, -2.66387646e+00, -1.49333235e+00,
        -4.86736963e-01,  1.08031254e+00, -1.18848454e+00,
        -8.68069910e-01, -4.95597007e-01, -5.44082232e-01,
        -2.12622872e-01, -5.14499785e-01,  2.53659109e-01],
       [ 1.75677175e+00,  3.30763055e+00,  1.79972034e+00,
         5.41813309e-01,  1.18165291e+00,  2.21380696e-01,
         4.56829158e+00,  6.69255503e-02,  3.69188044e+00,
         8.92045251e-02,  6.42304965e-01, -1.85572928e+00,
        -5.61980667e-01, -5.22656458e-01, -3.51946120e-01,
        -5.03884658e-02, -2.44366489e-01,  2.48660852e-02],
       [ 8.21655962e-01,  1.79972034e+00,  5.34227911e+00,
         1.21826995e+00,  5.78389571e-01,  1.74150696e+00,
         1.22517928e+01, -5.78729167e+00,  7.48293789e+00,
        -3.33477117e-01,  2.38800173e+00, -1.75701641e+00,
        -1.74019884e-01, -4.46141031e-01, -9.42970203e-01,
        -3.94809410e-01, -1.95150416e-01, -4.66886532e-01],
       [ 1.37688650e+00,  5.41813309e-01,  1.21826995e+00,
         6.64727454e-01,  2.10738342e-01,  1.59314325e-01,
         3.60306960e+00, -2.03318023e+00,  8.07373286e-01,
        -2.77324916e-01,  7.65645621e-01, -4.69383617e-01,
        -1.98897946e-01, -1.59805672e-01, -3.43717501e-01,
        -1.38369758e-01, -1.57800427e-01, -6.35859843e-02],
       [ 6.64933930e-01,  1.18165291e+00,  5.78389571e-01,
         2.10738342e-01,  5.33073822e-01,  8.90542387e-02,
         2.23079753e+00,  8.14486493e-01,  1.00041104e+00,
        -6.66561737e-02,  1.33510090e-01, -5.74902440e-01,
        -2.38726510e-01, -1.24023828e-01, -7.49688029e-02,
        -4.68296894e-02, -1.07169958e-01,  2.58780168e-02],
       [-7.54796590e-01,  2.21380696e-01,  1.74150696e+00,
         1.59314325e-01,  8.90542387e-02,  8.81064550e-01,
         4.28602290e+00, -1.14410047e+00,  3.30420618e+00,
        -1.67436432e-01,  5.18799240e-01, -3.08812274e-01,
         1.62719472e-01, -3.10259043e-02, -1.68536687e-01,
        -7.67687161e-02,  1.26281320e-02, -2.27423945e-01],
       [ 2.96906398e+00,  4.56829158e+00,  1.22517928e+01,
         3.60306960e+00,  2.23079753e+00,  4.28602290e+00,
         4.03244120e+01, -9.87926671e+00,  1.75022800e+01,
        -1.94023131e+00,  5.12403638e+00, -3.54017878e+00,
        -7.69570700e-01, -8.74069544e-01, -2.12449690e+00,
        -1.10560096e+00, -1.02817574e+00, -1.24227418e+00],
       [-2.66387646e+00,  6.69255503e-02, -5.78729167e+00,
        -2.03318023e+00,  8.14486493e-01, -1.14410047e+00,
        -9.87926671e+00,  1.75503920e+01, -5.87115936e+00,
         2.12444619e-01, -3.82296509e+00,  1.18861283e+00,
         1.77838180e-01,  6.29037320e-01,  1.83329970e+00,
         6.50955524e-01,  2.73096989e-01,  6.14642651e-01],
       [-1.49333235e+00,  3.69188044e+00,  7.48293789e+00,
         8.07373286e-01,  1.00041104e+00,  3.30420618e+00,
         1.75022800e+01, -5.87115936e+00,  1.90676377e+01,
        -2.57243355e-01,  2.84106239e+00, -2.75554675e+00,
         1.37491372e-01, -9.98649035e-01, -1.13930124e+00,
        -2.01832343e-01, -3.17555430e-01, -8.69010944e-01],
       [-4.86736963e-01,  8.92045251e-02, -3.33477117e-01,
        -2.77324916e-01, -6.66561737e-02, -1.67436432e-01,
        -1.94023131e+00,  2.12444619e-01, -2.57243355e-01,
         8.55478366e-01, -2.44691778e-01, -3.85398301e-03,
        -8.98897550e-02,  4.27170155e-02,  1.12085488e-01,
         5.36551118e-02,  1.48272511e-01,  1.70975715e-01],
       [ 1.08031254e+00,  6.42304965e-01,  2.38800173e+00,
         7.65645621e-01,  1.33510090e-01,  5.18799240e-01,
         5.12403638e+00, -3.82296509e+00,  2.84106239e+00,
        -2.44691778e-01,  1.79720528e+00, -8.64664864e-01,
        -1.58175932e-01, -3.83378669e-01, -6.83494967e-01,
        -2.44229563e-01, -1.57367068e-01, -2.90501641e-01],
       [-1.18848454e+00, -1.85572928e+00, -1.75701641e+00,
        -4.69383617e-01, -5.74902440e-01, -3.08812274e-01,
        -3.54017878e+00,  1.18861283e+00, -2.75554675e+00,
        -3.85398301e-03, -8.64664864e-01,  1.54733379e+00,
         3.01253149e-01,  4.50248989e-01,  3.18110473e-01,
         4.11931961e-02,  1.97570635e-01,  6.80244909e-02],
       [-8.68069910e-01, -5.61980667e-01, -1.74019884e-01,
        -1.98897946e-01, -2.38726510e-01,  1.62719472e-01,
        -7.69570700e-01,  1.77838180e-01,  1.37491372e-01,
        -8.98897550e-02, -1.58175932e-01,  3.01253149e-01,
         3.00439117e-01,  1.08079432e-01,  8.30038983e-02,
         8.99667865e-02,  1.24284523e-01, -1.04370611e-01],
       [-4.95597007e-01, -5.22656458e-01, -4.46141031e-01,
        -1.59805672e-01, -1.24023828e-01, -3.10259043e-02,
        -8.74069544e-01,  6.29037320e-01, -9.98649035e-01,
         4.27170155e-02, -3.83378669e-01,  4.50248989e-01,
         1.08079432e-01,  2.19563320e-01,  1.47718183e-01,
         1.31870211e-02,  1.15972785e-01,  3.56164451e-02],
       [-5.44082232e-01, -3.51946120e-01, -9.42970203e-01,
        -3.43717501e-01, -7.49688029e-02, -1.68536687e-01,
        -2.12449690e+00,  1.83329970e+00, -1.13930124e+00,
         1.12085488e-01, -6.83494967e-01,  3.18110473e-01,
         8.30038983e-02,  1.47718183e-01,  3.22522488e-01,
         1.10117730e-01,  6.87337237e-02,  1.28261963e-01],
       [-2.12622872e-01, -5.03884658e-02, -3.94809410e-01,
        -1.38369758e-01, -4.68296894e-02, -7.67687161e-02,
        -1.10560096e+00,  6.50955524e-01, -2.01832343e-01,
         5.36551118e-02, -2.44229563e-01,  4.11931961e-02,
         8.99667865e-02,  1.31870211e-02,  1.10117730e-01,
         1.09133100e-01,  4.01898588e-02,  2.55262986e-02],
       [-5.14499785e-01, -2.44366489e-01, -1.95150416e-01,
        -1.57800427e-01, -1.07169958e-01,  1.26281320e-02,
        -1.02817574e+00,  2.73096989e-01, -3.17555430e-01,
         1.48272511e-01, -1.57367068e-01,  1.97570635e-01,
         1.24284523e-01,  1.15972785e-01,  6.87337237e-02,
         4.01898588e-02,  1.47177714e-01, -2.98202732e-03],
       [ 2.53659109e-01,  2.48660852e-02, -4.66886532e-01,
        -6.35859843e-02,  2.58780168e-02, -2.27423945e-01,
        -1.24227418e+00,  6.14642651e-01, -8.69010944e-01,
         1.70975715e-01, -2.90501641e-01,  6.80244909e-02,
        -1.04370611e-01,  3.56164451e-02,  1.28261963e-01,
         2.55262986e-02, -2.98202732e-03,  1.64341089e-01]])
      jac: array([ 4.07081776e-08, -8.88178420e-09, -3.88207984e-07, -6.49480470e-07,
       -5.10702591e-08,  6.16173779e-07,  5.81016716e-08,  5.18104078e-09,
        4.32986980e-08, -2.53130850e-07,  4.95899618e-07, -3.48610030e-07,
       -3.73775085e-08,  7.48660393e-07, -1.13353771e-06,  5.76575824e-07,
        2.70154269e-08,  1.57688677e-06])
  message: 'Optimization terminated successfully.'
     nfev: 1273
      nit: 61
     njev: 67
   status: 0
  success: True
        x: array([-0.49682852, -0.67144514,  0.58943659, -0.9526141 , -0.81718302,
        0.09306606, -0.63847628, -1.40527735, -0.63028689,  0.12205208,
        0.6641854 ,  1.08364028,  0.07488914,  0.18336   , -0.34951603,
        1.17527026, -0.37369609, -0.002158  ])
