Program Begingeth
      fun: 0.32513323772932434
 hess_inv: array([[ 4.19040476e+00,  1.25913037e+00, -8.85211927e-01,
         1.45976942e+00,  7.66487289e-01, -1.20409299e+00,
         1.08710657e+00,  1.54249094e-01, -4.10981253e+00,
        -2.77726407e-02,  7.93728878e-01, -1.28667466e-01,
        -5.70032834e-01, -2.64761325e-01, -3.85623867e-01,
        -2.81704159e-01, -4.47342586e-01,  1.86911056e-01],
       [ 1.25913037e+00,  5.23187777e+00,  1.29669865e+00,
         3.75234316e-01,  2.34848990e+00,  2.30071837e-01,
         4.13369493e+00,  1.27769282e+00,  4.15237426e+00,
         3.37270964e-01,  7.87072169e-01, -1.23293252e+00,
        -6.35124571e-01, -4.14872663e-01, -2.87929337e-01,
        -1.80850008e-01, -4.20181614e-01,  4.05819481e-02],
       [-8.85211927e-01,  1.29669865e+00,  2.67050426e+00,
        -2.18495473e-03,  4.48828587e-01,  1.33341476e+00,
         3.05089949e+00, -1.51335669e+00,  4.12550346e+00,
        -5.26633151e-02,  5.71968893e-01, -3.98331464e-01,
         1.55505372e-01, -4.03675024e-02, -9.00942943e-02,
        -2.97883526e-02,  1.08194678e-01, -1.54196486e-01],
       [ 1.45976942e+00,  3.75234316e-01, -2.18495473e-03,
         6.03037372e-01,  2.35501257e-01, -2.75639840e-01,
         9.60948890e-01, -2.59871604e-01, -1.26642660e+00,
        -5.97086725e-02,  3.63987321e-01,  1.16905529e-03,
        -1.35589762e-01, -6.92087341e-02, -1.70844662e-01,
        -9.96143008e-02, -1.19391508e-01,  2.19841849e-02],
       [ 7.66487289e-01,  2.34848990e+00,  4.48828587e-01,
         2.35501257e-01,  1.14891553e+00,  2.19942986e-02,
         2.23986896e+00,  1.11354374e+00,  1.41292827e+00,
         8.72921634e-02,  3.09334541e-01, -4.72165521e-01,
        -3.50572555e-01, -1.56109270e-01, -1.32020022e-01,
        -1.31518077e-01, -2.39541872e-01,  3.15683417e-02],
       [-1.20409299e+00,  2.30071837e-01,  1.33341476e+00,
        -2.75639840e-01,  2.19942986e-02,  8.74545507e-01,
         1.24511458e+00, -5.54507173e-01,  2.78886839e+00,
        -1.05818214e-01, -7.23672260e-03, -1.08621752e-01,
         2.18239432e-01,  5.65231507e-02,  7.67531618e-02,
         6.87846564e-02,  1.27940343e-01, -9.71449445e-02],
       [ 1.08710657e+00,  4.13369493e+00,  3.05089949e+00,
         9.60948890e-01,  2.23986896e+00,  1.24511458e+00,
         1.15929843e+01,  1.28799537e+00,  4.84787750e+00,
        -3.49189261e-01,  8.76725575e-01, -5.18953481e-01,
        -4.83226109e-01, -1.92267122e-01, -4.05526367e-01,
        -3.87969959e-01, -5.79978229e-01, -2.29710566e-01],
       [ 1.54249094e-01,  1.27769282e+00, -1.51335669e+00,
        -2.59871604e-01,  1.11354374e+00, -5.54507173e-01,
         1.28799537e+00,  6.41684033e+00, -7.14303333e-01,
        -1.92041618e-01, -7.78941125e-01, -1.39462358e-01,
        -3.92361257e-01,  9.41700473e-02,  2.92323907e-01,
        -2.69372098e-02, -3.05057078e-01,  1.83518760e-01],
       [-4.10981253e+00,  4.15237426e+00,  4.12550346e+00,
        -1.26642660e+00,  1.41292827e+00,  2.78886839e+00,
         4.84787750e+00, -7.14303333e-01,  1.45272719e+01,
         1.67093334e-01,  2.36093227e-01, -1.26145669e+00,
         3.16604895e-01, -2.95846563e-01,  1.79066841e-01,
         3.11190064e-01,  6.56356799e-02, -2.28693705e-01],
       [-2.77726407e-02,  3.37270964e-01, -5.26633151e-02,
        -5.97086725e-02,  8.72921634e-02, -1.05818214e-01,
        -3.49189261e-01, -1.92041618e-01,  1.67093334e-01,
         6.31720071e-01, -1.08985612e-02, -8.55438957e-02,
        -1.67783375e-01, -1.77461691e-02,  4.09607177e-02,
        -5.60126698e-03,  3.20408359e-02,  1.60976962e-01],
       [ 7.93728878e-01,  7.87072169e-01,  5.71968893e-01,
         3.63987321e-01,  3.09334541e-01, -7.23672260e-03,
         8.76725575e-01, -7.78941125e-01,  2.36093227e-01,
        -1.08985612e-02,  9.34408630e-01, -2.62773291e-01,
        -1.02431104e-01, -2.33528049e-01, -2.84299669e-01,
        -1.10949270e-01, -8.26920491e-02, -1.19168862e-01],
       [-1.28667466e-01, -1.23293252e+00, -3.98331464e-01,
         1.16905529e-03, -4.72165521e-01, -1.08621752e-01,
        -5.18953481e-01, -1.39462358e-01, -1.26145669e+00,
        -8.55438957e-02, -2.62773291e-01,  6.35917254e-01,
         7.55005084e-02,  1.83371199e-01,  8.81692440e-03,
        -4.80396598e-02,  1.02041284e-01,  5.24785243e-03],
       [-5.70032834e-01, -6.35124571e-01,  1.55505372e-01,
        -1.35589762e-01, -3.50572555e-01,  2.18239432e-01,
        -4.83226109e-01, -3.92361257e-01,  3.16604895e-01,
        -1.67783375e-01, -1.02431104e-01,  7.55005084e-02,
         2.59681407e-01,  6.86049710e-02,  5.48131454e-02,
         1.22385933e-01,  1.42248222e-01, -8.09367877e-02],
       [-2.64761325e-01, -4.14872663e-01, -4.03675024e-02,
        -6.92087341e-02, -1.56109270e-01,  5.65231507e-02,
        -1.92267122e-01,  9.41700473e-02, -2.95846563e-01,
        -1.77461691e-02, -2.33528049e-01,  1.83371199e-01,
         6.86049710e-02,  1.32954099e-01,  6.17685745e-02,
         1.50110506e-02,  9.66520479e-02,  1.42212265e-02],
       [-3.85623867e-01, -2.87929337e-01, -9.00942943e-02,
        -1.70844662e-01, -1.32020022e-01,  7.67531618e-02,
        -4.05526367e-01,  2.92323907e-01,  1.79066841e-01,
         4.09607177e-02, -2.84299669e-01,  8.81692440e-03,
         5.48131454e-02,  6.17685745e-02,  1.49721425e-01,
         6.46168909e-02,  4.06518518e-02,  7.03411040e-02],
       [-2.81704159e-01, -1.80850008e-01, -2.97883526e-02,
        -9.96143008e-02, -1.31518077e-01,  6.87846564e-02,
        -3.87969959e-01, -2.69372098e-02,  3.11190064e-01,
        -5.60126698e-03, -1.10949270e-01, -4.80396598e-02,
         1.22385933e-01,  1.50110506e-02,  6.46168909e-02,
         1.11584154e-01,  5.93022730e-02, -6.12923043e-03],
       [-4.47342586e-01, -4.20181614e-01,  1.08194678e-01,
        -1.19391508e-01, -2.39541872e-01,  1.27940343e-01,
        -5.79978229e-01, -3.05057078e-01,  6.56356799e-02,
         3.20408359e-02, -8.26920491e-02,  1.02041284e-01,
         1.42248222e-01,  9.66520479e-02,  4.06518518e-02,
         5.93022730e-02,  1.70458311e-01, -1.99062609e-02],
       [ 1.86911056e-01,  4.05819481e-02, -1.54196486e-01,
         2.19841849e-02,  3.15683417e-02, -9.71449445e-02,
        -2.29710566e-01,  1.83518760e-01, -2.28693705e-01,
         1.60976962e-01, -1.19168862e-01,  5.24785243e-03,
        -8.09367877e-02,  1.42212265e-02,  7.03411040e-02,
        -6.12923043e-03, -1.99062609e-02,  1.24340064e-01]])
      jac: array([-8.40438830e-07,  1.98877951e-06, -1.03879868e-06,  2.98390942e-06,
       -4.05897538e-06,  4.46420678e-06, -4.05971553e-07,  1.82446650e-07,
       -4.73695157e-07, -9.22965408e-07,  6.72055004e-07,  4.44089210e-09,
       -4.73621142e-06,  3.97866925e-06, -2.02800739e-06,  4.70549525e-06,
       -2.95134287e-06,  7.27936230e-07])
  message: 'Optimization terminated successfully.'
     nfev: 1387
      nit: 62
     njev: 73
   status: 0
  success: True
        x: array([-0.72932835, -1.30872285,  0.58790037, -0.94742389, -1.32141569,
        0.16550676, -0.49416481, -2.16972582, -0.4388811 ,  0.05545447,
        0.52477517,  1.21305382,  0.12240706,  0.03458216, -0.34381886,
        1.16744812, -0.56331186, -0.03746602])
