Program Begingeth
      fun: 0.26853307966404216
 hess_inv: array([[ 3.63001878e+00, -1.78673943e+00, -2.23335866e-01,
         1.33545683e+00, -7.93473469e-01,  7.85181891e-01,
         2.62542333e+00,  1.39457781e+00,  2.20800409e+00,
        -7.92015312e-02, -8.31353548e-01,  6.90853383e-01,
        -5.25057928e-01,  3.49252321e-01,  4.28219166e-01,
        -2.47270049e-01,  4.26627924e-01, -1.98672022e-01],
       [-1.78673943e+00,  3.79086660e+00,  1.00165139e+00,
        -5.78891579e-01,  1.59573223e+00, -1.43750273e-01,
        -3.11942032e+00,  8.47398878e-01,  2.14935040e+00,
        -4.18083598e-01,  5.30716543e-01, -1.36015476e+00,
         5.59066334e-01, -3.90772202e-01, -2.94015160e-01,
         1.23308018e-01, -3.03664738e-01,  1.53986950e-01],
       [-2.23335866e-01,  1.00165139e+00,  1.81504958e+00,
        -3.33389830e-01,  3.24991859e-01,  6.55334442e-01,
        -2.32200482e+00, -1.51676580e+00,  2.55292621e+00,
        -6.87221945e-02,  7.27368574e-01, -6.02172030e-01,
        -2.81772616e-03, -1.40243750e-01, -2.31615735e-01,
         9.32905501e-02,  1.75043615e-02, -1.22556477e-01],
       [ 1.33545683e+00, -5.78891579e-01, -3.33389830e-01,
         5.80199407e-01, -2.52118323e-01,  1.72852899e-01,
         1.51055160e+00,  8.81994403e-01,  6.10665060e-01,
        -7.11300497e-02, -4.17124482e-01,  2.34349849e-01,
        -1.38281104e-01,  1.16459927e-01,  2.05424741e-01,
        -9.77014327e-02,  1.30966427e-01, -1.67762962e-02],
       [-7.93473469e-01,  1.59573223e+00,  3.24991859e-01,
        -2.52118323e-01,  7.92738868e-01, -8.13429855e-02,
        -1.91689057e+00,  1.12388295e+00,  5.41664143e-01,
        -8.20314380e-02,  1.27930527e-01, -4.85732958e-01,
         2.93685520e-01, -1.17434757e-01, -9.22125907e-02,
         9.35206652e-02, -1.85092388e-01,  7.31887941e-02],
       [ 7.85181891e-01, -1.43750273e-01,  6.55334442e-01,
         1.72852899e-01, -8.13429855e-02,  5.15052998e-01,
        -5.51742131e-01, -7.44468925e-02,  1.74211415e+00,
         6.75839483e-02,  7.76850266e-03, -9.54120804e-03,
        -1.69158833e-01,  4.80763563e-02,  5.01278172e-02,
        -4.89899675e-02,  9.21889032e-02, -9.99520229e-02],
       [ 2.62542333e+00, -3.11942032e+00, -2.32200482e+00,
         1.51055160e+00, -1.91689057e+00, -5.51742131e-01,
         1.31444752e+01, -1.26808380e+00, -2.18689302e+00,
        -5.92767194e-01, -8.95734706e-01,  8.82286126e-01,
        -6.76220546e-01,  3.29706002e-01,  5.15792267e-01,
        -4.49475269e-01,  9.04191423e-01,  2.07882513e-01],
       [ 1.39457781e+00,  8.47398878e-01, -1.51676580e+00,
         8.81994403e-01,  1.12388295e+00, -7.44468925e-02,
        -1.26808380e+00,  9.71531671e+00, -4.62359159e-01,
         1.78207883e-01, -1.49404595e+00,  2.03209906e-01,
         2.08760700e-01,  3.53046547e-01,  7.09968584e-01,
        -1.82870931e-01, -1.13008734e-01,  2.34891922e-01],
       [ 2.20800409e+00,  2.14935040e+00,  2.55292621e+00,
         6.10665060e-01,  5.41664143e-01,  1.74211415e+00,
        -2.18689302e+00, -4.62359159e-01,  1.10429113e+01,
        -3.08562368e-01,  3.73694438e-01, -9.74885987e-01,
        -3.08904063e-01, -3.61776483e-01,  1.25722068e-02,
        -2.95605570e-01,  7.69288248e-02, -1.67235672e-01],
       [-7.92015312e-02, -4.18083598e-01, -6.87221945e-02,
        -7.11300497e-02, -8.20314380e-02,  6.75839483e-02,
        -5.92767194e-01,  1.78207883e-01, -3.08562368e-01,
         6.28855459e-01,  1.54461624e-02,  1.45366759e-01,
        -1.23732245e-01,  3.82920360e-03, -3.23353758e-02,
         1.50946633e-02, -1.02456202e-01, -1.62237057e-01],
       [-8.31353548e-01,  5.30716543e-01,  7.27368574e-01,
        -4.17124482e-01,  1.27930527e-01,  7.76850266e-03,
        -8.95734706e-01, -1.49404595e+00,  3.73694438e-01,
         1.54461624e-02,  9.03536828e-01, -3.98879553e-01,
         6.22252965e-02, -2.32591008e-01, -3.05628268e-01,
         1.03986846e-01, -5.71510624e-02, -1.07004989e-01],
       [ 6.90853383e-01, -1.36015476e+00, -6.02172030e-01,
         2.34349849e-01, -4.85732958e-01, -9.54120804e-03,
         8.82286126e-01,  2.03209906e-01, -9.74885987e-01,
         1.45366759e-01, -3.98879553e-01,  8.16653590e-01,
        -1.40670036e-01,  2.40315928e-01,  1.12275843e-01,
         7.22463408e-03,  1.15466678e-01, -2.11667683e-02],
       [-5.25057928e-01,  5.59066334e-01, -2.81772616e-03,
        -1.38281104e-01,  2.93685520e-01, -1.69158833e-01,
        -6.76220546e-01,  2.08760700e-01, -3.08904063e-01,
        -1.23732245e-01,  6.22252965e-02, -1.40670036e-01,
         2.33212932e-01, -6.35160313e-02, -4.95948761e-02,
         1.10887472e-01, -1.30454072e-01,  8.84763713e-02],
       [ 3.49252321e-01, -3.90772202e-01, -1.40243750e-01,
         1.16459927e-01, -1.17434757e-01,  4.80763563e-02,
         3.29706002e-01,  3.53046547e-01, -3.61776483e-01,
         3.82920360e-03, -2.32591008e-01,  2.40315928e-01,
        -6.35160313e-02,  1.46906461e-01,  8.10764077e-02,
        -1.40448812e-02,  1.01556481e-01,  6.27144823e-03],
       [ 4.28219166e-01, -2.94015160e-01, -2.31615735e-01,
         2.05424741e-01, -9.22125907e-02,  5.01278172e-02,
         5.15792267e-01,  7.09968584e-01,  1.25722068e-02,
        -3.23353758e-02, -3.05628268e-01,  1.12275843e-01,
        -4.95948761e-02,  8.10764077e-02,  1.66589722e-01,
        -6.61032999e-02,  4.22638184e-02,  6.37843314e-02],
       [-2.47270049e-01,  1.23308018e-01,  9.32905501e-02,
        -9.77014327e-02,  9.35206652e-02, -4.89899675e-02,
        -4.49475269e-01, -1.82870931e-01, -2.95605570e-01,
         1.50946633e-02,  1.03986846e-01,  7.22463408e-03,
         1.10887472e-01, -1.40448812e-02, -6.61032999e-02,
         1.11904174e-01, -6.09979591e-02,  1.81761106e-03],
       [ 4.26627924e-01, -3.03664738e-01,  1.75043615e-02,
         1.30966427e-01, -1.85092388e-01,  9.21889032e-02,
         9.04191423e-01, -1.13008734e-01,  7.69288248e-02,
        -1.02456202e-01, -5.71510624e-02,  1.15466678e-01,
        -1.30454072e-01,  1.01556481e-01,  4.22638184e-02,
        -6.09979591e-02,  1.93728797e-01, -1.41093217e-02],
       [-1.98672022e-01,  1.53986950e-01, -1.22556477e-01,
        -1.67762962e-02,  7.31887941e-02, -9.99520229e-02,
         2.07882513e-01,  2.34891922e-01, -1.67235672e-01,
        -1.62237057e-01, -1.07004989e-01, -2.11667683e-02,
         8.84763713e-02,  6.27144823e-03,  6.37843314e-02,
         1.81761106e-03, -1.41093217e-02,  1.34660175e-01]])
      jac: array([ 4.72507219e-05,  5.61343564e-05, -5.54919074e-05, -1.02274485e-04,
       -5.95197965e-05,  1.24597740e-04,  1.08250446e-05, -1.18904886e-06,
       -1.18238752e-05, -7.76638013e-06,  5.46758935e-05,  5.33832238e-06,
        2.20997295e-05,  1.60477557e-04, -2.53371398e-05, -5.13870428e-05,
       -1.81642849e-04,  5.14170188e-05])
  message: 'Desired error not necessarily achieved due to precision loss.'
     nfev: 2177
      nit: 66
     njev: 114
   status: 2
  success: False
        x: array([ 0.71098203, -0.95852438,  0.63686593,  0.94734417, -1.0636708 ,
        0.14965753,  0.54694816, -1.8322636 , -0.47814011,  0.03910178,
        0.64478489,  1.18821708,  0.01285632,  0.11660164, -0.38005937,
       -0.91481184, -0.47094857, -0.04912272])
