Program Begingeth
      fun: 0.17359238491715978
 hess_inv: array([[ 5.85134360e-01,  2.51958603e-01,  7.23645958e-02,
        -2.34849431e-02,  4.05549159e-02,  1.62112379e-01,
        -1.42908166e-01,  2.31292187e-01,  2.45913267e-01,
        -3.24711503e-02, -2.75615351e-01, -5.05982063e-01,
        -2.56356937e-01, -5.32039758e-03,  1.32870872e-01,
        -1.17828908e-02,  2.05542892e-02, -1.27534555e-01],
       [ 2.51958603e-01,  1.35005661e+00,  2.00005188e-01,
        -1.00361633e-01, -2.01961018e-02, -2.14688149e-01,
        -1.78445645e-02, -2.82802054e-01, -1.62967382e+00,
         9.51129608e-01, -1.72699131e-01, -3.19609661e+00,
        -4.92462783e-01, -5.67813762e-01,  3.86539519e-01,
        -1.14341143e-01, -6.60255861e-02, -1.87438375e-01],
       [ 7.23645958e-02,  2.00005188e-01,  3.17195420e-01,
        -9.48425632e-02, -1.33802047e-02,  7.43516389e-03,
        -2.70559497e-01,  6.27059373e-02, -2.70023674e-02,
        -3.02761059e-02,  3.91804411e-01, -8.11455659e-01,
        -8.13016324e-02, -1.89488321e-01,  4.58440842e-02,
         2.36844460e-02, -3.98582766e-03, -1.60539759e-02],
       [-2.34849431e-02, -1.00361633e-01, -9.48425632e-02,
         1.46267754e-01,  1.74242997e-02, -1.95301023e-02,
         7.52130829e-01,  4.18943175e-02,  3.28427318e-01,
        -7.78296282e-02, -8.58745106e-02,  4.09034393e-01,
         1.45120919e-01,  6.43018191e-02, -8.25871342e-02,
         3.61220667e-02, -1.52447423e-02,  1.43161910e-02],
       [ 4.05549159e-02, -2.01961018e-02, -1.33802047e-02,
         1.74242997e-02,  9.24566221e-02,  4.53857148e-02,
         4.16433989e-02,  4.34651767e-01,  2.43698760e-01,
         2.97518516e-02, -1.57607226e-01,  3.02267799e-01,
         2.82647706e-03,  1.24019541e-01, -3.25059708e-02,
         1.70429795e-02,  2.79244479e-02,  3.57750521e-04],
       [ 1.62112379e-01, -2.14688149e-01,  7.43516389e-03,
        -1.95301023e-02,  4.53857148e-02,  1.85382003e-01,
        -3.80744757e-01,  2.34517211e-01,  6.77662321e-01,
        -1.21064170e-01, -2.17586457e-01,  5.42925728e-01,
        -3.13426246e-02,  1.85519201e-01,  2.60415783e-02,
         3.24437565e-03,  2.90407187e-02,  1.72234926e-02],
       [-1.42908166e-01, -1.78445645e-02, -2.70559497e-01,
         7.52130829e-01,  4.16433989e-02, -3.80744757e-01,
         5.49604193e+00, -3.93134017e-02,  8.29348997e-01,
        -1.46225718e-01,  1.64854107e-01,  7.84524591e-01,
         5.65602958e-01, -4.32269920e-02, -5.32268794e-01,
         1.44404515e-01, -8.61742934e-02, -5.24644044e-02],
       [ 2.31292187e-01, -2.82802054e-01,  6.27059373e-02,
         4.18943175e-02,  4.34651767e-01,  2.34517211e-01,
        -3.93134017e-02,  3.70884790e+00,  1.51221716e+00,
        -7.12011317e-01, -2.34279766e-01,  1.84091563e+00,
         1.93522798e-01,  4.14069053e-01, -2.87062880e-01,
         1.29575245e-01,  9.60890917e-02,  1.92184727e-02],
       [ 2.45913267e-01, -1.62967382e+00, -2.70023674e-02,
         3.28427318e-01,  2.43698760e-01,  6.77662321e-01,
         8.29348997e-01,  1.51221716e+00,  5.25227870e+00,
        -1.39760508e+00, -4.00359417e-01,  4.60462718e+00,
         6.28764611e-01,  9.80697290e-01, -5.94170032e-01,
         2.13900343e-01,  1.15610272e-01,  1.34995489e-01],
       [-3.24711503e-02,  9.51129608e-01, -3.02761059e-02,
        -7.78296282e-02,  2.97518516e-02, -1.21064170e-01,
        -1.46225718e-01, -7.12011317e-01, -1.39760508e+00,
         1.84293716e+00, -5.72688647e-01, -2.40094617e+00,
        -5.76330636e-01, -2.66951751e-01,  4.50345662e-01,
        -1.66187565e-01, -1.07276985e-01, -9.10266899e-02],
       [-2.75615351e-01, -1.72699131e-01,  3.91804411e-01,
        -8.58745106e-02, -1.57607226e-01, -2.17586457e-01,
         1.64854107e-01, -2.34279766e-01, -4.00359417e-01,
        -5.72688647e-01,  1.58299080e+00, -4.59925059e-01,
         2.29981111e-01, -4.44314722e-01, -2.33057294e-01,
         1.20341904e-01, -4.21953914e-02,  2.01482465e-02],
       [-5.05982063e-01, -3.19609661e+00, -8.11455659e-01,
         4.09034393e-01,  3.02267799e-01,  5.42925728e-01,
         7.84524591e-01,  1.84091563e+00,  4.60462718e+00,
        -2.40094617e+00, -4.59925059e-01,  9.27667083e+00,
         1.30771993e+00,  1.80428461e+00, -1.21357967e+00,
         3.10239395e-01,  2.92763335e-01,  3.77640759e-01],
       [-2.56356937e-01, -4.92462783e-01, -8.13016324e-02,
         1.45120919e-01,  2.82647706e-03, -3.13426246e-02,
         5.65602958e-01,  1.93522798e-01,  6.28764611e-01,
        -5.76330636e-01,  2.29981111e-01,  1.30771993e+00,
         4.09832857e-01,  1.51149686e-01, -2.55912468e-01,
         1.02485866e-01,  1.10093515e-02,  1.00374282e-01],
       [-5.32039758e-03, -5.67813762e-01, -1.89488321e-01,
         6.43018191e-02,  1.24019541e-01,  1.85519201e-01,
        -4.32269920e-02,  4.14069053e-01,  9.80697290e-01,
        -2.66951751e-01, -4.44314722e-01,  1.80428461e+00,
         1.51149686e-01,  4.88282862e-01, -1.50676220e-01,
         3.37586297e-02,  8.69969071e-02,  7.31045995e-02],
       [ 1.32870872e-01,  3.86539519e-01,  4.58440842e-02,
        -8.25871342e-02, -3.25059708e-02,  2.60415783e-02,
        -5.32268794e-01, -2.87062880e-01, -5.94170032e-01,
         4.50345662e-01, -2.33057294e-01, -1.21357967e+00,
        -2.55912468e-01, -1.50676220e-01,  3.01322615e-01,
        -7.90746170e-02, -4.08549260e-02, -1.79899626e-02],
       [-1.17828908e-02, -1.14341143e-01,  2.36844460e-02,
         3.61220667e-02,  1.70429795e-02,  3.24437565e-03,
         1.44404515e-01,  1.29575245e-01,  2.13900343e-01,
        -1.66187565e-01,  1.20341904e-01,  3.10239395e-01,
         1.02485866e-01,  3.37586297e-02, -7.90746170e-02,
         5.13772659e-02,  7.20732695e-03,  1.45240349e-02],
       [ 2.05542892e-02, -6.60255861e-02, -3.98582766e-03,
        -1.52447423e-02,  2.79244479e-02,  2.90407187e-02,
        -8.61742934e-02,  9.60890917e-02,  1.15610272e-01,
        -1.07276985e-01, -4.21953914e-02,  2.92763335e-01,
         1.10093515e-02,  8.69969071e-02, -4.08549260e-02,
         7.20732695e-03,  4.22739034e-02,  1.41159308e-03],
       [-1.27534555e-01, -1.87438375e-01, -1.60539759e-02,
         1.43161910e-02,  3.57750521e-04,  1.72234926e-02,
        -5.24644044e-02,  1.92184727e-02,  1.34995489e-01,
        -9.10266899e-02,  2.01482465e-02,  3.77640759e-01,
         1.00374282e-01,  7.31045995e-02, -1.79899626e-02,
         1.45240349e-02,  1.41159308e-03,  7.17287676e-02]])
      jac: array([ 0.00035813, -0.00036087, -0.0001121 ,  0.0066223 ,  0.01262827,
        0.00369158, -0.00089609, -0.00091265, -0.00051108,  0.00017641,
        0.00112115,  0.00103004, -0.00331738, -0.00702867, -0.00565535,
       -0.00724618,  0.00127288,  0.00049283])
  message: 'Maximum number of iterations has been exceeded.'
     nfev: 2109
      nit: 100
     njev: 111
   status: 1
  success: False
        x: array([ 0.06130586,  0.25943137,  0.80784143,  1.16485261, -0.21118165,
       -0.09608167,  1.82118806, -0.15686523, -0.88774722,  0.24239688,
        0.84690778, -0.08135913,  0.1210887 ,  0.04511974, -0.33300843,
       -1.13820479, -0.44662721,  0.02511802])
