Program Begingeth
      fun: 0.29012302573806975
 hess_inv: array([[ 4.45461482e+00, -6.28304698e-01, -3.07382087e-01,
         5.39456398e-01, -3.76396763e-01,  9.09803612e-01,
        -2.32622137e+00,  8.27516972e-01,  2.87348887e-01,
        -1.13482791e+00, -5.41101359e-01,  7.12181751e-01,
        -8.29355848e-01,  1.42928181e-01,  3.75197624e-01,
         1.20724398e-01,  2.68123368e-01, -6.64111378e-01],
       [-6.28304698e-01,  2.90305617e+00,  1.11990334e+00,
         4.87105495e-02,  6.53261314e-01, -5.19627266e-02,
        -2.04712562e+00, -7.05459027e-01,  3.58403609e+00,
         1.16432459e-01,  3.64447192e-03, -2.05111674e+00,
         3.41832669e-01, -4.81093777e-01, -2.53286702e-01,
        -1.14472603e-01,  4.31410421e-02,  7.31628068e-02],
       [-3.07382087e-01,  1.11990334e+00,  2.43894526e+00,
        -3.24816830e-01,  2.10555548e-01,  2.09166110e-01,
        -1.93611524e+00, -3.45891798e+00,  1.66919620e+00,
         5.61688888e-02,  1.39537937e+00, -1.71084444e+00,
         7.22321000e-02, -3.68132334e-01, -5.12805174e-01,
         2.05416906e-01, -5.78801555e-02,  3.59782315e-02],
       [ 5.39456398e-01,  4.87105495e-02, -3.24816830e-01,
         1.86253192e-01, -2.08799152e-02,  6.23337207e-02,
         1.84873651e-01,  7.41584496e-01,  2.31800050e-01,
        -1.88683705e-01, -3.24752527e-01,  9.13281358e-02,
        -2.46887672e-02,  1.03446182e-02,  1.34346746e-01,
        -1.62653857e-02,  4.16757172e-02, -3.59015764e-02],
       [-3.76396763e-01,  6.53261314e-01,  2.10555548e-01,
        -2.08799152e-02,  4.00092860e-01,  7.70174038e-04,
        -2.73474846e+00,  1.09935653e-01,  4.90645185e-01,
         3.90261578e-01, -6.14528046e-03, -3.50011996e-01,
         2.33447491e-01, -1.29325711e-02, -4.63609158e-02,
        -3.79344657e-03, -1.82510781e-01, -5.90630013e-03],
       [ 9.09803612e-01, -5.19627266e-02,  2.09166110e-01,
         6.23337207e-02,  7.70174038e-04,  3.30849016e-01,
        -1.57488117e+00, -5.08901621e-02,  4.35872023e-01,
        -4.62324022e-04, -7.69636011e-02,  3.14314172e-02,
        -2.01844507e-01,  3.37842306e-02,  1.02224596e-01,
         1.03519584e-02, -1.16851460e-02, -1.40672179e-01],
       [-2.32622137e+00, -2.04712562e+00, -1.93611524e+00,
         1.84873651e-01, -2.73474846e+00, -1.57488117e+00,
         3.73738043e+01,  2.17195325e+00, -2.25717390e+00,
        -3.04415634e+00, -8.40264431e-01,  1.03668019e+00,
        -8.69223487e-01, -1.08234699e-01,  1.18497583e-01,
        -2.02118743e-01,  2.38745859e+00,  1.33450285e+00],
       [ 8.27516972e-01, -7.05459027e-01, -3.45891798e+00,
         7.41584496e-01,  1.09935653e-01, -5.08901621e-02,
         2.17195325e+00,  9.34563655e+00, -1.54604058e+00,
        -6.63990001e-02, -2.49464349e+00,  1.80408817e+00,
        -9.54708033e-02,  5.63699428e-01,  1.13176319e+00,
        -4.98542858e-01,  3.45614996e-01,  6.09179545e-02],
       [ 2.87348887e-01,  3.58403609e+00,  1.66919620e+00,
         2.31800050e-01,  4.90645185e-01,  4.35872023e-01,
        -2.25717390e+00, -1.54604058e+00,  8.93267694e+00,
        -1.32533464e-01,  4.81917068e-02, -2.61883677e+00,
         1.42973618e-01, -8.90342436e-01, -1.78365430e-01,
        -2.18328108e-01,  3.82660490e-02,  1.65945270e-01],
       [-1.13482791e+00,  1.16432459e-01,  5.61688888e-02,
        -1.88683705e-01,  3.90261578e-01, -4.62324022e-04,
        -3.04415634e+00, -6.63990001e-02, -1.32533464e-01,
         1.37069761e+00,  9.28419307e-02, -3.73688323e-02,
         1.54801424e-01,  4.65480860e-02, -2.92782616e-02,
        -5.38674073e-02, -3.85246553e-01, -3.28261816e-02],
       [-5.41101359e-01,  3.64447192e-03,  1.39537937e+00,
        -3.24752527e-01, -6.14528046e-03, -7.69636011e-02,
        -8.40264431e-01, -2.49464349e+00,  4.81917068e-02,
         9.28419307e-02,  1.64150626e+00, -7.81939848e-01,
         9.33688019e-02, -2.95394779e-01, -5.16300404e-01,
         2.16537969e-01, -1.37874883e-01, -4.81690206e-02],
       [ 7.12181751e-01, -2.05111674e+00, -1.71084444e+00,
         9.13281358e-02, -3.50011996e-01,  3.14314172e-02,
         1.03668019e+00,  1.80408817e+00, -2.61883677e+00,
        -3.73688323e-02, -7.81939848e-01,  2.28632824e+00,
        -2.58765765e-01,  5.66349209e-01,  3.42593284e-01,
         1.33421142e-02,  2.14983504e-02, -9.85001712e-02],
       [-8.29355848e-01,  3.41832669e-01,  7.22321000e-02,
        -2.46887672e-02,  2.33447491e-01, -2.01844507e-01,
        -8.69223487e-01, -9.54708033e-02,  1.42973618e-01,
         1.54801424e-01,  9.33688019e-02, -2.58765765e-01,
         3.68111185e-01, -4.67827271e-02, -7.95974357e-02,
         3.20848951e-02, -1.69886692e-01,  1.42831873e-01],
       [ 1.42928181e-01, -4.81093777e-01, -3.68132334e-01,
         1.03446182e-02, -1.29325711e-02,  3.37842306e-02,
        -1.08234699e-01,  5.63699428e-01, -8.90342436e-01,
         4.65480860e-02, -2.95394779e-01,  5.66349209e-01,
        -4.67827271e-02,  2.23029795e-01,  1.15342204e-01,
         7.41570910e-03,  1.25591170e-02, -7.72993748e-03],
       [ 3.75197624e-01, -2.53286702e-01, -5.12805174e-01,
         1.34346746e-01, -4.63609158e-02,  1.02224596e-01,
         1.18497583e-01,  1.13176319e+00, -1.78365430e-01,
        -2.92782616e-02, -5.16300404e-01,  3.42593284e-01,
        -7.95974357e-02,  1.15342204e-01,  2.55257021e-01,
        -7.75558243e-02,  2.73586473e-02,  7.39225726e-03],
       [ 1.20724398e-01, -1.14472603e-01,  2.05416906e-01,
        -1.62653857e-02, -3.79344657e-03,  1.03519584e-02,
        -2.02118743e-01, -4.98542858e-01, -2.18328108e-01,
        -5.38674073e-02,  2.16537969e-01,  1.33421142e-02,
         3.20848951e-02,  7.41570910e-03, -7.75558243e-02,
         1.06437024e-01, -3.06661536e-02, -2.12329938e-02],
       [ 2.68123368e-01,  4.31410421e-02, -5.78801555e-02,
         4.16757172e-02, -1.82510781e-01, -1.16851460e-02,
         2.38745859e+00,  3.45614996e-01,  3.82660490e-02,
        -3.85246553e-01, -1.37874883e-01,  2.14983504e-02,
        -1.69886692e-01,  1.25591170e-02,  2.73586473e-02,
        -3.06661536e-02,  2.86431648e-01,  3.16758131e-02],
       [-6.64111378e-01,  7.31628068e-02,  3.59782315e-02,
        -3.59015764e-02, -5.90630013e-03, -1.40672179e-01,
         1.33450285e+00,  6.09179545e-02,  1.65945270e-01,
        -3.28261816e-02, -4.81690206e-02, -9.85001712e-02,
         1.42831873e-01, -7.72993748e-03,  7.39225726e-03,
        -2.12329938e-02,  3.16758131e-02,  2.13147143e-01]])
      jac: array([ 5.59515397e-06, -3.46611628e-06,  2.08721929e-07,  8.15273775e-07,
       -3.59009119e-06,  1.29785072e-06,  4.23365047e-07,  1.67939736e-06,
        9.54791801e-07,  3.77734880e-06, -3.06828637e-06, -3.87319806e-06,
        8.33814499e-06,  1.09849167e-05, -2.35326573e-05, -1.82235708e-05,
       -1.47696670e-06,  9.72148288e-06])
  message: 'Desired error not necessarily achieved due to precision loss.'
     nfev: 1872
      nit: 56
     njev: 98
   status: 2
  success: False
        x: array([ 0.24675299, -0.5116423 ,  0.64858279,  0.98635641, -0.62603032,
        0.04662682,  0.15276602, -1.60599481, -0.47698044,  0.06000747,
        0.67303859,  1.00505541,  0.10659197,  0.08111619, -0.39924416,
       -1.01118412, -0.79533659,  0.01638303])
