Program Begingeth
      fun: 0.3430560153607429
 hess_inv: array([[ 5.64506218e+00,  8.53039417e-01, -1.23926925e+00,
         1.84938831e+00,  5.66013174e-01, -1.63706612e+00,
        -3.66324565e-01, -6.10088222e-01, -6.05332294e+00,
        -3.23547325e-02,  1.03355566e+00, -1.73519784e-01,
        -7.17004165e-01, -3.25080503e-01, -5.04629300e-01,
        -3.12556395e-01, -4.84637445e-01,  2.14444566e-01],
       [ 8.53039417e-01,  5.65125004e+00,  1.68300168e+00,
         2.89359091e-01,  2.48016354e+00,  5.96542652e-01,
         6.06046410e+00,  1.42125974e+00,  6.04086320e+00,
         3.42269294e-01,  5.38388425e-01, -1.41304423e+00,
        -6.26327204e-01, -3.97899877e-01, -1.73507090e-01,
        -9.38460777e-02, -4.12686864e-01,  3.69910229e-02],
       [-1.23926925e+00,  1.68300168e+00,  2.80990855e+00,
        -7.52490276e-02,  6.15682695e-01,  1.43441201e+00,
         4.21528296e+00, -1.41588459e+00,  4.93247200e+00,
         1.10104329e-02,  5.13676937e-01, -4.91249977e-01,
         1.41699447e-01, -3.97252260e-02, -8.12278823e-02,
        -2.14793850e-02,  8.87120105e-02, -1.48129548e-01],
       [ 1.84938831e+00,  2.89359091e-01, -7.52490276e-02,
         7.06058485e-01,  1.95697539e-01, -3.86905919e-01,
         6.51515993e-01, -4.91665737e-01, -1.75486015e+00,
        -6.15748243e-02,  4.34334941e-01, -1.78773268e-02,
        -1.83646603e-01, -8.49712106e-02, -2.07329981e-01,
        -1.11172097e-01, -1.35076190e-01,  3.03278036e-02],
       [ 5.66013174e-01,  2.48016354e+00,  6.15682695e-01,
         1.95697539e-01,  1.19396889e+00,  2.02586047e-01,
         3.23401706e+00,  1.21877188e+00,  2.31229224e+00,
         6.31483992e-02,  1.76295204e-01, -5.25664676e-01,
        -3.40200895e-01, -1.35224820e-01, -7.09118740e-02,
        -8.77635913e-02, -2.33501895e-01,  3.02904788e-02],
       [-1.63706612e+00,  5.96542652e-01,  1.43441201e+00,
        -3.86905919e-01,  2.02586047e-01,  9.96026216e-01,
         2.23438178e+00, -1.95979537e-01,  3.63404093e+00,
        -9.07063499e-02, -9.30344787e-02, -1.47769278e-01,
         2.16947807e-01,  6.37066392e-02,  1.05244852e-01,
         6.68681968e-02,  1.06288541e-01, -9.73752314e-02],
       [-3.66324565e-01,  6.06046410e+00,  4.21528296e+00,
         6.51515993e-01,  3.23401706e+00,  2.23438178e+00,
         1.83009127e+01,  2.96910063e+00,  1.00679932e+01,
        -5.45505200e-01,  4.61756990e-01, -8.19855056e-01,
        -5.71492936e-01, -1.17068080e-01, -2.16537095e-01,
        -3.50016040e-01, -7.17652877e-01, -2.58428669e-01],
       [-6.10088222e-01,  1.42125974e+00, -1.41588459e+00,
        -4.91665737e-01,  1.21877188e+00, -1.95979537e-01,
         2.96910063e+00,  7.30050123e+00,  1.18379095e+00,
        -2.86937799e-01, -1.11974974e+00, -6.77939673e-02,
        -3.41476797e-01,  1.64668966e-01,  4.60709161e-01,
         5.40621678e-02, -2.90008574e-01,  1.71703874e-01],
       [-6.05332294e+00,  6.04086320e+00,  4.93247200e+00,
        -1.75486015e+00,  2.31229224e+00,  3.63404093e+00,
         1.00679932e+01,  1.18379095e+00,  1.94435377e+01,
         1.03741219e-01, -2.65769679e-01, -1.53438993e+00,
         3.14954741e-01, -2.54353414e-01,  3.92218586e-01,
         3.34184265e-01, -1.65295250e-02, -2.58313901e-01],
       [-3.23547325e-02,  3.42269294e-01,  1.10104329e-02,
        -6.15748243e-02,  6.31483992e-02, -9.07063499e-02,
        -5.45505200e-01, -2.86937799e-01,  1.03741219e-01,
         7.47064336e-01, -1.61036352e-02, -1.34458456e-01,
        -1.69631725e-01, -1.36885113e-02,  5.27550946e-02,
         6.33369026e-03,  5.99910237e-02,  1.73325647e-01],
       [ 1.03355566e+00,  5.38388425e-01,  5.13676937e-01,
         4.34334941e-01,  1.76295204e-01, -9.30344787e-02,
         4.61756990e-01, -1.11974974e+00, -2.65769679e-01,
        -1.61036352e-02,  1.00580980e+00, -2.65784549e-01,
        -9.55419535e-02, -2.39856339e-01, -3.10785063e-01,
        -9.37905376e-02, -6.50710405e-02, -1.20938680e-01],
       [-1.73519784e-01, -1.41304423e+00, -4.91249977e-01,
        -1.78773268e-02, -5.25664676e-01, -1.47769278e-01,
        -8.19855056e-01, -6.77939673e-02, -1.53438993e+00,
        -1.34458456e-01, -2.65784549e-01,  7.20977299e-01,
         1.01521689e-01,  1.99409648e-01,  8.54857264e-03,
        -5.61876549e-02,  1.02293051e-01,  7.52159364e-03],
       [-7.17004165e-01, -6.26327204e-01,  1.41699447e-01,
        -1.83646603e-01, -3.40200895e-01,  2.16947807e-01,
        -5.71492936e-01, -3.41476797e-01,  3.14954741e-01,
        -1.69631725e-01, -9.55419535e-02,  1.01521689e-01,
         2.72419262e-01,  6.78058317e-02,  4.86691115e-02,
         1.09437157e-01,  1.41509029e-01, -8.76323520e-02],
       [-3.25080503e-01, -3.97899877e-01, -3.97252260e-02,
        -8.49712106e-02, -1.35224820e-01,  6.37066392e-02,
        -1.17068080e-01,  1.64668966e-01, -2.54353414e-01,
        -1.36885113e-02, -2.39856339e-01,  1.99409648e-01,
         6.78058317e-02,  1.38065322e-01,  6.47615748e-02,
         6.75517267e-03,  8.99883079e-02,  1.83851386e-02],
       [-5.04629300e-01, -1.73507090e-01, -8.12278823e-02,
        -2.07329981e-01, -7.09118740e-02,  1.05244852e-01,
        -2.16537095e-01,  4.60709161e-01,  3.92218586e-01,
         5.27550946e-02, -3.10785063e-01,  8.54857264e-03,
         4.86691115e-02,  6.47615748e-02,  1.54950533e-01,
         5.75212734e-02,  3.54039148e-02,  6.33547953e-02],
       [-3.12556395e-01, -9.38460777e-02, -2.14793850e-02,
        -1.11172097e-01, -8.77635913e-02,  6.68681968e-02,
        -3.50016040e-01,  5.40621678e-02,  3.34184265e-01,
         6.33369026e-03, -9.37905376e-02, -5.61876549e-02,
         1.09437157e-01,  6.75517267e-03,  5.75212734e-02,
         9.65058003e-02,  5.19645990e-02, -1.00674182e-02],
       [-4.84637445e-01, -4.12686864e-01,  8.87120105e-02,
        -1.35076190e-01, -2.33501895e-01,  1.06288541e-01,
        -7.17652877e-01, -2.90008574e-01, -1.65295250e-02,
         5.99910237e-02, -6.50710405e-02,  1.02293051e-01,
         1.41509029e-01,  8.99883079e-02,  3.54039148e-02,
         5.19645990e-02,  1.64370256e-01, -1.58182639e-02],
       [ 2.14444566e-01,  3.69910229e-02, -1.48129548e-01,
         3.03278036e-02,  3.02904788e-02, -9.73752314e-02,
        -2.58428669e-01,  1.71703874e-01, -2.58313901e-01,
         1.73325647e-01, -1.20938680e-01,  7.52159364e-03,
        -8.76323520e-02,  1.83851386e-02,  6.33547953e-02,
        -1.00674182e-02, -1.58182639e-02,  1.17095777e-01]])
      jac: array([ 5.68804263e-07, -1.07025500e-06, -1.52396614e-06, -1.41960517e-06,
        2.60199270e-06,  3.84951330e-06,  4.66293670e-08, -2.41288471e-07,
       -2.22414679e-07,  1.93918955e-07, -4.14853337e-07, -8.04541619e-07,
       -3.25665421e-08, -2.04207022e-06, -3.49350178e-06,  6.14693481e-07,
        1.68975944e-06,  1.90847338e-06])
  message: 'Optimization terminated successfully.'
     nfev: 1425
      nit: 62
     njev: 75
   status: 0
  success: True
        x: array([-0.76021157, -1.23047769,  0.56519949, -1.02870301, -1.24858151,
        0.15420518, -0.56969591, -2.07371432, -0.42162476,  0.08288487,
        0.5086283 ,  1.18962239,  0.12495325,  0.02793976, -0.33285539,
        1.23887494, -0.60905894, -0.02523981])
