Program Begingeth
      fun: 0.24657422719810368
 hess_inv: array([[ 4.18154979e+00,  2.15174387e+00,  5.17874627e-01,
         1.44877456e+00,  8.59479480e-01, -9.25409221e-01,
         3.30815117e+00, -2.01156714e+00, -2.23125437e+00,
        -2.88612566e-01,  9.05493081e-01, -1.10423413e+00,
        -6.39134160e-01, -4.68958534e-01, -5.05673270e-01,
        -2.45138609e-01, -5.07749944e-01,  3.15986579e-01],
       [ 2.15174387e+00,  3.67449064e+00,  8.74453700e-01,
         6.42402156e-01,  1.48387185e+00, -4.16570839e-01,
         2.90737252e+00,  9.14942777e-01,  9.56378025e-01,
         2.24089836e-01,  4.24608010e-01, -1.54317964e+00,
        -5.73732532e-01, -4.22079334e-01, -3.63360529e-01,
        -1.01485670e-01, -2.86041480e-01,  1.85957927e-01],
       [ 5.17874627e-01,  8.74453700e-01,  1.77927844e+00,
         4.55221178e-01,  2.57359649e-01,  5.08057291e-01,
         2.59851896e+00, -1.78644233e+00,  2.08152714e+00,
        -2.55167933e-04,  7.71974756e-01, -7.50812433e-01,
        -3.48098956e-02, -1.67273566e-01, -2.87344294e-01,
        -1.31259872e-01, -1.66757697e-02, -1.09399870e-01],
       [ 1.44877456e+00,  6.42402156e-01,  4.55221178e-01,
         6.15324727e-01,  2.44358781e-01, -2.03703427e-01,
         1.81400426e+00, -1.22073628e+00, -5.69553978e-01,
        -1.45162940e-01,  4.61461397e-01, -3.73276146e-01,
        -1.59498577e-01, -1.47438432e-01, -2.42973198e-01,
        -1.03959226e-01, -1.45563942e-01,  3.44915495e-02],
       [ 8.59479480e-01,  1.48387185e+00,  2.57359649e-01,
         2.44358781e-01,  7.28265250e-01, -1.72016480e-01,
         1.73509921e+00,  1.22191113e+00,  4.21852750e-04,
         2.64021380e-03,  5.14283927e-02, -5.16352395e-01,
        -2.86434790e-01, -1.07087707e-01, -1.00798845e-01,
        -7.54298861e-02, -1.61230852e-01,  8.58161065e-02],
       [-9.25409221e-01, -4.16570839e-01,  5.08057291e-01,
        -2.03703427e-01, -1.72016480e-01,  5.20706856e-01,
         3.64229115e-01,  4.10498087e-02,  1.60197651e+00,
        -5.56167461e-02, -4.23074463e-02,  9.86955759e-02,
         2.04286562e-01,  8.11707406e-02,  8.07497202e-02,
         4.87360280e-02,  9.89956786e-02, -1.29092092e-01],
       [ 3.30815117e+00,  2.90737252e+00,  2.59851896e+00,
         1.81400426e+00,  1.73509921e+00,  3.64229115e-01,
         1.47084064e+01, -1.15925742e-01,  1.36774837e+00,
        -8.98846331e-01,  1.11975268e+00, -1.30064478e+00,
        -6.97182584e-01, -4.28555091e-01, -6.88120662e-01,
        -4.37083216e-01, -9.94132952e-01, -2.44919877e-01],
       [-2.01156714e+00,  9.14942777e-01, -1.78644233e+00,
        -1.22073628e+00,  1.22191113e+00,  4.10498087e-02,
        -1.15925742e-01,  1.16037281e+01, -8.11220852e-01,
        -6.06670756e-02, -1.89422962e+00,  4.53149117e-01,
        -1.44948886e-01,  4.76128323e-01,  8.82375602e-01,
         2.87277813e-01,  2.27775995e-02,  2.10575761e-01],
       [-2.23125437e+00,  9.56378025e-01,  2.08152714e+00,
        -5.69553978e-01,  4.21852750e-04,  1.60197651e+00,
         1.36774837e+00, -8.11220852e-01,  9.99008882e+00,
         2.28605247e-01,  2.60804182e-01, -7.96985295e-01,
         4.37908203e-01, -3.59113728e-01,  1.68137643e-02,
         3.09600480e-01,  6.10242122e-02, -2.87434675e-01],
       [-2.88612566e-01,  2.24089836e-01, -2.55167933e-04,
        -1.45162940e-01,  2.64021380e-03, -5.56167461e-02,
        -8.98846331e-01, -6.06670756e-02,  2.28605247e-01,
         6.37124333e-01, -8.03368332e-02, -6.58407810e-02,
        -9.02161330e-02,  2.57459592e-02,  5.54364738e-02,
         1.65939413e-02,  1.33769224e-01,  1.55938932e-01],
       [ 9.05493081e-01,  4.24608010e-01,  7.71974756e-01,
         4.61461397e-01,  5.14283927e-02, -4.23074463e-02,
         1.11975268e+00, -1.89422962e+00,  2.60804182e-01,
        -8.03368332e-02,  9.29391492e-01, -4.92611473e-01,
        -6.49536939e-02, -2.44447652e-01, -3.51427789e-01,
        -1.22623780e-01, -6.18920294e-02, -1.16573551e-01],
       [-1.10423413e+00, -1.54317964e+00, -7.50812433e-01,
        -3.73276146e-01, -5.16352395e-01,  9.86955759e-02,
        -1.30064478e+00,  4.53149117e-01, -7.96985295e-01,
        -6.58407810e-02, -4.92611473e-01,  1.05215672e+00,
         1.96684911e-01,  3.19967333e-01,  2.02208532e-01,
         9.09912685e-03,  1.58150782e-01, -3.83783817e-02],
       [-6.39134160e-01, -5.73732532e-01, -3.48098956e-02,
        -1.59498577e-01, -2.86434790e-01,  2.04286562e-01,
        -6.97182584e-01, -1.44948886e-01,  4.37908203e-01,
        -9.02161330e-02, -6.49536939e-02,  1.96684911e-01,
         2.48625266e-01,  7.63962446e-02,  5.50667310e-02,
         1.03311088e-01,  1.35879568e-01, -1.22585571e-01],
       [-4.68958534e-01, -4.22079334e-01, -1.67273566e-01,
        -1.47438432e-01, -1.07087707e-01,  8.11707406e-02,
        -4.28555091e-01,  4.76128323e-01, -3.59113728e-01,
         2.57459592e-02, -2.44447652e-01,  3.19967333e-01,
         7.63962446e-02,  1.78731048e-01,  9.99753926e-02,
         6.27122537e-03,  1.21956318e-01, -3.06842510e-03],
       [-5.05673270e-01, -3.63360529e-01, -2.87344294e-01,
        -2.42973198e-01, -1.00798845e-01,  8.07497202e-02,
        -6.88120662e-01,  8.82375602e-01,  1.68137643e-02,
         5.54364738e-02, -3.51427789e-01,  2.02208532e-01,
         5.50667310e-02,  9.99753926e-02,  2.02326322e-01,
         7.18745706e-02,  4.29534894e-02,  6.89883390e-02],
       [-2.45138609e-01, -1.01485670e-01, -1.31259872e-01,
        -1.03959226e-01, -7.54298861e-02,  4.87360280e-02,
        -4.37083216e-01,  2.87277813e-01,  3.09600480e-01,
         1.65939413e-02, -1.22623780e-01,  9.09912685e-03,
         1.03311088e-01,  6.27122537e-03,  7.18745706e-02,
         1.11009494e-01,  4.29134197e-02, -1.04870376e-02],
       [-5.07749944e-01, -2.86041480e-01, -1.66757697e-02,
        -1.45563942e-01, -1.61230852e-01,  9.89956786e-02,
        -9.94132952e-01,  2.27775995e-02,  6.10242122e-02,
         1.33769224e-01, -6.18920294e-02,  1.58150782e-01,
         1.35879568e-01,  1.21956318e-01,  4.29534894e-02,
         4.29134197e-02,  2.12253458e-01, -3.03980552e-02],
       [ 3.15986579e-01,  1.85957927e-01, -1.09399870e-01,
         3.44915495e-02,  8.58161065e-02, -1.29092092e-01,
        -2.44919877e-01,  2.10575761e-01, -2.87434675e-01,
         1.55938932e-01, -1.16573551e-01, -3.83783817e-02,
        -1.22585571e-01, -3.06842510e-03,  6.89883390e-02,
        -1.04870376e-02, -3.03980552e-02,  1.73498747e-01]])
      jac: array([-1.25468154e-05,  6.51867449e-06, -9.31366096e-06,  3.16816943e-05,
       -1.24705801e-05,  2.02700819e-05, -2.38512913e-06,  4.04861330e-07,
       -1.81595479e-06, -4.29582296e-06,  4.67329879e-06, -7.51287921e-06,
       -1.16092321e-05,  1.94575837e-05, -1.56574753e-05,  6.12121465e-06,
       -1.78366581e-05,  1.95776728e-05])
  message: 'Desired error not necessarily achieved due to precision loss.'
     nfev: 1911
      nit: 68
     njev: 100
   status: 2
  success: False
        x: array([-0.46721908, -0.78700191,  0.65184415, -0.74992207, -0.95907755,
        0.12358036, -0.35208126, -1.67363058, -0.52795612,  0.09454843,
        0.68374984,  1.15589536,  0.08833762,  0.14091648, -0.39654817,
        0.98397483, -0.42418779, -0.04217769])
