Program Begingeth
      fun: 0.22186163176888168
 hess_inv: array([[ 2.50836644e+00,  2.56135536e-02, -1.47448742e-01,
         8.90593480e-02,  1.28760005e-01,  6.62525279e-01,
        -6.07580830e+00,  5.89356954e-01,  1.15132576e+00,
        -5.06064381e-01, -4.55297193e-01,  6.05009803e-01,
        -3.93041905e-01,  1.48416112e-01,  1.96335736e-01,
         5.42002161e-02, -4.03674146e-02, -4.30926172e-01],
       [ 2.56135536e-02,  4.03610322e+00,  2.72731574e+00,
        -1.85898614e-01,  9.55302606e-01,  4.13314780e-01,
        -1.33496118e+01, -1.74157281e+00,  9.83501729e+00,
         9.76079863e-01,  1.04860314e+00, -4.76554229e+00,
         5.05179655e-01, -1.10804042e+00, -5.62333152e-01,
         1.16178552e-02, -3.74818655e-01, -3.26401490e-01],
       [-1.47448742e-01,  2.72731574e+00,  4.31143271e+00,
        -6.81293848e-01,  7.62486619e-01,  4.75476781e-01,
        -1.56951744e+01, -7.08722427e+00,  8.84304978e+00,
         1.18405167e+00,  3.29401489e+00, -4.70035709e+00,
         4.60262458e-01, -1.05722447e+00, -1.13620321e+00,
         3.74712430e-01, -6.15432941e-01, -3.74871815e-01],
       [ 8.90593480e-02, -1.85898614e-01, -6.81293848e-01,
         2.08353719e-01, -1.49474049e-01, -8.57316272e-02,
         3.65208785e+00,  1.53144947e+00, -8.90217842e-01,
        -3.33210878e-01, -6.55222724e-01,  4.43276833e-01,
        -6.21933990e-02,  7.62597505e-02,  2.19276469e-01,
        -7.73876571e-02,  1.49667805e-01,  8.51607612e-02],
       [ 1.28760005e-01,  9.55302606e-01,  7.62486619e-01,
        -1.49474049e-01,  5.50722244e-01,  2.55517008e-01,
        -8.58857166e+00, -1.41839540e-01,  2.24880291e+00,
         7.15906867e-01,  3.27182525e-01, -9.70222605e-01,
         2.67082833e-01, -1.23330574e-01, -1.16127069e-01,
         6.17520036e-02, -2.92974993e-01, -1.62250969e-01],
       [ 6.62525279e-01,  4.13314780e-01,  4.75476781e-01,
        -8.57316272e-02,  2.55517008e-01,  3.42929040e-01,
        -5.52938808e+00, -3.23956157e-01,  1.71323908e+00,
         3.23990475e-01,  1.53484891e-01, -3.64879455e-01,
        -2.82427379e-02, -4.88303032e-02, -2.11597435e-02,
         3.93417297e-02, -1.66400458e-01, -1.79750124e-01],
       [-6.07580830e+00, -1.33496118e+01, -1.56951744e+01,
         3.65208785e+00, -8.58857166e+00, -5.52938808e+00,
         1.66191937e+02,  1.72386409e+01, -4.26644440e+01,
        -1.12117266e+01, -1.00838659e+01,  1.52650819e+01,
        -3.85944646e+00,  2.44338010e+00,  3.21966436e+00,
        -1.67414698e+00,  6.11596751e+00,  3.78194338e+00],
       [ 5.89356954e-01, -1.74157281e+00, -7.08722427e+00,
         1.53144947e+00, -1.41839540e-01, -3.23956157e-01,
         1.72386409e+01,  2.20771902e+01, -1.07492957e+01,
        -1.03328280e+00, -6.69220548e+00,  5.07792079e+00,
        -3.98519621e-01,  1.27903718e+00,  2.61118741e+00,
        -1.01176342e+00,  1.01678461e+00,  5.68805063e-01],
       [ 1.15132576e+00,  9.83501729e+00,  8.84304978e+00,
        -8.90217842e-01,  2.24880291e+00,  1.71323908e+00,
        -4.26644440e+01, -1.07492957e+01,  3.41711970e+01,
         2.76103611e+00,  5.62887570e+00, -1.24612943e+01,
         1.19796877e+00, -3.50620266e+00, -2.29913944e+00,
         3.77464692e-01, -1.60883898e+00, -1.10445531e+00],
       [-5.06064381e-01,  9.76079863e-01,  1.18405167e+00,
        -3.33210878e-01,  7.15906867e-01,  3.23990475e-01,
        -1.12117266e+01, -1.03328280e+00,  2.76103611e+00,
         1.99515333e+00,  8.15954972e-01, -1.25237833e+00,
         2.59521316e-01, -1.82247043e-01, -2.40107378e-01,
         8.10786275e-02, -5.26160617e-01, -2.24684522e-01],
       [-4.55297193e-01,  1.04860314e+00,  3.29401489e+00,
        -6.55222724e-01,  3.27182525e-01,  1.53484891e-01,
        -1.00838659e+01, -6.69220548e+00,  5.62887570e+00,
         8.15954972e-01,  3.73196851e+00, -2.96122159e+00,
         3.35480940e-01, -8.48574197e-01, -1.14108576e+00,
         4.06244268e-01, -5.22604242e-01, -2.89951126e-01],
       [ 6.05009803e-01, -4.76554229e+00, -4.70035709e+00,
         4.43276833e-01, -9.70222605e-01, -3.64879455e-01,
         1.52650819e+01,  5.07792079e+00, -1.24612943e+01,
        -1.25237833e+00, -2.96122159e+00,  7.24113108e+00,
        -6.88451742e-01,  1.72097495e+00,  1.07436888e+00,
        -1.59643301e-01,  5.62294244e-01,  3.53231273e-01],
       [-3.93041905e-01,  5.05179655e-01,  4.60262458e-01,
        -6.21933990e-02,  2.67082833e-01, -2.82427379e-02,
        -3.85944646e+00, -3.98519621e-01,  1.19796877e+00,
         2.59521316e-01,  3.35480940e-01, -6.88451742e-01,
         3.54059244e-01, -1.29102372e-01, -1.26913845e-01,
         6.79280855e-02, -1.92708828e-01,  2.73557284e-02],
       [ 1.48416112e-01, -1.10804042e+00, -1.05722447e+00,
         7.62597505e-02, -1.23330574e-01, -4.88303032e-02,
         2.44338010e+00,  1.27903718e+00, -3.50620266e+00,
        -1.82247043e-01, -8.48574197e-01,  1.72097495e+00,
        -1.29102372e-01,  5.23665561e-01,  3.03880111e-01,
        -2.34875983e-02,  1.21684209e-01,  8.34141317e-02],
       [ 1.96335736e-01, -5.62333152e-01, -1.13620321e+00,
         2.19276469e-01, -1.16127069e-01, -2.11597435e-02,
         3.21966436e+00,  2.61118741e+00, -2.29913944e+00,
        -2.40107378e-01, -1.14108576e+00,  1.07436888e+00,
        -1.26913845e-01,  3.03880111e-01,  4.41016481e-01,
        -1.35002696e-01,  1.56741218e-01,  1.04318509e-01],
       [ 5.42002161e-02,  1.16178552e-02,  3.74712430e-01,
        -7.73876571e-02,  6.17520036e-02,  3.93417297e-02,
        -1.67414698e+00, -1.01176342e+00,  3.77464692e-01,
         8.10786275e-02,  4.06244268e-01, -1.59643301e-01,
         6.79280855e-02, -2.34875983e-02, -1.35002696e-01,
         1.02587975e-01, -8.21563046e-02, -4.02951579e-02],
       [-4.03674146e-02, -3.74818655e-01, -6.15432941e-01,
         1.49667805e-01, -2.92974993e-01, -1.66400458e-01,
         6.11596751e+00,  1.01678461e+00, -1.60883898e+00,
        -5.26160617e-01, -5.22604242e-01,  5.62294244e-01,
        -1.92708828e-01,  1.21684209e-01,  1.56741218e-01,
        -8.21563046e-02,  2.96490907e-01,  1.16663146e-01],
       [-4.30926172e-01, -3.26401490e-01, -3.74871815e-01,
         8.51607612e-02, -1.62250969e-01, -1.79750124e-01,
         3.78194338e+00,  5.68805063e-01, -1.10445531e+00,
        -2.24684522e-01, -2.89951126e-01,  3.53231273e-01,
         2.73557284e-02,  8.34141317e-02,  1.04318509e-01,
        -4.02951579e-02,  1.16663146e-01,  1.83575318e-01]])
      jac: array([ 2.08906966e-07, -1.98729921e-07, -1.07765648e-06,  2.00117700e-06,
       -3.27830356e-06,  3.53198952e-06, -4.16888746e-07, -1.13612823e-07,
       -4.38538095e-07,  3.22149714e-07, -9.67744403e-08, -7.98805466e-07,
       -3.14193116e-07, -2.13884466e-06, -3.41541610e-06,  1.30321679e-06,
        3.99680289e-06,  3.69593245e-06])
  message: 'Optimization terminated successfully.'
     nfev: 1881
      nit: 84
     njev: 99
   status: 0
  success: True
        x: array([ 0.18986749, -0.19360716,  0.72202288,  1.06692261, -0.35071748,
        0.03950567,  0.37032951, -1.04196705, -0.41791488,  0.0624967 ,
        0.75896938,  0.76451531,  0.12847521,  0.18732703, -0.37115699,
       -1.10943832, -0.53585761,  0.03966918])
