Program Begingeth
      fun: 0.25033397416652065
 hess_inv: array([[ 4.40288849e+00,  1.42962078e+00,  7.75473437e-01,
         1.04031266e+00,  5.51551099e-01, -9.33772772e-01,
         1.60209811e+00, -2.54588193e+00, -1.50244740e+00,
        -8.72163978e-01,  9.42820942e-01, -1.32993520e+00,
        -8.11440619e-01, -4.33109275e-01, -5.28023306e-01,
        -1.27772871e-01, -4.93144009e-01,  4.46473077e-01],
       [ 1.42962078e+00,  3.02553756e+00,  1.45124044e+00,
         3.07969269e-01,  9.85409458e-01, -7.80183235e-02,
         3.26820998e+00,  8.80196748e-02,  2.81135900e+00,
        -6.22410085e-02,  3.61658115e-01, -2.05234348e+00,
        -4.84091491e-01, -4.68389353e-01, -3.56870345e-01,
         1.66875532e-02, -1.43558370e-01,  8.02643749e-02],
       [ 7.75473437e-01,  1.45124044e+00,  2.46586632e+00,
         5.32469449e-01,  4.42742030e-01,  4.14685659e-01,
         4.42858352e+00, -2.77066312e+00,  2.91398302e+00,
        -2.19252612e-01,  1.28793927e+00, -1.65061129e+00,
        -1.85887987e-01, -3.76997181e-01, -5.13923502e-01,
        -1.94296038e-01, -1.67135435e-01, -9.68390969e-02],
       [ 1.04031266e+00,  3.07969269e-01,  5.32469449e-01,
         3.81183220e-01,  1.33257510e-01, -1.16805637e-01,
         1.41697701e+00, -1.21969408e+00, -1.49251830e-01,
        -2.74568446e-01,  4.62965907e-01, -3.68015002e-01,
        -1.41055301e-01, -1.01514344e-01, -2.19647723e-01,
        -6.70928310e-02, -1.21286045e-01,  3.48597977e-02],
       [ 5.51551099e-01,  9.85409458e-01,  4.42742030e-01,
         1.33257510e-01,  4.90530126e-01,  7.05351415e-03,
         2.28344470e+00,  8.04738639e-01,  5.41814212e-01,
        -2.02861402e-01,  2.03888960e-02, -5.58883979e-01,
        -2.32433506e-01, -6.90358192e-02, -7.11541494e-02,
        -3.59579426e-02, -1.20518653e-01,  2.52153262e-02],
       [-9.33772772e-01, -7.80183235e-02,  4.14685659e-01,
        -1.16805637e-01,  7.05351415e-03,  4.49113578e-01,
         1.33289991e+00,  3.23038165e-01,  1.37535803e+00,
         5.24135516e-03, -2.56905254e-02,  1.57110168e-02,
         1.88164669e-01,  4.72817404e-02,  7.84685172e-02,
         1.00910940e-02,  3.47265673e-02, -1.34045992e-01],
       [ 1.60209811e+00,  3.26820998e+00,  4.42858352e+00,
         1.41697701e+00,  2.28344470e+00,  1.33289991e+00,
         2.44299435e+01,  2.17423729e-01,  5.64532309e+00,
        -2.00867866e+00,  1.67122849e+00, -2.45797166e+00,
        -8.24833774e-01, -4.17728696e-01, -7.63291972e-01,
        -4.84630288e-01, -1.31791779e+00, -5.74964136e-01],
       [-2.54588193e+00,  8.80196748e-02, -2.77066312e+00,
        -1.21969408e+00,  8.04738639e-01,  3.23038165e-01,
         2.17423729e-01,  1.31119186e+01, -1.89565261e+00,
         1.42624477e-01, -2.87812482e+00,  1.23756371e+00,
         1.58637187e-01,  7.14351183e-01,  1.37774527e+00,
         4.89148852e-01,  2.89957271e-01,  7.94805417e-02],
       [-1.50244740e+00,  2.81135900e+00,  2.91398302e+00,
        -1.49251830e-01,  5.41814212e-01,  1.37535803e+00,
         5.64532309e+00, -1.89565261e+00,  1.21048204e+01,
         1.62444568e-01,  9.93207318e-01, -2.26163084e+00,
         1.54875888e-01, -9.04368425e-01, -3.91444262e-01,
         1.38321155e-01, -2.47020258e-01, -3.16510816e-01],
       [-8.72163978e-01, -6.22410085e-02, -2.19252612e-01,
        -2.74568446e-01, -2.02861402e-01,  5.24135516e-03,
        -2.00867866e+00,  1.42624477e-01,  1.62444568e-01,
         8.82327306e-01, -2.61262391e-01,  1.15457300e-01,
         7.46978275e-02,  6.98582692e-02,  1.03129171e-01,
         5.70762274e-02,  2.74609651e-01,  6.18234424e-02],
       [ 9.42820942e-01,  3.61658115e-01,  1.28793927e+00,
         4.62965907e-01,  2.03888960e-02, -2.56905254e-02,
         1.67122849e+00, -2.87812482e+00,  9.93207318e-01,
        -2.61262391e-01,  1.42496713e+00, -8.45756285e-01,
        -1.18429723e-01, -3.57070846e-01, -5.20633380e-01,
        -1.80226703e-01, -1.57040290e-01, -1.16061052e-01],
       [-1.32993520e+00, -2.05234348e+00, -1.65061129e+00,
        -3.68015002e-01, -5.58883979e-01,  1.57110168e-02,
        -2.45797166e+00,  1.23756371e+00, -2.26163084e+00,
         1.15457300e-01, -8.45756285e-01,  2.04836298e+00,
         3.35478002e-01,  5.29013465e-01,  3.71748585e-01,
         8.75254904e-03,  1.84082858e-01, -4.01521714e-02],
       [-8.11440619e-01, -4.84091491e-01, -1.85887987e-01,
        -1.41055301e-01, -2.32433506e-01,  1.88164669e-01,
        -8.24833774e-01,  1.58637187e-01,  1.54875888e-01,
         7.46978275e-02, -1.18429723e-01,  3.35478002e-01,
         2.94329194e-01,  9.07307721e-02,  9.21944021e-02,
         8.07261386e-02,  1.47225787e-01, -1.19331064e-01],
       [-4.33109275e-01, -4.68389353e-01, -3.76997181e-01,
        -1.01514344e-01, -6.90358192e-02,  4.72817404e-02,
        -4.17728696e-01,  7.14351183e-01, -9.04368425e-01,
         6.98582692e-02, -3.57070846e-01,  5.29013465e-01,
         9.07307721e-02,  2.36140123e-01,  1.46160479e-01,
        -3.33409991e-03,  1.11964924e-01,  2.56254777e-04],
       [-5.28023306e-01, -3.56870345e-01, -5.13923502e-01,
        -2.19647723e-01, -7.11541494e-02,  7.84685172e-02,
        -7.63291972e-01,  1.37774527e+00, -3.91444262e-01,
         1.03129171e-01, -5.20633380e-01,  3.71748585e-01,
         9.21944021e-02,  1.46160479e-01,  2.73211398e-01,
         8.54041397e-02,  6.61439545e-02,  5.38173261e-02],
       [-1.27772871e-01,  1.66875532e-02, -1.94296038e-01,
        -6.70928310e-02, -3.59579426e-02,  1.00910940e-02,
        -4.84630288e-01,  4.89148852e-01,  1.38321155e-01,
         5.70762274e-02, -1.80226703e-01,  8.75254904e-03,
         8.07261386e-02, -3.33409991e-03,  8.54041397e-02,
         1.06058870e-01,  4.55904461e-02,  9.18969855e-03],
       [-4.93144009e-01, -1.43558370e-01, -1.67135435e-01,
        -1.21286045e-01, -1.20518653e-01,  3.47265673e-02,
        -1.31791779e+00,  2.89957271e-01, -2.47020258e-01,
         2.74609651e-01, -1.57040290e-01,  1.84082858e-01,
         1.47225787e-01,  1.11964924e-01,  6.61439545e-02,
         4.55904461e-02,  2.20556613e-01, -1.68393455e-02],
       [ 4.46473077e-01,  8.02643749e-02, -9.68390969e-02,
         3.48597977e-02,  2.52153262e-02, -1.34045992e-01,
        -5.74964136e-01,  7.94805417e-02, -3.16510816e-01,
         6.18234424e-02, -1.16061052e-01, -4.01521714e-02,
        -1.19331064e-01,  2.56254777e-04,  5.38173261e-02,
         9.18969855e-03, -1.68393455e-02,  1.63195381e-01]])
      jac: array([-1.61815006e-05,  1.83190500e-05, -1.38381899e-05,  3.30935279e-05,
       -3.17383157e-05,  1.84115686e-05, -5.21804822e-08,  8.48950540e-07,
       -2.11016390e-06, -7.89183533e-06,  9.01945185e-06, -9.23927601e-06,
       -1.47641159e-05,  2.93872334e-05, -2.01956970e-05,  1.11614421e-05,
       -2.87244302e-05,  3.51962903e-05])
  message: 'Desired error not necessarily achieved due to precision loss.'
     nfev: 2253
      nit: 64
     njev: 118
   status: 2
  success: False
        x: array([-0.29693836, -0.54010481,  0.67290036, -0.80620057, -0.74204912,
        0.0762944 , -0.3129306 , -1.49519381, -0.5645732 ,  0.1061882 ,
        0.71084126,  1.04703893,  0.0504427 ,  0.14389981, -0.39931064,
        1.06233834, -0.49511696, -0.00571516])
