Program Begingeth
      fun: 0.19449827502544598
 hess_inv: array([[ 2.08132875e+00, -5.44789866e-02,  8.32387016e-01,
        -4.15700388e-01, -6.06430969e-02,  2.35725498e-01,
        -1.33812776e+00, -2.47223665e-01,  9.94541221e-01,
         1.50526733e+00,  5.97764619e-01, -9.95651762e-01,
        -1.62865852e+00, -1.91925315e-01,  9.74535424e-02,
        -1.68004034e-01, -5.36542030e-02,  8.05884579e-02],
       [-5.44789866e-02,  3.44261795e+00,  9.75911750e-02,
        -3.31189198e-01,  1.36744049e-01,  3.62070720e-01,
         9.34062259e-01,  1.36980793e+00,  1.34913586e+00,
        -1.90804319e-01,  1.01421231e-01,  3.93248168e-02,
        -9.65672263e-02, -1.33077623e+00,  2.13729827e-01,
         3.22035970e-01,  9.91615557e-02, -3.75856626e-03],
       [ 8.32387016e-01,  9.75911750e-02,  5.31509304e+00,
        -9.42781262e-01, -9.22463851e-02, -3.23218579e-01,
        -2.24598667e+00,  2.43808878e+00, -1.84190432e+00,
         2.48750669e+00,  8.09109491e-01,  1.37617870e+00,
        -1.99194460e+00, -3.75141081e-01, -2.52291233e+00,
        -4.58378852e-01,  1.34593250e-01,  2.41382189e-01],
       [-4.15700388e-01, -3.31189198e-01, -9.42781262e-01,
         3.79654855e-01, -6.31920303e-02, -3.33339092e-02,
         7.91451396e-01, -9.71835241e-01, -2.83946702e-01,
        -5.76299745e-01,  1.87751576e-01,  1.24327479e-01,
         6.60086470e-01,  8.10963485e-02,  3.19087062e-01,
         5.85890133e-02, -2.42124931e-02, -4.13392029e-02],
       [-6.06430969e-02,  1.36744049e-01, -9.22463851e-02,
        -6.31920303e-02,  1.62683695e-01,  2.10000269e-02,
         1.93513165e-01,  9.22040834e-01,  1.88583547e-01,
        -1.01796338e-01, -1.67890640e-01, -1.93194746e-01,
        -2.20799087e-02,  9.95497875e-02,  1.09769753e-01,
         8.66145636e-03,  3.05226354e-02,  3.02034217e-02],
       [ 2.35725498e-01,  3.62070720e-01, -3.23218579e-01,
        -3.33339092e-02,  2.10000269e-02,  1.69124274e-01,
         7.23248750e-02, -6.37823498e-02,  8.29432575e-01,
        -9.16346003e-02, -1.17091080e-02, -2.64882725e-01,
        -8.59379366e-02, -1.42754390e-01,  3.02486121e-01,
         4.11688020e-02, -2.88206970e-02,  3.68823814e-04],
       [-1.33812776e+00,  9.34062259e-01, -2.24598667e+00,
         7.91451396e-01,  1.93513165e-01,  7.23248750e-02,
         4.40229050e+00,  1.32121513e-01, -2.74396316e-01,
        -1.39101767e+00,  8.16734977e-01, -2.06820243e-01,
         1.44010650e+00, -3.34379188e-01,  1.04772666e+00,
         1.41610079e-01,  6.51479628e-02, -2.42391552e-02],
       [-2.47223665e-01,  1.36980793e+00,  2.43808878e+00,
        -9.71835241e-01,  9.22040834e-01, -6.37823498e-02,
         1.32121513e-01,  8.18259781e+00, -5.38407778e-03,
         7.09252441e-01, -3.82026778e-01, -4.14577138e-01,
        -1.15605838e+00,  4.49281161e-02, -8.12781469e-01,
        -1.87999779e-01,  2.33743476e-01,  2.34980229e-01],
       [ 9.94541221e-01,  1.34913586e+00, -1.84190432e+00,
        -2.83946702e-01,  1.88583547e-01,  8.29432575e-01,
        -2.74396316e-01, -5.38407778e-03,  5.57841465e+00,
        -4.42757289e-01, -1.04197034e+00, -1.14022972e+00,
        -3.90111691e-01, -2.20074237e-01,  1.41271396e+00,
         2.64217650e-01, -1.08597420e-01, -5.70080861e-02],
       [ 1.50526733e+00, -1.90804319e-01,  2.48750669e+00,
        -5.76299745e-01, -1.01796338e-01, -9.16346003e-02,
        -1.39101767e+00,  7.09252441e-01, -4.42757289e-01,
         2.32780731e+00,  6.72894984e-01, -9.06909416e-02,
        -1.80890901e+00, -1.69040356e-01, -1.00120786e+00,
        -2.85477587e-01,  6.69831947e-02,  9.47127121e-02],
       [ 5.97764619e-01,  1.01421231e-01,  8.09109491e-01,
         1.87751576e-01, -1.67890640e-01, -1.17091080e-02,
         8.16734977e-01, -3.82026778e-01, -1.04197034e+00,
         6.72894984e-01,  2.71041571e+00, -1.49007959e-01,
        -5.05073599e-01, -7.53127741e-01, -1.90715895e-01,
        -3.39953287e-01,  3.53086914e-02,  7.48418493e-02],
       [-9.95651762e-01,  3.93248168e-02,  1.37617870e+00,
         1.24327479e-01, -1.93194746e-01, -2.64882725e-01,
        -2.06820243e-01, -4.14577138e-01, -1.14022972e+00,
        -9.06909416e-02, -1.49007959e-01,  2.21497528e+00,
         6.35154827e-01, -1.08362591e-01, -1.22384612e+00,
         9.62087268e-02,  5.09855472e-02,  2.45750517e-02],
       [-1.62865852e+00, -9.65672263e-02, -1.99194460e+00,
         6.60086470e-01, -2.20799087e-02, -8.59379366e-02,
         1.44010650e+00, -1.15605838e+00, -3.90111691e-01,
        -1.80890901e+00, -5.05073599e-01,  6.35154827e-01,
         1.82119680e+00,  1.90504911e-01,  5.43950347e-01,
         2.78826938e-01, -2.32333026e-02, -1.13718165e-01],
       [-1.91925315e-01, -1.33077623e+00, -3.75141081e-01,
         8.10963485e-02,  9.95497875e-02, -1.42754390e-01,
        -3.34379188e-01,  4.49281161e-02, -2.20074237e-01,
        -1.69040356e-01, -7.53127741e-01, -1.08362591e-01,
         1.90504911e-01,  8.04278416e-01,  5.71945804e-02,
        -3.96623493e-02, -8.23843563e-03,  5.69822141e-03],
       [ 9.74535424e-02,  2.13729827e-01, -2.52291233e+00,
         3.19087062e-01,  1.09769753e-01,  3.02486121e-01,
         1.04772666e+00, -8.12781469e-01,  1.41271396e+00,
        -1.00120786e+00, -1.90715895e-01, -1.22384612e+00,
         5.43950347e-01,  5.71945804e-02,  1.46480670e+00,
         1.70048676e-01, -8.14939159e-02, -7.19583751e-02],
       [-1.68004034e-01,  3.22035970e-01, -4.58378852e-01,
         5.85890133e-02,  8.66145636e-03,  4.11688020e-02,
         1.41610079e-01, -1.87999779e-01,  2.64217650e-01,
        -2.85477587e-01, -3.39953287e-01,  9.62087268e-02,
         2.78826938e-01, -3.96623493e-02,  1.70048676e-01,
         1.39931536e-01, -3.50447504e-03, -2.91563440e-02],
       [-5.36542030e-02,  9.91615557e-02,  1.34593250e-01,
        -2.42124931e-02,  3.05226354e-02, -2.88206970e-02,
         6.51479628e-02,  2.33743476e-01, -1.08597420e-01,
         6.69831947e-02,  3.53086914e-02,  5.09855472e-02,
        -2.32333026e-02, -8.23843563e-03, -8.14939159e-02,
        -3.50447504e-03,  3.81223214e-02,  9.20569553e-03],
       [ 8.05884579e-02, -3.75856626e-03,  2.41382189e-01,
        -4.13392029e-02,  3.02034217e-02,  3.68823814e-04,
        -2.42391552e-02,  2.34980229e-01, -5.70080861e-02,
         9.47127121e-02,  7.48418493e-02,  2.45750517e-02,
        -1.13718165e-01,  5.69822141e-03, -7.19583751e-02,
        -2.91563440e-02,  9.20569553e-03,  4.16773465e-02]])
      jac: array([-3.93298357e-05,  6.35091979e-05,  1.75054415e-05,  1.80173839e-04,
       -1.49824597e-05,  4.87397160e-05, -2.53573088e-05,  2.13014791e-06,
       -3.80010838e-06, -2.33640884e-05,  1.74754655e-05, -1.26583929e-06,
       -9.86995670e-05,  1.18885087e-04,  2.60582297e-05, -3.02576482e-05,
       -6.12550751e-05, -9.33608746e-05])
  message: 'Desired error not necessarily achieved due to precision loss.'
     nfev: 1950
      nit: 64
     njev: 102
   status: 2
  success: False
        x: array([ 0.60473378,  0.06017706,  0.05329   ,  0.20232738, -1.1087809 ,
       -0.28678158,  1.01466829, -1.72295451, -0.3331359 , -0.83130338,
        0.15823058,  0.25947271,  0.12325352, -0.10666939,  0.2590107 ,
        0.08311587,  1.30307817, -0.37295907])
