Program Begingeth
      fun: 0.18323039297280866
 hess_inv: array([[ 8.40662368e-01,  7.64106939e-01,  6.67146895e-01,
        -8.93049248e-02, -3.64132582e-02, -3.23549399e-02,
        -8.60281514e-02,  2.55120600e-01, -8.34172492e-01,
        -8.00855822e-02,  5.56483418e-01, -2.36209267e+00,
        -3.92757426e-01, -4.69036418e-01,  9.54383784e-02,
         2.91736860e-02,  2.91826454e-02, -2.43269494e-01],
       [ 7.64106939e-01,  2.73705767e+00,  1.86509532e+00,
         2.28839525e-01,  2.74149459e-01, -5.39276748e-01,
         3.09071744e+00,  2.07886959e+00, -1.71400819e+00,
         8.29509422e-01,  1.00226112e+00, -6.39761944e+00,
        -4.11168185e-01, -1.18814871e+00, -6.07034491e-02,
         1.00481679e-01,  4.15374219e-02, -3.99709624e-01],
       [ 6.67146895e-01,  1.86509532e+00,  2.18295212e+00,
        -5.35554544e-02,  2.39926355e-01, -3.23328862e-01,
         1.04863538e+00,  1.56373947e+00, -1.39092365e+00,
         8.67478952e-01,  1.72713257e+00, -5.81459850e+00,
        -4.95446353e-01, -9.82435035e-01, -6.04728405e-02,
         1.33270091e-01,  4.67818332e-02, -3.02684527e-01],
       [-8.93049248e-02,  2.28839525e-01, -5.35554544e-02,
         2.46451582e-01,  7.17791967e-02, -1.03150354e-01,
         1.52959564e+00,  2.67865536e-01,  2.18035048e-01,
         8.98066211e-02, -2.82789355e-01,  4.63313867e-04,
         1.84013029e-01,  1.22456576e-02, -7.39580583e-02,
         3.86837539e-02, -1.15603923e-02,  2.90020499e-02],
       [-3.64132582e-02,  2.74149459e-01,  2.39926355e-01,
         7.17791967e-02,  1.12088593e-01, -5.53185513e-02,
         5.62013813e-01,  4.83781227e-01, -2.25378896e-03,
         2.40766919e-01,  5.69453743e-02, -4.97798318e-01,
         1.89344954e-02, -3.06405325e-02, -4.54377974e-02,
         3.34713712e-02,  2.48919593e-02, -2.40614178e-03],
       [-3.23549399e-02, -5.39276748e-01, -3.23328862e-01,
        -1.03150354e-01, -5.53185513e-02,  2.22674158e-01,
        -1.07327178e+00, -4.46905244e-01,  5.65256135e-01,
        -8.41911153e-02, -2.91397071e-01,  1.26729410e+00,
        -2.27744877e-02,  2.68156436e-01,  8.01517793e-02,
        -3.62664294e-02,  9.17149739e-03,  6.31678672e-02],
       [-8.60281514e-02,  3.09071744e+00,  1.04863538e+00,
         1.52959564e+00,  5.62013813e-01, -1.07327178e+00,
         1.18968445e+01,  2.88718890e+00, -2.10934831e-01,
         1.14338687e+00, -3.80982340e-01, -4.51499938e+00,
         6.67750232e-01, -8.44713980e-01, -5.92233223e-01,
         2.48407022e-01, -1.89620192e-02, -1.53458438e-01],
       [ 2.55120600e-01,  2.07886959e+00,  1.56373947e+00,
         2.67865536e-01,  4.83781227e-01, -4.46905244e-01,
         2.88718890e+00,  3.75818702e+00, -1.08774129e+00,
         1.23828030e+00,  1.09579004e+00, -4.84365788e+00,
        -2.27421186e-01, -8.73534765e-01, -1.21684447e-01,
         1.14470080e-01,  2.48260713e-03, -2.46774223e-01],
       [-8.34172492e-01, -1.71400819e+00, -1.39092365e+00,
         2.18035048e-01, -2.25378896e-03,  5.65256135e-01,
        -2.10934831e-01, -1.08774129e+00,  4.13394789e+00,
        -6.71156540e-03, -1.58403270e+00,  5.59265517e+00,
         5.68744418e-01,  1.12828588e+00, -1.36842392e-01,
        -1.62460604e-02,  7.27883653e-03,  3.42818019e-01],
       [-8.00855822e-02,  8.29509422e-01,  8.67478952e-01,
         8.98066211e-02,  2.40766919e-01, -8.41911153e-02,
         1.14338687e+00,  1.23828030e+00, -6.71156540e-03,
         1.34583396e+00,  5.38029803e-01, -2.18344043e+00,
        -2.18350753e-01, -3.33962861e-01, -4.89592894e-02,
         4.43384118e-02, -3.90346093e-02, -1.25743628e-01],
       [ 5.56483418e-01,  1.00226112e+00,  1.72713257e+00,
        -2.82789355e-01,  5.69453743e-02, -2.91397071e-01,
        -3.80982340e-01,  1.09579004e+00, -1.58403270e+00,
         5.38029803e-01,  2.44475594e+00, -4.65524789e+00,
        -5.20065218e-01, -9.89500223e-01, -1.03140016e-01,
         1.14868186e-01, -3.41278771e-02, -3.30594528e-01],
       [-2.36209267e+00, -6.39761944e+00, -5.81459850e+00,
         4.63313866e-04, -4.97798318e-01,  1.26729410e+00,
        -4.51499938e+00, -4.84365788e+00,  5.59265517e+00,
        -2.18344043e+00, -4.65524789e+00,  1.85087418e+01,
         1.56967656e+00,  3.50492543e+00, -3.15409886e-03,
        -2.75290134e-01,  1.93536070e-02,  1.12538014e+00],
       [-3.92757426e-01, -4.11168185e-01, -4.95446353e-01,
         1.84013029e-01,  1.89344954e-02, -2.27744877e-02,
         6.67750232e-01, -2.27421186e-01,  5.68744418e-01,
        -2.18350753e-01, -5.20065218e-01,  1.56967656e+00,
         3.67724813e-01,  3.09000730e-01, -8.64371366e-02,
         2.88631589e-02, -1.17927649e-02,  1.62496839e-01],
       [-4.69036418e-01, -1.18814871e+00, -9.82435035e-01,
         1.22456576e-02, -3.06405325e-02,  2.68156436e-01,
        -8.44713980e-01, -8.73534765e-01,  1.12828588e+00,
        -3.33962861e-01, -9.89500223e-01,  3.50492543e+00,
         3.09000730e-01,  7.68910246e-01,  7.71164986e-04,
        -3.96826025e-02,  4.73793919e-02,  2.51621950e-01],
       [ 9.54383784e-02, -6.07034491e-02, -6.04728405e-02,
        -7.39580583e-02, -4.54377974e-02,  8.01517793e-02,
        -5.92233223e-01, -1.21684447e-01, -1.36842392e-01,
        -4.89592894e-02, -1.03140016e-01, -3.15409887e-03,
        -8.64371366e-02,  7.71164986e-04,  1.20632957e-01,
        -3.43162785e-02, -1.47605506e-02,  9.03222633e-03],
       [ 2.91736860e-02,  1.00481679e-01,  1.33270091e-01,
         3.86837539e-02,  3.34713712e-02, -3.62664294e-02,
         2.48407022e-01,  1.14470080e-01, -1.62460604e-02,
         4.43384118e-02,  1.14868186e-01, -2.75290134e-01,
         2.88631589e-02, -3.96826025e-02, -3.43162785e-02,
         4.24795277e-02,  2.65323752e-03, -7.13376700e-03],
       [ 2.91826454e-02,  4.15374219e-02,  4.67818332e-02,
        -1.15603923e-02,  2.48919593e-02,  9.17149739e-03,
        -1.89620192e-02,  2.48260713e-03,  7.27883653e-03,
        -3.90346093e-02, -3.41278771e-02,  1.93536070e-02,
        -1.17927649e-02,  4.73793919e-02, -1.47605506e-02,
         2.65323752e-03,  4.68731205e-02,  1.59106363e-04],
       [-2.43269494e-01, -3.99709624e-01, -3.02684527e-01,
         2.90020499e-02, -2.40614178e-03,  6.31678672e-02,
        -1.53458438e-01, -2.46774223e-01,  3.42818019e-01,
        -1.25743628e-01, -3.30594528e-01,  1.12538014e+00,
         1.62496839e-01,  2.51621950e-01,  9.03222633e-03,
        -7.13376700e-03,  1.59106363e-04,  1.31130880e-01]])
      jac: array([ 0.06997331, -0.02818   ,  0.03493151,  0.2029433 , -0.08566123,
       -0.24283299, -0.02754931,  0.00882278,  0.02581779,  0.03455734,
        0.0105623 ,  0.01967916, -0.07502506, -0.00325139,  0.01917964,
       -0.10819466,  0.15249911,  0.15159333])
  message: 'Maximum number of iterations has been exceeded.'
     nfev: 2185
      nit: 100
     njev: 115
   status: 1
  success: False
        x: array([ 0.01323344,  0.16246555,  0.77571097,  1.15137835, -0.22789268,
       -0.08738002,  1.8214984 , -0.20750929, -0.79080177,  0.25384926,
        0.77109579,  0.22258592,  0.14591467,  0.11036362, -0.37032877,
       -1.10821497, -0.45604495,  0.04512532])
