Program Begingeth
      fun: 0.2099227730935631
 hess_inv: array([[ 3.01422105e+00, -9.22731141e-01, -4.04370030e-01,
         4.17289938e-01, -2.61210606e-01,  8.09619866e-01,
        -8.53307226e-01,  1.36014970e+00,  8.62020821e-01,
        -7.70387241e-01, -4.23139313e-01,  1.13379640e+00,
        -6.02031927e-01,  2.65358837e-01,  3.17388085e-01,
         1.99107495e-02,  1.98993048e-01, -4.75193096e-01],
       [-9.22731141e-01,  2.33984484e+00,  1.15170490e+00,
        -8.32062511e-02,  5.69444031e-01, -1.02085648e-01,
        -1.72285018e+00,  4.54910056e-01,  3.05423479e+00,
         1.26983213e-01,  1.36339061e-01, -2.23594761e+00,
         3.34112252e-01, -4.79380577e-01, -2.69138173e-01,
        -7.99429037e-02, -1.77356593e-02,  3.16199990e-02],
       [-4.04370030e-01,  1.15170490e+00,  3.29729075e+00,
        -6.69728332e-01,  3.11674766e-01,  5.89553320e-01,
        -7.73789819e+00, -4.59816618e+00,  5.53608829e+00,
         5.99996850e-01,  2.39682542e+00, -2.58749333e+00,
         1.63563131e-01, -6.30882157e-01, -8.46966843e-01,
         3.76297339e-01, -3.43319402e-01, -3.67264381e-01],
       [ 4.17289938e-01, -8.32062511e-02, -6.69728332e-01,
         2.77975265e-01, -6.91963254e-02, -5.57255125e-02,
         2.15441372e+00,  1.38591222e+00, -6.52634907e-01,
        -3.08213384e-01, -6.00720746e-01,  3.74001800e-01,
        -4.49543768e-02,  7.89890401e-02,  2.30926748e-01,
        -9.40019749e-02,  1.03907190e-01,  6.62711453e-02],
       [-2.61210606e-01,  5.69444031e-01,  3.11674766e-01,
        -6.91963254e-02,  3.13882139e-01,  5.28985088e-02,
        -2.06051297e+00,  8.14470511e-01,  5.17489211e-01,
         2.56783263e-01, -1.55280165e-02, -4.39650056e-01,
         1.39985567e-01, -3.41662339e-02, -2.27706602e-02,
         2.33335069e-02, -7.87568901e-02, -1.09220922e-02],
       [ 8.09619866e-01, -1.02085648e-01,  5.89553320e-01,
        -5.57255125e-02,  5.28985088e-02,  4.96552981e-01,
        -3.04429465e+00, -1.98412059e-01,  1.69427277e+00,
         1.50054958e-01,  3.01882140e-01, -1.12154639e-01,
        -1.69760975e-01, -2.48471534e-02, -1.96246040e-02,
         6.98076780e-02, -9.30196404e-02, -2.46055810e-01],
       [-8.53307226e-01, -1.72285018e+00, -7.73789819e+00,
         2.15441372e+00, -2.06051297e+00, -3.04429465e+00,
         4.33487811e+01,  6.17358706e+00, -1.48074559e+01,
        -3.73119471e+00, -5.28837277e+00,  4.07760815e+00,
        -4.84147083e-01,  9.35215183e-01,  1.64712824e+00,
        -1.21362606e+00,  2.11277593e+00,  1.89883240e+00],
       [ 1.36014970e+00,  4.54910056e-01, -4.59816618e+00,
         1.38591222e+00,  8.14470511e-01, -1.98412059e-01,
         6.17358706e+00,  1.71577114e+01, -6.37207376e+00,
        -5.05175033e-01, -4.70846644e+00,  2.34409655e+00,
        -1.10238290e-01,  8.83810709e-01,  1.97713048e+00,
        -8.59273511e-01,  5.42594012e-01,  5.07716754e-01],
       [ 8.62020821e-01,  3.05423479e+00,  5.53608829e+00,
        -6.52634907e-01,  5.17489211e-01,  1.69427277e+00,
        -1.48074559e+01, -6.37207376e+00,  1.77510283e+01,
         8.34396945e-01,  3.85539069e+00, -5.00264818e+00,
         7.27981420e-02, -1.78183761e+00, -1.42552521e+00,
         3.68425670e-01, -8.50414487e-01, -9.99005875e-01],
       [-7.70387241e-01,  1.26983213e-01,  5.99996850e-01,
        -3.08213384e-01,  2.56783263e-01,  1.50054958e-01,
        -3.73119471e+00, -5.05175033e-01,  8.34396945e-01,
         1.25620346e+00,  5.28544603e-01, -4.16496714e-01,
         5.32909550e-02, -1.22687236e-01, -1.68405075e-01,
         8.47179500e-02, -3.40582279e-01, -1.48327058e-01],
       [-4.23139313e-01,  1.36339061e-01,  2.39682542e+00,
        -6.00720746e-01, -1.55280165e-02,  3.01882140e-01,
        -5.28837277e+00, -4.70846644e+00,  3.85539069e+00,
         5.28544603e-01,  2.68008568e+00, -1.57557332e+00,
         9.91417251e-02, -5.81720546e-01, -8.65486080e-01,
         3.89802736e-01, -3.33602364e-01, -3.65708603e-01],
       [ 1.13379640e+00, -2.23594761e+00, -2.58749333e+00,
         3.74001800e-01, -4.39650056e-01, -1.12154639e-01,
         4.07760815e+00,  2.34409655e+00, -5.00264818e+00,
        -4.16496714e-01, -1.57557332e+00,  3.41568291e+00,
        -3.44995410e-01,  8.50163840e-01,  6.38683777e-01,
        -8.34601642e-02,  2.42858882e-01,  1.30980873e-01],
       [-6.02031927e-01,  3.34112252e-01,  1.63563131e-01,
        -4.49543768e-02,  1.39985567e-01, -1.69760975e-01,
        -4.84147083e-01, -1.10238290e-01,  7.27981420e-02,
         5.32909550e-02,  9.91417251e-02, -3.44995410e-01,
         2.64923240e-01, -8.36945802e-02, -7.34703802e-02,
         5.45470062e-02, -9.65538684e-02,  1.25418158e-01],
       [ 2.65358837e-01, -4.79380577e-01, -6.30882157e-01,
         7.89890401e-02, -3.41662339e-02, -2.48471534e-02,
         9.35215183e-01,  8.83810709e-01, -1.78183761e+00,
        -1.22687236e-01, -5.81720546e-01,  8.50163840e-01,
        -8.36945802e-02,  3.21370196e-01,  2.16655046e-01,
        -2.24077791e-02,  1.23679551e-01,  6.75226072e-02],
       [ 3.17388085e-01, -2.69138173e-01, -8.46966843e-01,
         2.30926748e-01, -2.27706602e-02, -1.96246040e-02,
         1.64712824e+00,  1.97713048e+00, -1.42552521e+00,
        -1.68405075e-01, -8.65486080e-01,  6.38683777e-01,
        -7.34703802e-02,  2.16655046e-01,  3.71602477e-01,
        -1.34718588e-01,  9.77135544e-02,  1.18863518e-01],
       [ 1.99107495e-02, -7.99429037e-02,  3.76297339e-01,
        -9.40019749e-02,  2.33335069e-02,  6.98076780e-02,
        -1.21362606e+00, -8.59273511e-01,  3.68425670e-01,
         8.47179500e-02,  3.89802736e-01, -8.34601642e-02,
         5.45470062e-02, -2.24077791e-02, -1.34718588e-01,
         1.32735128e-01, -6.95461480e-02, -5.91351236e-02],
       [ 1.98993048e-01, -1.77356593e-02, -3.43319402e-01,
         1.03907190e-01, -7.87568901e-02, -9.30196404e-02,
         2.11277593e+00,  5.42594012e-01, -8.50414487e-01,
        -3.40582279e-01, -3.33602364e-01,  2.42858882e-01,
        -9.65538684e-02,  1.23679551e-01,  9.77135544e-02,
        -6.95461480e-02,  2.21754374e-01,  6.29990220e-02],
       [-4.75193096e-01,  3.16199990e-02, -3.67264381e-01,
         6.62711453e-02, -1.09220922e-02, -2.46055810e-01,
         1.89883240e+00,  5.07716754e-01, -9.99005875e-01,
        -1.48327058e-01, -3.65708603e-01,  1.30980873e-01,
         1.25418158e-01,  6.75226072e-02,  1.18863518e-01,
        -5.91351236e-02,  6.29990220e-02,  2.40354520e-01]])
      jac: array([ 2.64122058e-06,  2.75908925e-06, -2.45525822e-06, -6.83508805e-06,
       -6.86413889e-06,  4.67644442e-06,  4.10782519e-07,  4.47049805e-07,
       -2.37587727e-07,  1.47678166e-06,  1.24344979e-06, -1.56060350e-06,
        5.79277367e-06,  7.32839715e-06, -5.25635091e-06, -4.00050363e-06,
       -4.29822844e-06,  4.37279842e-06])
  message: 'Optimization terminated successfully.'
     nfev: 1501
      nit: 70
     njev: 79
   status: 0
  success: True
        x: array([ 0.28760693, -0.29756799,  0.73750377,  0.91655373, -0.52577527,
        0.04651095,  0.48830288, -1.18778413, -0.62011074,  0.02240032,
        0.77699761,  0.91286267,  0.09598535,  0.20094219, -0.40732512,
       -0.93299607, -0.41311941,  0.01500783])
