Program Begingeth
      fun: 0.285567789381538
 hess_inv: array([[ 9.11893042e+00,  1.16293568e+00,  7.49350332e-01,
         2.11969231e+00,  7.71941250e-01, -3.03153296e-01,
         3.00023144e+00, -5.65902541e-01, -3.05199598e+00,
        -7.05028058e-01,  2.72577781e-01, -7.19909037e-01,
        -1.94590271e+00, -3.04997918e-01, -1.28198334e-01,
        -2.85224192e-01, -8.03215895e-01,  1.63412591e-01],
       [ 1.16293568e+00,  4.17883998e+00, -4.35401953e-02,
        -8.24853534e-02,  1.30313702e+00,  8.85832198e-02,
        -8.56949140e-01,  2.84966138e+00,  1.01367379e+00,
        -1.55363942e-01, -4.75187117e-01, -1.70169693e+00,
        -3.42279879e-01, -6.52908280e-01,  4.56068360e-01,
         1.89923551e-01, -1.68836213e-01,  6.33305990e-02],
       [ 7.49350332e-01, -4.35401953e-02,  5.91703612e+00,
         7.56848571e-01, -2.37900470e-01,  1.64673455e+00,
         5.84376898e+00, -2.22844835e+00,  1.82287849e+00,
        -2.58549035e-02,  2.22728038e+00, -9.65150182e-01,
         3.87885424e-02, -5.35681396e-01, -7.74593481e-01,
        -1.60265221e-02,  3.16790085e-02, -6.08749904e-02],
       [ 2.11969231e+00, -8.24853534e-02,  7.56848571e-01,
         6.49516927e-01,  5.59766328e-02,  1.06679969e-01,
         1.87247113e+00, -5.20252044e-01, -7.05134437e-01,
        -1.88149181e-01,  2.47904652e-01, -9.77651066e-02,
        -3.71043595e-01, -3.09367178e-02, -1.16407811e-01,
        -6.41720391e-02, -1.43864303e-01,  3.02920739e-02],
       [ 7.71941250e-01,  1.30313702e+00, -2.37900470e-01,
         5.59766328e-02,  4.86910899e-01, -4.22031266e-02,
        -3.10618767e-01,  1.30822141e+00,  8.52062709e-02,
        -1.86013083e-01, -2.09332899e-01, -4.49506136e-01,
        -1.83026882e-01, -1.63747075e-01,  1.66920152e-01,
         3.07807293e-02, -8.68590710e-02,  2.36725427e-02],
       [-3.03153296e-01,  8.85832198e-02,  1.64673455e+00,
         1.06679969e-01, -4.22031266e-02,  5.63507445e-01,
         1.70624755e+00, -2.54819029e-01,  1.01297804e+00,
        -1.36050716e-01,  5.11370784e-01, -2.67289535e-01,
         1.65673117e-01, -1.41363221e-01, -1.53375836e-01,
         2.77663724e-02,  4.69171170e-02, -2.65358633e-02],
       [ 3.00023144e+00, -8.56949140e-01,  5.84376898e+00,
         1.87247113e+00, -3.10618767e-01,  1.70624755e+00,
         1.18251664e+01, -2.68825718e+00,  1.64292197e-01,
        -1.80435272e-01,  1.42692935e+00, -5.18426942e-01,
        -1.97168464e-01, -8.38364030e-02, -5.54633527e-01,
        -6.66835703e-02,  2.10621465e-04,  9.56854727e-02],
       [-5.65902541e-01,  2.84966138e+00, -2.22844835e+00,
        -5.20252044e-01,  1.30822141e+00, -2.54819029e-01,
        -2.68825718e+00,  7.23603492e+00,  9.21294042e-01,
        -1.23594848e+00, -8.68358392e-01, -5.83689689e-01,
         2.88239717e-01, -2.36176185e-01,  6.88887405e-01,
         1.67156208e-01, -7.05286594e-02, -7.07939448e-02],
       [-3.05199598e+00,  1.01367379e+00,  1.82287849e+00,
        -7.05134437e-01,  8.52062709e-02,  1.01297804e+00,
         1.64292197e-01,  9.21294042e-01,  5.02498160e+00,
        -2.31428852e-01,  5.54439104e-01, -3.83221796e-01,
         7.10217852e-01, -4.00950496e-01, -1.05905135e-01,
         1.50123494e-01,  1.76630411e-01, -1.36126866e-01],
       [-7.05028058e-01, -1.55363942e-01, -2.58549035e-02,
        -1.88149181e-01, -1.86013083e-01, -1.36050716e-01,
        -1.80435272e-01, -1.23594848e+00, -2.31428852e-01,
         1.71844074e+00, -2.59506147e-01,  9.08940744e-02,
        -2.49168453e-01,  1.03527754e-01,  5.45123701e-02,
         1.12377218e-02,  1.16982393e-01,  2.59457173e-01],
       [ 2.72577781e-01, -4.75187117e-01,  2.22728038e+00,
         2.47904652e-01, -2.09332899e-01,  5.11370784e-01,
         1.42692935e+00, -8.68358392e-01,  5.54439104e-01,
        -2.59506147e-01,  1.63167234e+00, -2.17706655e-01,
         5.38648635e-02, -3.11547796e-01, -5.29723687e-01,
        -5.55379790e-02, -2.44372898e-03, -1.77299408e-01],
       [-7.19909037e-01, -1.70169693e+00, -9.65150182e-01,
        -9.77651066e-02, -4.49506136e-01, -2.67289535e-01,
        -5.18426942e-01, -5.83689689e-01, -3.83221796e-01,
         9.08940744e-02, -2.17706655e-01,  1.21973194e+00,
         1.38792180e-01,  4.28592166e-01, -1.01122311e-01,
        -1.12053345e-01,  1.13749721e-01,  7.64688847e-03],
       [-1.94590271e+00, -3.42279879e-01,  3.87885424e-02,
        -3.71043595e-01, -1.83026882e-01,  1.65673117e-01,
        -1.97168464e-01,  2.88239717e-01,  7.10217852e-01,
        -2.49168453e-01,  5.38648635e-02,  1.38792180e-01,
         5.77061414e-01,  6.00605664e-02, -5.29905382e-03,
         9.56237640e-02,  1.84869870e-01, -1.04971710e-01],
       [-3.04997918e-01, -6.52908280e-01, -5.35681396e-01,
        -3.09367178e-02, -1.63747075e-01, -1.41363221e-01,
        -8.38364030e-02, -2.36176185e-01, -4.00950496e-01,
         1.03527754e-01, -3.11547796e-01,  4.28592166e-01,
         6.00605664e-02,  2.41866895e-01,  4.00825657e-02,
        -2.79951571e-02,  6.74313877e-02,  3.65373822e-02],
       [-1.28198334e-01,  4.56068360e-01, -7.74593481e-01,
        -1.16407811e-01,  1.66920152e-01, -1.53375836e-01,
        -5.54633527e-01,  6.88887405e-01, -1.05905135e-01,
         5.45123701e-02, -5.29723687e-01, -1.01122311e-01,
        -5.29905382e-03,  4.00825657e-02,  2.46971221e-01,
         4.43357208e-02, -8.64531799e-03,  6.75045094e-02],
       [-2.85224192e-01,  1.89923551e-01, -1.60265221e-02,
        -6.41720391e-02,  3.07807293e-02,  2.77663724e-02,
        -6.66835703e-02,  1.67156208e-01,  1.50123494e-01,
         1.12377218e-02, -5.55379790e-02, -1.12053345e-01,
         9.56237640e-02, -2.79951571e-02,  4.43357208e-02,
         5.83443975e-02,  2.64967657e-02, -5.40283497e-03],
       [-8.03215895e-01, -1.68836213e-01,  3.16790085e-02,
        -1.43864303e-01, -8.68590710e-02,  4.69171170e-02,
         2.10621465e-04, -7.05286594e-02,  1.76630411e-01,
         1.16982393e-01, -2.44372898e-03,  1.13749721e-01,
         1.84869870e-01,  6.74313877e-02, -8.64531799e-03,
         2.64967657e-02,  1.11841519e-01, -6.45190234e-03],
       [ 1.63412591e-01,  6.33305990e-02, -6.08749904e-02,
         3.02920739e-02,  2.36725427e-02, -2.65358633e-02,
         9.56854727e-02, -7.07939448e-02, -1.36126866e-01,
         2.59457173e-01, -1.77299408e-01,  7.64688847e-03,
        -1.04971710e-01,  3.65373822e-02,  6.75045094e-02,
        -5.40283497e-03, -6.45190234e-03,  8.70264831e-02]])
      jac: array([ 2.62752783e-08,  4.62592927e-07,  5.45119505e-07,  3.60082334e-07,
       -2.26337467e-06, -1.73083770e-06, -3.88578059e-08,  2.93468953e-07,
        2.19824159e-07, -3.98940140e-07,  2.67193675e-07, -1.21754458e-07,
       -9.87358343e-07,  8.03801470e-07,  1.48399811e-06,  1.67643677e-07,
        1.57244588e-06,  1.19163938e-07])
  message: 'Optimization terminated successfully.'
     nfev: 1596
      nit: 72
     njev: 84
   status: 0
  success: True
        x: array([-0.66981207, -0.64091747,  0.06324079, -1.37082995, -0.72963714,
       -0.06249339, -1.84399167, -0.92771032, -0.97519743,  0.18874676,
        0.41105087,  1.02457594,  0.07684125,  0.19967225, -0.21939308,
        1.53046689, -0.36338028,  0.0401951 ])
