Program Begingeth
      fun: 0.26321733899730104
 hess_inv: array([[ 4.27027943e+00, -1.35513477e+00, -6.66303182e-01,
         8.83513198e-01, -4.21257548e-01,  9.41848521e-01,
        -1.40438433e-02,  2.83167704e+00,  6.22390686e-01,
        -8.18215086e-01, -9.83447815e-01,  1.33168674e+00,
        -7.80310969e-01,  4.81365520e-01,  5.62862223e-01,
        -8.07657554e-02,  4.36233439e-01, -4.26593650e-01],
       [-1.35513477e+00,  2.77839956e+00,  1.00374127e+00,
        -1.95849480e-01,  8.17467563e-01, -1.55767124e-01,
        -2.05160248e+00, -2.37868792e-01,  3.09210416e+00,
         7.49338968e-02,  2.13769756e-01, -1.81384096e+00,
         4.45302982e-01, -4.82202238e-01, -3.08413172e-01,
        -7.05387484e-02, -1.48554161e-01,  9.76020654e-02],
       [-6.66303182e-01,  1.00374127e+00,  2.04041477e+00,
        -4.18967947e-01,  2.68261244e-01,  2.80408502e-01,
        -2.63807881e+00, -2.80870943e+00,  2.19606719e+00,
         1.34857520e-01,  1.19675381e+00, -1.28168541e+00,
         1.47164946e-01, -3.15463732e-01, -4.65982563e-01,
         1.88865726e-01, -1.29445996e-01, -4.78693230e-02],
       [ 8.83513198e-01, -1.95849480e-01, -4.18967947e-01,
         3.00523532e-01, -7.41023500e-02,  1.16596073e-01,
         7.69477440e-01,  1.16814203e+00,  8.27384654e-02,
        -2.40347246e-01, -4.24865131e-01,  2.77499361e-01,
        -1.08092293e-01,  9.32472511e-02,  2.02526257e-01,
        -5.19709456e-02,  9.80699402e-02, -2.51863971e-02],
       [-4.21257548e-01,  8.17467563e-01,  2.68261244e-01,
        -7.41023500e-02,  4.03048923e-01, -2.68896331e-03,
        -1.98333331e+00,  6.01164727e-01,  6.52557962e-01,
         2.14440011e-01, -7.46580745e-04, -4.41175646e-01,
         1.99252223e-01, -7.59928749e-02, -5.24673595e-02,
         1.25626067e-02, -1.32205893e-01,  1.09619515e-02],
       [ 9.41848521e-01, -1.55767124e-01,  2.80408502e-01,
         1.16596073e-01, -2.68896331e-03,  3.91880434e-01,
        -1.24132197e+00,  3.87037051e-01,  8.66230937e-01,
        -1.94783704e-02, -8.36264677e-02,  1.18670874e-01,
        -1.89354788e-01,  8.20599494e-02,  9.93842151e-02,
        -1.62530704e-03,  3.87623171e-02, -1.21843557e-01],
       [-1.40438433e-02, -2.05160248e+00, -2.63807881e+00,
         7.69477440e-01, -1.98333331e+00, -1.24132197e+00,
         2.39104876e+01, -1.14466050e+00, -4.15870568e+00,
        -2.08634201e+00, -9.49946202e-01,  1.25440920e+00,
        -6.46756863e-01,  2.13711324e-01,  3.74546127e-01,
        -3.44110780e-01,  1.46001347e+00,  7.14883898e-01],
       [ 2.83167704e+00, -2.37868792e-01, -2.80870943e+00,
         1.16814203e+00,  6.01164727e-01,  3.87037051e-01,
        -1.14466050e+00,  1.21866722e+01, -1.48539231e+00,
        -1.83023424e-01, -2.73211057e+00,  1.37207212e+00,
        -2.70335624e-01,  6.91602332e-01,  1.34206626e+00,
        -5.15098887e-01,  3.10838581e-01, -1.09357887e-03],
       [ 6.22390686e-01,  3.09210416e+00,  2.19606719e+00,
         8.27384654e-02,  6.52557962e-01,  8.66230937e-01,
        -4.15870568e+00, -1.48539231e+00,  9.91310830e+00,
        -2.26487374e-01,  6.10706354e-01, -2.18730558e+00,
         4.81661237e-02, -8.06396177e-01, -3.09632624e-01,
        -1.46957523e-01, -1.88793736e-01, -9.65074749e-02],
       [-8.18215086e-01,  7.49338968e-02,  1.34857520e-01,
        -2.40347246e-01,  2.14440011e-01, -1.94783704e-02,
        -2.08634201e+00, -1.83023424e-01, -2.26487374e-01,
         9.75097431e-01,  2.46772088e-01, -1.02130790e-01,
         6.86235920e-02, -6.32678613e-02, -1.03264247e-01,
         5.43878403e-02, -2.82227612e-01, -9.59257955e-02],
       [-9.83447815e-01,  2.13769756e-01,  1.19675381e+00,
        -4.24865131e-01, -7.46580745e-04, -8.36264677e-02,
        -9.49946202e-01, -2.73211057e+00,  6.10706354e-01,
         2.46772088e-01,  1.47049793e+00, -7.38214353e-01,
         1.40878909e-01, -3.35776455e-01, -5.18500444e-01,
         1.99908309e-01, -1.51124127e-01, -8.82317558e-02],
       [ 1.33168674e+00, -1.81384096e+00, -1.28168541e+00,
         2.77499361e-01, -4.41175646e-01,  1.18670874e-01,
         1.25440920e+00,  1.37207212e+00, -2.18730558e+00,
        -1.02130790e-01, -7.38214353e-01,  1.82843291e+00,
        -3.36408576e-01,  5.16147724e-01,  3.36805447e-01,
         1.12711487e-02,  1.84710140e-01, -7.84828028e-02],
       [-7.80310969e-01,  4.45302982e-01,  1.47164946e-01,
        -1.08092293e-01,  1.99252223e-01, -1.89354788e-01,
        -6.46756863e-01, -2.70335624e-01,  4.81661237e-02,
         6.86235920e-02,  1.40878909e-01, -3.36408576e-01,
         2.93506754e-01, -1.08528879e-01, -9.44771997e-02,
         6.55104382e-02, -1.53835304e-01,  1.16473114e-01],
       [ 4.81365520e-01, -4.82202238e-01, -3.15463732e-01,
         9.32472511e-02, -7.59928749e-02,  8.20599494e-02,
         2.13711324e-01,  6.91602332e-01, -8.06396177e-01,
        -6.32678613e-02, -3.35776455e-01,  5.16147724e-01,
        -1.08528879e-01,  2.24295342e-01,  1.44443394e-01,
         1.02857578e-04,  1.00656039e-01, -1.07069806e-02],
       [ 5.62862223e-01, -3.08413172e-01, -4.65982563e-01,
         2.02526257e-01, -5.24673595e-02,  9.93842151e-02,
         3.74546127e-01,  1.34206626e+00, -3.09632624e-01,
        -1.03264247e-01, -5.18500444e-01,  3.36805447e-01,
        -9.44771997e-02,  1.44443394e-01,  2.63978769e-01,
        -8.15366949e-02,  6.16655256e-02,  3.55609338e-02],
       [-8.07657554e-02, -7.05387484e-02,  1.88865726e-01,
        -5.19709456e-02,  1.25626067e-02, -1.62530704e-03,
        -3.44110780e-01, -5.15098887e-01, -1.46957523e-01,
         5.43878403e-02,  1.99908309e-01,  1.12711487e-02,
         6.55104382e-02,  1.02857578e-04, -8.15366949e-02,
         1.03318619e-01, -4.57968235e-02, -1.21658251e-02],
       [ 4.36233439e-01, -1.48554161e-01, -1.29445996e-01,
         9.80699402e-02, -1.32205893e-01,  3.87623171e-02,
         1.46001347e+00,  3.10838581e-01, -1.88793736e-01,
        -2.82227612e-01, -1.51124127e-01,  1.84710140e-01,
        -1.53835304e-01,  1.00656039e-01,  6.16655256e-02,
        -4.57968235e-02,  2.23399754e-01, -2.66528012e-03],
       [-4.26593650e-01,  9.76020654e-02, -4.78693230e-02,
        -2.51863971e-02,  1.09619515e-02, -1.21843557e-01,
         7.14883898e-01, -1.09357887e-03, -9.65074749e-02,
        -9.59257955e-02, -8.82317558e-02, -7.84828028e-02,
         1.16473114e-01, -1.07069806e-02,  3.55609338e-02,
        -1.21658251e-02, -2.66528012e-03,  1.58007655e-01]])
      jac: array([ 1.08472490e-05, -1.52629761e-05, -2.93876035e-06, -6.84304465e-06,
        6.81984099e-05, -3.00133992e-05,  3.89873319e-06, -2.63011835e-06,
        4.41942779e-06,  3.80769490e-06,  7.20719780e-06, -1.13575815e-05,
       -2.90704498e-05, -6.66392867e-06,  2.54903506e-05, -5.44601401e-06,
       -9.40210872e-06,  2.26914783e-05])
  message: 'Desired error not necessarily achieved due to precision loss.'
     nfev: 2405
      nit: 91
     njev: 126
   status: 2
  success: False
        x: array([ 0.41392592, -0.54064453,  0.66939023,  0.95690324, -0.7141137 ,
        0.07608877,  0.39740187, -1.52888977, -0.53009119,  0.0124791 ,
        0.69929286,  1.03952319,  0.07084761,  0.12351787, -0.39772566,
       -0.9635057 , -0.58524759, -0.00435775])
