Program Begingeth
      fun: 0.2653000796206066
 hess_inv: array([[ 1.14241062e+00,  2.46807946e-02, -1.73021751e-01,
        -2.14783119e-01,  2.46116839e-01, -2.87258829e-01,
        -1.64222021e-01,  1.32886906e+00, -1.55952238e+00,
         3.89329208e-01, -3.74144208e-02,  1.17312817e+00,
        -8.86975446e-01,  1.30137201e-01, -4.57498129e-01,
        -1.85913954e-01, -2.73003138e-02, -1.30993065e-01],
       [ 2.46807946e-02,  1.07448526e+00, -1.08457654e-01,
        -2.20145314e-01, -1.51420637e-01, -2.20331168e-01,
        -7.64547017e-01,  1.54884490e-01,  2.38160341e-02,
         1.03735295e-01,  3.87629337e-01,  7.77348131e-04,
        -2.03099261e-01, -8.07324134e-01, -5.90808458e-02,
        -7.79884198e-03, -1.75238159e-01,  1.60564941e-01],
       [-1.73021751e-01, -1.08457654e-01,  8.06638650e-01,
         1.74467186e-01,  1.68023500e-01, -7.31339967e-02,
         9.08815780e-01, -1.77707257e-02,  2.20015604e-01,
        -7.79754641e-01, -1.11883468e-01, -1.06443730e-01,
         4.09965170e-01,  2.20807765e-01, -5.19007252e-01,
         8.12914377e-02, -2.07463745e-02, -1.75606446e-01],
       [-2.14783119e-01, -2.20145314e-01,  1.74467186e-01,
         2.70856363e-01, -6.90835079e-02,  1.25604255e-02,
         5.01415961e-01, -9.65308483e-01,  4.48383710e-02,
        -2.82752689e-01,  1.22972673e-01, -1.20784056e-01,
         4.60300011e-01,  6.37038009e-02, -6.47159373e-02,
         1.08479580e-01,  4.97965777e-03, -4.13133211e-02],
       [ 2.46116839e-01, -1.51420637e-01,  1.68023500e-01,
        -6.90835079e-02,  2.68060977e-01, -1.64479184e-02,
         4.08068563e-01,  1.08291986e+00, -1.81944085e-01,
        -4.57431920e-02, -2.77369217e-01,  2.61979631e-01,
        -2.22208389e-01,  3.63040999e-01, -1.90200795e-01,
        -4.82407475e-02,  7.34593606e-02, -8.25622553e-02],
       [-2.87258829e-01, -2.20331168e-01, -7.31339967e-02,
         1.25604255e-02, -1.64479184e-02,  2.50953027e-01,
         4.88848045e-02, -8.61911586e-02,  8.02119235e-01,
         9.29792312e-03, -2.52487545e-01, -3.26095773e-01,
         1.46868137e-01,  1.81087151e-01,  3.38088553e-01,
         3.12019563e-02,  6.40874901e-02,  6.36138561e-02],
       [-1.64222021e-01, -7.64547017e-01,  9.08815780e-01,
         5.01415961e-01,  4.08068563e-01,  4.88848045e-02,
         3.03127305e+00,  1.44309247e-01,  1.74853904e-01,
        -7.32970435e-01, -4.01255692e-01,  1.41786481e-01,
         6.00125941e-01,  8.94971095e-01, -5.52009320e-01,
         1.18803445e-01,  1.42646376e-01, -2.59231260e-01],
       [ 1.32886906e+00,  1.54884490e-01, -1.77707257e-02,
        -9.65308483e-01,  1.08291986e+00, -8.61911586e-02,
         1.44309247e-01,  7.66723959e+00, -8.50126340e-01,
         7.67066447e-01, -7.35175124e-01,  1.01859288e+00,
        -2.04041964e+00,  7.44355478e-01, -2.82720331e-01,
        -5.04660971e-01,  1.41907363e-01, -5.18496955e-02],
       [-1.55952238e+00,  2.38160341e-02,  2.20015604e-01,
         4.48383710e-02, -1.81944085e-01,  8.02119235e-01,
         1.74853904e-01, -8.50126340e-01,  5.18452227e+00,
        -6.18478656e-01, -7.72577821e-01, -1.33486218e+00,
         9.88038049e-01,  9.12343094e-02,  7.57192172e-01,
         2.51052804e-01,  6.97807284e-02,  1.62885795e-01],
       [ 3.89329208e-01,  1.03735295e-01, -7.79754641e-01,
        -2.82752689e-01, -4.57431920e-02,  9.29792312e-03,
        -7.32970435e-01,  7.67066447e-01, -6.18478656e-01,
         1.07070869e+00,  1.76003447e-02,  3.05988532e-01,
        -7.41629657e-01, -1.10119550e-01,  3.97313244e-01,
        -1.66868612e-01,  4.75601401e-02,  1.30631794e-01],
       [-3.74144208e-02,  3.87629337e-01, -1.11883468e-01,
         1.22972673e-01, -2.77369217e-01, -2.52487545e-01,
        -4.01255692e-01, -7.35175124e-01, -7.72577821e-01,
         1.76003447e-02,  1.36004049e+00, -1.21069346e-01,
         1.08345388e-01, -8.03751030e-01, -3.72566920e-03,
        -7.38268542e-02, -1.76946243e-01,  1.66763860e-01],
       [ 1.17312817e+00,  7.77348131e-04, -1.06443730e-01,
        -1.20784056e-01,  2.61979631e-01, -3.26095773e-01,
         1.41786481e-01,  1.01859288e+00, -1.33486218e+00,
         3.05988532e-01, -1.21069346e-01,  1.54880849e+00,
        -7.65707327e-01,  1.87548945e-01, -6.79493849e-01,
        -1.23653972e-01, -3.75559920e-02, -2.16797320e-01],
       [-8.86975446e-01, -2.03099261e-01,  4.09965170e-01,
         4.60300011e-01, -2.22208389e-01,  1.46868137e-01,
         6.00125941e-01, -2.04041964e+00,  9.88038049e-01,
        -7.41629657e-01,  1.08345388e-01, -7.65707327e-01,
         1.14775219e+00, -2.36451817e-02,  7.41275087e-02,
         2.90021949e-01, -3.52553232e-03, -5.59205785e-03],
       [ 1.30137201e-01, -8.07324134e-01,  2.20807765e-01,
         6.37038009e-02,  3.63040999e-01,  1.81087151e-01,
         8.94971095e-01,  7.44355478e-01,  9.12343094e-02,
        -1.10119550e-01, -8.03751030e-01,  1.87548945e-01,
        -2.36451817e-02,  9.77068349e-01, -9.49078836e-02,
         6.59840600e-03,  2.33985310e-01, -1.87598885e-01],
       [-4.57498129e-01, -5.90808458e-02, -5.19007252e-01,
        -6.47159373e-02, -1.90200795e-01,  3.38088553e-01,
        -5.52009320e-01, -2.82720331e-01,  7.57192172e-01,
         3.97313244e-01, -3.72566920e-03, -6.79493849e-01,
         7.41275087e-02, -9.49078836e-02,  8.39224896e-01,
        -5.08394270e-05,  6.61811798e-02,  2.75611828e-01],
       [-1.85913954e-01, -7.79884198e-03,  8.12914377e-02,
         1.08479580e-01, -4.82407475e-02,  3.12019563e-02,
         1.18803445e-01, -5.04660971e-01,  2.51052804e-01,
        -1.66868612e-01, -7.38268542e-02, -1.23653972e-01,
         2.90021949e-01,  6.59840600e-03, -5.08394270e-05,
         1.10212436e-01,  8.08710917e-04, -1.06015516e-02],
       [-2.73003138e-02, -1.75238159e-01, -2.07463745e-02,
         4.97965777e-03,  7.34593606e-02,  6.40874901e-02,
         1.42646376e-01,  1.41907363e-01,  6.97807284e-02,
         4.75601401e-02, -1.76946243e-01, -3.75559920e-02,
        -3.52553232e-03,  2.33985310e-01,  6.61811798e-02,
         8.08710917e-04,  8.93359728e-02, -1.22138904e-02],
       [-1.30993065e-01,  1.60564941e-01, -1.75606446e-01,
        -4.13133211e-02, -8.25622553e-02,  6.36138561e-02,
        -2.59231260e-01, -5.18496955e-02,  1.62885795e-01,
         1.30631794e-01,  1.66763860e-01, -2.16797320e-01,
        -5.59205785e-03, -1.87598885e-01,  2.75611828e-01,
        -1.06015516e-02, -1.22138904e-02,  1.47763401e-01]])
      jac: array([ 1.70234197e-07,  1.07913678e-06,  8.13423403e-07, -5.54001289e-07,
       -3.58342985e-06, -8.41919127e-07,  1.20644235e-07,  1.98359847e-07,
        4.44089210e-09,  2.30556315e-07,  6.41338834e-07,  2.25375274e-07,
        1.98729921e-07,  3.02128692e-06,  8.11573031e-07, -3.56751665e-07,
       -1.79486056e-06,  5.84717460e-08])
  message: 'Optimization terminated successfully.'
     nfev: 779
      nit: 33
     njev: 41
   status: 0
  success: True
        x: array([ 0.64728473, -0.0752303 ,  0.51236612,  0.21732866, -1.10950196,
       -0.61332343,  1.24692716, -1.59908408, -0.84302328, -0.94286837,
        0.04433605,  0.60350373,  0.12559985,  0.01745814, -0.36236828,
        0.07795573,  1.37663011, -0.67384469])
