Program Begingeth
      fun: 0.2869457012740625
 hess_inv: array([[ 5.78594915e+00, -5.72543504e-01, -8.38057353e-01,
         6.55115849e-01, -1.79231724e-01,  1.12882552e+00,
        -5.60558943e+00,  2.57873150e+00,  1.21419264e+00,
        -1.40707914e+00, -1.16142553e+00,  1.30304935e+00,
        -1.06867225e+00,  3.11465951e-01,  6.28807610e-01,
         1.13021166e-03,  2.39756270e-01, -6.45636597e-01],
       [-5.72543504e-01,  3.85363121e+00,  1.92448875e+00,
        -7.83566627e-02,  9.52062934e-01,  1.63621422e-01,
        -8.44673075e+00, -1.81240763e+00,  6.25244105e+00,
         3.92187713e-01,  2.06116896e-01, -3.11086555e+00,
         5.88634839e-01, -7.61927959e-01, -3.97146397e-01,
        -8.39110304e-02, -2.58176347e-01, -3.79484289e-02],
       [-8.38057353e-01,  1.92448875e+00,  3.72310533e+00,
        -5.32702844e-01,  3.83450072e-01,  1.95970504e-01,
        -5.39685594e+00, -6.60277659e+00,  3.05923901e+00,
         2.30739307e-01,  2.22157408e+00, -2.94334453e+00,
         3.35059694e-01, -6.25668972e-01, -9.36226074e-01,
         2.80813324e-01, -2.36029298e-01, -4.84205850e-02],
       [ 6.55115849e-01, -7.83566627e-02, -5.32702844e-01,
         2.02676067e-01, -6.42995457e-02,  6.74601641e-02,
         8.36322529e-01,  1.26430563e+00,  1.31626411e-01,
        -2.62733577e-01, -4.73552493e-01,  2.77487756e-01,
        -1.00764857e-01,  4.38180224e-02,  2.02725418e-01,
        -4.01776592e-02,  7.94435075e-02, -1.89405447e-02],
       [-1.79231724e-01,  9.52062934e-01,  3.83450072e-01,
        -6.42995457e-02,  5.73956514e-01,  1.23305953e-01,
        -6.80045556e+00,  3.20954119e-01,  1.29930335e+00,
         5.75380580e-01, -3.58464836e-02, -5.72078606e-01,
         3.49547328e-01, -4.98214601e-02, -3.82247832e-02,
         6.08448093e-03, -2.90848335e-01, -5.63488973e-02],
       [ 1.12882552e+00,  1.63621422e-01,  1.95970504e-01,
         6.74601641e-02,  1.23305953e-01,  3.56680017e-01,
        -3.47488398e+00,  2.16704763e-01,  9.16741490e-01,
         1.05752834e-02, -1.42566552e-01, -1.41547843e-02,
        -1.69156950e-01,  2.97944287e-02,  1.05770828e-01,
         9.74051846e-04, -5.67040435e-02, -1.47867362e-01],
       [-5.60558943e+00, -8.44673075e+00, -5.39685594e+00,
         8.36322529e-01, -6.80045556e+00, -3.47488398e+00,
         1.09385224e+02, -5.48935011e-01, -1.59758859e+01,
        -6.37764163e+00, -7.62900196e-01,  4.77323790e+00,
        -3.08633643e+00,  2.01826673e-01,  2.49982443e-01,
        -3.21657414e-01,  4.51825173e+00,  2.00455366e+00],
       [ 2.57873150e+00, -1.81240763e+00, -6.60277659e+00,
         1.26430563e+00,  3.20954119e-01,  2.16704763e-01,
        -5.48935011e-01,  1.89911296e+01, -3.02494825e+00,
         1.63319920e-01, -4.63867031e+00,  3.99093112e+00,
        -3.40746949e-01,  9.90570512e-01,  2.28595258e+00,
        -7.27048509e-01,  2.82555597e-01,  3.63359991e-02],
       [ 1.21419264e+00,  6.25244105e+00,  3.05923901e+00,
         1.31626411e-01,  1.29930335e+00,  9.16741490e-01,
        -1.59758859e+01, -3.02494825e+00,  1.71850423e+01,
         1.71886983e-01,  7.36512247e-01, -4.75350108e+00,
         5.36158634e-01, -1.66068343e+00, -6.18876825e-01,
        -1.92245647e-01, -5.53499036e-01, -2.05299565e-01],
       [-1.40707914e+00,  3.92187713e-01,  2.30739307e-01,
        -2.62733577e-01,  5.75380580e-01,  1.05752834e-02,
        -6.37764163e+00,  1.63319920e-01,  1.71886983e-01,
         1.87627754e+00,  2.14858590e-01, -2.85584731e-01,
         3.35131496e-01,  1.06003448e-02, -7.56229743e-02,
        -1.18782751e-02, -4.71750369e-01, -6.28416862e-02],
       [-1.16142553e+00,  2.06116896e-01,  2.22157408e+00,
        -4.73552493e-01, -3.58464836e-02, -1.42566552e-01,
        -7.62900196e-01, -4.63867031e+00,  7.36512247e-01,
         2.14858590e-01,  2.51054960e+00, -1.43360498e+00,
         2.04616965e-01, -4.73915383e-01, -8.30969167e-01,
         2.62463055e-01, -1.66438383e-01, -5.97770890e-02],
       [ 1.30304935e+00, -3.11086555e+00, -2.94334453e+00,
         2.77487756e-01, -5.72078606e-01, -1.41547843e-02,
         4.77323790e+00,  3.99093112e+00, -4.75350108e+00,
        -2.85584731e-01, -1.43360498e+00,  3.84736493e+00,
        -5.50973439e-01,  9.32014213e-01,  6.50011458e-01,
        -3.18937000e-02,  2.34799460e-01, -3.51723760e-02],
       [-1.06867225e+00,  5.88634839e-01,  3.35059694e-01,
        -1.00764857e-01,  3.49547328e-01, -1.69156950e-01,
        -3.08633643e+00, -3.40746949e-01,  5.36158634e-01,
         3.35131496e-01,  2.04616965e-01, -5.50973439e-01,
         5.15202136e-01, -9.56272333e-02, -1.35021857e-01,
         4.87602733e-02, -2.45603478e-01,  1.18359804e-01],
       [ 3.11465951e-01, -7.61927959e-01, -6.25668972e-01,
         4.38180224e-02, -4.98214601e-02,  2.97944287e-02,
         2.01826673e-01,  9.90570512e-01, -1.66068343e+00,
         1.06003448e-02, -4.73915383e-01,  9.32014213e-01,
        -9.56272333e-02,  3.33523715e-01,  1.93344638e-01,
         9.94736554e-03,  4.23273093e-02, -4.31324297e-04],
       [ 6.28807610e-01, -3.97146397e-01, -9.36226074e-01,
         2.02725418e-01, -3.82247832e-02,  1.05770828e-01,
         2.49982443e-01,  2.28595258e+00, -6.18876825e-01,
        -7.56229743e-02, -8.30969167e-01,  6.50011458e-01,
        -1.35021857e-01,  1.93344638e-01,  3.97172547e-01,
        -1.03880821e-01,  5.57006449e-02,  1.08323369e-02],
       [ 1.13021166e-03, -8.39110304e-02,  2.80813324e-01,
        -4.01776592e-02,  6.08448093e-03,  9.74051846e-04,
        -3.21657414e-01, -7.27048509e-01, -1.92245647e-01,
        -1.18782751e-02,  2.62463055e-01, -3.18937000e-02,
         4.87602733e-02,  9.94736554e-03, -1.03880821e-01,
         9.41820724e-02, -3.02492950e-02, -1.30119367e-02],
       [ 2.39756270e-01, -2.58176347e-01, -2.36029298e-01,
         7.94435075e-02, -2.90848335e-01, -5.67040435e-02,
         4.51825173e+00,  2.82555597e-01, -5.53499036e-01,
        -4.71750369e-01, -1.66438383e-01,  2.34799460e-01,
        -2.45603478e-01,  4.23273093e-02,  5.57006449e-02,
        -3.02492950e-02,  2.90072618e-01,  4.15736280e-02],
       [-6.45636597e-01, -3.79484289e-02, -4.84205850e-02,
        -1.89405447e-02, -5.63488973e-02, -1.47867362e-01,
         2.00455366e+00,  3.63359991e-02, -2.05299565e-01,
        -6.28416862e-02, -5.97770890e-02, -3.51723760e-02,
         1.18359804e-01, -4.31324297e-04,  1.08323369e-02,
        -1.30119367e-02,  4.15736280e-02,  1.63499836e-01]])
      jac: array([ 2.00361949e-05, -2.56313489e-06,  3.46652337e-05, -3.16080495e-06,
       -7.72778138e-05, -1.15180828e-04, -7.54914649e-06,  4.42830957e-06,
        6.70426677e-06,  2.61368704e-05, -1.04890171e-05,  4.14705307e-06,
        3.59582734e-05,  1.61629969e-05,  1.61104463e-05, -3.51011812e-05,
        4.85648558e-05,  9.01242044e-06])
  message: 'Desired error not necessarily achieved due to precision loss.'
     nfev: 2101
      nit: 68
     njev: 110
   status: 2
  success: False
        x: array([ 0.29187497, -0.37993785,  0.64087894,  1.11429096, -0.52189816,
        0.05591096,  0.29261602, -1.32935844, -0.38030527,  0.04133549,
        0.66469364,  0.90096534,  0.11252418,  0.11862791, -0.36257251,
       -1.14922094, -0.6907848 ,  0.02761315])
