Program Begingeth
      fun: 0.20440202284312314
 hess_inv: array([[ 1.86418694e+00,  4.99637982e-02,  7.01168455e-02,
         1.31726111e-01, -1.12196163e-02,  5.21253635e-01,
        -3.06193855e+00,  1.44430351e-01,  7.43332186e-01,
        -5.26338323e-01, -7.36898371e-02,  6.52944814e-03,
        -2.85130387e-01, -4.26305947e-02,  1.27564157e-01,
         5.05200824e-02, -2.55853808e-02, -4.27662347e-01],
       [ 4.99637982e-02,  2.42942703e+00,  1.24129543e+00,
         8.97491227e-02,  3.23219999e-01,  3.27807499e-02,
        -2.21446856e+00,  1.13739773e-01,  5.05622498e+00,
         1.37020759e-01,  2.30283658e-01, -2.89854394e+00,
         1.11823663e-01, -7.00251295e-01, -2.80332823e-01,
        -1.03543958e-01,  6.28266560e-02, -1.37002274e-01],
       [ 7.01168455e-02,  1.24129543e+00,  2.33554996e+00,
        -2.97306503e-01,  8.25962733e-03,  6.34530433e-02,
        -1.94816787e+00, -4.33072864e+00,  4.43911921e+00,
        -1.32870222e-02,  1.96158008e+00, -2.79213073e+00,
        -2.17166325e-02, -7.16448727e-01, -6.91212291e-01,
         2.33254873e-01, -1.02010822e-01, -1.47472053e-01],
       [ 1.31726111e-01,  8.97491227e-02, -2.97306503e-01,
         1.39832943e-01,  1.23803907e-02,  1.71007561e-02,
         4.95089905e-01,  1.09627042e+00, -5.74798174e-02,
        -8.14557428e-02, -4.02533586e-01,  9.47322643e-02,
         3.09819704e-02,  1.74330260e-02,  1.39224297e-01,
        -4.92837323e-02,  3.87141413e-02,  2.34759637e-02],
       [-1.12196163e-02,  3.23219999e-01,  8.25962733e-03,
         1.23803907e-02,  3.31797780e-01,  9.44190457e-02,
        -3.39977139e+00,  7.77643362e-01,  1.43809349e-01,
         4.13737707e-01, -1.71875442e-01, -1.04723597e-01,
         1.39644133e-01,  7.54511566e-02,  5.84826175e-02,
        -2.26820351e-02, -1.44214085e-01, -6.28064921e-02],
       [ 5.21253635e-01,  3.27807499e-02,  6.34530433e-02,
         1.71007561e-02,  9.44190457e-02,  2.54760287e-01,
        -2.20312483e+00,  2.44000182e-01,  3.85555531e-01,
         1.08733659e-01, -8.72048024e-02,  2.07222656e-02,
        -8.48269545e-02,  2.72893446e-02,  9.79072734e-02,
        -1.56731154e-02, -7.78103497e-02, -1.34381515e-01],
       [-3.06193855e+00, -2.21446856e+00, -1.94816787e+00,
         4.95089905e-01, -3.39977139e+00, -2.20312483e+00,
         5.66248339e+01,  1.17925768e+00, -6.36457761e+00,
        -4.13771269e+00, -1.24052170e+00,  1.53138481e+00,
        -1.21286625e+00, -1.46110196e-01,  4.22189506e-02,
        -6.04379841e-02,  2.94689062e+00,  1.84638516e+00],
       [ 1.44430351e-01,  1.13739773e-01, -4.33072864e+00,
         1.09627042e+00,  7.77643362e-01,  2.44000182e-01,
         1.17925768e+00,  1.79381677e+01, -5.93189056e+00,
         4.53491849e-01, -5.14046967e+00,  2.91028245e+00,
         1.65524466e-01,  1.05287301e+00,  2.03808693e+00,
        -9.48175453e-01,  5.80256053e-01,  3.52981134e-01],
       [ 7.43332186e-01,  5.05622498e+00,  4.43911921e+00,
        -5.74798174e-02,  1.43809349e-01,  3.85555531e-01,
        -6.36457761e+00, -5.93189056e+00,  1.86904792e+01,
         7.06673136e-02,  3.06868002e+00, -7.60906817e+00,
         6.68841223e-02, -2.47154378e+00, -1.36040602e+00,
         2.70205123e-02, -3.44776431e-01, -4.52904353e-01],
       [-5.26338323e-01,  1.37020759e-01, -1.32870222e-02,
        -8.14557428e-02,  4.13737707e-01,  1.08733659e-01,
        -4.13771269e+00,  4.53491849e-01,  7.06673136e-02,
         1.33035255e+00, -4.58997540e-02,  7.95625646e-02,
         9.15128271e-02,  1.08107995e-01,  3.84753770e-02,
        -4.99512118e-02, -3.11198937e-01, -7.44872688e-02],
       [-7.36898371e-02,  2.30283658e-01,  1.96158008e+00,
        -4.02533586e-01, -1.71875442e-01, -8.72048024e-02,
        -1.24052170e+00, -5.14046967e+00,  3.06868002e+00,
        -4.58997540e-02,  2.65320971e+00, -1.82968818e+00,
        -3.05242779e-02, -6.51560502e-01, -8.31299372e-01,
         3.38358706e-01, -2.11699599e-01, -1.85969287e-01],
       [ 6.52944814e-03, -2.89854394e+00, -2.79213073e+00,
         9.47322643e-02, -1.04723597e-01,  2.07222656e-02,
         1.53138481e+00,  2.91028245e+00, -7.60906817e+00,
         7.95625646e-02, -1.82968818e+00,  4.92444449e+00,
        -6.23181403e-02,  1.29391852e+00,  7.28701687e-01,
        -4.73344933e-02, -9.57988333e-03,  1.76740506e-01],
       [-2.85130387e-01,  1.11823663e-01, -2.17166325e-02,
         3.09819704e-02,  1.39644133e-01, -8.48269545e-02,
        -1.21286625e+00,  1.65524466e-01,  6.68841223e-02,
         9.15128271e-02, -3.05242779e-02, -6.23181403e-02,
         2.25148816e-01,  9.83649726e-03, -1.01998038e-02,
         2.13467485e-02, -1.08344539e-01,  7.75271491e-02],
       [-4.26305947e-02, -7.00251295e-01, -7.16448727e-01,
         1.74330260e-02,  7.54511566e-02,  2.72893446e-02,
        -1.46110196e-01,  1.05287301e+00, -2.47154378e+00,
         1.08107995e-01, -6.51560502e-01,  1.29391852e+00,
         9.83649726e-03,  4.47895744e-01,  2.49814853e-01,
        -1.60688018e-02,  1.56531299e-02,  6.37739594e-02],
       [ 1.27564157e-01, -2.80332823e-01, -6.91212291e-01,
         1.39224297e-01,  5.84826175e-02,  9.79072734e-02,
         4.22189506e-02,  2.03808693e+00, -1.36040602e+00,
         3.84753770e-02, -8.31299372e-01,  7.28701687e-01,
        -1.01998038e-02,  2.49814853e-01,  3.55660004e-01,
        -1.17076524e-01,  4.26865377e-02,  5.96435823e-02],
       [ 5.05200824e-02, -1.03543958e-01,  2.33254873e-01,
        -4.92837323e-02, -2.26820351e-02, -1.56731154e-02,
        -6.04379841e-02, -9.48175453e-01,  2.70205123e-02,
        -4.99512118e-02,  3.38358706e-01, -4.73344933e-02,
         2.13467485e-02, -1.60688018e-02, -1.17076524e-01,
         1.08592350e-01, -3.61052184e-02, -1.98769211e-02],
       [-2.55853808e-02,  6.28266560e-02, -1.02010822e-01,
         3.87141413e-02, -1.44214085e-01, -7.78103497e-02,
         2.94689062e+00,  5.80256053e-01, -3.44776431e-01,
        -3.11198937e-01, -2.11699599e-01, -9.57988333e-03,
        -1.08344539e-01,  1.56531299e-02,  4.26865377e-02,
        -3.61052184e-02,  2.48743574e-01,  7.28400464e-02],
       [-4.27662347e-01, -1.37002274e-01, -1.47472053e-01,
         2.34759637e-02, -6.28064921e-02, -1.34381515e-01,
         1.84638516e+00,  3.52981134e-01, -4.52904353e-01,
        -7.44872688e-02, -1.85969287e-01,  1.76740506e-01,
         7.75271491e-02,  6.37739594e-02,  5.96435823e-02,
        -1.98769211e-02,  7.28400464e-02,  1.96741373e-01]])
      jac: array([ 7.09358498e-06,  3.85247390e-07, -4.36206626e-06, -7.85852864e-06,
        1.17376479e-05, -6.07014439e-06,  1.36113343e-06, -1.12169533e-06,
        3.50090327e-07,  1.53562348e-06,  3.65522427e-06, -1.50953324e-06,
        3.98995651e-06,  6.23353221e-06,  3.12231722e-06, -1.42051186e-05,
       -9.05349869e-06,  1.10017551e-05])
  message: 'Desired error not necessarily achieved due to precision loss.'
     nfev: 2365
      nit: 67
     njev: 124
   status: 2
  success: False
        x: array([ 0.14251516, -0.18061437,  0.79262394,  0.9318033 , -0.35025449,
        0.02910002,  0.17167602, -1.12411097, -0.48969672,  0.08201731,
        0.81932371,  0.79020216,  0.1236447 ,  0.19768526, -0.41709567,
       -0.96717962, -0.54131018,  0.03165306])
