Program Begingeth
      fun: 0.28584561274011916
 hess_inv: array([[ 1.19066947e+01,  1.86160025e+00,  2.16279158e-01,
         2.06539596e+00,  1.57354245e+00, -4.62841800e-01,
         2.83174533e+00,  1.01394161e+00, -3.49631346e+00,
        -1.63613541e+00, -1.05333958e-01, -5.25801631e-01,
        -2.63881345e+00, -2.09712055e-01, -2.39865838e-02,
         1.34026175e-01, -1.33137485e+00,  2.32701672e-01],
       [ 1.86160025e+00,  3.60768989e+00,  3.91259630e-01,
         1.15088551e-02,  1.14194297e+00,  1.96508442e-01,
        -1.65273790e-01,  2.16198277e+00,  7.97909602e-01,
        -3.88911758e-01, -2.43947230e-01, -1.27264521e+00,
        -5.02737206e-01, -5.05133643e-01,  3.39387492e-01,
         2.31794292e-01, -6.49116124e-02,  1.12342776e-01],
       [ 2.16279158e-01,  3.91259630e-01,  5.72217600e+00,
         6.76204265e-01, -2.65545233e-01,  1.48873223e+00,
         5.95581709e+00, -2.66538372e+00,  1.83896685e+00,
         1.63263958e-01,  1.68731928e+00, -8.74988716e-01,
         1.83432327e-01, -5.36064974e-01, -6.19353781e-01,
         5.52908653e-02,  1.13953886e-01,  3.00030618e-01],
       [ 2.06539596e+00,  1.15088551e-02,  6.76204265e-01,
         5.54134085e-01,  1.50355277e-01,  9.22439555e-02,
         1.75450289e+00, -2.62630278e-01, -6.30520924e-01,
        -2.63782055e-01,  1.53280127e-01, -2.27488549e-02,
        -3.51242498e-01, -4.48961838e-03, -9.51416317e-02,
         2.90207312e-02, -1.84273436e-01,  6.19946644e-02],
       [ 1.57354245e+00,  1.14194297e+00, -2.65545233e-01,
         1.50355277e-01,  5.32831789e-01, -6.98148429e-02,
        -1.18967180e-01,  1.20110225e+00, -2.36799264e-01,
        -3.28444541e-01, -2.13504627e-01, -2.78677952e-01,
        -3.88590939e-01, -8.32488001e-02,  1.45746992e-01,
         5.18453252e-02, -1.42528028e-01,  3.66474077e-02],
       [-4.62841800e-01,  1.96508442e-01,  1.48873223e+00,
         9.22439555e-02, -6.98148429e-02,  5.04116039e-01,
         1.60856173e+00, -3.93816630e-01,  9.58370172e-01,
        -3.14945419e-02,  2.92424491e-01, -2.35655953e-01,
         2.05164926e-01, -1.23757785e-01, -8.06493408e-02,
         3.22270718e-02,  9.09359679e-02,  7.26980673e-02],
       [ 2.83174533e+00, -1.65273790e-01,  5.95581709e+00,
         1.75450289e+00, -1.18967180e-01,  1.60856173e+00,
         1.12258490e+01, -2.63125479e+00,  3.55185467e-01,
        -1.55501225e-01,  1.17872986e+00, -4.30444905e-01,
        -1.18310292e-01, -1.57008235e-01, -5.35838430e-01,
         6.32932394e-02, -3.35257933e-02,  3.72050151e-01],
       [ 1.01394161e+00,  2.16198277e+00, -2.66538372e+00,
        -2.62630278e-01,  1.20110225e+00, -3.93816630e-01,
        -2.63125479e+00,  6.06040039e+00, -1.83127263e-01,
        -1.03627314e+00, -1.05938968e+00, -2.11693668e-01,
        -1.87050954e-01,  4.17712219e-02,  7.10283119e-01,
         1.30753700e-01, -1.01244218e-01, -9.80019652e-02],
       [-3.49631346e+00,  7.97909602e-01,  1.83896685e+00,
        -6.30520924e-01, -2.36799264e-01,  9.58370172e-01,
         3.55185467e-01, -1.83127263e-01,  4.49255796e+00,
         9.28061308e-02,  3.57422368e-01, -4.87448141e-01,
         8.30187173e-01, -3.83632267e-01, -3.32567140e-02,
         6.61923339e-02,  3.46591635e-01, -2.19703621e-02],
       [-1.63613541e+00, -3.88911758e-01,  1.63263958e-01,
        -2.63782055e-01, -3.28444541e-01, -3.14945419e-02,
        -1.55501225e-01, -1.03627314e+00,  9.28061308e-02,
         1.11349293e+00,  3.78822717e-02,  1.07260815e-01,
         1.56322794e-01,  6.24539043e-02, -3.58856856e-02,
        -4.07318968e-02,  2.30091529e-01,  1.31536486e-01],
       [-1.05333958e-01, -2.43947230e-01,  1.68731928e+00,
         1.53280127e-01, -2.13504627e-01,  2.92424491e-01,
         1.17872986e+00, -1.05938968e+00,  3.57422368e-01,
         3.78822717e-02,  1.20261214e+00, -2.30013424e-01,
         9.51491353e-02, -2.90782533e-01, -4.11349616e-01,
        -1.70461162e-02,  1.74777088e-02, -4.06956319e-02],
       [-5.25801631e-01, -1.27264521e+00, -8.74988716e-01,
        -2.27488549e-02, -2.78677952e-01, -2.35655953e-01,
        -4.30444905e-01, -2.11693668e-01, -4.87448141e-01,
         1.07260815e-01, -2.30013424e-01,  8.68132711e-01,
         1.10054068e-01,  3.45554132e-01, -5.83779551e-02,
        -1.29033476e-01,  4.15361471e-02, -4.32875999e-02],
       [-2.63881345e+00, -5.02737206e-01,  1.83432327e-01,
        -3.51242498e-01, -3.88590939e-01,  2.05164926e-01,
        -1.18310292e-01, -1.87050954e-01,  8.30187173e-01,
         1.56322794e-01,  9.51491353e-02,  1.10054068e-01,
         7.35399672e-01,  4.82270732e-02, -1.57231713e-02,
         2.02144306e-02,  3.26853286e-01, -8.74278938e-02],
       [-2.09712055e-01, -5.05133643e-01, -5.36064974e-01,
        -4.48961838e-03, -8.32488001e-02, -1.23757785e-01,
        -1.57008235e-01,  4.17712219e-02, -3.83632267e-01,
         6.24539043e-02, -2.90782533e-01,  3.45554132e-01,
         4.82270732e-02,  2.18042499e-01,  5.02444139e-02,
        -4.42552356e-02,  4.08964919e-02,  8.66316722e-05],
       [-2.39865838e-02,  3.39387492e-01, -6.19353781e-01,
        -9.51416317e-02,  1.45746992e-01, -8.06493408e-02,
        -5.35838430e-01,  7.10283119e-01, -3.32567140e-02,
        -3.58856856e-02, -4.11349616e-01, -5.83779551e-02,
        -1.57231713e-02,  5.02444139e-02,  2.10596587e-01,
         3.49769462e-02,  5.39883049e-03,  2.37151148e-02],
       [ 1.34026175e-01,  2.31794292e-01,  5.52908653e-02,
         2.90207312e-02,  5.18453252e-02,  3.22270718e-02,
         6.32932394e-02,  1.30753700e-01,  6.61923339e-02,
        -4.07318968e-02, -1.70461162e-02, -1.29033476e-01,
         2.02144306e-02, -4.42552356e-02,  3.49769462e-02,
         6.27175629e-02,  7.34995651e-03,  2.22423021e-03],
       [-1.33137485e+00, -6.49116124e-02,  1.13953886e-01,
        -1.84273436e-01, -1.42528028e-01,  9.09359679e-02,
        -3.35257933e-02, -1.01244218e-01,  3.46591635e-01,
         2.30091529e-01,  1.74777088e-02,  4.15361471e-02,
         3.26853286e-01,  4.08964919e-02,  5.39883049e-03,
         7.34995651e-03,  2.14573268e-01, -7.04472870e-03],
       [ 2.32701672e-01,  1.12342776e-01,  3.00030618e-01,
         6.19946644e-02,  3.66474077e-02,  7.26980673e-02,
         3.72050151e-01, -9.80019652e-02, -2.19703621e-02,
         1.31536486e-01, -4.06956319e-02, -4.32875999e-02,
        -8.74278938e-02,  8.66316722e-05,  2.37151148e-02,
         2.22423021e-03, -7.04472870e-03,  9.20783513e-02]])
      jac: array([-1.86295424e-06, -5.39420360e-06,  2.34342175e-05,  1.13449990e-05,
        1.75729801e-05, -2.94997360e-05, -3.29403171e-06, -1.23900890e-06,
       -3.96349620e-07,  4.39019191e-06, -6.96516918e-06,  2.50536629e-05,
       -2.36921593e-05, -4.12155495e-05,  5.92415006e-05,  1.68109970e-05,
        1.64683082e-05, -6.74967489e-05])
  message: 'Desired error not necessarily achieved due to precision loss.'
     nfev: 2253
      nit: 64
     njev: 118
   status: 2
  success: False
        x: array([-0.34060506, -0.70058604,  0.00254234, -1.1374789 , -0.77976088,
       -0.11222002, -1.72104262, -1.0252572 , -1.0690671 ,  0.11617011,
        0.45490541,  1.12229589,  0.02190952,  0.15825853, -0.27170962,
        1.3212052 , -0.5147479 ,  0.02147431])
