Program Begingeth
      fun: 0.25784157865937263
 hess_inv: array([[ 1.31916719e+01, -1.30453826e+00,  2.24907795e+00,
         2.70931831e+00, -1.39707860e+00,  1.60368849e+00,
         6.78806224e+00, -1.55453525e+00, -7.66445646e+00,
        -1.88553452e+00, -7.65913182e-01,  1.27504107e+00,
        -2.44166124e+00,  5.52053585e-01,  2.43338073e-02,
         5.57477554e-01,  1.56398646e+00, -1.20932890e+00],
       [-1.30453826e+00,  1.75356447e+00,  3.94121673e-01,
        -8.69869933e-02,  6.20641431e-01, -2.96054383e-01,
        -2.90099082e-02,  8.99915770e-01, -5.34759966e-01,
         1.24113605e-02,  1.98181885e-02, -1.02023502e+00,
         4.06526420e-01, -1.90384524e-01, -8.16243223e-02,
        -7.13070565e-02, -1.60481429e-02,  1.53464791e-01],
       [ 2.24907795e+00,  3.94121673e-01,  2.21641990e+00,
         6.23730667e-01,  1.43104546e-01,  5.98972851e-01,
         3.04996471e+00,  8.23993696e-01, -1.82899249e+00,
        -3.45972067e-01,  5.55739173e-01, -4.81377302e-01,
        -2.75289097e-01,  6.21577557e-02, -1.27154834e-01,
         2.40862932e-01,  3.64650462e-01, -4.14596213e-02],
       [ 2.70931831e+00, -8.69869933e-02,  6.23730667e-01,
         6.96727441e-01, -2.06051522e-01,  3.42298456e-01,
         2.15619046e+00, -3.79349333e-01, -1.90958890e+00,
        -3.28258222e-01, -1.88431544e-01,  1.78675868e-01,
        -4.00638442e-01,  9.87140032e-02,  1.93747931e-02,
         1.53443508e-01,  2.77189760e-01, -2.10067632e-01],
       [-1.39707860e+00,  6.20641431e-01,  1.43104546e-01,
        -2.06051522e-01,  3.84760143e-01, -1.84439112e-01,
        -2.06331003e-01,  8.57020074e-01,  3.90773381e-01,
         8.48284799e-02,  1.40585425e-01, -3.54354238e-01,
         3.67985319e-01, -5.48647304e-02, -6.58695988e-02,
        -5.84693688e-03, -1.22413899e-01,  1.73257614e-01],
       [ 1.60368849e+00, -2.96054383e-01,  5.98972851e-01,
         3.42298456e-01, -1.84439112e-01,  3.81931733e-01,
         1.26112229e+00, -3.43132656e-01, -5.62461100e-01,
        -8.56615117e-02, -3.92852993e-02,  1.55890348e-01,
        -3.34932276e-01,  1.13494302e-01,  4.92906548e-02,
         8.21529796e-02,  1.96867849e-01, -1.15544996e-01],
       [ 6.78806224e+00, -2.90099082e-02,  3.04996471e+00,
         2.15619046e+00, -2.06331003e-01,  1.26112229e+00,
         9.54256313e+00, -7.14900766e-01, -5.49296890e+00,
        -4.92482793e-01, -9.66056387e-02,  4.19287157e-01,
        -8.17074249e-01,  3.58650086e-01, -7.17440069e-03,
         5.65689571e-01,  6.69229093e-01, -3.75814594e-01],
       [-1.55453525e+00,  8.99915770e-01,  8.23993696e-01,
        -3.79349333e-01,  8.57020074e-01, -3.43132656e-01,
        -7.14900766e-01,  4.74429184e+00,  2.00896800e-01,
        -7.87334813e-01,  6.05125166e-01, -5.64185417e-01,
         5.74729948e-01,  5.56599231e-04, -3.69031364e-01,
         1.15750893e-01, -1.94834264e-02,  2.92280107e-01],
       [-7.66445646e+00, -5.34759966e-01, -1.82899249e+00,
        -1.90958890e+00,  3.90773381e-01, -5.62461100e-01,
        -5.49296890e+00,  2.00896800e-01,  8.00721263e+00,
         9.87787335e-01,  3.94651312e-01, -1.88451346e-01,
         1.17479811e+00, -1.01925267e-01,  1.66710436e-01,
        -3.72304854e-01, -8.51886662e-01,  6.56720284e-01],
       [-1.88553452e+00,  1.24113605e-02, -3.45972067e-01,
        -3.28258222e-01,  8.48284799e-02, -8.56615117e-02,
        -4.92482793e-01, -7.87334813e-01,  9.87787335e-01,
         1.17220061e+00,  9.89049968e-02, -1.15516780e-01,
         1.63017620e-01, -1.22768175e-01,  3.73887326e-02,
        -1.01021933e-01, -3.25421724e-01,  2.52330663e-02],
       [-7.65913182e-01,  1.98181885e-02,  5.55739173e-01,
        -1.88431544e-01,  1.40585425e-01, -3.92852993e-02,
        -9.66056387e-02,  6.05125166e-01,  3.94651312e-01,
         9.89049968e-02,  9.09219376e-01, -3.31024057e-01,
         1.56934784e-01, -1.56474015e-01, -2.07102565e-01,
         5.97957721e-02, -6.53026655e-02,  2.38182888e-02],
       [ 1.27504107e+00, -1.02023502e+00, -4.81377302e-01,
         1.78675868e-01, -3.54354238e-01,  1.55890348e-01,
         4.19287157e-01, -5.64185417e-01, -1.88451346e-01,
        -1.15516780e-01, -3.31024057e-01,  1.09825918e+00,
        -2.87341235e-01,  2.50245243e-01,  3.43050813e-02,
         9.33252098e-02,  9.60070971e-02, -1.24692663e-01],
       [-2.44166124e+00,  4.06526420e-01, -2.75289097e-01,
        -4.00638442e-01,  3.67985319e-01, -3.34932276e-01,
        -8.17074249e-01,  5.74729948e-01,  1.17479811e+00,
         1.63017620e-01,  1.56934784e-01, -2.87341235e-01,
         6.14849048e-01, -9.97680433e-02, -2.14818749e-02,
        -2.88774694e-02, -3.10349814e-01,  2.96395893e-01],
       [ 5.52053585e-01, -1.90384524e-01,  6.21577557e-02,
         9.87140032e-02, -5.48647304e-02,  1.13494302e-01,
         3.58650086e-01,  5.56599231e-04, -1.01925267e-01,
        -1.22768175e-01, -1.56474015e-01,  2.50245243e-01,
        -9.97680433e-02,  1.25198179e-01,  2.75822195e-02,
         3.95666455e-02,  9.20866528e-02, -1.48001527e-02],
       [ 2.43338073e-02, -8.16243223e-02, -1.27154834e-01,
         1.93747931e-02, -6.58695988e-02,  4.92906548e-02,
        -7.17440069e-03, -3.69031364e-01,  1.66710436e-01,
         3.73887326e-02, -2.07102565e-01,  3.43050813e-02,
        -2.14818749e-02,  2.75822195e-02,  1.06935407e-01,
        -3.16716014e-02, -1.76164857e-02,  3.25151115e-02],
       [ 5.57477554e-01, -7.13070565e-02,  2.40862932e-01,
         1.53443508e-01, -5.84693688e-03,  8.21529796e-02,
         5.65689571e-01,  1.15750893e-01, -3.72304854e-01,
        -1.01021933e-01,  5.97957721e-02,  9.33252098e-02,
        -2.88774694e-02,  3.95666455e-02, -3.16716014e-02,
         9.66577883e-02,  5.21289707e-02, -2.40101276e-02],
       [ 1.56398646e+00, -1.60481429e-02,  3.64650462e-01,
         2.77189760e-01, -1.22413899e-01,  1.96867849e-01,
         6.69229093e-01, -1.94834264e-02, -8.51886662e-01,
        -3.25421724e-01, -6.53026655e-02,  9.60070971e-02,
        -3.10349814e-01,  9.20866528e-02, -1.76164857e-02,
         5.21289707e-02,  2.68265798e-01, -1.37093591e-01],
       [-1.20932890e+00,  1.53464791e-01, -4.14596213e-02,
        -2.10067632e-01,  1.73257614e-01, -1.15544996e-01,
        -3.75814594e-01,  2.92280107e-01,  6.56720284e-01,
         2.52330663e-02,  2.38182888e-02, -1.24692663e-01,
         2.96395893e-01, -1.48001527e-02,  3.25151115e-02,
        -2.40101276e-02, -1.37093591e-01,  2.05809402e-01]])
      jac: array([ 9.17266263e-06, -3.11972670e-06, -5.44601401e-06, -2.10291044e-05,
        8.06688050e-06,  7.31303906e-06,  1.66570461e-06, -2.35626333e-06,
       -1.27231559e-06,  2.89324120e-06, -2.70154269e-07, -9.92650406e-06,
        1.24300570e-05,  8.96098011e-06, -1.25562523e-05, -9.99200722e-06,
       -1.11177734e-05,  1.06877470e-05])
  message: 'Desired error not necessarily achieved due to precision loss.'
     nfev: 2632
      nit: 95
     njev: 138
   status: 2
  success: False
        x: array([ 0.377797  , -0.66378713,  0.56126048,  1.12919086, -0.71692589,
        0.20611111,  1.88274926, -0.55780702,  1.06116345,  0.05069245,
        0.61720829,  1.09156648,  0.10186768,  0.15039866, -0.31298245,
       -1.0493395 , -0.53442127,  0.03832355])
