Program Begingeth
      fun: 0.20009434721823344
 hess_inv: array([[ 1.32049680e+01,  6.88329935e-01,  1.06652223e+00,
         1.78819582e+00, -7.93772445e-01, -4.02582663e-01,
         3.08485587e+00, -4.91286542e+00, -9.95752321e-01,
        -1.10623504e+01, -8.08969414e+00,  1.02659240e+01,
         1.42039201e-01,  5.37317572e-01, -2.99281242e+00,
         2.25801660e+00, -7.19691757e-01,  4.67878265e-02],
       [ 6.88329935e-01,  1.69078125e+00,  3.77197886e-01,
         7.10508332e-02,  1.04257893e-01, -3.73715208e-01,
        -5.80581361e-01,  4.52400647e-01, -1.08381659e+00,
        -4.67404743e-01, -2.10511556e+00, -1.91480451e-01,
         2.83769827e-02, -2.34813314e-01, -3.82502208e-01,
         1.41986564e-01, -1.03102120e-01,  3.63249614e-02],
       [ 1.06652223e+00,  3.77197886e-01,  1.65503811e+00,
         3.56296060e-01,  8.37089062e-02,  7.37206814e-02,
         2.88141147e-01, -3.72535847e-01,  4.47150020e-01,
        -1.44494981e+00, -4.19234777e-01, -7.01228571e-01,
         3.03023995e-01, -9.42949475e-02, -5.49161011e-01,
         1.31993549e-01, -1.90558494e-01, -9.21044223e-02],
       [ 1.78819582e+00,  7.10508332e-02,  3.56296060e-01,
         4.94200693e-01, -1.90248676e-01, -4.30207781e-02,
         9.57663740e-01, -1.25136744e+00, -3.68544150e-01,
        -1.45663032e+00, -4.30770448e-01,  1.25154063e+00,
         1.41880375e-01, -1.15487376e-01, -4.50513206e-01,
         1.93868486e-01, -1.09690359e-01, -1.55989618e-02],
       [-7.93772445e-01,  1.04257893e-01,  8.37089062e-02,
        -1.90248676e-01,  3.64594645e-01, -1.52100285e-03,
         2.95457948e-01,  1.86411064e+00,  2.13558453e-01,
         4.78449897e-01,  3.42743705e-01, -8.54202105e-01,
        -6.89948980e-02,  1.85081779e-01,  2.06194680e-01,
        -1.18527498e-01,  9.91180000e-02,  9.65440662e-02],
       [-4.02582663e-01, -3.73715208e-01,  7.37206814e-02,
        -4.30207781e-02, -1.52100285e-03,  1.80709380e-01,
         3.32156544e-02, -6.02129122e-02,  6.82535173e-01,
         1.70936987e-01,  5.68812328e-01, -2.28415702e-01,
         3.24326820e-02,  2.18655378e-02,  1.40956886e-01,
        -7.26067511e-02, -1.29348680e-02, -1.41861604e-02],
       [ 3.08485587e+00, -5.80581361e-01,  2.88141147e-01,
         9.57663740e-01,  2.95457948e-01,  3.32156544e-02,
         5.59556622e+00,  1.28930168e+00, -1.82423981e-01,
        -2.64358335e+00,  7.16064260e-01,  2.39976245e+00,
        -4.53800534e-02,  3.42843217e-01, -4.16541213e-01,
         1.15121420e-01,  6.72042446e-02,  2.58181562e-01],
       [-4.91286542e+00,  4.52400647e-01, -3.72535847e-01,
        -1.25136744e+00,  1.86411064e+00, -6.02129122e-02,
         1.28930168e+00,  1.13109011e+01,  7.65282281e-01,
         3.39863345e+00,  2.20126845e+00, -4.70588525e+00,
        -6.42521591e-01,  7.90885949e-01,  1.39699969e+00,
        -8.49210502e-01,  5.38680340e-01,  4.48556641e-01],
       [-9.95752321e-01, -1.08381659e+00,  4.47150020e-01,
        -3.68544150e-01,  2.13558453e-01,  6.82535173e-01,
        -1.82423981e-01,  7.65282281e-01,  4.09746839e+00,
         1.99649119e-01,  8.23847738e-01, -5.57131161e-01,
         2.02059357e-02,  4.03199492e-01,  2.86146780e-01,
         8.39820303e-03, -2.72868706e-02, -6.36373530e-02],
       [-1.10623504e+01, -4.67404743e-01, -1.44494981e+00,
        -1.45663032e+00,  4.78449897e-01,  1.70936987e-01,
        -2.64358335e+00,  3.39863345e+00,  1.99649119e-01,
         9.95565336e+00,  6.51193594e+00, -8.07867087e+00,
        -1.66989185e-01, -5.23703937e-01,  2.46670320e+00,
        -1.81040398e+00,  6.68950222e-01, -8.41297300e-02],
       [-8.08969414e+00, -2.10511556e+00, -4.19234777e-01,
        -4.30770448e-01,  3.42743705e-01,  5.68812328e-01,
         7.16064260e-01,  2.20126845e+00,  8.23847738e-01,
         6.51193594e+00,  9.35109012e+00, -6.37579236e+00,
         3.09033982e-02, -5.73535171e-01,  2.04616605e+00,
        -1.97362126e+00,  6.03472500e-01, -4.69409657e-02],
       [ 1.02659240e+01, -1.91480451e-01, -7.01228571e-01,
         1.25154063e+00, -8.54202105e-01, -2.28415702e-01,
         2.39976245e+00, -4.70588525e+00, -5.57131161e-01,
        -8.07867087e+00, -6.37579236e+00,  1.01393157e+01,
        -1.17743700e-02,  6.24127580e-01, -2.01695635e+00,
         1.93810290e+00, -4.75893876e-01,  1.57543002e-01],
       [ 1.42039201e-01,  2.83769827e-02,  3.03023995e-01,
         1.41880375e-01, -6.89948980e-02,  3.24326820e-02,
        -4.53800534e-02, -6.42521591e-01,  2.02059357e-02,
        -1.66989185e-01,  3.09033982e-02, -1.17743700e-02,
         1.52989318e-01, -8.62615891e-02, -1.11898823e-01,
         4.42725553e-02, -5.84355276e-02, -2.84560832e-02],
       [ 5.37317572e-01, -2.34813314e-01, -9.42949475e-02,
        -1.15487376e-01,  1.85081779e-01,  2.18655378e-02,
         3.42843217e-01,  7.90885949e-01,  4.03199492e-01,
        -5.23703937e-01, -5.73535171e-01,  6.24127580e-01,
        -8.62615891e-02,  3.89445189e-01, -4.66964936e-02,
         2.20707465e-01,  5.19018875e-02,  8.02785998e-02],
       [-2.99281242e+00, -3.82502208e-01, -5.49161011e-01,
        -4.50513206e-01,  2.06194680e-01,  1.40956886e-01,
        -4.16541213e-01,  1.39699969e+00,  2.86146780e-01,
         2.46670320e+00,  2.04616605e+00, -2.01695635e+00,
        -1.11898823e-01, -4.66964936e-02,  8.25628477e-01,
        -5.47721748e-01,  1.92214749e-01,  5.09504688e-02],
       [ 2.25801660e+00,  1.41986564e-01,  1.31993549e-01,
         1.93868486e-01, -1.18527498e-01, -7.26067511e-02,
         1.15121420e-01, -8.49210502e-01,  8.39820303e-03,
        -1.81040398e+00, -1.97362126e+00,  1.93810290e+00,
         4.42725553e-02,  2.20707465e-01, -5.47721748e-01,
         5.55503732e-01, -1.34439580e-01,  6.67838549e-03],
       [-7.19691757e-01, -1.03102120e-01, -1.90558494e-01,
        -1.09690359e-01,  9.91180000e-02, -1.29348680e-02,
         6.72042446e-02,  5.38680340e-01, -2.72868706e-02,
         6.68950222e-01,  6.03472500e-01, -4.75893876e-01,
        -5.84355276e-02,  5.19018875e-02,  1.92214749e-01,
        -1.34439580e-01,  1.14427310e-01,  2.77913545e-02],
       [ 4.67878265e-02,  3.63249614e-02, -9.21044223e-02,
        -1.55989618e-02,  9.65440662e-02, -1.41861604e-02,
         2.58181562e-01,  4.48556641e-01, -6.36373530e-02,
        -8.41297300e-02, -4.69409657e-02,  1.57543002e-01,
        -2.84560832e-02,  8.02785998e-02,  5.09504688e-02,
         6.67838549e-03,  2.77913545e-02,  8.11626847e-02]])
      jac: array([-2.19509596e-06,  3.20484380e-07, -8.68749517e-07,  9.89541782e-06,
       -2.59570143e-06, -3.51607632e-06, -1.51785991e-06, -1.53765889e-07,
        9.50535946e-07,  2.77555756e-09,  1.33411800e-07, -3.39173134e-07,
       -6.55087096e-06,  9.96758232e-06, -3.55252864e-06, -2.22895776e-06,
       -1.49134409e-05,  7.12263582e-06])
  message: 'Desired error not necessarily achieved due to precision loss.'
     nfev: 2633
      nit: 79
     njev: 138
   status: 2
  success: False
        x: array([-0.36958055, -0.10031706,  0.47293535,  0.22684194, -0.8900912 ,
       -0.34444425,  0.94699111, -1.58532242, -0.41642573, -0.84164398,
        0.24807238,  0.06591044,  0.54859857, -0.02437599,  0.13077437,
        0.07209163,  1.0643146 , -0.44497765])
