Program Begingeth
      fun: 0.2608392885861485
 hess_inv: array([[ 1.10130517e+00, -1.27132957e-01,  1.93388145e-01,
         4.17579399e-01, -1.87572818e-01,  3.58927922e-01,
         1.54059210e+00, -5.02810232e-01,  8.76442463e-01,
         1.21858285e+00, -5.60690949e-01, -8.26153527e-02,
        -4.23477940e-01,  1.13274425e-02,  7.64523649e-02,
        -1.41813827e-02, -1.91984154e-02, -2.22310156e-01],
       [-1.27132957e-01,  5.62100219e-01, -1.53700040e-01,
        -2.89490369e-01,  1.14957650e-01, -2.77433059e-01,
        -1.85155894e+00,  4.51284352e-01, -1.19093231e-01,
        -7.51793071e-01,  5.17875900e-02, -1.78286277e-01,
         9.39405076e-02, -1.83689368e-01, -2.20246089e-01,
         5.19611264e-02, -3.53973457e-02, -7.92705776e-02],
       [ 1.93388145e-01, -1.53700040e-01,  3.84062222e-01,
         2.01919596e-01, -1.07397077e-02,  2.54219602e-01,
         8.81875242e-01, -7.62453951e-01,  5.27980967e-01,
         7.57879223e-01,  2.66867025e-02,  1.96636638e-01,
        -8.09333166e-02,  1.48683370e-01,  3.05211397e-02,
         3.74270310e-02,  7.36159739e-02,  2.27806599e-02],
       [ 4.17579399e-01, -2.89490369e-01,  2.01919596e-01,
         6.19127227e-01,  2.79208238e-02,  2.73834254e-01,
         2.28116469e+00,  4.00662064e-02,  1.36897706e+00,
         1.74367519e+00,  1.67631835e-01, -3.09518014e-01,
        -8.90698450e-02,  1.19596774e-01,  1.57887151e-01,
         1.75230424e-02,  1.60198740e-02, -8.72916825e-03],
       [-1.87572818e-01,  1.14957650e-01, -1.07397077e-02,
         2.79208238e-02,  3.42905333e-01, -1.21796182e-01,
        -5.09162747e-01,  8.95223415e-01,  7.01454981e-01,
         1.24337538e-01,  8.14732744e-01, -2.85768017e-01,
         1.62842419e-01,  5.53618480e-02, -6.97415889e-02,
         7.22910251e-02,  7.89650976e-03,  4.42854447e-02],
       [ 3.58927922e-01, -2.77433059e-01,  2.54219602e-01,
         2.73834254e-01, -1.21796182e-01,  4.78724925e-01,
         1.86443584e+00, -1.06200463e+00,  9.81659643e-01,
         9.42557951e-01, -8.46482036e-02,  5.56430972e-01,
        -2.44532602e-01,  1.50017932e-01,  1.63101889e-01,
        -4.44649458e-02,  9.26520246e-02, -2.27083222e-02],
       [ 1.54059210e+00, -1.85155894e+00,  8.81875242e-01,
         2.28116469e+00, -5.09162747e-01,  1.86443584e+00,
         1.92834050e+01, -3.37111321e+00,  6.85074006e+00,
         5.99679187e+00,  1.29471130e+00, -1.04512581e-01,
        -1.31106665e+00,  6.56260744e-01,  8.61988905e-01,
        -4.17806417e-01,  6.44033648e-01, -2.58697166e-01],
       [-5.02810232e-01,  4.51284352e-01, -7.62453951e-01,
         4.00662064e-02,  8.95223415e-01, -1.06200463e+00,
        -3.37111321e+00,  6.11916135e+00,  3.68445908e-01,
        -3.81120038e-01,  1.34555477e+00, -2.25726268e+00,
         6.72221552e-01, -1.73593875e-01, -1.90319095e-01,
         1.53173716e-01, -2.29256910e-01,  1.02870984e-01],
       [ 8.76442463e-01, -1.19093231e-01,  5.27980967e-01,
         1.36897706e+00,  7.01454981e-01,  9.81659643e-01,
         6.85074006e+00,  3.68445908e-01,  8.29104733e+00,
         4.39049383e+00,  2.59720146e+00, -5.60696409e-01,
        -4.35449318e-01,  3.70390341e-01,  2.45694395e-01,
         1.51603879e-02,  3.17232696e-01, -9.99506472e-02],
       [ 1.21858285e+00, -7.51793071e-01,  7.57879223e-01,
         1.74367519e+00,  1.24337538e-01,  9.42557951e-01,
         5.99679187e+00, -3.81120038e-01,  4.39049383e+00,
         5.26359270e+00,  5.51130216e-01, -5.38276800e-01,
        -3.11100345e-01,  4.11598508e-01,  4.28456287e-01,
         5.47038552e-02,  1.02333013e-01, -2.08456623e-02],
       [-5.60690949e-01,  5.17875900e-02,  2.66867025e-02,
         1.67631835e-01,  8.14732744e-01, -8.46482036e-02,
         1.29471130e+00,  1.34555477e+00,  2.59720146e+00,
         5.51130216e-01,  2.60823551e+00, -5.08941312e-01,
         2.43115557e-01,  2.13937031e-01, -9.19283046e-02,
         8.24213599e-02,  1.40218225e-01,  9.61102491e-02],
       [-8.26153527e-02, -1.78286277e-01,  1.96636638e-01,
        -3.09518014e-01, -2.85768017e-01,  5.56430972e-01,
        -1.04512581e-01, -2.25726268e+00, -5.60696409e-01,
        -5.38276800e-01, -5.08941312e-01,  1.83220555e+00,
        -2.01167642e-01,  1.43242435e-01,  1.21808680e-01,
        -7.24279608e-02,  1.22876146e-01,  2.81848185e-02],
       [-4.23477940e-01,  9.39405076e-02, -8.09333166e-02,
        -8.90698450e-02,  1.62842419e-01, -2.44532602e-01,
        -1.31106665e+00,  6.72221552e-01, -4.35449318e-01,
        -3.11100345e-01,  2.43115557e-01, -2.01167642e-01,
         3.03444843e-01, -1.85478639e-02, -5.15728593e-02,
         8.45290864e-02, -5.91001050e-02,  1.17184247e-01],
       [ 1.13274425e-02, -1.83689368e-01,  1.48683370e-01,
         1.19596774e-01,  5.53618480e-02,  1.50017932e-01,
         6.56260744e-01, -1.73593875e-01,  3.70390341e-01,
         4.11598508e-01,  2.13937031e-01,  1.43242435e-01,
        -1.85478639e-02,  1.36933026e-01,  6.40270485e-02,
         5.01935839e-03,  5.98499664e-02,  4.74803797e-02],
       [ 7.64523649e-02, -2.20246089e-01,  3.05211397e-02,
         1.57887151e-01, -6.97415889e-02,  1.63101889e-01,
         8.61988905e-01, -1.90319095e-01,  2.45694395e-01,
         4.28456287e-01, -9.19283046e-02,  1.21808680e-01,
        -5.15728593e-02,  6.40270485e-02,  1.39317084e-01,
        -3.21758861e-02,  1.24868521e-02,  4.57746456e-02],
       [-1.41813827e-02,  5.19611264e-02,  3.74270310e-02,
         1.75230424e-02,  7.22910251e-02, -4.44649458e-02,
        -4.17806417e-01,  1.53173716e-01,  1.51603879e-02,
         5.47038552e-02,  8.24213599e-02, -7.24279608e-02,
         8.45290864e-02,  5.01935839e-03, -3.21758861e-02,
         6.65982199e-02, -2.24681510e-02,  1.75225463e-02],
       [-1.91984154e-02, -3.53973457e-02,  7.36159739e-02,
         1.60198740e-02,  7.89650976e-03,  9.26520246e-02,
         6.44033648e-01, -2.29256910e-01,  3.17232696e-01,
         1.02333013e-01,  1.40218225e-01,  1.22876146e-01,
        -5.91001050e-02,  5.98499664e-02,  1.24868521e-02,
        -2.24681510e-02,  7.66059198e-02, -5.09859075e-04],
       [-2.22310156e-01, -7.92705776e-02,  2.27806599e-02,
        -8.72916825e-03,  4.42854447e-02, -2.27083222e-02,
        -2.58697166e-01,  1.02870984e-01, -9.99506472e-02,
        -2.08456623e-02,  9.61102491e-02,  2.81848185e-02,
         1.17184247e-01,  4.74803797e-02,  4.57746456e-02,
         1.75225463e-02, -5.09859075e-04,  1.08798735e-01]])
      jac: array([ 5.75095527e-07,  1.08061708e-07,  3.47277762e-06, -5.98854300e-06,
        3.86320605e-06, -1.29711057e-06,  3.69704267e-07, -1.45439216e-07,
       -1.62462636e-07,  6.12102961e-07, -4.18184006e-08, -1.03620816e-07,
        2.33294865e-06, -1.89996167e-06,  9.32698363e-06, -2.88324920e-06,
       -1.87220609e-06, -6.68317253e-06])
  message: 'Optimization terminated successfully.'
     nfev: 1824
      nit: 86
     njev: 96
   status: 0
  success: True
        x: array([ 0.09030931,  0.2591047 ,  0.85982418,  1.40794076, -0.6208457 ,
        0.29588279,  0.79416535, -1.46512889,  0.8955432 ,  1.79515926,
       -0.54119241,  0.77025871,  0.04374271,  0.16880806, -0.26195784,
       -1.22018397, -0.46322074,  0.04381476])
