Program Begingeth
      fun: 0.23000003267872313
 hess_inv: array([[ 4.46453306e+00,  1.51322514e+00,  3.67884130e-01,
         9.82926823e-01,  4.69982549e-01, -9.50059203e-01,
         8.75963690e-01, -2.49773606e+00, -1.56532902e+00,
        -5.00279914e-01,  7.98109875e-01, -1.16738493e+00,
        -9.24589748e-01, -5.18925088e-01, -4.64562248e-01,
        -1.27786242e-01, -4.89389384e-01,  3.65267489e-01],
       [ 1.51322514e+00,  2.45990470e+00,  1.33937205e-01,
         9.25492575e-02,  8.12044867e-01, -3.85237369e-01,
        -2.51952189e-01,  1.55012032e+00,  6.39509034e-01,
         2.02093216e-01, -2.72218026e-01, -1.31150500e+00,
        -4.99206930e-01, -3.43001517e-01, -4.47664299e-02,
         9.21021518e-02, -1.11149842e-01,  2.03194879e-01],
       [ 3.67884130e-01,  1.33937205e-01,  5.70278397e+00,
         1.29829568e+00,  6.44523568e-02,  1.96397998e+00,
         1.32787027e+01, -6.34191905e+00,  7.74364937e+00,
        -7.64202473e-01,  2.96422698e+00, -1.54947438e+00,
         2.41591891e-02, -2.98450503e-01, -1.03766377e+00,
        -5.29090517e-01, -1.19282053e-01, -6.15345263e-01],
       [ 9.82926823e-01,  9.25492575e-02,  1.29829568e+00,
         5.66329026e-01,  5.48541824e-02,  2.58068049e-01,
         3.63727050e+00, -2.06428254e+00,  1.08466614e+00,
        -3.52197952e-01,  8.33117368e-01, -3.95926747e-01,
        -1.27054949e-01, -1.10152224e-01, -3.33093364e-01,
        -1.52005357e-01, -1.15057407e-01, -9.24317121e-02],
       [ 4.69982549e-01,  8.12044867e-01,  6.44523568e-02,
         5.48541824e-02,  3.78056772e-01, -6.79307917e-02,
         6.70046640e-01,  1.25480535e+00, -3.38295043e-02,
        -2.86875351e-02, -1.80322722e-01, -3.45272864e-01,
        -1.81122247e-01, -3.79856907e-02,  3.83381212e-02,
        -1.55274041e-03, -4.03256619e-02,  7.42199906e-02],
       [-9.50059203e-01, -3.85237369e-01,  1.96397998e+00,
         2.58068049e-01, -6.79307917e-02,  1.02206018e+00,
         5.09047172e+00, -1.34496428e+00,  3.34896116e+00,
        -2.91649574e-01,  7.77109381e-01, -1.81259282e-01,
         2.62706164e-01,  4.88623314e-02, -2.09685973e-01,
        -1.50387819e-01,  4.95501758e-02, -3.08363837e-01],
       [ 8.75963690e-01, -2.51952189e-01,  1.32787027e+01,
         3.63727050e+00,  6.70046640e-01,  5.09047172e+00,
         4.16712359e+01, -1.15598198e+01,  1.68994635e+01,
        -2.72474125e+00,  6.16620887e+00, -2.52210390e+00,
        -1.38381320e-02, -2.15622164e-01, -2.17996630e+00,
        -1.44090382e+00, -5.75058262e-01, -1.59744685e+00],
       [-2.49773606e+00,  1.55012032e+00, -6.34191905e+00,
        -2.06428254e+00,  1.25480535e+00, -1.34496428e+00,
        -1.15598198e+01,  1.86216853e+01, -7.73976415e+00,
         8.08258179e-01, -4.79772391e+00,  1.30046496e+00,
         1.81434051e-01,  6.51897713e-01,  2.05646287e+00,
         8.13963492e-01,  3.58474342e-01,  7.35658083e-01],
       [-1.56532902e+00,  6.39509034e-01,  7.74364937e+00,
         1.08466614e+00, -3.38295043e-02,  3.34896116e+00,
         1.68994635e+01, -7.73976415e+00,  1.73185649e+01,
        -8.32154016e-01,  3.81663404e+00, -2.14802705e+00,
         4.18230551e-01, -7.38796488e-01, -1.35710259e+00,
        -4.79215682e-01, -1.76029685e-01, -1.06920182e+00],
       [-5.00279914e-01,  2.02093216e-01, -7.64202473e-01,
        -3.52197952e-01, -2.86875351e-02, -2.91649574e-01,
        -2.72474125e+00,  8.08258179e-01, -8.32154016e-01,
         9.16199213e-01, -5.56124146e-01,  8.79378591e-02,
        -6.86470313e-02,  6.63352101e-02,  2.05203771e-01,
         1.24107738e-01,  1.58346359e-01,  1.97914966e-01],
       [ 7.98109875e-01, -2.72218026e-01,  2.96422698e+00,
         8.33117368e-01, -1.80322722e-01,  7.77109381e-01,
         6.16620887e+00, -4.79772391e+00,  3.81663404e+00,
        -5.56124146e-01,  2.36397039e+00, -8.51889482e-01,
        -4.35655915e-02, -3.62182051e-01, -8.12367993e-01,
        -3.35870699e-01, -1.45343364e-01, -4.00668013e-01],
       [-1.16738493e+00, -1.31150500e+00, -1.54947438e+00,
        -3.95926747e-01, -3.45272864e-01, -1.81259282e-01,
        -2.52210390e+00,  1.30046496e+00, -2.14802705e+00,
         8.79378591e-02, -8.51889482e-01,  1.44677081e+00,
         2.72147506e-01,  4.05855459e-01,  3.29371502e-01,
         3.98317397e-02,  1.48113683e-01,  5.82994872e-02],
       [-9.24589748e-01, -4.99206930e-01,  2.41591891e-02,
        -1.27054949e-01, -1.81122247e-01,  2.62706164e-01,
        -1.38381320e-02,  1.81434051e-01,  4.18230551e-01,
        -6.86470313e-02, -4.35655915e-02,  2.72147506e-01,
         3.15969656e-01,  1.09778779e-01,  6.03032937e-02,
         5.88978838e-02,  1.18151681e-01, -1.39814641e-01],
       [-5.18925088e-01, -3.43001517e-01, -2.98450503e-01,
        -1.10152224e-01, -3.79856907e-02,  4.88623314e-02,
        -2.15622164e-01,  6.51897713e-01, -7.38796488e-01,
         6.63352101e-02, -3.62182051e-01,  4.05855459e-01,
         1.09778779e-01,  2.15892764e-01,  1.43580645e-01,
         4.18835172e-03,  1.06489149e-01,  1.64579579e-02],
       [-4.64562248e-01, -4.47664299e-02, -1.03766377e+00,
        -3.33093364e-01,  3.83381212e-02, -2.09685973e-01,
        -2.17996630e+00,  2.05646287e+00, -1.35710259e+00,
         2.05203771e-01, -8.12367993e-01,  3.29371502e-01,
         6.03032937e-02,  1.43580645e-01,  3.46130325e-01,
         1.31653217e-01,  6.62596584e-02,  1.46858750e-01],
       [-1.27786242e-01,  9.21021518e-02, -5.29090517e-01,
        -1.52005357e-01, -1.55274041e-03, -1.50387819e-01,
        -1.44090382e+00,  8.13963492e-01, -4.79215682e-01,
         1.24107738e-01, -3.35870699e-01,  3.98317397e-02,
         5.88978838e-02,  4.18835172e-03,  1.31653217e-01,
         1.22777058e-01,  3.49954395e-02,  5.42460126e-02],
       [-4.89389384e-01, -1.11149842e-01, -1.19282053e-01,
        -1.15057407e-01, -4.03256619e-02,  4.95501758e-02,
        -5.75058262e-01,  3.58474342e-01, -1.76029685e-01,
         1.58346359e-01, -1.45343364e-01,  1.48113683e-01,
         1.18151681e-01,  1.06489149e-01,  6.62596584e-02,
         3.49954395e-02,  1.31514808e-01, -1.50365101e-02],
       [ 3.65267489e-01,  2.03194879e-01, -6.15345263e-01,
        -9.24317121e-02,  7.42199906e-02, -3.08363837e-01,
        -1.59744685e+00,  7.35658083e-01, -1.06920182e+00,
         1.97914966e-01, -4.00668013e-01,  5.82994872e-02,
        -1.39814641e-01,  1.64579579e-02,  1.46858750e-01,
         5.42460126e-02, -1.50365101e-02,  1.93360828e-01]])
      jac: array([-3.23261788e-05,  5.50653967e-05,  5.72628981e-05,  1.77715250e-05,
       -2.57913505e-04,  1.11595918e-06,  5.10091969e-06,  3.37220992e-05,
       -4.99729887e-06, -5.81098133e-05, -2.13854860e-05,  2.91344726e-05,
       -2.28455588e-04,  1.11758750e-04, -1.59192104e-04,  2.03913183e-04,
        3.54712556e-05,  2.88757906e-05])
  message: 'Desired error not necessarily achieved due to precision loss.'
     nfev: 1892
      nit: 60
     njev: 99
   status: 2
  success: False
        x: array([-0.42458314, -0.53990019,  0.58932302, -0.92988208, -0.72130618,
        0.07112501, -0.70229289, -1.22632474, -0.72996507,  0.12584738,
        0.68745615,  1.04172103,  0.05807958,  0.22141777, -0.34756882,
        1.15451115, -0.28985342,  0.0085208 ])
