Program Begingeth
      fun: 0.27727869091140406
 hess_inv: array([[ 3.99613603e+00,  1.87675531e+00, -2.77838816e-01,
         1.42085783e+00,  9.50106200e-01, -1.05095347e+00,
         2.32436699e+00, -2.41320557e-01, -3.40792003e+00,
        -4.27137578e-02,  9.12064909e-01, -5.47487056e-01,
        -6.25948973e-01, -3.66733624e-01, -3.96037033e-01,
        -3.06572380e-01, -4.84525196e-01,  2.48426338e-01],
       [ 1.87675531e+00,  4.74772740e+00,  9.56041049e-01,
         5.79453309e-01,  2.16676318e+00, -2.06900534e-01,
         4.05776883e+00,  2.05565213e+00,  2.39581329e+00,
         5.11206780e-01,  8.30261614e-01, -1.38462581e+00,
        -7.58038143e-01, -4.87793381e-01, -3.39448192e-01,
        -2.26306609e-01, -4.71611257e-01,  1.62387141e-01],
       [-2.77838816e-01,  9.56041049e-01,  2.10105785e+00,
         1.76726980e-01,  3.60758044e-01,  9.20487919e-01,
         2.75567791e+00, -1.22772484e+00,  3.21464495e+00,
         3.29093780e-02,  6.95974304e-01, -4.43899405e-01,
         6.78856638e-03, -9.33745685e-02, -1.69393160e-01,
        -1.32213403e-01,  2.00562489e-02, -1.18712280e-01],
       [ 1.42085783e+00,  5.79453309e-01,  1.76726980e-01,
         5.99221859e-01,  2.94426072e-01, -2.44471175e-01,
         1.40675474e+00, -4.55453166e-01, -9.88561156e-01,
        -5.24441103e-02,  4.32765921e-01, -1.60615973e-01,
        -1.67014178e-01, -1.11496815e-01, -1.83775410e-01,
        -1.17075313e-01, -1.38261781e-01,  4.06966378e-02],
       [ 9.50106200e-01,  2.16676318e+00,  3.60758044e-01,
         2.94426072e-01,  1.09568102e+00, -1.24588577e-01,
         2.33762998e+00,  1.59457608e+00,  7.06295930e-01,
         1.51261040e-01,  3.07532212e-01, -5.47627184e-01,
        -4.00826702e-01, -1.80614192e-01, -1.37685044e-01,
        -1.45967925e-01, -2.63614882e-01,  8.50350665e-02],
       [-1.05095347e+00, -2.06900534e-01,  9.20487919e-01,
        -2.44471175e-01, -1.24588577e-01,  6.90089624e-01,
         7.44442626e-01, -3.39848177e-01,  2.26101144e+00,
        -1.00404486e-01, -1.87794800e-02,  4.98727520e-03,
         1.97621440e-01,  6.96246800e-02,  6.42110009e-02,
         3.93656174e-02,  1.10936043e-01, -1.10910570e-01],
       [ 2.32436699e+00,  4.05776883e+00,  2.75567791e+00,
         1.40675474e+00,  2.33762998e+00,  7.44442626e-01,
         1.28697382e+01,  2.10396456e+00,  3.24296364e+00,
        -2.91257769e-01,  1.19073962e+00, -8.69579114e-01,
        -7.43000536e-01, -3.59107110e-01, -5.31313113e-01,
        -5.05721839e-01, -8.28211343e-01, -1.41772155e-01],
       [-2.41320557e-01,  2.05565213e+00, -1.22772484e+00,
        -4.55453166e-01,  1.59457608e+00, -3.39848177e-01,
         2.10396456e+00,  8.66664617e+00, -4.62892280e-01,
        -1.72002533e-01, -9.82428564e-01, -2.26152969e-01,
        -4.23851942e-01,  1.30591791e-01,  4.04372962e-01,
         4.84564858e-02, -3.14365690e-01,  2.02624813e-01],
       [-3.40792003e+00,  2.39581329e+00,  3.21464495e+00,
        -9.88561156e-01,  7.06295930e-01,  2.26101144e+00,
         3.24296364e+00, -4.62892280e-01,  1.26289527e+01,
         3.01005715e-01,  3.73879576e-01, -9.34089028e-01,
         3.20397228e-01, -2.97078476e-01,  5.03540564e-02,
         2.29380194e-01,  8.11094076e-02, -2.77937200e-01],
       [-4.27137578e-02,  5.11206780e-01,  3.29093780e-02,
        -5.24441103e-02,  1.51261040e-01, -1.00404486e-01,
        -2.91257769e-01, -1.72002533e-01,  3.01005715e-01,
         6.62926612e-01,  5.81660152e-02, -1.27891805e-01,
        -1.65342535e-01, -2.11363715e-02,  7.85650013e-03,
        -6.35174054e-03,  6.26225761e-02,  1.56353105e-01],
       [ 9.12064909e-01,  8.30261614e-01,  6.95974304e-01,
         4.32765921e-01,  3.07532212e-01, -1.87794800e-02,
         1.19073962e+00, -9.82428564e-01,  3.73879576e-01,
         5.81660152e-02,  9.67244668e-01, -3.90615319e-01,
        -1.32814883e-01, -2.49558410e-01, -3.07229568e-01,
        -1.23002662e-01, -8.88767848e-02, -9.04304208e-02],
       [-5.47487056e-01, -1.38462581e+00, -4.43899405e-01,
        -1.60615973e-01, -5.47627184e-01,  4.98727520e-03,
        -8.69579114e-01, -2.26152969e-01, -9.34089028e-01,
        -1.27891805e-01, -3.90615319e-01,  7.14073337e-01,
         1.56206490e-01,  2.35067693e-01,  8.25468413e-02,
         1.86777310e-03,  1.44166108e-01, -1.82604859e-02],
       [-6.25948973e-01, -7.58038143e-01,  6.78856638e-03,
        -1.67014178e-01, -4.00826702e-01,  1.97621440e-01,
        -7.43000536e-01, -4.23851942e-01,  3.20397228e-01,
        -1.65342535e-01, -1.32814883e-01,  1.56206490e-01,
         2.73426207e-01,  8.70247441e-02,  6.27182598e-02,
         1.26490720e-01,  1.55257404e-01, -1.02593750e-01],
       [-3.66733624e-01, -4.87793381e-01, -9.33745685e-02,
        -1.11496815e-01, -1.80614192e-01,  6.96246800e-02,
        -3.59107110e-01,  1.30591791e-01, -2.97078476e-01,
        -2.11363715e-02, -2.49558410e-01,  2.35067693e-01,
         8.70247441e-02,  1.53683382e-01,  7.77118961e-02,
         2.14739759e-02,  1.16258588e-01,  4.11952868e-03],
       [-3.96037033e-01, -3.39448192e-01, -1.69393160e-01,
        -1.83775410e-01, -1.37685044e-01,  6.42110009e-02,
        -5.31313113e-01,  4.04372962e-01,  5.03540564e-02,
         7.85650013e-03, -3.07229568e-01,  8.25468413e-02,
         6.27182598e-02,  7.77118961e-02,  1.52949477e-01,
         6.33678586e-02,  4.51901658e-02,  5.76701796e-02],
       [-3.06572380e-01, -2.26306609e-01, -1.32213403e-01,
        -1.17075313e-01, -1.45967925e-01,  3.93656174e-02,
        -5.05721839e-01,  4.84564858e-02,  2.29380194e-01,
        -6.35174054e-03, -1.23002662e-01,  1.86777310e-03,
         1.26490720e-01,  2.14739759e-02,  6.33678586e-02,
         1.12253754e-01,  6.67738481e-02, -2.00480705e-02],
       [-4.84525196e-01, -4.71611257e-01,  2.00562489e-02,
        -1.38261781e-01, -2.63614882e-01,  1.10936043e-01,
        -8.28211343e-01, -3.14365690e-01,  8.11094076e-02,
         6.26225761e-02, -8.88767848e-02,  1.44166108e-01,
         1.55257404e-01,  1.16258588e-01,  4.51901658e-02,
         6.67738481e-02,  1.98675459e-01, -2.61289140e-02],
       [ 2.48426338e-01,  1.62387141e-01, -1.18712280e-01,
         4.06966378e-02,  8.50350665e-02, -1.10910570e-01,
        -1.41772155e-01,  2.02624813e-01, -2.77937200e-01,
         1.56353105e-01, -9.04304208e-02, -1.82604859e-02,
        -1.02593750e-01,  4.11952868e-03,  5.76701796e-02,
        -2.00480705e-02, -2.61289140e-02,  1.35138712e-01]])
      jac: array([-2.37735757e-06, -1.42959718e-06, -4.30137407e-06,  3.53717056e-06,
        3.74404211e-06,  4.78765176e-06,  1.26195350e-07, -2.84217094e-07,
       -2.93098879e-07,  4.72955008e-07,  1.59835108e-06, -2.31185441e-06,
        2.22673731e-06, -1.49213975e-06, -4.56560715e-06, -4.79653354e-06,
        8.43769499e-07,  5.79647441e-06])
  message: 'Optimization terminated successfully.'
     nfev: 1444
      nit: 64
     njev: 76
   status: 0
  success: True
        x: array([-0.63537419, -1.08508843,  0.62809481, -0.84717739, -1.16812364,
        0.16219969, -0.43509285, -1.94921691, -0.44304882,  0.06586451,
        0.61696242,  1.203071  ,  0.11145707,  0.10707239, -0.3685165 ,
        1.06568006, -0.44563319, -0.04747362])
