Program Begingeth
      fun: 0.2556751349426896
 hess_inv: array([[ 1.17757047e+01, -9.87658016e-01,  1.33725324e+00,
         1.60643388e+00, -1.11655685e+00,  8.26928227e-01,
         1.10179366e+00, -1.14085974e+00,  3.63428083e+00,
        -2.26636441e+00,  5.54644576e-01,  5.07302466e-01,
        -2.84937770e+00,  9.38611421e-02, -2.27330180e-01,
         3.18718425e-02,  1.17578549e+00, -1.86785760e-01],
       [-9.87658016e-01,  3.91859520e+00, -1.45295434e-03,
         1.67012315e-01,  1.00064242e+00,  1.17186494e-01,
         5.32930075e-01,  2.71097989e+00,  8.72113433e-01,
         2.55194869e-01, -6.22129197e-01, -1.56323492e+00,
         3.14821175e-01, -6.69439315e-01,  4.42987591e-01,
        -2.40177798e-01,  1.47711034e-02,  5.53043176e-02],
       [ 1.33725324e+00, -1.45295434e-03,  8.09341880e+00,
        -5.50920540e-01, -5.25913739e-01,  1.75670077e+00,
        -6.54985190e+00, -3.66885585e+00,  2.83387344e+00,
        -4.70937167e-01,  3.22159274e+00, -1.63060277e+00,
        -5.23449595e-01, -8.03200199e-01, -1.35315380e+00,
         4.38490584e-02,  2.53846050e-01,  1.32110085e-01],
       [ 1.60643388e+00,  1.67012315e-01, -5.50920540e-01,
         3.98890559e-01, -5.44020039e-02, -6.44371753e-02,
         1.40475057e+00,  2.96735744e-01,  4.79404265e-01,
        -3.40179803e-01, -1.79010498e-01,  5.84969178e-02,
        -2.92340100e-01, -1.52524274e-02,  9.06445059e-02,
         1.24011466e-03,  1.23773440e-01, -3.90711838e-02],
       [-1.11655685e+00,  1.00064242e+00, -5.25913739e-01,
        -5.44020039e-02,  3.92589309e-01, -9.74980808e-02,
         2.89279291e-01,  1.26698122e+00, -1.81486887e-01,
         3.37594107e-01, -3.59333298e-01, -2.68395788e-01,
         2.79658302e-01, -9.40403673e-02,  2.04784264e-01,
        -5.14040914e-02, -8.48620443e-02,  1.62343195e-02],
       [ 8.26928227e-01,  1.17186494e-01,  1.75670077e+00,
        -6.44371753e-02, -9.74980808e-02,  5.01934844e-01,
        -1.66022336e+00, -4.45456884e-01,  1.04595777e+00,
        -2.30947337e-02,  5.46404632e-01, -3.39681868e-01,
        -2.95870408e-01, -1.58646709e-01, -2.11317351e-01,
        -1.00560554e-02,  1.09522313e-01,  2.25916172e-02],
       [ 1.10179366e+00,  5.32930075e-01, -6.54985190e+00,
         1.40475057e+00,  2.89279291e-01, -1.66022336e+00,
         1.10096629e+01,  2.63499138e+00, -1.20386369e+00,
        -3.16093047e-01, -1.82452754e+00,  8.73459731e-01,
         2.52387801e-01,  2.05810583e-01,  7.91608243e-01,
        -4.80818524e-03, -1.24945193e-01, -2.31693910e-01],
       [-1.14085974e+00,  2.71097989e+00, -3.66885585e+00,
         2.96735744e-01,  1.26698122e+00, -4.45456884e-01,
         2.63499138e+00,  7.30027683e+00, -3.00098764e-01,
         1.33697346e+00, -1.76119494e+00, -2.12279211e-01,
         1.47699388e-01, -6.24620645e-02,  1.08492345e+00,
        -2.12228892e-01, -1.23349172e-01, -9.18704614e-02],
       [ 3.63428083e+00,  8.72113433e-01,  2.83387344e+00,
         4.79404265e-01, -1.81486887e-01,  1.04595777e+00,
        -1.20386369e+00, -3.00098764e-01,  4.66656562e+00,
        -3.32238032e-01,  9.90360206e-01, -5.94554723e-01,
        -8.82069104e-01, -5.31422797e-01, -3.72214029e-01,
        -1.36919769e-02,  2.98999805e-01, -7.08579108e-02],
       [-2.26636441e+00,  2.55194869e-01, -4.70937167e-01,
        -3.40179803e-01,  3.37594107e-01, -2.30947337e-02,
        -3.16093047e-01,  1.33697346e+00, -3.32238032e-01,
         1.65338813e+00, -1.03512466e-01, -7.82852739e-02,
         2.45447331e-01, -2.97188828e-02,  9.77402736e-02,
        -2.49766719e-02, -2.67081542e-01, -1.61899463e-01],
       [ 5.54644576e-01, -6.22129197e-01,  3.22159274e+00,
        -1.79010498e-01, -3.59333298e-01,  5.46404632e-01,
        -1.82452754e+00, -1.76119494e+00,  9.90360206e-01,
        -1.03512466e-01,  2.09622522e+00, -4.82625241e-01,
        -2.02546337e-01, -3.99524004e-01, -8.13095094e-01,
         8.37922351e-02,  5.58276775e-02, -8.54426104e-02],
       [ 5.07302466e-01, -1.56323492e+00, -1.63060277e+00,
         5.84969178e-02, -2.68395788e-01, -3.39681868e-01,
         8.73459731e-01, -2.12279211e-01, -5.94554723e-01,
        -7.82852739e-02, -4.82625241e-01,  1.32298348e+00,
        -1.07976566e-01,  5.18996611e-01,  6.81009756e-02,
         1.23244897e-01,  2.65211398e-02, -2.84137031e-02],
       [-2.84937770e+00,  3.14821175e-01, -5.23449595e-01,
        -2.92340100e-01,  2.79658302e-01, -2.95870408e-01,
         2.52387801e-01,  1.47699388e-01, -8.82069104e-01,
         2.45447331e-01, -2.02546337e-01, -1.07976566e-01,
         8.40421249e-01, -3.56254160e-02,  6.99734644e-02,
         2.71111440e-02, -3.04513370e-01,  8.86078980e-02],
       [ 9.38611421e-02, -6.69439315e-01, -8.03200199e-01,
        -1.52524274e-02, -9.40403673e-02, -1.58646709e-01,
         2.05810583e-01, -6.24620645e-02, -5.31422797e-01,
        -2.97188828e-02, -3.99524004e-01,  5.18996611e-01,
        -3.56254160e-02,  2.91945442e-01,  1.06315915e-01,
         3.75732965e-02,  2.16598982e-02,  1.40716027e-02],
       [-2.27330180e-01,  4.42987591e-01, -1.35315380e+00,
         9.06445059e-02,  2.04784264e-01, -2.11317351e-01,
         7.91608243e-01,  1.08492345e+00, -3.72214029e-01,
         9.77402736e-02, -8.13095094e-01,  6.81009756e-02,
         6.99734644e-02,  1.06315915e-01,  3.85123851e-01,
        -5.60348121e-02, -2.67121587e-02,  3.21958419e-02],
       [ 3.18718425e-02, -2.40177798e-01,  4.38490584e-02,
         1.24011466e-03, -5.14040914e-02, -1.00560554e-02,
        -4.80818524e-03, -2.12228892e-01, -1.36919769e-02,
        -2.49766719e-02,  8.37922351e-02,  1.23244897e-01,
         2.71111440e-02,  3.75732965e-02, -5.60348121e-02,
         5.04359926e-02, -8.39998456e-03, -1.49784395e-03],
       [ 1.17578549e+00,  1.47711034e-02,  2.53846050e-01,
         1.23773440e-01, -8.48620443e-02,  1.09522313e-01,
        -1.24945193e-01, -1.23349172e-01,  2.98999805e-01,
        -2.67081542e-01,  5.58276775e-02,  2.65211398e-02,
        -3.04513370e-01,  2.16598982e-02, -2.67121587e-02,
        -8.39998456e-03,  1.64361505e-01, -5.42499142e-03],
       [-1.86785760e-01,  5.53043176e-02,  1.32110085e-01,
        -3.90711838e-02,  1.62343195e-02,  2.25916172e-02,
        -2.31693910e-01, -9.18704614e-02, -7.08579108e-02,
        -1.61899463e-01, -8.54426104e-02, -2.84137031e-02,
         8.86078980e-02,  1.40716027e-02,  3.21958419e-02,
        -1.49784395e-03, -5.42499142e-03,  7.69948989e-02]])
      jac: array([ 5.29946457e-07, -5.69914486e-08,  7.02401100e-07, -2.01801538e-06,
        2.50540329e-06, -2.16419475e-06,  6.55031585e-08, -5.11812814e-07,
        2.46839586e-07, -2.21304456e-07,  5.09592368e-07,  6.63913369e-07,
       -1.36187358e-07, -2.84957243e-07,  2.99908246e-06,  4.70734563e-07,
       -1.96694513e-06, -1.31228362e-06])
  message: 'Optimization terminated successfully.'
     nfev: 1596
      nit: 73
     njev: 84
   status: 0
  success: True
        x: array([ 0.46856829, -0.46833   ,  0.07093409,  1.34130761, -0.5848209 ,
       -0.08042095,  1.85167263, -0.7809468 , -1.01019585, -0.02074613,
        0.45422482,  1.02775972,  0.10088937,  0.20232141, -0.24103207,
       -1.28739919, -0.43884672,  0.0365776 ])
