Program Begingeth
      fun: 0.2085080207239558
 hess_inv: array([[ 5.05553581e-01, -4.90198078e-02,  2.17856822e-02,
         3.20500701e-02, -6.81931732e-02, -1.95358108e-01,
        -1.62149877e-01, -2.66647902e-01, -3.61530439e-01,
         1.79540232e-01, -2.59305990e-01, -3.87952562e-01,
        -1.98260850e-01,  4.54130981e-02,  7.99131833e-03,
         8.55958762e-03,  2.40161748e-02,  1.41200181e-01],
       [-4.90198078e-02,  2.94916682e-01, -3.75946873e-02,
        -3.34093841e-01,  8.26861179e-02, -5.56923591e-02,
        -4.19717513e-01,  4.80330133e-01,  1.06044982e+00,
        -1.18981979e+00,  2.19871992e-01, -1.32192638e-01,
        -3.71174535e-02, -1.28298072e-01, -1.31680728e-01,
        -2.32552047e-02, -1.15361712e-02, -7.16338515e-02],
       [ 2.17856822e-02, -3.75946873e-02,  1.65509296e-01,
         8.51702864e-02,  1.59720795e-02,  1.11194856e-02,
         2.51167007e-02,  5.65314867e-02, -1.36728047e-01,
         2.67520318e-01, -8.46546918e-02,  1.60339220e-02,
        -3.31998493e-03,  7.35037581e-02, -3.09679281e-02,
        -2.46465522e-02,  3.86959185e-02,  2.92373180e-02],
       [ 3.20500701e-02, -3.34093841e-01,  8.51702864e-02,
         1.29698797e+00, -2.41664784e-01, -3.69827763e-02,
         1.59074143e+00, -1.01652147e+00, -4.30366467e+00,
         4.20981363e+00, -8.45679279e-01,  2.93733927e-01,
         2.96653650e-01,  2.55416047e-01,  1.57277433e-01,
         9.03030351e-02,  1.44558129e-01,  4.10796708e-03],
       [-6.81931732e-02,  8.26861179e-02,  1.59720795e-02,
        -2.41664784e-01,  1.37441013e-01,  2.49887000e-02,
        -2.83990485e-01,  5.12806001e-01,  9.17607725e-01,
        -8.10110534e-01,  3.57217828e-01, -1.06887204e-01,
        -3.34600823e-02, -1.65847237e-02, -2.60802489e-02,
        -2.83922255e-02, -6.25932391e-03, -8.51330049e-03],
       [-1.95358108e-01, -5.56923591e-02,  1.11194856e-02,
        -3.69827763e-02,  2.49887000e-02,  2.43731129e-01,
         3.93759622e-01, -6.53280484e-02,  5.20777855e-01,
        -1.81989742e-01,  2.88838895e-01,  5.59592459e-01,
         6.18080372e-02, -4.05539853e-02,  5.95761621e-02,
         8.17028395e-03, -3.89586974e-02, -2.37320914e-02],
       [-1.62149877e-01, -4.19717513e-01,  2.51167007e-02,
         1.59074143e+00, -2.83990485e-01,  3.93759622e-01,
         4.04491642e+00, -1.14707102e+00, -4.21978822e+00,
         4.44539187e+00, -4.33708123e-01,  1.46619108e+00,
         5.07357432e-01,  1.41743015e-01,  3.22984390e-01,
         1.76510662e-01,  1.14270527e-01, -2.45610699e-02],
       [-2.66647902e-01,  4.80330133e-01,  5.65314867e-02,
        -1.01652147e+00,  5.12806001e-01, -6.53280484e-02,
        -1.14707102e+00,  3.41410439e+00,  3.97076924e+00,
        -3.86878592e+00,  8.55445016e-01, -9.36230600e-01,
        -1.82445918e-02, -1.10819477e-01, -1.96098029e-01,
        -7.88260927e-02, -5.39015930e-03, -6.77150691e-02],
       [-3.61530439e-01,  1.06044982e+00, -1.36728047e-01,
        -4.30366467e+00,  9.17607725e-01,  5.20777855e-01,
        -4.21978822e+00,  3.97076924e+00,  1.63353544e+01,
        -1.45747923e+01,  3.40286826e+00, -4.92982555e-01,
        -7.88094211e-01, -8.64419925e-01, -4.78791586e-01,
        -2.50192240e-01, -4.42212127e-01, -7.34559499e-02],
       [ 1.79540232e-01, -1.18981979e+00,  2.67520318e-01,
         4.20981363e+00, -8.10110534e-01, -1.81989742e-01,
         4.44539187e+00, -3.86878592e+00, -1.45747923e+01,
         1.42598944e+01, -2.85081926e+00,  8.89465948e-01,
         8.10882940e-01,  8.74679777e-01,  5.38934777e-01,
         2.35200362e-01,  4.17521540e-01,  5.59283655e-02],
       [-2.59305990e-01,  2.19871992e-01, -8.46546918e-02,
        -8.45679279e-01,  3.57217828e-01,  2.88838895e-01,
        -4.33708123e-01,  8.55445016e-01,  3.40286826e+00,
        -2.85081926e+00,  1.51101897e+00,  2.66352385e-01,
        -1.01969795e-01, -1.99104855e-01,  7.19304795e-03,
        -4.03699176e-02, -9.74102885e-02, -3.54863219e-02],
       [-3.87952562e-01, -1.32192638e-01,  1.60339220e-02,
         2.93733927e-01, -1.06887204e-01,  5.59592459e-01,
         1.46619108e+00, -9.36230600e-01, -4.92982555e-01,
         8.89465948e-01,  2.66352385e-01,  1.80853031e+00,
         1.74595297e-01, -1.13822217e-01,  1.26445825e-01,
         3.51149010e-02, -8.94048681e-02, -7.40605892e-02],
       [-1.98260850e-01, -3.71174535e-02, -3.31998493e-03,
         2.96653650e-01, -3.34600823e-02,  6.18080372e-02,
         5.07357432e-01, -1.82445918e-02, -7.88094211e-01,
         8.10882940e-01, -1.01969795e-01,  1.74595297e-01,
         1.97497818e-01,  3.45068118e-02,  3.10599875e-02,
         4.93166147e-02,  4.11413230e-02, -6.49287765e-02],
       [ 4.54130981e-02, -1.28298072e-01,  7.35037581e-02,
         2.55416047e-01, -1.65847237e-02, -4.05539853e-02,
         1.41743015e-01, -1.10819477e-01, -8.64419925e-01,
         8.74679777e-01, -1.99104855e-01, -1.13822217e-01,
         3.45068118e-02,  1.30510009e-01,  3.80955505e-02,
         2.85114134e-03,  5.94841417e-02,  3.58090712e-02],
       [ 7.99131833e-03, -1.31680728e-01, -3.09679281e-02,
         1.57277433e-01, -2.60802489e-02,  5.95761621e-02,
         3.22984390e-01, -1.96098029e-01, -4.78791586e-01,
         5.38934777e-01,  7.19304795e-03,  1.26445825e-01,
         3.10599875e-02,  3.80955505e-02,  1.04622966e-01,
         2.68569861e-02, -2.86397063e-03,  3.94423084e-02],
       [ 8.55958762e-03, -2.32552047e-02, -2.46465522e-02,
         9.03030351e-02, -2.83922255e-02,  8.17028395e-03,
         1.76510662e-01, -7.88260927e-02, -2.50192240e-01,
         2.35200362e-01, -4.03699176e-02,  3.51149010e-02,
         4.93166147e-02,  2.85114134e-03,  2.68569861e-02,
         3.93686125e-02,  1.03701182e-02, -6.23556465e-04],
       [ 2.40161748e-02, -1.15361712e-02,  3.86959185e-02,
         1.44558129e-01, -6.25932391e-03, -3.89586974e-02,
         1.14270527e-01, -5.39015930e-03, -4.42212127e-01,
         4.17521540e-01, -9.74102885e-02, -8.94048681e-02,
         4.11413230e-02,  5.94841417e-02, -2.86397063e-03,
         1.03701182e-02,  5.63115337e-02,  2.94077157e-03],
       [ 1.41200181e-01, -7.16338515e-02,  2.92373180e-02,
         4.10796708e-03, -8.51330049e-03, -2.37320914e-02,
        -2.45610699e-02, -6.77150691e-02, -7.34559499e-02,
         5.59283655e-02, -3.54863219e-02, -7.40605892e-02,
        -6.49287765e-02,  3.58090712e-02,  3.94423084e-02,
        -6.23556465e-04,  2.94077157e-03,  7.67541744e-02]])
      jac: array([-0.07028852,  0.02012191,  0.0853084 , -0.00960942,  0.06786146,
       -0.01147096,  0.01135158, -0.00953567, -0.00721552,  0.00361732,
       -0.02373696, -0.02694723, -0.08491833, -0.08379191,  0.02696228,
        0.20415632, -0.06235796,  0.04968789])
  message: 'Maximum number of iterations has been exceeded.'
     nfev: 2185
      nit: 100
     njev: 115
   status: 1
  success: False
        x: array([ 0.13051378,  0.34161014,  0.78177824, -1.35392976, -0.59032125,
       -0.24669929, -2.36636669, -0.29904368, -0.38919241, -1.48871036,
       -0.80679243, -0.80081105, -0.01865769,  0.20396248, -0.32950059,
        1.27424524, -0.30212839,  0.04853598])
