Program Begingeth
      fun: 0.2369696266855438
 hess_inv: array([[ 3.77047416e+00, -1.32956295e+00, -9.88806194e-01,
         6.81253684e-01, -3.77233996e-01,  8.25092897e-01,
         1.19206637e-01,  2.46876422e+00,  1.43578865e-01,
        -9.20035197e-01, -9.70885627e-01,  1.69456817e+00,
        -7.29727012e-01,  4.75682423e-01,  5.09144539e-01,
        -4.05037515e-02,  3.55109959e-01, -4.61286580e-01],
       [-1.32956295e+00,  2.70547614e+00,  1.42702038e+00,
        -2.27024888e-01,  7.60881959e-01, -1.05803011e-01,
        -3.25671967e+00, -3.22009691e-01,  3.39638567e+00,
         2.25052561e-01,  4.19090521e-01, -2.36626998e+00,
         4.74629588e-01, -5.54712413e-01, -3.58374347e-01,
        -3.28997564e-02, -1.58292949e-01,  6.10425329e-02],
       [-9.88806194e-01,  1.42702038e+00,  2.59102608e+00,
        -5.86878200e-01,  4.30306904e-01,  2.88289930e-01,
        -5.20726905e+00, -3.53380125e+00,  3.33693863e+00,
         4.35783599e-01,  1.61431132e+00, -2.04496815e+00,
         2.63717830e-01, -4.73710342e-01, -6.40669269e-01,
         2.49754528e-01, -2.67945660e-01, -1.08437632e-01],
       [ 6.81253684e-01, -2.27024888e-01, -5.86878200e-01,
         2.79275415e-01, -9.68294892e-02,  4.24452828e-02,
         1.39546279e+00,  1.22960719e+00, -2.37079383e-01,
        -2.72618465e-01, -4.98119491e-01,  4.10103841e-01,
        -8.79724289e-02,  9.43461391e-02,  2.12871841e-01,
        -6.35575615e-02,  9.78279983e-02,  3.33446461e-03],
       [-3.77233996e-01,  7.60881959e-01,  4.30306904e-01,
        -9.68294892e-02,  3.93862394e-01,  3.77811465e-02,
        -2.46873816e+00,  5.87668759e-01,  6.48719501e-01,
         2.58801040e-01,  6.36448676e-02, -5.74639698e-01,
         1.97889718e-01, -6.84948844e-02, -6.19700054e-02,
         3.80913094e-02, -1.21885659e-01, -5.41586504e-03],
       [ 8.25092897e-01, -1.05803011e-01,  2.88289930e-01,
         4.24452828e-02,  3.77811465e-02,  3.88519328e-01,
        -1.83566667e+00,  2.52633631e-01,  9.33762698e-01,
         2.93162223e-02, -1.01870605e-02,  8.33358353e-02,
        -1.72224572e-01,  5.63944341e-02,  6.86193285e-02,
         1.53597464e-02, -1.35257528e-02, -1.58272209e-01],
       [ 1.19206637e-01, -3.25671967e+00, -5.20726905e+00,
         1.39546279e+00, -2.46873816e+00, -1.83566667e+00,
         3.16786784e+01,  1.18698861e+00, -7.76969665e+00,
        -2.45291038e+00, -2.37603434e+00,  3.27575666e+00,
        -7.34530614e-01,  4.59986275e-01,  8.92724122e-01,
        -6.52669274e-01,  1.54852955e+00,  1.04493697e+00],
       [ 2.46876422e+00, -3.22009691e-01, -3.53380125e+00,
         1.22960719e+00,  5.87668759e-01,  2.52633631e-01,
         1.18698861e+00,  1.35473691e+01, -3.26486254e+00,
        -3.21787150e-01, -3.40007885e+00,  1.98373789e+00,
        -2.30653848e-01,  8.06501615e-01,  1.56985448e+00,
        -5.79269189e-01,  3.65642674e-01,  1.04078067e-01],
       [ 1.43578865e-01,  3.39638567e+00,  3.33693863e+00,
        -2.37079383e-01,  6.48719501e-01,  9.33762698e-01,
        -7.76969665e+00, -3.26486254e+00,  1.22251833e+01,
         1.63805268e-01,  1.71736998e+00, -3.50965818e+00,
         1.93781003e-01, -1.25926504e+00, -7.09579427e-01,
        -2.10779937e-03, -4.61285065e-01, -2.81349758e-01],
       [-9.20035197e-01,  2.25052561e-01,  4.35783599e-01,
        -2.72618465e-01,  2.58801040e-01,  2.93162223e-02,
        -2.45291038e+00, -3.21787150e-01,  1.63805268e-01,
         1.07599980e+00,  3.66341469e-01, -3.89912382e-01,
         7.55027445e-02, -9.90536212e-02, -1.32896799e-01,
         4.50123273e-02, -2.87107891e-01, -8.04406459e-02],
       [-9.70885627e-01,  4.19090521e-01,  1.61431132e+00,
        -4.98119491e-01,  6.36448676e-02, -1.01870605e-02,
        -2.37603434e+00, -3.40007885e+00,  1.71736998e+00,
         3.66341469e-01,  1.75786463e+00, -1.11860896e+00,
         1.62636992e-01, -4.15477585e-01, -6.36762042e-01,
         2.41739472e-01, -2.08584677e-01, -1.28048091e-01],
       [ 1.69456817e+00, -2.36626998e+00, -2.04496815e+00,
         4.10103841e-01, -5.74639698e-01,  8.33358353e-02,
         3.27575666e+00,  1.98373789e+00, -3.50965818e+00,
        -3.89912382e-01, -1.11860896e+00,  2.80407866e+00,
        -4.49089527e-01,  7.12490433e-01,  5.16547401e-01,
        -2.12583886e-02,  2.65785077e-01, -4.24456698e-02],
       [-7.29727012e-01,  4.74629588e-01,  2.63717830e-01,
        -8.79724289e-02,  1.97889718e-01, -1.72224572e-01,
        -7.34530614e-01, -2.30653848e-01,  1.93781003e-01,
         7.55027445e-02,  1.62636992e-01, -4.49089527e-01,
         2.98248191e-01, -1.12038972e-01, -1.02958652e-01,
         6.94041312e-02, -1.25822703e-01,  1.25671314e-01],
       [ 4.75682423e-01, -5.54712413e-01, -4.73710342e-01,
         9.43461391e-02, -6.84948844e-02,  5.63944341e-02,
         4.59986275e-01,  8.06501615e-01, -1.25926504e+00,
        -9.90536212e-02, -4.15477585e-01,  7.12490433e-01,
        -1.12038972e-01,  2.74144118e-01,  1.76647939e-01,
         2.18738554e-03,  1.05159877e-01, -2.03074308e-03],
       [ 5.09144539e-01, -3.58374347e-01, -6.40669269e-01,
         2.12871841e-01, -6.19700054e-02,  6.86193285e-02,
         8.92724122e-01,  1.56985448e+00, -7.09579427e-01,
        -1.32896799e-01, -6.36762042e-01,  5.16547401e-01,
        -1.02958652e-01,  1.76647939e-01,  3.01653317e-01,
        -1.00182280e-01,  7.67667789e-02,  4.84382194e-02],
       [-4.05037515e-02, -3.28997564e-02,  2.49754528e-01,
        -6.35575615e-02,  3.80913094e-02,  1.53597464e-02,
        -6.52669274e-01, -5.79269189e-01, -2.10779937e-03,
         4.50123273e-02,  2.41739472e-01, -2.12583886e-02,
         6.94041312e-02,  2.18738554e-03, -1.00182280e-01,
         1.17009419e-01, -4.68804640e-02, -2.31350497e-02],
       [ 3.55109959e-01, -1.58292949e-01, -2.67945660e-01,
         9.78279983e-02, -1.21885659e-01, -1.35257528e-02,
         1.54852955e+00,  3.65642674e-01, -4.61285065e-01,
        -2.87107891e-01, -2.08584677e-01,  2.65785077e-01,
        -1.25822703e-01,  1.05159877e-01,  7.67667789e-02,
        -4.68804640e-02,  1.96544496e-01,  1.06232687e-02],
       [-4.61286580e-01,  6.10425329e-02, -1.08437632e-01,
         3.33446461e-03, -5.41586504e-03, -1.58272209e-01,
         1.04493697e+00,  1.04078067e-01, -2.81349758e-01,
        -8.04406459e-02, -1.28048091e-01, -4.24456698e-02,
         1.25671314e-01, -2.03074308e-03,  4.84382194e-02,
        -2.31350497e-02,  1.06232687e-02,  1.85463659e-01]])
      jac: array([-3.42881279e-05, -1.18259106e-05, -6.46131297e-06,  6.06059647e-05,
        2.19616917e-05,  6.70726437e-05, -1.34170453e-06,  8.65603885e-07,
       -4.03381032e-06, -2.09073499e-05,  6.59861055e-06, -4.93031542e-06,
        1.06895974e-05,  1.11984496e-05, -2.81430435e-05, -2.02843298e-05,
        2.53813637e-05, -4.71633843e-05])
  message: 'Desired error not necessarily achieved due to precision loss.'
     nfev: 2518
      nit: 82
     njev: 132
   status: 2
  success: False
        x: array([ 0.35067452, -0.41293434,  0.70772183,  0.93717391, -0.61616983,
        0.06339052,  0.42535651, -1.36329964, -0.56453286,  0.01632018,
        0.7431993 ,  0.97786889,  0.08355069,  0.16411555, -0.40412744,
       -0.95039535, -0.49794526,  0.0041842 ])
