Program Begingeth
      fun: 0.2683652200308027
 hess_inv: array([[ 4.22717143e+00,  1.74766628e+00,  4.05315812e-01,
         1.37057037e+00,  6.55339122e-01, -7.44418759e-01,
         2.34995933e+00, -2.49525665e+00, -1.50898197e+00,
        -2.57737037e-01,  9.80363466e-01, -8.58682082e-01,
        -6.62055839e-01, -4.66676695e-01, -4.66919401e-01,
        -2.12553080e-01, -4.78130844e-01,  2.01401639e-01],
       [ 1.74766628e+00,  3.42739427e+00,  1.24532641e+00,
         5.27469395e-01,  1.32779659e+00,  9.25980897e-02,
         3.43247653e+00,  3.83600358e-01,  3.20674027e+00,
         1.77117127e-01,  5.23624749e-01, -1.46118189e+00,
        -5.17677768e-01, -4.69048032e-01, -2.68486043e-01,
        -4.88393296e-02, -2.99470676e-01,  6.56283908e-02],
       [ 4.05315812e-01,  1.24532641e+00,  3.09283075e+00,
         6.33694742e-01,  3.99402130e-01,  1.12374487e+00,
         5.68279901e+00, -3.04851678e+00,  4.55616851e+00,
        -8.92016540e-02,  1.30851668e+00, -8.61853099e-01,
        -3.36779249e-02, -2.41641095e-01, -4.59046205e-01,
        -1.80756541e-01, -5.53178387e-02, -2.37994591e-01],
       [ 1.37057037e+00,  5.27469395e-01,  6.33694742e-01,
         5.96937971e-01,  1.93501548e-01, -2.76926819e-02,
         2.07465673e+00, -1.50367141e+00,  7.30182255e-02,
        -1.55981948e-01,  5.31115639e-01, -2.77533308e-01,
        -1.58967185e-01, -1.41346534e-01, -2.41824845e-01,
        -9.80953622e-02, -1.37617554e-01, -1.25666978e-02],
       [ 6.55339122e-01,  1.32779659e+00,  3.99402130e-01,
         1.93501548e-01,  6.12792858e-01,  4.38263776e-02,
         1.79916301e+00,  9.16924884e-01,  1.02960027e+00,
        -1.10324696e-02,  8.36175925e-02, -4.76910658e-01,
        -2.33296243e-01, -1.26088646e-01, -5.44503827e-02,
        -4.19084611e-02, -1.36935381e-01,  4.22217555e-02],
       [-7.44418759e-01,  9.25980897e-02,  1.12374487e+00,
        -2.76926819e-02,  4.38263776e-02,  6.69976203e-01,
         2.14674919e+00, -3.13030246e-01,  2.37026458e+00,
        -9.63917090e-02,  2.12542196e-01, -1.12968839e-01,
         1.54785443e-01,  1.88179278e-02, -3.97199138e-02,
        -7.19401751e-03,  5.32487517e-02, -1.39795556e-01],
       [ 2.34995933e+00,  3.43247653e+00,  5.68279901e+00,
         2.07465673e+00,  1.79916301e+00,  2.14674919e+00,
         2.12222826e+01, -2.67948041e+00,  8.60351162e+00,
        -1.03007797e+00,  1.99211621e+00, -1.34044386e+00,
        -5.21672624e-01, -4.25107754e-01, -8.94429389e-01,
        -5.30619024e-01, -7.36390574e-01, -5.40861864e-01],
       [-2.49525665e+00,  3.83600358e-01, -3.04851678e+00,
        -1.50367141e+00,  9.16924884e-01, -3.13030246e-01,
        -2.67948041e+00,  1.31696993e+01, -1.44172382e+00,
        -1.86087583e-01, -2.51734319e+00,  4.44292821e-01,
         4.53485435e-02,  4.39566423e-01,  1.19892785e+00,
         3.96483830e-01,  4.52266085e-02,  3.37024776e-01],
       [-1.50898197e+00,  3.20674027e+00,  4.55616851e+00,
         7.30182255e-02,  1.02960027e+00,  2.37026458e+00,
         8.60351162e+00, -1.44172382e+00,  1.40447829e+01,
        -6.38970069e-02,  1.44780864e+00, -1.68981953e+00,
         1.71746666e-01, -6.66501854e-01, -4.78995775e-01,
         5.28399101e-02, -1.87484387e-01, -4.99402087e-01],
       [-2.57737037e-01,  1.77117127e-01, -8.92016540e-02,
        -1.55981948e-01, -1.10324696e-02, -9.63917090e-02,
        -1.03007797e+00, -1.86087583e-01, -6.38970069e-02,
         7.46048936e-01, -1.56579756e-01, -3.20367176e-02,
        -1.26799627e-01,  4.25500644e-02,  8.27490567e-02,
         2.01201105e-02,  1.14334858e-01,  1.82450039e-01],
       [ 9.80363466e-01,  5.23624749e-01,  1.30851668e+00,
         5.31115639e-01,  8.36175925e-02,  2.12542196e-01,
         1.99211621e+00, -2.51734319e+00,  1.44780864e+00,
        -1.56579756e-01,  1.27769918e+00, -5.36878741e-01,
        -7.98812512e-02, -3.16232769e-01, -4.41303196e-01,
        -1.34338485e-01, -9.97297517e-02, -1.83440847e-01],
       [-8.58682082e-01, -1.46118189e+00, -8.61853099e-01,
        -2.77533308e-01, -4.76910658e-01, -1.12968839e-01,
        -1.34044386e+00,  4.44292821e-01, -1.68981953e+00,
        -3.20367176e-02, -5.36878741e-01,  1.03982665e+00,
         1.67736664e-01,  3.38754150e-01,  1.48055146e-01,
        -2.25609920e-02,  1.62707813e-01,  2.52244518e-02],
       [-6.62055839e-01, -5.17677768e-01, -3.36779249e-02,
        -1.58967185e-01, -2.33296243e-01,  1.54785443e-01,
        -5.21672624e-01,  4.53485435e-02,  1.71746666e-01,
        -1.26799627e-01, -7.98812512e-02,  1.67736664e-01,
         2.42479033e-01,  7.94384586e-02,  4.67650769e-02,
         8.54285059e-02,  1.11473721e-01, -9.93072846e-02],
       [-4.66676695e-01, -4.69048032e-01, -2.41641095e-01,
        -1.41346534e-01, -1.26088646e-01,  1.88179278e-02,
        -4.25107754e-01,  4.39566423e-01, -6.66501854e-01,
         4.25500644e-02, -3.16232769e-01,  3.38754150e-01,
         7.94384586e-02,  1.93832878e-01,  1.08162175e-01,
         6.91865639e-03,  1.16753109e-01,  2.76754560e-02],
       [-4.66919401e-01, -2.68486043e-01, -4.59046205e-01,
        -2.41824845e-01, -5.44503827e-02, -3.97199138e-02,
        -8.94429389e-01,  1.19892785e+00, -4.78995775e-01,
         8.27490567e-02, -4.41303196e-01,  1.48055146e-01,
         4.67650769e-02,  1.08162175e-01,  2.15300968e-01,
         6.88962135e-02,  4.73757418e-02,  9.03738312e-02],
       [-2.12553080e-01, -4.88393296e-02, -1.80756541e-01,
        -9.80953622e-02, -4.19084611e-02, -7.19401751e-03,
        -5.30619024e-01,  3.96483830e-01,  5.28399101e-02,
         2.01201105e-02, -1.34338485e-01, -2.25609920e-02,
         8.54285059e-02,  6.91865639e-03,  6.88962135e-02,
         9.08071690e-02,  3.39625903e-02, -1.32723691e-05],
       [-4.78130844e-01, -2.99470676e-01, -5.53178387e-02,
        -1.37617554e-01, -1.36935381e-01,  5.32487517e-02,
        -7.36390574e-01,  4.52266085e-02, -1.87484387e-01,
         1.14334858e-01, -9.97297517e-02,  1.62707813e-01,
         1.11473721e-01,  1.16753109e-01,  4.73757418e-02,
         3.39625903e-02,  1.54223329e-01, -5.91651101e-03],
       [ 2.01401639e-01,  6.56283908e-02, -2.37994591e-01,
        -1.25666978e-02,  4.22217555e-02, -1.39795556e-01,
        -5.40861864e-01,  3.37024776e-01, -4.99402087e-01,
         1.82450039e-01, -1.83440847e-01,  2.52244518e-02,
        -9.93072846e-02,  2.76754560e-02,  9.03738312e-02,
        -1.32723691e-05, -5.91651101e-03,  1.44093722e-01]])
      jac: array([ 9.57086262e-06,  4.39019191e-06,  6.84637532e-08, -1.61008244e-05,
        2.61535238e-05,  2.45670151e-05, -1.91994568e-06,  1.02769645e-06,
       -4.25215418e-06,  1.93341639e-05,  1.31524421e-05,  5.47376959e-06,
        4.94086253e-05,  6.46889949e-06,  8.69193606e-06, -2.54244773e-05,
       -2.75050353e-05, -1.18508906e-05])
  message: 'Desired error not necessarily achieved due to precision loss.'
     nfev: 1702
      nit: 57
     njev: 89
   status: 2
  success: False
        x: array([-0.61311313, -0.8560721 ,  0.60410383, -0.95285415, -0.96558974,
        0.12833931, -0.60097344, -1.60012668, -0.55807335,  0.10109618,
        0.64785701,  1.1381199 ,  0.0964951 ,  0.16781779, -0.34980199,
        1.16175174, -0.36715675, -0.01915547])
