Program Begingeth
      fun: 0.2740249709825129
 hess_inv: array([[ 4.57452423e+00, -1.85089374e+00, -5.97693765e-01,
         1.22121701e+00, -8.38161826e-01,  9.44387450e-01,
         2.27648921e+00,  1.84155920e+00,  1.62354652e+00,
        -4.94034800e-01, -9.98390434e-01,  1.18067317e+00,
        -8.97514907e-01,  4.56558936e-01,  5.42484544e-01,
        -2.25279939e-01,  6.02781848e-01, -3.63538905e-01],
       [-1.85089374e+00,  3.76506124e+00,  1.16121063e+00,
        -3.94099268e-01,  1.42603204e+00, -1.74128295e-01,
        -3.55204720e+00,  6.28206972e-01,  2.98095140e+00,
        -9.16559870e-02,  3.63669445e-01, -1.87367518e+00,
         6.48830138e-01, -5.05474346e-01, -3.40062689e-01,
         1.50546464e-02, -3.24661442e-01,  1.36487195e-01],
       [-5.97693765e-01,  1.16121063e+00,  2.08457678e+00,
        -4.57152097e-01,  4.16729747e-01,  4.72989991e-01,
        -3.41550484e+00, -2.08726137e+00,  1.92985750e+00,
         5.04748156e-02,  9.77825081e-01, -1.00588015e+00,
         1.45337892e-01, -2.18791936e-01, -3.61080242e-01,
         1.83904598e-01, -1.08895874e-01, -7.94632179e-02],
       [ 1.22121701e+00, -3.94099268e-01, -4.57152097e-01,
         4.45714424e-01, -1.96600239e-01,  1.47504008e-01,
         1.38540462e+00,  1.00580549e+00,  4.17986094e-01,
        -1.92287279e-01, -4.42037867e-01,  2.98580624e-01,
        -1.81108953e-01,  1.00825623e-01,  2.16611635e-01,
        -8.70555177e-02,  1.46857637e-01, -3.05263109e-02],
       [-8.38161826e-01,  1.42603204e+00,  4.16729747e-01,
        -1.96600239e-01,  6.92488103e-01, -5.92673109e-02,
        -2.42869442e+00,  8.61055771e-01,  7.89420645e-01,
         1.32784151e-01,  8.29410937e-02, -6.18292280e-01,
         3.30036092e-01, -1.34061766e-01, -1.05995348e-01,
         5.93947450e-02, -2.11020622e-01,  5.68194119e-02],
       [ 9.44387450e-01, -1.74128295e-01,  4.72989991e-01,
         1.47504008e-01, -5.92673109e-02,  4.60126723e-01,
        -9.58327099e-01,  1.20618038e-01,  1.21719804e+00,
         4.34225810e-02, -4.77402922e-02,  5.39604694e-02,
        -2.10666342e-01,  6.93969633e-02,  8.13444597e-02,
        -2.70524715e-02,  7.58992105e-02, -1.13205593e-01],
       [ 2.27648921e+00, -3.55204720e+00, -3.41550484e+00,
         1.38540462e+00, -2.42869442e+00, -9.58327099e-01,
         2.10896941e+01, -8.50755765e-01, -3.85525593e+00,
        -1.54961172e+00, -1.19231269e+00,  1.66869526e+00,
        -1.01012276e+00,  3.73628463e-01,  6.28715121e-01,
        -4.98715294e-01,  1.39047842e+00,  3.87284839e-01],
       [ 1.84155920e+00,  6.28206972e-01, -2.08726137e+00,
         1.00580549e+00,  8.61055771e-01,  1.20618038e-01,
        -8.50755765e-01,  1.02817805e+01,  1.89303213e-01,
         2.47168318e-01, -1.98606698e+00,  4.57673946e-01,
        -5.32740431e-02,  3.82371339e-01,  9.55119367e-01,
        -4.02407505e-01,  7.07820246e-02,  1.25124737e-01],
       [ 1.62354652e+00,  2.98095140e+00,  1.92985750e+00,
         4.17986094e-01,  7.89420645e-01,  1.21719804e+00,
        -3.85525593e+00,  1.89303213e-01,  1.03241186e+01,
        -3.11994386e-01,  2.24667005e-01, -1.56070311e+00,
        -1.32920944e-01, -6.17338867e-01, -4.21479652e-02,
        -2.78513347e-01, -1.31462617e-01, -1.23149129e-01],
       [-4.94034800e-01, -9.16559870e-02,  5.04748156e-02,
        -1.92287279e-01,  1.32784151e-01,  4.34225810e-02,
        -1.54961172e+00,  2.47168318e-01, -3.11994386e-01,
         7.96486171e-01,  1.21576535e-01,  2.40143030e-02,
        -2.21889886e-02, -2.50949513e-02, -5.67031422e-02,
         4.88374468e-02, -2.14814197e-01, -1.33737114e-01],
       [-9.98390434e-01,  3.63669445e-01,  9.77825081e-01,
        -4.42037867e-01,  8.29410937e-02, -4.77402922e-02,
        -1.19231269e+00, -1.98606698e+00,  2.24667005e-01,
         1.21576535e-01,  1.18358501e+00, -5.74138283e-01,
         1.48237237e-01, -2.78854724e-01, -4.10829108e-01,
         1.65976787e-01, -1.23916842e-01, -1.01958015e-01],
       [ 1.18067317e+00, -1.87367518e+00, -1.00588015e+00,
         2.98580624e-01, -6.18292280e-01,  5.39604694e-02,
         1.66869526e+00,  4.57673946e-01, -1.56070311e+00,
         2.40143030e-02, -5.74138283e-01,  1.42555380e+00,
        -3.11234411e-01,  4.07636186e-01,  2.28262432e-01,
         1.82655295e-03,  2.12834516e-01, -4.52328172e-02],
       [-8.97514907e-01,  6.48830138e-01,  1.45337892e-01,
        -1.81108953e-01,  3.30036092e-01, -2.10666342e-01,
        -1.01012276e+00, -5.32740431e-02, -1.32920944e-01,
        -2.21889886e-02,  1.48237237e-01, -3.11234411e-01,
         3.48758662e-01, -1.09894904e-01, -9.90702959e-02,
         1.16106973e-01, -1.94537064e-01,  1.26055494e-01],
       [ 4.56558936e-01, -5.05474346e-01, -2.18791936e-01,
         1.00825623e-01, -1.34061766e-01,  6.93969633e-02,
         3.73628463e-01,  3.82371339e-01, -6.17338867e-01,
        -2.50949513e-02, -2.78854724e-01,  4.07636186e-01,
        -1.09894904e-01,  1.99599642e-01,  1.06368620e-01,
        -1.14058121e-03,  1.23173179e-01, -4.92515505e-03],
       [ 5.42484544e-01, -3.40062689e-01, -3.61080242e-01,
         2.16611635e-01, -1.05995348e-01,  8.13444597e-02,
         6.28715121e-01,  9.55119367e-01, -4.21479652e-02,
        -5.67031422e-02, -4.10829108e-01,  2.28262432e-01,
        -9.90702959e-02,  1.06368620e-01,  2.19685398e-01,
        -8.21756313e-02,  6.25170312e-02,  5.26225076e-02],
       [-2.25279939e-01,  1.50546464e-02,  1.83904598e-01,
        -8.70555177e-02,  5.93947450e-02, -2.70524715e-02,
        -4.98715294e-01, -4.02407505e-01, -2.78513347e-01,
         4.88374468e-02,  1.65976787e-01,  1.82655295e-03,
         1.16106973e-01, -1.14058121e-03, -8.21756313e-02,
         1.23548037e-01, -6.13587660e-02,  2.65896304e-03],
       [ 6.02781848e-01, -3.24661442e-01, -1.08895874e-01,
         1.46857637e-01, -2.11020622e-01,  7.58992105e-02,
         1.39047842e+00,  7.07820246e-02, -1.31462617e-01,
        -2.14814197e-01, -1.23916842e-01,  2.12834516e-01,
        -1.94537064e-01,  1.23173179e-01,  6.25170312e-02,
        -6.13587660e-02,  2.48216242e-01, -2.59747946e-02],
       [-3.63538905e-01,  1.36487195e-01, -7.94632179e-02,
        -3.05263109e-02,  5.68194119e-02, -1.13205593e-01,
         3.87284839e-01,  1.25124737e-01, -1.23149129e-01,
        -1.33737114e-01, -1.01958015e-01, -4.52328172e-02,
         1.26055494e-01, -4.92515505e-03,  5.26225076e-02,
         2.65896304e-03, -2.59747946e-02,  1.58963259e-01]])
      jac: array([ 3.28640818e-05,  1.32945506e-05,  6.09671573e-05,  3.28996090e-07,
       -7.64196114e-05, -1.53301076e-04, -6.40080581e-06,  6.28571269e-06,
        1.06736842e-05,  4.62108130e-05,  3.12675811e-06,  9.50387917e-06,
        1.10053448e-04,  8.43225489e-05,  2.17803553e-05, -1.21124962e-04,
       -4.93716179e-06, -1.50683170e-05])
  message: 'Desired error not necessarily achieved due to precision loss.'
     nfev: 1912
      nit: 61
     njev: 100
   status: 2
  success: False
        x: array([ 0.55104307, -0.7190207 ,  0.63733495,  0.96192326, -0.8639396 ,
        0.10329819,  0.46541848, -1.66514828, -0.52400745,  0.00934806,
        0.66371322,  1.11691393,  0.04351854,  0.10695356, -0.38800085,
       -0.94960495, -0.57331617, -0.02238678])
