Program Begingeth
      fun: 0.21975943133916317
 hess_inv: array([[ 8.06620751e-01,  9.88288879e-02, -2.78909147e-02,
        -4.91068537e-03,  1.22880560e-01,  2.67635954e-01,
         8.79191032e-02, -3.73503923e-01,  5.48609687e-01,
         1.69831373e-02,  5.77157584e-01,  3.70831372e-01,
        -3.38124701e-01, -4.69528714e-02,  1.77490816e-02,
         1.25648591e-02, -3.49639641e-02, -1.98528942e-01],
       [ 9.88288879e-02,  2.80733162e-01, -5.12743486e-02,
         5.35474254e-02,  9.06288944e-03, -2.01220457e-01,
         3.34603993e-01,  7.12747091e-02, -6.55071556e-01,
         6.68170948e-02, -4.76077924e-02, -3.56962920e-01,
        -2.70359011e-03, -9.23565623e-02, -1.20423973e-01,
         3.06124045e-02,  1.19343222e-02, -9.30877643e-02],
       [-2.78909147e-02, -5.12743486e-02,  1.57750660e-01,
         6.08773279e-03,  5.99684257e-02,  6.86261970e-02,
         4.33238887e-02,  8.54050142e-02,  2.87899289e-01,
         4.13282763e-02,  1.23708023e-01,  1.03600675e-01,
         2.17213387e-02,  6.31218365e-02, -5.13053539e-03,
         2.36572462e-02,  2.23188033e-02,  4.78863725e-02],
       [-4.91068537e-03,  5.35474254e-02,  6.08773279e-03,
         2.37400465e-01,  9.73120976e-02,  7.80938596e-02,
         5.91974365e-02,  1.69741371e-01,  9.59150390e-01,
         7.75063574e-01,  2.49686959e-01,  2.17838294e-01,
         9.08406987e-02, -1.16347634e-02, -4.35725874e-02,
         4.56770096e-02, -2.75890365e-02, -7.71492174e-03],
       [ 1.22880560e-01,  9.06288944e-03,  5.99684257e-02,
         9.73120976e-02,  1.59009735e-01,  1.70169038e-01,
         4.65181531e-02,  9.11912015e-02,  9.47738144e-01,
         3.61004658e-01,  4.80503061e-01,  2.68147987e-01,
        -2.03196400e-02,  4.11296305e-02,  1.53086914e-02,
         2.59018390e-02,  1.00603212e-03, -9.50096787e-03],
       [ 2.67635954e-01, -2.01220457e-01,  6.86261970e-02,
         7.80938596e-02,  1.70169038e-01,  8.11096889e-01,
        -1.29181377e+00, -6.24546198e-01,  3.42736308e+00,
         7.88743858e-01,  9.79747732e-01,  1.64868199e+00,
        -1.44927585e-01,  4.95477139e-02,  1.73059308e-01,
        -3.24615229e-02, -3.88308857e-02, -1.02467469e-02],
       [ 8.79191032e-02,  3.34603993e-01,  4.33238887e-02,
         5.91974365e-02,  4.65181531e-02, -1.29181377e+00,
         4.29817554e+00,  1.49355086e+00, -5.43774572e+00,
        -1.31207504e+00, -8.40294793e-01, -3.12172707e+00,
         1.09115983e-01,  2.78504318e-02, -2.64477632e-01,
         1.29156886e-01,  4.53267073e-02, -3.18196293e-02],
       [-3.73503923e-01,  7.12747091e-02,  8.54050142e-02,
         1.69741371e-01,  9.11912015e-02, -6.24546198e-01,
         1.49355086e+00,  1.92269941e+00, -1.93372745e+00,
         6.58791645e-02, -6.20622242e-01, -1.34875161e+00,
         2.63966212e-01,  9.36831683e-02, -1.71132848e-01,
         8.28204055e-02,  3.74995713e-02,  7.71107529e-02],
       [ 5.48609687e-01, -6.55071556e-01,  2.87899289e-01,
         9.59150390e-01,  9.47738144e-01,  3.42736308e+00,
        -5.43774572e+00, -1.93372745e+00,  1.73571692e+01,
         5.54512202e+00,  4.52889862e+00,  7.10750675e+00,
        -1.72255973e-01,  2.35238807e-01,  5.50496296e-01,
        -3.76174932e-02, -1.48008340e-01,  1.13357241e-02],
       [ 1.69831373e-02,  6.68170948e-02,  4.13282763e-02,
         7.75063574e-01,  3.61004658e-01,  7.88743858e-01,
        -1.31207504e+00,  6.58791645e-02,  5.54512202e+00,
         3.19397040e+00,  1.29430715e+00,  1.91179770e+00,
         1.98213022e-01, -1.97736357e-02, -5.45190328e-02,
         8.50139063e-02, -8.36297191e-02, -3.19606014e-02],
       [ 5.77157584e-01, -4.76077924e-02,  1.23708023e-01,
         2.49686959e-01,  4.80503061e-01,  9.79747732e-01,
        -8.40294793e-01, -6.20622242e-01,  4.52889862e+00,
         1.29430715e+00,  2.01219146e+00,  1.80942208e+00,
        -2.13696998e-01,  6.51554905e-02,  1.71933195e-01,
         1.59001104e-02, -3.83805638e-02, -6.71766583e-02],
       [ 3.70831372e-01, -3.56962920e-01,  1.03600675e-01,
         2.17838294e-01,  2.68147987e-01,  1.64868199e+00,
        -3.12172707e+00, -1.34875161e+00,  7.10750675e+00,
         1.91179770e+00,  1.80942208e+00,  3.63787512e+00,
        -1.93607460e-01,  3.08330833e-02,  2.94745688e-01,
        -5.99285659e-02, -1.01454614e-01, -1.87159138e-02],
       [-3.38124701e-01, -2.70359011e-03,  2.17213387e-02,
         9.08406987e-02, -2.03196400e-02, -1.44927585e-01,
         1.09115983e-01,  2.63966212e-01, -1.72255973e-01,
         1.98213022e-01, -2.13696998e-01, -1.93607460e-01,
         2.05093167e-01,  1.07096371e-02, -4.09968008e-02,
         3.95590104e-02,  1.02878224e-03,  8.13259369e-02],
       [-4.69528714e-02, -9.23565623e-02,  6.31218365e-02,
        -1.16347634e-02,  4.11296305e-02,  4.95477139e-02,
         2.78504318e-02,  9.36831683e-02,  2.35238807e-01,
        -1.97736357e-02,  6.51554905e-02,  3.08330833e-02,
         1.07096371e-02,  7.47090680e-02,  3.20904202e-02,
         9.92270059e-04,  2.25209745e-02,  4.45793642e-02],
       [ 1.77490816e-02, -1.20423973e-01, -5.13053539e-03,
        -4.35725874e-02,  1.53086914e-02,  1.73059308e-01,
        -2.64477632e-01, -1.71132848e-01,  5.50496296e-01,
        -5.45190328e-02,  1.71933195e-01,  2.94745688e-01,
        -4.09968008e-02,  3.20904202e-02,  9.81174534e-02,
        -2.75772925e-02, -9.15544257e-03,  3.65766106e-02],
       [ 1.25648591e-02,  3.06124045e-02,  2.36572462e-02,
         4.56770096e-02,  2.59018390e-02, -3.24615229e-02,
         1.29156886e-01,  8.28204055e-02, -3.76174932e-02,
         8.50139063e-02,  1.59001104e-02, -5.99285659e-02,
         3.95590104e-02,  9.92270059e-04, -2.75772925e-02,
         4.14073165e-02, -2.92356341e-03, -1.88613403e-03],
       [-3.49639641e-02,  1.19343222e-02,  2.23188033e-02,
        -2.75890365e-02,  1.00603212e-03, -3.88308857e-02,
         4.53267073e-02,  3.74995713e-02, -1.48008340e-01,
        -8.36297191e-02, -3.83805638e-02, -1.01454614e-01,
         1.02878224e-03,  2.25209745e-02, -9.15544257e-03,
        -2.92356341e-03,  2.98111024e-02,  8.37650601e-03],
       [-1.98528942e-01, -9.30877643e-02,  4.78863725e-02,
        -7.71492174e-03, -9.50096787e-03, -1.02467469e-02,
        -3.18196293e-02,  7.71107529e-02,  1.13357241e-02,
        -3.19606014e-02, -6.71766583e-02, -1.87159138e-02,
         8.13259369e-02,  4.45793642e-02,  3.65766106e-02,
        -1.88613403e-03,  8.37650601e-03,  9.06360341e-02]])
      jac: array([ 0.00908599,  0.00464629, -0.00817996,  0.01001565,  0.01056161,
       -0.00419045, -0.0023977 , -0.00176805,  0.00040441, -0.00302456,
       -0.00342971,  0.00139153,  0.00283825,  0.00458334, -0.01616558,
       -0.01233884, -0.00103071,  0.02322183])
  message: 'Maximum number of iterations has been exceeded.'
     nfev: 2090
      nit: 100
     njev: 110
   status: 1
  success: False
        x: array([ 0.05350305,  0.29511832,  0.77996979,  1.63662917, -0.54687342,
       -0.09887415,  2.4767805 , -0.26826635,  0.51339949,  2.05625526,
       -0.53692544, -0.58278596,  0.13655782,  0.18462209, -0.29211623,
       -1.20596069, -0.35929903,  0.04787079])
