Program Begingeth
      fun: 0.23759070577337826
 hess_inv: array([[ 4.53248217e+00, -1.89455621e+00, -8.58253213e-01,
         1.38612258e+00, -6.43210254e-01,  8.93937189e-01,
         3.16401386e+00,  3.28615426e+00,  1.03468463e+00,
        -5.32439411e-01, -1.21144473e+00,  1.45819290e+00,
        -7.76315660e-01,  5.90137088e-01,  6.21619543e-01,
        -2.35526074e-01,  5.59570073e-01, -3.11845596e-01],
       [-1.89455621e+00,  3.06405732e+00,  1.07291491e+00,
        -4.54244811e-01,  1.09826836e+00, -2.39851185e-01,
        -2.34418085e+00,  4.76351378e-01,  1.79383309e+00,
        -1.06642782e-01,  3.32205645e-01, -1.75321292e+00,
         5.52014330e-01, -4.51012330e-01, -3.15112090e-01,
         3.72830665e-02, -2.23929872e-01,  1.39576016e-01],
       [-8.58253213e-01,  1.07291491e+00,  2.88349578e+00,
        -7.24870800e-01,  3.17105131e-01,  7.46869304e-01,
        -5.26639039e+00, -3.38463298e+00,  3.72360572e+00,
         1.85904157e-01,  1.56919439e+00, -1.34541659e+00,
         1.41677716e-01, -3.56376994e-01, -5.81717346e-01,
         2.69266861e-01, -1.53447188e-01, -2.46064581e-01],
       [ 1.38612258e+00, -4.54244811e-01, -7.24870800e-01,
         5.89630695e-01, -1.57734466e-01,  9.03579865e-02,
         2.32009669e+00,  1.78206873e+00, -1.13957066e-01,
        -2.62259031e-01, -6.61720379e-01,  4.75197096e-01,
        -1.78551033e-01,  1.75551846e-01,  2.97919759e-01,
        -1.22711437e-01,  1.67338419e-01,  1.04221032e-02],
       [-6.43210254e-01,  1.09826836e+00,  3.17105131e-01,
        -1.57734466e-01,  5.36479873e-01, -5.27049880e-02,
        -1.64761375e+00,  1.14462921e+00,  3.00566839e-01,
         7.13896310e-02, -9.01109375e-03, -5.09421183e-01,
         2.46153653e-01, -8.59928766e-02, -5.05760350e-02,
         5.12695775e-02, -1.18749205e-01,  5.68932066e-02],
       [ 8.93937189e-01, -2.39851185e-01,  7.46869304e-01,
         9.03579865e-02, -5.27049880e-02,  5.76827444e-01,
        -1.49869265e+00,  1.79741406e-02,  1.71590836e+00,
         7.42255548e-02,  1.32542572e-01,  9.13795681e-03,
        -1.90652299e-01,  5.57570808e-02,  1.57292098e-02,
         1.01928176e-02,  5.43825330e-02, -1.78585778e-01],
       [ 3.16401386e+00, -2.34418085e+00, -5.26639039e+00,
         2.32009669e+00, -1.64761375e+00, -1.49869265e+00,
         2.30513123e+01,  2.98536949e+00, -5.35050246e+00,
        -1.70773287e+00, -2.60508927e+00,  2.00427609e+00,
        -7.63269430e-01,  5.00428534e-01,  1.10978642e+00,
        -7.94263899e-01,  1.11322903e+00,  7.01857834e-01],
       [ 3.28615426e+00,  4.76351378e-01, -3.38463298e+00,
         1.78206873e+00,  1.14462921e+00,  1.79741406e-02,
         2.98536949e+00,  1.65708633e+01, -3.18302197e+00,
        -2.34869478e-01, -3.46670627e+00,  1.22794632e+00,
        -1.50536121e-01,  8.00727998e-01,  1.60819257e+00,
        -5.81329187e-01,  3.12772964e-01,  3.53901453e-01],
       [ 1.03468463e+00,  1.79383309e+00,  3.72360572e+00,
        -1.13957066e-01,  3.00566839e-01,  1.71590836e+00,
        -5.35050246e+00, -3.18302197e+00,  1.16188284e+01,
        -2.52239235e-02,  1.63721710e+00, -1.78069746e+00,
        -1.46681577e-01, -7.48989354e-01, -5.94913336e-01,
         4.19740921e-02, -2.13620042e-01, -5.05076511e-01],
       [-5.32439411e-01, -1.06642782e-01,  1.85904157e-01,
        -2.62259031e-01,  7.13896310e-02,  7.42255548e-02,
        -1.70773287e+00, -2.34869478e-01, -2.52239235e-02,
         7.46806918e-01,  2.59986989e-01, -2.05046401e-02,
        -3.74299863e-02, -5.83008642e-02, -1.13774170e-01,
         6.88508030e-02, -1.86088300e-01, -1.65286815e-01],
       [-1.21144473e+00,  3.32205645e-01,  1.56919439e+00,
        -6.61720379e-01, -9.01109375e-03,  1.32542572e-01,
        -2.60508927e+00, -3.46670627e+00,  1.63721710e+00,
         2.59986989e-01,  1.64993373e+00, -8.10766627e-01,
         1.26427140e-01, -3.89928463e-01, -5.90275964e-01,
         2.31472324e-01, -1.62588813e-01, -2.02957464e-01],
       [ 1.45819290e+00, -1.75321292e+00, -1.34541659e+00,
         4.75197096e-01, -5.09421183e-01,  9.13795681e-03,
         2.00427609e+00,  1.22794632e+00, -1.78069746e+00,
        -2.05046401e-02, -8.10766627e-01,  1.57550231e+00,
        -2.87720972e-01,  4.62517165e-01,  3.36424152e-01,
        -2.93102463e-02,  2.04777148e-01, -1.84576980e-04],
       [-7.76315660e-01,  5.52014330e-01,  1.41677716e-01,
        -1.78551033e-01,  2.46153653e-01, -1.90652299e-01,
        -7.63269430e-01, -1.50536121e-01, -1.46681577e-01,
        -3.74299863e-02,  1.26427140e-01, -2.87720972e-01,
         2.80656329e-01, -1.05914563e-01, -8.77797940e-02,
         1.04711520e-01, -1.43581677e-01,  1.20472677e-01],
       [ 5.90137088e-01, -4.51012330e-01, -3.56376994e-01,
         1.75551846e-01, -8.59928766e-02,  5.57570808e-02,
         5.00428534e-01,  8.00727998e-01, -7.48989354e-01,
        -5.83008642e-02, -3.89928463e-01,  4.62517165e-01,
        -1.05914563e-01,  2.27638353e-01,  1.57180062e-01,
        -1.98348040e-02,  1.31414218e-01,  1.01838575e-02],
       [ 6.21619543e-01, -3.15112090e-01, -5.81717346e-01,
         2.97919759e-01, -5.05760350e-02,  1.57292098e-02,
         1.10978642e+00,  1.60819257e+00, -5.94913336e-01,
        -1.13774170e-01, -5.90275964e-01,  3.36424152e-01,
        -8.77797940e-02,  1.57180062e-01,  2.85895232e-01,
        -1.06010743e-01,  7.70229097e-02,  9.00291002e-02],
       [-2.35526074e-01,  3.72830665e-02,  2.69266861e-01,
        -1.22711437e-01,  5.12695775e-02,  1.01928176e-02,
        -7.94263899e-01, -5.81329187e-01,  4.19740921e-02,
         6.88508030e-02,  2.31472324e-01, -2.93102463e-02,
         1.04711520e-01, -1.98348040e-02, -1.06010743e-01,
         1.29495329e-01, -5.97790437e-02, -1.23428211e-02],
       [ 5.59570073e-01, -2.23929872e-01, -1.53447188e-01,
         1.67338419e-01, -1.18749205e-01,  5.43825330e-02,
         1.11322903e+00,  3.12772964e-01, -2.13620042e-01,
        -1.86088300e-01, -1.62588813e-01,  2.04777148e-01,
        -1.43581677e-01,  1.31414218e-01,  7.70229097e-02,
        -5.97790437e-02,  1.99854463e-01, -1.23781119e-02],
       [-3.11845596e-01,  1.39576016e-01, -2.46064581e-01,
         1.04221032e-02,  5.68932066e-02, -1.78585778e-01,
         7.01857834e-01,  3.53901453e-01, -5.05076511e-01,
        -1.65286815e-01, -2.02957464e-01, -1.84576980e-04,
         1.20472677e-01,  1.01838575e-02,  9.00291002e-02,
        -1.23428211e-02, -1.23781119e-02,  1.84915525e-01]])
      jac: array([ 9.28446209e-05, -9.69567019e-05,  2.97950553e-05, -2.41465921e-04,
        1.79241622e-04, -7.22183424e-05,  1.55447877e-05, -7.76138413e-06,
        8.04338078e-06,  4.54140429e-05, -6.60151563e-05, -1.16982350e-05,
        2.27179016e-04, -1.73538036e-04,  5.62646226e-05, -1.21765191e-04,
        1.34556810e-04, -7.57384896e-05])
  message: 'Desired error not necessarily achieved due to precision loss.'
     nfev: 2576
      nit: 81
     njev: 135
   status: 2
  success: False
        x: array([ 0.55449417, -0.62116693,  0.66801959,  0.92965723, -0.8015812 ,
        0.10649428,  0.55789341, -1.43967199, -0.60131702,  0.00945162,
        0.71650134,  1.09464234,  0.04382546,  0.18146421, -0.3891164 ,
       -0.91443389, -0.38475168, -0.02459315])
