Program Begingeth
      fun: 0.34546814557347866
 hess_inv: array([[ 1.24452435e+01,  4.00584882e+00,  1.86422199e+00,
         3.85873207e+00,  2.28650274e+00,  2.23776381e-01,
         6.16712409e+00, -2.20110681e-02, -3.15163148e+00,
        -6.65391033e-01,  1.84362784e-01, -4.04798943e-01,
        -1.92720055e+00, -1.89622967e-01, -6.34925040e-02,
        -4.22326254e-01, -1.07245904e+00,  2.55378701e-01],
       [ 4.00584882e+00,  4.74453597e+00,  6.53184110e-01,
         9.09957406e-01,  2.09766855e+00,  2.99364702e-01,
         1.08575850e+00,  2.78498020e+00,  5.63712317e-01,
        -4.82733127e-01, -8.78348641e-02, -1.18841061e+00,
        -7.36014425e-01, -3.48054814e-01,  3.48357928e-01,
        -4.10053589e-03, -4.07622671e-01,  1.34094037e-01],
       [ 1.86422199e+00,  6.53184110e-01,  4.31294810e+00,
         9.90053667e-01,  8.28844265e-02,  1.59896286e+00,
         5.24857118e+00, -2.34449105e+00,  1.82095294e+00,
        -3.01171869e-01,  1.05581099e+00, -3.49186510e-01,
        -8.75152085e-02, -3.63714650e-01, -2.32153333e-01,
        -2.40402612e-03, -1.39986407e-01,  2.28624192e-02],
       [ 3.85873207e+00,  9.09957406e-01,  9.90053667e-01,
         1.34548621e+00,  5.56910893e-01,  2.29021729e-01,
         2.92869957e+00, -3.94640747e-01, -9.71514873e-01,
        -2.32411438e-01,  1.24906892e-01, -2.01024575e-02,
        -5.04050294e-01, -2.84955946e-02, -6.32110827e-02,
        -1.14344036e-01, -2.86232698e-01,  6.83238663e-02],
       [ 2.28650274e+00,  2.09766855e+00,  8.28844265e-02,
         5.56910893e-01,  1.02952604e+00,  4.26388117e-02,
         5.40173578e-01,  1.68356935e+00, -1.08287631e-01,
        -3.02036825e-01, -1.03584237e-01, -4.21128777e-01,
        -3.99732565e-01, -9.81181859e-02,  1.57282885e-01,
        -4.24661202e-02, -2.20022164e-01,  6.66797402e-02],
       [ 2.23776381e-01,  2.99364702e-01,  1.59896286e+00,
         2.29021729e-01,  4.26388117e-02,  6.90903728e-01,
         1.91619881e+00, -4.90338497e-01,  1.17210924e+00,
        -2.26664605e-01,  2.75561224e-01, -1.56107580e-01,
         7.77144844e-02, -1.22241422e-01, -2.01642003e-02,
         3.58377389e-02, -1.62791121e-02,  4.66432573e-03],
       [ 6.16712409e+00,  1.08575850e+00,  5.24857118e+00,
         2.92869957e+00,  5.40173578e-01,  1.91619881e+00,
         1.22403364e+01, -2.53299576e+00,  1.49636590e-01,
        -4.97615798e-01,  6.09109775e-01, -4.78404366e-02,
        -4.60617380e-01, -9.23525760e-02, -1.64593967e-01,
        -1.01746061e-01, -3.01030039e-01,  1.46583197e-01],
       [-2.20110681e-02,  2.78498020e+00, -2.34449105e+00,
        -3.94640747e-01,  1.68356935e+00, -4.90338497e-01,
        -2.53299576e+00,  8.25924120e+00,  2.63722359e-01,
        -1.02687830e+00, -7.31074166e-01, -4.64121818e-01,
         8.41760342e-02,  7.12070307e-02,  5.80877165e-01,
         9.53820810e-02, -5.88868980e-02,  5.17580082e-03],
       [-3.15163148e+00,  5.63712317e-01,  1.82095294e+00,
        -9.71514873e-01, -1.08287631e-01,  1.17210924e+00,
         1.49636590e-01,  2.63722359e-01,  5.13093948e+00,
        -3.62654590e-01,  2.92984252e-01, -4.09143178e-01,
         5.52802742e-01, -3.27071571e-01,  7.82472740e-02,
         2.00792173e-01,  1.46380674e-01, -9.69259642e-02],
       [-6.65391033e-01, -4.82733127e-01, -3.01171869e-01,
        -2.32411438e-01, -3.02036825e-01, -2.26664605e-01,
        -4.97615798e-01, -1.02687830e+00, -3.62654590e-01,
         1.13676161e+00, -1.84125382e-01,  1.10357088e-01,
        -1.75164163e-01,  7.79803854e-02,  2.73826689e-02,
        -7.93500373e-03,  9.10215897e-02,  1.81339806e-01],
       [ 1.84362784e-01, -8.78348641e-02,  1.05581099e+00,
         1.24906892e-01, -1.03584237e-01,  2.75561224e-01,
         6.09109775e-01, -7.31074166e-01,  2.92984252e-01,
        -1.84125382e-01,  9.98138836e-01, -1.04250502e-01,
         3.51519842e-02, -2.61412864e-01, -2.63479944e-01,
        -1.63634282e-02, -3.40464354e-02, -1.47198973e-01],
       [-4.04798943e-01, -1.18841061e+00, -3.49186510e-01,
        -2.01024575e-02, -4.21128777e-01, -1.56107580e-01,
        -4.78404366e-02, -4.64121818e-01, -4.09143178e-01,
         1.10357088e-01, -1.04250502e-01,  6.88029816e-01,
         7.40582836e-02,  1.99501263e-01, -1.39924055e-01,
        -7.53424628e-02,  9.96879054e-02, -7.84451608e-03],
       [-1.92720055e+00, -7.36014425e-01, -8.75152085e-02,
        -5.04050294e-01, -3.99732565e-01,  7.77144844e-02,
        -4.60617380e-01,  8.41760342e-02,  5.52802742e-01,
        -1.75164163e-01,  3.51519842e-02,  7.40582836e-02,
         4.53444380e-01,  3.15444799e-02, -8.89273539e-03,
         1.16528948e-01,  1.93498666e-01, -9.59357336e-02],
       [-1.89622967e-01, -3.48054814e-01, -3.63714650e-01,
        -2.84955946e-02, -9.81181859e-02, -1.22241422e-01,
        -9.23525760e-02,  7.12070307e-02, -3.27071571e-01,
         7.79803854e-02, -2.61412864e-01,  1.99501263e-01,
         3.15444799e-02,  1.46815207e-01,  2.97065298e-02,
        -1.14136222e-02,  6.44575161e-02,  3.23735602e-02],
       [-6.34925040e-02,  3.48357928e-01, -2.32153333e-01,
        -6.32110827e-02,  1.57282885e-01, -2.01642003e-02,
        -1.64593967e-01,  5.80877165e-01,  7.82472740e-02,
         2.73826689e-02, -2.63479944e-01, -1.39924055e-01,
        -8.89273539e-03,  2.97065298e-02,  1.49783145e-01,
         3.15437302e-02, -2.03737155e-03,  6.61707900e-02],
       [-4.22326254e-01, -4.10053589e-03, -2.40402612e-03,
        -1.14344036e-01, -4.24661202e-02,  3.58377389e-02,
        -1.01746061e-01,  9.53820810e-02,  2.00792173e-01,
        -7.93500373e-03, -1.63634282e-02, -7.53424628e-02,
         1.16528948e-01, -1.14136222e-02,  3.15437302e-02,
         6.93819748e-02,  4.39153233e-02, -1.08679686e-02],
       [-1.07245904e+00, -4.07622671e-01, -1.39986407e-01,
        -2.86232698e-01, -2.20022164e-01, -1.62791121e-02,
        -3.01030039e-01, -5.88868980e-02,  1.46380674e-01,
         9.10215897e-02, -3.40464354e-02,  9.96879054e-02,
         1.93498666e-01,  6.44575161e-02, -2.03737155e-03,
         4.39153233e-02,  1.45652537e-01, -1.60658978e-02],
       [ 2.55378701e-01,  1.34094037e-01,  2.28624192e-02,
         6.83238663e-02,  6.66797402e-02,  4.66432573e-03,
         1.46583197e-01,  5.17580082e-03, -9.69259642e-02,
         1.81339806e-01, -1.47198973e-01, -7.84451608e-03,
        -9.59357336e-02,  3.23735602e-02,  6.61707900e-02,
        -1.08679686e-02, -1.60658978e-02,  8.95120690e-02]])
      jac: array([ 3.25850458e-06, -1.50731279e-06, -2.03170814e-07, -8.27819295e-06,
        3.50867483e-06,  2.98946053e-06,  4.20774526e-07, -1.72824718e-07,
       -6.47260023e-07,  1.81484457e-06, -2.08943973e-06,  5.62512999e-07,
        6.33567273e-06, -6.11732887e-06, -1.84408044e-06, -4.22957965e-06,
        2.40659344e-06, -1.04879068e-06])
  message: 'Optimization terminated successfully.'
     nfev: 2071
      nit: 96
     njev: 109
   status: 0
  success: True
        x: array([-0.82270348, -1.11853198, -0.02291815, -1.33133828, -1.06598058,
       -0.10199644, -1.91658834, -1.26761288, -1.03679318,  0.15345463,
        0.38178326,  1.14617775,  0.10544773,  0.1079063 , -0.26113363,
        1.4494625 , -0.53055193,  0.01795889])
