Program Begingeth
      fun: 0.30642930405367724
 hess_inv: array([[ 6.89038434e+00,  4.56093238e-01, -2.58329477e-01,
         3.20431876e-01, -1.04268456e+00,  2.45523831e-01,
         1.36037383e+00, -3.81475591e-01,  1.66022740e+00,
        -1.34433434e+00, -5.40422939e-01, -3.57112868e-01,
        -1.58562197e+00, -4.80310835e-01,  2.95182226e-01,
         1.06186320e+00,  8.25127551e-01, -2.85563705e-02],
       [ 4.56093238e-01,  2.16614130e+00,  1.19474621e-01,
         2.87421706e-01,  2.23877898e-01,  2.32886016e-01,
         4.57538876e-01,  1.19838439e+00,  1.25245931e+00,
         1.19372041e-01, -1.73189898e-01, -8.23126556e-01,
        -1.17451611e-02, -3.59132755e-01,  3.10472473e-01,
        -6.43845183e-02,  5.05295576e-01,  4.15886861e-02],
       [-2.58329477e-01,  1.19474621e-01,  2.76344989e+00,
        -2.37857434e-01, -2.18726795e-01,  3.99886272e-01,
        -2.13225401e+00, -1.57104684e+00,  9.34617732e-01,
         2.90119904e-01,  9.52834195e-01, -3.89529548e-01,
        -9.73211913e-02, -3.75350094e-01, -3.38014636e-01,
        -6.54455835e-02, -5.56066116e-03,  5.46108654e-01],
       [ 3.20431876e-01,  2.87421706e-01, -2.37857434e-01,
         1.98060603e-01,  4.00287015e-03, -4.65095731e-02,
         8.84538616e-01,  1.78374303e-01,  2.82592042e-01,
        -9.69520537e-02, -1.98133460e-02, -1.62907281e-01,
         6.45583042e-02, -8.94187295e-02,  3.62285167e-02,
         5.92657401e-02,  4.50587408e-02, -4.71989039e-02],
       [-1.04268456e+00,  2.23877898e-01, -2.18726795e-01,
         4.00287015e-03,  3.01232336e-01, -8.94090319e-03,
        -2.79770748e-02,  7.83314648e-01, -1.68830978e-01,
         3.21075194e-01, -5.13411716e-02,  4.21224918e-02,
         2.56213372e-01,  1.12096611e-01,  5.60273406e-02,
        -1.56534313e-01, -6.97732727e-02, -3.95302401e-02],
       [ 2.45523831e-01,  2.32886016e-01,  3.99886272e-01,
        -4.65095731e-02, -8.94090319e-03,  2.21646214e-01,
        -5.38512686e-01,  2.21371336e-01,  5.24310535e-01,
         2.31474212e-01, -7.50130035e-02, -9.18150333e-02,
        -1.57201096e-01, -5.24562048e-02,  9.92286422e-02,
         7.98964776e-03,  7.15927300e-02,  8.63908613e-02],
       [ 1.36037383e+00,  4.57538876e-01, -2.13225401e+00,
         8.84538616e-01, -2.79770748e-02, -5.38512686e-01,
         5.87141904e+00,  7.97114258e-01,  3.86984662e-01,
        -5.09777533e-01, -1.27955726e-01, -2.49722910e-01,
         2.04744848e-01, -1.84253804e-01,  4.21144453e-02,
         2.52200074e-01,  7.52254443e-02, -4.74103488e-01],
       [-3.81475591e-01,  1.19838439e+00, -1.57104684e+00,
         1.78374303e-01,  7.83314648e-01,  2.21371336e-01,
         7.97114258e-01,  5.23481128e+00,  4.05619724e-01,
         9.61723953e-01, -6.53021977e-01, -6.68798955e-02,
        -1.85471007e-02,  1.67460823e-01,  6.41225936e-01,
        -1.16677048e-01,  1.39152851e-01, -3.06147605e-01],
       [ 1.66022740e+00,  1.25245931e+00,  9.34617732e-01,
         2.82592042e-01, -1.68830978e-01,  5.24310535e-01,
         3.86984662e-01,  4.05619724e-01,  3.26838312e+00,
         2.94680743e-01,  2.02727461e-01, -5.21492208e-01,
        -3.62891725e-01, -5.27078638e-01,  1.07555639e-01,
         1.93676032e-01,  3.21947530e-01,  1.11676717e-01],
       [-1.34433434e+00,  1.19372041e-01,  2.90119904e-01,
        -9.69520537e-02,  3.21075194e-01,  2.31474212e-01,
        -5.09777533e-01,  9.61723953e-01,  2.94680743e-01,
         1.14560988e+00,  8.21936649e-02,  3.90342533e-02,
         8.69459100e-02,  7.34979969e-02,  6.13473244e-02,
        -2.23112419e-01, -1.54885328e-01, -2.53204591e-02],
       [-5.40422939e-01, -1.73189898e-01,  9.52834195e-01,
        -1.98133460e-02, -5.13411716e-02, -7.50130035e-02,
        -1.27955726e-01, -6.53021977e-01,  2.02727461e-01,
         8.21936649e-02,  1.09337559e+00, -1.28231777e-01,
         1.58713943e-01, -2.66421032e-01, -3.94331798e-01,
        -5.00684960e-02, -1.25051831e-01,  8.14802321e-02],
       [-3.57112868e-01, -8.23126556e-01, -3.89529548e-01,
        -1.62907281e-01,  4.21224918e-02, -9.18150333e-02,
        -2.49722910e-01, -6.68798955e-02, -5.21492208e-01,
         3.90342533e-02, -1.28231777e-01,  6.90593020e-01,
         1.38418593e-02,  2.96158182e-01, -1.00425987e-01,
         2.22759944e-02, -1.64961912e-01, -7.54517875e-02],
       [-1.58562197e+00, -1.17451611e-02, -9.73211913e-02,
         6.45583042e-02,  2.56213372e-01, -1.57201096e-01,
         2.04744848e-01, -1.85471007e-02, -3.62891725e-01,
         8.69459100e-02,  1.58713943e-01,  1.38418593e-02,
         5.42636082e-01,  7.52132715e-02, -9.69406548e-02,
        -2.05131796e-01, -2.07689014e-01, -5.83256462e-03],
       [-4.80310835e-01, -3.59132755e-01, -3.75350094e-01,
        -8.94187295e-02,  1.12096611e-01, -5.24562048e-02,
        -1.84253804e-01,  1.67460823e-01, -5.27078638e-01,
         7.34979969e-02, -2.66421032e-01,  2.96158182e-01,
         7.52132715e-02,  2.41983160e-01,  3.95483020e-02,
        -4.65269852e-02, -9.16521851e-02, -4.64578148e-02],
       [ 2.95182226e-01,  3.10472473e-01, -3.38014636e-01,
         3.62285167e-02,  5.60273406e-02,  9.92286422e-02,
         4.21144453e-02,  6.41225936e-01,  1.07555639e-01,
         6.13473244e-02, -3.94331798e-01, -1.00425987e-01,
        -9.69406548e-02,  3.95483020e-02,  2.36603083e-01,
         9.27514811e-03,  9.55463740e-02, -2.38639249e-02],
       [ 1.06186320e+00, -6.43845183e-02, -6.54455835e-02,
         5.92657401e-02, -1.56534313e-01,  7.98964776e-03,
         2.52200074e-01, -1.16677048e-01,  1.93676032e-01,
        -2.23112419e-01, -5.00684960e-02,  2.22759944e-02,
        -2.05131796e-01, -4.65269852e-02,  9.27514811e-03,
         2.06911884e-01,  8.75391624e-02, -1.06428610e-02],
       [ 8.25127551e-01,  5.05295576e-01, -5.56066116e-03,
         4.50587408e-02, -6.97732727e-02,  7.15927300e-02,
         7.52254443e-02,  1.39152851e-01,  3.21947530e-01,
        -1.54885328e-01, -1.25051831e-01, -1.64961912e-01,
        -2.07689014e-01, -9.16521851e-02,  9.55463740e-02,
         8.75391624e-02,  2.37963460e-01,  1.02647090e-02],
       [-2.85563705e-02,  4.15886861e-02,  5.46108654e-01,
        -4.71989039e-02, -3.95302401e-02,  8.63908613e-02,
        -4.74103488e-01, -3.06147605e-01,  1.11676717e-01,
        -2.53204591e-02,  8.14802321e-02, -7.54517875e-02,
        -5.83256462e-03, -4.64578148e-02, -2.38639249e-02,
        -1.06428610e-02,  1.02647090e-02,  1.52856655e-01]])
      jac: array([-8.05651842e-07, -7.51620988e-07,  1.28563826e-06,  5.74799467e-06,
        2.54611147e-07, -4.80948614e-06, -8.06762065e-07, -3.49350178e-07,
        3.05681406e-07, -4.34097203e-07, -2.12422672e-07,  7.50140690e-07,
       -3.50867483e-06,  3.50090327e-07,  2.89028061e-06, -5.15883632e-07,
        3.70814490e-07, -3.27700829e-06])
  message: 'Optimization terminated successfully.'
     nfev: 1425
      nit: 65
     njev: 75
   status: 0
  success: True
        x: array([-0.19574763, -0.76870007, -0.02224506,  1.23477663, -0.54733001,
       -0.1476913 ,  1.90549434, -0.72403435, -1.15175068,  0.0609027 ,
        0.4499521 ,  1.13895392,  0.23697872,  0.14391743, -0.29603001,
       -1.2390943 , -0.92675141,  0.01916451])
