Program Begingeth
      fun: 0.23038565903978497
 hess_inv: array([[ 4.26167702e+00,  4.14717628e-01, -1.05746363e+00,
        -1.51053785e+00,  1.00062208e+00, -5.49331201e-01,
        -9.65565688e-01,  7.11425091e+00, -3.25821004e+00,
         2.82247270e+00, -5.47783243e-01,  2.98216025e+00,
        -4.50339029e+00,  5.35732092e-01, -5.96688001e-01,
        -9.88481450e-01,  1.07242344e-01, -7.45113135e-02],
       [ 4.14717628e-01,  1.22991332e+00, -3.67030368e-01,
        -4.16500309e-01, -1.07988263e-01, -1.97626077e-01,
        -1.06304913e+00,  8.66190436e-01, -2.31450075e-01,
         4.98704057e-01,  4.20194305e-01,  1.30700366e-01,
        -7.07111418e-01, -8.73520491e-01,  8.71199799e-02,
        -1.24818079e-01, -1.57588390e-01,  2.04576232e-01],
       [-1.05746363e+00, -3.67030368e-01,  1.63789889e+00,
         6.03668186e-01,  1.14006728e-01, -1.03481886e-01,
         1.71178756e+00, -1.25942064e+00,  7.28258462e-01,
        -1.66885747e+00, -8.81741377e-02, -2.62064967e-01,
         1.51284841e+00,  3.27150423e-01, -1.00630354e+00,
         3.24637444e-01, -5.67080374e-02, -3.38789253e-01],
       [-1.51053785e+00, -4.16500309e-01,  6.03668186e-01,
         8.20633855e-01, -3.71290994e-01,  1.14317483e-01,
         8.74128157e-01, -3.36347053e+00,  8.20955694e-01,
        -1.27495818e+00,  2.97172182e-01, -8.06436442e-01,
         1.97181611e+00, -6.57841028e-02, -6.93903519e-02,
         4.48528548e-01, -4.48853487e-02, -7.90756327e-02],
       [ 1.00062208e+00, -1.07988263e-01,  1.14006728e-01,
        -3.71290994e-01,  5.23263983e-01, -1.03298540e-01,
         4.79564062e-01,  2.73772162e+00, -5.61152268e-01,
         4.81876673e-01, -4.25507596e-01,  7.63347914e-01,
        -1.09200091e+00,  5.46837504e-01, -3.40268466e-01,
        -2.44969112e-01,  1.10695951e-01, -8.61043961e-02],
       [-5.49331201e-01, -1.97626077e-01, -1.03481886e-01,
         1.14317483e-01, -1.03298540e-01,  2.62882748e-01,
         4.76802099e-02, -5.86681019e-01,  8.58552003e-01,
        -1.97108245e-01, -1.24904678e-01, -5.24453029e-01,
         4.44688055e-01,  6.76542221e-02,  4.25815223e-01,
         9.26173273e-02,  3.10204118e-02,  9.47720390e-02],
       [-9.65565688e-01, -1.06304913e+00,  1.71178756e+00,
         8.74128157e-01,  4.79564062e-01,  4.76802099e-02,
         4.26869192e+00, -2.17564485e-01,  7.84310503e-01,
        -1.48062009e+00, -3.35772563e-01, -1.31076830e-02,
         1.49687714e+00,  1.09853093e+00, -9.40950000e-01,
         2.82133173e-01,  1.38306924e-01, -3.33347947e-01],
       [ 7.11425091e+00,  8.66190436e-01, -1.25942064e+00,
        -3.36347053e+00,  2.73772162e+00, -5.86681019e-01,
        -2.17564485e-01,  1.95148707e+01, -3.91237336e+00,
         5.02134074e+00, -1.64902430e+00,  4.37618575e+00,
        -8.79994442e+00,  1.66192957e+00, -7.22700118e-01,
        -2.04488877e+00,  3.80166311e-01,  5.44640651e-02],
       [-3.25821004e+00, -2.31450075e-01,  7.28258462e-01,
         8.20955694e-01, -5.61152268e-01,  8.58552003e-01,
         7.84310503e-01, -3.91237336e+00,  5.41876463e+00,
        -2.07055768e+00, -3.11924131e-01, -2.20128719e+00,
         3.04712725e+00, -1.59289614e-01,  7.48078601e-01,
         6.93370320e-01, -4.22420421e-02,  1.14730318e-01],
       [ 2.82247270e+00,  4.98704057e-01, -1.66885747e+00,
        -1.27495818e+00,  4.81876673e-01, -1.97108245e-01,
        -1.48062009e+00,  5.02134074e+00, -2.07055768e+00,
         2.84024262e+00, -2.85134544e-01,  1.56032070e+00,
        -3.50096005e+00,  9.07556089e-02,  4.32330084e-01,
        -7.83553183e-01,  1.33715143e-01,  2.03920427e-01],
       [-5.47783243e-01,  4.20194305e-01, -8.81741377e-02,
         2.97172182e-01, -4.25507596e-01, -1.24904678e-01,
        -3.35772563e-01, -1.64902430e+00, -3.11924131e-01,
        -2.85134544e-01,  1.40320593e+00, -4.99757600e-01,
         6.19711080e-01, -9.20871789e-01,  1.78090845e-01,
         2.11879467e-02, -1.87778095e-01,  1.88523333e-01],
       [ 2.98216025e+00,  1.30700366e-01, -2.62064967e-01,
        -8.06436442e-01,  7.63347914e-01, -5.24453029e-01,
        -1.31076830e-02,  4.37618575e+00, -2.20128719e+00,
         1.56032070e+00, -4.99757600e-01,  2.69588712e+00,
        -2.75437418e+00,  5.52127516e-01, -1.04219863e+00,
        -5.46298414e-01,  5.09323793e-02, -2.67942738e-01],
       [-4.50339029e+00, -7.07111418e-01,  1.51284841e+00,
         1.97181611e+00, -1.09200091e+00,  4.44688055e-01,
         1.49687714e+00, -8.79994442e+00,  3.04712725e+00,
        -3.50096005e+00,  6.19711080e-01, -2.75437418e+00,
         5.34999929e+00, -4.37622493e-01,  1.48161814e-01,
         1.23849320e+00, -1.49483362e-01, -9.69635126e-02],
       [ 5.35732092e-01, -8.73520491e-01,  3.27150423e-01,
        -6.57841028e-02,  5.46837504e-01,  6.76542221e-02,
         1.09853093e+00,  1.66192957e+00, -1.59289614e-01,
         9.07556089e-02, -9.20871789e-01,  5.52127516e-01,
        -4.37622493e-01,  1.16711886e+00, -3.34106590e-01,
        -7.95512119e-02,  2.53572720e-01, -2.19709374e-01],
       [-5.96688001e-01,  8.71199799e-02, -1.00630354e+00,
        -6.93903519e-02, -3.40268466e-01,  4.25815223e-01,
        -9.40950000e-01, -7.22700118e-01,  7.48078601e-01,
         4.32330084e-01,  1.78090845e-01, -1.04219863e+00,
         1.48161814e-01, -3.34106590e-01,  1.30717575e+00,
         3.59002277e-03,  4.02656810e-02,  4.16276723e-01],
       [-9.88481450e-01, -1.24818079e-01,  3.24637444e-01,
         4.48528548e-01, -2.44969112e-01,  9.26173273e-02,
         2.82133173e-01, -2.04488877e+00,  6.93370320e-01,
        -7.83553183e-01,  2.11879467e-02, -5.46298414e-01,
         1.23849320e+00, -7.95512119e-02,  3.59002277e-03,
         3.32043314e-01, -3.08038700e-02, -3.85182320e-02],
       [ 1.07242344e-01, -1.57588390e-01, -5.67080374e-02,
        -4.48853487e-02,  1.10695951e-01,  3.10204118e-02,
         1.38306924e-01,  3.80166311e-01, -4.22420421e-02,
         1.33715143e-01, -1.87778095e-01,  5.09323793e-02,
        -1.49483362e-01,  2.53572720e-01,  4.02656810e-02,
        -3.08038700e-02,  9.26862851e-02, -7.93143777e-03],
       [-7.45113135e-02,  2.04576232e-01, -3.38789253e-01,
        -7.90756327e-02, -8.61043961e-02,  9.47720390e-02,
        -3.33347947e-01,  5.44640651e-02,  1.14730318e-01,
         2.03920427e-01,  1.88523333e-01, -2.67942738e-01,
        -9.69635126e-02, -2.19709374e-01,  4.16276723e-01,
        -3.85182320e-02, -7.93143777e-03,  1.87913436e-01]])
      jac: array([ 1.26389640e-05, -4.48696635e-06, -9.04387676e-06, -4.21446211e-05,
       -1.69956641e-05,  7.41462447e-06, -5.61772851e-07,  2.26707542e-06,
       -8.29151562e-07,  4.17758421e-06,  3.79899815e-06, -6.16007245e-06,
        3.03501668e-05,  1.22187445e-05, -2.23515650e-05, -5.28096085e-07,
       -6.05256586e-06,  2.54030130e-05])
  message: 'Desired error not necessarily achieved due to precision loss.'
     nfev: 1797
      nit: 37
     njev: 94
   status: 2
  success: False
        x: array([ 0.63041016, -0.06094253,  0.50201727,  0.22773631, -1.02395823,
       -0.511528  ,  1.19838512, -1.53773242, -0.76714404, -0.95517973,
        0.07306384,  0.58289317,  0.15319394,  0.00795546, -0.21617912,
        0.08396583,  1.26755101, -0.55667137])
