Program Begingeth
      fun: 0.22244359609482228
 hess_inv: array([[ 3.78156976e+00,  1.31421896e+00,  1.07243071e+00,
         8.08899683e-01,  3.72808375e-01, -7.52339912e-01,
         1.58150273e+00, -3.11609827e+00,  8.03141566e-02,
        -9.37598116e-01,  1.12215358e+00, -1.55497258e+00,
        -7.55520455e-01, -5.11431198e-01, -5.94142157e-01,
        -1.14298866e-01, -4.16740530e-01,  3.54310569e-01],
       [ 1.31421896e+00,  2.32366199e+00,  8.90377414e-01,
         1.18484234e-01,  6.64142231e-01, -1.99332085e-01,
         1.11383621e+00,  5.51699674e-01,  2.14832969e+00,
        -1.39699895e-01,  6.94343120e-02, -1.76655389e+00,
        -4.47015729e-01, -4.21138680e-01, -2.39905078e-01,
         4.05339827e-02, -8.44325664e-02,  1.11494869e-01],
       [ 1.07243071e+00,  8.90377414e-01,  3.39232972e+00,
         8.55210875e-01,  3.25076303e-01,  6.33260988e-01,
         7.85456563e+00, -4.45775978e+00,  4.39001968e+00,
        -7.48487153e-01,  2.22873567e+00, -1.89993324e+00,
        -2.61907083e-01, -4.47471597e-01, -8.49982652e-01,
        -4.12527036e-01, -2.94582031e-01, -2.77161001e-01],
       [ 8.08899683e-01,  1.18484234e-01,  8.55210875e-01,
         4.06555602e-01,  8.62346977e-02,  4.78346915e-02,
         2.63507969e+00, -1.67663672e+00,  5.99411609e-01,
        -3.97796949e-01,  7.08543580e-01, -4.02694951e-01,
        -1.14858497e-01, -1.02340388e-01, -2.90841710e-01,
        -1.23913022e-01, -1.33287068e-01, -4.76503925e-02],
       [ 3.72808375e-01,  6.64142231e-01,  3.25076303e-01,
         8.62346977e-02,  3.25955110e-01,  2.36093646e-02,
         1.53851580e+00,  7.58033435e-01,  4.84021486e-01,
        -1.96999234e-01, -6.58448457e-03, -4.23504658e-01,
        -1.53495994e-01, -4.49550486e-02, -3.99406398e-02,
        -3.13697069e-02, -5.67949783e-02,  1.42157543e-02],
       [-7.52339912e-01, -1.99332085e-01,  6.33260988e-01,
         4.78346915e-02,  2.36093646e-02,  4.93219212e-01,
         2.54478941e+00, -4.40910501e-02,  1.46634269e+00,
        -1.46437027e-01,  2.20362063e-01,  1.33078656e-02,
         1.70449364e-01,  4.65289667e-02, -1.40161657e-02,
        -6.85138268e-02, -1.92717497e-02, -1.92002922e-01],
       [ 1.58150273e+00,  1.11383621e+00,  7.85456563e+00,
         2.63507969e+00,  1.53851580e+00,  2.54478941e+00,
         3.47874214e+01, -6.76527031e+00,  1.06845223e+01,
        -3.34994006e+00,  4.61542456e+00, -2.80889152e+00,
        -5.08987625e-01, -4.52410117e-01, -1.69944675e+00,
        -1.17251447e+00, -1.33097135e+00, -1.22226779e+00],
       [-3.11609827e+00,  5.51699674e-01, -4.45775978e+00,
        -1.67663672e+00,  7.58033435e-01, -4.40910501e-02,
        -6.76527031e+00,  1.63225567e+01, -4.39515493e+00,
         9.57093484e-01, -4.28015263e+00,  1.75243308e+00,
         4.43585087e-01,  7.62979782e-01,  1.91808780e+00,
         7.85134046e-01,  5.66746191e-01,  2.96827781e-01],
       [ 8.03141566e-02,  2.14832969e+00,  4.39001968e+00,
         5.99411609e-01,  4.84021486e-01,  1.46634269e+00,
         1.06845223e+01, -4.39515493e+00,  1.30705716e+01,
        -1.01982771e+00,  2.50374694e+00, -2.84164474e+00,
        -1.57085071e-01, -1.07618154e+00, -1.04813159e+00,
        -2.98166779e-01, -5.67225098e-01, -5.98683131e-01],
       [-9.37598116e-01, -1.39699895e-01, -7.48487153e-01,
        -3.97796949e-01, -1.96999234e-01, -1.46437027e-01,
        -3.34994006e+00,  9.57093484e-01, -1.01982771e+00,
         1.16288729e+00, -6.77953931e-01,  3.99246165e-01,
         5.56946041e-02,  1.63298774e-01,  2.59632177e-01,
         1.21382448e-01,  2.99774374e-01,  1.61347211e-01],
       [ 1.12215358e+00,  6.94343120e-02,  2.22873567e+00,
         7.08543580e-01, -6.58448457e-03,  2.20362063e-01,
         4.61542456e+00, -4.28015263e+00,  2.50374694e+00,
        -6.77953931e-01,  2.26939779e+00, -1.14113927e+00,
        -1.69808937e-01, -4.27153396e-01, -7.99650238e-01,
        -3.39332735e-01, -2.54737094e-01, -2.53424088e-01],
       [-1.55497258e+00, -1.76655389e+00, -1.89993324e+00,
        -4.02694951e-01, -4.23504658e-01,  1.33078656e-02,
        -2.80889152e+00,  1.75243308e+00, -2.84164474e+00,
         3.99246165e-01, -1.14113927e+00,  2.27744615e+00,
         4.08329697e-01,  6.11070380e-01,  4.96065070e-01,
         7.99620490e-02,  2.32109798e-01,  1.25617470e-02],
       [-7.55520455e-01, -4.47015729e-01, -2.61907083e-01,
        -1.14858497e-01, -1.53495994e-01,  1.70449364e-01,
        -5.08987625e-01,  4.43585087e-01, -1.57085071e-01,
         5.56946041e-02, -1.69808937e-01,  4.08329697e-01,
         2.66884377e-01,  1.12400395e-01,  1.13482362e-01,
         6.22750843e-02,  9.99410963e-02, -1.17133439e-01],
       [-5.11431198e-01, -4.21138680e-01, -4.47471597e-01,
        -1.02340388e-01, -4.49550486e-02,  4.65289667e-02,
        -4.52410117e-01,  7.62979782e-01, -1.07618154e+00,
         1.63298774e-01, -4.27153396e-01,  6.11070380e-01,
         1.12400395e-01,  2.55890056e-01,  1.78784906e-01,
         8.47784905e-03,  1.16128268e-01,  1.50683204e-02],
       [-5.94142157e-01, -2.39905078e-01, -8.49982652e-01,
        -2.90841710e-01, -3.99406398e-02, -1.40161657e-02,
        -1.69944675e+00,  1.91808780e+00, -1.04813159e+00,
         2.59632177e-01, -7.99650238e-01,  4.96065070e-01,
         1.13482362e-01,  1.78784906e-01,  3.62663225e-01,
         1.35291142e-01,  1.00574127e-01,  8.95553159e-02],
       [-1.14298866e-01,  4.05339827e-02, -4.12527036e-01,
        -1.23913022e-01, -3.13697069e-02, -6.85138268e-02,
        -1.17251447e+00,  7.85134046e-01, -2.98166779e-01,
         1.21382448e-01, -3.39332735e-01,  7.99620490e-02,
         6.22750843e-02,  8.47784905e-03,  1.35291142e-01,
         1.20756937e-01,  4.79021130e-02,  4.20293857e-02],
       [-4.16740530e-01, -8.44325664e-02, -2.94582031e-01,
        -1.33287068e-01, -5.67949783e-02, -1.92717497e-02,
        -1.33097135e+00,  5.66746191e-01, -5.67225098e-01,
         2.99774374e-01, -2.54737094e-01,  2.32109798e-01,
         9.99410963e-02,  1.16128268e-01,  1.00574127e-01,
         4.79021130e-02,  1.68224605e-01,  1.56851837e-02],
       [ 3.54310569e-01,  1.11494869e-01, -2.77161001e-01,
        -4.76503925e-02,  1.42157543e-02, -1.92002922e-01,
        -1.22226779e+00,  2.96827781e-01, -5.98683131e-01,
         1.61347211e-01, -2.53424088e-01,  1.25617470e-02,
        -1.17133439e-01,  1.50683204e-02,  8.95553159e-02,
         4.20293857e-02,  1.56851837e-02,  1.78926527e-01]])
      jac: array([ 1.08429932e-05,  9.97997981e-06, -5.16716299e-06, -1.98065638e-05,
       -3.98477547e-06,  2.33994305e-05,  1.53025740e-07, -3.30291350e-07,
       -2.01653509e-06,  9.19375687e-06,  9.71963251e-06,  1.41349895e-06,
        1.66100467e-05,  1.28550874e-05,  1.19515509e-06,  2.36403489e-06,
       -1.91568983e-05, -3.63005922e-06])
  message: 'Desired error not necessarily achieved due to precision loss.'
     nfev: 2025
      nit: 74
     njev: 106
   status: 2
  success: False
        x: array([-0.24979875, -0.39939677,  0.68386188, -0.83122638, -0.62493216,
        0.05838421, -0.45333496, -1.25330137, -0.6445464 ,  0.10916941,
        0.7412324 ,  0.97586105,  0.03532121,  0.19816363, -0.38886833,
        1.08748623, -0.37397484,  0.01057573])
