Program Begingeth
      fun: 0.22542006797789182
 hess_inv: array([[ 5.25603075e+00,  7.75502238e-01, -2.09181227e+00,
        -9.62528085e-01,  2.42975637e-01, -1.28539241e+00,
        -8.03151111e-01,  3.33496794e+00, -5.21387904e+00,
         1.69521898e+00,  2.29833989e-01,  2.82856916e+00,
        -4.12460429e+00, -1.52166531e-01, -8.49916148e-01,
        -9.69916120e-01,  2.95992215e-01, -2.30806781e-01],
       [ 7.75502238e-01,  1.21339677e+00, -2.24532316e-01,
        -1.68150968e-01, -1.98879637e-01, -4.26039473e-01,
        -7.62483434e-01, -2.62239644e-02, -8.49883406e-01,
         1.96146391e-01,  2.23816476e-01,  3.87690567e-01,
        -5.89355428e-01, -8.42501832e-01, -3.31932403e-01,
        -1.58563775e-01, -1.41303585e-01,  3.23782541e-02],
       [-2.09181227e+00, -2.24532316e-01,  1.87783101e+00,
         5.71091179e-01,  6.33870114e-02,  2.99640346e-01,
         8.49371073e-01, -1.33211986e+00,  2.02034928e+00,
        -1.12525540e+00, -9.19153143e-02, -1.09442650e+00,
         1.94480297e+00,  1.03520276e-01, -4.58033575e-01,
         4.66318834e-01, -2.23541295e-01, -1.21982899e-01],
       [-9.62528085e-01, -1.68150968e-01,  5.71091179e-01,
         3.83614844e-01, -9.42777764e-02,  1.60773450e-01,
         4.32034108e-01, -1.11498664e+00,  7.25343533e-01,
        -3.89662600e-01,  1.17473980e-01, -3.91906790e-01,
         1.00588127e+00, -5.53046932e-02, -4.20874716e-02,
         2.46170466e-01, -1.14324364e-01, -6.27202962e-03],
       [ 2.42975637e-01, -1.98879637e-01,  6.33870114e-02,
        -9.42777764e-02,  3.06435706e-01,  4.08269169e-04,
         4.30763168e-01,  1.13272335e+00, -2.03811049e-02,
         6.87263174e-03, -1.61711794e-01,  1.21359061e-01,
        -2.41841440e-01,  4.35870344e-01, -5.72286475e-02,
        -2.41411434e-02,  1.34121388e-01, -5.81860918e-03],
       [-1.28539241e+00, -4.26039473e-01,  2.99640346e-01,
         1.60773450e-01,  4.08269169e-04,  4.88455773e-01,
         2.38240686e-01, -5.04625321e-01,  1.58122440e+00,
        -3.75530883e-01, -1.80844796e-01, -7.08413135e-01,
         9.08487653e-01,  2.37153141e-01,  4.93308193e-01,
         2.15081938e-01, -2.05118204e-02,  1.19480310e-01],
       [-8.03151111e-01, -7.62483434e-01,  8.49371073e-01,
         4.32034108e-01,  4.30763168e-01,  2.38240686e-01,
         2.52153488e+00,  5.90600095e-01,  7.56173871e-01,
        -3.71373620e-01, -5.48112490e-02, -3.24881933e-01,
         7.95432466e-01,  7.94339837e-01, -8.73682030e-02,
         1.83037845e-01,  1.18334684e-01,  9.15481036e-03],
       [ 3.33496794e+00, -2.62239644e-02, -1.33211986e+00,
        -1.11498664e+00,  1.13272335e+00, -5.04625321e-01,
         5.90600095e-01,  7.19725166e+00, -2.25406023e+00,
         1.07913403e+00, -2.91382146e-01,  1.49110572e+00,
        -3.29535153e+00,  1.09716268e+00, -1.14721160e-01,
        -7.59618614e-01,  5.58682687e-01,  2.85333569e-02],
       [-5.21387904e+00, -8.49883406e-01,  2.02034928e+00,
         7.25343533e-01, -2.03811049e-02,  1.58122440e+00,
         7.56173871e-01, -2.25406023e+00,  7.09946421e+00,
        -1.73698120e+00, -6.19639928e-01, -2.74276149e+00,
         3.85332515e+00,  4.56063100e-01,  1.03114582e+00,
         9.25180530e-01, -2.33753545e-01,  2.44565814e-01],
       [ 1.69521898e+00,  1.96146391e-01, -1.12525540e+00,
        -3.89662600e-01,  6.87263174e-03, -3.75530883e-01,
        -3.71373620e-01,  1.07913403e+00, -1.73698120e+00,
         9.24898837e-01,  5.32611512e-02,  9.19083949e-01,
        -1.50299742e+00, -3.13684900e-02, -1.48431143e-02,
        -3.42829137e-01,  1.78512548e-01, -3.06718647e-02],
       [ 2.29833989e-01,  2.23816476e-01, -9.19153143e-02,
         1.17473980e-01, -1.61711794e-01, -1.80844796e-01,
        -5.48112490e-02, -2.91382146e-01, -6.19639928e-01,
         5.32611512e-02,  6.66205433e-01,  1.00157319e-01,
        -8.23278336e-02, -4.38189696e-01, -9.32806674e-02,
        -1.35624118e-01, -8.68916477e-02,  3.75543177e-02],
       [ 2.82856916e+00,  3.87690567e-01, -1.09442650e+00,
        -3.91906790e-01,  1.21359061e-01, -7.08413135e-01,
        -3.24881933e-01,  1.49110572e+00, -2.74276149e+00,
         9.19083949e-01,  1.00157319e-01,  1.79877763e+00,
        -2.02719690e+00, -6.69428403e-02, -5.76723955e-01,
        -4.11920085e-01,  1.41775122e-01, -1.61124560e-01],
       [-4.12460429e+00, -5.89355428e-01,  1.94480297e+00,
         1.00588127e+00, -2.41841440e-01,  9.08487653e-01,
         7.95432466e-01, -3.29535153e+00,  3.85332515e+00,
        -1.50299742e+00, -8.23278336e-02, -2.02719690e+00,
         3.61001691e+00,  1.55466363e-02,  3.58576865e-01,
         9.01530041e-01, -3.26834323e-01,  1.00152542e-01],
       [-1.52166531e-01, -8.42501832e-01,  1.03520276e-01,
        -5.53046932e-02,  4.35870344e-01,  2.37153141e-01,
         7.94339837e-01,  1.09716268e+00,  4.56063100e-01,
        -3.13684900e-02, -4.38189696e-01, -6.69428403e-02,
         1.55466363e-02,  9.88510392e-01,  1.59843013e-01,
         7.77697381e-02,  2.70105725e-01, -1.84797000e-02],
       [-8.49916148e-01, -3.31932403e-01, -4.58033575e-01,
        -4.20874716e-02, -5.72286475e-02,  4.93308193e-01,
        -8.73682030e-02, -1.14721160e-01,  1.03114582e+00,
        -1.48431143e-02, -9.32806674e-02, -5.76723955e-01,
         3.58576865e-01,  1.59843013e-01,  9.35772035e-01,
         5.31352508e-02,  6.46280510e-02,  2.83033526e-01],
       [-9.69916120e-01, -1.58563775e-01,  4.66318834e-01,
         2.46170466e-01, -2.41411434e-02,  2.15081938e-01,
         1.83037845e-01, -7.59618614e-01,  9.25180530e-01,
        -3.42829137e-01, -1.35624118e-01, -4.11920085e-01,
         9.01530041e-01,  7.77697381e-02,  5.31352508e-02,
         2.77018126e-01, -6.28035942e-02,  5.49667804e-03],
       [ 2.95992215e-01, -1.41303585e-01, -2.23541295e-01,
        -1.14324364e-01,  1.34121388e-01, -2.05118204e-02,
         1.18334684e-01,  5.58682687e-01, -2.33753545e-01,
         1.78512548e-01, -8.68916477e-02,  1.41775122e-01,
        -3.26834323e-01,  2.70105725e-01,  6.46280510e-02,
        -6.28035942e-02,  1.40132803e-01,  1.23453040e-02],
       [-2.30806781e-01,  3.23782541e-02, -1.21982899e-01,
        -6.27202962e-03, -5.81860918e-03,  1.19480310e-01,
         9.15481036e-03,  2.85333569e-02,  2.44565814e-01,
        -3.06718647e-02,  3.75543177e-02, -1.61124560e-01,
         1.00152542e-01, -1.84797000e-02,  2.83033526e-01,
         5.49667804e-03,  1.23453040e-02,  1.34827980e-01]])
      jac: array([-3.01592085e-05, -3.13880403e-05, -2.72726286e-05, -1.68520753e-05,
        1.28609715e-04,  3.37437485e-05, -3.67391303e-06, -1.10996397e-05,
       -9.99293241e-06,  1.61691031e-05, -2.07887411e-05,  8.05910894e-06,
        7.74158515e-06, -7.84100562e-05, -2.49226565e-05, -4.43893070e-05,
        6.82602123e-07,  1.51214226e-05])
  message: 'Desired error not necessarily achieved due to precision loss.'
     nfev: 1968
      nit: 47
     njev: 103
   status: 2
  success: False
        x: array([ 0.49167282, -0.07083516,  0.55317977,  0.30596158, -0.93452152,
       -0.50836987,  1.23055096, -1.65697695, -0.71634661, -1.09400467,
        0.09295954,  0.51962304,  0.35385258,  0.00598856, -0.20676498,
        0.13726953,  1.13039561, -0.56771353])
