Program Begingeth
      fun: 0.292431836577689
 hess_inv: array([[ 4.39958792e+00,  3.03171654e-01,  9.62726890e-01,
         2.18160985e+00,  8.57036317e-02, -2.03672331e-01,
         4.31300759e+00,  3.41502577e-01, -4.36717323e+00,
         7.13414558e-01,  6.76470535e-01, -5.34053560e-01,
        -5.20217837e-02, -2.45988508e-01, -1.78216148e-01,
         8.74671357e-02, -4.07719548e-02,  2.08146644e-02],
       [ 3.03171654e-01,  1.59185684e+00, -1.53855889e-01,
         1.82722433e-01,  7.94321879e-01, -1.68180580e-01,
         4.23136802e-01,  9.97554312e-01,  1.15374305e+00,
         5.42502391e-01,  4.32534965e-01, -6.89044334e-02,
        -1.43618433e-01,  7.70088314e-03, -1.62161037e-01,
        -7.39123912e-02,  6.80198853e-02,  8.88964894e-03],
       [ 9.62726890e-01, -1.53855889e-01,  1.59965246e+00,
         5.67898260e-01, -1.36312487e-01,  6.40970891e-01,
         1.40540415e+00, -1.73353247e+00, -1.27833484e+00,
         2.57286836e-01, -1.12478514e-01,  1.72643157e-01,
         1.90755076e-02,  1.30985774e-01,  7.04587390e-02,
         1.17209277e-03,  8.14516426e-02,  7.87783738e-02],
       [ 2.18160985e+00,  1.82722433e-01,  5.67898260e-01,
         1.10371953e+00,  5.88937065e-02, -5.93362428e-02,
         2.31691342e+00,  6.45187190e-02, -2.09681262e+00,
         3.56210429e-01,  3.64540079e-01, -2.31936472e-01,
        -1.86770132e-02, -1.10688916e-01, -9.75050172e-02,
         4.18065076e-02, -9.12456939e-03,  9.22023777e-03],
       [ 8.57036317e-02,  7.94321879e-01, -1.36312487e-01,
         5.88937065e-02,  4.44993863e-01, -1.25060596e-01,
         6.21916366e-01,  9.89412862e-01,  6.77830416e-01,
         2.57655067e-01,  2.80663297e-01, -6.53714966e-02,
        -1.19548682e-01, -1.25821424e-02, -9.11088436e-02,
        -6.18048721e-02,  1.12762234e-02,  1.27366853e-02],
       [-2.03672331e-01, -1.68180580e-01,  6.40970891e-01,
        -5.93362428e-02, -1.25060596e-01,  3.84008762e-01,
        -3.49413606e-01, -1.14748904e+00,  1.29728928e-01,
        -6.74312051e-02, -2.24140859e-01,  1.81637374e-01,
         7.34555341e-02,  1.21924434e-01,  7.88747875e-02,
         8.68726661e-03,  6.65280532e-02,  2.21732832e-02],
       [ 4.31300759e+00,  4.23136802e-01,  1.40540415e+00,
         2.31691342e+00,  6.21916366e-01, -3.49413606e-01,
         1.27810856e+01,  4.35248592e+00, -4.42411759e+00,
         9.05558803e-01,  1.61567729e+00, -6.84612264e-01,
        -7.25172320e-01, -5.16257691e-01, -3.29110261e-01,
        -2.30682593e-01, -4.30821802e-01,  2.24422130e-01],
       [ 3.41502577e-01,  9.97554312e-01, -1.73353247e+00,
         6.45187190e-02,  9.89412862e-01, -1.14748904e+00,
         4.35248592e+00,  8.30053225e+00,  1.18076959e+00,
         3.82529272e-01,  1.11225221e+00, -1.18930059e+00,
        -5.65916911e-01, -4.60373116e-01, -1.89966516e-01,
        -1.43327234e-01, -3.06023455e-01,  6.60445626e-02],
       [-4.36717323e+00,  1.15374305e+00, -1.27833484e+00,
        -2.09681262e+00,  6.77830416e-01,  1.29728928e-01,
        -4.42411759e+00,  1.18076959e+00,  8.34713214e+00,
        -5.98363662e-01,  3.95237444e-01,  1.94580452e-01,
         6.87623878e-02,  1.61914038e-01, -3.65702258e-02,
        -1.36813868e-01,  1.83055390e-01, -1.24570098e-01],
       [ 7.13414558e-01,  5.42502391e-01,  2.57286836e-01,
         3.56210429e-01,  2.57655067e-01, -6.74312051e-02,
         9.05558803e-01,  3.82529272e-01, -5.98363662e-01,
         1.19408686e+00,  1.25907106e-01, -6.52755352e-02,
        -2.94163864e-01, -3.20809616e-04,  4.24598694e-02,
        -3.97746172e-02,  3.28273045e-02,  2.27296658e-01],
       [ 6.76470535e-01,  4.32534965e-01, -1.12478514e-01,
         3.64540079e-01,  2.80663297e-01, -2.24140859e-01,
         1.61567729e+00,  1.11225221e+00,  3.95237444e-01,
         1.25907106e-01,  9.21170201e-01, -2.44803718e-01,
        -9.44649880e-02, -2.02747523e-01, -2.04401649e-01,
        -5.26913821e-02, -3.28777530e-02, -8.18910430e-02],
       [-5.34053560e-01, -6.89044334e-02,  1.72643157e-01,
        -2.31936472e-01, -6.53714966e-02,  1.81637374e-01,
        -6.84612264e-01, -1.18930059e+00,  1.94580452e-01,
        -6.52755352e-02, -2.44803718e-01,  5.23761926e-01,
         1.51269625e-02,  1.43318267e-01, -3.14552762e-03,
        -5.45268906e-02,  6.51811450e-02,  2.16103851e-02],
       [-5.20217837e-02, -1.43618433e-01,  1.90755076e-02,
        -1.86770132e-02, -1.19548682e-01,  7.34555341e-02,
        -7.25172320e-01, -5.65916911e-01,  6.87623878e-02,
        -2.94163864e-01, -9.44649880e-02,  1.51269625e-02,
         1.66013512e-01,  2.69141347e-02,  3.59726235e-03,
         6.92582772e-02,  3.70765729e-02, -7.52934614e-02],
       [-2.45988508e-01,  7.70088314e-03,  1.30985774e-01,
        -1.10688916e-01, -1.25821424e-02,  1.21924434e-01,
        -5.16257691e-01, -4.60373116e-01,  1.61914038e-01,
        -3.20809616e-04, -2.02747523e-01,  1.43318267e-01,
         2.69141347e-02,  1.04984889e-01,  3.81951324e-02,
        -1.79767803e-03,  6.17203937e-02,  2.05669116e-02],
       [-1.78216148e-01, -1.62161037e-01,  7.04587390e-02,
        -9.75050172e-02, -9.11088436e-02,  7.88747875e-02,
        -3.29110261e-01, -1.89966516e-01, -3.65702258e-02,
         4.24598694e-02, -2.04401649e-01, -3.14552762e-03,
         3.59726235e-03,  3.81951324e-02,  9.43836597e-02,
         1.83368580e-02,  3.69033233e-03,  5.86579543e-02],
       [ 8.74671357e-02, -7.39123912e-02,  1.17209277e-03,
         4.18065076e-02, -6.18048721e-02,  8.68726661e-03,
        -2.30682593e-01, -1.43327234e-01, -1.36813868e-01,
        -3.97746172e-02, -5.26913821e-02, -5.45268906e-02,
         6.92582772e-02, -1.79767803e-03,  1.83368580e-02,
         5.92335282e-02,  9.48481972e-03, -1.54754769e-02],
       [-4.07719548e-02,  6.80198853e-02,  8.14516426e-02,
        -9.12456939e-03,  1.12762234e-02,  6.65280532e-02,
        -4.30821802e-01, -3.06023455e-01,  1.83055390e-01,
         3.28273045e-02, -3.28777530e-02,  6.51811450e-02,
         3.70765729e-02,  6.17203937e-02,  3.69033233e-03,
         9.48481972e-03,  7.21978667e-02, -2.85839543e-03],
       [ 2.08146644e-02,  8.88964894e-03,  7.87783738e-02,
         9.22023777e-03,  1.27366853e-02,  2.21732832e-02,
         2.24422130e-01,  6.60445626e-02, -1.24570098e-01,
         2.27296658e-01, -8.18910430e-02,  2.16103851e-02,
        -7.52934614e-02,  2.05669116e-02,  5.86579543e-02,
        -1.54754769e-02, -2.85839543e-03,  9.38405960e-02]])
      jac: array([-5.62475992e-06,  6.64616510e-06, -1.54820601e-05,  1.14538009e-05,
       -8.69452658e-06,  4.31758333e-05, -2.21748545e-06,  2.91655589e-06,
       -5.78241159e-06, -2.45322281e-06,  9.26851189e-06, -4.93901216e-06,
       -1.40524629e-05, -5.32166903e-06, -1.36612943e-05,  1.70900331e-06,
        5.82200954e-06,  9.60527953e-06])
  message: 'Desired error not necessarily achieved due to precision loss.'
     nfev: 2177
      nit: 61
     njev: 114
   status: 2
  success: False
        x: array([-1.72939423, -1.15580834,  0.65136881, -1.52895653, -1.22119581,
        0.3522289 , -0.58074651, -1.65074674,  1.04103733,  0.04869335,
        0.45701982,  1.19002757,  0.1232786 ,  0.21017648, -0.24477934,
        1.3905269 , -0.15780961,  0.01285948])
