Program Begingeth
      fun: 0.2743586272009162
 hess_inv: array([[ 4.59761330e+00, -1.70286074e+00, -6.46436033e-01,
         1.24635962e+00, -6.74937530e-01,  9.03242540e-01,
         2.11054883e+00,  2.52995168e+00,  1.63847825e+00,
        -4.81208003e-01, -1.02790570e+00,  1.17832142e+00,
        -8.47827036e-01,  4.74022886e-01,  5.32716009e-01,
        -1.85350396e-01,  5.37707471e-01, -3.59487606e-01],
       [-1.70286074e+00,  3.17381732e+00,  1.15763794e+00,
        -4.22293169e-01,  1.15722006e+00, -8.82594357e-02,
        -3.67300361e+00, -4.55858153e-02,  2.70674142e+00,
        -1.29117336e-01,  3.64454147e-01, -1.61533132e+00,
         5.85502472e-01, -4.40577441e-01, -3.02096543e-01,
         2.19863211e-02, -2.66904544e-01,  1.23038987e-01],
       [-6.46436033e-01,  1.15763794e+00,  2.37498807e+00,
        -5.46556865e-01,  3.76591131e-01,  5.42276450e-01,
        -4.22621247e+00, -2.90999368e+00,  2.35198159e+00,
        -3.49560168e-02,  1.14299009e+00, -1.01571286e+00,
         1.77442009e-01, -2.40284474e-01, -4.42196254e-01,
         2.21812826e-01, -1.08672413e-01, -8.00745370e-02],
       [ 1.24635962e+00, -4.22293169e-01, -5.46556865e-01,
         4.67731203e-01, -1.78394216e-01,  1.21568573e-01,
         1.57750495e+00,  1.27489849e+00,  2.73526437e-01,
        -1.76481489e-01, -4.86089963e-01,  3.28994409e-01,
        -1.85934490e-01,  1.18216257e-01,  2.30306207e-01,
        -8.62296830e-02,  1.38985181e-01, -3.52689535e-02],
       [-6.74937530e-01,  1.15722006e+00,  3.76591131e-01,
        -1.78394216e-01,  5.56812037e-01, -1.72003550e-02,
        -2.27963378e+00,  6.78728860e-01,  6.87742653e-01,
         9.06012022e-02,  4.90137959e-02, -4.98107063e-01,
         2.75115689e-01, -9.62800220e-02, -7.44142863e-02,
         5.00957411e-02, -1.52928844e-01,  4.73665947e-02],
       [ 9.03242540e-01, -8.82594357e-02,  5.42276450e-01,
         1.21568573e-01, -1.72003550e-02,  4.57028516e-01,
        -1.24732069e+00,  4.64244036e-02,  1.33992478e+00,
         3.15486300e-02, -9.16496951e-03,  1.03238713e-02,
        -1.81367263e-01,  5.77541609e-02,  4.98074324e-02,
        -4.61531022e-03,  5.70954197e-02, -1.15478175e-01],
       [ 2.11054883e+00, -3.67300361e+00, -4.22621247e+00,
         1.57750495e+00, -2.27963378e+00, -1.24732069e+00,
         2.26167232e+01,  6.78353832e-01, -5.15469395e+00,
        -1.22662057e+00, -1.43583787e+00,  1.81553382e+00,
        -9.89075236e-01,  3.57577472e-01,  7.32654313e-01,
        -5.70948322e-01,  1.14658128e+00,  3.77836515e-01],
       [ 2.52995168e+00, -4.55858153e-02, -2.90999368e+00,
         1.27489849e+00,  6.78728860e-01,  4.64244036e-02,
         6.78353832e-01,  1.20246258e+01, -9.42904459e-01,
         2.35926750e-01, -2.51168801e+00,  8.64670789e-01,
        -2.19278219e-01,  5.53493205e-01,  1.19954236e+00,
        -4.70867864e-01,  1.74395248e-01,  9.77671993e-02],
       [ 1.63847825e+00,  2.70674142e+00,  2.35198159e+00,
         2.73526437e-01,  6.87742653e-01,  1.33992478e+00,
        -5.15469395e+00, -9.42904459e-01,  1.04520011e+01,
        -2.43950325e-01,  5.52411276e-01, -1.51802338e+00,
        -1.20288966e-01, -6.21926195e-01, -1.94836503e-01,
        -1.63521223e-01, -1.62282586e-01, -2.42566154e-01],
       [-4.81208003e-01, -1.29117336e-01, -3.49560168e-02,
        -1.76481489e-01,  9.06012022e-02,  3.15486300e-02,
        -1.22662057e+00,  2.35926750e-01, -2.43950325e-01,
         8.22814038e-01,  1.05889590e-01,  3.97641146e-02,
        -4.78435050e-02, -2.67510549e-02, -3.96335172e-02,
         3.40198159e-02, -1.80018832e-01, -1.28138151e-01],
       [-1.02790570e+00,  3.64454147e-01,  1.14299009e+00,
        -4.86089963e-01,  4.90137959e-02, -9.16496951e-03,
        -1.43583787e+00, -2.51168801e+00,  5.52411276e-01,
         1.05889590e-01,  1.35345571e+00, -5.63493866e-01,
         1.48451257e-01, -3.05694606e-01, -4.72747739e-01,
         1.78495545e-01, -1.07633370e-01, -1.11571343e-01],
       [ 1.17832142e+00, -1.61533132e+00, -1.01571286e+00,
         3.28994409e-01, -4.98107063e-01,  1.03238713e-02,
         1.81553382e+00,  8.64670789e-01, -1.51802338e+00,
         3.97641146e-02, -5.63493866e-01,  1.29625373e+00,
        -2.93805330e-01,  3.78844304e-01,  2.09625452e-01,
         1.15639297e-03,  1.92329920e-01, -5.31916371e-02],
       [-8.47827036e-01,  5.85502472e-01,  1.77442009e-01,
        -1.85934490e-01,  2.75115689e-01, -1.81367263e-01,
        -9.89075236e-01, -2.19278219e-01, -1.20288966e-01,
        -4.78435050e-02,  1.48451257e-01, -2.93805330e-01,
         3.18644316e-01, -9.95102105e-02, -9.61055250e-02,
         1.02735129e-01, -1.57366643e-01,  1.16405916e-01],
       [ 4.74022886e-01, -4.40577441e-01, -2.40284474e-01,
         1.18216257e-01, -9.62800220e-02,  5.77541609e-02,
         3.57577472e-01,  5.53493205e-01, -6.21926195e-01,
        -2.67510549e-02, -3.05694606e-01,  3.78844304e-01,
        -9.95102105e-02,  1.93588742e-01,  1.13234461e-01,
        -9.65242494e-04,  1.06488901e-01, -1.18681319e-03],
       [ 5.32716009e-01, -3.02096543e-01, -4.42196254e-01,
         2.30306207e-01, -7.44142863e-02,  4.98074324e-02,
         7.32654313e-01,  1.19954236e+00, -1.94836503e-01,
        -3.96335172e-02, -4.72747739e-01,  2.09625452e-01,
        -9.61055250e-02,  1.13234461e-01,  2.34208367e-01,
        -8.64381341e-02,  5.40960187e-02,  4.83741476e-02],
       [-1.85350396e-01,  2.19863211e-02,  2.21812826e-01,
        -8.62296830e-02,  5.00957411e-02, -4.61531022e-03,
        -5.70948322e-01, -4.70867864e-01, -1.63521223e-01,
         3.40198159e-02,  1.78495545e-01,  1.15639297e-03,
         1.02735129e-01, -9.65242494e-04, -8.64381341e-02,
         1.15801965e-01, -4.70747287e-02, -6.91781997e-04],
       [ 5.37707471e-01, -2.66904544e-01, -1.08672413e-01,
         1.38985181e-01, -1.52928844e-01,  5.70954197e-02,
         1.14658128e+00,  1.74395248e-01, -1.62282586e-01,
        -1.80018832e-01, -1.07633370e-01,  1.92329920e-01,
        -1.57366643e-01,  1.06488901e-01,  5.40960187e-02,
        -4.70747287e-02,  1.91013012e-01, -2.23055274e-02],
       [-3.59487606e-01,  1.23038987e-01, -8.00745370e-02,
        -3.52689535e-02,  4.73665947e-02, -1.15478175e-01,
         3.77836515e-01,  9.77671993e-02, -2.42566154e-01,
        -1.28138151e-01, -1.11571343e-01, -5.31916371e-02,
         1.16405916e-01, -1.18681319e-03,  4.83741476e-02,
        -6.91781997e-04, -2.23055274e-02,  1.43039624e-01]])
      jac: array([-7.11949018e-06, -4.34356255e-06, -1.98378351e-05,  1.08627921e-05,
        1.97297734e-05,  4.78965016e-05,  2.59052039e-09, -1.10837265e-06,
       -3.84803300e-06, -1.11681035e-05,  1.18608826e-06, -8.19233570e-06,
       -1.82716805e-05, -1.17498603e-05, -3.02820732e-05,  1.55423822e-05,
       -1.44662060e-06,  1.73265106e-05])
  message: 'Desired error not necessarily achieved due to precision loss.'
     nfev: 2234
      nit: 66
     njev: 117
   status: 2
  success: False
        x: array([ 0.57430867, -0.69292682,  0.63494639,  1.00853929, -0.83493499,
        0.10459954,  0.53116793, -1.59418951, -0.52276541,  0.00315778,
        0.66734797,  1.09915456,  0.04323232,  0.12475092, -0.37763959,
       -0.99487034, -0.53632595, -0.01637419])
