Program Begingeth
      fun: 0.2011807677293358
 hess_inv: array([[ 1.51750265e+00, -3.72686696e-01,  1.09586588e+00,
        -4.83222087e-01, -3.18671620e-02,  2.55703990e-01,
        -1.38838674e+00, -6.63616434e-02,  7.64791871e-01,
         9.03111699e-01,  2.68776961e-01, -1.08192542e+00,
        -1.44205308e+00, -4.97521797e-03,  9.56077680e-02,
        -3.30957439e-01, -9.97223067e-02,  1.53644933e-01],
       [-3.72686696e-01,  2.78380524e+00, -5.26366963e-01,
        -1.34016379e-01,  3.35701883e-01,  2.95100923e-01,
         1.81231775e+00,  1.46724802e+00,  1.11128240e+00,
        -4.54356908e-01, -2.57288860e-01,  2.27298138e-01,
         3.69482135e-01, -7.76824920e-01,  3.60358531e-01,
         5.19361233e-01,  1.17664356e-01, -3.13874650e-02],
       [ 1.09586588e+00, -5.26366963e-01,  4.31077155e+00,
        -1.28669924e+00,  2.83200633e-03, -5.55291581e-02,
        -2.65504265e+00,  2.26630196e+00, -7.81186018e-01,
         2.06655427e+00,  7.28010836e-01, -9.51206828e-01,
        -2.66717820e+00,  1.50625688e-02, -1.33770609e+00,
        -9.46241272e-01,  1.52239098e-01,  3.34973354e-01],
       [-4.83222087e-01, -1.34016379e-01, -1.28669924e+00,
         6.09892502e-01, -9.12803763e-02, -7.26514129e-02,
         1.16165219e+00, -1.08436069e+00, -3.23065010e-01,
        -6.52803130e-01,  9.62827168e-02,  6.16106638e-01,
         1.03907536e+00, -2.13370367e-02,  2.70085902e-01,
         2.44426132e-01, -5.44210743e-02, -1.07388219e-01],
       [-3.18671620e-02,  3.35701883e-01,  2.83200633e-03,
        -9.12803763e-02,  2.41360624e-01,  2.94406146e-02,
         3.85689289e-01,  1.09753303e+00,  2.48479599e-01,
        -8.30906292e-02, -1.05701192e-01, -1.33616493e-01,
        -6.12041331e-02,  8.92416227e-02,  9.81806006e-02,
         3.26067691e-02,  5.74951893e-02,  8.13271028e-02],
       [ 2.55703990e-01,  2.95100923e-01, -5.55291581e-02,
        -7.26514129e-02,  2.94406146e-02,  1.82890609e-01,
         5.83792899e-02,  3.37972035e-02,  7.31412949e-01,
        -4.21012803e-02, -6.44988736e-02, -1.83356397e-01,
        -1.45152914e-01, -1.18323522e-01,  2.04575470e-01,
         3.73539997e-02, -5.17214446e-02,  1.44927680e-02],
       [-1.38838674e+00,  1.81231775e+00, -2.65504265e+00,
         1.16165219e+00,  3.85689289e-01,  5.83792899e-02,
         5.61318048e+00,  7.19610497e-01,  1.56930552e-01,
        -1.52056003e+00,  4.43809831e-01,  1.07739809e+00,
         2.12975941e+00, -4.63041881e-01,  8.51639655e-01,
         6.39487361e-01,  6.73784782e-02, -7.70144968e-02],
       [-6.63616434e-02,  1.46724802e+00,  2.26630196e+00,
        -1.08436069e+00,  1.09753303e+00,  3.37972035e-02,
         7.19610497e-01,  7.43919629e+00,  4.13415995e-01,
         6.70259847e-01,  4.40430902e-02, -9.21039519e-01,
        -1.47189032e+00,  2.00268838e-01, -4.23033284e-01,
        -3.30229309e-01,  3.27293933e-01,  4.28795531e-01],
       [ 7.64791871e-01,  1.11128240e+00, -7.81186018e-01,
        -3.23065010e-01,  2.48479599e-01,  7.31412949e-01,
         1.56930552e-01,  4.13415995e-01,  4.32591118e+00,
        -3.47132964e-01, -9.69256025e-01, -6.07542926e-01,
        -3.56676924e-01, -1.27274469e-01,  8.90840591e-01,
         2.97845431e-01, -1.37346614e-01,  3.09846074e-03],
       [ 9.03111699e-01, -4.54356908e-01,  2.06655427e+00,
        -6.52803130e-01, -8.30906292e-02, -4.21012803e-02,
        -1.52056003e+00,  6.70259847e-01, -3.47132964e-01,
         1.49223466e+00,  4.52084774e-01, -7.44572324e-01,
        -1.60096155e+00,  1.17505088e-02, -6.24816212e-01,
        -5.07559037e-01,  7.20420963e-02,  1.17795029e-01],
       [ 2.68776961e-01, -2.57288860e-01,  7.28010836e-01,
         9.62827168e-02, -1.05701192e-01, -6.44988736e-02,
         4.43809831e-01,  4.40430902e-02, -9.69256025e-01,
         4.52084774e-01,  1.43159502e+00, -2.32775445e-01,
        -4.21976603e-01, -3.06728211e-01, -2.00421962e-01,
        -3.88362920e-01,  1.30690182e-02,  6.42799811e-02],
       [-1.08192542e+00,  2.27298138e-01, -9.51206828e-01,
         6.16106638e-01, -1.33616493e-01, -1.83356397e-01,
         1.07739809e+00, -9.21039519e-01, -6.07542926e-01,
        -7.44572324e-01, -2.32775445e-01,  1.68122965e+00,
         1.45394819e+00, -1.02300219e-01, -2.23179378e-01,
         4.35734646e-01,  1.33290562e-02, -1.47840612e-01],
       [-1.44205308e+00,  3.69482135e-01, -2.66717820e+00,
         1.03907536e+00, -6.12041331e-02, -1.45152914e-01,
         2.12975941e+00, -1.47189032e+00, -3.56676924e-01,
        -1.60096155e+00, -4.21976603e-01,  1.45394819e+00,
         2.32217186e+00, -5.10502984e-02,  4.85679706e-01,
         6.95847325e-01, -4.37214586e-02, -2.49105098e-01],
       [-4.97521797e-03, -7.76824920e-01,  1.50625688e-02,
        -2.13370367e-02,  8.92416227e-02, -1.18323522e-01,
        -4.63041881e-01,  2.00268838e-01, -1.27274469e-01,
         1.17505088e-02, -3.06728211e-01, -1.02300219e-01,
        -5.10502984e-02,  4.86209903e-01, -4.58410947e-02,
        -8.55605530e-02,  3.20704722e-02,  6.49184315e-02],
       [ 9.56077680e-02,  3.60358531e-01, -1.33770609e+00,
         2.70085902e-01,  9.81806006e-02,  2.04575470e-01,
         8.51639655e-01, -4.23033284e-01,  8.90840591e-01,
        -6.24816212e-01, -2.00421962e-01, -2.23179378e-01,
         4.85679706e-01, -4.58410947e-02,  7.23555932e-01,
         2.51979576e-01, -9.30077288e-02, -3.06553826e-02],
       [-3.30957439e-01,  5.19361233e-01, -9.46241272e-01,
         2.44426132e-01,  3.26067691e-02,  3.73539997e-02,
         6.39487361e-01, -3.30229309e-01,  2.97845431e-01,
        -5.07559037e-01, -3.88362920e-01,  4.35734646e-01,
         6.95847325e-01, -8.55605530e-02,  2.51979576e-01,
         3.52054580e-01, -1.56391696e-02, -8.34729077e-02],
       [-9.97223067e-02,  1.17664356e-01,  1.52239098e-01,
        -5.44210743e-02,  5.74951893e-02, -5.17214446e-02,
         6.73784782e-02,  3.27293933e-01, -1.37346614e-01,
         7.20420963e-02,  1.30690182e-02,  1.33290562e-02,
        -4.37214586e-02,  3.20704722e-02, -9.30077288e-02,
        -1.56391696e-02,  6.93249167e-02,  2.05852419e-02],
       [ 1.53644933e-01, -3.13874650e-02,  3.34973354e-01,
        -1.07388219e-01,  8.13271028e-02,  1.44927680e-02,
        -7.70144968e-02,  4.28795531e-01,  3.09846074e-03,
         1.17795029e-01,  6.42799811e-02, -1.47840612e-01,
        -2.49105098e-01,  6.49184315e-02, -3.06553826e-02,
        -8.34729077e-02,  2.05852419e-02,  8.70392535e-02]])
      jac: array([ 1.40961317e-06, -1.86535972e-06,  3.91168579e-07, -3.70740475e-06,
        2.65417318e-06, -1.19108427e-06,  8.28966525e-08, -1.66348417e-07,
       -8.01210950e-07,  1.12780156e-06, -1.89533574e-06, -2.35737356e-07,
        4.22199313e-06, -2.88269408e-06,  3.69759778e-06, -4.07396339e-06,
        4.35281441e-06, -5.40475072e-06])
  message: 'Optimization terminated successfully.'
     nfev: 1406
      nit: 61
     njev: 74
   status: 0
  success: True
        x: array([ 7.46882447e-01,  6.05080460e-02, -1.07662345e-03,  2.45123766e-01,
       -9.36610655e-01, -3.29457759e-01,  1.05873701e+00, -1.65832188e+00,
       -4.21171705e-01, -9.88777175e-01,  1.42426542e-01,  3.02054026e-01,
        1.55266581e-01, -8.35243487e-02,  2.83473962e-01,  1.06722356e-01,
        1.09903900e+00, -4.21844339e-01])
