Program Begingeth
      fun: 0.24013555061652508
 hess_inv: array([[ 4.46395971e+00, -1.81919447e+00, -6.26793512e-01,
         1.36546965e+00, -6.60465422e-01,  6.79365205e-01,
         2.67512784e+00,  2.48071197e+00,  1.35912451e+00,
        -1.46481005e-01, -9.67216602e-01,  9.95835408e-01,
        -8.27966408e-01,  4.88718809e-01,  4.61264604e-01,
        -2.43553449e-01,  4.84500478e-01, -2.29283809e-01],
       [-1.81919447e+00,  2.95418222e+00,  4.43152597e-01,
        -3.37837582e-01,  1.13575843e+00, -2.96120208e-01,
        -6.93300600e-01,  1.60033338e+00,  6.28138091e-01,
        -4.02497669e-01,  1.07998412e-01, -1.31049206e+00,
         5.63256058e-01, -3.79424021e-01, -8.37824860e-02,
         6.44450089e-03, -2.06832037e-01,  2.05268596e-01],
       [-6.26793512e-01,  4.43152597e-01,  4.51188483e+00,
        -9.44652207e-01,  6.80874611e-02,  1.71884435e+00,
        -8.91809141e+00, -4.77445233e+00,  6.16664027e+00,
         3.32219654e-01,  1.88046013e+00, -9.42413963e-01,
         8.66527849e-02, -2.57292383e-01, -6.94950465e-01,
         3.24779652e-01, -7.50620869e-02, -4.36032455e-01],
       [ 1.36546965e+00, -3.37837582e-01, -9.44652207e-01,
         6.24603573e-01, -1.24043777e-01, -1.37001437e-01,
         2.85596449e+00,  1.70409029e+00, -4.92742647e-01,
        -1.96900702e-01, -5.87458659e-01,  2.87685054e-01,
        -1.93630818e-01,  1.24689666e-01,  2.60032787e-01,
        -1.30984374e-01,  1.32476504e-01,  4.52199258e-02],
       [-6.60465422e-01,  1.13575843e+00,  6.80874611e-02,
        -1.24043777e-01,  5.25919061e-01, -1.07978427e-01,
        -6.06217136e-01,  1.42593560e+00, -5.74772980e-02,
        -7.96779200e-02, -8.32051564e-02, -4.16292154e-01,
         2.22380701e-01, -8.64100703e-02,  2.92450703e-02,
         1.60043809e-02, -8.02085869e-02,  9.55129774e-02],
       [ 6.79365205e-01, -2.96120208e-01,  1.71884435e+00,
        -1.37001437e-01, -1.07978427e-01,  9.21269785e-01,
        -3.63854053e+00, -1.16900628e+00,  2.97253722e+00,
         2.56009331e-01,  4.88378204e-01, -1.01156036e-01,
        -1.74951277e-01,  2.17821544e-02, -1.55028957e-01,
         7.49493372e-02,  4.69612716e-02, -2.44040617e-01],
       [ 2.67512784e+00, -6.93300600e-01, -8.91809141e+00,
         2.85596449e+00, -6.06217136e-01, -3.63854053e+00,
         2.71706913e+01,  7.46151238e+00, -1.10677945e+01,
        -1.67637753e+00, -3.19267871e+00,  1.19497346e+00,
        -3.57067788e-01,  2.34609829e-01,  1.27463249e+00,
        -8.48084535e-01,  5.02316742e-01,  9.66792485e-01],
       [ 2.48071197e+00,  1.60033338e+00, -4.77445233e+00,
         1.70409029e+00,  1.42593560e+00, -1.16900628e+00,
         7.46151238e+00,  1.67054948e+01, -5.54856654e+00,
        -1.69228530e-01, -3.18810802e+00,  3.61042348e-01,
        -2.30024788e-01,  4.47112812e-01,  1.55193342e+00,
        -5.88260594e-01,  1.85526506e-01,  5.93245957e-01],
       [ 1.35912451e+00,  6.28138091e-01,  6.16664027e+00,
        -4.92742647e-01, -5.74772980e-02,  2.97253722e+00,
        -1.10677945e+01, -5.54856654e+00,  1.41419774e+01,
         5.23358126e-01,  2.37102010e+00, -1.24154277e+00,
        -2.66018992e-01, -5.58617515e-01, -9.05025998e-01,
         2.08140094e-01, -1.28244631e-01, -8.45475455e-01],
       [-1.46481005e-01, -4.02497669e-01,  3.32219654e-01,
        -1.96900702e-01, -7.96779200e-02,  2.56009331e-01,
        -1.67637753e+00, -1.69228530e-01,  5.23358126e-01,
         9.10044195e-01,  2.42071345e-01,  9.21141559e-02,
        -1.92079380e-01, -2.51599672e-02, -1.19401974e-01,
         4.13654296e-02, -1.00139540e-01, -2.51168475e-01],
       [-9.67216602e-01,  1.07998412e-01,  1.88046013e+00,
        -5.87458659e-01, -8.32051564e-02,  4.88378204e-01,
        -3.19267871e+00, -3.18810802e+00,  2.37102010e+00,
         2.42071345e-01,  1.46935358e+00, -5.20061465e-01,
         1.16511164e-01, -3.10415915e-01, -5.25631295e-01,
         1.86751311e-01, -1.07767484e-01, -2.52314150e-01],
       [ 9.95835408e-01, -1.31049206e+00, -9.42413963e-01,
         2.87685054e-01, -4.16292154e-01, -1.01156036e-01,
         1.19497346e+00,  3.61042348e-01, -1.24154277e+00,
         9.21141559e-02, -5.20061465e-01,  1.03833423e+00,
        -2.33165433e-01,  3.31748099e-01,  1.53713496e-01,
        -2.68217174e-03,  1.58148089e-01,  7.52403258e-03],
       [-8.27966408e-01,  5.63256058e-01,  8.66527849e-02,
        -1.93630818e-01,  2.22380701e-01, -1.74951277e-01,
        -3.57067788e-01, -2.30024788e-01, -2.66018992e-01,
        -1.92079380e-01,  1.16511164e-01, -2.33165433e-01,
         2.80957925e-01, -9.76447411e-02, -5.58517064e-02,
         8.64573780e-02, -1.04250820e-01,  1.17963045e-01],
       [ 4.88718809e-01, -3.79424021e-01, -2.57292383e-01,
         1.24689666e-01, -8.64100703e-02,  2.17821544e-02,
         2.34609829e-01,  4.47112812e-01, -5.58617515e-01,
        -2.51599672e-02, -3.10415915e-01,  3.31748099e-01,
        -9.76447411e-02,  1.87462746e-01,  1.08076838e-01,
        -1.04533320e-02,  1.08238348e-01,  2.02129431e-02],
       [ 4.61264604e-01, -8.37824860e-02, -6.94950465e-01,
         2.60032787e-01,  2.92450703e-02, -1.55028957e-01,
         1.27463249e+00,  1.55193342e+00, -9.05025998e-01,
        -1.19401974e-01, -5.25631295e-01,  1.53713496e-01,
        -5.58517064e-02,  1.08076838e-01,  2.46334763e-01,
        -8.64383350e-02,  4.70763646e-02,  1.15707746e-01],
       [-2.43553449e-01,  6.44450089e-03,  3.24779652e-01,
        -1.30984374e-01,  1.60043809e-02,  7.49493372e-02,
        -8.48084535e-01, -5.88260594e-01,  2.08140094e-01,
         4.13654296e-02,  1.86751311e-01, -2.68217174e-03,
         8.64573780e-02, -1.04533320e-02, -8.64383350e-02,
         9.61304137e-02, -3.06701814e-02, -1.71657879e-02],
       [ 4.84500478e-01, -2.06832037e-01, -7.50620869e-02,
         1.32476504e-01, -8.02085869e-02,  4.69612716e-02,
         5.02316742e-01,  1.85526506e-01, -1.28244631e-01,
        -1.00139540e-01, -1.07767484e-01,  1.58148089e-01,
        -1.04250820e-01,  1.08238348e-01,  4.70763646e-02,
        -3.06701814e-02,  1.28132003e-01, -6.53004441e-03],
       [-2.29283809e-01,  2.05268596e-01, -4.36032455e-01,
         4.52199258e-02,  9.55129774e-02, -2.44040617e-01,
         9.66792485e-01,  5.93245957e-01, -8.45475455e-01,
        -2.51168475e-01, -2.52314150e-01,  7.52403258e-03,
         1.17963045e-01,  2.02129431e-02,  1.15707746e-01,
        -1.71657879e-02, -6.53004441e-03,  1.69876995e-01]])
      jac: array([ 8.07872288e-07, -8.69859740e-07,  5.82497014e-07, -2.55776881e-06,
        2.82366723e-06, -2.08277839e-06,  2.02615702e-07, -1.90958360e-07,
        2.21859568e-07, -2.31111426e-07,  5.62512999e-08,  1.99840144e-07,
       -7.38298311e-07, -1.11873473e-06,  2.66990134e-06,  1.07136522e-06,
       -1.60612264e-07, -1.17017507e-06])
  message: 'Optimization terminated successfully.'
     nfev: 1482
      nit: 70
     njev: 78
   status: 0
  success: True
        x: array([ 0.74397377, -0.74963442,  0.56802724,  1.1131307 , -0.86061163,
        0.10594365,  0.90647632, -1.32701381, -0.73356854,  0.01464958,
        0.66607123,  1.10728007,  0.02955528,  0.23619521, -0.32975283,
       -1.0560094 , -0.23261484, -0.0069705 ])
