Program Begingeth
      fun: 0.24638360769776038
 hess_inv: array([[ 2.80446285e+00,  1.10216446e+00, -5.48234878e-01,
         8.88182659e-01,  4.80384991e-01, -6.93543517e-01,
         6.31343639e-02, -6.45989205e-01, -2.15396988e+00,
         4.89470016e-02,  5.85802913e-01, -1.58854418e-01,
        -4.04476818e-01, -2.43441598e-01, -2.27637127e-01,
        -1.41734836e-01, -2.48972365e-01,  7.25794725e-02],
       [ 1.10216446e+00,  2.64281303e+00,  1.56182889e-01,
         1.83597342e-01,  1.11766592e+00, -1.79051052e-01,
         1.84223402e-01,  1.54534428e+00,  4.65366832e-01,
         4.38012368e-01,  2.85722894e-01, -8.24813128e-01,
        -4.15114616e-01, -3.07071894e-01, -9.54217568e-03,
        -4.05344192e-02, -2.05394030e-01,  1.15013871e-01],
       [-5.48234878e-01,  1.56182889e-01,  3.56748365e+00,
         2.91184246e-01, -2.87404428e-02,  1.65100081e+00,
         5.39215281e+00, -2.32963943e+00,  4.53076949e+00,
        -3.50579314e-01,  9.24515173e-01, -3.86863731e-01,
         1.84847037e-01, -5.51139164e-02, -2.73932627e-01,
        -6.15930615e-02,  1.19232786e-01, -2.87613276e-01],
       [ 8.88182659e-01,  1.83597342e-01,  2.91184246e-01,
         3.95866794e-01,  8.43482167e-02,  3.34114839e-03,
         1.10786271e+00, -6.38583424e-01, -2.66569469e-01,
        -8.93082882e-02,  2.85831624e-01, -3.23005901e-03,
        -7.45487201e-02, -4.41187790e-02, -1.21658407e-01,
        -5.60147093e-02, -4.44246658e-02, -3.18843781e-02],
       [ 4.80384991e-01,  1.11766592e+00, -2.87404428e-02,
         8.43482167e-02,  5.22035696e-01, -9.80640498e-02,
         2.42401987e-01,  1.13288114e+00, -4.48679984e-02,
         1.44767820e-01,  2.98239123e-02, -3.01300811e-01,
        -1.84093982e-01, -9.30850089e-02,  2.74502224e-02,
        -2.69107317e-02, -8.48245735e-02,  5.96914421e-02],
       [-6.93543517e-01, -1.79051052e-01,  1.65100081e+00,
         3.34114839e-03, -9.80640498e-02,  8.79298940e-01,
         2.62401842e+00, -7.29979910e-01,  2.42792910e+00,
        -2.55600426e-01,  2.14882025e-01, -9.71281252e-02,
         1.71526223e-01,  3.99216598e-02, -5.89715807e-02,
         2.07034818e-03,  8.57483046e-02, -1.40652625e-01],
       [ 6.31343639e-02,  1.84223402e-01,  5.39215281e+00,
         1.10786271e+00,  2.42401987e-01,  2.62401842e+00,
         1.41095056e+01, -1.85952786e+00,  5.84893180e+00,
        -8.49398737e-01,  7.51920051e-01, -3.92022177e-02,
         1.28803950e-01,  1.82502233e-01, -3.42123370e-01,
        -2.37777762e-01,  8.68853905e-02, -4.47272275e-01],
       [-6.45989205e-01,  1.54534428e+00, -2.32963943e+00,
        -6.38583424e-01,  1.13288114e+00, -7.29979910e-01,
        -1.85952786e+00,  8.85818496e+00, -2.46923274e+00,
         1.08423486e-01, -1.50803098e+00, -3.24182991e-01,
        -1.61952477e-01,  1.30651671e-01,  7.36157667e-01,
         1.40867600e-01, -1.15140375e-01,  3.49415666e-01],
       [-2.15396988e+00,  4.65366832e-01,  4.53076949e+00,
        -2.66569469e-01, -4.48679984e-02,  2.42792910e+00,
         5.84893180e+00, -2.46923274e+00,  9.56181534e+00,
        -5.05909484e-01,  9.22552272e-01, -6.11326915e-01,
         3.85697925e-01, -2.20480700e-01, -2.98955553e-01,
         6.10939843e-02,  8.00316652e-02, -4.30076704e-01],
       [ 4.89470016e-02,  4.38012368e-01, -3.50579314e-01,
        -8.93082882e-02,  1.44767820e-01, -2.55600426e-01,
        -8.49398737e-01,  1.08423486e-01, -5.05909484e-01,
         9.37850466e-01, -5.40096929e-02, -9.82466824e-02,
        -2.67279148e-01, -2.80940005e-02,  1.26678627e-01,
        -1.38116396e-02,  9.27593672e-03,  2.49277595e-01],
       [ 5.85802913e-01,  2.85722894e-01,  9.24515173e-01,
         2.85831624e-01,  2.98239123e-02,  2.14882025e-01,
         7.51920051e-01, -1.50803098e+00,  9.22552272e-01,
        -5.40096929e-02,  9.72942552e-01, -2.30912492e-01,
        -4.48101869e-02, -2.11330615e-01, -2.85712311e-01,
        -6.24735904e-02, -1.63926296e-02, -1.44043063e-01],
       [-1.58854418e-01, -8.24813128e-01, -3.86863731e-01,
        -3.23005901e-03, -3.01300811e-01, -9.71281252e-02,
        -3.92022177e-02, -3.24182991e-01, -6.11326915e-01,
        -9.82466824e-02, -2.30912492e-01,  5.89899013e-01,
         5.35325748e-02,  1.67782782e-01, -2.04627620e-02,
        -4.79478483e-02,  7.26864547e-02,  3.08854288e-03],
       [-4.04476818e-01, -4.15114616e-01,  1.84847037e-01,
        -7.45487201e-02, -1.84093982e-01,  1.71526223e-01,
         1.28803950e-01, -1.61952477e-01,  3.85697925e-01,
        -2.67279148e-01, -4.48101869e-02,  5.35325748e-02,
         1.86704993e-01,  5.33212139e-02, -7.47576272e-03,
         5.94031997e-02,  5.92271028e-02, -8.77672509e-02],
       [-2.43441598e-01, -3.07071894e-01, -5.51139164e-02,
        -4.41187790e-02, -9.30850089e-02,  3.99216598e-02,
         1.82502233e-01,  1.30651671e-01, -2.20480700e-01,
        -2.80940005e-02, -2.11330615e-01,  1.67782782e-01,
         5.33212139e-02,  1.22656579e-01,  4.92912867e-02,
         2.32061652e-03,  7.01159978e-02,  1.17002210e-02],
       [-2.27637127e-01, -9.54217568e-03, -2.73932627e-01,
        -1.21658407e-01,  2.74502224e-02, -5.89715807e-02,
        -3.42123370e-01,  7.36157667e-01, -2.98955553e-01,
         1.26678627e-01, -2.85712311e-01, -2.04627620e-02,
        -7.47576272e-03,  4.92912867e-02,  1.47167100e-01,
         3.24131869e-02,  6.25740424e-03,  9.34576958e-02],
       [-1.41734836e-01, -4.05344192e-02, -6.15930615e-02,
        -5.60147093e-02, -2.69107317e-02,  2.07034818e-03,
        -2.37777762e-01,  1.40867600e-01,  6.10939843e-02,
        -1.38116396e-02, -6.24735904e-02, -4.79478483e-02,
         5.94031997e-02,  2.32061652e-03,  3.24131869e-02,
         5.40314000e-02,  1.07109639e-02, -2.30135348e-03],
       [-2.48972365e-01, -2.05394030e-01,  1.19232786e-01,
        -4.44246658e-02, -8.48245735e-02,  8.57483046e-02,
         8.68853905e-02, -1.15140375e-01,  8.00316652e-02,
         9.27593672e-03, -1.63926296e-02,  7.26864547e-02,
         5.92271028e-02,  7.01159978e-02,  6.25740424e-03,
         1.07109639e-02,  8.18619350e-02, -1.12967663e-02],
       [ 7.25794725e-02,  1.15013871e-01, -2.87613276e-01,
        -3.18843781e-02,  5.96914421e-02, -1.40652625e-01,
        -4.47272275e-01,  3.49415666e-01, -4.30076704e-01,
         2.49277595e-01, -1.44043063e-01,  3.08854288e-03,
        -8.77672509e-02,  1.17002210e-02,  9.34576958e-02,
        -2.30135348e-03, -1.12967663e-02,  1.19999713e-01]])
      jac: array([-1.33337785e-06, -1.03565304e-06,  1.19774561e-06,  2.51761575e-06,
        2.57368201e-06, -3.16302540e-06, -2.13532895e-07,  1.57836707e-07,
        3.29366164e-07,  2.85512355e-07,  1.55986335e-06, -6.43559280e-07,
        3.86450131e-06,  7.38686890e-06, -1.55856809e-06, -2.16437979e-06,
       -8.05133737e-06,  3.94924834e-06])
  message: 'Optimization terminated successfully.'
     nfev: 1843
      nit: 82
     njev: 97
   status: 0
  success: True
        x: array([-0.84470978, -1.14131791,  0.47314292, -1.17586473, -1.17204914,
        0.11063194, -0.96428887, -1.56821399, -0.83677727,  0.04758554,
        0.58172246,  1.12111979,  0.09906191,  0.27726871, -0.27285711,
        1.31624778,  0.02579689,  0.00605614])
