Program Begingeth
      fun: 0.2534573521889532
 hess_inv: array([[ 4.12567663e+00, -6.93038218e-01,  1.01415830e+00,
         1.72973652e+00, -3.59709858e-01,  4.85970355e-01,
         3.03146109e+00, -3.56183950e-01, -4.87974829e+00,
         4.74710475e-01, -3.86477531e-01,  3.54613205e-01,
        -3.34880220e-01,  1.84276984e-01,  5.96412966e-03,
        -3.18839146e-02,  2.01280519e-01, -4.31339876e-01],
       [-6.93038218e-01,  3.35639054e+00,  3.80795138e-01,
         7.14299500e-02,  1.47715054e+00, -6.25879000e-01,
         1.39858447e+00,  8.20266574e-01, -2.77420339e+00,
        -4.40126972e-01,  6.90201321e-01, -1.03126749e+00,
         5.15171390e-01, -2.79934580e-01, -2.90888556e-01,
         2.05307501e-01, -1.91826623e-01,  1.00954587e-01],
       [ 1.01415830e+00,  3.80795138e-01,  1.27625443e+00,
         5.06291711e-01,  2.85257993e-01,  4.13483217e-01,
         2.12811397e+00,  6.39314635e-01, -1.70189858e+00,
         1.27295284e-01,  2.80691626e-01, -4.56537440e-02,
        -5.94216762e-03,  1.03458193e-01, -9.01987253e-02,
         1.19852208e-01,  1.17385252e-01, -1.31102655e-01],
       [ 1.72973652e+00,  7.14299500e-02,  5.06291711e-01,
         8.57054113e-01,  9.48567426e-03,  1.57089036e-01,
         1.96612674e+00, -3.73608865e-01, -2.47435535e+00,
         2.28157495e-01, -1.24739189e-01,  4.58370187e-02,
        -2.49910658e-02,  2.86432927e-02, -2.91863166e-03,
         4.06997013e-02, -5.10004616e-03, -1.49190662e-01],
       [-3.59709858e-01,  1.47715054e+00,  2.85257993e-01,
         9.48567426e-03,  7.15506639e-01, -2.27057344e-01,
         7.64540824e-01,  7.45336746e-01, -1.07846662e+00,
        -2.16153983e-01,  3.49684623e-01, -3.87146257e-01,
         2.54014236e-01, -9.03339247e-02, -1.51910010e-01,
         1.34922428e-01, -7.60385702e-02,  4.70889427e-02],
       [ 4.85970355e-01, -6.25879000e-01,  4.13483217e-01,
         1.57089036e-01, -2.27057344e-01,  3.52170005e-01,
         4.93262064e-01, -6.09338794e-03,  2.88595674e-01,
         1.74379652e-01, -1.30141503e-01,  2.31611801e-01,
        -1.22840516e-01,  1.30054049e-01,  6.10839642e-02,
        -4.36735252e-03,  9.10788734e-02, -6.12473480e-02],
       [ 3.03146109e+00,  1.39858447e+00,  2.12811397e+00,
         1.96612674e+00,  7.64540824e-01,  4.93262064e-01,
         7.64642111e+00, -4.78490528e-01, -5.93440381e+00,
         5.91061870e-01,  2.57356917e-01, -7.73798762e-02,
         2.78993414e-01,  5.19799215e-02, -1.52717217e-01,
         3.32955201e-01, -1.39138648e-01, -2.48002609e-01],
       [-3.56183950e-01,  8.20266574e-01,  6.39314635e-01,
        -3.73608865e-01,  7.45336746e-01, -6.09338794e-03,
        -4.78490528e-01,  4.36424535e+00, -1.94280219e-02,
        -6.79199597e-01,  5.85866491e-01, -1.72989231e-02,
         5.87983520e-02,  1.14059210e-01, -3.07239588e-01,
         1.41731404e-01,  2.07593711e-01, -4.97405327e-02],
       [-4.87974829e+00, -2.77420339e+00, -1.70189858e+00,
        -2.47435535e+00, -1.07846662e+00,  2.88595674e-01,
        -5.93440381e+00, -1.94280219e-02,  1.19438540e+01,
        -4.33893127e-01, -4.80626684e-01,  7.24681232e-01,
        -3.29419559e-02,  1.99623220e-01,  3.85178418e-01,
        -1.31952404e-01,  7.59879107e-03,  5.13134574e-01],
       [ 4.74710475e-01, -4.40126972e-01,  1.27295284e-01,
         2.28157495e-01, -2.16153983e-01,  1.74379652e-01,
         5.91061870e-01, -6.79199597e-01, -4.33893127e-01,
         6.84801539e-01, -6.52390453e-02,  1.01424922e-01,
        -1.79177654e-01, -1.50248275e-03, -1.41510482e-02,
        -2.41975462e-02, -4.33233485e-02, -1.98063793e-01],
       [-3.86477531e-01,  6.90201321e-01,  2.80691626e-01,
        -1.24739189e-01,  3.49684623e-01, -1.30141503e-01,
         2.57356917e-01,  5.85866491e-01, -4.80626684e-01,
        -6.52390453e-02,  6.84516226e-01, -2.73547632e-01,
         9.66105392e-02, -1.39146962e-01, -2.11724545e-01,
         8.61168023e-02, -1.19869671e-02, -8.67959046e-02],
       [ 3.54613205e-01, -1.03126749e+00, -4.56537440e-02,
         4.58370187e-02, -3.87146257e-01,  2.31611801e-01,
        -7.73798762e-02, -1.72989231e-02,  7.24681232e-01,
         1.01424922e-01, -2.73547632e-01,  6.11464946e-01,
        -1.10783149e-01,  1.81728486e-01,  5.65196078e-02,
         1.67420077e-02,  1.07355152e-01, -1.18367959e-02],
       [-3.34880220e-01,  5.15171390e-01, -5.94216762e-03,
        -2.49910658e-02,  2.54014236e-01, -1.22840516e-01,
         2.78993414e-01,  5.87983520e-02, -3.29419559e-02,
        -1.79177654e-01,  9.66105392e-02, -1.10783149e-01,
         2.11621082e-01, -5.37459033e-02, -1.67410413e-02,
         1.05890565e-01, -9.07668285e-02,  1.05705204e-01],
       [ 1.84276984e-01, -2.79934580e-01,  1.03458193e-01,
         2.86432927e-02, -9.03339247e-02,  1.30054049e-01,
         5.19799215e-02,  1.14059210e-01,  1.99623220e-01,
        -1.50248275e-03, -1.39146962e-01,  1.81728486e-01,
        -5.37459033e-02,  1.14468620e-01,  3.26246378e-02,
        -1.94529467e-03,  9.01183757e-02,  1.99220236e-03],
       [ 5.96412966e-03, -2.90888556e-01, -9.01987253e-02,
        -2.91863166e-03, -1.51910010e-01,  6.10839642e-02,
        -1.52717217e-01, -3.07239588e-01,  3.85178418e-01,
        -1.41510482e-02, -2.11724545e-01,  5.65196078e-02,
        -1.67410413e-02,  3.26246378e-02,  1.12872979e-01,
        -3.53015007e-02, -8.43138308e-03,  7.44516516e-02],
       [-3.18839146e-02,  2.05307501e-01,  1.19852208e-01,
         4.06997013e-02,  1.34922428e-01, -4.36735252e-03,
         3.32955201e-01,  1.41731404e-01, -1.31952404e-01,
        -2.41975462e-02,  8.61168023e-02,  1.67420077e-02,
         1.05890565e-01, -1.94529467e-03, -3.53015007e-02,
         9.91628095e-02, -2.84637005e-02,  1.86143918e-02],
       [ 2.01280519e-01, -1.91826623e-01,  1.17385252e-01,
        -5.10004616e-03, -7.60385702e-02,  9.10788734e-02,
        -1.39138648e-01,  2.07593711e-01,  7.59879107e-03,
        -4.33233485e-02, -1.19869671e-02,  1.07355152e-01,
        -9.07668285e-02,  9.01183757e-02, -8.43138308e-03,
        -2.84637005e-02,  1.36327572e-01, -3.53774592e-02],
       [-4.31339876e-01,  1.00954587e-01, -1.31102655e-01,
        -1.49190662e-01,  4.70889427e-02, -6.12473480e-02,
        -2.48002609e-01, -4.97405327e-02,  5.13134574e-01,
        -1.98063793e-01, -8.67959046e-02, -1.18367959e-02,
         1.05705204e-01,  1.99220236e-03,  7.44516516e-02,
         1.86143918e-02, -3.53774592e-02,  1.59282860e-01]])
      jac: array([-9.45873010e-06,  1.86003065e-05, -7.11800989e-06,  2.24853469e-05,
       -4.25641004e-05,  1.65452837e-05, -1.67162580e-06,  3.54790271e-06,
       -1.30192153e-06, -5.85901698e-06,  9.19523717e-06, -2.14717133e-06,
       -3.55326879e-05,  3.63242769e-05, -8.05355782e-06,  3.21879560e-05,
       -3.41019805e-05,  9.52571355e-06])
  message: 'Desired error not necessarily achieved due to precision loss.'
     nfev: 2367
      nit: 82
     njev: 124
   status: 2
  success: False
        x: array([ 0.86594176, -1.1117539 ,  0.76680702,  1.10842741, -1.09868283,
        0.34031644,  2.06740355, -0.82958924,  0.80410646,  0.0916269 ,
        0.59933496,  1.24960725,  0.03450922,  0.16449021, -0.33573329,
       -0.90627573, -0.36218953, -0.03532657])
