Program Begingeth
      fun: 0.1945691763271601
 hess_inv: array([[ 9.83150605e-01, -1.31876374e-01, -6.84403959e-03,
         2.68240841e-01,  3.06653113e-01,  7.37248181e-01,
        -3.51953620e-01, -1.65506571e-01,  3.26422109e+00,
         1.12116330e+00,  1.35012488e+00,  1.12909192e+00,
        -3.61692321e-01, -3.64272420e-03,  1.14001141e-01,
         1.52735404e-03, -1.04558442e-01, -2.07965525e-01],
       [-1.31876374e-01,  3.14000703e-01, -5.33322627e-02,
        -1.16293143e-01, -7.48320047e-02, -3.94447732e-01,
         1.83810840e-01,  2.50279127e-01, -1.73582183e+00,
        -4.34827736e-01, -4.49966051e-01, -5.78370006e-01,
         3.40154793e-02, -7.95572351e-02, -1.64586466e-01,
         1.69756137e-02,  5.88964311e-02, -5.82164216e-02],
       [-6.84403959e-03, -5.33322627e-02,  1.79206425e-01,
         7.13433526e-02,  1.10637542e-01,  1.48348800e-01,
        -2.97550215e-02,  1.88437987e-01,  8.58279860e-01,
         3.05563611e-01,  2.73517763e-01,  2.18550310e-01,
         2.96983695e-02,  7.28683086e-02,  4.57857417e-03,
         3.14622305e-02,  2.01687911e-02,  5.20214505e-02],
       [ 2.68240841e-01, -1.16293143e-01,  7.13433526e-02,
         8.63663231e-01,  2.98987667e-01,  8.24510677e-01,
        -6.16171638e-03, -2.61092645e-01,  5.49040898e+00,
         2.95978175e+00,  1.33627263e+00,  1.47212244e+00,
         1.32633735e-01, -5.85299417e-02,  1.06024007e-01,
         6.16712837e-02, -1.77831319e-01,  2.03229756e-02],
       [ 3.06653113e-01, -7.48320047e-02,  1.10637542e-01,
         2.98987667e-01,  3.13292073e-01,  5.11950248e-01,
        -1.96319207e-01,  2.02115677e-01,  2.97244252e+00,
         1.18343207e+00,  1.11211357e+00,  7.52339494e-01,
        -6.13681421e-02,  5.01665179e-02,  8.71986136e-02,
         2.53118552e-02, -4.28829988e-02, -1.09546122e-02],
       [ 7.37248181e-01, -3.94447732e-01,  1.48348800e-01,
         8.24510677e-01,  5.11950248e-01,  1.52084193e+00,
        -9.29010692e-01, -4.56883243e-01,  8.13917366e+00,
         3.23356160e+00,  2.42483657e+00,  2.51656861e+00,
        -1.43358581e-01,  1.34864380e-02,  3.30527244e-01,
        -7.83714015e-03, -2.13207449e-01, -1.13850656e-02],
       [-3.51953620e-01,  1.83810840e-01, -2.97550215e-02,
        -6.16171638e-03, -1.96319207e-01, -9.29010692e-01,
         2.63809844e+00,  8.51390935e-02, -4.26830384e+00,
        -1.16780196e+00, -1.35483779e+00, -1.68676829e+00,
         3.19710980e-01,  6.85633275e-02, -2.19470344e-01,
         1.48003108e-01,  5.92860226e-02,  3.96226586e-02],
       [-1.65506571e-01,  2.50279127e-01,  1.88437987e-01,
        -2.61092645e-01,  2.02115677e-01, -4.56883243e-01,
         8.51390935e-02,  2.13577212e+00, -1.73633001e+00,
        -6.00136152e-01, -2.83662350e-01, -9.32584196e-01,
        -4.94515640e-02,  1.27595468e-01, -2.17775867e-01,
         2.53225769e-02,  1.61181042e-01, -1.59203749e-02],
       [ 3.26422109e+00, -1.73582183e+00,  8.58279860e-01,
         5.49040898e+00,  2.97244252e+00,  8.13917366e+00,
        -4.26830384e+00, -1.73633001e+00,  4.80756587e+01,
         2.09943504e+01,  1.33972190e+01,  1.34832372e+01,
        -1.97411657e-01, -2.12968622e-02,  1.52688983e+00,
         8.80767660e-02, -1.18413800e+00,  6.25891049e-02],
       [ 1.12116330e+00, -4.34827736e-01,  3.05563611e-01,
         2.95978175e+00,  1.18343207e+00,  3.23356160e+00,
        -1.16780196e+00, -6.00136152e-01,  2.09943504e+01,
         1.08365301e+01,  5.28622184e+00,  5.70497476e+00,
         2.38407084e-01, -1.90727493e-01,  4.19441320e-01,
         1.25008611e-01, -5.88720589e-01,  2.74735393e-02],
       [ 1.35012488e+00, -4.49966051e-01,  2.73517763e-01,
         1.33627263e+00,  1.11211357e+00,  2.42483657e+00,
        -1.35483779e+00, -2.83662350e-01,  1.33972190e+01,
         5.28622184e+00,  4.71866314e+00,  3.81142753e+00,
        -2.94582602e-01,  4.81983932e-02,  5.00575595e-01,
         2.20692797e-02, -3.00707380e-01, -6.01313154e-02],
       [ 1.12909192e+00, -5.78370006e-01,  2.18550310e-01,
         1.47212244e+00,  7.52339494e-01,  2.51656861e+00,
        -1.68676829e+00, -9.32584196e-01,  1.34832372e+01,
         5.70497476e+00,  3.81142753e+00,  4.45653559e+00,
        -1.55191777e-01, -8.04757549e-02,  4.84203968e-01,
        -5.98221411e-03, -4.00970864e-01, -3.09798900e-02],
       [-3.61692321e-01,  3.40154793e-02,  2.96983695e-02,
         1.32633735e-01, -6.13681421e-02, -1.43358581e-01,
         3.19710980e-01, -4.94515640e-02, -1.97411657e-01,
         2.38407084e-01, -2.94582602e-01, -1.55191777e-01,
         2.42150557e-01, -1.38067688e-02, -3.32975351e-02,
         5.23132751e-02, -1.04623038e-02,  1.01765738e-01],
       [-3.64272420e-03, -7.95572351e-02,  7.28683086e-02,
        -5.85299417e-02,  5.01665179e-02,  1.34864380e-02,
         6.85633275e-02,  1.27595468e-01, -2.12968622e-02,
        -1.90727493e-01,  4.81983932e-02, -8.04757549e-02,
        -1.38067688e-02,  9.36960394e-02,  2.54538084e-02,
         7.24863862e-03,  4.20310376e-02,  3.25643696e-02],
       [ 1.14001141e-01, -1.64586466e-01,  4.57857417e-03,
         1.06024007e-01,  8.71986136e-02,  3.30527244e-01,
        -2.19470344e-01, -2.17775867e-01,  1.52688983e+00,
         4.19441320e-01,  5.00575595e-01,  4.84203968e-01,
        -3.32975351e-02,  2.54538084e-02,  1.43952884e-01,
        -1.99645508e-02, -4.61742701e-02,  3.97294737e-02],
       [ 1.52735404e-03,  1.69756137e-02,  3.14622305e-02,
         6.16712837e-02,  2.53118552e-02, -7.83714015e-03,
         1.48003108e-01,  2.53225769e-02,  8.80767660e-02,
         1.25008611e-01,  2.20692797e-02, -5.98221411e-03,
         5.23132751e-02,  7.24863862e-03, -1.99645508e-02,
         4.46756280e-02, -4.93059933e-03,  6.78302502e-03],
       [-1.04558442e-01,  5.88964311e-02,  2.01687911e-02,
        -1.77831319e-01, -4.28829988e-02, -2.13207449e-01,
         5.92860226e-02,  1.61181042e-01, -1.18413800e+00,
        -5.88720589e-01, -3.00707380e-01, -4.00970864e-01,
        -1.04623038e-02,  4.20310376e-02, -4.61742701e-02,
        -4.93059933e-03,  7.57088644e-02,  6.74939098e-03],
       [-2.07965525e-01, -5.82164216e-02,  5.20214505e-02,
         2.03229756e-02, -1.09546122e-02, -1.13850656e-02,
         3.96226586e-02, -1.59203749e-02,  6.25891049e-02,
         2.74735393e-02, -6.01313154e-02, -3.09798900e-02,
         1.01765738e-01,  3.25643696e-02,  3.97294737e-02,
         6.78302502e-03,  6.74939098e-03,  9.84808883e-02]])
      jac: array([-4.65701551e-06, -5.57294951e-06, -6.11307301e-06, -1.03456133e-05,
        3.27965433e-05,  3.14331894e-05,  3.44169138e-08, -3.26165021e-06,
       -3.91871720e-06,  6.08254188e-06, -7.96566517e-06, -6.73165227e-06,
       -1.35687757e-06, -7.92736247e-06, -2.00739425e-05,  4.63018512e-06,
       -3.53606033e-06,  3.34658227e-06])
  message: 'Desired error not necessarily achieved due to precision loss.'
     nfev: 2710
      nit: 99
     njev: 142
   status: 2
  success: False
        x: array([ 0.05974594,  0.34211388,  0.77438967,  1.54918875, -0.6719437 ,
       -0.18911207,  2.57354179, -0.37750485,  0.07053098,  1.80669175,
       -0.78061578, -0.78560967,  0.15764305,  0.21770309, -0.30251592,
       -1.15300696, -0.13992672,  0.05046528])
