Program Begingeth
      fun: 0.23693744764225635
 hess_inv: array([[ 2.65824693e+00, -1.90481344e-01, -6.72080746e-02,
         3.00159234e-01, -1.52844051e-01,  6.59327774e-01,
        -1.64864031e+00,  3.62563460e-01,  2.81080256e-01,
        -8.71980070e-01, -2.39465116e-01,  2.52898619e-01,
        -3.83191893e-01,  3.25202632e-02,  2.15895121e-01,
         1.73076223e-01,  1.08335953e-01, -5.43625732e-01],
       [-1.90481344e-01,  2.26490963e+00,  8.90186818e-01,
         1.02172094e-01,  4.65168530e-01, -5.19724735e-02,
        -1.17051041e+00,  3.01445806e-01,  2.77617647e+00,
         1.69827526e-01, -7.54492623e-02, -1.86075445e+00,
         1.44719469e-01, -3.78433145e-01, -2.22366924e-01,
        -1.07562071e-01,  1.50228464e-01, -3.49848675e-02],
       [-6.72080746e-02,  8.90186818e-01,  1.82554867e+00,
        -2.29368497e-01,  1.20446261e-01,  1.07490599e-01,
        -8.21871082e-01, -2.58861527e+00,  1.98520014e+00,
         7.98472594e-02,  1.10507877e+00, -1.62091831e+00,
        -9.29458642e-03, -3.33590783e-01, -4.22052339e-01,
         2.12508080e-01, -1.88776745e-02,  5.10263973e-03],
       [ 3.00159234e-01,  1.02172094e-01, -2.29368497e-01,
         1.60755615e-01,  1.63712832e-02,  4.17954151e-02,
         6.67298637e-02,  6.84943185e-01,  1.87652690e-01,
        -1.18825225e-01, -2.64596100e-01,  2.69296922e-02,
         4.21199753e-02, -8.24716159e-03,  1.05546508e-01,
        -1.72188396e-02,  8.13674066e-03, -1.60728610e-02],
       [-1.52844051e-01,  4.65168530e-01,  1.20446261e-01,
         1.63712832e-02,  3.66040823e-01,  3.55339110e-02,
        -2.38573582e+00,  4.26375150e-01,  1.73853729e-01,
         3.85477795e-01, -7.87375101e-02, -2.38999727e-01,
         1.54764874e-01,  4.48491036e-02, -1.16925495e-02,
        -2.69266487e-03, -1.55665621e-01, -5.30356985e-02],
       [ 6.59327774e-01, -5.19724735e-02,  1.07490599e-01,
         4.17954151e-02,  3.55339110e-02,  2.99642208e-01,
        -1.38855438e+00,  1.19752154e-01,  3.05765256e-01,
         1.40771387e-02, -8.44591927e-02,  4.66271136e-02,
        -1.33003082e-01,  3.57376013e-02,  1.09368704e-01,
         1.32338590e-02, -4.28543929e-02, -1.55349116e-01],
       [-1.64864031e+00, -1.17051041e+00, -8.21871082e-01,
         6.67298637e-02, -2.38573582e+00, -1.38855438e+00,
         2.92455678e+01,  2.39084286e-01, -1.39672613e+00,
        -2.71584632e+00, -3.06715320e-01,  6.52136410e-01,
        -6.58664532e-01, -2.05767873e-01, -8.96172136e-02,
        -4.04022876e-02,  2.24276143e+00,  1.39532989e+00],
       [ 3.62563460e-01,  3.01445806e-01, -2.58861527e+00,
         6.84943185e-01,  4.26375150e-01,  1.19752154e-01,
         2.39084286e-01,  9.61955735e+00, -2.15660772e+00,
        -1.57219989e-02, -2.61863645e+00,  1.35690802e+00,
         5.35493377e-02,  5.72050981e-01,  1.10681491e+00,
        -6.44266978e-01,  4.85233487e-01,  1.02652127e-01],
       [ 2.81080256e-01,  2.77617647e+00,  1.98520014e+00,
         1.87652690e-01,  1.73853729e-01,  3.05765256e-01,
        -1.39672613e+00, -2.15660772e+00,  8.94496585e+00,
         3.74105708e-02,  7.09614376e-01, -2.98490652e+00,
         7.90320301e-02, -1.07038927e+00, -4.01560948e-01,
        -1.00910262e-01, -9.75596387e-02,  8.84603846e-02],
       [-8.71980070e-01,  1.69827526e-01,  7.98472594e-02,
        -1.18825225e-01,  3.85477795e-01,  1.40771387e-02,
        -2.71584632e+00, -1.57219989e-02,  3.74105708e-02,
         1.17955195e+00,  4.47180206e-02, -5.90756180e-02,
         1.16280998e-01,  5.57913940e-02, -2.88569718e-02,
        -7.54104457e-02, -3.43351411e-01, -2.91088720e-02],
       [-2.39465116e-01, -7.54492623e-02,  1.10507877e+00,
        -2.64596100e-01, -7.87375101e-02, -8.44591927e-02,
        -3.06715320e-01, -2.61863645e+00,  7.09614376e-01,
         4.47180206e-02,  1.41775810e+00, -7.57099830e-01,
         1.54965629e-02, -2.89699534e-01, -4.53278047e-01,
         2.32444231e-01, -1.50399325e-01, -4.57756963e-02],
       [ 2.52898619e-01, -1.86075445e+00, -1.62091831e+00,
         2.69296922e-02, -2.38999727e-01,  4.66271136e-02,
         6.52136410e-01,  1.35690802e+00, -2.98490652e+00,
        -5.90756180e-02, -7.57099830e-01,  2.46501045e+00,
        -1.16718837e-01,  5.87458012e-01,  3.67523253e-01,
        -1.20300905e-02, -3.51825735e-02, -1.23048524e-02],
       [-3.83191893e-01,  1.44719469e-01, -9.29458642e-03,
         4.21199753e-02,  1.54764874e-01, -1.33003082e-01,
        -6.58664532e-01,  5.35493377e-02,  7.90320301e-02,
         1.16280998e-01,  1.54965629e-02, -1.16718837e-01,
         2.41380550e-01, -1.31194298e-02, -3.38606427e-02,
         2.96445532e-02, -1.38153183e-01,  1.02936403e-01],
       [ 3.25202632e-02, -3.78433145e-01, -3.33590783e-01,
        -8.24716159e-03,  4.48491036e-02,  3.57376013e-02,
        -2.05767873e-01,  5.72050981e-01, -1.07038927e+00,
         5.57913940e-02, -2.89699534e-01,  5.87458012e-01,
        -1.31194298e-02,  2.40261721e-01,  1.19063007e-01,
         8.65778175e-03,  1.72704287e-02,  4.76603311e-03],
       [ 2.15895121e-01, -2.22366924e-01, -4.22052339e-01,
         1.05546508e-01, -1.16925495e-02,  1.09368704e-01,
        -8.96172136e-02,  1.10681491e+00, -4.01560948e-01,
        -2.88569718e-02, -4.53278047e-01,  3.67523253e-01,
        -3.38606427e-02,  1.19063007e-01,  2.39720470e-01,
        -8.48949571e-02,  1.77778928e-02,  1.51604772e-02],
       [ 1.73076223e-01, -1.07562071e-01,  2.12508080e-01,
        -1.72188396e-02, -2.69266487e-03,  1.32338590e-02,
        -4.04022876e-02, -6.44266978e-01, -1.00910262e-01,
        -7.54104457e-02,  2.32444231e-01, -1.20300905e-02,
         2.96445532e-02,  8.65778175e-03, -8.48949571e-02,
         1.40392071e-01, -3.53857074e-02, -2.72843418e-02],
       [ 1.08335953e-01,  1.50228464e-01, -1.88776745e-02,
         8.13674066e-03, -1.55665621e-01, -4.28543929e-02,
         2.24276143e+00,  4.85233487e-01, -9.75596387e-02,
        -3.43351411e-01, -1.50399325e-01, -3.51825735e-02,
        -1.38153183e-01,  1.72704287e-02,  1.77778928e-02,
        -3.53857074e-02,  3.26173442e-01,  5.41217586e-02],
       [-5.43625732e-01, -3.49848675e-02,  5.10263973e-03,
        -1.60728610e-02, -5.30356985e-02, -1.55349116e-01,
         1.39532989e+00,  1.02652127e-01,  8.84603846e-02,
        -2.91088720e-02, -4.57756963e-02, -1.23048524e-02,
         1.02936403e-01,  4.76603311e-03,  1.51604772e-02,
        -2.72843418e-02,  5.41217586e-02,  2.45079174e-01]])
      jac: array([ 7.81967084e-07, -1.03731838e-06,  1.55412720e-06, -2.98649994e-06,
        1.26528417e-06, -4.50084414e-06,  2.07611706e-07,  1.56541446e-07,
        5.34942461e-07, -1.07136522e-07, -9.55346913e-07, -8.58572473e-08,
        6.35232607e-07,  5.02005844e-07,  3.55530420e-06,  4.35207426e-07,
       -1.40276679e-06, -3.56640643e-06])
  message: 'Optimization terminated successfully.'
     nfev: 1311
      nit: 59
     njev: 69
   status: 0
  success: True
        x: array([ 0.14705054, -0.37194015,  0.73374875,  0.83484351, -0.52652731,
        0.02564789,  0.09584259, -1.47366777, -0.56944636,  0.07840972,
        0.74915997,  0.97251133,  0.10911057,  0.13275405, -0.44143532,
       -0.8564782 , -0.70924818,  0.01686765])
