Program Begingeth
      fun: 0.2617541147779728
 hess_inv: array([[ 4.71601177e+00, -1.70296750e+00, -6.18130141e-01,
         1.59395586e+00, -6.72972018e-01,  5.86642016e-01,
         3.24878219e+00,  2.66663621e+00,  1.17705443e+00,
        -1.06033002e-01, -1.11037093e+00,  6.93744888e-01,
        -7.70821219e-01,  4.36956572e-01,  5.01853691e-01,
        -2.66378454e-01,  4.66939089e-01, -1.41613025e-01],
       [-1.70296750e+00,  2.99919053e+00,  7.84514365e-01,
        -4.58920117e-01,  1.23276702e+00, -1.93475896e-02,
        -2.08994273e+00,  1.49471195e+00,  1.49978718e+00,
        -3.08856172e-01,  2.93209895e-01, -1.15745517e+00,
         4.95582423e-01, -3.47086972e-01, -1.16248171e-01,
         4.21670435e-02, -2.18409950e-01,  1.02681826e-01],
       [-6.18130141e-01,  7.84514365e-01,  6.86224410e+00,
        -1.44196437e+00,  1.72351880e-01,  2.85797044e+00,
        -1.42688504e+01, -6.87634106e+00,  9.26406315e+00,
         5.91282730e-01,  2.51939107e+00, -9.10496286e-01,
        -3.51048016e-02, -2.52251891e-01, -9.03403088e-01,
         4.22615584e-01, -1.63240686e-02, -6.49330376e-01],
       [ 1.59395586e+00, -4.58920117e-01, -1.44196437e+00,
         8.36831390e-01, -1.71143771e-01, -3.57730265e-01,
         4.16584951e+00,  2.28250673e+00, -1.08474402e+00,
        -2.10999958e-01, -7.89968063e-01,  2.64394034e-01,
        -1.88187387e-01,  1.28195557e-01,  3.33279635e-01,
        -1.65145764e-01,  1.25098517e-01,  1.05444239e-01],
       [-6.72972018e-01,  1.23276702e+00,  1.72351880e-01,
        -1.71143771e-01,  5.91427466e-01, -3.33596035e-02,
        -1.03062337e+00,  1.44996427e+00,  2.57158303e-01,
        -6.26436954e-02, -1.49089372e-02, -4.01766580e-01,
         2.13426606e-01, -8.56425861e-02,  1.57925568e-02,
         2.65521084e-02, -8.90193639e-02,  6.76667476e-02],
       [ 5.86642016e-01, -1.93475896e-02,  2.85797044e+00,
        -3.57730265e-01, -3.33596035e-02,  1.41031150e+00,
        -6.01139758e+00, -2.20111551e+00,  4.42058518e+00,
         3.62087818e-01,  7.90231328e-01, -2.18365635e-01,
        -1.82027974e-01, -7.85787078e-03, -2.62007639e-01,
         1.24822918e-01,  5.65040658e-02, -3.11108869e-01],
       [ 3.24878219e+00, -2.08994273e+00, -1.42688504e+01,
         4.16584951e+00, -1.03062337e+00, -6.01139758e+00,
         3.95806219e+01,  1.24453025e+01, -1.78534912e+01,
        -1.91179955e+00, -4.72335350e+00,  1.53673686e+00,
        -2.63622874e-01,  2.78342413e-01,  1.83898670e+00,
        -1.09930202e+00,  3.53270459e-01,  1.42012623e+00],
       [ 2.66663621e+00,  1.49471195e+00, -6.87634106e+00,
         2.28250673e+00,  1.44996427e+00, -2.20111551e+00,
         1.24453025e+01,  1.89583214e+01, -7.92317229e+00,
        -3.51244788e-01, -3.77236977e+00,  1.98865193e-01,
        -8.72087411e-02,  4.25175541e-01,  1.75141670e+00,
        -6.66641983e-01,  9.18519681e-02,  8.23797517e-01],
       [ 1.17705443e+00,  1.49978718e+00,  9.26406315e+00,
        -1.08474402e+00,  2.57158303e-01,  4.42058518e+00,
        -1.78534912e+01, -7.92317229e+00,  1.82502835e+01,
         8.99720042e-01,  3.10943348e+00, -1.42030660e+00,
        -2.91542382e-01, -6.09076026e-01, -1.11500938e+00,
         3.57006565e-01, -1.36370865e-01, -1.02224092e+00],
       [-1.06033002e-01, -3.08856172e-01,  5.91282730e-01,
        -2.10999958e-01, -6.26436954e-02,  3.62087818e-01,
        -1.91179955e+00, -3.51244788e-01,  8.99720042e-01,
         9.19481081e-01,  3.12847540e-01,  3.85316861e-02,
        -2.08418386e-01, -2.68992044e-02, -1.48347025e-01,
         4.18726710e-02, -6.77536765e-02, -2.68236405e-01],
       [-1.11037093e+00,  2.93209895e-01,  2.51939107e+00,
        -7.89968063e-01, -1.49089372e-02,  7.90231328e-01,
        -4.72335350e+00, -3.77236977e+00,  3.10943348e+00,
         3.12847540e-01,  1.73654712e+00, -4.84672426e-01,
         8.29325314e-02, -3.29040436e-01, -6.05015198e-01,
         2.16236543e-01, -9.40836329e-02, -3.38681478e-01],
       [ 6.93744888e-01, -1.15745517e+00, -9.10496286e-01,
         2.64394034e-01, -4.01766580e-01, -2.18365635e-01,
         1.53673686e+00,  1.98865193e-01, -1.42030660e+00,
         3.85316861e-02, -4.84672426e-01,  7.98173824e-01,
        -1.38582183e-01,  2.62731715e-01,  1.21938333e-01,
         2.84169029e-03,  1.22394139e-01,  5.65909902e-02],
       [-7.70821219e-01,  4.95582423e-01, -3.51048016e-02,
        -1.88187387e-01,  2.13426606e-01, -1.82027974e-01,
        -2.63622874e-01, -8.72087411e-02, -2.91542382e-01,
        -2.08418386e-01,  8.29325314e-02, -1.38582183e-01,
         2.53711409e-01, -7.71065774e-02, -3.86210039e-02,
         7.79036277e-02, -9.80422927e-02,  1.05792555e-01],
       [ 4.36956572e-01, -3.47086972e-01, -2.52251891e-01,
         1.28195557e-01, -8.56425861e-02, -7.85787078e-03,
         2.78342413e-01,  4.25175541e-01, -6.09076026e-01,
        -2.68992044e-02, -3.29040436e-01,  2.62731715e-01,
        -7.71065774e-02,  1.77417643e-01,  1.05730784e-01,
        -1.23609674e-02,  1.03461957e-01,  3.63993993e-02],
       [ 5.01853691e-01, -1.16248171e-01, -9.03403088e-01,
         3.33279635e-01,  1.57925568e-02, -2.62007639e-01,
         1.83898670e+00,  1.75141670e+00, -1.11500938e+00,
        -1.48347025e-01, -6.05015198e-01,  1.21938333e-01,
        -3.86210039e-02,  1.05730784e-01,  2.71395619e-01,
        -9.66099898e-02,  3.86838174e-02,  1.50632396e-01],
       [-2.66378454e-01,  4.21670435e-02,  4.22615584e-01,
        -1.65145764e-01,  2.65521084e-02,  1.24822918e-01,
        -1.09930202e+00, -6.66641983e-01,  3.57006565e-01,
         4.18726710e-02,  2.16236543e-01,  2.84169029e-03,
         7.79036277e-02, -1.23609674e-02, -9.66099898e-02,
         9.50439049e-02, -2.52850792e-02, -2.97434383e-02],
       [ 4.66939089e-01, -2.18409950e-01, -1.63240686e-02,
         1.25098517e-01, -8.90193639e-02,  5.65040658e-02,
         3.53270459e-01,  9.18519681e-02, -1.36370865e-01,
        -6.77536765e-02, -9.40836329e-02,  1.22394139e-01,
        -9.80422927e-02,  1.03461957e-01,  3.86838174e-02,
        -2.52850792e-02,  1.22149991e-01, -8.30820233e-03],
       [-1.41613025e-01,  1.02681826e-01, -6.49330376e-01,
         1.05444239e-01,  6.76667476e-02, -3.11108869e-01,
         1.42012623e+00,  8.23797517e-01, -1.02224092e+00,
        -2.68236405e-01, -3.38681478e-01,  5.65909902e-02,
         1.05792555e-01,  3.63993993e-02,  1.50632396e-01,
        -2.97434383e-02, -8.30820233e-03,  1.87136138e-01]])
      jac: array([-2.67985634e-05,  1.23338377e-05, -1.75422639e-05,  6.46919555e-05,
       -1.00242037e-05,  5.54826555e-05, -4.03825122e-06, -4.10486460e-06,
       -5.36607795e-06, -3.64301182e-06,  5.13219097e-06,  9.29256672e-06,
       -1.38592841e-06, -1.71881028e-05,  1.42041934e-05, -4.09080177e-06,
        2.36899389e-05, -1.74419738e-05])
  message: 'Desired error not necessarily achieved due to precision loss.'
     nfev: 2025
      nit: 71
     njev: 106
   status: 2
  success: False
        x: array([ 0.83364618, -0.86709803,  0.53153473,  1.18691687, -0.93719488,
        0.1091291 ,  0.99668251, -1.4205217 , -0.70905482,  0.01472777,
        0.62406748,  1.12668621,  0.01539666,  0.21321809, -0.31672598,
       -1.11757087, -0.27749403, -0.00595045])
