Program Begingeth
      fun: 0.285346441271002
 hess_inv: array([[ 3.17916212e+00, -2.30862016e-01, -1.09962243e+00,
         1.26563379e+00, -3.91541657e-02, -1.31409609e+00,
         1.17207933e-02, -5.28836049e-01, -6.96132007e+00,
        -1.73419313e-01,  8.43726669e-01, -9.53229263e-03,
        -2.03104860e-01, -1.92600178e-01, -3.85214278e-01,
        -2.36855052e-01, -1.39653550e-01, -1.51518231e-02],
       [-2.30862016e-01,  4.16205323e+00,  7.86717333e-01,
        -1.73927301e-01,  1.89493415e+00,  2.80633540e-01,
         1.90607356e+00,  2.36167533e+00,  5.11272850e+00,
         7.79895161e-01,  4.14888036e-01, -9.19888676e-01,
        -4.42589158e-01, -2.63905856e-01, -7.16240969e-02,
        -8.86387838e-02, -2.22337083e-01,  1.72254635e-01],
       [-1.09962243e+00,  7.86717333e-01,  1.88085169e+00,
        -2.10882301e-01,  2.39493256e-01,  1.18862317e+00,
         1.46459188e+00, -1.22780424e+00,  5.24683370e+00,
         5.77362812e-02,  2.14238465e-01, -1.98698120e-01,
         1.70957230e-01,  6.32559864e-02,  3.15395475e-02,
         4.42370636e-02,  1.63283031e-01, -7.33924901e-02],
       [ 1.26563379e+00, -1.73927301e-01, -2.10882301e-01,
         5.80156247e-01, -7.19160192e-02, -3.99903513e-01,
         3.72649596e-01, -6.30556241e-01, -2.47985756e+00,
        -1.08706643e-01,  4.03771512e-01,  3.72621229e-02,
        -1.60468292e-02, -5.00135610e-02, -1.83121955e-01,
        -8.58583800e-02, -6.39612075e-03, -4.62648459e-02],
       [-3.91541657e-02,  1.89493415e+00,  2.39493256e-01,
        -7.19160192e-02,  9.39765363e-01,  5.83921448e-02,
         1.09586639e+00,  1.68982215e+00,  1.91082033e+00,
         3.15912983e-01,  1.39725311e-01, -3.56656527e-01,
        -2.54948747e-01, -1.01934812e-01, -2.96540342e-02,
        -7.69360962e-02, -1.39204139e-01,  8.91885849e-02],
       [-1.31409609e+00,  2.80633540e-01,  1.18862317e+00,
        -3.99903513e-01,  5.83921448e-02,  9.64717139e-01,
         7.26855909e-01, -4.71804216e-01,  4.45784628e+00,
        -1.67724689e-02, -2.03781641e-01, -3.44468876e-02,
         1.82392231e-01,  1.07628372e-01,  1.48014684e-01,
         1.07692248e-01,  1.25491530e-01, -2.54752904e-02],
       [ 1.17207933e-02,  1.90607356e+00,  1.46459188e+00,
         3.72649596e-01,  1.09586639e+00,  7.26855909e-01,
         6.07923891e+00,  1.43991500e+00,  3.59983547e+00,
         7.39690738e-02,  3.92518457e-01, -5.19786419e-02,
        -1.79465131e-01, -3.28842583e-02, -1.79723006e-01,
        -1.64961745e-01, -2.11032881e-01, -8.58275164e-02],
       [-5.28836049e-01,  2.36167533e+00, -1.22780424e+00,
        -6.30556241e-01,  1.68982215e+00, -4.71804216e-01,
         1.43991500e+00,  8.48023854e+00,  5.31514474e-01,
         2.77581013e-01, -7.51824988e-01, -2.65435926e-01,
        -6.38410058e-01, -3.44887698e-02,  2.95451209e-01,
        -9.54635755e-02, -4.63124890e-01,  3.21070552e-01],
       [-6.96132007e+00,  5.11272850e+00,  5.24683370e+00,
        -2.47985756e+00,  1.91082033e+00,  4.45784628e+00,
         3.59983547e+00,  5.31514474e-01,  2.70424017e+01,
         8.33969113e-01, -8.06914130e-01, -1.05078483e+00,
         4.13208307e-01,  8.20542641e-02,  7.40412935e-01,
         5.68060529e-01,  2.49281147e-01,  1.49242030e-01],
       [-1.73419313e-01,  7.79895161e-01,  5.77362812e-02,
        -1.08706643e-01,  3.15912983e-01, -1.67724689e-02,
         7.39690738e-02,  2.77581013e-01,  8.33969113e-01,
         7.09559028e-01, -3.01283159e-02, -1.63865153e-01,
        -2.00344022e-01, -1.63986971e-02,  8.85223893e-02,
        -6.84426112e-03,  7.71688264e-03,  2.07394553e-01],
       [ 8.43726669e-01,  4.14888036e-01,  2.14238465e-01,
         4.03771512e-01,  1.39725311e-01, -2.03781641e-01,
         3.92518457e-01, -7.51824988e-01, -8.06914130e-01,
        -3.01283159e-02,  9.12878665e-01, -2.27491716e-01,
        -4.39980249e-02, -1.97970797e-01, -2.76221733e-01,
        -1.03984415e-01, -1.94255421e-02, -1.30747081e-01],
       [-9.53229263e-03, -9.19888676e-01, -1.98698120e-01,
         3.72621229e-02, -3.56656527e-01, -3.44468876e-02,
        -5.19786419e-02, -2.65435926e-01, -1.05078483e+00,
        -1.63865153e-01, -2.27491716e-01,  5.11552953e-01,
         5.26795515e-02,  1.42389834e-01, -1.78845961e-03,
        -3.93641857e-02,  6.63546016e-02, -1.33398583e-02],
       [-2.03104860e-01, -4.42589158e-01,  1.70957230e-01,
        -1.60468292e-02, -2.54948747e-01,  1.82392231e-01,
        -1.79465131e-01, -6.38410058e-01,  4.13208307e-01,
        -2.00344022e-01, -4.39980249e-02,  5.26795515e-02,
         1.91312767e-01,  4.98992128e-02,  1.11638184e-02,
         9.27730851e-02,  9.17502177e-02, -8.17255274e-02],
       [-1.92600178e-01, -2.63905856e-01,  6.32559864e-02,
        -5.00135610e-02, -1.01934812e-01,  1.07628372e-01,
        -3.28842583e-02, -3.44887698e-02,  8.20542641e-02,
        -1.63986971e-02, -1.97970797e-01,  1.42389834e-01,
         4.98992128e-02,  1.17561408e-01,  5.18730952e-02,
         1.87384895e-02,  8.64954151e-02,  1.31029173e-02],
       [-3.85214278e-01, -7.16240969e-02,  3.15395475e-02,
        -1.83121955e-01, -2.96540342e-02,  1.48014684e-01,
        -1.79723006e-01,  2.95451209e-01,  7.40412935e-01,
         8.85223893e-02, -2.76221733e-01, -1.78845961e-03,
         1.11638184e-02,  5.18730952e-02,  1.49269109e-01,
         5.66747383e-02,  1.35263055e-02,  9.14874649e-02],
       [-2.36855052e-01, -8.86387838e-02,  4.42370636e-02,
        -8.58583800e-02, -7.69360962e-02,  1.07692248e-01,
        -1.64961745e-01, -9.54635755e-02,  5.68060529e-01,
        -6.84426112e-03, -1.03984415e-01, -3.93641857e-02,
         9.27730851e-02,  1.87384895e-02,  5.66747383e-02,
         9.53826439e-02,  3.83911004e-02, -2.26918787e-03],
       [-1.39653550e-01, -2.22337083e-01,  1.63283031e-01,
        -6.39612075e-03, -1.39204139e-01,  1.25491530e-01,
        -2.11032881e-01, -4.63124890e-01,  2.49281147e-01,
         7.71688264e-03, -1.94255421e-02,  6.63546016e-02,
         9.17502177e-02,  8.64954151e-02,  1.35263055e-02,
         3.83911004e-02,  1.35288646e-01, -1.53334422e-02],
       [-1.51518231e-02,  1.72254635e-01, -7.33924901e-02,
        -4.62648459e-02,  8.91885849e-02, -2.54752904e-02,
        -8.58275164e-02,  3.21070552e-01,  1.49242030e-01,
         2.07394553e-01, -1.30747081e-01, -1.33398583e-02,
        -8.17255274e-02,  1.31029173e-02,  9.14874649e-02,
        -2.26918787e-03, -1.53334422e-02,  1.32250903e-01]])
      jac: array([-1.94333438e-05,  4.65997611e-05, -3.22593804e-05,  7.05036030e-05,
       -1.05169207e-04,  9.12695845e-05, -1.45735276e-06,  9.84101689e-06,
       -7.37373126e-06, -1.93323135e-05, -1.58946930e-06, -1.95232719e-05,
       -1.04591521e-04,  1.57488837e-05, -5.93669558e-05,  5.90109443e-05,
       -3.40838469e-07,  2.47790677e-05])
  message: 'Desired error not necessarily achieved due to precision loss.'
     nfev: 2006
      nit: 54
     njev: 105
   status: 2
  success: False
        x: array([-0.78548347, -1.35751836,  0.71749215, -0.90482994, -1.39524277,
        0.24732605, -0.40060314, -2.20827303, -0.23701423, -0.00606608,
        0.59124815,  1.20379601,  0.128794  ,  0.13787548, -0.34174626,
        1.13198857, -0.26080297, -0.05603263])
