Program Begingeth
      fun: 0.2695455282292371
 hess_inv: array([[ 4.28683871e+00,  1.94747379e+00,  4.51459562e-01,
         1.52954184e+00,  8.52977357e-01, -6.47889900e-01,
         2.87259433e+00, -1.17649892e+00, -2.24967180e+00,
         9.19497284e-02,  1.04136333e+00, -6.87054351e-01,
        -6.69668651e-01, -3.64234319e-01, -4.19691274e-01,
        -2.56024218e-01, -3.55618409e-01,  1.45060641e-01],
       [ 1.94747379e+00,  3.40305842e+00,  1.50170867e+00,
         6.75355555e-01,  1.44824475e+00,  2.59257620e-01,
         3.74035508e+00,  1.28919234e+00,  2.39475078e+00,
         4.06481419e-01,  6.52157495e-01, -1.21841414e+00,
        -5.73031204e-01, -3.89715235e-01, -2.02612225e-01,
        -1.24443300e-01, -2.51065875e-01,  7.62323211e-02],
       [ 4.51459562e-01,  1.50170867e+00,  5.81727127e+00,
         1.08053305e+00,  4.21362613e-01,  2.51430607e+00,
         1.05856990e+01, -5.12075886e+00,  8.71974126e+00,
        -3.29429035e-01,  1.94672038e+00, -9.49520448e-01,
         1.02052876e-01, -2.69127040e-01, -6.29613382e-01,
        -1.87539089e-01,  1.59562827e-02, -4.54019421e-01],
       [ 1.52954184e+00,  6.75355555e-01,  1.08053305e+00,
         7.61443879e-01,  2.77701130e-01,  1.97443995e-01,
         3.09909850e+00, -1.41576306e+00,  4.16312299e-01,
        -9.39440202e-02,  6.48231810e-01, -2.58674267e-01,
        -1.57396422e-01, -1.15950327e-01, -2.59645974e-01,
        -1.16216941e-01, -9.20228355e-02, -5.10476398e-02],
       [ 8.52977357e-01,  1.44824475e+00,  4.21362613e-01,
         2.77701130e-01,  7.01218373e-01,  3.96148059e-02,
         1.66418731e+00,  1.39000287e+00,  5.28425668e-01,
         1.22790202e-01,  1.34786755e-01, -4.42551910e-01,
        -2.67573476e-01, -1.10280959e-01, -2.77692484e-02,
        -6.67683074e-02, -1.10364006e-01,  6.24715708e-02],
       [-6.47889900e-01,  2.59257620e-01,  2.51430607e+00,
         1.97443995e-01,  3.96148059e-02,  1.31940919e+00,
         4.50282445e+00, -1.72671406e+00,  4.59315991e+00,
        -2.84137844e-01,  5.70957827e-01, -2.45418263e-01,
         2.07140924e-01, -3.11254053e-02, -1.57967820e-01,
        -1.97346892e-02,  5.94981466e-02, -2.28751936e-01],
       [ 2.87259433e+00,  3.74035508e+00,  1.05856990e+01,
         3.09909850e+00,  1.66418731e+00,  4.50282445e+00,
         2.77218447e+01, -6.47355406e+00,  1.43090489e+01,
        -1.04573460e+00,  3.13010525e+00, -1.49601526e+00,
        -1.68439919e-01, -3.24422826e-01, -1.14132725e+00,
        -5.41058643e-01, -2.62756322e-01, -8.02569817e-01],
       [-1.17649892e+00,  1.28919234e+00, -5.12075886e+00,
        -1.41576306e+00,  1.39000287e+00, -1.72671406e+00,
        -6.47355406e+00,  1.52691571e+01, -5.94358932e+00,
         8.58132691e-02, -2.75056096e+00,  7.23177526e-02,
        -2.99448496e-01,  3.10517812e-01,  1.24883441e+00,
         2.70634134e-01, -1.40485103e-01,  6.22116849e-01],
       [-2.24967180e+00,  2.39475078e+00,  8.71974126e+00,
         4.16312299e-01,  5.28425668e-01,  4.59315991e+00,
         1.43090489e+01, -5.94358932e+00,  2.00996504e+01,
        -7.36779532e-01,  2.33296354e+00, -1.45048170e+00,
         5.45512331e-01, -5.92663781e-01, -6.92397694e-01,
         1.97724148e-02, -2.58153405e-02, -8.12778093e-01],
       [ 9.19497284e-02,  4.06481419e-01, -3.29429035e-01,
        -9.39440202e-02,  1.22790202e-01, -2.84137844e-01,
        -1.04573460e+00,  8.58132691e-02, -7.36779532e-01,
         8.14591343e-01, -1.63985427e-01, -1.01676582e-01,
        -2.41055127e-01,  5.76094992e-03,  8.22071326e-02,
        -3.93893119e-03,  3.68692690e-02,  2.18147805e-01],
       [ 1.04136333e+00,  6.52157495e-01,  1.94672038e+00,
         6.48231810e-01,  1.34786755e-01,  5.70957827e-01,
         3.13010525e+00, -2.75056096e+00,  2.33296354e+00,
        -1.63985427e-01,  1.40132472e+00, -5.08573875e-01,
        -5.53939124e-02, -3.00924559e-01, -4.58152910e-01,
        -1.22124504e-01, -6.34240069e-02, -2.38860634e-01],
       [-6.87054351e-01, -1.21841414e+00, -9.49520448e-01,
        -2.58674267e-01, -4.42551910e-01, -2.45418263e-01,
        -1.49601526e+00,  7.23177526e-02, -1.45048170e+00,
        -1.01676582e-01, -5.08573875e-01,  8.37071610e-01,
         1.51692082e-01,  2.63770631e-01,  9.41233632e-02,
        -5.72469240e-04,  1.27565631e-01,  4.05923154e-02],
       [-6.69668651e-01, -5.73031204e-01,  1.02052876e-01,
        -1.57396422e-01, -2.67573476e-01,  2.07140924e-01,
        -1.68439919e-01, -2.99448496e-01,  5.45512331e-01,
        -2.41055127e-01, -5.53939124e-02,  1.51692082e-01,
         2.44592153e-01,  6.32251416e-02,  1.84361483e-02,
         8.01504674e-02,  8.05238916e-02, -1.03661241e-01],
       [-3.64234319e-01, -3.89715235e-01, -2.69127040e-01,
        -1.15950327e-01, -1.10280959e-01, -3.11254053e-02,
        -3.24422826e-01,  3.10517812e-01, -5.92663781e-01,
         5.76094992e-03, -3.00924559e-01,  2.63770631e-01,
         6.32251416e-02,  1.61585462e-01,  8.53926800e-02,
         7.89440925e-03,  8.90944634e-02,  3.22124056e-02],
       [-4.19691274e-01, -2.02612225e-01, -6.29613382e-01,
        -2.59645974e-01, -2.77692484e-02, -1.57967820e-01,
        -1.14132725e+00,  1.24883441e+00, -6.92397694e-01,
         8.22071326e-02, -4.58152910e-01,  9.41233632e-02,
         1.84361483e-02,  8.53926800e-02,  2.11987399e-01,
         5.82223491e-02,  1.77008179e-02,  1.12564766e-01],
       [-2.56024218e-01, -1.24443300e-01, -1.87539089e-01,
        -1.16216941e-01, -6.67683074e-02, -1.97346892e-02,
        -5.41058643e-01,  2.70634134e-01,  1.97724148e-02,
        -3.93893119e-03, -1.22124504e-01, -5.72469240e-04,
         8.01504674e-02,  7.89440925e-03,  5.82223491e-02,
         7.34831338e-02,  1.92138947e-02,  1.43910039e-03],
       [-3.55618409e-01, -2.51065875e-01,  1.59562827e-02,
        -9.20228355e-02, -1.10364006e-01,  5.94981466e-02,
        -2.62756322e-01, -1.40485103e-01, -2.58153405e-02,
         3.68692690e-02, -6.34240069e-02,  1.27565631e-01,
         8.05238916e-02,  8.90944634e-02,  1.77008179e-02,
         1.92138947e-02,  1.00566030e-01, -1.12273080e-02],
       [ 1.45060641e-01,  7.62323211e-02, -4.54019421e-01,
        -5.10476398e-02,  6.24715708e-02, -2.28751936e-01,
        -8.02569817e-01,  6.22116849e-01, -8.12778093e-01,
         2.18147805e-01, -2.38860634e-01,  4.05923154e-02,
        -1.03661241e-01,  3.22124056e-02,  1.12564766e-01,
         1.43910039e-03, -1.12273080e-02,  1.47231366e-01]])
      jac: array([ 1.52170869e-05,  8.10274070e-05, -1.56419322e-05,  3.88940732e-05,
       -2.00697977e-04,  1.23052679e-04, -7.41295914e-06,  1.65593465e-05,
       -1.36168854e-05,  9.56975240e-06,  1.58043948e-05,  1.65393625e-05,
       -5.82115837e-05,  6.16281100e-05,  3.06954462e-05,  2.63281989e-05,
       -3.02306328e-05, -5.76490707e-05])
  message: 'Desired error not necessarily achieved due to precision loss.'
     nfev: 1721
      nit: 56
     njev: 90
   status: 2
  success: False
        x: array([-0.76270748, -0.9946451 ,  0.51683517, -1.08969155, -1.04779437,
        0.11505405, -0.89100453, -1.54455645, -0.6995681 ,  0.09027032,
        0.59908688,  1.14256694,  0.10767484,  0.20664484, -0.30865265,
        1.26210479, -0.24247604, -0.00550666])
