Program Begingeth
      fun: 0.2481244370551059
 hess_inv: array([[ 4.42291952e+00,  1.95042561e+00,  8.06672318e-02,
         1.45309682e+00,  7.94350217e-01, -8.50195913e-01,
         2.60030266e+00, -1.64999990e+00, -2.24053019e+00,
        -2.05668285e-01,  9.39020439e-01, -7.82238171e-01,
        -7.06402295e-01, -4.67467674e-01, -4.56196649e-01,
        -2.41507894e-01, -4.89557814e-01,  1.29921868e-01],
       [ 1.95042561e+00,  3.30773947e+00,  1.83569066e-01,
         4.26791706e-01,  1.40003717e+00, -3.70270830e-01,
         1.31727305e+00,  2.29117476e+00,  5.22740158e-01,
         3.25017040e-01,  1.46151780e-01, -1.20011284e+00,
        -5.84319053e-01, -3.79915684e-01, -8.92521445e-02,
        -4.35599034e-02, -2.87013134e-01,  1.69898859e-01],
       [ 8.06672318e-02,  1.83569066e-01,  4.39059676e+00,
         8.11605835e-01, -1.23880784e-02,  1.88787483e+00,
         8.23612374e+00, -4.19772440e+00,  6.24869541e+00,
        -4.36635027e-01,  1.64953253e+00, -5.61350711e-01,
         1.44488227e-01, -1.31375589e-01, -5.75354215e-01,
        -2.30929245e-01,  4.75177937e-02, -4.51682570e-01],
       [ 1.45309682e+00,  4.26791706e-01,  8.11605835e-01,
         6.79599404e-01,  1.72687115e-01,  8.21516490e-02,
         2.72611557e+00, -1.48889213e+00,  2.22866972e-01,
        -2.09038804e-01,  5.98279412e-01, -2.27518585e-01,
        -1.60989255e-01, -1.29898277e-01, -2.67115548e-01,
        -1.24515021e-01, -1.30182927e-01, -6.65936084e-02],
       [ 7.94350217e-01,  1.40003717e+00, -1.23880784e-02,
         1.72687115e-01,  6.76318194e-01, -1.54668139e-01,
         8.84922965e-01,  1.75118995e+00, -6.07777640e-02,
         8.34507111e-02, -6.29543806e-02, -4.31737798e-01,
        -2.63027583e-01, -1.04311631e-01,  1.92230415e-02,
        -3.27479415e-02, -1.21855372e-01,  9.25542820e-02],
       [-8.50195913e-01, -3.70270830e-01,  1.88787483e+00,
         8.21516490e-02, -1.54668139e-01,  1.06234400e+00,
         3.45727958e+00, -1.17307369e+00,  3.41183613e+00,
        -2.69771245e-01,  4.22748217e-01, -2.78949429e-02,
         2.34030872e-01,  5.65673814e-02, -1.16162983e-01,
        -3.67721376e-02,  9.59907326e-02, -2.21896588e-01],
       [ 2.60030266e+00,  1.31727305e+00,  8.23612374e+00,
         2.72611557e+00,  8.84922965e-01,  3.45727958e+00,
         2.48123269e+01, -5.21521748e+00,  1.05804477e+01,
        -1.49147755e+00,  2.73128462e+00, -7.98617488e-01,
        -2.32410093e-01, -1.90179595e-01, -1.13635651e+00,
        -6.86902256e-01, -3.93878256e-01, -8.49337626e-01],
       [-1.64999990e+00,  2.29117476e+00, -4.19772440e+00,
        -1.48889213e+00,  1.75118995e+00, -1.17307369e+00,
        -5.21521748e+00,  1.59626874e+01, -4.41558126e+00,
         4.04608234e-01, -2.97905008e+00, -1.01091494e-01,
        -2.29960355e-01,  3.35312229e-01,  1.40836104e+00,
         4.19681063e-01, -3.28257080e-02,  7.00490399e-01],
       [-2.24053019e+00,  5.22740158e-01,  6.24869541e+00,
         2.22866972e-01, -6.07777640e-02,  3.41183613e+00,
         1.05804477e+01, -4.41558126e+00,  1.55693949e+01,
        -6.76659472e-01,  1.89027404e+00, -7.98063970e-01,
         5.53779491e-01, -3.85657688e-01, -6.45860001e-01,
        -3.47684631e-02,  1.07010772e-02, -7.71312827e-01],
       [-2.05668285e-01,  3.25017040e-01, -4.36635027e-01,
        -2.09038804e-01,  8.34507111e-02, -2.69771245e-01,
        -1.49147755e+00,  4.04608234e-01, -6.76659472e-01,
         8.05486663e-01, -2.64122610e-01, -5.90421652e-02,
        -1.71450320e-01,  3.50425333e-02,  1.31193280e-01,
         3.68839904e-02,  7.85509294e-02,  2.21939199e-01],
       [ 9.39020439e-01,  1.46151780e-01,  1.64953253e+00,
         5.98279412e-01, -6.29543806e-02,  4.22748217e-01,
         2.73128462e+00, -2.97905008e+00,  1.89027404e+00,
        -2.64122610e-01,  1.42100456e+00, -3.93232156e-01,
        -3.55408213e-02, -2.83312745e-01, -5.01924627e-01,
        -1.55453909e-01, -7.00468509e-02, -2.74216545e-01],
       [-7.82238171e-01, -1.20011284e+00, -5.61350711e-01,
        -2.27518585e-01, -4.31737798e-01, -2.78949429e-02,
        -7.98617488e-01, -1.01091494e-01, -7.98063970e-01,
        -5.90421652e-02, -3.93232156e-01,  8.04497236e-01,
         1.56816658e-01,  2.56214415e-01,  9.04810765e-02,
        -1.38145096e-02,  1.30743354e-01,  1.16885042e-02],
       [-7.06402295e-01, -5.84319053e-01,  1.44488227e-01,
        -1.60989255e-01, -2.63027583e-01,  2.34030872e-01,
        -2.32410093e-01, -2.29960355e-01,  5.53779491e-01,
        -1.71450320e-01, -3.55408213e-02,  1.56816658e-01,
         2.42122026e-01,  7.81658720e-02,  2.85661147e-02,
         7.51519161e-02,  1.02157506e-01, -9.85416702e-02],
       [-4.67467674e-01, -3.79915684e-01, -1.31375589e-01,
        -1.29898277e-01, -1.04311631e-01,  5.65673814e-02,
        -1.90179595e-01,  3.35312229e-01, -3.85657688e-01,
         3.50425333e-02, -2.83312745e-01,  2.56214415e-01,
         7.81658720e-02,  1.73584904e-01,  9.81318708e-02,
         9.68142094e-03,  1.11219663e-01,  2.53100659e-02],
       [-4.56196649e-01, -8.92521445e-02, -5.75354215e-01,
        -2.67115548e-01,  1.92230415e-02, -1.16162983e-01,
        -1.13635651e+00,  1.40836104e+00, -6.45860001e-01,
         1.31193280e-01, -5.01924627e-01,  9.04810765e-02,
         2.85661147e-02,  9.81318708e-02,  2.39184655e-01,
         7.70738739e-02,  3.67257545e-02,  1.27883257e-01],
       [-2.41507894e-01, -4.35599034e-02, -2.30929245e-01,
        -1.24515021e-01, -3.27479415e-02, -3.67721376e-02,
        -6.86902256e-01,  4.19681063e-01, -3.47684631e-02,
         3.68839904e-02, -1.55453909e-01, -1.38145096e-02,
         7.51519161e-02,  9.68142094e-03,  7.70738739e-02,
         8.55032210e-02,  2.49581141e-02,  1.78000148e-02],
       [-4.89557814e-01, -2.87013134e-01,  4.75177937e-02,
        -1.30182927e-01, -1.21855372e-01,  9.59907326e-02,
        -3.93878256e-01, -3.28257080e-02,  1.07010772e-02,
         7.85509294e-02, -7.00468509e-02,  1.30743354e-01,
         1.02157506e-01,  1.11219663e-01,  3.67257545e-02,
         2.49581141e-02,  1.34795282e-01, -1.27262290e-02],
       [ 1.29921868e-01,  1.69898859e-01, -4.51682570e-01,
        -6.65936084e-02,  9.25542820e-02, -2.21896588e-01,
        -8.49337626e-01,  7.00490399e-01, -7.71312827e-01,
         2.21939199e-01, -2.74216545e-01,  1.16885042e-02,
        -9.85416702e-02,  2.53100659e-02,  1.27883257e-01,
         1.78000148e-02, -1.27262290e-02,  1.55771160e-01]])
      jac: array([-9.19172146e-06,  3.63227966e-07,  1.43920061e-05,  1.53375461e-05,
        1.43096646e-05, -8.93947879e-05,  3.88504044e-06, -1.13113223e-06,
        9.13954098e-06,  1.71695991e-06,  5.95690164e-06, -1.50583250e-06,
        5.66426535e-05,  1.05003043e-05,  7.13519984e-05, -5.37982621e-05,
       -8.48765502e-07, -7.39482549e-06])
  message: 'Desired error not necessarily achieved due to precision loss.'
     nfev: 1777
      nit: 57
     njev: 93
   status: 2
  success: False
        x: array([-0.68557645, -0.88255614,  0.55070388, -1.02027366, -0.9731266 ,
        0.11506808, -0.80555811, -1.44980179, -0.71680658,  0.08934735,
        0.6414773 ,  1.13053451,  0.09600889,  0.2320037 , -0.32061   ,
        1.20061033, -0.19663411, -0.00801148])
