Program Begingeth
      fun: 0.18434989527150597
 hess_inv: array([[ 7.07920735e-01,  1.99957620e-01,  7.93459084e-02,
        -1.43339747e-01, -2.76212818e-02,  4.23653796e-01,
        -1.87974670e+00,  7.48649664e-02,  7.50661844e-01,
         3.65686878e-01, -5.60003527e-01,  8.69981517e-01,
        -3.51403227e-01,  1.91809515e-03, -1.21963637e-02,
         4.99426604e-02, -1.05383251e-02, -2.17707300e-01],
       [ 1.99957620e-01,  1.04442407e+00, -1.64611263e-01,
        -4.39113817e-01, -1.83774009e-01,  4.64525575e-01,
        -2.77818173e+00, -2.60109815e+00,  1.69640208e+00,
        -4.49950782e-01, -8.23290178e-01,  2.86690317e+00,
        -1.25318389e-01, -2.04396068e-01, -3.72526207e-01,
         1.47151309e-01,  6.91618122e-02, -2.12901344e-01],
       [ 7.93459084e-02, -1.64611263e-01,  8.58681298e-01,
        -1.13676267e-01, -4.25310517e-01,  2.86936686e-01,
        -1.63992791e+00, -1.30517606e+00, -6.21856874e-01,
         1.60360153e+00, -2.22432446e+00, -2.08720338e-01,
        -3.38217003e-01,  3.42493019e-01, -7.85239037e-04,
         7.29073049e-02,  1.66594918e-01, -2.66901156e-02],
       [-1.43339747e-01, -4.39113817e-01, -1.13676267e-01,
         4.34773887e-01,  1.23486031e-01, -3.91740209e-01,
         3.30232329e+00,  1.95709607e+00, -5.36517139e-01,
         3.12764001e-01,  8.15706458e-01, -1.84340151e+00,
         1.15258595e-01, -6.25770342e-02,  1.56515208e-01,
        -1.13861619e-01, -7.48590817e-02,  7.72914376e-02],
       [-2.76212818e-02, -1.83774009e-01, -4.25310517e-01,
         1.23486031e-01,  5.28872452e-01, -4.46120107e-01,
         1.62122970e+00,  2.26149415e+00, -4.24490211e-01,
        -1.74661244e+00,  2.02876668e+00, -9.83621825e-01,
         3.87169118e-01, -1.15725018e-01,  7.13928004e-02,
        -3.36990424e-02, -1.61612615e-01,  1.27425341e-01],
       [ 4.23653796e-01,  4.64525575e-01,  2.86936686e-01,
        -3.91740209e-01, -4.46120107e-01,  1.51948980e+00,
        -6.94652735e+00, -2.78821498e+00,  3.04106192e+00,
         3.29339341e+00, -1.87020980e+00,  4.10777078e+00,
        -7.55818240e-01,  1.84328214e-01,  4.02715056e-02,
         9.22418121e-02,  3.04245550e-01, -3.25234939e-01],
       [-1.87974670e+00, -2.77818173e+00, -1.63992791e+00,
         3.30232329e+00,  1.62122970e+00, -6.94652735e+00,
         4.28566225e+01,  1.59828373e+01, -1.14874017e+01,
        -1.02497180e+01,  8.96078331e+00, -2.12767260e+01,
         2.78029751e+00, -1.24621406e+00,  2.02560917e-01,
        -8.84946035e-01, -1.30823786e+00,  1.30486389e+00],
       [ 7.48649664e-02, -2.60109815e+00, -1.30517606e+00,
         1.95709607e+00,  2.26149415e+00, -2.78821498e+00,
         1.59828373e+01,  1.96129705e+01, -5.68005536e+00,
        -3.73878210e+00,  8.21732166e+00, -1.18467036e+01,
         1.18767462e+00, -4.04362324e-01,  1.25342456e+00,
        -6.56783018e-01, -8.18540793e-01,  6.73438244e-01],
       [ 7.50661844e-01,  1.69640208e+00, -6.21856874e-01,
        -5.36517139e-01, -4.24490211e-01,  3.04106192e+00,
        -1.14874017e+01, -5.68005536e+00,  1.21870235e+01,
         4.64969562e+00, -2.21503073e-01,  9.99085543e+00,
        -9.94666229e-01, -4.64754572e-01, -3.30471119e-01,
         1.35697278e-01,  3.14234073e-01, -7.96364116e-01],
       [ 3.65686878e-01, -4.49950782e-01,  1.60360153e+00,
         3.12764001e-01, -1.74661244e+00,  3.29339341e+00,
        -1.02497180e+01, -3.73878210e+00,  4.64969562e+00,
         1.44269689e+01, -6.33510257e+00,  4.78429949e+00,
        -2.44091328e+00,  8.45292827e-01,  6.73456820e-01,
        -1.41929687e-01,  1.04115926e+00, -7.66623970e-01],
       [-5.60003527e-01, -8.23290178e-01, -2.22432446e+00,
         8.15706458e-01,  2.02876668e+00, -1.87020980e+00,
         8.96078331e+00,  8.21732166e+00, -2.21503073e-01,
        -6.33510257e+00,  9.36810828e+00, -3.80179570e+00,
         1.62292857e+00, -7.34292142e-01,  2.73134310e-01,
        -3.01064907e-01, -6.48981383e-01,  4.89228624e-01],
       [ 8.69981517e-01,  2.86690317e+00, -2.08720338e-01,
        -1.84340151e+00, -9.83621825e-01,  4.10777078e+00,
        -2.12767260e+01, -1.18467036e+01,  9.99085543e+00,
         4.78429949e+00, -3.80179570e+00,  1.55109291e+01,
        -1.44101293e+00,  2.06661889e-02, -5.92191571e-01,
         5.10809123e-01,  7.52830392e-01, -9.04084231e-01],
       [-3.51403227e-01, -1.25318389e-01, -3.38217003e-01,
         1.15258595e-01,  3.87169118e-01, -7.55818240e-01,
         2.78029751e+00,  1.18767462e+00, -9.94666229e-01,
        -2.44091328e+00,  1.62292857e+00, -1.44101293e+00,
         6.19158429e-01, -1.47820932e-01, -5.37821485e-02,
         1.13055446e-02, -2.03357685e-01,  2.35799413e-01],
       [ 1.91809515e-03, -2.04396068e-01,  3.42493019e-01,
        -6.25770342e-02, -1.15725018e-01,  1.84328214e-01,
        -1.24621406e+00, -4.04362324e-01, -4.64754572e-01,
         8.45292827e-01, -7.34292142e-01,  2.06661889e-02,
        -1.47820932e-01,  2.35496698e-01,  8.13604819e-02,
         2.52971505e-02,  1.07908550e-01,  1.79512178e-02],
       [-1.21963637e-02, -3.72526207e-01, -7.85239037e-04,
         1.56515208e-01,  7.13928004e-02,  4.02715056e-02,
         2.02560917e-01,  1.25342456e+00, -3.30471119e-01,
         6.73456820e-01,  2.73134310e-01, -5.92191571e-01,
        -5.37821485e-02,  8.13604819e-02,  2.34809502e-01,
        -7.17741603e-02,  2.59324784e-03,  5.78341467e-02],
       [ 4.99426604e-02,  1.47151309e-01,  7.29073049e-02,
        -1.13861619e-01, -3.36990424e-02,  9.22418121e-02,
        -8.84946035e-01, -6.56783018e-01,  1.35697278e-01,
        -1.41929687e-01, -3.01064907e-01,  5.10809123e-01,
         1.13055446e-02,  2.52971505e-02, -7.17741603e-02,
         7.66053055e-02,  1.22417222e-02, -1.56487496e-02],
       [-1.05383251e-02,  6.91618122e-02,  1.66594918e-01,
        -7.48590817e-02, -1.61612615e-01,  3.04245550e-01,
        -1.30823786e+00, -8.18540793e-01,  3.14234073e-01,
         1.04115926e+00, -6.48981383e-01,  7.52830392e-01,
        -2.03357685e-01,  1.07908550e-01,  2.59324784e-03,
         1.22417222e-02,  1.39246392e-01, -5.92155354e-02],
       [-2.17707300e-01, -2.12901344e-01, -2.66901156e-02,
         7.72914376e-02,  1.27425341e-01, -3.25234939e-01,
         1.30486389e+00,  6.73438244e-01, -7.96364116e-01,
        -7.66623970e-01,  4.89228624e-01, -9.04084231e-01,
         2.35799413e-01,  1.79512178e-02,  5.78341467e-02,
        -1.56487496e-02, -5.92155354e-02,  1.61406117e-01]])
      jac: array([-1.35016072e-05, -2.29436840e-05, -9.32864897e-06,  1.76575421e-05,
        7.79765141e-05, -4.20978067e-06, -4.82391904e-06, -5.92859095e-06,
        4.85537536e-07, -8.95838959e-06, -1.42572990e-05, -4.54987899e-06,
       -3.71077243e-05, -5.90301881e-05,  2.76499194e-05,  1.94733119e-05,
        4.53698190e-05, -6.66503889e-06])
  message: 'Desired error not necessarily achieved due to precision loss.'
     nfev: 2177
      nit: 70
     njev: 114
   status: 2
  success: False
        x: array([ 0.03718373,  0.4234173 ,  0.75305152,  1.13683231, -0.44625495,
        0.02486623,  1.15339752, -0.84124691, -0.81001779,  0.63418197,
       -0.56509674,  0.52452221,  0.09434837,  0.24618325, -0.31585683,
       -1.12888164, -0.24459507,  0.04461947])
