Program Begingeth
      fun: 0.18925876535610453
 hess_inv: array([[ 9.74850971e-01, -2.12647840e-01,  8.49666997e-02,
         8.54320650e-01,  4.87914616e-01,  1.32627694e+00,
        -2.64323439e-01, -1.14055517e-02,  6.67047545e+00,
         2.97604521e+00,  1.94211685e+00,  2.20225391e+00,
        -1.52999222e-01, -1.71047211e-02,  2.18202138e-01,
         6.09519026e-02, -2.23902662e-01, -1.71082206e-01],
       [-2.12647840e-01,  2.89417764e-01, -7.52526884e-02,
        -2.59197289e-01, -1.41000447e-01, -5.41428982e-01,
         1.70482753e-01,  2.11070157e-01, -2.39929433e+00,
        -8.50841564e-01, -6.53102931e-01, -8.48068434e-01,
         7.02067619e-03, -5.96249062e-02, -1.87341601e-01,
        -3.76569209e-03,  9.89973313e-02, -4.76088545e-02],
       [ 8.49666997e-02, -7.52526884e-02,  1.79509791e-01,
         1.64156176e-01,  1.51040540e-01,  3.04514745e-01,
        -1.49242372e-01,  1.55979797e-01,  1.58696819e+00,
         6.37467108e-01,  4.38762702e-01,  5.06103472e-01,
         2.46228781e-02,  6.84263322e-02,  3.56086637e-02,
         3.91877242e-02, -6.50625411e-03,  3.90923006e-02],
       [ 8.54320650e-01, -2.59197289e-01,  1.64156176e-01,
         2.59949782e+00,  9.96210496e-01,  2.34199083e+00,
         2.54651722e-01,  4.85276287e-01,  1.54269136e+01,
         8.65172549e+00,  3.85818509e+00,  4.00971483e+00,
         4.09720079e-01, -1.72996519e-01,  3.34316043e-01,
         1.69617282e-01, -5.39093270e-01,  2.04448009e-02],
       [ 4.87914616e-01, -1.41000447e-01,  1.51040540e-01,
         9.96210496e-01,  5.51995281e-01,  1.13326844e+00,
        -7.97971356e-02,  3.79650997e-01,  6.83231005e+00,
         3.39763241e+00,  1.94508743e+00,  1.83962138e+00,
         9.96799434e-02,  1.11858353e-02,  1.90124718e-01,
         8.59105060e-02, -1.92910763e-01, -4.02954463e-04],
       [ 1.32627694e+00, -5.41428982e-01,  3.04514745e-01,
         2.34199083e+00,  1.13326844e+00,  3.09390714e+00,
        -8.41715846e-01, -4.31669647e-03,  1.71182805e+01,
         8.17266076e+00,  4.62670115e+00,  5.31122268e+00,
         1.01843612e-01, -6.71145182e-02,  5.63630024e-01,
         1.13830796e-01, -5.51148666e-01, -5.52360600e-02],
       [-2.64323439e-01,  1.70482753e-01, -1.49242372e-01,
         2.54651722e-01, -7.97971356e-02, -8.41715846e-01,
         2.72436193e+00,  3.38858340e-02, -2.42922712e+00,
        -3.01660174e-01, -7.52576436e-01, -1.82807455e+00,
         3.23090383e-01,  1.96640211e-02, -1.35707859e-01,
         1.11726789e-01,  1.20705238e-03,  9.48215905e-02],
       [-1.14055517e-02,  2.11070157e-01,  1.55979797e-01,
         4.85276287e-01,  3.79650997e-01, -4.31669647e-03,
         3.38858340e-02,  2.57711412e+00,  2.21256482e+00,
         1.96891217e+00,  3.64759916e-01, -1.94163639e-01,
         9.09283387e-02,  4.21105942e-02, -1.75584370e-01,
         6.40029195e-02,  1.59965422e-02, -2.02761232e-03],
       [ 6.67047545e+00, -2.39929433e+00,  1.58696819e+00,
         1.54269136e+01,  6.83231005e+00,  1.71182805e+01,
        -2.42922712e+00,  2.21256482e+00,  1.03340938e+02,
         5.30059077e+01,  2.69122909e+01,  2.91370510e+01,
         1.57522674e+00, -6.86829765e-01,  2.77589474e+00,
         8.65584802e-01, -3.31402661e+00, -1.04577043e-01],
       [ 2.97604521e+00, -8.50841564e-01,  6.37467108e-01,
         8.65172549e+00,  3.39763241e+00,  8.17266076e+00,
        -3.01660174e-01,  1.96891217e+00,  5.30059077e+01,
         2.94999373e+01,  1.32277041e+01,  1.41432777e+01,
         1.18471012e+00, -5.85168157e-01,  1.10807229e+00,
         4.96308542e-01, -1.75887804e+00, -4.52722916e-03],
       [ 1.94211685e+00, -6.53102931e-01,  4.38762702e-01,
         3.85818509e+00,  1.94508743e+00,  4.62670115e+00,
        -7.52576436e-01,  3.64759916e-01,  2.69122909e+01,
         1.32277041e+01,  7.63750216e+00,  7.73856793e+00,
         3.09711846e-01, -1.13682216e-01,  8.42597156e-01,
         2.34104038e-01, -8.40017477e-01, -3.39270093e-02],
       [ 2.20225391e+00, -8.48068434e-01,  5.06103472e-01,
         4.00971483e+00,  1.83962138e+00,  5.31122268e+00,
        -1.82807455e+00, -1.94163639e-01,  2.91370510e+01,
         1.41432777e+01,  7.73856793e+00,  9.49788160e+00,
         1.87169031e-01, -2.09178500e-01,  8.80610698e-01,
         1.80660133e-01, -9.63132328e-01, -1.33046726e-01],
       [-1.52999222e-01,  7.02067619e-03,  2.46228781e-02,
         4.09720079e-01,  9.96799434e-02,  1.01843612e-01,
         3.23090383e-01,  9.09283387e-02,  1.57522674e+00,
         1.18471012e+00,  3.09711846e-01,  1.87169031e-01,
         2.30080526e-01, -3.02588895e-02,  7.37992462e-03,
         6.35478349e-02, -7.26154052e-02,  9.08178254e-02],
       [-1.71047211e-02, -5.96249062e-02,  6.84263322e-02,
        -1.72996519e-01,  1.11858353e-02, -6.71145182e-02,
         1.96640211e-02,  4.21105942e-02, -6.86829765e-01,
        -5.85168157e-01, -1.13682216e-01, -2.09178500e-01,
        -3.02588895e-02,  1.01162415e-01,  1.94417531e-02,
         9.26328421e-03,  5.99309332e-02,  3.10723739e-02],
       [ 2.18202138e-01, -1.87341601e-01,  3.56086637e-02,
         3.34316043e-01,  1.90124718e-01,  5.63630024e-01,
        -1.35707859e-01, -1.75584370e-01,  2.77589474e+00,
         1.10807229e+00,  8.42597156e-01,  8.80610698e-01,
         7.37992462e-03,  1.94417531e-02,  1.84861975e-01,
         4.48237016e-03, -1.02150932e-01,  3.37502805e-02],
       [ 6.09519026e-02, -3.76569209e-03,  3.91877242e-02,
         1.69617282e-01,  8.59105060e-02,  1.13830796e-01,
         1.11726789e-01,  6.40029195e-02,  8.65584802e-01,
         4.96308542e-01,  2.34104038e-01,  1.80660133e-01,
         6.35478349e-02,  9.26328421e-03,  4.48237016e-03,
         5.54254330e-02, -2.88506329e-02,  8.75116048e-03],
       [-2.23902662e-01,  9.89973313e-02, -6.50625411e-03,
        -5.39093270e-01, -1.92910763e-01, -5.51148666e-01,
         1.20705238e-03,  1.59965422e-02, -3.31402661e+00,
        -1.75887804e+00, -8.40017477e-01, -9.63132328e-01,
        -7.26154052e-02,  5.99309332e-02, -1.02150932e-01,
        -2.88506329e-02,  1.52486053e-01,  5.08311967e-03],
       [-1.71082206e-01, -4.76088545e-02,  3.90923006e-02,
         2.04448009e-02, -4.02954463e-04, -5.52360600e-02,
         9.48215905e-02, -2.02761232e-03, -1.04577043e-01,
        -4.52722916e-03, -3.39270093e-02, -1.33046726e-01,
         9.08178254e-02,  3.10723739e-02,  3.37502805e-02,
         8.75116048e-03,  5.08311967e-03,  9.74767844e-02]])
      jac: array([-0.0028403 ,  0.00045549,  0.01233724,  0.02313752, -0.0234398 ,
        0.10461066,  0.00064131,  0.00468341, -0.01513561,  0.003119  ,
        0.00337988, -0.0262284 ,  0.0510085 , -0.02275811, -0.01233839,
       -0.02311846,  0.02372011, -0.03495939])
  message: 'Maximum number of iterations has been exceeded.'
     nfev: 2147
      nit: 100
     njev: 113
   status: 1
  success: False
        x: array([ 0.02842574,  0.35757332,  0.82717531,  1.4503049 , -0.53160515,
       -0.19488384,  2.42575652, -0.28794375,  0.07455786,  1.74337539,
       -0.65847956, -0.73886735,  0.15371793,  0.22559477, -0.34284027,
       -1.04425908, -0.30182077,  0.04727091])
