Program Begingeth
      fun: 0.25899490427791466
 hess_inv: array([[ 1.04024264e+01, -1.48852680e+00,  4.45635063e+00,
         1.41554470e+00, -1.22161108e+00,  1.84169112e+00,
        -2.13986999e+00, -1.90688735e+00,  4.49995650e+00,
        -1.80573522e+00,  1.34310957e+00, -6.19552707e-02,
        -2.34495098e+00,  1.27195152e-01, -4.70919253e-01,
         4.43595365e-02,  1.24993107e+00, -2.15652981e-01],
       [-1.48852680e+00,  4.10281201e+00,  5.60647959e-02,
         1.10195631e-01,  1.23554174e+00, -1.09583908e-02,
         1.20764427e+00,  2.81548123e+00,  6.29149907e-01,
         2.80058344e-01, -4.83153057e-01, -1.42583868e+00,
         4.08688482e-01, -6.02174603e-01,  2.92767556e-01,
        -2.51472156e-01, -5.82701788e-02,  7.76270398e-02],
       [ 4.45635063e+00,  5.60647959e-02,  1.66666849e+01,
        -1.08406979e+00, -9.36469102e-01,  4.59383743e+00,
        -1.61036083e+01, -6.40282496e+00,  6.73173094e+00,
        -2.27902629e+00,  4.96728176e+00, -3.07726337e+00,
        -1.22737826e+00, -8.54644917e-01, -1.80468028e+00,
         1.57942489e-01,  1.06632468e+00,  4.57527616e-01],
       [ 1.41554470e+00,  1.10195631e-01, -1.08406979e+00,
         5.19735284e-01, -3.07599579e-02, -2.11649953e-01,
         2.23346130e+00,  5.16605569e-01,  3.21569121e-01,
        -9.86372778e-02, -2.90919088e-01,  1.50827019e-01,
        -2.16001397e-01,  3.19604212e-03,  1.21155727e-01,
        -1.81002148e-02,  7.13395694e-02, -8.68159114e-02],
       [-1.22161108e+00,  1.23554174e+00, -9.36469102e-01,
        -3.07599579e-02,  5.06271830e-01, -2.79362869e-01,
         9.29506393e-01,  1.49059502e+00, -4.03466141e-01,
         3.29501420e-01, -4.48569771e-01, -2.20260168e-01,
         2.97946888e-01, -1.03328399e-01,  2.04590105e-01,
        -6.27412417e-02, -1.26026285e-01,  2.36907512e-02],
       [ 1.84169112e+00, -1.09583908e-02,  4.59383743e+00,
        -2.11649953e-01, -2.79362869e-01,  1.38985789e+00,
        -4.58966691e+00, -1.47992294e+00,  2.26673450e+00,
        -5.69156989e-01,  1.23018278e+00, -7.87460852e-01,
        -5.21116781e-01, -1.88135793e-01, -4.33497180e-01,
         2.72304270e-02,  3.58593841e-01,  1.02586313e-01],
       [-2.13986999e+00,  1.20764427e+00, -1.61036083e+01,
         2.23346130e+00,  9.29506393e-01, -4.58966691e+00,
         2.22247317e+01,  6.10070419e+00, -4.65064043e+00,
         1.78924884e+00, -4.14841118e+00,  2.18568912e+00,
         1.04240367e+00,  2.03395418e-01,  1.55349445e+00,
        -2.35525612e-01, -1.00405296e+00, -5.56589936e-01],
       [-1.90688735e+00,  2.81548123e+00, -6.40282496e+00,
         5.16605569e-01,  1.49059502e+00, -1.47992294e+00,
         6.10070419e+00,  7.99703607e+00, -1.76984581e+00,
         1.60307994e+00, -2.33156759e+00,  3.26559029e-01,
         3.63707477e-01,  1.32736631e-02,  1.12108695e+00,
        -2.48543852e-01, -3.77308645e-01, -1.63379338e-01],
       [ 4.49995650e+00,  6.29149907e-01,  6.73173094e+00,
         3.21569121e-01, -4.03466141e-01,  2.26673450e+00,
        -4.65064043e+00, -1.76984581e+00,  6.35249707e+00,
        -8.45599194e-01,  1.92558469e+00, -1.30407302e+00,
        -1.05698755e+00, -5.49729328e-01, -7.02085227e-01,
        -1.68002369e-02,  5.84923236e-01, -1.96731689e-02],
       [-1.80573522e+00,  2.80058344e-01, -2.27902629e+00,
        -9.86372778e-02,  3.29501420e-01, -5.69156989e-01,
         1.78924884e+00,  1.60307994e+00, -8.45599194e-01,
         1.33730298e+00, -6.27312512e-01,  2.17793086e-01,
         2.06876574e-01,  7.04021173e-03,  2.55088366e-01,
        -4.24978657e-02, -3.27232152e-01, -1.92328911e-01],
       [ 1.34310957e+00, -4.83153057e-01,  4.96728176e+00,
        -2.90919088e-01, -4.48569771e-01,  1.23018278e+00,
        -4.14841118e+00, -2.33156759e+00,  1.92558469e+00,
        -6.27312512e-01,  2.20560342e+00, -8.82765283e-01,
        -3.60241197e-01, -3.79548778e-01, -7.69597994e-01,
         9.33692095e-02,  2.71760194e-01,  4.41364182e-03],
       [-6.19552707e-02, -1.42583868e+00, -3.07726337e+00,
         1.50827019e-01, -2.20260168e-01, -7.87460852e-01,
         2.18568912e+00,  3.26559029e-01, -1.30407302e+00,
         2.17793086e-01, -8.82765283e-01,  1.37706038e+00,
         4.76393735e-02,  4.83150506e-01,  2.24604658e-01,
         9.41698826e-02, -8.56912422e-02, -7.65579406e-02],
       [-2.34495098e+00,  4.08688482e-01, -1.22737826e+00,
        -2.16001397e-01,  2.97946888e-01, -5.21116781e-01,
         1.04240367e+00,  3.63707477e-01, -1.05698755e+00,
         2.06876574e-01, -3.60241197e-01,  4.76393735e-02,
         6.67288705e-01, -4.00574897e-02,  1.18214339e-01,
         3.29662002e-02, -3.09697132e-01,  9.02461279e-02],
       [ 1.27195152e-01, -6.02174603e-01, -8.54644917e-01,
         3.19604212e-03, -1.03328399e-01, -1.88135793e-01,
         2.03395418e-01,  1.32736631e-02, -5.49729328e-01,
         7.04021173e-03, -3.79548778e-01,  4.83150506e-01,
        -4.00574897e-02,  2.48823758e-01,  1.02918482e-01,
         3.57528259e-02,  2.58192897e-02,  7.14095431e-03],
       [-4.70919253e-01,  2.92767556e-01, -1.80468028e+00,
         1.21155727e-01,  2.04590105e-01, -4.33497180e-01,
         1.55349445e+00,  1.12108695e+00, -7.02085227e-01,
         2.55088366e-01, -7.69597994e-01,  2.24604658e-01,
         1.18214339e-01,  1.02918482e-01,  3.20585476e-01,
        -4.99180691e-02, -1.02260673e-01,  5.15571940e-03],
       [ 4.43595365e-02, -2.51472156e-01,  1.57942489e-01,
        -1.81002148e-02, -6.27412417e-02,  2.72304270e-02,
        -2.35525612e-01, -2.48543852e-01, -1.68002369e-02,
        -4.24978657e-02,  9.33692095e-02,  9.41698826e-02,
         3.29662002e-02,  3.57528259e-02, -4.99180691e-02,
         6.42446019e-02, -2.22010213e-03,  1.10232667e-02],
       [ 1.24993107e+00, -5.82701788e-02,  1.06632468e+00,
         7.13395694e-02, -1.26026285e-01,  3.58593841e-01,
        -1.00405296e+00, -3.77308645e-01,  5.84923236e-01,
        -3.27232152e-01,  2.71760194e-01, -8.56912422e-02,
        -3.09697132e-01,  2.58192897e-02, -1.02260673e-01,
        -2.22010213e-03,  2.27333326e-01,  7.79983668e-03],
       [-2.15652981e-01,  7.76270398e-02,  4.57527616e-01,
        -8.68159114e-02,  2.36907512e-02,  1.02586313e-01,
        -5.56589936e-01, -1.63379338e-01, -1.96731689e-02,
        -1.92328911e-01,  4.41364182e-03, -7.65579406e-02,
         9.02461279e-02,  7.14095431e-03,  5.15571940e-03,
         1.10232667e-02,  7.79983668e-03,  1.06375079e-01]])
      jac: array([-1.17313566e-06, -1.01585407e-06, -4.45569507e-07, -6.87968201e-07,
        1.87886743e-06, -9.89578789e-07, -5.44009282e-08, -2.80886425e-07,
        3.72294788e-07, -1.78301818e-06, -1.04879068e-06, -8.23415410e-07,
       -4.59410288e-06, -4.67292871e-06,  1.45846298e-06,  6.58066194e-06,
        1.75378230e-06, -4.56671737e-07])
  message: 'Optimization terminated successfully.'
     nfev: 1653
      nit: 78
     njev: 87
   status: 0
  success: True
        x: array([ 0.52795374, -0.57096794,  0.11471034,  1.24655581, -0.70375531,
       -0.07724698,  1.71358115, -0.96156869, -1.0209047 , -0.00498766,
        0.50507037,  1.09126811,  0.08035464,  0.1918193 , -0.27722989,
       -1.18136312, -0.4139487 ,  0.02532964])
