Program Begingeth
      fun: 0.3273429122916831
 hess_inv: array([[ 5.47092827e+00,  3.99667245e-01, -9.52546008e-02,
         2.08639068e+00,  2.97691732e-01, -5.36418056e-01,
         5.73584941e+00,  2.71003815e+00,  1.68707106e+00,
        -4.73019803e-01,  9.57939309e-01, -4.22170020e-01,
        -2.41619206e-01, -2.03741969e-01, -2.34895420e-01,
         3.59866482e-01,  8.49026514e-02,  3.95516497e-01],
       [ 3.99667245e-01,  1.58225899e+00,  1.90284830e-01,
         1.41904236e-01,  6.43126066e-01, -8.21889421e-02,
        -9.06472395e-01, -1.13930038e+00, -6.39213949e-02,
         7.63243764e-01,  2.83075202e-01, -2.57465301e-01,
        -2.11941276e-01, -7.41716615e-02, -9.21423129e-02,
        -1.12187668e-01, -9.60655092e-02,  1.23024959e-02],
       [-9.52546008e-02,  1.90284830e-01,  9.96074605e-01,
        -9.55111769e-03,  8.81491427e-02,  4.16495180e-01,
         2.13634974e-01,  7.83984080e-02,  1.51351788e-01,
         1.27900254e-01,  2.11441933e-01, -2.69464443e-01,
         7.98779343e-03,  7.96013077e-03,  7.12762461e-02,
         2.33461778e-02,  7.12519474e-02,  3.59808514e-02],
       [ 2.08639068e+00,  1.41904236e-01, -9.55111769e-03,
         8.12765858e-01,  1.07801041e-01, -1.90253578e-01,
         1.98716281e+00,  1.08271184e+00,  5.75643587e-01,
        -2.25838038e-01,  3.89722432e-01, -1.56920753e-01,
        -5.73002833e-02, -7.67448745e-02, -1.06713285e-01,
         1.32702111e-01,  4.85992339e-02,  1.17591281e-01],
       [ 2.97691732e-01,  6.43126066e-01,  8.81491427e-02,
         1.07801041e-01,  2.77854413e-01, -3.90654504e-02,
        -9.33991150e-02, -3.12700105e-01,  9.99338046e-02,
         2.83020627e-01,  1.22385726e-01, -9.42817765e-02,
        -9.91659175e-02, -1.57793842e-02, -3.84756158e-02,
        -3.65253277e-02, -2.35388192e-02,  3.27339706e-02],
       [-5.36418056e-01, -8.21889421e-02,  4.16495180e-01,
        -1.90253578e-01, -3.90654504e-02,  2.48930426e-01,
        -1.99431105e-01, -4.21803179e-02, -1.17184877e-01,
        -2.84076437e-02, -1.14717561e-01, -4.25329975e-02,
         6.21252812e-02,  4.96673165e-02,  8.00450654e-02,
         8.57124439e-03,  3.63246302e-02, -1.33400474e-02],
       [ 5.73584941e+00, -9.06472395e-01,  2.13634974e-01,
         1.98716281e+00, -9.33991150e-02, -1.99431105e-01,
         3.10705727e+01,  3.64424811e+00,  6.55605582e-01,
         6.03242669e-01, -2.72414480e+00,  1.04103859e+00,
        -7.92391632e-01,  7.32816958e-01,  1.06109951e+00,
         2.60580958e+00,  1.36678354e-01,  2.26242744e+00],
       [ 2.71003815e+00, -1.13930038e+00,  7.83984080e-02,
         1.08271184e+00, -3.12700105e-01, -4.21803179e-02,
         3.64424811e+00,  8.85022352e+00,  1.11887862e+00,
        -2.05098678e+00, -3.92562222e-01, -2.83526869e-01,
         3.93693612e-01,  1.71053422e-01, -9.48796656e-02,
         3.44857622e-01,  7.26597640e-01, -3.94960637e-03],
       [ 1.68707106e+00, -6.39213949e-02,  1.51351788e-01,
         5.75643587e-01,  9.99338046e-02, -1.17184877e-01,
         6.55605582e-01,  1.11887862e+00,  4.45564454e+00,
        -5.28090134e-01,  1.22590779e+00, -5.90335067e-01,
        -2.03928732e-01, -2.10778385e-01, -1.05504760e-01,
        -1.93509676e-01,  4.62150254e-03,  3.32953052e-01],
       [-4.73019803e-01,  7.63243764e-01,  1.27900254e-01,
        -2.25838038e-01,  2.83020627e-01, -2.84076437e-02,
         6.03242669e-01, -2.05098678e+00, -5.28090134e-01,
         1.67038740e+00, -1.65276571e-01,  6.92026415e-02,
        -4.22095688e-01,  3.68708335e-02,  1.23745267e-01,
         1.55427901e-02, -1.41552409e-01,  2.57652643e-01],
       [ 9.57939309e-01,  2.83075202e-01,  2.11441933e-01,
         3.89722432e-01,  1.22385726e-01, -1.14717561e-01,
        -2.72414480e+00, -3.92562222e-01,  1.22590779e+00,
        -1.65276571e-01,  1.58846666e+00, -5.22679757e-01,
        -2.47478471e-02, -3.58383842e-01, -3.12123683e-01,
        -3.24755076e-01, -5.68521356e-02, -2.03482707e-01],
       [-4.22170020e-01, -2.57465301e-01, -2.69464443e-01,
        -1.56920753e-01, -9.42817765e-02, -4.25329975e-02,
         1.04103859e+00, -2.83526869e-01, -5.90335067e-01,
         6.92026415e-02, -5.22679757e-01,  5.77503165e-01,
        -7.87119221e-03,  1.56163769e-01,  2.83963598e-02,
         7.92673944e-02,  1.82233359e-02,  6.21663503e-02],
       [-2.41619206e-01, -2.11941276e-01,  7.98779343e-03,
        -5.73002833e-02, -9.91659175e-02,  6.21252812e-02,
        -7.92391632e-01,  3.93693612e-01, -2.03928732e-01,
        -4.22095688e-01, -2.47478471e-02, -7.87119221e-03,
         1.81657119e-01,  3.19627900e-03, -2.96267086e-02,
        -1.04944928e-02,  4.84463612e-02, -1.44252931e-01],
       [-2.03741969e-01, -7.41716615e-02,  7.96013077e-03,
        -7.67448745e-02, -1.57793842e-02,  4.96673165e-02,
         7.32816958e-01,  1.71053422e-01, -2.10778385e-01,
         3.68708335e-02, -3.58383842e-01,  1.56163769e-01,
         3.19627900e-03,  1.16083984e-01,  6.94693177e-02,
         7.30711093e-02,  4.65408958e-02,  6.18191534e-02],
       [-2.34895420e-01, -9.21423129e-02,  7.12762461e-02,
        -1.06713285e-01, -3.84756158e-02,  8.00450654e-02,
         1.06109951e+00, -9.48796656e-02, -1.05504760e-01,
         1.23745267e-01, -3.12123683e-01,  2.83963598e-02,
        -2.96267086e-02,  6.94693177e-02,  1.34999746e-01,
         1.07845473e-01, -9.13211058e-03,  1.16229869e-01],
       [ 3.59866482e-01, -1.12187668e-01,  2.33461778e-02,
         1.32702111e-01, -3.65253277e-02,  8.57124439e-03,
         2.60580958e+00,  3.44857622e-01, -1.93509676e-01,
         1.55427901e-02, -3.24755076e-01,  7.92673944e-02,
        -1.04944928e-02,  7.30711093e-02,  1.07845473e-01,
         2.66877770e-01,  1.96876437e-02,  1.58645688e-01],
       [ 8.49026514e-02, -9.60655092e-02,  7.12519474e-02,
         4.85992339e-02, -2.35388192e-02,  3.63246302e-02,
         1.36678354e-01,  7.26597640e-01,  4.62150254e-03,
        -1.41552409e-01, -5.68521356e-02,  1.82233359e-02,
         4.84463612e-02,  4.65408958e-02, -9.13211058e-03,
         1.96876437e-02,  9.48882445e-02, -1.53769550e-02],
       [ 3.95516497e-01,  1.23024959e-02,  3.59808514e-02,
         1.17591281e-01,  3.27339706e-02, -1.33400474e-02,
         2.26242744e+00, -3.94960637e-03,  3.32953052e-01,
         2.57652643e-01, -2.03482707e-01,  6.21663503e-02,
        -1.44252931e-01,  6.18191534e-02,  1.16229869e-01,
         1.58645688e-01, -1.53769550e-02,  2.52773383e-01]])
      jac: array([-8.82669049e-03,  3.03512178e-03,  1.25176162e-02,  1.66394506e-02,
       -9.56966247e-03, -2.70940085e-02, -2.33975062e-04,  4.31210623e-06,
       -6.67632616e-04, -4.77854053e-03, -1.55159552e-03, -3.01331256e-03,
       -3.28409041e-03,  1.96631563e-03, -5.31500769e-06, -5.09739362e-03,
        8.72670084e-04,  9.10363673e-03])
  message: 'Maximum number of iterations has been exceeded.'
     nfev: 2299
      nit: 100
     njev: 121
   status: 1
  success: False
        x: array([-1.28620047, -0.9642973 ,  0.52968991, -1.45785665, -0.93545715,
        0.21250364,  1.59030841, -0.52199643,  0.99952417,  0.0276261 ,
        0.49176259,  0.95117353,  0.0811641 ,  0.09668721, -0.21030265,
        1.60676245, -0.45676914,  0.10574746])
