Program Begingeth
      fun: 0.23336797888459604
 hess_inv: array([[ 2.62945346e+00, -2.98550042e-01, -1.01157746e-01,
         2.02368842e-01, -9.78308421e-02,  6.43748981e-01,
        -3.11886687e+00,  5.18271317e-02,  9.80735300e-02,
        -7.05895956e-01, -2.12955039e-01,  4.28311186e-01,
        -4.55671841e-01,  6.72115297e-02,  1.99217225e-01,
         1.03242826e-01, -3.46125206e-03, -5.28983213e-01],
       [-2.98550042e-01,  2.42946448e+00,  1.08193391e+00,
         6.76682981e-02,  3.95077852e-01, -2.58850705e-02,
        -1.33202450e+00,  7.14877953e-02,  4.10016081e+00,
         2.59858094e-01,  6.24852339e-02, -2.41426604e+00,
         1.56759351e-01, -5.59556369e-01, -2.31805905e-01,
        -9.43116962e-02,  1.07723940e-01, -1.56693728e-02],
       [-1.01157746e-01,  1.08193391e+00,  2.12117135e+00,
        -2.70069140e-01,  3.35869363e-02,  6.10630441e-02,
        -6.66854454e-01, -3.36164746e+00,  2.72885310e+00,
        -9.42492118e-02,  1.50913562e+00, -2.18156408e+00,
        -4.82842863e-03, -4.98268741e-01, -5.25980899e-01,
         2.16880557e-01,  2.83759601e-02, -7.67139467e-03],
       [ 2.02368842e-01,  6.76682981e-02, -2.70069140e-01,
         1.36037526e-01,  1.17104640e-02,  2.55624260e-02,
         1.78899374e-01,  7.91096483e-01,  1.21017729e-01,
        -6.23947775e-02, -3.03136177e-01,  6.69038438e-02,
         2.98231583e-02, -1.57084937e-03,  1.13804007e-01,
        -2.95482670e-02,  2.18584340e-03, -8.81221575e-04],
       [-9.78308421e-02,  3.95077852e-01,  3.35869363e-02,
         1.17104640e-02,  3.33813180e-01,  7.01087775e-02,
        -2.99200863e+00,  7.22283485e-01,  2.22989953e-01,
         4.33384002e-01, -1.49050828e-01, -1.61860142e-01,
         1.45406328e-01,  5.08903006e-02,  4.09304171e-02,
        -1.99413864e-02, -1.37097790e-01, -4.76362158e-02],
       [ 6.43748981e-01, -2.58850705e-02,  6.10630441e-02,
         2.55624260e-02,  7.01087775e-02,  2.73658634e-01,
        -1.97961597e+00,  1.00406329e-01,  2.92034640e-01,
         7.50350601e-02, -1.18135454e-01,  9.65202579e-02,
        -1.25115768e-01,  5.14187831e-02,  1.04480646e-01,
         7.12527139e-04, -6.64357845e-02, -1.38479213e-01],
       [-3.11886687e+00, -1.33202450e+00, -6.66854454e-01,
         1.78899374e-01, -2.99200863e+00, -1.97961597e+00,
         4.67955942e+01, -2.20208308e+00, -1.92276925e+00,
        -3.68072336e+00, -3.31089343e-02,  7.31560909e-02,
        -8.49113445e-01, -4.64282550e-01, -3.90417158e-01,
         4.69523792e-02,  2.49500118e+00,  1.63273181e+00],
       [ 5.18271317e-02,  7.14877953e-02, -3.36164746e+00,
         7.91096483e-01,  7.22283485e-01,  1.00406329e-01,
        -2.20208308e+00,  1.15634168e+01, -2.68320898e+00,
         8.22925598e-01, -3.31642798e+00,  1.97669515e+00,
         2.64047797e-01,  6.67542494e-01,  1.32053395e+00,
        -6.50824016e-01,  5.57778648e-02,  1.17347865e-01],
       [ 9.80735300e-02,  4.10016081e+00,  2.72885310e+00,
         1.21017729e-01,  2.22989953e-01,  2.92034640e-01,
        -1.92276925e+00, -2.68320898e+00,  1.32536393e+01,
         1.47177212e-02,  1.26942817e+00, -4.73711927e+00,
         1.21247695e-01, -1.60927394e+00, -6.56250042e-01,
        -1.09497807e-01, -4.01833749e-02,  5.18945039e-02],
       [-7.05895956e-01,  2.59858094e-01, -9.42492118e-02,
        -6.23947775e-02,  4.33384002e-01,  7.50350601e-02,
        -3.68072336e+00,  8.22925598e-01,  1.47177212e-02,
         1.27718775e+00, -2.21260136e-01,  2.93980712e-02,
         1.38447786e-01,  1.14462970e-01,  8.35166630e-02,
        -9.21115600e-02, -2.79173676e-01, -3.12230638e-02],
       [-2.12955039e-01,  6.24852339e-02,  1.50913562e+00,
        -3.03136177e-01, -1.49050828e-01, -1.18135454e-01,
        -3.31089343e-02, -3.31642798e+00,  1.26942817e+00,
        -2.21260136e-01,  2.00303126e+00, -1.22266971e+00,
         2.41473945e-02, -4.35365215e-01, -5.94719936e-01,
         2.56592326e-01, -6.73147140e-02, -5.75588217e-02],
       [ 4.28311186e-01, -2.41426604e+00, -2.18156408e+00,
         6.69038438e-02, -1.61860142e-01,  9.65202579e-02,
         7.31560909e-02,  1.97669515e+00, -4.73711927e+00,
         2.93980712e-02, -1.22266971e+00,  3.64622065e+00,
        -1.46090576e-01,  9.07176241e-01,  4.94755081e-01,
        -3.08718914e-02, -9.31120080e-02, -2.86980945e-02],
       [-4.55671841e-01,  1.56759351e-01, -4.82842863e-03,
         2.98231583e-02,  1.45406328e-01, -1.25115768e-01,
        -8.49113445e-01,  2.64047797e-01,  1.21247695e-01,
         1.38447786e-01,  2.41473945e-02, -1.46090576e-01,
         2.59395413e-01, -2.46993315e-02, -2.30904429e-02,
         1.87225208e-02, -1.12257763e-01,  1.04215582e-01],
       [ 6.72115297e-02, -5.59556369e-01, -4.98268741e-01,
        -1.57084937e-03,  5.08903006e-02,  5.14187831e-02,
        -4.64282550e-01,  6.67542494e-01, -1.60927394e+00,
         1.14462970e-01, -4.35365215e-01,  9.07176241e-01,
        -2.46993315e-02,  3.25758437e-01,  1.65174776e-01,
        -1.58510926e-03, -9.84983923e-03,  8.05039204e-04],
       [ 1.99217225e-01, -2.31805905e-01, -5.25980899e-01,
         1.13804007e-01,  4.09304171e-02,  1.04480646e-01,
        -3.90417158e-01,  1.32053395e+00, -6.56250042e-01,
         8.35166630e-02, -5.94719936e-01,  4.94755081e-01,
        -2.30904429e-02,  1.65174776e-01,  2.65835705e-01,
        -8.46223297e-02, -1.80175296e-02,  1.31109023e-02],
       [ 1.03242826e-01, -9.43116962e-02,  2.16880557e-01,
        -2.95482670e-02, -1.99413864e-02,  7.12527139e-04,
         4.69523792e-02, -6.50824016e-01, -1.09497807e-01,
        -9.21115600e-02,  2.56592326e-01, -3.08718914e-02,
         1.87225208e-02, -1.58510926e-03, -8.46223297e-02,
         1.05516177e-01, -1.10397033e-02, -1.45595168e-02],
       [-3.46125206e-03,  1.07723940e-01,  2.83759601e-02,
         2.18584340e-03, -1.37097790e-01, -6.64357845e-02,
         2.49500118e+00,  5.57778648e-02, -4.01833749e-02,
        -2.79173676e-01, -6.73147140e-02, -9.31120080e-02,
        -1.12257763e-01, -9.84983923e-03, -1.80175296e-02,
        -1.10397033e-02,  2.24829393e-01,  5.10578437e-02],
       [-5.28983213e-01, -1.56693728e-02, -7.67139467e-03,
        -8.81221575e-04, -4.76362158e-02, -1.38479213e-01,
         1.63273181e+00,  1.17347865e-01,  5.18945039e-02,
        -3.12230638e-02, -5.75588217e-02, -2.86980945e-02,
         1.04215582e-01,  8.05039204e-04,  1.31109023e-02,
        -1.45595168e-02,  5.10578437e-02,  2.02276350e-01]])
      jac: array([ 2.21859568e-07,  4.44644321e-07,  4.92013837e-06, -3.30587409e-06,
       -1.77247106e-06, -3.86154072e-06,  9.25185854e-08,  4.54636329e-07,
        2.68118860e-07, -1.27675648e-08, -1.78597877e-06,  2.32813768e-06,
        4.76748270e-06, -2.34645636e-06,  7.21311899e-06,  1.04508994e-06,
        2.14273044e-06, -7.50954854e-06])
  message: 'Optimization terminated successfully.'
     nfev: 1311
      nit: 61
     njev: 69
   status: 0
  success: True
        x: array([ 0.17006965, -0.27606783,  0.75213545,  0.95314855, -0.43537575,
        0.03518136,  0.15976509, -1.2952856 , -0.47761854,  0.07576973,
        0.77542737,  0.86355546,  0.12055133,  0.16295964, -0.41403914,
       -0.98771465, -0.62256124,  0.02781886])
