Program Begingeth
      fun: 0.245162157073189
 hess_inv: array([[ 9.83039321e+00,  1.43853562e+00, -1.83410852e+00,
         1.39616413e+00,  9.23550644e-01, -1.13338305e+00,
        -8.56996873e-03,  5.64641911e-01, -3.48962264e+00,
        -1.73361025e+00, -4.31380737e-01, -4.41668989e-01,
        -2.32752296e+00, -3.49164119e-01,  1.40062342e-01,
        -1.39580159e-02, -1.01743314e+00,  2.32357201e-01],
       [ 1.43853562e+00,  4.48764866e+00, -2.68619143e-01,
        -2.49873615e-01,  1.23381345e+00, -9.47662814e-02,
        -1.86782824e+00,  3.20436060e+00,  6.84309947e-01,
        -3.05822183e-01, -7.82819038e-01, -1.73854384e+00,
        -4.73463487e-01, -7.61850770e-01,  3.87212064e-01,
         2.52571041e-01, -1.09169804e-01,  4.60678297e-02],
       [-1.83410852e+00, -2.68619143e-01,  1.15097149e+01,
         9.78465750e-01, -5.23583591e-01,  2.91564660e+00,
         1.14994807e+01, -3.99006380e+00,  4.63959387e+00,
         9.11625117e-01,  3.96945273e+00, -2.48918262e+00,
         6.67702089e-01, -6.81334660e-01, -1.51826190e+00,
        -1.20747831e-01,  4.64935533e-01,  1.82437185e-01],
       [ 1.39616413e+00, -2.49873615e-01,  9.78465750e-01,
         4.81878751e-01, -5.52265515e-03,  1.70961984e-01,
         2.17446312e+00, -5.40837209e-01, -3.32574410e-01,
        -2.15203774e-01,  3.44281171e-01, -1.19290223e-01,
        -2.20408999e-01,  1.21085195e-03, -1.43901822e-01,
        -2.36170938e-02, -8.02207279e-02,  5.91007824e-02],
       [ 9.23550644e-01,  1.23381345e+00, -5.23583591e-01,
        -5.52265515e-03,  4.32030540e-01, -1.44908397e-01,
        -6.56318746e-01,  1.34887507e+00, -1.63650580e-01,
        -2.90965987e-01, -3.65702132e-01, -3.41789007e-01,
        -2.41188894e-01, -1.58030652e-01,  1.72101299e-01,
         5.53185244e-02, -8.74700472e-02,  1.65159002e-02],
       [-1.13338305e+00, -9.47662814e-02,  2.91564660e+00,
         1.70961984e-01, -1.44908397e-01,  8.77416030e-01,
         3.13028986e+00, -6.61302836e-01,  1.62665571e+00,
         1.54911166e-01,  8.49710910e-01, -5.59289551e-01,
         3.85916255e-01, -1.19024216e-01, -3.09141295e-01,
        -1.13174124e-02,  1.79850244e-01,  2.54017341e-02],
       [-8.56996873e-03, -1.86782824e+00,  1.14994807e+01,
         2.17446312e+00, -6.56318746e-01,  3.13028986e+00,
         1.91119157e+01, -4.07770573e+00,  2.68054315e+00,
         4.86671195e-01,  3.28794602e+00, -1.52141001e+00,
         6.22488151e-01,  1.10860416e-03, -1.27120776e+00,
        -1.90743362e-01,  4.59400202e-01,  3.27483437e-01],
       [ 5.64641911e-01,  3.20436060e+00, -3.99006380e+00,
        -5.40837209e-01,  1.34887507e+00, -6.61302836e-01,
        -4.07770573e+00,  7.73432871e+00, -5.22002625e-01,
        -1.32538952e+00, -1.89362994e+00, -2.82154246e-01,
        -2.24756022e-02, -2.10674827e-01,  1.01429246e+00,
         2.49098019e-01, -1.56438388e-01, -1.14353853e-01],
       [-3.48962264e+00,  6.84309947e-01,  4.63959387e+00,
        -3.32574410e-01, -1.63650580e-01,  1.62665571e+00,
         2.68054315e+00, -5.22002625e-01,  5.76697720e+00,
         2.05159519e-01,  1.43980796e+00, -1.13005208e+00,
         9.10988560e-01, -5.10346648e-01, -5.47152070e-01,
         3.24587781e-02,  3.08075195e-01, -1.26914925e-01],
       [-1.73361025e+00, -3.05822183e-01,  9.11625117e-01,
        -2.15203774e-01, -2.90965987e-01,  1.54911166e-01,
         4.86671195e-01, -1.32538952e+00,  2.05159519e-01,
         1.56609626e+00,  1.94602666e-01, -4.05033607e-02,
         1.17169774e-01,  6.15880986e-02, -1.04580095e-01,
        -2.00752858e-02,  2.48446806e-01,  1.76793929e-01],
       [-4.31380737e-01, -7.82819038e-01,  3.96945273e+00,
         3.44281171e-01, -3.65702132e-01,  8.49710910e-01,
         3.28794602e+00, -1.89362994e+00,  1.43980796e+00,
         1.94602666e-01,  2.16882700e+00, -7.09178711e-01,
         1.78442797e-01, -3.10526087e-01, -7.86647026e-01,
        -1.09236867e-01,  1.05699146e-01, -5.99879446e-02],
       [-4.41668989e-01, -1.73854384e+00, -2.48918262e+00,
        -1.19290223e-01, -3.41789007e-01, -5.59289551e-01,
        -1.52141001e+00, -2.82154246e-01, -1.13005208e+00,
        -4.05033607e-02, -7.09178711e-01,  1.57651022e+00,
         1.01407204e-01,  5.64462137e-01,  1.80125686e-01,
        -1.07483554e-01,  1.27962589e-02, -4.05076666e-02],
       [-2.32752296e+00, -4.73463487e-01,  6.67702089e-01,
        -2.20408999e-01, -2.41188894e-01,  3.85916255e-01,
         6.22488151e-01, -2.24756022e-02,  9.10988560e-01,
         1.17169774e-01,  1.78442797e-01,  1.01407204e-01,
         7.04971561e-01,  1.06271686e-01, -5.12862474e-02,
         3.62101179e-02,  2.61818891e-01, -1.01321413e-01],
       [-3.49164119e-01, -7.61850770e-01, -6.81334660e-01,
         1.21085195e-03, -1.58030652e-01, -1.19024216e-01,
         1.10860416e-03, -2.10674827e-01, -5.10346648e-01,
         6.15880986e-02, -3.10526087e-01,  5.64462137e-01,
         1.06271686e-01,  2.82154766e-01,  8.48722211e-02,
        -3.76315702e-02,  5.66096365e-02,  1.38802764e-02],
       [ 1.40062342e-01,  3.87212064e-01, -1.51826190e+00,
        -1.43901822e-01,  1.72101299e-01, -3.09141295e-01,
        -1.27120776e+00,  1.01429246e+00, -5.47152070e-01,
        -1.04580095e-01, -7.86647026e-01,  1.80125686e-01,
        -5.12862474e-02,  8.48722211e-02,  3.40101616e-01,
         5.67715901e-02, -4.19728984e-02,  2.73129886e-02],
       [-1.39580159e-02,  2.52571041e-01, -1.20747831e-01,
        -2.36170938e-02,  5.53185244e-02, -1.13174124e-02,
        -1.90743362e-01,  2.49098019e-01,  3.24587781e-02,
        -2.00752858e-02, -1.09236867e-01, -1.07483554e-01,
         3.62101179e-02, -3.76315702e-02,  5.67715901e-02,
         5.41979134e-02,  6.37796776e-03, -4.54615361e-03],
       [-1.01743314e+00, -1.09169804e-01,  4.64935533e-01,
        -8.02207279e-02, -8.74700472e-02,  1.79850244e-01,
         4.59400202e-01, -1.56438388e-01,  3.08075195e-01,
         2.48446806e-01,  1.05699146e-01,  1.27962589e-02,
         2.61818891e-01,  5.66096365e-02, -4.19728984e-02,
         6.37796776e-03,  1.56920450e-01, -5.49853995e-03],
       [ 2.32357201e-01,  4.60678297e-02,  1.82437185e-01,
         5.91007824e-02,  1.65159002e-02,  2.54017341e-02,
         3.27483437e-01, -1.14353853e-01, -1.26914925e-01,
         1.76793929e-01, -5.99879446e-02, -4.05076666e-02,
        -1.01321413e-01,  1.38802764e-02,  2.73129886e-02,
        -4.54615361e-03, -5.49853995e-03,  8.55769047e-02]])
      jac: array([ 1.27361085e-05,  8.18178858e-06, -1.05937481e-05, -8.55889434e-06,
       -3.37137725e-07,  6.20799708e-05, -1.69309011e-06,  3.41763654e-07,
       -7.11560440e-06,  1.63894824e-05, -5.12960045e-06,  2.44156547e-06,
        5.22026866e-05,  3.21026539e-05, -2.38253861e-05, -5.44355302e-05,
       -4.80426810e-05, -2.48516023e-05])
  message: 'Desired error not necessarily achieved due to precision loss.'
     nfev: 1948
      nit: 64
     njev: 102
   status: 2
  success: False
        x: array([-0.38600272, -0.47635076,  0.14235747, -1.1836664 , -0.64022532,
       -0.0642329 , -1.61016744, -0.89919105, -0.99815015,  0.14148139,
        0.49170647,  1.0294637 ,  0.02616483,  0.21204465, -0.25563771,
        1.37403739, -0.34115902,  0.03678256])
