Program Begingeth
      fun: 0.2748961338313632
 hess_inv: array([[ 1.03772416e+01,  1.40843217e+00, -2.96310593e+00,
         2.01025211e+00,  1.20621439e+00, -1.54368099e+00,
        -1.74001178e-01,  8.72514109e-01, -4.37220430e+00,
        -1.23673977e+00, -7.98369296e-01,  1.76844160e-03,
        -2.11031799e+00, -1.54271569e-01,  1.55040901e-01,
        -1.02560769e-01, -1.23608166e+00,  2.18929224e-01],
       [ 1.40843217e+00,  3.95857733e+00,  2.68719973e-01,
         6.63259901e-03,  1.33131313e+00,  8.02460665e-02,
        -5.16865063e-01,  2.37557607e+00,  5.95892029e-01,
        -2.15880468e-01, -2.78684739e-01, -1.24519996e+00,
        -3.62780705e-01, -4.89608988e-01,  2.73883784e-01,
         1.90940159e-01, -9.00677975e-02,  9.70059921e-02],
       [-2.96310593e+00,  2.68719973e-01,  1.65848670e+01,
         1.33032547e+00, -8.05041131e-01,  5.25545244e+00,
         1.74078441e+01, -6.00158674e+00,  6.66140069e+00,
         1.21383803e+00,  4.20945104e+00, -2.16988279e+00,
         1.11573112e+00, -7.95905520e-01, -1.34743584e+00,
         1.24255033e-02,  8.91864331e-01,  4.14232000e-01],
       [ 2.01025211e+00,  6.63259901e-03,  1.33032547e+00,
         7.46795439e-01,  8.13468429e-02,  3.03589594e-01,
         2.80632027e+00, -6.57620246e-01, -4.20396802e-01,
        -1.47230027e-01,  2.77217100e-01, -9.76642838e-02,
        -2.71112249e-01, -3.15828899e-02, -1.34221815e-01,
        -2.37970545e-02, -1.28546242e-01,  9.12059634e-02],
       [ 1.20621439e+00,  1.33131313e+00, -8.05041131e-01,
         8.13468429e-02,  5.87467770e-01, -2.68471852e-01,
        -7.85410609e-01,  1.46458498e+00, -4.11294333e-01,
        -2.60775232e-01, -3.51261275e-01, -2.48201208e-01,
        -2.84107082e-01, -8.91079870e-02,  1.76085513e-01,
         3.76141216e-02, -1.33539454e-01,  3.41188793e-02],
       [-1.54368099e+00,  8.02460665e-02,  5.25545244e+00,
         3.03589594e-01, -2.68471852e-01,  1.78165957e+00,
         5.56582190e+00, -1.55363811e+00,  2.54615786e+00,
         3.16737530e-01,  1.21001987e+00, -6.59882341e-01,
         5.18496598e-01, -2.11840509e-01, -3.60746520e-01,
         3.06787108e-02,  3.49545751e-01,  1.14131995e-01],
       [-1.74001178e-01, -5.16865063e-01,  1.74078441e+01,
         2.80632027e+00, -7.85410609e-01,  5.56582190e+00,
         2.49700211e+01, -6.33842403e+00,  4.91422896e+00,
         9.50823761e-01,  3.70169370e+00, -1.62446436e+00,
         9.19777251e-01, -3.47823372e-01, -1.28404347e+00,
        -5.32661081e-02,  8.51197430e-01,  5.43268937e-01],
       [ 8.72514109e-01,  2.37557607e+00, -6.00158674e+00,
        -6.57620246e-01,  1.46458498e+00, -1.55363811e+00,
        -6.33842403e+00,  8.10129471e+00, -1.72473531e+00,
        -1.17089806e+00, -1.91861737e+00,  1.50765359e-01,
        -2.16621853e-01,  1.57172386e-01,  9.64161455e-01,
         1.57313966e-01, -2.58895573e-01, -9.65310426e-02],
       [-4.37220430e+00,  5.95892029e-01,  6.66140069e+00,
        -4.20396802e-01, -4.11294333e-01,  2.54615786e+00,
         4.91422896e+00, -1.72473531e+00,  6.55027863e+00,
         4.93769555e-01,  1.64220598e+00, -1.01088327e+00,
         1.04629883e+00, -4.99385152e-01, -4.69182666e-01,
         1.27610160e-01,  5.61044449e-01, -4.44083042e-03],
       [-1.23673977e+00, -2.15880468e-01,  1.21383803e+00,
        -1.47230027e-01, -2.60775232e-01,  3.16737530e-01,
         9.50823761e-01, -1.17089806e+00,  4.93769555e-01,
         1.02972486e+00,  2.86629314e-01, -3.18792171e-02,
         6.60425803e-02,  2.46584451e-03, -9.70503070e-02,
        -1.60684901e-02,  2.17156145e-01,  1.66000456e-01],
       [-7.98369296e-01, -2.78684739e-01,  4.20945104e+00,
         2.77217100e-01, -3.51261275e-01,  1.21001987e+00,
         3.70169370e+00, -1.91861737e+00,  1.64220598e+00,
         2.86629314e-01,  1.67283924e+00, -5.69291308e-01,
         2.66875577e-01, -3.35038514e-01, -5.38500632e-01,
        -3.56349165e-02,  1.89155430e-01, -9.42834300e-03],
       [ 1.76844160e-03, -1.24519996e+00, -2.16988279e+00,
        -9.76642838e-02, -2.48201208e-01, -6.59882341e-01,
        -1.62446436e+00,  1.50765359e-01, -1.01088327e+00,
        -3.18792171e-02, -5.69291308e-01,  9.81856241e-01,
        -5.46782488e-02,  3.65915606e-01,  6.94064153e-02,
        -1.04492801e-01, -2.76341222e-02, -4.15815761e-02],
       [-2.11031799e+00, -3.62780705e-01,  1.11573112e+00,
        -2.71112249e-01, -2.84107082e-01,  5.18496598e-01,
         9.19777251e-01, -2.16621853e-01,  1.04629883e+00,
         6.60425803e-02,  2.66875577e-01, -5.46782488e-02,
         5.79140618e-01,  3.51655914e-02, -6.49853124e-02,
         6.69944747e-02,  2.95190712e-01, -7.84423053e-02],
       [-1.54271569e-01, -4.89608988e-01, -7.95905520e-01,
        -3.15828899e-02, -8.91079870e-02, -2.11840509e-01,
        -3.47823372e-01,  1.57172386e-01, -4.99385152e-01,
         2.46584451e-03, -3.35038514e-01,  3.65915606e-01,
         3.51655914e-02,  2.08396590e-01,  7.59895278e-02,
        -2.96724000e-02,  4.25251963e-02,  3.18562138e-03],
       [ 1.55040901e-01,  2.73883784e-01, -1.34743584e+00,
        -1.34221815e-01,  1.76085513e-01, -3.60746520e-01,
        -1.28404347e+00,  9.64161455e-01, -4.69182666e-01,
        -9.70503070e-02, -5.38500632e-01,  6.94064153e-02,
        -6.49853124e-02,  7.59895278e-02,  2.34587568e-01,
         3.37451015e-02, -5.42646719e-02,  2.25053941e-02],
       [-1.02560769e-01,  1.90940159e-01,  1.24255033e-02,
        -2.37970545e-02,  3.76141216e-02,  3.06787108e-02,
        -5.32661081e-02,  1.57313966e-01,  1.27610160e-01,
        -1.60684901e-02, -3.56349165e-02, -1.04492801e-01,
         6.69944747e-02, -2.96724000e-02,  3.37451015e-02,
         5.98914793e-02,  2.03267559e-02, -7.08262901e-03],
       [-1.23608166e+00, -9.00677975e-02,  8.91864331e-01,
        -1.28546242e-01, -1.33539454e-01,  3.49545751e-01,
         8.51197430e-01, -2.58895573e-01,  5.61044449e-01,
         2.17156145e-01,  1.89155430e-01, -2.76341222e-02,
         2.95190712e-01,  4.25251963e-02, -5.42646719e-02,
         2.03267559e-02,  2.28747653e-01,  1.16129666e-03],
       [ 2.18929224e-01,  9.70059921e-02,  4.14232000e-01,
         9.12059634e-02,  3.41188793e-02,  1.14131995e-01,
         5.43268937e-01, -9.65310426e-02, -4.44083042e-03,
         1.66000456e-01, -9.42834300e-03, -4.15815761e-02,
        -7.84423053e-02,  3.18562138e-03,  2.25053941e-02,
        -7.08262901e-03,  1.16129666e-03,  1.00881129e-01]])
      jac: array([-2.27928787e-06, -5.56591810e-07,  9.55531950e-07,  5.58331159e-06,
       -3.15451369e-06, -1.85259215e-06, -5.15143484e-07,  8.67824331e-07,
       -4.56301663e-07, -1.83963955e-06, -3.33807056e-07, -1.22309570e-06,
       -5.96411809e-06, -8.48210391e-07,  1.89441055e-06, -8.90028792e-07,
        4.00790512e-06,  3.53050922e-07])
  message: 'Optimization terminated successfully.'
     nfev: 1729
      nit: 80
     njev: 91
   status: 0
  success: True
        x: array([-0.48846031, -0.73500261,  0.07316984, -1.12083825, -0.84210462,
       -0.08676398, -1.60137845, -1.13009677, -1.0394053 ,  0.1193136 ,
        0.49235824,  1.13338964,  0.05331317,  0.17600341, -0.28221321,
        1.28896155, -0.40952092,  0.01870993])
