Program Begingeth
      fun: 0.24702534806351129
 hess_inv: array([[ 4.05152463e-01, -1.41978326e-02, -8.19808298e-02,
        -1.53965823e-01,  1.73633525e-01, -2.17100785e-01,
        -7.21591436e-02,  8.96651074e-01, -1.08925144e+00,
         8.47849918e-02,  3.87791264e-02,  4.01447697e-01,
        -4.36260855e-01,  1.06314230e-01, -2.64640695e-01,
        -1.48077830e-01, -2.89066304e-03, -9.49779249e-02],
       [-1.41978326e-02,  4.06412771e-01, -2.26275119e-02,
        -1.42132584e-01, -1.26334659e-01, -1.55328216e-01,
        -6.23593270e-01,  6.81250768e-02, -5.15479664e-02,
        -1.31325329e-02,  1.32243388e-01, -2.34872578e-02,
        -8.88641864e-02, -4.22078605e-01, -7.05796126e-02,
         7.28506246e-04, -1.37804191e-01,  9.12233660e-02],
       [-8.19808298e-02, -2.26275119e-02,  4.08713281e-01,
         1.40443622e-01,  1.06512539e-01, -6.74843242e-02,
         6.47395622e-01, -1.48682492e-01,  4.25626928e-01,
        -3.51746306e-01, -8.19363983e-02, -1.30470744e-01,
         2.74955402e-01,  1.46180531e-01, -3.53521529e-01,
         9.61803739e-02,  3.06562661e-03, -1.70726046e-01],
       [-1.53965823e-01, -1.42132584e-01,  1.40443622e-01,
         4.51820304e-01, -1.39064636e-01, -1.42596043e-02,
         7.33568246e-01, -1.46924439e+00,  1.11340884e-01,
        -1.87094935e-01,  1.01167960e-01, -7.67153746e-02,
         6.68008552e-01, -1.33615849e-02, -1.14853055e-01,
         2.36211313e-01, -1.61876072e-02, -7.60221349e-02],
       [ 1.73633525e-01, -1.26334659e-01,  1.06512539e-01,
        -1.39064636e-01,  4.38739338e-01,  2.68042633e-02,
         5.63088100e-01,  1.53284909e+00, -2.29955775e-03,
        -2.86468530e-02, -2.30675137e-01,  1.55428896e-01,
        -3.14244594e-01,  5.65969965e-01, -1.14193520e-01,
        -1.03798660e-01,  1.91017347e-01, -8.59054980e-02],
       [-2.17100785e-01, -1.55328216e-01, -6.74843242e-02,
        -1.42596043e-02,  2.68042633e-02,  4.52098189e-01,
         1.72330071e-01,  7.33061537e-02,  1.28643346e+00,
         5.16959645e-02, -2.45062844e-01, -2.29115650e-01,
         5.94875233e-02,  2.12537853e-01,  5.54608959e-01,
         1.14802299e-02,  1.05203451e-01,  1.66346208e-01],
       [-7.21591436e-02, -6.23593270e-01,  6.47395622e-01,
         7.33568246e-01,  5.63088100e-01,  1.72330071e-01,
         4.23194450e+00, -1.63323252e-01,  8.83208211e-01,
        -4.00714145e-01, -3.38979771e-01,  7.12086104e-02,
         6.81783974e-01,  1.13696874e+00, -4.06918765e-01,
         1.78623563e-01,  3.32551978e-01, -3.35699627e-01],
       [ 8.96651074e-01,  6.81250768e-02, -1.48682492e-01,
        -1.46924439e+00,  1.53284909e+00,  7.33061537e-02,
        -1.63323252e-01,  9.29625166e+00, -6.55908062e-01,
         4.70207439e-01, -5.49800931e-01,  6.62575856e-01,
        -2.54518357e+00,  1.23985744e+00,  5.24264331e-02,
        -8.88245855e-01,  3.73420774e-01,  4.17132372e-02],
       [-1.08925144e+00, -5.15479664e-02,  4.25626928e-01,
         1.11340884e-01, -2.29955775e-03,  1.28643346e+00,
         8.83208211e-01, -6.55908062e-01,  6.98104742e+00,
        -4.87042400e-01, -8.46917715e-01, -9.38583194e-01,
         8.19951957e-01,  3.75754888e-01,  9.85069407e-01,
         3.06540354e-01,  1.77929137e-01,  2.18544045e-01],
       [ 8.47849918e-02, -1.31325329e-02, -3.51746306e-01,
        -1.87094935e-01, -2.86468530e-02,  5.16959645e-02,
        -4.00714145e-01,  4.70207439e-01, -4.87042400e-01,
         4.48044195e-01,  2.89913565e-02,  1.19490403e-01,
        -3.97451440e-01, -3.47990806e-02,  2.90514588e-01,
        -1.51827425e-01,  3.81588413e-02,  1.26797843e-01],
       [ 3.87791264e-02,  1.32243388e-01, -8.19363983e-02,
         1.01167960e-01, -2.30675137e-01, -2.45062844e-01,
        -3.38979771e-01, -5.49800931e-01, -8.46917715e-01,
         2.89913565e-02,  5.86086001e-01,  2.55980716e-02,
         7.75259204e-02, -4.99107854e-01, -1.02110904e-01,
        -3.22180369e-02, -1.77637085e-01,  7.76533998e-02],
       [ 4.01447697e-01, -2.34872578e-02, -1.30470744e-01,
        -7.67153746e-02,  1.55428896e-01, -2.29115650e-01,
         7.12086104e-02,  6.62575856e-01, -9.38583194e-01,
         1.19490403e-01,  2.55980716e-02,  5.77812200e-01,
        -3.41470914e-01,  1.07027728e-01, -3.33152391e-01,
        -9.73613469e-02, -7.93890096e-03, -1.36370317e-01],
       [-4.36260855e-01, -8.88641864e-02,  2.74955402e-01,
         6.68008552e-01, -3.14244594e-01,  5.94875233e-02,
         6.81783974e-01, -2.54518357e+00,  8.19951957e-01,
        -3.97451440e-01,  7.75259204e-02, -3.41470914e-01,
         1.21342956e+00, -1.59092568e-01, -7.85758783e-02,
         4.69736447e-01, -5.71333902e-02, -6.65430738e-02],
       [ 1.06314230e-01, -4.22078605e-01,  1.46180531e-01,
        -1.33615849e-02,  5.65969965e-01,  2.12537853e-01,
         1.13696874e+00,  1.23985744e+00,  3.75754888e-01,
        -3.47990806e-02, -4.99107854e-01,  1.07027728e-01,
        -1.59092568e-01,  1.03278357e+00, -6.22691743e-03,
        -4.65922397e-02,  3.88897831e-01, -1.49171785e-01],
       [-2.64640695e-01, -7.05796126e-02, -3.53521529e-01,
        -1.14853055e-01, -1.14193520e-01,  5.54608959e-01,
        -4.06918765e-01,  5.24264331e-02,  9.85069407e-01,
         2.90514588e-01, -1.02110904e-01, -3.33152391e-01,
        -7.85758783e-02, -6.22691743e-03,  1.00165969e+00,
        -5.11049797e-02,  8.66683736e-02,  4.27086380e-01],
       [-1.48077830e-01,  7.28506246e-04,  9.61803739e-02,
         2.36211313e-01, -1.03798660e-01,  1.14802299e-02,
         1.78623563e-01, -8.88245855e-01,  3.06540354e-01,
        -1.51827425e-01, -3.22180369e-02, -9.73613469e-02,
         4.69736447e-01, -4.65922397e-02, -5.11049797e-02,
         2.18342377e-01, -1.60398742e-02, -3.48529495e-02],
       [-2.89066304e-03, -1.37804191e-01,  3.06562661e-03,
        -1.61876072e-02,  1.91017347e-01,  1.05203451e-01,
         3.32551978e-01,  3.73420774e-01,  1.77929137e-01,
         3.81588413e-02, -1.77637085e-01, -7.93890096e-03,
        -5.71333902e-02,  3.88897831e-01,  8.66683736e-02,
        -1.60398742e-02,  1.85232841e-01, -7.97226241e-03],
       [-9.49779249e-02,  9.12233660e-02, -1.70726046e-01,
        -7.60221349e-02, -8.59054980e-02,  1.66346208e-01,
        -3.35699627e-01,  4.17132372e-02,  2.18544045e-01,
         1.26797843e-01,  7.76533998e-02, -1.36370317e-01,
        -6.65430738e-02, -1.49171785e-01,  4.27086380e-01,
        -3.48529495e-02, -7.97226241e-03,  2.51868992e-01]])
      jac: array([ 1.02595525e-04, -4.56986301e-06,  1.95742126e-04,  2.20388522e-05,
        8.11219610e-05, -3.69050161e-04,  2.44367489e-05, -3.17116703e-06,
        4.88559193e-05,  7.12404210e-05,  2.85292160e-05,  1.98785433e-05,
       -4.42843910e-05, -3.38943688e-05,  3.92852787e-04,  1.43924687e-04,
        7.71586499e-06, -2.92820028e-04])
  message: 'Desired error not necessarily achieved due to precision loss.'
     nfev: 1607
      nit: 37
     njev: 84
   status: 2
  success: False
        x: array([ 0.76638989, -0.02716193,  0.53006104,  0.23763153, -0.84749647,
       -0.9346268 ,  1.17992953, -1.36678619, -1.21503796, -1.10935289,
        0.04900026,  0.68843352,  0.15192974,  0.05176401, -0.76216002,
        0.09823999,  1.11414409, -0.98106148])
