Program Begingeth
      fun: 0.23540625911360005
 hess_inv: array([[ 4.16745542e+00, -1.54855591e+00, -2.85041522e-01,
         1.22031156e+00, -6.24214139e-01,  6.58266387e-01,
         2.33430239e+00,  1.67360867e+00,  1.45525112e+00,
        -2.61056818e-01, -7.89175117e-01,  7.64062484e-01,
        -7.79343754e-01,  4.25791973e-01,  3.73240807e-01,
        -2.16946026e-01,  4.81412148e-01, -1.81339854e-01],
       [-1.54855591e+00,  2.69390454e+00, -6.83746048e-03,
        -1.94798565e-01,  1.03640909e+00, -3.70202014e-01,
         1.92788204e-02,  1.94175174e+00,  1.45730933e-01,
        -3.39453241e-01, -1.04698623e-01, -1.12050535e+00,
         4.92932906e-01, -3.52736715e-01,  4.09819416e-03,
        -4.63363936e-02, -2.13859292e-01,  1.78568842e-01],
       [-2.85041522e-01, -6.83746048e-03,  4.20876460e+00,
        -8.24712407e-01, -5.92464531e-02,  1.63201707e+00,
        -8.06299832e+00, -4.00104108e+00,  5.07140365e+00,
         3.79369451e-01,  1.74682304e+00, -7.55171379e-01,
        -3.01367720e-02, -1.46094578e-01, -5.84705270e-01,
         2.95563141e-01,  3.07687139e-02, -3.90381577e-01],
       [ 1.22031156e+00, -1.94798565e-01, -8.24712407e-01,
         5.69207566e-01, -1.01656628e-01, -1.36280080e-01,
         2.69607685e+00,  1.31080237e+00, -2.78359931e-01,
        -2.18015076e-01, -5.16045673e-01,  1.92452417e-01,
        -1.68318431e-01,  7.91362911e-02,  2.15156651e-01,
        -1.25380587e-01,  1.04664062e-01,  4.49130110e-02],
       [-6.24214139e-01,  1.03640909e+00, -5.92464531e-02,
        -1.01656628e-01,  4.89170240e-01, -1.23580451e-01,
        -4.69042472e-01,  1.48274673e+00, -2.19015326e-01,
        -3.38904739e-02, -1.39017485e-01, -3.52174416e-01,
         2.01842119e-01, -7.80909002e-02,  5.60128832e-02,
         4.38880632e-03, -8.64606877e-02,  8.41950020e-02],
       [ 6.58266387e-01, -3.70202014e-01,  1.63201707e+00,
        -1.36280080e-01, -1.23580451e-01,  8.54172946e-01,
        -3.28882924e+00, -9.34576013e-01,  2.44947434e+00,
         2.58021628e-01,  4.52275064e-01, -8.60549377e-02,
        -1.90322880e-01,  5.47661120e-02, -1.19562099e-01,
         7.49902222e-02,  8.39255359e-02, -1.97355134e-01],
       [ 2.33430239e+00,  1.92788204e-02, -8.06299832e+00,
         2.69607685e+00, -4.69042472e-01, -3.28882924e+00,
         2.51691302e+01,  5.30079711e+00, -7.94419229e+00,
        -1.52516917e+00, -2.79897474e+00,  7.72656855e-01,
        -2.77768432e-01, -7.30668634e-02,  1.00005552e+00,
        -8.58233725e-01,  1.99485502e-01,  7.70078909e-01],
       [ 1.67360867e+00,  1.94175174e+00, -4.00104108e+00,
         1.31080237e+00,  1.48274673e+00, -9.34576013e-01,
         5.30079711e+00,  1.47902192e+01, -4.54363726e+00,
        -1.16202852e-02, -2.91437750e+00,  7.74255325e-02,
        -1.03113633e-01,  3.18742295e-01,  1.40706000e+00,
        -4.98124536e-01,  2.15139938e-02,  5.30628145e-01],
       [ 1.45525112e+00,  1.45730933e-01,  5.07140365e+00,
        -2.78359931e-01, -2.19015326e-01,  2.44947434e+00,
        -7.94419229e+00, -4.54363726e+00,  1.12437903e+01,
         5.64952359e-01,  1.95934739e+00, -9.25889381e-01,
        -3.45371691e-01, -4.10284879e-01, -7.18034902e-01,
         1.71518349e-01, -6.85609305e-03, -6.78026818e-01],
       [-2.61056818e-01, -3.39453241e-01,  3.79369451e-01,
        -2.18015076e-01, -3.38904739e-02,  2.58021628e-01,
        -1.52516917e+00, -1.16202852e-02,  5.64952359e-01,
         9.88336808e-01,  2.84894431e-01,  5.59942387e-02,
        -1.73260336e-01, -2.17425796e-02, -1.23745577e-01,
         6.79016177e-02, -9.34763571e-02, -2.38881509e-01],
       [-7.89175117e-01, -1.04698623e-01,  1.74682304e+00,
        -5.16045673e-01, -1.39017485e-01,  4.52275064e-01,
        -2.79897474e+00, -2.91437750e+00,  1.95934739e+00,
         2.84894431e-01,  1.46500942e+00, -4.23144258e-01,
         7.38616990e-02, -2.68046768e-01, -5.00289536e-01,
         1.87491307e-01, -7.04256623e-02, -2.61617261e-01],
       [ 7.64062484e-01, -1.12050535e+00, -7.55171379e-01,
         1.92452417e-01, -3.52174416e-01, -8.60549377e-02,
         7.72656855e-01,  7.74255325e-02, -9.25889381e-01,
         5.59942387e-02, -4.23144258e-01,  9.57210612e-01,
        -1.69716290e-01,  3.02358088e-01,  9.38481759e-02,
         2.96510395e-02,  1.42569931e-01,  2.15928222e-02],
       [-7.79343754e-01,  4.92932906e-01, -3.01367720e-02,
        -1.68318431e-01,  2.01842119e-01, -1.90322880e-01,
        -2.77768432e-01, -1.03113633e-01, -3.45371691e-01,
        -1.73260336e-01,  7.38616990e-02, -1.69716290e-01,
         2.66372203e-01, -8.98204083e-02, -4.12374567e-02,
         7.42889746e-02, -1.06309700e-01,  1.03211289e-01],
       [ 4.25791973e-01, -3.52736715e-01, -1.46094578e-01,
         7.91362911e-02, -7.80909002e-02,  5.47661120e-02,
        -7.30668634e-02,  3.18742295e-01, -4.10284879e-01,
        -2.17425796e-02, -2.68046768e-01,  3.02358088e-01,
        -8.98204083e-02,  1.81186245e-01,  9.02186311e-02,
        -2.02293970e-03,  1.04908082e-01,  2.15934355e-02],
       [ 3.73240807e-01,  4.09819416e-03, -5.84705270e-01,
         2.15156651e-01,  5.60128832e-02, -1.19562099e-01,
         1.00005552e+00,  1.40706000e+00, -7.18034902e-01,
        -1.23745577e-01, -5.00289536e-01,  9.38481759e-02,
        -4.12374567e-02,  9.02186311e-02,  2.35749793e-01,
        -8.39175595e-02,  2.93428225e-02,  1.16953369e-01],
       [-2.16946026e-01, -4.63363936e-02,  2.95563141e-01,
        -1.25380587e-01,  4.38880632e-03,  7.49902222e-02,
        -8.58233725e-01, -4.98124536e-01,  1.71518349e-01,
         6.79016177e-02,  1.87491307e-01,  2.96510395e-02,
         7.42889746e-02, -2.02293970e-03, -8.39175595e-02,
         9.54651342e-02, -2.41299643e-02, -2.41910918e-02],
       [ 4.81412148e-01, -2.13859292e-01,  3.07687139e-02,
         1.04664062e-01, -8.64606877e-02,  8.39255359e-02,
         1.99485502e-01,  2.15139938e-02, -6.85609305e-03,
        -9.34763571e-02, -7.04256623e-02,  1.42569931e-01,
        -1.06309700e-01,  1.04908082e-01,  2.93428225e-02,
        -2.41299643e-02,  1.24175033e-01, -1.37374696e-02],
       [-1.81339854e-01,  1.78568842e-01, -3.90381577e-01,
         4.49130110e-02,  8.41950020e-02, -1.97355134e-01,
         7.70078909e-01,  5.30628145e-01, -6.78026818e-01,
        -2.38881509e-01, -2.61617261e-01,  2.15928222e-02,
         1.03211289e-01,  2.15934355e-02,  1.16953369e-01,
        -2.41910918e-02, -1.37374696e-02,  1.54779285e-01]])
      jac: array([-3.41837669e-06, -2.23802458e-06, -1.22531615e-06,  6.66300348e-06,
        8.24784685e-06,  3.60341386e-06, -1.07691633e-07, -8.23600447e-07,
       -6.06921920e-08, -1.69290508e-06,  1.10245146e-06,  1.63202785e-06,
       -2.77185682e-06, -2.06075897e-06,  7.11597448e-06,  2.32258657e-06,
        9.46465128e-07, -7.95974398e-06])
  message: 'Optimization terminated successfully.'
     nfev: 1444
      nit: 68
     njev: 76
   status: 0
  success: True
        x: array([ 7.53367414e-01, -7.31170770e-01,  5.40234941e-01,  1.15164175e+00,
       -8.39960154e-01,  9.50665349e-02,  9.77793914e-01, -1.27357993e+00,
       -7.79908207e-01,  1.07125777e-02,  6.57364913e-01,  1.09178924e+00,
        3.30839690e-02,  2.50649354e-01, -3.16608824e-01, -1.08923407e+00,
       -1.94948161e-01,  1.26727517e-03])
