Program Begingeth
      fun: 0.29686532976005187
 hess_inv: array([[ 2.99053780e+00,  4.98004435e-01, -7.26648292e-01,
         1.18910885e+00,  3.33710534e-01, -9.73691993e-01,
         6.42413444e-01, -1.74302717e-01, -4.24090564e+00,
        -4.94146530e-02,  6.97965673e-01,  2.46672173e-02,
        -2.65212974e-01, -1.62789892e-01, -3.23818593e-01,
        -2.31522141e-01, -2.02775707e-01,  8.48383667e-02],
       [ 4.98004435e-01,  4.56978339e+00,  9.17190858e-01,
         9.18682441e-02,  2.12375188e+00,  1.44015376e-01,
         2.57609191e+00,  2.14833203e+00,  3.78573746e+00,
         6.01123430e-01,  6.44342781e-01, -9.31360903e-01,
        -5.59824643e-01, -2.90126656e-01, -2.01234756e-01,
        -1.90427620e-01, -2.88903421e-01,  1.21104925e-01],
       [-7.26648292e-01,  9.17190858e-01,  1.94077395e+00,
        -6.24891295e-02,  3.20426450e-01,  1.07087709e+00,
         1.79396019e+00, -9.29423482e-01,  3.84248031e+00,
         2.56048788e-02,  2.79044956e-01, -2.76881518e-01,
         1.19724943e-01,  4.22226686e-02, -2.85134376e-03,
         6.78877187e-03,  1.43075373e-01, -8.09953197e-02],
       [ 1.18910885e+00,  9.18682441e-02, -6.24891295e-02,
         5.52529007e-01,  7.52959089e-02, -2.66499145e-01,
         6.73554999e-01, -3.81355856e-01, -1.52087740e+00,
        -6.44440443e-02,  3.24381305e-01,  5.11219354e-02,
        -4.20468940e-02, -3.27554616e-02, -1.54240855e-01,
        -8.55597445e-02, -3.25952979e-02, -8.68203077e-03],
       [ 3.33710534e-01,  2.12375188e+00,  3.20426450e-01,
         7.52959089e-02,  1.06586284e+00,  1.14380699e-02,
         1.48935205e+00,  1.54859154e+00,  1.40984504e+00,
         2.34836295e-01,  2.42558731e-01, -3.64819712e-01,
        -3.05931792e-01, -1.10483022e-01, -8.54456615e-02,
        -1.23480400e-01, -1.74524124e-01,  7.06026767e-02],
       [-9.73691993e-01,  1.44015376e-01,  1.07087709e+00,
        -2.66499145e-01,  1.14380699e-02,  7.76416653e-01,
         7.80157505e-01, -3.39316533e-01,  2.85561045e+00,
        -6.89349080e-02, -1.31892645e-01, -6.87448174e-02,
         1.60906647e-01,  8.59473392e-02,  1.10146932e-01,
         7.98337339e-02,  1.14623599e-01, -4.97448697e-02],
       [ 6.42413444e-01,  2.57609191e+00,  1.79396019e+00,
         6.73554999e-01,  1.48935205e+00,  7.80157505e-01,
         7.53048090e+00,  1.73530679e+00,  3.19108739e+00,
        -9.84209986e-02,  4.44229305e-01, -1.66787751e-01,
        -2.83204836e-01, -4.59142552e-02, -2.37086045e-01,
        -2.64078440e-01, -3.38503254e-01, -1.22444118e-01],
       [-1.74302717e-01,  2.14833203e+00, -9.29423482e-01,
        -3.81355856e-01,  1.54859154e+00, -3.39316533e-01,
         1.73530679e+00,  6.99217749e+00,  3.79395286e-01,
         1.08455269e-01, -6.23110201e-01, -1.81590088e-01,
        -5.23698931e-01,  2.46025522e-02,  2.45579734e-01,
        -1.01923767e-01, -4.03688452e-01,  2.47395779e-01],
       [-4.24090564e+00,  3.78573746e+00,  3.84248031e+00,
        -1.52087740e+00,  1.40984504e+00,  2.85561045e+00,
         3.19108739e+00,  3.79395286e-01,  1.57368066e+01,
         3.00599854e-01, -2.05634645e-01, -9.81893774e-01,
         2.01552133e-01, -9.72562174e-02,  3.45527176e-01,
         3.16626488e-01,  9.97872773e-02, -5.68464884e-02],
       [-4.94146530e-02,  6.01123430e-01,  2.56048788e-02,
        -6.44440443e-02,  2.34836295e-01, -6.89349080e-02,
        -9.84209986e-02,  1.08455269e-01,  3.00599854e-01,
         6.13236657e-01,  2.18919881e-03, -1.38279628e-01,
        -1.90502952e-01, -2.67495413e-03,  5.63556834e-02,
        -2.54427007e-02,  3.00971512e-02,  1.74632113e-01],
       [ 6.97965673e-01,  6.44342781e-01,  2.79044956e-01,
         3.24381305e-01,  2.42558731e-01, -1.31892645e-01,
         4.44229305e-01, -6.23110201e-01, -2.05634645e-01,
         2.18919881e-03,  8.23964983e-01, -2.18204118e-01,
        -6.92743271e-02, -1.97924293e-01, -2.68578350e-01,
        -9.84284157e-02, -4.06802504e-02, -1.17423822e-01],
       [ 2.46672173e-02, -9.31360903e-01, -2.76881518e-01,
         5.11219354e-02, -3.64819712e-01, -6.87448174e-02,
        -1.66787751e-01, -1.81590088e-01, -9.81893774e-01,
        -1.38279628e-01, -2.18204118e-01,  4.76441145e-01,
         6.41704641e-02,  1.32217755e-01,  6.89857614e-03,
        -2.53666319e-02,  6.83609800e-02, -2.83635044e-03],
       [-2.65212974e-01, -5.59824643e-01,  1.19724943e-01,
        -4.20468940e-02, -3.05931792e-01,  1.60906647e-01,
        -2.83204836e-01, -5.23698931e-01,  2.01552133e-01,
        -1.90502952e-01, -6.92743271e-02,  6.41704641e-02,
         2.02416656e-01,  5.15590427e-02,  2.14147390e-02,
         1.01286822e-01,  1.00195476e-01, -8.36836972e-02],
       [-1.62789892e-01, -2.90126656e-01,  4.22226686e-02,
        -3.27554616e-02, -1.10483022e-01,  8.59473392e-02,
        -4.59142552e-02,  2.46025522e-02, -9.72562174e-02,
        -2.67495413e-03, -1.97924293e-01,  1.32217755e-01,
         5.15590427e-02,  1.21783473e-01,  5.77784490e-02,
         1.82942264e-02,  9.36042625e-02,  1.87983681e-02],
       [-3.23818593e-01, -2.01234756e-01, -2.85134376e-03,
        -1.54240855e-01, -8.54456615e-02,  1.10146932e-01,
        -2.37086045e-01,  2.45579734e-01,  3.45527176e-01,
         5.63556834e-02, -2.68578350e-01,  6.89857614e-03,
         2.14147390e-02,  5.77784490e-02,  1.43870368e-01,
         5.03805241e-02,  2.07252549e-02,  7.98615691e-02],
       [-2.31522141e-01, -1.90427620e-01,  6.78877187e-03,
        -8.55597445e-02, -1.23480400e-01,  7.98337339e-02,
        -2.64078440e-01, -1.01923767e-01,  3.16626488e-01,
        -2.54427007e-02, -9.84284157e-02, -2.53666319e-02,
         1.01286822e-01,  1.82942264e-02,  5.03805241e-02,
         9.51809603e-02,  4.52000899e-02, -1.35827050e-02],
       [-2.02775707e-01, -2.88903421e-01,  1.43075373e-01,
        -3.25952979e-02, -1.74524124e-01,  1.14623599e-01,
        -3.38503254e-01, -4.03688452e-01,  9.97872773e-02,
         3.00971512e-02, -4.06802504e-02,  6.83609800e-02,
         1.00195476e-01,  9.36042625e-02,  2.07252549e-02,
         4.52000899e-02,  1.54938509e-01, -1.47350327e-02],
       [ 8.48383667e-02,  1.21104925e-01, -8.09953197e-02,
        -8.68203077e-03,  7.06026767e-02, -4.97448697e-02,
        -1.22444118e-01,  2.47395779e-01, -5.68464884e-02,
         1.74632113e-01, -1.17423822e-01, -2.83635044e-03,
        -8.36836972e-02,  1.87983681e-02,  7.98615691e-02,
        -1.35827050e-02, -1.47350327e-02,  1.28058182e-01]])
      jac: array([-2.64196072e-06, -1.72306613e-06, -1.66903528e-07,  7.34264501e-06,
        3.72627855e-06,  1.65793305e-07, -6.01000731e-07, -2.23154828e-07,
        1.06951485e-07, -9.24445705e-07, -9.41099051e-07, -2.76075459e-07,
       -6.16543853e-06, -3.03794027e-06,  1.53321800e-06,  1.85851334e-06,
        2.58422913e-06, -2.64788191e-06])
  message: 'Optimization terminated successfully.'
     nfev: 1539
      nit: 70
     njev: 81
   status: 0
  success: True
        x: array([-0.74801916, -1.3647844 ,  0.66627353, -0.88916347, -1.39013472,
        0.21447993, -0.41789209, -2.23105502, -0.33669484,  0.01290862,
        0.56616957,  1.21767161,  0.12659019,  0.09162848, -0.34767586,
        1.11968578, -0.38548   , -0.05388772])
