Program Begingeth
      fun: 0.28273208143730916
 hess_inv: array([[ 7.06458952e+00,  8.52165076e-01,  5.64422602e-01,
         3.28636408e+00,  6.26297407e-01, -7.13365232e-01,
         1.29928458e+01,  5.01306178e+00, -4.57768369e+00,
         3.74498840e-01,  1.19416457e+00, -1.25714370e+00,
        -5.87725138e-01, -6.96956120e-01, -2.54487783e-01,
         7.75936073e-02, -4.92732139e-01,  1.45038228e-01],
       [ 8.52165076e-01,  1.86103763e+00,  4.61659231e-02,
         4.41015313e-01,  9.08128699e-01, -1.87413014e-01,
         2.59279088e+00,  9.30619400e-01,  7.70817832e-01,
         7.61153470e-01,  3.76393766e-01, -1.66518976e-01,
        -3.25514920e-01, -4.04222713e-02, -1.43695635e-01,
        -9.33349701e-02, -2.40896207e-02,  1.12784838e-01],
       [ 5.64422602e-01,  4.61659231e-02,  1.39516132e+00,
         3.28667294e-01,  2.78555775e-02,  5.67175458e-01,
         1.48150263e+00, -1.03807604e+00, -9.34427084e-01,
         8.11630730e-02, -7.42401734e-02,  1.35540535e-01,
        -2.34573376e-02,  1.03683710e-01,  5.95533183e-02,
        -6.57541560e-04,  1.28366319e-02,  6.45801005e-02],
       [ 3.28636408e+00,  4.41015313e-01,  3.28667294e-01,
         1.54507103e+00,  3.14746337e-01, -3.05604106e-01,
         6.26881920e+00,  2.23490581e+00, -2.04992150e+00,
         1.70229308e-01,  5.95482926e-01, -5.62343096e-01,
        -2.74195752e-01, -3.20789501e-01, -1.28640583e-01,
         3.43021185e-02, -2.27656720e-01,  6.94326184e-02],
       [ 6.26297407e-01,  9.08128699e-01,  2.78555775e-02,
         3.14746337e-01,  4.89960476e-01, -1.38287689e-01,
         2.46032475e+00,  1.11535673e+00,  3.54756392e-01,
         3.43449994e-01,  2.60802074e-01, -1.97481827e-01,
        -2.29040618e-01, -6.94810485e-02, -7.48135738e-02,
        -5.41722311e-02, -5.81629834e-02,  7.80330327e-02],
       [-7.13365232e-01, -1.87413014e-01,  5.67175458e-01,
        -3.05604106e-01, -1.38287689e-01,  3.99629928e-01,
        -1.86222871e+00, -1.48319493e+00,  1.65710117e-01,
        -9.48226631e-02, -2.64278444e-01,  2.85621566e-01,
         1.45341500e-01,  1.75493855e-01,  7.55731364e-02,
         4.41625547e-03,  1.05484784e-01, -1.28820722e-02],
       [ 1.29928458e+01,  2.59279088e+00,  1.48150263e+00,
         6.26881920e+00,  2.46032475e+00, -1.86222871e+00,
         4.96137398e+01,  1.92072168e+01, -5.42269756e+00,
         6.23088855e-01,  3.76270011e+00, -4.03590056e+00,
        -2.84910397e+00, -2.20831309e+00, -5.19621977e-01,
        -2.18921379e-01, -2.00458580e+00,  9.55554859e-01],
       [ 5.01306178e+00,  9.30619400e-01, -1.03807604e+00,
         2.23490581e+00,  1.11535673e+00, -1.48319493e+00,
         1.92072168e+01,  1.47554842e+01, -3.92565208e-01,
         2.63201757e-01,  1.35534875e+00, -3.15924158e+00,
        -1.18967109e+00, -1.17421052e+00, -4.57560778e-02,
         6.09595069e-02, -8.23801555e-01,  3.74005651e-01],
       [-4.57768369e+00,  7.70817832e-01, -9.34427084e-01,
        -2.04992150e+00,  3.54756392e-01,  1.65710117e-01,
        -5.42269756e+00, -3.92565208e-01,  9.39205983e+00,
        -3.17754636e-01,  9.53772845e-01, -2.47674292e-01,
         1.98583615e-01,  5.27458512e-02, -1.18856682e-01,
        -1.54560062e-01,  2.76039833e-01, -1.27939061e-01],
       [ 3.74498840e-01,  7.61153470e-01,  8.11630730e-02,
         1.70229308e-01,  3.43449994e-01, -9.48226631e-02,
         6.23088855e-01,  2.63201757e-01, -3.17754636e-01,
         1.25379175e+00, -7.00605140e-02,  3.52557952e-03,
        -3.17306285e-01,  4.88823226e-02,  4.37907097e-02,
        -2.17212868e-02,  3.49288776e-02,  2.17015383e-01],
       [ 1.19416457e+00,  3.76393766e-01, -7.42401734e-02,
         5.95482926e-01,  2.60802074e-01, -2.64278444e-01,
         3.76270011e+00,  1.35534875e+00,  9.53772845e-01,
        -7.00605140e-02,  1.16175233e+00, -4.59740853e-01,
        -1.76354888e-01, -3.42254878e-01, -2.30094680e-01,
        -4.55830885e-02, -1.34902064e-01, -5.33508345e-02],
       [-1.25714370e+00, -1.66518976e-01,  1.35540535e-01,
        -5.62343096e-01, -1.97481827e-01,  2.85621566e-01,
        -4.03590056e+00, -3.15924158e+00, -2.47674292e-01,
         3.52557952e-03, -4.59740853e-01,  1.03119175e+00,
         1.98770495e-01,  3.31493332e-01, -1.42692547e-02,
        -5.64111492e-02,  1.98658462e-01, -4.38571027e-02],
       [-5.87725138e-01, -3.25514920e-01, -2.34573376e-02,
        -2.74195752e-01, -2.29040618e-01,  1.45341500e-01,
        -2.84910397e+00, -1.18967109e+00,  1.98583615e-01,
        -3.17306285e-01, -1.76354888e-01,  1.98770495e-01,
         2.69729422e-01,  1.07820452e-01,  1.80458887e-02,
         4.91188395e-02,  1.12439853e-01, -1.10772018e-01],
       [-6.96956120e-01, -4.04222713e-02,  1.03683710e-01,
        -3.20789501e-01, -6.94810485e-02,  1.75493855e-01,
        -2.20831309e+00, -1.17421052e+00,  5.27458512e-02,
         4.88823226e-02, -3.42254878e-01,  3.31493332e-01,
         1.07820452e-01,  1.91832984e-01,  5.07621768e-02,
        -4.02572291e-03,  1.23494653e-01, -4.03053365e-03],
       [-2.54487783e-01, -1.43695635e-01,  5.95533183e-02,
        -1.28640583e-01, -7.48135738e-02,  7.55731364e-02,
        -5.19621977e-01, -4.57560778e-02, -1.18856682e-01,
         4.37907097e-02, -2.30094680e-01, -1.42692547e-02,
         1.80458887e-02,  5.07621768e-02,  9.32216027e-02,
         2.06887817e-02,  1.49057149e-02,  4.39433245e-02],
       [ 7.75936073e-02, -9.33349701e-02, -6.57541560e-04,
         3.43021185e-02, -5.41722311e-02,  4.41625547e-03,
        -2.18921379e-01,  6.09595069e-02, -1.54560062e-01,
        -2.17212868e-02, -4.55830885e-02, -5.64111492e-02,
         4.91188395e-02, -4.02572291e-03,  2.06887817e-02,
         4.22866077e-02,  6.51172580e-03, -9.59912610e-03],
       [-4.92732139e-01, -2.40896207e-02,  1.28366319e-02,
        -2.27656720e-01, -5.81629834e-02,  1.05484784e-01,
        -2.00458580e+00, -8.23801555e-01,  2.76039833e-01,
         3.49288776e-02, -1.34902064e-01,  1.98658462e-01,
         1.12439853e-01,  1.23494653e-01,  1.49057149e-02,
         6.51172580e-03,  1.20890607e-01, -3.03440952e-02],
       [ 1.45038228e-01,  1.12784838e-01,  6.45801005e-02,
         6.94326184e-02,  7.80330327e-02, -1.28820722e-02,
         9.55554859e-01,  3.74005651e-01, -1.27939061e-01,
         2.17015383e-01, -5.33508345e-02, -4.38571027e-02,
        -1.10772018e-01, -4.03053365e-03,  4.39433245e-02,
        -9.59912610e-03, -3.03440952e-02,  9.31005108e-02]])
      jac: array([ 6.80270655e-06, -1.44684265e-05, -3.65337390e-06, -8.00544816e-06,
        2.97698903e-05,  1.32893696e-05,  4.15519471e-06,  4.20034378e-06,
        3.58009918e-06,  3.98218495e-05,  3.87763895e-06,  1.21243756e-05,
        4.75845289e-05,  6.76939986e-05,  9.18469005e-05, -4.40266342e-05,
       -7.90034704e-05, -1.60215545e-04])
  message: 'Desired error not necessarily achieved due to precision loss.'
     nfev: 2499
      nit: 81
     njev: 131
   status: 2
  success: False
        x: array([-1.79806609, -0.97968648,  0.55775086, -1.65726934, -1.01884276,
        0.2870509 , -0.28550355, -1.16207074,  0.93827252,  0.09363482,
        0.50463775,  1.08439054,  0.13194105,  0.22584441, -0.22826893,
        1.51905359, -0.13500197,  0.02954934])
