Program Begingeth
      fun: 0.2142654294666262
 hess_inv: array([[ 2.77434398e+00, -8.47859295e-01, -4.59433737e-01,
         4.78227531e-01, -2.29039549e-01,  7.72040879e-01,
        -3.72885970e-01,  1.60715046e+00,  3.54628494e-01,
        -7.72926808e-01, -4.98699583e-01,  1.03498384e+00,
        -4.65014312e-01,  2.91154023e-01,  3.39484113e-01,
         2.71974587e-02,  2.30792990e-01, -5.04853850e-01],
       [-8.47859295e-01,  2.16453125e+00,  9.17318294e-01,
        -7.66106949e-02,  5.87219409e-01, -1.83040437e-01,
        -1.51730147e+00,  4.02555677e-01,  2.27079490e+00,
         8.43473653e-02, -6.20824483e-03, -1.80167498e+00,
         3.07716272e-01, -3.55224538e-01, -2.51097891e-01,
        -7.72741157e-02, -1.55602954e-02,  9.00502082e-02],
       [-4.59433737e-01,  9.17318294e-01,  2.08165159e+00,
        -4.49936409e-01,  3.04186078e-01,  2.78666162e-01,
        -4.03752292e+00, -2.72688598e+00,  2.75456742e+00,
         3.23332822e-01,  1.29675179e+00, -1.68714994e+00,
         1.35515517e-01, -3.45162411e-01, -4.94978902e-01,
         2.61974155e-01, -2.29366927e-01, -1.32487401e-01],
       [ 4.78227531e-01, -7.66106949e-02, -4.49936409e-01,
         2.62513466e-01, -5.57840503e-02,  2.71954014e-02,
         1.28467803e+00,  1.06993403e+00, -1.75159808e-01,
        -2.48755401e-01, -4.38257913e-01,  2.66102335e-01,
        -1.92912376e-02,  5.77691698e-02,  1.85167825e-01,
        -6.49473136e-02,  7.88109446e-02,  2.72152959e-02],
       [-2.29039549e-01,  5.87219409e-01,  3.04186078e-01,
        -5.57840503e-02,  3.89589513e-01,  4.05043914e-02,
        -2.22527894e+00,  7.79633985e-01,  2.81428505e-01,
         2.59898706e-01, -3.27573204e-02, -3.81531390e-01,
         1.67020846e-01,  1.53249756e-03, -3.52031618e-02,
         4.53493807e-02, -1.30223077e-01, -2.03717385e-02],
       [ 7.72040879e-01, -1.83040437e-01,  2.78666162e-01,
         2.71954014e-02,  4.05043914e-02,  4.25325105e-01,
        -1.79982513e+00,  2.98650629e-01,  7.78218874e-01,
         4.35127769e-02,  2.27011837e-02,  8.11921024e-02,
        -1.63379574e-01,  5.82306866e-02,  8.04352870e-02,
         2.52486675e-02, -4.63906548e-02, -2.15357627e-01],
       [-3.72885970e-01, -1.51730147e+00, -4.03752292e+00,
         1.28467803e+00, -2.22527894e+00, -1.79982513e+00,
         2.91317995e+01,  8.09361650e-01, -5.08247870e+00,
        -2.66492584e+00, -2.27355523e+00,  2.21499901e+00,
        -4.68731915e-01,  2.16675779e-01,  7.67604478e-01,
        -7.08842630e-01,  1.87815416e+00,  1.43510461e+00],
       [ 1.60715046e+00,  4.02555677e-01, -2.72688598e+00,
         1.06993403e+00,  7.79633985e-01,  2.98650629e-01,
         8.09361650e-01,  1.24566546e+01, -3.22588011e+00,
        -3.15605106e-01, -3.15875924e+00,  1.57822301e+00,
        -6.74983089e-02,  7.35240956e-01,  1.38858542e+00,
        -6.62649032e-01,  3.91986858e-01,  1.36991515e-01],
       [ 3.54628494e-01,  2.27079490e+00,  2.75456742e+00,
        -1.75159808e-01,  2.81428505e-01,  7.78218874e-01,
        -5.08247870e+00, -3.22588011e+00,  1.01911761e+01,
         9.59099687e-02,  1.38435126e+00, -2.96877465e+00,
         1.39509519e-02, -1.04691791e+00, -6.28763842e-01,
         1.37195243e-02, -4.13008800e-01, -3.14999675e-01],
       [-7.72926808e-01,  8.43473653e-02,  3.23332822e-01,
        -2.48755401e-01,  2.59898706e-01,  4.35127769e-02,
        -2.66492584e+00, -3.15605106e-01,  9.59099687e-02,
         1.03221169e+00,  3.11840305e-01, -2.54222747e-01,
         5.92788539e-02, -7.20056536e-02, -1.08803415e-01,
         4.15006314e-02, -3.46642522e-01, -9.74310213e-02],
       [-4.98699583e-01, -6.20824483e-03,  1.29675179e+00,
        -4.38257913e-01, -3.27573204e-02,  2.27011837e-02,
        -2.27355523e+00, -3.15875924e+00,  1.38435126e+00,
         3.11840305e-01,  1.60358681e+00, -8.53495020e-01,
         6.10947980e-02, -3.29425531e-01, -5.48821415e-01,
         2.82424381e-01, -2.21689905e-01, -1.80732945e-01],
       [ 1.03498384e+00, -1.80167498e+00, -1.68714994e+00,
         2.66102335e-01, -3.81531390e-01,  8.11921024e-02,
         2.21499901e+00,  1.57822301e+00, -2.96877465e+00,
        -2.54222747e-01, -8.53495020e-01,  2.43300645e+00,
        -2.67475730e-01,  5.86804376e-01,  4.22325130e-01,
        -1.07006216e-02,  1.91882031e-01, -2.81545426e-02],
       [-4.65014312e-01,  3.07716272e-01,  1.35515517e-01,
        -1.92912376e-02,  1.67020846e-01, -1.63379574e-01,
        -4.68731915e-01, -6.74983089e-02,  1.39509519e-02,
         5.92788539e-02,  6.10947980e-02, -2.67475730e-01,
         2.44639548e-01, -5.26460846e-02, -6.38997334e-02,
         7.32283031e-02, -1.12666699e-01,  1.34741446e-01],
       [ 2.91154023e-01, -3.55224538e-01, -3.45162411e-01,
         5.77691698e-02,  1.53249756e-03,  5.82306866e-02,
         2.16675779e-01,  7.35240956e-01, -1.04691791e+00,
        -7.20056536e-02, -3.29425531e-01,  5.86804376e-01,
        -5.26460846e-02,  2.35686219e-01,  1.43968195e-01,
         1.27704404e-02,  8.97378818e-02,  3.94314037e-03],
       [ 3.39484113e-01, -2.51097891e-01, -4.94978902e-01,
         1.85167825e-01, -3.52031618e-02,  8.04352870e-02,
         7.67604478e-01,  1.38858542e+00, -6.28763842e-01,
        -1.08803415e-01, -5.48821415e-01,  4.22325130e-01,
        -6.38997334e-02,  1.43968195e-01,  2.76919041e-01,
        -1.08065136e-01,  6.50222072e-02,  6.03062744e-02],
       [ 2.71974587e-02, -7.72741157e-02,  2.61974155e-01,
        -6.49473136e-02,  4.53493807e-02,  2.52486675e-02,
        -7.08842630e-01, -6.62649032e-01,  1.37195243e-02,
         4.15006314e-02,  2.82424381e-01, -1.07006216e-02,
         7.32283031e-02,  1.27704404e-02, -1.08065136e-01,
         1.54990822e-01, -6.31593894e-02, -3.56376182e-02],
       [ 2.30792990e-01, -1.55602954e-02, -2.29366927e-01,
         7.88109446e-02, -1.30223077e-01, -4.63906548e-02,
         1.87815416e+00,  3.91986858e-01, -4.13008800e-01,
        -3.46642522e-01, -2.21689905e-01,  1.91882031e-01,
        -1.12666699e-01,  8.97378818e-02,  6.50222072e-02,
        -6.31593894e-02,  2.67996219e-01,  4.33806299e-02],
       [-5.04853850e-01,  9.00502082e-02, -1.32487401e-01,
         2.72152959e-02, -2.03717385e-02, -2.15357627e-01,
         1.43510461e+00,  1.36991515e-01, -3.14999675e-01,
        -9.74310213e-02, -1.80732945e-01, -2.81545426e-02,
         1.34741446e-01,  3.94314037e-03,  6.03062744e-02,
        -3.56376182e-02,  4.33806299e-02,  2.69150003e-01]])
      jac: array([-2.63677968e-05, -8.34338154e-05,  1.53294044e-04,  1.12008551e-05,
        1.75576590e-04, -3.41361939e-04,  2.47727764e-06, -1.09542005e-07,
        2.81676534e-05, -4.75695409e-05, -3.60876144e-05,  6.01104352e-05,
       -2.35108229e-05, -4.93412718e-05,  2.78466324e-04, -3.91956837e-05,
        4.09716705e-05, -2.79034203e-04])
  message: 'Desired error not necessarily achieved due to precision loss.'
     nfev: 1797
      nit: 60
     njev: 94
   status: 2
  success: False
        x: array([ 0.26846226, -0.3520911 ,  0.75330422,  0.7933549 , -0.5988962 ,
        0.04729422,  0.30134597, -1.35122958, -0.62434533,  0.02879852,
        0.76605986,  0.9806837 ,  0.08370243,  0.16587102, -0.44141539,
       -0.80867929, -0.50003516, -0.00422375])
