Program Begingeth
      fun: 0.2066465886090856
 hess_inv: array([[ 5.26693016e+00,  1.59392008e+00, -5.05525001e-01,
         8.80891296e-01,  5.35579267e-01, -1.10145987e+00,
        -8.82058363e-01, -1.00165783e+00, -2.41789704e+00,
        -7.23476878e-01,  3.40210824e-01, -9.24348757e-01,
        -1.14897512e+00, -5.55730846e-01, -2.82699201e-01,
        -7.55401834e-02, -5.84724856e-01,  3.15865749e-01],
       [ 1.59392008e+00,  2.57035782e+00, -4.45285430e-01,
        -5.34881050e-02,  7.63413572e-01, -4.86030143e-01,
        -1.96878072e+00,  1.83162393e+00, -1.44791283e-01,
         2.84420086e-01, -7.04029592e-01, -1.22219293e+00,
        -5.36140625e-01, -4.05909330e-01,  1.34872431e-01,
         1.51709811e-01, -1.76017064e-01,  2.08559834e-01],
       [-5.05525001e-01, -4.45285430e-01,  5.83128613e+00,
         8.37967891e-01, -1.11133055e-01,  1.98948849e+00,
         1.01420984e+01, -3.49435017e+00,  5.69780483e+00,
        -3.24491711e-01,  2.70711791e+00, -1.51680267e+00,
         1.82106043e-01, -1.54642782e-01, -7.46335701e-01,
        -3.41778670e-01,  1.81124311e-01, -3.52055647e-01],
       [ 8.80891296e-01, -5.34881050e-02,  8.37967891e-01,
         3.96413652e-01,  4.00766139e-02,  1.60114325e-01,
         2.32535163e+00, -7.89687067e-01,  1.87273749e-01,
        -2.93670112e-01,  4.85942627e-01, -2.13448169e-01,
        -1.29648707e-01, -3.49066507e-02, -1.64071060e-01,
        -8.77276107e-02, -6.09968591e-02, -1.55816366e-02],
       [ 5.35579267e-01,  7.63413572e-01, -1.11133055e-01,
         4.00766139e-02,  3.06000860e-01, -1.02615857e-01,
         8.42709046e-02,  1.04976529e+00, -2.45047778e-01,
        -2.34822106e-02, -2.74024794e-01, -3.02429978e-01,
        -1.67044611e-01, -6.17722352e-02,  8.07575939e-02,
         2.28457780e-02, -5.09632160e-02,  7.24319717e-02],
       [-1.10145987e+00, -4.86030143e-01,  1.98948849e+00,
         1.60114325e-01, -1.02615857e-01,  9.28977727e-01,
         4.10896231e+00, -5.94152791e-01,  2.40340399e+00,
        -1.53611655e-01,  7.06918879e-01, -2.53144357e-01,
         3.03523179e-01,  8.92166336e-02, -1.37939591e-01,
        -9.50570480e-02,  1.45840417e-01, -1.76491263e-01],
       [-8.82058363e-01, -1.96878072e+00,  1.01420984e+01,
         2.32535163e+00,  8.42709046e-02,  4.10896231e+00,
         2.88535394e+01, -3.28715710e+00,  8.13258071e+00,
        -1.61549731e+00,  3.64824809e+00, -1.23716401e+00,
         5.05407777e-01,  5.46892766e-01, -8.71742707e-01,
        -7.94755464e-01,  3.13689244e-01, -6.58932860e-01],
       [-1.00165783e+00,  1.83162393e+00, -3.49435017e+00,
        -7.89687067e-01,  1.04976529e+00, -5.94152791e-01,
        -3.28715710e+00,  1.02655271e+01, -2.92780086e+00,
        -8.55330320e-02, -2.84402305e+00,  2.74156838e-01,
         1.48797735e-01,  1.99617348e-01,  1.19878577e+00,
         3.88287127e-01, -1.78233343e-02,  2.84674127e-01],
       [-2.41789704e+00, -1.44791283e-01,  5.69780483e+00,
         1.87273749e-01, -2.45047778e-01,  2.40340399e+00,
         8.13258071e+00, -2.92780086e+00,  1.03297216e+01,
        -2.45069642e-01,  2.55398281e+00, -1.50699518e+00,
         5.62686333e-01, -4.25466281e-01, -7.45586517e-01,
        -1.77436406e-01,  1.70650175e-01, -5.60184464e-01],
       [-7.23476878e-01,  2.84420086e-01, -3.24491711e-01,
        -2.93670112e-01, -2.34822106e-02, -1.53611655e-01,
        -1.61549731e+00, -8.55330320e-02, -2.45069642e-01,
         1.24632293e+00, -3.57059969e-01,  1.84126682e-02,
        -1.11634880e-01,  6.01600254e-02,  1.26446381e-01,
         6.10855080e-02,  1.64150701e-01,  1.86249908e-01],
       [ 3.40210824e-01, -7.04029592e-01,  2.70711791e+00,
         4.85942627e-01, -2.74024794e-01,  7.06918879e-01,
         3.64824809e+00, -2.84402305e+00,  2.55398281e+00,
        -3.57059969e-01,  2.16266747e+00, -6.35882275e-01,
         1.02907783e-02, -2.59728199e-01, -6.36518621e-01,
        -2.26668552e-01,  4.54856232e-03, -2.57724080e-01],
       [-9.24348757e-01, -1.22219293e+00, -1.51680267e+00,
        -2.13448169e-01, -3.02429978e-01, -2.53144357e-01,
        -1.23716401e+00,  2.74156838e-01, -1.50699518e+00,
         1.84126682e-02, -6.35882275e-01,  1.46967019e+00,
         2.37450686e-01,  4.03558013e-01,  1.69610384e-01,
        -1.93353789e-02,  1.05344059e-01,  2.14996067e-02],
       [-1.14897512e+00, -5.36140625e-01,  1.82106043e-01,
        -1.29648707e-01, -1.67044611e-01,  3.03523179e-01,
         5.05407777e-01,  1.48797735e-01,  5.62686333e-01,
        -1.11634880e-01,  1.02907783e-02,  2.37450686e-01,
         3.63289937e-01,  1.34172401e-01,  3.98997483e-02,
         3.51176836e-02,  1.24430364e-01, -1.30243792e-01],
       [-5.55730846e-01, -4.05909330e-01, -1.54642782e-01,
        -3.49066507e-02, -6.17722352e-02,  8.92166336e-02,
         5.46892766e-01,  1.99617348e-01, -4.25466281e-01,
         6.01600254e-02, -2.59728199e-01,  4.03558013e-01,
         1.34172401e-01,  2.26779186e-01,  9.60257081e-02,
        -1.64597074e-02,  1.05481287e-01,  6.60301455e-03],
       [-2.82699201e-01,  1.34872431e-01, -7.46335701e-01,
        -1.64071060e-01,  8.07575939e-02, -1.37939591e-01,
        -8.71742707e-01,  1.19878577e+00, -7.45586517e-01,
         1.26446381e-01, -6.36518621e-01,  1.69610384e-01,
         3.98997483e-02,  9.60257081e-02,  2.48718682e-01,
         7.57183834e-02,  1.78266207e-02,  8.86677175e-02],
       [-7.55401834e-02,  1.51709811e-01, -3.41778670e-01,
        -8.77276107e-02,  2.28457780e-02, -9.50570480e-02,
        -7.94755464e-01,  3.88287127e-01, -1.77436406e-01,
         6.10855080e-02, -2.26668552e-01, -1.93353789e-02,
         3.51176836e-02, -1.64597074e-02,  7.57183834e-02,
         7.28947168e-02, -3.63857447e-04,  1.74496311e-02],
       [-5.84724856e-01, -1.76017064e-01,  1.81124311e-01,
        -6.09968591e-02, -5.09632160e-02,  1.45840417e-01,
         3.13689244e-01, -1.78233343e-02,  1.70650175e-01,
         1.64150701e-01,  4.54856232e-03,  1.05344059e-01,
         1.24430364e-01,  1.05481287e-01,  1.78266207e-02,
        -3.63857447e-04,  1.16414374e-01, -2.23553691e-02],
       [ 3.15865749e-01,  2.08559834e-01, -3.52055647e-01,
        -1.55816366e-02,  7.24319717e-02, -1.76491263e-01,
        -6.58932860e-01,  2.84674127e-01, -5.60184464e-01,
         1.86249908e-01, -2.57724080e-01,  2.14996067e-02,
        -1.30243792e-01,  6.60301455e-03,  8.86677175e-02,
         1.74496311e-02, -2.23553691e-02,  1.18668509e-01]])
      jac: array([ 1.02292249e-05, -1.07686082e-05,  2.11336504e-05, -2.11889765e-05,
        3.56218758e-05, -3.59484664e-05,  7.19979632e-07, -3.11454566e-06,
        1.94141000e-06,  7.33727893e-06, -7.50270216e-06,  1.43618450e-05,
        2.95707903e-05, -2.85454993e-05,  3.84697829e-05, -9.88857144e-06,
        9.23131941e-06, -3.15292237e-05])
  message: 'Desired error not necessarily achieved due to precision loss.'
     nfev: 2045
      nit: 62
     njev: 107
   status: 2
  success: False
        x: array([-0.46297186, -0.47429204,  0.46299479, -1.08267572, -0.64692425,
        0.03740576, -1.02513444, -1.03496798, -0.85492179,  0.14249738,
        0.63148146,  0.97902051,  0.04356987,  0.26686186, -0.28924886,
        1.28520736, -0.14486318,  0.03271   ])
