Program Begingeth
      fun: 0.3247060724383985
 hess_inv: array([[ 5.84540257e+00,  3.87479085e-02,  8.13661730e-01,
         2.84148008e+00, -1.77524306e-01, -5.61280075e-01,
         4.75215627e+00, -4.80136474e-01, -6.68825992e+00,
         1.07057988e+00,  6.83826782e-01, -8.07681819e-01,
        -5.68890524e-02, -3.67173232e-01, -2.23956455e-01,
         1.55031254e-01, -6.59071304e-02,  5.74976251e-02],
       [ 3.87479085e-02,  1.81889436e+00, -3.20462175e-01,
         5.03785305e-02,  9.08023489e-01, -2.13595581e-01,
         6.30588684e-02,  1.40138953e+00,  1.75854460e+00,
         5.44123932e-01,  3.58047406e-01, -8.74599521e-02,
        -1.48685353e-01,  2.69874203e-02, -1.68705814e-01,
        -8.09786992e-02,  8.81946221e-02,  1.70398959e-02],
       [ 8.13661730e-01, -3.20462175e-01,  1.58533425e+00,
         5.11765791e-01, -2.30691772e-01,  6.54766289e-01,
         1.09657853e+00, -1.93936849e+00, -1.05354918e+00,
         2.57817519e-01, -1.34741146e-01,  1.25348389e-01,
         5.10743138e-02,  1.42163917e-01,  7.53328743e-02,
         9.74139419e-03,  1.04423334e-01,  6.27265757e-02],
       [ 2.84148008e+00,  5.03785305e-02,  5.11765791e-01,
         1.41223742e+00, -6.83687453e-02, -2.18842931e-01,
         2.53974438e+00, -3.45034995e-01, -3.14746946e+00,
         5.36138442e-01,  3.63875464e-01, -3.51199969e-01,
        -1.84369811e-02, -1.60837556e-01, -1.20283489e-01,
         7.34449195e-02, -1.42693232e-02,  2.73721827e-02],
       [-1.77524306e-01,  9.08023489e-01, -2.30691772e-01,
        -6.83687453e-02,  5.23530178e-01, -1.33912620e-01,
         5.28060016e-01,  1.25372800e+00,  1.09599297e+00,
         2.19573934e-01,  2.15916978e-01, -3.25564051e-02,
        -1.33738845e-01,  1.03948286e-02, -8.65094567e-02,
        -7.60636275e-02,  7.37216830e-03,  2.59324867e-02],
       [-5.61280075e-01, -2.13595581e-01,  6.54766289e-01,
        -2.18842931e-01, -1.33912620e-01,  4.62083630e-01,
        -6.82793970e-01, -1.11223169e+00,  7.18949815e-01,
        -1.36872088e-01, -2.34518384e-01,  2.07441739e-01,
         9.60575881e-02,  1.49216369e-01,  9.21869268e-02,
         1.36588966e-03,  8.93287976e-02,  4.87152196e-03],
       [ 4.75215627e+00,  6.30588684e-02,  1.09657853e+00,
         2.53974438e+00,  5.28060016e-01, -6.82793970e-01,
         1.49100298e+01,  4.18127298e+00, -6.03872195e+00,
         1.08856816e+00,  1.33969224e+00, -6.61230448e-01,
        -8.82708543e-01, -5.27318039e-01, -2.92828022e-01,
        -2.38767084e-01, -6.24972682e-01,  3.97548084e-01],
       [-4.80136474e-01,  1.40138953e+00, -1.93936849e+00,
        -3.45034995e-01,  1.25372800e+00, -1.11223169e+00,
         4.18127298e+00,  8.14325797e+00,  1.92186505e+00,
         8.01788755e-02,  8.52287144e-01, -7.88378415e-01,
        -5.91722956e-01, -3.37968678e-01, -1.74126552e-01,
        -1.94024865e-01, -3.66486271e-01,  1.10074767e-01],
       [-6.68825992e+00,  1.75854460e+00, -1.05354918e+00,
        -3.14746946e+00,  1.09599297e+00,  7.18949815e-01,
        -6.03872195e+00,  1.92186505e+00,  1.23588152e+01,
        -1.03753916e+00,  1.12512962e-01,  7.42273303e-01,
         1.24273116e-01,  4.26162359e-01,  5.00699085e-02,
        -2.37842090e-01,  2.96907798e-01, -1.30679375e-01],
       [ 1.07057988e+00,  5.44123932e-01,  2.57817519e-01,
         5.36138442e-01,  2.19573934e-01, -1.36872088e-01,
         1.08856816e+00,  8.01788755e-02, -1.03753916e+00,
         1.20350519e+00,  7.57698231e-02, -1.12286435e-01,
        -2.65469695e-01, -5.78069198e-04,  1.86093092e-02,
        -2.10160494e-02,  4.61090851e-02,  2.33163204e-01],
       [ 6.83826782e-01,  3.58047406e-01, -1.34741146e-01,
         3.63875464e-01,  2.15916978e-01, -2.34518384e-01,
         1.33969224e+00,  8.52287144e-01,  1.12512962e-01,
         7.57698231e-02,  7.87122488e-01, -2.13773413e-01,
        -5.45732736e-02, -1.89833662e-01, -1.97641363e-01,
        -3.25423906e-02, -3.52591555e-02, -8.91427567e-02],
       [-8.07681819e-01, -8.74599521e-02,  1.25348389e-01,
        -3.51199969e-01, -3.25564051e-02,  2.07441739e-01,
        -6.61230448e-01, -7.88378415e-01,  7.42273303e-01,
        -1.12286435e-01, -2.13773413e-01,  5.14765673e-01,
         9.78926193e-03,  1.54216075e-01,  1.84653948e-03,
        -6.74190413e-02,  7.32676717e-02,  1.67886517e-02],
       [-5.68890524e-02, -1.48685353e-01,  5.10743138e-02,
        -1.84369811e-02, -1.33738845e-01,  9.60575881e-02,
        -8.82708543e-01, -5.91722956e-01,  1.24273116e-01,
        -2.65469695e-01, -5.45732736e-02,  9.78926193e-03,
         1.77174643e-01,  2.31859297e-02, -6.65091124e-04,
         7.37087859e-02,  5.78163924e-02, -8.91789207e-02],
       [-3.67173232e-01,  2.69874203e-02,  1.42163917e-01,
        -1.60837556e-01,  1.03948286e-02,  1.49216369e-01,
        -5.27318039e-01, -3.37968678e-01,  4.26162359e-01,
        -5.78069198e-04, -1.89833662e-01,  1.54216075e-01,
         2.31859297e-02,  1.16035045e-01,  4.04265529e-02,
        -9.70522617e-03,  7.26359113e-02,  2.24609651e-02],
       [-2.23956455e-01, -1.68705814e-01,  7.53328743e-02,
        -1.20283489e-01, -8.65094567e-02,  9.21869268e-02,
        -2.92828022e-01, -1.74126552e-01,  5.00699085e-02,
         1.86093092e-02, -1.97641363e-01,  1.84653948e-03,
        -6.65091124e-04,  4.04265529e-02,  1.01231029e-01,
         1.41306664e-02, -5.45268506e-04,  6.24271624e-02],
       [ 1.55031254e-01, -8.09786992e-02,  9.74139419e-03,
         7.34449195e-02, -7.60636275e-02,  1.36588966e-03,
        -2.38767084e-01, -1.94024865e-01, -2.37842090e-01,
        -2.10160494e-02, -3.25423906e-02, -6.74190413e-02,
         7.37087859e-02, -9.70522617e-03,  1.41306664e-02,
         6.49267662e-02,  1.52368026e-02, -1.98302077e-02],
       [-6.59071304e-02,  8.81946221e-02,  1.04423334e-01,
        -1.42693232e-02,  7.37216830e-03,  8.93287976e-02,
        -6.24972682e-01, -3.66486271e-01,  2.96907798e-01,
         4.61090851e-02, -3.52591555e-02,  7.32676717e-02,
         5.78163924e-02,  7.26359113e-02, -5.45268506e-04,
         1.52368026e-02,  9.93756909e-02, -1.16247509e-02],
       [ 5.74976251e-02,  1.70398959e-02,  6.27265757e-02,
         2.73721827e-02,  2.59324867e-02,  4.87152196e-03,
         3.97548084e-01,  1.10074767e-01, -1.30679375e-01,
         2.33163204e-01, -8.91427567e-02,  1.67886517e-02,
        -8.91789207e-02,  2.24609651e-02,  6.24271624e-02,
        -1.98302077e-02, -1.16247509e-02,  1.11568273e-01]])
      jac: array([-5.93969318e-07,  5.51040695e-07, -3.80362408e-06,  1.63572859e-06,
        2.77185682e-06,  8.74744721e-06, -3.17523785e-07, -2.67193675e-07,
       -1.11725444e-06, -1.02732637e-06,  2.38882988e-06, -7.17574148e-07,
        3.98792110e-06,  6.34307421e-06, -6.28238202e-06, -1.31894495e-06,
       -1.02736338e-05,  1.09586414e-05])
  message: 'Desired error not necessarily achieved due to precision loss.'
     nfev: 2177
      nit: 66
     njev: 114
   status: 2
  success: False
        x: array([-1.59116723, -1.13240901,  0.6660143 , -1.4066818 , -1.21719225,
        0.34568077, -0.47530182, -1.76431916,  0.94250268,  0.08143757,
        0.41412611,  1.22751313,  0.11975687,  0.1284028 , -0.26233871,
        1.32195294, -0.3913786 ,  0.00786722])
