Program Begingeth
      fun: 0.2845766944680341
 hess_inv: array([[ 5.10950782e+00,  1.70276872e+00,  2.40426574e-01,
         1.51658370e+00,  7.59581402e-01, -1.07406080e+00,
         2.14876910e+00, -2.02325743e+00, -3.08732744e+00,
        -4.17384431e-01,  1.01837024e+00, -9.71911122e-01,
        -8.28208861e-01, -4.49453234e-01, -5.18278288e-01,
        -2.09914030e-01, -5.70247276e-01,  3.08028414e-01],
       [ 1.70276872e+00,  3.71266527e+00,  1.59875206e+00,
         5.23859550e-01,  1.38404479e+00,  1.06115843e-01,
         4.11665829e+00, -1.62938990e-01,  3.42217242e+00,
         1.83018641e-01,  6.46816080e-01, -1.71731687e+00,
        -5.45658912e-01, -4.82677648e-01, -3.67158892e-01,
        -5.22689096e-02, -2.49058687e-01,  5.82679316e-02],
       [ 2.40426574e-01,  1.59875206e+00,  2.78465806e+00,
         4.82615650e-01,  4.93009888e-01,  8.63603902e-01,
         4.72017206e+00, -2.58108471e+00,  3.69381732e+00,
         1.05226772e-01,  1.20428055e+00, -1.11873104e+00,
        -5.91019877e-02, -2.81785535e-01, -4.17617542e-01,
        -1.34802003e-01, -2.43035992e-02, -1.60918682e-01],
       [ 1.51658370e+00,  5.23859550e-01,  4.82615650e-01,
         5.82057719e-01,  2.36681061e-01, -1.63304910e-01,
         1.75654421e+00, -1.11389365e+00, -5.87525593e-01,
        -1.61591277e-01,  4.86311013e-01, -3.08740206e-01,
        -2.00108955e-01, -1.26853019e-01, -2.29188954e-01,
        -8.58770152e-02, -1.56235265e-01,  3.41890505e-02],
       [ 7.59581402e-01,  1.38404479e+00,  4.93009888e-01,
         2.36681061e-01,  6.43360694e-01,  1.56018173e-02,
         2.33289116e+00,  6.54599516e-01,  8.95496576e-01,
        -6.03319322e-02,  1.38427348e-01, -5.26106859e-01,
        -2.69642602e-01, -1.16715131e-01, -1.07952505e-01,
        -6.08542135e-02, -1.44024945e-01,  3.45557430e-02],
       [-1.07406080e+00,  1.06115843e-01,  8.63603902e-01,
        -1.63304910e-01,  1.56018173e-02,  5.99356810e-01,
         1.55451379e+00, -1.52228103e-01,  2.16218440e+00,
         7.99021438e-03,  7.40024919e-02, -9.09241615e-02,
         1.91086426e-01,  2.99628796e-02,  1.94087835e-02,
         1.82258830e-02,  8.97527774e-02, -1.24601323e-01],
       [ 2.14876910e+00,  4.11665829e+00,  4.72017206e+00,
         1.75654421e+00,  2.33289116e+00,  1.55451379e+00,
         2.21956303e+01, -5.03091901e-01,  6.40585179e+00,
        -1.08495688e+00,  1.59305832e+00, -1.58109828e+00,
        -7.78976308e-01, -3.89178434e-01, -7.89494768e-01,
        -5.06339578e-01, -9.50905177e-01, -4.09624596e-01],
       [-2.02325743e+00, -1.62938990e-01, -2.58108471e+00,
        -1.11389365e+00,  6.54599516e-01, -1.52228103e-01,
        -5.03091901e-01,  1.02207449e+01, -1.16331096e+00,
        -2.83633695e-01, -2.14098439e+00,  8.96643823e-01,
        -1.62820367e-02,  5.43920280e-01,  9.37209915e-01,
         2.09615748e-01,  6.38334917e-02,  1.89053457e-01],
       [-3.08732744e+00,  3.42217242e+00,  3.69381732e+00,
        -5.87525593e-01,  8.95496576e-01,  2.16218440e+00,
         6.40585179e+00, -1.16331096e+00,  1.39770623e+01,
         3.75512497e-01,  8.51200526e-01, -1.76902525e+00,
         3.14321272e-01, -6.37402514e-01, -2.42060113e-01,
         1.87385273e-01,  1.53527536e-02, -4.14530276e-01],
       [-4.17384431e-01,  1.83018641e-01,  1.05226772e-01,
        -1.61591277e-01, -6.03319322e-02,  7.99021438e-03,
        -1.08495688e+00, -2.83633695e-01,  3.75512497e-01,
         7.53922734e-01, -8.18676268e-02, -1.26810223e-01,
        -4.13133810e-02,  2.35155217e-02,  6.25030462e-02,
         4.93087917e-02,  1.71242568e-01,  1.37048248e-01],
       [ 1.01837024e+00,  6.46816080e-01,  1.20428055e+00,
         4.86311013e-01,  1.38427348e-01,  7.40024919e-02,
         1.59305832e+00, -2.14098439e+00,  8.51200526e-01,
        -8.18676268e-02,  1.29241018e+00, -6.68785740e-01,
        -1.23739112e-01, -3.45448189e-01, -4.31493644e-01,
        -1.29912263e-01, -1.06060062e-01, -1.35472013e-01],
       [-9.71911122e-01, -1.71731687e+00, -1.11873104e+00,
        -3.08740206e-01, -5.26106859e-01, -9.09241615e-02,
        -1.58109828e+00,  8.96643823e-01, -1.76902525e+00,
        -1.26810223e-01, -6.68785740e-01,  1.23546423e+00,
         2.30199761e-01,  3.81755543e-01,  2.16807808e-01,
        -4.65537670e-03,  1.47479718e-01, -4.50876222e-03],
       [-8.28208861e-01, -5.45658912e-01, -5.91019877e-02,
        -2.00108955e-01, -2.69642602e-01,  1.91086426e-01,
        -7.78976308e-01, -1.62820367e-02,  3.14321272e-01,
        -4.13133810e-02, -1.23739112e-01,  2.30199761e-01,
         2.69153333e-01,  8.69791663e-02,  7.44344557e-02,
         8.53901719e-02,  1.39275829e-01, -9.40429649e-02],
       [-4.49453234e-01, -4.82677648e-01, -2.81785535e-01,
        -1.26853019e-01, -1.16715131e-01,  2.99628796e-02,
        -3.89178434e-01,  5.43920280e-01, -6.37402514e-01,
         2.35155217e-02, -3.45448189e-01,  3.81755543e-01,
         8.69791663e-02,  2.04372991e-01,  1.18854575e-01,
         5.52115374e-03,  1.11512750e-01,  1.99553980e-02],
       [-5.18278288e-01, -3.67158892e-01, -4.17617542e-01,
        -2.29188954e-01, -1.07952505e-01,  1.94087835e-02,
        -7.89494768e-01,  9.37209915e-01, -2.42060113e-01,
         6.25030462e-02, -4.31493644e-01,  2.16807808e-01,
         7.44344557e-02,  1.18854575e-01,  2.07028138e-01,
         6.51612586e-02,  5.70190159e-02,  6.36525785e-02],
       [-2.09914030e-01, -5.22689096e-02, -1.34802003e-01,
        -8.58770152e-02, -6.08542135e-02,  1.82258830e-02,
        -5.06339578e-01,  2.09615748e-01,  1.87385273e-01,
         4.93087917e-02, -1.29912263e-01, -4.65537670e-03,
         8.53901719e-02,  5.52115374e-03,  6.51612586e-02,
         8.62279974e-02,  4.11195726e-02,  3.75860022e-03],
       [-5.70247276e-01, -2.49058687e-01, -2.43035992e-02,
        -1.56235265e-01, -1.44024945e-01,  8.97527774e-02,
        -9.50905177e-01,  6.38334917e-02,  1.53527536e-02,
         1.71242568e-01, -1.06060062e-01,  1.47479718e-01,
         1.39275829e-01,  1.11512750e-01,  5.70190159e-02,
         4.11195726e-02,  1.86438078e-01, -1.03392217e-02],
       [ 3.08028414e-01,  5.82679316e-02, -1.60918682e-01,
         3.41890505e-02,  3.45557430e-02, -1.24601323e-01,
        -4.09624596e-01,  1.89053457e-01, -4.14530276e-01,
         1.37048248e-01, -1.35472013e-01, -4.50876222e-03,
        -9.40429649e-02,  1.99553980e-02,  6.36525785e-02,
         3.75860022e-03, -1.03392217e-02,  1.29103171e-01]])
      jac: array([-1.08431782e-06,  1.40258175e-06, -6.35861734e-06,  1.04775448e-05,
        3.35990495e-06,  1.77258208e-05, -2.10054196e-06, -3.34547205e-07,
       -8.27856302e-07,  2.85290310e-06,  1.62610666e-06, -4.21255623e-06,
       -6.14323407e-07,  1.16569717e-05, -9.29441709e-06, -1.39481019e-06,
       -1.21362180e-05, -5.58146122e-06])
  message: 'Desired error not necessarily achieved due to precision loss.'
     nfev: 1931
      nit: 67
     njev: 101
   status: 2
  success: False
        x: array([-0.52957891, -0.81457807,  0.60809639, -0.91967948, -0.94004208,
        0.11586917, -0.47252131, -1.6786372 , -0.50861681,  0.11051405,
        0.63699809,  1.12949068,  0.08714741,  0.11834881, -0.36391423,
        1.14777366, -0.50219381, -0.01752891])
