Program Begingeth
      fun: 0.28343716192042345
 hess_inv: array([[ 5.10766688e+00,  2.05388366e+00,  3.33828910e-01,
         1.42551419e+00,  8.55593602e-01, -1.00887404e+00,
         2.26867869e+00, -1.83750056e+00, -2.42073684e+00,
        -3.22098197e-01,  1.03331427e+00, -1.14375633e+00,
        -9.38531786e-01, -5.14166673e-01, -5.01000212e-01,
        -1.99126651e-01, -5.76226517e-01,  3.03996532e-01],
       [ 2.05388366e+00,  4.04637875e+00,  1.91174885e+00,
         6.56678050e-01,  1.49270331e+00,  2.10605168e-01,
         5.35751804e+00, -3.28552699e-01,  4.00010759e+00,
         1.61164386e-01,  7.32836433e-01, -1.92278467e+00,
        -6.51573696e-01, -5.67604010e-01, -4.07887606e-01,
        -6.82824363e-02, -3.19072206e-01,  2.81334109e-02],
       [ 3.33828910e-01,  1.91174885e+00,  3.75326693e+00,
         6.93842667e-01,  5.97002501e-01,  1.25064604e+00,
         7.23740751e+00, -3.78173947e+00,  5.45034146e+00,
        -2.39724785e-02,  1.55935045e+00, -1.31610511e+00,
        -8.15768800e-02, -3.56845763e-01, -5.73669216e-01,
        -2.05803423e-01, -9.63035672e-02, -2.48119272e-01],
       [ 1.42551419e+00,  6.56678050e-01,  6.93842667e-01,
         5.66052983e-01,  2.75069586e-01, -4.91833168e-02,
         2.22524368e+00, -1.23926478e+00,  2.80444113e-02,
        -1.69837202e-01,  5.51135491e-01, -3.76354707e-01,
        -2.13384079e-01, -1.52195440e-01, -2.50086754e-01,
        -9.17173518e-02, -1.61357740e-01,  6.09598486e-03],
       [ 8.55593602e-01,  1.49270331e+00,  5.97002501e-01,
         2.75069586e-01,  6.80627130e-01,  5.60749818e-02,
         2.69638391e+00,  7.02916258e-01,  1.08922547e+00,
        -5.63275657e-02,  1.72229447e-01, -6.01423885e-01,
        -3.01125426e-01, -1.44089159e-01, -1.12485879e-01,
        -6.53198589e-02, -1.58088065e-01,  2.58370819e-02],
       [-1.00887404e+00,  2.10605168e-01,  1.25064604e+00,
        -4.91833168e-02,  5.60749818e-02,  7.41990573e-01,
         2.56519267e+00, -6.23636426e-01,  2.75853063e+00,
        -7.41099914e-02,  2.33968797e-01, -1.66124909e-01,
         2.06034939e-01,  1.31585389e-03, -4.91909101e-02,
        -1.03814667e-02,  5.97715679e-02, -1.59414301e-01],
       [ 2.26867869e+00,  5.35751804e+00,  7.23740751e+00,
         2.22524368e+00,  2.69638391e+00,  2.56519267e+00,
         2.75724632e+01, -2.60006178e+00,  1.11927721e+01,
        -1.16438447e+00,  2.51452919e+00, -2.35012853e+00,
        -8.06690015e-01, -6.07566453e-01, -1.12300390e+00,
        -6.28687968e-01, -9.55664696e-01, -6.03894239e-01],
       [-1.83750056e+00, -3.28552699e-01, -3.78173947e+00,
        -1.23926478e+00,  7.02916258e-01, -6.23636426e-01,
        -2.60006178e+00,  1.30265909e+01, -3.55509879e+00,
        -2.81655748e-01, -2.67050995e+00,  9.16294617e-01,
         1.60704650e-03,  5.93873169e-01,  1.20916480e+00,
         3.23847100e-01,  7.48446337e-02,  3.04392179e-01],
       [-2.42073684e+00,  4.00010759e+00,  5.45034146e+00,
         2.80444113e-02,  1.08922547e+00,  2.75853063e+00,
         1.11927721e+01, -3.55509879e+00,  1.64774797e+01,
         7.37896642e-02,  1.65971182e+00, -2.11953757e+00,
         2.87300323e-01, -8.07697189e-01, -6.01690991e-01,
         4.10404804e-02, -1.31740535e-01, -5.93827852e-01],
       [-3.22098197e-01,  1.61164386e-01, -2.39724785e-02,
        -1.69837202e-01, -5.63275657e-02, -7.41099914e-02,
        -1.16438447e+00, -2.81655748e-01,  7.37896642e-02,
         8.42792825e-01, -1.35058487e-01, -8.59146761e-02,
        -1.18689898e-01,  2.24708571e-02,  6.85363723e-02,
         2.57979587e-02,  1.37840034e-01,  1.67753194e-01],
       [ 1.03331427e+00,  7.32836433e-01,  1.55935045e+00,
         5.51135491e-01,  1.72229447e-01,  2.33968797e-01,
         2.51452919e+00, -2.67050995e+00,  1.65971182e+00,
        -1.35058487e-01,  1.41418414e+00, -6.83611168e-01,
        -1.35064936e-01, -3.54099986e-01, -4.94115602e-01,
        -1.54334747e-01, -1.25885188e-01, -1.67268789e-01],
       [-1.14375633e+00, -1.92278467e+00, -1.31610511e+00,
        -3.76354707e-01, -6.01423885e-01, -1.66124909e-01,
        -2.35012853e+00,  9.16294617e-01, -2.11953757e+00,
        -8.59146761e-02, -6.83611168e-01,  1.40108592e+00,
         2.72863774e-01,  4.19223538e-01,  2.23689682e-01,
        -1.07670479e-02,  1.85400390e-01,  1.05982772e-02],
       [-9.38531786e-01, -6.51573696e-01, -8.15768800e-02,
        -2.13384079e-01, -3.01125426e-01,  2.06034939e-01,
        -8.06690015e-01,  1.60704650e-03,  2.87300323e-01,
        -1.18689898e-01, -1.35064936e-01,  2.72863774e-01,
         3.26696982e-01,  1.02129974e-01,  7.54332687e-02,
         9.53048875e-02,  1.42083436e-01, -1.13901104e-01],
       [-5.14166673e-01, -5.67604010e-01, -3.56845763e-01,
        -1.52195440e-01, -1.44089159e-01,  1.31585389e-03,
        -6.07566453e-01,  5.93873169e-01, -8.07697189e-01,
         2.24708571e-02, -3.54099986e-01,  4.19223538e-01,
         1.02129974e-01,  2.10815828e-01,  1.25644717e-01,
         3.82495291e-03,  1.12484024e-01,  2.05619770e-02],
       [-5.01000212e-01, -4.07887606e-01, -5.73669216e-01,
        -2.50086754e-01, -1.12485879e-01, -4.91909101e-02,
        -1.12300390e+00,  1.20916480e+00, -6.01690991e-01,
         6.85363723e-02, -4.94115602e-01,  2.23689682e-01,
         7.54332687e-02,  1.25644717e-01,  2.39778266e-01,
         7.49266482e-02,  5.55784663e-02,  8.31737201e-02],
       [-1.99126651e-01, -6.82824363e-02, -2.05803423e-01,
        -9.17173518e-02, -6.53198589e-02, -1.03814667e-02,
        -6.28687968e-01,  3.23847100e-01,  4.10404804e-02,
         2.57979587e-02, -1.54334747e-01, -1.07670479e-02,
         9.53048875e-02,  3.82495291e-03,  7.49266482e-02,
         9.58938730e-02,  3.83880438e-02,  1.67094473e-03],
       [-5.76226517e-01, -3.19072206e-01, -9.63035672e-02,
        -1.61357740e-01, -1.58088065e-01,  5.97715679e-02,
        -9.55664696e-01,  7.48446337e-02, -1.31740535e-01,
         1.37840034e-01, -1.25885188e-01,  1.85400390e-01,
         1.42083436e-01,  1.12484024e-01,  5.55784663e-02,
         3.83880438e-02,  1.62928003e-01, -1.44768658e-02],
       [ 3.03996532e-01,  2.81334109e-02, -2.48119272e-01,
         6.09598486e-03,  2.58370819e-02, -1.59414301e-01,
        -6.03894239e-01,  3.04392179e-01, -5.93827852e-01,
         1.67753194e-01, -1.67268789e-01,  1.05982772e-02,
        -1.13901104e-01,  2.05619770e-02,  8.31737201e-02,
         1.67094473e-03, -1.44768658e-02,  1.41749956e-01]])
      jac: array([-5.93155155e-06,  3.93870122e-06,  1.50216876e-05,  2.58681965e-06,
       -1.17868678e-05, -2.96714505e-05,  1.36557432e-07, -3.13823042e-06,
        2.74632169e-06, -7.99545615e-06,  1.04434979e-06,  7.96955095e-06,
       -2.67656268e-05,  4.78876198e-06,  2.10842455e-05,  2.63337500e-05,
        8.12794276e-06, -1.35069733e-05])
  message: 'Desired error not necessarily achieved due to precision loss.'
     nfev: 2006
      nit: 60
     njev: 105
   status: 2
  success: False
        x: array([-0.55854226, -0.79564082,  0.59234178, -0.96928309, -0.91467982,
        0.11288952, -0.56829974, -1.59743046, -0.53145606,  0.11704874,
        0.63372484,  1.1160058 ,  0.08852903,  0.13808687, -0.35116334,
        1.19144112, -0.4619326 , -0.01092706])
