Program Begingeth
      fun: 0.2382092312560994
 hess_inv: array([[ 3.55880608e+00, -1.04328645e+00, -6.22398519e-01,
         6.99913614e-01, -3.61489046e-01,  8.72080765e-01,
         1.99689380e-01,  2.25355825e+00,  8.20661166e-01,
        -8.61291311e-01, -7.70216032e-01,  1.16542799e+00,
        -6.45715012e-01,  3.32458894e-01,  4.75381038e-01,
        -4.56782725e-02,  3.36653865e-01, -4.62143988e-01],
       [-1.04328645e+00,  2.57271552e+00,  1.36962787e+00,
        -1.89766348e-01,  7.41701151e-01, -7.40511960e-02,
        -2.83021625e+00, -2.19450027e-01,  3.19721876e+00,
         2.07913916e-01,  3.72146288e-01, -2.17447021e+00,
         3.76011922e-01, -4.90336208e-01, -3.55177675e-01,
        -2.26236880e-02, -1.23764290e-01,  3.01721078e-02],
       [-6.22398519e-01,  1.36962787e+00,  2.46088611e+00,
        -5.01756528e-01,  3.88050073e-01,  3.21247632e-01,
        -4.31221087e+00, -3.16803074e+00,  3.23067877e+00,
         3.56408893e-01,  1.51795406e+00, -1.95016928e+00,
         1.45901157e-01, -4.52176948e-01, -5.94123152e-01,
         2.40573043e-01, -2.08534711e-01, -1.50761710e-01],
       [ 6.99913614e-01, -1.89766348e-01, -5.01756528e-01,
         2.87518884e-01, -8.28699449e-02,  7.18565315e-02,
         1.18050065e+00,  1.15816985e+00, -9.05400883e-02,
        -2.73571296e-01, -4.66695606e-01,  3.42570846e-01,
        -6.45715379e-02,  8.66902703e-02,  2.07917425e-01,
        -5.27819404e-02,  9.15739769e-02,  8.99994820e-05],
       [-3.61489046e-01,  7.41701151e-01,  3.88050073e-01,
        -8.28699449e-02,  4.00266918e-01,  1.98345738e-02,
        -2.25907422e+00,  5.88605647e-01,  5.65309064e-01,
         2.64848757e-01,  3.83034536e-02, -5.19382568e-01,
         1.91756266e-01, -5.48521846e-02, -6.63357458e-02,
         3.96849011e-02, -1.31495996e-01, -2.51924038e-03],
       [ 8.72080765e-01, -7.40511960e-02,  3.21247632e-01,
         7.18565315e-02,  1.98345738e-02,  4.13030191e-01,
        -1.55016011e+00,  2.75896534e-01,  1.06894321e+00,
         2.33599685e-02, -3.79008501e-03,  1.16745899e-03,
        -1.89982242e-01,  3.06790340e-02,  7.45474903e-02,
         4.34243080e-03, -2.88804230e-03, -1.78522979e-01],
       [ 1.99689380e-01, -2.83021625e+00, -4.31221087e+00,
         1.18050065e+00, -2.25907422e+00, -1.55016011e+00,
         2.81460906e+01,  1.03708475e+00, -6.90147089e+00,
        -2.58294157e+00, -2.08574024e+00,  2.86985138e+00,
        -6.11085829e-01,  5.31175891e-01,  8.35850713e-01,
        -5.07102277e-01,  1.69106680e+00,  1.06136170e+00],
       [ 2.25355825e+00, -2.19450027e-01, -3.16803074e+00,
         1.15816985e+00,  5.88605647e-01,  2.75896534e-01,
         1.03708475e+00,  1.26408665e+01, -2.87407676e+00,
        -3.95532538e-01, -3.15737842e+00,  1.85430952e+00,
        -1.78144090e-01,  8.07954139e-01,  1.45139330e+00,
        -5.69530734e-01,  4.13979977e-01,  1.21757795e-01],
       [ 8.20661166e-01,  3.19721876e+00,  3.23067877e+00,
        -9.05400883e-02,  5.65309064e-01,  1.06894321e+00,
        -6.90147089e+00, -2.87407676e+00,  1.18837514e+01,
         2.36348946e-01,  1.53256763e+00, -3.42329524e+00,
        -3.60781982e-02, -1.20951528e+00, -6.51040588e-01,
        -2.48569301e-02, -4.18903460e-01, -4.48628798e-01],
       [-8.61291311e-01,  2.07913916e-01,  3.56408893e-01,
        -2.73571296e-01,  2.64848757e-01,  2.33599685e-02,
        -2.58294157e+00, -3.95532538e-01,  2.36348946e-01,
         1.03007014e+00,  3.17840508e-01, -2.96485931e-01,
         6.37890771e-02, -9.32723822e-02, -1.39572819e-01,
         4.05231168e-02, -3.15557868e-01, -9.05491332e-02],
       [-7.70216032e-01,  3.72146288e-01,  1.51795406e+00,
        -4.66695606e-01,  3.83034536e-02, -3.79008501e-03,
        -2.08574024e+00, -3.15737842e+00,  1.53256763e+00,
         3.17840508e-01,  1.71029937e+00, -1.08825751e+00,
         9.15940470e-02, -4.11595692e-01, -5.99143088e-01,
         2.27021208e-01, -1.87977795e-01, -1.52241941e-01],
       [ 1.16542799e+00, -2.17447021e+00, -1.95016928e+00,
         3.42570846e-01, -5.19382568e-01,  1.16745899e-03,
         2.86985138e+00,  1.85430952e+00, -3.42329524e+00,
        -2.96485931e-01, -1.08825751e+00,  2.55457967e+00,
        -2.99831458e-01,  6.48727142e-01,  4.88707608e-01,
        -3.63760383e-02,  2.06201925e-01,  1.85282400e-02],
       [-6.45715012e-01,  3.76011922e-01,  1.45901157e-01,
        -6.45715379e-02,  1.91756266e-01, -1.89982242e-01,
        -6.11085829e-01, -1.78144090e-01, -3.60781982e-02,
         6.37890771e-02,  9.15940470e-02, -2.99831458e-01,
         2.88773985e-01, -6.83389645e-02, -8.61790304e-02,
         7.76215183e-02, -1.32048983e-01,  1.30806978e-01],
       [ 3.32458894e-01, -4.90336208e-01, -4.52176948e-01,
         8.66902703e-02, -5.48521846e-02,  3.06790340e-02,
         5.31175891e-01,  8.07954139e-01, -1.20951528e+00,
        -9.32723822e-02, -4.11595692e-01,  6.48727142e-01,
        -6.83389645e-02,  2.56733171e-01,  1.72376956e-01,
        -8.56425989e-04,  1.00314965e-01,  2.38072448e-02],
       [ 4.75381038e-01, -3.55177675e-01, -5.94123152e-01,
         2.07917425e-01, -6.63357458e-02,  7.45474903e-02,
         8.35850713e-01,  1.45139330e+00, -6.51040588e-01,
        -1.39572819e-01, -5.99143088e-01,  4.88707608e-01,
        -8.61790304e-02,  1.72376956e-01,  2.92542835e-01,
        -9.52009429e-02,  7.93192929e-02,  5.22551236e-02],
       [-4.56782725e-02, -2.26236880e-02,  2.40573043e-01,
        -5.27819404e-02,  3.96849011e-02,  4.34243080e-03,
        -5.07102277e-01, -5.69530734e-01, -2.48569301e-02,
         4.05231168e-02,  2.27021208e-01, -3.63760383e-02,
         7.76215183e-02, -8.56425989e-04, -9.52009429e-02,
         1.21098313e-01, -5.26200712e-02, -1.40148162e-02],
       [ 3.36653865e-01, -1.23764290e-01, -2.08534711e-01,
         9.15739769e-02, -1.31495996e-01, -2.88804230e-03,
         1.69106680e+00,  4.13979977e-01, -4.18903460e-01,
        -3.15557868e-01, -1.87977795e-01,  2.06201925e-01,
        -1.32048983e-01,  1.00314965e-01,  7.93192929e-02,
        -5.26200712e-02,  2.34111215e-01,  1.85335846e-02],
       [-4.62143988e-01,  3.01721078e-02, -1.50761710e-01,
         8.99994820e-05, -2.51924038e-03, -1.78522979e-01,
         1.06136170e+00,  1.21757795e-01, -4.48628798e-01,
        -9.05491332e-02, -1.52241941e-01,  1.85282400e-02,
         1.30806978e-01,  2.38072448e-02,  5.22551236e-02,
        -1.40148162e-02,  1.85335846e-02,  1.97625911e-01]])
      jac: array([ 2.19724239e-05, -1.78240756e-05, -1.38859294e-05, -5.84254867e-06,
       -1.77134233e-05, -2.79030502e-05, -8.02839277e-06,  7.46736006e-06,
        2.09647115e-06,  1.49830148e-05, -1.51621308e-05, -3.74729877e-05,
       -3.12677662e-05,  1.99483023e-05, -7.10677813e-05,  3.13591745e-05,
        1.88053277e-06,  6.48858745e-05])
  message: 'Desired error not necessarily achieved due to precision loss.'
     nfev: 2273
      nit: 71
     njev: 119
   status: 2
  success: False
        x: array([ 0.33921701, -0.43470598,  0.71344397,  0.89460224, -0.64214418,
        0.06307126,  0.3590645 , -1.42678156, -0.56730248,  0.02080123,
        0.74093364,  0.9997918 ,  0.08101185,  0.15063755, -0.41562319,
       -0.90745526, -0.53015038, -0.00169309])
