Program Begingeth
      fun: 0.26043338577083275
 hess_inv: array([[ 3.28867013e+00, -5.60829674e-01, -6.25485004e-01,
         3.63090776e-01, -2.54010857e-01,  7.03299581e-01,
        -1.59069385e+00,  1.45213614e+00,  1.30763026e-01,
        -1.02489631e+00, -6.56455718e-01,  9.29691796e-01,
        -6.50944506e-01,  1.67863679e-01,  3.91806936e-01,
         3.30524443e-02,  1.93989856e-01, -4.84012573e-01],
       [-5.60829674e-01,  3.03347211e+00,  1.36951160e+00,
         2.24472002e-02,  6.04249428e-01, -1.53187385e-02,
        -3.27266514e+00, -8.84318622e-01,  4.73447912e+00,
         3.25526442e-01,  1.13203998e-01, -2.75617667e+00,
         3.19796781e-01, -6.54903241e-01, -2.90176698e-01,
        -1.23161047e-01, -4.25897445e-02,  1.86319252e-03],
       [-6.25485004e-01,  1.36951160e+00,  2.89570527e+00,
        -4.22049403e-01,  1.81510101e-01,  6.48351803e-02,
        -2.25494124e+00, -4.77350213e+00,  2.70906962e+00,
         1.99824740e-01,  1.93703708e+00, -2.60914725e+00,
         1.24616114e-01, -5.87708037e-01, -7.18218652e-01,
         2.39068816e-01, -1.37294446e-01,  2.60602468e-02],
       [ 3.63090776e-01,  2.24472002e-02, -4.22049403e-01,
         1.64934239e-01, -1.31376871e-02,  4.05556667e-02,
         3.95262460e-01,  1.02572563e+00,  1.07157280e-01,
        -1.58970982e-01, -4.07078686e-01,  1.86737204e-01,
        -7.88830338e-03,  2.82501186e-02,  1.57390902e-01,
        -3.67952298e-02,  4.16333340e-02, -1.05550503e-02],
       [-2.54010857e-01,  6.04249428e-01,  1.81510101e-01,
        -1.31376871e-02,  3.69990958e-01,  3.02009996e-02,
        -3.25106101e+00,  3.27021355e-01,  6.28944499e-01,
         4.42871216e-01, -5.93726737e-02, -3.92145179e-01,
         2.05066430e-01, -1.82778587e-02, -1.43176892e-02,
        -1.54803329e-02, -1.72940149e-01, -1.95135426e-02],
       [ 7.03299581e-01, -1.53187385e-02,  6.48351803e-02,
         4.05556667e-02,  3.02009996e-02,  2.57830011e-01,
        -1.47528294e+00,  2.18947913e-01,  4.02495900e-01,
        -3.16702029e-03, -1.23874381e-01,  6.07635527e-02,
        -1.55437151e-01,  3.57088708e-02,  1.07878589e-01,
        -7.10866826e-03, -1.87402755e-02, -1.09973081e-01],
       [-1.59069385e+00, -3.27266514e+00, -2.25494124e+00,
         3.95262460e-01, -3.25106101e+00, -1.47528294e+00,
         4.70245314e+01,  7.01606180e-01, -5.64979928e+00,
        -3.74234542e+00, -8.03538702e-01,  2.27968366e+00,
        -1.34065706e+00,  1.13053114e-01,  1.50933645e-01,
        -2.17458722e-02,  2.57875027e+00,  1.13104984e+00],
       [ 1.45213614e+00, -8.84318622e-01, -4.77350213e+00,
         1.02572563e+00,  3.27021355e-01,  2.18947913e-01,
         7.01606180e-01,  1.42548852e+01, -3.04828415e+00,
        -1.17667570e-01, -4.04213288e+00,  3.07910812e+00,
        -1.12435043e-01,  8.87485152e-01,  1.75894574e+00,
        -7.00013503e-01,  3.83161348e-01,  6.84876661e-02],
       [ 1.30763026e-01,  4.73447912e+00,  2.70906962e+00,
         1.07157280e-01,  6.28944499e-01,  4.02495900e-01,
        -5.64979928e+00, -3.04828415e+00,  1.28033878e+01,
         2.33361408e-01,  1.01352584e+00, -4.64165744e+00,
         2.69737167e-01, -1.52381211e+00, -6.00399369e-01,
        -1.65240360e-01, -2.34543070e-01, -5.00313385e-02],
       [-1.02489631e+00,  3.25526442e-01,  1.99824740e-01,
        -1.58970982e-01,  4.42871216e-01, -3.16702029e-03,
        -3.74234542e+00, -1.17667570e-01,  2.33361408e-01,
         1.42236891e+00,  1.66363056e-01, -2.42039226e-01,
         1.91254348e-01,  2.28220623e-02, -6.92093369e-02,
        -2.88861795e-02, -3.50756564e-01, -2.84207666e-02],
       [-6.56455718e-01,  1.13203998e-01,  1.93703708e+00,
        -4.07078686e-01, -5.93726737e-02, -1.23874381e-01,
        -8.03538702e-01, -4.04213288e+00,  1.01352584e+00,
         1.66363056e-01,  2.30424371e+00, -1.35509288e+00,
         9.16887858e-02, -4.68174350e-01, -7.30110572e-01,
         2.84036685e-01, -1.82721682e-01, -5.75026328e-02],
       [ 9.29691796e-01, -2.75617667e+00, -2.60914725e+00,
         1.86737204e-01, -3.92145179e-01,  6.07635527e-02,
         2.27968366e+00,  3.07910812e+00, -4.64165744e+00,
        -2.42039226e-01, -1.35509288e+00,  3.77870434e+00,
        -3.12807289e-01,  9.22597623e-01,  5.68342833e-01,
        -1.04022016e-02,  1.14782807e-01, -6.80437909e-02],
       [-6.50944506e-01,  3.19796781e-01,  1.24616114e-01,
        -7.88830338e-03,  2.05066430e-01, -1.55437151e-01,
        -1.34065706e+00, -1.12435043e-01,  2.69737167e-01,
         1.91254348e-01,  9.16887858e-02, -3.12807289e-01,
         3.32263743e-01, -5.44254053e-02, -7.33998601e-02,
         3.04673180e-02, -1.56715639e-01,  1.12419011e-01],
       [ 1.67863679e-01, -6.54903241e-01, -5.87708037e-01,
         2.82501186e-02, -1.82778587e-02,  3.57088708e-02,
         1.13053114e-01,  8.87485152e-01, -1.52381211e+00,
         2.28220623e-02, -4.68174350e-01,  9.22597623e-01,
        -5.44254053e-02,  3.18930573e-01,  1.81705121e-01,
         8.19065930e-04,  3.24809420e-02,  6.38335103e-03],
       [ 3.91806936e-01, -2.90176698e-01, -7.18218652e-01,
         1.57390902e-01, -1.43176892e-02,  1.07878589e-01,
         1.50933645e-01,  1.75894574e+00, -6.00399369e-01,
        -6.92093369e-02, -7.30110572e-01,  5.68342833e-01,
        -7.33998601e-02,  1.81705121e-01,  3.29674516e-01,
        -9.93962249e-02,  4.71624465e-02,  1.64220882e-02],
       [ 3.30524443e-02, -1.23161047e-01,  2.39068816e-01,
        -3.67952298e-02, -1.54803329e-02, -7.10866826e-03,
        -2.17458722e-02, -7.00013503e-01, -1.65240360e-01,
        -2.88861795e-02,  2.84036685e-01, -1.04022016e-02,
         3.04673180e-02,  8.19065930e-04, -9.93962249e-02,
         1.05147892e-01, -2.69684368e-02, -9.96238707e-03],
       [ 1.93989856e-01, -4.25897445e-02, -1.37294446e-01,
         4.16333340e-02, -1.72940149e-01, -1.87402755e-02,
         2.57875027e+00,  3.83161348e-01, -2.34543070e-01,
        -3.50756564e-01, -1.82721682e-01,  1.14782807e-01,
        -1.56715639e-01,  3.24809420e-02,  4.71624465e-02,
        -2.69684368e-02,  2.41826783e-01,  2.59713602e-02],
       [-4.84012573e-01,  1.86319252e-03,  2.60602468e-02,
        -1.05550503e-02, -1.95135426e-02, -1.09973081e-01,
         1.13104984e+00,  6.84876661e-02, -5.00313385e-02,
        -2.84207666e-02, -5.75026328e-02, -6.80437909e-02,
         1.12419011e-01,  6.38335103e-03,  1.64220882e-02,
        -9.96238707e-03,  2.59713602e-02,  1.65373044e-01]])
      jac: array([ 7.31266899e-07,  7.15353702e-07, -3.02054678e-06, -3.02276722e-06,
       -6.66503889e-07,  4.28916162e-07,  2.63492931e-07,  2.60162262e-07,
        4.78136049e-07, -1.72084569e-07,  1.10874273e-06, -1.58132766e-06,
       -1.71381428e-06,  4.76248670e-06, -4.39241236e-06,  2.55018229e-06,
       -1.54358008e-06,  6.09808500e-06])
  message: 'Optimization terminated successfully.'
     nfev: 1406
      nit: 65
     njev: 74
   status: 0
  success: True
        x: array([ 0.21419741, -0.34844849,  0.70541414,  1.01147061, -0.49474709,
        0.0439101 ,  0.18611413, -1.38123316, -0.44460579,  0.06513326,
        0.72957049,  0.89925471,  0.11825745,  0.13480148, -0.39728074,
       -1.04649628, -0.67608097,  0.02629677])
