Program Begingeth
      fun: 0.1945204625290601
 hess_inv: array([[ 1.41377861e+00, -1.69539590e-01,  7.78342868e-01,
        -3.91458457e-01,  1.39193051e-02,  2.56052385e-01,
        -1.02765456e+00, -1.78895648e-02,  9.88890544e-01,
         8.99593210e-01,  1.84111732e-01, -9.00228424e-01,
        -1.26081426e+00, -1.49512957e-02,  1.64172425e-01,
        -2.28983890e-01, -8.20413848e-02,  1.42771547e-01],
       [-1.69539590e-01,  2.98162092e+00, -1.14097920e-01,
        -2.67691401e-01,  2.67357971e-01,  3.53442556e-01,
         1.55703244e+00,  1.45587070e+00,  1.25216403e+00,
        -2.77457827e-01, -1.62128521e-01,  1.22083820e-01,
         9.44754157e-02, -9.56869706e-01,  2.76728041e-01,
         4.66845050e-01,  1.04811111e-01, -8.60134762e-03],
       [ 7.78342868e-01, -1.14097920e-01,  3.38656694e+00,
        -9.74252213e-01,  3.24566783e-02, -4.47084750e-02,
        -1.86560271e+00,  1.99245806e+00, -7.16381110e-01,
         1.66074821e+00,  5.84809309e-01, -4.41044258e-01,
        -1.96325175e+00, -1.01007464e-01, -1.14539096e+00,
        -6.22138841e-01,  1.17829494e-01,  2.18769656e-01],
       [-3.91458457e-01, -2.67691401e-01, -9.74252213e-01,
         5.24108214e-01, -1.09480739e-01, -8.03028617e-02,
         9.26820129e-01, -1.07607868e+00, -4.40518134e-01,
        -5.53237114e-01,  1.71959578e-01,  5.06724312e-01,
         8.45704192e-01,  7.54122369e-03,  1.89537492e-01,
         1.52736598e-01, -4.23078885e-02, -7.28750999e-02],
       [ 1.39193051e-02,  2.67357971e-01,  3.24566783e-02,
        -1.09480739e-01,  2.03482016e-01,  2.83809895e-02,
         1.91573605e-01,  9.92526111e-01,  2.20247952e-01,
        -5.09223537e-02, -1.01094425e-01, -2.03302565e-01,
        -1.06845482e-01,  7.82023978e-02,  9.15876047e-02,
         1.24158175e-02,  4.86380002e-02,  6.73322579e-02],
       [ 2.56052385e-01,  3.53442556e-01, -4.47084750e-02,
        -8.03028617e-02,  2.83809895e-02,  1.87422005e-01,
         8.21671169e-02,  4.44264785e-02,  7.87324109e-01,
        -1.84211511e-02, -3.80231364e-02, -1.90708281e-01,
        -1.63322003e-01, -1.47152501e-01,  2.05156416e-01,
         3.24425467e-02, -4.76779414e-02,  1.85460018e-02],
       [-1.02765456e+00,  1.55703244e+00, -1.86560271e+00,
         9.26820129e-01,  1.91573605e-01,  8.21671169e-02,
         4.63063023e+00,  2.02654792e-01, -1.69787670e-01,
        -1.24786152e+00,  5.96208823e-01,  7.71018359e-01,
         1.63213532e+00, -5.72652411e-01,  6.53546699e-01,
         4.68319437e-01,  3.39834110e-02, -5.22181808e-02],
       [-1.78895648e-02,  1.45587070e+00,  1.99245806e+00,
        -1.07607868e+00,  9.92526111e-01,  4.44264785e-02,
         2.02654792e-01,  7.12588538e+00,  3.10952038e-01,
         5.75372471e-01, -4.60613461e-02, -1.09822944e+00,
        -1.37891653e+00,  9.41642544e-02, -3.38774205e-01,
        -2.56357040e-01,  2.67691730e-01,  3.18110868e-01],
       [ 9.88890544e-01,  1.25216403e+00, -7.16381110e-01,
        -4.40518134e-01,  2.20247952e-01,  7.87324109e-01,
        -1.69787670e-01,  3.10952038e-01,  4.79594691e+00,
        -1.17864679e-01, -8.53385547e-01, -9.55625520e-01,
        -6.53733765e-01, -2.35390882e-01,  9.63472631e-01,
         2.14431375e-01, -1.39497835e-01,  4.24567649e-03],
       [ 8.99593210e-01, -2.77457827e-01,  1.66074821e+00,
        -5.53237114e-01, -5.09223537e-02, -1.84211511e-02,
        -1.24786152e+00,  5.75372471e-01, -1.17864679e-01,
         1.48453694e+00,  3.13238435e-01, -6.02013559e-01,
        -1.41247063e+00, -2.10748357e-04, -5.07463175e-01,
        -3.57512575e-01,  5.88254415e-02,  8.05176207e-02],
       [ 1.84111732e-01, -1.62128521e-01,  5.84809309e-01,
         1.71959578e-01, -1.01094425e-01, -3.80231364e-02,
         5.96208823e-01, -4.60613461e-02, -8.53385547e-01,
         3.13238435e-01,  1.57570845e+00, -7.76760760e-02,
        -2.48774793e-01, -3.70897816e-01, -1.66381288e-01,
        -3.27821503e-01,  6.03352826e-03,  5.45031523e-02],
       [-9.00228424e-01,  1.22083820e-01, -4.41044258e-01,
         5.06724312e-01, -2.03302565e-01, -1.90708281e-01,
         7.71018359e-01, -1.09822944e+00, -9.55625520e-01,
        -6.02013559e-01, -7.76760760e-02,  1.62045834e+00,
         1.18476446e+00, -1.51713409e-01, -3.87346611e-01,
         3.27796629e-01,  1.31029451e-02, -1.22695913e-01],
       [-1.26081426e+00,  9.44754157e-02, -1.96325175e+00,
         8.45704192e-01, -1.06845482e-01, -1.63322003e-01,
         1.63213532e+00, -1.37891653e+00, -6.53733765e-01,
        -1.41247063e+00, -2.48774793e-01,  1.18476446e+00,
         1.89668622e+00, -1.48771675e-02,  3.03145055e-01,
         4.80027983e-01, -2.56272801e-02, -1.83151932e-01],
       [-1.49512957e-02, -9.56869706e-01, -1.01007464e-01,
         7.54122369e-03,  7.82023978e-02, -1.47152501e-01,
        -5.72652411e-01,  9.41642544e-02, -2.35390882e-01,
        -2.10748357e-04, -3.70897816e-01, -1.51713409e-01,
        -1.48771675e-02,  5.67766314e-01, -2.17806872e-02,
        -9.41965854e-02,  2.91944795e-02,  4.48450480e-02],
       [ 1.64172425e-01,  2.76728041e-01, -1.14539096e+00,
         1.89537492e-01,  9.15876047e-02,  2.05156416e-01,
         6.53546699e-01, -3.38774205e-01,  9.63472631e-01,
        -5.07463175e-01, -1.66381288e-01, -3.87346611e-01,
         3.03145055e-01, -2.17806872e-02,  7.00347773e-01,
         1.63980135e-01, -8.00225343e-02,  3.02602727e-03],
       [-2.28983890e-01,  4.66845050e-01, -6.22138841e-01,
         1.52736598e-01,  1.24158175e-02,  3.24425467e-02,
         4.68319437e-01, -2.56357040e-01,  2.14431375e-01,
        -3.57512575e-01, -3.27821503e-01,  3.27796629e-01,
         4.80027983e-01, -9.41965854e-02,  1.63980135e-01,
         2.64625634e-01, -3.83079489e-03, -5.37335838e-02],
       [-8.20413848e-02,  1.04811111e-01,  1.17829494e-01,
        -4.23078885e-02,  4.86380002e-02, -4.76779414e-02,
         3.39834110e-02,  2.67691730e-01, -1.39497835e-01,
         5.88254415e-02,  6.03352826e-03,  1.31029451e-02,
        -2.56272801e-02,  2.91944795e-02, -8.00225343e-02,
        -3.83079489e-03,  6.29677626e-02,  1.28686730e-02],
       [ 1.42771547e-01, -8.60134762e-03,  2.18769656e-01,
        -7.28750999e-02,  6.73322579e-02,  1.85460018e-02,
        -5.22181808e-02,  3.18110868e-01,  4.24567649e-03,
         8.05176207e-02,  5.45031523e-02, -1.22695913e-01,
        -1.83151932e-01,  4.48450480e-02,  3.02602727e-03,
        -5.37335838e-02,  1.28686730e-02,  6.87802305e-02]])
      jac: array([-4.82206867e-06,  2.83606472e-06, -2.57756779e-06, -1.38665005e-05,
        1.42404607e-05,  3.74966724e-05,  1.26991010e-06, -3.57750866e-06,
       -4.26936264e-06, -2.10942375e-06,  9.43560045e-06, -3.27978385e-06,
        7.38464845e-06,  1.63870769e-05, -1.70996550e-05,  7.64388552e-06,
       -1.46880656e-05, -2.00843046e-05])
  message: 'Desired error not necessarily achieved due to precision loss.'
     nfev: 1741
      nit: 62
     njev: 91
   status: 2
  success: False
        x: array([ 0.73271487,  0.05964424,  0.02093444,  0.23308198, -0.96526768,
       -0.30561463,  1.04453636, -1.66344073, -0.38279813, -0.95689418,
        0.14813382,  0.28541066,  0.13800724, -0.08709609,  0.29266398,
        0.09944196,  1.13439431, -0.39728979])
