Program Begingeth
      fun: 0.2672836882076855
 hess_inv: array([[ 7.58435082e+00,  7.54075451e-01,  1.08530933e+00,
         3.58582321e+00,  5.15755089e-01, -6.07439785e-01,
         1.32602984e+01,  4.84775449e+00, -4.90562969e+00,
         6.49500215e-01,  1.10406184e+00, -1.42360144e+00,
        -5.42213052e-01, -7.02460542e-01, -2.09951536e-01,
         1.32778306e-01, -4.52063817e-01,  2.75070850e-01],
       [ 7.54075451e-01,  1.82320839e+00,  9.16502221e-03,
         3.98492999e-01,  8.74830265e-01, -1.76975676e-01,
         1.60196358e+00,  4.90734954e-01,  7.64169471e-01,
         5.93230779e-01,  3.80246929e-01, -5.71455614e-02,
        -2.22167301e-01,  1.54894358e-03, -1.75677540e-01,
        -9.58319358e-02,  1.75857834e-02,  6.40676514e-02],
       [ 1.08530933e+00,  9.16502221e-03,  1.64783182e+00,
         6.00071222e-01,  2.32432112e-02,  6.08095891e-01,
         2.75683991e+00, -9.37189003e-01, -1.28468887e+00,
         1.63004636e-01,  3.78234584e-02,  1.05096104e-01,
        -8.33013020e-02,  6.17201260e-02,  5.97500252e-02,
        -1.42617110e-02, -1.90215486e-02,  1.11390199e-01],
       [ 3.58582321e+00,  3.98492999e-01,  6.00071222e-01,
         1.71298114e+00,  2.61303263e-01, -2.46735780e-01,
         6.35981210e+00,  2.11147680e+00, -2.27136861e+00,
         3.02841327e-01,  5.52793552e-01, -6.35896027e-01,
        -2.45316111e-01, -3.19507330e-01, -1.08817265e-01,
         6.22122955e-02, -2.03310828e-01,  1.27322193e-01],
       [ 5.15755089e-01,  8.74830265e-01,  2.32432112e-02,
         2.61303263e-01,  4.65603221e-01, -1.24788410e-01,
         1.82957960e+00,  8.56051385e-01,  3.95634687e-01,
         2.67129570e-01,  2.58006960e-01, -1.48114784e-01,
        -1.77336673e-01, -4.48432436e-02, -8.62561525e-02,
        -5.75046241e-02, -3.53399468e-02,  5.90974772e-02],
       [-6.07439785e-01, -1.76975676e-01,  6.08095891e-01,
        -2.46735780e-01, -1.24788410e-01,  4.14104134e-01,
        -1.40561317e+00, -1.51035991e+00,  6.96416981e-02,
        -8.47560990e-02, -2.14373104e-01,  3.22356707e-01,
         1.17441539e-01,  1.66329253e-01,  6.96010665e-02,
        -8.37418043e-03,  9.23592571e-02, -1.48721291e-02],
       [ 1.32602984e+01,  1.60196358e+00,  2.75683991e+00,
         6.35981210e+00,  1.82957960e+00, -1.40561317e+00,
         4.52162181e+01,  1.75935002e+01, -6.13571342e+00,
         8.83606690e-01,  3.36139055e+00, -4.32618435e+00,
        -2.52354914e+00, -2.09139446e+00, -3.12602926e-01,
        -9.20096265e-02, -1.82439014e+00,  1.18796758e+00],
       [ 4.84775449e+00,  4.90734954e-01, -9.37189003e-01,
         2.11147680e+00,  8.56051385e-01, -1.51035991e+00,
         1.75935002e+01,  1.38900664e+01, -5.75558578e-01,
         2.66590702e-01,  1.29942324e+00, -3.18293167e+00,
        -1.10906291e+00, -1.16468028e+00, -4.38348001e-02,
         9.31613047e-02, -8.06721753e-01,  4.45672583e-01],
       [-4.90562969e+00,  7.64169471e-01, -1.28468887e+00,
        -2.27136861e+00,  3.95634687e-01,  6.96416981e-02,
        -6.13571342e+00, -5.75558578e-01,  8.47867176e+00,
        -6.19398123e-01,  8.53477285e-01, -3.59734827e-02,
         1.99941512e-01,  1.07489976e-01, -1.42385130e-01,
        -1.93269365e-01,  2.48566766e-01, -2.43686911e-01],
       [ 6.49500215e-01,  5.93230779e-01,  1.63004636e-01,
         3.02841327e-01,  2.67129570e-01, -8.47560990e-02,
         8.83606690e-01,  2.66590702e-01, -6.19398123e-01,
         1.13033348e+00, -7.37890025e-02,  3.40531104e-02,
        -2.97944789e-01,  3.02099760e-02,  4.86756145e-02,
        -2.95857292e-02,  1.98875050e-02,  2.35392339e-01],
       [ 1.10406184e+00,  3.80246929e-01,  3.78234584e-02,
         5.52793552e-01,  2.58006960e-01, -2.14373104e-01,
         3.36139055e+00,  1.29942324e+00,  8.53477285e-01,
        -7.37890025e-02,  1.07098343e+00, -5.02325108e-01,
        -1.48894830e-01, -3.07589801e-01, -2.05949581e-01,
        -4.16590301e-02, -1.17227496e-01, -4.58305793e-02],
       [-1.42360144e+00, -5.71455614e-02,  1.05096104e-01,
        -6.35896027e-01, -1.48114784e-01,  3.22356707e-01,
        -4.32618435e+00, -3.18293167e+00, -3.59734827e-02,
         3.40531104e-02, -5.02325108e-01,  1.05020355e+00,
         2.00507742e-01,  3.61508917e-01, -5.04380594e-04,
        -6.76157628e-02,  2.21080501e-01, -6.62229702e-02],
       [-5.42213052e-01, -2.22167301e-01, -8.33013020e-02,
        -2.45316111e-01, -1.77336673e-01,  1.17441539e-01,
        -2.52354914e+00, -1.10906291e+00,  1.99941512e-01,
        -2.97944789e-01, -1.48894830e-01,  2.00507742e-01,
         2.56515983e-01,  1.02049478e-01,  1.63414182e-03,
         5.42715978e-02,  1.08117842e-01, -1.28037548e-01],
       [-7.02460542e-01,  1.54894358e-03,  6.17201260e-02,
        -3.19507330e-01, -4.48432436e-02,  1.66329253e-01,
        -2.09139446e+00, -1.16468028e+00,  1.07489976e-01,
         3.02099760e-02, -3.07589801e-01,  3.61508917e-01,
         1.02049478e-01,  1.89140891e-01,  3.69960774e-02,
        -1.20879989e-02,  1.21930551e-01, -1.99417064e-02],
       [-2.09951536e-01, -1.75677540e-01,  5.97500252e-02,
        -1.08817265e-01, -8.62561525e-02,  6.96010665e-02,
        -3.12602926e-01, -4.38348001e-02, -1.42385130e-01,
         4.86756145e-02, -2.05949581e-01, -5.04380594e-04,
         1.63414182e-03,  3.69960774e-02,  9.14610281e-02,
         1.83907022e-02,  1.81533688e-03,  5.21193758e-02],
       [ 1.32778306e-01, -9.58319358e-02, -1.42617110e-02,
         6.22122955e-02, -5.75046241e-02, -8.37418043e-03,
        -9.20096265e-02,  9.31613047e-02, -1.93269365e-01,
        -2.95857292e-02, -4.16590301e-02, -6.76157628e-02,
         5.42715978e-02, -1.20879989e-02,  1.83907022e-02,
         5.27181957e-02,  2.86911298e-03, -1.00454251e-02],
       [-4.52063817e-01,  1.75857834e-02, -1.90215486e-02,
        -2.03310828e-01, -3.53399468e-02,  9.23592571e-02,
        -1.82439014e+00, -8.06721753e-01,  2.48566766e-01,
         1.98875050e-02, -1.17227496e-01,  2.21080501e-01,
         1.08117842e-01,  1.21930551e-01,  1.81533688e-03,
         2.86911298e-03,  1.18193774e-01, -4.41178515e-02],
       [ 2.75070850e-01,  6.40676514e-02,  1.11390199e-01,
         1.27322193e-01,  5.90974772e-02, -1.48721291e-02,
         1.18796758e+00,  4.45672583e-01, -2.43686911e-01,
         2.35392339e-01, -4.58305793e-02, -6.62229702e-02,
        -1.28037548e-01, -1.99417064e-02,  5.21193758e-02,
        -1.00454251e-02, -4.41178515e-02,  1.16280835e-01]])
      jac: array([-4.58377780e-05,  1.23504910e-05, -6.04701474e-07,  1.20692715e-04,
       -2.27011003e-05,  1.04298052e-05, -1.10226643e-05,  1.78153788e-06,
        3.90428430e-07, -3.94591767e-05,  1.55375712e-05,  1.38096941e-05,
       -1.96885841e-04,  2.50592140e-05,  1.48425716e-05,  1.48665154e-04,
        2.14569103e-06, -2.47653749e-05])
  message: 'Desired error not necessarily achieved due to precision loss.'
     nfev: 2100
      nit: 72
     njev: 110
   status: 2
  success: False
        x: array([-1.71668644, -0.94309149,  0.56137622, -1.56157661, -0.98536979,
        0.28871645, -0.22368958, -1.10847265,  1.05716968,  0.07848191,
        0.55197014,  1.10675763,  0.11999532,  0.23634664, -0.24547585,
        1.42166216, -0.14826454,  0.02325978])
