Program Begingeth
      fun: 0.2587755373865043
 hess_inv: array([[ 4.21413212e+00,  3.90379351e-01,  1.13582726e+00,
         2.12133278e+00,  1.88783050e-01, -6.87579649e-02,
         5.75749140e+00,  1.09989238e+00, -3.33593058e+00,
         6.34650510e-01,  6.81616620e-01, -4.57313516e-01,
        -1.38456464e-01, -2.92589841e-01, -1.40306881e-01,
         5.59375415e-02, -1.25690353e-01,  1.07082891e-01],
       [ 3.90379351e-01,  1.50433873e+00, -3.18855801e-02,
         2.46373673e-01,  7.49978490e-01, -1.42118741e-01,
         1.07033512e+00,  7.46396486e-01,  7.73864205e-01,
         5.00128118e-01,  3.75433510e-01, -7.11377605e-02,
        -1.63257560e-01,  2.05417613e-02, -1.51619182e-01,
        -9.10480345e-02,  5.42203142e-02,  2.12462874e-02],
       [ 1.13582726e+00, -3.18855801e-02,  1.73488534e+00,
         6.51913679e-01, -5.26030906e-02,  6.83997471e-01,
         2.11336411e+00, -1.51164296e+00, -1.31153606e+00,
         2.04088440e-01, -7.02333774e-02,  2.17853480e-01,
        -1.42374330e-02,  1.20188906e-01,  6.80859770e-02,
        -5.82527645e-03,  5.35631300e-02,  1.03057656e-01],
       [ 2.12133278e+00,  2.46373673e-01,  6.51913679e-01,
         1.08753497e+00,  1.21541830e-01,  1.01729766e-03,
         3.09005204e+00,  4.68989435e-01, -1.59683704e+00,
         3.14597821e-01,  3.80182726e-01, -2.03050961e-01,
        -6.48641664e-02, -1.37226667e-01, -8.14890652e-02,
         2.57694868e-02, -5.37329261e-02,  5.22319413e-02],
       [ 1.88783050e-01,  7.49978490e-01, -5.26030906e-02,
         1.21541830e-01,  4.10628112e-01, -1.07325064e-01,
         9.67817648e-01,  7.94942760e-01,  4.85300334e-01,
         2.47803241e-01,  2.54943799e-01, -8.40530833e-02,
        -1.22893019e-01, -1.18327060e-02, -8.61226138e-02,
        -6.37204669e-02,  7.66435565e-03,  1.94020558e-02],
       [-6.87579649e-02, -1.42118741e-01,  6.83997471e-01,
         1.01729766e-03, -1.07325064e-01,  3.82081246e-01,
        -2.38993193e-01, -1.17045498e+00, -1.40889720e-01,
        -7.28835852e-02, -2.12127902e-01,  2.05436483e-01,
         6.98064001e-02,  1.27384535e-01,  7.16874239e-02,
         9.10017327e-03,  6.53903614e-02,  2.07117352e-02],
       [ 5.75749140e+00,  1.07033512e+00,  2.11336411e+00,
         3.09005204e+00,  9.67817648e-01, -2.38993193e-01,
         1.75358017e+01,  5.84996212e+00, -3.40261127e+00,
         1.08802217e+00,  2.15641345e+00, -1.04604476e+00,
        -9.36296765e-01, -7.64126242e-01, -3.86301109e-01,
        -2.46893301e-01, -5.72739758e-01,  3.82605431e-01],
       [ 1.09989238e+00,  7.46396486e-01, -1.51164296e+00,
         4.68989435e-01,  7.94942760e-01, -1.17045498e+00,
         5.84996212e+00,  8.41978846e+00,  1.10634107e+00,
         5.64315751e-01,  1.23546656e+00, -1.56511949e+00,
        -5.84455341e-01, -6.36034913e-01, -1.83693135e-01,
        -9.40644661e-02, -3.71370448e-01,  1.10550948e-01],
       [-3.33593058e+00,  7.73864205e-01, -1.31153606e+00,
        -1.59683704e+00,  4.85300334e-01, -1.40889720e-01,
        -3.40261127e+00,  1.10634107e+00,  6.21125197e+00,
        -4.90829260e-01,  5.71515534e-01, -1.95295867e-01,
         6.02097749e-02,  7.35978281e-02, -9.39325917e-02,
        -1.18070775e-01,  1.54517301e-01, -1.72119820e-01],
       [ 6.34650510e-01,  5.00128118e-01,  2.04088440e-01,
         3.14597821e-01,  2.47803241e-01, -7.28835852e-02,
         1.08802217e+00,  5.64315751e-01, -4.90829260e-01,
         1.08980473e+00,  1.02972153e-01, -5.45003838e-02,
        -2.93465243e-01, -1.53424407e-02,  5.39952615e-02,
        -4.55200499e-02,  1.17634496e-02,  2.33619827e-01],
       [ 6.81616620e-01,  3.75433510e-01, -7.02333774e-02,
         3.80182726e-01,  2.54943799e-01, -2.12127902e-01,
         2.15641345e+00,  1.23546656e+00,  5.71515534e-01,
         1.02972153e-01,  9.35948623e-01, -3.26413292e-01,
        -1.08561648e-01, -2.41106555e-01, -1.84498413e-01,
        -4.81529764e-02, -6.55840010e-02, -5.46947233e-02],
       [-4.57313516e-01, -7.11377605e-02,  2.17853480e-01,
        -2.03050961e-01, -8.40530833e-02,  2.05436483e-01,
        -1.04604476e+00, -1.56511949e+00, -1.95295867e-01,
        -5.45003838e-02, -3.26413292e-01,  5.93809308e-01,
         4.17103292e-02,  1.88878687e-01,  6.61729139e-03,
        -4.35265703e-02,  9.19312414e-02,  1.36080863e-02],
       [-1.38456464e-01, -1.63257560e-01, -1.42374330e-02,
        -6.48641664e-02, -1.22893019e-01,  6.98064001e-02,
        -9.36296765e-01, -5.84455341e-01,  6.02097749e-02,
        -2.93465243e-01, -1.08561648e-01,  4.17103292e-02,
         1.67662661e-01,  3.82734071e-02,  4.85610058e-03,
         6.61782214e-02,  3.92897144e-02, -8.01654751e-02],
       [-2.92589841e-01,  2.05417613e-02,  1.20188906e-01,
        -1.37226667e-01, -1.18327060e-02,  1.27384535e-01,
        -7.64126242e-01, -6.36034913e-01,  7.35978281e-02,
        -1.53424407e-02, -2.41106555e-01,  1.88878687e-01,
         3.82734071e-02,  1.32051583e-01,  3.64144268e-02,
        -3.58937623e-03,  7.68198198e-02,  9.97211003e-03],
       [-1.40306881e-01, -1.51619182e-01,  6.80859770e-02,
        -8.14890652e-02, -8.61226138e-02,  7.16874239e-02,
        -3.86301109e-01, -1.83693135e-01, -9.39325917e-02,
         5.39952615e-02, -1.84498413e-01,  6.61729139e-03,
         4.85610058e-03,  3.64144268e-02,  8.66306638e-02,
         1.80769452e-02,  6.79489762e-03,  5.39920867e-02],
       [ 5.59375415e-02, -9.10480345e-02, -5.82527645e-03,
         2.57694868e-02, -6.37204669e-02,  9.10017327e-03,
        -2.46893301e-01, -9.40644661e-02, -1.18070775e-01,
        -4.55200499e-02, -4.81529764e-02, -4.35265703e-02,
         6.61782214e-02, -3.58937623e-03,  1.80769452e-02,
         5.48490131e-02,  5.37938798e-03, -1.54778642e-02],
       [-1.25690353e-01,  5.42203142e-02,  5.35631300e-02,
        -5.37329261e-02,  7.66435565e-03,  6.53903614e-02,
        -5.72739758e-01, -3.71370448e-01,  1.54517301e-01,
         1.17634496e-02, -6.55840010e-02,  9.19312414e-02,
         3.92897144e-02,  7.68198198e-02,  6.79489762e-03,
         5.37938798e-03,  7.36951734e-02, -7.24113929e-03],
       [ 1.07082891e-01,  2.12462874e-02,  1.03057656e-01,
         5.22319413e-02,  1.94020558e-02,  2.07117352e-02,
         3.82605431e-01,  1.10550948e-01, -1.72119820e-01,
         2.33619827e-01, -5.46947233e-02,  1.36080863e-02,
        -8.01654751e-02,  9.97211003e-03,  5.39920867e-02,
        -1.54778642e-02, -7.24113929e-03,  9.59262991e-02]])
      jac: array([-1.35310282e-05,  2.03281836e-06,  1.28452804e-06,  3.59582734e-05,
       -6.81121826e-06, -2.39327077e-06, -2.44249065e-06, -2.78295905e-07,
        8.70784926e-07, -5.09370324e-06,  2.67489734e-06, -2.08351854e-06,
       -2.32687943e-05,  9.65375927e-06,  3.65929509e-06,  1.09815860e-05,
       -9.34326690e-06, -4.10893541e-06])
  message: 'Desired error not necessarily achieved due to precision loss.'
     nfev: 2140
      nit: 67
     njev: 112
   status: 2
  success: False
        x: array([-1.78864305, -1.11600939,  0.58831501, -1.57377546, -1.1624399 ,
        0.32639001, -0.5456977 , -1.41237885,  1.13550404,  0.02650245,
        0.52290619,  1.15333155,  0.11805093,  0.26740997, -0.24243764,
        1.38192485, -0.00878325,  0.0129243 ])
