Program Begingeth
      fun: 0.21012126192247726
 hess_inv: array([[ 1.96759429e+00, -1.04452273e-01,  3.24297132e-02,
         1.37600008e-01, -5.65760744e-02,  5.39738744e-01,
        -2.53606396e+00, -1.89970028e-01,  4.46794683e-01,
        -5.87950075e-01, -4.95489540e-02,  1.52560309e-01,
        -3.03563463e-01, -1.90172161e-02,  1.12585426e-01,
         1.08495679e-01, -4.20710403e-02, -4.78000412e-01],
       [-1.04452273e-01,  2.13173186e+00,  1.00204217e+00,
         9.00323214e-02,  4.01104520e-01, -3.54372519e-02,
        -1.87395524e+00,  1.25112477e-01,  3.46049494e+00,
         2.18996312e-01,  6.05546637e-02, -2.24575086e+00,
         1.49294109e-01, -4.81793981e-01, -2.46869279e-01,
        -8.45854579e-02,  3.62098352e-02, -8.31084653e-02],
       [ 3.24297132e-02,  1.00204217e+00,  1.87742722e+00,
        -2.24038796e-01,  8.67769021e-02,  7.87789416e-02,
        -1.49360363e+00, -2.92576792e+00,  2.86876798e+00,
         4.03298702e-02,  1.34398966e+00, -2.11537974e+00,
        -8.52344613e-03, -4.69373917e-01, -4.79774968e-01,
         1.91738580e-01, -6.22861770e-02, -7.79527832e-02],
       [ 1.37600008e-01,  9.00323214e-02, -2.24038796e-01,
         1.30496895e-01,  1.25717002e-02,  9.30727983e-03,
         3.32565218e-01,  7.38125830e-01,  9.13023626e-02,
        -7.22164159e-02, -2.86035080e-01,  4.28631715e-02,
         4.40266163e-02, -1.33489448e-03,  9.96042457e-02,
        -2.88017970e-02,  1.41254269e-02,  1.94397934e-02],
       [-5.65760744e-02,  4.01104520e-01,  8.67769021e-02,
         1.25717002e-02,  3.57949278e-01,  7.37967437e-02,
        -3.07500008e+00,  6.13374062e-01,  1.01401389e-01,
         4.06066712e-01, -1.15433543e-01, -2.22439455e-01,
         1.41836511e-01,  5.82470186e-02,  2.21432507e-02,
        -1.80341756e-02, -1.57074470e-01, -7.94350346e-02],
       [ 5.39738744e-01, -3.54372519e-02,  7.87789416e-02,
         9.30727983e-03,  7.37967437e-02,  2.72730579e-01,
        -1.94934810e+00,  6.39062762e-02,  2.98839672e-01,
         8.48321037e-02, -5.55739164e-02,  5.50276534e-02,
        -1.05006654e-01,  3.04101968e-02,  9.27570167e-02,
        -4.59046303e-03, -9.10360913e-02, -1.54953318e-01],
       [-2.53606396e+00, -1.87395524e+00, -1.49360363e+00,
         3.32565218e-01, -3.07500008e+00, -1.94934810e+00,
         4.52613674e+01,  8.57888431e-01, -3.01613891e+00,
        -3.60185973e+00, -6.69470788e-01,  1.39912542e+00,
        -8.15121845e-01, -1.82679209e-01,  6.68323504e-06,
         1.03958276e-01,  2.78595836e+00,  1.97758767e+00],
       [-1.89970028e-01,  1.25112477e-01, -2.92576792e+00,
         7.38125830e-01,  6.13374062e-01,  6.39062762e-02,
         8.57888431e-01,  1.19729925e+01, -3.79216067e+00,
         3.58721995e-01, -3.19417562e+00,  1.96183746e+00,
         2.02273863e-01,  7.37884088e-01,  1.32914747e+00,
        -6.60007543e-01,  4.08832607e-01,  3.31617361e-01],
       [ 4.46794683e-01,  3.46049494e+00,  2.86876798e+00,
         9.13023626e-02,  1.01401389e-01,  2.98839672e-01,
        -3.01613891e+00, -3.79216067e+00,  1.29424176e+01,
         3.75758260e-02,  1.63074703e+00, -4.72650962e+00,
         5.40208968e-02, -1.62743641e+00, -8.07578813e-01,
        -6.07821287e-02, -2.70210208e-01, -1.19687402e-01],
       [-5.87950075e-01,  2.18996312e-01,  4.03298702e-02,
        -7.22164159e-02,  4.06066712e-01,  8.48321037e-02,
        -3.60185973e+00,  3.58721995e-01,  3.75758260e-02,
         1.18590763e+00, -4.36276296e-02, -9.31779661e-02,
         9.89190684e-02,  7.58800248e-02,  2.73769934e-02,
        -8.09927559e-02, -3.08353407e-01, -8.10206699e-02],
       [-4.95489540e-02,  6.05546637e-02,  1.34398966e+00,
        -2.86035080e-01, -1.15433543e-01, -5.55739164e-02,
        -6.69470788e-01, -3.19417562e+00,  1.63074703e+00,
        -4.36276296e-02,  1.79269507e+00, -1.18190091e+00,
        -3.12683776e-02, -4.06131740e-01, -5.44278466e-01,
         2.48412903e-01, -1.26534844e-01, -1.21309496e-01],
       [ 1.52560309e-01, -2.24575086e+00, -2.11537974e+00,
         4.28631715e-02, -2.22439455e-01,  5.50276534e-02,
         1.39912542e+00,  1.96183746e+00, -4.72650962e+00,
        -9.31779661e-02, -1.18190091e+00,  3.59026842e+00,
        -1.15936069e-01,  8.52173916e-01,  5.09765032e-01,
        -3.29946598e-02,  2.65115350e-02,  7.66039049e-02],
       [-3.03563463e-01,  1.49294109e-01, -8.52344613e-03,
         4.40266163e-02,  1.41836511e-01, -1.05006654e-01,
        -8.15121845e-01,  2.02273863e-01,  5.40208968e-02,
         9.89190684e-02, -3.12683776e-02, -1.15936069e-01,
         2.14915250e-01,  2.80326411e-03, -1.62876616e-02,
         1.66371406e-02, -9.63399094e-02,  8.62910156e-02],
       [-1.90172161e-02, -4.81793981e-01, -4.69373917e-01,
        -1.33489448e-03,  5.82470186e-02,  3.04101968e-02,
        -1.82679209e-01,  7.37884088e-01, -1.62743641e+00,
         7.58800248e-02, -4.06131740e-01,  8.52173916e-01,
         2.80326411e-03,  3.09284965e-01,  1.66160016e-01,
        -6.73925028e-07,  1.92799374e-02,  2.94337220e-02],
       [ 1.12585426e-01, -2.46869279e-01, -4.79774968e-01,
         9.96042457e-02,  2.21432507e-02,  9.27570167e-02,
         6.68323506e-06,  1.32914747e+00, -8.07578813e-01,
         2.73769934e-02, -5.44278466e-01,  5.09765032e-01,
        -1.62876616e-02,  1.66160016e-01,  2.63997400e-01,
        -8.75638790e-02,  1.70033210e-02,  4.50327121e-02],
       [ 1.08495679e-01, -8.45854579e-02,  1.91738580e-01,
        -2.88017970e-02, -1.80341756e-02, -4.59046303e-03,
         1.03958276e-01, -6.60007543e-01, -6.07821287e-02,
        -8.09927559e-02,  2.48412903e-01, -3.29946598e-02,
         1.66371406e-02, -6.73925028e-07, -8.75638790e-02,
         1.13342706e-01, -9.68619051e-03, -2.13438200e-02],
       [-4.20710403e-02,  3.62098352e-02, -6.22861770e-02,
         1.41254269e-02, -1.57074470e-01, -9.10360913e-02,
         2.78595836e+00,  4.08832607e-01, -2.70210208e-01,
        -3.08353407e-01, -1.26534844e-01,  2.65115350e-02,
        -9.63399094e-02,  1.92799374e-02,  1.70033210e-02,
        -9.68619051e-03,  2.66847171e-01,  9.67823650e-02],
       [-4.78000412e-01, -8.31084653e-02, -7.79527832e-02,
         1.94397934e-02, -7.94350346e-02, -1.54953318e-01,
         1.97758767e+00,  3.31617361e-01, -1.19687402e-01,
        -8.10206699e-02, -1.21309496e-01,  7.66039049e-02,
         8.62910156e-02,  2.94337220e-02,  4.50327121e-02,
        -2.13438200e-02,  9.67823650e-02,  2.44791062e-01]])
      jac: array([-3.56992214e-06,  2.43120339e-06,  2.04355051e-06,  6.41727412e-06,
        1.41483122e-05,  3.63505522e-06,  8.35072752e-07,  2.16123415e-07,
       -3.73405011e-07, -5.31593288e-06,  6.48925358e-07,  3.38155430e-06,
       -1.59944280e-05, -4.33597602e-06,  5.23655193e-08,  5.63012600e-06,
       -1.68929685e-05,  4.99378316e-06])
  message: 'Desired error not necessarily achieved due to precision loss.'
     nfev: 1722
      nit: 56
     njev: 90
   status: 2
  success: False
        x: array([ 0.13021528, -0.23098984,  0.79209307,  0.85834105, -0.40461826,
        0.02386143,  0.1162527 , -1.23580564, -0.55265731,  0.08421997,
        0.80633375,  0.86279197,  0.11628186,  0.18345015, -0.43864224,
       -0.88627059, -0.59242402,  0.02481605])
