Program Begingeth
      fun: 0.3347341750934407
 hess_inv: array([[ 9.16436466e+00,  9.65533863e-01, -3.35401512e-01,
         4.01072230e+00,  1.07603807e+00, -1.52298382e+00,
         2.89943227e+01,  1.02811884e+01, -5.51607339e+00,
         2.61287989e-01,  1.41919960e+00, -2.36021427e+00,
        -1.73624997e+00, -1.22972591e+00, -1.22707543e-01,
         1.85655432e-01, -1.23627379e+00,  4.94928776e-01],
       [ 9.65533863e-01,  2.34214789e+00,  2.22354352e-02,
         4.51176612e-01,  1.10240098e+00, -2.26179875e-01,
         2.92830264e+00,  6.70953832e-01,  1.14581402e+00,
         1.14292883e+00,  2.72633905e-01, -1.72832691e-01,
        -4.57047660e-01, -2.60136799e-02, -1.47259005e-01,
        -7.93066386e-02, -4.46400055e-02,  1.79288057e-01],
       [-3.35401512e-01,  2.22354352e-02,  1.39962654e+00,
        -5.88245704e-02, -8.41322838e-02,  7.11151076e-01,
        -2.50019706e+00, -2.82757192e+00, -1.91890297e-01,
         1.15810181e-01, -7.64591413e-02,  3.92784255e-01,
         2.11867836e-01,  2.43600172e-01,  1.57249100e-02,
        -2.43158038e-02,  1.78685059e-01, -4.31073960e-02],
       [ 4.01072230e+00,  4.51176612e-01, -5.88245704e-02,
         1.77515927e+00,  4.75042068e-01, -6.23176621e-01,
         1.25848198e+01,  4.21131309e+00, -2.37281514e+00,
         1.17958592e-01,  6.46966062e-01, -9.76429410e-01,
        -7.34221278e-01, -5.21301479e-01, -6.73386111e-02,
         8.36654235e-02, -5.24780627e-01,  2.09899461e-01],
       [ 1.07603807e+00,  1.10240098e+00, -8.41322838e-02,
         4.75042068e-01,  6.81237404e-01, -2.93537484e-01,
         6.59950888e+00,  2.44251242e+00,  4.18536747e-01,
         4.02854805e-01,  2.99109658e-01, -4.73100874e-01,
        -5.31446721e-01, -1.94540477e-01, -4.18564718e-02,
        -2.71346237e-02, -2.44470151e-01,  1.92955916e-01],
       [-1.52298382e+00, -2.26179875e-01,  7.11151076e-01,
        -6.23176621e-01, -2.93537484e-01,  6.12060951e-01,
        -7.18221162e+00, -3.44640485e+00,  6.57426963e-01,
        -4.01351173e-02, -3.05119507e-01,  6.37437462e-01,
         4.93130853e-01,  3.46348973e-01,  2.44743895e-02,
        -3.00019202e-02,  3.38644553e-01, -1.38153424e-01],
       [ 2.89943227e+01,  2.92830264e+00, -2.50019706e+00,
         1.25848198e+01,  6.59950888e+00, -7.18221162e+00,
         1.92659801e+02,  7.06064280e+01, -9.56239236e+00,
        -2.65641016e+00,  7.01661837e+00, -1.41159499e+01,
        -1.17343550e+01, -7.01423638e+00,  5.47691514e-01,
         5.20485820e-01, -8.38190824e+00,  3.95670806e+00],
       [ 1.02811884e+01,  6.70953832e-01, -2.82757192e+00,
         4.21131309e+00,  2.44251242e+00, -3.44640485e+00,
         7.06064280e+01,  3.44985291e+01, -1.54381254e+00,
        -1.11048359e+00,  2.42902178e+00, -6.91040706e+00,
        -4.38937602e+00, -2.94372775e+00,  4.86123304e-01,
         3.81971023e-01, -3.08843242e+00,  1.51222724e+00],
       [-5.51607339e+00,  1.14581402e+00, -1.91890297e-01,
        -2.37281514e+00,  4.18536747e-01,  6.57426963e-01,
        -9.56239236e+00, -1.54381254e+00,  1.20379517e+01,
        -2.84065137e-01,  1.20437021e+00, -5.28322648e-05,
         5.22726181e-01,  1.21371227e-01, -1.62829091e-01,
        -1.96867608e-01,  4.88915634e-01, -1.13043767e-01],
       [ 2.61287989e-01,  1.14292883e+00,  1.15810181e-01,
         1.17958592e-01,  4.02854805e-01, -4.01351173e-02,
        -2.65641016e+00, -1.11048359e+00, -2.84065137e-01,
         1.74112509e+00, -2.55354369e-01,  2.16765698e-01,
        -2.19815516e-01,  1.89612200e-01,  2.43812335e-03,
        -3.62980354e-02,  1.91203465e-01,  1.72176402e-01],
       [ 1.41919960e+00,  2.72633905e-01, -7.64591413e-02,
         6.46966062e-01,  2.99109658e-01, -3.05119507e-01,
         7.01661837e+00,  2.42902178e+00,  1.20437021e+00,
        -2.55354369e-01,  1.27532393e+00, -6.97424739e-01,
        -3.75487305e-01, -4.68448162e-01, -1.76467357e-01,
        -1.01987981e-02, -2.87218746e-01,  2.37685621e-02],
       [-2.36021427e+00, -1.72832691e-01,  3.92784255e-01,
        -9.76429410e-01, -4.73100874e-01,  6.37437462e-01,
        -1.41159499e+01, -6.91040706e+00, -5.28322647e-05,
         2.16765698e-01, -6.97424739e-01,  1.80976894e+00,
         8.40781524e-01,  6.78389137e-01, -1.33077822e-01,
        -1.19413932e-01,  6.40956313e-01, -2.79963738e-01],
       [-1.73624997e+00, -4.57047660e-01,  2.11867836e-01,
        -7.34221278e-01, -5.31446721e-01,  4.93130853e-01,
        -1.17343550e+01, -4.38937602e+00,  5.22726181e-01,
        -2.19815516e-01, -3.75487305e-01,  8.40781524e-01,
         8.45710063e-01,  4.06789007e-01, -3.70706175e-02,
         8.50558407e-03,  5.05639195e-01, -3.01101092e-01],
       [-1.22972591e+00, -2.60136799e-02,  2.43600172e-01,
        -5.21301479e-01, -1.94540477e-01,  3.46348973e-01,
        -7.01423638e+00, -2.94372775e+00,  1.21371227e-01,
         1.89612200e-01, -4.68448162e-01,  6.78389137e-01,
         4.06789007e-01,  3.62312140e-01,  4.62763448e-03,
        -3.24516305e-02,  3.37203126e-01, -1.08087943e-01],
       [-1.22707543e-01, -1.47259005e-01,  1.57249100e-02,
        -6.73386111e-02, -4.18564718e-02,  2.44743895e-02,
         5.47691514e-01,  4.86123304e-01, -1.62829091e-01,
         2.43812335e-03, -1.76467357e-01, -1.33077822e-01,
        -3.70706175e-02,  4.62763448e-03,  1.00842798e-01,
         2.37412338e-02, -3.10461975e-02,  5.88228214e-02],
       [ 1.85655432e-01, -7.93066386e-02, -2.43158038e-02,
         8.36654235e-02, -2.71346237e-02, -3.00019202e-02,
         5.20485820e-01,  3.81971023e-01, -1.96867608e-01,
        -3.62980354e-02, -1.01987981e-02, -1.19413932e-01,
         8.50558407e-03, -3.24516305e-02,  2.37412338e-02,
         4.81212987e-02, -2.28033845e-02,  5.29039176e-03],
       [-1.23627379e+00, -4.46400055e-02,  1.78685059e-01,
        -5.24780627e-01, -2.44470151e-01,  3.38644553e-01,
        -8.38190824e+00, -3.08843242e+00,  4.88915634e-01,
         1.91203465e-01, -2.87218746e-01,  6.40956313e-01,
         5.05639195e-01,  3.37203126e-01, -3.10461975e-02,
        -2.28033845e-02,  4.05068165e-01, -1.62708313e-01],
       [ 4.94928776e-01,  1.79288057e-01, -4.31073960e-02,
         2.09899461e-01,  1.92955916e-01, -1.38153424e-01,
         3.95670806e+00,  1.51222724e+00, -1.13043767e-01,
         1.72176402e-01,  2.37685621e-02, -2.79963738e-01,
        -3.01101092e-01, -1.08087943e-01,  5.88228214e-02,
         5.29039176e-03, -1.62708313e-01,  1.52975640e-01]])
      jac: array([ 6.55031585e-06,  1.35066032e-05,  1.37112544e-05, -1.72898732e-05,
       -3.22678921e-05, -2.52490621e-05,  1.04286949e-06, -4.93309097e-07,
        1.59279997e-06, -7.29638572e-06, -1.29674049e-06,  1.91328435e-07,
       -3.24333153e-06, -2.56757578e-06, -5.41307739e-06,  7.57727214e-06,
        2.21441384e-05,  1.24911193e-05])
  message: 'Desired error not necessarily achieved due to precision loss.'
     nfev: 2404
      nit: 83
     njev: 126
   status: 2
  success: False
        x: array([-1.73832252, -0.96716436,  0.57333325, -1.66209863, -1.00642433,
        0.27498322, -0.03509529, -1.19052436,  0.70630332,  0.13825886,
        0.42956706,  1.07369979,  0.13056856,  0.15181722, -0.2224134 ,
        1.59384526, -0.33197746,  0.03831963])
