Program Begingeth
      fun: 0.22010240878694443
 hess_inv: array([[ 4.93367862e+01,  2.46352917e+00,  2.10748766e+00,
         6.01821443e+00, -1.77476084e+00, -1.72385837e+00,
         1.52410536e+01, -1.20570805e+01, -3.14360667e+00,
        -4.11044046e+01, -2.95353456e+01,  3.52537399e+01,
        -1.61409315e+00,  3.22470110e+00, -1.01919896e+01,
         6.75442845e+00, -1.87956838e+00, -1.39069145e-01],
       [ 2.46352917e+00,  2.43166253e+00,  7.15134378e-01,
         2.87343358e-01,  2.51495960e-02, -4.26374441e-01,
        -4.67317884e-01, -3.45176818e-01, -8.40514344e-01,
        -1.92612106e+00, -3.71064210e+00,  8.22237537e-01,
        -3.06657909e-03, -2.76265222e-01, -8.67820125e-01,
         3.89815848e-01, -1.95875364e-01, -4.42578806e-02],
       [ 2.10748766e+00,  7.15134378e-01,  3.13534018e+00,
         5.76975035e-01,  9.25769436e-02,  1.28230083e-01,
         8.78122220e-01, -1.16988238e+00,  1.01030968e+00,
        -2.70128501e+00, -1.17604909e+00, -1.30597851e+00,
         4.23831305e-01, -5.62066010e-02, -1.08320404e+00,
         2.72156198e-01, -2.65419714e-01, -1.97365241e-01],
       [ 6.01821443e+00,  2.87343358e-01,  5.76975035e-01,
         9.78212413e-01, -2.86797754e-01, -2.05573508e-01,
         2.42672411e+00, -2.02159574e+00, -6.44500254e-01,
        -4.98202623e+00, -2.92450676e+00,  4.09352230e+00,
        -5.82978835e-02,  2.04704497e-01, -1.32120807e+00,
         7.44805615e-01, -2.46462209e-01, -3.63886943e-02],
       [-1.77476084e+00,  2.51495960e-02,  9.25769436e-02,
        -2.86797754e-01,  2.69453871e-01,  4.63254076e-02,
        -3.06185943e-01,  1.42006378e+00,  2.03613552e-01,
         1.36418906e+00,  8.43817854e-01, -1.50490174e+00,
         1.35029489e-02,  4.89826970e-02,  3.60015693e-01,
        -2.19394223e-01,  1.06456707e-01,  5.09215604e-02],
       [-1.72385837e+00, -4.26374441e-01,  1.28230083e-01,
        -2.05573508e-01,  4.63254076e-02,  2.08155768e-01,
        -4.50787086e-01,  2.13652595e-01,  6.97518380e-01,
         1.23713967e+00,  1.25020956e+00, -1.25417906e+00,
         1.08933434e-01, -4.61888974e-02,  3.78992030e-01,
        -2.21810900e-01,  3.13770970e-02, -1.03692470e-03],
       [ 1.52410536e+01, -4.67317884e-01,  8.78122220e-01,
         2.42672411e+00, -3.06185943e-01, -4.50787086e-01,
         9.17360552e+00, -2.39400772e+00, -1.75069969e+00,
        -1.25171607e+01, -6.20241976e+00,  1.07898480e+01,
        -4.88973438e-01,  1.15959673e+00, -2.97948240e+00,
         1.79321826e+00, -3.73795414e-01,  1.10935051e-01],
       [-1.20570805e+01, -3.45176818e-01, -1.16988238e+00,
        -2.02159574e+00,  1.42006378e+00,  2.13652595e-01,
        -2.39400772e+00,  9.56556662e+00,  4.50476237e-01,
         9.93200629e+00,  6.38862798e+00, -8.79620136e+00,
        -2.24813315e-01, -7.42683473e-03,  2.80586955e+00,
        -1.66222091e+00,  7.01410165e-01,  2.98853070e-01],
       [-3.14360667e+00, -8.40514344e-01,  1.01030968e+00,
        -6.44500254e-01,  2.03613552e-01,  6.97518380e-01,
        -1.75069969e+00,  4.50476237e-01,  4.19201492e+00,
         1.79650193e+00,  1.07479678e+00, -2.56676701e+00,
         2.77302786e-01,  2.66060595e-01,  4.84860674e-01,
        -1.44213128e-01, -1.98317600e-02, -9.48176979e-02],
       [-4.11044046e+01, -1.92612106e+00, -2.70128501e+00,
        -4.98202623e+00,  1.36418906e+00,  1.23713967e+00,
        -1.25171607e+01,  9.93200629e+00,  1.79650193e+00,
         3.50624753e+01,  2.44810636e+01, -2.84725607e+01,
         1.22247945e+00, -2.74676835e+00,  8.54836663e+00,
        -5.57764275e+00,  1.66256189e+00,  1.22906325e-01],
       [-2.95353456e+01, -3.71064210e+00, -1.17604909e+00,
        -2.92450676e+00,  8.43817854e-01,  1.25020956e+00,
        -6.20241976e+00,  6.38862798e+00,  1.07479678e+00,
         2.44810636e+01,  2.27962400e+01, -2.11829976e+01,
         1.06905047e+00, -2.18919917e+00,  6.36420840e+00,
        -4.60458010e+00,  1.27476199e+00,  1.01945073e-01],
       [ 3.52537399e+01,  8.22237537e-01, -1.30597851e+00,
         4.09352230e+00, -1.50490174e+00, -1.25417906e+00,
         1.07898480e+01, -8.79620136e+00, -2.56676701e+00,
        -2.84725607e+01, -2.11829976e+01,  2.85650733e+01,
        -1.41610231e+00,  2.57543506e+00, -6.71709073e+00,
         5.00913259e+00, -1.22238448e+00,  1.14794421e-01],
       [-1.61409315e+00, -3.06657909e-03,  4.23831305e-01,
        -5.82978835e-02,  1.35029489e-02,  1.08933434e-01,
        -4.88973438e-01, -2.24813315e-01,  2.77302786e-01,
         1.22247945e+00,  1.06905047e+00, -1.41610231e+00,
         2.36510278e-01, -2.04556531e-01,  2.05362007e-01,
        -1.91227547e-01,  2.66975106e-03, -2.76633111e-02],
       [ 3.22470110e+00, -2.76265222e-01, -5.62066010e-02,
         2.04704497e-01,  4.89826970e-02, -4.61888974e-02,
         1.15959673e+00, -7.42683473e-03,  2.66060595e-01,
        -2.74676835e+00, -2.18919917e+00,  2.57543506e+00,
        -2.04556531e-01,  6.14343895e-01, -5.72977079e-01,
         5.60642242e-01, -4.47090660e-02,  4.72415603e-02],
       [-1.01919896e+01, -8.67820125e-01, -1.08320404e+00,
        -1.32120807e+00,  3.60015693e-01,  3.78992030e-01,
        -2.97948240e+00,  2.80586955e+00,  4.84860674e-01,
         8.54836663e+00,  6.36420840e+00, -6.71709073e+00,
         2.05362007e-01, -5.72977079e-01,  2.33615576e+00,
        -1.43536342e+00,  4.30672375e-01,  1.06776765e-01],
       [ 6.75442845e+00,  3.89815848e-01,  2.72156198e-01,
         7.44805615e-01, -2.19394223e-01, -2.21810900e-01,
         1.79321826e+00, -1.66222091e+00, -1.44213128e-01,
        -5.57764275e+00, -4.60458010e+00,  5.00913259e+00,
        -1.91227547e-01,  5.60642242e-01, -1.43536342e+00,
         1.06477286e+00, -2.67247692e-01, -2.09372159e-02],
       [-1.87956838e+00, -1.95875364e-01, -2.65419714e-01,
        -2.46462209e-01,  1.06456707e-01,  3.13770970e-02,
        -3.73795414e-01,  7.01410165e-01, -1.98317600e-02,
         1.66256189e+00,  1.27476199e+00, -1.22238448e+00,
         2.66975106e-03, -4.47090660e-02,  4.30672375e-01,
        -2.67247692e-01,  1.38995915e-01,  2.92648955e-02],
       [-1.39069145e-01, -4.42578806e-02, -1.97365241e-01,
        -3.63886943e-02,  5.09215604e-02, -1.03692470e-03,
         1.10935051e-01,  2.98853070e-01, -9.48176979e-02,
         1.22906325e-01,  1.01945073e-01,  1.14794421e-01,
        -2.76633111e-02,  4.72415603e-02,  1.06776765e-01,
        -2.09372159e-02,  2.92648955e-02,  6.58506461e-02]])
      jac: array([-6.87265060e-06, -3.83798548e-05,  3.52699351e-06,  8.89186872e-05,
        2.92758410e-05, -9.45684272e-05, -5.41196717e-06, -4.82151356e-06,
        4.45476989e-06,  1.43585144e-05, -1.17713247e-05, -1.82785268e-05,
       -9.66756305e-05, -2.61253981e-05,  2.66305496e-05,  9.88759075e-05,
       -7.02293779e-05,  5.78598280e-05])
  message: 'Maximum number of iterations has been exceeded.'
     nfev: 2204
      nit: 100
     njev: 116
   status: 1
  success: False
        x: array([-0.3115145 , -0.130828  ,  0.42072703,  0.2177506 , -0.99045299,
       -0.36485095,  0.95789181, -1.71865263, -0.38445659, -0.80431663,
        0.23567517,  0.09804649,  0.51025881, -0.02720818,  0.10364571,
        0.07709791,  1.16495864, -0.47334769])
