Program Begingeth
      fun: 0.22249933948912928
 hess_inv: array([[ 1.06877750e+00, -4.76719672e-02,  3.30364678e-02,
         2.83953601e-02,  2.11179740e-01,  5.06623279e-01,
        -2.72722014e-01, -3.68391755e-01,  1.45336262e+00,
         2.74088633e-01,  8.90618076e-01,  8.47364643e-01,
        -4.50483081e-01,  2.45410310e-02,  3.46116325e-02,
         5.71243028e-03, -4.39671904e-02, -2.35934220e-01],
       [-4.76719672e-02,  3.31676747e-01, -4.50371041e-02,
        -1.91806646e-02, -1.54185499e-03, -3.34289766e-01,
         2.63509391e-01,  3.38713888e-01, -1.12088018e+00,
        -1.22286264e-01, -1.79768196e-01, -6.06760583e-01,
         2.43109089e-02, -9.89600211e-02, -1.53536478e-01,
         1.96979656e-02,  3.35410594e-02, -7.37023531e-02],
       [ 3.30364678e-02, -4.50371041e-02,  2.12253161e-01,
         4.07653666e-02,  1.37247982e-01,  1.73862587e-01,
        -1.06271127e-01,  1.41051205e-01,  7.02937317e-01,
         2.24396417e-01,  3.65521093e-01,  3.60610733e-01,
         7.50232017e-03,  7.91900517e-02, -2.45697139e-02,
         3.31031077e-02,  2.16298517e-02,  2.58310796e-02],
       [ 2.83953601e-02, -1.91806646e-02,  4.07653666e-02,
         3.24294839e-01,  9.04006268e-02,  2.26665753e-01,
         9.05364933e-02, -1.83776539e-01,  1.33482826e+00,
         9.99285115e-01,  2.91156133e-01,  5.61130090e-01,
         1.23572634e-01,  9.82011604e-03, -1.27601000e-03,
         6.07211407e-02, -5.11731495e-02,  8.04618672e-03],
       [ 2.11179740e-01, -1.54185499e-03,  1.37247982e-01,
         9.04006268e-02,  2.48587414e-01,  2.81930836e-01,
        -2.25573388e-01,  1.98280394e-01,  1.34187292e+00,
         4.70205553e-01,  7.38523885e-01,  5.16364405e-01,
        -6.65405096e-02,  7.49056496e-02, -4.64716483e-03,
         2.87732107e-02,  8.96381985e-03, -3.14623520e-02],
       [ 5.06623279e-01, -3.34289766e-01,  1.73862587e-01,
         2.26665753e-01,  2.81930836e-01,  1.11790159e+00,
        -1.34749100e+00, -8.91221692e-01,  4.52389333e+00,
         1.27084534e+00,  1.40886276e+00,  2.28104775e+00,
        -1.77757782e-01,  1.17298555e-01,  2.04982300e-01,
        -4.33871400e-03, -6.92668434e-02, -2.58551041e-02],
       [-2.72722014e-01,  2.63509391e-01, -1.06271127e-01,
         9.05364933e-02, -2.25573388e-01, -1.34749100e+00,
         4.19367349e+00,  9.36300706e-01, -5.78595746e+00,
        -1.30835289e+00, -1.60466167e+00, -3.07197489e+00,
         2.89915450e-01, -1.35587808e-02, -1.79357899e-01,
         1.17830841e-01,  3.60246295e-02,  5.47219880e-02],
       [-3.68391755e-01,  3.38713888e-01,  1.41051205e-01,
        -1.83776539e-01,  1.98280394e-01, -8.91221692e-01,
         9.36300706e-01,  2.80297887e+00, -3.10163157e+00,
        -7.10163250e-01, -5.08989209e-01, -1.90393079e+00,
         9.31948521e-02,  6.25578233e-02, -3.14583982e-01,
         4.23567837e-02,  1.24505724e-01, -7.79934129e-03],
       [ 1.45336262e+00, -1.12088018e+00,  7.02937317e-01,
         1.33482826e+00,  1.34187292e+00,  4.52389333e+00,
        -5.78595746e+00, -3.10163157e+00,  2.06928547e+01,
         6.80968628e+00,  6.08149966e+00,  9.27402897e+00,
        -3.69693601e-01,  4.84607521e-01,  7.07475332e-01,
         3.67808793e-02, -2.43164933e-01, -4.00067712e-02],
       [ 2.74088633e-01, -1.22286264e-01,  2.24396417e-01,
         9.99285115e-01,  4.70205553e-01,  1.27084534e+00,
        -1.30835289e+00, -7.10163250e-01,  6.80968628e+00,
         3.85005221e+00,  1.76352655e+00,  2.95794601e+00,
         2.04878735e-01,  7.61698689e-02,  3.32984441e-02,
         1.31993663e-01, -1.38696799e-01, -2.40181409e-02],
       [ 8.90618076e-01, -1.79768196e-01,  3.65521093e-01,
         2.91156133e-01,  7.38523885e-01,  1.40886276e+00,
        -1.60466167e+00, -5.08989209e-01,  6.08149966e+00,
         1.76352655e+00,  2.81733578e+00,  2.71537371e+00,
        -3.40169275e-01,  1.91018554e-01,  1.52096810e-01,
         3.25348238e-02, -3.48657515e-02, -1.12659447e-01],
       [ 8.47364643e-01, -6.06760583e-01,  3.60610733e-01,
         5.61130090e-01,  5.16364405e-01,  2.28104775e+00,
        -3.07197489e+00, -1.90393079e+00,  9.27402897e+00,
         2.95794601e+00,  2.71537371e+00,  4.98135349e+00,
        -2.28480284e-01,  1.69372127e-01,  3.44293897e-01,
         1.63046705e-02, -1.70906175e-01, -4.89238207e-02],
       [-4.50483081e-01,  2.43109089e-02,  7.50232017e-03,
         1.23572634e-01, -6.65405096e-02, -1.77757782e-01,
         2.89915450e-01,  9.31948521e-02, -3.69693601e-01,
         2.04878735e-01, -3.40169275e-01, -2.28480284e-01,
         2.76698679e-01, -1.28858856e-02, -2.77359327e-02,
         4.78867506e-02, -8.94855005e-03,  1.06869101e-01],
       [ 2.45410310e-02, -9.89600211e-02,  7.91900517e-02,
         9.82011604e-03,  7.49056496e-02,  1.17298555e-01,
        -1.35587808e-02,  6.25578233e-02,  4.84607521e-01,
         7.61698689e-02,  1.91018554e-01,  1.69372127e-01,
        -1.28858856e-02,  8.57188200e-02,  3.21382612e-02,
         5.01753267e-03,  2.30520144e-02,  2.75206298e-02],
       [ 3.46116325e-02, -1.53536478e-01, -2.45697139e-02,
        -1.27601000e-03, -4.64716483e-03,  2.04982300e-01,
        -1.79357899e-01, -3.14583982e-01,  7.07475332e-01,
         3.32984441e-02,  1.52096810e-01,  3.44293897e-01,
        -2.77359327e-02,  3.21382612e-02,  1.21448027e-01,
        -2.37878393e-02, -2.13656696e-02,  4.48999036e-02],
       [ 5.71243028e-03,  1.96979656e-02,  3.31031077e-02,
         6.07211407e-02,  2.87732107e-02, -4.33871400e-03,
         1.17830841e-01,  4.23567837e-02,  3.67808793e-02,
         1.31993663e-01,  3.25348238e-02,  1.63046705e-02,
         4.78867506e-02,  5.01753267e-03, -2.37878393e-02,
         4.10033995e-02, -6.79442855e-03,  4.75339971e-04],
       [-4.39671904e-02,  3.35410594e-02,  2.16298517e-02,
        -5.11731495e-02,  8.96381985e-03, -6.92668434e-02,
         3.60246295e-02,  1.24505724e-01, -2.43164933e-01,
        -1.38696799e-01, -3.48657515e-02, -1.70906175e-01,
        -8.94855005e-03,  2.30520144e-02, -2.13656696e-02,
        -6.79442855e-03,  4.15739186e-02,  2.79345066e-03],
       [-2.35934220e-01, -7.37023531e-02,  2.58310796e-02,
         8.04618672e-03, -3.14623520e-02, -2.58551041e-02,
         5.47219880e-02, -7.79934129e-03, -4.00067712e-02,
        -2.40181409e-02, -1.12659447e-01, -4.89238207e-02,
         1.06869101e-01,  2.75206298e-02,  4.48999036e-02,
         4.75339971e-04,  2.79345066e-03,  9.63637850e-02]])
      jac: array([-4.99896421e-06,  2.40494661e-05, -1.05452684e-06, -1.57281595e-06,
       -1.18327940e-04, -1.49980028e-05,  3.78863607e-06,  1.65600866e-05,
       -6.17284002e-07,  3.71702669e-06,  3.39223094e-05,  9.54736290e-06,
       -1.48910514e-05,  2.31420438e-05,  3.75501482e-05,  3.21614957e-05,
        6.28867329e-06,  1.10670732e-06])
  message: 'Desired error not necessarily achieved due to precision loss.'
     nfev: 2804
      nit: 96
     njev: 147
   status: 2
  success: False
        x: array([ 0.0661551 ,  0.28755694,  0.75494969,  1.68892851, -0.61568264,
       -0.10118734,  2.56078354, -0.31188039,  0.50436917,  2.09003322,
       -0.59922162, -0.6138454 ,  0.13953071,  0.18106953, -0.27506203,
       -1.2631258 , -0.27410609,  0.05005742])
