Program Begingeth
      fun: 0.2603808579712004
 hess_inv: array([[ 4.48920113e+00, -1.97251710e+00, -7.66262080e-01,
         1.41222782e+00, -7.91328572e-01,  8.12441091e-01,
         3.14587770e+00,  2.48702548e+00,  1.59593229e+00,
        -3.97652124e-01, -1.09203063e+00,  1.19911415e+00,
        -7.77907649e-01,  4.98793210e-01,  5.55318223e-01,
        -2.54900368e-01,  5.49684167e-01, -2.66977979e-01],
       [-1.97251710e+00,  3.29096936e+00,  1.38997132e+00,
        -6.02128681e-01,  1.24279962e+00, -3.49196557e-02,
        -3.82696755e+00, -1.79543766e-01,  2.70647420e+00,
        -1.36538213e-01,  5.77935113e-01, -1.64455504e+00,
         5.70700137e-01, -4.80257626e-01, -3.66271631e-01,
         8.08981398e-02, -3.22602262e-01,  8.87821043e-02],
       [-7.66262080e-01,  1.38997132e+00,  2.65729638e+00,
        -6.50125990e-01,  4.72978235e-01,  7.37060982e-01,
        -4.89876859e+00, -2.91723413e+00,  3.37483144e+00,
         1.53037788e-02,  1.25790544e+00, -1.06625690e+00,
         1.58228265e-01, -2.76755284e-01, -4.70994435e-01,
         2.20804591e-01, -1.23552700e-01, -1.49580308e-01],
       [ 1.41222782e+00, -6.02128681e-01, -6.50125990e-01,
         5.79622292e-01, -2.53296563e-01,  9.58862027e-02,
         2.13567746e+00,  1.34157882e+00,  1.44655026e-01,
        -1.83449250e-01, -5.47775549e-01,  3.88513093e-01,
        -2.01775227e-01,  1.46571764e-01,  2.59386112e-01,
        -1.15920546e-01,  1.64287455e-01, -1.08472031e-02],
       [-7.91328572e-01,  1.24279962e+00,  4.72978235e-01,
        -2.53296563e-01,  5.99969231e-01, -2.39760831e-03,
        -2.26378380e+00,  7.14079505e-01,  6.79149842e-01,
         6.13676171e-02,  1.23052835e-01, -5.21582030e-01,
         2.67090549e-01, -1.16669855e-01, -9.73190645e-02,
         6.80136838e-02, -1.67477219e-01,  4.23614523e-02],
       [ 8.12441091e-01, -3.49196557e-02,  7.37060982e-01,
         9.58862027e-02, -2.39760831e-03,  5.27951429e-01,
        -1.38303281e+00, -8.78676014e-02,  1.78795285e+00,
         4.08561080e-02,  9.13663325e-02, -4.00143082e-02,
        -1.64718494e-01,  3.99397842e-02,  1.68877474e-02,
        -8.53175692e-03,  5.89654412e-02, -1.21659964e-01],
       [ 3.14587770e+00, -3.82696755e+00, -4.89876859e+00,
         2.13567746e+00, -2.26378380e+00, -1.38303281e+00,
         2.23417392e+01,  1.60694878e+00, -5.47496544e+00,
        -1.17145714e+00, -1.96979724e+00,  1.80178064e+00,
        -9.39253646e-01,  4.83541268e-01,  9.54408511e-01,
        -6.92267914e-01,  1.13988892e+00,  4.67500059e-01],
       [ 2.48702548e+00, -1.79543766e-01, -2.91723413e+00,
         1.34157882e+00,  7.14079505e-01, -8.78676014e-02,
         1.60694878e+00,  1.27722679e+01, -1.90937183e+00,
         2.13454342e-01, -2.56198031e+00,  9.03579400e-01,
        -1.96235047e-01,  5.96543064e-01,  1.22503068e+00,
        -4.76353887e-01,  1.48396549e-01,  2.37352121e-01],
       [ 1.59593229e+00,  2.70647420e+00,  3.37483144e+00,
         1.44655026e-01,  6.79149842e-01,  1.78795285e+00,
        -5.47496544e+00, -1.90937183e+00,  1.23237426e+01,
        -2.60096829e-01,  1.11297627e+00, -1.64195501e+00,
        -1.77278313e-01, -6.67497144e-01, -3.63083345e-01,
        -1.22433929e-01, -1.31523728e-01, -3.61233210e-01],
       [-3.97652124e-01, -1.36538213e-01,  1.53037788e-02,
        -1.83449250e-01,  6.13676171e-02,  4.08561080e-02,
        -1.17145714e+00,  2.13454342e-01, -2.60096829e-01,
         7.49646267e-01,  1.55470693e-01,  3.39903823e-02,
        -7.35305010e-02, -3.73876894e-02, -6.79600052e-02,
         3.83125725e-02, -1.50550614e-01, -1.55796460e-01],
       [-1.09203063e+00,  5.77935113e-01,  1.25790544e+00,
        -5.47775549e-01,  1.23052835e-01,  9.13663325e-02,
        -1.96979724e+00, -2.56198031e+00,  1.11297627e+00,
         1.55470693e-01,  1.31034047e+00, -6.18318525e-01,
         1.38997038e-01, -3.25450291e-01, -4.76402447e-01,
         1.80682804e-01, -1.28103122e-01, -1.52112889e-01],
       [ 1.19911415e+00, -1.64455504e+00, -1.06625690e+00,
         3.88513093e-01, -5.21582030e-01, -4.00143082e-02,
         1.80178064e+00,  9.03579400e-01, -1.64195501e+00,
         3.39903823e-02, -6.18318525e-01,  1.24502442e+00,
        -2.51982930e-01,  3.85982120e-01,  2.28802150e-01,
        -1.31702163e-02,  2.06286188e-01, -1.65134314e-02],
       [-7.77907649e-01,  5.70700137e-01,  1.58228265e-01,
        -2.01775227e-01,  2.67090549e-01, -1.64718494e-01,
        -9.39253646e-01, -1.96235047e-01, -1.77278313e-01,
        -7.35305010e-02,  1.38997038e-01, -2.51982930e-01,
         2.80697836e-01, -9.70063479e-02, -8.84415231e-02,
         1.08596095e-01, -1.50126177e-01,  9.96477263e-02],
       [ 4.98793210e-01, -4.80257626e-01, -2.76755284e-01,
         1.46571764e-01, -1.16669855e-01,  3.99397842e-02,
         4.83541268e-01,  5.96543064e-01, -6.67497144e-01,
        -3.73876894e-02, -3.25450291e-01,  3.85982120e-01,
        -9.70063479e-02,  2.03257876e-01,  1.25455671e-01,
        -1.52459884e-02,  1.22472518e-01,  1.55460127e-02],
       [ 5.55318223e-01, -3.66271631e-01, -4.70994435e-01,
         2.59386112e-01, -9.73190645e-02,  1.68877474e-02,
         9.54408511e-01,  1.22503068e+00, -3.63083345e-01,
        -6.79600052e-02, -4.76402447e-01,  2.28802150e-01,
        -8.84415231e-02,  1.25455671e-01,  2.40099177e-01,
        -9.13198132e-02,  6.49931365e-02,  7.54854982e-02],
       [-2.54900368e-01,  8.08981398e-02,  2.20804591e-01,
        -1.15920546e-01,  6.80136838e-02, -8.53175692e-03,
        -6.92267914e-01, -4.76353887e-01, -1.22433929e-01,
         3.83125725e-02,  1.80682804e-01, -1.31702163e-02,
         1.08596095e-01, -1.52459884e-02, -9.13198132e-02,
         1.13328346e-01, -5.70223859e-02, -4.92867243e-03],
       [ 5.49684167e-01, -3.22602262e-01, -1.23552700e-01,
         1.64287455e-01, -1.67477219e-01,  5.89654412e-02,
         1.13988892e+00,  1.48396549e-01, -1.31523728e-01,
        -1.50550614e-01, -1.28103122e-01,  2.06286188e-01,
        -1.50126177e-01,  1.22472518e-01,  6.49931365e-02,
        -5.70223859e-02,  1.92239848e-01, -1.03547926e-02],
       [-2.66977979e-01,  8.87821043e-02, -1.49580308e-01,
        -1.08472031e-02,  4.23614523e-02, -1.21659964e-01,
         4.67500059e-01,  2.37352121e-01, -3.61233210e-01,
        -1.55796460e-01, -1.52112889e-01, -1.65134314e-02,
         9.96477263e-02,  1.55460127e-02,  7.54854982e-02,
        -4.92867243e-03, -1.03547926e-02,  1.48705504e-01]])
      jac: array([-4.57041812e-07,  8.91879163e-07,  2.76445533e-06,  8.27116153e-07,
       -2.07537691e-06, -6.82269056e-06, -1.14723046e-08,  1.93918955e-07,
        4.98120064e-07, -4.92568949e-07,  3.78586051e-07,  1.25566224e-06,
       -2.40030218e-06,  2.76704585e-06,  6.28645284e-06,  1.58206781e-06,
       -2.39808173e-06, -4.08525066e-06])
  message: 'Optimization terminated successfully.'
     nfev: 1425
      nit: 65
     njev: 75
   status: 0
  success: True
        x: array([ 0.63817999, -0.74272322,  0.64071316,  0.995426  , -0.88138317,
        0.1205945 ,  0.59485757, -1.56975186, -0.54689968,  0.0115065 ,
        0.67927878,  1.12345622,  0.03176073,  0.15471544, -0.37486469,
       -0.97018015, -0.43790298, -0.025914  ])
