Program Begingeth
      fun: 0.3343894326737948
 hess_inv: array([[ 6.73615474e+00, -1.78206301e+00, -2.65760954e+00,
         2.42765435e+00, -6.20959561e-01, -2.62065606e+00,
        -2.69056976e+00, -1.39431177e+00, -1.33169964e+01,
        -3.63967053e-01,  1.40650633e+00,  4.73511914e-01,
        -4.30711511e-01, -2.74166714e-01, -6.83558597e-01,
        -4.16605837e-01, -2.54676024e-01,  1.48680712e-02],
       [-1.78206301e+00,  6.29540369e+00,  2.05183636e+00,
        -6.71571862e-01,  2.73825045e+00,  1.23029623e+00,
         5.03953245e+00,  2.51714049e+00,  1.06023240e+01,
         1.00571204e+00,  1.55120403e-01, -1.38669943e+00,
        -4.98016291e-01, -2.83431320e-01,  1.71945530e-02,
         2.09879349e-03, -2.43027074e-01,  9.59414696e-02],
       [-2.65760954e+00,  2.05183636e+00,  3.07405937e+00,
        -6.92553819e-01,  7.67811476e-01,  1.96419024e+00,
         3.72348946e+00, -8.04211492e-01,  8.54275449e+00,
         1.37980833e-01,  8.83158720e-02, -5.33811467e-01,
         2.23741592e-01,  5.30399293e-02,  1.38878077e-01,
         1.20267595e-01,  1.46940841e-01, -9.10392644e-02],
       [ 2.42765435e+00, -6.71571862e-01, -6.92553819e-01,
         9.54420903e-01, -2.43622087e-01, -8.16511606e-01,
        -4.47484284e-01, -8.21585888e-01, -4.56841006e+00,
        -1.82024349e-01,  5.92327270e-01,  2.13404096e-01,
        -1.00777464e-01, -8.20175624e-02, -2.81689070e-01,
        -1.48563503e-01, -6.13811320e-02, -3.24663191e-02],
       [-6.20959561e-01,  2.73825045e+00,  7.67811476e-01,
        -2.43622087e-01,  1.27685427e+00,  4.61010719e-01,
         2.54757110e+00,  1.70595778e+00,  4.18997864e+00,
         3.77930496e-01,  3.08637122e-02, -5.39115792e-01,
        -2.72968565e-01, -9.77259651e-02,  8.86825514e-03,
        -3.97580961e-02, -1.41840026e-01,  5.31217763e-02],
       [-2.62065606e+00,  1.23029623e+00,  1.96419024e+00,
        -8.16511606e-01,  4.61010719e-01,  1.49775412e+00,
         2.40309068e+00,  5.29422669e-02,  6.89628226e+00,
         3.83807079e-02, -3.27150164e-01, -3.11670524e-01,
         2.22208544e-01,  9.18384866e-02,  2.39262487e-01,
         1.57976002e-01,  1.05524606e-01, -3.89071511e-02],
       [-2.69056976e+00,  5.03953245e+00,  3.72348946e+00,
        -4.47484284e-01,  2.54757110e+00,  2.40309068e+00,
         1.24079889e+01,  3.16309515e+00,  1.24686162e+01,
         1.18477565e-01, -2.09666872e-03, -5.87938979e-01,
        -2.71894199e-01, -1.35379779e-02,  2.98100763e-02,
        -9.99913994e-02, -3.39944059e-01, -1.26777391e-01],
       [-1.39431177e+00,  2.51714049e+00, -8.04211492e-01,
        -8.21585888e-01,  1.70595778e+00,  5.29422669e-02,
         3.16309515e+00,  8.24183169e+00,  3.27715349e+00,
         1.47185512e-01, -1.05049804e+00, -4.15044912e-01,
        -4.95153287e-01,  7.79421551e-02,  4.38352026e-01,
        -4.78360047e-03, -3.44487753e-01,  2.52748204e-01],
       [-1.33169964e+01,  1.06023240e+01,  8.54275449e+00,
        -4.56841006e+00,  4.18997864e+00,  6.89628226e+00,
         1.24686162e+01,  3.27715349e+00,  4.00678669e+01,
         1.28404303e+00, -1.57766354e+00, -2.49690566e+00,
         4.39068730e-01, -6.43226171e-02,  1.11424821e+00,
         8.02304283e-01,  8.48701098e-02,  2.28743140e-03],
       [-3.63967053e-01,  1.00571204e+00,  1.37980833e-01,
        -1.82024349e-01,  3.77930496e-01,  3.83807079e-02,
         1.18477565e-01,  1.47185512e-01,  1.28404303e+00,
         9.16624849e-01, -9.83748627e-02, -2.43603888e-01,
        -2.35266098e-01, -1.06805748e-02,  8.65254598e-02,
         9.61582502e-03,  2.73651098e-02,  1.99428414e-01],
       [ 1.40650633e+00,  1.55120403e-01,  8.83158720e-02,
         5.92327270e-01,  3.08637122e-02, -3.27150164e-01,
        -2.09666872e-03, -1.05049804e+00, -1.57766354e+00,
        -9.83748627e-02,  1.04976202e+00, -9.36994584e-02,
        -5.54009461e-02, -2.13437407e-01, -3.33895358e-01,
        -1.15052792e-01, -2.93433932e-02, -1.44687648e-01],
       [ 4.73511914e-01, -1.38669943e+00, -5.33811467e-01,
         2.13404096e-01, -5.39115792e-01, -3.11670524e-01,
        -5.87938979e-01, -4.15044912e-01, -2.49690566e+00,
        -2.43603888e-01, -9.36994584e-02,  6.55139298e-01,
         5.73544551e-02,  1.30527166e-01, -7.33239618e-02,
        -7.39744820e-02,  5.88265976e-02, -2.03544482e-02],
       [-4.30711511e-01, -4.98016291e-01,  2.23741592e-01,
        -1.00777464e-01, -2.72968565e-01,  2.22208544e-01,
        -2.71894199e-01, -4.95153287e-01,  4.39068730e-01,
        -2.35266098e-01, -5.54009461e-02,  5.73544551e-02,
         2.17104494e-01,  4.51007225e-02,  3.17478792e-02,
         9.31225689e-02,  8.87158160e-02, -7.52838983e-02],
       [-2.74166714e-01, -2.83431320e-01,  5.30399293e-02,
        -8.20175624e-02, -9.77259651e-02,  9.18384866e-02,
        -1.35379779e-02,  7.79421551e-02, -6.43226171e-02,
        -1.06805748e-02, -2.13437407e-01,  1.30527166e-01,
         4.51007225e-02,  1.16160843e-01,  5.99659360e-02,
         1.24375594e-02,  7.26461777e-02,  2.23781114e-02],
       [-6.83558597e-01,  1.71945530e-02,  1.38878077e-01,
        -2.81689070e-01,  8.86825514e-03,  2.39262487e-01,
         2.98100763e-02,  4.38352026e-01,  1.11424821e+00,
         8.65254598e-02, -3.33895358e-01, -7.33239618e-02,
         3.17478792e-02,  5.99659360e-02,  1.79930615e-01,
         6.78913749e-02,  1.88411162e-02,  8.39056971e-02],
       [-4.16605837e-01,  2.09879349e-03,  1.20267595e-01,
        -1.48563503e-01, -3.97580961e-02,  1.57976002e-01,
        -9.99913994e-02, -4.78360047e-03,  8.02304283e-01,
         9.61582502e-03, -1.15052792e-01, -7.39744820e-02,
         9.31225689e-02,  1.24375594e-02,  6.78913749e-02,
         9.08369014e-02,  3.66615604e-02, -7.13821131e-04],
       [-2.54676024e-01, -2.43027074e-01,  1.46940841e-01,
        -6.13811320e-02, -1.41840026e-01,  1.05524606e-01,
        -3.39944059e-01, -3.44487753e-01,  8.48701098e-02,
         2.73651098e-02, -2.93433932e-02,  5.88265976e-02,
         8.87158160e-02,  7.26461777e-02,  1.88411162e-02,
         3.66615604e-02,  1.16242261e-01, -7.81040021e-03],
       [ 1.48680712e-02,  9.59414696e-02, -9.10392644e-02,
        -3.24663191e-02,  5.31217763e-02, -3.89071511e-02,
        -1.26777391e-01,  2.52748204e-01,  2.28743140e-03,
         1.99428414e-01, -1.44687648e-01, -2.03544482e-02,
        -7.52838983e-02,  2.23781114e-02,  8.39056971e-02,
        -7.13821131e-04, -7.81040021e-03,  1.14832114e-01]])
      jac: array([-6.66688926e-06, -1.22761061e-05,  6.12843110e-07,  1.63332311e-05,
        2.73755093e-05,  8.92989386e-07, -1.12169533e-06, -1.55616261e-06,
        3.63042929e-07, -6.84267458e-07, -7.93513403e-06, -2.26411482e-06,
       -6.18246195e-06, -2.94619884e-05, -8.14607641e-06, -1.81780517e-06,
        1.50894112e-05,  6.35861734e-06])
  message: 'Desired error not necessarily achieved due to precision loss.'
     nfev: 2273
      nit: 63
     njev: 119
   status: 2
  success: False
        x: array([-0.89585574, -1.35581868,  0.63588958, -1.083705  , -1.36160099,
        0.20922925, -0.58882966, -2.1712308 , -0.31965506,  0.04373756,
        0.50915627,  1.18405662,  0.13539838,  0.06888234, -0.31628939,
        1.28449756, -0.44266958, -0.0290783 ])
