Program Begingeth
      fun: 0.29212654674819655
 hess_inv: array([[ 7.70280845e+00,  2.65009293e+00, -9.02252294e+00,
         1.18079001e+00,  1.51423122e+00, -4.45982986e+00,
        -9.59168717e+00,  2.58762431e+00, -8.06524968e+00,
        -5.78092663e-03, -1.13594110e+00,  3.07938651e-01,
        -1.54773438e+00, -3.11655625e-01,  8.89842165e-03,
        -2.22809579e-01, -1.10899679e+00,  2.92038979e-01],
       [ 2.65009293e+00,  3.81118619e+00, -4.85704210e+00,
        -8.70494933e-02,  1.81964489e+00, -2.23643789e+00,
        -6.65839607e+00,  4.49466881e+00, -2.92512781e+00,
         1.35627600e-01, -9.10892694e-01, -5.13573588e-01,
        -7.56876982e-01, -2.35315288e-01,  2.42608123e-01,
         2.29424950e-02, -4.93080118e-01,  1.84247741e-01],
       [-9.02252294e+00, -4.85704210e+00,  8.82661991e+01,
         9.69175287e+00, -4.52113048e+00,  3.72951026e+01,
         1.18910541e+02, -3.89035153e+01,  5.48522910e+01,
        -2.78065291e-01,  1.62134657e+01, -4.96258250e+00,
         4.86799574e+00, -4.08812555e-03, -3.00129039e+00,
        -7.35534542e-01,  4.77547950e+00, -1.00886765e+00],
       [ 1.18079001e+00, -8.70494933e-02,  9.69175287e+00,
         1.83910259e+00, -2.50076083e-01,  3.90615557e+00,
         1.44342128e+01, -4.84325038e+00,  5.08076297e+00,
        -6.64486097e-02,  1.89907719e+00, -5.03553986e-01,
         2.46638840e-01, -4.54223487e-02, -4.26264348e-01,
        -1.72524846e-01,  3.60344785e-01, -6.01340010e-02],
       [ 1.51423122e+00,  1.81964489e+00, -4.52113048e+00,
        -2.50076083e-01,  9.73112460e-01, -1.98303902e+00,
        -5.89097724e+00,  3.32235187e+00, -2.90544214e+00,
         1.25437455e-02, -8.67019669e-01, -4.55013802e-02,
        -4.77322485e-01, -7.17431575e-02,  2.01379957e-01,
         9.74356914e-03, -3.44054405e-01,  1.17152282e-01],
       [-4.45982986e+00, -2.23643789e+00,  3.72951026e+01,
         3.90615557e+00, -1.98303902e+00,  1.58847192e+01,
         5.02762327e+01, -1.60439622e+01,  2.36358060e+01,
        -2.12150109e-01,  6.68277714e+00, -2.05767347e+00,
         2.18843866e+00,  5.12111489e-02, -1.19501613e+00,
        -2.67795281e-01,  2.07182315e+00, -4.42934402e-01],
       [-9.59168717e+00, -6.65839607e+00,  1.18910541e+02,
         1.44342128e+01, -5.89097724e+00,  5.02762327e+01,
         1.67014580e+02, -5.23557893e+01,  7.23907249e+01,
        -5.93478333e-01,  2.12710545e+01, -6.12694436e+00,
         6.32709163e+00,  2.87562298e-01, -3.98703690e+00,
        -1.15733760e+00,  6.32882276e+00, -1.30364108e+00],
       [ 2.58762431e+00,  4.49466881e+00, -3.89035153e+01,
        -4.84325038e+00,  3.32235187e+00, -1.60439622e+01,
        -5.23557893e+01,  2.40182306e+01, -2.32242901e+01,
        -3.56100110e-01, -7.72024603e+00,  1.61294882e+00,
        -1.93154458e+00,  8.91634949e-02,  1.82365398e+00,
         4.65775113e-01, -1.98555874e+00,  5.05996554e-01],
       [-8.06524968e+00, -2.92512781e+00,  5.48522910e+01,
         5.08076297e+00, -2.90544214e+00,  2.36358060e+01,
         7.23907249e+01, -2.32242901e+01,  3.80450090e+01,
        -3.69744784e-01,  9.80196609e+00, -3.19957389e+00,
         3.39091584e+00, -1.01854761e-01, -1.74286975e+00,
        -2.67530450e-01,  3.02562195e+00, -7.53860681e-01],
       [-5.78092663e-03,  1.35627600e-01, -2.78065291e-01,
        -6.64486097e-02,  1.25437455e-02, -2.12150109e-01,
        -5.93478333e-01, -3.56100110e-01, -3.69744784e-01,
         7.74688308e-01, -7.70886056e-02,  2.16989353e-02,
        -2.05863282e-01,  1.65194290e-02,  4.13109322e-02,
        -1.32862737e-02,  3.19584806e-02,  1.64692801e-01],
       [-1.13594110e+00, -9.10892694e-01,  1.62134657e+01,
         1.89907719e+00, -8.67019669e-01,  6.68277714e+00,
         2.12710545e+01, -7.72024603e+00,  9.80196609e+00,
        -7.70886056e-02,  3.60795068e+00, -9.93265392e-01,
         8.02655770e-01, -1.76469966e-01, -7.38821905e-01,
        -1.85629773e-01,  8.06469294e-01, -2.69347603e-01],
       [ 3.07938651e-01, -5.13573588e-01, -4.96258250e+00,
        -5.03553986e-01, -4.55013802e-02, -2.05767347e+00,
        -6.12694436e+00,  1.61294882e+00, -3.19957389e+00,
         2.16989353e-02, -9.93265392e-01,  8.03917318e-01,
        -2.28765209e-01,  1.48302930e-01,  1.05285583e-01,
        -1.89169580e-02, -1.78892837e-01,  6.61825659e-02],
       [-1.54773438e+00, -7.56876982e-01,  4.86799574e+00,
         2.46638840e-01, -4.77322485e-01,  2.18843866e+00,
         6.32709163e+00, -1.93154458e+00,  3.39091584e+00,
        -2.05863282e-01,  8.02655770e-01, -2.28765209e-01,
         5.43783521e-01,  6.50309182e-02, -1.25291244e-01,
         5.12608053e-02,  3.77999387e-01, -1.33702118e-01],
       [-3.11655625e-01, -2.35315288e-01, -4.08812555e-03,
        -4.54223487e-02, -7.17431575e-02,  5.12111489e-02,
         2.87562298e-01,  8.91634949e-02, -1.01854761e-01,
         1.65194290e-02, -1.76469966e-01,  1.48302930e-01,
         6.50309182e-02,  1.23331603e-01,  4.07703336e-02,
         3.60890481e-03,  9.02508596e-02,  2.15409748e-02],
       [ 8.89842165e-03,  2.42608123e-01, -3.00129039e+00,
        -4.26264348e-01,  2.01379957e-01, -1.19501613e+00,
        -3.98703690e+00,  1.82365398e+00, -1.74286975e+00,
         4.13109322e-02, -7.38821905e-01,  1.05285583e-01,
        -1.25291244e-01,  4.07703336e-02,  2.15988148e-01,
         5.84801532e-02, -1.36091946e-01,  8.31493289e-02],
       [-2.22809579e-01,  2.29424950e-02, -7.35534542e-01,
        -1.72524846e-01,  9.74356914e-03, -2.67795281e-01,
        -1.15733760e+00,  4.65775113e-01, -2.67530450e-01,
        -1.32862737e-02, -1.85629773e-01, -1.89169580e-02,
         5.12608053e-02,  3.60890481e-03,  5.84801532e-02,
         7.13089014e-02, -9.26820581e-03, -4.85625750e-03],
       [-1.10899679e+00, -4.93080118e-01,  4.77547950e+00,
         3.60344785e-01, -3.44054405e-01,  2.07182315e+00,
         6.32882276e+00, -1.98555874e+00,  3.02562195e+00,
         3.19584806e-02,  8.06469294e-01, -1.78892837e-01,
         3.77999387e-01,  9.02508596e-02, -1.36091946e-01,
        -9.26820581e-03,  3.80450991e-01, -5.87146895e-02],
       [ 2.92038979e-01,  1.84247741e-01, -1.00886765e+00,
        -6.01340010e-02,  1.17152282e-01, -4.42934402e-01,
        -1.30364108e+00,  5.05996554e-01, -7.53860681e-01,
         1.64692801e-01, -2.69347603e-01,  6.61825659e-02,
        -1.33702118e-01,  2.15409748e-02,  8.31493289e-02,
        -4.85625750e-03, -5.87146895e-02,  9.60731831e-02]])
      jac: array([-8.66270019e-06,  1.31576231e-05, -3.53013914e-06,  2.35400588e-05,
       -1.17924189e-05,  8.91990185e-06,  7.80116712e-07,  7.73344352e-06,
       -4.02159787e-06, -9.13010408e-06, -5.72727051e-06,  1.49436019e-05,
        4.31062593e-05, -7.26034048e-05, -2.77944334e-05, -9.59010649e-06,
        8.88252435e-06,  7.25652871e-05])
  message: 'Desired error not necessarily achieved due to precision loss.'
     nfev: 2329
      nit: 75
     njev: 122
   status: 2
  success: False
        x: array([-0.80426074, -1.09636495,  0.19026725, -1.19431956, -1.10918113,
       -0.0208042 , -1.47126418, -1.43401424, -0.98274359,  0.10389026,
        0.49599718,  1.16143745,  0.10267493,  0.1770971 , -0.28117226,
        1.32901336, -0.30295038,  0.01084502])
