Program Begingeth
      fun: 0.2904313365593598
 hess_inv: array([[ 1.23101583e+01,  1.57993826e+00,  8.18509130e-01,
         2.25536250e+00,  1.58060112e+00, -3.31019687e-01,
         3.40744262e+00,  3.96772744e-01, -3.94109703e+00,
        -1.59100636e+00,  3.20064642e-02, -2.74701790e-01,
        -2.64271791e+00, -1.75017913e-01, -1.61742835e-01,
         1.66317652e-01, -1.47396382e+00,  2.49343390e-01],
       [ 1.57993826e+00,  3.25222345e+00,  5.96352175e-01,
         1.37938817e-02,  1.04240235e+00,  2.66450592e-01,
        -8.42129272e-02,  1.83292839e+00,  7.79923512e-01,
        -4.60633533e-01, -9.57233730e-02, -1.07124867e+00,
        -4.01699366e-01, -4.44729828e-01,  2.66731861e-01,
         1.93399826e-01, -3.32343954e-02,  9.35306676e-02],
       [ 8.18509130e-01,  5.96352175e-01,  5.55882552e+00,
         7.51717538e-01, -1.60205572e-01,  1.51805832e+00,
         5.96433920e+00, -2.32543376e+00,  1.80851798e+00,
         1.80197245e-02,  1.46267632e+00, -7.75436326e-01,
         8.52196310e-02, -5.49620229e-01, -5.03683780e-01,
         1.23980765e-01,  3.64345943e-02,  3.49007415e-01],
       [ 2.25536250e+00,  1.37938817e-02,  7.51717538e-01,
         6.16550746e-01,  1.69745920e-01,  1.20470330e-01,
         1.93033260e+00, -3.16563424e-01, -7.25960378e-01,
        -2.83408703e-01,  1.20493144e-01,  1.96741640e-02,
        -3.60602391e-01,  7.43928177e-04, -9.50445371e-02,
         4.97818126e-02, -2.17887784e-01,  7.26677915e-02],
       [ 1.58060112e+00,  1.04240235e+00, -1.60205572e-01,
         1.69745920e-01,  5.21251789e-01, -4.62299816e-02,
        -8.97792550e-02,  1.08989800e+00, -3.06745028e-01,
        -3.64998373e-01, -1.52330128e-01, -2.16406575e-01,
        -3.75673215e-01, -6.65640407e-02,  1.09904055e-01,
         3.82945413e-02, -1.52847941e-01,  2.88245567e-02],
       [-3.31019687e-01,  2.66450592e-01,  1.51805832e+00,
         1.20470330e-01, -4.62299816e-02,  5.52681789e-01,
         1.69713961e+00, -2.87832256e-01,  1.05349788e+00,
        -1.14311849e-01,  2.37842815e-01, -2.26848077e-01,
         2.05672227e-01, -1.30464450e-01, -4.39556581e-02,
         5.47744339e-02,  8.49782329e-02,  8.46295598e-02],
       [ 3.40744262e+00, -8.42129272e-02,  5.96433920e+00,
         1.93033260e+00, -8.97792550e-02,  1.69713961e+00,
         1.16288864e+01, -2.58411599e+00,  2.27509135e-01,
        -2.93312682e-01,  9.61530352e-01, -2.61430594e-01,
        -1.05026676e-01, -1.64586547e-01, -4.32759657e-01,
         1.64283863e-01, -9.44162077e-02,  4.36896503e-01],
       [ 3.96772744e-01,  1.83292839e+00, -2.32543376e+00,
        -3.16563424e-01,  1.08989800e+00, -2.87832256e-01,
        -2.58411599e+00,  5.95871105e+00, -6.36760419e-02,
        -1.08865842e+00, -8.45602395e-01, -1.83442569e-01,
        -2.10452970e-02,  7.75512753e-02,  6.22603540e-01,
         6.26413763e-02, -3.82376524e-02, -1.43856738e-01],
       [-3.94109703e+00,  7.79923512e-01,  1.80851798e+00,
        -7.25960378e-01, -3.06745028e-01,  1.05349788e+00,
         2.27509135e-01, -6.36760419e-02,  5.07812407e+00,
        -1.80782066e-02,  3.30155104e-01, -4.69080620e-01,
         9.62984717e-01, -3.91901491e-01,  1.69182998e-02,
         8.55945992e-02,  4.35290865e-01, -4.84612404e-02],
       [-1.59100636e+00, -4.60633533e-01,  1.80197245e-02,
        -2.83408703e-01, -3.64998373e-01, -1.14311849e-01,
        -2.93312682e-01, -1.08865842e+00, -1.80782066e-02,
         1.11785682e+00,  7.45658845e-02,  7.38352960e-02,
         1.18635073e-01,  3.56373230e-02, -4.70672612e-02,
        -5.11192471e-02,  2.06806639e-01,  1.27004127e-01],
       [ 3.20064642e-02, -9.57233730e-02,  1.46267632e+00,
         1.20493144e-01, -1.52330128e-01,  2.37842815e-01,
         9.61530352e-01, -8.45602395e-01,  3.30155104e-01,
         7.45658845e-02,  1.11111498e+00, -2.13487458e-01,
         2.02535691e-02, -3.02973703e-01, -3.66994903e-01,
        -7.38892842e-03, -6.48785325e-03, -3.52533295e-02],
       [-2.74701790e-01, -1.07124867e+00, -7.75436326e-01,
         1.96741640e-02, -2.16406575e-01, -2.26848077e-01,
        -2.61430594e-01, -1.83442569e-01, -4.69080620e-01,
         7.38352960e-02, -2.13487458e-01,  7.40603829e-01,
         4.78956864e-02,  3.04665135e-01, -6.29785484e-02,
        -1.23331011e-01,  2.39906173e-02, -4.18307533e-02],
       [-2.64271791e+00, -4.01699366e-01,  8.52196310e-02,
        -3.60602391e-01, -3.75673215e-01,  2.05672227e-01,
        -1.05026676e-01, -2.10452970e-02,  9.62984717e-01,
         1.18635073e-01,  2.02535691e-02,  4.78956864e-02,
         7.39187852e-01,  4.60870416e-02,  3.14815840e-02,
         2.55935111e-02,  3.57211707e-01, -8.61108825e-02],
       [-1.75017913e-01, -4.44729828e-01, -5.49620229e-01,
         7.43928177e-04, -6.65640407e-02, -1.30464450e-01,
        -1.64586547e-01,  7.75512753e-02, -3.91901491e-01,
         3.56373230e-02, -3.02973703e-01,  3.04665135e-01,
         4.60870416e-02,  2.09067128e-01,  5.56718383e-02,
        -4.35841882e-02,  4.00198585e-02, -1.96918056e-03],
       [-1.61742835e-01,  2.66731861e-01, -5.03683780e-01,
        -9.50445371e-02,  1.09904055e-01, -4.39556581e-02,
        -4.32759657e-01,  6.22603540e-01,  1.69182998e-02,
        -4.70672612e-02, -3.66994903e-01, -6.29785484e-02,
         3.14815840e-02,  5.56718383e-02,  1.94180772e-01,
         2.65359659e-02,  2.49937203e-02,  2.29814096e-02],
       [ 1.66317652e-01,  1.93399826e-01,  1.23980765e-01,
         4.97818126e-02,  3.82945413e-02,  5.47744339e-02,
         1.64283863e-01,  6.26413763e-02,  8.55945992e-02,
        -5.11192471e-02, -7.38892842e-03, -1.23331011e-01,
         2.55935111e-02, -4.35841882e-02,  2.65359659e-02,
         6.69082667e-02,  6.95191487e-04,  3.92143079e-03],
       [-1.47396382e+00, -3.32343954e-02,  3.64345943e-02,
        -2.17887784e-01, -1.52847941e-01,  8.49782329e-02,
        -9.44162077e-02, -3.82376524e-02,  4.35290865e-01,
         2.06806639e-01, -6.48785325e-03,  2.39906173e-02,
         3.57211707e-01,  4.00198585e-02,  2.49937203e-02,
         6.95191487e-04,  2.45308432e-01, -1.29339839e-02],
       [ 2.49343390e-01,  9.35306676e-02,  3.49007415e-01,
         7.26677915e-02,  2.88245567e-02,  8.46295598e-02,
         4.36896503e-01, -1.43856738e-01, -4.84612404e-02,
         1.27004127e-01, -3.52533295e-02, -4.18307533e-02,
        -8.61108825e-02, -1.96918056e-03,  2.29814096e-02,
         3.92143079e-03, -1.29339839e-02,  1.02365712e-01]])
      jac: array([ 4.46124619e-06, -4.30211422e-06, -8.71821134e-06, -2.10061598e-05,
        3.26301948e-05,  2.12137715e-05,  2.74965236e-06, -3.06236518e-06,
       -2.19417077e-06,  9.03943587e-06,  3.15562391e-06,  7.68052289e-06,
        2.49159952e-05, -1.15096821e-05, -9.79179700e-06,  1.05782050e-05,
       -1.79622983e-05,  1.28016116e-05])
  message: 'Desired error not necessarily achieved due to precision loss.'
     nfev: 2022
      nit: 69
     njev: 106
   status: 2
  success: False
        x: array([-0.30546289, -0.75251368, -0.02956802, -1.0983596 , -0.81152311,
       -0.12647762, -1.71597625, -1.06204467, -1.08168788,  0.10696714,
        0.45348345,  1.14816873,  0.01748974,  0.14351952, -0.28192328,
        1.28136928, -0.55895571,  0.01500432])
