Program Begingeth
      fun: 0.2116889677991156
 hess_inv: array([[ 2.48329487e+00, -4.31861280e-02,  1.03519671e-02,
         3.12722792e-01, -4.06203089e-02,  7.39661640e-01,
        -2.57763243e+00, -4.13768355e-02,  5.83488914e-01,
        -6.52030684e-01, -1.03922835e-01,  1.14304860e-01,
        -2.77267687e-01, -4.35552593e-02,  1.66782321e-01,
         1.76293172e-01, -6.58720492e-02, -6.91374837e-01],
       [-4.31861280e-02,  2.01438132e+00,  6.49106953e-01,
         1.27150377e-01,  4.19705842e-01, -7.29601171e-02,
        -7.19932406e-01,  9.86364937e-01,  1.90745055e+00,
         9.10892719e-02, -2.71186681e-01, -1.61777225e+00,
         9.80674552e-02, -2.69092047e-01, -1.73216115e-01,
        -1.03160481e-01,  2.22412756e-01, -8.61270282e-02],
       [ 1.03519671e-02,  6.49106953e-01,  1.52910030e+00,
        -2.25067863e-01,  1.28143545e-01,  9.10628932e-02,
        -7.92178804e-01, -1.86482074e+00,  1.43635638e+00,
         7.89676841e-04,  8.97284318e-01, -1.37707072e+00,
        -8.18280227e-03, -2.03245615e-01, -3.27176544e-01,
         2.28637878e-01,  1.40734467e-02,  1.32539135e-02],
       [ 3.12722792e-01,  1.27150377e-01, -2.25067863e-01,
         1.85876489e-01,  1.35456559e-02,  5.14175908e-02,
         1.64163723e-01,  6.82494938e-01,  2.10553835e-01,
        -1.03131585e-01, -2.74701983e-01,  1.65421243e-02,
         4.54380429e-02, -2.41563845e-02,  1.02794435e-01,
        -2.60916553e-02,  5.47589459e-04, -3.25709292e-02],
       [-4.06203089e-02,  4.19705842e-01,  1.28143545e-01,
         1.35456559e-02,  3.79167591e-01,  7.54167916e-02,
        -2.44306568e+00,  5.39734642e-01, -4.02021813e-02,
         3.17244391e-01, -8.63573277e-02, -2.08570845e-01,
         1.30467211e-01,  7.30452110e-02,  1.89705598e-03,
         7.25238684e-03, -1.53008455e-01, -9.56397526e-02],
       [ 7.39661640e-01, -7.29601171e-02,  9.10628932e-02,
         5.14175908e-02,  7.54167916e-02,  3.85082034e-01,
        -2.02351031e+00,  5.52950162e-02,  3.38798016e-01,
         3.71117796e-02, -6.98864552e-02,  9.01205167e-02,
        -1.20573628e-01,  3.42595802e-02,  1.23258825e-01,
         8.85969150e-03, -1.15349202e-01, -2.45964828e-01],
       [-2.57763243e+00, -7.19932406e-01, -7.92178804e-01,
         1.64163723e-01, -2.44306568e+00, -2.02351031e+00,
         3.06175057e+01,  6.79564599e-01,  2.79528106e-03,
        -2.41245975e+00, -2.83039878e-01,  2.22115107e-01,
        -3.38994488e-01, -3.87288299e-01, -2.18462508e-01,
        -4.04426237e-02,  2.39861279e+00,  2.10138884e+00],
       [-4.13768355e-02,  9.86364937e-01, -1.86482074e+00,
         6.82494938e-01,  5.39734642e-01,  5.52950162e-02,
         6.79564599e-01,  9.55228577e+00, -1.52764731e+00,
         4.89073592e-02, -2.34178725e+00,  7.26812639e-01,
         1.43861302e-01,  4.11215071e-01,  9.39513090e-01,
        -6.85049562e-01,  5.83514120e-01,  2.38624467e-01],
       [ 5.83488914e-01,  1.90745055e+00,  1.43635638e+00,
         2.10553835e-01, -4.02021813e-02,  3.38798016e-01,
         2.79528106e-03, -1.52764731e+00,  7.34383253e+00,
        -8.42029312e-02,  4.61321502e-01, -2.20612773e+00,
        -6.02806094e-02, -8.41199776e-01, -2.90991180e-01,
        -6.03431775e-02, -1.67903961e-02, -3.38619122e-02],
       [-6.52030684e-01,  9.10892719e-02,  7.89676841e-04,
        -1.03131585e-01,  3.17244391e-01,  3.71117796e-02,
        -2.41245975e+00,  4.89073592e-02, -8.42029312e-02,
         9.51127711e-01,  1.46615107e-02,  5.38633545e-04,
         5.68064624e-02,  5.69859089e-02, -7.86569147e-03,
        -9.16056990e-02, -2.97908567e-01, -6.96826175e-02],
       [-1.03922835e-01, -2.71186681e-01,  8.97284318e-01,
        -2.74701983e-01, -8.63573277e-02, -6.98864552e-02,
        -2.83039878e-01, -2.34178725e+00,  4.61321502e-01,
         1.46615107e-02,  1.32740894e+00, -5.63070386e-01,
        -2.27111659e-02, -2.02374901e-01, -3.92255205e-01,
         2.64482157e-01, -1.34965271e-01, -6.43113010e-02],
       [ 1.14304860e-01, -1.61777225e+00, -1.37707072e+00,
         1.65421243e-02, -2.08570845e-01,  9.01205167e-02,
         2.22115107e-01,  7.26812639e-01, -2.20612773e+00,
         5.38633545e-04, -5.63070386e-01,  2.23815116e+00,
        -7.42684757e-02,  4.53464906e-01,  3.26628483e-01,
        -3.83786035e-02, -1.17191241e-01,  1.62363910e-02],
       [-2.77267687e-01,  9.80674552e-02, -8.18280227e-03,
         4.54380429e-02,  1.30467211e-01, -1.20573628e-01,
        -3.38994488e-01,  1.43861302e-01, -6.02806094e-02,
         5.68064624e-02, -2.27111659e-02, -7.42684757e-02,
         1.96491221e-01,  1.41704312e-02, -1.62525930e-02,
         3.72605609e-02, -9.68230737e-02,  1.10167182e-01],
       [-4.35552593e-02, -2.69092047e-01, -2.03245615e-01,
        -2.41563845e-02,  7.30452110e-02,  3.42595802e-02,
        -3.87288299e-01,  4.11215071e-01, -8.41199776e-01,
         5.69859089e-02, -2.02374901e-01,  4.53464906e-01,
         1.41704312e-02,  1.98479969e-01,  9.57293592e-02,
         8.44688348e-03, -2.55072474e-03,  3.03243502e-02],
       [ 1.66782321e-01, -1.73216115e-01, -3.27176544e-01,
         1.02794435e-01,  1.89705598e-03,  1.23258825e-01,
        -2.18462508e-01,  9.39513090e-01, -2.90991180e-01,
        -7.86569147e-03, -3.92255205e-01,  3.26628483e-01,
        -1.62525930e-02,  9.57293592e-02,  2.17844211e-01,
        -9.10387778e-02, -2.00884231e-03,  1.80210718e-02],
       [ 1.76293172e-01, -1.03160481e-01,  2.28637878e-01,
        -2.60916553e-02,  7.25238684e-03,  8.85969150e-03,
        -4.04426237e-02, -6.85049562e-01, -6.03431775e-02,
        -9.16056990e-02,  2.64482157e-01, -3.83786035e-02,
         3.72605609e-02,  8.44688348e-03, -9.10387778e-02,
         1.59910494e-01, -4.01566832e-02, -2.44978521e-02],
       [-6.58720492e-02,  2.22412756e-01,  1.40734467e-02,
         5.47589459e-04, -1.53008455e-01, -1.15349202e-01,
         2.39861279e+00,  5.83514120e-01, -1.67903961e-02,
        -2.97908567e-01, -1.34965271e-01, -1.17191241e-01,
        -9.68230737e-02, -2.55072474e-03, -2.00884231e-03,
        -4.01566832e-02,  3.52726813e-01,  1.27359172e-01],
       [-6.91374837e-01, -8.61270282e-02,  1.32539135e-02,
        -3.25709292e-02, -9.56397526e-02, -2.45964828e-01,
         2.10138884e+00,  2.38624467e-01, -3.38619122e-02,
        -6.96826175e-02, -6.43113010e-02,  1.62363910e-02,
         1.10167182e-01,  3.03243502e-02,  1.80210718e-02,
        -2.44978521e-02,  1.27359172e-01,  3.75218782e-01]])
      jac: array([-3.46297065e-06,  1.75785312e-07, -3.97644880e-07,  1.26546921e-06,
       -1.46882506e-06,  2.64381110e-06,  2.32591724e-07,  4.00235400e-07,
        3.59712260e-07, -1.33430304e-06,  1.60982339e-07, -4.08747110e-07,
       -2.16919075e-06,  1.37667655e-06,  1.27250062e-06,  6.47519075e-06,
       -4.54821366e-07, -5.35034979e-06])
  message: 'Optimization terminated successfully.'
     nfev: 1330
      nit: 58
     njev: 70
   status: 0
  success: True
        x: array([ 0.11005834, -0.3073527 ,  0.76768816,  0.74088022, -0.48965853,
        0.01330688,  0.06986909, -1.38882778, -0.63739198,  0.08407699,
        0.76751845,  0.96471902,  0.10485422,  0.15327598, -0.4636844 ,
       -0.75435519, -0.67330638,  0.01362651])
