Program Begingeth
      fun: 0.24621826391290802
 hess_inv: array([[ 1.06945562e+00,  4.55073578e-02, -2.74025626e-01,
        -4.48941298e-01,  3.73988391e-01, -2.67294414e-01,
        -1.82981780e-01,  2.28672340e+00, -1.54317859e+00,
         5.50934773e-01, -5.22928247e-02,  9.42324820e-01,
        -1.25398966e+00,  2.28675204e-01, -3.11718582e-01,
        -3.70417553e-01,  3.07899950e-02, -7.99423897e-02],
       [ 4.55073578e-02,  7.33252528e-01, -1.09086236e-01,
        -2.27826861e-01, -1.40806579e-01, -1.73833334e-01,
        -7.35460152e-01,  2.59666684e-01,  2.22022535e-02,
         1.01821819e-01,  2.48700475e-01,  2.53574072e-02,
        -2.39267833e-01, -6.35514495e-01, -3.41866968e-02,
        -3.27741661e-02, -1.74984341e-01,  1.39967109e-01],
       [-2.74025626e-01, -1.09086236e-01,  7.36726648e-01,
         2.66996958e-01,  1.16393640e-01, -8.94889119e-02,
         8.76073300e-01, -4.89692442e-01,  4.29836802e-01,
        -7.11485372e-01, -1.04232698e-01, -1.64721546e-01,
         5.90362624e-01,  2.01304558e-01, -5.53256736e-01,
         1.63878265e-01, -1.96884113e-02, -2.39163501e-01],
       [-4.48941298e-01, -2.27826861e-01,  2.66996958e-01,
         5.20725274e-01, -2.10855374e-01,  2.55316554e-02,
         6.09979605e-01, -1.97023284e+00,  2.82877401e-01,
        -4.52394751e-01,  1.44001087e-01, -2.66988421e-01,
         9.62817205e-01, -3.06913548e-02, -1.00600912e-01,
         2.90537487e-01, -2.49641733e-02, -7.87125470e-02],
       [ 3.73988391e-01, -1.40806579e-01,  1.16393640e-01,
        -2.10855374e-01,  4.37653355e-01, -2.48963515e-02,
         4.96949137e-01,  1.83890886e+00, -2.40963887e-01,
         7.30856820e-02, -2.94753358e-01,  3.23902591e-01,
        -5.24416304e-01,  5.28816442e-01, -1.92114551e-01,
        -1.57572390e-01,  1.42065742e-01, -8.90554892e-02],
       [-2.67294414e-01, -1.73833334e-01, -8.94889119e-02,
         2.55316554e-02, -2.48963515e-02,  3.13254951e-01,
         8.13156435e-02, -1.22356616e-01,  8.88552214e-01,
        -9.36819190e-04, -1.96512960e-01, -3.10168663e-01,
         1.59945429e-01,  1.47319356e-01,  4.36825959e-01,
         4.29273014e-02,  6.85674979e-02,  1.18877432e-01],
       [-1.82981780e-01, -7.35460152e-01,  8.76073300e-01,
         6.09979605e-01,  4.96949137e-01,  8.13156435e-02,
         3.42844382e+00, -2.79271966e-03,  4.96483622e-01,
        -6.60661509e-01, -3.80849628e-01,  9.49405842e-02,
         6.96066513e-01,  1.03657501e+00, -5.64759450e-01,
         1.52286928e-01,  2.24105902e-01, -3.21724674e-01],
       [ 2.28672340e+00,  2.59666684e-01, -4.89692442e-01,
        -1.97023284e+00,  1.83890886e+00, -1.22356616e-01,
        -2.79271966e-03,  1.18918546e+01, -1.58226936e+00,
         1.54905148e+00, -8.76119166e-01,  1.63391421e+00,
        -4.11692565e+00,  1.35640492e+00, -1.28300074e-01,
        -1.24622639e+00,  3.70805592e-01,  6.89093842e-02],
       [-1.54317859e+00,  2.22022535e-02,  4.29836802e-01,
         2.82877401e-01, -2.40963887e-01,  8.88552214e-01,
         4.96483622e-01, -1.58226936e+00,  5.46408928e+00,
        -8.62307947e-01, -6.21964162e-01, -1.24302187e+00,
         1.38339333e+00,  1.77342421e-02,  7.04864527e-01,
         4.43905903e-01,  2.75519797e-02,  1.44567968e-01],
       [ 5.50934773e-01,  1.01821819e-01, -7.11485372e-01,
        -4.52394751e-01,  7.30856820e-02, -9.36819190e-04,
        -6.60661509e-01,  1.54905148e+00, -8.62307947e-01,
         9.82555366e-01,  2.22348608e-02,  3.86310328e-01,
        -1.07533545e+00, -2.92723318e-02,  3.93581668e-01,
        -3.26543612e-01,  6.98929641e-02,  1.79678951e-01],
       [-5.22928247e-02,  2.48700475e-01, -1.04232698e-01,
         1.44001087e-01, -2.94753358e-01, -1.96512960e-01,
        -3.80849628e-01, -8.76119166e-01, -6.21964162e-01,
         2.22348608e-02,  8.28677719e-01, -6.14513898e-02,
         1.76611335e-01, -6.41276889e-01, -5.91705450e-03,
        -1.14618968e-02, -1.78176889e-01,  1.25780952e-01],
       [ 9.42324820e-01,  2.53574072e-02, -1.64721546e-01,
        -2.66988421e-01,  3.23902591e-01, -3.10168663e-01,
         9.49405842e-02,  1.63391421e+00, -1.24302187e+00,
         3.86310328e-01, -6.14513898e-02,  1.09901700e+00,
        -9.13509527e-01,  2.18037742e-01, -5.22223916e-01,
        -2.39457053e-01,  8.85594296e-03, -1.79736307e-01],
       [-1.25398966e+00, -2.39267833e-01,  5.90362624e-01,
         9.62817205e-01, -5.24416304e-01,  1.59945429e-01,
         6.96066513e-01, -4.11692565e+00,  1.38339333e+00,
        -1.07533545e+00,  1.76611335e-01, -9.13509527e-01,
         2.13740224e+00, -2.42232945e-01, -3.87170558e-02,
         6.78072719e-01, -8.80563839e-02, -8.70583696e-02],
       [ 2.28675204e-01, -6.35514495e-01,  2.01304558e-01,
        -3.06913548e-02,  5.28816442e-01,  1.47319356e-01,
         1.03657501e+00,  1.35640492e+00,  1.77342421e-02,
        -2.92723318e-02, -6.41276889e-01,  2.18037742e-01,
        -2.42232945e-01,  1.05593238e+00, -1.18995963e-01,
        -7.52826371e-02,  3.18299420e-01, -1.85090020e-01],
       [-3.11718582e-01, -3.41866968e-02, -5.53256736e-01,
        -1.00600912e-01, -1.92114551e-01,  4.36825959e-01,
        -5.64759450e-01, -1.28300074e-01,  7.04864527e-01,
         3.93581668e-01, -5.91705450e-03, -5.22223916e-01,
        -3.87170558e-02, -1.18995963e-01,  1.00878019e+00,
        -2.66481222e-02,  6.44225853e-02,  4.00549205e-01],
       [-3.70417553e-01, -3.27741661e-02,  1.63878265e-01,
         2.90537487e-01, -1.57572390e-01,  4.29273014e-02,
         1.52286928e-01, -1.24622639e+00,  4.43905903e-01,
        -3.26543612e-01, -1.14618968e-02, -2.39457053e-01,
         6.78072719e-01, -7.52826371e-02, -2.66481222e-02,
         2.50534723e-01, -2.82314607e-02, -3.43785825e-02],
       [ 3.07899950e-02, -1.74984341e-01, -1.96884113e-02,
        -2.49641733e-02,  1.42065742e-01,  6.85674979e-02,
         2.24105902e-01,  3.70805592e-01,  2.75519797e-02,
         6.98929641e-02, -1.78176889e-01,  8.85594296e-03,
        -8.80563839e-02,  3.18299420e-01,  6.44225853e-02,
        -2.82314607e-02,  1.32380605e-01, -1.11356084e-02],
       [-7.99423897e-02,  1.39967109e-01, -2.39163501e-01,
        -7.87125470e-02, -8.90554892e-02,  1.18877432e-01,
        -3.21724674e-01,  6.89093842e-02,  1.44567968e-01,
         1.79678951e-01,  1.25780952e-01, -1.79736307e-01,
        -8.70583696e-02, -1.85090020e-01,  4.00549205e-01,
        -3.43785825e-02, -1.11356084e-02,  2.20412001e-01]])
      jac: array([ 6.80492699e-06,  1.00551049e-05,  3.17101900e-05, -3.41782158e-06,
       -3.07613194e-05, -9.53152372e-05,  8.00285764e-07,  2.08629410e-06,
        8.94395669e-06, -3.29033097e-06,  8.08612436e-07,  1.73511205e-05,
        1.08226391e-05,  2.73351712e-05,  8.38631017e-05, -2.26176485e-05,
       -1.41135252e-05, -6.53708569e-05])
  message: 'Desired error not necessarily achieved due to precision loss.'
     nfev: 1681
      nit: 32
     njev: 88
   status: 2
  success: False
        x: array([ 0.71105826, -0.05442212,  0.53427972,  0.23693454, -0.94031332,
       -0.70374191,  1.24118773, -1.45758024, -0.97792521, -1.03510301,
        0.04848717,  0.65969149,  0.14796966,  0.04373853, -0.46958   ,
        0.09011494,  1.20619632, -0.75479788])
