Program Begingeth
      fun: 0.23869522059118314
 hess_inv: array([[ 7.06181397e-01,  4.34353242e-02, -2.27686345e-01,
        -3.96542066e-01,  3.06162336e-01, -2.13727549e-01,
        -2.19292541e-01,  1.87496079e+00, -1.21995583e+00,
         3.47068579e-01,  5.63149117e-03,  6.25319619e-01,
        -9.71392058e-01,  1.77175002e-01, -2.00933835e-01,
        -3.22622995e-01,  3.18555607e-02, -3.94690132e-02],
       [ 4.34353242e-02,  5.30126950e-01, -6.33016324e-02,
        -2.20517726e-01, -1.18449065e-01, -1.71479102e-01,
        -6.92503609e-01,  3.09013161e-01, -9.35300402e-02,
         6.26916588e-02,  1.65904674e-01,  2.17240786e-02,
        -2.35645542e-01, -5.06143079e-01, -6.36057816e-02,
        -4.64874255e-02, -1.62989627e-01,  1.08573859e-01],
       [-2.27686345e-01, -6.33016324e-02,  5.80145803e-01,
         2.83264490e-01,  7.89669305e-02, -9.35486928e-02,
         7.72809118e-01, -5.56358171e-01,  4.58603454e-01,
        -5.63773899e-01, -6.76411716e-02, -1.82074833e-01,
         5.78062795e-01,  1.39442759e-01, -4.83326174e-01,
         1.87233241e-01, -2.28784193e-02, -2.28810494e-01],
       [-3.96542066e-01, -2.20517726e-01,  2.83264490e-01,
         6.46563520e-01, -2.45619098e-01, -5.79691036e-03,
         7.53773950e-01, -2.30975130e+00,  2.42464412e-01,
        -4.34433977e-01,  1.12228660e-01, -2.28348884e-01,
         1.11782903e+00, -4.43143631e-02, -1.79402013e-01,
         3.83174104e-01, -3.39831110e-02, -1.27328386e-01],
       [ 3.06162336e-01, -1.18449065e-01,  7.89669305e-02,
        -2.45619098e-01,  5.04455104e-01,  6.08423892e-03,
         5.34639197e-01,  2.03494846e+00, -9.98819500e-02,
         6.33579504e-02, -2.53178226e-01,  2.57430973e-01,
        -5.48741648e-01,  5.97634661e-01, -1.22836621e-01,
        -1.82107798e-01,  1.91958324e-01, -6.50924985e-02],
       [-2.13727549e-01, -1.71479102e-01, -9.35486928e-02,
        -5.79691036e-03,  6.08423892e-03,  3.90257365e-01,
         1.38917358e-01,  1.23129633e-02,  1.04815830e+00,
         4.63359696e-02, -2.25510571e-01, -2.44242601e-01,
         7.35432079e-02,  1.89999264e-01,  5.09758361e-01,
         1.50918478e-02,  8.99520466e-02,  1.48890258e-01],
       [-2.19292541e-01, -6.92503609e-01,  7.72809118e-01,
         7.53773950e-01,  5.34639197e-01,  1.38917358e-01,
         3.73192302e+00, -2.76846944e-01,  8.94065113e-01,
        -6.00318473e-01, -3.74093828e-01,  3.52212473e-02,
         8.90193228e-01,  1.12538819e+00, -5.03195216e-01,
         2.49441521e-01,  3.00421634e-01, -3.57374977e-01],
       [ 1.87496079e+00,  3.09013161e-01, -5.56358171e-01,
        -2.30975130e+00,  2.03494846e+00,  1.23129633e-02,
        -2.76846944e-01,  1.28993528e+01, -9.99213008e-01,
         1.33915184e+00, -6.95597647e-01,  1.32972123e+00,
        -4.38676844e+00,  1.48538046e+00,  1.59737857e-01,
        -1.48519579e+00,  4.63293010e-01,  2.00837936e-01],
       [-1.21995583e+00, -9.35300402e-02,  4.58603454e-01,
         2.42464412e-01, -9.98819500e-02,  1.04815830e+00,
         8.94065113e-01, -9.99213008e-01,  5.65487244e+00,
        -6.27167505e-01, -6.99820825e-01, -1.00364275e+00,
         1.07581969e+00,  2.25078000e-01,  7.97361073e-01,
         3.64343607e-01,  8.31188318e-02,  1.62726371e-01],
       [ 3.47068579e-01,  6.26916588e-02, -5.63773899e-01,
        -4.34433977e-01,  6.33579504e-02,  4.63359696e-02,
        -6.00318473e-01,  1.33915184e+00, -6.27167505e-01,
         7.47842316e-01,  1.39807844e-02,  2.78868461e-01,
        -9.18744662e-01, -5.82251863e-03,  3.93005296e-01,
        -3.16347059e-01,  7.12136835e-02,  1.87726214e-01],
       [ 5.63149117e-03,  1.65904674e-01, -6.76411716e-02,
         1.12228660e-01, -2.53178226e-01, -2.25510571e-01,
        -3.74093828e-01, -6.95597647e-01, -6.99820825e-01,
         1.39807844e-02,  6.15937841e-01,  4.99963769e-03,
         1.21524854e-01, -5.27252476e-01, -1.01444150e-01,
        -1.33163103e-02, -1.73047244e-01,  6.53419877e-02],
       [ 6.25319619e-01,  2.17240786e-02, -1.82074833e-01,
        -2.28348884e-01,  2.57430973e-01, -2.44242601e-01,
         3.52212473e-02,  1.32972123e+00, -1.00364275e+00,
         2.78868461e-01,  4.99963769e-03,  7.61397273e-01,
        -6.90386590e-01,  1.64615990e-01, -3.44953029e-01,
        -2.02392536e-01,  1.70191632e-02, -1.13429618e-01],
       [-9.71392058e-01, -2.35645542e-01,  5.78062795e-01,
         1.11782903e+00, -5.48741648e-01,  7.35432079e-02,
         8.90193228e-01, -4.38676844e+00,  1.07581969e+00,
        -9.18744662e-01,  1.21524854e-01, -6.90386590e-01,
         2.20463383e+00, -2.51666332e-01, -2.10648018e-01,
         7.88004668e-01, -1.09581669e-01, -1.74437271e-01],
       [ 1.77175002e-01, -5.06143079e-01,  1.39442759e-01,
        -4.43143631e-02,  5.97634661e-01,  1.89999264e-01,
         1.12538819e+00,  1.48538046e+00,  2.25078000e-01,
        -5.82251863e-03, -5.27252476e-01,  1.64615990e-01,
        -2.51666332e-01,  1.08195116e+00, -1.88823581e-02,
        -8.33768529e-02,  3.83880097e-01, -1.36750938e-01],
       [-2.00933835e-01, -6.36057816e-02, -4.83326174e-01,
        -1.79402013e-01, -1.22836621e-01,  5.09758361e-01,
        -5.03195216e-01,  1.59737857e-01,  7.97361073e-01,
         3.93005296e-01, -1.01444150e-01, -3.44953029e-01,
        -2.10648018e-01, -1.88823581e-02,  1.02102188e+00,
        -9.06491452e-02,  8.82387094e-02,  4.22035391e-01],
       [-3.22622995e-01, -4.64874255e-02,  1.87233241e-01,
         3.83174104e-01, -1.82107798e-01,  1.50918478e-02,
         2.49441521e-01, -1.48519579e+00,  3.64343607e-01,
        -3.16347059e-01, -1.33163103e-02, -2.02392536e-01,
         7.88004668e-01, -8.33768529e-02, -9.06491452e-02,
         3.16631078e-01, -3.71253924e-02, -6.78877087e-02],
       [ 3.18555607e-02, -1.62989627e-01, -2.28784193e-02,
        -3.39831110e-02,  1.91958324e-01,  8.99520466e-02,
         3.00421634e-01,  4.63293010e-01,  8.31188318e-02,
         7.12136835e-02, -1.73047244e-01,  1.70191632e-02,
        -1.09581669e-01,  3.83880097e-01,  8.82387094e-02,
        -3.71253924e-02,  1.73282694e-01, -1.54643424e-03],
       [-3.94690132e-02,  1.08573859e-01, -2.28810494e-01,
        -1.27328386e-01, -6.50924985e-02,  1.48890258e-01,
        -3.57374977e-01,  2.00837936e-01,  1.62726371e-01,
         1.87726214e-01,  6.53419877e-02, -1.13429618e-01,
        -1.74437271e-01, -1.36750938e-01,  4.22035391e-01,
        -6.78877087e-02, -1.54643424e-03,  2.37738243e-01]])
      jac: array([ 1.42108547e-06,  7.09532433e-05,  3.42903483e-05,  2.36854240e-04,
       -4.71424751e-05, -8.31938222e-05, -1.63117668e-05,  4.78543131e-06,
        1.78855079e-05, -6.70463685e-06,  7.14613554e-06, -1.07106916e-05,
       -1.45592057e-04,  7.69016332e-05,  9.72457300e-05,  6.88419692e-05,
       -5.75595127e-05, -1.04766011e-04])
  message: 'Desired error not necessarily achieved due to precision loss.'
     nfev: 1607
      nit: 32
     njev: 84
   status: 2
  success: False
        x: array([ 0.74633807, -0.037909  ,  0.53867124,  0.2426103 , -0.85310175,
       -0.81016515,  1.21262879, -1.37281499, -1.09818088, -1.08347265,
        0.04960891,  0.68491293,  0.15652063,  0.05572091, -0.60299436,
        0.097111  ,  1.12052085, -0.85606292])
