Program Begingeth
      fun: 0.2751919525614019
 hess_inv: array([[ 3.44577718e+00, -2.09969093e-01, -2.29855467e-01,
         3.55835198e-01, -2.95637945e-01,  7.07788616e-01,
        -2.42502607e+00, -5.80448197e-03,  2.48324869e-01,
        -9.62769539e-01, -2.73849100e-01,  2.37096766e-01,
        -5.73342383e-01, -9.93756153e-02,  2.70823379e-01,
         1.88303021e-01,  6.14050978e-02, -6.33822315e-01],
       [-2.09969093e-01,  2.34456908e+00,  8.93856891e-01,
         9.62823862e-02,  3.69738054e-01, -1.70025271e-02,
        -8.93585385e-01, -5.85905428e-01,  3.23970591e+00,
         2.78779668e-01, -5.09252453e-02, -1.76099378e+00,
         9.90336388e-02, -4.40361241e-01, -2.24384444e-01,
        -1.16226890e-01,  1.62432473e-01, -6.79970439e-03],
       [-2.29855467e-01,  8.93856891e-01,  1.91437285e+00,
        -2.37856374e-01,  5.13422461e-02,  3.50766219e-02,
         8.12598136e-01, -2.65207032e+00,  1.35715589e+00,
         1.89775661e-02,  1.08844920e+00, -1.48923681e+00,
        -6.59236751e-02, -3.01221421e-01, -4.38107599e-01,
         1.86574232e-01,  1.10675784e-01,  1.14457892e-01],
       [ 3.55835198e-01,  9.62823862e-02, -2.37856374e-01,
         1.48038666e-01,  1.30412434e-02,  6.36402811e-02,
        -4.32474413e-01,  4.54864506e-01,  2.95378863e-01,
        -7.53479678e-02, -2.53487971e-01,  9.72355316e-03,
         3.49838231e-02, -2.17725017e-02,  1.09101498e-01,
        -1.04410723e-02, -2.85401646e-02, -4.17029790e-02],
       [-2.95637945e-01,  3.69738054e-01,  5.13422461e-02,
         1.30412434e-02,  3.16213447e-01, -3.44372099e-03,
        -2.31191464e+00,  1.11282940e-01,  9.71850545e-02,
         4.10210118e-01, -4.51779031e-02, -1.55613274e-01,
         1.71650172e-01,  5.40725887e-02, -1.47649757e-02,
        -4.21000710e-02, -1.48083203e-01, -2.55450755e-02],
       [ 7.07788616e-01, -1.70025271e-02,  3.50766219e-02,
         6.36402811e-02, -3.44372099e-03,  2.44484390e-01,
        -1.22044266e+00,  9.15836076e-03,  2.08138612e-01,
        -2.40810988e-02, -1.16381026e-01,  2.69931878e-02,
        -1.40826054e-01,  8.05340989e-03,  1.15444346e-01,
         3.27584366e-03, -2.89261942e-02, -1.26863709e-01],
       [-2.42502607e+00, -8.93585385e-01,  8.12598136e-01,
        -4.32474413e-01, -2.31191464e+00, -1.22044266e+00,
         3.48210776e+01,  9.92120810e-01,  1.31425943e-01,
        -2.79050473e+00,  4.60441485e-01, -1.69836454e-01,
        -8.27942075e-01, -3.36528438e-01, -4.86592921e-01,
         4.70854730e-01,  2.43155425e+00,  1.43633259e+00],
       [-5.80448197e-03, -5.85905428e-01, -2.65207032e+00,
         4.54864506e-01,  1.11282940e-01,  9.15836076e-03,
         9.92120810e-01,  8.10372782e+00, -1.65670350e+00,
         2.72881843e-02, -1.90981967e+00,  1.52161136e+00,
         4.27304750e-02,  4.77201750e-01,  9.16283453e-01,
        -4.66810798e-01,  3.52816776e-01,  4.64640356e-02],
       [ 2.48324869e-01,  3.23970591e+00,  1.35715589e+00,
         2.95378863e-01,  9.71850545e-02,  2.08138612e-01,
         1.31425943e-01, -1.65670350e+00,  8.67240080e+00,
        -1.12947024e-01, -2.61893905e-02, -2.58953566e+00,
         6.61958122e-02, -1.02152695e+00, -2.00959848e-01,
        -2.02263323e-01,  1.51952340e-01,  2.49880583e-01],
       [-9.62769539e-01,  2.78779668e-01,  1.89775661e-02,
        -7.53479678e-02,  4.10210118e-01, -2.40810988e-02,
        -2.79050473e+00,  2.72881843e-02, -1.12947024e-01,
         1.15537218e+00, -2.47849110e-02, -1.10892338e-01,
         1.66755217e-01,  9.40191302e-02, -7.84138897e-03,
        -1.35836192e-01, -2.76622741e-01, -1.26547039e-02],
       [-2.73849100e-01, -5.09252453e-02,  1.08844920e+00,
        -2.53487971e-01, -4.51779031e-02, -1.16381026e-01,
         4.60441485e-01, -1.90981967e+00, -2.61893905e-02,
        -2.47849110e-02,  1.41023115e+00, -6.21418831e-01,
        -3.11303097e-02, -2.26987160e-01, -4.41835792e-01,
         1.84571060e-01, -3.15546543e-02, -2.44198164e-02],
       [ 2.37096766e-01, -1.76099378e+00, -1.48923681e+00,
         9.72355316e-03, -1.55613274e-01,  2.69931878e-02,
        -1.69836454e-01,  1.52161136e+00, -2.58953566e+00,
        -1.10892338e-01, -6.21418831e-01,  2.13921216e+00,
        -4.85297648e-02,  5.35891372e-01,  3.03774477e-01,
         5.82238229e-03, -1.01140821e-01, -6.21958616e-02],
       [-5.73342383e-01,  9.90336388e-02, -6.59236751e-02,
         3.49838231e-02,  1.71650172e-01, -1.40826054e-01,
        -8.27942075e-01,  4.27304750e-02,  6.61958122e-02,
         1.66755217e-01, -3.11303097e-02, -4.85297648e-02,
         2.87144812e-01,  2.60998809e-02, -1.93958011e-02,
        -6.04627875e-03, -1.47859077e-01,  1.19752162e-01],
       [-9.93756153e-02, -4.40361241e-01, -3.01221421e-01,
        -2.17725017e-02,  5.40725887e-02,  8.05340989e-03,
        -3.36528438e-01,  4.77201750e-01, -1.02152695e+00,
         9.40191302e-02, -2.26987160e-01,  5.35891372e-01,
         2.60998809e-02,  2.37693619e-01,  9.50739968e-02,
         6.62283860e-03, -2.25513709e-02,  1.54577153e-02],
       [ 2.70823379e-01, -2.24384444e-01, -4.38107599e-01,
         1.09101498e-01, -1.47649757e-02,  1.15444346e-01,
        -4.86592921e-01,  9.16283453e-01, -2.00959848e-01,
        -7.84138897e-03, -4.41835792e-01,  3.03774477e-01,
        -1.93958011e-02,  9.50739968e-02,  2.37722569e-01,
        -6.93370538e-02, -2.72073686e-02, -6.28996565e-03],
       [ 1.88303021e-01, -1.16226890e-01,  1.86574232e-01,
        -1.04410723e-02, -4.21000710e-02,  3.27584366e-03,
         4.70854730e-01, -4.66810798e-01, -2.02263323e-01,
        -1.35836192e-01,  1.84571060e-01,  5.82238229e-03,
        -6.04627875e-03,  6.62283860e-03, -6.93370538e-02,
         1.22303958e-01,  1.41098025e-02, -1.18975449e-02],
       [ 6.14050978e-02,  1.62432473e-01,  1.10675784e-01,
        -2.85401646e-02, -1.48083203e-01, -2.89261942e-02,
         2.43155425e+00,  3.52816776e-01,  1.51952340e-01,
        -2.76622741e-01, -3.15546543e-02, -1.01140821e-01,
        -1.47859077e-01, -2.25513709e-02, -2.72073686e-02,
         1.41098025e-02,  2.91852325e-01,  4.96071738e-02],
       [-6.33822315e-01, -6.79970439e-03,  1.14457892e-01,
        -4.17029790e-02, -2.55450755e-02, -1.26863709e-01,
         1.43633259e+00,  4.64640356e-02,  2.49880583e-01,
        -1.26547039e-02, -2.44198164e-02, -6.21958616e-02,
         1.19752162e-01,  1.54577153e-02, -6.28996565e-03,
        -1.18975449e-02,  4.96071738e-02,  2.37821994e-01]])
      jac: array([-3.05644399e-06,  5.13293112e-07, -2.97465756e-06,  8.51800112e-06,
        5.64215341e-06,  1.48525636e-05, -1.74305015e-07, -4.77395901e-07,
       -1.45069142e-07, -2.12533694e-06,  2.80516351e-06, -4.34097203e-07,
       -2.29779159e-06, -4.02640884e-07, -8.04393589e-06, -4.74398298e-06,
        2.51650552e-07,  1.16832470e-06])
  message: 'Desired error not necessarily achieved due to precision loss.'
     nfev: 2425
      nit: 60
     njev: 127
   status: 2
  success: False
        x: array([ 0.11880948, -0.45270885,  0.66827913,  0.94998273, -0.51973169,
        0.02676806, -0.01152399, -1.56509406, -0.50308949,  0.10416994,
        0.70425295,  0.98695942,  0.12801717,  0.10515907, -0.41281658,
       -0.98361196, -0.84583524,  0.028199  ])
