Program Begingeth
      fun: 0.22561860649669044
 hess_inv: array([[ 3.37044663e+00,  1.24688331e+00,  5.35260752e-01,
         7.64599420e-01,  3.85043084e-01, -8.79213548e-01,
         5.60349919e-01, -2.23699241e+00, -7.14419088e-01,
        -7.71182397e-01,  6.35259035e-01, -1.12314441e+00,
        -5.38402335e-01, -3.55382764e-01, -4.42588389e-01,
        -3.29364538e-02, -3.22122154e-01,  4.89581981e-01],
       [ 1.24688331e+00,  2.41818861e+00,  8.34516409e-01,
         1.84791232e-01,  7.25477090e-01, -3.19488109e-01,
         1.03730625e+00,  3.30005939e-01,  1.57524944e+00,
        -4.92864968e-02,  5.54553169e-02, -1.59536967e+00,
        -3.51644427e-01, -3.26285323e-01, -2.98234190e-01,
         6.34063465e-02, -8.90454702e-03,  1.62897700e-01],
       [ 5.35260752e-01,  8.34516409e-01,  1.87058746e+00,
         4.12829850e-01,  3.10467805e-01,  2.98044389e-01,
         3.17177922e+00, -1.91147579e+00,  2.09493275e+00,
        -2.23313120e-01,  9.89191217e-01, -1.23193100e+00,
        -1.28508214e-01, -2.36595038e-01, -3.82197573e-01,
        -2.09389103e-01, -1.52761090e-01, -4.79048435e-02],
       [ 7.64599420e-01,  1.84791232e-01,  4.12829850e-01,
         3.14879023e-01,  8.43177460e-02, -9.71437032e-02,
         1.10482201e+00, -1.01818226e+00, -5.07958692e-02,
        -2.55171441e-01,  3.64490811e-01, -2.75188303e-01,
        -6.31788115e-02, -6.56900426e-02, -1.80858009e-01,
        -5.15590352e-02, -8.42348813e-02,  2.99072895e-02],
       [ 3.85043084e-01,  7.25477090e-01,  3.10467805e-01,
         8.43177460e-02,  4.20816871e-01, -1.27402944e-02,
         1.76663215e+00,  8.43002095e-01,  2.11717588e-01,
        -2.13361446e-01, -3.52079591e-02, -3.85369086e-01,
        -1.77141495e-01, -1.71153326e-02, -5.33895245e-02,
        -3.81510237e-02, -1.15711385e-01,  2.29062301e-02],
       [-8.79213548e-01, -3.19488109e-01,  2.98044389e-01,
        -9.71437032e-02, -1.27402944e-02,  4.65399923e-01,
         1.39302897e+00,  4.87971507e-01,  9.33210073e-01,
        -2.18581490e-02, -3.49040189e-02,  1.56915017e-01,
         1.73301522e-01,  8.44254731e-02,  1.06644180e-01,
        -1.02324863e-02, -1.36032107e-02, -1.84380024e-01],
       [ 5.60349919e-01,  1.03730625e+00,  3.17177922e+00,
         1.10482201e+00,  1.76663215e+00,  1.39302897e+00,
         2.20650898e+01,  7.76080236e-01,  3.69594530e+00,
        -2.14865570e+00,  1.30708575e+00, -1.28027929e+00,
        -4.76752452e-01, -1.91795795e-01, -4.95867257e-01,
        -4.40416305e-01, -1.63461985e+00, -8.39077011e-01],
       [-2.23699241e+00,  3.30005939e-01, -1.91147579e+00,
        -1.01818226e+00,  8.43002095e-01,  4.87971507e-01,
         7.76080236e-01,  1.10596473e+01, -1.79021370e+00,
         2.67601236e-01, -2.30515818e+00,  1.13189855e+00,
         1.13672359e-01,  6.73792310e-01,  1.09445099e+00,
         4.24691152e-01,  3.02223617e-01, -6.46698763e-02],
       [-7.14419088e-01,  1.57524944e+00,  2.09493275e+00,
        -5.07958692e-02,  2.11717588e-01,  9.33210073e-01,
         3.69594530e+00, -1.79021370e+00,  8.76723845e+00,
        -2.84406854e-02,  7.89521626e-01, -1.74066196e+00,
         7.53037175e-02, -7.34269793e-01, -3.16416413e-01,
         1.02905163e-01, -3.24814028e-01, -2.30580314e-01],
       [-7.71182397e-01, -4.92864968e-02, -2.23313120e-01,
        -2.55171441e-01, -2.13361446e-01, -2.18581490e-02,
        -2.14865570e+00,  2.67601236e-01, -2.84406854e-02,
         9.16114782e-01, -2.31450881e-01,  1.29706481e-01,
         4.66111052e-02,  7.34677632e-02,  1.15871601e-01,
         4.76441268e-02,  3.23453459e-01,  1.02892334e-01],
       [ 6.35259035e-01,  5.54553169e-02,  9.89191217e-01,
         3.64490811e-01, -3.52079591e-02, -3.49040189e-02,
         1.30708575e+00, -2.30515818e+00,  7.89521626e-01,
        -2.31450881e-01,  1.19307102e+00, -6.39902155e-01,
        -8.07281621e-02, -2.73445148e-01, -4.18857719e-01,
        -1.96958110e-01, -1.53360357e-01, -9.07120708e-02],
       [-1.12314441e+00, -1.59536967e+00, -1.23193100e+00,
        -2.75188303e-01, -3.85369086e-01,  1.56915017e-01,
        -1.28027929e+00,  1.13189855e+00, -1.74066196e+00,
         1.29706481e-01, -6.39902155e-01,  1.71068013e+00,
         2.50438254e-01,  4.34158853e-01,  3.45847522e-01,
        -2.72443039e-03,  1.26831357e-01, -8.18933097e-02],
       [-5.38402335e-01, -3.51644427e-01, -1.28508214e-01,
        -6.31788115e-02, -1.77141495e-01,  1.73301522e-01,
        -4.76752452e-01,  1.13672359e-01,  7.53037175e-02,
         4.66111052e-02, -8.07281621e-02,  2.50438254e-01,
         2.35560887e-01,  7.07461219e-02,  6.82579866e-02,
         7.27809824e-02,  1.26753138e-01, -1.33242516e-01],
       [-3.55382764e-01, -3.26285323e-01, -2.36595038e-01,
        -6.56900426e-02, -1.71153326e-02,  8.44254731e-02,
        -1.91795795e-01,  6.73792310e-01, -7.34269793e-01,
         7.34677632e-02, -2.73445148e-01,  4.34158853e-01,
         7.07461219e-02,  2.09591552e-01,  1.30189468e-01,
        -1.26339335e-02,  1.06565385e-01, -5.50109393e-03],
       [-4.42588389e-01, -2.98234190e-01, -3.82197573e-01,
        -1.80858009e-01, -5.33895245e-02,  1.06644180e-01,
        -4.95867257e-01,  1.09445099e+00, -3.16416413e-01,
         1.15871601e-01, -4.18857719e-01,  3.45847522e-01,
         6.82579866e-02,  1.30189468e-01,  2.33126181e-01,
         7.63363741e-02,  5.71997509e-02,  3.42445575e-02],
       [-3.29364538e-02,  6.34063465e-02, -2.09389103e-01,
        -5.15590352e-02, -3.81510237e-02, -1.02324863e-02,
        -4.40416305e-01,  4.24691152e-01,  1.02905163e-01,
         4.76441268e-02, -1.96958110e-01, -2.72443039e-03,
         7.27809824e-02, -1.26339335e-02,  7.63363741e-02,
         1.28766847e-01,  5.14048658e-02,  9.20728838e-03],
       [-3.22122154e-01, -8.90454702e-03, -1.52761090e-01,
        -8.42348813e-02, -1.15711385e-01, -1.36032107e-02,
        -1.63461985e+00,  3.02223617e-01, -3.24814028e-01,
         3.23453459e-01, -1.53360357e-01,  1.26831357e-01,
         1.26753138e-01,  1.06565385e-01,  5.71997509e-02,
         5.14048658e-02,  2.86650524e-01,  2.09271352e-02],
       [ 4.89581981e-01,  1.62897700e-01, -4.79048435e-02,
         2.99072895e-02,  2.29062301e-02, -1.84380024e-01,
        -8.39077011e-01, -6.46698763e-02, -2.30580314e-01,
         1.02892334e-01, -9.07120708e-02, -8.18933097e-02,
        -1.33242516e-01, -5.50109393e-03,  3.42445575e-02,
         9.20728838e-03,  2.09271352e-02,  2.29197967e-01]])
      jac: array([-9.65708994e-07,  7.43849427e-07, -2.02319643e-06,  2.38383387e-06,
       -1.16240351e-06,  4.14094684e-06, -6.03221177e-08,  8.56722101e-08,
       -3.34362168e-07, -3.97644880e-07,  3.67298784e-07, -1.07913678e-06,
       -6.67244038e-07,  8.64678699e-07, -4.02825921e-06,  3.35287353e-07,
       -1.00882266e-06,  4.09431748e-06])
  message: 'Optimization terminated successfully.'
     nfev: 1406
      nit: 65
     njev: 74
   status: 0
  success: True
        x: array([-0.20551393, -0.47042204,  0.7103424 , -0.65875885, -0.72148247,
        0.06035469, -0.18416393, -1.48608842, -0.61391219,  0.0976693 ,
        0.73222876,  1.05004547,  0.04875801,  0.142547  , -0.43502599,
        0.92124963, -0.50055955, -0.0157957 ])
