Program Begingeth
      fun: 0.19312015744554442
 hess_inv: array([[ 8.80577312e+00, -3.53528545e+00, -1.49859594e+00,
         1.60534459e+00, -7.98029557e-01,  1.53842047e+00,
        -7.03741059e-01, -8.38702624e-01, -2.66235871e+00,
         3.66704795e-03, -9.18373671e-01,  5.09838334e+00,
        -2.17473884e+00,  1.16901570e+00,  6.15270008e-01,
        -2.18900470e-01,  3.38349897e-01, -8.03859766e-01],
       [-3.53528545e+00,  2.99764225e+00,  1.12456807e+00,
        -6.17621795e-01,  6.42455233e-01, -6.60915369e-01,
        -9.93290938e-01,  1.35163350e+00,  9.91075237e-01,
        -1.07000989e+00, -2.52955972e-01, -3.24455988e+00,
         1.06037266e+00, -5.70358420e-01, -2.53819274e-01,
        -1.36988554e-01,  9.67463223e-02,  3.00375924e-01],
       [-1.49859594e+00,  1.12456807e+00,  1.57709402e+00,
        -3.52521911e-01,  2.06873530e-01, -5.51543382e-02,
        -5.54278599e-01,  8.77392596e-01,  2.89296888e-01,
        -6.66305702e-01,  7.75081254e-01, -2.25541969e+00,
         4.06463744e-01, -3.97314412e-01, -1.79496489e-01,
        -7.11902607e-02,  1.28740966e-01,  6.73262172e-02],
       [ 1.60534459e+00, -6.17621795e-01, -3.52521911e-01,
         3.23709102e-01, -1.31587682e-01,  2.58597455e-01,
         5.53396518e-02, -1.83049515e-01, -5.27365120e-01,
        -1.51329984e-02, -2.60277873e-01,  9.56064089e-01,
        -3.48769616e-01,  2.26274388e-01,  1.32958591e-01,
        -1.86042385e-03,  4.48522209e-02, -1.28319386e-01],
       [-7.98029557e-01,  6.42455233e-01,  2.06873530e-01,
        -1.31587682e-01,  1.67608751e-01, -1.44279596e-01,
         8.42538837e-02,  2.26535295e-01,  1.31642847e-01,
        -1.58565034e-01, -1.12290104e-01, -6.28252436e-01,
         2.48557023e-01, -8.11257158e-02, -4.34283832e-02,
         2.55617974e-02,  1.42768128e-02,  7.62122055e-02],
       [ 1.53842047e+00, -6.60915369e-01, -5.51543382e-02,
         2.58597455e-01, -1.44279596e-01,  3.51016107e-01,
        -3.36153918e-02, -1.96345609e-01, -5.13079230e-01,
         1.12119497e-01, -8.13882162e-02,  7.59275417e-01,
        -4.29495886e-01,  2.03317876e-01,  1.30257468e-01,
        -3.55802317e-02,  5.91878093e-02, -1.47759508e-01],
       [-7.03741059e-01, -9.93290938e-01, -5.54278599e-01,
         5.53396518e-02,  8.42538837e-02, -3.36153918e-02,
         1.01453481e+01, -6.95943184e-01, -1.07048293e+00,
         9.24600758e-01, -6.64243041e-01,  1.06993823e+00,
         5.67854052e-01,  5.21844701e-01,  4.45687678e-01,
         1.54560171e+00, -2.22361535e-01,  5.70770982e-01],
       [-8.38702624e-01,  1.35163350e+00,  8.77392596e-01,
        -1.83049515e-01,  2.26535295e-01, -1.96345609e-01,
        -6.95943184e-01,  5.27510104e+00,  7.03446578e-01,
        -1.93084073e+00,  3.30880501e-01, -1.15302265e+00,
         5.95010522e-01, -1.97139389e-01, -1.34259712e-01,
        -6.10431807e-02,  7.90541136e-01,  2.99134448e-01],
       [-2.66235871e+00,  9.91075237e-01,  2.89296888e-01,
        -5.27365120e-01,  1.31642847e-01, -5.13079230e-01,
        -1.07048293e+00,  7.03446578e-01,  3.85054748e+00,
        -1.56079307e-01,  8.41511799e-02, -1.08812575e+00,
         5.35234605e-01, -3.84007275e-01, -2.36677911e-01,
        -2.08082258e-01, -5.44292718e-02,  5.71614431e-01],
       [ 3.66704795e-03, -1.07000989e+00, -6.66305702e-01,
        -1.51329984e-02, -1.58565034e-01,  1.12119497e-01,
         9.24600758e-01, -1.93084073e+00, -1.56079307e-01,
         2.02715880e+00,  5.92265762e-02,  1.07388471e+00,
        -4.28689975e-01,  1.26335118e-01,  5.79566997e-02,
         1.33055455e-01, -3.86506769e-01, -1.43580890e-01],
       [-9.18373671e-01, -2.52955972e-01,  7.75081254e-01,
        -2.60277873e-01, -1.12290104e-01, -8.13882162e-02,
        -6.64243041e-01,  3.30880501e-01,  8.41511799e-02,
         5.92265762e-02,  1.57944047e+00, -8.76371028e-01,
         1.37742672e-01, -3.77747472e-01, -2.84606636e-01,
        -2.29705093e-02, -6.70757105e-03, -1.02197726e-01],
       [ 5.09838334e+00, -3.24455988e+00, -2.25541969e+00,
         9.56064089e-01, -6.28252436e-01,  7.59275417e-01,
         1.06993823e+00, -1.15302265e+00, -1.08812575e+00,
         1.07388471e+00, -8.76371028e-01,  5.13199951e+00,
        -1.38696084e+00,  1.01132397e+00,  3.97335568e-01,
         1.27361032e-01,  3.28720817e-02, -3.17269619e-01],
       [-2.17473884e+00,  1.06037266e+00,  4.06463744e-01,
        -3.48769616e-01,  2.48557023e-01, -4.29495886e-01,
         5.67854052e-01,  5.95010522e-01,  5.35234605e-01,
        -4.28689975e-01,  1.37742672e-01, -1.38696084e+00,
         7.15649627e-01, -2.77655938e-01, -1.35274728e-01,
         1.44443464e-01, -2.15287262e-02,  2.60785542e-01],
       [ 1.16901570e+00, -5.70358420e-01, -3.97314412e-01,
         2.26274388e-01, -8.11257158e-02,  2.03317876e-01,
         5.21844701e-01, -1.97139389e-01, -3.84007275e-01,
         1.26335118e-01, -3.77747472e-01,  1.01132397e+00,
        -2.77655938e-01,  2.82951261e-01,  1.35216494e-01,
         6.44038458e-02,  4.45674999e-02, -4.58008719e-02],
       [ 6.15270008e-01, -2.53819274e-01, -1.79496489e-01,
         1.32958591e-01, -4.34283832e-02,  1.30257468e-01,
         4.45687678e-01, -1.34259712e-01, -2.36677911e-01,
         5.79566997e-02, -2.84606636e-01,  3.97335568e-01,
        -1.35274728e-01,  1.35216494e-01,  1.32025348e-01,
         4.26202598e-02,  2.91521192e-03,  1.05510005e-03],
       [-2.18900470e-01, -1.36988554e-01, -7.11902607e-02,
        -1.86042385e-03,  2.55617974e-02, -3.55802317e-02,
         1.54560171e+00, -6.10431807e-02, -2.08082258e-01,
         1.33055455e-01, -2.29705093e-02,  1.27361032e-01,
         1.44443464e-01,  6.44038458e-02,  4.26202598e-02,
         2.66113752e-01, -3.58481166e-02,  8.61779566e-02],
       [ 3.38349897e-01,  9.67463223e-02,  1.28740966e-01,
         4.48522209e-02,  1.42768128e-02,  5.91878093e-02,
        -2.22361535e-01,  7.90541136e-01, -5.44292718e-02,
        -3.86506769e-01, -6.70757105e-03,  3.28720817e-02,
        -2.15287262e-02,  4.45674999e-02,  2.91521192e-03,
        -3.58481166e-02,  1.72480720e-01,  1.02387678e-03],
       [-8.03859766e-01,  3.00375924e-01,  6.73262172e-02,
        -1.28319386e-01,  7.62122055e-02, -1.47759508e-01,
         5.70770982e-01,  2.99134448e-01,  5.71614431e-01,
        -1.43580890e-01, -1.02197726e-01, -3.17269619e-01,
         2.60785542e-01, -4.58008719e-02,  1.05510005e-03,
         8.61779566e-02,  1.02387678e-03,  2.00334678e-01]])
      jac: array([-9.28553531e-06,  1.78597877e-06,  7.06953015e-06,  2.84511303e-05,
       -1.38822287e-05, -2.19032200e-05, -1.71048361e-06, -6.60027588e-07,
        9.49240686e-07, -2.60014232e-06, -1.41460917e-06,  4.98138568e-06,
       -1.60900922e-05, -4.11152593e-07,  2.27477296e-05,  1.23012711e-05,
        5.68822767e-06, -1.05482290e-05])
  message: 'Desired error not necessarily achieved due to precision loss.'
     nfev: 2537
      nit: 96
     njev: 133
   status: 2
  success: False
        x: array([ 0.66522837, -0.12044609,  0.58849308,  1.20621902, -0.27005385,
        0.11818618, -1.84114694, -0.59528436, -0.80849244, -0.02773989,
        0.68044608,  0.76557509,  0.08802281,  0.19930183, -0.30903603,
       -1.32182846, -0.4911365 , -0.09510785])
