Program Begingeth
      fun: 0.2609460766530266
 hess_inv: array([[ 3.54965421e+00, -3.07656082e-01, -5.05950731e-02,
         4.56194024e-01, -2.88371229e-01,  8.13711450e-01,
        -1.53137332e+00,  2.16207601e-01,  3.56302110e-01,
        -9.23416629e-01, -2.96638230e-01,  3.51141156e-01,
        -5.63620564e-01,  3.58485364e-02,  2.42071476e-01,
         2.18424571e-01,  1.99934581e-01, -6.73053820e-01],
       [-3.07656082e-01,  2.32951396e+00,  8.84140205e-01,
         8.41390586e-02,  5.23871279e-01, -3.84781963e-02,
        -1.04631029e+00, -3.23358107e-02,  2.64593149e+00,
         1.50747075e-01, -1.79595231e-03, -1.60423823e+00,
         1.74684727e-01, -3.57018197e-01, -2.12184849e-01,
        -1.05041072e-01,  1.28580068e-01,  2.41134727e-02],
       [-5.05950731e-02,  8.84140205e-01,  1.90880775e+00,
        -2.24229587e-01,  1.32711509e-01,  1.99156286e-01,
        -5.52127953e-01, -2.24739348e+00,  1.50864456e+00,
         5.53354951e-03,  9.84217870e-01, -1.35943070e+00,
        -2.78392263e-02, -2.59030223e-01, -3.51094898e-01,
         1.92160928e-01,  5.45238194e-02,  6.50275516e-02],
       [ 4.56194024e-01,  8.41390586e-02, -2.24229587e-01,
         1.74615564e-01, -4.39291022e-03,  6.60095007e-02,
        -1.77213824e-02,  4.94850621e-01,  2.50320581e-01,
        -1.30064435e-01, -2.30680866e-01,  2.67029561e-02,
         7.26761728e-03, -1.56273544e-02,  9.78242060e-02,
        -5.05034014e-03,  8.37219385e-03, -5.27506676e-02],
       [-2.88371229e-01,  5.23871279e-01,  1.32711509e-01,
        -4.39291022e-03,  3.70792494e-01,  1.77766400e-03,
        -1.99274509e+00,  2.99089836e-01,  2.49210852e-01,
         3.62420251e-01, -3.86493699e-02, -2.35145022e-01,
         1.65559153e-01,  2.47066601e-02, -2.96018047e-02,
        -8.61054813e-03, -1.55019871e-01, -1.61786010e-02],
       [ 8.13711450e-01, -3.84781963e-02,  1.99156286e-01,
         6.60095007e-02,  1.77766400e-03,  3.31667154e-01,
        -1.17305349e+00, -2.00368113e-02,  3.77229868e-01,
        -1.40261333e-02, -7.19885236e-02,  1.62764759e-02,
        -1.70811348e-01,  2.82382103e-02,  1.00936286e-01,
         2.74059616e-02, -1.02065616e-02, -1.59306114e-01],
       [-1.53137332e+00, -1.04631029e+00, -5.52127953e-01,
        -1.77213824e-02, -1.99274509e+00, -1.17305349e+00,
         2.34647958e+01,  4.88476494e-01, -1.18763979e+00,
        -2.26143940e+00, -1.07424840e-01,  2.69055069e-01,
        -4.64338884e-01, -1.50004173e-01, -8.27153620e-02,
         1.69191016e-02,  1.95383774e+00,  1.15607006e+00],
       [ 2.16207601e-01, -3.23358107e-02, -2.24739348e+00,
         4.94850621e-01,  2.99089836e-01, -2.00368113e-02,
         4.88476494e-01,  7.04711766e+00, -1.24057366e+00,
         4.89420986e-02, -1.78876287e+00,  1.15358738e+00,
         4.24983359e-02,  4.48331014e-01,  8.02309545e-01,
        -4.42930628e-01,  3.15636411e-01,  8.36944379e-02],
       [ 3.56302110e-01,  2.64593149e+00,  1.50864456e+00,
         2.50320581e-01,  2.49210852e-01,  3.77229868e-01,
        -1.18763979e+00, -1.24057366e+00,  7.06480865e+00,
        -1.37091241e-02,  2.50276732e-01, -2.18113835e+00,
         4.06015811e-02, -8.17606537e-01, -1.70658798e-01,
        -1.93706146e-01,  9.74901600e-03,  1.15006800e-01],
       [-9.23416629e-01,  1.50747075e-01,  5.53354951e-03,
        -1.30064435e-01,  3.62420251e-01, -1.40261333e-02,
        -2.26143940e+00,  4.89420986e-02, -1.37091241e-02,
         1.02895182e+00,  2.98250159e-02, -2.94844734e-02,
         1.27987096e-01,  4.91730291e-02, -1.95550388e-02,
        -7.75732287e-02, -3.30633190e-01, -1.48023194e-02],
       [-2.96638230e-01, -1.79595231e-03,  9.84217870e-01,
        -2.30680866e-01, -3.86493699e-02, -7.19885236e-02,
        -1.07424840e-01, -1.78876287e+00,  2.50276732e-01,
         2.98250159e-02,  1.19344108e+00, -5.89477356e-01,
         2.69273766e-02, -2.30717127e-01, -3.82953633e-01,
         1.86711397e-01, -7.57775816e-02, -2.58575529e-02],
       [ 3.51141156e-01, -1.60423823e+00, -1.35943070e+00,
         2.67029561e-02, -2.35145022e-01,  1.62764759e-02,
         2.69055069e-01,  1.15358738e+00, -2.18113835e+00,
        -2.94844734e-02, -5.89477356e-01,  1.82005549e+00,
        -1.18052577e-01,  4.44214261e-01,  2.65391323e-01,
         1.71748822e-02, -5.19436462e-02, -8.54404547e-02],
       [-5.63620564e-01,  1.74684727e-01, -2.78392263e-02,
         7.26761728e-03,  1.65559153e-01, -1.70811348e-01,
        -4.64338884e-01,  4.24983359e-02,  4.06015811e-02,
         1.27987096e-01,  2.69273766e-02, -1.18052577e-01,
         2.52894226e-01, -1.70648200e-02, -4.27034694e-02,
         1.22057611e-02, -1.39120991e-01,  1.26869001e-01],
       [ 3.58485364e-02, -3.57018197e-01, -2.59030223e-01,
        -1.56273544e-02,  2.47066601e-02,  2.82382103e-02,
        -1.50004173e-01,  4.48331014e-01, -8.17606537e-01,
         4.91730291e-02, -2.30717127e-01,  4.44214261e-01,
        -1.70648200e-02,  1.99830537e-01,  9.36896613e-02,
         1.76402955e-02,  1.02922765e-02,  2.35465250e-03],
       [ 2.42071476e-01, -2.12184849e-01, -3.51094898e-01,
         9.78242060e-02, -2.96018047e-02,  1.00936286e-01,
        -8.27153620e-02,  8.02309545e-01, -1.70658798e-01,
        -1.95550388e-02, -3.82953633e-01,  2.65391323e-01,
        -4.27034694e-02,  9.36896613e-02,  2.05765849e-01,
        -6.89073572e-02,  5.50861764e-03,  9.94952949e-03],
       [ 2.18424571e-01, -1.05041072e-01,  1.92160928e-01,
        -5.05034014e-03, -8.61054813e-03,  2.74059616e-02,
         1.69191016e-02, -4.42930628e-01, -1.93706146e-01,
        -7.75732287e-02,  1.86711397e-01,  1.71748822e-02,
         1.22057611e-02,  1.76402955e-02, -6.89073572e-02,
         1.31689946e-01, -7.45543670e-03, -3.63179378e-02],
       [ 1.99934581e-01,  1.28580068e-01,  5.45238194e-02,
         8.37219385e-03, -1.55019871e-01, -1.02065616e-02,
         1.95383774e+00,  3.15636411e-01,  9.74901600e-03,
        -3.30633190e-01, -7.57775816e-02, -5.19436462e-02,
        -1.39120991e-01,  1.02922765e-02,  5.50861764e-03,
        -7.45543670e-03,  3.12817269e-01,  3.88463743e-02],
       [-6.73053820e-01,  2.41134727e-02,  6.50275516e-02,
        -5.27506676e-02, -1.61786010e-02, -1.59306114e-01,
         1.15607006e+00,  8.36944379e-02,  1.15006800e-01,
        -1.48023194e-02, -2.58575529e-02, -8.54404547e-02,
         1.26869001e-01,  2.35465250e-03,  9.94952949e-03,
        -3.63179378e-02,  3.88463743e-02,  2.57538877e-01]])
      jac: array([ 2.30926389e-07,  2.09462077e-07,  1.58021744e-07, -5.82497014e-07,
       -1.54321000e-07, -7.58652400e-07,  4.32986980e-08,  6.25425637e-08,
        6.58732328e-08,  5.29206308e-08,  2.55351296e-08,  9.80697005e-08,
       -5.21804822e-08,  4.20034378e-07,  5.56961884e-07, -5.25505565e-08,
       -4.66663745e-07, -1.23974904e-07])
  message: 'Optimization terminated successfully.'
     nfev: 1406
      nit: 66
     njev: 74
   status: 0
  success: True
        x: array([ 0.17751221, -0.50589022,  0.67142069,  0.84657041, -0.62825277,
        0.03011165,  0.09668871, -1.64685098, -0.57123293,  0.07151096,
        0.6973661 ,  1.04389842,  0.1035951 ,  0.08730501, -0.4313373 ,
       -0.86344936, -0.80382144,  0.0105624 ])
