Program Begingeth
      fun: 0.28809012794437155
 hess_inv: array([[ 2.63955635e+01,  8.06560547e+00,  1.21443590e+01,
         7.71219704e+00,  4.33168565e+00,  3.66751122e+00,
         1.79017825e+01, -1.66823909e+00, -6.28978838e+00,
        -1.66573184e+00,  4.22234533e-01, -1.20629714e+00,
        -3.74728694e+00, -1.09391842e+00, -6.17164806e-02,
         5.71086213e-01, -2.87275328e+00,  8.96990207e-01],
       [ 8.06560547e+00,  5.92673869e+00,  4.42866322e+00,
         2.15540749e+00,  2.56574111e+00,  1.73096851e+00,
         5.79260887e+00,  1.46450296e+00, -3.03878550e-01,
        -7.78699052e-01, -1.27922939e-01, -9.82819640e-01,
        -1.17100274e+00, -5.05615245e-01,  4.51352934e-01,
         3.64257128e-01, -7.18863990e-01,  4.67615353e-01],
       [ 1.21443590e+01,  4.42866322e+00,  1.00344594e+01,
         3.88710360e+00,  1.83853507e+00,  3.26845994e+00,
         1.22993606e+01, -2.61903740e+00, -1.59970975e+00,
        -6.48965420e-01,  7.83047812e-01, -9.27259601e-01,
        -1.51129889e+00, -9.18485177e-01, -8.26354092e-02,
         5.12037786e-01, -1.25980394e+00,  7.45631547e-01],
       [ 7.71219704e+00,  2.15540749e+00,  3.88710360e+00,
         2.40873824e+00,  1.15016313e+00,  1.17725293e+00,
         6.11461590e+00, -7.36775310e-01, -1.99996765e+00,
        -4.47265204e-01,  1.70377433e-01, -2.86829845e-01,
        -9.85743598e-01, -2.91148510e-01, -5.28492629e-02,
         2.02258711e-01, -7.64799350e-01,  2.67870267e-01],
       [ 4.33168565e+00,  2.56574111e+00,  1.83853507e+00,
         1.15016313e+00,  1.25566352e+00,  6.93415561e-01,
         2.64378977e+00,  9.90064027e-01, -5.47988986e-01,
        -4.36121184e-01, -1.06552776e-01, -3.40839813e-01,
        -6.60814158e-01, -1.74085486e-01,  1.77336153e-01,
         1.11555308e-01, -4.29996453e-01,  1.93687691e-01],
       [ 3.66751122e+00,  1.73096851e+00,  3.26845994e+00,
         1.17725293e+00,  6.93415561e-01,  1.17653290e+00,
         3.95418664e+00, -4.64107388e-01, -3.08174163e-02,
        -3.24099509e-01,  1.24576692e-01, -3.48388218e-01,
        -4.08116304e-01, -2.87915605e-01,  6.51255115e-02,
         2.01792459e-01, -3.61791393e-01,  2.50339842e-01],
       [ 1.79017825e+01,  5.79260887e+00,  1.22993606e+01,
         6.11461590e+00,  2.64378977e+00,  3.95418664e+00,
         1.95713436e+01, -2.89394417e+00, -4.02139333e+00,
        -8.21427579e-01,  6.50677014e-01, -8.98536544e-01,
        -2.04716032e+00, -8.70516304e-01, -7.53887694e-02,
         6.53621674e-01, -1.58214181e+00,  8.83382281e-01],
       [-1.66823909e+00,  1.46450296e+00, -2.61903740e+00,
        -7.36775310e-01,  9.90064027e-01, -4.64107388e-01,
        -2.89394417e+00,  5.57467884e+00,  1.06139353e+00,
        -6.07885329e-01, -6.30331171e-01,  5.09250986e-02,
         2.53627567e-01,  2.97801059e-01,  4.65414445e-01,
        -5.16860077e-02,  2.27816078e-01, -1.16627802e-01],
       [-6.28978838e+00, -3.03878550e-01, -1.59970975e+00,
        -1.99996765e+00, -5.47988986e-01, -3.08174163e-02,
        -4.02139333e+00,  1.06139353e+00,  4.65744700e+00,
        -4.89463686e-02, -1.26025597e-01, -7.55351883e-02,
         9.26997055e-01, -4.73307535e-02,  1.95088957e-01,
         3.04471962e-02,  5.80615013e-01, -1.86545012e-01],
       [-1.66573184e+00, -7.78699052e-01, -6.48965420e-01,
        -4.47265204e-01, -4.36121184e-01, -3.24099509e-01,
        -8.21427579e-01, -6.07885329e-01, -4.89463686e-02,
         7.59026217e-01, -1.98022393e-02,  1.45331635e-01,
         9.87454366e-02,  9.27060264e-02, -9.97103163e-03,
        -5.49126233e-02,  2.18511010e-01,  1.01127703e-01],
       [ 4.22234533e-01, -1.27922939e-01,  7.83047812e-01,
         1.70377433e-01, -1.06552776e-01,  1.24576692e-01,
         6.50677014e-01, -6.30331171e-01, -1.26025597e-01,
        -1.98022393e-02,  7.03731509e-01, -7.65312035e-02,
        -4.05487622e-02, -2.27723127e-01, -2.36875560e-01,
         8.83699453e-03, -8.82816689e-02, -9.06035151e-02],
       [-1.20629714e+00, -9.82819640e-01, -9.27259601e-01,
        -2.86829845e-01, -3.40839813e-01, -3.48388218e-01,
        -8.98536544e-01,  5.09250986e-02, -7.55351883e-02,
         1.45331635e-01, -7.65312035e-02,  4.50351296e-01,
         1.58886548e-01,  2.00249054e-01, -1.00175167e-01,
        -1.18471014e-01,  1.64061483e-01, -6.60255813e-02],
       [-3.74728694e+00, -1.17100274e+00, -1.51129889e+00,
        -9.85743598e-01, -6.60814158e-01, -4.08116304e-01,
        -2.04716032e+00,  2.53627567e-01,  9.26997055e-01,
         9.87454366e-02, -4.05487622e-02,  1.58886548e-01,
         6.93772074e-01,  1.62892471e-01,  7.79792281e-03,
        -9.64334018e-04,  4.73507235e-01, -1.61826037e-01],
       [-1.09391842e+00, -5.05615245e-01, -9.18485177e-01,
        -2.91148510e-01, -1.74085486e-01, -2.87915605e-01,
        -8.70516304e-01,  2.97801059e-01, -4.73307535e-02,
         9.27060264e-02, -2.27723127e-01,  2.00249054e-01,
         1.62892471e-01,  1.95110272e-01,  3.41392724e-02,
        -5.70248978e-02,  1.76829081e-01, -2.82569241e-02],
       [-6.17164806e-02,  4.51352934e-01, -8.26354092e-02,
        -5.28492629e-02,  1.77336153e-01,  6.51255115e-02,
        -7.53887694e-02,  4.65414445e-01,  1.95088957e-01,
        -9.97103163e-03, -2.36875560e-01, -1.00175167e-01,
         7.79792281e-03,  3.41392724e-02,  1.62230316e-01,
         3.75510297e-02,  3.42976180e-02,  7.67891967e-02],
       [ 5.71086213e-01,  3.64257128e-01,  5.12037786e-01,
         2.02258711e-01,  1.11555308e-01,  2.01792459e-01,
         6.53621674e-01, -5.16860077e-02,  3.04471962e-02,
        -5.49126233e-02,  8.83699453e-03, -1.18471014e-01,
        -9.64334018e-04, -5.70248978e-02,  3.75510297e-02,
         9.67493785e-02, -2.64397214e-02,  3.71766080e-02],
       [-2.87275328e+00, -7.18863990e-01, -1.25980394e+00,
        -7.64799350e-01, -4.29996453e-01, -3.61791393e-01,
        -1.58214181e+00,  2.27816078e-01,  5.80615013e-01,
         2.18511010e-01, -8.82816689e-02,  1.64061483e-01,
         4.73507235e-01,  1.76829081e-01,  3.42976180e-02,
        -2.64397214e-02,  4.19993148e-01, -7.46680860e-02],
       [ 8.96990207e-01,  4.67615353e-01,  7.45631547e-01,
         2.67870267e-01,  1.93687691e-01,  2.50339842e-01,
         8.83382281e-01, -1.16627802e-01, -1.86545012e-01,
         1.01127703e-01, -9.06035151e-02, -6.60255813e-02,
        -1.61826037e-01, -2.82569241e-02,  7.67891967e-02,
         3.71766080e-02, -7.46680860e-02,  1.58098473e-01]])
      jac: array([-1.43292785e-06,  1.54469030e-06, -1.75119178e-06,  4.48011998e-06,
       -4.27102798e-06,  4.58633131e-06, -4.08932147e-07,  3.51940699e-07,
       -1.62092562e-07, -9.20744962e-07,  8.11202957e-07, -8.31927120e-07,
       -2.24080014e-06,  3.49276164e-06, -4.03158988e-06,  2.64603154e-07,
       -2.22636724e-06,  4.31136608e-06])
  message: 'Optimization terminated successfully.'
     nfev: 1729
      nit: 80
     njev: 91
   status: 0
  success: True
        x: array([-0.45460655, -0.98915667, -0.21124512, -0.99505886, -0.98881101,
       -0.19326633, -1.72695774, -1.25181995, -1.07766692,  0.09206645,
        0.46067073,  1.23332912,  0.05145124,  0.11980497, -0.31560257,
        1.12437043, -0.57696287, -0.01860142])
