Program Begingeth
      fun: 0.2362687143271419
 hess_inv: array([[ 8.24116773e+00, -1.68206798e+00,  1.81114495e+00,
         2.71615573e+00, -9.30056460e-01,  1.10727883e+00,
         5.29418046e+00, -1.77828956e+00, -8.12982788e+00,
        -7.87226620e-02, -3.25487953e-01,  9.81305615e-01,
        -9.90453902e-01,  4.54111732e-01, -4.37282309e-02,
         1.18066039e-01,  6.73375685e-01, -1.00612480e+00],
       [-1.68206798e+00,  2.52039306e+00,  2.22069515e-01,
        -3.42774061e-01,  1.00299886e+00, -6.01657323e-01,
        -1.41317074e-01,  1.11082050e+00, -7.31143697e-01,
        -3.70558602e-01,  2.99537133e-01, -1.20609500e+00,
         4.88310051e-01, -2.62650722e-01, -2.29069350e-01,
         4.85963443e-02, -9.32075433e-02,  1.99687782e-01],
       [ 1.81114495e+00,  2.22069515e-01,  1.70416332e+00,
         6.96366199e-01,  2.13545177e-01,  4.81306672e-01,
         2.69819939e+00,  6.19699734e-01, -2.57583164e+00,
        -8.96631175e-02,  4.96311458e-01, -1.99049703e-01,
        -7.41020741e-02,  1.30748519e-01, -1.43666881e-01,
         2.13614438e-01,  2.24086389e-01, -1.79224868e-01],
       [ 2.71615573e+00, -3.42774061e-01,  6.96366199e-01,
         1.03820125e+00, -2.12023758e-01,  3.44134455e-01,
         2.48178648e+00, -7.42689031e-01, -3.00985258e+00,
         1.25225995e-02, -1.18072921e-01,  2.15151757e-01,
        -2.11995059e-01,  1.09156989e-01, -6.20551779e-03,
         8.34568369e-02,  1.38102565e-01, -2.98149572e-01],
       [-9.30056460e-01,  1.00299886e+00,  2.13545177e-01,
        -2.12023758e-01,  5.02506605e-01, -2.17042939e-01,
         6.03728855e-02,  9.63133009e-01,  1.75875835e-02,
        -1.64269420e-01,  2.10988110e-01, -4.29868063e-01,
         2.69542136e-01, -7.30033656e-02, -1.15612994e-01,
         8.43973423e-02, -5.66793669e-02,  1.32210642e-01],
       [ 1.10727883e+00, -6.01657323e-01,  4.81306672e-01,
         3.44134455e-01, -2.17042939e-01,  3.75949709e-01,
         9.56475654e-01, -2.96108534e-01, -4.57507203e-01,
         1.27578733e-01, -3.02770311e-02,  2.78861451e-01,
        -1.85793320e-01,  1.42195329e-01,  5.21637443e-02,
         3.80768108e-02,  1.10845622e-01, -1.23441918e-01],
       [ 5.29418046e+00, -1.41317074e-01,  2.69819939e+00,
         2.48178648e+00,  6.03728855e-02,  9.56475654e-01,
         8.95718301e+00, -9.69361353e-01, -6.97689993e+00,
         2.31475195e-01,  2.00142438e-01,  2.14242636e-01,
        -9.47213221e-02,  2.54777507e-01, -1.11115806e-01,
         4.25131647e-01,  1.53494199e-01, -4.99666155e-01],
       [-1.77828956e+00,  1.11082050e+00,  6.19699734e-01,
        -7.42689031e-01,  9.63133009e-01, -2.96108534e-01,
        -9.69361353e-01,  4.92738684e+00,  7.86157718e-01,
        -6.78773957e-01,  7.46600029e-01, -3.80739484e-01,
         3.76689687e-01,  1.75017812e-02, -3.43376881e-01,
         2.27627911e-01,  3.94844504e-02,  2.50628695e-01],
       [-8.12982788e+00, -7.31143697e-01, -2.57583164e+00,
        -3.00985258e+00,  1.75875835e-02, -4.57507203e-01,
        -6.97689993e+00,  7.86157718e-01,  1.30574772e+01,
         3.22064955e-01, -1.76819358e-01,  2.16453797e-01,
         6.51510126e-01, -1.24001980e-01,  4.01837305e-01,
        -1.94403265e-01, -5.97820527e-01,  9.98092607e-01],
       [-7.87226620e-02, -3.70558602e-01, -8.96631175e-02,
         1.25225995e-02, -1.64269420e-01,  1.27578733e-01,
         2.31475195e-01, -6.78773957e-01,  3.22064955e-01,
         6.78895593e-01, -3.55112789e-02,  8.98270984e-02,
        -1.43899756e-01, -3.06861200e-02,  2.43827005e-02,
        -3.41058720e-02, -1.07699711e-01, -1.37063410e-01],
       [-3.25487953e-01,  2.99537133e-01,  4.96311458e-01,
        -1.18072921e-01,  2.10988110e-01, -3.02770311e-02,
         2.00142438e-01,  7.46600029e-01, -1.76819358e-01,
        -3.55112789e-02,  7.02734292e-01, -3.12102308e-01,
         8.05428368e-02, -1.07252760e-01, -1.92416275e-01,
         9.72431760e-02,  1.83685129e-02, -5.27696264e-02],
       [ 9.81305615e-01, -1.20609500e+00, -1.99049703e-01,
         2.15151757e-01, -4.29868063e-01,  2.78861451e-01,
         2.14242636e-01, -3.80739484e-01,  2.16453797e-01,
         8.98270984e-02, -3.12102308e-01,  9.53656940e-01,
        -2.03896319e-01,  2.48218771e-01,  8.76947758e-02,
         3.41538602e-02,  1.13337307e-01, -6.44560667e-02],
       [-9.90453902e-01,  4.88310051e-01, -7.41020741e-02,
        -2.11995059e-01,  2.69542136e-01, -1.85793320e-01,
        -9.47213221e-02,  3.76689687e-01,  6.51510126e-01,
        -1.43899756e-01,  8.05428368e-02, -2.03896319e-01,
         2.99604026e-01, -7.43190639e-02, -1.07991380e-02,
         8.39484221e-02, -1.32400055e-01,  1.97523304e-01],
       [ 4.54111732e-01, -2.62650722e-01,  1.30748519e-01,
         1.09156989e-01, -7.30033656e-02,  1.42195329e-01,
         2.54777507e-01,  1.75017812e-02, -1.24001980e-01,
        -3.06861200e-02, -1.07252760e-01,  2.48218771e-01,
        -7.43190639e-02,  1.30012718e-01,  2.48898244e-02,
         2.28603623e-02,  9.86996399e-02, -1.99557315e-02],
       [-4.37282309e-02, -2.29069350e-01, -1.43666881e-01,
        -6.20551779e-03, -1.15612994e-01,  5.21637443e-02,
        -1.11115806e-01, -3.43376881e-01,  4.01837305e-01,
         2.43827005e-02, -1.92416275e-01,  8.76947758e-02,
        -1.07991380e-02,  2.48898244e-02,  1.11594737e-01,
        -3.45814880e-02, -3.07635862e-02,  6.46986806e-02],
       [ 1.18066039e-01,  4.85963443e-02,  2.13614438e-01,
         8.34568369e-02,  8.43973423e-02,  3.80768108e-02,
         4.25131647e-01,  2.27627911e-01, -1.94403265e-01,
        -3.41058720e-02,  9.72431760e-02,  3.41538602e-02,
         8.39484221e-02,  2.28603623e-02, -3.45814880e-02,
         1.02362491e-01, -4.65333916e-03,  1.54490148e-02],
       [ 6.73375685e-01, -9.32075433e-02,  2.24086389e-01,
         1.38102565e-01, -5.66793669e-02,  1.10845622e-01,
         1.53494199e-01,  3.94844504e-02, -5.97820527e-01,
        -1.07699711e-01,  1.83685129e-02,  1.13337307e-01,
        -1.32400055e-01,  9.86996399e-02, -3.07635862e-02,
        -4.65333916e-03,  1.73193253e-01, -8.71857838e-02],
       [-1.00612480e+00,  1.99687782e-01, -1.79224868e-01,
        -2.98149572e-01,  1.32210642e-01, -1.23441918e-01,
        -4.99666155e-01,  2.50628695e-01,  9.98092607e-01,
        -1.37063410e-01, -5.27696264e-02, -6.44560667e-02,
         1.97523304e-01, -1.99557315e-02,  6.46986806e-02,
         1.54490148e-02, -8.71857838e-02,  2.32770708e-01]])
      jac: array([ 1.46549439e-06, -5.56813854e-06,  3.43317967e-06, -1.19700546e-06,
        6.95092132e-06,  6.25610674e-07, -5.89343389e-07,  3.14378153e-07,
        1.26935499e-07,  3.09030579e-06, -5.70044012e-06,  1.07784152e-06,
        2.29314715e-05, -1.31742765e-05, -6.38193202e-06, -2.01764531e-05,
        1.32778973e-05, -3.66799184e-06])
  message: 'Desired error not necessarily achieved due to precision loss.'
     nfev: 3090
      nit: 98
     njev: 162
   status: 2
  success: False
        x: array([ 0.64964968, -0.7648772 ,  0.72834971,  1.06192777, -0.84794271,
        0.27693433,  1.97263089, -0.67536062,  0.8491566 ,  0.04533936,
        0.6621526 ,  1.16244676,  0.06265772,  0.17617759, -0.34633865,
       -0.89746926, -0.40132434, -0.00754858])
