Program Begingeth
      fun: 0.24989733106692552
 hess_inv: array([[ 4.46831121e+00,  2.07112098e+00, -8.08918656e-01,
         1.03239617e+00,  8.74168400e-01, -1.03818670e+00,
        -4.42900699e-01,  2.91242546e-01, -2.89947496e+00,
        -5.37581548e-02,  2.41309503e-01, -7.29032276e-01,
        -8.85064427e-01, -3.95899723e-01, -1.36619070e-01,
        -1.30653378e-01, -4.63383867e-01,  2.76804063e-01],
       [ 2.07112098e+00,  3.25864386e+00, -1.48310641e+00,
        -1.08098751e-02,  1.23826690e+00, -9.31498656e-01,
        -3.27817682e+00,  3.00895525e+00, -8.82639531e-01,
         3.88309838e-01, -6.50428474e-01, -1.09375934e+00,
        -6.54593169e-01, -4.22578843e-01,  1.89523857e-01,
         1.13969802e-01, -3.28382845e-01,  2.75992012e-01],
       [-8.08918656e-01, -1.48310641e+00,  9.14958435e+00,
         1.43210979e+00, -6.45691918e-01,  3.73760471e+00,
         1.71458647e+01, -7.14757451e+00,  8.84606508e+00,
        -2.32469899e-01,  2.91579839e+00, -7.04835694e-01,
         3.32121248e-01,  1.08610159e-01, -8.74559979e-01,
        -4.36796675e-01,  4.02102833e-01, -4.76005627e-01],
       [ 1.03239617e+00, -1.08098751e-02,  1.43210979e+00,
         6.30178461e-01,  3.81015954e-02,  4.28348511e-01,
         3.74145425e+00, -1.35837350e+00,  5.31551698e-01,
        -1.29671146e-01,  5.56503843e-01, -1.40190986e-01,
        -1.20413471e-01,  4.37296036e-04, -1.96949399e-01,
        -1.25245307e-01, -1.72985647e-02, -3.24212588e-02],
       [ 8.74168400e-01,  1.23826690e+00, -6.45691918e-01,
         3.81015954e-02,  5.30353316e-01, -3.69379492e-01,
        -8.64047652e-01,  1.57065033e+00, -6.03927354e-01,
         8.75834656e-02, -3.27998684e-01, -3.46704319e-01,
        -2.68802094e-01, -1.16248965e-01,  1.04682098e-01,
         2.53423745e-02, -1.29119731e-01,  1.20117051e-01],
       [-1.03818670e+00, -9.31498656e-01,  3.73760471e+00,
         4.28348511e-01, -3.69379492e-01,  1.70709728e+00,
         7.32287131e+00, -2.57470327e+00,  4.12660763e+00,
        -1.91725912e-01,  9.91394419e-01, -1.09114419e-01,
         2.98667201e-01,  1.36928196e-01, -2.77819729e-01,
        -1.42370209e-01,  2.22148144e-01, -2.27803071e-01],
       [-4.42900699e-01, -3.27817682e+00,  1.71458647e+01,
         3.74145425e+00, -8.64047652e-01,  7.32287131e+00,
         4.24347255e+01, -1.14164275e+01,  1.48768623e+01,
        -1.02518789e+00,  4.51003857e+00, -3.64230657e-01,
         5.05546815e-01,  8.01948649e-01, -1.38639376e+00,
        -1.02066270e+00,  7.06909715e-01, -8.53876689e-01],
       [ 2.91242546e-01,  3.00895525e+00, -7.14757451e+00,
        -1.35837350e+00,  1.57065033e+00, -2.57470327e+00,
        -1.14164275e+01,  1.23698106e+01, -5.63665999e+00,
         1.08426418e-01, -3.14255114e+00, -7.16886246e-02,
        -3.81838115e-01, -1.33303628e-01,  1.21692655e+00,
         4.79736226e-01, -4.10250087e-01,  5.68742829e-01],
       [-2.89947496e+00, -8.82639531e-01,  8.84606508e+00,
         5.31551698e-01, -6.03927354e-01,  4.12660763e+00,
         1.48768623e+01, -5.63665999e+00,  1.39780536e+01,
        -3.20785421e-01,  2.60883309e+00, -8.78722589e-01,
         6.44165873e-01, -1.72554193e-01, -7.84573371e-01,
        -1.97939320e-01,  3.52947299e-01, -6.27256345e-01],
       [-5.37581548e-02,  3.88309838e-01, -2.32469899e-01,
        -1.29671146e-01,  8.75834656e-02, -1.91725912e-01,
        -1.02518789e+00,  1.08426418e-01, -3.20785421e-01,
         8.92902756e-01, -1.66951849e-01, -1.23306972e-01,
        -2.14656904e-01, -1.71049278e-02,  1.01544544e-01,
         2.32431075e-02,  4.20817240e-02,  2.02428919e-01],
       [ 2.41309503e-01, -6.50428474e-01,  2.91579839e+00,
         5.56503843e-01, -3.27998684e-01,  9.91394419e-01,
         4.51003857e+00, -3.14255114e+00,  2.60883309e+00,
        -1.66951849e-01,  1.71235791e+00, -3.05750434e-01,
         4.44115626e-02, -1.66286581e-01, -5.20812976e-01,
        -1.92753007e-01,  7.10811184e-02, -2.61662770e-01],
       [-7.29032276e-01, -1.09375934e+00, -7.04835694e-01,
        -1.40190986e-01, -3.46704319e-01, -1.09114419e-01,
        -3.64230657e-01, -7.16886246e-02, -8.78722589e-01,
        -1.23306972e-01, -3.05750434e-01,  8.55192510e-01,
         1.93511324e-01,  2.66572351e-01,  3.89086439e-02,
        -3.20544906e-02,  1.20046309e-01, -2.26068822e-02],
       [-8.85064427e-01, -6.54593169e-01,  3.32121248e-01,
        -1.20413471e-01, -2.68802094e-01,  2.98667201e-01,
         5.05546815e-01, -3.81838115e-01,  6.44165873e-01,
        -2.14656904e-01,  4.44115626e-02,  1.93511324e-01,
         2.96221452e-01,  1.04034216e-01, -1.59620961e-02,
         4.98933410e-02,  1.14935744e-01, -1.21498862e-01],
       [-3.95899723e-01, -4.22578843e-01,  1.08610159e-01,
         4.37296036e-04, -1.16248965e-01,  1.36928196e-01,
         8.01948649e-01, -1.33303628e-01, -1.72554193e-01,
        -1.71049278e-02, -1.66286581e-01,  2.66572351e-01,
         1.04034216e-01,  1.79078902e-01,  4.06136056e-02,
        -1.57674643e-02,  1.02232006e-01, -2.97287605e-03],
       [-1.36619070e-01,  1.89523857e-01, -8.74559979e-01,
        -1.96949399e-01,  1.04682098e-01, -2.77819729e-01,
        -1.38639376e+00,  1.21692655e+00, -7.84573371e-01,
         1.01544544e-01, -5.20812976e-01,  3.89086439e-02,
        -1.59620961e-02,  4.06136056e-02,  2.12891017e-01,
         7.18430316e-02, -2.34925056e-02,  1.12323051e-01],
       [-1.30653378e-01,  1.13969802e-01, -4.36796675e-01,
        -1.25245307e-01,  2.53423745e-02, -1.42370209e-01,
        -1.02066270e+00,  4.79736226e-01, -1.97939320e-01,
         2.32431075e-02, -1.92753007e-01, -3.20544906e-02,
         4.98933410e-02, -1.57674643e-02,  7.18430316e-02,
         8.09629441e-02, -5.52843312e-03,  1.66012737e-02],
       [-4.63383867e-01, -3.28382845e-01,  4.02102833e-01,
        -1.72985647e-02, -1.29119731e-01,  2.22148144e-01,
         7.06909715e-01, -4.10250087e-01,  3.52947299e-01,
         4.20817240e-02,  7.10811184e-02,  1.20046309e-01,
         1.14935744e-01,  1.02232006e-01, -2.34925056e-02,
        -5.52843312e-03,  1.15734383e-01, -3.63556808e-02],
       [ 2.76804063e-01,  2.75992012e-01, -4.76005627e-01,
        -3.24212588e-02,  1.20117051e-01, -2.27803071e-01,
        -8.53876689e-01,  5.68742829e-01, -6.27256345e-01,
         2.02428919e-01, -2.61662770e-01, -2.26068822e-02,
        -1.21498862e-01, -2.97287605e-03,  1.12323051e-01,
         1.66012737e-02, -3.63556808e-02,  1.30888338e-01]])
      jac: array([ 3.35081962e-05,  5.43435667e-06,  8.35909120e-05, -1.16165411e-04,
       -1.08398475e-05, -1.59853797e-04,  8.02598728e-06,  7.59244519e-06,
        4.97268893e-06,  3.45186842e-06,  8.32722780e-06,  4.71713409e-05,
        1.05023582e-04,  1.21217851e-05,  3.36099667e-05, -7.90885875e-06,
       -5.18281714e-05,  4.68092232e-05])
  message: 'Desired error not necessarily achieved due to precision loss.'
     nfev: 2026
      nit: 63
     njev: 106
   status: 2
  success: False
        x: array([-0.66913309, -0.77134894,  0.41017967, -1.13822932, -0.87188506,
        0.05082072, -1.1272395 , -1.25611041, -0.85569589,  0.12903323,
        0.58864741,  1.08477022,  0.0852709 ,  0.23546856, -0.28803295,
        1.31067463, -0.20761364,  0.01791302])
