Program Begingeth
      fun: 0.22661374540334142
 hess_inv: array([[ 3.32420453e+00, -1.24052614e+00, -8.48771597e-01,
         8.69377899e-01, -4.13895690e-01,  7.11292640e-01,
         1.84439750e+00,  2.54160902e+00,  3.41391143e-01,
        -7.65155941e-01, -8.62926004e-01,  1.29002059e+00,
        -5.57513388e-01,  4.19888678e-01,  4.90261781e-01,
        -1.10358109e-01,  4.17947558e-01, -3.56214011e-01],
       [-1.24052614e+00,  2.49479883e+00,  9.94921474e-01,
        -2.42211075e-01,  7.87640589e-01, -2.12006677e-01,
        -1.86461778e+00,  3.41803574e-01,  2.03889349e+00,
         3.40569069e-02,  2.00783121e-01, -1.72364344e+00,
         3.71903364e-01, -3.92755182e-01, -3.11669525e-01,
        -3.48708699e-02, -9.86212790e-02,  9.20835982e-02],
       [-8.48771597e-01,  9.94921474e-01,  2.29796647e+00,
        -5.91844972e-01,  3.31012560e-01,  3.95222191e-01,
        -4.39418981e+00, -2.79945499e+00,  2.78153687e+00,
         3.29708688e-01,  1.31717950e+00, -1.50876070e+00,
         1.60395662e-01, -3.45146580e-01, -5.12698311e-01,
         2.38139834e-01, -2.26515292e-01, -1.34722313e-01],
       [ 8.69377899e-01, -2.42211075e-01, -5.91844972e-01,
         3.82923370e-01, -1.01763331e-01,  5.35431826e-02,
         1.68898498e+00,  1.32162154e+00, -1.74490488e-01,
        -3.00792731e-01, -4.87583845e-01,  3.93507104e-01,
        -8.49214242e-02,  1.05395978e-01,  2.27969777e-01,
        -7.51322861e-02,  1.24200369e-01,  7.70532761e-03],
       [-4.13895690e-01,  7.87640589e-01,  3.31012560e-01,
        -1.01763331e-01,  4.22783485e-01, -7.18406753e-03,
        -1.84836817e+00,  8.36022242e-01,  3.40800253e-01,
         1.85548580e-01, -7.80919152e-03, -4.42950817e-01,
         1.85649902e-01, -4.87662942e-02, -5.87095205e-02,
         4.10007504e-02, -1.18693211e-01,  1.47560341e-02],
       [ 7.11292640e-01, -2.12006677e-01,  3.95222191e-01,
         5.35431826e-02, -7.18406753e-03,  4.32294875e-01,
        -1.42731062e+00,  2.06006949e-01,  1.08149169e+00,
         8.27171984e-02,  3.48900094e-02,  5.21870572e-02,
        -1.60406386e-01,  5.10857535e-02,  5.69325324e-02,
         5.84586525e-03, -1.18576214e-02, -1.68937514e-01],
       [ 1.84439750e+00, -1.86461778e+00, -4.39418981e+00,
         1.68898498e+00, -1.84836817e+00, -1.42731062e+00,
         2.46693804e+01,  1.89937178e+00, -5.39321720e+00,
        -2.45759485e+00, -2.09767051e+00,  2.17012328e+00,
        -6.63816614e-01,  4.72453798e-01,  9.10853493e-01,
        -6.18719239e-01,  1.68069658e+00,  8.65509481e-01],
       [ 2.54160902e+00,  3.41803574e-01, -2.79945499e+00,
         1.32162154e+00,  8.36022242e-01,  2.06006949e-01,
         1.89937178e+00,  1.31306515e+01, -2.90350322e+00,
        -4.60106548e-01, -2.84973551e+00,  1.40476160e+00,
        -1.59522515e-01,  7.37353882e-01,  1.34530121e+00,
        -5.44856099e-01,  4.38805543e-01,  1.33155700e-01],
       [ 3.41391143e-01,  2.03889349e+00,  2.78153687e+00,
        -1.74490488e-01,  3.40800253e-01,  1.08149169e+00,
        -5.39321720e+00, -2.90350322e+00,  1.01983934e+01,
         2.24536893e-01,  1.25349725e+00, -2.25332224e+00,
        -3.38572277e-02, -9.17984837e-01, -5.43553360e-01,
        -4.97641728e-02, -4.58420497e-01, -3.72289121e-01],
       [-7.65155941e-01,  3.40569069e-02,  3.29708688e-01,
        -3.00792731e-01,  1.85548580e-01,  8.27171984e-02,
        -2.45759485e+00, -4.60106548e-01,  2.24536893e-01,
         9.76720909e-01,  2.96736984e-01, -1.75918368e-01,
         2.06117728e-02, -9.19197972e-02, -1.37094885e-01,
         6.84181687e-02, -3.19002361e-01, -1.47293614e-01],
       [-8.62926004e-01,  2.00783121e-01,  1.31717950e+00,
        -4.87583845e-01, -7.80919152e-03,  3.48900094e-02,
        -2.09767051e+00, -2.84973551e+00,  1.25349725e+00,
         2.96736984e-01,  1.43401315e+00, -8.51419829e-01,
         1.06571153e-01, -3.41588080e-01, -5.05824262e-01,
         2.18238841e-01, -1.81617761e-01, -1.37946348e-01],
       [ 1.29002059e+00, -1.72364344e+00, -1.50876070e+00,
         3.93507104e-01, -4.42950817e-01,  5.21870572e-02,
         2.17012328e+00,  1.40476160e+00, -2.25332224e+00,
        -1.75918368e-01, -8.51419829e-01,  1.92299030e+00,
        -2.70166616e-01,  5.10773624e-01,  3.90904810e-01,
        -2.21667717e-02,  2.03267992e-01, -1.83429311e-02],
       [-5.57513388e-01,  3.71903364e-01,  1.60395662e-01,
        -8.49214242e-02,  1.85649902e-01, -1.60406386e-01,
        -6.63816614e-01, -1.59522515e-01, -3.38572277e-02,
         2.06117728e-02,  1.06571153e-01, -2.70166616e-01,
         2.52988919e-01, -8.24532937e-02, -7.55666175e-02,
         9.09717313e-02, -1.37667314e-01,  1.22213561e-01],
       [ 4.19888678e-01, -3.92755182e-01, -3.45146580e-01,
         1.05395978e-01, -4.87662942e-02,  5.10857535e-02,
         4.72453798e-01,  7.37353882e-01, -9.17984837e-01,
        -9.19197972e-02, -3.41588080e-01,  5.10773624e-01,
        -8.24532937e-02,  2.30244441e-01,  1.46679212e-01,
        -1.34730784e-03,  1.26313603e-01,  6.52449496e-03],
       [ 4.90261781e-01, -3.11669525e-01, -5.12698311e-01,
         2.27969777e-01, -5.87095205e-02,  5.69325324e-02,
         9.10853493e-01,  1.34530121e+00, -5.43553360e-01,
        -1.37094885e-01, -5.05824262e-01,  3.90904810e-01,
        -7.55666175e-02,  1.46679212e-01,  2.65036725e-01,
        -9.29985463e-02,  7.74151364e-02,  6.39413961e-02],
       [-1.10358109e-01, -3.48708699e-02,  2.38139834e-01,
        -7.51322861e-02,  4.10007504e-02,  5.84586525e-03,
        -6.18719239e-01, -5.44856099e-01, -4.97641728e-02,
         6.84181687e-02,  2.18238841e-01, -2.21667717e-02,
         9.09717313e-02, -1.34730784e-03, -9.29985463e-02,
         1.32285833e-01, -6.15671187e-02, -1.09217020e-02],
       [ 4.17947558e-01, -9.86212790e-02, -2.26515292e-01,
         1.24200369e-01, -1.18693211e-01, -1.18576214e-02,
         1.68069658e+00,  4.38805543e-01, -4.58420497e-01,
        -3.19002361e-01, -1.81617761e-01,  2.03267992e-01,
        -1.37667314e-01,  1.26313603e-01,  7.74151364e-02,
        -6.15671187e-02,  2.70474956e-01,  1.31972301e-02],
       [-3.56214011e-01,  9.20835982e-02, -1.34722313e-01,
         7.70532761e-03,  1.47560341e-02, -1.68937514e-01,
         8.65509481e-01,  1.33155700e-01, -3.72289121e-01,
        -1.47293614e-01, -1.37946348e-01, -1.83429311e-02,
         1.22213561e-01,  6.52449496e-03,  6.39413961e-02,
        -1.09217020e-02,  1.31972301e-02,  2.04966613e-01]])
      jac: array([ 2.13791947e-05, -2.00469271e-05, -1.70023255e-05, -1.57366712e-05,
        4.74866443e-05,  5.81179549e-05,  4.01345623e-07, -2.74632169e-06,
       -5.39475871e-06,  1.69229445e-05, -9.43152963e-06, -1.02582757e-05,
        5.40471371e-05, -1.17644783e-05, -1.18487072e-04, -7.39434440e-05,
        2.68838655e-05,  7.97854375e-05])
  message: 'Desired error not necessarily achieved due to precision loss.'
     nfev: 1836
      nit: 68
     njev: 96
   status: 2
  success: False
        x: array([ 0.3974372 , -0.48039262,  0.71062591,  0.83637831, -0.70829161,
        0.07688776,  0.39527812, -1.42208795, -0.60821781,  0.01170914,
        0.74066662,  1.04714541,  0.06397126,  0.1632018 , -0.4208845 ,
       -0.84128914, -0.45941306, -0.01894827])
