Program Begingeth
      fun: 0.24330271045229365
 hess_inv: array([[ 5.66315651e+00,  1.68007668e+00, -1.96920156e-01,
         8.59676155e-01,  6.06481400e-01, -1.35526270e+00,
        -1.14024373e+00, -1.36900756e+00, -2.78070714e+00,
        -7.11390042e-01,  6.01001239e-01, -1.35564456e+00,
        -1.27516817e+00, -5.57625406e-01, -3.80422196e-01,
        -7.44048420e-03, -5.91945379e-01,  5.46263238e-01],
       [ 1.68007668e+00,  2.54487311e+00,  1.36115299e+00,
         3.09793960e-01,  7.94677267e-01,  4.67778986e-02,
         2.99548059e+00,  1.46990778e-01,  2.76201200e+00,
        -1.01884378e-01,  3.12643330e-01, -1.76282525e+00,
        -5.67900830e-01, -4.98590495e-01, -2.44837936e-01,
         8.76507600e-03, -2.10313917e-01,  9.73169122e-02],
       [-1.96920156e-01,  1.36115299e+00,  1.44191464e+01,
         3.09322910e+00,  4.29425329e-01,  4.73617692e+00,
         3.55751893e+01, -1.63772452e+01,  1.98446997e+01,
        -1.28620880e+00,  7.11550982e+00, -4.41169953e+00,
         8.80432468e-02, -7.56603835e-01, -2.55273502e+00,
        -1.29756797e+00, -2.28368154e-01, -1.26852775e+00],
       [ 8.59676155e-01,  3.09793960e-01,  3.09322910e+00,
         9.15449293e-01,  1.50842429e-01,  8.33310921e-01,
         8.25459785e+00, -3.94771997e+00,  3.47543666e+00,
        -4.59269937e-01,  1.68974314e+00, -9.73383261e-01,
        -1.24967345e-01, -1.66172753e-01, -6.33425175e-01,
        -2.99312985e-01, -1.16320695e-01, -2.22566174e-01],
       [ 6.06481400e-01,  7.94677267e-01,  4.29425329e-01,
         1.50842429e-01,  3.70687721e-01,  5.03388317e-02,
         1.78614197e+00,  7.68788665e-01,  5.55102769e-01,
        -1.71581442e-01,  2.88368040e-02, -4.72996344e-01,
        -2.06325000e-01, -8.10182603e-02, -3.22819389e-02,
        -2.81144023e-02, -8.22938322e-02,  3.95960883e-02],
       [-1.35526270e+00,  4.67778986e-02,  4.73617692e+00,
         8.33310921e-01,  5.03388317e-02,  1.94521641e+00,
         1.24087113e+01, -4.56552904e+00,  7.35480298e+00,
        -4.36957462e-01,  2.06910276e+00, -1.08461677e+00,
         3.50817328e-01, -9.42442030e-02, -6.84207857e-01,
        -4.08805431e-01,  2.88987477e-02, -5.46725338e-01],
       [-1.14024373e+00,  2.99548059e+00,  3.55751893e+01,
         8.25459785e+00,  1.78614197e+00,  1.24087113e+01,
         1.00369806e+02, -3.62040264e+01,  4.81234525e+01,
        -4.00415984e+00,  1.67305531e+01, -9.84981385e+00,
         2.89937346e-01, -1.17673525e+00, -5.96508739e+00,
        -3.40216172e+00, -6.71963356e-01, -3.43064499e+00],
       [-1.36900756e+00,  1.46990778e-01, -1.63772452e+01,
        -3.94771997e+00,  7.68788665e-01, -4.56552904e+00,
        -3.62040264e+01,  2.91542387e+01, -2.10249225e+01,
         9.17671846e-01, -9.42438774e+00,  4.52778724e+00,
         1.03394589e-01,  1.00365869e+00,  3.71104698e+00,
         1.66710704e+00,  2.88717818e-01,  1.44379056e+00],
       [-2.78070714e+00,  2.76201200e+00,  1.98446997e+01,
         3.47543666e+00,  5.55102769e-01,  7.35480298e+00,
         4.81234525e+01, -2.10249225e+01,  3.54316806e+01,
        -1.66859033e+00,  9.43154574e+00, -6.33442245e+00,
         5.68327902e-01, -1.50411151e+00, -3.42091102e+00,
        -1.57659478e+00, -3.58318292e-01, -2.08449347e+00],
       [-7.11390042e-01, -1.01884378e-01, -1.28620880e+00,
        -4.59269937e-01, -1.71581442e-01, -4.36957462e-01,
        -4.00415984e+00,  9.17671846e-01, -1.66859033e+00,
         1.06823456e+00, -7.42614027e-01,  4.49120759e-01,
        -2.15306534e-02,  9.77100951e-02,  2.55823658e-01,
         1.39484060e-01,  1.74858854e-01,  1.98675167e-01],
       [ 6.01001239e-01,  3.12643330e-01,  7.11550982e+00,
         1.68974314e+00,  2.88368040e-02,  2.06910276e+00,
         1.67305531e+01, -9.42438774e+00,  9.43154574e+00,
        -7.42614027e-01,  4.32358872e+00, -2.17316808e+00,
        -4.19214645e-02, -5.35039858e-01, -1.53968817e+00,
        -6.90180173e-01, -1.71193296e-01, -6.83130587e-01],
       [-1.35564456e+00, -1.76282525e+00, -4.41169953e+00,
        -9.73383261e-01, -4.72996344e-01, -1.08461677e+00,
        -9.84981385e+00,  4.52778724e+00, -6.33442245e+00,
         4.49120759e-01, -2.17316808e+00,  2.47056036e+00,
         3.72472065e-01,  6.31279631e-01,  8.02919300e-01,
         2.83012525e-01,  2.79807336e-01,  2.33339921e-01],
       [-1.27516817e+00, -5.67900830e-01,  8.80432468e-02,
        -1.24967345e-01, -2.06325000e-01,  3.50817328e-01,
         2.89937346e-01,  1.03394589e-01,  5.68327902e-01,
        -2.15306534e-02, -4.19214645e-02,  3.72472065e-01,
         4.15299623e-01,  1.48855110e-01,  6.51158635e-02,
         3.46385316e-02,  1.61125232e-01, -1.74117790e-01],
       [-5.57625406e-01, -4.98590495e-01, -7.56603835e-01,
        -1.66172753e-01, -8.10182603e-02, -9.42442030e-02,
        -1.17673525e+00,  1.00365869e+00, -1.50411151e+00,
         9.77100951e-02, -5.35039858e-01,  6.31279631e-01,
         1.48855110e-01,  2.63002060e-01,  2.05463040e-01,
         3.17068833e-02,  1.21274360e-01,  3.28576456e-02],
       [-3.80422196e-01, -2.44837936e-01, -2.55273502e+00,
        -6.33425175e-01, -3.22819389e-02, -6.84207857e-01,
        -5.96508739e+00,  3.71104698e+00, -3.42091102e+00,
         2.55823658e-01, -1.53968817e+00,  8.02919300e-01,
         6.51158635e-02,  2.05463040e-01,  6.09366820e-01,
         2.59480072e-01,  6.72080277e-02,  2.47224801e-01],
       [-7.44048419e-03,  8.76507600e-03, -1.29756797e+00,
        -2.99312985e-01, -2.81144023e-02, -4.08805431e-01,
        -3.40216172e+00,  1.66710704e+00, -1.57659478e+00,
         1.39484060e-01, -6.90180173e-01,  2.83012525e-01,
         3.46385316e-02,  3.17068833e-02,  2.59480072e-01,
         1.81617487e-01,  3.26905855e-02,  1.16927109e-01],
       [-5.91945379e-01, -2.10313917e-01, -2.28368154e-01,
        -1.16320695e-01, -8.22938322e-02,  2.88987477e-02,
        -6.71963356e-01,  2.88717818e-01, -3.58318292e-01,
         1.74858854e-01, -1.71193296e-01,  2.79807336e-01,
         1.61125232e-01,  1.21274360e-01,  6.72080277e-02,
         3.26905855e-02,  1.37967535e-01, -2.59619112e-02],
       [ 5.46263238e-01,  9.73169122e-02, -1.26852775e+00,
        -2.22566174e-01,  3.95960883e-02, -5.46725338e-01,
        -3.43064499e+00,  1.44379056e+00, -2.08449347e+00,
         1.98675167e-01, -6.83130587e-01,  2.33339921e-01,
        -1.74117790e-01,  3.28576456e-02,  2.47224801e-01,
         1.16927109e-01, -2.59619112e-02,  2.44395629e-01]])
      jac: array([ 3.06018174e-05,  1.21926543e-05, -3.65561285e-05, -2.01919962e-05,
        1.69216493e-06,  1.14018424e-04, -6.16525349e-06,  4.89423317e-07,
       -6.03221177e-07,  2.86517106e-05,  2.61847951e-05, -1.88044025e-05,
        1.72902433e-05,  4.50672832e-05,  8.95339358e-06, -4.84958370e-05,
        4.79264776e-06, -5.19399338e-05])
  message: 'Desired error not necessarily achieved due to precision loss.'
     nfev: 2881
      nit: 99
     njev: 151
   status: 2
  success: False
        x: array([-0.35091363, -0.49720973,  0.57784965, -0.94999364, -0.67393607,
        0.05561549, -0.70036025, -1.22459841, -0.69024785,  0.12953411,
        0.67204378,  1.0156919 ,  0.04710164,  0.19401738, -0.34878797,
        1.18998278, -0.38713134,  0.01724149])
