Program Begingeth
      fun: 0.2978734161374955
 hess_inv: array([[ 5.24417067e+00, -2.08766735e+00, -2.04201173e+00,
         2.12811100e+00, -8.96307455e-01, -2.21895388e+00,
        -8.74427857e-01, -1.69485537e+00, -1.36119879e+01,
        -6.99723686e-01,  1.22745891e+00,  2.04540395e-01,
        -6.47103241e-02, -2.73077652e-01, -6.38999280e-01,
        -2.81915836e-01, -1.36099008e-01, -2.25653532e-01],
       [-2.08766735e+00,  4.81447060e+00,  1.47381767e+00,
        -8.82474605e-01,  2.20752837e+00,  1.03534181e+00,
         2.27375410e+00,  2.90172974e+00,  9.71233264e+00,
         1.04862742e+00,  1.68447580e-01, -8.54891468e-01,
        -4.08724834e-01, -1.54345735e-01,  1.02851118e-01,
        -3.02833629e-02, -1.43110425e-01,  2.24032078e-01],
       [-2.04201173e+00,  1.47381767e+00,  2.08790430e+00,
        -6.37872990e-01,  5.56064203e-01,  1.51110990e+00,
         1.44942346e+00, -6.12861152e-01,  7.70541667e+00,
         2.97169026e-01, -6.73894562e-02, -2.67216999e-01,
         1.30598413e-01,  1.16294582e-01,  1.94426299e-01,
         1.01786227e-01,  1.65386123e-01,  4.01299759e-02],
       [ 2.12811100e+00, -8.82474605e-01, -6.37872990e-01,
         9.24706142e-01, -3.99673742e-01, -7.95602951e-01,
        -7.39915728e-02, -1.03064244e+00, -5.24866150e+00,
        -3.03112215e-01,  5.48886409e-01,  1.02794659e-01,
         2.97278151e-02, -8.90645449e-02, -2.76946050e-01,
        -9.88733960e-02, -1.28714879e-02, -1.18092025e-01],
       [-8.96307455e-01,  2.20752837e+00,  5.56064203e-01,
        -3.99673742e-01,  1.08612019e+00,  4.02390565e-01,
         1.23971597e+00,  1.91216921e+00,  4.07185356e+00,
         4.34009882e-01,  4.15374399e-02, -3.25517671e-01,
        -2.40182564e-01, -5.63014238e-02,  4.08007056e-02,
        -5.33097545e-02, -1.01916679e-01,  1.08092752e-01],
       [-2.21895388e+00,  1.03534181e+00,  1.51110990e+00,
        -7.95602951e-01,  4.02390565e-01,  1.31480873e+00,
         9.06532053e-01,  1.50152253e-02,  7.10442755e+00,
         2.16126688e-01, -3.97228540e-01, -1.23122704e-01,
         1.27075344e-01,  1.45655856e-01,  2.72983469e-01,
         1.39619036e-01,  1.25368933e-01,  7.34262983e-02],
       [-8.74427857e-01,  2.27375410e+00,  1.44942346e+00,
        -7.39915728e-02,  1.23971597e+00,  9.06532053e-01,
         5.11914361e+00,  1.92770247e+00,  5.45376150e+00,
         2.47263522e-01,  1.84540896e-01, -6.88712456e-02,
        -1.88173124e-01, -1.82596297e-03, -4.65044704e-02,
        -1.06147264e-01, -1.69642062e-01,  1.57499388e-02],
       [-1.69485537e+00,  2.90172974e+00, -6.12861152e-01,
        -1.03064244e+00,  1.91216921e+00,  1.50152253e-02,
         1.92770247e+00,  8.21840083e+00,  4.04601930e+00,
         4.02201962e-01, -6.49835496e-01, -1.96327512e-01,
        -6.37500864e-01, -2.54669937e-02,  2.46395433e-01,
        -1.37193335e-01, -4.17198052e-01,  2.80717812e-01],
       [-1.36119879e+01,  9.71233264e+00,  7.70541667e+00,
        -5.24866150e+00,  4.07185356e+00,  7.10442755e+00,
         5.45376150e+00,  4.04601930e+00,  4.57425030e+01,
         2.28232987e+00, -2.07636084e+00, -1.37644376e+00,
         1.46633003e-01,  4.17771311e-01,  1.54012017e+00,
         7.63945575e-01,  3.36159421e-01,  6.89166291e-01],
       [-6.99723686e-01,  1.04862742e+00,  2.97169026e-01,
        -3.03112215e-01,  4.34009882e-01,  2.16126688e-01,
         2.47263522e-01,  4.02201962e-01,  2.28232987e+00,
         8.47967671e-01, -1.04434608e-01, -1.88667082e-01,
        -2.03731279e-01,  8.88266548e-03,  1.46719471e-01,
         8.08111360e-03,  2.80381291e-02,  2.37256005e-01],
       [ 1.22745891e+00,  1.68447580e-01, -6.73894562e-02,
         5.48886409e-01,  4.15374399e-02, -3.97228540e-01,
         1.84540896e-01, -6.49835496e-01, -2.07636084e+00,
        -1.04434608e-01,  9.01341798e-01, -1.67091121e-01,
        -2.61717802e-02, -1.98437901e-01, -2.94451288e-01,
        -1.01357921e-01, -2.48879384e-02, -1.50118319e-01],
       [ 2.04540395e-01, -8.54891468e-01, -2.67216999e-01,
         1.02794659e-01, -3.25517671e-01, -1.23122704e-01,
        -6.88712456e-02, -1.96327512e-01, -1.37644376e+00,
        -1.88667082e-01, -1.67091121e-01,  4.69666465e-01,
         2.30401000e-02,  1.11126082e-01, -2.84247878e-02,
        -5.35230154e-02,  4.21109969e-02, -1.35213946e-02],
       [-6.47103241e-02, -4.08724834e-01,  1.30598413e-01,
         2.97278151e-02, -2.40182564e-01,  1.27075344e-01,
        -1.88173124e-01, -6.37500864e-01,  1.46633003e-01,
        -2.03731279e-01, -2.61717802e-02,  2.30401000e-02,
         1.79488796e-01,  3.74405044e-02,  2.38068018e-03,
         9.08722601e-02,  7.78202466e-02, -7.58709477e-02],
       [-2.73077652e-01, -1.54345735e-01,  1.16294582e-01,
        -8.90645449e-02, -5.63014238e-02,  1.45655856e-01,
        -1.82596297e-03, -2.54669937e-02,  4.17771311e-01,
         8.88266548e-03, -1.98437901e-01,  1.11126082e-01,
         3.74405044e-02,  1.08521980e-01,  5.89232820e-02,
         1.97499930e-02,  7.62079945e-02,  2.26348344e-02],
       [-6.38999280e-01,  1.02851118e-01,  1.94426299e-01,
        -2.76946050e-01,  4.08007056e-02,  2.72983469e-01,
        -4.65044704e-02,  2.46395433e-01,  1.54012017e+00,
         1.46719471e-01, -2.94451288e-01, -2.84247878e-02,
         2.38068018e-03,  5.89232820e-02,  1.69133500e-01,
         5.68972017e-02,  1.81968322e-02,  1.06760495e-01],
       [-2.81915836e-01, -3.02833629e-02,  1.01786227e-01,
        -9.88733960e-02, -5.33097545e-02,  1.39619036e-01,
        -1.06147264e-01, -1.37193335e-01,  7.63945575e-01,
         8.08111360e-03, -1.01357921e-01, -5.35230154e-02,
         9.08722601e-02,  1.97499930e-02,  5.68972017e-02,
         9.44052769e-02,  3.88902754e-02,  1.34770433e-03],
       [-1.36099008e-01, -1.43110425e-01,  1.65386123e-01,
        -1.28714879e-02, -1.01916679e-01,  1.25368933e-01,
        -1.69642062e-01, -4.17198052e-01,  3.36159421e-01,
         2.80381291e-02, -2.48879384e-02,  4.21109969e-02,
         7.78202466e-02,  7.62079945e-02,  1.81968322e-02,
         3.88902754e-02,  1.18725503e-01, -6.68880635e-03],
       [-2.25653532e-01,  2.24032078e-01,  4.01299759e-02,
        -1.18092025e-01,  1.08092752e-01,  7.34262983e-02,
         1.57499388e-02,  2.80717812e-01,  6.89166291e-01,
         2.37256005e-01, -1.50118319e-01, -1.35213946e-02,
        -7.58709477e-02,  2.26348344e-02,  1.06760495e-01,
         1.34770433e-03, -6.68880635e-03,  1.32786387e-01]])
      jac: array([-4.21625697e-06,  7.44219501e-07,  1.42108547e-06,  1.31846386e-05,
       -1.41220369e-06, -3.95757501e-06, -1.38518826e-06,  4.42978987e-07,
        5.86937906e-07, -6.61322848e-07,  9.04831765e-07,  5.91748872e-07,
       -7.90811860e-06,  2.98983061e-06,  7.45773813e-06,  4.50047407e-06,
       -2.57127652e-06, -6.79567513e-06])
  message: 'Desired error not necessarily achieved due to precision loss.'
     nfev: 1969
      nit: 61
     njev: 103
   status: 2
  success: False
        x: array([-0.83277291, -1.44817005,  0.7526161 , -0.92204767, -1.48246015,
        0.27956946, -0.34534467, -2.326146  , -0.11491806, -0.02561848,
        0.56181771,  1.19758208,  0.12972724,  0.12814775, -0.3301665 ,
        1.15475692, -0.23559237, -0.05445418])
