Program Begingeth
      fun: 0.2914743212034505
 hess_inv: array([[ 5.11455532e+00,  3.97674651e-01,  1.03812203e+00,
         2.52519956e+00,  1.10615120e-01, -2.78074880e-01,
         5.40226191e+00,  5.17982385e-01, -4.82836340e+00,
         8.28228840e-01,  6.01517290e-01, -6.49381276e-01,
        -1.02142801e-01, -2.96881362e-01, -1.65825065e-01,
         9.67200050e-02, -9.63710984e-02,  1.06166364e-01],
       [ 3.97674651e-01,  1.82150080e+00, -1.22462517e-01,
         2.49621135e-01,  8.94734203e-01, -1.89139488e-01,
         7.43213333e-01,  9.25210669e-01,  1.20519127e+00,
         6.19689591e-01,  4.06049138e-01, -7.40546198e-02,
        -1.68497247e-01,  1.25456223e-02, -1.85760767e-01,
        -9.01625402e-02,  5.75015357e-02,  2.61456616e-02],
       [ 1.03812203e+00, -1.22462517e-01,  1.76242846e+00,
         6.20886032e-01, -1.25161141e-01,  7.02906001e-01,
         1.60130040e+00, -1.98429031e+00, -1.36666723e+00,
         2.69814594e-01, -1.11646818e-01,  1.96655211e-01,
         1.39584771e-02,  1.46293480e-01,  7.54315911e-02,
        -9.70732321e-03,  8.10161730e-02,  9.26849116e-02],
       [ 2.52519956e+00,  2.49621135e-01,  6.20886032e-01,
         1.27410330e+00,  8.04428854e-02, -8.84779644e-02,
         2.88138822e+00,  1.17501679e-01, -2.28536230e+00,
         4.22825449e-01,  3.34547861e-01, -2.82648140e-01,
        -4.36745169e-02, -1.31786196e-01, -9.31463152e-02,
         4.55515706e-02, -3.26104574e-02,  5.28238674e-02],
       [ 1.10615120e-01,  8.94734203e-01, -1.25161141e-01,
         8.04428854e-02,  4.96594214e-01, -1.40872500e-01,
         9.12102567e-01,  1.02227453e+00,  7.18162090e-01,
         2.88905634e-01,  2.61631010e-01, -8.24795868e-02,
        -1.43422157e-01, -1.23795297e-02, -9.84187209e-02,
        -7.23748889e-02, -3.11108285e-03,  2.89261740e-02],
       [-2.78074880e-01, -1.89139488e-01,  7.02906001e-01,
        -8.84779644e-02, -1.40872500e-01,  4.33022371e-01,
        -5.93740804e-01, -1.36853565e+00,  1.45422076e-01,
        -8.67680698e-02, -2.21061967e-01,  2.23293158e-01,
         9.29346592e-02,  1.41823346e-01,  8.18378634e-02,
         4.96722257e-03,  8.35677424e-02,  8.49538743e-03],
       [ 5.40226191e+00,  7.43213333e-01,  1.60130040e+00,
         2.88138822e+00,  9.12102567e-01, -5.93740804e-01,
         1.78966475e+01,  6.04402663e+00, -4.94816582e+00,
         1.17517171e+00,  1.76416574e+00, -1.16004544e+00,
        -1.06571744e+00, -6.91922154e-01, -3.19562785e-01,
        -2.79050674e-01, -6.86409572e-01,  4.84538107e-01],
       [ 5.17982385e-01,  9.25210669e-01, -1.98429031e+00,
         1.17501679e-01,  1.02227453e+00, -1.36853565e+00,
         6.04402663e+00,  9.58513555e+00,  1.04543539e+00,
         3.42686230e-01,  1.02105611e+00, -1.47768777e+00,
        -6.82137887e-01, -5.44736215e-01, -1.74630495e-01,
        -1.32442330e-01, -4.19850937e-01,  1.39837309e-01],
       [-4.82836340e+00,  1.20519127e+00, -1.36666723e+00,
        -2.28536230e+00,  7.18162090e-01,  1.45422076e-01,
        -4.94816582e+00,  1.04543539e+00,  8.95048893e+00,
        -6.54994570e-01,  5.02608789e-01,  2.60565377e-01,
         9.90132418e-02,  2.09450326e-01, -8.44383358e-02,
        -1.67280584e-01,  2.46417336e-01, -1.90317601e-01],
       [ 8.28228840e-01,  6.19689591e-01,  2.69814594e-01,
         4.22825449e-01,  2.88905634e-01, -8.67680698e-02,
         1.17517171e+00,  3.42686230e-01, -6.54994570e-01,
         1.14180165e+00,  6.74582818e-02, -4.39823157e-02,
        -2.85060981e-01,  1.43904965e-02,  2.59767692e-02,
        -4.12257331e-02,  3.41862823e-02,  2.39454221e-01],
       [ 6.01517290e-01,  4.06049138e-01, -1.11646818e-01,
         3.34547861e-01,  2.61631010e-01, -2.21061967e-01,
         1.76416574e+00,  1.02105611e+00,  5.02608789e-01,
         6.74582818e-02,  8.64224115e-01, -2.42503037e-01,
        -9.25888436e-02, -1.97807016e-01, -2.07328776e-01,
        -5.27943949e-02, -4.20601349e-02, -7.83207616e-02],
       [-6.49381276e-01, -7.40546198e-02,  1.96655211e-01,
        -2.82648140e-01, -8.24795868e-02,  2.23293158e-01,
        -1.16004544e+00, -1.47768777e+00,  2.60565377e-01,
        -4.39823157e-02, -2.42503037e-01,  5.67642689e-01,
         4.64490488e-02,  1.70112933e-01,  2.75859970e-03,
        -4.65637882e-02,  9.62629627e-02,  6.20472856e-03],
       [-1.02142801e-01, -1.68497247e-01,  1.39584771e-02,
        -4.36745169e-02, -1.43422157e-01,  9.29346592e-02,
        -1.06571744e+00, -6.82137887e-01,  9.90132418e-02,
        -2.85060981e-01, -9.25888436e-02,  4.64490488e-02,
         1.87900883e-01,  3.54912305e-02,  4.50598072e-03,
         7.49724681e-02,  5.77072294e-02, -9.12805131e-02],
       [-2.96881362e-01,  1.25456223e-02,  1.46293480e-01,
        -1.31786196e-01, -1.23795297e-02,  1.41823346e-01,
        -6.91922154e-01, -5.44736215e-01,  2.09450326e-01,
         1.43904965e-02, -1.97807016e-01,  1.70112933e-01,
         3.54912305e-02,  1.17583277e-01,  3.96915205e-02,
        -2.93764113e-03,  7.60750765e-02,  1.67463349e-02],
       [-1.65825065e-01, -1.85760767e-01,  7.54315911e-02,
        -9.31463152e-02, -9.84187209e-02,  8.18378634e-02,
        -3.19562785e-01, -1.74630495e-01, -8.44383358e-02,
         2.59767692e-02, -2.07328776e-01,  2.75859970e-03,
         4.50598072e-03,  3.96915205e-02,  9.63996544e-02,
         1.64382384e-02,  2.24796554e-03,  5.78722625e-02],
       [ 9.67200050e-02, -9.01625402e-02, -9.70732321e-03,
         4.55515706e-02, -7.23748889e-02,  4.96722257e-03,
        -2.79050674e-01, -1.32442330e-01, -1.67280584e-01,
        -4.12257331e-02, -5.27943949e-02, -4.65637882e-02,
         7.49724681e-02, -2.93764113e-03,  1.64382384e-02,
         6.16409778e-02,  1.47886223e-02, -2.00631403e-02],
       [-9.63710984e-02,  5.75015357e-02,  8.10161730e-02,
        -3.26104574e-02, -3.11108285e-03,  8.35677424e-02,
        -6.86409572e-01, -4.19850937e-01,  2.46417336e-01,
         3.41862823e-02, -4.20601349e-02,  9.62629627e-02,
         5.77072294e-02,  7.60750765e-02,  2.24796554e-03,
         1.47886223e-02,  9.32895859e-02, -1.31162272e-02],
       [ 1.06166364e-01,  2.61456616e-02,  9.26849116e-02,
         5.28238674e-02,  2.89261740e-02,  8.49538743e-03,
         4.84538107e-01,  1.39837309e-01, -1.90317601e-01,
         2.39454221e-01, -7.83207616e-02,  6.20472856e-03,
        -9.12805131e-02,  1.67463349e-02,  5.78722625e-02,
        -2.00631403e-02, -1.31162272e-02,  1.08521237e-01]])
      jac: array([ 1.60982339e-07,  4.05786516e-06, -2.88213897e-06, -3.48610030e-07,
       -9.08569516e-06,  7.19535542e-06,  2.22044605e-08,  7.44589575e-07,
       -6.03961325e-07,  3.40838469e-07,  2.52094641e-06, -1.79856130e-07,
       -5.00340510e-07,  8.24488625e-06, -3.60267372e-06,  2.20194233e-07,
       -7.02882197e-06,  2.05798341e-06])
  message: 'Optimization terminated successfully.'
     nfev: 1444
      nit: 68
     njev: 76
   status: 0
  success: True
        x: array([-1.6578117 , -1.06344695,  0.63156272, -1.46479689, -1.131335  ,
        0.33486496, -0.47075129, -1.51619546,  1.05020758,  0.06591158,
        0.48610306,  1.20252789,  0.12026821,  0.1979406 , -0.25967674,
        1.33904691, -0.24670323,  0.00914965])
