Program Begingeth
      fun: 0.2995345251962508
 hess_inv: array([[ 1.18651467e+01,  2.20648447e+00, -5.74300125e-01,
         2.43650204e+00,  1.55901332e+00, -6.94038932e-01,
         2.71255780e+00,  1.20948593e+00, -4.27294701e+00,
        -1.44777565e+00, -3.66446111e-01, -7.52850129e-01,
        -2.51300208e+00, -2.18566914e-01,  1.68211971e-01,
        -1.77719391e-01, -1.19617255e+00,  2.24523297e-01],
       [ 2.20648447e+00,  3.47859833e+00, -2.23049411e-01,
         1.52892624e-01,  1.22493934e+00,  1.44143651e-02,
        -4.13670522e-01,  2.56996589e+00,  4.50263143e-01,
        -4.49575847e-01, -3.76101438e-01, -1.29794631e+00,
        -5.38797706e-01, -4.71603795e-01,  4.10203180e-01,
         1.44896298e-01, -2.11556785e-01,  6.60139157e-02],
       [-5.74300125e-01, -2.23049411e-01,  4.72246329e+00,
         3.66805720e-01, -3.95394498e-01,  1.34686276e+00,
         4.49932007e+00, -2.50022349e+00,  1.90079007e+00,
         1.02530922e-01,  1.78921835e+00, -5.12463306e-01,
         2.86579578e-01, -4.50857904e-01, -6.22518676e-01,
         1.69779901e-02,  1.07490812e-01,  2.53212671e-02],
       [ 2.43650204e+00,  1.52892624e-01,  3.66805720e-01,
         6.54518653e-01,  2.12181341e-01,  5.84321156e-04,
         1.60590753e+00, -7.80270223e-02, -9.10975506e-01,
        -3.16823450e-01,  8.95156180e-02, -6.14299879e-02,
        -4.29847203e-01, -1.43816171e-02, -4.39531553e-02,
        -3.36777851e-02, -2.06091801e-01,  4.31177934e-02],
       [ 1.55901332e+00,  1.22493934e+00, -3.95394498e-01,
         2.12181341e-01,  5.57589968e-01, -1.05599664e-01,
        -9.84686021e-02,  1.37433177e+00, -2.87822841e-01,
        -3.32256962e-01, -2.49960880e-01, -3.58115875e-01,
        -3.46246381e-01, -1.02067081e-01,  1.82423867e-01,
         1.73495941e-02, -1.51014653e-01,  3.36646921e-02],
       [-6.94038932e-01,  1.44143651e-02,  1.34686276e+00,
         5.84321156e-04, -1.05599664e-01,  4.97477294e-01,
         1.32829940e+00, -3.60511347e-01,  1.03936421e+00,
        -8.39054183e-02,  3.76908290e-01, -1.50125432e-01,
         2.39750399e-01, -1.15489812e-01, -1.04965530e-01,
         3.19881027e-02,  7.70566529e-02, -7.38292359e-04],
       [ 2.71255780e+00, -4.13670522e-01,  4.49932007e+00,
         1.60590753e+00, -9.84686021e-02,  1.32829940e+00,
         9.64522018e+00, -1.73503759e+00,  2.85279707e-03,
        -4.41566682e-01,  1.13760771e+00, -1.57202160e-01,
        -1.11731402e-01, -9.95103507e-02, -4.22268706e-01,
        -2.28095347e-02, -5.11670001e-02,  1.21607314e-01],
       [ 1.20948593e+00,  2.56996589e+00, -2.50022349e+00,
        -7.80270223e-02,  1.37433177e+00, -3.60511347e-01,
        -1.73503759e+00,  6.87150781e+00, -8.73349614e-02,
        -1.24282867e+00, -1.16768709e+00, -4.63237356e-01,
        -1.03580227e-01, -2.36565011e-02,  7.76406519e-01,
         1.23268486e-01, -1.54788421e-01, -2.03213799e-02],
       [-4.27294701e+00,  4.50263143e-01,  1.90079007e+00,
        -9.10975506e-01, -2.87822841e-01,  1.03936421e+00,
         2.85279707e-03, -8.73349614e-02,  4.90407736e+00,
         7.14293001e-02,  5.12823676e-01, -2.89420483e-01,
         9.47512644e-01, -3.45602960e-01, -1.09620809e-01,
         1.34616828e-01,  3.33716486e-01, -1.11468201e-01],
       [-1.44777565e+00, -4.49575847e-01,  1.02530922e-01,
        -3.16823450e-01, -3.32256962e-01, -8.39054183e-02,
        -4.41566682e-01, -1.24282867e+00,  7.14293001e-02,
         1.34256626e+00,  3.53846706e-02,  1.33614796e-01,
         1.97048430e-02,  7.04895008e-02, -5.56644639e-02,
        -3.60178729e-03,  1.93579064e-01,  1.45033783e-01],
       [-3.66446111e-01, -3.76101438e-01,  1.78921835e+00,
         8.95156180e-02, -2.49960880e-01,  3.76908290e-01,
         1.13760771e+00, -1.16768709e+00,  5.12823676e-01,
         3.53846706e-02,  1.36347618e+00, -9.50913771e-02,
         1.37068905e-01, -2.72952092e-01, -4.55981219e-01,
        -2.64852025e-02,  5.92777638e-02, -1.09238511e-01],
       [-7.52850129e-01, -1.29794631e+00, -5.12463306e-01,
        -6.14299879e-02, -3.58115875e-01, -1.50125432e-01,
        -1.57202160e-01, -4.63237356e-01, -2.89420483e-01,
         1.33614796e-01, -9.50913771e-02,  9.32767915e-01,
         1.61588186e-01,  3.14247481e-01, -1.29136147e-01,
        -1.03228686e-01,  1.13485220e-01, -1.38335567e-02],
       [-2.51300208e+00, -5.38797706e-01,  2.86579578e-01,
        -4.29847203e-01, -3.46246381e-01,  2.39750399e-01,
        -1.11731402e-01, -1.03580227e-01,  9.47512644e-01,
         1.97048430e-02,  1.37068905e-01,  1.61588186e-01,
         6.76014935e-01,  4.92002718e-02, -4.85815772e-02,
         7.62973841e-02,  2.71241933e-01, -9.49496106e-02],
       [-2.18566914e-01, -4.71603795e-01, -4.50857904e-01,
        -1.43816171e-02, -1.02067081e-01, -1.15489812e-01,
        -9.95103507e-02, -2.36565011e-02, -3.45602960e-01,
         7.04895008e-02, -2.72952092e-01,  3.14247481e-01,
         4.92002718e-02,  1.94938374e-01,  4.04545687e-02,
        -2.82973772e-02,  5.32592106e-02,  1.96952792e-02],
       [ 1.68211971e-01,  4.10203180e-01, -6.22518676e-01,
        -4.39531553e-02,  1.82423867e-01, -1.04965530e-01,
        -4.22268706e-01,  7.76406519e-01, -1.09620809e-01,
        -5.56644639e-02, -4.55981219e-01, -1.29136147e-01,
        -4.85815772e-02,  4.04545687e-02,  2.25666388e-01,
         3.40343067e-02, -2.69982863e-02,  5.04980445e-02],
       [-1.77719391e-01,  1.44896298e-01,  1.69779901e-02,
        -3.36777851e-02,  1.73495941e-02,  3.19881027e-02,
        -2.28095347e-02,  1.23268486e-01,  1.34616828e-01,
        -3.60178729e-03, -2.64852025e-02, -1.03228686e-01,
         7.62973841e-02, -2.82973772e-02,  3.40343067e-02,
         5.13713795e-02,  2.33804142e-02, -6.29402209e-03],
       [-1.19617255e+00, -2.11556785e-01,  1.07490812e-01,
        -2.06091801e-01, -1.51014653e-01,  7.70566529e-02,
        -5.11670001e-02, -1.54788421e-01,  3.33716486e-01,
         1.93579064e-01,  5.92777638e-02,  1.13485220e-01,
         2.71241933e-01,  5.32592106e-02, -2.69982863e-02,
         2.33804142e-02,  1.67904558e-01, -1.66741572e-02],
       [ 2.24523297e-01,  6.60139157e-02,  2.53212671e-02,
         4.31177934e-02,  3.36646921e-02, -7.38292359e-04,
         1.21607314e-01, -2.03213799e-02, -1.11468201e-01,
         1.45033783e-01, -1.09238511e-01, -1.38335567e-02,
        -9.49496106e-02,  1.96952792e-02,  5.04980445e-02,
        -6.29402209e-03, -1.66741572e-02,  7.33221244e-02]])
      jac: array([ 1.13612823e-07,  4.40388467e-08,  1.85037171e-08,  6.70574707e-07,
       -1.48251781e-06,  2.77555756e-07, -1.50250183e-07,  1.37297581e-07,
        1.94659104e-07,  1.88737914e-08, -4.47789953e-08,  7.77156117e-08,
       -9.41839199e-07,  2.65343303e-07, -9.25185854e-09, -4.80726570e-07,
        6.53921362e-07, -3.97089768e-07])
  message: 'Optimization terminated successfully.'
     nfev: 1672
      nit: 77
     njev: 88
   status: 0
  success: True
        x: array([-0.54970369, -0.72068899,  0.03674279, -1.28436835, -0.7865739 ,
       -0.08422014, -1.8173377 , -1.00027658, -1.02602892,  0.15758314,
        0.4224777 ,  1.07414261,  0.05770615,  0.16885956, -0.24324073,
        1.45311405, -0.46031292,  0.03184898])
