Program Begingeth
      fun: 0.32614980295169604
 hess_inv: array([[ 7.77790575e+00,  2.03032076e+00, -1.82467182e+00,
         2.99496332e+00,  1.15833461e+00, -9.34509819e-01,
         6.30510011e+00,  1.44752856e+00,  4.78682257e+00,
         9.24613139e-01,  8.94909643e-01, -4.01785302e-01,
        -1.12481460e+00, -2.63977169e-01, -2.87733326e-01,
        -3.24600559e-01, -3.80177964e-01,  1.65660978e-01],
       [ 2.03032076e+00,  3.61832076e+00,  3.64964201e-02,
         4.60305754e-01,  1.54010660e+00, -4.46384244e-01,
         1.57687797e-01,  1.98356671e+00, -1.51025637e+00,
         1.32538450e+00, -1.81694937e-05, -1.13563704e+00,
        -7.64400578e-01, -2.42144037e-01,  3.84241772e-02,
        -1.06120155e-01, -1.77531921e-01,  2.02691513e-01],
       [-1.82467182e+00,  3.64964201e-02,  2.95337323e+00,
        -9.62353651e-01,  1.34636822e-01,  1.03074105e+00,
        -5.01781313e+00,  1.34501060e+00, -1.78535759e+00,
        -3.94585910e-01,  6.56269417e-01, -1.83463087e-01,
         2.39199732e-01, -2.06623734e-02, -1.22261162e-01,
         8.10138548e-03,  1.35259807e-01, -1.08562074e-01],
       [ 2.99496332e+00,  4.60305754e-01, -9.62353651e-01,
         1.27310722e+00,  2.99257960e-01, -4.20977961e-01,
         3.42690035e+00,  4.16221432e-01,  2.20383025e+00,
         3.07832479e-01,  3.43589815e-01, -7.99663414e-02,
        -3.52977316e-01, -8.87898141e-02, -1.17442593e-01,
        -9.61629470e-02, -1.25758718e-01,  4.64075313e-02],
       [ 1.15833461e+00,  1.54010660e+00,  1.34636822e-01,
         2.99257960e-01,  7.33658465e-01, -1.60213992e-01,
         4.13532728e-02,  1.41257144e+00, -3.81841944e-01,
         6.66812096e-01,  8.83927686e-02, -4.23319046e-01,
        -3.88382244e-01, -8.22320238e-02, -2.88466557e-02,
        -7.81416181e-02, -7.07741311e-02,  9.45607451e-02],
       [-9.34509819e-01, -4.46384244e-01,  1.03074105e+00,
        -4.20977961e-01, -1.60213992e-01,  4.75129909e-01,
        -1.93304491e+00,  4.84702790e-02, -1.25184543e-01,
        -3.70853198e-01,  1.23523357e-01,  6.86364617e-02,
         2.02641994e-01,  5.05204837e-02, -2.19401375e-03,
         2.51339281e-02,  7.47948313e-02, -5.21307617e-02],
       [ 6.30510011e+00,  1.57687797e-01, -5.01781313e+00,
         3.42690035e+00,  4.13532728e-02, -1.93304491e+00,
         1.58418470e+01, -4.59112630e-01,  5.79278582e+00,
         1.00118964e+00,  1.67304101e-01, -1.87986181e-01,
        -5.50719490e-01, -2.19949959e-01, -1.09659384e-01,
        -4.51796884e-02, -2.63314285e-01,  1.13319978e-01],
       [ 1.44752856e+00,  1.98356671e+00,  1.34501060e+00,
         4.16221432e-01,  1.41257144e+00,  4.84702790e-02,
        -4.59112630e-01,  7.16105843e+00, -5.40993963e-01,
         2.04770757e+00,  4.21989744e-01, -3.90119054e-01,
        -7.17748499e-01,  3.11728835e-03, -2.57082212e-01,
        -1.69174192e-01,  2.12887652e-02,  1.92068631e-01],
       [ 4.78682257e+00, -1.51025637e+00, -1.78535759e+00,
         2.20383025e+00, -3.81841944e-01, -1.25184543e-01,
         5.79278582e+00, -5.40993963e-01,  8.95166619e+00,
         8.05320941e-03,  2.83450762e-01,  5.28087631e-01,
        -2.86376549e-01,  1.75432941e-01, -6.23213416e-02,
        -1.37059607e-01, -7.51037633e-02,  6.62968213e-02],
       [ 9.24613139e-01,  1.32538450e+00, -3.94585910e-01,
         3.07832479e-01,  6.66812096e-01, -3.70853198e-01,
         1.00118964e+00,  2.04770757e+00,  8.05320941e-03,
         2.12660449e+00, -2.76706491e-01, -2.68483574e-01,
        -6.57487974e-01,  1.31298882e-02,  8.65622576e-02,
        -6.02444870e-02, -2.36149335e-02,  3.32377522e-01],
       [ 8.94909643e-01, -1.81694938e-05,  6.56269417e-01,
         3.43589815e-01,  8.83927686e-02,  1.23523357e-01,
         1.67304101e-01,  4.21989744e-01,  2.83450762e-01,
        -2.76706491e-01,  1.07480143e+00, -9.45036845e-02,
        -2.59387549e-02, -1.83385811e-01, -2.48681856e-01,
        -6.58534104e-02, -1.07134564e-02, -1.45060804e-01],
       [-4.01785302e-01, -1.13563704e+00, -1.83463087e-01,
        -7.99663414e-02, -4.23319046e-01,  6.86364617e-02,
        -1.87986181e-01, -3.90119054e-01,  5.28087631e-01,
        -2.68483574e-01, -9.45036845e-02,  7.76864469e-01,
         1.38514491e-01,  1.53435053e-01, -7.70165980e-02,
        -3.15487519e-02,  7.68142944e-02, -2.47261830e-02],
       [-1.12481460e+00, -7.64400578e-01,  2.39199732e-01,
        -3.52977316e-01, -3.88382244e-01,  2.02641994e-01,
        -5.50719490e-01, -7.17748499e-01, -2.86376549e-01,
        -6.57487974e-01, -2.59387549e-02,  1.38514491e-01,
         3.63868925e-01,  3.79778742e-02,  1.18116380e-02,
         9.17367327e-02,  6.85370160e-02, -1.11398440e-01],
       [-2.63977169e-01, -2.42144037e-01, -2.06623734e-02,
        -8.87898141e-02, -8.22320238e-02,  5.05204837e-02,
        -2.19949959e-01,  3.11728835e-03,  1.75432941e-01,
         1.31298882e-02, -1.83385811e-01,  1.53435053e-01,
         3.79778742e-02,  9.25674765e-02,  2.84761411e-02,
         6.12270918e-03,  4.52096620e-02,  2.26073701e-02],
       [-2.87733326e-01,  3.84241772e-02, -1.22261162e-01,
        -1.17442593e-01, -2.88466557e-02, -2.19401375e-03,
        -1.09659384e-01, -2.57082212e-01, -6.23213416e-02,
         8.65622576e-02, -2.48681856e-01, -7.70165980e-02,
         1.18116380e-02,  2.84761411e-02,  1.09680015e-01,
         3.01217649e-02,  8.80166785e-04,  5.61857737e-02],
       [-3.24600559e-01, -1.06120155e-01,  8.10138548e-03,
        -9.61629470e-02, -7.81416181e-02,  2.51339281e-02,
        -4.51796884e-02, -1.69174192e-01, -1.37059607e-01,
        -6.02444870e-02, -6.58534104e-02, -3.15487519e-02,
         9.17367327e-02,  6.12270918e-03,  3.01217649e-02,
         5.49838480e-02,  1.68260832e-02, -1.00162202e-02],
       [-3.80177964e-01, -1.77531921e-01,  1.35259807e-01,
        -1.25758718e-01, -7.07741311e-02,  7.47948313e-02,
        -2.63314285e-01,  2.12887652e-02, -7.51037633e-02,
        -2.36149335e-02, -1.07134564e-02,  7.68142944e-02,
         6.85370160e-02,  4.52096620e-02,  8.80166785e-04,
         1.68260832e-02,  5.73423387e-02, -7.38869692e-03],
       [ 1.65660978e-01,  2.02691513e-01, -1.08562074e-01,
         4.64075313e-02,  9.45607451e-02, -5.21307617e-02,
         1.13319978e-01,  1.92068631e-01,  6.62968213e-02,
         3.32377522e-01, -1.45060804e-01, -2.47261830e-02,
        -1.11398440e-01,  2.26073701e-02,  5.61857737e-02,
        -1.00162202e-02, -7.38869692e-03,  8.92867418e-02]])
      jac: array([-3.27393668e-05, -4.91051644e-06, -2.28646731e-05,  1.02174935e-04,
        3.65640851e-05,  8.83548790e-05, -2.17566705e-06, -3.85469434e-06,
       -5.16993855e-07, -3.46204547e-06, -4.89534339e-06,  1.14967295e-05,
       -5.88059231e-05, -8.03564622e-05, -3.08642001e-06,  4.74102239e-05,
        6.85122329e-05,  1.98023079e-05])
  message: 'Desired error not necessarily achieved due to precision loss.'
     nfev: 2348
      nit: 72
     njev: 123
   status: 2
  success: False
        x: array([-1.17868068, -1.06545509,  0.47003896, -1.58401977, -1.02006914,
        0.25824803, -2.22753834, -0.86452232,  0.93048768,  0.13918467,
        0.41362896,  1.06597585,  0.15463497,  0.18199065, -0.21525301,
        1.63049106, -0.25958841,  0.03054322])
