Program Begingeth
      fun: 0.2942463968341691
 hess_inv: array([[ 4.21075871e+00,  1.90673758e-01,  1.11389979e+00,
         2.11045861e+00, -1.12861166e-01, -1.46814544e-01,
         3.11404902e+00, -9.23409611e-01, -4.56029903e+00,
         7.37329473e-01,  5.36578589e-01, -6.60258936e-01,
         6.20508918e-02, -2.48396685e-01, -1.07443149e-01,
         1.30020440e-01,  3.89782338e-03,  6.64803308e-02],
       [ 1.90673758e-01,  1.71872100e+00, -2.51591726e-01,
         1.41635578e-01,  8.51136600e-01, -2.09309059e-01,
         2.59751158e-01,  1.04426313e+00,  1.21819575e+00,
         4.62603579e-01,  3.73821944e-01, -6.64398730e-02,
        -1.18704231e-01,  9.39102819e-03, -1.85323735e-01,
        -8.81655697e-02,  5.68064893e-02, -1.25001361e-02],
       [ 1.11389979e+00, -2.51591726e-01,  1.54620198e+00,
         6.61502639e-01, -2.23082030e-01,  5.81755704e-01,
         1.36886742e+00, -1.91760382e+00, -1.47509674e+00,
         3.46297064e-01, -9.82097865e-02,  5.83556103e-02,
         3.98913585e-02,  1.11145991e-01,  8.41270143e-02,
         1.52519687e-02,  1.07346133e-01,  9.20946341e-02],
       [ 2.11045861e+00,  1.41635578e-01,  6.61502639e-01,
         1.08757718e+00, -3.67474094e-02, -2.35137991e-02,
         1.72236255e+00, -6.01899740e-01, -2.20267589e+00,
         3.90739069e-01,  2.87450885e-01, -2.86898568e-01,
         4.26696834e-02, -1.01835852e-01, -6.39913162e-02,
         6.30430278e-02,  2.60427293e-02,  3.17134163e-02],
       [-1.12861166e-01,  8.51136600e-01, -2.23082030e-01,
        -3.67474094e-02,  4.82243629e-01, -1.38790462e-01,
         3.50239161e-01,  1.02521264e+00,  8.54801818e-01,
         1.90321534e-01,  2.31350169e-01, -1.70563636e-02,
        -1.09745966e-01,  1.79294680e-03, -9.91832460e-02,
        -7.75742060e-02,  3.27016977e-03,  3.83362064e-03],
       [-1.46814544e-01, -2.09309059e-01,  5.81755704e-01,
        -2.35137991e-02, -1.38790462e-01,  3.54793835e-01,
        -1.46490473e-01, -1.01033860e+00,  1.35280295e-01,
        -3.66862715e-02, -2.07619656e-01,  1.51448436e-01,
         6.54031609e-02,  1.19118721e-01,  7.87470521e-02,
         1.07299633e-02,  7.71286946e-02,  1.90802659e-02],
       [ 3.11404902e+00,  2.59751158e-01,  1.36886742e+00,
         1.72236255e+00,  3.50239161e-01, -1.46490473e-01,
         8.21449002e+00,  1.82729078e+00, -3.74624284e+00,
         8.69303507e-01,  1.01692974e+00, -4.22747631e-01,
        -4.58061668e-01, -3.17564459e-01, -1.72901101e-01,
        -1.72797159e-01, -2.90897156e-01,  2.80765621e-01],
       [-9.23409611e-01,  1.04426313e+00, -1.91760382e+00,
        -6.01899740e-01,  1.02521264e+00, -1.01033860e+00,
         1.82729078e+00,  7.18758973e+00,  2.22220014e+00,
        -2.17238961e-02,  8.75571036e-01, -6.18973678e-01,
        -4.74541466e-01, -3.07805231e-01, -1.99911482e-01,
        -1.93585514e-01, -2.95617715e-01,  2.86044001e-02],
       [-4.56029903e+00,  1.21819575e+00, -1.47509674e+00,
        -2.20267589e+00,  8.54801818e-01,  1.35280295e-01,
        -3.74624284e+00,  2.22220014e+00,  8.35691789e+00,
        -7.41191027e-01,  1.56937101e-01,  5.62115570e-01,
        -1.64391297e-02,  2.87853573e-01, -7.25652025e-02,
        -2.02634315e-01,  1.76744423e-01, -1.71695221e-01],
       [ 7.37329473e-01,  4.62603579e-01,  3.46297064e-01,
         3.90739069e-01,  1.90321534e-01, -3.66862715e-02,
         8.69303507e-01, -2.17238961e-02, -7.41191027e-01,
         1.00732836e+00,  1.00141534e-01, -7.12671223e-02,
        -2.24160404e-01,  4.99778848e-03,  4.83896352e-02,
        -3.49282525e-02,  4.17103848e-02,  2.30180105e-01],
       [ 5.36578589e-01,  3.73821944e-01, -9.82097865e-02,
         2.87450885e-01,  2.31350169e-01, -2.07619656e-01,
         1.01692974e+00,  8.75571036e-01,  1.56937101e-01,
         1.00141534e-01,  7.56086715e-01, -2.03755102e-01,
        -6.84968046e-02, -1.67730570e-01, -1.80257023e-01,
        -5.63322593e-02, -2.45360330e-02, -7.23365699e-02],
       [-6.60258936e-01, -6.64398730e-02,  5.83556103e-02,
        -2.86898568e-01, -1.70563636e-02,  1.51448436e-01,
        -4.22747631e-01, -6.18973678e-01,  5.62115570e-01,
        -7.12671223e-02, -2.03755102e-01,  4.70079774e-01,
        -1.10561223e-02,  1.42858650e-01, -1.49444990e-03,
        -6.38207046e-02,  6.57561597e-02,  1.93800066e-02],
       [ 6.20508918e-02, -1.18704231e-01,  3.98913585e-02,
         4.26696834e-02, -1.09745966e-01,  6.54031609e-02,
        -4.58061668e-01, -4.74541466e-01, -1.64391297e-02,
        -2.24160404e-01, -6.84968046e-02, -1.10561223e-02,
         1.51152828e-01,  2.04060284e-02, -3.80457935e-03,
         7.55582427e-02,  4.51251637e-02, -7.85165928e-02],
       [-2.48396685e-01,  9.39102819e-03,  1.11145991e-01,
        -1.01835852e-01,  1.79294680e-03,  1.19118721e-01,
        -3.17564459e-01, -3.07805231e-01,  2.87853573e-01,
         4.99778848e-03, -1.67730570e-01,  1.42858650e-01,
         2.04060284e-02,  1.06971263e-01,  3.22907475e-02,
        -3.59173422e-03,  7.19151202e-02,  1.76223292e-02],
       [-1.07443149e-01, -1.85323735e-01,  8.41270143e-02,
        -6.39913162e-02, -9.91832460e-02,  7.87470521e-02,
        -1.72901101e-01, -1.99911482e-01, -7.25652025e-02,
         4.83896352e-02, -1.80257023e-01, -1.49444990e-03,
        -3.80457935e-03,  3.22907475e-02,  9.77016758e-02,
         1.98267300e-02, -5.93219379e-04,  6.80684762e-02],
       [ 1.30020440e-01, -8.81655697e-02,  1.52519687e-02,
         6.30430278e-02, -7.75742060e-02,  1.07299633e-02,
        -1.72797159e-01, -1.93585514e-01, -2.02634315e-01,
        -3.49282525e-02, -5.63322593e-02, -6.38207046e-02,
         7.55582427e-02, -3.59173422e-03,  1.98267300e-02,
         6.92819811e-02,  1.40241506e-02, -1.72279716e-02],
       [ 3.89782338e-03,  5.68064893e-02,  1.07346133e-01,
         2.60427293e-02,  3.27016977e-03,  7.71286946e-02,
        -2.90897156e-01, -2.95617715e-01,  1.76744423e-01,
         4.17103848e-02, -2.45360330e-02,  6.57561597e-02,
         4.51251637e-02,  7.19151202e-02, -5.93219379e-04,
         1.40241506e-02,  9.52157283e-02, -8.21185207e-03],
       [ 6.64803308e-02, -1.25001361e-02,  9.20946341e-02,
         3.17134163e-02,  3.83362064e-03,  1.90802659e-02,
         2.80765621e-01,  2.86044001e-02, -1.71695221e-01,
         2.30180105e-01, -7.23365699e-02,  1.93800066e-02,
        -7.85165928e-02,  1.76223292e-02,  6.80684762e-02,
        -1.72279716e-02, -8.21185207e-03,  1.13412047e-01]])
      jac: array([ 8.91139015e-07, -2.27114623e-06,  3.16413562e-07, -2.87732801e-06,
        5.12997052e-06, -8.82627305e-07,  1.15463195e-07, -2.65343303e-07,
       -5.14403335e-08,  7.39408534e-07, -9.96610202e-07, -4.68514116e-07,
        5.21101680e-06, -4.21181608e-06, -1.81965554e-06, -2.61531537e-06,
        2.86141481e-06,  2.49800181e-06])
  message: 'Optimization terminated successfully.'
     nfev: 1387
      nit: 61
     njev: 73
   status: 0
  success: True
        x: array([-1.54970247, -1.20456654,  0.70336455, -1.33334634, -1.29347692,
        0.37714163, -0.48764576, -1.82292786,  1.10277982,  0.03223113,
        0.45725187,  1.24812928,  0.10686369,  0.18219236, -0.27089361,
        1.24730901, -0.2242743 , -0.00432961])
