Program Begingeth
      fun: 0.28427063920483703
 hess_inv: array([[ 3.76903988e+00,  1.00916186e-01,  9.75957667e-01,
         1.90523962e+00, -8.05447555e-02, -1.23197771e-01,
         3.47174289e+00, -5.75390061e-01, -4.10824964e+00,
         6.90675606e-01,  4.77613316e-01, -3.84723276e-01,
         8.06741479e-04, -2.03107734e-01, -1.09425037e-01,
         9.38165462e-02, -1.28932787e-02,  8.39779456e-02],
       [ 1.00916186e-01,  1.58830734e+00, -2.66282666e-01,
         9.65574598e-02,  7.96690110e-01, -2.16501995e-01,
         3.32265021e-01,  9.88708049e-01,  1.10187976e+00,
         4.91044205e-01,  4.15457944e-01, -2.39227751e-02,
        -1.40690867e-01,  7.40000289e-03, -1.71386988e-01,
        -8.69877412e-02,  6.39376527e-02,  1.06114434e-02],
       [ 9.75957667e-01, -2.66282666e-01,  1.59036803e+00,
         5.83907271e-01, -2.16476444e-01,  6.32658059e-01,
         1.41563191e+00, -1.93851165e+00, -1.40457391e+00,
         2.71811814e-01, -1.52669562e-01,  1.39538986e-01,
         3.06193249e-02,  1.25121363e-01,  9.43516605e-02,
         1.18189980e-02,  8.63966193e-02,  9.48379208e-02],
       [ 1.90523962e+00,  9.65574598e-02,  5.83907271e-01,
         9.85566848e-01, -1.98302451e-02, -2.10021771e-02,
         1.91671712e+00, -3.94547021e-01, -2.01250222e+00,
         3.69179488e-01,  2.63280246e-01, -1.67224258e-01,
         6.43650022e-03, -8.85898361e-02, -6.22696918e-02,
         4.74720083e-02,  7.89894571e-03,  4.29958969e-02],
       [-8.05447555e-02,  7.96690110e-01, -2.16476444e-01,
        -1.98302451e-02,  4.49383200e-01, -1.46316021e-01,
         4.12425113e-01,  9.74609255e-01,  7.38107254e-01,
         2.11064210e-01,  2.58941261e-01, -2.91763958e-02,
        -1.11669126e-01, -5.50868872e-03, -9.34583105e-02,
        -6.91870526e-02,  1.19494176e-02,  1.09111371e-02],
       [-1.23197771e-01, -2.16501995e-01,  6.32658059e-01,
        -2.10021771e-02, -1.46316021e-01,  3.69404168e-01,
        -1.53464907e-01, -1.10338487e+00,  1.47429682e-02,
        -5.10470146e-02, -2.35282093e-01,  1.59379496e-01,
         5.97609137e-02,  1.19204181e-01,  8.42742899e-02,
         7.76491236e-03,  6.33368195e-02,  2.61592717e-02],
       [ 3.47174289e+00,  3.32265021e-01,  1.41563191e+00,
         1.91671712e+00,  4.12425113e-01, -1.53464907e-01,
         9.39148368e+00,  2.54216987e+00, -3.58546636e+00,
         8.66591694e-01,  1.27597162e+00, -5.23706164e-01,
        -4.88282223e-01, -3.89973043e-01, -2.10913194e-01,
        -1.58469469e-01, -2.85644649e-01,  2.48530593e-01],
       [-5.75390061e-01,  9.88708049e-01, -1.93851165e+00,
        -3.94547021e-01,  9.74609255e-01, -1.10338487e+00,
         2.54216987e+00,  7.53759359e+00,  1.88002856e+00,
         1.30886256e-01,  1.01756588e+00, -8.18613862e-01,
        -4.83406650e-01, -3.69116764e-01, -2.07070861e-01,
        -1.69670419e-01, -2.65897453e-01,  4.19144729e-02],
       [-4.10824964e+00,  1.10187976e+00, -1.40457391e+00,
        -2.01250222e+00,  7.38107254e-01,  1.47429682e-02,
        -3.58546636e+00,  1.88002856e+00,  7.35499932e+00,
        -6.47374945e-01,  1.92350632e-01,  2.83875191e-01,
        -2.67214229e-02,  2.03433458e-01, -5.11547694e-02,
        -1.72725722e-01,  1.28496979e-01, -1.24253070e-01],
       [ 6.90675606e-01,  4.91044205e-01,  2.71811814e-01,
         3.69179488e-01,  2.11064210e-01, -5.10470146e-02,
         8.66591694e-01,  1.30886256e-01, -6.47374945e-01,
         9.99290388e-01,  1.37264350e-01, -5.37832591e-02,
        -2.10261607e-01, -7.19937461e-03,  4.25386809e-02,
        -1.34267961e-02,  3.57362863e-02,  2.14745975e-01],
       [ 4.77613316e-01,  4.15457944e-01, -1.52669562e-01,
         2.63280246e-01,  2.58941261e-01, -2.35282093e-01,
         1.27597162e+00,  1.01756588e+00,  1.92350632e-01,
         1.37264350e-01,  7.86804702e-01, -2.19527086e-01,
        -8.44457693e-02, -1.88128255e-01, -1.81187415e-01,
        -3.98292721e-02, -3.95450326e-02, -6.50366108e-02],
       [-3.84723276e-01, -2.39227751e-02,  1.39538986e-01,
        -1.67224258e-01, -2.91763958e-02,  1.59379496e-01,
        -5.23706164e-01, -8.18613862e-01,  2.83875191e-01,
        -5.37832591e-02, -2.19527086e-01,  3.83303868e-01,
         1.40144484e-02,  1.26686762e-01,  8.41609639e-03,
        -4.07518635e-02,  6.05799134e-02,  1.48580306e-02],
       [ 8.06741479e-04, -1.40690867e-01,  3.06193249e-02,
         6.43650022e-03, -1.11669126e-01,  5.97609137e-02,
        -4.88282223e-01, -4.83406650e-01, -2.67214229e-02,
        -2.10261607e-01, -8.44457693e-02,  1.40144484e-02,
         1.30396023e-01,  2.36309646e-02, -2.09137649e-04,
         6.18481947e-02,  3.39832146e-02, -6.40516478e-02],
       [-2.03107734e-01,  7.40000289e-03,  1.25121363e-01,
        -8.85898361e-02, -5.50868872e-03,  1.19204181e-01,
        -3.89973043e-01, -3.69116764e-01,  2.03433458e-01,
        -7.19937461e-03, -1.88128255e-01,  1.26686762e-01,
         2.36309646e-02,  1.04962110e-01,  3.84430646e-02,
        -2.10093358e-03,  6.37976224e-02,  2.00332309e-02],
       [-1.09425037e-01, -1.71386988e-01,  9.43516605e-02,
        -6.22696918e-02, -9.34583105e-02,  8.42742899e-02,
        -2.10913194e-01, -2.07070861e-01, -5.11547694e-02,
         4.25386809e-02, -1.81187415e-01,  8.41609639e-03,
        -2.09137649e-04,  3.84430646e-02,  9.12116956e-02,
         1.56406399e-02,  4.29334699e-03,  6.18829491e-02],
       [ 9.38165462e-02, -8.69877412e-02,  1.18189980e-02,
         4.74720083e-02, -6.91870526e-02,  7.76491236e-03,
        -1.58469469e-01, -1.69670419e-01, -1.72725722e-01,
        -1.34267961e-02, -3.98292721e-02, -4.07518635e-02,
         6.18481947e-02, -2.10093358e-03,  1.56406399e-02,
         5.84037341e-02,  1.25392086e-02, -1.08675063e-02],
       [-1.28932787e-02,  6.39376527e-02,  8.63966193e-02,
         7.89894571e-03,  1.19494176e-02,  6.33368195e-02,
        -2.85644649e-01, -2.65897453e-01,  1.28496979e-01,
         3.57362863e-02, -3.95450326e-02,  6.05799134e-02,
         3.39832146e-02,  6.37976224e-02,  4.29334699e-03,
         1.25392086e-02,  7.27532435e-02,  1.12363630e-04],
       [ 8.39779456e-02,  1.06114434e-02,  9.48379208e-02,
         4.29958969e-02,  1.09111371e-02,  2.61592717e-02,
         2.48530593e-01,  4.19144729e-02, -1.24253070e-01,
         2.14745975e-01, -6.50366108e-02,  1.48580306e-02,
        -6.40516478e-02,  2.00332309e-02,  6.18829491e-02,
        -1.08675063e-02,  1.12363630e-04,  9.94628615e-02]])
      jac: array([-2.99871239e-06,  2.46099437e-06,  3.14785235e-06,  5.17215900e-06,
       -6.91002811e-06, -8.23859499e-06, -3.67853896e-07,  1.01770444e-07,
        2.10942375e-07, -2.52834790e-06,  5.72505006e-07,  8.20824890e-07,
       -4.39241236e-06,  6.94629539e-06, -1.57207580e-06,  2.74262095e-06,
       -4.46605715e-06,  4.90200473e-06])
  message: 'Optimization terminated successfully.'
     nfev: 1292
      nit: 62
     njev: 68
   status: 0
  success: True
        x: array([-1.655828  , -1.20433985,  0.67964771, -1.43904957, -1.2770947 ,
        0.37030646, -0.54730133, -1.73536838,  1.11373067,  0.02387761,
        0.46922777,  1.21814124,  0.11112016,  0.21737961, -0.25607731,
        1.31238939, -0.12830305,  0.00398535])
