Program Begingeth
      fun: 0.20777614605045414
 hess_inv: array([[ 2.00024633e+00, -6.00716624e-01,  3.99842750e-02,
        -2.18964527e-01, -4.21330223e-01, -1.75623077e-01,
        -1.84182796e+00, -2.32999796e+00,  6.13874819e-01,
        -1.21096478e+00, -5.69136372e+00,  4.28013421e+00,
         2.06217210e-01,  5.63303646e-01, -7.38486086e-01,
         1.20036419e+00, -9.54073221e-01,  6.07501997e-01],
       [-6.00716624e-01,  1.44198256e+00, -7.12723210e-02,
         3.17068476e-02,  5.32235503e-01, -4.94166826e-01,
         2.91244531e-01,  3.58012118e+00, -2.89822356e+00,
         1.24558999e+00, -1.05150595e+00, -1.81861905e+00,
        -1.81633164e-02, -1.72547490e-01,  5.43921503e-02,
        -4.20115337e-03, -1.31191108e-01, -1.16502000e-01],
       [ 3.99842750e-02, -7.12723210e-02,  5.11064913e-01,
         1.99518977e-01, -1.08958939e-01,  1.08011318e-01,
         5.74015904e-02, -1.13380037e+00,  6.22303086e-01,
        -7.96512471e-02,  5.09816851e-01, -4.88922119e-01,
         1.85491268e-01, -7.90129530e-02, -1.34075638e-01,
        -1.06847596e-02,  5.01043121e-02, -1.34246534e-01],
       [-2.18964527e-01,  3.17068476e-02,  1.99518977e-01,
         4.60937569e-01, -1.80905371e-01,  8.95996900e-02,
         1.13045664e+00, -1.62158833e+00, -1.91051102e-01,
         1.15324879e-01,  2.53537934e+00, -8.20911394e-01,
         1.23846086e-01, -3.42498387e-01,  6.47778220e-02,
        -4.47124771e-01,  4.18517915e-01, -1.88296008e-01],
       [-4.21330223e-01,  5.32235503e-01, -1.08958939e-01,
        -1.80905371e-01,  5.22901340e-01, -1.58354366e-01,
         4.06658289e-01,  3.23744364e+00, -8.98241096e-01,
         4.17286974e-01, -3.74100388e-01, -8.93123858e-01,
        -1.20527723e-01,  1.41902427e-01,  1.73808317e-01,
         5.22928453e-03, -2.53476421e-02,  3.98061314e-02],
       [-1.75623077e-01, -4.94166826e-01,  1.08011318e-01,
         8.95996900e-02, -1.58354366e-01,  3.28300620e-01,
         4.07329467e-01, -1.21305820e+00,  1.47715733e+00,
        -3.78059139e-01,  1.96364403e+00, -1.93124796e-01,
        -1.38567663e-02, -9.98666455e-02,  1.52152990e-01,
        -3.23196733e-01,  2.85507406e-01, -9.73266992e-02],
       [-1.84182796e+00,  2.91244531e-01,  5.74015904e-02,
         1.13045664e+00,  4.06658289e-01,  4.07329467e-01,
         7.03921107e+00,  6.60692173e-01, -4.24959273e-01,
         5.73665048e-01,  1.09645186e+01, -4.60002393e+00,
        -2.45863787e-01, -7.83182009e-01,  1.02633355e+00,
        -2.12889802e+00,  1.95173974e+00, -5.50269507e-01],
       [-2.32999796e+00,  3.58012118e+00, -1.13380037e+00,
        -1.62158833e+00,  3.23744364e+00, -1.21305820e+00,
         6.60692173e-01,  2.29216463e+01, -6.55109857e+00,
         2.93954346e+00, -5.74189021e+00, -4.89246808e+00,
        -9.44877063e-01,  8.45524931e-01,  9.23168091e-01,
         5.42647357e-01, -8.31659090e-01,  1.86480656e-01],
       [ 6.13874819e-01, -2.89822356e+00,  6.22303086e-01,
        -1.91051102e-01, -8.98241096e-01,  1.47715733e+00,
        -4.24959273e-01, -6.55109857e+00,  1.01173387e+01,
        -2.62627993e+00,  3.59556453e+00,  2.26880579e+00,
        -8.99625308e-02,  3.30204431e-01,  8.52292708e-03,
        -3.55678160e-01,  5.22271110e-01, -1.48944891e-02],
       [-1.21096478e+00,  1.24558999e+00, -7.96512471e-02,
         1.15324879e-01,  4.17286974e-01, -3.78059139e-01,
         5.73665048e-01,  2.93954346e+00, -2.62627993e+00,
         1.86525165e+00,  7.34894509e-01, -2.83616543e+00,
        -2.56465503e-02, -3.47504946e-01,  1.94802500e-01,
        -2.67022727e-01,  1.60532643e-01, -3.73478215e-01],
       [-5.69136372e+00, -1.05150595e+00,  5.09816851e-01,
         2.53537934e+00, -3.74100388e-01,  1.96364403e+00,
         1.09645186e+01, -5.74189021e+00,  3.59556453e+00,
         7.34894509e-01,  3.35347115e+01, -1.35413290e+01,
        -5.40620305e-01, -2.88629193e+00,  2.68198709e+00,
        -6.29178652e+00,  5.68428539e+00, -2.48964995e+00],
       [ 4.28013421e+00, -1.81861905e+00, -4.88922119e-01,
        -8.20911394e-01, -8.93123858e-01, -1.93124796e-01,
        -4.60002393e+00, -4.89246808e+00,  2.26880579e+00,
        -2.83616543e+00, -1.35413290e+01,  1.16282161e+01,
         4.09645696e-01,  1.51950817e+00, -1.40457161e+00,
         2.87377847e+00, -2.33458221e+00,  1.81375612e+00],
       [ 2.06217210e-01, -1.81633164e-02,  1.85491268e-01,
         1.23846086e-01, -1.20527723e-01, -1.38567663e-02,
        -2.45863787e-01, -9.44877063e-01, -8.99625308e-02,
        -2.56465503e-02, -5.40620305e-01,  4.09645696e-01,
         1.78033048e-01, -1.82256405e-02, -1.45951241e-01,
         1.65987098e-01, -1.25170375e-01,  4.01517895e-02],
       [ 5.63303646e-01, -1.72547490e-01, -7.90129530e-02,
        -3.42498387e-01,  1.41902427e-01, -9.98666455e-02,
        -7.83182009e-01,  8.45524931e-01,  3.30204431e-01,
        -3.47504946e-01, -2.88629193e+00,  1.51950817e+00,
        -1.82256405e-02,  4.69014660e-01, -1.84411051e-01,
         5.92603009e-01, -4.50848048e-01,  3.33368891e-01],
       [-7.38486086e-01,  5.43921503e-02, -1.34075638e-01,
         6.47778220e-02,  1.73808317e-01,  1.52152990e-01,
         1.02633355e+00,  9.23168091e-01,  8.52292708e-03,
         1.94802500e-01,  2.68198709e+00, -1.40457161e+00,
        -1.45951241e-01, -1.84411051e-01,  3.96432410e-01,
        -5.64799408e-01,  4.48006009e-01, -1.64497352e-01],
       [ 1.20036419e+00, -4.20115337e-03, -1.06847596e-02,
        -4.47124771e-01,  5.22928453e-03, -3.23196733e-01,
        -2.12889802e+00,  5.42647357e-01, -3.55678160e-01,
        -2.67022727e-01, -6.29178652e+00,  2.87377847e+00,
         1.65987098e-01,  5.92603009e-01, -5.64799408e-01,
         1.26197471e+00, -1.07184128e+00,  5.00591904e-01],
       [-9.54073221e-01, -1.31191108e-01,  5.01043121e-02,
         4.18517915e-01, -2.53476421e-02,  2.85507406e-01,
         1.95173974e+00, -8.31659090e-01,  5.22271110e-01,
         1.60532643e-01,  5.68428539e+00, -2.33458221e+00,
        -1.25170375e-01, -4.50848048e-01,  4.48006009e-01,
        -1.07184128e+00,  1.00637619e+00, -4.07407148e-01],
       [ 6.07501997e-01, -1.16502000e-01, -1.34246534e-01,
        -1.88296008e-01,  3.98061314e-02, -9.73266992e-02,
        -5.50269507e-01,  1.86480656e-01, -1.48944891e-02,
        -3.73478215e-01, -2.48964995e+00,  1.81375612e+00,
         4.01517895e-02,  3.33368891e-01, -1.64497352e-01,
         5.00591904e-01, -4.07407148e-01,  3.85107097e-01]])
      jac: array([ 1.27068892e-03, -9.76666229e-03,  1.82103573e-03,  1.66929433e-05,
        1.24850861e-02, -1.61141223e-02,  1.36272105e-04, -8.91265025e-04,
        1.47408104e-03,  1.43967801e-03, -3.48572837e-04, -1.18765849e-03,
       -2.84054410e-03, -1.12654637e-02, -1.24054674e-03, -1.01302385e-02,
       -1.08712038e-02,  8.28246620e-03])
  message: 'Maximum number of iterations has been exceeded.'
     nfev: 2185
      nit: 100
     njev: 115
   status: 1
  success: False
        x: array([-0.67965002, -0.06789254,  0.43392941,  0.23587657, -0.76518778,
       -0.38975941,  1.11227139, -1.2087584 , -0.61298738, -0.60731485,
        0.74390043, -0.32422293,  0.54887267, -0.05599712,  0.19722932,
       -0.03155705,  1.05483443, -0.50990596])
