Program Begingeth
      fun: 0.3008019527091599
 hess_inv: array([[ 7.06910395e+00,  8.36084082e-01, -4.85251178e-01,
         2.51148123e+00,  5.09312230e-01, -9.06242123e-01,
         8.64840130e+00,  2.74184722e+00, -2.30123701e-02,
        -1.37700762e-01,  6.49655050e-01, -1.50800872e-01,
        -6.64500130e-01, -2.47879693e-01, -2.41179112e-01,
         4.87672909e-01, -1.12852519e-01,  5.91271045e-01],
       [ 8.36084082e-01,  1.95170057e+00,  9.37586545e-02,
         2.57573587e-01,  7.67016244e-01, -2.12379191e-01,
        -9.87279454e-01, -6.84232733e-01,  1.76882107e-01,
         9.00120912e-01,  3.42685023e-01, -5.89604821e-01,
        -3.25291216e-01, -1.10396070e-01, -1.25369199e-01,
        -1.43412858e-01, -4.15782657e-02,  1.00960102e-02],
       [-4.85251178e-01,  9.37586545e-02,  1.04764841e+00,
        -1.37024731e-01,  3.22873756e-02,  4.62438929e-01,
        -8.03915386e-02, -9.38874903e-03,  2.10696279e-01,
         8.08486455e-02,  1.71021714e-01, -3.97034292e-01,
         6.56224326e-02,  5.80470212e-03,  9.75391715e-02,
         1.32136942e-02,  6.79090221e-02,  5.35866139e-03],
       [ 2.51148123e+00,  2.57573587e-01, -1.37024731e-01,
         9.11943461e-01,  1.63449815e-01, -3.02882209e-01,
         2.88840466e+00,  9.99133568e-01, -1.97544109e-02,
        -8.84220454e-02,  2.72764217e-01, -4.86414681e-02,
        -2.00273800e-01, -9.06224302e-02, -1.00691985e-01,
         1.68943137e-01, -2.65660447e-02,  1.83485723e-01],
       [ 5.09312230e-01,  7.67016244e-01,  3.22873756e-02,
         1.63449815e-01,  3.21771675e-01, -9.88912625e-02,
        -2.02762413e-02, -1.44183707e-01,  1.53509051e-01,
         3.18947893e-01,  1.33943327e-01, -2.04035493e-01,
        -1.49301107e-01, -2.75054370e-02, -5.18178403e-02,
        -4.31183061e-02, -8.84866654e-03,  3.57367248e-02],
       [-9.06242123e-01, -2.12379191e-01,  4.62438929e-01,
        -3.02882209e-01, -9.88912625e-02,  3.12047442e-01,
        -5.98431733e-01, -9.89539228e-02,  1.47958177e-02,
        -1.07136667e-01, -1.32561887e-01, -7.25529196e-02,
         1.39150247e-01,  6.30810865e-02,  9.86615013e-02,
        -3.98364246e-03,  5.16832601e-02, -4.44034364e-02],
       [ 8.64840130e+00, -9.87279454e-01, -8.03915386e-02,
         2.88840466e+00, -2.02762413e-02, -5.98431733e-01,
         3.75252784e+01,  3.20300845e+00, -2.74787820e+00,
         4.58514854e-01, -3.06479118e+00,  1.90283784e+00,
        -1.26286241e+00,  6.69194366e-01,  1.14355279e+00,
         2.95852848e+00, -2.49100182e-01,  2.70884531e+00],
       [ 2.74184722e+00, -6.84232733e-01, -9.38874903e-03,
         9.99133568e-01, -1.44183707e-01, -9.89539228e-02,
         3.20300845e+00,  9.23665084e+00,  5.85884783e-01,
        -1.99586436e+00, -8.59184872e-01, -7.74673947e-01,
         3.11349936e-01,  1.86107561e-01,  2.01022244e-02,
         3.42330576e-01,  6.70449721e-01, -1.61983914e-02],
       [-2.30123701e-02,  1.76882107e-01,  2.10696279e-01,
        -1.97544109e-02,  1.53509051e-01,  1.47958177e-02,
        -2.74787820e+00,  5.85884783e-01,  5.89910289e+00,
        -4.85173534e-01,  1.27318261e+00, -1.12552515e+00,
        -3.33753990e-02, -1.97678876e-01, -7.04921626e-02,
        -4.33132882e-01,  5.63019946e-02,  2.17247175e-01],
       [-1.37700762e-01,  9.00120912e-01,  8.08486455e-02,
        -8.84220454e-02,  3.18947893e-01, -1.07136667e-01,
         4.58514854e-01, -1.99586436e+00, -4.85173534e-01,
         1.70219290e+00,  9.27043965e-02,  1.15125010e-02,
        -4.36473604e-01, -2.33885789e-02,  5.08689961e-02,
        -2.57038165e-03, -1.11018653e-01,  2.25296943e-01],
       [ 6.49655050e-01,  3.42685023e-01,  1.71021714e-01,
         2.72764217e-01,  1.33943327e-01, -1.32561887e-01,
        -3.06479118e+00, -8.59184872e-01,  1.27318261e+00,
         9.27043965e-02,  1.60249739e+00, -4.87538237e-01,
        -8.07427908e-02, -3.71029699e-01, -3.29288132e-01,
        -3.74210572e-01, -9.74739695e-02, -2.11014194e-01],
       [-1.50800872e-01, -5.89604821e-01, -3.97034292e-01,
        -4.86414681e-02, -2.04035493e-01, -7.25529196e-02,
         1.90283784e+00, -7.74673947e-01, -1.12552515e+00,
         1.15125010e-02, -4.87538237e-01,  9.89982411e-01,
        -7.26285026e-03,  1.62019305e-01,  1.53212679e-02,
         1.51898407e-01, -5.07190500e-02,  8.62185583e-02],
       [-6.64500130e-01, -3.25291216e-01,  6.56224326e-02,
        -2.00273800e-01, -1.49301107e-01,  1.39150247e-01,
        -1.26286241e+00,  3.11349936e-01, -3.33753990e-02,
        -4.36473604e-01, -8.07427908e-02, -7.26285026e-03,
         2.33947866e-01,  2.71192909e-02, -6.88953960e-04,
        -3.53275859e-02,  6.05502246e-02, -1.61554182e-01],
       [-2.47879693e-01, -1.10396070e-01,  5.80470212e-03,
        -9.06224302e-02, -2.75054370e-02,  6.30810865e-02,
         6.69194366e-01,  1.86107561e-01, -1.97678876e-01,
        -2.33885789e-02, -3.71029699e-01,  1.62019305e-01,
         2.71192909e-02,  1.25498056e-01,  7.62798154e-02,
         7.55129724e-02,  5.37073103e-02,  5.49194229e-02],
       [-2.41179112e-01, -1.25369199e-01,  9.75391715e-02,
        -1.00691985e-01, -5.18178403e-02,  9.86615013e-02,
         1.14355279e+00,  2.01022244e-02, -7.04921626e-02,
         5.08689961e-02, -3.29288132e-01,  1.53212679e-02,
        -6.88953960e-04,  7.62798154e-02,  1.49350453e-01,
         1.22284934e-01,  5.69001459e-03,  1.26683791e-01],
       [ 4.87672909e-01, -1.43412858e-01,  1.32136942e-02,
         1.68943137e-01, -4.31183061e-02, -3.98364246e-03,
         2.95852848e+00,  3.42330576e-01, -4.33132882e-01,
        -2.57038165e-03, -3.74210572e-01,  1.51898407e-01,
        -3.53275859e-02,  7.55129724e-02,  1.22284934e-01,
         2.82523159e-01, -1.44462613e-03,  1.90190278e-01],
       [-1.12852519e-01, -4.15782657e-02,  6.79090221e-02,
        -2.65660447e-02, -8.84866654e-03,  5.16832601e-02,
        -2.49100182e-01,  6.70449721e-01,  5.63019946e-02,
        -1.11018653e-01, -9.74739695e-02, -5.07190500e-02,
         6.05502246e-02,  5.37073103e-02,  5.69001459e-03,
        -1.44462613e-03,  9.89050906e-02, -3.37384379e-02],
       [ 5.91271045e-01,  1.00960102e-02,  5.35866139e-03,
         1.83485723e-01,  3.57367248e-02, -4.44034364e-02,
         2.70884531e+00, -1.61983914e-02,  2.17247175e-01,
         2.25296943e-01, -2.11014194e-01,  8.62185583e-02,
        -1.61554182e-01,  5.49194229e-02,  1.26683791e-01,
         1.90190278e-01, -3.37384379e-02,  2.90987794e-01]])
      jac: array([ 7.03918405e-06, -6.46704912e-06,  7.92070113e-06, -1.67554859e-05,
        1.59609363e-05, -1.38711265e-05, -3.65263375e-07,  2.96799622e-07,
        1.18016708e-06,  2.03022784e-06, -4.97416923e-06,  4.73473113e-06,
        1.13620224e-05, -1.37656553e-05,  9.27628344e-06,  1.64238993e-06,
        4.79986421e-06, -1.04553403e-05])
  message: 'Desired error not necessarily achieved due to precision loss.'
     nfev: 2843
      nit: 98
     njev: 149
   status: 2
  success: False
        x: array([-1.21967227, -0.89837277,  0.54576078, -1.39630377, -0.88375591,
        0.21284144,  1.47573492, -0.48143329,  1.01274791,  0.02918307,
        0.54357401,  0.96409965,  0.07751254,  0.12739069, -0.22531251,
        1.54046112, -0.41095027,  0.09883674])
