Program Begingeth
      fun: 0.28625138954241924
 hess_inv: array([[ 3.95881020e+00,  4.95297401e-02,  1.20157962e+00,
         2.01318306e+00, -2.52321210e-01, -4.46607018e-02,
         2.52844978e+00, -1.52288653e+00, -4.46904584e+00,
         7.39504546e-01,  3.69718724e-01, -6.20102830e-01,
         1.46714313e-01, -1.63424354e-01, -4.19393426e-02,
         1.81410806e-01,  1.23179824e-01,  9.12570959e-02],
       [ 4.95297401e-02,  1.66955921e+00, -2.21793256e-01,
         7.59639123e-02,  8.29198782e-01, -2.04750498e-01,
         3.40305193e-02,  1.00367917e+00,  1.18566873e+00,
         4.71517891e-01,  4.47773566e-01, -6.91908975e-02,
        -1.28649344e-01, -2.21232729e-03, -1.91068475e-01,
        -1.09789250e-01,  5.92884115e-02, -1.62678612e-02],
       [ 1.20157962e+00, -2.21793256e-01,  1.53086785e+00,
         7.17121811e-01, -2.27827734e-01,  5.76131434e-01,
         1.36336059e+00, -1.98220254e+00, -1.46546152e+00,
         3.37872827e-01, -9.15113505e-02,  3.77053602e-02,
         7.03900993e-02,  1.33268385e-01,  7.71038524e-02,
         2.80037256e-02,  1.55715164e-01,  7.64244646e-02],
       [ 2.01318306e+00,  7.59639123e-02,  7.17121811e-01,
         1.05525604e+00, -1.07503611e-01,  2.97831079e-02,
         1.43468269e+00, -9.21137461e-01, -2.18513554e+00,
         3.93001200e-01,  2.10402941e-01, -2.75406799e-01,
         9.02762486e-02, -5.86001027e-02, -3.17720901e-02,
         9.07222239e-02,  9.06099170e-02,  4.19731546e-02],
       [-2.52321210e-01,  8.29198782e-01, -2.27827734e-01,
        -1.07503611e-01,  4.80727195e-01, -1.37120398e-01,
         1.57890636e-01,  1.03436048e+00,  9.15626417e-01,
         1.80206284e-01,  2.69329275e-01, -2.73511585e-03,
        -1.22047905e-01, -5.47383643e-03, -1.05492860e-01,
        -9.80773642e-02, -5.72934421e-03, -1.50827002e-03],
       [-4.46607018e-02, -2.04750498e-01,  5.76131434e-01,
         2.97831079e-02, -1.37120398e-01,  3.42252497e-01,
        -2.52401574e-03, -9.86255795e-01,  6.75082722e-02,
        -3.75281891e-02, -1.96322433e-01,  1.38839769e-01,
         6.62841766e-02,  1.20338800e-01,  6.97194814e-02,
         1.06678274e-02,  8.38241273e-02,  9.90620263e-03],
       [ 2.52844978e+00,  3.40305193e-02,  1.36336059e+00,
         1.43468269e+00,  1.57890636e-01, -2.52401574e-03,
         6.45368666e+00,  9.61872117e-01, -3.17707457e+00,
         6.66276673e-01,  8.60975672e-01, -3.07246093e-01,
        -2.95942369e-01, -2.45324739e-01, -1.24680840e-01,
        -1.18854336e-01, -1.87642588e-01,  2.37392173e-01],
       [-1.52288653e+00,  1.00367917e+00, -1.98220254e+00,
        -9.21137461e-01,  1.03436048e+00, -9.86255795e-01,
         9.61872117e-01,  7.01303423e+00,  2.61774998e+00,
        -1.29548725e-01,  8.86401378e-01, -4.69118005e-01,
        -5.02838906e-01, -3.29800724e-01, -2.20143375e-01,
        -2.53231190e-01, -3.72849646e-01,  1.26814887e-02],
       [-4.46904584e+00,  1.18566873e+00, -1.46546152e+00,
        -2.18513554e+00,  9.15626417e-01,  6.75082722e-02,
        -3.17707457e+00,  2.61774998e+00,  7.82728199e+00,
        -7.31142269e-01,  2.53516090e-01,  5.84734213e-01,
        -1.48749521e-01,  2.15440382e-01, -1.11484291e-01,
        -2.99496462e-01,  4.09790410e-02, -1.79353634e-01],
       [ 7.39504546e-01,  4.71517891e-01,  3.37872827e-01,
         3.93001200e-01,  1.80206284e-01, -3.75281891e-02,
         6.66276673e-01, -1.29548725e-01, -7.31142269e-01,
         9.82461340e-01,  1.02305328e-01, -6.57183727e-02,
        -2.03817031e-01,  1.63995670e-02,  6.15521382e-02,
        -3.45402548e-02,  6.67146794e-02,  2.45159686e-01],
       [ 3.69718724e-01,  4.47773566e-01, -9.15113505e-02,
         2.10402941e-01,  2.69329275e-01, -1.96322433e-01,
         8.60975672e-01,  8.86401378e-01,  2.53516090e-01,
         1.02305328e-01,  7.68641156e-01, -1.89547309e-01,
        -7.67394161e-02, -1.64812098e-01, -1.86542662e-01,
        -7.17753301e-02, -2.26591114e-02, -8.02732359e-02],
       [-6.20102830e-01, -6.91908975e-02,  3.77053602e-02,
        -2.75406799e-01, -2.73511585e-03,  1.38839769e-01,
        -3.07246093e-01, -4.69118005e-01,  5.84734213e-01,
        -6.57183727e-02, -1.89547309e-01,  4.39726426e-01,
        -3.64526855e-02,  1.32460757e-01,  5.82608404e-03,
        -7.91147512e-02,  4.80994437e-02,  2.65709864e-02],
       [ 1.46714313e-01, -1.28649344e-01,  7.03900993e-02,
         9.02762486e-02, -1.22047905e-01,  6.62841766e-02,
        -2.95942369e-01, -5.02838906e-01, -1.48749521e-01,
        -2.03817031e-01, -7.67394161e-02, -3.64526855e-02,
         1.57729511e-01,  1.91903447e-02, -2.54428083e-03,
         8.89100624e-02,  4.90331195e-02, -7.89320164e-02],
       [-1.63424354e-01, -2.21232729e-03,  1.33268385e-01,
        -5.86001027e-02, -5.47383643e-03,  1.20338800e-01,
        -2.45324739e-01, -3.29800724e-01,  2.15440382e-01,
         1.63995670e-02, -1.64812098e-01,  1.32460757e-01,
         1.91903447e-02,  1.10728296e-01,  3.40236001e-02,
        -5.05251847e-03,  7.79928525e-02,  2.08539515e-02],
       [-4.19393426e-02, -1.91068475e-01,  7.71038524e-02,
        -3.17720901e-02, -1.05492860e-01,  6.97194814e-02,
        -1.24680840e-01, -2.20143375e-01, -1.11484291e-01,
         6.15521382e-02, -1.86542662e-01,  5.82608404e-03,
        -2.54428083e-03,  3.40236001e-02,  9.69477299e-02,
         2.40210946e-02,  3.12568995e-03,  7.46480784e-02],
       [ 1.81410806e-01, -1.09789250e-01,  2.80037256e-02,
         9.07222239e-02, -9.80773642e-02,  1.06678274e-02,
        -1.18854336e-01, -2.53231190e-01, -2.99496462e-01,
        -3.45402548e-02, -7.17753301e-02, -7.91147512e-02,
         8.89100624e-02, -5.05251847e-03,  2.40210946e-02,
         8.41426982e-02,  1.70874616e-02, -1.68878165e-02],
       [ 1.23179824e-01,  5.92884115e-02,  1.55715164e-01,
         9.06099170e-02, -5.72934421e-03,  8.38241273e-02,
        -1.87642588e-01, -3.72849646e-01,  4.09790410e-02,
         6.67146794e-02, -2.26591114e-02,  4.80994437e-02,
         4.90331195e-02,  7.79928525e-02,  3.12568995e-03,
         1.70874616e-02,  1.09751955e-01, -2.34941701e-03],
       [ 9.12570959e-02, -1.62678612e-02,  7.64244646e-02,
         4.19731546e-02, -1.50827002e-03,  9.90620263e-03,
         2.37392173e-01,  1.26814887e-02, -1.79353634e-01,
         2.45159686e-01, -8.02732359e-02,  2.65709864e-02,
        -7.89320164e-02,  2.08539515e-02,  7.46480784e-02,
        -1.68878165e-02, -2.34941701e-03,  1.28088582e-01]])
      jac: array([-9.16640837e-05,  4.04413540e-05,  1.94999572e-05,  1.68597728e-04,
       -5.48801745e-05, -4.36909768e-05, -6.70685729e-06, -3.11269529e-06,
       -9.79660797e-06, -4.53751851e-05,  1.50453724e-05, -9.82251317e-06,
       -1.28721478e-04,  5.64244947e-05,  8.57210599e-05,  4.98305101e-05,
       -3.33955086e-05, -1.10211840e-05])
  message: 'Desired error not necessarily achieved due to precision loss.'
     nfev: 2196
      nit: 67
     njev: 115
   status: 2
  success: False
        x: array([-1.4542149 , -1.24195303,  0.72935325, -1.22990019, -1.34066868,
        0.39039121, -0.42413552, -1.89050687,  1.14399264,  0.01519898,
        0.47254877,  1.26677207,  0.09951241,  0.18913706, -0.28387744,
        1.17525065, -0.18910904, -0.01608424])
