Program Begingeth
      fun: 0.23673347402560635
 hess_inv: array([[ 2.46308092e+00, -1.94354048e-01, -1.53565344e-01,
         2.62911066e-01, -1.50842259e-01,  6.17005962e-01,
        -2.00549390e+00,  3.48319284e-01,  3.33330482e-01,
        -7.63963369e-01, -2.52729081e-01,  3.08996918e-01,
        -4.01101684e-01,  1.45821678e-02,  2.11614796e-01,
         8.48458584e-02,  7.19062632e-02, -5.18900201e-01],
       [-1.94354048e-01,  2.15622208e+00,  8.96861792e-01,
         8.16066140e-02,  4.77006082e-01, -1.52461183e-02,
        -1.94456615e+00,  1.75990935e-01,  2.87578002e+00,
         2.05915466e-01, -7.42555924e-02, -1.84555497e+00,
         1.79837311e-01, -3.68683765e-01, -1.92924359e-01,
        -9.51715413e-02,  6.96922992e-02, -3.02187023e-02],
       [-1.53565344e-01,  8.96861792e-01,  1.86087440e+00,
        -2.68683143e-01,  1.42320662e-01,  1.29496756e-01,
        -1.50796454e+00, -2.78533108e+00,  2.19841734e+00,
         1.43412849e-01,  1.16522550e+00, -1.66185794e+00,
         4.37469602e-04, -3.43056416e-01, -4.19436147e-01,
         1.86951229e-01, -6.33871341e-02,  5.82234844e-03],
       [ 2.62911066e-01,  8.16066140e-02, -2.68683143e-01,
         1.52492580e-01,  6.39065301e-03,  2.46660319e-02,
         1.50347687e-01,  7.26557622e-01,  9.65790532e-02,
        -1.19740301e-01, -2.85888406e-01,  5.98441322e-02,
         3.65568728e-02, -2.91819824e-03,  1.05931791e-01,
        -2.73883716e-02,  1.41574103e-02, -1.33022996e-02],
       [-1.50842259e-01,  4.77006082e-01,  1.42320662e-01,
         6.39065301e-03,  3.61535037e-01,  4.41795846e-02,
        -2.58946435e+00,  4.12561922e-01,  2.49732722e-01,
         4.00599217e-01, -7.78654726e-02, -2.64946910e-01,
         1.49973853e-01,  3.75921405e-02, -8.05444931e-03,
        -8.51747524e-03, -1.54059352e-01, -4.79499037e-02],
       [ 6.17005962e-01, -1.52461183e-02,  1.29496756e-01,
         2.46660319e-02,  4.41795846e-02,  3.02588762e-01,
        -1.58449273e+00,  3.81468447e-02,  4.32041874e-01,
         7.09022673e-02, -7.84362827e-02,  1.64350401e-02,
        -1.46788976e-01,  2.61105633e-02,  1.04245935e-01,
        -7.82625345e-03, -5.45009252e-02, -1.49862271e-01],
       [-2.00549390e+00, -1.94456615e+00, -1.50796454e+00,
         1.50347687e-01, -2.58946435e+00, -1.58449273e+00,
         3.41144919e+01,  1.12009256e+00, -3.05378476e+00,
        -3.08697071e+00, -5.31508570e-01,  1.46285847e+00,
        -6.17475801e-01, -3.13440298e-02,  2.70222019e-02,
         4.37936714e-02,  2.34893796e+00,  1.51442938e+00],
       [ 3.48319284e-01,  1.75990935e-01, -2.78533108e+00,
         7.26557622e-01,  4.12561922e-01,  3.81468447e-02,
         1.12009256e+00,  1.02099667e+01, -2.59877868e+00,
        -4.12289186e-02, -2.73142557e+00,  1.49895594e+00,
         8.61312622e-02,  5.81758606e-01,  1.12248751e+00,
        -5.91112079e-01,  4.73331504e-01,  1.27540627e-01],
       [ 3.33330482e-01,  2.87578002e+00,  2.19841734e+00,
         9.65790532e-02,  2.49732722e-01,  4.32041874e-01,
        -3.05378476e+00, -2.59877868e+00,  9.56650852e+00,
         1.55834792e-01,  8.06303071e-01, -3.13751925e+00,
         6.01729956e-02, -1.08203058e+00, -4.25672038e-01,
        -9.39436993e-02, -1.86383120e-01,  1.44045828e-02],
       [-7.63963369e-01,  2.05915466e-01,  1.43412849e-01,
        -1.19740301e-01,  4.00599217e-01,  7.09022673e-02,
        -3.08697071e+00, -4.12289186e-02,  1.55834792e-01,
         1.26591694e+00,  4.07749740e-02, -1.22324061e-01,
         8.61601331e-02,  6.12870708e-02, -9.67123365e-03,
        -6.26096986e-02, -3.40196903e-01, -4.89986647e-02],
       [-2.52729081e-01, -7.42555924e-02,  1.16522550e+00,
        -2.85888406e-01, -7.78654726e-02, -7.84362827e-02,
        -5.31508570e-01, -2.73142557e+00,  8.06303071e-01,
         4.07749740e-02,  1.53730044e+00, -7.82422327e-01,
         1.72723830e-02, -3.04974519e-01, -4.76512783e-01,
         2.35364663e-01, -1.48162658e-01, -5.05278997e-02],
       [ 3.08996918e-01, -1.84555497e+00, -1.66185794e+00,
         5.98441322e-02, -2.64946910e-01,  1.64350401e-02,
         1.46285847e+00,  1.49895594e+00, -3.13751925e+00,
        -1.22324061e-01, -7.82422327e-01,  2.51078117e+00,
        -1.42804083e-01,  5.84890025e-01,  3.55908095e-01,
        -4.20372940e-03,  1.94431396e-02, -8.56287170e-03],
       [-4.01101684e-01,  1.79837311e-01,  4.37469602e-04,
         3.65568728e-02,  1.49973853e-01, -1.46788976e-01,
        -6.17475801e-01,  8.61312622e-02,  6.01729956e-02,
         8.61601331e-02,  1.72723830e-02, -1.42804083e-01,
         2.46740548e-01, -1.89969634e-02, -4.43156783e-02,
         3.00564380e-02, -1.16571293e-01,  1.02804719e-01],
       [ 1.45821678e-02, -3.68683765e-01, -3.43056416e-01,
        -2.91819824e-03,  3.75921405e-02,  2.61105633e-02,
        -3.13440298e-02,  5.81758606e-01, -1.08203058e+00,
         6.12870708e-02, -3.04974519e-01,  5.84890025e-01,
        -1.89969634e-02,  2.36235021e-01,  1.20452520e-01,
         2.11654623e-03,  2.59387462e-02,  1.29059040e-02],
       [ 2.11614796e-01, -1.92924359e-01, -4.19436147e-01,
         1.05931791e-01, -8.05444931e-03,  1.04245935e-01,
         2.70222019e-02,  1.12248751e+00, -4.25672038e-01,
        -9.67123365e-03, -4.76512783e-01,  3.55908095e-01,
        -4.43156783e-02,  1.20452520e-01,  2.34965346e-01,
        -8.51042704e-02,  2.59834918e-02,  1.23479579e-02],
       [ 8.48458584e-02, -9.51715413e-02,  1.86951229e-01,
        -2.73883716e-02, -8.51747524e-03, -7.82625345e-03,
         4.37936714e-02, -5.91112079e-01, -9.39436993e-02,
        -6.26096986e-02,  2.35364663e-01, -4.20372940e-03,
         3.00564380e-02,  2.11654623e-03, -8.51042704e-02,
         1.16644284e-01, -2.31746580e-02, -1.03015434e-02],
       [ 7.19062632e-02,  6.96922992e-02, -6.33871341e-02,
         1.41574103e-02, -1.54059352e-01, -5.45009252e-02,
         2.34893796e+00,  4.73331504e-01, -1.86383120e-01,
        -3.40196903e-01, -1.48162658e-01,  1.94431396e-02,
        -1.16571293e-01,  2.59387462e-02,  2.59834918e-02,
        -2.31746580e-02,  2.90781144e-01,  6.26501636e-02],
       [-5.18900201e-01, -3.02187023e-02,  5.82234844e-03,
        -1.33022996e-02, -4.79499037e-02, -1.49862271e-01,
         1.51442938e+00,  1.27540627e-01,  1.44045828e-02,
        -4.89986647e-02, -5.05278997e-02, -8.56287170e-03,
         1.02804719e-01,  1.29059040e-02,  1.23479579e-02,
        -1.03015434e-02,  6.26501636e-02,  2.27986787e-01]])
      jac: array([ 8.97467286e-06,  3.38429285e-05,  2.82078065e-05, -8.11165949e-05,
       -9.96397409e-05, -2.51289730e-05, -2.16863564e-07,  1.30619589e-05,
        5.07186885e-06,  3.69630252e-06,  1.94437059e-06,  2.67189974e-05,
        5.81518167e-05,  1.42693265e-05,  7.12720623e-05,  3.41054962e-05,
       -3.21581650e-05, -3.61294328e-05])
  message: 'Desired error not necessarily achieved due to precision loss.'
     nfev: 2044
      nit: 61
     njev: 107
   status: 2
  success: False
        x: array([ 0.154497  , -0.34029418,  0.74385451,  0.87496794, -0.49582728,
        0.02910559,  0.11359744, -1.41855998, -0.54070978,  0.07810254,
        0.76129151,  0.93735803,  0.1129808 ,  0.14391705, -0.4336191 ,
       -0.90132209, -0.67987987,  0.02076872])
