Program Begingeth
      fun: 0.26157712234237873
 hess_inv: array([[ 3.44912635e+00,  2.82843827e-01,  1.13624099e+00,
         1.77865865e+00,  6.15863248e-02,  5.18637180e-02,
         3.62685445e+00, -7.48953060e-02, -3.22535432e+00,
         5.42537878e-01,  4.87996959e-01, -3.08342184e-01,
         2.40386590e-02, -1.55191810e-01, -9.63977976e-02,
         7.96279266e-02,  8.33494505e-03,  5.92197261e-02],
       [ 2.82843827e-01,  1.30453073e+00, -8.82674177e-02,
         1.83500282e-01,  6.50977059e-01, -1.38490302e-01,
         4.67181462e-01,  6.83444358e-01,  7.15570880e-01,
         4.44544660e-01,  4.14812088e-01, -4.26312669e-02,
        -1.16175283e-01, -9.57501053e-04, -1.39130850e-01,
        -7.27225210e-02,  5.39356795e-02,  4.03684459e-03],
       [ 1.13624099e+00, -8.82674177e-02,  1.72292829e+00,
         6.78785846e-01, -1.07002531e-01,  6.87120254e-01,
         1.91482258e+00, -1.72963725e+00, -1.35762486e+00,
         2.30548268e-01, -9.13033121e-02,  2.06951328e-01,
         2.36527751e-02,  1.37654670e-01,  7.36126389e-02,
        -1.72192306e-03,  9.44283609e-02,  9.09367393e-02],
       [ 1.77865865e+00,  1.83500282e-01,  6.78785846e-01,
         9.38637220e-01,  5.02718833e-02,  6.99314802e-02,
         2.04644608e+00, -1.49274739e-01, -1.60251059e+00,
         2.78705090e-01,  2.77168986e-01, -1.27325317e-01,
         1.90389975e-02, -6.64421240e-02, -5.83654836e-02,
         3.80965020e-02,  1.68012762e-02,  2.83337677e-02],
       [ 6.15863248e-02,  6.50977059e-01, -1.07002531e-01,
         5.02718833e-02,  3.62238231e-01, -1.05377876e-01,
         4.42712421e-01,  7.29246665e-01,  4.89072607e-01,
         2.05112056e-01,  2.65649996e-01, -4.60251824e-02,
        -9.20600551e-02, -1.44781073e-02, -8.11228586e-02,
        -5.76858161e-02,  1.16400812e-02,  4.06575566e-03],
       [ 5.18637180e-02, -1.38490302e-01,  6.87120254e-01,
         6.99314802e-02, -1.05377876e-01,  3.64373577e-01,
         1.37345299e-01, -1.05555229e+00, -1.51597132e-01,
        -3.06111569e-02, -1.88281288e-01,  1.62282567e-01,
         5.12807342e-02,  1.11510589e-01,  6.80611693e-02,
         6.26841208e-03,  6.16838722e-02,  2.70526562e-02],
       [ 3.62685445e+00,  4.67181462e-01,  1.91482258e+00,
         2.04644608e+00,  4.42712421e-01,  1.37345299e-01,
         9.57477886e+00,  2.15314510e+00, -3.17817382e+00,
         6.62079639e-01,  1.32642735e+00, -3.38352217e-01,
        -3.85361229e-01, -3.45158858e-01, -2.43275536e-01,
        -1.59710018e-01, -2.17226930e-01,  1.87873296e-01],
       [-7.48953060e-02,  6.83444358e-01, -1.72963725e+00,
        -1.49274739e-01,  7.29246665e-01, -1.05555229e+00,
         2.15314510e+00,  6.78688855e+00,  1.34776072e+00,
         2.44007660e-01,  1.02511797e+00, -9.75756292e-01,
        -4.08244955e-01, -4.37968014e-01, -1.94672175e-01,
        -1.23642945e-01, -2.64672198e-01,  1.74062744e-02],
       [-3.22535432e+00,  7.15570880e-01, -1.35762486e+00,
        -1.60251059e+00,  4.89072607e-01, -1.51597132e-01,
        -3.17817382e+00,  1.34776072e+00,  5.73808199e+00,
        -5.02252872e-01,  3.71393783e-01, -2.02079374e-02,
        -1.71408097e-02,  7.47210050e-02, -7.34172315e-02,
        -1.28890401e-01,  8.13538291e-02, -1.44831807e-01],
       [ 5.42537878e-01,  4.44544660e-01,  2.30548268e-01,
         2.78705090e-01,  2.05112056e-01, -3.06111569e-02,
         6.62079639e-01,  2.44007660e-01, -5.02252872e-01,
         9.73835551e-01,  1.04335136e-01, -1.76269469e-02,
        -2.34564191e-01, -3.03993567e-03,  7.24180865e-02,
        -3.80834096e-02,  2.63134469e-02,  2.26560082e-01],
       [ 4.87996959e-01,  4.14812088e-01, -9.13033121e-02,
         2.77168986e-01,  2.65649996e-01, -1.88281288e-01,
         1.32642735e+00,  1.02511797e+00,  3.71393783e-01,
         1.04335136e-01,  7.87443410e-01, -2.17303838e-01,
        -7.82095055e-02, -1.69661594e-01, -1.66614724e-01,
        -5.36990824e-02, -2.59074722e-02, -5.72184005e-02],
       [-3.08342184e-01, -4.26312669e-02,  2.06951328e-01,
        -1.27325317e-01, -4.60251824e-02,  1.62282567e-01,
        -3.38352217e-01, -9.75756292e-01, -2.02079374e-02,
        -1.76269469e-02, -2.17303838e-01,  4.23406575e-01,
        -4.90564311e-03,  1.24310235e-01,  1.58185152e-03,
        -4.77686201e-02,  5.50991889e-02,  2.38933730e-02],
       [ 2.40386590e-02, -1.16175283e-01,  2.36527751e-02,
         1.90389975e-02, -9.20600551e-02,  5.12807342e-02,
        -3.85361229e-01, -4.08244955e-01, -1.71408097e-02,
        -2.34564191e-01, -7.82095055e-02, -4.90564311e-03,
         1.31754621e-01,  2.15633380e-02, -5.84913160e-03,
         6.24394031e-02,  2.66116263e-02, -6.88025350e-02],
       [-1.55191810e-01, -9.57501053e-04,  1.37654670e-01,
        -6.64421240e-02, -1.44781073e-02,  1.11510589e-01,
        -3.45158858e-01, -4.37968014e-01,  7.47210050e-02,
        -3.03993567e-03, -1.69661594e-01,  1.24310235e-01,
         2.15633380e-02,  9.42232421e-02,  2.95487590e-02,
        -1.91798365e-03,  5.74078103e-02,  1.18458942e-02],
       [-9.63977976e-02, -1.39130850e-01,  7.36126389e-02,
        -5.83654836e-02, -8.11228586e-02,  6.80611693e-02,
        -2.43275536e-01, -1.94672175e-01, -7.34172315e-02,
         7.24180865e-02, -1.66614724e-01,  1.58185152e-03,
        -5.84913160e-03,  2.95487590e-02,  8.70517312e-02,
         1.64006039e-02,  2.39181831e-03,  6.30582108e-02],
       [ 7.96279266e-02, -7.27225210e-02, -1.72192306e-03,
         3.80965020e-02, -5.76858161e-02,  6.26841208e-03,
        -1.59710018e-01, -1.23642945e-01, -1.28890401e-01,
        -3.80834096e-02, -5.36990824e-02, -4.77686201e-02,
         6.24394031e-02, -1.91798365e-03,  1.64006039e-02,
         5.55690529e-02,  5.62784539e-03, -1.33308826e-02],
       [ 8.33494505e-03,  5.39356795e-02,  9.44283609e-02,
         1.68012762e-02,  1.16400812e-02,  6.16838722e-02,
        -2.17226930e-01, -2.64672198e-01,  8.13538291e-02,
         2.63134469e-02, -2.59074722e-02,  5.50991889e-02,
         2.66116263e-02,  5.74078103e-02,  2.39181831e-03,
         5.62784539e-03,  6.36048204e-02, -2.86545757e-03],
       [ 5.92197261e-02,  4.03684459e-03,  9.09367393e-02,
         2.83337677e-02,  4.06575566e-03,  2.70526562e-02,
         1.87873296e-01,  1.74062744e-02, -1.44831807e-01,
         2.26560082e-01, -5.72184005e-02,  2.38933730e-02,
        -6.88025350e-02,  1.18458942e-02,  6.30582108e-02,
        -1.33308826e-02, -2.86545757e-03,  9.84490063e-02]])
      jac: array([ 9.83657600e-07, -1.47215573e-06, -5.04744395e-06, -2.10424271e-06,
        3.76291591e-06,  1.23397588e-05,  1.79115981e-07, -3.44169138e-07,
       -6.67984187e-07, -1.51989532e-06, -1.09801057e-06, -2.02578695e-06,
       -7.56061880e-06, -4.81725770e-06, -1.47578246e-05,  1.06670228e-05,
        9.08532509e-06,  1.03313654e-05])
  message: 'Desired error not necessarily achieved due to precision loss.'
     nfev: 1703
      nit: 63
     njev: 89
   status: 2
  success: False
        x: array([-1.72883053, -1.2699781 ,  0.64549551, -1.49359374, -1.32417038,
        0.36301892, -0.57464395, -1.66474208,  1.18697205, -0.01474329,
        0.49854005,  1.19080655,  0.10285403,  0.2706714 , -0.24731036,
        1.3140328 ,  0.05312286,  0.00513758])
