Program Begingeth
      fun: 0.3035307679739988
 hess_inv: array([[ 7.75506369e+00,  1.85220419e+00, -2.28700453e+00,
         3.17557155e+00,  9.34672561e-01, -1.09336616e+00,
         7.40827210e+00,  4.60728152e-01,  5.00358985e+00,
         3.61021747e-01,  1.12369012e+00, -4.49015946e-01,
        -8.35881322e-01, -4.09642101e-01, -3.31051173e-01,
        -2.40850253e-01, -4.15875951e-01,  6.06583686e-02],
       [ 1.85220419e+00,  2.98085173e+00, -5.51087385e-02,
         5.16113210e-01,  1.25940035e+00, -4.41039262e-01,
         6.19564312e-01,  1.42280396e+00, -1.11215015e+00,
         9.22534096e-01,  2.86124985e-01, -9.55732071e-01,
        -5.72402498e-01, -2.62328991e-01, -4.47550430e-02,
        -8.88894921e-02, -1.58873998e-01,  1.19481368e-01],
       [-2.28700453e+00, -5.51087385e-02,  2.63155204e+00,
        -1.11866432e+00,  9.19504602e-02,  9.54129381e-01,
        -4.79031518e+00,  1.30097977e+00, -1.97955597e+00,
        -1.38111593e-01,  3.65129130e-01, -1.37618089e-01,
         2.02896386e-01,  7.56384930e-02, -2.24992687e-02,
         5.95631351e-03,  1.83338417e-01, -5.14468403e-02],
       [ 3.17557155e+00,  5.16113210e-01, -1.11866432e+00,
         1.39461059e+00,  2.72838249e-01, -4.86681779e-01,
         3.80655270e+00,  1.30402240e-01,  2.34431280e+00,
         1.20798721e-01,  4.49203619e-01, -1.32702739e-01,
        -2.76310887e-01, -1.57438561e-01, -1.40410296e-01,
        -6.98105227e-02, -1.51552384e-01,  1.05684089e-02],
       [ 9.34672561e-01,  1.25940035e+00,  9.19504602e-02,
         2.72838249e-01,  5.93582658e-01, -1.52276119e-01,
         1.88772012e-01,  1.06367130e+00, -3.24953696e-01,
         4.36299545e-01,  2.00349725e-01, -3.51216044e-01,
        -2.72954360e-01, -9.17718291e-02, -5.35786819e-02,
        -6.17909735e-02, -5.53668532e-02,  5.17794802e-02],
       [-1.09336616e+00, -4.41039262e-01,  9.54129381e-01,
        -4.86681779e-01, -1.52276119e-01,  4.50771364e-01,
        -1.90384884e+00,  1.45225776e-01, -2.99950610e-01,
        -2.36473103e-01,  2.98826834e-03,  8.21553508e-02,
         1.69347365e-01,  8.71494957e-02,  3.18732898e-02,
         2.01152253e-02,  9.22968930e-02, -2.66349258e-02],
       [ 7.40827210e+00,  6.19564312e-01, -4.79031518e+00,
         3.80655270e+00,  1.88772012e-01, -1.90384884e+00,
         1.53346382e+01, -6.43034758e-01,  6.41957462e+00,
         5.52519727e-01,  5.88932727e-01, -3.64607845e-01,
        -4.82841210e-01, -4.19313407e-01, -2.36282791e-01,
        -8.18322943e-03, -3.70649934e-01,  2.71165756e-02],
       [ 4.60728152e-01,  1.42280396e+00,  1.30097977e+00,
         1.30402240e-01,  1.06367130e+00,  1.45225776e-01,
        -6.43034758e-01,  5.73244069e+00, -7.72185202e-01,
         1.32191305e+00,  5.40979041e-01, -2.61686604e-01,
        -3.83863278e-01,  1.56577386e-02, -2.21536749e-01,
        -1.05859171e-01,  9.41305639e-02,  9.96529611e-02],
       [ 5.00358985e+00, -1.11215015e+00, -1.97955597e+00,
         2.34431280e+00, -3.24953696e-01, -2.99950610e-01,
         6.41957462e+00, -7.72185202e-01,  8.13012253e+00,
        -1.09671912e-01,  4.13482185e-01,  3.70212216e-01,
        -2.33211715e-01,  2.49845067e-02, -8.01584031e-02,
        -1.03582676e-01, -1.14844013e-01,  3.94161891e-02],
       [ 3.61021747e-01,  9.22534096e-01, -1.38111593e-01,
         1.20798721e-01,  4.36299545e-01, -2.36473103e-01,
         5.52519727e-01,  1.32191305e+00, -1.09671912e-01,
         1.80562647e+00, -6.90218825e-02, -2.29177548e-01,
        -4.94459093e-01, -1.09337392e-02,  9.31703809e-02,
        -4.26597088e-02,  2.12647100e-02,  3.00989521e-01],
       [ 1.12369012e+00,  2.86124985e-01,  3.65129130e-01,
         4.49203619e-01,  2.00349725e-01,  2.98826834e-03,
         5.88932727e-01,  5.40979041e-01,  4.13482185e-01,
        -6.90218825e-02,  9.50134669e-01, -1.74392613e-01,
        -9.06147173e-02, -1.84279961e-01, -2.12295439e-01,
        -6.13843816e-02, -2.95070126e-02, -1.07475289e-01],
       [-4.49015946e-01, -9.55732071e-01, -1.37618089e-01,
        -1.32702739e-01, -3.51216044e-01,  8.21553508e-02,
        -3.64607845e-01, -2.61686604e-01,  3.70212216e-01,
        -2.29177548e-01, -1.74392613e-01,  7.01610259e-01,
         1.11196675e-01,  1.55766894e-01, -4.36400550e-02,
        -3.03417183e-02,  7.35054322e-02, -8.60235078e-03],
       [-8.35881322e-01, -5.72402498e-01,  2.02896386e-01,
        -2.76310887e-01, -2.72954360e-01,  1.69347365e-01,
        -4.82841210e-01, -3.83863278e-01, -2.33211715e-01,
        -4.94459093e-01, -9.06147173e-02,  1.11196675e-01,
         2.68152212e-01,  5.04665869e-02,  1.17379276e-02,
         7.39537915e-02,  5.34902158e-02, -8.85932597e-02],
       [-4.09642101e-01, -2.62328991e-01,  7.56384930e-02,
        -1.57438561e-01, -9.17718291e-02,  8.71494957e-02,
        -4.19313407e-01,  1.56577386e-02,  2.49845067e-02,
        -1.09337392e-02, -1.84279961e-01,  1.55766894e-01,
         5.04665869e-02,  9.71567414e-02,  3.26786992e-02,
         5.82654407e-03,  5.59976389e-02,  1.92679037e-02],
       [-3.31051173e-01, -4.47550430e-02, -2.24992687e-02,
        -1.40410296e-01, -5.35786819e-02,  3.18732898e-02,
        -2.36282791e-01, -2.21536749e-01, -8.01584031e-02,
         9.31703809e-02, -2.12295439e-01, -4.36400550e-02,
         1.17379276e-02,  3.26786992e-02,  9.56914078e-02,
         2.49706229e-02,  7.95853428e-03,  5.57266259e-02],
       [-2.40850253e-01, -8.88894921e-02,  5.95631351e-03,
        -6.98105227e-02, -6.17909735e-02,  2.01152253e-02,
        -8.18322943e-03, -1.05859171e-01, -1.03582676e-01,
        -4.26597088e-02, -6.13843816e-02, -3.03417183e-02,
         7.39537915e-02,  5.82654407e-03,  2.49706229e-02,
         4.97622942e-02,  1.29121988e-02, -8.00608637e-03],
       [-4.15875951e-01, -1.58873998e-01,  1.83338417e-01,
        -1.51552384e-01, -5.53668532e-02,  9.22968930e-02,
        -3.70649934e-01,  9.41305639e-02, -1.14844013e-01,
         2.12647100e-02, -2.95070126e-02,  7.35054322e-02,
         5.34902158e-02,  5.59976389e-02,  7.95853428e-03,
         1.29121988e-02,  6.50356762e-02,  9.23383747e-04],
       [ 6.06583686e-02,  1.19481368e-01, -5.14468403e-02,
         1.05684089e-02,  5.17794802e-02, -2.66349258e-02,
         2.71165756e-02,  9.96529611e-02,  3.94161891e-02,
         3.00989521e-01, -1.07475289e-01, -8.60235078e-03,
        -8.85932597e-02,  1.92679037e-02,  5.57266259e-02,
        -8.00608637e-03,  9.23383747e-04,  8.83015476e-02]])
      jac: array([ 1.05034500e-05,  2.04725126e-05,  8.98059405e-06,  1.09575312e-05,
       -5.46233429e-05,  2.48171853e-06,  1.19385983e-06,  5.45489580e-07,
       -4.31247630e-06,  5.78685248e-06, -3.30735439e-06,  2.91507559e-06,
        1.23649239e-05, -2.90138284e-05,  3.35091214e-05, -2.97399142e-05,
        5.13267206e-05, -2.82166882e-05])
  message: 'Desired error not necessarily achieved due to precision loss.'
     nfev: 2462
      nit: 74
     njev: 129
   status: 2
  success: False
        x: array([-1.18011884, -1.12540432,  0.52667752, -1.56073404, -1.08341073,
        0.28051652, -2.28031774, -0.92235514,  0.91248273,  0.10709465,
        0.44565523,  1.08032913,  0.14383094,  0.20462276, -0.22120553,
        1.58252846, -0.16822777,  0.02695468])
