Program Begingeth
      fun: 0.3101387546379752
 hess_inv: array([[ 3.47906112e+00,  4.99893543e-01, -1.05617280e+00,
         1.29545420e+00,  3.76922041e-01, -1.20476762e+00,
         5.98535295e-01,  2.58730352e-02, -4.79672597e+00,
        -2.24571894e-02,  6.64310999e-01,  1.82679125e-03,
        -3.83444677e-01, -1.95458768e-01, -3.45772740e-01,
        -2.46171067e-01, -3.05394117e-01,  1.20235646e-01],
       [ 4.99893543e-01,  4.81655448e+00,  1.17564965e+00,
         1.14922104e-01,  2.18371872e+00,  3.14871557e-01,
         3.43631590e+00,  1.77296712e+00,  4.45965660e+00,
         4.75296655e-01,  5.69632430e-01, -1.07025153e+00,
        -5.32302733e-01, -3.19292341e-01, -1.68522828e-01,
        -1.35839683e-01, -3.31645174e-01,  9.62151369e-02],
       [-1.05617280e+00,  1.17564965e+00,  2.38180632e+00,
        -1.19061448e-01,  3.97317423e-01,  1.29919980e+00,
         2.42456519e+00, -1.28905403e+00,  4.54201568e+00,
        -5.66355200e-02,  3.91334972e-01, -3.24981289e-01,
         1.80362653e-01,  2.58767302e-02, -3.50245837e-02,
         8.95547077e-03,  1.64589463e-01, -1.38468884e-01],
       [ 1.29545420e+00,  1.14922104e-01, -1.19061448e-01,
         5.70962502e-01,  9.72554801e-02, -3.13240099e-01,
         7.06976860e-01, -3.48064452e-01, -1.57665130e+00,
        -6.93562200e-02,  3.30690212e-01,  5.03883235e-02,
        -7.38991834e-02, -4.42736260e-02, -1.70454160e-01,
        -8.98042623e-02, -6.37293536e-02, -7.34161417e-03],
       [ 3.76922041e-01,  2.18371872e+00,  3.97317423e-01,
         9.72554801e-02,  1.07582790e+00,  6.76996876e-02,
         1.86705159e+00,  1.34474192e+00,  1.59137685e+00,
         1.50423362e-01,  1.98083004e-01, -4.09052068e-01,
        -2.97127565e-01, -1.16416102e-01, -7.17544107e-02,
        -1.03413355e-01, -1.96371149e-01,  5.71256395e-02],
       [-1.20476762e+00,  3.14871557e-01,  1.29919980e+00,
        -3.13240099e-01,  6.76996876e-02,  8.94128372e-01,
         1.09174907e+00, -4.80454001e-01,  3.21866033e+00,
        -1.06145823e-01, -4.84625464e-02, -9.68255120e-02,
         1.96589731e-01,  7.59983916e-02,  8.90026631e-02,
         7.44775084e-02,  1.35581287e-01, -8.50897466e-02],
       [ 5.98535295e-01,  3.43631590e+00,  2.42456519e+00,
         7.06976860e-01,  1.86705159e+00,  1.09174907e+00,
         9.35347392e+00,  1.49971125e+00,  4.61945046e+00,
        -3.34049499e-01,  6.20430373e-01, -3.12929299e-01,
        -3.05250395e-01, -9.70417502e-02, -3.14349806e-01,
        -2.66801595e-01, -4.11712296e-01, -2.20577444e-01],
       [ 2.58730352e-02,  1.77296712e+00, -1.28905403e+00,
        -3.48064452e-01,  1.34474192e+00, -4.80454001e-01,
         1.49971125e+00,  6.54728735e+00, -2.67578981e-01,
        -2.21934692e-02, -7.51912162e-01, -1.89424838e-01,
        -5.02464045e-01,  2.51892847e-02,  3.05873692e-01,
        -5.45444659e-02, -4.18658727e-01,  2.53757393e-01],
       [-4.79672597e+00,  4.45965660e+00,  4.54201568e+00,
        -1.57665130e+00,  1.59137685e+00,  3.21866033e+00,
         4.61945046e+00, -2.67578981e-01,  1.70715975e+01,
         2.71990829e-01,  5.12167461e-02, -1.19559959e+00,
         3.26433697e-01, -1.83335359e-01,  2.99243018e-01,
         3.59043482e-01,  1.31769595e-01, -1.61618499e-01],
       [-2.24571894e-02,  4.75296655e-01, -5.66355200e-02,
        -6.93562200e-02,  1.50423362e-01, -1.06145823e-01,
        -3.34049499e-01, -2.21934692e-02,  2.71990829e-01,
         6.97739113e-01, -1.90184270e-02, -1.58867362e-01,
        -1.86410250e-01, -3.48901243e-02,  7.30669758e-02,
         6.16299020e-03,  8.92711049e-03,  1.96612980e-01],
       [ 6.64310999e-01,  5.69632430e-01,  3.91334972e-01,
         3.30690212e-01,  1.98083004e-01, -4.84625464e-02,
         6.20430373e-01, -7.51912162e-01,  5.12167461e-02,
        -1.90184270e-02,  8.07207100e-01, -2.06743196e-01,
        -3.91294571e-02, -1.94388881e-01, -2.57084099e-01,
        -7.41261109e-02, -4.04038486e-02, -1.28886601e-01],
       [ 1.82679125e-03, -1.07025153e+00, -3.24981289e-01,
         5.03883235e-02, -4.09052068e-01, -9.68255120e-02,
        -3.12929299e-01, -1.89424838e-01, -1.19559959e+00,
        -1.58867362e-01, -2.06743196e-01,  5.62855989e-01,
         7.08389194e-02,  1.62130174e-01, -1.36165126e-02,
        -4.80452218e-02,  9.37387138e-02, -1.54842296e-02],
       [-3.83444677e-01, -5.32302733e-01,  1.80362653e-01,
        -7.38991834e-02, -2.97127565e-01,  1.96589731e-01,
        -3.05250395e-01, -5.02464045e-01,  3.26433697e-01,
        -1.86410250e-01, -3.91294571e-02,  7.08389194e-02,
         2.20299117e-01,  5.62834985e-02,  1.52527075e-02,
         9.79687486e-02,  1.22804496e-01, -9.32557577e-02],
       [-1.95458768e-01, -3.19292341e-01,  2.58767302e-02,
        -4.42736260e-02, -1.16416102e-01,  7.59983916e-02,
        -9.70417502e-02,  2.51892847e-02, -1.83335359e-01,
        -3.48901243e-02, -1.94388881e-01,  1.62130174e-01,
         5.62834985e-02,  1.28362172e-01,  4.85133944e-02,
         6.79700468e-03,  9.73070944e-02,  1.10392040e-02],
       [-3.45772740e-01, -1.68522828e-01, -3.50245837e-02,
        -1.70454160e-01, -7.17544107e-02,  8.90026631e-02,
        -3.14349806e-01,  3.05873692e-01,  2.99243018e-01,
         7.30669758e-02, -2.57084099e-01, -1.36165126e-02,
         1.52527075e-02,  4.85133944e-02,  1.45839467e-01,
         4.94099742e-02,  1.81722808e-02,  8.43135249e-02],
       [-2.46171067e-01, -1.35839683e-01,  8.95547077e-03,
        -8.98042623e-02, -1.03413355e-01,  7.44775084e-02,
        -2.66801595e-01, -5.45444659e-02,  3.59043482e-01,
         6.16299020e-03, -7.41261109e-02, -4.80452218e-02,
         9.79687486e-02,  6.79700468e-03,  4.94099742e-02,
         9.55793148e-02,  4.48450980e-02, -8.93970933e-03],
       [-3.05394117e-01, -3.31645174e-01,  1.64589463e-01,
        -6.37293536e-02, -1.96371149e-01,  1.35581287e-01,
        -4.11712296e-01, -4.18658727e-01,  1.31769595e-01,
         8.92711049e-03, -4.04038486e-02,  9.37387138e-02,
         1.22804496e-01,  9.73070944e-02,  1.81722808e-02,
         4.48450980e-02,  1.66292982e-01, -2.48068306e-02],
       [ 1.20235646e-01,  9.62151369e-02, -1.38468884e-01,
        -7.34161417e-03,  5.71256395e-02, -8.50897466e-02,
        -2.20577444e-01,  2.53757393e-01, -1.61618499e-01,
         1.96612980e-01, -1.28886601e-01, -1.54842296e-02,
        -9.32557577e-02,  1.10392040e-02,  8.43135249e-02,
        -8.93970933e-03, -2.48068306e-02,  1.37300903e-01]])
      jac: array([-1.46808491e-06,  2.39031017e-06,  2.32887783e-06,  3.40690439e-06,
       -6.15988742e-06, -5.68841270e-06, -2.23894977e-07,  4.89238280e-07,
        3.49350178e-07, -6.82417086e-07,  1.12058511e-06,  1.07913678e-06,
       -3.72738877e-06,  5.49967479e-06,  5.12663985e-06,  2.24672133e-06,
       -3.85469434e-06, -3.82101758e-06])
  message: 'Optimization terminated successfully.'
     nfev: 1501
      nit: 68
     njev: 79
   status: 0
  success: True
        x: array([-0.74295954, -1.33991889,  0.62544786, -0.92035842, -1.35723945,
        0.18869692, -0.4640139 , -2.19972304, -0.40013925,  0.03433135,
        0.54602476,  1.21707685,  0.12453219,  0.06346578, -0.34577009,
        1.14405398, -0.47348706, -0.04549635])
