Program Begingeth
      fun: 0.24922110444758902
 hess_inv: array([[ 4.70112219e+00,  1.58536667e+00,  9.51528724e-01,
         1.06874598e+00,  4.96262517e-01, -9.35824769e-01,
         1.55866625e+00, -3.49703669e+00, -6.33927244e-01,
        -8.99500414e-01,  1.17928114e+00, -1.50918300e+00,
        -8.89497454e-01, -5.85377528e-01, -6.34180584e-01,
        -1.14827355e-01, -5.55380328e-01,  4.29843965e-01],
       [ 1.58536667e+00,  3.07654508e+00,  1.53184659e+00,
         3.36248463e-01,  9.09535565e-01, -5.23952010e-02,
         3.15308416e+00, -5.98328025e-01,  3.66707554e+00,
        -8.31969373e-02,  4.90191403e-01, -2.14071386e+00,
        -5.04387968e-01, -5.80876507e-01, -4.12619515e-01,
         2.59048070e-02, -1.91217303e-01,  6.50718763e-02],
       [ 9.51528724e-01,  1.53184659e+00,  3.05790810e+00,
         7.04783948e-01,  4.40188310e-01,  5.81579640e-01,
         6.09126154e+00, -4.03106515e+00,  4.17005722e+00,
        -3.10795189e-01,  1.72589820e+00, -1.81499029e+00,
        -2.22925457e-01, -4.85041977e-01, -6.85902748e-01,
        -2.51443365e-01, -2.49473082e-01, -1.58084296e-01],
       [ 1.06874598e+00,  3.36248463e-01,  7.04783948e-01,
         4.13051329e-01,  1.28120711e-01, -5.76437111e-02,
         1.90144549e+00, -1.60065309e+00,  2.89836028e-01,
        -3.07527964e-01,  5.85491020e-01, -4.25964116e-01,
        -1.56156941e-01, -1.43047556e-01, -2.64888645e-01,
        -7.94482020e-02, -1.52936584e-01,  1.28158636e-02],
       [ 4.96262517e-01,  9.09535565e-01,  4.40188310e-01,
         1.28120711e-01,  4.27773802e-01,  3.88721710e-02,
         2.14167178e+00,  5.90634276e-01,  8.67404948e-01,
        -1.83544981e-01,  4.20551481e-02, -5.05549834e-01,
        -2.09937256e-01, -8.80734374e-02, -7.40755364e-02,
        -3.49785999e-02, -1.16608416e-01,  2.26569916e-02],
       [-9.35824769e-01, -5.23952010e-02,  5.81579640e-01,
        -5.76437111e-02,  3.88721710e-02,  4.99707263e-01,
         2.00698977e+00,  1.97170727e-01,  1.53259816e+00,
        -3.74031046e-02,  5.26997070e-02, -2.74230166e-02,
         1.90006856e-01,  4.90881713e-02,  4.47998296e-02,
        -1.89394146e-02,  1.98584799e-02, -1.52632084e-01],
       [ 1.55866625e+00,  3.15308416e+00,  6.09126154e+00,
         1.90144549e+00,  2.14167178e+00,  2.00698977e+00,
         2.97672082e+01, -3.09605857e+00,  9.55911742e+00,
        -2.25395464e+00,  2.65228595e+00, -2.65976677e+00,
        -8.00011273e-01, -6.12483218e-01, -1.11587517e+00,
        -6.95094926e-01, -1.46746740e+00, -7.26055780e-01],
       [-3.49703669e+00, -5.98328025e-01, -4.03106515e+00,
        -1.60065309e+00,  5.90634276e-01,  1.97170727e-01,
        -3.09605857e+00,  1.51464247e+01, -3.09176376e+00,
         4.21199430e-01, -3.71149513e+00,  2.06862592e+00,
         3.70969557e-01,  9.33814889e-01,  1.72778002e+00,
         5.42672869e-01,  4.36109097e-01,  1.62895098e-01],
       [-6.33927244e-01,  3.66707554e+00,  4.17005722e+00,
         2.89836028e-01,  8.67404948e-01,  1.53259816e+00,
         9.55911742e+00, -3.09176376e+00,  1.36794774e+01,
        -2.09735115e-01,  1.77914721e+00, -3.16877788e+00,
        -6.46745247e-02, -1.14760651e+00, -7.50653120e-01,
        -1.13007440e-02, -4.19185000e-01, -4.37369281e-01],
       [-8.99500414e-01, -8.31969373e-02, -3.10795189e-01,
        -3.07527964e-01, -1.83544981e-01, -3.74031046e-02,
        -2.25395464e+00,  4.21199430e-01, -2.09735115e-01,
         9.83182730e-01, -3.47359746e-01,  1.41606725e-01,
         5.66158594e-02,  1.02790481e-01,  1.43825755e-01,
         6.62763612e-02,  2.82578059e-01,  9.57774068e-02],
       [ 1.17928114e+00,  4.90191403e-01,  1.72589820e+00,
         5.85491020e-01,  4.20551481e-02,  5.26997070e-02,
         2.65228595e+00, -3.71149513e+00,  1.77914721e+00,
        -3.47359746e-01,  1.82283472e+00, -1.03439242e+00,
        -1.71497484e-01, -4.62596922e-01, -6.65388437e-01,
        -2.18280094e-01, -2.12175427e-01, -1.56075464e-01],
       [-1.50918300e+00, -2.14071386e+00, -1.81499029e+00,
        -4.25964116e-01, -5.05549834e-01, -2.74230166e-02,
        -2.65976677e+00,  2.06862592e+00, -3.16877788e+00,
         1.41606725e-01, -1.03439242e+00,  2.15546038e+00,
         3.58007729e-01,  6.42566715e-01,  4.55205914e-01,
         1.07258355e-03,  2.37490294e-01, -1.24788432e-02],
       [-8.89497454e-01, -5.04387968e-01, -2.22925457e-01,
        -1.56156941e-01, -2.09937256e-01,  1.90006856e-01,
        -8.00011273e-01,  3.70969557e-01, -6.46745247e-02,
         5.66158594e-02, -1.71497484e-01,  3.58007729e-01,
         3.10101366e-01,  1.21299187e-01,  1.14326683e-01,
         7.50370335e-02,  1.50524353e-01, -1.26130153e-01],
       [-5.85377528e-01, -5.80876507e-01, -4.85041977e-01,
        -1.43047556e-01, -8.80734374e-02,  4.90881713e-02,
        -6.12483218e-01,  9.33814889e-01, -1.14760651e+00,
         1.02790481e-01, -4.62596922e-01,  6.42566715e-01,
         1.21299187e-01,  2.84002227e-01,  1.92599859e-01,
        -4.10117085e-04,  1.28830756e-01,  1.08151370e-02],
       [-6.34180584e-01, -4.12619515e-01, -6.85902748e-01,
        -2.64888645e-01, -7.40755364e-02,  4.47998296e-02,
        -1.11587517e+00,  1.72778002e+00, -7.50653120e-01,
         1.43825755e-01, -6.65388437e-01,  4.55205914e-01,
         1.14326683e-01,  1.92599859e-01,  3.24627865e-01,
         9.64184766e-02,  9.05863257e-02,  6.50278263e-02],
       [-1.14827355e-01,  2.59048070e-02, -2.51443365e-01,
        -7.94482020e-02, -3.49785999e-02, -1.89394146e-02,
        -6.95094926e-01,  5.42672869e-01, -1.13007440e-02,
         6.62763612e-02, -2.18280094e-01,  1.07258355e-03,
         7.50370335e-02, -4.10117085e-04,  9.64184766e-02,
         1.05904351e-01,  4.62465891e-02,  1.54819604e-02],
       [-5.55380328e-01, -1.91217303e-01, -2.49473082e-01,
        -1.52936584e-01, -1.16608416e-01,  1.98584799e-02,
        -1.46746740e+00,  4.36109097e-01, -4.19185000e-01,
         2.82578059e-01, -2.12175427e-01,  2.37490294e-01,
         1.50524353e-01,  1.28830756e-01,  9.05863257e-02,
         4.62465891e-02,  2.08751447e-01, -1.13564219e-02],
       [ 4.29843965e-01,  6.50718763e-02, -1.58084296e-01,
         1.28158636e-02,  2.26569916e-02, -1.52632084e-01,
        -7.26055780e-01,  1.62895098e-01, -4.37369281e-01,
         9.57774068e-02, -1.56075464e-01, -1.24788432e-02,
        -1.26130153e-01,  1.08151370e-02,  6.50278263e-02,
         1.54819604e-02, -1.13564219e-02,  1.65907028e-01]])
      jac: array([-4.67403893e-07, -2.24968192e-06,  3.07772326e-06, -2.44064028e-07,
        3.82286795e-07, -8.20787882e-06,  2.32036612e-07,  3.33992093e-07,
        6.21169782e-07, -1.23308771e-06, -1.21365880e-06, -7.44959650e-07,
       -2.59810691e-06,  1.36853491e-06,  3.14507679e-06,  2.09887663e-06,
        2.78628972e-06, -4.06378634e-06])
  message: 'Optimization terminated successfully.'
     nfev: 1520
      nit: 68
     njev: 80
   status: 0
  success: True
        x: array([-3.14088176e-01, -5.20654254e-01,  6.62355558e-01, -8.51148633e-01,
       -7.17253039e-01,  7.56871019e-02, -3.91519488e-01, -1.42603373e+00,
       -5.73781274e-01,  1.11461141e-01,  7.09870071e-01,  1.02983528e+00,
        4.89637686e-02,  1.59548827e-01, -3.86822736e-01,  1.10489216e+00,
       -4.60107863e-01,  3.74404851e-04])
