Program Begingeth
      fun: 0.3016201384563699
 hess_inv: array([[ 1.28297488e+00, -5.52682487e-02,  5.91958422e-03,
        -7.91417521e-02,  2.78827582e-02, -4.65810717e-01,
         1.04903252e+00, -1.96422947e-01,  2.39704469e-01,
         4.56028036e-01,  4.74908269e-01, -9.29579881e-01,
        -9.16741996e-01,  8.39916831e-02, -1.65615022e-01,
        -2.00613592e-01,  1.73638984e-01,  1.49596372e-01],
       [-5.52682487e-02,  7.30034839e-01, -1.61139519e-02,
         3.08554969e-01, -7.84072501e-02, -4.74939759e-02,
        -2.21732914e-01,  3.15725717e-01, -7.06557413e-01,
         9.37861305e-01, -1.01876204e-01,  3.97939126e-01,
         1.05184458e-01, -4.61228579e-01, -1.39184517e-01,
        -4.14311546e-02, -1.22028228e-01, -8.29532401e-02],
       [ 5.91958422e-03, -1.61139519e-02,  1.10884641e+00,
         5.07904465e-01, -1.42861613e-01, -5.01473901e-01,
        -8.57069587e-02,  1.65575154e+00,  1.66790136e+00,
         1.94445593e+00, -8.81168357e-01, -8.61095455e-01,
        -3.21842560e-02, -6.17072144e-02, -1.00855369e+00,
        -1.51771888e-01, -1.08871421e-02, -1.93310271e-01],
       [-7.91417521e-02,  3.08554969e-01,  5.07904465e-01,
         6.34969080e-01,  3.11798311e-02, -3.69452125e-01,
        -4.83449180e-01,  8.38926785e-01,  7.78471396e-01,
         2.24735464e+00, -1.01304003e-01, -2.73850257e-01,
         1.58460363e-01, -1.63941255e-01, -6.92274257e-01,
        -4.71940015e-02, -4.74819381e-02, -1.77506815e-01],
       [ 2.78827582e-02, -7.84072501e-02, -1.42861613e-01,
         3.11798311e-02,  2.96095764e-01, -6.42170711e-02,
        -1.82357796e-01, -5.04240714e-01,  8.87553904e-02,
         2.72355194e-01,  8.78642912e-01, -6.98755410e-03,
        -2.91324829e-02,  2.14445785e-01, -1.65743257e-02,
         5.55738588e-04,  7.14767127e-02, -9.78603100e-03],
       [-4.65810717e-01, -4.74939759e-02, -5.01473901e-01,
        -3.69452125e-01, -6.42170711e-02,  6.51875584e-01,
        -1.63046401e-01, -5.71555498e-01, -1.07211678e+00,
        -1.87137954e+00, -1.61752434e-01,  1.15119178e+00,
         3.67580782e-01,  1.01321748e-02,  7.44539790e-01,
         1.63363908e-01, -2.85378890e-02,  1.08836368e-01],
       [ 1.04903252e+00, -2.21732914e-01, -8.57069587e-02,
        -4.83449180e-01, -1.82357796e-01, -1.63046401e-01,
         4.14678105e+00, -7.26870164e-01, -3.80699066e-02,
        -6.76419752e-01, -2.63248373e-01, -7.43672797e-01,
        -1.24347509e+00,  2.23959039e-01,  1.02624285e-01,
        -2.99926135e-01,  2.96776211e-01,  8.94764108e-02],
       [-1.96422947e-01,  3.15725717e-01,  1.65575154e+00,
         8.38926785e-01, -5.04240714e-01, -5.71555498e-01,
        -7.26870164e-01,  4.99210089e+00,  2.20681555e+00,
         2.77207032e+00, -1.67214450e+00, -7.64281853e-01,
         1.95801249e-01, -8.24038975e-01, -1.42548032e+00,
        -2.14876924e-01, -3.24071552e-01, -2.85606606e-01],
       [ 2.39704469e-01, -7.06557413e-01,  1.66790136e+00,
         7.78471396e-01,  8.87553904e-02, -1.07211678e+00,
        -3.80699066e-02,  2.20681555e+00,  5.33338503e+00,
         3.38445776e+00, -4.80488456e-01, -1.80886184e+00,
        -1.99054812e-01,  4.47120488e-01, -1.98681325e+00,
        -1.74209452e-01,  1.55817375e-01, -4.04400733e-01],
       [ 4.56028036e-01,  9.37861305e-01,  1.94445593e+00,
         2.24735464e+00,  2.72355194e-01, -1.87137954e+00,
        -6.76419752e-01,  2.77207032e+00,  3.38445776e+00,
         9.09688156e+00,  2.43815893e-01, -2.16765304e+00,
        -2.41708661e-01, -4.15237866e-01, -2.83001893e+00,
        -4.29051331e-01, -8.52368292e-02, -6.05415910e-01],
       [ 4.74908269e-01, -1.01876204e-01, -8.81168357e-01,
        -1.01304003e-01,  8.78642912e-01, -1.61752434e-01,
        -2.63248373e-01, -1.67214450e+00, -4.80488456e-01,
         2.43815893e-01,  3.22996263e+00,  3.15095783e-02,
        -3.32292091e-01,  4.32029734e-01,  2.81608182e-01,
         1.24676622e-03,  1.71482077e-01,  7.76387975e-02],
       [-9.29579881e-01,  3.97939126e-01, -8.61095455e-01,
        -2.73850257e-01, -6.98755410e-03,  1.15119178e+00,
        -7.43672797e-01, -7.64281853e-01, -1.80886184e+00,
        -2.16765304e+00,  3.15095783e-02,  2.82952870e+00,
         8.41219179e-01, -1.77064408e-01,  1.03591554e+00,
         2.80153207e-01, -7.64110968e-02,  6.76014363e-02],
       [-9.16741996e-01,  1.05184458e-01, -3.21842560e-02,
         1.58460363e-01, -2.91324829e-02,  3.67580782e-01,
        -1.24347509e+00,  1.95801249e-01, -1.99054812e-01,
        -2.41708661e-01, -3.32292091e-01,  8.41219179e-01,
         8.28888129e-01, -1.02127752e-01,  1.31033892e-01,
         2.28139893e-01, -1.26610969e-01, -1.02161183e-01],
       [ 8.39916831e-02, -4.61228579e-01, -6.17072144e-02,
        -1.63941255e-01,  2.14445785e-01,  1.01321748e-02,
         2.23959039e-01, -8.24038975e-01,  4.47120488e-01,
        -4.15237866e-01,  4.32029734e-01, -1.77064408e-01,
        -1.02127752e-01,  4.94225435e-01,  7.39268681e-02,
         2.50868457e-02,  1.87542438e-01,  4.18798436e-02],
       [-1.65615022e-01, -1.39184517e-01, -1.00855369e+00,
        -6.92274257e-01, -1.65743257e-02,  7.44539790e-01,
         1.02624285e-01, -1.42548032e+00, -1.98681325e+00,
        -2.83001893e+00,  2.81608182e-01,  1.03591554e+00,
         1.31033892e-01,  7.39268681e-02,  1.25485414e+00,
         1.79374246e-01, -2.39698502e-03,  2.80784008e-01],
       [-2.00613592e-01, -4.14311546e-02, -1.51771888e-01,
        -4.71940015e-02,  5.55738588e-04,  1.63363908e-01,
        -2.99926135e-01, -2.14876924e-01, -1.74209452e-01,
        -4.29051331e-01,  1.24676622e-03,  2.80153207e-01,
         2.28139893e-01,  2.50868457e-02,  1.79374246e-01,
         1.13523867e-01, -1.07421767e-02,  8.30491692e-03],
       [ 1.73638984e-01, -1.22028228e-01, -1.08871421e-02,
        -4.74819381e-02,  7.14767127e-02, -2.85378890e-02,
         2.96776211e-01, -3.24071552e-01,  1.55817375e-01,
        -8.52368292e-02,  1.71482077e-01, -7.64110968e-02,
        -1.26610969e-01,  1.87542438e-01, -2.39698502e-03,
        -1.07421767e-02,  1.18833246e-01,  2.05963360e-02],
       [ 1.49596372e-01, -8.29532401e-02, -1.93310271e-01,
        -1.77506815e-01, -9.78603100e-03,  1.08836368e-01,
         8.94764108e-02, -2.85606606e-01, -4.04400733e-01,
        -6.05415910e-01,  7.76387975e-02,  6.76014363e-02,
        -1.02161183e-01,  4.18798436e-02,  2.80784008e-01,
         8.30491692e-03,  2.05963360e-02,  1.14999538e-01]])
      jac: array([ 4.15978363e-05, -5.60518299e-05,  1.78645987e-05, -9.78780020e-05,
        1.18235051e-04, -6.78486896e-05,  3.58379992e-06, -9.60675983e-06,
       -9.26703159e-06,  2.11238434e-05, -2.35741056e-05,  2.66797695e-05,
        6.15341111e-05, -9.89560286e-05,  2.56010028e-05,  2.16023495e-05,
        1.40931711e-05, -6.16610466e-05])
  message: 'Desired error not necessarily achieved due to precision loss.'
     nfev: 2708
      nit: 89
     njev: 142
   status: 2
  success: False
        x: array([-0.01614496,  0.40807564,  0.68569306, -1.18256941, -0.87571494,
        0.21317602,  0.08271028,  1.18358104, -1.3245805 , -1.15431818,
       -1.07764302,  0.73425165,  0.05169548, -0.24721641, -0.11348251,
        1.3937825 , -0.59833054,  0.04541946])
