Program Begingeth
      fun: 0.23105269443955978
 hess_inv: array([[ 2.89046998e+00,  1.18658813e+00, -3.98814423e-01,
         7.99109786e-01,  4.53661563e-01, -6.56821671e-01,
        -5.63318578e-01, -1.02675676e+00, -1.76040940e+00,
        -8.85733878e-03,  6.16488275e-01, -3.21335965e-01,
        -4.63422156e-01, -3.09197575e-01, -2.41315654e-01,
        -1.23858232e-01, -2.83956602e-01,  7.82595481e-02],
       [ 1.18658813e+00,  2.62759621e+00,  1.37097780e-01,
         1.49546700e-01,  1.01413438e+00, -1.96491908e-01,
        -2.09711123e-01,  1.26136384e+00,  6.57321041e-01,
         3.76773826e-01,  1.90912332e-01, -9.64206732e-01,
        -4.11242897e-01, -3.68217792e-01, -1.37746131e-02,
         7.73205937e-03, -2.13491900e-01,  9.56087028e-02],
       [-3.98814423e-01,  1.37097780e-01,  3.56012698e+00,
         3.57985611e-01,  5.22751835e-02,  1.55252336e+00,
         5.91445332e+00, -1.47690071e+00,  3.83815615e+00,
        -3.27040988e-01,  1.02476602e+00, -4.75433602e-01,
         1.19659127e-01, -5.65434059e-02, -2.74859348e-01,
        -1.02160183e-01,  1.03209075e-01, -2.53519067e-01],
       [ 7.99109786e-01,  1.49546700e-01,  3.57985611e-01,
         3.37539108e-01,  7.48921417e-02,  3.38851306e-02,
         1.02166082e+00, -5.55832394e-01, -1.98951860e-01,
        -1.03637413e-01,  2.79419386e-01, -4.38037830e-02,
        -8.67746459e-02, -4.41939295e-02, -1.07741207e-01,
        -5.59850047e-02, -4.67183693e-02, -2.18065285e-02],
       [ 4.53661563e-01,  1.01413438e+00,  5.22751835e-02,
         7.48921417e-02,  4.48161108e-01, -4.90806881e-02,
         2.97925298e-01,  9.68430603e-01,  1.09923910e-01,
         8.16644802e-02,  4.08073697e-03, -3.23149428e-01,
        -1.62954600e-01, -1.00141146e-01,  2.40783894e-02,
        -1.29525938e-02, -7.65136355e-02,  4.12562164e-02],
       [-6.56821671e-01, -1.96491908e-01,  1.55252336e+00,
         3.38851306e-02, -4.90806881e-02,  8.03771137e-01,
         2.88409046e+00, -2.11928930e-01,  1.95662765e+00,
        -2.33151544e-01,  2.26628530e-01, -9.34441098e-02,
         1.48872373e-01,  5.76334436e-02, -4.58221934e-02,
        -2.01881812e-02,  8.44887074e-02, -1.20762094e-01],
       [-5.63318578e-01, -2.09711123e-01,  5.91445332e+00,
         1.02166082e+00,  2.97925298e-01,  2.88409046e+00,
         1.62100579e+01,  2.31759285e-02,  5.32866316e+00,
        -9.86230569e-01,  7.54466175e-01, -1.01779303e-01,
         1.52067144e-01,  3.31247755e-01, -2.30406005e-01,
        -2.96990647e-01,  1.61707602e-01, -4.24546614e-01],
       [-1.02675676e+00,  1.26136384e+00, -1.47690071e+00,
        -5.55832394e-01,  9.68430603e-01, -2.11928930e-01,
         2.31759285e-02,  8.07592873e+00, -1.14277489e+00,
        -1.60329925e-01, -1.39330801e+00, -2.29393351e-01,
         8.02108206e-03,  1.71631039e-01,  6.81958112e-01,
         1.40353292e-01, -3.03443821e-02,  2.01446867e-01],
       [-1.76040940e+00,  6.57321041e-01,  3.83815615e+00,
        -1.98951860e-01,  1.09923910e-01,  1.95662765e+00,
         5.32866316e+00, -1.14277489e+00,  7.91445840e+00,
        -3.18210553e-01,  9.27652803e-01, -7.00380776e-01,
         2.61191058e-01, -2.64396108e-01, -2.79429322e-01,
         2.74042840e-02,  4.39421572e-02, -3.47071017e-01],
       [-8.85733878e-03,  3.76773826e-01, -3.27040988e-01,
        -1.03637413e-01,  8.16644802e-02, -2.33151544e-01,
        -9.86230569e-01, -1.60329925e-01, -3.18210553e-01,
         9.63697231e-01, -8.77575957e-02, -7.65091952e-02,
        -2.32281395e-01, -2.91324671e-02,  1.11615869e-01,
         1.72027603e-02,  2.17346638e-02,  2.35752605e-01],
       [ 6.16488275e-01,  1.90912332e-01,  1.02476602e+00,
         2.79419386e-01,  4.08073697e-03,  2.26628530e-01,
         7.54466175e-01, -1.39330801e+00,  9.27652803e-01,
        -8.77575957e-02,  1.04616934e+00, -2.86619369e-01,
        -6.51382751e-02, -2.33180128e-01, -2.97018503e-01,
        -7.34758898e-02, -3.05437066e-02, -1.36083298e-01],
       [-3.21335965e-01, -9.64206732e-01, -4.75433602e-01,
        -4.38037830e-02, -3.23149428e-01, -9.34441098e-02,
        -1.01779303e-01, -2.29393351e-01, -7.00380776e-01,
        -7.65091952e-02, -2.86619369e-01,  6.99671619e-01,
         7.84077519e-02,  2.19078037e-01,  1.42940780e-02,
        -5.24180984e-02,  8.76245363e-02,  2.16895498e-02],
       [-4.63422156e-01, -4.11242897e-01,  1.19659127e-01,
        -8.67746459e-02, -1.62954600e-01,  1.48872373e-01,
         1.52067144e-01,  8.02108206e-03,  2.61191058e-01,
        -2.32281395e-01, -6.51382751e-02,  7.84077519e-02,
         1.81862904e-01,  6.69033947e-02,  9.37642042e-03,
         4.75857011e-02,  6.10952862e-02, -7.47509644e-02],
       [-3.09197575e-01, -3.68217792e-01, -5.65434059e-02,
        -4.41939295e-02, -1.00141146e-01,  5.76334436e-02,
         3.31247755e-01,  1.71631039e-01, -2.64396108e-01,
        -2.91324671e-02, -2.33180128e-01,  2.19078037e-01,
         6.69033947e-02,  1.48033186e-01,  5.99589071e-02,
        -4.11621434e-03,  7.62477441e-02,  1.37666430e-02],
       [-2.41315654e-01, -1.37746131e-02, -2.74859348e-01,
        -1.07741207e-01,  2.40783894e-02, -4.58221934e-02,
        -2.30406005e-01,  6.81958112e-01, -2.79429322e-01,
         1.11615869e-01, -2.97018503e-01,  1.42940780e-02,
         9.37642042e-03,  5.99589071e-02,  1.41260616e-01,
         3.42024799e-02,  1.44701245e-02,  7.87219488e-02],
       [-1.23858232e-01,  7.73205937e-03, -1.02160183e-01,
        -5.59850047e-02, -1.29525938e-02, -2.01881812e-02,
        -2.96990647e-01,  1.40353292e-01,  2.74042840e-02,
         1.72027603e-02, -7.34758898e-02, -5.24180984e-02,
         4.75857011e-02, -4.11621434e-03,  3.42024799e-02,
         5.17093008e-02,  6.27370907e-03,  3.11157727e-03],
       [-2.83956602e-01, -2.13491900e-01,  1.03209075e-01,
        -4.67183693e-02, -7.65136355e-02,  8.44887074e-02,
         1.61707602e-01, -3.03443821e-02,  4.39421572e-02,
         2.17346638e-02, -3.05437066e-02,  8.76245363e-02,
         6.10952862e-02,  7.62477441e-02,  1.44701245e-02,
         6.27370907e-03,  7.79331680e-02, -6.19660129e-03],
       [ 7.82595481e-02,  9.56087028e-02, -2.53519067e-01,
        -2.18065285e-02,  4.12562164e-02, -1.20762094e-01,
        -4.24546614e-01,  2.01446867e-01, -3.47071017e-01,
         2.35752605e-01, -1.36083298e-01,  2.16895498e-02,
        -7.47509644e-02,  1.37666430e-02,  7.87219488e-02,
         3.11157727e-03, -6.19660129e-03,  1.05566019e-01]])
      jac: array([-6.66444677e-05,  1.98358737e-04,  5.49708427e-06,  2.00564380e-04,
       -4.23849289e-04,  1.33643097e-05, -1.58584257e-05,  2.91635235e-05,
        8.81517082e-07, -1.95793382e-05,  8.91668221e-05,  5.86508620e-05,
       -1.83651797e-04,  3.35473131e-04,  1.30566113e-04,  8.31129610e-05,
       -2.29291956e-04, -1.42063398e-04])
  message: 'Desired error not necessarily achieved due to precision loss.'
     nfev: 2272
      nit: 70
     njev: 119
   status: 2
  success: False
        x: array([-0.79124309, -0.97265786,  0.45259366, -1.18368437, -1.03603765,
        0.09236974, -0.99277473, -1.40717711, -0.8586187 ,  0.07653524,
        0.59487587,  1.08878401,  0.0899914 ,  0.29170758, -0.26749107,
        1.32663308,  0.03043094,  0.01487092])
