Program Begingeth
      fun: 0.28110947950038295
 hess_inv: array([[ 4.31101460e+00,  3.00179170e-01,  9.67293875e-01,
         2.14563102e+00, -1.05391468e-02, -1.95187152e-01,
         3.46544889e+00, -9.27173254e-02, -4.46237782e+00,
         7.59630792e-01,  4.32941889e-01, -5.76074668e-01,
         3.74014408e-02, -2.23297895e-01, -1.16637959e-01,
         1.43282137e-01,  4.80648625e-03,  7.14832481e-02],
       [ 3.00179170e-01,  1.76462545e+00, -7.02028558e-02,
         2.09216565e-01,  8.64337595e-01, -1.40471789e-01,
         3.97197718e-01,  7.80986963e-01,  1.32312794e+00,
         5.68782829e-01,  4.04946619e-01, -5.35719061e-02,
        -1.43793431e-01,  4.12462962e-02, -1.79076267e-01,
        -1.05037177e-01,  9.05717907e-02,  1.68321094e-02],
       [ 9.67293875e-01, -7.02028558e-02,  1.68873647e+00,
         6.03316044e-01, -1.16987404e-01,  6.83843548e-01,
         1.50941650e+00, -2.01470056e+00, -1.22547094e+00,
         2.81234622e-01, -1.14237728e-01,  1.81986185e-01,
         3.46319536e-02,  1.52327707e-01,  7.76076058e-02,
        -6.10408611e-03,  1.05596352e-01,  8.65016908e-02],
       [ 2.14563102e+00,  2.09216565e-01,  6.03316044e-01,
         1.09706288e+00,  2.14967185e-02, -3.88929894e-02,
         1.90600567e+00, -2.13532509e-01, -2.11764703e+00,
         3.96280149e-01,  2.43809488e-01, -2.45590791e-01,
         2.74911161e-02, -8.98009208e-02, -6.70959026e-02,
         6.74887863e-02,  2.32633024e-02,  3.57643620e-02],
       [-1.05391468e-02,  8.64337595e-01, -1.16987404e-01,
         2.14967185e-02,  4.79566925e-01, -1.08370737e-01,
         5.03352598e-01,  8.80980537e-01,  8.71172360e-01,
         2.44682327e-01,  2.61839159e-01, -4.23077394e-02,
        -1.21335537e-01,  9.37145850e-03, -9.68339223e-02,
        -8.24374523e-02,  1.98226309e-02,  1.80591243e-02],
       [-1.95187152e-01, -1.40471789e-01,  6.83843548e-01,
        -3.88929894e-02, -1.08370737e-01,  4.11383526e-01,
        -1.78076525e-01, -1.23294231e+00,  1.70113684e-01,
        -6.01763816e-02, -1.98236555e-01,  2.03621138e-01,
         6.85996674e-02,  1.34467725e-01,  7.66891089e-02,
        -3.28425036e-03,  7.72042152e-02,  1.62696188e-02],
       [ 3.46544889e+00,  3.97197718e-01,  1.50941650e+00,
         1.90600567e+00,  5.03352598e-01, -1.78076525e-01,
         1.05447023e+01,  3.06133776e+00, -3.50181044e+00,
         8.31583010e-01,  1.19810854e+00, -6.20123428e-01,
        -5.75766810e-01, -3.96558904e-01, -2.00845854e-01,
        -1.81249828e-01, -3.64470625e-01,  3.24766597e-01],
       [-9.27173254e-02,  7.80986963e-01, -2.01470056e+00,
        -2.13532509e-01,  8.80980537e-01, -1.23294231e+00,
         3.06133776e+00,  8.00534515e+00,  1.53244047e+00,
         9.93715194e-02,  1.03635710e+00, -1.09208737e+00,
        -5.05405823e-01, -4.60359811e-01, -2.04400751e-01,
        -1.38506316e-01, -3.30517361e-01,  5.76159651e-02],
       [-4.46237782e+00,  1.32312794e+00, -1.22547094e+00,
        -2.11764703e+00,  8.71172360e-01,  1.70113684e-01,
        -3.50181044e+00,  1.53244047e+00,  8.77910769e+00,
        -6.40422032e-01,  5.14131354e-01,  3.06029302e-01,
        -5.46590714e-02,  2.25184825e-01, -9.55836155e-02,
        -2.60539900e-01,  1.78072267e-01, -1.50892996e-01],
       [ 7.59630792e-01,  5.68782829e-01,  2.81234622e-01,
         3.96280149e-01,  2.44682327e-01, -6.01763816e-02,
         8.31583010e-01,  9.93715194e-02, -6.40422032e-01,
         1.00903177e+00,  7.27122782e-02, -4.32453009e-02,
        -2.23499361e-01,  1.67814690e-02,  3.43722183e-02,
        -2.82539595e-02,  4.78712952e-02,  2.22299598e-01],
       [ 4.32941889e-01,  4.04946619e-01, -1.14237728e-01,
         2.43809488e-01,  2.61839159e-01, -1.98236555e-01,
         1.19810854e+00,  1.03635710e+00,  5.14131354e-01,
         7.27122782e-02,  7.82369074e-01, -2.46627506e-01,
        -7.23247395e-02, -1.66414281e-01, -1.84164935e-01,
        -5.06523026e-02, -2.13775271e-02, -7.97063892e-02],
       [-5.76074668e-01, -5.35719061e-02,  1.81986185e-01,
        -2.45590791e-01, -4.23077394e-02,  2.03621138e-01,
        -6.20123428e-01, -1.09208737e+00,  3.06029302e-01,
        -4.32453009e-02, -2.46627506e-01,  4.92089422e-01,
         4.09458531e-03,  1.58090843e-01,  1.46349418e-02,
        -5.86641247e-02,  7.31756189e-02,  2.26114661e-02],
       [ 3.74014408e-02, -1.43793431e-01,  3.46319536e-02,
         2.74911161e-02, -1.21335537e-01,  6.85996674e-02,
        -5.75766810e-01, -5.05405823e-01, -5.46590714e-02,
        -2.23499361e-01, -7.23247395e-02,  4.09458531e-03,
         1.52137006e-01,  1.98024701e-02,  4.41673647e-04,
         7.20295962e-02,  4.15106595e-02, -7.83908832e-02],
       [-2.23297895e-01,  4.12462962e-02,  1.52327707e-01,
        -8.98009208e-02,  9.37145850e-03,  1.34467725e-01,
        -3.96558904e-01, -4.60359811e-01,  2.25184825e-01,
         1.67814690e-02, -1.66414281e-01,  1.58090843e-01,
         1.98024701e-02,  1.11498246e-01,  3.31465699e-02,
        -9.76538688e-03,  7.19020303e-02,  1.94440095e-02],
       [-1.16637959e-01, -1.79076267e-01,  7.76076058e-02,
        -6.70959026e-02, -9.68339223e-02,  7.66891089e-02,
        -2.00845854e-01, -2.04400751e-01, -9.55836155e-02,
         3.43722183e-02, -1.84164935e-01,  1.46349418e-02,
         4.41673647e-04,  3.31465699e-02,  9.20525546e-02,
         1.72464111e-02, -7.44370187e-04,  6.25258989e-02],
       [ 1.43282137e-01, -1.05037177e-01, -6.10408611e-03,
         6.74887863e-02, -8.24374523e-02, -3.28425036e-03,
        -1.81249828e-01, -1.38506316e-01, -2.60539900e-01,
        -2.82539595e-02, -5.06523026e-02, -5.86641247e-02,
         7.20295962e-02, -9.76538688e-03,  1.72464111e-02,
         6.72454723e-02,  9.65575278e-03, -1.78104064e-02],
       [ 4.80648625e-03,  9.05717907e-02,  1.05596352e-01,
         2.32633024e-02,  1.98226309e-02,  7.72042152e-02,
        -3.64470625e-01, -3.30517361e-01,  1.78072267e-01,
         4.78712952e-02, -2.13775271e-02,  7.31756189e-02,
         4.15106595e-02,  7.19020303e-02, -7.44370187e-04,
         9.65575278e-03,  8.94028874e-02, -7.27021585e-03],
       [ 7.14832481e-02,  1.68321094e-02,  8.65016908e-02,
         3.57643620e-02,  1.80591243e-02,  1.62696188e-02,
         3.24766597e-01,  5.76159651e-02, -1.50892996e-01,
         2.22299598e-01, -7.97063892e-02,  2.26114661e-02,
        -7.83908832e-02,  1.94440095e-02,  6.25258989e-02,
        -1.78104064e-02, -7.27021585e-03,  1.09232728e-01]])
      jac: array([ 5.51447776e-06,  9.59232693e-07, -2.71930626e-06, -1.42315789e-05,
       -1.05027098e-06,  8.50874926e-06,  8.57462249e-07,  4.55191440e-08,
       -6.25425637e-07,  2.28372876e-06, -1.49065945e-06, -2.78628972e-06,
        1.32512519e-05, -8.59645688e-06, -1.10241446e-05, -1.46993528e-05,
        8.96542100e-06,  8.23008328e-06])
  message: 'Desired error not necessarily achieved due to precision loss.'
     nfev: 2368
      nit: 63
     njev: 124
   status: 2
  success: False
        x: array([-1.5884456 , -1.11147647,  0.65975613, -1.37746991, -1.18868532,
        0.35403153, -0.47596677, -1.61158647,  1.12448735,  0.04085179,
        0.49896422,  1.23260339,  0.11099678,  0.206705  , -0.27180426,
        1.26259325, -0.20983746, -0.001678  ])
