Program Begingeth
      fun: 0.26923125223558386
 hess_inv: array([[ 6.70479904e+00,  1.25504485e+00, -6.08584986e-01,
         1.65383019e+00,  7.51854750e-01, -5.90969600e-01,
         1.93745599e+00,  2.15921381e-01, -2.75550508e+00,
        -5.12099475e-01, -1.92076867e-01, -2.62870085e-01,
        -1.32193663e+00, -1.72394516e-01,  3.34523964e-02,
        -2.10227432e-01, -6.02723175e-01,  1.69852253e-01],
       [ 1.25504485e+00,  3.39732153e+00, -3.80691964e-01,
        -2.76730187e-02,  1.17425758e+00, -1.24312050e-01,
        -1.15950973e+00,  2.44660098e+00,  4.41598269e-01,
         6.12210141e-03, -4.87213064e-01, -1.22686336e+00,
        -3.88872957e-01, -4.48526950e-01,  3.44920478e-01,
         1.21702628e-01, -2.00542641e-01,  9.88608151e-02],
       [-6.08584986e-01, -3.80691964e-01,  7.74056084e+00,
         7.49436517e-01, -4.09312166e-01,  2.49447591e+00,
         8.57322217e+00, -3.06608247e+00,  3.40984045e+00,
         1.29314486e-02,  2.71687286e+00, -1.08299568e+00,
         4.01517027e-01, -4.82871303e-01, -8.28187262e-01,
        -2.09848284e-02,  2.23114379e-01, -1.36071820e-01],
       [ 1.65383019e+00, -2.76730187e-02,  7.49436517e-01,
         6.09209401e-01,  5.99437853e-02,  1.58023587e-01,
         2.16319143e+00, -4.12038879e-01, -4.76350664e-01,
        -1.55253924e-01,  2.29458733e-01, -4.86165411e-02,
        -2.39802051e-01, -1.93860516e-02, -9.29933131e-02,
        -5.79361386e-02, -9.55776480e-02,  2.49771565e-02],
       [ 7.51854750e-01,  1.17425758e+00, -4.09312166e-01,
         5.99437853e-02,  4.74902080e-01, -1.32779418e-01,
        -4.24472673e-01,  1.25434130e+00, -1.07740174e-01,
        -9.56519039e-02, -2.60650592e-01, -3.32760853e-01,
        -1.91825422e-01, -1.11515552e-01,  1.50758931e-01,
         1.79629725e-02, -9.27339025e-02,  4.45235541e-02],
       [-5.90969600e-01, -1.24312050e-01,  2.49447591e+00,
         1.58023587e-01, -1.32779418e-01,  8.92086057e-01,
         2.87664771e+00, -7.31299002e-01,  1.51595171e+00,
        -1.00284584e-01,  7.64095492e-01, -3.27361252e-01,
         2.40976562e-01, -1.29111823e-01, -2.19894371e-01,
         1.46072822e-02,  1.00687150e-01, -5.31633649e-02],
       [ 1.93745599e+00, -1.15950973e+00,  8.57322217e+00,
         2.16319143e+00, -4.24472673e-01,  2.87664771e+00,
         1.67175579e+01, -3.27824400e+00,  2.30694571e+00,
        -2.20317497e-01,  2.20846300e+00, -5.72613673e-01,
         1.58943867e-01, -7.53896319e-02, -7.30208667e-01,
        -1.42797883e-01,  1.88647925e-01,  9.34253336e-04],
       [ 2.15921381e-01,  2.44660098e+00, -3.06608247e+00,
        -4.12038879e-01,  1.25434130e+00, -7.31299002e-01,
        -3.27824400e+00,  6.74508538e+00, -3.64143915e-01,
        -8.21579701e-01, -1.22667301e+00, -3.54558643e-01,
        -1.59611331e-02, -6.09376452e-02,  6.79784589e-01,
         1.15671783e-01, -1.39052574e-01,  3.83567539e-02],
       [-2.75550508e+00,  4.41598269e-01,  3.40984045e+00,
        -4.76350664e-01, -1.07740174e-01,  1.51595171e+00,
         2.30694571e+00, -3.64143915e-01,  5.34913423e+00,
        -3.08440037e-01,  9.60041526e-01, -5.92910505e-01,
         6.63802646e-01, -3.64861175e-01, -2.78320246e-01,
         1.13582644e-01,  1.66759335e-01, -1.86935733e-01],
       [-5.12099475e-01,  6.12210141e-03,  1.29314486e-02,
        -1.55253924e-01, -9.56519039e-02, -1.00284584e-01,
        -2.20317497e-01, -8.21579701e-01, -3.08440037e-01,
         1.34435233e+00, -1.46293313e-01, -1.90390724e-03,
        -2.10856649e-01,  6.01218597e-02,  7.61272038e-02,
         1.30368853e-02,  9.60808707e-02,  2.22844601e-01],
       [-1.92076867e-01, -4.87213064e-01,  2.71687286e+00,
         2.29458733e-01, -2.60650592e-01,  7.64095492e-01,
         2.20846300e+00, -1.22667301e+00,  9.60041526e-01,
        -1.46293313e-01,  1.61389120e+00, -3.38648091e-01,
         1.67114063e-01, -2.77733497e-01, -4.79331152e-01,
        -3.43850198e-02,  7.02810619e-02, -1.70205443e-01],
       [-2.62870085e-01, -1.22686336e+00, -1.08299568e+00,
        -4.86165411e-02, -3.32760853e-01, -3.27361252e-01,
        -5.72613673e-01, -3.54558643e-01, -5.92910505e-01,
        -1.90390724e-03, -3.38648091e-01,  9.63944840e-01,
         3.57438534e-02,  3.25037350e-01, -3.85150693e-02,
        -9.33842406e-02,  6.76376315e-02,  1.01416862e-02],
       [-1.32193663e+00, -3.88872957e-01,  4.01517027e-01,
        -2.39802051e-01, -1.91825422e-01,  2.40976562e-01,
         1.58943867e-01, -1.59611331e-02,  6.63802646e-01,
        -2.10856649e-01,  1.67114063e-01,  3.57438534e-02,
         3.97188102e-01,  2.94653017e-02, -5.21378209e-02,
         7.01552523e-02,  1.33578349e-01, -9.91998931e-02],
       [-1.72394516e-01, -4.48526950e-01, -4.82871303e-01,
        -1.93860516e-02, -1.11515552e-01, -1.29111823e-01,
        -7.53896319e-02, -6.09376452e-02, -3.64861175e-01,
         6.01218597e-02, -2.77733497e-01,  3.25037350e-01,
         2.94653017e-02,  1.80862566e-01,  4.86339796e-02,
        -2.11645418e-02,  5.53208411e-02,  3.29640502e-02],
       [ 3.34523964e-02,  3.44920478e-01, -8.28187262e-01,
        -9.29933131e-02,  1.50758931e-01, -2.19894371e-01,
        -7.30208667e-01,  6.79784589e-01, -2.78320246e-01,
         7.61272038e-02, -4.79331152e-01, -3.85150693e-02,
        -5.21378209e-02,  4.86339796e-02,  2.06893729e-01,
         3.10183425e-02, -2.44163187e-02,  7.50599995e-02],
       [-2.10227432e-01,  1.21702628e-01, -2.09848284e-02,
        -5.79361386e-02,  1.79629725e-02,  1.46072822e-02,
        -1.42797883e-01,  1.15671783e-01,  1.13582644e-01,
         1.30368853e-02, -3.43850198e-02, -9.33842406e-02,
         7.01552523e-02, -2.11645418e-02,  3.10183425e-02,
         5.12655932e-02,  1.59850369e-02, -6.01889950e-03],
       [-6.02723175e-01, -2.00542641e-01,  2.23114379e-01,
        -9.55776480e-02, -9.27339025e-02,  1.00687150e-01,
         1.88647925e-01, -1.39052574e-01,  1.66759335e-01,
         9.60808707e-02,  7.02810619e-02,  6.76376315e-02,
         1.33578349e-01,  5.53208411e-02, -2.44163187e-02,
         1.59850369e-02,  1.00078667e-01, -7.41899622e-03],
       [ 1.69852253e-01,  9.88608151e-02, -1.36071820e-01,
         2.49771565e-02,  4.45235541e-02, -5.31633649e-02,
         9.34253336e-04,  3.83567539e-02, -1.86935733e-01,
         2.22844601e-01, -1.70205443e-01,  1.01416862e-02,
        -9.91998931e-02,  3.29640502e-02,  7.50599995e-02,
        -6.01889950e-03, -7.41899622e-03,  8.63357883e-02]])
      jac: array([ 5.38088093e-07,  1.98840944e-06,  2.52760775e-07, -5.77760062e-06,
       -1.41072339e-06, -3.11639603e-06,  8.69304628e-07,  1.90958360e-07,
       -1.48769885e-07, -1.48769885e-07,  3.26701629e-06,  1.74193993e-06,
        4.71141644e-06,  8.63679498e-06,  9.62452340e-06,  2.52020627e-07,
       -4.60557518e-06, -7.08914409e-06])
  message: 'Optimization terminated successfully.'
     nfev: 1881
      nit: 86
     njev: 99
   status: 0
  success: True
        x: array([-0.71791758, -0.71972812,  0.11048025, -1.34010986, -0.80620561,
       -0.04792044, -1.73418576, -1.04668323, -0.97965206,  0.17018932,
        0.45281769,  1.05094545,  0.08216642,  0.22172239, -0.2327559 ,
        1.48753317, -0.26313572,  0.03635764])
