Program Begingeth
      fun: 0.2654837998260102
 hess_inv: array([[ 3.44769627e+00,  2.30309012e-01,  1.05807259e+00,
         1.76428536e+00,  8.82871324e-02,  4.84684933e-02,
         3.95173750e+00,  3.37907525e-01, -2.88083066e+00,
         4.00390379e-01,  4.99347324e-01, -2.98208605e-01,
         2.39459436e-02, -1.62345109e-01, -1.07991646e-01,
         8.49732124e-02, -2.46888884e-02,  3.69577636e-02],
       [ 2.30309012e-01,  1.24963365e+00, -5.48791502e-02,
         1.48343839e-01,  6.27916555e-01, -1.16684700e-01,
         6.30891465e-01,  7.49742202e-01,  7.50348710e-01,
         4.19050793e-01,  3.75404765e-01, -7.46082816e-02,
        -1.25455688e-01, -3.53304174e-03, -1.35434945e-01,
        -6.36565860e-02,  3.75316415e-02, -8.19699372e-03],
       [ 1.05807259e+00, -5.48791502e-02,  1.75352995e+00,
         6.30600736e-01, -7.25474006e-02,  7.03810684e-01,
         1.98631160e+00, -1.58158471e+00, -1.22135239e+00,
         1.90647320e-01, -8.21353315e-02,  1.85809719e-01,
         2.00729507e-02,  1.29178600e-01,  6.25227606e-02,
         2.23881455e-03,  6.97738059e-02,  7.53908436e-02],
       [ 1.76428536e+00,  1.48343839e-01,  6.30600736e-01,
         9.23127948e-01,  6.17361973e-02,  6.53144795e-02,
         2.22206665e+00,  8.11997365e-02, -1.41194899e+00,
         1.94459989e-01,  2.85633154e-01, -1.24762542e-01,
         1.89407617e-02, -7.31554908e-02, -6.51013096e-02,
         4.16688750e-02, -3.68083923e-03,  1.54846003e-02],
       [ 8.82871324e-02,  6.27916555e-01, -7.25474006e-02,
         6.17361973e-02,  3.50781459e-01, -9.34458686e-02,
         6.35460007e-01,  7.71719223e-01,  4.64534881e-01,
         2.05684240e-01,  2.49827350e-01, -7.35292547e-02,
        -9.79098233e-02, -1.88350346e-02, -7.81806428e-02,
        -5.01666308e-02,  3.54986139e-03,  8.67097217e-04],
       [ 4.84684933e-02, -1.16684700e-01,  7.03810684e-01,
         6.53144795e-02, -9.34458686e-02,  3.65461213e-01,
         1.02973956e-01, -1.05102646e+00, -1.66027681e-01,
        -3.94268307e-02, -1.77868388e-01,  1.58095117e-01,
         5.40116026e-02,  1.07124279e-01,  6.18864441e-02,
         6.36179836e-03,  5.52601348e-02,  2.35390514e-02],
       [ 3.95173750e+00,  6.30891465e-01,  1.98631160e+00,
         2.22206665e+00,  6.35460007e-01,  1.02973956e-01,
         1.19703462e+01,  3.49278651e+00, -2.79908675e+00,
         6.05443885e-01,  1.57290352e+00, -5.42654616e-01,
        -4.87701887e-01, -4.20982787e-01, -3.17887165e-01,
        -1.65401460e-01, -2.98754024e-01,  1.43464226e-01],
       [ 3.37907525e-01,  7.49742202e-01, -1.58158471e+00,
         8.11997365e-02,  7.71719223e-01, -1.05102646e+00,
         3.49278651e+00,  7.37789598e+00,  1.21782246e+00,
         4.81950673e-01,  1.05841085e+00, -1.18546795e+00,
        -4.80652615e-01, -4.70236877e-01, -1.62963541e-01,
        -1.05916867e-01, -2.65638646e-01,  5.99541025e-02],
       [-2.88083066e+00,  7.50348710e-01, -1.22135239e+00,
        -1.41194899e+00,  4.64534881e-01, -1.66027681e-01,
        -2.79908675e+00,  1.21782246e+00,  5.43571969e+00,
        -3.27347705e-01,  5.03712121e-01, -1.18523221e-01,
        -3.49852916e-02,  3.14927332e-02, -8.18863470e-02,
        -1.23787723e-01,  9.94459860e-02, -1.13542143e-01],
       [ 4.00390379e-01,  4.19050793e-01,  1.90647320e-01,
         1.94459989e-01,  2.05684240e-01, -3.94268307e-02,
         6.05443885e-01,  4.81950673e-01, -3.27347705e-01,
         1.06764575e+00,  1.06393043e-01, -5.62708916e-02,
        -2.66710959e-01, -7.71755612e-03,  6.76350554e-02,
        -3.08094923e-02,  2.34502429e-02,  2.13686759e-01],
       [ 4.99347324e-01,  3.75404765e-01, -8.21353315e-02,
         2.85633154e-01,  2.49827350e-01, -1.77868388e-01,
         1.57290352e+00,  1.05841085e+00,  5.03712121e-01,
         1.06393043e-01,  8.21760846e-01, -2.31778301e-01,
        -8.82127047e-02, -1.83908349e-01, -1.70559930e-01,
        -4.79124517e-02, -3.31672739e-02, -6.28196721e-02],
       [-2.98208605e-01, -7.46082816e-02,  1.85809719e-01,
        -1.24762542e-01, -7.35292547e-02,  1.58095117e-01,
        -5.42654616e-01, -1.18546795e+00, -1.18523221e-01,
        -5.62708916e-02, -2.31778301e-01,  4.79975154e-01,
         2.13465414e-02,  1.32800450e-01, -8.13266089e-03,
        -4.24883752e-02,  6.31102730e-02,  1.38441021e-02],
       [ 2.39459436e-02, -1.25455688e-01,  2.00729507e-02,
         1.89407617e-02, -9.79098233e-02,  5.40116026e-02,
        -4.87701887e-01, -4.80652615e-01, -3.49852916e-02,
        -2.66710959e-01, -8.82127047e-02,  2.13465414e-02,
         1.39379748e-01,  2.54501560e-02, -1.40742936e-04,
         5.78271302e-02,  2.67691974e-02, -6.08155201e-02],
       [-1.62345109e-01, -3.53304174e-03,  1.29178600e-01,
        -7.31554908e-02, -1.88350346e-02,  1.07124279e-01,
        -4.20982787e-01, -4.70236877e-01,  3.14927332e-02,
        -7.71755612e-03, -1.83908349e-01,  1.32800450e-01,
         2.54501560e-02,  9.60035941e-02,  3.15101064e-02,
        -9.04024326e-04,  5.56381240e-02,  1.50948719e-02],
       [-1.07991646e-01, -1.35434945e-01,  6.25227606e-02,
        -6.51013096e-02, -7.81806428e-02,  6.18864441e-02,
        -3.17887165e-01, -1.62963541e-01, -8.18863470e-02,
         6.76350554e-02, -1.70559930e-01, -8.13266089e-03,
        -1.40742936e-04,  3.15101064e-02,  8.35548551e-02,
         1.81921876e-02,  5.41591483e-03,  5.56951597e-02],
       [ 8.49732124e-02, -6.36565860e-02,  2.23881455e-03,
         4.16688750e-02, -5.01666308e-02,  6.36179836e-03,
        -1.65401460e-01, -1.05916867e-01, -1.23787723e-01,
        -3.08094923e-02, -4.79124517e-02, -4.24883752e-02,
         5.78271302e-02, -9.04024326e-04,  1.81921876e-02,
         5.21137055e-02,  6.56341352e-03, -7.22561877e-03],
       [-2.46888884e-02,  3.75316415e-02,  6.97738059e-02,
        -3.68083923e-03,  3.54986139e-03,  5.52601348e-02,
        -2.98754024e-01, -2.65638646e-01,  9.94459860e-02,
         2.34502429e-02, -3.31672739e-02,  6.31102730e-02,
         2.67691974e-02,  5.56381240e-02,  5.41591483e-03,
         6.56341352e-03,  5.97908504e-02,  1.05260100e-03],
       [ 3.69577636e-02, -8.19699372e-03,  7.53908436e-02,
         1.54846003e-02,  8.67097217e-04,  2.35390514e-02,
         1.43464226e-01,  5.99541025e-02, -1.13542143e-01,
         2.13686759e-01, -6.28196721e-02,  1.38441021e-02,
        -6.08155201e-02,  1.50948719e-02,  5.56951597e-02,
        -7.22561877e-03,  1.05260100e-03,  8.37921819e-02]])
      jac: array([-1.96143102e-05, -1.43970021e-05,  5.38643204e-06,  4.53855472e-05,
        3.74222875e-05, -1.43070740e-05, -2.92062670e-06, -2.48652950e-06,
       -3.00500365e-07, -1.02640119e-05, -9.84360741e-06,  1.82150591e-06,
       -4.19057381e-05, -4.89671267e-05,  1.65933933e-05,  1.72088270e-05,
        4.21573887e-05, -7.73381359e-06])
  message: 'Desired error not necessarily achieved due to precision loss.'
     nfev: 1853
      nit: 65
     njev: 97
   status: 2
  success: False
        x: array([-1.81439113, -1.21855916,  0.6134684 , -1.58934445, -1.26777121,
        0.34439625, -0.62181358, -1.57922033,  1.127099  ,  0.01032888,
        0.48854307,  1.16148964,  0.11588436,  0.26445078, -0.23595603,
        1.39302096,  0.03314882,  0.01347157])
