Program Begingeth
      fun: 0.23741810144639394
 hess_inv: array([[ 3.25813322e+00, -9.79942456e-01, -4.83411150e-01,
         6.93073466e-01, -3.79303136e-01,  8.06495246e-01,
         2.38263372e-01,  1.76929338e+00,  9.13014698e-01,
        -8.15159218e-01, -6.03897962e-01,  8.93402328e-01,
        -5.33241615e-01,  2.72967713e-01,  4.14583654e-01,
        -3.65736277e-02,  3.17329729e-01, -4.50691455e-01],
       [-9.79942456e-01,  2.51890275e+00,  8.63741695e-01,
        -1.09672191e-01,  7.58697665e-01, -2.21796258e-01,
        -1.20747011e+00,  4.43770641e-01,  1.81906962e+00,
         5.11366801e-02,  4.21234533e-02, -1.61664753e+00,
         3.21320006e-01, -3.19937070e-01, -2.92148261e-01,
        -6.53663541e-02,  2.10430755e-02,  6.85536915e-02],
       [-4.83411150e-01,  8.63741695e-01,  1.89470228e+00,
        -4.09335389e-01,  2.82286190e-01,  2.74445583e-01,
        -2.71612409e+00, -2.19046641e+00,  1.74705936e+00,
         1.49099008e-01,  9.96141478e-01, -1.19772697e+00,
         1.10320030e-01, -2.16502054e-01, -3.98020657e-01,
         2.29068253e-01, -9.07346420e-02, -4.30294196e-02],
       [ 6.93073466e-01, -1.09672191e-01, -4.09335389e-01,
         2.92387782e-01, -7.13015896e-02,  7.61434464e-02,
         9.45851295e-01,  9.73924033e-01,  1.45689948e-01,
        -2.48396905e-01, -3.64660562e-01,  2.09968141e-01,
        -4.92580147e-02,  4.27865884e-02,  1.75200894e-01,
        -5.40934321e-02,  7.31266784e-02, -1.74971831e-02],
       [-3.79303136e-01,  7.58697665e-01,  2.82286190e-01,
        -7.13015896e-02,  4.49096345e-01, -1.21020544e-02,
        -2.03967811e+00,  6.79952650e-01,  2.36351245e-01,
         2.62126917e-01, -3.05993974e-02, -3.69475048e-01,
         1.97761796e-01, -1.44110216e-02, -6.74182344e-02,
         4.31295172e-02, -1.44570813e-01, -6.57744085e-03],
       [ 8.06495246e-01, -2.21796258e-01,  2.74445583e-01,
         7.61434464e-02, -1.21020544e-02,  4.12084941e-01,
        -1.33268684e+00,  2.49840128e-01,  7.75985831e-01,
         8.40832588e-03, -5.71296499e-02,  1.11577287e-01,
        -1.66209745e-01,  7.23096400e-02,  1.04365130e-01,
         7.13170227e-03, -4.23749395e-03, -1.55502889e-01],
       [ 2.38263372e-01, -1.20747011e+00, -2.71612409e+00,
         9.45851295e-01, -2.03967811e+00, -1.33268684e+00,
         2.41624775e+01, -1.71609010e-01, -2.45131105e+00,
        -2.32073996e+00, -1.09786638e+00,  8.90788049e-01,
        -6.32933934e-01,  4.07995130e-02,  4.58646537e-01,
        -4.74782811e-01,  1.82045641e+00,  9.60337183e-01],
       [ 1.76929338e+00,  4.43770641e-01, -2.19046641e+00,
         9.73924033e-01,  6.79952650e-01,  2.49840128e-01,
        -1.71609010e-01,  9.73411887e+00, -1.32862254e+00,
        -1.91897053e-01, -2.19203536e+00,  9.35085250e-01,
        -7.31647388e-02,  5.07587026e-01,  1.01747805e+00,
        -4.93950492e-01,  2.70578210e-01, -2.56109030e-02],
       [ 9.13014698e-01,  1.81906962e+00,  1.74705936e+00,
         1.45689948e-01,  2.36351245e-01,  7.75985831e-01,
        -2.45131105e+00, -1.32862254e+00,  7.29598303e+00,
        -2.56163964e-01,  4.95785800e-01, -1.59266313e+00,
        -7.97644301e-02, -6.32948628e-01, -2.25664141e-01,
        -9.16316131e-02, -1.25504521e-01, -1.73283668e-01],
       [-8.15159218e-01,  5.11366801e-02,  1.49099008e-01,
        -2.48396905e-01,  2.62126917e-01,  8.40832588e-03,
        -2.32073996e+00, -1.91897053e-01, -2.56163964e-01,
         9.74281909e-01,  1.61721616e-01, -5.61722401e-02,
         6.63116650e-02, -2.99952586e-02, -9.08379064e-02,
         4.06550907e-02, -3.40206915e-01, -9.55159630e-02],
       [-6.03897962e-01,  4.21234533e-02,  9.96141478e-01,
        -3.64660562e-01, -3.05993974e-02, -5.71296499e-02,
        -1.09786638e+00, -2.19203536e+00,  4.95785800e-01,
         1.61721616e-01,  1.23813693e+00, -5.93212480e-01,
         8.32007213e-02, -2.57615570e-01, -4.32650203e-01,
         2.15625097e-01, -1.20105443e-01, -8.67097101e-02],
       [ 8.93402328e-01, -1.61664753e+00, -1.19772697e+00,
         2.09968141e-01, -3.69475048e-01,  1.11577287e-01,
         8.90788049e-01,  9.35085250e-01, -1.59266313e+00,
        -5.61722401e-02, -5.93212480e-01,  1.68595080e+00,
        -2.02821587e-01,  4.08942524e-01,  3.13391759e-01,
         1.03923618e-02,  5.15952694e-02, -3.94146906e-02],
       [-5.33241615e-01,  3.21320006e-01,  1.10320030e-01,
        -4.92580147e-02,  1.97761796e-01, -1.66209745e-01,
        -6.32933934e-01, -7.31647388e-02, -7.97644301e-02,
         6.63116650e-02,  8.32007213e-02, -2.02821587e-01,
         2.60552457e-01, -5.70834257e-02, -7.40697584e-02,
         8.48752004e-02, -1.48909194e-01,  1.20582038e-01],
       [ 2.72967713e-01, -3.19937070e-01, -2.16502054e-01,
         4.27865884e-02, -1.44110216e-02,  7.23096400e-02,
         4.07995130e-02,  5.07587026e-01, -6.32948628e-01,
        -2.99952586e-02, -2.57615570e-01,  4.08942524e-01,
        -5.70834257e-02,  1.94556807e-01,  1.13111851e-01,
         1.36940039e-02,  7.48151075e-02, -2.50442960e-04],
       [ 4.14583654e-01, -2.92148261e-01, -3.98020657e-01,
         1.75200894e-01, -6.74182344e-02,  1.04365130e-01,
         4.58646537e-01,  1.01747805e+00, -2.25664141e-01,
        -9.08379064e-02, -4.32650203e-01,  3.13391759e-01,
        -7.40697584e-02,  1.13111851e-01,  2.41606781e-01,
        -8.91842055e-02,  4.38788286e-02,  3.88137322e-02],
       [-3.65736277e-02, -6.53663541e-02,  2.29068253e-01,
        -5.40934321e-02,  4.31295172e-02,  7.13170227e-03,
        -4.74782811e-01, -4.93950492e-01, -9.16316131e-02,
         4.06550907e-02,  2.15625097e-01,  1.03923618e-02,
         8.48752004e-02,  1.36940039e-02, -8.91842055e-02,
         1.42788627e-01, -5.80854667e-02, -6.67746544e-03],
       [ 3.17329729e-01,  2.10430755e-02, -9.07346420e-02,
         7.31266784e-02, -1.44570813e-01, -4.23749395e-03,
         1.82045641e+00,  2.70578210e-01, -1.25504521e-01,
        -3.40206915e-01, -1.20105443e-01,  5.15952694e-02,
        -1.48909194e-01,  7.48151075e-02,  4.38788286e-02,
        -5.80854667e-02,  3.06640304e-01,  1.87944892e-02],
       [-4.50691455e-01,  6.85536915e-02, -4.30294196e-02,
        -1.74971831e-02, -6.57744085e-03, -1.55502889e-01,
         9.60337183e-01, -2.56109030e-02, -1.73283668e-01,
        -9.55159630e-02, -8.67097101e-02, -3.94146906e-02,
         1.20582038e-01, -2.50442960e-04,  3.88137322e-02,
        -6.67746544e-03,  1.87944892e-02,  2.17923754e-01]])
      jac: array([ 2.40663045e-05, -2.16586008e-06,  6.89059920e-06,  6.20355619e-05,
        1.81443749e-05, -9.54179328e-05, -1.27148292e-05, -1.29266968e-06,
       -6.25425637e-07,  3.20641661e-05,  1.11508950e-05,  1.47789188e-06,
       -7.05076738e-05,  5.26227210e-06, -5.39938464e-07,  3.32160225e-06,
        2.69240186e-05,  8.76517377e-05])
  message: 'Desired error not necessarily achieved due to precision loss.'
     nfev: 2083
      nit: 54
     njev: 109
   status: 2
  success: False
        x: array([ 0.32073638, -0.48609927,  0.70346758,  0.80998728, -0.69886996,
        0.05969764,  0.26697466, -1.53799409, -0.59153777,  0.02651862,
        0.72199237,  1.04992318,  0.07471891,  0.12317677, -0.43289323,
       -0.81841974, -0.59335713, -0.01385526])
