Program Begingeth
      fun: 0.31360786638586363
 hess_inv: array([[ 5.90800394e+00,  1.77991089e-01, -2.75531299e+00,
         1.52224280e+00,  2.46357014e-01, -2.32648090e+00,
        -4.42653712e+00,  2.12508970e-02, -8.73915880e+00,
         3.13028005e-02,  4.67336238e-01, -7.09944656e-02,
        -8.55117549e-01, -2.66890427e-01, -3.05963215e-01,
        -2.68061146e-01, -4.64250574e-01,  3.43955994e-01],
       [ 1.77991089e-01,  6.98363397e+00,  7.27625868e+00,
         1.05498542e+00,  2.64047820e+00,  3.24256421e+00,
         1.70916323e+01, -3.60735297e+00,  1.60795712e+01,
         2.50807877e-01,  1.98460570e+00, -2.17428388e+00,
        -3.83006236e-01, -6.75508844e-01, -7.32988610e-01,
        -1.87798316e-01, -2.73399756e-01, -4.53104942e-01],
       [-2.75531299e+00,  7.27625868e+00,  1.35898065e+01,
         1.25458820e+00,  2.45413309e+00,  6.61414477e+00,
         2.87850416e+01, -9.82107367e+00,  2.70498725e+01,
        -3.02968728e-01,  3.50325785e+00, -2.31662098e+00,
         3.45069877e-01, -6.84278581e-01, -1.15251891e+00,
        -2.25621657e-01,  1.26779416e-02, -1.05348975e+00],
       [ 1.52224280e+00,  1.05498542e+00,  1.25458820e+00,
         7.63850057e-01,  4.18664546e-01,  2.94913226e-01,
         3.52028084e+00, -1.68597876e+00,  1.26913358e+00,
        -8.16349840e-02,  7.06770555e-01, -2.89429257e-01,
        -1.89099189e-01, -1.61383080e-01, -3.02600801e-01,
        -1.23210628e-01, -1.34977668e-01, -7.64962327e-02],
       [ 2.46357014e-01,  2.64047820e+00,  2.45413309e+00,
         4.18664546e-01,  1.10079645e+00,  1.08695551e+00,
         6.45480856e+00, -4.06138474e-01,  5.44093289e+00,
         4.42431852e-02,  6.32382385e-01, -7.62111907e-01,
        -2.07443820e-01, -2.12897412e-01, -2.34400876e-01,
        -9.80518608e-02, -1.30195008e-01, -1.33767778e-01],
       [-2.32648090e+00,  3.24256421e+00,  6.61414477e+00,
         2.94913226e-01,  1.08695551e+00,  3.46851839e+00,
         1.41033263e+01, -4.12831536e+00,  1.41301244e+01,
        -2.64091512e-01,  1.39139195e+00, -9.96142010e-01,
         3.35309210e-01, -2.48361479e-01, -4.23858753e-01,
        -3.92413832e-02,  6.54045083e-02, -5.31597814e-01],
       [-4.42653712e+00,  1.70916323e+01,  2.87850416e+01,
         3.52028084e+00,  6.45480856e+00,  1.41033263e+01,
         7.11821616e+01, -1.71542075e+01,  5.88059976e+01,
        -1.02447224e+00,  6.98562043e+00, -4.70383830e+00,
         2.17110834e-01, -1.38311586e+00, -2.50579631e+00,
        -7.08579449e-01, -4.36189733e-01, -2.25569713e+00],
       [ 2.12508970e-02, -3.60735297e+00, -9.82107367e+00,
        -1.68597876e+00, -4.06138474e-01, -4.12831536e+00,
        -1.71542075e+01,  1.71551777e+01, -1.66449063e+01,
        -9.20937444e-02, -3.59251607e+00,  1.19546635e+00,
        -3.06845460e-01,  6.90799707e-01,  1.49384768e+00,
         2.67690208e-01, -4.67777895e-02,  9.09998384e-01],
       [-8.73915880e+00,  1.60795712e+01,  2.70498725e+01,
         1.26913358e+00,  5.44093289e+00,  1.41301244e+01,
         5.88059976e+01, -1.66449063e+01,  6.28951806e+01,
        -6.36916868e-01,  6.06012399e+00, -4.84380382e+00,
         9.42178320e-01, -1.55245006e+00, -1.94333019e+00,
        -1.36337284e-01, -8.23681608e-02, -2.14780549e+00],
       [ 3.13028005e-02,  2.50807877e-01, -3.02968728e-01,
        -8.16349840e-02,  4.42431852e-02, -2.64091512e-01,
        -1.02447224e+00, -9.20937444e-02, -6.36916868e-01,
         8.88992907e-01, -1.27140614e-01, -7.52289836e-02,
        -2.19196550e-01,  1.23559773e-02,  5.87779977e-02,
         1.93678985e-03,  5.48561914e-02,  1.85581440e-01],
       [ 4.67336238e-01,  1.98460570e+00,  3.50325785e+00,
         7.06770555e-01,  6.32382385e-01,  1.39139195e+00,
         6.98562043e+00, -3.59251607e+00,  6.06012399e+00,
        -1.27140614e-01,  1.78571455e+00, -7.46796973e-01,
        -4.24961648e-02, -4.04178360e-01, -5.74800919e-01,
        -1.43465286e-01, -8.35929783e-02, -3.63750470e-01],
       [-7.09944656e-02, -2.17428388e+00, -2.31662098e+00,
        -2.89429257e-01, -7.62111907e-01, -9.96142010e-01,
        -4.70383830e+00,  1.19546635e+00, -4.84380382e+00,
        -7.52289836e-02, -7.46796973e-01,  1.03943494e+00,
         8.04718318e-02,  3.04764396e-01,  1.85732589e-01,
        -8.38612236e-04,  1.05452053e-01,  1.58559913e-01],
       [-8.55117549e-01, -3.83006236e-01,  3.45069877e-01,
        -1.89099189e-01, -2.07443820e-01,  3.35309210e-01,
         2.17110834e-01, -3.06845460e-01,  9.42178320e-01,
        -2.19196550e-01, -4.24961648e-02,  8.04718318e-02,
         2.67759224e-01,  5.73090139e-02,  3.43196817e-02,
         9.14900078e-02,  1.02810795e-01, -1.01590815e-01],
       [-2.66890427e-01, -6.75508844e-01, -6.84278581e-01,
        -1.61383080e-01, -2.12897412e-01, -2.48361479e-01,
        -1.38311586e+00,  6.90799707e-01, -1.55245006e+00,
         1.23559773e-02, -4.04178360e-01,  3.04764396e-01,
         5.73090139e-02,  1.75145817e-01,  1.22980558e-01,
         1.92223834e-02,  8.83638041e-02,  6.68506484e-02],
       [-3.05963215e-01, -7.32988610e-01, -1.15251891e+00,
        -3.02600801e-01, -2.34400876e-01, -4.23858753e-01,
        -2.50579631e+00,  1.49384768e+00, -1.94333019e+00,
         5.87779977e-02, -5.74800919e-01,  1.85732589e-01,
         3.43196817e-02,  1.22980558e-01,  2.51044577e-01,
         6.92092128e-02,  3.57237005e-02,  1.43830483e-01],
       [-2.68061146e-01, -1.87798316e-01, -2.25621657e-01,
        -1.23210628e-01, -9.80518608e-02, -3.92413832e-02,
        -7.08579449e-01,  2.67690208e-01, -1.36337284e-01,
         1.93678985e-03, -1.43465286e-01, -8.38612236e-04,
         9.14900078e-02,  1.92223834e-02,  6.92092128e-02,
         8.02630403e-02,  3.46030106e-02,  7.29078162e-03],
       [-4.64250574e-01, -2.73399756e-01,  1.26779416e-02,
        -1.34977668e-01, -1.30195008e-01,  6.54045083e-02,
        -4.36189733e-01, -4.67777895e-02, -8.23681608e-02,
         5.48561914e-02, -8.35929783e-02,  1.05452053e-01,
         1.02810795e-01,  8.83638041e-02,  3.57237005e-02,
         3.46030106e-02,  1.16624907e-01, -9.23968338e-03],
       [ 3.43955994e-01, -4.53104942e-01, -1.05348975e+00,
        -7.64962327e-02, -1.33767778e-01, -5.31597814e-01,
        -2.25569713e+00,  9.09998384e-01, -2.14780549e+00,
         1.85581440e-01, -3.63750470e-01,  1.58559913e-01,
        -1.01590815e-01,  6.68506484e-02,  1.43830483e-01,
         7.29078162e-03, -9.23968338e-03,  1.73153149e-01]])
      jac: array([ 1.24720234e-04, -4.46668628e-05, -1.87864539e-05, -2.22165249e-04,
        7.66472071e-05,  7.00321282e-05,  7.57135095e-06, -6.91705952e-06,
        9.50832006e-06,  4.54595620e-05, -2.31296463e-07,  6.27979150e-06,
        3.89366317e-05,  1.54061948e-05,  3.65796282e-05,  5.51040695e-06,
        2.62504833e-05, -1.39640151e-04])
  message: 'Desired error not necessarily achieved due to precision loss.'
     nfev: 2292
      nit: 64
     njev: 120
   status: 2
  success: False
        x: array([-0.80103379, -1.06185914,  0.52059313, -1.13409338, -1.09375036,
        0.12736166, -0.85536258, -1.70984661, -0.5537297 ,  0.10716681,
        0.54878941,  1.14771784,  0.1220297 ,  0.13034316, -0.31019805,
        1.3195365 , -0.42254223, -0.00728188])
