Program Begingeth
      fun: 0.24628188845657656
 hess_inv: array([[ 4.08514063e+00,  5.74941149e-01,  1.10641617e+00,
         2.04935750e+00,  2.49396516e-01, -6.78426042e-02,
         4.76970069e+00,  1.23447429e+00, -2.96479472e+00,
         6.12297042e-01,  6.46800522e-01, -5.84110154e-01,
        -6.02629267e-02, -2.50464692e-01, -1.28943972e-01,
         8.96116253e-02, -4.27382498e-02,  9.57169443e-02],
       [ 5.74941149e-01,  1.42639174e+00, -3.48524526e-03,
         3.31994770e-01,  6.93556507e-01, -1.52478898e-01,
         9.04303048e-01,  6.04962119e-01,  5.87662607e-01,
         4.95550948e-01,  4.16034742e-01, -1.01869462e-01,
        -1.29832247e-01, -5.33746932e-03, -1.55413052e-01,
        -7.21523549e-02,  5.06599672e-02,  1.70839740e-02],
       [ 1.10641617e+00, -3.48524526e-03,  1.67485752e+00,
         6.34432728e-01, -3.01304512e-02,  6.55617289e-01,
         2.00082611e+00, -1.25158841e+00, -1.33019620e+00,
         2.30980708e-01, -7.98487291e-02,  1.84426035e-01,
        -1.47129978e-02,  1.16111313e-01,  9.15081092e-02,
         2.21395150e-04,  5.78245557e-02,  1.26190191e-01],
       [ 2.04935750e+00,  3.31994770e-01,  6.34432728e-01,
         1.04731611e+00,  1.46528841e-01,  2.47516206e-03,
         2.54508616e+00,  5.09660652e-01, -1.42509368e+00,
         3.02657686e-01,  3.53661748e-01, -2.64094213e-01,
        -2.25123815e-02, -1.14619472e-01, -7.34824955e-02,
         4.34074084e-02, -1.16522646e-02,  4.62147939e-02],
       [ 2.49396516e-01,  6.93556507e-01, -3.01304512e-02,
         1.46528841e-01,  3.72978248e-01, -1.06168248e-01,
         8.30192102e-01,  6.83431358e-01,  3.95949453e-01,
         2.31613831e-01,  2.64639868e-01, -9.95897869e-02,
        -1.04354070e-01, -2.34804139e-02, -8.46463310e-02,
        -5.48464453e-02,  3.29518960e-03,  1.81176694e-02],
       [-6.78426042e-02, -1.52478898e-01,  6.55617289e-01,
         2.47516206e-03, -1.06168248e-01,  3.70988876e-01,
        -1.77003117e-01, -1.09156043e+00, -2.17894991e-01,
        -4.41298958e-02, -2.21108004e-01,  2.19418312e-01,
         5.91463989e-02,  1.24573172e-01,  8.26257725e-02,
         8.04753587e-03,  6.09055963e-02,  3.17068345e-02],
       [ 4.76970069e+00,  9.04303048e-01,  2.00082611e+00,
         2.54508616e+00,  8.30192102e-01, -1.77003117e-01,
         1.47342358e+01,  5.40729012e+00, -2.72616365e+00,
         7.63366262e-01,  1.85592630e+00, -1.18653577e+00,
        -7.67847030e-01, -6.97327220e-01, -2.69999541e-01,
        -1.91360828e-01, -5.15785410e-01,  4.05330761e-01],
       [ 1.23447429e+00,  6.04962119e-01, -1.25158841e+00,
         5.09660652e-01,  6.83431358e-01, -1.09156043e+00,
         5.40729012e+00,  7.83677105e+00,  8.01599350e-01,
         4.13353763e-01,  1.12116262e+00, -1.62060759e+00,
        -5.14551788e-01, -6.04088341e-01, -1.80459757e-01,
        -6.20065471e-02, -3.49596735e-01,  1.03269164e-01],
       [-2.96479472e+00,  5.87662607e-01, -1.33019620e+00,
        -1.42509368e+00,  3.95949453e-01, -2.17894991e-01,
        -2.72616365e+00,  8.01599350e-01,  5.56526622e+00,
        -4.02592592e-01,  6.29264164e-01, -1.20021662e-01,
        -2.31446549e-02,  1.03592676e-02, -1.31273202e-01,
        -1.63503771e-01,  7.36271194e-02, -1.59831018e-01],
       [ 6.12297042e-01,  4.95550948e-01,  2.30980708e-01,
         3.02657686e-01,  2.31613831e-01, -4.41298958e-02,
         7.63366262e-01,  4.13353763e-01, -4.02592592e-01,
         9.57143266e-01,  8.26161436e-02, -6.09022169e-02,
        -2.34927810e-01,  6.31060735e-03,  5.90388117e-02,
        -2.67234034e-02,  3.84681247e-02,  2.19586040e-01],
       [ 6.46800522e-01,  4.16034742e-01, -7.98487291e-02,
         3.53661748e-01,  2.64639868e-01, -2.21108004e-01,
         1.85592630e+00,  1.12116262e+00,  6.29264164e-01,
         8.26161436e-02,  8.95283344e-01, -3.39092507e-01,
        -1.07865711e-01, -2.23252880e-01, -1.96201867e-01,
        -6.44047505e-02, -5.78710849e-02, -5.78623850e-02],
       [-5.84110154e-01, -1.01869462e-01,  1.84426035e-01,
        -2.64094213e-01, -9.95897869e-02,  2.19418312e-01,
        -1.18653577e+00, -1.62060759e+00, -1.20021662e-01,
        -6.09022169e-02, -3.39092507e-01,  6.09155860e-01,
         4.33136216e-02,  1.87958915e-01,  2.45033953e-02,
        -4.47638371e-02,  8.66319977e-02,  1.33644748e-02],
       [-6.02629267e-02, -1.29832247e-01, -1.47129978e-02,
        -2.25123815e-02, -1.04354070e-01,  5.91463989e-02,
        -7.67847030e-01, -5.14551788e-01, -2.31446549e-02,
        -2.34927810e-01, -1.07865711e-01,  4.33136216e-02,
         1.52293502e-01,  3.84257739e-02, -5.88218557e-04,
         6.41437834e-02,  4.10194617e-02, -7.98126926e-02],
       [-2.50464692e-01, -5.33746932e-03,  1.16111313e-01,
        -1.14619472e-01, -2.34804139e-02,  1.24573172e-01,
        -6.97327220e-01, -6.04088341e-01,  1.03592676e-02,
         6.31060735e-03, -2.23252880e-01,  1.87958915e-01,
         3.84257739e-02,  1.21304194e-01,  4.18348028e-02,
         2.12053808e-03,  7.30591077e-02,  1.17522834e-02],
       [-1.28943972e-01, -1.55413052e-01,  9.15081092e-02,
        -7.34824955e-02, -8.46463310e-02,  8.26257725e-02,
        -2.69999541e-01, -1.80459757e-01, -1.31273202e-01,
         5.90388117e-02, -1.96201867e-01,  2.45033953e-02,
        -5.88218557e-04,  4.18348028e-02,  9.32115837e-02,
         1.87406180e-02,  7.68952820e-03,  6.24967952e-02],
       [ 8.96116253e-02, -7.21523549e-02,  2.21395150e-04,
         4.34074084e-02, -5.48464453e-02,  8.04753587e-03,
        -1.91360828e-01, -6.20065471e-02, -1.63503771e-01,
        -2.67234034e-02, -6.44047505e-02, -4.47638371e-02,
         6.41437834e-02,  2.12053808e-03,  1.87406180e-02,
         5.78585417e-02,  1.07111015e-02, -1.43099174e-02],
       [-4.27382498e-02,  5.06599672e-02,  5.78245557e-02,
        -1.16522646e-02,  3.29518960e-03,  6.09055963e-02,
        -5.15785410e-01, -3.49596735e-01,  7.36271194e-02,
         3.84681247e-02, -5.78710849e-02,  8.66319977e-02,
         4.10194617e-02,  7.30591077e-02,  7.68952820e-03,
         1.07111015e-02,  7.69219158e-02, -6.74301629e-03],
       [ 9.57169443e-02,  1.70839740e-02,  1.26190191e-01,
         4.62147939e-02,  1.81176694e-02,  3.17068345e-02,
         4.05330761e-01,  1.03269164e-01, -1.59831018e-01,
         2.19586040e-01, -5.78623850e-02,  1.33644748e-02,
        -7.98126926e-02,  1.17522834e-02,  6.24967952e-02,
        -1.43099174e-02, -6.74301629e-03,  1.05961996e-01]])
      jac: array([-4.03858428e-05, -3.09285930e-05,  8.01066621e-05,  1.05965422e-04,
        9.00938583e-05, -1.77955243e-04, -1.64890324e-05, -1.72426888e-05,
        8.00674342e-06, -6.36629638e-05, -6.84748554e-06, -2.77278200e-06,
       -2.02711736e-04, -6.67020143e-05,  8.93033795e-05,  1.69062542e-04,
        5.47828449e-05, -3.35631523e-05])
  message: 'Desired error not necessarily achieved due to precision loss.'
     nfev: 1968
      nit: 69
     njev: 103
   status: 2
  success: False
        x: array([-1.67907575, -1.06876025,  0.59589178, -1.46314372, -1.11799038,
        0.32705361, -0.44605557, -1.33621755,  1.21593712,  0.01583216,
        0.57132382,  1.17498568,  0.10692912,  0.27690853, -0.26204974,
        1.28904372, -0.02248652,  0.00316838])
