Program Begingeth
      fun: 0.23424885389265016
 hess_inv: array([[ 7.18614648e+00,  2.14233017e+00, -2.71406033e+00,
         1.03066952e+00,  8.71113422e-01, -1.87787507e+00,
        -3.17477396e+00,  3.34706661e-01, -4.64452426e+00,
        -8.30224265e-01, -3.95142894e-01, -5.74003391e-01,
        -1.60109958e+00, -5.78992516e-01, -1.55587137e-02,
        -3.86328444e-02, -8.67993991e-01,  3.83298257e-01],
       [ 2.14233017e+00,  3.70916348e+00, -2.13863716e+00,
        -2.73187316e-01,  1.21055457e+00, -1.05635847e+00,
        -4.96224192e+00,  3.56626454e+00, -1.31290814e+00,
         1.07667469e-01, -1.20462926e+00, -1.19531928e+00,
        -6.79572262e-01, -5.35852379e-01,  3.43818060e-01,
         2.43747533e-01, -3.08314955e-01,  2.08197676e-01],
       [-2.71406033e+00, -2.13863716e+00,  1.08343446e+01,
         1.38703443e+00, -7.29182922e-01,  4.04681090e+00,
         1.86647212e+01, -5.21158344e+00,  8.15113551e+00,
         3.69240891e-01,  3.59821493e+00, -1.55456808e+00,
         8.53396563e-01,  2.50007299e-01, -9.14949475e-01,
        -4.32530128e-01,  7.39643818e-01, -3.06392464e-01],
       [ 1.03066952e+00, -2.73187316e-01,  1.38703443e+00,
         5.90457587e-01, -1.84753019e-02,  3.80269377e-01,
         3.64872725e+00, -9.91933359e-01,  2.26641275e-01,
        -1.98499779e-01,  5.33875975e-01, -1.86896685e-01,
        -1.20464319e-01,  2.77067747e-02, -1.61724244e-01,
        -1.01650211e-01, -2.30541080e-02,  1.47235356e-02],
       [ 8.71113422e-01,  1.21055457e+00, -7.29182922e-01,
        -1.84753019e-02,  4.59517200e-01, -3.44336444e-01,
        -1.18373856e+00,  1.54435595e+00, -6.52858980e-01,
        -5.97851299e-02, -4.37674570e-01, -3.36467289e-01,
        -2.44985178e-01, -1.33256501e-01,  1.39037277e-01,
         6.09670157e-02, -1.07295234e-01,  8.16004538e-02],
       [-1.87787507e+00, -1.05635847e+00,  4.04681090e+00,
         3.80269377e-01, -3.44336444e-01,  1.71036896e+00,
         7.32612793e+00, -1.51814016e+00,  3.57024397e+00,
         8.39842718e-02,  1.14667327e+00, -3.80916483e-01,
         5.48729535e-01,  2.01605686e-01, -2.56340324e-01,
        -1.34252337e-01,  3.57991402e-01, -1.57423855e-01],
       [-3.17477396e+00, -4.96224192e+00,  1.86647212e+01,
         3.64872725e+00, -1.18373856e+00,  7.32612793e+00,
         4.25101740e+01, -8.18027875e+00,  1.19283699e+01,
        -1.89265520e-01,  5.26534951e+00, -1.43873507e+00,
         1.44251538e+00,  1.16003891e+00, -1.28548813e+00,
        -9.32261232e-01,  1.23967705e+00, -4.33597722e-01],
       [ 3.34706661e-01,  3.56626454e+00, -5.21158344e+00,
        -9.91933359e-01,  1.54435595e+00, -1.51814016e+00,
        -8.18027875e+00,  1.02467168e+01, -2.94151775e+00,
        -5.90787672e-01, -2.64229050e+00, -2.55900590e-01,
        -1.19926039e-01, -2.42540787e-01,  1.03519852e+00,
         4.50673853e-01, -2.50579522e-01,  1.65435199e-01],
       [-4.64452426e+00, -1.31290814e+00,  8.15113551e+00,
         2.26641275e-01, -6.52858980e-01,  3.57024397e+00,
         1.19283699e+01, -2.94151775e+00,  1.08484609e+01,
         3.13929943e-01,  2.51031259e+00, -1.08827213e+00,
         1.15358959e+00, -4.20540069e-03, -6.71946008e-01,
        -1.74292045e-01,  6.41160901e-01, -4.61555095e-01],
       [-8.30224265e-01,  1.07667469e-01,  3.69240891e-01,
        -1.98499779e-01, -5.97851299e-02,  8.39842718e-02,
        -1.89265520e-01, -5.90787672e-01,  3.13929943e-01,
         1.12148717e+00, -6.25198802e-02, -5.72523448e-02,
        -8.01821932e-02,  7.18078595e-02,  2.98616967e-02,
         4.02210561e-03,  1.70080268e-01,  1.52343657e-01],
       [-3.95142894e-01, -1.20462926e+00,  3.59821493e+00,
         5.33875975e-01, -4.37674570e-01,  1.14667327e+00,
         5.26534951e+00, -2.64229050e+00,  2.51031259e+00,
        -6.25198802e-02,  2.06485963e+00, -4.91903212e-01,
         2.03684939e-01, -8.90053033e-02, -5.68572472e-01,
        -2.09493325e-01,  1.72062945e-01, -2.12877823e-01],
       [-5.74003391e-01, -1.19531928e+00, -1.55456808e+00,
        -1.86896685e-01, -3.36467289e-01, -3.80916483e-01,
        -1.43873507e+00, -2.55900590e-01, -1.08827213e+00,
        -5.72523448e-02, -4.91903212e-01,  1.25735361e+00,
         1.32444571e-01,  3.11572644e-01,  6.77712972e-02,
        -4.52707926e-02,  3.52260342e-02,  5.57985640e-03],
       [-1.60109958e+00, -6.79572262e-01,  8.53396563e-01,
        -1.20464319e-01, -2.44985178e-01,  5.48729535e-01,
         1.44251538e+00, -1.19926039e-01,  1.15358959e+00,
        -8.01821932e-02,  2.03684939e-01,  1.32444571e-01,
         4.85991407e-01,  1.49771476e-01, -2.34464440e-02,
         2.76048712e-02,  2.06782189e-01, -1.46211075e-01],
       [-5.78992516e-01, -5.35852379e-01,  2.50007299e-01,
         2.77067747e-02, -1.33256501e-01,  2.01605686e-01,
         1.16003891e+00, -2.42540787e-01, -4.20540069e-03,
         7.18078595e-02, -8.90053033e-02,  3.11572644e-01,
         1.49771476e-01,  2.11566131e-01,  2.93068425e-02,
        -3.41625870e-02,  1.19293540e-01,  3.61718943e-03],
       [-1.55587137e-02,  3.43818060e-01, -9.14949475e-01,
        -1.61724244e-01,  1.39037277e-01, -2.56340324e-01,
        -1.28548813e+00,  1.03519852e+00, -6.71946008e-01,
         2.98616967e-02, -5.68572472e-01,  6.77712972e-02,
        -2.34464440e-02,  2.93068425e-02,  2.11005277e-01,
         7.03137735e-02, -3.12987151e-02,  7.61620980e-02],
       [-3.86328444e-02,  2.43747533e-01, -4.32530128e-01,
        -1.01650211e-01,  6.09670157e-02, -1.34252337e-01,
        -9.32261232e-01,  4.50673853e-01, -1.74292045e-01,
         4.02210561e-03, -2.09493325e-01, -4.52707926e-02,
         2.76048712e-02, -3.41625870e-02,  7.03137735e-02,
         7.33070957e-02, -1.42556207e-02,  3.55497388e-03],
       [-8.67993991e-01, -3.08314955e-01,  7.39643818e-01,
        -2.30541080e-02, -1.07295234e-01,  3.57991402e-01,
         1.23967705e+00, -2.50579522e-01,  6.41160901e-01,
         1.70080268e-01,  1.72062945e-01,  3.52260342e-02,
         2.06782189e-01,  1.19293540e-01, -3.12987151e-02,
        -1.42556207e-02,  1.68243598e-01, -3.84206341e-02],
       [ 3.83298257e-01,  2.08197676e-01, -3.06392464e-01,
         1.47235356e-02,  8.16004538e-02, -1.57423855e-01,
        -4.33597722e-01,  1.65435199e-01, -4.61555095e-01,
         1.52343657e-01, -2.12877823e-01,  5.57985640e-03,
        -1.46211075e-01,  3.61718943e-03,  7.61620980e-02,
         3.55497388e-03, -3.84206341e-02,  1.05466131e-01]])
      jac: array([-1.75415238e-07,  4.36132612e-07, -6.13583258e-07,  4.83872202e-07,
       -6.17654076e-07,  9.74220704e-07,  7.77156117e-08,  2.14643118e-08,
       -6.40228611e-08,  1.15833269e-07,  2.57201667e-07, -1.87812728e-07,
        7.13133256e-07,  4.52785957e-07, -9.91614198e-07, -4.48530102e-07,
       -1.46419913e-06,  1.51304895e-06])
  message: 'Optimization terminated successfully.'
     nfev: 1501
      nit: 70
     njev: 79
   status: 0
  success: True
        x: array([-0.52404818, -0.56698624,  0.34846361, -1.13805093, -0.71904404,
        0.00757034, -1.26583252, -1.06382778, -0.91012476,  0.14850547,
        0.57577817,  1.03038472,  0.05711717,  0.23802592, -0.28001795,
        1.32604652, -0.22738207,  0.03127025])
