Program Begingeth
      fun: 0.298380195861692
 hess_inv: array([[ 1.16515081e+00, -1.25170324e-01,  1.22125090e-01,
         3.97197328e-01, -2.55036060e-01,  3.78774176e-01,
         1.32870245e+00, -2.96533336e-01,  7.46031493e-01,
         1.11749565e+00, -8.05671370e-01, -4.02742172e-02,
        -4.48682887e-01, -2.11809691e-02,  1.15165280e-01,
        -3.15721006e-02, -2.70162075e-02, -2.33931277e-01],
       [-1.25170324e-01,  5.99955085e-01, -1.66381725e-01,
        -2.82569538e-01,  1.25883705e-01, -2.53127178e-01,
        -1.56340259e+00,  4.27604628e-01,  7.74533572e-02,
        -7.60859060e-01,  1.22042478e-01, -1.30911948e-01,
         8.03157155e-02, -1.87849889e-01, -2.21900252e-01,
         4.77091225e-02, -1.15160914e-02, -9.12665472e-02],
       [ 1.22125090e-01, -1.66381725e-01,  3.73375156e-01,
         1.75214230e-01,  2.14300663e-03,  2.24352615e-01,
         6.79189991e-01, -6.33169992e-01,  5.10911236e-01,
         6.87367563e-01,  2.16914247e-02,  1.75549193e-01,
        -4.51302032e-02,  1.55009083e-01,  2.31230258e-02,
         4.35345279e-02,  6.67897005e-02,  3.95597903e-02],
       [ 3.97197328e-01, -2.82569538e-01,  1.75214230e-01,
         6.38064493e-01,  3.74860412e-02,  2.75942360e-01,
         2.01128039e+00,  2.34405496e-01,  1.38304661e+00,
         1.79684069e+00,  1.15553888e-01, -2.58372682e-01,
        -4.82995573e-02,  1.10340148e-01,  1.65246708e-01,
         2.66377780e-02, -4.04774742e-03,  1.93604783e-03],
       [-2.55036060e-01,  1.25883705e-01,  2.14300663e-03,
         3.74860412e-02,  4.11475882e-01, -1.22704869e-01,
        -5.65825019e-01,  9.84125713e-01,  8.04853163e-01,
         1.46668589e-01,  9.76672007e-01, -2.38960192e-01,
         2.14014439e-01,  7.46715754e-02, -7.74552855e-02,
         9.22765263e-02,  5.28090833e-03,  6.78239357e-02],
       [ 3.78774176e-01, -2.53127178e-01,  2.24352615e-01,
         2.75942360e-01, -1.22704869e-01,  5.13423682e-01,
         1.76119074e+00, -8.40108317e-01,  1.19107387e+00,
         9.82389910e-01, -1.30004393e-01,  6.18006614e-01,
        -2.52582464e-01,  1.39286187e-01,  1.75289268e-01,
        -4.36179931e-02,  9.75038962e-02, -2.90861257e-02],
       [ 1.32870245e+00, -1.56340259e+00,  6.79189991e-01,
         2.01128039e+00, -5.65825019e-01,  1.76119074e+00,
         1.73167342e+01, -2.54844357e+00,  6.43619724e+00,
         5.49000038e+00,  9.12717435e-01,  2.27518753e-01,
        -1.24477110e+00,  5.22208131e-01,  7.69553564e-01,
        -4.21479609e-01,  6.55435505e-01, -2.90713406e-01],
       [-2.96533336e-01,  4.27604628e-01, -6.33169992e-01,
         2.34405496e-01,  9.84125713e-01, -8.40108317e-01,
        -2.54844357e+00,  5.82881085e+00,  1.00051935e+00,
         1.67325646e-01,  1.63307663e+00, -1.98201301e+00,
         6.00023792e-01, -8.80227165e-02, -1.39714953e-01,
         1.45407152e-01, -1.86691258e-01,  9.12823339e-02],
       [ 7.46031493e-01,  7.74533572e-02,  5.10911236e-01,
         1.38304661e+00,  8.04853163e-01,  1.19107387e+00,
         6.43619724e+00,  1.00051935e+00,  9.49059472e+00,
         4.62515282e+00,  2.71933246e+00,  7.14117469e-02,
        -3.58915837e-01,  3.78794174e-01,  2.59640819e-01,
         5.70409989e-02,  3.89153072e-01, -5.81164753e-02],
       [ 1.11749565e+00, -7.60859060e-01,  6.87367563e-01,
         1.79684069e+00,  1.46668589e-01,  9.82389910e-01,
         5.49000038e+00,  1.67325646e-01,  4.62515282e+00,
         5.42921724e+00,  4.42822066e-01, -3.34034541e-01,
        -2.03951183e-01,  3.97061435e-01,  4.58548350e-01,
         7.36525303e-02,  6.28357775e-02,  1.55883340e-02],
       [-8.05671370e-01,  1.22042478e-01,  2.16914247e-02,
         1.15553888e-01,  9.76672007e-01, -1.30004393e-01,
         9.12717435e-01,  1.63307663e+00,  2.71933246e+00,
         4.42822066e-01,  3.01359614e+00, -3.70145623e-01,
         3.75021776e-01,  2.33740141e-01, -1.35365428e-01,
         1.24529318e-01,  1.38072258e-01,  1.53190150e-01],
       [-4.02742172e-02, -1.30911948e-01,  1.75549193e-01,
        -2.58372682e-01, -2.38960192e-01,  6.18006614e-01,
         2.27518753e-01, -1.98201301e+00,  7.14117469e-02,
        -3.34034541e-01, -3.70145623e-01,  1.83930356e+00,
        -2.32555591e-01,  1.41445809e-01,  1.29995422e-01,
        -6.53933691e-02,  1.50384678e-01,  7.76531890e-03],
       [-4.48682887e-01,  8.03157155e-02, -4.51302032e-02,
        -4.82995573e-02,  2.14014439e-01, -2.52582464e-01,
        -1.24477110e+00,  6.00023792e-01, -3.58915837e-01,
        -2.03951183e-01,  3.75021776e-01, -2.32555591e-01,
         3.40695575e-01,  4.87408223e-03, -6.06794220e-02,
         1.03531104e-01, -6.88579893e-02,  1.32471101e-01],
       [-2.11809691e-02, -1.87849889e-01,  1.55009083e-01,
         1.10340148e-01,  7.46715754e-02,  1.39286187e-01,
         5.22208131e-01, -8.80227165e-02,  3.78794174e-01,
         3.97061435e-01,  2.33740141e-01,  1.41445809e-01,
         4.87408223e-03,  1.48638088e-01,  5.82302847e-02,
         1.49085713e-02,  5.88557054e-02,  5.94803788e-02],
       [ 1.15165280e-01, -2.21900252e-01,  2.31230258e-02,
         1.65246708e-01, -7.74552855e-02,  1.75289268e-01,
         7.69553564e-01, -1.39714953e-01,  2.59640819e-01,
         4.58548350e-01, -1.35365428e-01,  1.29995422e-01,
        -6.06794220e-02,  5.82302847e-02,  1.47573424e-01,
        -3.22813295e-02,  2.86582764e-03,  4.16530611e-02],
       [-3.15721006e-02,  4.77091225e-02,  4.35345279e-02,
         2.66377780e-02,  9.22765263e-02, -4.36179931e-02,
        -4.21479609e-01,  1.45407152e-01,  5.70409989e-02,
         7.36525303e-02,  1.24529318e-01, -6.53933691e-02,
         1.03531104e-01,  1.49085713e-02, -3.22813295e-02,
         7.71661406e-02, -2.44236108e-02,  2.56749503e-02],
       [-2.70162075e-02, -1.15160914e-02,  6.67897005e-02,
        -4.04774742e-03,  5.28090833e-03,  9.75038962e-02,
         6.55435505e-01, -1.86691258e-01,  3.89153072e-01,
         6.28357775e-02,  1.38072258e-01,  1.50384678e-01,
        -6.88579893e-02,  5.88557054e-02,  2.86582764e-03,
        -2.44236108e-02,  9.48122438e-02, -8.76546155e-03],
       [-2.33931277e-01, -9.12665472e-02,  3.95597903e-02,
         1.93604783e-03,  6.78239357e-02, -2.90861257e-02,
        -2.90713406e-01,  9.12823339e-02, -5.81164753e-02,
         1.55883340e-02,  1.53190150e-01,  7.76531890e-03,
         1.32471101e-01,  5.94803788e-02,  4.16530611e-02,
         2.56749503e-02, -8.76546155e-03,  1.20023173e-01]])
      jac: array([-3.32585811e-06,  7.50547772e-06,  1.36402001e-05, -1.47289588e-07,
       -2.43967809e-05, -4.03962049e-05, -3.61932706e-07,  2.23968992e-06,
        2.55610348e-06,  2.19972189e-06,  5.35053483e-06,  1.08542804e-05,
       -9.09383679e-06,  2.20238642e-05,  3.31923378e-05,  8.27227176e-06,
       -1.68905630e-05, -2.76182780e-05])
  message: 'Desired error not necessarily achieved due to precision loss.'
     nfev: 2045
      nit: 76
     njev: 107
   status: 2
  success: False
        x: array([ 0.07852494,  0.19735398,  0.87930377,  1.37131693, -0.73163768,
        0.3015805 ,  0.70568136, -1.67191771,  0.82616537,  1.75774056,
       -0.65734498,  0.81294392,  0.04645539,  0.10887171, -0.26831552,
       -1.19544414, -0.58080341,  0.04493659])
