Program Begingeth
      fun: 0.33082842402972584
 hess_inv: array([[ 6.81120538e+00,  1.74411987e-01, -5.13595181e-01,
         1.03209063e-01, -1.02623452e+00,  1.89871955e-01,
         8.66867625e-01, -5.24581699e-01,  1.04593713e+00,
        -1.50501636e+00, -7.07009259e-01, -2.02301696e-01,
        -1.69912515e+00, -3.50998482e-01,  3.07705908e-01,
         1.06746038e+00,  7.50164476e-01, -9.34799109e-02],
       [ 1.74411987e-01,  2.37408256e+00, -1.01184079e-01,
         3.53358160e-01,  2.86582017e-01,  2.21482673e-01,
         9.03026794e-01,  1.71194607e+00,  1.31274751e+00,
         3.27099291e-01, -1.65330716e-01, -1.02978526e+00,
         5.94675528e-02, -4.21886459e-01,  3.84567942e-01,
        -1.17087749e-01,  4.98895566e-01, -2.09744183e-02],
       [-5.13595181e-01, -1.01184079e-01,  2.44344947e+00,
        -1.73330539e-01, -1.89603594e-01,  2.15022077e-01,
        -1.58289513e+00, -1.67456396e+00,  6.54853282e-01,
         2.39628319e-01,  1.13344296e+00, -3.08051184e-01,
         4.73285316e-02, -3.45086492e-01, -4.48677381e-01,
        -7.49103349e-02, -8.12443222e-02,  4.64586260e-01],
       [ 1.03209063e-01,  3.53358160e-01, -1.73330539e-01,
         1.79195890e-01,  3.93532943e-02, -2.67784476e-02,
         7.89290025e-01,  2.50569704e-01,  2.91761764e-01,
        -6.22054132e-02, -1.51633052e-02, -1.87112060e-01,
         1.05092830e-01, -8.95804170e-02,  4.48964309e-02,
         1.90800568e-02,  4.24997184e-02, -3.14721945e-02],
       [-1.02623452e+00,  2.86582017e-01, -1.89603594e-01,
         3.93532943e-02,  2.89619399e-01,  4.60878886e-03,
         8.09847848e-02,  8.49148141e-01, -6.37216945e-02,
         3.65168218e-01, -3.24102252e-02, -6.69630274e-03,
         2.64579930e-01,  7.99431195e-02,  6.45990504e-02,
        -1.61254963e-01, -4.97014722e-02, -3.49313911e-02],
       [ 1.89871955e-01,  2.21482673e-01,  2.15022077e-01,
        -2.67784476e-02,  4.60878886e-03,  1.80432741e-01,
        -3.66315548e-01,  2.90170955e-01,  4.48018868e-01,
         2.75118727e-01, -9.69676278e-02, -9.55662630e-02,
        -1.37368218e-01, -4.20513830e-02,  1.07472813e-01,
         4.63118823e-03,  6.08988284e-02,  4.06301796e-02],
       [ 8.66867625e-01,  9.03026794e-01, -1.58289513e+00,
         7.89290025e-01,  8.09847848e-02, -3.66315548e-01,
         5.43851923e+00,  1.10394882e+00,  6.79949336e-01,
        -4.67843339e-01, -8.22147425e-02, -3.63886061e-01,
         2.45192976e-01, -2.37494875e-01,  8.93701322e-02,
         1.29902120e-01,  1.52469260e-01, -3.38195559e-01],
       [-5.24581699e-01,  1.71194607e+00, -1.67456396e+00,
         2.50569704e-01,  8.49148141e-01,  2.90170955e-01,
         1.10394882e+00,  6.19263202e+00,  6.27691939e-01,
         1.32729007e+00, -6.07125177e-01, -3.80305834e-01,
        -3.53844463e-02,  1.54062574e-02,  7.70320500e-01,
        -1.82847629e-01,  2.33411771e-01, -3.58606594e-01],
       [ 1.04593713e+00,  1.31274751e+00,  6.54853282e-01,
         2.91761764e-01, -6.37216945e-02,  4.48018868e-01,
         6.79949336e-01,  6.27691939e-01,  3.18340703e+00,
         4.38724314e-01,  2.17375022e-01, -5.47318558e-01,
        -2.07033884e-01, -5.01906222e-01,  1.05606333e-01,
         1.10125936e-01,  2.74233837e-01,  4.50092269e-02],
       [-1.50501636e+00,  3.27099291e-01,  2.39628319e-01,
        -6.22054132e-02,  3.65168218e-01,  2.75118727e-01,
        -4.67843339e-01,  1.32729007e+00,  4.38724314e-01,
         1.54174337e+00,  1.34347042e-01, -6.81334848e-02,
         6.25080059e-02,  1.65064507e-02,  1.10112764e-01,
        -2.73035123e-01, -1.23156884e-01, -6.87980042e-02],
       [-7.07009259e-01, -1.65330716e-01,  1.13344296e+00,
        -1.51633052e-02, -3.24102252e-02, -9.69676278e-02,
        -8.22147425e-02, -6.07125177e-01,  2.17375022e-01,
         1.34347042e-01,  1.35763224e+00, -1.47885113e-01,
         1.99746983e-01, -3.21212755e-01, -4.69042887e-01,
        -8.03800762e-02, -1.36721878e-01,  1.06343211e-01],
       [-2.02301696e-01, -1.02978526e+00, -3.08051184e-01,
        -1.87112060e-01, -6.69630274e-03, -9.55662630e-02,
        -3.63886061e-01, -3.80305834e-01, -5.47318558e-01,
        -6.81334848e-02, -1.47885113e-01,  8.72382833e-01,
        -1.49332753e-02,  3.44344461e-01, -1.55093812e-01,
         6.13606222e-02, -1.83586830e-01, -4.74893880e-02],
       [-1.69912515e+00,  5.94675528e-02,  4.73285316e-02,
         1.05092830e-01,  2.64579930e-01, -1.37368218e-01,
         2.45192976e-01, -3.53844463e-02, -2.07033884e-01,
         6.25080059e-02,  1.99746983e-01, -1.49332753e-02,
         6.17029376e-01,  5.28307360e-02, -1.11038601e-01,
        -2.27310520e-01, -1.96307949e-01,  3.73758593e-02],
       [-3.50998482e-01, -4.21886459e-01, -3.45086492e-01,
        -8.95804170e-02,  7.99431195e-02, -4.20513830e-02,
        -2.37494875e-01,  1.54062574e-02, -5.01906222e-01,
         1.65064507e-02, -3.21212755e-01,  3.44344461e-01,
         5.28307360e-02,  2.61496809e-01,  3.52800888e-02,
        -2.40619206e-02, -8.68933119e-02, -3.30576847e-02],
       [ 3.07705908e-01,  3.84567942e-01, -4.48677381e-01,
         4.48964309e-02,  6.45990504e-02,  1.07472813e-01,
         8.93701322e-02,  7.70320500e-01,  1.05606333e-01,
         1.10112764e-01, -4.69042887e-01, -1.55093812e-01,
        -1.11038601e-01,  3.52800888e-02,  2.83926189e-01,
         5.98019692e-03,  1.08678691e-01, -5.08821436e-02],
       [ 1.06746038e+00, -1.17087749e-01, -7.49103349e-02,
         1.90800568e-02, -1.61254963e-01,  4.63118823e-03,
         1.29902120e-01, -1.82847629e-01,  1.10125936e-01,
        -2.73035123e-01, -8.03800762e-02,  6.13606222e-02,
        -2.27310520e-01, -2.40619206e-02,  5.98019692e-03,
         2.09459646e-01,  7.90280632e-02, -1.26359690e-02],
       [ 7.50164476e-01,  4.98895566e-01, -8.12443222e-02,
         4.24997184e-02, -4.97014722e-02,  6.08988284e-02,
         1.52469260e-01,  2.33411771e-01,  2.74233837e-01,
        -1.23156884e-01, -1.36721878e-01, -1.83586830e-01,
        -1.96307949e-01, -8.68933119e-02,  1.08678691e-01,
         7.90280632e-02,  2.17139518e-01, -9.88178785e-03],
       [-9.34799109e-02, -2.09744183e-02,  4.64586260e-01,
        -3.14721945e-02, -3.49313911e-02,  4.06301796e-02,
        -3.38195559e-01, -3.58606594e-01,  4.50092269e-02,
        -6.87980042e-02,  1.06343211e-01, -4.74893880e-02,
         3.73758593e-02, -3.30576847e-02, -5.08821436e-02,
        -1.26359690e-02, -9.88178785e-03,  1.34774701e-01]])
      jac: array([-3.17893859e-06,  4.85500529e-06,  5.91378798e-07,  6.32123983e-06,
       -9.50091857e-06, -3.18152911e-06, -5.70654635e-07,  6.84267458e-07,
        1.11392377e-07, -1.81484457e-06,  2.02319643e-06,  8.06391990e-07,
       -7.98102325e-06,  9.19560724e-06,  2.50799381e-06,  6.13065154e-06,
       -8.84218624e-06, -1.40258175e-06])
  message: 'Optimization terminated successfully.'
     nfev: 1349
      nit: 61
     njev: 71
   status: 0
  success: True
        x: array([-0.23541243, -0.77645268,  0.00341314,  1.3158232 , -0.54310569,
       -0.13515235,  1.95294692, -0.68916824, -1.17612469,  0.07991579,
        0.42340735,  1.09914998,  0.25782676,  0.1329025 , -0.27687903,
       -1.33442152, -0.94420517,  0.02898529])
