Program Begingeth
      fun: 0.22408766419069975
 hess_inv: array([[ 8.48138145e+00,  1.45679932e+00, -2.73613268e+00,
         7.88034558e-01,  7.23582856e-01, -1.68321657e+00,
        -3.05368708e+00,  4.55333162e-01, -3.82367234e+00,
        -1.99712460e+00, -3.25421017e-01, -2.62132848e-01,
        -2.03685611e+00, -5.21323345e-01, -1.14279365e-02,
         8.17521773e-02, -9.47253950e-01,  2.85063619e-01],
       [ 1.45679932e+00,  4.74211063e+00, -1.65114647e+00,
        -6.01725289e-01,  1.25490396e+00, -6.85814659e-01,
        -5.15064748e+00,  4.53488621e+00, -1.39975051e-01,
        -1.30643489e-01, -1.55777444e+00, -1.57642378e+00,
        -5.89829380e-01, -7.87079818e-01,  4.02470656e-01,
         3.35122637e-01, -1.41348823e-01,  5.71246318e-02],
       [-2.73613268e+00, -1.65114647e+00,  1.22103889e+01,
         1.42179034e+00, -6.65387485e-01,  3.50694745e+00,
         1.63884730e+01, -5.05895796e+00,  7.15664176e+00,
         1.21564267e+00,  4.19669234e+00, -3.06050385e+00,
         8.76468914e-01, -4.96270478e-02, -1.30212333e+00,
        -4.05613593e-01,  7.09120706e-01,  1.28485641e-01],
       [ 7.88034558e-01, -6.01725289e-01,  1.42179034e+00,
         4.98884679e-01, -1.05332749e-01,  3.38545706e-01,
         3.20269192e+00, -1.04191683e+00,  1.72167189e-01,
        -1.64224953e-01,  5.92441649e-01, -1.78973017e-01,
        -6.55482331e-02,  8.90167874e-02, -1.82903560e-01,
        -7.12738511e-02,  6.13772673e-03,  5.95043390e-02],
       [ 7.23582856e-01,  1.25490396e+00, -6.65387485e-01,
        -1.05332749e-01,  4.04232042e-01, -2.46382734e-01,
        -1.26934426e+00,  1.58287264e+00, -3.56767159e-01,
        -2.00909982e-01, -4.97032023e-01, -3.02339651e-01,
        -2.18611783e-01, -1.67852095e-01,  1.43293808e-01,
         7.98148786e-02, -6.92230014e-02,  2.88026803e-02],
       [-1.68321657e+00, -6.85814659e-01,  3.50694745e+00,
         3.38545706e-01, -2.46382734e-01,  1.20309915e+00,
         5.17895568e+00, -1.16364184e+00,  2.45727371e+00,
         3.83314855e-01,  9.98913694e-01, -6.87364908e-01,
         5.20588243e-01,  1.04718573e-01, -2.74026277e-01,
        -1.09491209e-01,  2.88050838e-01,  3.16996336e-03],
       [-3.05368708e+00, -5.15064748e+00,  1.63884730e+01,
         3.20269192e+00, -1.26934426e+00,  5.17895568e+00,
         3.24725221e+01, -8.09729384e+00,  7.36490674e+00,
         1.21246397e+00,  5.07367854e+00, -2.24406805e+00,
         1.43983166e+00,  1.06897780e+00, -1.44017089e+00,
        -7.51833910e-01,  1.07033922e+00,  3.04850224e-01],
       [ 4.55333162e-01,  4.53488621e+00, -5.05895796e+00,
        -1.04191683e+00,  1.58287264e+00, -1.16364184e+00,
        -8.09729384e+00,  9.87220985e+00, -1.96585078e+00,
        -9.88659798e-01, -2.84261776e+00, -2.56221359e-01,
        -1.28525239e-01, -4.90204649e-01,  1.09121497e+00,
         4.61861211e-01, -1.91544957e-01, -5.92138900e-02],
       [-3.82367234e+00, -1.39975051e-01,  7.15664176e+00,
         1.72167189e-01, -3.56767159e-01,  2.45727371e+00,
         7.36490674e+00, -1.96585078e+00,  8.02491011e+00,
         9.10216166e-01,  2.15963359e+00, -1.98446737e+00,
         9.35813010e-01, -3.00469729e-01, -7.23428325e-01,
        -1.68490039e-01,  4.71929778e-01, -1.20374135e-01],
       [-1.99712460e+00, -1.30643489e-01,  1.21564267e+00,
        -1.64224953e-01, -2.00909982e-01,  3.83314855e-01,
         1.21246397e+00, -9.88659798e-01,  9.10216166e-01,
         1.53390673e+00,  1.84726167e-01, -1.71923529e-01,
         2.23719220e-01,  9.81421467e-02, -6.70486896e-02,
        -3.25778548e-02,  3.04123163e-01,  1.15667357e-01],
       [-3.25421017e-01, -1.55777444e+00,  4.19669234e+00,
         5.92441649e-01, -4.97032023e-01,  9.98913694e-01,
         5.07367854e+00, -2.84261776e+00,  2.15963359e+00,
         1.84726167e-01,  2.46793802e+00, -8.29443042e-01,
         1.75806978e-01, -9.94945950e-02, -7.51907544e-01,
        -2.28538685e-01,  1.37019439e-01, -5.65562187e-02],
       [-2.62132848e-01, -1.57642378e+00, -3.06050385e+00,
        -1.78973017e-01, -3.02339651e-01, -6.87364908e-01,
        -2.24406805e+00, -2.56221359e-01, -1.98446737e+00,
        -1.71923529e-01, -8.29443042e-01,  2.01178796e+00,
         8.41234048e-02,  5.11558235e-01,  2.40755751e-01,
        -5.75010606e-02, -5.63153733e-02, -5.20122014e-02],
       [-2.03685611e+00, -5.89829380e-01,  8.76468914e-01,
        -6.55482331e-02, -2.18611783e-01,  5.20588243e-01,
         1.43983166e+00, -1.28525239e-01,  9.35813010e-01,
         2.23719220e-01,  1.75806978e-01,  8.41234048e-02,
         6.33771175e-01,  1.76211266e-01, -6.83133371e-03,
         2.36549678e-04,  2.50052513e-01, -1.07712779e-01],
       [-5.21323345e-01, -7.87079818e-01, -4.96270478e-02,
         8.90167874e-02, -1.67852095e-01,  1.04718573e-01,
         1.06897780e+00, -4.90204649e-01, -3.00469729e-01,
         9.81421467e-02, -9.94945950e-02,  5.11558235e-01,
         1.76211266e-01,  2.81050067e-01,  4.02238906e-02,
        -4.97734684e-02,  9.29760289e-02,  1.22360510e-02],
       [-1.14279365e-02,  4.02470656e-01, -1.30212333e+00,
        -1.82903560e-01,  1.43293808e-01, -2.74026277e-01,
        -1.44017089e+00,  1.09121497e+00, -7.23428325e-01,
        -6.70486896e-02, -7.51907544e-01,  2.40755751e-01,
        -6.83133371e-03,  4.02238906e-02,  2.84465364e-01,
         8.11551065e-02, -3.78374878e-02,  2.79518197e-02],
       [ 8.17521773e-02,  3.35122637e-01, -4.05613593e-01,
        -7.12738511e-02,  7.98148786e-02, -1.09491209e-01,
        -7.51833910e-01,  4.61861211e-01, -1.68490039e-01,
        -3.25778548e-02, -2.28538685e-01, -5.75010606e-02,
         2.36549678e-04, -4.97734684e-02,  8.11551065e-02,
         6.86005811e-02, -1.34050514e-02, -2.97305280e-03],
       [-9.47253950e-01, -1.41348823e-01,  7.09120706e-01,
         6.13772673e-03, -6.92230014e-02,  2.88050838e-01,
         1.07033922e+00, -1.91544957e-01,  4.71929778e-01,
         3.04123163e-01,  1.37019439e-01, -5.63153733e-02,
         2.50052513e-01,  9.29760289e-02, -3.78374878e-02,
        -1.34050514e-02,  1.70002580e-01, -1.30301716e-02],
       [ 2.85063619e-01,  5.71246318e-02,  1.28485641e-01,
         5.95043390e-02,  2.88026803e-02,  3.16996336e-03,
         3.04850224e-01, -5.92138900e-02, -1.20374135e-01,
         1.15667357e-01, -5.65562187e-02, -5.20122014e-02,
        -1.07712779e-01,  1.22360510e-02,  2.79518197e-02,
        -2.97305280e-03, -1.30301716e-02,  8.26304159e-02]])
      jac: array([ 9.63118474e-07, -1.29881291e-05,  1.23031215e-06, -6.58639809e-05,
        3.84851410e-05, -6.37800923e-05,  1.25867835e-05, -2.82255700e-06,
        1.46453220e-05,  1.37149551e-06, -5.47895063e-07, -1.08072810e-05,
       -1.29350234e-05,  4.18256170e-05,  1.02889919e-05,  7.50592181e-05,
        6.16821409e-06,  8.21194964e-06])
  message: 'Desired error not necessarily achieved due to precision loss.'
     nfev: 2158
      nit: 73
     njev: 113
   status: 2
  success: False
        x: array([-0.32726936, -0.37966846,  0.30250448, -1.10419002, -0.58791364,
       -0.03227558, -1.37878862, -0.89719667, -0.9396443 ,  0.14102317,
        0.55655584,  0.9877736 ,  0.01979824,  0.22236487, -0.28302156,
        1.31142567, -0.29436172,  0.03955588])
