Program Begingeth
      fun: 0.23031773157945118
 hess_inv: array([[ 2.56244148e+00, -4.35156316e-01, -4.87026852e-01,
         2.27262272e-01, -1.03868918e-01,  6.18984185e-01,
        -2.34524270e+00,  1.18090371e+00, -4.13473178e-01,
        -8.30012716e-01, -5.89922507e-01,  8.71239399e-01,
        -4.79969128e-01,  1.97074264e-01,  3.36367016e-01,
         2.73540098e-02,  9.61368919e-02, -4.33595054e-01],
       [-4.35156316e-01,  2.66279338e+00,  1.46776227e+00,
         1.19092925e-02,  4.51900599e-01, -1.50457205e-02,
        -2.71117759e+00, -7.37690732e-01,  4.90063794e+00,
         3.40254675e-01,  3.54376119e-01, -2.94237622e+00,
         2.51703035e-01, -6.92021334e-01, -3.31144120e-01,
        -7.42468933e-02, -1.24236592e-02, -4.19099590e-02],
       [-4.87026852e-01,  1.46776227e+00,  2.80855595e+00,
        -3.75480419e-01,  9.28292613e-02,  5.04929579e-03,
        -1.87889883e+00, -5.19591793e+00,  4.20321431e+00,
         2.16273400e-01,  2.21085690e+00, -3.02855889e+00,
         1.00029745e-01, -7.46184265e-01, -8.04448708e-01,
         2.64669694e-01, -1.32330909e-01, -4.72662095e-02],
       [ 2.27262272e-01,  1.19092925e-02, -3.75480419e-01,
         1.41976083e-01,  2.31675290e-03,  3.35090096e-02,
         4.30837597e-01,  1.13724692e+00, -1.57531306e-01,
        -1.14757927e-01, -4.27555612e-01,  1.87675927e-01,
         7.82309789e-03,  4.16684599e-02,  1.64167000e-01,
        -4.66211541e-02,  3.74444417e-02,  9.81459308e-03],
       [-1.03868918e-01,  4.51900599e-01,  9.28292613e-02,
         2.31675290e-03,  3.67270988e-01,  6.95700060e-02,
        -3.66251895e+00,  6.84857653e-01,  3.05377898e-01,
         4.42023142e-01, -1.29836522e-01, -2.55586531e-01,
         1.85621112e-01,  4.41292309e-02,  3.20812386e-02,
        -1.51722830e-02, -1.59441775e-01, -4.66649804e-02],
       [ 6.18984185e-01, -1.50457205e-02,  5.04929579e-03,
         3.35090096e-02,  6.95700060e-02,  2.55263160e-01,
        -1.87948237e+00,  3.95092223e-01,  2.84416413e-01,
         4.88798925e-02, -1.57253717e-01,  1.11904893e-01,
        -1.18462701e-01,  5.05993025e-02,  1.19660518e-01,
        -1.46035522e-02, -4.52111375e-02, -1.19334143e-01],
       [-2.34524270e+00, -2.71117759e+00, -1.87889883e+00,
         4.30837597e-01, -3.66251895e+00, -1.87948237e+00,
         5.74962056e+01, -5.32858862e-01, -4.86046577e+00,
        -4.48563547e+00, -5.84917133e-01,  1.62502375e+00,
        -1.54148142e+00, -2.65809593e-01, -2.31001820e-02,
        -5.54294785e-02,  2.89109437e+00,  1.51962162e+00],
       [ 1.18090371e+00, -7.37690732e-01, -5.19591793e+00,
         1.13724692e+00,  6.84857653e-01,  3.95092223e-01,
        -5.32858862e-01,  1.83162960e+01, -6.31215418e+00,
         2.03618107e-01, -5.29017691e+00,  3.73681406e+00,
        -1.02112861e-02,  1.20309153e+00,  2.23775679e+00,
        -8.89986289e-01,  4.18514509e-01,  1.40300150e-01],
       [-4.13473178e-01,  4.90063794e+00,  4.20321431e+00,
        -1.57531306e-01,  3.05377898e-01,  2.84416413e-01,
        -4.86046577e+00, -6.31215418e+00,  1.69124460e+01,
         4.65955440e-01,  2.74476919e+00, -6.42368666e+00,
         2.60157686e-01, -2.16307325e+00, -1.24794865e+00,
         2.04967512e-02, -3.57597974e-01, -9.92524706e-02],
       [-8.30012716e-01,  3.40254675e-01,  2.16273400e-01,
        -1.14757927e-01,  4.42023142e-01,  4.88798925e-02,
        -4.48563547e+00,  2.03618107e-01,  4.65955440e-01,
         1.48159346e+00,  1.58630690e-01, -3.17181147e-01,
         1.81559639e-01, -1.34724111e-03, -4.01858592e-02,
        -3.99760178e-02, -3.50562390e-01, -5.34047800e-02],
       [-5.89922507e-01,  3.54376119e-01,  2.21085690e+00,
        -4.27555612e-01, -1.29836522e-01, -1.57253717e-01,
        -5.84917133e-01, -5.29017691e+00,  2.74476919e+00,
         1.58630690e-01,  2.75363542e+00, -1.91970155e+00,
         6.35007826e-02, -6.62218956e-01, -8.90557395e-01,
         3.30170676e-01, -1.93578370e-01, -8.78097259e-02],
       [ 8.71239399e-01, -2.94237622e+00, -3.02855889e+00,
         1.87675927e-01, -2.55586531e-01,  1.11904893e-01,
         1.62502375e+00,  3.73681406e+00, -6.42368666e+00,
        -3.17181147e-01, -1.91970155e+00,  4.75448545e+00,
        -2.73419994e-01,  1.19980403e+00,  7.47120006e-01,
        -7.67435173e-02,  8.89515767e-02,  3.40238570e-03],
       [-4.79969128e-01,  2.51703035e-01,  1.00029745e-01,
         7.82309789e-03,  1.85621112e-01, -1.18462701e-01,
        -1.54148142e+00, -1.02112861e-02,  2.60157686e-01,
         1.81559639e-01,  6.35007826e-02, -2.73419994e-01,
         2.90735308e-01, -3.40818039e-02, -5.21694736e-02,
         2.71361542e-02, -1.39626813e-01,  8.89488871e-02],
       [ 1.97074264e-01, -6.92021334e-01, -7.46184265e-01,
         4.16684599e-02,  4.41292309e-02,  5.05993025e-02,
        -2.65809593e-01,  1.20309153e+00, -2.16307325e+00,
        -1.34724111e-03, -6.62218956e-01,  1.19980403e+00,
        -3.40818039e-02,  4.17950138e-01,  2.46349024e-01,
        -1.53495457e-02,  3.14112675e-02,  1.21950221e-02],
       [ 3.36367016e-01, -3.31144120e-01, -8.04448708e-01,
         1.64167000e-01,  3.20812386e-02,  1.19660518e-01,
        -2.31001820e-02,  2.23775679e+00, -1.24794865e+00,
        -4.01858592e-02, -8.90557395e-01,  7.47120006e-01,
        -5.21694736e-02,  2.46349024e-01,  3.87496678e-01,
        -1.18203266e-01,  4.61882388e-02,  2.50495779e-02],
       [ 2.73540098e-02, -7.42468933e-02,  2.64669694e-01,
        -4.66211541e-02, -1.51722830e-02, -1.46035522e-02,
        -5.54294785e-02, -8.89986289e-01,  2.04967512e-02,
        -3.99760178e-02,  3.30170676e-01, -7.67435173e-02,
         2.71361542e-02, -1.53495457e-02, -1.18203266e-01,
         1.02971684e-01, -2.62433951e-02, -1.30636273e-02],
       [ 9.61368919e-02, -1.24236592e-02, -1.32330909e-01,
         3.74444417e-02, -1.59441775e-01, -4.52111375e-02,
         2.89109437e+00,  4.18514509e-01, -3.57597974e-01,
        -3.50562390e-01, -1.93578370e-01,  8.89515767e-02,
        -1.39626813e-01,  3.14112675e-02,  4.61882388e-02,
        -2.62433951e-02,  2.38656640e-01,  4.43832052e-02],
       [-4.33595054e-01, -4.19099590e-02, -4.72662095e-02,
         9.81459308e-03, -4.66649804e-02, -1.19334143e-01,
         1.51962162e+00,  1.40300150e-01, -9.92524706e-02,
        -5.34047800e-02, -8.78097259e-02,  3.40238570e-03,
         8.89488871e-02,  1.21950221e-02,  2.50495779e-02,
        -1.30636273e-02,  4.43832052e-02,  1.65892906e-01]])
      jac: array([-2.18891572e-05,  4.61036764e-05, -1.10966791e-06,  4.53849921e-05,
       -2.62317945e-05,  1.05121837e-04,  1.19422990e-06,  7.19461528e-06,
       -1.35323234e-05, -2.75224288e-05,  1.26202752e-05,  9.76182098e-06,
       -3.57486263e-05,  4.56225798e-05, -7.97508356e-05,  1.57855210e-06,
       -8.31747634e-05,  5.52743037e-05])
  message: 'Desired error not necessarily achieved due to precision loss.'
     nfev: 1949
      nit: 56
     njev: 102
   status: 2
  success: False
        x: array([ 0.17796459, -0.24550882,  0.750258  ,  0.9910046 , -0.40592262,
        0.03772229,  0.19510815, -1.22590022, -0.44804964,  0.07328744,
        0.77731838,  0.82668369,  0.12397873,  0.17121536, -0.40225652,
       -1.02898705, -0.59432759,  0.03116717])
