Program Begingeth
      fun: 0.2869122945390828
 hess_inv: array([[ 4.61003588e+00, -4.80131581e-01, -1.43458383e-01,
         6.65908110e-01, -4.42931293e-01,  9.58960139e-01,
        -1.66639765e+00,  6.99405415e-01,  7.08312252e-01,
        -1.10318958e+00, -4.55788176e-01,  4.11272994e-01,
        -7.50305345e-01,  4.31528775e-02,  3.56435181e-01,
         2.20185631e-01,  3.19836868e-01, -7.14263713e-01],
       [-4.80131581e-01,  2.79245753e+00,  7.83444395e-01,
         1.04038076e-01,  6.88566161e-01, -5.19617569e-02,
        -1.57540628e+00, -4.65676436e-02,  2.85217186e+00,
         2.15777973e-01, -7.36616618e-02, -1.61711076e+00,
         2.52417948e-01, -3.75036464e-01, -1.99393398e-01,
        -1.51161591e-01,  1.15225477e-01,  1.59575556e-02],
       [-1.43458383e-01,  7.83444395e-01,  1.90762314e+00,
        -2.33269963e-01,  2.22844971e-01,  2.26393187e-01,
        -1.11339687e+00, -1.90690947e+00,  9.41973628e-01,
         4.52316922e-02,  9.64640843e-01, -1.09597887e+00,
         4.02075728e-02, -1.82680439e-01, -3.22830953e-01,
         2.04533556e-01,  4.82460531e-03,  9.05899689e-02],
       [ 6.65908110e-01,  1.04038076e-01, -2.33269963e-01,
         2.07868905e-01, -3.02306030e-02,  9.95152039e-02,
        -1.50283506e-02,  4.87462693e-01,  3.88509581e-01,
        -1.76506762e-01, -2.57767168e-01,  3.35932643e-03,
        -3.56070139e-02, -2.25214110e-02,  1.14603001e-01,
        -2.57809400e-03,  3.64294398e-02, -7.41007250e-02],
       [-4.42931293e-01,  6.88566161e-01,  2.22844971e-01,
        -3.02306030e-02,  4.28669609e-01, -1.79204132e-02,
        -2.32649641e+00,  6.01522727e-02,  3.87727380e-01,
         3.99020444e-01,  3.31066304e-02, -3.35086440e-01,
         2.17713574e-01, -1.29609105e-02, -6.93054992e-02,
        -8.95711135e-03, -1.95070213e-01, -9.70532503e-03],
       [ 9.58960139e-01, -5.19617569e-02,  2.26393187e-01,
         9.95152039e-02, -1.79204132e-02,  3.42273608e-01,
        -1.26927285e+00, -1.51157294e-02,  4.49380697e-01,
        -3.09468841e-02, -6.75854243e-02,  3.86843691e-03,
        -1.83364037e-01,  1.82547441e-02,  1.03092008e-01,
         3.41991627e-02, -2.45364814e-03, -1.53500780e-01],
       [-1.66639765e+00, -1.57540628e+00, -1.11339687e+00,
        -1.50283506e-02, -2.32649641e+00, -1.26927285e+00,
         2.77947182e+01,  1.15137532e+00, -1.82481283e+00,
        -2.49552818e+00, -3.96254262e-01,  7.22156193e-01,
        -7.00974266e-01, -2.02075941e-02,  1.73583640e-02,
        -6.06653356e-02,  2.25913612e+00,  1.17905004e+00],
       [ 6.99405415e-01, -4.65676436e-02, -1.90690947e+00,
         4.87462693e-01,  6.01522727e-02, -1.51157294e-02,
         1.15137532e+00,  5.54662015e+00, -5.91706921e-01,
        -1.97976736e-01, -1.42742579e+00,  6.75942192e-01,
        -1.12984099e-01,  2.58689802e-01,  6.48992884e-01,
        -3.77903208e-01,  3.36215107e-01, -2.27999019e-02],
       [ 7.08312252e-01,  2.85217186e+00,  9.41973628e-01,
         3.88509581e-01,  3.87727380e-01,  4.49380697e-01,
        -1.82481283e+00, -5.91706921e-01,  6.99836482e+00,
        -3.05947009e-02, -1.75226082e-01, -1.76266573e+00,
         4.83724978e-02, -6.93355805e-01,  1.31315250e-02,
        -2.36274641e-01,  4.05226006e-02,  6.30610400e-02],
       [-1.10318958e+00,  2.15777973e-01,  4.52316922e-02,
        -1.76506762e-01,  3.99020444e-01, -3.09468841e-02,
        -2.49552818e+00, -1.97976736e-01, -3.05947009e-02,
         1.11844556e+00,  8.66604267e-02, -4.85857494e-02,
         1.58434379e-01,  3.20271027e-02, -6.03770848e-02,
        -7.09441732e-02, -3.74678292e-01, -3.44009486e-02],
       [-4.55788176e-01, -7.36616618e-02,  9.64640843e-01,
        -2.57767168e-01,  3.31066304e-02, -6.75854243e-02,
        -3.96254262e-01, -1.42742579e+00, -1.75226082e-01,
         8.66604267e-02,  1.16152705e+00, -4.42063515e-01,
         7.38966768e-02, -1.70067351e-01, -3.52431148e-01,
         1.85463760e-01, -1.05172268e-01,  5.65114874e-03],
       [ 4.11272994e-01, -1.61711076e+00, -1.09597887e+00,
         3.35932643e-03, -3.35086440e-01,  3.86843691e-03,
         7.22156193e-01,  6.75942192e-01, -1.76266573e+00,
        -4.85857494e-02, -4.42063515e-01,  1.52687296e+00,
        -1.75388948e-01,  3.72804655e-01,  1.84104931e-01,
         4.13108874e-02, -2.26096099e-02, -8.00526450e-02],
       [-7.50305345e-01,  2.52417948e-01,  4.02075728e-02,
        -3.56070139e-02,  2.17713574e-01, -1.83364037e-01,
        -7.00974266e-01, -1.12984099e-01,  4.83724978e-02,
         1.58434379e-01,  7.38966768e-02, -1.75388948e-01,
         3.02995731e-01, -2.83294914e-02, -6.62741719e-02,
         1.90577942e-02, -1.82138310e-01,  1.35462230e-01],
       [ 4.31528775e-02, -3.75036464e-01, -1.82680439e-01,
        -2.25214110e-02, -1.29609105e-02,  1.82547441e-02,
        -2.02075941e-02,  2.58689802e-01, -6.93355805e-01,
         3.20271027e-02, -1.70067351e-01,  3.72804655e-01,
        -2.83294914e-02,  1.70180999e-01,  5.83885407e-02,
         2.38018013e-02,  9.60945907e-03,  5.00155268e-04],
       [ 3.56435181e-01, -1.99393398e-01, -3.22830953e-01,
         1.14603001e-01, -6.93054992e-02,  1.03092008e-01,
         1.73583640e-02,  6.48992884e-01,  1.31315250e-02,
        -6.03770848e-02, -3.52431148e-01,  1.84104931e-01,
        -6.62741719e-02,  5.83885407e-02,  1.91631904e-01,
        -6.12569722e-02,  1.46473506e-02, -4.52939742e-03],
       [ 2.20185631e-01, -1.51161591e-01,  2.04533556e-01,
        -2.57809400e-03, -8.95711135e-03,  3.41991627e-02,
        -6.06653356e-02, -3.77903208e-01, -2.36274641e-01,
        -7.09441732e-02,  1.85463760e-01,  4.13108874e-02,
         1.90577942e-02,  2.38018013e-02, -6.12569722e-02,
         1.33989085e-01, -1.99790558e-02, -2.31636566e-02],
       [ 3.19836868e-01,  1.15225477e-01,  4.82460531e-03,
         3.64294398e-02, -1.95070213e-01, -2.45364814e-03,
         2.25913612e+00,  3.36215107e-01,  4.05226006e-02,
        -3.74678292e-01, -1.05172268e-01, -2.26096099e-02,
        -1.82138310e-01,  9.60945907e-03,  1.46473506e-02,
        -1.99790558e-02,  3.50978643e-01,  2.29610927e-02],
       [-7.14263713e-01,  1.59575556e-02,  9.05899689e-02,
        -7.41007250e-02, -9.70532503e-03, -1.53500780e-01,
         1.17905004e+00, -2.27999019e-02,  6.30610400e-02,
        -3.44009486e-02,  5.65114874e-03, -8.00526450e-02,
         1.35462230e-01,  5.00155268e-04, -4.52939742e-03,
        -2.31636566e-02,  2.29610927e-02,  2.40108536e-01]])
      jac: array([ 4.84686365e-06, -9.00760947e-07,  4.54155232e-06, -8.78778532e-06,
       -7.96696043e-06, -1.53580852e-05, -9.32587341e-08,  1.01326355e-06,
        1.93289829e-06,  4.83095045e-06,  5.81386791e-07,  1.81225405e-06,
        1.08165329e-05,  3.20965476e-06,  1.49306493e-05,  8.47470242e-07,
        9.26000018e-06, -7.26603962e-06])
  message: 'Desired error not necessarily achieved due to precision loss.'
     nfev: 2138
      nit: 60
     njev: 112
   status: 2
  success: False
        x: array([ 0.22376676, -0.60943315,  0.62090997,  0.89966016, -0.69982491,
        0.03829764,  0.11393135, -1.74176783, -0.54785123,  0.06479607,
        0.65320654,  1.0763837 ,  0.0997286 ,  0.0535879 , -0.4130357 ,
       -0.91482486, -0.86575536,  0.00781213])
