Program Begingeth
      fun: 0.2720224251808523
 hess_inv: array([[ 5.81098952e+00,  1.87019304e+00,  1.18876052e+00,
         1.44384398e+00,  7.32042351e-01, -9.04930731e-01,
         3.03414110e+00, -3.32745981e+00, -1.27174798e+00,
        -9.26205361e-01,  1.44946159e+00, -1.57702478e+00,
        -1.14173705e+00, -6.09394245e-01, -7.05163663e-01,
        -2.10368431e-01, -6.50441487e-01,  3.45407917e-01],
       [ 1.87019304e+00,  3.66460602e+00,  2.85072292e+00,
         7.14550691e-01,  1.21081999e+00,  4.98120999e-01,
         7.67677238e+00, -1.88634870e+00,  5.52607338e+00,
        -2.05588914e-01,  1.11066427e+00, -2.39611751e+00,
        -6.23709852e-01, -6.65103901e-01, -5.82808938e-01,
        -1.06044133e-01, -3.14674020e-01, -7.25469332e-02],
       [ 1.18876052e+00,  2.85072292e+00,  5.49381579e+00,
         1.19762407e+00,  9.04849874e-01,  1.50773506e+00,
         1.28680643e+01, -6.05195175e+00,  8.08294089e+00,
        -4.93495062e-01,  2.55778403e+00, -2.54844155e+00,
        -3.37732034e-01, -6.86167351e-01, -1.02446959e+00,
        -3.70417973e-01, -3.50915018e-01, -3.65206397e-01],
       [ 1.44384398e+00,  7.14550691e-01,  1.19762407e+00,
         5.97542176e-01,  2.84751576e-01,  9.07279642e-02,
         3.51506039e+00, -1.89597233e+00,  9.16885395e-01,
        -3.76140339e-01,  7.80772208e-01, -6.21173258e-01,
        -2.49564927e-01, -2.00451079e-01, -3.52318222e-01,
        -1.15656608e-01, -2.00438606e-01, -3.21458166e-02],
       [ 7.32042351e-01,  1.21081999e+00,  9.04849874e-01,
         2.84751576e-01,  5.31768599e-01,  1.76967974e-01,
         3.56065419e+00,  3.97777477e-02,  1.48945380e+00,
        -2.12207459e-01,  2.84919735e-01, -6.88497375e-01,
        -2.72861069e-01, -1.49035270e-01, -1.54568606e-01,
        -7.63094496e-02, -1.48786179e-01, -1.07356610e-02],
       [-9.04930731e-01,  4.98120999e-01,  1.50773506e+00,
         9.07279642e-02,  1.76967974e-01,  7.77601763e-01,
         4.15890300e+00, -8.32134977e-01,  3.21018140e+00,
        -1.10565951e-01,  3.92930838e-01, -4.17738142e-01,
         1.68608672e-01, -6.17258336e-02, -1.18095617e-01,
        -5.45169983e-02, -1.58493376e-03, -1.94044013e-01],
       [ 3.03414110e+00,  7.67677238e+00,  1.28680643e+01,
         3.51506039e+00,  3.56065419e+00,  4.15890300e+00,
         4.83310452e+01, -9.12140570e+00,  2.03325462e+01,
        -2.74065081e+00,  5.21192321e+00, -5.32157462e+00,
        -1.24605773e+00, -1.30569432e+00, -2.26550302e+00,
        -1.09533539e+00, -1.58207809e+00, -1.21997150e+00],
       [-3.32745981e+00, -1.88634870e+00, -6.05195175e+00,
        -1.89597233e+00,  3.97777477e-02, -8.32134977e-01,
        -9.12140570e+00,  1.54997963e+01, -6.74169414e+00,
         4.10262629e-01, -4.03858765e+00,  2.45218115e+00,
         4.56341186e-01,  1.00230571e+00,  1.90603255e+00,
         5.97125022e-01,  4.84702361e-01,  4.32926559e-01],
       [-1.27174798e+00,  5.52607338e+00,  8.08294089e+00,
         9.16885395e-01,  1.48945380e+00,  3.21018140e+00,
         2.03325462e+01, -6.74169414e+00,  2.11370768e+01,
        -4.18957417e-01,  3.18250536e+00, -4.02980172e+00,
        -1.01610985e-02, -1.38917293e+00, -1.28410623e+00,
        -2.17499001e-01, -4.51783225e-01, -8.02966735e-01],
       [-9.26205361e-01, -2.05588914e-01, -4.93495062e-01,
        -3.76140339e-01, -2.12207459e-01, -1.10565951e-01,
        -2.74065081e+00,  4.10262629e-01, -4.18957417e-01,
         9.82991740e-01, -4.33069768e-01,  1.93738948e-01,
         4.20737118e-02,  1.03819726e-01,  1.74046948e-01,
         7.96419400e-02,  2.22356985e-01,  1.33968452e-01],
       [ 1.44946159e+00,  1.11066427e+00,  2.55778403e+00,
         7.80772208e-01,  2.84919735e-01,  3.92930838e-01,
         5.21192321e+00, -4.03858765e+00,  3.18250536e+00,
        -4.33069768e-01,  2.07538113e+00, -1.28279055e+00,
        -2.61018038e-01, -5.46118714e-01, -7.70452071e-01,
        -2.44254809e-01, -2.61107962e-01, -2.39403467e-01],
       [-1.57702478e+00, -2.39611751e+00, -2.54844155e+00,
        -6.21173258e-01, -6.88497375e-01, -4.17738142e-01,
        -5.32157462e+00,  2.45218115e+00, -4.02980172e+00,
         1.93738948e-01, -1.28279055e+00,  2.15621759e+00,
         4.09685770e-01,  6.24418699e-01,  4.95205834e-01,
         6.93632556e-02,  2.77313743e-01,  7.84374487e-02],
       [-1.14173705e+00, -6.23709852e-01, -3.37732034e-01,
        -2.49564927e-01, -2.72861069e-01,  1.68608672e-01,
        -1.24605773e+00,  4.56341186e-01, -1.01610985e-02,
         4.20737118e-02, -2.61018038e-01,  4.09685770e-01,
         3.75608081e-01,  1.37395591e-01,  1.39551278e-01,
         1.03309206e-01,  1.71463183e-01, -1.07963611e-01],
       [-6.09394245e-01, -6.65103901e-01, -6.86167351e-01,
        -2.00451079e-01, -1.49035270e-01, -6.17258336e-02,
        -1.30569432e+00,  1.00230571e+00, -1.38917293e+00,
         1.03819726e-01, -5.46118714e-01,  6.24418699e-01,
         1.37395591e-01,  2.74501106e-01,  2.08880751e-01,
         2.34791760e-02,  1.30781026e-01,  4.19397771e-02],
       [-7.05163663e-01, -5.82808938e-01, -1.02446959e+00,
        -3.52318222e-01, -1.54568606e-01, -1.18095617e-01,
        -2.26550302e+00,  1.90603255e+00, -1.28410623e+00,
         1.74046948e-01, -7.70452071e-01,  4.95205834e-01,
         1.39551278e-01,  2.08880751e-01,  3.59692371e-01,
         1.12366014e-01,  1.11396292e-01,  1.05146194e-01],
       [-2.10368431e-01, -1.06044133e-01, -3.70417973e-01,
        -1.15656608e-01, -7.63094496e-02, -5.45169983e-02,
        -1.09533539e+00,  5.97125022e-01, -2.17499001e-01,
         7.96419400e-02, -2.44254809e-01,  6.93632556e-02,
         1.03309206e-01,  2.34791760e-02,  1.12366014e-01,
         1.06816403e-01,  5.74776738e-02,  1.94643976e-02],
       [-6.50441487e-01, -3.14674020e-01, -3.50915018e-01,
        -2.00438606e-01, -1.48786179e-01, -1.58493376e-03,
        -1.58207809e+00,  4.84702361e-01, -4.51783225e-01,
         2.22356985e-01, -2.61107962e-01,  2.77313743e-01,
         1.71463183e-01,  1.30781026e-01,  1.11396292e-01,
         5.74776738e-02,  1.73778237e-01, -1.32809553e-03],
       [ 3.45407917e-01, -7.25469332e-02, -3.65206397e-01,
        -3.21458166e-02, -1.07356610e-02, -1.94044013e-01,
        -1.21997150e+00,  4.32926559e-01, -8.02966735e-01,
         1.33968452e-01, -2.39403467e-01,  7.84374487e-02,
        -1.07963611e-01,  4.19397771e-02,  1.05146194e-01,
         1.94643976e-02, -1.32809553e-03,  1.54271175e-01]])
      jac: array([-3.32067707e-06, -9.69594775e-08,  2.80109269e-06,  4.46827760e-06,
       -4.83798187e-06, -1.01737137e-05,  4.98490138e-07,  9.14823772e-07,
        2.44989214e-07, -2.07648713e-06, -1.15870276e-06, -1.64572060e-06,
        1.08394775e-06,  1.19089923e-06, -5.55925676e-06, -2.75557355e-06,
        2.19009995e-06,  9.27295278e-06])
  message: 'Desired error not necessarily achieved due to precision loss.'
     nfev: 1988
      nit: 65
     njev: 104
   status: 2
  success: False
        x: array([-0.42141948, -0.61561965,  0.59027255, -0.96545996, -0.7665933 ,
        0.08088835, -0.57838671, -1.42194348, -0.57528009,  0.12700634,
        0.65449382,  1.05284688,  0.06297202,  0.15308654, -0.3532536 ,
        1.2060732 , -0.47214726,  0.00550839])
