Program Begingeth
      fun: 0.20720108740608545
 hess_inv: array([[ 9.91417429e-01,  2.19535472e-01, -1.71516584e-02,
        -2.16566910e-01, -8.96748137e-02,  9.30604217e-01,
        -3.20825451e+00, -9.69219084e-01,  2.00552312e+00,
         7.67090202e-01, -3.36753631e-01,  2.61603663e+00,
        -5.56407941e-01,  1.07533600e-02, -2.84047083e-02,
         2.89144014e-02,  7.16294399e-02, -3.39787156e-01],
       [ 2.19535472e-01,  9.15603443e-01, -1.55875988e-01,
        -4.10440096e-01, -4.98442671e-02,  8.12308271e-01,
        -3.28505843e+00, -2.57306306e+00,  2.43013008e+00,
        -2.65951627e-01,  1.26920135e-01,  3.74100762e+00,
        -1.40872364e-01, -2.00618448e-01, -2.82559924e-01,
         1.04538892e-01,  1.13532241e-01, -2.26163986e-01],
       [-1.71516584e-02, -1.55875988e-01,  4.82370455e-01,
        -1.25704125e-01, -1.62798917e-01, -1.99999128e-01,
         4.82536132e-02, -8.44518914e-02, -1.05540124e+00,
        -3.51627520e-01, -1.10768926e+00, -9.32693807e-01,
         4.02543370e-04,  1.78964970e-01, -7.20182825e-02,
         6.12851139e-02,  3.77697417e-02,  6.68645867e-02],
       [-2.16566910e-01, -4.10440096e-01, -1.25704125e-01,
         5.36417153e-01,  4.78417643e-02, -6.24508689e-01,
         3.71540662e+00,  2.05501167e+00, -1.17430890e+00,
         7.38472217e-01,  2.84230637e-01, -2.58635542e+00,
         1.31411582e-01, -5.47898693e-02,  1.65862385e-01,
        -1.01506190e-01, -9.81417460e-02,  1.13330213e-01],
       [-8.96748137e-02, -4.98442671e-02, -1.62798917e-01,
         4.78417643e-02,  4.30732303e-01, -3.17085925e-01,
         8.93113512e-01,  1.62939224e+00, -3.87019230e-01,
        -9.56051832e-01,  1.34382203e+00, -9.01567228e-01,
         2.51386133e-01, -2.98876914e-02,  4.11865344e-02,
         2.08963695e-02, -9.68945113e-02,  8.76640971e-02],
       [ 9.30604217e-01,  8.12308271e-01, -1.99999128e-01,
        -6.24508689e-01, -3.17085925e-01,  2.73378016e+00,
        -1.01674670e+01, -5.38424419e+00,  6.65618468e+00,
         2.61898773e+00, -1.22428076e-01,  9.07848597e+00,
        -8.41186465e-01,  5.16550930e-03, -2.01228659e-02,
         7.34034135e-02,  3.70679678e-01, -4.93662167e-01],
       [-3.20825451e+00, -3.28505843e+00,  4.82536132e-02,
         3.71540662e+00,  8.93113512e-01, -1.01674670e+01,
         4.56303027e+01,  2.19651071e+01, -2.29332219e+01,
        -5.65263711e+00,  9.17157220e-01, -3.48836385e+01,
         2.71965307e+00, -4.58288335e-01,  4.15160459e-01,
        -6.20848729e-01, -1.42109388e+00,  1.73962641e+00],
       [-9.69219084e-01, -2.57306306e+00, -8.44518914e-02,
         2.05501167e+00,  1.62939224e+00, -5.38424419e+00,
         2.19651071e+01,  2.00377408e+01, -1.33826069e+01,
        -3.16761474e+00,  2.79782434e+00, -2.06114407e+01,
         1.37617636e+00,  6.03901024e-02,  8.87669044e-01,
        -3.87329684e-01, -9.01893396e-01,  1.01672235e+00],
       [ 2.00552312e+00,  2.43013008e+00, -1.05540124e+00,
        -1.17430890e+00, -3.87019230e-01,  6.65618468e+00,
        -2.29332219e+01, -1.33826069e+01,  1.98911085e+01,
         6.14231699e+00,  2.21862508e+00,  2.26792331e+01,
        -1.67946994e+00, -4.76392836e-01, -2.34684332e-01,
         1.60683144e-01,  6.98849120e-01, -1.26803174e+00],
       [ 7.67090202e-01, -2.65951627e-01, -3.51627520e-01,
         7.38472217e-01, -9.56051832e-01,  2.61898773e+00,
        -5.65263711e+00, -3.16761474e+00,  6.14231699e+00,
         8.72580936e+00, -1.43953128e+00,  6.32274077e+00,
        -1.34956003e+00,  6.78113639e-02,  5.66089927e-01,
        -2.99937150e-01,  5.24716373e-01, -5.05777934e-01],
       [-3.36753631e-01,  1.26920135e-01, -1.10768926e+00,
         2.84230637e-01,  1.34382203e+00, -1.22428076e-01,
         9.17157220e-01,  2.79782434e+00,  2.21862508e+00,
        -1.43953128e+00,  5.67975588e+00,  4.30453583e-01,
         6.65119762e-01, -3.33514571e-01,  1.81453491e-01,
        -2.16077933e-02, -2.35032483e-01,  1.25339193e-01],
       [ 2.61603663e+00,  3.74100762e+00, -9.32693807e-01,
        -2.58635542e+00, -9.01567228e-01,  9.07848597e+00,
        -3.48836385e+01, -2.06114407e+01,  2.26792331e+01,
         6.32274077e+00,  4.30453583e-01,  3.25386399e+01,
        -2.38257051e+00, -2.58651693e-01, -5.20115989e-01,
         4.14948464e-01,  1.23644363e+00, -1.63875985e+00],
       [-5.56407941e-01, -1.40872364e-01,  4.02543370e-04,
         1.31411582e-01,  2.51386133e-01, -8.41186465e-01,
         2.71965307e+00,  1.37617636e+00, -1.67946994e+00,
        -1.34956003e+00,  6.65119762e-01, -2.38257051e+00,
         5.04666292e-01, -3.44560141e-02, -1.97893113e-02,
         4.31462339e-02, -1.42502578e-01,  2.42193858e-01],
       [ 1.07533600e-02, -2.00618448e-01,  1.78964970e-01,
        -5.47898693e-02, -2.98876914e-02,  5.16550930e-03,
        -4.58288335e-01,  6.03901024e-02, -4.76392836e-01,
         6.78113639e-02, -3.33514571e-01, -2.58651693e-01,
        -3.44560141e-02,  1.59146527e-01,  4.89397990e-02,
         1.12504612e-02,  5.06145837e-02,  4.05880150e-02],
       [-2.84047083e-02, -2.82559924e-01, -7.20182825e-02,
         1.65862385e-01,  4.11865344e-02, -2.01228659e-02,
         4.15160459e-01,  8.87669044e-01, -2.34684332e-01,
         5.66089927e-01,  1.81453491e-01, -5.20115989e-01,
        -1.97893113e-02,  4.89397990e-02,  1.87310608e-01,
        -5.94191375e-02, -1.21313576e-02,  6.52405286e-02],
       [ 2.89144014e-02,  1.04538892e-01,  6.12851139e-02,
        -1.01506190e-01,  2.08963695e-02,  7.34034135e-02,
        -6.20848729e-01, -3.87329684e-01,  1.60683144e-01,
        -2.99937150e-01, -2.16077933e-02,  4.14948464e-01,
         4.31462339e-02,  1.12504612e-02, -5.94191375e-02,
         6.91632519e-02,  4.88995811e-03, -6.20236431e-03],
       [ 7.16294399e-02,  1.13532241e-01,  3.77697417e-02,
        -9.81417460e-02, -9.68945113e-02,  3.70679678e-01,
        -1.42109388e+00, -9.01893396e-01,  6.98849120e-01,
         5.24716373e-01, -2.35032483e-01,  1.23644363e+00,
        -1.42502578e-01,  5.06145837e-02, -1.21313576e-02,
         4.88995811e-03,  1.14098633e-01, -6.03716733e-02],
       [-3.39787156e-01, -2.26163986e-01,  6.68645867e-02,
         1.13330213e-01,  8.76640971e-02, -4.93662167e-01,
         1.73962641e+00,  1.01672235e+00, -1.26803174e+00,
        -5.05777934e-01,  1.25339193e-01, -1.63875985e+00,
         2.42193858e-01,  4.05880150e-02,  6.52405286e-02,
        -6.20236431e-03, -6.03716733e-02,  1.88381692e-01]])
      jac: array([-3.81861209e-06,  1.56726484e-07,  9.55346913e-07,  1.73241051e-05,
       -1.38104343e-05,  7.09543535e-06, -4.36872760e-07,  2.03263332e-06,
       -1.25806772e-06, -3.69167659e-06,  2.09980181e-06,  1.87128091e-06,
       -2.95319325e-06,  1.02691929e-05, -1.45461421e-05, -5.32722015e-06,
       -5.33869245e-06,  1.54857608e-06])
  message: 'Desired error not necessarily achieved due to precision loss.'
     nfev: 1798
      nit: 67
     njev: 94
   status: 2
  success: False
        x: array([ 0.07123737,  0.38030047,  0.77044898,  1.2025918 , -0.68513784,
        0.03540933,  1.20687744, -1.104658  , -0.92419036,  0.83046421,
       -0.91199046,  0.47284599,  0.08630617,  0.22863074, -0.29550226,
       -1.17758286, -0.13344033,  0.04197479])
