Program Begingeth
      fun: 0.2797657654643675
 hess_inv: array([[ 5.01869923e+00,  3.42922791e-01,  9.46875490e-01,
         2.44366456e+00,  1.66503701e-01, -2.64278418e-01,
         6.18564529e+00,  1.57264256e+00, -4.43427773e+00,
         5.94858343e-01,  5.52870000e-01, -6.75362674e-01,
        -1.39185607e-01, -3.28470203e-01, -1.36991075e-01,
         9.63649257e-02, -1.67253050e-01,  9.85988734e-02],
       [ 3.42922791e-01,  1.74819351e+00, -1.35904718e-02,
         2.22067577e-01,  8.52266370e-01, -1.29964664e-01,
         9.25054977e-01,  6.51676664e-01,  1.17970993e+00,
         5.92942953e-01,  4.21943749e-01, -3.63837912e-02,
        -1.80395835e-01,  1.80511040e-02, -1.79731233e-01,
        -9.65582737e-02,  5.90519572e-02,  2.49487832e-02],
       [ 9.46875490e-01, -1.35904718e-02,  1.72401126e+00,
         5.65721895e-01, -2.62256374e-02,  6.70313890e-01,
         2.20541849e+00, -1.50867504e+00, -1.26638778e+00,
         2.24957191e-01, -4.39388054e-02,  2.14336069e-01,
        -4.26852609e-02,  1.20861851e-01,  6.20270316e-02,
        -2.44015207e-02,  3.87960311e-02,  1.08671568e-01],
       [ 2.44366456e+00,  2.22067577e-01,  5.65721895e-01,
         1.21392583e+00,  1.10742242e-01, -8.45788724e-02,
         3.27991840e+00,  6.60186833e-01, -2.06596456e+00,
         2.98055294e-01,  3.12654385e-01, -2.97578726e-01,
        -6.79405539e-02, -1.49612358e-01, -7.78299951e-02,
         4.27895503e-02, -7.25406075e-02,  5.08473626e-02],
       [ 1.66503701e-01,  8.52266370e-01, -2.62256374e-02,
         1.10742242e-01,  4.62553323e-01, -9.66268756e-02,
         1.07559723e+00,  8.32749610e-01,  6.71153371e-01,
         2.76356449e-01,  2.77433098e-01, -7.76711777e-02,
        -1.40001499e-01, -1.44121761e-02, -9.59245323e-02,
        -6.80494607e-02,  3.49923795e-03,  2.55160953e-02],
       [-2.64278418e-01, -1.29964664e-01,  6.70313890e-01,
        -8.45788724e-02, -9.66268756e-02,  3.91888612e-01,
        -3.90981818e-01, -1.22126110e+00,  5.54451809e-02,
        -7.26445512e-02, -1.79816542e-01,  2.26515927e-01,
         6.93773980e-02,  1.30219044e-01,  6.73513640e-02,
        -1.15551849e-03,  6.79942993e-02,  1.82128843e-02],
       [ 6.18564529e+00,  9.25054977e-01,  2.20541849e+00,
         3.27991840e+00,  1.07559723e+00, -3.90981818e-01,
         2.17952769e+01,  7.49262547e+00, -4.41518841e+00,
         1.05498651e+00,  2.08645223e+00, -1.38710891e+00,
        -1.22214239e+00, -8.31508390e-01, -3.25256320e-01,
        -2.79293397e-01, -7.63724004e-01,  5.20177792e-01],
       [ 1.57264256e+00,  6.51676664e-01, -1.50867504e+00,
         6.60186833e-01,  8.32749610e-01, -1.22126110e+00,
         7.49262547e+00,  9.69426447e+00,  6.67972952e-01,
         2.99665626e-01,  1.10282661e+00, -1.77975278e+00,
        -6.17089719e-01, -6.32857174e-01, -1.50388697e-01,
        -6.14178249e-02, -3.98809939e-01,  1.16598786e-01],
       [-4.43427773e+00,  1.17970993e+00, -1.26638778e+00,
        -2.06596456e+00,  6.71153371e-01,  5.54451809e-02,
        -4.41518841e+00,  6.67972952e-01,  8.68044879e+00,
        -4.58640370e-01,  8.76094178e-01,  2.53383441e-02,
         6.74438809e-02,  1.17047559e-01, -1.51895566e-01,
        -1.72224881e-01,  2.51279906e-01, -1.89620015e-01],
       [ 5.94858343e-01,  5.92942953e-01,  2.24957191e-01,
         2.98055294e-01,  2.76356449e-01, -7.26445512e-02,
         1.05498651e+00,  2.99665626e-01, -4.58640370e-01,
         1.14059084e+00,  9.75860522e-02, -2.17255881e-02,
        -3.08109665e-01, -5.56771176e-03,  2.93212337e-02,
        -5.16112661e-02,  1.22860925e-02,  2.23745108e-01],
       [ 5.52870000e-01,  4.21943749e-01, -4.39388054e-02,
         3.12654385e-01,  2.77433098e-01, -1.79816542e-01,
         2.08645223e+00,  1.10282661e+00,  8.76094178e-01,
         9.75860522e-02,  9.42180789e-01, -2.99568701e-01,
        -1.28490990e-01, -2.17110782e-01, -1.91506169e-01,
        -6.51314153e-02, -4.84148731e-02, -5.56503220e-02],
       [-6.75362674e-01, -3.63837912e-02,  2.14336069e-01,
        -2.97578726e-01, -7.76711777e-02,  2.26515927e-01,
        -1.38710891e+00, -1.77975278e+00,  2.53383441e-02,
        -2.17255881e-02, -2.99568701e-01,  6.50248377e-01,
         4.76750540e-02,  1.92139977e-01, -9.48800805e-04,
        -5.22320088e-02,  9.63012329e-02,  1.21527669e-02],
       [-1.39185607e-01, -1.80395835e-01, -4.26852609e-02,
        -6.79405539e-02, -1.40001499e-01,  6.93773980e-02,
        -1.22214239e+00, -6.17089719e-01,  6.74438809e-02,
        -3.08109665e-01, -1.28490990e-01,  4.76750540e-02,
         1.91998275e-01,  4.49262295e-02,  9.57965485e-03,
         7.21715643e-02,  5.33253554e-02, -8.63403414e-02],
       [-3.28470203e-01,  1.80511040e-02,  1.20861851e-01,
        -1.49612358e-01, -1.44121761e-02,  1.30219044e-01,
        -8.31508390e-01, -6.32857174e-01,  1.17047559e-01,
        -5.56771176e-03, -2.17110782e-01,  1.92139977e-01,
         4.49262295e-02,  1.21071714e-01,  3.45568367e-02,
        -1.17189622e-03,  7.25477655e-02,  9.58752473e-03],
       [-1.36991075e-01, -1.79731233e-01,  6.20270316e-02,
        -7.78299951e-02, -9.59245323e-02,  6.73513640e-02,
        -3.25256320e-01, -1.50388697e-01, -1.51895566e-01,
         2.93212337e-02, -1.91506169e-01, -9.48800805e-04,
         9.57965485e-03,  3.45568367e-02,  8.84717337e-02,
         2.01792226e-02,  2.48300719e-03,  5.08966110e-02],
       [ 9.63649257e-02, -9.65582737e-02, -2.44015207e-02,
         4.27895503e-02, -6.80494607e-02, -1.15551849e-03,
        -2.79293397e-01, -6.14178249e-02, -1.72224881e-01,
        -5.16112661e-02, -6.51314153e-02, -5.22320088e-02,
         7.21715643e-02, -1.17189622e-03,  2.01792226e-02,
         5.81872656e-02,  9.26442921e-03, -1.66952391e-02],
       [-1.67253050e-01,  5.90519572e-02,  3.87960311e-02,
        -7.25406075e-02,  3.49923795e-03,  6.79942993e-02,
        -7.63724004e-01, -3.98809939e-01,  2.51279906e-01,
         1.22860925e-02, -4.84148731e-02,  9.63012329e-02,
         5.33253554e-02,  7.25477655e-02,  2.48300719e-03,
         9.26442921e-03,  7.97628445e-02, -1.38728365e-02],
       [ 9.85988734e-02,  2.49487832e-02,  1.08671568e-01,
         5.08473626e-02,  2.55160953e-02,  1.82128843e-02,
         5.20177792e-01,  1.16598786e-01, -1.89620015e-01,
         2.23745108e-01, -5.56503220e-02,  1.21527669e-02,
        -8.63403414e-02,  9.58752473e-03,  5.08966110e-02,
        -1.66952391e-02, -1.38728365e-02,  9.62399626e-02]])
      jac: array([ 2.70931425e-06, -1.89219011e-06,  1.85407245e-07, -5.93007125e-06,
        4.96639766e-06, -5.29206308e-08,  2.99020068e-07, -2.26485497e-07,
        1.79486056e-07, -4.75175455e-07, -1.49065945e-06,  5.25505565e-07,
        1.61611465e-06, -6.02036939e-06, -3.11232521e-07,  1.09430983e-06,
        6.60249633e-06,  1.82927747e-06])
  message: 'Optimization terminated successfully.'
     nfev: 1501
      nit: 70
     njev: 79
   status: 0
  success: True
        x: array([-1.74853629, -1.05428427,  0.60220162, -1.55928394, -1.10819468,
        0.32292581, -0.4909412 , -1.40632447,  1.05063836,  0.06239733,
        0.50092016,  1.16094997,  0.12567552,  0.22921167, -0.24536222,
        1.40600453, -0.14695837,  0.01596015])
