Program Begingeth
      fun: 0.29674294617671854
 hess_inv: array([[ 3.43995315e+00,  5.15871490e-02, -1.16459624e+00,
         1.32450037e+00,  1.43660112e-01, -1.30166466e+00,
         3.74920374e-01, -3.49013472e-01, -6.12591439e+00,
        -1.31825722e-01,  7.49625586e-01,  1.30237455e-01,
        -3.23382241e-01, -1.84742258e-01, -3.81217520e-01,
        -2.84024560e-01, -2.33532763e-01,  5.36456341e-02],
       [ 5.15871490e-02,  4.38152531e+00,  1.30688841e+00,
         6.57681326e-03,  1.96352066e+00,  4.76983124e-01,
         2.88726783e+00,  1.64495613e+00,  5.29159640e+00,
         6.37258761e-01,  5.73462133e-01, -9.87796381e-01,
        -4.35159354e-01, -2.78835192e-01, -1.48262106e-01,
        -1.12944389e-01, -2.26931408e-01,  8.52493267e-02],
       [-1.16459624e+00,  1.30688841e+00,  2.21659008e+00,
        -2.19688605e-01,  4.69033143e-01,  1.30339908e+00,
         2.22051877e+00, -9.45330071e-01,  5.63022627e+00,
         9.23712375e-02,  2.58872996e-01, -3.87495699e-01,
         1.21260214e-01, -1.39755599e-02,  1.22050090e-02,
         3.08196540e-02,  7.99657123e-02, -8.17087601e-02],
       [ 1.32450037e+00,  6.57681326e-03, -2.19688605e-01,
         5.82144937e-01,  4.05033981e-02, -3.82094734e-01,
         6.16252757e-01, -4.20910954e-01, -2.04622279e+00,
        -8.24575497e-02,  3.50372328e-01,  8.02636954e-02,
        -7.87525171e-02, -5.44989700e-02, -1.77757946e-01,
        -1.08300597e-01, -6.14721134e-02, -1.57845268e-02],
       [ 1.43660112e-01,  1.96352066e+00,  4.69033143e-01,
         4.05033981e-02,  9.60200006e-01,  1.44373023e-01,
         1.54281306e+00,  1.28679345e+00,  1.93802437e+00,
         2.23983267e-01,  2.17559821e-01, -3.61658725e-01,
        -2.39457836e-01, -9.38140671e-02, -6.94801115e-02,
        -8.93092724e-02, -1.28520856e-01,  4.56558865e-02],
       [-1.30166466e+00,  4.76983124e-01,  1.30339908e+00,
        -3.82094734e-01,  1.44373023e-01,  9.56053243e-01,
         1.03574197e+00, -2.98798276e-01,  4.17310897e+00,
        -1.38845124e-02, -1.30900192e-01, -1.54887049e-01,
         1.68591337e-01,  5.84070695e-02,  1.23239584e-01,
         9.94401528e-02,  9.08798806e-02, -4.39401635e-02],
       [ 3.74920374e-01,  2.88726783e+00,  2.22051877e+00,
         6.16252757e-01,  1.54281306e+00,  1.03574197e+00,
         7.96701894e+00,  1.13712380e+00,  4.88874627e+00,
        -3.10773543e-02,  6.37268044e-01, -2.22406234e-01,
        -2.63010137e-01, -1.08303462e-01, -2.83304545e-01,
        -2.50153394e-01, -3.11721604e-01, -1.53902779e-01],
       [-3.49013472e-01,  1.64495613e+00, -9.45330071e-01,
        -4.20910954e-01,  1.28679345e+00, -2.98798276e-01,
         1.13712380e+00,  6.83094412e+00,  9.83929494e-02,
        -7.11247009e-02, -6.10186304e-01, -1.26266053e-01,
        -3.60065517e-01,  1.03143628e-01,  2.54088558e-01,
        -2.80006231e-02, -2.30142609e-01,  1.82926671e-01],
       [-6.12591439e+00,  5.29159640e+00,  5.63022627e+00,
        -2.04622279e+00,  1.93802437e+00,  4.17310897e+00,
         4.88874627e+00,  9.83929494e-02,  2.34706714e+01,
         6.81706740e-01, -2.13969951e-01, -1.46548333e+00,
         4.04138759e-01, -1.28762272e-01,  4.99454679e-01,
         5.10051510e-01,  1.68122122e-01, -3.99872881e-02],
       [-1.31825722e-01,  6.37258761e-01,  9.23712375e-02,
        -8.24575497e-02,  2.23983267e-01, -1.38845124e-02,
        -3.10773543e-02, -7.11247009e-02,  6.81706740e-01,
         6.91357667e-01,  1.34339366e-02, -1.72003314e-01,
        -1.82884985e-01, -3.04824817e-02,  6.95497593e-02,
        -7.36258633e-03,  1.74399546e-02,  1.79513648e-01],
       [ 7.49625586e-01,  5.73462133e-01,  2.58872996e-01,
         3.50372328e-01,  2.17559821e-01, -1.30900192e-01,
         6.37268044e-01, -6.10186304e-01, -2.13969951e-01,
         1.34339366e-02,  8.09649758e-01, -2.06946794e-01,
        -8.43353965e-02, -2.06587258e-01, -2.51996088e-01,
        -1.02134476e-01, -6.62872235e-02, -1.08681503e-01],
       [ 1.30237455e-01, -9.87796381e-01, -3.87495699e-01,
         8.02636954e-02, -3.61658725e-01, -1.54887049e-01,
        -2.22406234e-01, -1.26266053e-01, -1.46548333e+00,
        -1.72003314e-01, -2.06946794e-01,  5.67499728e-01,
         3.72491518e-02,  1.50109016e-01, -1.84536537e-02,
        -5.79667611e-02,  6.39341398e-02, -1.65225463e-03],
       [-3.23382241e-01, -4.35159354e-01,  1.21260214e-01,
        -7.87525171e-02, -2.39457836e-01,  1.68591337e-01,
        -2.63010137e-01, -3.60065517e-01,  4.04138759e-01,
        -1.82884985e-01, -8.43353965e-02,  3.72491518e-02,
         1.86491597e-01,  4.58617603e-02,  2.88260242e-02,
         9.99324526e-02,  8.21659508e-02, -7.16325801e-02],
       [-1.84742258e-01, -2.78835192e-01, -1.39755599e-02,
        -5.44989700e-02, -9.38140671e-02,  5.84070695e-02,
        -1.08303462e-01,  1.03143628e-01, -1.28762272e-01,
        -3.04824817e-02, -2.06587258e-01,  1.50109016e-01,
         4.58617603e-02,  1.20095962e-01,  4.82094560e-02,
         1.30969063e-02,  8.11350907e-02,  1.44262223e-02],
       [-3.81217520e-01, -1.48262106e-01,  1.22050090e-02,
        -1.77757946e-01, -6.94801115e-02,  1.23239584e-01,
        -2.83304545e-01,  2.54088558e-01,  4.99454679e-01,
         6.95497593e-02, -2.51996088e-01, -1.84536537e-02,
         2.88260242e-02,  4.82094560e-02,  1.45198402e-01,
         6.03909339e-02,  2.30918177e-02,  8.03021061e-02],
       [-2.84024560e-01, -1.12944389e-01,  3.08196540e-02,
        -1.08300597e-01, -8.93092724e-02,  9.94401528e-02,
        -2.50153394e-01, -2.80006231e-02,  5.10051510e-01,
        -7.36258633e-03, -1.02134476e-01, -5.79667611e-02,
         9.99324526e-02,  1.30969063e-02,  6.03909339e-02,
         1.01423393e-01,  4.10910743e-02, -4.62726309e-03],
       [-2.33532763e-01, -2.26931408e-01,  7.99657123e-02,
        -6.14721134e-02, -1.28520856e-01,  9.08798806e-02,
        -3.11721604e-01, -2.30142609e-01,  1.68122122e-01,
         1.74399546e-02, -6.62872235e-02,  6.39341398e-02,
         8.21659508e-02,  8.11350907e-02,  2.30918177e-02,
         4.10910743e-02,  1.18959026e-01, -9.98316037e-03],
       [ 5.36456341e-02,  8.52493267e-02, -8.17087601e-02,
        -1.57845268e-02,  4.56558865e-02, -4.39401635e-02,
        -1.53902779e-01,  1.82926671e-01, -3.99872881e-02,
         1.79513648e-01, -1.08681503e-01, -1.65225463e-03,
        -7.16325801e-02,  1.44262223e-02,  8.03021061e-02,
        -4.62726309e-03, -9.98316037e-03,  1.22416891e-01]])
      jac: array([-4.99452331e-06,  3.10773629e-05, -4.68543722e-05,  2.56794586e-06,
       -4.85026834e-05,  1.01534707e-04, -4.09154192e-06,  4.68921198e-06,
       -2.32295664e-06,  1.45298588e-05,  3.28529796e-05, -5.05077461e-06,
        4.69727960e-05,  5.61732142e-05, -5.94794584e-05, -5.26623190e-05,
       -5.66624525e-05,  4.96417722e-05])
  message: 'Desired error not necessarily achieved due to precision loss.'
     nfev: 1816
      nit: 57
     njev: 95
   status: 2
  success: False
        x: array([-0.78897885, -1.33362996,  0.67576178, -0.9411402 , -1.36189022,
        0.22008909, -0.46405099, -2.17371146, -0.32229322,  0.01644369,
        0.57334032,  1.20481281,  0.12749263,  0.11160535, -0.33992719,
        1.16005355, -0.34481394, -0.04782773])
