Program Begingeth
      fun: 0.2577235685472465
 hess_inv: array([[ 3.78287001e+00, -4.66508546e-01, -6.62396748e-01,
         3.91765901e-01, -6.55405340e-02,  8.66328094e-01,
        -4.24644431e+00,  2.28066226e+00,  3.40771862e-01,
        -9.50709022e-01, -8.46860022e-01,  1.02402975e+00,
        -6.87498637e-01,  2.49646924e-01,  4.85195769e-01,
        -2.23109252e-04,  1.22794153e-01, -5.52387276e-01],
       [-4.66508546e-01,  2.91818143e+00,  1.42021008e+00,
         2.12297246e-02,  4.84327461e-01, -1.14408987e-03,
        -2.62993284e+00, -9.57137141e-01,  5.24947608e+00,
         1.80763749e-01,  1.97185345e-01, -2.79883802e+00,
         2.97376491e-01, -7.12525006e-01, -3.23853920e-01,
        -7.97289698e-02, -1.57908046e-03,  1.76902305e-04],
       [-6.62396748e-01,  1.42021008e+00,  2.82069462e+00,
        -3.91737822e-01,  9.60913968e-02,  1.68155397e-02,
        -1.04968383e+00, -4.66479684e+00,  3.32408670e+00,
         2.15927793e-02,  2.01323598e+00, -2.66560555e+00,
         1.17135562e-01, -6.41034813e-01, -7.55363109e-01,
         2.25619546e-01, -2.79011332e-02,  3.99073281e-02],
       [ 3.91765901e-01,  2.12297246e-02, -3.91737822e-01,
         1.61615550e-01, -6.30228971e-04,  6.18511250e-02,
         2.48462865e-01,  1.06870046e+00,  8.02371155e-02,
        -1.27642289e-01, -4.23492425e-01,  1.73669716e-01,
        -1.81959013e-02,  3.31799988e-02,  1.67587550e-01,
        -3.39713686e-02,  2.84195900e-02, -1.60743102e-02],
       [-6.55405340e-02,  4.84327461e-01,  9.60913968e-02,
        -6.30228971e-04,  3.25790561e-01,  6.25969798e-02,
        -3.43462443e+00,  5.00829542e-01,  6.72171423e-01,
         3.62003576e-01, -1.05655257e-01, -2.34055372e-01,
         1.79274922e-01,  1.80347558e-03,  4.55473500e-03,
        -3.77289362e-04, -1.49705988e-01, -3.36030619e-02],
       [ 8.66328094e-01, -1.14408987e-03,  1.68155397e-02,
         6.18511250e-02,  6.25969798e-02,  3.01010306e-01,
        -2.07550743e+00,  5.14387180e-01,  5.74041012e-01,
         6.97018948e-03, -1.82375553e-01,  1.14821924e-01,
        -1.68645854e-01,  4.68313208e-02,  1.33644859e-01,
        -1.26476547e-02, -2.87508014e-02, -1.27714316e-01],
       [-4.24644431e+00, -2.62993284e+00, -1.04968383e+00,
         2.48462865e-01, -3.43462443e+00, -2.07550743e+00,
         5.84098822e+01, -2.73634402e+00, -7.09017840e+00,
        -3.36891203e+00,  2.29144226e-01,  2.51207509e-01,
        -1.27745135e+00, -3.00596348e-01, -1.99680914e-01,
        -9.50298229e-02,  2.60449659e+00,  1.40321047e+00],
       [ 2.28066226e+00, -9.57137141e-01, -4.66479684e+00,
         1.06870046e+00,  5.00829542e-01,  5.14387180e-01,
        -2.73634402e+00,  1.46858337e+01, -3.16077100e+00,
         3.16312624e-01, -4.08648661e+00,  3.18641194e+00,
        -2.07144849e-01,  8.83082219e-01,  1.83636639e+00,
        -5.94665626e-01,  1.16896952e-01, -1.46377882e-01],
       [ 3.40771862e-01,  5.24947608e+00,  3.32408670e+00,
         8.02371155e-02,  6.72171423e-01,  5.74041012e-01,
        -7.09017840e+00, -3.16077100e+00,  1.59473929e+01,
         3.07755835e-01,  1.45764677e+00, -5.36183753e+00,
         2.75277972e-01, -1.81155789e+00, -7.64032854e-01,
        -1.10879252e-01, -2.70325604e-01, -8.84858150e-02],
       [-9.50709022e-01,  1.80763749e-01,  2.15927793e-02,
        -1.27642289e-01,  3.62003576e-01,  6.97018948e-03,
        -3.36891203e+00,  3.16312624e-01,  3.07755835e-01,
         1.42818705e+00,  5.09865684e-02, -4.86232311e-02,
         1.56667972e-01,  2.52455917e-02, -1.82694157e-02,
        -3.65514454e-02, -3.10974617e-01, -6.19214245e-03],
       [-8.46860022e-01,  1.97185345e-01,  2.01323598e+00,
        -4.23492425e-01, -1.05655257e-01, -1.82375553e-01,
         2.29144226e-01, -4.08648661e+00,  1.45764677e+00,
         5.09865684e-02,  2.50235917e+00, -1.46841141e+00,
         9.24422654e-02, -5.18026143e-01, -7.96167162e-01,
         2.56800329e-01, -8.34540992e-02, -1.88143537e-02],
       [ 1.02402975e+00, -2.79883802e+00, -2.66560555e+00,
         1.73669716e-01, -2.34055372e-01,  1.14821924e-01,
         2.51207509e-01,  3.18641194e+00, -5.36183753e+00,
        -4.86232311e-02, -1.46841141e+00,  3.98825423e+00,
        -2.86418329e-01,  1.02625527e+00,  6.31191627e-01,
        -3.50601023e-02, -1.13707334e-02, -9.07082578e-02],
       [-6.87498637e-01,  2.97376491e-01,  1.17135562e-01,
        -1.81959013e-02,  1.79274922e-01, -1.68645854e-01,
        -1.27745135e+00, -2.07144849e-01,  2.75277972e-01,
         1.56667972e-01,  9.24422654e-02, -2.86418329e-01,
         3.48836411e-01, -5.42524023e-02, -8.41678260e-02,
         4.14305497e-02, -1.43382998e-01,  1.18702913e-01],
       [ 2.49646924e-01, -7.12525006e-01, -6.41034813e-01,
         3.31799988e-02,  1.80347558e-03,  4.68313208e-02,
        -3.00596348e-01,  8.83082219e-01, -1.81155789e+00,
         2.52455917e-02, -5.18026143e-01,  1.02625527e+00,
        -5.42524023e-02,  3.57928617e-01,  2.01874480e-01,
         3.65568257e-03,  1.02621944e-02, -5.32644186e-03],
       [ 4.85195769e-01, -3.23853920e-01, -7.55363109e-01,
         1.67587550e-01,  4.55473500e-03,  1.33644859e-01,
        -1.99680914e-01,  1.83636639e+00, -7.64032854e-01,
        -1.82694157e-02, -7.96167162e-01,  6.31191627e-01,
        -8.41678260e-02,  2.01874480e-01,  3.53306219e-01,
        -9.05090049e-02,  1.62754470e-02, -3.40253012e-03],
       [-2.23109252e-04, -7.97289698e-02,  2.25619546e-01,
        -3.39713686e-02, -3.77289362e-04, -1.26476547e-02,
        -9.50298229e-02, -5.94665626e-01, -1.10879252e-01,
        -3.65514454e-02,  2.56800329e-01, -3.50601023e-02,
         4.14305497e-02,  3.65568257e-03, -9.05090049e-02,
         8.60601373e-02, -1.76563290e-02, -8.54902595e-04],
       [ 1.22794153e-01, -1.57908046e-03, -2.79011332e-02,
         2.84195900e-02, -1.49705988e-01, -2.87508014e-02,
         2.60449659e+00,  1.16896952e-01, -2.70325604e-01,
        -3.10974617e-01, -8.34540992e-02, -1.13707334e-02,
        -1.43382998e-01,  1.02621944e-02,  1.62754470e-02,
        -1.76563290e-02,  2.07943687e-01,  1.86711176e-02],
       [-5.52387276e-01,  1.76902305e-04,  3.99073281e-02,
        -1.60743102e-02, -3.36030619e-02, -1.27714316e-01,
         1.40321047e+00, -1.46377882e-01, -8.84858150e-02,
        -6.19214245e-03, -1.88143537e-02, -9.07082578e-02,
         1.18702913e-01, -5.32644186e-03, -3.40253012e-03,
        -8.54902595e-04,  1.86711176e-02,  1.59883385e-01]])
      jac: array([ 2.36547818e-05, -2.79361719e-05,  3.56962608e-05,  1.74686191e-05,
        2.04025685e-05, -8.43388322e-05, -5.41048687e-07,  1.82594680e-06,
        4.37760939e-06,  1.20440694e-05, -9.96869254e-06,  4.25474471e-06,
        4.03691895e-05, -6.66614911e-06,  1.01474384e-05, -1.08183462e-04,
        4.96414021e-05, -4.05823523e-06])
  message: 'Desired error not necessarily achieved due to precision loss.'
     nfev: 2120
      nit: 67
     njev: 111
   status: 2
  success: False
        x: array([ 0.22452484, -0.3112362 ,  0.70074709,  1.0513709 , -0.46254306,
        0.04645875,  0.2288488 , -1.29441603, -0.41465488,  0.06098909,
        0.72639108,  0.86296029,  0.12123057,  0.14485534, -0.3843659 ,
       -1.08977679, -0.6446952 ,  0.02983032])
