Program Begingeth
      fun: 0.32834631804595116
 hess_inv: array([[ 1.76322264e+01,  5.27828436e+00,  4.57557071e+00,
         5.13793461e+00,  3.22447787e+00,  1.08869840e+00,
         1.01441901e+01, -1.38366566e+00, -4.15445576e+00,
        -1.00630155e+00,  2.93588504e-01, -3.40851410e-01,
        -2.82165933e+00, -3.96367442e-01, -1.04671438e-01,
        -1.58208507e-01, -2.01020782e+00,  5.00014233e-01],
       [ 5.27828436e+00,  4.12864777e+00,  9.79113859e-01,
         1.20754504e+00,  2.01131308e+00,  3.83510687e-01,
         1.91653228e+00,  1.69268567e+00, -2.07887861e-01,
        -5.36616576e-01, -1.55713262e-01, -7.44028683e-01,
        -9.93204236e-01, -2.04221356e-01,  2.99648771e-01,
         2.68499197e-02, -5.65753583e-01,  2.01628015e-01],
       [ 4.57557071e+00,  9.79113859e-01,  4.36752756e+00,
         1.78089541e+00,  3.72136675e-01,  1.40493208e+00,
         6.40401060e+00, -2.77060870e+00, -9.81465490e-02,
        -1.49766456e-01,  6.27340647e-01, -1.58655411e-01,
        -5.20897167e-01, -3.11960909e-01, -1.46826239e-01,
         1.84447236e-02, -4.45070312e-01,  3.25615372e-01],
       [ 5.13793461e+00,  1.20754504e+00,  1.78089541e+00,
         1.67029515e+00,  7.66679221e-01,  4.65229656e-01,
         3.98115857e+00, -8.67636437e-01, -1.30175309e+00,
        -2.48568255e-01,  1.47165437e-01,  4.42023519e-03,
        -7.16522135e-01, -9.18487973e-02, -7.79255541e-02,
        -2.62649772e-02, -5.26435936e-01,  1.57405297e-01],
       [ 3.22447787e+00,  2.01131308e+00,  3.72136675e-01,
         7.66679221e-01,  1.10523898e+00,  1.30330969e-01,
         1.05876862e+00,  1.16542193e+00, -4.65550832e-01,
        -3.45686018e-01, -1.34354791e-01, -2.54889655e-01,
        -5.98161557e-01, -4.74933951e-02,  1.37703491e-01,
        -2.80221553e-02, -3.62007694e-01,  1.03385256e-01],
       [ 1.08869840e+00,  3.83510687e-01,  1.40493208e+00,
         4.65229656e-01,  1.30330969e-01,  5.48369799e-01,
         1.98060010e+00, -5.71751776e-01,  4.26025001e-01,
        -1.66254157e-01,  8.76540147e-02, -9.21466722e-02,
        -6.45393838e-02, -8.33658910e-02,  2.29376304e-02,
         3.36277394e-02, -9.84463718e-02,  1.00236098e-01],
       [ 1.01441901e+01,  1.91653228e+00,  6.40401060e+00,
         3.98115857e+00,  1.05876862e+00,  1.98060010e+00,
         1.36932109e+01, -3.90214119e+00, -1.96574994e+00,
        -2.18251849e-01,  5.66798820e-01,  7.68077606e-02,
        -1.15699519e+00, -2.31673664e-01, -2.34227000e-01,
        -1.22441266e-02, -8.59594898e-01,  4.72858933e-01],
       [-1.38366566e+00,  1.69268567e+00, -2.77060870e+00,
        -8.67636437e-01,  1.16542193e+00, -5.71751776e-01,
        -3.90214119e+00,  6.68525317e+00,  6.22731832e-01,
        -7.45230466e-01, -7.83176336e-01, -1.83326114e-01,
         1.59055051e-01,  2.71481215e-01,  5.07269662e-01,
         2.74677305e-02,  1.34252675e-01, -1.10124843e-01],
       [-4.15445576e+00, -2.07887861e-01, -9.81465490e-02,
        -1.30175309e+00, -4.65550832e-01,  4.26025001e-01,
        -1.96574994e+00,  6.22731832e-01,  4.04699281e+00,
        -1.95858628e-01, -5.98896309e-02, -2.92422316e-01,
         7.03282725e-01, -1.46951901e-01,  1.66952340e-01,
         1.36655158e-01,  3.65653769e-01, -1.26524990e-01],
       [-1.00630155e+00, -5.36616576e-01, -1.49766456e-01,
        -2.48568255e-01, -3.45686018e-01, -1.66254157e-01,
        -2.18251849e-01, -7.45230466e-01, -1.95858628e-01,
         8.98142265e-01,  1.21802511e-02,  9.61914393e-02,
        -1.61174198e-02,  4.32801913e-02, -1.82817997e-02,
        -6.32253692e-03,  1.61077348e-01,  1.31922850e-01],
       [ 2.93588504e-01, -1.55713262e-01,  6.27340647e-01,
         1.47165437e-01, -1.34354791e-01,  8.76540147e-02,
         5.66798820e-01, -7.83176336e-01, -5.98896309e-02,
         1.21802511e-02,  7.23511617e-01, -2.53815189e-02,
        -2.76600542e-02, -2.10135208e-01, -2.17391375e-01,
        -1.54124867e-02, -5.12593254e-02, -8.11370035e-02],
       [-3.40851410e-01, -7.44028683e-01, -1.58655411e-01,
         4.42023519e-03, -2.54889655e-01, -9.21466722e-02,
         7.68077606e-02, -1.83326114e-01, -2.92422316e-01,
         9.61914393e-02, -2.53815189e-02,  4.53843060e-01,
         7.03687881e-02,  1.31330700e-01, -1.13186900e-01,
        -6.94059531e-02,  8.27652226e-02, -8.96425873e-03],
       [-2.82165933e+00, -9.93204236e-01, -5.20897167e-01,
        -7.16522135e-01, -5.98161557e-01, -6.45393838e-02,
        -1.15699519e+00,  1.59055051e-01,  7.03282725e-01,
        -1.61174198e-02, -2.76600542e-02,  7.03687881e-02,
         6.05744801e-01,  7.15252979e-02,  6.16408898e-03,
         8.40310288e-02,  3.61711716e-01, -1.15781027e-01],
       [-3.96367442e-01, -2.04221356e-01, -3.11960909e-01,
        -9.18487973e-02, -4.74933951e-02, -8.33658910e-02,
        -2.31673664e-01,  2.71481215e-01, -1.46951901e-01,
         4.32801913e-02, -2.10135208e-01,  1.31330700e-01,
         7.15252979e-02,  1.31524355e-01,  3.64926823e-02,
        -1.20941502e-02,  9.23868387e-02,  1.44536979e-02],
       [-1.04671438e-01,  2.99648771e-01, -1.46826239e-01,
        -7.79255541e-02,  1.37703491e-01,  2.29376304e-02,
        -2.34227000e-01,  5.07269662e-01,  1.66952340e-01,
        -1.82817997e-02, -2.17391375e-01, -1.13186900e-01,
         6.16408898e-03,  3.64926823e-02,  1.36260959e-01,
         2.83502599e-02,  1.44765195e-02,  5.34925576e-02],
       [-1.58208507e-01,  2.68499197e-02,  1.84447236e-02,
        -2.62649772e-02, -2.80221553e-02,  3.36277394e-02,
        -1.22441266e-02,  2.74677305e-02,  1.36655158e-01,
        -6.32253692e-03, -1.54124867e-02, -6.94059531e-02,
         8.40310288e-02, -1.20941502e-02,  2.83502599e-02,
         6.24405184e-02,  3.40441852e-02, -4.53868721e-03],
       [-2.01020782e+00, -5.65753583e-01, -4.45070312e-01,
        -5.26435936e-01, -3.62007694e-01, -9.84463718e-02,
        -8.59594898e-01,  1.34252675e-01,  3.65653769e-01,
         1.61077348e-01, -5.12593254e-02,  8.27652226e-02,
         3.61711716e-01,  9.23868387e-02,  1.44765195e-02,
         3.40441852e-02,  3.03870956e-01, -4.09841024e-02],
       [ 5.00014233e-01,  2.01628015e-01,  3.25615372e-01,
         1.57405297e-01,  1.03385256e-01,  1.00236098e-01,
         4.72858933e-01, -1.10124843e-01, -1.26524990e-01,
         1.31922850e-01, -8.11370035e-02, -8.96425873e-03,
        -1.15781027e-01,  1.44536979e-02,  5.34925576e-02,
        -4.53868721e-03, -4.09841024e-02,  1.13057040e-01]])
      jac: array([ 6.52811139e-07,  1.82076576e-07,  8.72635297e-07,  7.77156117e-08,
       -9.83287526e-07, -2.51576537e-06, -7.69754631e-08,  2.84587169e-07,
        3.02720811e-07,  2.96429548e-07, -1.00179124e-06,  7.40148683e-10,
        1.32634644e-06, -2.31629530e-06, -3.06791629e-07, -2.65084251e-06,
        2.10757338e-06, -4.61112630e-07])
  message: 'Optimization terminated successfully.'
     nfev: 1558
      nit: 69
     njev: 82
   status: 0
  success: True
        x: array([-0.57784371, -1.17491447, -0.10814471, -1.12828025, -1.10210639,
       -0.15268576, -1.80857548, -1.34178923, -1.08327843,  0.11410555,
        0.41036073,  1.20660658,  0.0683354 ,  0.07497084, -0.30021694,
        1.26342909, -0.63663508, -0.00214689])
