Program Begingeth
      fun: 0.2546712323161459
 hess_inv: array([[ 3.96341232e+00,  1.98660638e+00,  2.39614701e-01,
         1.40428275e+00,  7.92746936e-01, -8.67819176e-01,
         2.40184153e+00, -1.78030602e+00, -2.68837477e+00,
         1.17980344e-04,  1.00267812e+00, -8.39319512e-01,
        -6.06162010e-01, -3.96227984e-01, -4.73061519e-01,
        -2.55234517e-01, -3.59056799e-01,  1.67457800e-01],
       [ 1.98660638e+00,  3.65096455e+00,  9.51403987e-01,
         6.11181565e-01,  1.52387160e+00, -1.40141867e-01,
         3.15704772e+00,  1.21189131e+00,  2.06212577e+00,
         3.56243502e-01,  5.73668535e-01, -1.36831370e+00,
        -5.89238759e-01, -4.37867003e-01, -2.98530771e-01,
        -1.03739029e-01, -3.08384562e-01,  1.07942402e-01],
       [ 2.39614701e-01,  9.51403987e-01,  3.08641365e+00,
         5.93987383e-01,  2.74669422e-01,  1.27848488e+00,
         5.52563124e+00, -3.00798564e+00,  5.29373505e+00,
        -1.50213712e-01,  1.23257332e+00, -7.08989313e-01,
         4.28906874e-02, -2.13049678e-01, -4.20569104e-01,
        -1.47535465e-01, -3.24220278e-02, -2.86215103e-01],
       [ 1.40428275e+00,  6.11181565e-01,  5.93987383e-01,
         6.49341934e-01,  2.33228164e-01, -6.97463406e-02,
         2.11914658e+00, -1.34981840e+00, -2.67998914e-01,
        -7.92220938e-02,  5.54555211e-01, -2.82071315e-01,
        -1.52636747e-01, -1.27034082e-01, -2.51107125e-01,
        -1.16890892e-01, -1.03069236e-01, -2.31750749e-02],
       [ 7.92746936e-01,  1.52387160e+00,  2.74669422e-01,
         2.33228164e-01,  7.44121242e-01, -7.39473642e-02,
         1.68484826e+00,  1.44971892e+00,  4.89802491e-01,
         8.46288784e-02,  1.05171625e-01, -4.78607300e-01,
        -2.80288857e-01, -1.19499974e-01, -6.91074626e-02,
        -6.66892040e-02, -1.41332964e-01,  6.58394948e-02],
       [-8.67819176e-01, -1.40141867e-01,  1.27848488e+00,
        -6.97463406e-02, -7.39473642e-02,  8.30294644e-01,
         2.08152262e+00, -6.25530610e-01,  3.15604154e+00,
        -1.63025762e-01,  2.02559484e-01, -4.44513223e-02,
         1.98929809e-01,  2.57829221e-02, -2.82664985e-02,
         1.58474963e-02,  5.97332656e-02, -1.63144989e-01],
       [ 2.40184153e+00,  3.15704772e+00,  5.52563124e+00,
         2.11914658e+00,  1.68484826e+00,  2.08152262e+00,
         1.95559348e+01, -2.16708204e+00,  7.97384350e+00,
        -6.92967063e-01,  1.98879441e+00, -1.14352908e+00,
        -4.87245184e-01, -3.32457522e-01, -9.02065009e-01,
        -5.73444846e-01, -5.66995580e-01, -5.47392086e-01],
       [-1.78030602e+00,  1.21189131e+00, -3.00798564e+00,
        -1.34981840e+00,  1.44971892e+00, -6.25530610e-01,
        -2.16708204e+00,  1.45722912e+01, -2.97950081e+00,
         5.20343477e-02, -2.45013889e+00,  2.61030286e-01,
        -2.52608952e-01,  4.60120346e-01,  1.12671656e+00,
         2.97357364e-01, -4.05477818e-02,  4.97155823e-01],
       [-2.68837477e+00,  2.06212577e+00,  5.29373505e+00,
        -2.67998914e-01,  4.89802491e-01,  3.15604154e+00,
         7.97384350e+00, -2.97950081e+00,  1.74185809e+01,
        -1.95280945e-01,  1.39824650e+00, -1.20216811e+00,
         4.52451340e-01, -5.45962145e-01, -4.19718262e-01,
         1.35443850e-01, -8.86641237e-02, -6.09549674e-01],
       [ 1.17980344e-04,  3.56243502e-01, -1.50213712e-01,
        -7.92220938e-02,  8.46288784e-02, -1.63025762e-01,
        -6.92967063e-01,  5.20343477e-02, -1.95280945e-01,
         6.63305828e-01, -1.09504076e-01, -1.28285882e-01,
        -1.54345414e-01, -3.25686425e-03,  7.68223153e-02,
         3.16967720e-02,  5.69283002e-02,  1.90760857e-01],
       [ 1.00267812e+00,  5.73668535e-01,  1.23257332e+00,
         5.54555211e-01,  1.05171625e-01,  2.02559484e-01,
         1.98879441e+00, -2.45013889e+00,  1.39824650e+00,
        -1.09504076e-01,  1.22749613e+00, -5.01457294e-01,
        -7.97981757e-02, -2.97200152e-01, -4.32604421e-01,
        -1.39523983e-01, -8.28698979e-02, -1.94473863e-01],
       [-8.39319512e-01, -1.36831370e+00, -7.08989313e-01,
        -2.82071315e-01, -4.78607300e-01, -4.44513223e-02,
        -1.14352908e+00,  2.61030286e-01, -1.20216811e+00,
        -1.28285882e-01, -5.01457294e-01,  8.78186431e-01,
         1.73572334e-01,  2.85718108e-01,  1.43767885e-01,
        -4.08534010e-03,  1.40250668e-01,  4.11353511e-03],
       [-6.06162010e-01, -5.89238759e-01,  4.28906874e-02,
        -1.52636747e-01, -2.80288857e-01,  1.98929809e-01,
        -4.87245184e-01, -2.52608952e-01,  4.52451340e-01,
        -1.54345414e-01, -7.97981757e-02,  1.73572334e-01,
         2.31897337e-01,  7.43153819e-02,  4.64939519e-02,
         8.88054143e-02,  1.01336516e-01, -9.00363852e-02],
       [-3.96227984e-01, -4.37867003e-01, -2.13049678e-01,
        -1.27034082e-01, -1.19499974e-01,  2.57829221e-02,
        -3.32457522e-01,  4.60120346e-01, -5.45962145e-01,
        -3.25686425e-03, -2.97200152e-01,  2.85718108e-01,
         7.43153819e-02,  1.72085023e-01,  1.05277138e-01,
         1.60402763e-02,  1.02802891e-01,  2.47026273e-02],
       [-4.73061519e-01, -2.98530771e-01, -4.20569104e-01,
        -2.51107125e-01, -6.91074626e-02, -2.82664985e-02,
        -9.02065009e-01,  1.12671656e+00, -4.19718262e-01,
         7.68223153e-02, -4.32604421e-01,  1.43767885e-01,
         4.64939519e-02,  1.05277138e-01,  2.17458295e-01,
         7.53656092e-02,  4.23896822e-02,  1.02967890e-01],
       [-2.55234517e-01, -1.03739029e-01, -1.47535465e-01,
        -1.16890892e-01, -6.66892040e-02,  1.58474963e-02,
        -5.73444846e-01,  2.97357364e-01,  1.35443850e-01,
         3.16967720e-02, -1.39523983e-01, -4.08534010e-03,
         8.88054143e-02,  1.60402763e-02,  7.53656092e-02,
         9.49334993e-02,  3.90328289e-02,  9.98928009e-03],
       [-3.59056799e-01, -3.08384562e-01, -3.24220278e-02,
        -1.03069236e-01, -1.41332964e-01,  5.97332656e-02,
        -5.66995580e-01, -4.05477818e-02, -8.86641237e-02,
         5.69283002e-02, -8.28698979e-02,  1.40250668e-01,
         1.01336516e-01,  1.02802891e-01,  4.23896822e-02,
         3.90328289e-02,  1.31843907e-01, -6.48569292e-03],
       [ 1.67457800e-01,  1.07942402e-01, -2.86215103e-01,
        -2.31750749e-02,  6.58394948e-02, -1.63144989e-01,
        -5.47392086e-01,  4.97155823e-01, -6.09549674e-01,
         1.90760857e-01, -1.94473863e-01,  4.11353511e-03,
        -9.00363852e-02,  2.47026273e-02,  1.02967890e-01,
         9.98928009e-03, -6.48569292e-03,  1.48912198e-01]])
      jac: array([-1.12469293e-05,  1.13975496e-05,  5.88244268e-05,  2.60735877e-05,
       -3.33773749e-05, -1.33826283e-04, -1.35114142e-06,  3.78697074e-06,
        8.08390392e-06, -3.70777483e-06, -9.54791801e-07,  2.38820075e-05,
       -1.51045842e-05,  2.55521530e-05,  1.19412628e-04,  1.60057153e-06,
       -2.42391292e-05, -8.57717601e-05])
  message: 'Desired error not necessarily achieved due to precision loss.'
     nfev: 2158
      nit: 56
     njev: 113
   status: 2
  success: False
        x: array([-0.6482959 , -0.91391328,  0.6161041 , -0.93063251, -1.01495456,
        0.14254983, -0.61498087, -1.60543293, -0.57788237,  0.07982565,
        0.66053094,  1.1549131 ,  0.10123558,  0.19600141, -0.34889535,
        1.13054579, -0.27637399, -0.02718618])
