Program Begingeth
      fun: 0.28839862333633104
 hess_inv: array([[ 6.15834930e+00,  4.37771074e-01,  1.28034189e+00,
         3.03151087e+00,  3.01519471e-01, -2.61934421e-01,
         9.14462029e+00,  1.91797223e+00, -5.26716720e+00,
         8.08737977e-01,  9.06707647e-01, -6.13768237e-01,
        -3.50224157e-01, -3.83271609e-01, -2.51479183e-01,
        -3.67605064e-03, -2.34691876e-01,  7.80540668e-02],
       [ 4.37771074e-01,  1.73863831e+00, -1.77671806e-01,
         2.46552393e-01,  8.61185340e-01, -1.95995379e-01,
         1.23516871e+00,  1.03530222e+00,  1.21153906e+00,
         6.39731841e-01,  4.35554426e-01, -9.58103460e-02,
        -2.16979385e-01, -9.77171743e-03, -1.59094400e-01,
        -7.85388025e-02,  4.11383910e-02,  3.67496007e-02],
       [ 1.28034189e+00, -1.77671806e-01,  1.85130790e+00,
         7.23221887e-01, -9.97631529e-02,  6.88194476e-01,
         2.70369078e+00, -1.45358170e+00, -1.76833157e+00,
         1.77632293e-01, -5.65800220e-02,  1.89529544e-01,
        -4.55804042e-02,  9.68031353e-02,  4.31287942e-02,
        -2.04359761e-02,  9.05167779e-03,  8.11429678e-02],
       [ 3.03151087e+00,  2.46552393e-01,  7.23221887e-01,
         1.51447366e+00,  1.68665353e-01, -9.12804445e-02,
         4.82849356e+00,  8.81157848e-01, -2.53165354e+00,
         3.90166836e-01,  4.87261367e-01, -2.73622430e-01,
        -1.75266814e-01, -1.85373502e-01, -1.35149874e-01,
        -6.63249754e-03, -1.14322969e-01,  3.91205829e-02],
       [ 3.01519471e-01,  8.61185340e-01, -9.97631529e-02,
         1.68665353e-01,  4.69611230e-01, -1.34360683e-01,
         1.33172056e+00,  1.03174176e+00,  5.76843771e-01,
         3.30860151e-01,  2.80629186e-01, -1.02602722e-01,
        -1.61580669e-01, -3.16915362e-02, -8.76586385e-02,
        -5.70647284e-02, -6.50669140e-03,  3.15205022e-02],
       [-2.61934421e-01, -1.95995379e-01,  6.88194476e-01,
        -9.12804445e-02, -1.34360683e-01,  3.92410833e-01,
        -4.91159519e-01, -1.20695544e+00, -1.75282727e-02,
        -1.15961333e-01, -2.09203808e-01,  1.91745374e-01,
         8.50742193e-02,  1.18325746e-01,  6.94772307e-02,
         8.25686038e-03,  5.64304811e-02,  1.37327363e-02],
       [ 9.14462029e+00,  1.23516871e+00,  2.70369078e+00,
         4.82849356e+00,  1.33172056e+00, -4.91159519e-01,
         2.81960819e+01,  8.70601901e+00, -7.08170587e+00,
         1.48504793e+00,  2.66401165e+00, -1.25748813e+00,
        -1.53281546e+00, -9.90590321e-01, -5.92980859e-01,
        -4.05373506e-01, -8.82158346e-01,  3.84719198e-01],
       [ 1.91797223e+00,  1.03530222e+00, -1.45358170e+00,
         8.81157848e-01,  1.03174176e+00, -1.20695544e+00,
         8.70601901e+00,  9.91626274e+00,  5.23727317e-01,
         9.18978164e-01,  1.18884818e+00, -1.64006751e+00,
        -8.12014161e-01, -6.23701378e-01, -1.34055793e-01,
        -1.29733528e-01, -3.92729557e-01,  1.85859373e-01],
       [-5.26716720e+00,  1.21153906e+00, -1.76833157e+00,
        -2.53165354e+00,  5.76843771e-01, -1.75282727e-02,
        -7.08170587e+00,  5.23727317e-01,  9.52274632e+00,
        -5.18877286e-01,  4.33094521e-01, -3.85452906e-02,
         2.37431763e-01,  1.28372508e-01, -7.14240576e-03,
        -4.66986774e-02,  2.64618887e-01, -1.26521056e-01],
       [ 8.08737977e-01,  6.39731841e-01,  1.77632293e-01,
         3.90166836e-01,  3.30860151e-01, -1.15961333e-01,
         1.48504793e+00,  9.18978164e-01, -5.18877286e-01,
         1.38379022e+00,  1.87494908e-01, -1.57684794e-01,
        -3.80321705e-01, -3.04655218e-02,  4.76709324e-02,
        -3.73145460e-02,  1.18936989e-02,  2.36647597e-01],
       [ 9.06707647e-01,  4.35554426e-01, -5.65800220e-02,
         4.87261367e-01,  2.80629186e-01, -2.09203808e-01,
         2.66401165e+00,  1.18884818e+00,  4.33094521e-01,
         1.87494908e-01,  8.94858760e-01, -2.47154792e-01,
        -1.51127777e-01, -2.32897745e-01, -1.83436403e-01,
        -5.30850920e-02, -7.60442357e-02, -3.61747428e-02],
       [-6.13768237e-01, -9.58103460e-02,  1.89529544e-01,
        -2.73622430e-01, -1.02602722e-01,  1.91745374e-01,
        -1.25748813e+00, -1.64006751e+00, -3.85452906e-02,
        -1.57684794e-01, -2.47154792e-01,  5.88893747e-01,
         7.92562391e-02,  1.65833399e-01, -2.64253053e-02,
        -3.41856915e-02,  8.82526060e-02, -1.50175889e-02],
       [-3.50224157e-01, -2.16979385e-01, -4.55804042e-02,
        -1.75266814e-01, -1.61580669e-01,  8.50742193e-02,
        -1.53281546e+00, -8.12014161e-01,  2.37431763e-01,
        -3.80321705e-01, -1.51127777e-01,  7.92562391e-02,
         2.01815427e-01,  5.34239758e-02,  1.44455063e-02,
         6.00858569e-02,  5.05951819e-02, -7.91230506e-02],
       [-3.83271609e-01, -9.77171743e-03,  9.68031353e-02,
        -1.85373502e-01, -3.16915362e-02,  1.18325746e-01,
        -9.90590321e-01, -6.23701378e-01,  1.28372508e-01,
        -3.04655218e-02, -2.32897745e-01,  1.65833399e-01,
         5.34239758e-02,  1.16087413e-01,  3.83595944e-02,
         5.52969707e-03,  6.97024874e-02,  9.81873754e-03],
       [-2.51479183e-01, -1.59094400e-01,  4.31287942e-02,
        -1.35149874e-01, -8.76586385e-02,  6.94772307e-02,
        -5.92980859e-01, -1.34055793e-01, -7.14240576e-03,
         4.76709324e-02, -1.83436403e-01, -2.64253053e-02,
         1.44455063e-02,  3.83595944e-02,  9.08081969e-02,
         2.06320567e-02,  1.29655977e-02,  4.55772817e-02],
       [-3.67605064e-03, -7.85388025e-02, -2.04359761e-02,
        -6.63249754e-03, -5.70647284e-02,  8.25686038e-03,
        -4.05373506e-01, -1.29733528e-01, -4.66986774e-02,
        -3.73145460e-02, -5.30850920e-02, -3.41856915e-02,
         6.00858569e-02,  5.52969707e-03,  2.06320567e-02,
         4.41855204e-02,  1.25881873e-02, -1.02579880e-02],
       [-2.34691876e-01,  4.11383910e-02,  9.05167779e-03,
        -1.14322969e-01, -6.50669140e-03,  5.64304811e-02,
        -8.82158346e-01, -3.92729557e-01,  2.64618887e-01,
         1.18936989e-02, -7.60442357e-02,  8.82526060e-02,
         5.05951819e-02,  6.97024874e-02,  1.29655977e-02,
         1.25881873e-02,  7.17791754e-02, -2.96887931e-03],
       [ 7.80540668e-02,  3.67496007e-02,  8.11429678e-02,
         3.91205829e-02,  3.15205022e-02,  1.37327363e-02,
         3.84719198e-01,  1.85859373e-01, -1.26521056e-01,
         2.36647597e-01, -3.61747428e-02, -1.50175889e-02,
        -7.91230506e-02,  9.81873754e-03,  4.55772817e-02,
        -1.02579880e-02, -2.96887931e-03,  7.72095613e-02]])
      jac: array([-2.44249065e-07,  2.01875553e-06, -2.97502763e-06,  6.69834558e-07,
       -5.52817051e-06,  7.59392549e-06, -1.11392377e-07,  4.04861330e-07,
       -5.09962443e-07,  5.07741997e-07,  1.22494607e-06, -2.17233639e-06,
        1.57281595e-06,  7.40444743e-06, -8.71303030e-06, -3.14267131e-06,
       -6.93223257e-06,  5.00266495e-06])
  message: 'Optimization terminated successfully.'
     nfev: 1615
      nit: 76
     njev: 85
   status: 0
  success: True
        x: array([-1.87174592, -1.09110906,  0.58125705, -1.69830443, -1.13559972,
        0.31259693, -0.5751626 , -1.40819433,  0.94254009,  0.07559571,
        0.4628617 ,  1.11154103,  0.14065658,  0.23194165, -0.22166907,
        1.53240136, -0.07679329,  0.02594972])
