Program Begingeth
      fun: 0.26342727499467095
 hess_inv: array([[ 5.82001724e+00,  1.80087244e+00, -1.40762594e+00,
         1.40951680e+00,  8.72660085e-01, -1.05226011e+00,
         7.88526313e-02,  1.61861193e-01, -3.00317322e+00,
        -2.87859180e-01, -7.31170656e-02, -3.39541488e-01,
        -1.09608594e+00, -3.11216949e-01, -3.53417349e-02,
        -1.77538773e-01, -6.12405517e-01,  2.00839978e-01],
       [ 1.80087244e+00,  3.44775122e+00, -1.42863489e+00,
        -1.23572014e-02,  1.32702184e+00, -6.85081449e-01,
        -2.69339350e+00,  2.89138853e+00, -4.39909707e-01,
         1.52882710e-01, -6.16735184e-01, -1.01898656e+00,
        -5.42985206e-01, -3.86091094e-01,  2.74432557e-01,
         1.02038796e-01, -2.93284962e-01,  1.48102825e-01],
       [-1.40762594e+00, -1.42863489e+00,  1.41248449e+01,
         1.72331539e+00, -8.20335337e-01,  5.32295432e+00,
         2.05294130e+01, -6.50116996e+00,  8.00417177e+00,
         2.00244077e-02,  3.96074961e+00, -1.35979589e+00,
         7.30756061e-01, -1.66882013e-01, -1.02726171e+00,
        -2.41812662e-01,  6.81269896e-01, -2.81292471e-01],
       [ 1.40951680e+00, -1.23572014e-02,  1.72331539e+00,
         7.51354641e-01,  3.52139141e-02,  5.32020386e-01,
         3.83403481e+00, -1.00677862e+00,  1.37578892e-01,
        -1.28785094e-01,  5.13007699e-01, -1.47403867e-01,
        -1.36853938e-01, -2.86343046e-02, -1.57022654e-01,
        -8.68296193e-02, -3.42208155e-02,  8.71688260e-03],
       [ 8.72660085e-01,  1.32702184e+00, -8.20335337e-01,
         3.52139141e-02,  5.72187377e-01, -3.54032448e-01,
        -1.06130661e+00,  1.57256937e+00, -4.65934801e-01,
        -2.23595438e-02, -3.36854558e-01, -3.06902791e-01,
        -2.35953353e-01, -1.10734687e-01,  1.40272553e-01,
         2.35166628e-02, -1.30638859e-01,  7.14027372e-02],
       [-1.05226011e+00, -6.85081449e-01,  5.32295432e+00,
         5.32020386e-01, -3.54032448e-01,  2.11803804e+00,
         7.90004108e+00, -2.12639637e+00,  3.41185145e+00,
        -9.14466137e-02,  1.34605766e+00, -4.34332522e-01,
         4.06561176e-01, -5.18857948e-03, -3.31553568e-01,
        -6.24967025e-02,  3.00473389e-01, -1.20834498e-01],
       [ 7.88526313e-02, -2.69339350e+00,  2.05294130e+01,
         3.83403481e+00, -1.06130661e+00,  7.90004108e+00,
         3.80063354e+01, -8.60047040e+00,  9.77256737e+00,
        -3.39959878e-01,  4.89279415e+00, -1.28309374e+00,
         9.39474610e-01,  2.57108784e-01, -1.25496325e+00,
        -4.67134615e-01,  9.62383991e-01, -2.77608547e-01],
       [ 1.61861193e-01,  2.89138853e+00, -6.50116996e+00,
        -1.00677862e+00,  1.57256937e+00, -2.12639637e+00,
        -8.60047040e+00,  9.68024916e+00, -2.82497552e+00,
        -5.69193617e-01, -2.31693432e+00, -7.20328891e-02,
        -1.81476992e-01, -2.80299630e-02,  9.37793486e-01,
         2.56241773e-01, -3.34511465e-01,  1.93200911e-01],
       [-3.00317322e+00, -4.39909707e-01,  8.00417177e+00,
         1.37578892e-01, -4.65934801e-01,  3.41185145e+00,
         9.77256737e+00, -2.82497552e+00,  8.58262305e+00,
        -1.98023368e-01,  2.13194481e+00, -8.25560427e-01,
         7.60135548e-01, -2.70702940e-01, -5.66680874e-01,
        -5.55217213e-03,  4.07452151e-01, -3.15302948e-01],
       [-2.87859180e-01,  1.52882710e-01,  2.00244077e-02,
        -1.28785094e-01, -2.23595438e-02, -9.14466137e-02,
        -3.39959878e-01, -5.69193617e-01, -1.98023368e-01,
         1.02680945e+00, -6.66522270e-02, -5.10166504e-02,
        -2.10297039e-01,  1.75049126e-02,  5.34447520e-02,
        -3.68716357e-03,  7.07564514e-02,  1.77792019e-01],
       [-7.31170656e-02, -6.16735184e-01,  3.96074961e+00,
         5.13007699e-01, -3.36854558e-01,  1.34605766e+00,
         4.89279415e+00, -2.31693432e+00,  2.13194481e+00,
        -6.66522270e-02,  1.81162651e+00, -3.92840706e-01,
         1.39187744e-01, -2.18817097e-01, -4.94487549e-01,
        -1.18242833e-01,  1.41866842e-01, -1.81513500e-01],
       [-3.39541488e-01, -1.01898656e+00, -1.35979589e+00,
        -1.47403867e-01, -3.06902791e-01, -4.34332522e-01,
        -1.28309374e+00, -7.20328891e-02, -8.25560427e-01,
        -5.10166504e-02, -3.92840706e-01,  8.57845648e-01,
         5.87002394e-02,  2.44274347e-01,  9.83413348e-03,
        -5.08771233e-02,  4.98880154e-02,  1.25817935e-02],
       [-1.09608594e+00, -5.42985206e-01,  7.30756061e-01,
        -1.36853938e-01, -2.35953353e-01,  4.06561176e-01,
         9.39474610e-01, -1.81476992e-01,  7.60135548e-01,
        -2.10297039e-01,  1.39187744e-01,  5.87002394e-02,
         3.45268109e-01,  7.62422295e-02, -3.40717051e-02,
         6.05328855e-02,  1.44514308e-01, -9.65870065e-02],
       [-3.11216949e-01, -3.86091094e-01, -1.66882013e-01,
        -2.86343046e-02, -1.10734687e-01, -5.18857948e-03,
         2.57108784e-01, -2.80299630e-02, -2.70702940e-01,
         1.75049126e-02, -2.18817097e-01,  2.44274347e-01,
         7.62422295e-02,  1.55829471e-01,  4.43917997e-02,
        -5.64780865e-03,  7.67315859e-02,  2.25690161e-02],
       [-3.53417349e-02,  2.74432557e-01, -1.02726171e+00,
        -1.57022654e-01,  1.40272553e-01, -3.31553568e-01,
        -1.25496325e+00,  9.37793486e-01, -5.66680874e-01,
         5.34447520e-02, -4.94487549e-01,  9.83413348e-03,
        -3.40717051e-02,  4.43917997e-02,  1.89790674e-01,
         4.78375715e-02, -3.73556560e-02,  7.75298796e-02],
       [-1.77538773e-01,  1.02038796e-01, -2.41812662e-01,
        -8.68296193e-02,  2.35166628e-02, -6.24967025e-02,
        -4.67134615e-01,  2.56241773e-01, -5.55217213e-03,
        -3.68716357e-03, -1.18242833e-01, -5.08771233e-02,
         6.05328855e-02, -5.64780865e-03,  4.78375715e-02,
         6.04008355e-02,  5.61634426e-03, -2.77952229e-03],
       [-6.12405517e-01, -2.93284962e-01,  6.81269896e-01,
        -3.42208155e-02, -1.30638859e-01,  3.00473389e-01,
         9.62383991e-01, -3.34511465e-01,  4.07452151e-01,
         7.07564514e-02,  1.41866842e-01,  4.98880154e-02,
         1.44514308e-01,  7.67315859e-02, -3.73556560e-02,
         5.61634426e-03,  1.31959993e-01, -1.93783756e-02],
       [ 2.00839978e-01,  1.48102825e-01, -2.81292471e-01,
         8.71688260e-03,  7.14027372e-02, -1.20834498e-01,
        -2.77608547e-01,  1.93200911e-01, -3.15302948e-01,
         1.77792019e-01, -1.81513500e-01,  1.25817935e-02,
        -9.65870065e-02,  2.25690161e-02,  7.75298796e-02,
        -2.77952229e-03, -1.93783756e-02,  8.77746812e-02]])
      jac: array([-3.66817687e-06,  3.82927023e-05,  2.07563596e-05,  6.63876361e-06,
       -8.18452713e-05, -9.34663458e-05,  8.97800353e-06,  1.54779893e-05,
       -1.55209179e-06, -1.57851510e-05, -3.48462000e-06, -9.91059087e-06,
        4.30537087e-05,  5.07664281e-05, -6.29744405e-05, -6.96790773e-05,
        3.76110254e-05,  1.08677882e-04])
  message: 'Desired error not necessarily achieved due to precision loss.'
     nfev: 2499
      nit: 97
     njev: 131
   status: 2
  success: False
        x: array([-0.73979828, -0.82735485,  0.22778797, -1.26116687, -0.90542105,
       -0.00938037, -1.49478357, -1.2104101 , -0.95970076,  0.14078901,
        0.51292997,  1.08482529,  0.08840642,  0.22755389, -0.25846101,
        1.40893664, -0.2107949 ,  0.02726272])
