Program Begingeth
      fun: 0.2367721966852879
 hess_inv: array([[ 3.91424776e+00,  1.75495943e+00,  7.08297854e-01,
         1.16353732e+00,  6.88154949e-01, -8.32194319e-01,
         2.97856935e+00, -2.14199346e+00, -1.18013381e+00,
        -6.79880005e-01,  8.60777988e-01, -1.21935315e+00,
        -6.37793511e-01, -4.60812096e-01, -4.98951691e-01,
        -1.49012061e-01, -5.17067454e-01,  3.72017590e-01],
       [ 1.75495943e+00,  3.19688778e+00,  1.13080326e+00,
         4.59514145e-01,  1.18538710e+00, -2.65498300e-01,
         3.15711565e+00,  5.54974668e-01,  1.85151062e+00,
         8.55001195e-03,  3.59487457e-01, -1.72086175e+00,
        -5.02301658e-01, -4.39244221e-01, -3.83120988e-01,
        -1.27718942e-02, -2.33199192e-01,  1.28214947e-01],
       [ 7.08297854e-01,  1.13080326e+00,  2.08118064e+00,
         5.29013686e-01,  4.03364567e-01,  4.63327067e-01,
         3.81468407e+00, -1.87375557e+00,  2.38625655e+00,
        -1.28041055e-01,  9.63799927e-01, -1.12275875e+00,
        -1.30927440e-01, -2.48737219e-01, -3.80890290e-01,
        -1.83617359e-01, -1.32181643e-01, -8.98623552e-02],
       [ 1.16353732e+00,  4.59514145e-01,  5.29013686e-01,
         4.78562592e-01,  1.93195610e-01, -1.25020319e-01,
         1.81779688e+00, -1.10773816e+00, -1.57231437e-01,
        -2.65631818e-01,  4.43826902e-01, -3.84015975e-01,
        -1.32707250e-01, -1.22602988e-01, -2.27303558e-01,
        -7.90826825e-02, -1.40379980e-01,  2.66258052e-02],
       [ 6.88154949e-01,  1.18538710e+00,  4.03364567e-01,
         1.93195610e-01,  6.03391136e-01, -5.83362650e-02,
         2.25516938e+00,  1.01352720e+00,  3.55631924e-01,
        -1.41352944e-01,  4.47177990e-02, -5.21790578e-01,
        -2.53916946e-01, -9.61100036e-02, -1.02508004e-01,
        -5.05778261e-02, -1.69662775e-01,  4.22841560e-02],
       [-8.32194319e-01, -2.65498300e-01,  4.63327067e-01,
        -1.25020319e-01, -5.83362650e-02,  4.74923286e-01,
         9.06987060e-01,  2.74685570e-01,  1.24766888e+00,
        -1.40918380e-02, -1.85965320e-02,  7.54224322e-02,
         1.71854533e-01,  7.84396218e-02,  7.62204755e-02,
         8.86227080e-03,  5.60660021e-02, -1.39001557e-01],
       [ 2.97856935e+00,  3.15711565e+00,  3.81468407e+00,
         1.81779688e+00,  2.25516938e+00,  9.06987060e-01,
         2.11022533e+01,  7.22604519e-01,  3.16436950e+00,
        -1.74357833e+00,  1.47724372e+00, -1.92503847e+00,
        -8.58104636e-01, -4.43784940e-01, -8.14763266e-01,
        -5.22663098e-01, -1.39015344e+00, -4.89371197e-01],
       [-2.14199346e+00,  5.54974668e-01, -1.87375557e+00,
        -1.10773816e+00,  1.01352720e+00,  2.74685570e-01,
         7.22604519e-01,  1.14568850e+01, -1.02120842e+00,
         6.10639323e-02, -2.01204376e+00,  7.84601794e-01,
         4.17105213e-03,  5.14887348e-01,  9.93803061e-01,
         3.85779396e-01,  1.02807693e-01,  6.94151675e-02],
       [-1.18013381e+00,  1.85151062e+00,  2.38625655e+00,
        -1.57231437e-01,  3.55631924e-01,  1.24766888e+00,
         3.16436950e+00, -1.02120842e+00,  9.20809829e+00,
         2.31694027e-01,  6.48924372e-01, -1.50381750e+00,
         1.83446754e-01, -5.63816067e-01, -2.33369546e-01,
         1.57693040e-01, -9.54880511e-02, -2.60854316e-01],
       [-6.79880005e-01,  8.55001195e-03, -1.28041055e-01,
        -2.65631818e-01, -1.41352944e-01, -1.40918380e-02,
        -1.74357833e+00,  6.10639323e-02,  2.31694027e-01,
         7.66519073e-01, -2.06214982e-01,  5.03089954e-02,
         4.17938531e-03,  7.28757250e-02,  9.96191893e-02,
         5.00723800e-02,  2.45630844e-01,  1.22427056e-01],
       [ 8.60777988e-01,  3.59487457e-01,  9.63799927e-01,
         4.43826902e-01,  4.47177990e-02, -1.85965320e-02,
         1.47724372e+00, -2.01204376e+00,  6.48924372e-01,
        -2.06214982e-01,  1.10220480e+00, -6.48586791e-01,
        -7.79827919e-02, -2.90543967e-01, -4.01966262e-01,
        -1.46959890e-01, -1.12606941e-01, -1.20330888e-01],
       [-1.21935315e+00, -1.72086175e+00, -1.12275875e+00,
        -3.84015975e-01, -5.21790578e-01,  7.54224322e-02,
        -1.92503847e+00,  7.84601794e-01, -1.50381750e+00,
         5.03089954e-02, -6.48586791e-01,  1.43917708e+00,
         2.44306802e-01,  4.22210555e-01,  2.96408338e-01,
        -2.70850776e-03,  1.91633438e-01, -3.81763866e-02],
       [-6.37793511e-01, -5.02301658e-01, -1.30927440e-01,
        -1.32707250e-01, -2.53916946e-01,  1.71854533e-01,
        -8.58104636e-01,  4.17105213e-03,  1.83446754e-01,
         4.17938531e-03, -7.79827919e-02,  2.44306802e-01,
         2.56188144e-01,  8.36658723e-02,  7.00905424e-02,
         8.92992847e-02,  1.52776526e-01, -1.22033960e-01],
       [-4.60812096e-01, -4.39244221e-01, -2.48737219e-01,
        -1.22602988e-01, -9.61100036e-02,  7.84396218e-02,
        -4.43784940e-01,  5.14887348e-01, -5.63816067e-01,
         7.28757250e-02, -2.90543967e-01,  4.22210555e-01,
         8.36658723e-02,  2.03960958e-01,  1.23406630e-01,
        -1.11577834e-03,  1.22240680e-01, -2.00605447e-03],
       [-4.98951691e-01, -3.83120988e-01, -3.80890290e-01,
        -2.27303558e-01, -1.02508004e-01,  7.62204755e-02,
        -8.14763266e-01,  9.93803061e-01, -2.33369546e-01,
         9.96191893e-02, -4.01966262e-01,  2.96408338e-01,
         7.00905424e-02,  1.23406630e-01,  2.29702980e-01,
         7.56431516e-02,  6.12753208e-02,  6.46150808e-02],
       [-1.49012061e-01, -1.27718942e-02, -1.83617359e-01,
        -7.90826825e-02, -5.05778261e-02,  8.86227080e-03,
        -5.22663098e-01,  3.85779396e-01,  1.57693040e-01,
         5.00723800e-02, -1.46959890e-01, -2.70850776e-03,
         8.92992847e-02, -1.11577834e-03,  7.56431516e-02,
         1.15221821e-01,  5.11926984e-02,  1.41368668e-03],
       [-5.17067454e-01, -2.33199192e-01, -1.32181643e-01,
        -1.40379980e-01, -1.69662775e-01,  5.60660021e-02,
        -1.39015344e+00,  1.02807693e-01, -9.54880511e-02,
         2.45630844e-01, -1.12606941e-01,  1.91633438e-01,
         1.52776526e-01,  1.22240680e-01,  6.12753208e-02,
         5.11926984e-02,  2.46630800e-01, -1.75611676e-02],
       [ 3.72017590e-01,  1.28214947e-01, -8.98623552e-02,
         2.66258052e-02,  4.22841560e-02, -1.39001557e-01,
        -4.89371197e-01,  6.94151675e-02, -2.60854316e-01,
         1.22427056e-01, -1.20330888e-01, -3.81763866e-02,
        -1.22033960e-01, -2.00605447e-03,  6.46150808e-02,
         1.41368668e-03, -1.75611676e-02,  1.94923682e-01]])
      jac: array([-1.24844579e-06, -5.50485583e-07,  2.15568304e-07,  2.30907885e-06,
        1.23160741e-06, -6.90558721e-07, -1.15278157e-07, -1.17313566e-07,
        6.77236045e-08, -8.98910576e-07, -3.25665421e-07,  3.20114305e-08,
       -3.28218934e-06, -1.38703863e-06,  9.27036226e-08,  2.54352095e-06,
        1.56856010e-06,  9.43689571e-08])
  message: 'Optimization terminated successfully.'
     nfev: 1273
      nit: 59
     njev: 67
   status: 0
  success: True
        x: array([-0.33902359, -0.61894883,  0.67444529, -0.7037346 , -0.83667779,
        0.09194315, -0.27145627, -1.56796949, -0.57873442,  0.10460392,
        0.7082168 ,  1.10822604,  0.06887602,  0.14096727, -0.41463869,
        0.95285661, -0.46208012, -0.03030672])
