Program Begingeth
      fun: 0.26968926485901695
 hess_inv: array([[ 4.09081053e+00,  4.43332273e-01,  9.73102163e-01,
         2.03285640e+00,  1.01069979e-01, -1.41113804e-01,
         4.16699383e+00,  3.09638843e-01, -3.48814008e+00,
         6.73131583e-01,  4.13482921e-01, -5.08994245e-01,
        -3.58119624e-02, -2.37174922e-01, -1.22722095e-01,
         1.09941724e-01, -5.68426345e-02,  1.05421035e-01],
       [ 4.43332273e-01,  1.78806499e+00, -5.61404816e-02,
         2.76910852e-01,  8.54443737e-01, -1.74988495e-01,
         6.90106999e-01,  5.87658795e-01,  9.14141180e-01,
         6.04987583e-01,  3.28933987e-01, -3.95453635e-02,
        -1.60354864e-01,  3.79065857e-02, -1.85019788e-01,
        -9.84332887e-02,  7.56362583e-02,  2.79607733e-02],
       [ 9.73102163e-01, -5.61404816e-02,  1.66051525e+00,
         5.72764015e-01, -8.57300358e-02,  6.47420930e-01,
         1.87896957e+00, -1.69522445e+00, -1.44274194e+00,
         2.60988314e-01, -1.78648704e-01,  2.18772064e-01,
        -3.01649553e-02,  1.25099515e-01,  8.56281231e-02,
        -1.82406244e-02,  3.87191406e-02,  1.22425023e-01],
       [ 2.03285640e+00,  2.76910852e-01,  5.72764015e-01,
         1.03366690e+00,  7.75129079e-02, -3.10683160e-02,
         2.26031370e+00,  3.95342770e-02, -1.66775336e+00,
         3.42400815e-01,  2.30045523e-01, -2.17353458e-01,
        -1.24974457e-02, -1.02800571e-01, -7.12887857e-02,
         5.17684669e-02, -1.52375870e-02,  5.30436684e-02],
       [ 1.01069979e-01,  8.54443737e-01, -8.57300358e-02,
         7.75129079e-02,  4.62084280e-01, -1.27024330e-01,
         7.98976130e-01,  7.93281509e-01,  6.08899165e-01,
         2.68224019e-01,  2.21980696e-01, -6.23645561e-02,
        -1.34712684e-01,  2.37674203e-03, -9.84024139e-02,
        -7.79134939e-02,  1.02728010e-02,  2.79078557e-02],
       [-1.41113804e-01, -1.74988495e-01,  6.47420930e-01,
        -3.10683160e-02, -1.27024330e-01,  3.78518271e-01,
        -2.84350374e-01, -1.20683658e+00, -1.64622772e-01,
        -6.07937085e-02, -2.32407764e-01,  2.25929706e-01,
         6.36278715e-02,  1.22481816e-01,  7.96508329e-02,
         2.31872385e-03,  5.56131507e-02,  2.01456356e-02],
       [ 4.16699383e+00,  6.90106999e-01,  1.87896957e+00,
         2.26031370e+00,  7.98976130e-01, -2.84350374e-01,
         1.59010700e+01,  5.08358199e+00, -3.30365275e+00,
         9.78794566e-01,  1.43798954e+00, -1.07983565e+00,
        -9.71330373e-01, -5.92410161e-01, -2.09457102e-01,
        -2.59665620e-01, -6.06612955e-01,  5.50943762e-01],
       [ 3.09638843e-01,  5.87658795e-01, -1.69522445e+00,
         3.95342770e-02,  7.93281509e-01, -1.20683658e+00,
         5.08358199e+00,  8.43235267e+00,  1.48544256e+00,
         1.99957825e-01,  1.04290197e+00, -1.45870010e+00,
        -5.75734170e-01, -4.94558776e-01, -1.90109903e-01,
        -1.27192248e-01, -3.14070414e-01,  1.09610436e-01],
       [-3.48814008e+00,  9.14141180e-01, -1.44274194e+00,
        -1.66775336e+00,  6.08899165e-01, -1.64622772e-01,
        -3.30365275e+00,  1.48544256e+00,  6.55878930e+00,
        -4.76174506e-01,  5.93835154e-01,  5.57261794e-04,
        -1.13237828e-02,  9.67017838e-02, -1.39465200e-01,
        -1.87428421e-01,  1.45545989e-01, -1.82193727e-01],
       [ 6.73131583e-01,  6.04987583e-01,  2.60988314e-01,
         3.42400815e-01,  2.68224019e-01, -6.07937085e-02,
         9.78794566e-01,  1.99957825e-01, -4.76174506e-01,
         9.82003892e-01,  4.27034514e-02, -4.06916343e-02,
        -2.49628980e-01,  1.58358139e-02,  2.99539087e-02,
        -4.14854744e-02,  3.48076447e-02,  2.21669734e-01],
       [ 4.13482921e-01,  3.28933987e-01, -1.78648704e-01,
         2.30045523e-01,  2.21980696e-01, -2.32407764e-01,
         1.43798954e+00,  1.04290197e+00,  5.93835154e-01,
         4.27034514e-02,  7.38939959e-01, -2.70580941e-01,
        -8.98150483e-02, -1.84087548e-01, -1.81267247e-01,
        -5.68995188e-02, -4.73592482e-02, -6.59324142e-02],
       [-5.08994245e-01, -3.95453635e-02,  2.18772064e-01,
        -2.17353458e-01, -6.23645561e-02,  2.25929706e-01,
        -1.07983565e+00, -1.45870010e+00,  5.57261794e-04,
        -4.06916343e-02, -2.70580941e-01,  5.68939204e-01,
         4.50838142e-02,  1.75632581e-01,  1.21858470e-02,
        -4.59884214e-02,  8.92256640e-02,  4.78631429e-03],
       [-3.58119624e-02, -1.60354864e-01, -3.01649553e-02,
        -1.24974457e-02, -1.34712684e-01,  6.36278715e-02,
        -9.71330373e-01, -5.75734170e-01, -1.13237828e-02,
        -2.49628980e-01, -8.98150483e-02,  4.50838142e-02,
         1.78679108e-01,  2.91413557e-02,  1.40181297e-03,
         7.83536649e-02,  5.05470123e-02, -9.09754661e-02],
       [-2.37174922e-01,  3.79065857e-02,  1.25099515e-01,
        -1.02800571e-01,  2.37674203e-03,  1.22481816e-01,
        -5.92410161e-01, -4.94558776e-01,  9.67017838e-02,
         1.58358139e-02, -1.84087548e-01,  1.75632581e-01,
         2.91413557e-02,  1.12439419e-01,  3.20324860e-02,
        -5.22086565e-03,  7.18481871e-02,  1.21551677e-02],
       [-1.22722095e-01, -1.85019788e-01,  8.56281231e-02,
        -7.12887857e-02, -9.84024139e-02,  7.96508329e-02,
        -2.09457102e-01, -1.90109903e-01, -1.39465200e-01,
         2.99539087e-02, -1.81267247e-01,  1.21858470e-02,
         1.40181297e-03,  3.20324860e-02,  9.20976309e-02,
         1.84050868e-02, -1.77035522e-03,  5.91688164e-02],
       [ 1.09941724e-01, -9.84332887e-02, -1.82406244e-02,
         5.17684669e-02, -7.79134939e-02,  2.31872385e-03,
        -2.59665620e-01, -1.27192248e-01, -1.87428421e-01,
        -4.14854744e-02, -5.68995188e-02, -4.59884214e-02,
         7.83536649e-02, -5.22086565e-03,  1.84050868e-02,
         6.73428755e-02,  1.23205684e-02, -1.94164225e-02],
       [-5.68426345e-02,  7.56362583e-02,  3.87191406e-02,
        -1.52375870e-02,  1.02728010e-02,  5.56131507e-02,
        -6.06612955e-01, -3.14070414e-01,  1.45545989e-01,
         3.48076447e-02, -4.73592482e-02,  8.92256640e-02,
         5.05470123e-02,  7.18481871e-02, -1.77035522e-03,
         1.23205684e-02,  8.71248937e-02, -1.56561275e-02],
       [ 1.05421035e-01,  2.79607733e-02,  1.22425023e-01,
         5.30436684e-02,  2.79078557e-02,  2.01456356e-02,
         5.50943762e-01,  1.09610436e-01, -1.82193727e-01,
         2.21669734e-01, -6.59324142e-02,  4.78631429e-03,
        -9.09754661e-02,  1.21551677e-02,  5.91688164e-02,
        -1.94164225e-02, -1.56561275e-02,  1.12483785e-01]])
      jac: array([ 1.17087821e-04, -7.16967226e-05, -4.59580522e-05, -2.38572125e-04,
        1.34374364e-04,  1.45131684e-04,  1.00626914e-05, -9.35732973e-06,
       -7.04991621e-07,  1.29218858e-05, -3.95861122e-05, -1.36864594e-05,
        1.06258706e-04, -1.54967520e-04, -2.19870788e-04, -4.10342131e-05,
        1.50203923e-04,  1.68292417e-04])
  message: 'Desired error not necessarily achieved due to precision loss.'
     nfev: 2234
      nit: 68
     njev: 117
   status: 2
  success: False
        x: array([-1.6053939 , -1.01318826,  0.61545663, -1.40769277, -1.07738592,
        0.32574101, -0.38685837, -1.3672242 ,  1.14318104,  0.05405504,
        0.54470334,  1.20242503,  0.11142178,  0.22488647, -0.27261025,
        1.27706765, -0.2013641 ,  0.0030437 ])
