Program Begingeth
      fun: 0.2615898818707123
 hess_inv: array([[ 5.21446951e+00,  1.77017920e+00,  1.07695856e-01,
         1.51538223e+00,  6.74717932e-01, -1.00036360e+00,
         1.41332183e+00, -2.49419436e+00, -2.69592398e+00,
        -3.91280463e-02,  1.04886070e+00, -8.37118837e-01,
        -9.31995728e-01, -4.94628146e-01, -4.77725376e-01,
        -2.48864461e-01, -5.11151795e-01,  2.63315369e-01],
       [ 1.77017920e+00,  2.77311356e+00,  2.23709156e-01,
         3.10557518e-01,  1.04284710e+00, -3.35811962e-01,
         2.83632193e-01,  1.02260795e+00,  5.84025938e-01,
         4.72340707e-01,  1.13194789e-01, -1.12857496e+00,
        -5.52592331e-01, -3.43258001e-01, -7.62288517e-02,
         1.12901326e-03, -1.83282700e-01,  1.93970819e-01],
       [ 1.07695856e-01,  2.23709156e-01,  9.08839136e+00,
         1.80191837e+00, -1.09763661e-01,  3.78822434e+00,
         1.90122874e+01, -9.28633144e+00,  1.21531004e+01,
        -6.43607362e-01,  3.30038462e+00, -1.06951983e+00,
         2.26169923e-01, -2.20377910e-01, -1.16243040e+00,
        -5.15437013e-01,  1.03231904e-01, -7.83231482e-01],
       [ 1.51538223e+00,  3.10557518e-01,  1.80191837e+00,
         8.65783566e-01,  1.03300175e-01,  4.78735249e-01,
         4.71607106e+00, -2.67649364e+00,  1.39080604e+00,
        -2.22205332e-01,  9.30665082e-01, -2.99889555e-01,
        -1.71966907e-01, -1.27951122e-01, -3.78629709e-01,
        -1.78640537e-01, -1.08914168e-01, -1.09980431e-01],
       [ 6.74717932e-01,  1.04284710e+00, -1.09763661e-01,
         1.03300175e-01,  4.78420741e-01, -1.81217549e-01,
         2.32104048e-01,  1.18213157e+00, -2.52541090e-01,
         1.24215302e-01, -9.44765399e-02, -3.37376631e-01,
        -2.32558764e-01, -7.02726342e-02,  3.14502064e-02,
        -1.48850284e-02, -7.18269572e-02,  1.02733817e-01],
       [-1.00036360e+00, -3.35811962e-01,  3.78822434e+00,
         4.78735249e-01, -1.81217549e-01,  1.86018272e+00,
         8.14700453e+00, -3.20070412e+00,  5.88902533e+00,
        -3.90725056e-01,  1.07507831e+00, -2.03084569e-01,
         3.11665623e-01,  3.18472518e-02, -3.58941902e-01,
        -1.56398016e-01,  1.24675718e-01, -3.85763817e-01],
       [ 1.41332183e+00,  2.83632193e-01,  1.90122874e+01,
         4.71607106e+00,  2.32104048e-01,  8.14700453e+00,
         4.96039473e+01, -1.74575348e+01,  2.44645052e+01,
        -2.10223584e+00,  6.25620943e+00, -1.42470504e+00,
         2.62656594e-01, -1.13864089e-01, -2.38007316e+00,
        -1.28605441e+00, -6.48177298e-02, -1.71888967e+00],
       [-2.49419436e+00,  1.02260795e+00, -9.28633144e+00,
        -2.67649364e+00,  1.18213157e+00, -3.20070412e+00,
        -1.74575348e+01,  1.89119708e+01, -1.11481870e+01,
         6.02892973e-01, -4.53510184e+00,  7.94133928e-01,
        -6.70373316e-02,  5.25131159e-01,  1.93224713e+00,
         6.98681576e-01,  8.27889276e-02,  9.41793682e-01],
       [-2.69592398e+00,  5.84025938e-01,  1.21531004e+01,
         1.39080604e+00, -2.52541090e-01,  5.88902533e+00,
         2.44645052e+01, -1.11481870e+01,  2.34064840e+01,
        -9.45177251e-01,  3.85960423e+00, -1.37829237e+00,
         7.57953109e-01, -4.83290883e-01, -1.39062049e+00,
        -3.95275557e-01,  1.37345066e-01, -1.26312632e+00],
       [-3.91280463e-02,  4.72340707e-01, -6.43607362e-01,
        -2.22205332e-01,  1.24215302e-01, -3.90725056e-01,
        -2.10223584e+00,  6.02892973e-01, -9.45177251e-01,
         8.91872147e-01, -3.15621251e-01, -1.30636948e-01,
        -2.23907575e-01, -4.53100200e-03,  1.49208038e-01,
         4.79648033e-02,  5.72829091e-02,  2.47113180e-01],
       [ 1.04886070e+00,  1.13194789e-01,  3.30038462e+00,
         9.30665082e-01, -9.44765399e-02,  1.07507831e+00,
         6.25620943e+00, -4.53510184e+00,  3.85960423e+00,
        -3.15621251e-01,  2.01584043e+00, -5.74542248e-01,
        -5.21997083e-02, -3.21824825e-01, -6.91268973e-01,
        -2.60015149e-01, -6.36154460e-02, -3.57128055e-01],
       [-8.37118837e-01, -1.12857496e+00, -1.06951983e+00,
        -2.99889555e-01, -3.37376631e-01, -2.03084569e-01,
        -1.42470504e+00,  7.94133928e-01, -1.37829237e+00,
        -1.30636948e-01, -5.74542248e-01,  8.99927470e-01,
         1.78748537e-01,  2.76456356e-01,  1.52905151e-01,
         3.90688510e-03,  1.00542980e-01,  2.27750735e-02],
       [-9.31995728e-01, -5.52592331e-01,  2.26169923e-01,
        -1.71966907e-01, -2.32558764e-01,  3.11665623e-01,
         2.62656594e-01, -6.70373316e-02,  7.57953109e-01,
        -2.23907575e-01, -5.21997083e-02,  1.78748537e-01,
         3.00736430e-01,  9.55692599e-02,  2.73879500e-02,
         7.34092906e-02,  1.12583107e-01, -1.34772559e-01],
       [-4.94628146e-01, -3.43258001e-01, -2.20377910e-01,
        -1.27951122e-01, -7.02726342e-02,  3.18472518e-02,
        -1.13864089e-01,  5.25131159e-01, -4.83290883e-01,
        -4.53100200e-03, -3.21824825e-01,  2.76456356e-01,
         9.55692599e-02,  1.78133743e-01,  1.06790995e-01,
         1.13907056e-02,  9.81736977e-02,  1.77814985e-02],
       [-4.77725376e-01, -7.62288517e-02, -1.16243040e+00,
        -3.78629709e-01,  3.14502064e-02, -3.58941902e-01,
        -2.38007316e+00,  1.93224713e+00, -1.39062049e+00,
         1.49208038e-01, -6.91268973e-01,  1.52905151e-01,
         2.73879500e-02,  1.06790995e-01,  2.97221878e-01,
         1.06335114e-01,  3.09949069e-02,  1.53993609e-01],
       [-2.48864461e-01,  1.12901326e-03, -5.15437013e-01,
        -1.78640537e-01, -1.48850284e-02, -1.56398016e-01,
        -1.28605441e+00,  6.98681576e-01, -3.95275557e-01,
         4.79648033e-02, -2.60015149e-01,  3.90688510e-03,
         7.34092906e-02,  1.13907056e-02,  1.06335114e-01,
         1.01703676e-01,  2.27954690e-02,  3.06667527e-02],
       [-5.11151795e-01, -1.83282700e-01,  1.03231904e-01,
        -1.08914168e-01, -7.18269572e-02,  1.24675718e-01,
        -6.48177298e-02,  8.27889276e-02,  1.37345066e-01,
         5.72829091e-02, -6.36154460e-02,  1.00542980e-01,
         1.12583107e-01,  9.81736977e-02,  3.09949069e-02,
         2.27954690e-02,  1.21240723e-01, -2.53209352e-02],
       [ 2.63315369e-01,  1.93970819e-01, -7.83231482e-01,
        -1.09980431e-01,  1.02733817e-01, -3.85763817e-01,
        -1.71888967e+00,  9.41793682e-01, -1.26312632e+00,
         2.47113180e-01, -3.57128055e-01,  2.27750735e-02,
        -1.34772559e-01,  1.77814985e-02,  1.53993609e-01,
         3.06667527e-02, -2.53209352e-02,  1.84125686e-01]])
      jac: array([ 3.75995531e-07,  3.44169138e-08, -4.98860212e-07,  6.40968760e-07,
        3.34177130e-07,  1.30636243e-07,  5.10702591e-08, -7.40148683e-10,
        1.57651670e-07,  5.31796829e-07,  1.76155387e-07, -5.95819690e-08,
        2.01838546e-06,  3.32326759e-07,  1.78856929e-06, -2.57238675e-06,
       -5.03301105e-08, -1.06988492e-06])
  message: 'Optimization terminated successfully.'
     nfev: 1387
      nit: 63
     njev: 73
   status: 0
  success: True
        x: array([-6.56434240e-01, -8.26165056e-01,  5.10821577e-01, -1.05283785e+00,
       -9.20553166e-01,  9.21434647e-02, -8.81616980e-01, -1.40318728e+00,
       -7.21910289e-01,  1.15321931e-01,  6.17753504e-01,  1.11675483e+00,
        9.37108838e-02,  2.06135017e-01, -3.16947400e-01,  1.24034398e+00,
       -2.86814164e-01,  9.37632216e-04])
