Program Begingeth
      fun: 0.284007008856469
 hess_inv: array([[ 6.35287922e-01, -2.63244185e-02, -1.11532626e-01,
        -9.55874597e-02,  1.61808216e-01, -2.45647744e-01,
        -4.77125722e-02,  8.08792418e-01, -1.33039464e+00,
         1.24779002e-01,  1.06444729e-01,  6.51886429e-01,
        -4.72119392e-01,  7.51016649e-02, -3.20246438e-01,
        -1.31653036e-01, -2.51983600e-02, -9.75696073e-02],
       [-2.63244185e-02,  6.94262978e-01, -7.12487263e-02,
        -1.73489641e-01, -1.42307110e-01, -1.60871958e-01,
        -6.63522551e-01,  7.79449093e-02,  1.63153809e-01,
         3.23121436e-02,  2.33916430e-01, -2.23290582e-02,
        -1.24328008e-01, -5.91848264e-01, -3.41161284e-02,
        -2.64123029e-03, -1.58513582e-01,  1.42139812e-01],
       [-1.11532626e-01, -7.12487263e-02,  5.51570218e-01,
         1.43173893e-01,  1.39132498e-01, -4.83271224e-02,
         7.18706893e-01, -1.57804770e-02,  3.42977219e-01,
        -5.24910756e-01, -1.03267706e-01, -1.36419072e-01,
         3.09739774e-01,  1.85785869e-01, -3.82261852e-01,
         7.88728866e-02, -7.16263652e-03, -1.65245305e-01],
       [-9.55874597e-02, -1.73489641e-01,  1.43173893e-01,
         2.83801976e-01, -4.47681736e-02, -6.71049738e-04,
         5.85932506e-01, -8.48302072e-01,  2.49330738e-02,
        -1.95378182e-01,  9.03100563e-02, -3.68546660e-02,
         4.08969274e-01,  6.65778515e-02, -9.45122811e-02,
         1.23453885e-01,  3.49881503e-03, -5.83319752e-02],
       [ 1.61808216e-01, -1.42307110e-01,  1.39132498e-01,
        -4.47681736e-02,  2.81201935e-01, -5.61995317e-03,
         4.49037239e-01,  9.71347949e-01, -1.24248721e-01,
        -7.80940201e-02, -1.97143246e-01,  1.68393701e-01,
        -1.56257906e-01,  3.82313354e-01, -1.53471052e-01,
        -4.49580628e-02,  1.01423229e-01, -8.63279975e-02],
       [-2.45647744e-01, -1.60871958e-01, -4.83271224e-02,
        -6.71049738e-04, -5.61995317e-03,  3.17450143e-01,
         1.01109389e-01, -9.78473979e-02,  1.03710750e+00,
         2.71769372e-02, -2.78496701e-01, -2.63870633e-01,
         1.10961615e-01,  1.84654247e-01,  3.80063722e-01,
         3.32385713e-02,  8.05459754e-02,  8.64455448e-02],
       [-4.77125722e-02, -6.63522551e-01,  7.18706893e-01,
         5.85932506e-01,  4.49037239e-01,  1.01109389e-01,
         3.38612580e+00,  6.39079319e-03,  5.15406179e-01,
        -5.53433489e-01, -3.06738192e-01,  1.51083559e-01,
         5.86738402e-01,  9.22326582e-01, -4.75990374e-01,
         1.40258411e-01,  1.97497173e-01, -2.99057177e-01],
       [ 8.08792418e-01,  7.79449093e-02, -1.57804770e-02,
        -8.48302072e-01,  9.71347949e-01, -9.78473979e-02,
         6.39079319e-03,  6.41475427e+00, -8.65626235e-01,
         3.76366859e-01, -3.89115417e-01,  6.51834948e-01,
        -1.60664766e+00,  6.92056637e-01, -2.11374205e-01,
        -4.95332364e-01,  1.66130133e-01, -4.86448020e-02],
       [-1.33039464e+00,  1.63153809e-01,  3.42977219e-01,
         2.49330738e-02, -1.24248721e-01,  1.03710750e+00,
         5.15406179e-01, -8.65626235e-01,  6.49743060e+00,
        -5.33937977e-01, -9.52407713e-01, -1.13486591e+00,
         8.58525538e-01,  1.47923314e-01,  8.27798343e-01,
         2.93112075e-01,  9.62701046e-02,  1.93783029e-01],
       [ 1.24779002e-01,  3.23121436e-02, -5.24910756e-01,
        -1.95378182e-01, -7.80940201e-02,  2.71769372e-02,
        -5.53433489e-01,  3.76366859e-01, -5.33937977e-01,
         7.14952112e-01,  6.11494808e-02,  1.47581369e-01,
        -4.56768783e-01, -1.01061846e-01,  3.42433171e-01,
        -1.35504492e-01,  4.07027172e-02,  1.37716631e-01],
       [ 1.06444729e-01,  2.33916430e-01, -1.03267706e-01,
         9.03100563e-02, -1.97143246e-01, -2.78496701e-01,
        -3.06738192e-01, -3.89115417e-01, -9.52407713e-01,
         6.11494808e-02,  9.13519489e-01,  8.10561545e-02,
         8.96740957e-03, -5.82495162e-01, -1.11729554e-01,
        -6.13915451e-02, -1.68958200e-01,  1.03230726e-01],
       [ 6.51886429e-01, -2.23290582e-02, -1.36419072e-01,
        -3.68546660e-02,  1.68393701e-01, -2.63870633e-01,
         1.51083559e-01,  6.51834948e-01, -1.13486591e+00,
         1.47581369e-01,  8.10561545e-02,  9.03918674e-01,
        -4.14227794e-01,  9.26084326e-02, -4.28796592e-01,
        -9.31123188e-02, -3.05923283e-02, -1.44550754e-01],
       [-4.72119392e-01, -1.24328008e-01,  3.09739774e-01,
         4.08969274e-01, -1.56257906e-01,  1.10961615e-01,
         5.86738402e-01, -1.60664766e+00,  8.58525538e-01,
        -4.56768783e-01,  8.96740957e-03, -4.14227794e-01,
         8.59069963e-01, -4.29758072e-03, -9.93331560e-03,
         2.84234035e-01, -1.02047822e-02, -3.62288346e-02],
       [ 7.51016649e-02, -5.91848264e-01,  1.85785869e-01,
         6.65778515e-02,  3.82313354e-01,  1.84654247e-01,
         9.22326582e-01,  6.92056637e-01,  1.47923314e-01,
        -1.01061846e-01, -5.82495162e-01,  9.26084326e-02,
        -4.29758072e-03,  8.90284173e-01, -4.71778971e-02,
         1.82459335e-03,  2.72567025e-01, -1.71389922e-01],
       [-3.20246438e-01, -3.41161284e-02, -3.82261852e-01,
        -9.45122811e-02, -1.53471052e-01,  3.80063722e-01,
        -4.75990374e-01, -2.11374205e-01,  8.27798343e-01,
         3.42433171e-01, -1.11729554e-01, -4.28796592e-01,
        -9.93331560e-03, -4.71778971e-02,  7.78529605e-01,
        -8.20558252e-03,  7.41648127e-02,  2.96325401e-01],
       [-1.31653036e-01, -2.64123029e-03,  7.88728866e-02,
         1.23453885e-01, -4.49580628e-02,  3.32385713e-02,
         1.40258411e-01, -4.95332364e-01,  2.93112075e-01,
        -1.35504492e-01, -6.13915451e-02, -9.31123188e-02,
         2.84234035e-01,  1.82459335e-03, -8.20558252e-03,
         1.25650562e-01, -2.48860951e-03, -1.26456061e-02],
       [-2.51983600e-02, -1.58513582e-01, -7.16263652e-03,
         3.49881503e-03,  1.01423229e-01,  8.05459754e-02,
         1.97497173e-01,  1.66130133e-01,  9.62701046e-02,
         4.07027172e-02, -1.68958200e-01, -3.05923283e-02,
        -1.02047822e-02,  2.72567025e-01,  7.41648127e-02,
        -2.48860951e-03,  1.19962897e-01, -1.19259027e-02],
       [-9.75696073e-02,  1.42139812e-01, -1.65245305e-01,
        -5.83319752e-02, -8.63279975e-02,  8.64455448e-02,
        -2.99057177e-01, -4.86448020e-02,  1.93783029e-01,
         1.37716631e-01,  1.03230726e-01, -1.44550754e-01,
        -3.62288346e-02, -1.71389922e-01,  2.96325401e-01,
        -1.26456061e-02, -1.19259027e-02,  1.77721617e-01]])
      jac: array([ 4.91495733e-06, -2.04654812e-05, -3.75107353e-06, -2.09761838e-05,
        3.56303875e-05, -3.05263222e-05,  3.16154510e-06,  6.29126381e-09,
        5.21138688e-06, -4.13002965e-07, -4.89645361e-06,  1.80707301e-06,
        2.32869279e-05, -2.73462734e-05,  6.71055804e-06, -9.69594775e-08,
       -9.57012247e-07,  5.26319729e-06])
  message: 'Desired error not necessarily achieved due to precision loss.'
     nfev: 1511
      nit: 29
     njev: 79
   status: 2
  success: False
        x: array([ 0.71551605, -0.06105493,  0.51928666,  0.22958424, -1.02113841,
       -0.812476  ,  1.26908566, -1.54010891, -1.05237678, -1.03730398,
        0.03384832,  0.64730091,  0.13456796,  0.04160884, -0.6112178 ,
        0.08625812,  1.29930527, -0.87798969])
