Program Begingeth
      fun: 0.3095171787343705
 hess_inv: array([[ 7.48897270e+00,  5.23804419e-01, -3.48879108e-01,
         5.01648977e-01, -1.23051594e+00,  2.31461093e-01,
         1.79971552e+00, -4.76401879e-01,  1.81462218e+00,
        -1.21932032e+00, -5.73531377e-01, -3.93166088e-01,
        -1.54857241e+00, -5.16790398e-01,  3.35290807e-01,
         1.29647921e+00,  1.05586680e+00, -1.75218053e-03],
       [ 5.23804419e-01,  1.99855625e+00, -3.21011977e-01,
         2.85955862e-01,  3.10871777e-01,  2.23202283e-01,
         7.33137132e-01,  1.55665852e+00,  1.00549726e+00,
         1.24489105e-01, -2.80637892e-01, -5.98550960e-01,
        -4.65755737e-02, -1.80490911e-01,  3.87508964e-01,
        -4.83337163e-02,  5.37955018e-01, -4.45957947e-02],
       [-3.48879108e-01, -3.21011977e-01,  1.74424993e+00,
        -2.66973297e-01, -2.01748487e-01,  3.23211499e-01,
        -1.72800326e+00, -1.28751825e+00,  2.71384461e-01,
         1.17758734e-01,  3.63522046e-01, -3.77721162e-02,
        -9.72602830e-02, -1.41478411e-01, -1.29674457e-01,
        -9.62366634e-02, -1.08705765e-01,  3.97459185e-01],
       [ 5.01648977e-01,  2.85955862e-01, -2.66973297e-01,
         2.29278198e-01, -5.04513473e-03, -4.40967407e-02,
         9.76810990e-01,  2.14837806e-01,  3.29870695e-01,
        -1.05282675e-01, -1.89700736e-02, -1.58235532e-01,
         4.49753210e-02, -8.35059375e-02,  4.39983578e-02,
         1.00579437e-01,  6.85258431e-02, -4.98991156e-02],
       [-1.23051594e+00,  3.10871777e-01, -2.01748487e-01,
        -5.04513473e-03,  3.91045485e-01, -9.09821016e-03,
        -3.79830875e-02,  9.72278748e-01, -1.70562364e-01,
         3.15129977e-01, -7.86430142e-03,  2.35090049e-02,
         2.92286458e-01,  1.25972979e-01,  4.69894568e-02,
        -2.07106529e-01, -9.36647528e-02, -4.91196584e-02],
       [ 2.31461093e-01,  2.23202283e-01,  3.23211499e-01,
        -4.40967407e-02, -9.09821016e-03,  2.34943408e-01,
        -4.74108000e-01,  2.48744855e-01,  5.14705613e-01,
         2.07955326e-01, -1.36122843e-01, -6.63108385e-02,
        -1.54438480e-01, -2.89141954e-02,  1.31149571e-01,
        -1.57395808e-03,  8.37046655e-02,  7.55576284e-02],
       [ 1.79971552e+00,  7.33137132e-01, -1.72800326e+00,
         9.76810990e-01, -3.79830875e-02, -4.74108000e-01,
         5.75647719e+00,  8.29711918e-01,  8.54833837e-01,
        -4.22032215e-01,  6.00598643e-02, -4.24313801e-01,
         1.74854361e-01, -2.60112595e-01,  3.77994157e-03,
         3.51902065e-01,  2.01594073e-01, -3.87764507e-01],
       [-4.76401879e-01,  1.55665852e+00, -1.28751825e+00,
         2.14837806e-01,  9.72278748e-01,  2.48744855e-01,
         8.29711918e-01,  5.97419813e+00,  5.23767283e-01,
         9.68965028e-01, -3.92950384e-01, -1.99173887e-01,
         4.11743112e-02,  1.64687434e-01,  5.81808331e-01,
        -1.41475131e-01,  2.24125345e-01, -2.96974741e-01],
       [ 1.81462218e+00,  1.00549726e+00,  2.71384461e-01,
         3.29870695e-01, -1.70562364e-01,  5.14705613e-01,
         8.54833837e-01,  5.23767283e-01,  3.21653682e+00,
         2.35395443e-01, -1.25653973e-01, -3.12874206e-01,
        -3.62029255e-01, -3.61460921e-01,  2.42618734e-01,
         2.39559426e-01,  3.23761314e-01, -4.74461509e-03],
       [-1.21932032e+00,  1.24489105e-01,  1.17758734e-01,
        -1.05282675e-01,  3.15129977e-01,  2.07955326e-01,
        -4.22032215e-01,  9.68965028e-01,  2.35395443e-01,
         9.71128792e-01,  2.90005271e-02,  1.97100376e-02,
         4.84184088e-02,  7.74913595e-02,  7.85635745e-02,
        -2.39668150e-01, -1.56401596e-01, -8.06404702e-02],
       [-5.73531377e-01, -2.80637892e-01,  3.63522046e-01,
        -1.89700736e-02, -7.86430142e-03, -1.36122843e-01,
         6.00598643e-02, -3.92950384e-01, -1.25653973e-01,
         2.90005271e-02,  7.70195758e-01, -6.95164479e-03,
         1.63016989e-01, -1.62994901e-01, -2.85990130e-01,
        -6.69461730e-02, -1.81056488e-01, -2.03964950e-02],
       [-3.93166088e-01, -5.98550960e-01, -3.77721162e-02,
        -1.58235532e-01,  2.35090049e-02, -6.63108385e-02,
        -4.24313801e-01, -1.99173887e-01, -3.12874206e-01,
         1.97100376e-02, -6.95164479e-03,  5.01780094e-01,
         3.73754202e-02,  1.81547287e-01, -1.44076378e-01,
         6.77081267e-03, -1.44682943e-01, -8.36170326e-03],
       [-1.54857241e+00, -4.65755737e-02, -9.72602830e-02,
         4.49753210e-02,  2.92286458e-01, -1.54438480e-01,
         1.74854361e-01,  4.11743112e-02, -3.62029255e-01,
         4.84184088e-02,  1.63016989e-01,  3.73754202e-02,
         5.10314470e-01,  8.67273437e-02, -1.03355059e-01,
        -2.16943318e-01, -2.54392642e-01, -1.11547475e-02],
       [-5.16790398e-01, -1.80490911e-01, -1.41478411e-01,
        -8.35059375e-02,  1.25972979e-01, -2.89141954e-02,
        -2.60112595e-01,  1.64687434e-01, -3.61460921e-01,
         7.74913595e-02, -1.62994901e-01,  1.81547287e-01,
         8.67273437e-02,  1.73989942e-01,  8.12758101e-03,
        -6.43587717e-02, -7.01895114e-02, -8.02245747e-03],
       [ 3.35290807e-01,  3.87508964e-01, -1.29674457e-01,
         4.39983578e-02,  4.69894568e-02,  1.31149571e-01,
         3.77994157e-03,  5.81808331e-01,  2.42618734e-01,
         7.85635745e-02, -2.85990130e-01, -1.44076378e-01,
        -1.03355059e-01,  8.12758101e-03,  2.06733972e-01,
         1.49421579e-02,  1.36930848e-01,  1.04750687e-02],
       [ 1.29647921e+00, -4.83337163e-02, -9.62366634e-02,
         1.00579437e-01, -2.07106529e-01, -1.57395808e-03,
         3.51902065e-01, -1.41475131e-01,  2.39559426e-01,
        -2.39668150e-01, -6.69461730e-02,  6.77081267e-03,
        -2.16943318e-01, -6.43587717e-02,  1.49421579e-02,
         2.75390347e-01,  1.34448283e-01, -8.25885922e-03],
       [ 1.05586680e+00,  5.37955018e-01, -1.08705765e-01,
         6.85258431e-02, -9.36647528e-02,  8.37046655e-02,
         2.01594073e-01,  2.24125345e-01,  3.23761314e-01,
        -1.56401596e-01, -1.81056488e-01, -1.44682943e-01,
        -2.54392642e-01, -7.01895114e-02,  1.36930848e-01,
         1.34448283e-01,  3.11147167e-01, -1.57976934e-03],
       [-1.75218053e-03, -4.45957947e-02,  3.97459185e-01,
        -4.98991156e-02, -4.91196584e-02,  7.55576284e-02,
        -3.87764507e-01, -2.96974741e-01, -4.74461509e-03,
        -8.06404702e-02, -2.03964950e-02, -8.36170326e-03,
        -1.11547475e-02, -8.02245747e-03,  1.04750687e-02,
        -8.25885922e-03, -1.57976934e-03,  1.39161459e-01]])
      jac: array([ 1.59376216e-05,  8.55648885e-06, -6.59731529e-06,  2.22229642e-06,
       -7.35915033e-05, -8.65973959e-08, -1.45143157e-06,  5.93451214e-06,
        1.62536651e-06,  1.68772403e-05,  1.76636483e-05, -1.76229401e-06,
        5.58912176e-05,  5.97721872e-05, -1.05500793e-05, -5.78688949e-05,
        1.41375800e-05,  2.94109181e-05])
  message: 'Desired error not necessarily achieved due to precision loss.'
     nfev: 2101
      nit: 74
     njev: 110
   status: 2
  success: False
        x: array([-2.00951465e-01, -9.15820161e-01, -7.33616477e-02,  1.15488722e+00,
       -6.34019676e-01, -1.71492340e-01,  1.87191684e+00, -8.36492565e-01,
       -1.17129519e+00,  5.36141059e-02,  4.49719837e-01,  1.19292416e+00,
        2.25108819e-01,  1.11636055e-01, -3.22185292e-01, -1.14942345e+00,
       -1.01137436e+00,  4.53417519e-04])
