Program Begingeth
      fun: 0.28993522131508986
 hess_inv: array([[ 6.92578193e+00,  5.62645091e-01,  8.34022369e-01,
         3.25931614e+00,  4.50176728e-01, -6.18805269e-01,
         1.21963705e+01,  4.48618968e+00, -5.63925202e+00,
         6.91303426e-01,  7.87394045e-01, -1.17087886e+00,
        -5.70275599e-01, -5.83277853e-01, -1.83041954e-01,
         8.31041461e-02, -4.46538543e-01,  1.98164253e-01],
       [ 5.62645091e-01,  1.86335084e+00, -3.47299879e-02,
         2.98015557e-01,  9.02899719e-01, -1.74587951e-01,
         1.56966970e+00,  8.09530164e-01,  1.04162201e+00,
         6.87534450e-01,  3.20546378e-01, -1.50002627e-01,
        -2.54678950e-01,  1.74872593e-03, -1.51852858e-01,
        -8.47311743e-02,  1.35901226e-02,  6.67266106e-02],
       [ 8.34022369e-01, -3.47299879e-02,  1.57159950e+00,
         4.79750984e-01, -2.65292253e-02,  6.18065843e-01,
         1.80207861e+00, -1.42636284e+00, -1.21730987e+00,
         1.72285291e-01, -4.50293469e-02,  1.80728267e-01,
        -3.87742921e-02,  1.11132621e-01,  5.49833785e-02,
        -1.65605159e-02,  2.03069869e-02,  7.86482772e-02],
       [ 3.25931614e+00,  2.98015557e-01,  4.79750984e-01,
         1.55494962e+00,  2.30290976e-01, -2.54032776e-01,
         5.98215581e+00,  1.98146034e+00, -2.56663374e+00,
         3.19300513e-01,  4.17020919e-01, -5.18373885e-01,
        -2.66191191e-01, -2.68400538e-01, -9.84265622e-02,
         3.63911921e-02, -2.05723642e-01,  9.36203648e-02],
       [ 4.50176728e-01,  9.02899719e-01, -2.65292253e-02,
         2.30290976e-01,  4.96350484e-01, -1.43804334e-01,
         2.06087737e+00,  1.14558231e+00,  4.96532239e-01,
         3.26938458e-01,  2.43911273e-01, -1.92329112e-01,
        -2.11820554e-01, -4.86677573e-02, -7.97616995e-02,
        -5.76565440e-02, -4.50593551e-02,  6.28971014e-02],
       [-6.18805269e-01, -1.74587951e-01,  6.18065843e-01,
        -2.54032776e-01, -1.43804334e-01,  4.23678188e-01,
        -1.71894023e+00, -1.69352711e+00,  2.40199010e-01,
        -1.02759387e-01, -2.01481023e-01,  3.07749102e-01,
         1.46454996e-01,  1.67059004e-01,  6.48367714e-02,
        -6.79742233e-04,  1.08742903e-01, -1.75691288e-02],
       [ 1.21963705e+01,  1.56966970e+00,  1.80207861e+00,
         5.98215581e+00,  2.06087737e+00, -1.71894023e+00,
         4.70849094e+01,  1.85381656e+01, -7.35726357e+00,
         1.16551077e+00,  3.09748265e+00, -3.65867592e+00,
        -2.82501802e+00, -1.88793871e+00, -4.13715745e-01,
        -2.96893013e-01, -1.90268606e+00,  1.03867121e+00],
       [ 4.48618968e+00,  8.09530164e-01, -1.42636284e+00,
         1.98146034e+00,  1.14558231e+00, -1.69352711e+00,
         1.85381656e+01,  1.50480942e+01, -8.24968358e-01,
         5.80964588e-01,  1.30978735e+00, -3.00293707e+00,
        -1.30040668e+00, -1.09552231e+00, -6.21289540e-02,
        -2.78395279e-04, -8.31382971e-01,  4.31702229e-01],
       [-5.63925202e+00,  1.04162201e+00, -1.21730987e+00,
        -2.56663374e+00,  4.96532239e-01,  2.40199010e-01,
        -7.35726357e+00, -8.24968358e-01,  1.08622346e+01,
        -5.63739156e-01,  1.05129865e+00,  8.63585469e-03,
         3.02053701e-01,  1.52980597e-01, -1.44654436e-01,
        -1.61692684e-01,  3.74654563e-01, -2.14777260e-01],
       [ 6.91303426e-01,  6.87534450e-01,  1.72285291e-01,
         3.19300513e-01,  3.26938458e-01, -1.02759387e-01,
         1.16551077e+00,  5.80964588e-01, -5.63739156e-01,
         1.30791046e+00, -4.42464611e-02, -6.95339779e-02,
        -3.55360935e-01,  2.33832135e-02,  5.17859538e-02,
        -3.08072185e-02,  1.89677145e-02,  2.44083361e-01],
       [ 7.87394045e-01,  3.20546378e-01, -4.50293469e-02,
         4.17020919e-01,  2.43911273e-01, -2.01481023e-01,
         3.09748265e+00,  1.30978735e+00,  1.05129865e+00,
        -4.42464611e-02,  1.04262655e+00, -4.00117486e-01,
        -1.49457907e-01, -2.76675385e-01, -1.98017987e-01,
        -4.68316913e-02, -9.61839939e-02, -5.16263146e-02],
       [-1.17087886e+00, -1.50002627e-01,  1.80728267e-01,
        -5.18373885e-01, -1.92329112e-01,  3.07749102e-01,
        -3.65867592e+00, -3.00293707e+00,  8.63585469e-03,
        -6.95339779e-02, -4.00117486e-01,  9.45421366e-01,
         2.03981854e-01,  2.95009704e-01, -1.60835304e-02,
        -5.04696269e-02,  1.89227457e-01, -5.19320916e-02],
       [-5.70275599e-01, -2.54678950e-01, -3.87742921e-02,
        -2.66191191e-01, -2.11820554e-01,  1.46454996e-01,
        -2.82501802e+00, -1.30040668e+00,  3.02053701e-01,
        -3.55360935e-01, -1.49457907e-01,  2.03981854e-01,
         2.87191879e-01,  9.78458172e-02,  8.17646137e-03,
         6.17346497e-02,  1.14661382e-01, -1.24012117e-01],
       [-5.83277853e-01,  1.74872593e-03,  1.11132621e-01,
        -2.68400538e-01, -4.86677573e-02,  1.67059004e-01,
        -1.88793871e+00, -1.09552231e+00,  1.52980597e-01,
         2.33832135e-02, -2.76675385e-01,  2.95009704e-01,
         9.78458172e-02,  1.67049403e-01,  3.74215929e-02,
        -4.32544181e-03,  1.13564466e-01, -7.27363776e-03],
       [-1.83041954e-01, -1.51852858e-01,  5.49833785e-02,
        -9.84265622e-02, -7.97616995e-02,  6.48367714e-02,
        -4.13715745e-01, -6.21289540e-02, -1.44654436e-01,
         5.17859538e-02, -1.98017987e-01, -1.60835304e-02,
         8.17646137e-03,  3.74215929e-02,  9.02361446e-02,
         1.78226814e-02,  6.56086578e-03,  4.86282770e-02],
       [ 8.31041461e-02, -8.47311743e-02, -1.65605159e-02,
         3.63911921e-02, -5.76565440e-02, -6.79742233e-04,
        -2.96893013e-01, -2.78395279e-04, -1.61692684e-01,
        -3.08072185e-02, -4.68316913e-02, -5.04696269e-02,
         6.17346497e-02, -4.32544181e-03,  1.78226814e-02,
         4.99511272e-02,  9.15244519e-03, -1.51595435e-02],
       [-4.46538543e-01,  1.35901226e-02,  2.03069869e-02,
        -2.05723642e-01, -4.50593551e-02,  1.08742903e-01,
        -1.90268606e+00, -8.31382971e-01,  3.74654563e-01,
         1.89677145e-02, -9.61839939e-02,  1.89227457e-01,
         1.14661382e-01,  1.13564466e-01,  6.56086578e-03,
         9.15244519e-03,  1.23221112e-01, -3.50714000e-02],
       [ 1.98164253e-01,  6.67266106e-02,  7.86482772e-02,
         9.36203648e-02,  6.28971014e-02, -1.75691288e-02,
         1.03867121e+00,  4.31702229e-01, -2.14777260e-01,
         2.44083361e-01, -5.16263146e-02, -5.19320916e-02,
        -1.24012117e-01, -7.27363776e-03,  4.86282770e-02,
        -1.51595435e-02, -3.50714000e-02,  1.03829206e-01]])
      jac: array([-4.12114787e-06,  4.60668540e-06, -2.01283434e-06,  1.03173026e-05,
       -1.14778557e-05,  5.03190082e-06, -7.67904259e-07,  8.61162993e-07,
       -2.34627133e-07, -2.42546723e-06,  2.03762932e-06, -1.58798900e-06,
       -9.99681819e-06,  1.27901393e-05, -7.07656156e-06,  6.17061957e-06,
       -8.16828087e-06,  5.08149078e-06])
  message: 'Desired error not necessarily achieved due to precision loss.'
     nfev: 1779
      nit: 68
     njev: 93
   status: 2
  success: False
        x: array([-1.76652752, -0.98745835,  0.57618595, -1.61857751, -1.03274327,
        0.2967823 , -0.33041575, -1.24325666,  0.94109613,  0.09510734,
        0.49512748,  1.11362913,  0.13116611,  0.21437159, -0.23518444,
        1.48685155, -0.18719465,  0.02635495])
