Program Begingeth
      fun: 0.32526289488448407
 hess_inv: array([[ 4.96173264e+00,  8.51222904e-01, -1.13448907e+00,
         1.72217091e+00,  5.29183271e-01, -1.51252885e+00,
         1.75366694e-03, -2.44647001e-01, -6.29074429e+00,
        -1.19531583e-01,  1.04009504e+00, -2.34934882e-01,
        -5.52516137e-01, -3.04780267e-01, -4.72919946e-01,
        -2.93525652e-01, -3.70420777e-01,  1.06317061e-01],
       [ 8.51222904e-01,  4.58035392e+00,  1.11387447e+00,
         3.05568828e-01,  2.00515142e+00,  2.56476826e-01,
         4.25489416e+00,  1.46187431e+00,  4.52042121e+00,
         7.78947958e-01,  4.93568251e-01, -1.10968478e+00,
        -6.01516558e-01, -3.32515353e-01, -1.96040110e-01,
        -1.23793732e-01, -2.87953773e-01,  1.03588032e-01],
       [-1.13448907e+00,  1.11387447e+00,  2.54129459e+00,
        -7.08570284e-02,  3.27503704e-01,  1.32592861e+00,
         3.14351341e+00, -1.92527485e+00,  4.82228666e+00,
         1.14424373e-01,  5.02180121e-01, -3.12790036e-01,
         1.70221351e-01, -2.41766644e-02, -1.02135747e-01,
         8.96154043e-04,  1.29715746e-01, -1.35515335e-01],
       [ 1.72217091e+00,  3.05568828e-01, -7.08570284e-02,
         6.91340859e-01,  1.77475594e-01, -3.76069530e-01,
         6.66389381e-01, -4.68144788e-01, -1.88129014e+00,
        -8.39515639e-02,  4.65989631e-01, -5.15072805e-02,
        -1.34761616e-01, -9.20781417e-02, -2.10607054e-01,
        -1.00212597e-01, -9.94895318e-02, -8.02454042e-03],
       [ 5.29183271e-01,  2.00515142e+00,  3.27503704e-01,
         1.77475594e-01,  9.73887507e-01,  2.87280584e-02,
         2.22141278e+00,  1.31869446e+00,  1.50605644e+00,
         2.55889239e-01,  1.60831304e-01, -4.14921231e-01,
        -3.19099425e-01, -1.12490323e-01, -7.95412219e-02,
        -9.34843957e-02, -1.64734855e-01,  5.34681743e-02],
       [-1.51252885e+00,  2.56476826e-01,  1.32592861e+00,
        -3.76069530e-01,  2.87280584e-02,  9.35851890e-01,
         1.52824164e+00, -6.31361020e-01,  3.59738951e+00,
        -2.06638866e-02, -8.29374844e-02, -4.63174906e-02,
         2.17108115e-01,  7.07760611e-02,  8.71855561e-02,
         7.80668554e-02,  1.22438007e-01, -7.26738124e-02],
       [ 1.75366694e-03,  4.25489416e+00,  3.14351341e+00,
         6.66389381e-01,  2.22141278e+00,  1.52824164e+00,
         1.32402222e+01,  1.82705306e+00,  7.08014099e+00,
         4.87154911e-02,  5.18016115e-01, -4.73229648e-01,
        -4.42568403e-01, -9.30928550e-02, -2.96301700e-01,
        -2.73896184e-01, -4.17767684e-01, -1.78588344e-01],
       [-2.44647001e-01,  1.46187431e+00, -1.92527485e+00,
        -4.68144788e-01,  1.31869446e+00, -6.31361020e-01,
         1.82705306e+00,  8.78377862e+00, -6.14998551e-01,
        -1.05791283e-01, -1.07265334e+00, -1.91984202e-01,
        -4.62736845e-01,  1.23167827e-01,  4.29229370e-01,
         6.09365981e-03, -3.06110468e-01,  2.25842114e-01],
       [-6.29074429e+00,  4.52042121e+00,  4.82228666e+00,
        -1.88129014e+00,  1.50605644e+00,  3.59738951e+00,
         7.08014099e+00, -6.14998551e-01,  2.01368229e+01,
         7.82314504e-01, -3.05581344e-01, -1.06461467e+00,
         3.81028303e-01, -1.66536261e-01,  3.41700752e-01,
         3.76994011e-01,  1.65404881e-01, -1.13136355e-01],
       [-1.19531583e-01,  7.78947958e-01,  1.14424373e-01,
        -8.39515639e-02,  2.55889239e-01, -2.06638866e-02,
         4.87154911e-02, -1.05791283e-01,  7.82314504e-01,
         8.10715114e-01, -2.58260208e-02, -2.52337004e-01,
        -2.03431339e-01, -4.66303857e-02,  5.24563225e-02,
         1.51306682e-02,  1.38193927e-02,  1.63051774e-01],
       [ 1.04009504e+00,  4.93568251e-01,  5.02180121e-01,
         4.65989631e-01,  1.60831304e-01, -8.29374844e-02,
         5.18016115e-01, -1.07265334e+00, -3.05581344e-01,
        -2.58260208e-02,  1.00593757e+00, -2.22187161e-01,
        -7.33810998e-02, -2.24796167e-01, -3.13911296e-01,
        -1.02282346e-01, -4.28477775e-02, -1.32601208e-01],
       [-2.34934882e-01, -1.10968478e+00, -3.12790036e-01,
        -5.15072805e-02, -4.14921231e-01, -4.63174906e-02,
        -4.73229648e-01, -1.91984202e-01, -1.06461467e+00,
        -2.52337004e-01, -2.22187161e-01,  6.19347581e-01,
         1.11626993e-01,  1.69409716e-01,  1.70250684e-03,
        -3.47590830e-02,  8.21453045e-02, -2.63928005e-02],
       [-5.52516137e-01, -6.01516558e-01,  1.70221351e-01,
        -1.34761616e-01, -3.19099425e-01,  2.17108115e-01,
        -4.42568403e-01, -4.62736845e-01,  3.81028303e-01,
        -2.03431339e-01, -7.33810998e-02,  1.11626993e-01,
         2.43922464e-01,  6.38043998e-02,  3.87684377e-02,
         1.01158425e-01,  1.15262725e-01, -7.60420446e-02],
       [-3.04780267e-01, -3.32515353e-01, -2.41766644e-02,
        -9.20781417e-02, -1.12490323e-01,  7.07760611e-02,
        -9.30928550e-02,  1.23167827e-01, -1.66536261e-01,
        -4.66303857e-02, -2.24796167e-01,  1.69409716e-01,
         6.38043998e-02,  1.23621530e-01,  5.87802074e-02,
         1.57238171e-02,  7.60009455e-02,  8.70310018e-03],
       [-4.72919946e-01, -1.96040110e-01, -1.02135747e-01,
        -2.10607054e-01, -7.95412219e-02,  8.71855561e-02,
        -2.96301700e-01,  4.29229370e-01,  3.41700752e-01,
         5.24563225e-02, -3.13911296e-01,  1.70250684e-03,
         3.87684377e-02,  5.87802074e-02,  1.59038854e-01,
         5.94104310e-02,  2.12846731e-02,  7.39586667e-02],
       [-2.93525652e-01, -1.23793732e-01,  8.96154043e-04,
        -1.00212597e-01, -9.34843957e-02,  7.80668554e-02,
        -2.73896184e-01,  6.09365981e-03,  3.76994011e-01,
         1.51306682e-02, -1.02282346e-01, -3.47590830e-02,
         1.01158425e-01,  1.57238171e-02,  5.94104310e-02,
         9.18811351e-02,  4.73121058e-02,  7.76834032e-04],
       [-3.70420777e-01, -2.87953773e-01,  1.29715746e-01,
        -9.94895318e-02, -1.64734855e-01,  1.22438007e-01,
        -4.17767684e-01, -3.06110468e-01,  1.65404881e-01,
         1.38193927e-02, -4.28477775e-02,  8.21453045e-02,
         1.15262725e-01,  7.60009455e-02,  2.12846731e-02,
         4.73121058e-02,  1.25738716e-01, -2.20388206e-02],
       [ 1.06317061e-01,  1.03588032e-01, -1.35515335e-01,
        -8.02454042e-03,  5.34681743e-02, -7.26738124e-02,
        -1.78588344e-01,  2.25842114e-01, -1.13136355e-01,
         1.63051774e-01, -1.32601208e-01, -2.63928005e-02,
        -7.60420446e-02,  8.70310018e-03,  7.39586667e-02,
         7.76834032e-04, -2.20388206e-02,  1.07461143e-01]])
      jac: array([-1.81525165e-05, -6.39044373e-06, -1.19844875e-05,  3.39702340e-05,
        2.69055149e-05,  3.93722092e-05, -5.35127498e-07, -1.81151390e-06,
       -6.06181772e-06, -4.07303820e-06, -1.69471844e-05,  2.71190478e-06,
       -2.68788695e-05, -6.37948953e-05, -5.46751533e-05,  3.04001269e-05,
        2.85974947e-05,  3.48580424e-05])
  message: 'Desired error not necessarily achieved due to precision loss.'
     nfev: 2310
      nit: 66
     njev: 121
   status: 2
  success: False
        x: array([-0.82939143, -1.23463005,  0.60673461, -1.05992826, -1.2575408 ,
        0.18115816, -0.60859502, -2.03826972, -0.38398215,  0.06847282,
        0.53542636,  1.18256237,  0.1297686 ,  0.07874973, -0.32580833,
        1.25936828, -0.47454485, -0.0270107 ])
