Program Begingeth
      fun: 0.2966099898200165
 hess_inv: array([[ 5.01568121e+00, -1.67662925e+00, -3.22043476e-02,
         1.40539905e+00, -8.27509733e-01,  1.09224526e+00,
         1.60606679e+00,  1.33787608e+00,  2.46344772e+00,
        -5.16176275e-01, -8.01051710e-01,  8.73121719e-01,
        -8.07060483e-01,  3.97653031e-01,  4.48996378e-01,
        -1.53399132e-01,  6.14901071e-01, -3.94571003e-01],
       [-1.67662925e+00,  4.07763018e+00,  1.08254603e+00,
        -4.03119885e-01,  1.57535862e+00, -1.13170359e-01,
        -3.95532352e+00,  2.81223245e-01,  3.08191267e+00,
        -1.94313946e-01,  3.12243418e-01, -1.70086198e+00,
         6.11370982e-01, -4.54723780e-01, -3.08006434e-01,
        -2.88514706e-03, -3.28740034e-01,  1.20342554e-01],
       [-3.22043476e-02,  1.08254603e+00,  1.91235491e+00,
        -2.71008400e-01,  4.12698556e-01,  6.04913449e-01,
        -2.93079899e+00, -1.45022704e+00,  1.85846169e+00,
        -4.44182158e-02,  6.62199869e-01, -6.70589623e-01,
         5.37213586e-02, -1.08914046e-01, -2.14680235e-01,
         1.37201877e-01, -3.35757757e-02, -5.93328085e-02],
       [ 1.40539905e+00, -4.03119885e-01, -2.71008400e-01,
         4.94163077e-01, -2.21582605e-01,  2.03704695e-01,
         1.05693302e+00,  6.91052191e-01,  7.04415868e-01,
        -1.98955165e-01, -3.36988279e-01,  2.07784809e-01,
        -1.71279364e-01,  8.42869089e-02,  1.73894951e-01,
        -6.23794143e-02,  1.53837412e-01, -6.34944172e-02],
       [-8.27509733e-01,  1.57535862e+00,  4.12698556e-01,
        -2.21582605e-01,  7.53159810e-01, -4.86581072e-02,
        -2.53004578e+00,  5.80048713e-01,  8.51846502e-01,
         7.45491145e-02,  9.40139117e-02, -5.78021803e-01,
         3.24537632e-01, -1.28899710e-01, -1.12556655e-01,
         5.92365665e-02, -2.24794183e-01,  5.08333638e-02],
       [ 1.09224526e+00, -1.13170359e-01,  6.04913449e-01,
         2.03704695e-01, -4.86581072e-02,  5.16938984e-01,
        -9.79584078e-01,  3.13512058e-02,  1.34210591e+00,
         4.18829143e-03, -6.62503640e-02,  4.22746114e-02,
        -2.00275479e-01,  7.80122982e-02,  8.67967058e-02,
        -1.86754891e-02,  9.31735539e-02, -1.01167492e-01],
       [ 1.60606679e+00, -3.95532352e+00, -2.93079899e+00,
         1.05693302e+00, -2.53004578e+00, -9.79584078e-01,
         1.82652941e+01, -1.39495053e+00, -3.88151280e+00,
        -1.10007732e+00, -6.24296907e-01,  1.33589011e+00,
        -9.10618565e-01,  2.78111100e-01,  3.78045496e-01,
        -3.94635498e-01,  1.29158986e+00,  2.42076034e-01],
       [ 1.33787608e+00,  2.81223245e-01, -1.45022704e+00,
         6.91052191e-01,  5.80048713e-01,  3.13512058e-02,
        -1.39495053e+00,  6.61170355e+00,  1.97986134e-01,
         1.25003486e-01, -1.29975778e+00,  2.72616769e-01,
         3.85990279e-02,  2.93897508e-01,  6.11331732e-01,
        -2.22772879e-01, -3.26837104e-03,  7.59697149e-02],
       [ 2.46344772e+00,  3.08191267e+00,  1.85846169e+00,
         7.04415868e-01,  8.51846502e-01,  1.34210591e+00,
        -3.88151280e+00,  1.97986134e-01,  9.89752998e+00,
        -4.99672588e-01, -8.65782554e-02, -1.31439039e+00,
        -1.52180912e-01, -4.64230854e-01,  1.20904216e-01,
        -2.81107338e-01, -4.22266682e-02, -7.68406135e-02],
       [-5.16176275e-01, -1.94313946e-01, -4.44182158e-02,
        -1.98955165e-01,  7.45491145e-02,  4.18829143e-03,
        -1.10007732e+00,  1.25003486e-01, -4.99672588e-01,
         7.56806088e-01,  9.14976559e-02,  9.25014209e-02,
        -4.22304132e-02, -1.62669276e-02, -5.13702162e-02,
         4.19364128e-02, -1.97920330e-01, -1.22401290e-01],
       [-8.01051710e-01,  3.12243418e-01,  6.62199869e-01,
        -3.36988279e-01,  9.40139117e-02, -6.62503640e-02,
        -6.24296907e-01, -1.29975778e+00, -8.65782554e-02,
         9.14976559e-02,  9.21244527e-01, -3.66996771e-01,
         1.20624191e-01, -2.26679184e-01, -3.02765382e-01,
         1.37457347e-01, -1.09319406e-01, -7.42458750e-02],
       [ 8.73121719e-01, -1.70086198e+00, -6.70589623e-01,
         2.07784809e-01, -5.78021803e-01,  4.22746114e-02,
         1.33589011e+00,  2.72616769e-01, -1.31439039e+00,
         9.25014209e-02, -3.66996771e-01,  1.09483685e+00,
        -2.42551289e-01,  3.17482596e-01,  1.27934346e-01,
         4.07354412e-02,  1.76178874e-01, -5.53894494e-02],
       [-8.07060483e-01,  6.11370982e-01,  5.37213586e-02,
        -1.71279364e-01,  3.24537632e-01, -2.00275479e-01,
        -9.10618565e-01,  3.85990279e-02, -1.52180912e-01,
        -4.22304132e-02,  1.20624191e-01, -2.42551289e-01,
         3.09099029e-01, -9.39669811e-02, -7.77866005e-02,
         1.00425759e-01, -1.86563560e-01,  1.08744655e-01],
       [ 3.97653031e-01, -4.54723780e-01, -1.08914046e-01,
         8.42869089e-02, -1.28899710e-01,  7.80122982e-02,
         2.78111100e-01,  2.93897508e-01, -4.64230854e-01,
        -1.62669276e-02, -2.26679184e-01,  3.17482596e-01,
        -9.39669811e-02,  1.76753945e-01,  7.74879632e-02,
         4.85205594e-03,  1.20319034e-01, -7.21813237e-03],
       [ 4.48996378e-01, -3.08006434e-01, -2.14680235e-01,
         1.73894951e-01, -1.12556655e-01,  8.67967058e-02,
         3.78045496e-01,  6.11331732e-01,  1.20904216e-01,
        -5.13702162e-02, -3.02765382e-01,  1.27934346e-01,
        -7.77866005e-02,  7.74879632e-02,  1.73702902e-01,
        -6.85831373e-02,  4.93970734e-02,  4.87939321e-02],
       [-1.53399132e-01, -2.88514706e-03,  1.37201877e-01,
        -6.23794143e-02,  5.92365665e-02, -1.86754891e-02,
        -3.94635498e-01, -2.22772879e-01, -2.81107338e-01,
         4.19364128e-02,  1.37457347e-01,  4.07354412e-02,
         1.00425759e-01,  4.85205594e-03, -6.85831373e-02,
         1.17650296e-01, -5.43375231e-02, -4.65770032e-03],
       [ 6.14901071e-01, -3.28740034e-01, -3.35757757e-02,
         1.53837412e-01, -2.24794183e-01,  9.31735539e-02,
         1.29158986e+00, -3.26837104e-03, -4.22266682e-02,
        -1.97920330e-01, -1.09319406e-01,  1.76178874e-01,
        -1.86563560e-01,  1.20319034e-01,  4.93970734e-02,
        -5.43375231e-02,  2.58455780e-01, -2.75557230e-02],
       [-3.94571003e-01,  1.20342554e-01, -5.93328085e-02,
        -6.34944172e-02,  5.08333638e-02, -1.01167492e-01,
         2.42076034e-01,  7.59697149e-02, -7.68406135e-02,
        -1.22401290e-01, -7.42458750e-02, -5.53894494e-02,
         1.08744655e-01, -7.21813237e-03,  4.87939321e-02,
        -4.65770032e-03, -2.75557230e-02,  1.50441857e-01]])
      jac: array([ 3.13452967e-07,  4.45199433e-07,  3.43428989e-07, -4.17443857e-07,
       -9.82177303e-07, -1.00956280e-06,  1.11022302e-08,  1.73934941e-07,
        1.55061149e-07,  1.64683082e-07,  2.13532895e-07,  1.92438658e-07,
        3.60452409e-07,  1.10615221e-06,  7.50880839e-07, -2.61642560e-07,
       -6.72795153e-07, -4.41128615e-07])
  message: 'Optimization terminated successfully.'
     nfev: 1482
      nit: 65
     njev: 78
   status: 0
  success: True
        x: array([ 0.60351407, -0.87495805,  0.59701009,  0.97583751, -0.9773845 ,
        0.10894508,  0.46304558, -1.83972323, -0.50850717,  0.01654894,
        0.61042775,  1.16025232,  0.03270269,  0.05782549, -0.38022832,
       -0.95476853, -0.66633785, -0.02792224])
