Program Begingeth
      fun: 0.32375208039953873
 hess_inv: array([[ 6.18846339e+00, -1.38832882e-01, -1.59297032e+00,
         2.17901594e+00,  8.12557663e-02, -2.07622156e+00,
        -8.94038600e-01, -1.67135693e+00, -1.04965496e+01,
         9.67923894e-02,  1.16571651e+00,  5.28074263e-02,
        -6.66901007e-01, -2.04058398e-01, -6.14935325e-01,
        -3.95823251e-01, -2.87118233e-01,  1.23798619e-01],
       [-1.38832882e-01,  5.14760400e+00,  2.03058070e+00,
         3.47166046e-02,  2.18626990e+00,  9.66929424e-01,
         5.62619106e+00,  1.34671513e+00,  8.11309960e+00,
         5.96162462e-01,  4.65451566e-01, -1.29478643e+00,
        -4.61991847e-01, -3.53446834e-01, -1.28675165e-01,
        -5.24821522e-02, -2.59432187e-01,  2.56177706e-02],
       [-1.59297032e+00,  2.03058070e+00,  3.08154268e+00,
        -2.44835267e-01,  7.01374813e-01,  1.70629760e+00,
         4.27261251e+00, -1.66403752e+00,  7.47730663e+00,
         1.40991734e-02,  6.09407869e-01, -6.13540194e-01,
         1.58794277e-01, -1.30228683e-01, -7.45369203e-02,
         3.55701515e-02,  5.30805163e-02, -1.61698159e-01],
       [ 2.17901594e+00,  3.47166046e-02, -2.44835267e-01,
         8.46093840e-01,  5.35310490e-02, -5.88105576e-01,
         3.77911795e-01, -9.74137500e-01, -3.30915685e+00,
        -7.43730994e-03,  5.21740014e-01,  2.68145528e-02,
        -1.97395914e-01, -7.13137149e-02, -2.60568181e-01,
        -1.41153819e-01, -8.83486017e-02,  6.02268201e-03],
       [ 8.12557663e-02,  2.18626990e+00,  7.01374813e-01,
         5.35310490e-02,  1.02142989e+00,  3.23088839e-01,
         2.73073473e+00,  1.25829802e+00,  2.93317595e+00,
         2.04375230e-01,  1.26099154e-01, -4.79379818e-01,
        -2.56162311e-01, -1.08517671e-01, -4.14326986e-02,
        -6.05969472e-02, -1.36866210e-01,  2.98370154e-02],
       [-2.07622156e+00,  9.66929424e-01,  1.70629760e+00,
        -5.88105576e-01,  3.23088839e-01,  1.26716517e+00,
         2.27870848e+00, -1.49654916e-01,  6.02013904e+00,
        -1.01360796e-01, -6.46169293e-02, -2.71637635e-01,
         2.38159987e-01, -1.02993511e-02,  1.37469796e-01,
         1.21522321e-01,  6.68302643e-02, -8.74013315e-02],
       [-8.94038600e-01,  5.62619106e+00,  4.27261251e+00,
         3.77911795e-01,  2.73073473e+00,  2.27870848e+00,
         1.54095747e+01,  1.59366161e+00,  1.15971488e+01,
        -2.64120209e-02,  6.35040778e-01, -9.06471222e-01,
        -4.54097507e-01, -2.20424887e-01, -2.19870918e-01,
        -2.14624711e-01, -4.87830567e-01, -1.80143971e-01],
       [-1.67135693e+00,  1.34671513e+00, -1.66403752e+00,
        -9.74137500e-01,  1.25829802e+00, -1.49654916e-01,
         1.59366161e+00,  9.83533691e+00,  1.86245852e+00,
        -1.02996635e-01, -1.52081109e+00, -1.60210291e-01,
        -3.00993182e-01,  2.22747879e-01,  6.59035619e-01,
         8.69516781e-02, -1.90696361e-01,  2.79322272e-01],
       [-1.04965496e+01,  8.11309960e+00,  7.47730663e+00,
        -3.30915685e+00,  2.93317595e+00,  6.02013904e+00,
         1.15971488e+01,  1.86245852e+00,  3.61897609e+01,
         1.73734886e-01, -3.91075109e-01, -2.13808922e+00,
         7.60982992e-01, -5.32458601e-01,  6.90999725e-01,
         7.00516425e-01, -2.22893967e-02, -2.82779629e-01],
       [ 9.67923894e-02,  5.96162462e-01,  1.40991734e-02,
        -7.43730994e-03,  2.04375230e-01, -1.01360796e-01,
        -2.64120209e-02, -1.02996635e-01,  1.73734886e-01,
         8.73319363e-01, -7.35400359e-02, -1.67094389e-01,
        -2.50632959e-01, -9.37241296e-03,  6.21508917e-02,
        -1.73733063e-02,  1.91914748e-02,  1.99418771e-01],
       [ 1.16571651e+00,  4.65451566e-01,  6.09407869e-01,
         5.21740014e-01,  1.26099154e-01, -6.46169293e-02,
         6.35040778e-01, -1.52081109e+00, -3.91075109e-01,
        -7.35400359e-02,  1.10141683e+00, -2.32325756e-01,
        -6.99733774e-02, -2.38573526e-01, -3.50984955e-01,
        -1.06291109e-01, -4.79721924e-02, -1.59626477e-01],
       [ 5.28074263e-02, -1.29478643e+00, -6.13540194e-01,
         2.68145528e-02, -4.79379818e-01, -2.71637635e-01,
        -9.06471222e-01, -1.60210291e-01, -2.13808922e+00,
        -1.67094389e-01, -2.32325756e-01,  6.93369136e-01,
         6.52293914e-02,  1.81070296e-01, -1.35839896e-02,
        -5.47572977e-02,  8.23176980e-02,  1.44437195e-02],
       [-6.66901007e-01, -4.61991847e-01,  1.58794277e-01,
        -1.97395914e-01, -2.56162311e-01,  2.38159987e-01,
        -4.54097507e-01, -3.00993182e-01,  7.60982992e-01,
        -2.50632959e-01, -6.99733774e-02,  6.52293914e-02,
         2.42687924e-01,  3.38706413e-02,  4.40691584e-02,
         1.04519084e-01,  8.49790647e-02, -8.43974639e-02],
       [-2.04058398e-01, -3.53446834e-01, -1.30228683e-01,
        -7.13137149e-02, -1.08517671e-01, -1.02993511e-02,
        -2.20424887e-01,  2.22747879e-01, -5.32458601e-01,
        -9.37241296e-03, -2.38573526e-01,  1.81070296e-01,
         3.38706413e-02,  1.27868772e-01,  6.04224198e-02,
         2.01472451e-03,  7.10018187e-02,  3.00926056e-02],
       [-6.14935325e-01, -1.28675165e-01, -7.45369203e-02,
        -2.60568181e-01, -4.14326986e-02,  1.37469796e-01,
        -2.19870918e-01,  6.59035619e-01,  6.90999725e-01,
         6.21508917e-02, -3.50984955e-01, -1.35839896e-02,
         4.40691584e-02,  6.04224198e-02,  1.79594094e-01,
         6.42101372e-02,  2.20905836e-02,  7.72570460e-02],
       [-3.95823251e-01, -5.24821522e-02,  3.55701515e-02,
        -1.41153819e-01, -6.05969472e-02,  1.21522321e-01,
        -2.14624711e-01,  8.69516781e-02,  7.00516425e-01,
        -1.73733063e-02, -1.06291109e-01, -5.47572977e-02,
         1.04519084e-01,  2.01472451e-03,  6.42101372e-02,
         9.01800265e-02,  3.19811848e-02, -9.50687499e-03],
       [-2.87118233e-01, -2.59432187e-01,  5.30805163e-02,
        -8.83486017e-02, -1.36866210e-01,  6.68302643e-02,
        -4.87830567e-01, -1.90696361e-01, -2.22893967e-02,
         1.91914748e-02, -4.79721924e-02,  8.23176980e-02,
         8.49790647e-02,  7.10018187e-02,  2.20905836e-02,
         3.19811848e-02,  1.07084021e-01, -6.93492972e-03],
       [ 1.23798619e-01,  2.56177706e-02, -1.61698159e-01,
         6.02268201e-03,  2.98370154e-02, -8.74013315e-02,
        -1.80143971e-01,  2.79322272e-01, -2.82779629e-01,
         1.99418771e-01, -1.59626477e-01,  1.44437195e-02,
        -8.43974639e-02,  3.00926056e-02,  7.72570460e-02,
        -9.50687499e-03, -6.93492972e-03,  1.15122069e-01]])
      jac: array([-3.81779793e-05,  2.40781469e-05,  6.38270918e-05,  7.84468786e-05,
       -5.62760949e-05, -1.28329569e-04, -1.73786911e-06,  9.68891634e-06,
        5.18326123e-06,  1.33881795e-05, -2.99268018e-05,  2.16493490e-05,
        1.22209650e-05,  3.60866892e-05,  1.55401618e-05, -9.65486950e-06,
       -4.43841260e-05, -4.96458430e-05])
  message: 'Desired error not necessarily achieved due to precision loss.'
     nfev: 1835
      nit: 61
     njev: 96
   status: 2
  success: False
        x: array([-0.87049523, -1.20927246,  0.59920487, -1.1133162 , -1.23048213,
        0.18017928, -0.68488217, -1.96414614, -0.39400177,  0.07445934,
        0.53625358,  1.16849429,  0.13228566,  0.10089889, -0.31565126,
        1.30231116, -0.42913015, -0.02099832])
