Program Begingeth
      fun: 0.2189649113744177
 hess_inv: array([[ 4.10025347e+00,  1.48721226e+00,  7.63484963e-01,
         7.10618473e-01,  4.35106348e-01, -8.36661465e-01,
         1.02153499e+00, -2.23137668e+00, -4.05537720e-01,
        -8.69097889e-01,  8.06676738e-01, -1.53551838e+00,
        -9.08875224e-01, -5.12842630e-01, -4.87025779e-01,
        -4.28059312e-02, -4.20606739e-01,  4.02480938e-01],
       [ 1.48721226e+00,  2.26000534e+00,  5.16301946e-01,
         3.21078787e-02,  6.29572525e-01, -3.07569890e-01,
        -2.86132080e-01,  1.21481222e+00,  1.24068809e+00,
        -5.41329472e-02, -1.98216738e-01, -1.58353069e+00,
        -4.76548924e-01, -4.00075576e-01, -1.15633582e-01,
         1.12196338e-01, -6.53122911e-02,  1.90272744e-01],
       [ 7.63484963e-01,  5.16301946e-01,  5.84271555e+00,
         1.42175205e+00,  2.36086344e-01,  1.55560747e+00,
         1.46067486e+01, -7.33514798e+00,  8.06984636e+00,
        -1.00075060e+00,  3.63568217e+00, -2.50580556e+00,
        -1.44241850e-01, -5.20740886e-01, -1.24729542e+00,
        -6.49677545e-01, -3.33154709e-01, -5.30660901e-01],
       [ 7.10618473e-01,  3.21078787e-02,  1.42175205e+00,
         5.37302309e-01,  6.99777528e-02,  2.87186358e-01,
         4.41398276e+00, -2.29874280e+00,  1.51761964e+00,
        -4.46108034e-01,  1.00228443e+00, -5.24807694e-01,
        -9.19964860e-02, -1.03246350e-01, -3.72296425e-01,
        -1.76499580e-01, -1.32224939e-01, -1.15759274e-01],
       [ 4.35106348e-01,  6.29572525e-01,  2.36086344e-01,
         6.99777528e-02,  3.05562832e-01,  2.04471239e-03,
         1.11575167e+00,  9.51106553e-01,  2.06946887e-01,
        -1.76767155e-01, -9.60881730e-02, -3.71880528e-01,
        -1.54642805e-01, -3.21448532e-02,  7.94961787e-03,
        -8.19217389e-03, -4.09368204e-02,  4.89687460e-02],
       [-8.36661465e-01, -3.07569890e-01,  1.55560747e+00,
         2.87186358e-01,  2.04471239e-03,  7.94004912e-01,
         4.97186863e+00, -1.29591196e+00,  2.73236603e+00,
        -2.80905349e-01,  7.81931642e-01, -2.35681981e-01,
         2.26745620e-01,  2.50713209e-02, -1.92454997e-01,
        -1.81622062e-01, -2.85224932e-02, -2.82079029e-01],
       [ 1.02153499e+00, -2.86132080e-01,  1.46067486e+01,
         4.41398276e+00,  1.11575167e+00,  4.97186863e+00,
         5.30827684e+01, -1.61353985e+01,  1.97400543e+01,
        -3.86778553e+00,  8.47427384e+00, -4.12314378e+00,
        -1.94507094e-01, -4.56580467e-01, -2.82130656e+00,
        -1.94191154e+00, -1.27191280e+00, -1.79777632e+00],
       [-2.23137668e+00,  1.21481222e+00, -7.33514798e+00,
        -2.29874280e+00,  9.51106553e-01, -1.29591196e+00,
        -1.61353985e+01,  2.01490791e+01, -9.78437570e+00,
         1.08815338e+00, -6.02090828e+00,  2.31581057e+00,
         2.60271719e-01,  8.39825929e-01,  2.44990342e+00,
         1.05588270e+00,  6.20064744e-01,  7.69683234e-01],
       [-4.05537720e-01,  1.24068809e+00,  8.06984636e+00,
         1.51761964e+00,  2.06946887e-01,  2.73236603e+00,
         1.97400543e+01, -9.78437570e+00,  1.75980011e+01,
        -1.38632596e+00,  4.91413444e+00, -3.57754645e+00,
         1.01397564e-01, -1.14775791e+00, -1.77814134e+00,
        -7.44782779e-01, -5.86489860e-01, -1.04297488e+00],
       [-8.69097889e-01, -5.41329472e-02, -1.00075060e+00,
        -4.46108034e-01, -1.76767155e-01, -2.80905349e-01,
        -3.86778553e+00,  1.08815338e+00, -1.38632596e+00,
         1.19258546e+00, -7.54940817e-01,  3.93066161e-01,
         2.21083504e-02,  1.20384791e-01,  2.68470592e-01,
         1.42608250e-01,  2.51747019e-01,  1.77242721e-01],
       [ 8.06676738e-01, -1.98216738e-01,  3.63568217e+00,
         1.00228443e+00, -9.60881730e-02,  7.81931642e-01,
         8.47427384e+00, -6.02090828e+00,  4.91413444e+00,
        -7.54940817e-01,  3.13982732e+00, -1.48456519e+00,
        -7.88803393e-02, -4.92231606e-01, -1.03491018e+00,
        -4.57366303e-01, -2.77291984e-01, -4.23122081e-01],
       [-1.53551838e+00, -1.58353069e+00, -2.50580556e+00,
        -5.24807694e-01, -3.71880528e-01, -2.35681981e-01,
        -4.12314378e+00,  2.31581057e+00, -3.57754645e+00,
         3.93066161e-01, -1.48456519e+00,  2.36009058e+00,
         4.00210097e-01,  6.24130426e-01,  5.57832944e-01,
         1.22117316e-01,  2.32662887e-01,  4.73120931e-02],
       [-9.08875224e-01, -4.76548924e-01, -1.44241850e-01,
        -9.19964860e-02, -1.54642805e-01,  2.26745620e-01,
        -1.94507094e-01,  2.60271719e-01,  1.01397564e-01,
         2.21083504e-02, -7.88803393e-02,  4.00210097e-01,
         3.22282696e-01,  1.26326674e-01,  8.09853058e-02,
         3.88758584e-02,  1.14146223e-01, -1.49936989e-01],
       [-5.12842630e-01, -4.00075576e-01, -5.20740886e-01,
        -1.03246350e-01, -3.21448532e-02,  2.50713209e-02,
        -4.56580467e-01,  8.39825929e-01, -1.14775791e+00,
         1.20384791e-01, -4.92231606e-01,  6.24130426e-01,
         1.26326674e-01,  2.64766629e-01,  1.92391076e-01,
         1.48465494e-02,  1.10616179e-01,  1.80004231e-02],
       [-4.87025779e-01, -1.15633582e-01, -1.24729542e+00,
        -3.72296425e-01,  7.94961787e-03, -1.92454997e-01,
        -2.82130656e+00,  2.44990342e+00, -1.77814134e+00,
         2.68470592e-01, -1.03491018e+00,  5.57832944e-01,
         8.09853058e-02,  1.92391076e-01,  4.23786373e-01,
         1.60136933e-01,  1.04627145e-01,  1.41832693e-01],
       [-4.28059312e-02,  1.12196338e-01, -6.49677545e-01,
        -1.76499580e-01, -8.19217389e-03, -1.81622062e-01,
        -1.94191154e+00,  1.05588270e+00, -7.44782779e-01,
         1.42608250e-01, -4.57366303e-01,  1.22117316e-01,
         3.88758584e-02,  1.48465494e-02,  1.60136933e-01,
         1.35442346e-01,  5.55660761e-02,  6.73305332e-02],
       [-4.20606739e-01, -6.53122911e-02, -3.33154709e-01,
        -1.32224939e-01, -4.09368204e-02, -2.85224932e-02,
        -1.27191280e+00,  6.20064744e-01, -5.86489860e-01,
         2.51747019e-01, -2.77291984e-01,  2.32662887e-01,
         1.14146223e-01,  1.10616179e-01,  1.04627145e-01,
         5.55660761e-02,  1.47538137e-01,  1.03782820e-02],
       [ 4.02480938e-01,  1.90272744e-01, -5.30660901e-01,
        -1.15759274e-01,  4.89687460e-02, -2.82079029e-01,
        -1.79777632e+00,  7.69683234e-01, -1.04297488e+00,
         1.77242721e-01, -4.23122081e-01,  4.73120931e-02,
        -1.49936989e-01,  1.80004231e-02,  1.41832693e-01,
         6.73305332e-02,  1.03782820e-02,  1.98622025e-01]])
      jac: array([-1.93456362e-06, -1.01246789e-05,  9.85137897e-07, -7.32747196e-08,
        1.66091215e-05, -1.74717648e-05,  7.01475915e-07, -1.31672451e-06,
        2.30685841e-06, -3.15654910e-06, -5.50818650e-06, -4.96547248e-06,
       -2.22969791e-07, -8.53187891e-06,  6.21669383e-06, -3.76162065e-06,
        2.04691819e-05,  3.28922075e-06])
  message: 'Desired error not necessarily achieved due to precision loss.'
     nfev: 2291
      nit: 87
     njev: 120
   status: 2
  success: False
        x: array([-0.26120119, -0.38601269,  0.64973377, -0.87634167, -0.60408163,
        0.05086694, -0.57865727, -1.17217947, -0.69096158,  0.11589935,
        0.72468916,  0.96572284,  0.03209456,  0.21225478, -0.37109293,
        1.12724113, -0.34072375,  0.0186484 ])
