Program Begingeth
      fun: 0.29021636306826615
 hess_inv: array([[ 1.28432435e+00, -3.40518817e-02, -9.96290122e-02,
        -1.43909371e-01,  2.47034895e-01, -3.12328695e-01,
        -1.07269790e-01,  1.20431951e+00, -1.80777989e+00,
         2.86992244e-01, -1.21783970e-02,  1.37057148e+00,
        -8.31086764e-01,  1.45254922e-01, -5.50843186e-01,
        -1.49358889e-01, -4.37871557e-02, -1.44784574e-01],
       [-3.40518817e-02,  1.48168760e+00, -1.88431445e-01,
        -2.64466069e-01, -1.94835644e-01, -2.50613666e-01,
        -1.10024317e+00,  1.79802942e-01,  1.71664374e-01,
         1.35358416e-01,  6.15335943e-01, -7.95774406e-02,
        -2.10408930e-01, -1.09280341e+00,  3.15562974e-03,
        -1.06104557e-02, -2.05696003e-01,  2.31655123e-01],
       [-9.96290122e-02, -1.88431445e-01,  9.89826964e-01,
         1.86315907e-01,  2.15437261e-01, -8.32157379e-02,
         1.22323201e+00,  1.10042786e-01,  6.47488296e-02,
        -9.18064393e-01, -1.09063719e-01, -5.33395769e-02,
         3.77810396e-01,  2.90327168e-01, -6.15208880e-01,
         4.83578456e-02, -2.20090945e-02, -1.91038035e-01],
       [-1.43909371e-01, -2.64466069e-01,  1.86315907e-01,
         2.30157322e-01, -3.77258133e-02,  9.22965168e-03,
         5.34065632e-01, -7.67954369e-01, -3.90452173e-02,
        -2.57722498e-01,  1.26924144e-01, -7.18286082e-02,
         3.57564850e-01,  1.00697181e-01, -8.06881674e-02,
         7.24220260e-02,  7.16512962e-03, -4.45086666e-02],
       [ 2.47034895e-01, -1.94835644e-01,  2.15437261e-01,
        -3.77258133e-02,  2.52191600e-01, -1.16030246e-02,
         4.88484615e-01,  9.65031871e-01, -1.88401963e-01,
        -1.00265092e-01, -3.20099501e-01,  2.82914929e-01,
        -1.73334339e-01,  3.76783815e-01, -2.16359087e-01,
        -3.22140644e-02,  6.52275348e-02, -9.23889133e-02],
       [-3.12328695e-01, -2.50613666e-01, -8.32157379e-02,
         9.22965168e-03, -1.16030246e-02,  2.50663578e-01,
         8.65337218e-02, -1.15301978e-01,  9.09370411e-01,
         1.88402278e-02, -3.63640370e-01, -3.26628628e-01,
         1.56465304e-01,  2.29257406e-01,  3.15542191e-01,
         4.08316127e-02,  7.04399798e-02,  3.57075928e-02],
       [-1.07269790e-01, -1.10024317e+00,  1.22323201e+00,
         5.34065632e-01,  4.88484615e-01,  8.65337218e-02,
         3.68554966e+00,  2.73811725e-01,  5.68809788e-02,
        -9.14585233e-01, -6.14769883e-01,  2.03842869e-01,
         5.76835776e-01,  1.16607383e+00, -6.97777200e-01,
         7.89705629e-02,  1.64080461e-01, -3.24771471e-01],
       [ 1.20431951e+00,  1.79802942e-01,  1.10042786e-01,
        -7.67954369e-01,  9.65031871e-01, -1.15301978e-01,
         2.73811725e-01,  6.93317624e+00, -8.54528374e-01,
         5.46630474e-01, -7.60542105e-01,  1.00830537e+00,
        -1.65435980e+00,  6.47507588e-01, -3.85109817e-01,
        -3.64058204e-01,  1.06787262e-01, -8.18446087e-02],
       [-1.80777989e+00,  1.71664374e-01,  6.47488296e-02,
        -3.90452173e-02, -1.88401963e-01,  9.09370411e-01,
         5.68809788e-02, -8.54528374e-01,  6.25921887e+00,
        -5.47216972e-01, -1.14924290e+00, -1.50999081e+00,
         1.00825023e+00,  1.24784387e-01,  8.97290142e-01,
         2.65965235e-01,  9.77061203e-02,  1.64277680e-01],
       [ 2.86992244e-01,  1.35358416e-01, -9.18064393e-01,
        -2.57722498e-01, -1.00265092e-01,  1.88402278e-02,
        -9.14585233e-01,  5.46630474e-01, -5.47216972e-01,
         1.20659809e+00, -1.86228591e-03,  2.19579139e-01,
        -6.60321655e-01, -1.50956909e-01,  4.83628734e-01,
        -1.22758485e-01,  5.60684066e-02,  1.40422501e-01],
       [-1.21783970e-02,  6.15335943e-01, -1.09063719e-01,
         1.26924144e-01, -3.20099501e-01, -3.63640370e-01,
        -6.14769883e-01, -7.60542105e-01, -1.14924290e+00,
        -1.86228591e-03,  1.98297633e+00, -1.57618201e-01,
         9.69218658e-02, -1.10723268e+00, -4.27786726e-02,
        -1.07988169e-01, -2.22112561e-01,  2.23248697e-01],
       [ 1.37057148e+00, -7.95774406e-02, -5.33395769e-02,
        -7.18286082e-02,  2.82914929e-01, -3.26628628e-01,
         2.03842869e-01,  1.00830537e+00, -1.50999081e+00,
         2.19579139e-01, -1.57618201e-01,  1.83762796e+00,
        -7.69018791e-01,  2.39263330e-01, -7.61505494e-01,
        -1.00421401e-01, -5.04685616e-02, -2.24730395e-01],
       [-8.31086764e-01, -2.10408930e-01,  3.77810396e-01,
         3.57564850e-01, -1.73334339e-01,  1.56465304e-01,
         5.76835776e-01, -1.65435980e+00,  1.00825023e+00,
        -6.60321655e-01,  9.69218658e-02, -7.69018791e-01,
         9.51345781e-01,  1.05789907e-02,  1.02646367e-01,
         2.12881612e-01,  5.06757374e-03,  2.06356672e-03],
       [ 1.45254922e-01, -1.09280341e+00,  2.90327168e-01,
         1.00697181e-01,  3.76783815e-01,  2.29257406e-01,
         1.16607383e+00,  6.47507588e-01,  1.24784387e-01,
        -1.50956909e-01, -1.10723268e+00,  2.39263330e-01,
         1.05789907e-02,  1.19319422e+00, -1.28905567e-01,
         2.40453310e-02,  2.49410186e-01, -2.42719329e-01],
       [-5.50843186e-01,  3.15562974e-03, -6.15208880e-01,
        -8.06881674e-02, -2.16359087e-01,  3.15542191e-01,
        -6.97777200e-01, -3.85109817e-01,  8.97290142e-01,
         4.83628734e-01, -4.27786726e-02, -7.61505494e-01,
         1.02646367e-01, -1.28905567e-01,  8.46366892e-01,
         2.00134403e-02,  6.87747585e-02,  2.49402455e-01],
       [-1.49358889e-01, -1.06104557e-02,  4.83578456e-02,
         7.24220260e-02, -3.22140644e-02,  4.08316127e-02,
         7.89705629e-02, -3.64058204e-01,  2.65965235e-01,
        -1.22758485e-01, -1.07988169e-01, -1.00421401e-01,
         2.12881612e-01,  2.40453310e-02,  2.00134403e-02,
         8.37811953e-02,  4.72026105e-03, -6.94087168e-03],
       [-4.37871557e-02, -2.05696003e-01, -2.20090945e-02,
         7.16512962e-03,  6.52275348e-02,  7.04399798e-02,
         1.64080461e-01,  1.06787262e-01,  9.77061203e-02,
         5.60684066e-02, -2.22112561e-01, -5.04685616e-02,
         5.06757374e-03,  2.49410186e-01,  6.87747585e-02,
         4.72026105e-03,  8.67988341e-02, -1.96067738e-02],
       [-1.44784574e-01,  2.31655123e-01, -1.91038035e-01,
        -4.45086666e-02, -9.23889133e-02,  3.57075928e-02,
        -3.24771471e-01, -8.18446087e-02,  1.64277680e-01,
         1.40422501e-01,  2.23248697e-01, -2.24730395e-01,
         2.06356672e-03, -2.42719329e-01,  2.49402455e-01,
        -6.94087168e-03, -1.96067738e-02,  1.39105601e-01]])
      jac: array([-3.11602596e-06, -3.45279361e-06,  1.30636243e-06,  9.06053010e-06,
        8.85772937e-06,  1.71640480e-06, -1.78560870e-06, -2.08721929e-07,
       -4.39648318e-07, -1.80966353e-07, -3.69334193e-06,  6.35417645e-07,
       -2.58867002e-06, -8.95949981e-06, -1.79264011e-06, -4.36391664e-06,
        5.66879876e-06,  3.71813691e-06])
  message: 'Optimization terminated successfully.'
     nfev: 817
      nit: 34
     njev: 43
   status: 0
  success: True
        x: array([ 0.6171082 , -0.0862251 ,  0.49158669,  0.2092658 , -1.19696463,
       -0.61109107,  1.25403202, -1.672661  , -0.81267996, -0.89996914,
        0.03845805,  0.56894053,  0.11712699,  0.00746839, -0.35917221,
        0.07373445,  1.46864911, -0.67819705])
