Program Begingeth
      fun: 0.28122257297157033
 hess_inv: array([[ 6.60841025e+00,  1.15115766e+00, -2.76255374e-01,
         2.32593015e+00,  6.01724281e-01, -8.19842413e-01,
         8.11375912e+00,  2.24783360e+00,  1.55856802e-01,
         9.39457325e-02,  9.60885765e-01, -4.30296706e-01,
        -7.19219164e-01, -3.65386447e-01, -2.30222294e-01,
         4.16781274e-01, -1.71890698e-01,  5.36851004e-01],
       [ 1.15115766e+00,  1.83339892e+00,  3.55724295e-02,
         3.65083673e-01,  7.17820406e-01, -2.29109321e-01,
         2.68847130e-01, -6.65469788e-01, -5.01897285e-02,
         9.07715190e-01,  2.20365603e-01, -4.88426055e-01,
        -3.71467747e-01, -1.06069817e-01, -6.79399066e-02,
        -5.36517475e-02, -7.18285136e-02,  8.71172506e-02],
       [-2.76255374e-01,  3.55724295e-02,  1.08007427e+00,
        -5.74817830e-02,  2.13234374e-02,  4.46926658e-01,
         1.68536866e-01,  2.61447385e-01,  4.43313595e-01,
        -9.83665479e-02,  2.72807692e-01, -4.57419458e-01,
         9.26784034e-02, -1.63724233e-02,  7.55348976e-02,
         3.16947267e-02,  7.44563897e-02,  1.71367427e-02],
       [ 2.32593015e+00,  3.65083673e-01, -5.74817830e-02,
         8.36456565e-01,  1.94809358e-01, -2.69437019e-01,
         2.60374081e+00,  8.32146435e-01,  7.64860715e-02,
        -2.62901536e-02,  3.95263265e-01, -1.63280340e-01,
        -2.13704205e-01, -1.35676501e-01, -9.85419054e-02,
         1.37828789e-01, -4.83184196e-02,  1.59298126e-01],
       [ 6.01724281e-01,  7.17820406e-01,  2.13234374e-02,
         1.94809358e-01,  2.98245717e-01, -9.82772498e-02,
         4.55604960e-01, -1.52181517e-01,  3.30423940e-02,
         3.11470692e-01,  9.21244302e-02, -1.72607401e-01,
        -1.61045397e-01, -3.08399403e-02, -2.87903805e-02,
        -7.12582632e-03, -2.31709249e-02,  5.81376022e-02],
       [-8.19842413e-01, -2.29109321e-01,  4.46926658e-01,
        -2.69437019e-01, -9.82772498e-02,  2.90244007e-01,
        -6.53166006e-01,  1.44679448e-02,  1.18879340e-01,
        -1.94952067e-01, -9.70602517e-02, -9.21814178e-02,
         1.55966255e-01,  5.85618751e-02,  7.92122280e-02,
        -7.86854391e-03,  5.62724663e-02, -4.66607868e-02],
       [ 8.11375912e+00,  2.68847130e-01,  1.68536866e-01,
         2.60374081e+00,  4.55604960e-01, -6.53166006e-01,
         3.66103137e+01,  7.15401715e-01, -2.33015658e+00,
         1.65892348e+00, -2.13785210e+00,  1.72058060e+00,
        -1.84162232e+00,  3.86217501e-01,  1.04841137e+00,
         2.51244071e+00, -5.17602295e-01,  2.77026867e+00],
       [ 2.24783360e+00, -6.65469788e-01,  2.61447385e-01,
         8.32146435e-01, -1.52181517e-01,  1.44679448e-02,
         7.15401715e-01,  8.48160687e+00,  2.05421552e+00,
        -2.09394894e+00, -2.92864892e-01, -1.31818982e+00,
         4.03491796e-01, -1.81755922e-03, -2.03074551e-02,
         1.42764752e-01,  5.30934083e-01, -1.11019341e-01],
       [ 1.55856802e-01, -5.01897285e-02,  4.43313595e-01,
         7.64860715e-02,  3.30423940e-02,  1.18879340e-01,
        -2.33015658e+00,  2.05421552e+00,  5.00994137e+00,
        -7.46160476e-01,  1.13285597e+00, -1.31465814e+00,
         1.20963690e-01, -1.99097761e-01, -6.90627961e-02,
        -2.86262735e-01,  1.89330043e-01,  6.55556527e-02],
       [ 9.39457325e-02,  9.07715190e-01, -9.83665479e-02,
        -2.62901536e-02,  3.11470692e-01, -1.94952067e-01,
         1.65892348e+00, -2.09394894e+00, -7.46160476e-01,
         1.90663440e+00, -1.89845046e-02,  1.67607287e-01,
        -5.50134019e-01, -1.98241785e-02,  9.04202834e-02,
         6.17653654e-02, -1.35724434e-01,  3.19686641e-01],
       [ 9.60885765e-01,  2.20365603e-01,  2.72807692e-01,
         3.95263265e-01,  9.21244302e-02, -9.70602517e-02,
        -2.13785210e+00, -2.92864892e-01,  1.13285597e+00,
        -1.89845046e-02,  1.55781307e+00, -4.78204685e-01,
        -4.32994960e-02, -3.46216716e-01, -3.10570190e-01,
        -2.56284139e-01, -3.70347641e-02, -1.84891767e-01],
       [-4.30296706e-01, -4.88426055e-01, -4.57419458e-01,
        -1.63280340e-01, -1.72607401e-01, -9.21814178e-02,
         1.72058060e+00, -1.31818982e+00, -1.31465814e+00,
         1.67607287e-01, -4.78204685e-01,  1.10419602e+00,
        -5.13047656e-02,  1.65161559e-01,  1.25858425e-02,
         1.17526932e-01, -7.98978077e-02,  9.63307276e-02],
       [-7.19219164e-01, -3.71467747e-01,  9.26784034e-02,
        -2.13704205e-01, -1.61045397e-01,  1.55966255e-01,
        -1.84162232e+00,  4.03491796e-01,  1.20963690e-01,
        -5.50134019e-01, -4.32994960e-02, -5.13047656e-02,
         2.81995794e-01,  2.88285005e-02, -2.12965404e-02,
        -6.94912821e-02,  7.19383220e-02, -1.96616353e-01],
       [-3.65386447e-01, -1.06069817e-01, -1.63724233e-02,
        -1.35676501e-01, -3.08399403e-02,  5.85618751e-02,
         3.86217501e-01, -1.81755922e-03, -1.99097761e-01,
        -1.98241785e-02, -3.46216716e-01,  1.65161559e-01,
         2.88285005e-02,  1.13275850e-01,  6.93290326e-02,
         4.58186698e-02,  3.34070008e-02,  3.92211017e-02],
       [-2.30222294e-01, -6.79399066e-02,  7.55348976e-02,
        -9.85419054e-02, -2.87903805e-02,  7.92122280e-02,
         1.04841137e+00, -2.03074551e-02, -6.90627961e-02,
         9.04202834e-02, -3.10570190e-01,  1.25858425e-02,
        -2.12965404e-02,  6.93290326e-02,  1.36096170e-01,
         9.99340405e-02,  2.09274677e-04,  1.20861122e-01],
       [ 4.16781274e-01, -5.36517475e-02,  3.16947267e-02,
         1.37828789e-01, -7.12582632e-03, -7.86854391e-03,
         2.51244071e+00,  1.42764752e-01, -2.86262735e-01,
         6.17653654e-02, -2.56284139e-01,  1.17526932e-01,
        -6.94912821e-02,  4.58186698e-02,  9.99340405e-02,
         2.15130946e-01, -2.31497039e-02,  1.77068918e-01],
       [-1.71890698e-01, -7.18285136e-02,  7.44563897e-02,
        -4.83184196e-02, -2.31709249e-02,  5.62724663e-02,
        -5.17602295e-01,  5.30934083e-01,  1.89330043e-01,
        -1.35724434e-01, -3.70347641e-02, -7.98978077e-02,
         7.19383220e-02,  3.34070008e-02,  2.09274677e-04,
        -2.31497039e-02,  7.73726799e-02, -4.15204200e-02],
       [ 5.36851004e-01,  8.71172506e-02,  1.71367427e-02,
         1.59298126e-01,  5.81376022e-02, -4.66607868e-02,
         2.77026867e+00, -1.11019341e-01,  6.55556527e-02,
         3.19686641e-01, -1.84891767e-01,  9.63307276e-02,
        -1.96616353e-01,  3.92211017e-02,  1.20861122e-01,
         1.77068918e-01, -4.15204200e-02,  2.80630761e-01]])
      jac: array([-6.38082180e-06,  4.04454248e-06, -7.34116471e-06,  1.76910338e-05,
       -9.64968846e-06,  1.60578958e-05,  1.33078733e-06, -2.70894418e-07,
       -2.00543286e-06, -1.57244588e-06, -6.18394225e-07, -4.61704749e-06,
       -8.17235168e-06,  3.42762855e-06, -1.26221256e-05, -1.23123733e-05,
        7.96622028e-06,  1.44588045e-06])
  message: 'Maximum number of iterations has been exceeded.'
     nfev: 2185
      nit: 100
     njev: 115
   status: 1
  success: False
        x: array([-1.28917684, -0.84462356,  0.53858282, -1.47810296, -0.83529722,
        0.21168402,  1.42468721, -0.43240192,  1.03663121,  0.03327173,
        0.57600382,  0.91050958,  0.08054803,  0.14976601, -0.21457789,
        1.60423332, -0.31860757,  0.09728233])
