Program Begingeth
      fun: 0.30368694333953394
 hess_inv: array([[ 4.63899055e+00,  1.86347336e-01,  9.10802835e-01,
         2.29112364e+00, -6.49940955e-02, -3.08733541e-01,
         3.76308349e+00, -5.19808960e-01, -5.11691488e+00,
         7.54564120e-01,  6.06310548e-01, -6.17004084e-01,
        -2.56097801e-03, -2.72282503e-01, -1.71325680e-01,
         1.03549596e-01, -3.87804096e-02,  4.80926172e-02],
       [ 1.86347336e-01,  1.70534184e+00, -1.86771074e-01,
         1.41983657e-01,  8.63070463e-01, -1.91794674e-01,
         4.92113808e-01,  1.12062632e+00,  1.32471389e+00,
         5.46811793e-01,  4.39596944e-01, -4.89335218e-02,
        -1.58753204e-01,  1.12098839e-02, -1.77548410e-01,
        -9.37379307e-02,  6.07862854e-02,  2.27458971e-02],
       [ 9.10802835e-01, -1.86771074e-01,  1.55336655e+00,
         5.57750340e-01, -1.67836924e-01,  6.31300652e-01,
         1.14911654e+00, -1.95868135e+00, -1.18225344e+00,
         2.56904520e-01, -1.22128655e-01,  1.79014956e-01,
         4.51255569e-02,  1.47441526e-01,  7.19629952e-02,
         1.82346660e-03,  1.04446252e-01,  7.55371637e-02],
       [ 2.29112364e+00,  1.41983657e-01,  5.57750340e-01,
         1.16015192e+00, -7.64144769e-03, -1.01106530e-01,
         2.04584020e+00, -3.83227042e-01, -2.42873099e+00,
         3.88215900e-01,  3.28032655e-01, -2.60425130e-01,
         8.32607263e-03, -1.15836035e-01, -9.49899852e-02,
         4.91500817e-02, -7.36639263e-04,  2.38166364e-02],
       [-6.49940955e-02,  8.63070463e-01, -1.67836924e-01,
        -7.64144769e-03,  4.92276923e-01, -1.26948048e-01,
         5.61359431e-01,  1.04400009e+00,  8.71163110e-01,
         2.43452672e-01,  2.69664738e-01, -2.22474910e-02,
        -1.28908134e-01,  6.47253514e-04, -9.60669312e-02,
        -7.76985311e-02,  7.58010955e-03,  2.16407094e-02],
       [-3.08733541e-01, -1.91794674e-01,  6.31300652e-01,
        -1.01106530e-01, -1.26948048e-01,  4.09638462e-01,
        -3.86290053e-01, -1.10542641e+00,  3.55675997e-01,
        -9.43234264e-02, -2.30229855e-01,  2.02316326e-01,
         8.11444775e-02,  1.37804513e-01,  8.43923058e-02,
         6.30427538e-03,  7.97535436e-02,  1.46832775e-02],
       [ 3.76308349e+00,  4.92113808e-01,  1.14911654e+00,
         2.04584020e+00,  5.61359431e-01, -3.86290053e-01,
         1.04563535e+01,  2.75615415e+00, -4.28135223e+00,
         9.61711524e-01,  1.29479544e+00, -4.30402119e-01,
        -6.24453974e-01, -3.95388308e-01, -2.84198375e-01,
        -2.31216223e-01, -3.88882837e-01,  2.76832603e-01],
       [-5.19808960e-01,  1.12062632e+00, -1.95868135e+00,
        -3.83227042e-01,  1.04400009e+00, -1.10542641e+00,
         2.75615415e+00,  7.58180479e+00,  1.92002161e+00,
         1.29623782e-01,  9.71203767e-01, -8.16496192e-01,
        -5.10307060e-01, -3.63992041e-01, -2.03579804e-01,
        -1.79522565e-01, -2.82357914e-01,  3.95686244e-02],
       [-5.11691488e+00,  1.32471389e+00, -1.18225344e+00,
        -2.42873099e+00,  8.71163110e-01,  3.55675997e-01,
        -4.28135223e+00,  1.92002161e+00,  9.69381511e+00,
        -7.69923393e-01,  2.82895364e-01,  4.97707152e-01,
         4.40048796e-02,  2.88738207e-01, -1.97835885e-02,
        -1.82252908e-01,  2.27881309e-01, -1.37918204e-01],
       [ 7.54564120e-01,  5.46811793e-01,  2.56904520e-01,
         3.88215900e-01,  2.43452672e-01, -9.43234264e-02,
         9.61711524e-01,  1.29623782e-01, -7.69923393e-01,
         1.13154891e+00,  9.47697705e-02, -3.99855389e-02,
        -2.75858507e-01,  7.74790379e-03,  2.72228105e-02,
        -4.68302282e-02,  3.14259851e-02,  2.34276627e-01],
       [ 6.06310548e-01,  4.39596944e-01, -1.22128655e-01,
         3.28032655e-01,  2.69664738e-01, -2.30229855e-01,
         1.29479544e+00,  9.71203767e-01,  2.82895364e-01,
         9.47697705e-02,  8.93374865e-01, -2.40971419e-01,
        -7.04835945e-02, -1.94668297e-01, -2.05359713e-01,
        -4.53750953e-02, -2.64788384e-02, -8.55880587e-02],
       [-6.17004084e-01, -4.89335218e-02,  1.79014956e-01,
        -2.60425130e-01, -2.22474910e-02,  2.02316326e-01,
        -4.30402119e-01, -8.16496192e-01,  4.97707152e-01,
        -3.99855389e-02, -2.40971419e-01,  5.01270075e-01,
        -8.26978788e-03,  1.55116327e-01,  6.25655479e-03,
        -6.23136144e-02,  7.03980856e-02,  3.30485701e-02],
       [-2.56097801e-03, -1.58753204e-01,  4.51255569e-02,
         8.32607263e-03, -1.28908134e-01,  8.11444775e-02,
        -6.24453974e-01, -5.10307060e-01,  4.40048796e-02,
        -2.75858507e-01, -7.04835945e-02, -8.26978788e-03,
         1.67227834e-01,  1.88152690e-02,  3.12792118e-03,
         7.60802535e-02,  4.34631686e-02, -8.11690939e-02],
       [-2.72282503e-01,  1.12098839e-02,  1.47441526e-01,
        -1.15836035e-01,  6.47253514e-04,  1.37804513e-01,
        -3.95388308e-01, -3.63992041e-01,  2.88738207e-01,
         7.74790379e-03, -1.94668297e-01,  1.55116327e-01,
         1.88152690e-02,  1.13052197e-01,  3.88662134e-02,
        -6.99996150e-03,  6.89931512e-02,  2.45670926e-02],
       [-1.71325680e-01, -1.77548410e-01,  7.19629952e-02,
        -9.49899852e-02, -9.60669312e-02,  8.43923058e-02,
        -2.84198375e-01, -2.03579804e-01, -1.97835885e-02,
         2.72228105e-02, -2.05359713e-01,  6.25655479e-03,
         3.12792118e-03,  3.88662134e-02,  9.79224554e-02,
         1.72035781e-02,  5.30164489e-04,  5.94756188e-02],
       [ 1.03549596e-01, -9.37379307e-02,  1.82346660e-03,
         4.91500817e-02, -7.76985311e-02,  6.30427538e-03,
        -2.31216223e-01, -1.79522565e-01, -1.82252908e-01,
        -4.68302282e-02, -4.53750953e-02, -6.23136144e-02,
         7.60802535e-02, -6.99996150e-03,  1.72035781e-02,
         6.42656476e-02,  1.18064111e-02, -2.06138406e-02],
       [-3.87804096e-02,  6.07862854e-02,  1.04446252e-01,
        -7.36639263e-04,  7.58010955e-03,  7.97535436e-02,
        -3.88882837e-01, -2.82357914e-01,  2.27881309e-01,
         3.14259851e-02, -2.64788384e-02,  7.03980856e-02,
         4.34631686e-02,  6.89931512e-02,  5.30164489e-04,
         1.18064111e-02,  8.80746389e-02, -5.85114462e-03],
       [ 4.80926172e-02,  2.27458971e-02,  7.55371637e-02,
         2.38166364e-02,  2.16407094e-02,  1.46832775e-02,
         2.76832603e-01,  3.95686244e-02, -1.37918204e-01,
         2.34276627e-01, -8.55880587e-02,  3.30485701e-02,
        -8.11690939e-02,  2.45670926e-02,  5.94756188e-02,
        -2.06138406e-02, -5.85114462e-03,  1.05009139e-01]])
      jac: array([-6.24196990e-05,  4.08695300e-05,  1.17002704e-05,  1.10527513e-04,
       -8.38366413e-05, -1.59357712e-05, -6.60545692e-06,  6.48370246e-06,
       -5.48154115e-06, -7.64240523e-06,  5.66065713e-06, -8.80850948e-06,
        1.87209507e-05,  4.39777844e-05, -5.14643883e-05, -1.46268183e-05,
       -5.92959015e-05,  9.75993360e-05])
  message: 'Desired error not necessarily achieved due to precision loss.'
     nfev: 1645
      nit: 58
     njev: 86
   status: 2
  success: False
        x: array([-1.62764094, -1.16250053,  0.67687155, -1.42647362, -1.24214427,
        0.36058617, -0.52476469, -1.74682809,  1.0346386 ,  0.05395482,
        0.44312051,  1.22377639,  0.11684223,  0.17465334, -0.25895299,
        1.32268123, -0.25903828,  0.00596485])
