Program Begingeth
      fun: 0.3266104440563163
 hess_inv: array([[ 1.84404950e+01,  4.72372945e+00,  3.37741426e+00,
         5.29742694e+00,  3.09134929e+00,  5.02356400e-01,
         9.25088906e+00, -6.44624406e-01, -5.10041825e+00,
        -1.13452729e+00,  1.14700816e-01, -3.28925063e-01,
        -3.04070601e+00, -3.17479297e-01, -1.76158000e-01,
        -3.37228611e-01, -2.02683556e+00,  4.44243759e-01],
       [ 4.72372945e+00,  4.00393330e+00,  8.22530190e-01,
         1.04552587e+00,  1.87965885e+00,  3.18461239e-01,
         1.51660811e+00,  2.01533280e+00,  1.31456807e-03,
        -4.97147106e-01, -1.52253301e-01, -8.53472940e-01,
        -8.98167108e-01, -2.47911143e-01,  3.10971533e-01,
         4.01027813e-02, -4.86764989e-01,  2.05836966e-01],
       [ 3.37741426e+00,  8.22530190e-01,  4.61517542e+00,
         1.41071962e+00,  2.02961137e-01,  1.60397534e+00,
         5.99214773e+00, -2.67497009e+00,  1.14260496e+00,
        -2.66733854e-01,  8.70067614e-01, -3.26085574e-01,
        -3.26556968e-01, -3.98927876e-01, -2.12248792e-01,
         3.26727971e-02, -3.39697771e-01,  1.80475046e-01],
       [ 5.29742694e+00,  1.04552587e+00,  1.41071962e+00,
         1.68865687e+00,  7.33044490e-01,  3.08716764e-01,
         3.69550543e+00, -5.99876724e-01, -1.46767069e+00,
        -3.15029424e-01,  9.23430588e-02, -5.25495381e-04,
        -7.67820159e-01, -6.64558255e-02, -9.47160810e-02,
        -7.64230704e-02, -5.32351783e-01,  1.23727242e-01],
       [ 3.09134929e+00,  1.87965885e+00,  2.02961137e-01,
         7.33044490e-01,  1.02578489e+00,  4.08648052e-02,
         8.71583032e-01,  1.34800209e+00, -5.43964446e-01,
        -3.36274511e-01, -1.28914839e-01, -2.82237930e-01,
        -5.70772642e-01, -6.27574949e-02,  1.27600310e-01,
        -3.39071129e-02, -3.31826707e-01,  9.96397349e-02],
       [ 5.02356400e-01,  3.18461239e-01,  1.60397534e+00,
         3.08716764e-01,  4.08648052e-02,  6.64275970e-01,
         1.96123570e+00, -5.97644430e-01,  9.70558797e-01,
        -1.82726208e-01,  2.18082279e-01, -1.53115614e-01,
         4.19651270e-02, -1.32658352e-01, -5.98141408e-03,
         5.27017296e-02, -4.38040058e-02,  5.15901877e-02],
       [ 9.25088906e+00,  1.51660811e+00,  5.99214773e+00,
         3.69550543e+00,  8.71583032e-01,  1.96123570e+00,
         1.32219571e+01, -3.23661077e+00, -1.11289035e+00,
        -4.26647255e-01,  5.39525697e-01, -6.68703177e-02,
        -1.00626336e+00, -2.24023089e-01, -2.25390684e-01,
        -3.20403159e-02, -7.76693081e-01,  3.29304215e-01],
       [-6.44624406e-01,  2.01533280e+00, -2.67497009e+00,
        -5.99876724e-01,  1.34800209e+00, -5.97644430e-01,
        -3.23661077e+00,  7.36652930e+00,  1.57725196e-01,
        -8.88810246e-01, -7.37695994e-01, -2.23991736e-01,
         1.20257192e-01,  1.98990913e-01,  5.12434178e-01,
         5.24468404e-02,  4.37363443e-02, -8.27568519e-02],
       [-5.10041825e+00,  1.31456807e-03,  1.14260496e+00,
        -1.46767069e+00, -5.43964446e-01,  9.70558797e-01,
        -1.11289035e+00,  1.57725196e-01,  5.31998962e+00,
        -1.91000035e-01,  2.97381127e-01, -3.87577442e-01,
         9.41548585e-01, -3.02703012e-01,  1.27593621e-01,
         2.33512540e-01,  4.48644949e-01, -1.22192123e-01],
       [-1.13452729e+00, -4.97147106e-01, -2.66733854e-01,
        -3.15029424e-01, -3.36274511e-01, -1.82726208e-01,
        -4.26647255e-01, -8.88810246e-01, -1.91000035e-01,
         9.54258915e-01, -1.18610858e-01,  9.01017281e-02,
        -2.41024540e-02,  8.32675262e-02,  2.80676797e-02,
        -7.86484404e-03,  1.73572599e-01,  1.49509108e-01],
       [ 1.14700816e-01, -1.52253301e-01,  8.70067614e-01,
         9.23430588e-02, -1.28914839e-01,  2.18082279e-01,
         5.39525697e-01, -7.37695994e-01,  2.97381127e-01,
        -1.18610858e-01,  7.90390298e-01, -5.51601170e-02,
         2.33109738e-02, -2.20733148e-01, -2.33943385e-01,
        -1.77783927e-02, -4.13073256e-02, -1.15323871e-01],
       [-3.28925063e-01, -8.53472940e-01, -3.26085574e-01,
        -5.25495381e-04, -2.82237930e-01, -1.53115614e-01,
        -6.68703177e-02, -2.23991736e-01, -3.87577442e-01,
         9.01017281e-02, -5.51601170e-02,  5.06170354e-01,
         6.88526132e-02,  1.51152118e-01, -1.19265441e-01,
        -7.35931551e-02,  7.22331543e-02, -2.44765798e-02],
       [-3.04070601e+00, -8.98167108e-01, -3.26556968e-01,
        -7.67820159e-01, -5.70772642e-01,  4.19651270e-02,
        -1.00626336e+00,  1.20257192e-01,  9.41548585e-01,
        -2.41024540e-02,  2.33109738e-02,  6.88526132e-02,
         6.56050932e-01,  5.45577423e-02,  1.18634252e-02,
         1.12033645e-01,  3.67293834e-01, -1.22311402e-01],
       [-3.17479297e-01, -2.47911143e-01, -3.98927876e-01,
        -6.64558255e-02, -6.27574949e-02, -1.32658352e-01,
        -2.24023089e-01,  1.98990913e-01, -3.02703012e-01,
         8.32675262e-02, -2.20733148e-01,  1.51152118e-01,
         5.45577423e-02,  1.37150730e-01,  3.51671779e-02,
        -1.11924981e-02,  8.40338241e-02,  2.05913635e-02],
       [-1.76158000e-01,  3.10971533e-01, -2.12248792e-01,
        -9.47160810e-02,  1.27600310e-01, -5.98141408e-03,
        -2.25390684e-01,  5.12434178e-01,  1.27593621e-01,
         2.80676797e-02, -2.33943385e-01, -1.19265441e-01,
         1.18634252e-02,  3.51671779e-02,  1.46472670e-01,
         3.40686447e-02,  2.67573516e-02,  6.27465365e-02],
       [-3.37228611e-01,  4.01027813e-02,  3.26727971e-02,
        -7.64230704e-02, -3.39071129e-02,  5.27017296e-02,
        -3.20403159e-02,  5.24468404e-02,  2.33512540e-01,
        -7.86484404e-03, -1.77783927e-02, -7.35931551e-02,
         1.12033645e-01, -1.11924981e-02,  3.40686447e-02,
         6.58551964e-02,  5.31652185e-02, -7.13365724e-03],
       [-2.02683556e+00, -4.86764989e-01, -3.39697771e-01,
        -5.32351783e-01, -3.31826707e-01, -4.38040058e-02,
        -7.76693081e-01,  4.37363443e-02,  4.48644949e-01,
         1.73572599e-01, -4.13073256e-02,  7.22331543e-02,
         3.67293834e-01,  8.40338241e-02,  2.67573516e-02,
         5.31652185e-02,  2.89693146e-01, -3.43262125e-02],
       [ 4.44243759e-01,  2.05836966e-01,  1.80475046e-01,
         1.23727242e-01,  9.96397349e-02,  5.15901877e-02,
         3.29304215e-01, -8.27568519e-02, -1.22192123e-01,
         1.49509108e-01, -1.15323871e-01, -2.44765798e-02,
        -1.22311402e-01,  2.05913635e-02,  6.27465365e-02,
        -7.13365724e-03, -3.43262125e-02,  1.04138434e-01]])
      jac: array([ 3.25665421e-07, -2.16604512e-06,  2.56905608e-06, -4.68884191e-06,
        1.12909682e-06, -5.22804022e-06,  8.44509648e-07,  4.03381032e-07,
       -1.39147952e-07, -2.55462318e-06, -1.39295982e-06,  1.45513231e-06,
       -8.72154201e-06, -5.45637609e-06, -1.33522822e-06,  1.03176726e-05,
        7.71197920e-06,  1.38444811e-06])
  message: 'Desired error not necessarily achieved due to precision loss.'
     nfev: 1834
      nit: 70
     njev: 96
   status: 2
  success: False
        x: array([-0.60523865, -1.10549605, -0.07129021, -1.17010286, -1.05969978,
       -0.13442479, -1.81317745, -1.29713648, -1.07426834,  0.1211392 ,
        0.41294993,  1.1876226 ,  0.07179769,  0.09570089, -0.28844002,
        1.30873554, -0.59013556,  0.00554457])
