Program Begingeth
      fun: 0.23836637771442618
 hess_inv: array([[ 2.47155047e+00,  1.37434835e-01, -6.80517925e-01,
        -5.71948921e-01,  4.33651356e-01, -3.59409147e-01,
        -6.83680222e-01,  3.09385095e+00, -2.43497169e+00,
         1.52396037e+00, -2.45764758e-01,  2.16209082e+00,
        -2.12559237e+00,  2.12867286e-01, -4.49861445e-01,
        -3.59231314e-01, -9.75552658e-03, -9.01575370e-02],
       [ 1.37434835e-01,  1.71851437e+00, -3.06563185e-01,
        -2.79941220e-01, -2.27431586e-01, -2.56122078e-01,
        -1.12649345e+00,  1.10681042e-01, -4.79405450e-02,
         2.31109262e-01,  7.58198782e-01, -2.16169174e-02,
        -3.13230317e-01, -1.23866164e+00,  5.08282977e-02,
        -8.88485221e-03, -1.91629991e-01,  2.35552522e-01],
       [-6.80517925e-01, -3.06563185e-01,  1.39198222e+00,
         3.19001724e-01,  1.83343840e-01, -8.70008696e-02,
         1.34275263e+00, -2.69130212e-01,  1.56017266e-01,
        -1.39059493e+00, -6.08964190e-02, -3.31572787e-01,
         8.97745277e-01,  3.16802130e-01, -7.42309401e-01,
         1.23634879e-01, -3.23488777e-02, -2.06807229e-01],
       [-5.71948921e-01, -2.79941220e-01,  3.19001724e-01,
         3.26175228e-01, -1.08991362e-01,  4.48636599e-02,
         5.78163014e-01, -1.32863961e+00,  3.19911022e-01,
        -5.58033840e-01,  1.39405572e-01, -3.35620650e-01,
         7.35762139e-01,  6.38677930e-02, -6.26505423e-02,
         1.34303347e-01, -2.65830049e-03, -3.81589673e-02],
       [ 4.33651356e-01, -2.27431586e-01,  1.83343840e-01,
        -1.08991362e-01,  3.14198783e-01, -3.74536892e-02,
         4.64515063e-01,  1.49131957e+00, -4.21775288e-01,
         9.95847822e-02, -3.50230331e-01,  4.13265276e-01,
        -3.93065033e-01,  4.26558486e-01, -2.28409974e-01,
        -7.45670311e-02,  6.71053245e-02, -7.53579248e-02],
       [-3.59409147e-01, -2.56122078e-01, -8.70008696e-02,
         4.48636599e-02, -3.74536892e-02,  2.14190302e-01,
         6.33366735e-02, -2.48072364e-01,  7.80180201e-01,
        -7.99327805e-02, -2.20379957e-01, -3.81265759e-01,
         2.34874876e-01,  1.65210481e-01,  3.08389608e-01,
         4.15577098e-02,  4.56637574e-02,  4.30514494e-02],
       [-6.83680222e-01, -1.12649345e+00,  1.34275263e+00,
         5.78163014e-01,  4.64515063e-01,  6.33366735e-02,
         3.68249820e+00,  3.66866380e-01,  6.34181727e-02,
        -1.10176579e+00, -4.72279393e-01, -1.50157399e-01,
         9.16188910e-01,  1.10550921e+00, -6.29777095e-01,
         1.03204052e-01,  1.43668375e-01, -2.36883591e-01],
       [ 3.09385095e+00,  1.10681042e-01, -2.69130212e-01,
        -1.32863961e+00,  1.49131957e+00, -2.48072364e-01,
         3.66866380e-01,  1.08893935e+01, -2.33583452e+00,
         2.03515329e+00, -1.07705957e+00,  2.22410764e+00,
        -3.56368130e+00,  1.04793295e+00, -5.09699702e-01,
        -7.07041168e-01,  1.66761354e-01, -6.39138646e-02],
       [-2.43497169e+00, -4.79405450e-02,  1.56017266e-01,
         3.19911022e-01, -4.21775288e-01,  7.80180201e-01,
         6.34181727e-02, -2.33583452e+00,  5.23469495e+00,
        -1.28805357e+00, -2.93355938e-01, -2.03871034e+00,
         1.85473772e+00, -1.49630753e-01,  9.30204053e-01,
         3.63556180e-01,  3.23352434e-02,  1.79540881e-01],
       [ 1.52396037e+00,  2.31109262e-01, -1.39059493e+00,
        -5.58033840e-01,  9.95847822e-02, -7.99327805e-02,
        -1.10176579e+00,  2.03515329e+00, -1.28805357e+00,
         2.04717670e+00, -1.35586303e-01,  1.03691329e+00,
        -1.76985591e+00, -5.17373786e-02,  4.38732954e-01,
        -3.06163866e-01,  7.27471919e-02,  1.20439315e-01],
       [-2.45764758e-01,  7.58198782e-01, -6.08964190e-02,
         1.39405572e-01, -3.50230331e-01, -2.20379957e-01,
        -4.72279393e-01, -1.07705957e+00, -2.93355938e-01,
        -1.35586303e-01,  1.76448941e+00, -3.08586740e-01,
         2.47194851e-01, -1.11001378e+00,  3.71084108e-02,
        -7.60172307e-02, -1.89147079e-01,  2.04083513e-01],
       [ 2.16209082e+00, -2.16169174e-02, -3.31572787e-01,
        -3.35620650e-01,  4.13265276e-01, -3.81265759e-01,
        -1.50157399e-01,  2.22410764e+00, -2.03871034e+00,
         1.03691329e+00, -3.08586740e-01,  2.38855163e+00,
        -1.59811180e+00,  3.17844002e-01, -7.67319531e-01,
        -2.21954120e-01, -2.92240755e-02, -1.98874310e-01],
       [-2.12559237e+00, -3.13230317e-01,  8.97745277e-01,
         7.35762139e-01, -3.93065033e-01,  2.34874876e-01,
         9.16188910e-01, -3.56368130e+00,  1.85473772e+00,
        -1.76985591e+00,  2.47194851e-01, -1.59811180e+00,
         2.23344354e+00, -9.48635049e-02,  7.47020809e-02,
         4.29242129e-01, -2.74210447e-02, -1.84157359e-02],
       [ 2.12867286e-01, -1.23866164e+00,  3.16802130e-01,
         6.38677930e-02,  4.26558486e-01,  1.65210481e-01,
         1.10550921e+00,  1.04793295e+00, -1.49630753e-01,
        -5.17373786e-02, -1.11001378e+00,  3.17844002e-01,
        -9.48635049e-02,  1.26209844e+00, -1.84782993e-01,
        -8.48205446e-03,  2.24990028e-01, -2.21694535e-01],
       [-4.49861445e-01,  5.08282977e-02, -7.42309401e-01,
        -6.26505423e-02, -2.28409974e-01,  3.08389608e-01,
        -6.29777095e-01, -5.09699702e-01,  9.30204053e-01,
         4.38732954e-01,  3.71084108e-02, -7.67319531e-01,
         7.47020809e-02, -1.84782993e-01,  8.89055880e-01,
         6.96331739e-03,  5.36427247e-02,  2.44529845e-01],
       [-3.59231314e-01, -8.88485221e-03,  1.23634879e-01,
         1.34303347e-01, -7.45670311e-02,  4.15577098e-02,
         1.03204052e-01, -7.07041168e-01,  3.63556180e-01,
        -3.06163866e-01, -7.60172307e-02, -2.21954120e-01,
         4.29242129e-01, -8.48205446e-03,  6.96331739e-03,
         1.25355429e-01, -4.23319518e-03, -1.06534093e-02],
       [-9.75552658e-03, -1.91629991e-01, -3.23488777e-02,
        -2.65830049e-03,  6.71053245e-02,  4.56637574e-02,
         1.43668375e-01,  1.66761354e-01,  3.23352434e-02,
         7.27471919e-02, -1.89147079e-01, -2.92240755e-02,
        -2.74210447e-02,  2.24990028e-01,  5.36427247e-02,
        -4.23319518e-03,  7.27099672e-02, -1.30042840e-02],
       [-9.01575370e-02,  2.35552522e-01, -2.06807229e-01,
        -3.81589673e-02, -7.53579248e-02,  4.30514494e-02,
        -2.36883591e-01, -6.39138646e-02,  1.79540881e-01,
         1.20439315e-01,  2.04083513e-01, -1.98874310e-01,
        -1.84157359e-02, -2.21694535e-01,  2.44529845e-01,
        -1.06534093e-02, -1.30042840e-02,  1.21408626e-01]])
      jac: array([-1.21641586e-05,  5.26206856e-05, -9.27295278e-06, -6.28739653e-05,
       -7.86387622e-05, -3.76422967e-05,  1.03302552e-05,  8.79296636e-06,
       -1.14358523e-05, -1.43629553e-05,  4.66996812e-05,  1.05041901e-05,
        2.42811327e-05,  1.30934337e-04,  7.72918766e-05, -1.79874634e-06,
       -1.10964941e-04, -9.33895554e-05])
  message: 'Desired error not necessarily achieved due to precision loss.'
     nfev: 1266
      nit: 36
     njev: 66
   status: 2
  success: False
        x: array([ 0.58792624, -0.06974705,  0.49055008,  0.20815021, -1.14325291,
       -0.48256721,  1.1854916 , -1.6171284 , -0.69879427, -0.88203954,
        0.06955564,  0.54720585,  0.12931082, -0.00960054, -0.19699502,
        0.07434753,  1.39429389, -0.5345802 ])
