Program Begingeth
      fun: 0.2659349727171052
 hess_inv: array([[ 5.20872287e+00,  4.95729467e-01,  1.26362695e+00,
         2.57402457e+00,  3.02501331e-01, -1.23997768e-01,
         7.97307959e+00,  2.05982294e+00, -3.80515838e+00,
         5.68171408e-01,  7.87355645e-01, -5.78395298e-01,
        -2.44115429e-01, -3.52640646e-01, -1.94571978e-01,
         5.05215022e-02, -1.91515203e-01,  9.93241080e-02],
       [ 4.95729467e-01,  1.78641288e+00, -1.36520588e-02,
         2.90665375e-01,  8.72571546e-01, -1.69366648e-01,
         1.78218743e+00,  8.11779155e-01,  1.03424746e+00,
         7.01188862e-01,  4.86011785e-01, -1.21938276e-01,
        -2.60143473e-01, -3.44713112e-02, -1.66420620e-01,
        -9.49105825e-02,  1.33656060e-02,  6.21202670e-02],
       [ 1.26362695e+00, -1.36520588e-02,  1.78924210e+00,
         7.03940838e-01, -3.92518735e-02,  6.82399796e-01,
         2.44125205e+00, -1.56187262e+00, -1.54518586e+00,
         2.06258143e-01, -3.47820344e-02,  2.23249999e-01,
        -3.55504139e-02,  1.00004584e-01,  5.46442450e-02,
        -3.58901072e-03,  2.57447779e-02,  9.61916529e-02],
       [ 2.57402457e+00,  2.90665375e-01,  7.03940838e-01,
         1.29134584e+00,  1.72985225e-01, -2.80803410e-02,
         4.17487506e+00,  9.13875995e-01, -1.80107490e+00,
         2.79018585e-01,  4.32922365e-01, -2.61533681e-01,
        -1.20742967e-01, -1.69854787e-01, -1.06236969e-01,
         2.14477505e-02, -9.03149990e-02,  5.01316773e-02],
       [ 3.02501331e-01,  8.72571546e-01, -3.92518735e-02,
         1.72985225e-01,  4.62982885e-01, -1.27283097e-01,
         1.51504625e+00,  8.77386321e-01,  5.58888257e-01,
         3.43562604e-01,  3.08779565e-01, -1.34067295e-01,
        -1.75990240e-01, -4.83538599e-02, -8.95611098e-02,
        -6.04972133e-02, -1.97307582e-02,  4.29367263e-02],
       [-1.23997768e-01, -1.69366648e-01,  6.82399796e-01,
        -2.80803410e-02, -1.27283097e-01,  3.84848563e-01,
        -5.53859994e-01, -1.32644771e+00, -2.22886571e-01,
        -7.05060015e-02, -2.07154636e-01,  2.23166153e-01,
         8.77533029e-02,  1.25889264e-01,  7.27200237e-02,
         1.20964911e-02,  6.42597611e-02,  1.45560037e-02],
       [ 7.97307959e+00,  1.78218743e+00,  2.44125205e+00,
         4.17487506e+00,  1.51504625e+00, -5.53859994e-01,
         2.78623516e+01,  9.30571536e+00, -3.87281798e+00,
         1.21771144e+00,  2.90627957e+00, -1.77492901e+00,
        -1.57101621e+00, -1.17046339e+00, -5.50556151e-01,
        -3.27950776e-01, -9.35577177e-01,  5.10311676e-01],
       [ 2.05982294e+00,  8.11779155e-01, -1.56187262e+00,
         9.13875995e-01,  8.77386321e-01, -1.32644771e+00,
         9.30571536e+00,  1.03483470e+01,  8.82040207e-01,
         6.05034865e-01,  1.18588903e+00, -2.08350836e+00,
        -7.50907818e-01, -7.67527910e-01, -1.33812909e-01,
        -4.52832367e-02, -4.70336423e-01,  1.80017572e-01],
       [-3.80515838e+00,  1.03424746e+00, -1.54518586e+00,
        -1.80107490e+00,  5.58888257e-01, -2.22886571e-01,
        -3.87281798e+00,  8.82040207e-01,  7.63066866e+00,
        -2.95550726e-01,  8.85698610e-01, -4.24307205e-01,
         2.71622154e-02, -3.55255740e-02, -9.99903093e-02,
        -1.35178650e-01,  1.38304834e-01, -1.35831217e-01],
       [ 5.68171408e-01,  7.01188862e-01,  2.06258143e-01,
         2.79018585e-01,  3.43562604e-01, -7.05060015e-02,
         1.21771144e+00,  6.05034865e-01, -2.95550726e-01,
         1.20721403e+00,  6.93585505e-02, -3.94148816e-02,
        -3.34065959e-01,  1.29991189e-02,  3.20881141e-02,
        -3.71127021e-02,  2.92077609e-02,  2.23224299e-01],
       [ 7.87355645e-01,  4.86011785e-01, -3.47820344e-02,
         4.32922365e-01,  3.08779565e-01, -2.07154636e-01,
         2.90627957e+00,  1.18588903e+00,  8.85698610e-01,
         6.93585505e-02,  1.02251782e+00, -3.50494591e-01,
        -1.58939852e-01, -2.57032708e-01, -2.08516052e-01,
        -6.70953946e-02, -7.90426158e-02, -5.13884289e-02],
       [-5.78395298e-01, -1.21938276e-01,  2.23249999e-01,
        -2.61533681e-01, -1.34067295e-01,  2.23166153e-01,
        -1.77492901e+00, -2.08350836e+00, -4.24307205e-01,
        -3.94148816e-02, -3.50494591e-01,  7.29153805e-01,
         8.40158808e-02,  2.10939425e-01, -3.49477906e-03,
        -3.91300261e-02,  1.06886610e-01, -1.62894423e-03],
       [-2.44115429e-01, -2.60143473e-01, -3.55504139e-02,
        -1.20742967e-01, -1.75990240e-01,  8.77533029e-02,
        -1.57101621e+00, -7.50907818e-01,  2.71622154e-02,
        -3.34065959e-01, -1.58939852e-01,  8.40158808e-02,
         2.06297722e-01,  5.88784381e-02,  2.19093067e-02,
         6.26835838e-02,  5.47439559e-02, -8.37109146e-02],
       [-3.52640646e-01, -3.44713112e-02,  1.00004584e-01,
        -1.69854787e-01, -4.83538599e-02,  1.25889264e-01,
        -1.17046339e+00, -7.67527910e-01, -3.55255740e-02,
         1.29991189e-02, -2.57032708e-01,  2.10939425e-01,
         5.88784381e-02,  1.30221365e-01,  4.53873865e-02,
         4.92592085e-03,  7.72874862e-02,  9.15354745e-03],
       [-1.94571978e-01, -1.66420620e-01,  5.46442450e-02,
        -1.06236969e-01, -8.95611098e-02,  7.27200237e-02,
        -5.50556151e-01, -1.33812909e-01, -9.99903093e-02,
         3.20881141e-02, -2.08516052e-01, -3.49477906e-03,
         2.19093067e-02,  4.53873865e-02,  8.82364396e-02,
         2.28774976e-02,  1.37848785e-02,  4.31074858e-02],
       [ 5.05215022e-02, -9.49105825e-02, -3.58901072e-03,
         2.14477505e-02, -6.04972133e-02,  1.20964911e-02,
        -3.27950776e-01, -4.52832367e-02, -1.35178650e-01,
        -3.71127021e-02, -6.70953946e-02, -3.91300261e-02,
         6.26835838e-02,  4.92592085e-03,  2.28774976e-02,
         4.83840129e-02,  1.02046819e-02, -1.17067963e-02],
       [-1.91515203e-01,  1.33656060e-02,  2.57447779e-02,
        -9.03149990e-02, -1.97307582e-02,  6.42597611e-02,
        -9.35577177e-01, -4.70336423e-01,  1.38304834e-01,
         2.92077609e-02, -7.90426158e-02,  1.06886610e-01,
         5.47439559e-02,  7.72874862e-02,  1.37848785e-02,
         1.02046819e-02,  7.62373969e-02, -9.13869228e-03],
       [ 9.93241080e-02,  6.21202670e-02,  9.61916529e-02,
         5.01316773e-02,  4.29367263e-02,  1.45560037e-02,
         5.10311676e-01,  1.80017572e-01, -1.35831217e-01,
         2.23224299e-01, -5.13884289e-02, -1.62894423e-03,
        -8.37109146e-02,  9.15354745e-03,  4.31074858e-02,
        -1.17067963e-02, -9.13869228e-03,  8.41299203e-02]])
      jac: array([ 2.91862830e-05, -2.36162941e-05, -3.98425737e-05, -6.92479407e-05,
        7.61350242e-05,  4.49470091e-05,  1.18161037e-05, -8.38255391e-06,
       -6.72240042e-06,  4.26159108e-05, -8.89769740e-06,  1.12428585e-06,
        1.53000945e-04, -5.00544051e-05,  1.95673107e-05, -1.04878328e-04,
        1.64720089e-06, -6.69316454e-06])
  message: 'Desired error not necessarily achieved due to precision loss.'
     nfev: 2234
      nit: 67
     njev: 117
   status: 2
  success: False
        x: array([-1.83751728, -1.05114603,  0.56029285, -1.64859381, -1.0919134 ,
        0.30417806, -0.48424975, -1.28326044,  1.04977224,  0.05813254,
        0.51538023,  1.11210843,  0.12924553,  0.25588433, -0.23151327,
        1.46445717, -0.03929305,  0.02187171])
