Program Begingeth
      fun: 0.3278469916714517
 hess_inv: array([[ 6.34029884e+00,  7.45431146e-01,  1.21073950e-01,
         2.91856915e+00,  4.36205440e-01, -8.71579424e-01,
         9.80454392e+00,  2.62132967e+00, -5.71720209e+00,
         7.15394421e-01,  5.86977527e-01, -9.84426887e-01,
        -4.48458605e-01, -4.88553653e-01, -2.14064324e-01,
         1.63304475e-01, -4.17261409e-01,  1.39232152e-01],
       [ 7.45431146e-01,  2.24949966e+00, -2.78013731e-02,
         3.81057518e-01,  1.10344061e+00, -2.16766084e-01,
         1.99486673e+00,  1.25170867e+00,  1.63888528e+00,
         8.32004563e-01,  4.08348405e-01, -2.36194217e-01,
        -3.15012026e-01, -3.41072598e-03, -1.83436549e-01,
        -9.57249927e-02,  2.36184198e-02,  1.14210562e-01],
       [ 1.21073950e-01, -2.78013731e-02,  1.48187674e+00,
         1.54609401e-01, -5.22715606e-02,  6.89687983e-01,
         1.17018004e-01, -1.98357687e+00, -4.27073121e-01,
         2.20436739e-01, -1.81555750e-01,  2.85019437e-01,
         4.13804473e-02,  2.02129150e-01,  7.26509980e-02,
        -1.85317776e-02,  8.89006058e-02,  5.96339436e-02],
       [ 2.91856915e+00,  3.81057518e-01,  1.54609401e-01,
         1.36681997e+00,  2.17668459e-01, -3.54119798e-01,
         4.63484528e+00,  1.05969420e+00, -2.53107782e+00,
         3.38339163e-01,  2.95161368e-01, -4.17581540e-01,
        -1.92626582e-01, -2.09241576e-01, -1.07198764e-01,
         7.76202107e-02, -1.77730259e-01,  6.45475021e-02],
       [ 4.36205440e-01,  1.10344061e+00, -5.22715606e-02,
         2.17668459e-01,  6.22519705e-01, -1.73661441e-01,
         2.63543244e+00,  1.39004365e+00,  8.34198824e-01,
         3.75765122e-01,  2.65401087e-01, -2.17281118e-01,
        -2.71157903e-01, -4.56662156e-02, -8.34369686e-02,
        -6.26394201e-02, -6.69913443e-02,  1.07198091e-01],
       [-8.71579424e-01, -2.16766084e-01,  6.89687983e-01,
        -3.54119798e-01, -1.73661441e-01,  5.05216061e-01,
        -2.36949561e+00, -1.71236251e+00,  6.10126922e-01,
        -9.18017991e-02, -2.34876449e-01,  3.26882826e-01,
         1.85985448e-01,  1.93919093e-01,  7.65094697e-02,
        -1.34695017e-02,  1.47108908e-01, -3.06125807e-02],
       [ 9.80454392e+00,  1.99486673e+00,  1.17018004e-01,
         4.63484528e+00,  2.63543244e+00, -2.36949561e+00,
         5.29498993e+01,  1.81706271e+01, -6.00841953e+00,
         9.36673785e-01,  2.41626444e+00, -3.50867399e+00,
        -3.35940364e+00, -1.74574643e+00, -1.40036721e-01,
        -9.31156902e-02, -2.46557047e+00,  1.50068281e+00],
       [ 2.62132967e+00,  1.25170867e+00, -1.98357687e+00,
         1.05969420e+00,  1.39004365e+00, -1.71236251e+00,
         1.81706271e+01,  1.22363191e+01,  2.26094438e-01,
         1.17881144e-01,  1.08472084e+00, -2.20965953e+00,
        -1.29819597e+00, -8.72175067e-01, -3.56864863e-02,
         2.21857106e-02, -9.14353312e-01,  5.08175926e-01],
       [-5.71720209e+00,  1.63888528e+00, -4.27073121e-01,
        -2.53107782e+00,  8.34198824e-01,  6.10126922e-01,
        -6.00841953e+00,  2.26094438e-01,  1.21599621e+01,
        -3.07010766e-01,  1.07476536e+00,  1.09139125e-01,
         1.43729207e-01,  1.68023323e-01, -9.00687621e-02,
        -2.77354279e-01,  3.71915025e-01, -3.33825682e-02],
       [ 7.15394421e-01,  8.32004563e-01,  2.20436739e-01,
         3.38339163e-01,  3.75765122e-01, -9.18017991e-02,
         9.36673785e-01,  1.17881144e-01, -3.07010766e-01,
         1.34134451e+00, -3.47371669e-02, -9.21802008e-03,
        -3.45689130e-01,  6.13293499e-02,  1.77631548e-02,
        -4.04873127e-02,  5.03177676e-02,  2.53715815e-01],
       [ 5.86977527e-01,  4.08348405e-01, -1.81555750e-01,
         2.95161368e-01,  2.65401087e-01, -2.34876449e-01,
         2.41626444e+00,  1.08472084e+00,  1.07476536e+00,
        -3.47371669e-02,  9.16198939e-01, -3.51100344e-01,
        -1.27888395e-01, -2.56552314e-01, -1.86624816e-01,
        -2.79236228e-02, -1.05619487e-01, -5.17547878e-02],
       [-9.84426887e-01, -2.36194217e-01,  2.85019437e-01,
        -4.17581540e-01, -2.17281118e-01,  3.26882826e-01,
        -3.50867399e+00, -2.20965953e+00,  1.09139125e-01,
        -9.21802008e-03, -3.51100344e-01,  7.73369426e-01,
         1.93516105e-01,  2.63871470e-01, -1.69966402e-02,
        -6.30634584e-02,  2.17942521e-01, -6.43932887e-02],
       [-4.48458605e-01, -3.15012026e-01,  4.13804473e-02,
        -1.92626582e-01, -2.71157903e-01,  1.85985448e-01,
        -3.35940364e+00, -1.29819597e+00,  1.43729207e-01,
        -3.45689130e-01, -1.27888395e-01,  1.93516105e-01,
         3.43053980e-01,  9.10012151e-02, -1.63260277e-03,
         6.05972769e-02,  1.56628789e-01, -1.63358243e-01],
       [-4.88553653e-01, -3.41072598e-03,  2.02129150e-01,
        -2.09241576e-01, -4.56662156e-02,  1.93919093e-01,
        -1.74574643e+00, -8.72175067e-01,  1.68023323e-01,
         6.13293499e-02, -2.56552314e-01,  2.63871470e-01,
         9.10012151e-02,  1.65316442e-01,  3.38068966e-02,
        -1.56896941e-02,  1.29669384e-01, -5.08691398e-03],
       [-2.14064324e-01, -1.83436549e-01,  7.26509980e-02,
        -1.07198764e-01, -8.34369686e-02,  7.65094697e-02,
        -1.40036721e-01, -3.56864863e-02, -9.00687621e-02,
         1.77631548e-02, -1.86624816e-01, -1.69966402e-02,
        -1.63260277e-03,  3.38068966e-02,  9.62810389e-02,
         1.53824092e-02, -6.19737296e-03,  5.67926197e-02],
       [ 1.63304475e-01, -9.57249927e-02, -1.85317776e-02,
         7.76202107e-02, -6.26394201e-02, -1.34695017e-02,
        -9.31156902e-02,  2.21857106e-02, -2.77354279e-01,
        -4.04873127e-02, -2.79236228e-02, -6.30634584e-02,
         6.05972769e-02, -1.56896941e-02,  1.53824092e-02,
         5.46544554e-02,  1.85849057e-03, -1.64706552e-02],
       [-4.17261409e-01,  2.36184198e-02,  8.89006058e-02,
        -1.77730259e-01, -6.69913443e-02,  1.47108908e-01,
        -2.46557047e+00, -9.14353312e-01,  3.71915025e-01,
         5.03177676e-02, -1.05619487e-01,  2.17942521e-01,
         1.56628789e-01,  1.29669384e-01, -6.19737296e-03,
         1.85849057e-03,  1.69839038e-01, -5.73543874e-02],
       [ 1.39232152e-01,  1.14210562e-01,  5.96339436e-02,
         6.45475021e-02,  1.07198091e-01, -3.06125807e-02,
         1.50068281e+00,  5.08175926e-01, -3.33825682e-02,
         2.53715815e-01, -5.17547878e-02, -6.43932887e-02,
        -1.63358243e-01, -5.08691398e-03,  5.67926197e-02,
        -1.64706552e-02, -5.73543874e-02,  1.35982665e-01]])
      jac: array([-1.22383585e-06,  3.33807056e-07,  3.56751665e-07,  3.16968674e-06,
       -9.28516523e-07,  2.46469512e-07, -1.80966353e-07,  1.73564866e-07,
       -9.10382880e-08, -8.61533067e-07, -1.80596279e-07, -1.08061708e-07,
       -3.37433785e-06, -2.50762374e-06,  8.52651283e-07,  5.47710026e-08,
        3.35398376e-06, -5.13663186e-07])
  message: 'Optimization terminated successfully.'
     nfev: 1805
      nit: 83
     njev: 95
   status: 0
  success: True
        x: array([-1.62027163, -0.97212057,  0.59502119, -1.49677939, -1.03024601,
        0.28988373, -0.14142826, -1.35460633,  0.82341115,  0.12387425,
        0.44986916,  1.1590717 ,  0.12130792,  0.13760745, -0.252191  ,
        1.41755797, -0.43162532,  0.02575544])
