Program Begingeth
      fun: 0.2640821689919941
 hess_inv: array([[ 3.61684871e+00,  4.14778127e-01,  1.04538185e+00,
         1.83192983e+00,  8.31424772e-02, -3.74330407e-02,
         3.24959261e+00, -1.00258075e-02, -3.28469230e+00,
         6.10209043e-01,  4.62668040e-01, -5.21803331e-01,
         3.85861987e-02, -1.81760467e-01, -8.68434288e-02,
         1.15793938e-01,  1.78963359e-02,  6.76201909e-02],
       [ 4.14778127e-01,  1.47544629e+00, -6.92747105e-02,
         2.49277801e-01,  7.25183222e-01, -1.66442770e-01,
         5.27550730e-01,  7.63980095e-01,  6.58395076e-01,
         4.69302703e-01,  3.95397537e-01, -9.36047402e-02,
        -1.20142806e-01, -1.73502898e-03, -1.63252437e-01,
        -8.13100101e-02,  5.09315639e-02, -1.98760636e-03],
       [ 1.04538185e+00, -6.92747105e-02,  1.68689659e+00,
         6.35129462e-01, -1.11693136e-01,  6.76560166e-01,
         1.62661757e+00, -1.82693327e+00, -1.26987221e+00,
         2.90862538e-01, -1.12503864e-01,  1.77529711e-01,
         2.57840382e-02,  1.44876042e-01,  8.77378843e-02,
         2.39759346e-03,  1.06929773e-01,  1.02417705e-01],
       [ 1.83192983e+00,  2.49277801e-01,  6.35129462e-01,
         9.54118988e-01,  5.96718548e-02,  3.13449684e-02,
         1.81553999e+00, -1.49987594e-01, -1.58817347e+00,
         3.22162420e-01,  2.58762385e-01, -2.22809667e-01,
         2.84480520e-02, -7.38668355e-02, -5.17548781e-02,
         5.61540584e-02,  2.68588753e-02,  3.52105275e-02],
       [ 8.31424772e-02,  7.25183222e-01, -1.11693136e-01,
         5.96718548e-02,  4.04691298e-01, -1.24566456e-01,
         5.20765433e-01,  8.32665232e-01,  4.96318649e-01,
         2.11056134e-01,  2.56425566e-01, -6.94101964e-02,
        -1.05597901e-01, -1.51484790e-02, -9.08369147e-02,
        -6.90965779e-02,  1.63904451e-03,  7.44492972e-03],
       [-3.74330407e-02, -1.66442770e-01,  6.76560166e-01,
         3.13449684e-02, -1.24566456e-01,  3.82675636e-01,
        -4.87617782e-02, -1.17926543e+00, -7.56919387e-02,
        -2.55884861e-02, -2.10895374e-01,  1.96200213e-01,
         6.22671093e-02,  1.26646799e-01,  7.75512831e-02,
         7.98133777e-03,  7.43719894e-02,  2.66443522e-02],
       [ 3.24959261e+00,  5.27550730e-01,  1.62661757e+00,
         1.81553999e+00,  5.20765433e-01, -4.87617782e-02,
         9.57098095e+00,  2.80588582e+00, -2.86283444e+00,
         7.59607795e-01,  1.27486777e+00, -6.03915046e-01,
        -5.01883662e-01, -3.94849662e-01, -1.88716104e-01,
        -1.88336551e-01, -3.09260945e-01,  2.90547702e-01],
       [-1.00258075e-02,  7.63980095e-01, -1.82693327e+00,
        -1.49987594e-01,  8.32665232e-01, -1.17926543e+00,
         2.80588582e+00,  7.46517779e+00,  1.23603935e+00,
         1.96162893e-01,  1.06434193e+00, -1.10739920e+00,
        -4.92314855e-01, -4.65711933e-01, -2.20712525e-01,
        -1.58233044e-01, -3.23936297e-01,  4.06888735e-02],
       [-3.28469230e+00,  6.58395076e-01, -1.26987221e+00,
        -1.58817347e+00,  4.96318649e-01, -7.56919387e-02,
        -2.86283444e+00,  1.23603935e+00,  5.93072809e+00,
        -5.14477773e-01,  4.24130937e-01,  2.26805327e-01,
        -2.95954611e-02,  1.16093835e-01, -1.00096169e-01,
        -1.81091095e-01,  1.00566488e-01, -1.41400723e-01],
       [ 6.10209043e-01,  4.69302703e-01,  2.90862538e-01,
         3.22162420e-01,  2.11056134e-01, -2.55884861e-02,
         7.59607795e-01,  1.96162893e-01, -5.14477773e-01,
         9.15153625e-01,  1.12444092e-01, -3.37773945e-02,
        -2.09896584e-01,  9.11743529e-03,  5.00048908e-02,
        -3.41676718e-02,  4.58597936e-02,  2.17947262e-01],
       [ 4.62668040e-01,  3.95397537e-01, -1.12503864e-01,
         2.58762385e-01,  2.56425566e-01, -2.10895374e-01,
         1.27486777e+00,  1.06434193e+00,  4.24130937e-01,
         1.12444092e-01,  8.01857394e-01, -2.57133684e-01,
        -8.85616000e-02, -1.86322963e-01, -1.73437804e-01,
        -6.17740775e-02, -3.72702535e-02, -5.99688685e-02],
       [-5.21803331e-01, -9.36047402e-02,  1.77529711e-01,
        -2.22809667e-01, -6.94101964e-02,  1.96200213e-01,
        -6.03915046e-01, -1.10739920e+00,  2.26805327e-01,
        -3.37773945e-02, -2.57133684e-01,  4.94969421e-01,
         8.09785816e-03,  1.51618448e-01,  1.48473536e-02,
        -5.23747590e-02,  7.09102473e-02,  2.63421439e-02],
       [ 3.85861987e-02, -1.20142806e-01,  2.57840382e-02,
         2.84480520e-02, -1.05597901e-01,  6.22671093e-02,
        -5.01883662e-01, -4.92314855e-01, -2.95954611e-02,
        -2.09896584e-01, -8.85616000e-02,  8.09785816e-03,
         1.44102977e-01,  2.68352250e-02, -1.09169778e-03,
         7.36512167e-02,  3.98363507e-02, -7.33821152e-02],
       [-1.81760467e-01, -1.73502898e-03,  1.44876042e-01,
        -7.38668355e-02, -1.51484790e-02,  1.26646799e-01,
        -3.94849662e-01, -4.65711933e-01,  1.16093835e-01,
         9.11743529e-03, -1.86322963e-01,  1.51618448e-01,
         2.68352250e-02,  1.09740754e-01,  3.43915048e-02,
        -4.03084801e-04,  7.02971524e-02,  1.66579051e-02],
       [-8.68434288e-02, -1.63252437e-01,  8.77378843e-02,
        -5.17548781e-02, -9.08369147e-02,  7.75512831e-02,
        -1.88716104e-01, -2.20712525e-01, -1.00096169e-01,
         5.00048908e-02, -1.73437804e-01,  1.48473536e-02,
        -1.09169778e-03,  3.43915048e-02,  9.04458787e-02,
         1.83596963e-02,  3.32415004e-03,  6.47051346e-02],
       [ 1.15793938e-01, -8.13100101e-02,  2.39759346e-03,
         5.61540584e-02, -6.90965779e-02,  7.98133777e-03,
        -1.88336551e-01, -1.58233044e-01, -1.81091095e-01,
        -3.41676718e-02, -6.17740775e-02, -5.23747590e-02,
         7.36512167e-02, -4.03084801e-04,  1.83596963e-02,
         6.76261741e-02,  1.30654166e-02, -1.71606974e-02],
       [ 1.78963359e-02,  5.09315639e-02,  1.06929773e-01,
         2.68588753e-02,  1.63904451e-03,  7.43719894e-02,
        -3.09260945e-01, -3.23936297e-01,  1.00566488e-01,
         4.58597936e-02, -3.72702535e-02,  7.09102473e-02,
         3.98363507e-02,  7.02971524e-02,  3.32415004e-03,
         1.30654166e-02,  8.35723347e-02, -3.72124406e-03],
       [ 6.76201909e-02, -1.98760636e-03,  1.02417705e-01,
         3.52105275e-02,  7.44492972e-03,  2.66443522e-02,
         2.90547702e-01,  4.06888735e-02, -1.41400723e-01,
         2.17947262e-01, -5.99688685e-02,  2.63421439e-02,
        -7.33821152e-02,  1.66579051e-02,  6.47051346e-02,
        -1.71606974e-02, -3.72124406e-03,  1.09521744e-01]])
      jac: array([-2.15383267e-06, -1.49510034e-06,  1.66792506e-06,  5.72912088e-06,
        3.35990495e-06, -4.20034378e-06, -5.20694599e-07, -3.03460960e-07,
        3.78215977e-07, -1.17831670e-06,  4.15593486e-07,  6.93149242e-07,
       -4.52119823e-06,  8.54131580e-07,  5.12330919e-06,  4.30285437e-06,
       -2.25634326e-06, -2.38031816e-06])
  message: 'Optimization terminated successfully.'
     nfev: 1482
      nit: 65
     njev: 78
   status: 0
  success: True
        x: array([-1.60804798, -1.15941749,  0.66047917, -1.38433497, -1.22774102,
        0.36178818, -0.49144726, -1.60410521,  1.19063511,  0.00943286,
        0.52286427,  1.22481031,  0.10502774,  0.24645196, -0.26914862,
        1.25022623, -0.08291271, -0.00433249])
