Program Begingeth
      fun: 0.2378189291002259
 hess_inv: array([[ 3.93410150e+00, -1.78275817e+00, -8.27289061e-01,
         1.22852887e+00, -6.24712217e-01,  8.26716543e-01,
         2.71667535e+00,  2.77093567e+00,  1.21972346e+00,
        -4.79792642e-01, -1.04460438e+00,  1.34179052e+00,
        -6.34700649e-01,  4.97949023e-01,  5.71011579e-01,
        -1.92719086e-01,  4.73697967e-01, -2.92000452e-01],
       [-1.78275817e+00,  3.07120570e+00,  1.15043211e+00,
        -4.82978647e-01,  1.10479160e+00, -2.40958450e-01,
        -2.57594129e+00,  3.45784151e-01,  1.92878707e+00,
        -1.86031095e-01,  4.56001036e-01, -1.74762959e+00,
         4.92492872e-01, -4.44480594e-01, -3.59748678e-01,
         1.94154293e-02, -1.99517279e-01,  1.37073427e-01],
       [-8.27289061e-01,  1.15043211e+00,  2.27415697e+00,
        -6.04172746e-01,  3.83581347e-01,  5.06174471e-01,
        -4.22603182e+00, -2.48325422e+00,  2.76552198e+00,
         7.71912264e-02,  1.16689705e+00, -1.22656099e+00,
         1.62068216e-01, -3.05841339e-01, -4.47403466e-01,
         2.08005605e-01, -1.68687110e-01, -1.26260427e-01],
       [ 1.22852887e+00, -4.82978647e-01, -6.04172746e-01,
         5.23314753e-01, -1.75576108e-01,  1.22156380e-01,
         1.92809410e+00,  1.44999634e+00,  1.35123363e-01,
        -2.30305963e-01, -5.22284317e-01,  4.44821084e-01,
        -1.40826019e-01,  1.43463144e-01,  2.62308237e-01,
        -9.44135351e-02,  1.42849560e-01, -8.61578125e-04],
       [-6.24712217e-01,  1.10479160e+00,  3.83581347e-01,
        -1.75576108e-01,  5.30036062e-01, -5.56436504e-02,
        -1.71869677e+00,  9.06428387e-01,  3.77105312e-01,
         3.91195870e-02,  7.47566431e-02, -5.34904270e-01,
         2.26679747e-01, -9.79289519e-02, -8.82229750e-02,
         4.62371522e-02, -1.20855515e-01,  4.54357647e-02],
       [ 8.26716543e-01, -2.40958450e-01,  5.06174471e-01,
         1.22156380e-01, -5.56436504e-02,  4.87197348e-01,
        -1.09691640e+00,  1.76914073e-01,  1.47023966e+00,
         4.27159045e-02,  1.89792885e-03,  5.51777040e-02,
        -1.69954333e-01,  5.68756340e-02,  6.15213369e-02,
        -1.68927576e-02,  3.48892805e-02, -1.37459327e-01],
       [ 2.71667535e+00, -2.57594129e+00, -4.22603182e+00,
         1.92809410e+00, -1.71869677e+00, -1.09691640e+00,
         2.01068193e+01,  1.89237592e+00, -4.18940830e+00,
        -1.44947924e+00, -1.89170712e+00,  1.98189759e+00,
        -6.84811827e-01,  5.06596024e-01,  9.03695032e-01,
        -5.87158554e-01,  1.20499837e+00,  5.57939086e-01],
       [ 2.77093567e+00,  3.45784151e-01, -2.48325422e+00,
         1.44999634e+00,  9.06428387e-01,  1.76914073e-01,
         1.89237592e+00,  1.31477354e+01, -1.65824520e+00,
        -2.32030603e-01, -2.54143685e+00,  1.03116093e+00,
        -1.45705320e-01,  6.47922322e-01,  1.21663332e+00,
        -4.91747165e-01,  3.16469867e-01,  1.78249178e-01],
       [ 1.21972346e+00,  1.92878707e+00,  2.76552198e+00,
         1.35123363e-01,  3.77105312e-01,  1.47023966e+00,
        -4.18940830e+00, -1.65824520e+00,  1.11570739e+01,
        -2.14719729e-01,  9.27915380e-01, -1.62533642e+00,
        -1.53615021e-01, -7.23148422e-01, -3.11720540e-01,
        -1.58607074e-01, -2.80606502e-01, -3.13383810e-01],
       [-4.79792642e-01, -1.86031095e-01,  7.71912264e-02,
        -2.30305963e-01,  3.91195870e-02,  4.27159045e-02,
        -1.44947924e+00, -2.32030603e-01, -2.14719729e-01,
         7.32750085e-01,  1.71434304e-01,  4.13699205e-02,
        -5.46117457e-02, -4.36336978e-02, -9.44664274e-02,
         4.97610393e-02, -1.93683813e-01, -1.54943914e-01],
       [-1.04460438e+00,  4.56001036e-01,  1.16689705e+00,
        -5.22284317e-01,  7.47566431e-02,  1.89792885e-03,
        -1.89170712e+00, -2.54143685e+00,  9.27915380e-01,
         1.71434304e-01,  1.27869358e+00, -7.38734384e-01,
         1.46073503e-01, -3.32249183e-01, -4.74799262e-01,
         1.95533498e-01, -1.54059445e-01, -1.32653016e-01],
       [ 1.34179052e+00, -1.74762959e+00, -1.22656099e+00,
         4.44821084e-01, -5.34904270e-01,  5.51777040e-02,
         1.98189759e+00,  1.03116093e+00, -1.62533642e+00,
         4.13699205e-02, -7.38734384e-01,  1.49216685e+00,
        -2.81199303e-01,  4.32979327e-01,  3.16553883e-01,
        -2.94729889e-02,  2.05056174e-01, -3.61793538e-02],
       [-6.34700649e-01,  4.92492872e-01,  1.62068216e-01,
        -1.40826019e-01,  2.26679747e-01, -1.69954333e-01,
        -6.84811827e-01, -1.45705320e-01, -1.53615021e-01,
        -5.46117457e-02,  1.46073503e-01, -2.81199303e-01,
         2.55715655e-01, -1.00176518e-01, -8.33433768e-02,
         1.02231890e-01, -1.36542983e-01,  1.10930812e-01],
       [ 4.97949023e-01, -4.44480594e-01, -3.05841339e-01,
         1.43463144e-01, -9.79289519e-02,  5.68756340e-02,
         5.06596024e-01,  6.47922322e-01, -7.23148422e-01,
        -4.36336978e-02, -3.32249183e-01,  4.32979327e-01,
        -1.00176518e-01,  2.14330471e-01,  1.34877605e-01,
        -1.50542054e-02,  1.36564431e-01, -8.13367970e-04],
       [ 5.71011579e-01, -3.59748678e-01, -4.47403466e-01,
         2.62308237e-01, -8.82229750e-02,  6.15213369e-02,
         9.03695032e-01,  1.21663332e+00, -3.11720540e-01,
        -9.44664274e-02, -4.74799262e-01,  3.16553883e-01,
        -8.33433768e-02,  1.34877605e-01,  2.46117804e-01,
        -9.14278827e-02,  7.20383289e-02,  6.78221619e-02],
       [-1.92719086e-01,  1.94154293e-02,  2.08005605e-01,
        -9.44135351e-02,  4.62371522e-02, -1.68927576e-02,
        -5.87158554e-01, -4.91747165e-01, -1.58607074e-01,
         4.97610393e-02,  1.95533498e-01, -2.94729889e-02,
         1.02231890e-01, -1.50542054e-02, -9.14278827e-02,
         1.23631623e-01, -5.89062276e-02, -7.68535744e-03],
       [ 4.73697967e-01, -1.99517279e-01, -1.68687110e-01,
         1.42849560e-01, -1.20855515e-01,  3.48892805e-02,
         1.20499837e+00,  3.16469867e-01, -2.80606502e-01,
        -1.93683813e-01, -1.54059445e-01,  2.05056174e-01,
        -1.36542983e-01,  1.36564431e-01,  7.20383289e-02,
        -5.89062276e-02,  2.26105645e-01, -7.50845118e-03],
       [-2.92000452e-01,  1.37073427e-01, -1.26260427e-01,
        -8.61578125e-04,  4.54357647e-02, -1.37459327e-01,
         5.57939086e-01,  1.78249178e-01, -3.13383810e-01,
        -1.54943914e-01, -1.32653016e-01, -3.61793538e-02,
         1.10930812e-01, -8.13367970e-04,  6.78221619e-02,
        -7.68535744e-03, -7.50845118e-03,  1.72589617e-01]])
      jac: array([ 2.59296288e-05,  6.38433750e-06,  5.57961085e-06, -2.71567953e-05,
       -1.17933441e-05, -1.62418227e-05, -5.92118947e-09,  2.61272485e-07,
        1.39018426e-06,  2.79184083e-05,  1.41869849e-05,  9.14564720e-06,
        5.41666711e-05,  1.47576396e-05,  1.47567144e-05, -5.11633328e-05,
       -1.24295019e-05,  3.87950783e-05])
  message: 'Desired error not necessarily achieved due to precision loss.'
     nfev: 2102
      nit: 70
     njev: 110
   status: 2
  success: False
        x: array([ 0.53627267, -0.63750306,  0.67591603,  0.8848893 , -0.8263707 ,
        0.10826313,  0.48997705, -1.50416346, -0.57935202,  0.01253691,
        0.71497025,  1.10850063,  0.04205828,  0.16465079, -0.40073607,
       -0.87325673, -0.41838839, -0.03241928])
