Program Begingeth
      fun: 0.34322249644442
 hess_inv: array([[ 6.68030539e+00,  4.96956310e-01, -1.54654938e+00,
         2.16513169e+00,  3.70423492e-01, -2.02622689e+00,
        -1.40610196e+00, -1.13967085e+00, -8.48020762e+00,
        -1.50317313e-02,  1.25669164e+00, -2.61580806e-01,
        -8.25448028e-01, -3.82545771e-01, -5.88249033e-01,
        -3.91013954e-01, -4.86830885e-01,  2.01984504e-01],
       [ 4.96956310e-01,  6.26456608e+00,  2.20002908e+00,
         2.85447687e-01,  2.72804912e+00,  9.06384070e-01,
         7.83044706e+00,  1.67272867e+00,  8.09374540e+00,
         5.25371604e-01,  5.32156372e-01, -1.54203538e+00,
        -6.63773840e-01, -4.17422712e-01, -2.04784401e-01,
        -1.26046631e-01, -4.01896052e-01,  2.20335455e-02],
       [-1.54654938e+00,  2.20002908e+00,  3.29066724e+00,
        -1.03898659e-01,  8.17913272e-01,  1.71148753e+00,
         5.48989439e+00, -1.52171073e+00,  6.68987035e+00,
         3.66901690e-02,  6.40914149e-01, -6.22833377e-01,
         1.68627579e-01, -7.86216589e-02, -1.21632071e-01,
         3.35307517e-03,  8.34757443e-02, -1.87305021e-01],
       [ 2.16513169e+00,  2.85447687e-01, -1.03898659e-01,
         8.03518765e-01,  1.68243267e-01, -4.84389550e-01,
         4.50119437e-01, -7.34567954e-01, -2.32487820e+00,
        -4.47918949e-02,  5.43710914e-01, -8.70514852e-02,
        -2.24168973e-01, -1.20908459e-01, -2.44639511e-01,
        -1.31775585e-01, -1.40800482e-01,  2.12335404e-02],
       [ 3.70423492e-01,  2.72804912e+00,  8.17913272e-01,
         1.68243267e-01,  1.28916165e+00,  3.24266022e-01,
         3.91256688e+00,  1.39860726e+00,  3.11308532e+00,
         1.57834602e-01,  1.70552966e-01, -6.01271268e-01,
        -3.59388383e-01, -1.46441255e-01, -7.60778524e-02,
        -9.86747649e-02, -2.20710388e-01,  2.58419433e-02],
       [-2.02622689e+00,  9.06384070e-01,  1.71148753e+00,
        -4.84389550e-01,  3.24266022e-01,  1.20326773e+00,
         2.91055320e+00, -1.61858210e-01,  4.99750129e+00,
        -6.85447715e-02, -7.21576923e-02, -1.97257613e-01,
         2.55059847e-01,  5.38044026e-02,  1.07590862e-01,
         9.87325445e-02,  1.14573381e-01, -1.07611858e-01],
       [-1.40610196e+00,  7.83044706e+00,  5.48989439e+00,
         4.50119437e-01,  3.91256688e+00,  2.91055320e+00,
         2.21742135e+01,  3.34041538e+00,  1.43846892e+01,
        -2.69513338e-01,  7.56556699e-01, -1.35101175e+00,
        -6.32424325e-01, -2.61292042e-01, -2.92497112e-01,
        -3.07080707e-01, -7.13744384e-01, -3.29713774e-01],
       [-1.13967085e+00,  1.67272867e+00, -1.52171073e+00,
        -7.34567954e-01,  1.39860726e+00, -1.61858210e-01,
         3.34041538e+00,  8.94532006e+00,  1.67317494e+00,
        -1.91843260e-01, -1.28639118e+00, -2.29616188e-01,
        -4.21053723e-01,  1.52876139e-01,  5.65416581e-01,
         2.65366040e-02, -3.01558061e-01,  2.11510436e-01],
       [-8.48020762e+00,  8.09374540e+00,  6.68987035e+00,
        -2.32487820e+00,  3.11308532e+00,  4.99750129e+00,
         1.43846892e+01,  1.67317494e+00,  2.82168867e+01,
         3.41962516e-01, -3.67101421e-01, -1.77441280e+00,
         5.27107969e-01, -2.63366777e-01,  4.38295886e-01,
         4.81830683e-01,  7.42146072e-02, -2.95967396e-01],
       [-1.50317313e-02,  5.25371604e-01,  3.66901690e-02,
        -4.47918949e-02,  1.57834602e-01, -6.85447715e-02,
        -2.69513338e-01, -1.91843260e-01,  3.41962516e-01,
         7.90826187e-01, -7.06098053e-02, -1.35262916e-01,
        -1.95092169e-01,  5.18824350e-03,  4.04566982e-02,
        -2.08505419e-03,  5.62258180e-02,  1.66748476e-01],
       [ 1.25669164e+00,  5.32156372e-01,  6.40914149e-01,
         5.43710914e-01,  1.70552966e-01, -7.21576923e-02,
         7.56556699e-01, -1.28639118e+00, -3.67101421e-01,
        -7.06098053e-02,  1.11644213e+00, -3.11084030e-01,
        -9.39369646e-02, -2.71841197e-01, -3.41136491e-01,
        -1.04567537e-01, -9.05310313e-02, -1.41888565e-01],
       [-2.61580806e-01, -1.54203538e+00, -6.22833377e-01,
        -8.70514852e-02, -6.01271268e-01, -1.97257613e-01,
        -1.35101175e+00, -2.29616188e-01, -1.77441280e+00,
        -1.35262916e-01, -3.11084030e-01,  7.87006524e-01,
         1.23656884e-01,  2.15540844e-01,  1.99413978e-02,
        -2.90182156e-02,  1.24475226e-01,  1.47259213e-02],
       [-8.25448028e-01, -6.63773840e-01,  1.68627579e-01,
        -2.24168973e-01, -3.59388383e-01,  2.55059847e-01,
        -6.32424325e-01, -4.21053723e-01,  5.27107969e-01,
        -1.95092169e-01, -9.39369646e-02,  1.23656884e-01,
         2.91750896e-01,  6.51397635e-02,  5.80824502e-02,
         1.17047793e-01,  1.35859860e-01, -8.45009689e-02],
       [-3.82545771e-01, -4.17422712e-01, -7.86216589e-02,
        -1.20908459e-01, -1.46441255e-01,  5.38044026e-02,
        -2.61292042e-01,  1.52876139e-01, -2.63366777e-01,
         5.18824350e-03, -2.71841197e-01,  2.15540844e-01,
         6.51397635e-02,  1.45431358e-01,  7.39741841e-02,
         1.24634659e-02,  9.49325510e-02,  2.74660366e-02],
       [-5.88249033e-01, -2.04784401e-01, -1.21632071e-01,
        -2.44639511e-01, -7.60778524e-02,  1.07590862e-01,
        -2.92497112e-01,  5.65416581e-01,  4.38295886e-01,
         4.04566982e-02, -3.41136491e-01,  1.99413978e-02,
         5.80824502e-02,  7.39741841e-02,  1.70112793e-01,
         6.27539620e-02,  3.89333826e-02,  6.60037318e-02],
       [-3.91013954e-01, -1.26046631e-01,  3.35307517e-03,
        -1.31775585e-01, -9.86747649e-02,  9.87325445e-02,
        -3.07080707e-01,  2.65366040e-02,  4.81830683e-01,
        -2.08505419e-03, -1.04567537e-01, -2.90182156e-02,
         1.17047793e-01,  1.24634659e-02,  6.27539620e-02,
         9.24643206e-02,  5.09601090e-02, -9.31419186e-03],
       [-4.86830885e-01, -4.01896052e-01,  8.34757443e-02,
        -1.40800482e-01, -2.20710388e-01,  1.14573381e-01,
        -7.13744384e-01, -3.01558061e-01,  7.42146072e-02,
         5.62258180e-02, -9.05310313e-02,  1.24475226e-01,
         1.35859860e-01,  9.49325510e-02,  3.89333826e-02,
         5.09601090e-02,  1.52502004e-01, -7.70877060e-03],
       [ 2.01984504e-01,  2.20335455e-02, -1.87305021e-01,
         2.12335404e-02,  2.58419433e-02, -1.07611858e-01,
        -3.29713774e-01,  2.11510436e-01, -2.95967396e-01,
         1.66748476e-01, -1.41888565e-01,  1.47259213e-02,
        -8.45009689e-02,  2.74660366e-02,  6.60037318e-02,
        -9.31419186e-03, -7.70877060e-03,  1.11714389e-01]])
      jac: array([-3.88578059e-08,  6.58732328e-08,  2.67563749e-07,  1.97619698e-07,
        1.70234197e-08, -5.24025268e-07, -9.62193288e-09,  7.43849427e-08,
        4.07081776e-08,  1.99840144e-08,  9.28886597e-08,  1.15463195e-07,
        8.25265782e-08,  4.50010399e-07,  4.38538095e-07,  1.59502041e-07,
       -2.79406128e-07, -4.36687723e-07])
  message: 'Optimization terminated successfully.'
     nfev: 1387
      nit: 65
     njev: 73
   status: 0
  success: True
        x: array([-0.81678546, -1.18935435,  0.57195542, -1.08747263, -1.21435613,
        0.16257779, -0.63337534, -1.99890802, -0.38491292,  0.09098042,
        0.51142111,  1.172746  ,  0.1300233 ,  0.05066018, -0.32274255,
        1.28702565, -0.56320987, -0.02038396])
