Program Begingeth
      fun: 0.35466967356229223
 hess_inv: array([[ 6.99237997e+00,  6.80770454e-01,  1.00088489e-01,
         3.22456001e+00,  4.00668759e-01, -9.66675218e-01,
         8.99068471e+00,  2.28393966e+00, -6.51838877e+00,
         8.58413012e-01,  8.63761302e-01, -1.00826815e+00,
        -4.41787943e-01, -5.01622535e-01, -3.10857766e-01,
         8.64059420e-02, -3.80620353e-01,  3.86075959e-02],
       [ 6.80770454e-01,  2.73486612e+00, -1.58376991e-01,
         3.55320922e-01,  1.32893599e+00, -3.10753664e-01,
         2.24155358e+00,  1.45945596e+00,  1.56669786e+00,
         1.15695713e+00,  3.17786277e-01, -1.74650562e-01,
        -4.08120956e-01,  4.36213395e-03, -2.18589814e-01,
        -1.08608323e-01, -9.63698840e-03,  1.35296888e-01],
       [ 1.00088489e-01, -1.58376991e-01,  1.60541989e+00,
         1.54332896e-01, -1.40270447e-01,  7.49578290e-01,
        -1.01274888e-01, -2.30859895e+00, -3.08228816e-01,
         1.44218837e-01, -1.44997759e-01,  2.96546883e-01,
         8.76940489e-02,  1.92964922e-01,  3.95205012e-02,
        -8.19832770e-03,  1.08686443e-01,  1.56985021e-02],
       [ 3.22456001e+00,  3.55320922e-01,  1.54332896e-01,
         1.51462159e+00,  2.07147893e-01, -3.97929268e-01,
         4.42578634e+00,  9.10947494e-01, -2.90043571e+00,
         4.01585139e-01,  4.29657103e-01, -4.20941496e-01,
        -1.97371134e-01, -2.19337602e-01, -1.56516405e-01,
         4.05304995e-02, -1.69294957e-01,  1.91972330e-02],
       [ 4.00668759e-01,  1.32893599e+00, -1.40270447e-01,
         2.07147893e-01,  7.46633944e-01, -2.30443546e-01,
         2.81626211e+00,  1.69182614e+00,  7.26223735e-01,
         5.32938467e-01,  2.41868514e-01, -1.94495615e-01,
        -3.21513087e-01, -3.97494088e-02, -1.04584596e-01,
        -7.87506004e-02, -8.32804568e-02,  1.03390312e-01],
       [-9.66675218e-01, -3.10753664e-01,  7.49578290e-01,
        -3.97929268e-01, -2.30443546e-01,  5.46049649e-01,
        -2.22087334e+00, -1.82689485e+00,  8.38855592e-01,
        -1.81038712e-01, -2.49049306e-01,  3.24979862e-01,
         2.04731680e-01,  1.79691744e-01,  8.05356367e-02,
         8.84110829e-03,  1.42090450e-01, -2.61778646e-02],
       [ 8.99068471e+00,  2.24155358e+00, -1.01274888e-01,
         4.42578634e+00,  2.81626211e+00, -2.22087334e+00,
         4.50424625e+01,  1.82153487e+01, -6.91901523e+00,
         1.25294027e+00,  2.71717877e+00, -2.94102147e+00,
        -2.92477331e+00, -1.33334108e+00, -4.28833801e-01,
        -3.89762439e-01, -1.95937834e+00,  8.52320452e-01],
       [ 2.28393966e+00,  1.45945596e+00, -2.30859895e+00,
         9.10947494e-01,  1.69182614e+00, -1.82689485e+00,
         1.82153487e+01,  1.48634093e+01, -1.10155009e-01,
         3.18653147e-01,  1.23751060e+00, -2.37108737e+00,
        -1.40900831e+00, -8.44627146e-01, -3.31972377e-02,
        -8.29935070e-02, -9.06499150e-01,  3.99613102e-01],
       [-6.51838877e+00,  1.56669786e+00, -3.08228816e-01,
        -2.90043571e+00,  7.26223735e-01,  8.38855592e-01,
        -6.91901523e+00, -1.10155009e-01,  1.23317132e+01,
        -4.57883896e-01,  5.09427113e-01,  5.62573991e-01,
         3.04405298e-01,  2.62638196e-01, -2.41919387e-02,
        -1.41942674e-01,  4.15358330e-01, -3.19025303e-02],
       [ 8.58413012e-01,  1.15695713e+00,  1.44218837e-01,
         4.01585139e-01,  5.32938467e-01, -1.81038712e-01,
         1.25294027e+00,  3.18653147e-01, -4.57883896e-01,
         1.60880066e+00, -7.24368905e-02, -2.97301341e-02,
        -4.29944685e-01,  6.30003600e-02, -1.55686610e-02,
        -5.74256611e-02,  2.94578431e-02,  2.68446508e-01],
       [ 8.63761302e-01,  3.17786277e-01, -1.44997759e-01,
         4.29657103e-01,  2.41868514e-01, -2.49049306e-01,
         2.71717877e+00,  1.23751060e+00,  5.09427113e-01,
        -7.24368905e-02,  9.73517784e-01, -2.78849438e-01,
        -1.21309751e-01, -2.64808689e-01, -2.18691860e-01,
        -3.31758401e-02, -1.07422039e-01, -8.85146115e-02],
       [-1.00826815e+00, -1.74650562e-01,  2.96546883e-01,
        -4.20941496e-01, -1.94495615e-01,  3.24979862e-01,
        -2.94102147e+00, -2.37108737e+00,  5.62573991e-01,
        -2.97301341e-02, -2.78849438e-01,  7.72055919e-01,
         1.72990580e-01,  2.27120708e-01, -2.42203095e-02,
        -5.11099304e-02,  1.78965323e-01, -2.19416204e-02],
       [-4.41787943e-01, -4.08120956e-01,  8.76940489e-02,
        -1.97371134e-01, -3.21513087e-01,  2.04731680e-01,
        -2.92477331e+00, -1.40900831e+00,  3.04405298e-01,
        -4.29944685e-01, -1.21309751e-01,  1.72990580e-01,
         3.32385115e-01,  6.24594739e-02,  1.88762332e-02,
         7.88278329e-02,  1.28811486e-01, -1.25639874e-01],
       [-5.01622535e-01,  4.36213395e-03,  1.92964922e-01,
        -2.19337602e-01, -3.97494088e-02,  1.79691744e-01,
        -1.33334108e+00, -8.44627146e-01,  2.62638196e-01,
         6.30003600e-02, -2.64808689e-01,  2.27120708e-01,
         6.24594739e-02,  1.43605252e-01,  4.30432965e-02,
        -6.89558973e-03,  9.81433133e-02,  1.95326406e-02],
       [-3.10857766e-01, -2.18589814e-01,  3.95205012e-02,
        -1.56516405e-01, -1.04584596e-01,  8.05356367e-02,
        -4.28833801e-01, -3.31972377e-02, -2.41919387e-02,
        -1.55686610e-02, -2.18691860e-01, -2.42203095e-02,
         1.88762332e-02,  4.30432965e-02,  1.06108868e-01,
         1.96685419e-02,  7.70593306e-03,  4.96476112e-02],
       [ 8.64059420e-02, -1.08608323e-01, -8.19832770e-03,
         4.05304995e-02, -7.87506004e-02,  8.84110829e-03,
        -3.89762439e-01, -8.29935070e-02, -1.41942674e-01,
        -5.74256611e-02, -3.31758401e-02, -5.11099304e-02,
         7.88278329e-02, -6.89558973e-03,  1.96685419e-02,
         5.59133092e-02,  1.84483644e-02, -1.88281556e-02],
       [-3.80620353e-01, -9.63698840e-03,  1.08686443e-01,
        -1.69294957e-01, -8.32804568e-02,  1.42090450e-01,
        -1.95937834e+00, -9.06499150e-01,  4.15358330e-01,
         2.94578431e-02, -1.07422039e-01,  1.78965323e-01,
         1.28811486e-01,  9.81433133e-02,  7.70593306e-03,
         1.84483644e-02,  1.33156543e-01, -2.78785623e-02],
       [ 3.86075959e-02,  1.35296888e-01,  1.56985021e-02,
         1.91972330e-02,  1.03390312e-01, -2.61778646e-02,
         8.52320452e-01,  3.99613102e-01, -3.19025303e-02,
         2.68446508e-01, -8.85146115e-02, -2.19416204e-02,
        -1.25639874e-01,  1.95326406e-02,  4.96476112e-02,
        -1.88281556e-02, -2.78785623e-02,  1.08316450e-01]])
      jac: array([ 4.04306218e-06,  1.02399570e-06,  1.81854531e-06, -8.98614516e-06,
       -2.02541687e-06, -3.87541851e-06,  6.02481028e-07, -4.80356495e-07,
        7.26085858e-07, -5.42528985e-07, -1.55468231e-06,  2.33812969e-06,
       -2.62826797e-06, -5.14033260e-06,  1.34114941e-06,  3.86690680e-06,
        2.44508117e-06, -1.28637841e-06])
  message: 'Optimization terminated successfully.'
     nfev: 1558
      nit: 70
     njev: 82
   status: 0
  success: True
        x: array([-1.65340271, -1.02768916,  0.60668468, -1.54072561, -1.0883643 ,
        0.29617032, -0.2808724 , -1.52500196,  0.71300373,  0.1360251 ,
        0.39146253,  1.15794307,  0.13452688,  0.10752504, -0.24319426,
        1.47391203, -0.47507413,  0.02573043])
