Program Begingeth
      fun: 0.2555655506407536
 hess_inv: array([[ 3.55091954e+00, -1.85372761e+00, -4.33148735e-01,
         1.31159313e+00, -7.66128326e-01,  5.95367472e-01,
         2.74794342e+00,  1.41206404e+00,  1.47413256e+00,
        -1.35448493e-02, -9.59345560e-01,  7.42633415e-01,
        -5.31697816e-01,  3.74730079e-01,  4.01635565e-01,
        -2.35599321e-01,  3.51145014e-01, -1.43119844e-01],
       [-1.85372761e+00,  3.68563918e+00,  1.19793720e+00,
        -6.00810092e-01,  1.57027777e+00,  1.45227378e-02,
        -3.10497335e+00,  1.16339448e+00,  2.45809908e+00,
        -4.20830551e-01,  6.90820535e-01, -1.31894996e+00,
         5.85320866e-01, -4.28869362e-01, -2.79313493e-01,
         1.50454166e-01, -3.07415548e-01,  1.12847576e-01],
       [-4.33148735e-01,  1.19793720e+00,  3.64953180e+00,
        -7.22474507e-01,  3.17059427e-01,  1.53730678e+00,
        -6.11629077e+00, -3.76586392e+00,  6.31370552e+00,
         1.84485271e-01,  1.46667900e+00, -7.97606258e-01,
        -4.11941615e-02, -2.77862576e-01, -5.06622546e-01,
         1.72764889e-01, -3.80850357e-02, -3.66701433e-01],
       [ 1.31159313e+00, -6.00810092e-01, -7.22474507e-01,
         6.43220672e-01, -2.27034826e-01, -5.60165337e-02,
         2.36903007e+00,  1.30396650e+00, -2.67672910e-01,
        -1.01515066e-01, -5.56333651e-01,  2.72241933e-01,
        -1.23749699e-01,  1.26179686e-01,  2.33730649e-01,
        -1.05029908e-01,  9.69255096e-02,  4.68997459e-02],
       [-7.66128326e-01,  1.57027777e+00,  3.17059427e-01,
        -2.27034826e-01,  7.71834812e-01, -4.96968223e-02,
        -1.51084158e+00,  1.46849831e+00,  5.31210461e-01,
        -1.30769647e-01,  1.37343696e-01, -4.70346252e-01,
         2.83726281e-01, -1.18925772e-01, -5.79810014e-02,
         8.26821291e-02, -1.39458120e-01,  7.77030470e-02],
       [ 5.95367472e-01,  1.45227378e-02,  1.53730678e+00,
        -5.60165337e-02, -4.96968223e-02,  8.85798893e-01,
        -2.46776156e+00, -1.20263235e+00,  3.34970065e+00,
         1.98813586e-01,  3.63668380e-01, -1.26714055e-01,
        -1.75755427e-01, -2.26143926e-02, -1.08915048e-01,
         6.67010963e-03,  4.39182464e-02, -2.07259894e-01],
       [ 2.74794342e+00, -3.10497335e+00, -6.11629077e+00,
         2.36903007e+00, -1.51084158e+00, -2.46776156e+00,
         2.01500240e+01,  3.66968280e+00, -9.30387013e+00,
        -8.23573911e-01, -2.24148969e+00,  1.21059851e+00,
        -3.60870840e-01,  4.20978090e-01,  9.44014554e-01,
        -5.32780379e-01,  5.48157274e-01,  7.00467782e-01],
       [ 1.41206404e+00,  1.16339448e+00, -3.76586392e+00,
         1.30396650e+00,  1.46849831e+00, -1.20263235e+00,
         3.66968280e+00,  1.46786564e+01, -5.52441197e+00,
        -1.00768287e-01, -2.47807899e+00,  3.40411417e-01,
         3.15908063e-01,  4.65744840e-01,  1.09271554e+00,
        -2.33146285e-01, -7.72813608e-02,  5.99343095e-01],
       [ 1.47413256e+00,  2.45809908e+00,  6.31370552e+00,
        -2.67672910e-01,  5.31210461e-01,  3.34970065e+00,
        -9.30387013e+00, -5.52441197e+00,  1.79438538e+01,
         3.07172114e-01,  2.15284194e+00, -1.44461042e+00,
        -3.22064584e-01, -7.62479347e-01, -7.30559492e-01,
        -5.07859037e-03, -2.20178471e-01, -7.37997235e-01],
       [-1.35448493e-02, -4.20830551e-01,  1.84485271e-01,
        -1.01515066e-01, -1.30769647e-01,  1.98813586e-01,
        -8.23573911e-01, -1.00768287e-01,  3.07172114e-01,
         7.50376905e-01,  1.07635552e-01,  1.07555949e-01,
        -2.10198080e-01, -7.40613843e-04, -8.65221825e-02,
        -1.14772671e-02, -4.48672100e-02, -2.29418230e-01],
       [-9.59345560e-01,  6.90820535e-01,  1.46667900e+00,
        -5.56333651e-01,  1.37343696e-01,  3.63668380e-01,
        -2.24148969e+00, -2.47807899e+00,  2.15284194e+00,
         1.07635552e-01,  1.25986980e+00, -5.36956975e-01,
         6.49500868e-02, -3.22722938e-01, -4.25288220e-01,
         1.25219795e-01, -8.84626617e-02, -2.11453466e-01],
       [ 7.42633415e-01, -1.31894996e+00, -7.97606258e-01,
         2.72241933e-01, -4.70346252e-01, -1.26714055e-01,
         1.21059851e+00,  3.40411417e-01, -1.44461042e+00,
         1.07555949e-01, -5.36956975e-01,  8.22443355e-01,
        -1.51854112e-01,  2.84441539e-01,  1.41761116e-01,
        -1.08569800e-02,  1.52538050e-01,  2.34968381e-02],
       [-5.31697816e-01,  5.85320866e-01, -4.11941615e-02,
        -1.23749699e-01,  2.83726281e-01, -1.75755427e-01,
        -3.60870840e-01,  3.15908063e-01, -3.22064584e-01,
        -2.10198080e-01,  6.49500868e-02, -1.51854112e-01,
         2.36069071e-01, -6.99812370e-02, -2.29626493e-02,
         9.55116880e-02, -9.92151400e-02,  1.10556274e-01],
       [ 3.74730079e-01, -4.28869362e-01, -2.77862576e-01,
         1.26179686e-01, -1.18925772e-01, -2.26143926e-02,
         4.20978090e-01,  4.65744840e-01, -7.62479347e-01,
        -7.40613843e-04, -3.22722938e-01,  2.84441539e-01,
        -6.99812370e-02,  1.84340465e-01,  1.01498795e-01,
        -1.59739201e-02,  1.16562530e-01,  2.73579282e-02],
       [ 4.01635565e-01, -2.79313493e-01, -5.06622546e-01,
         2.33730649e-01, -5.79810014e-02, -1.08915048e-01,
         9.44014554e-01,  1.09271554e+00, -7.30559492e-01,
        -8.65221825e-02, -4.25288220e-01,  1.41761116e-01,
        -2.29626493e-02,  1.01498795e-01,  1.97935592e-01,
        -6.00551874e-02,  3.27081295e-02,  1.09383214e-01],
       [-2.35599321e-01,  1.50454166e-01,  1.72764889e-01,
        -1.05029908e-01,  8.26821291e-02,  6.67010963e-03,
        -5.32780379e-01, -2.33146285e-01, -5.07859037e-03,
        -1.14772671e-02,  1.25219795e-01, -1.08569800e-02,
         9.55116880e-02, -1.59739201e-02, -6.00551874e-02,
         9.16431466e-02, -3.20834134e-02,  2.27401877e-03],
       [ 3.51145014e-01, -3.07415548e-01, -3.80850357e-02,
         9.69255096e-02, -1.39458120e-01,  4.39182464e-02,
         5.48157274e-01, -7.72813608e-02, -2.20178471e-01,
        -4.48672100e-02, -8.84626617e-02,  1.52538050e-01,
        -9.92151400e-02,  1.16562530e-01,  3.27081295e-02,
        -3.20834134e-02,  1.43555286e-01, -1.07353535e-02],
       [-1.43119844e-01,  1.12847576e-01, -3.66701433e-01,
         4.68997459e-02,  7.77030470e-02, -2.07259894e-01,
         7.00467782e-01,  5.99343095e-01, -7.37997235e-01,
        -2.29418230e-01, -2.11453466e-01,  2.34968381e-02,
         1.10556274e-01,  2.73579282e-02,  1.09383214e-01,
         2.27401877e-03, -1.07353535e-02,  1.67558322e-01]])
      jac: array([-2.42028619e-07, -1.30340183e-06, -1.30821280e-06,  8.07872288e-07,
        3.22852856e-06,  3.63672055e-06,  2.14643118e-08, -1.79115981e-07,
       -2.79776202e-07, -1.59872116e-07, -5.14773409e-07, -5.82126939e-07,
       -1.01363362e-06, -3.02646797e-06, -3.98236999e-06,  4.56671738e-07,
        1.52803696e-06,  3.05607391e-06])
  message: 'Optimization terminated successfully.'
     nfev: 1520
      nit: 73
     njev: 80
   status: 0
  success: True
        x: array([ 0.81246013, -0.95213793,  0.62574293,  1.06469373, -1.03194062,
        0.15494867,  0.75876571, -1.62090456, -0.57320565,  0.05148191,
        0.66236427,  1.1630281 ,  0.00992265,  0.20186669, -0.34780566,
       -1.009379  , -0.26797345, -0.03425386])
