Program Begingeth
      fun: 0.285540260446604
 hess_inv: array([[ 1.11344602e+01, -9.48066814e-01, -2.57362546e-01,
         2.39420795e+00, -1.12605112e+00,  4.95810003e-01,
         2.87485943e+00, -2.20933200e-01,  3.91770964e+00,
        -1.04770816e+00,  3.43362660e-02,  3.32950286e-01,
        -2.28450833e+00,  1.43029595e-01,  2.91827205e-02,
        -9.75229864e-02,  1.21713901e+00, -3.20547724e-01],
       [-9.48066814e-01,  3.02805995e+00,  3.30454070e-01,
         3.86797341e-03,  1.03309906e+00,  2.02456933e-01,
        -7.88544406e-02,  2.11932787e+00,  6.12620393e-01,
         4.34425568e-01, -1.69687423e-01, -9.72584831e-01,
         1.98032453e-01, -3.61742492e-01,  2.59724991e-01,
        -1.58467502e-01, -2.57687486e-02,  3.72733705e-02],
       [-2.57362546e-01,  3.30454070e-01,  7.72126698e+00,
        -8.78434681e-01, -4.14881609e-01,  2.15902718e+00,
        -7.77436842e+00, -3.85001904e+00,  2.17096179e+00,
        -4.43401219e-01,  2.27166388e+00, -1.09448200e+00,
        -2.01126285e-01, -6.87117583e-01, -7.80932035e-01,
        -8.61252330e-02,  1.43691364e-01,  2.60825056e-01],
       [ 2.39420795e+00,  3.86797341e-03, -8.78434681e-01,
         7.19080372e-01, -1.17671800e-01, -1.36360462e-01,
         2.03458453e+00,  4.73716142e-01,  7.95242404e-01,
        -1.36409226e-01, -1.89350703e-01,  7.07453469e-02,
        -3.86430834e-01,  2.65619255e-02,  9.14184131e-02,
         6.21738381e-03,  1.92001105e-01, -9.48050031e-02],
       [-1.12605112e+00,  1.03309906e+00, -4.14881609e-01,
        -1.17671800e-01,  5.03229949e-01, -1.07375723e-01,
         2.80524626e-01,  1.32899727e+00, -2.64529247e-01,
         3.18336212e-01, -2.20302707e-01, -2.06341036e-01,
         2.47166356e-01, -5.35040296e-02,  1.39840602e-01,
        -2.19076993e-02, -1.12622052e-01,  1.62257370e-02],
       [ 4.95810003e-01,  2.02456933e-01,  2.15902718e+00,
        -1.36360462e-01, -1.07375723e-01,  7.20116988e-01,
        -2.22661128e+00, -7.67729340e-01,  1.13188404e+00,
        -3.47794044e-02,  5.01918552e-01, -3.11819565e-01,
        -2.20025769e-01, -1.75393147e-01, -1.50831978e-01,
        -5.34169550e-02,  1.05385296e-01,  5.49624421e-02],
       [ 2.87485943e+00, -7.88544406e-02, -7.77436842e+00,
         2.03458453e+00,  2.80524626e-01, -2.22661128e+00,
         1.27900061e+01,  3.73366225e+00, -6.25416263e-01,
         5.05180010e-01, -1.59709308e+00,  7.85956995e-01,
        -5.16172323e-02,  3.26367505e-01,  5.91644206e-01,
         1.44733591e-01, -1.18351596e-01, -4.13044304e-01],
       [-2.20933200e-01,  2.11932787e+00, -3.85001904e+00,
         4.73716142e-01,  1.32899727e+00, -7.67729340e-01,
         3.73366225e+00,  7.21778778e+00, -4.09437592e-01,
         1.30923548e+00, -1.28510909e+00,  2.99178623e-02,
        -4.77679927e-02,  1.46778353e-01,  7.17437544e-01,
        -9.92217473e-02, -1.13840394e-01, -1.98783136e-01],
       [ 3.91770964e+00,  6.12620393e-01,  2.17096179e+00,
         7.95242404e-01, -2.64529247e-01,  1.13188404e+00,
        -6.25416263e-01, -4.09437592e-01,  4.94397732e+00,
         1.53361115e-02,  4.56872230e-01, -3.57959122e-01,
        -8.70771127e-01, -3.49551108e-01, -1.16808366e-01,
        -1.09910052e-01,  3.46702570e-01, -1.19829439e-01],
       [-1.04770816e+00,  4.34425568e-01, -4.43401219e-01,
        -1.36409226e-01,  3.18336212e-01, -3.47794044e-02,
         5.05180010e-01,  1.30923548e+00,  1.53361115e-02,
         1.08053590e+00, -4.72584121e-02, -9.11047615e-02,
         1.02815995e-02, -6.48541249e-02,  5.26260948e-02,
        -2.36380727e-02, -1.73011749e-01, -1.62820080e-01],
       [ 3.43362660e-02, -1.69687423e-01,  2.27166388e+00,
        -1.89350703e-01, -2.20302707e-01,  5.01918552e-01,
        -1.59709308e+00, -1.28510909e+00,  4.56872230e-01,
        -4.72584121e-02,  1.33462908e+00, -3.25107010e-01,
        -7.43758873e-02, -3.41490883e-01, -4.37210954e-01,
         1.31928507e-02,  1.58384728e-02, -5.15641464e-02],
       [ 3.32950286e-01, -9.72584831e-01, -1.09448200e+00,
         7.07453469e-02, -2.06341036e-01, -3.11819565e-01,
         7.85956995e-01,  2.99178623e-02, -3.57959122e-01,
        -9.11047615e-02, -3.25107010e-01,  7.71979447e-01,
        -3.30109088e-02,  2.98502798e-01, -1.62316521e-02,
         9.63810275e-02,  4.25737376e-02, -2.44682296e-02],
       [-2.28450833e+00,  1.98032453e-01, -2.01126285e-01,
        -3.86430834e-01,  2.47166356e-01, -2.20025769e-01,
        -5.16172323e-02, -4.77679927e-02, -8.70771127e-01,
         1.02815995e-02, -7.43758873e-02, -3.30109088e-02,
         6.24301138e-01, -2.40841635e-02,  8.06610249e-03,
         8.14879993e-02, -2.92302840e-01,  1.06829129e-01],
       [ 1.43029595e-01, -3.61742492e-01, -6.87117583e-01,
         2.65619255e-02, -5.35040296e-02, -1.75393147e-01,
         3.26367505e-01,  1.46778353e-01, -3.49551108e-01,
        -6.48541249e-02, -3.41490883e-01,  2.98502798e-01,
        -2.40841635e-02,  1.96059434e-01,  7.56715893e-02,
         2.40838431e-02,  4.64019068e-02,  9.90050736e-03],
       [ 2.91827205e-02,  2.59724991e-01, -7.80932035e-01,
         9.14184131e-02,  1.39840602e-01, -1.50831978e-01,
         5.91644206e-01,  7.17437544e-01, -1.16808366e-01,
         5.26260948e-02, -4.37210954e-01, -1.62316521e-02,
         8.06610249e-03,  7.56715893e-02,  2.02451352e-01,
        -2.67055506e-02, -3.46867184e-03,  2.38082016e-02],
       [-9.75229864e-02, -1.58467502e-01, -8.61252330e-02,
         6.21738381e-03, -2.19076993e-02, -5.34169550e-02,
         1.44733591e-01, -9.92217473e-02, -1.09910052e-01,
        -2.36380727e-02,  1.31928507e-02,  9.63810275e-02,
         8.14879993e-02,  2.40838431e-02, -2.67055506e-02,
         5.96395995e-02, -3.34369240e-02,  5.28403949e-03],
       [ 1.21713901e+00, -2.57687486e-02,  1.43691364e-01,
         1.92001105e-01, -1.12622052e-01,  1.05385296e-01,
        -1.18351596e-01, -1.13840394e-01,  3.46702570e-01,
        -1.73011749e-01,  1.58384728e-02,  4.25737376e-02,
        -2.92302840e-01,  4.64019068e-02, -3.46867184e-03,
        -3.34369240e-02,  2.03994131e-01, -2.13253800e-02],
       [-3.20547724e-01,  3.72733705e-02,  2.60825056e-01,
        -9.48050031e-02,  1.62257370e-02,  5.49624421e-02,
        -4.13044304e-01, -1.98783136e-01, -1.19829439e-01,
        -1.62820080e-01, -5.15641464e-02, -2.44682296e-02,
         1.06829129e-01,  9.90050736e-03,  2.38082016e-02,
         5.28403949e-03, -2.13253800e-02,  9.15921481e-02]])
      jac: array([ 3.82656869e-07,  1.62499643e-06,  7.81226935e-07, -2.29890181e-06,
       -3.94055159e-06, -1.45217172e-06,  2.36847579e-07,  9.88098492e-08,
       -9.39988828e-08, -1.86517468e-07,  1.31117339e-06, -2.99760217e-07,
       -1.43366800e-06,  4.99452331e-06,  3.14156109e-06,  4.35022389e-06,
       -4.52119823e-06, -2.44212058e-06])
  message: 'Optimization terminated successfully.'
     nfev: 2052
      nit: 99
     njev: 108
   status: 0
  success: True
        x: array([ 5.75980442e-01, -7.38268765e-01, -5.07543484e-04,  1.27855940e+00,
       -7.98038669e-01, -1.08147644e-01,  1.85768449e+00, -1.01959120e+00,
       -1.05446420e+00, -9.67564240e-06,  4.59436842e-01,  1.13282220e+00,
        7.29478281e-02,  1.63831352e-01, -2.72451277e-01, -1.19634354e+00,
       -5.01703762e-01,  1.76115613e-02])
