Program Begingeth
      fun: 0.2469175883291848
 hess_inv: array([[ 1.20759662e+01,  4.77272655e-01, -1.23939265e+00,
         5.90692838e-01, -1.11223498e+00,  3.76784953e-01,
         1.93404617e+00, -4.86505059e-02,  2.29407955e+00,
        -3.14616635e+00, -1.21898460e+00,  9.05058101e-03,
        -3.31519641e+00, -3.77783023e-01,  6.02926438e-01,
         7.62560646e-01,  9.00457139e-01, -1.71696107e-01],
       [ 4.77272655e-01,  4.08765325e+00,  1.23210871e-02,
         4.39205930e-01,  4.16196822e-01,  2.83992778e-01,
         9.30851229e-01,  2.05565102e+00,  1.96939480e+00,
         2.12567977e-01, -8.08014618e-01, -1.67716737e+00,
         1.04061292e-02, -9.52014171e-01,  5.04743265e-01,
        -1.62963398e-01,  4.02654423e-01, -8.24124806e-03],
       [-1.23939265e+00,  1.23210871e-02,  1.06262036e+01,
        -6.39538857e-01, -5.32786607e-01,  9.74181233e-01,
        -5.08888965e+00, -4.23677620e+00,  2.81252702e+00,
         1.67045569e+00,  5.20251638e+00, -2.77411813e+00,
        -1.68978212e-01, -1.49365234e+00, -2.53951617e+00,
        -4.20616744e-02, -1.41895177e-01,  6.65579888e-01],
       [ 5.90692838e-01,  4.39205930e-01, -6.39538857e-01,
         2.09827732e-01,  1.82181507e-02, -5.90000642e-02,
         1.09900911e+00,  3.34697972e-01,  2.41249251e-01,
        -2.79571188e-01, -3.30207637e-01, -7.20103014e-02,
        -2.50974991e-02, -7.10705839e-02,  1.73859999e-01,
         3.82978003e-02,  5.82953269e-02, -4.41585535e-02],
       [-1.11223498e+00,  4.16196822e-01, -5.32786607e-01,
         1.82181507e-02,  2.47472280e-01, -4.60123675e-02,
         1.14496469e-01,  8.22889874e-01, -1.66909119e-01,
         3.26741437e-01, -2.72341729e-01,  3.25189203e-02,
         3.41911324e-01,  5.28336785e-02,  1.60194194e-01,
        -8.00764692e-02, -3.19919079e-02, -2.71462951e-02],
       [ 3.76784953e-01,  2.83992778e-01,  9.74181233e-01,
        -5.90000642e-02, -4.60123675e-02,  2.40157714e-01,
        -7.93170942e-01, -2.29977358e-02,  7.48889296e-01,
         3.06130403e-01,  2.57323658e-01, -3.36305861e-01,
        -2.23158609e-01, -1.90378831e-01, -1.03903416e-01,
         5.88058833e-03,  3.84912782e-02,  5.46051883e-02],
       [ 1.93404617e+00,  9.30851229e-01, -5.08888965e+00,
         1.09900911e+00,  1.14496469e-01, -7.93170942e-01,
         8.02239811e+00,  1.53136126e+00, -3.71890414e-01,
        -1.50335803e+00, -1.82660255e+00,  5.72877017e-01,
         1.62616301e-01,  1.34591314e-01,  9.28162597e-01,
         1.30631874e-01,  1.49554381e-01, -4.06905253e-01],
       [-4.86505059e-02,  2.05565102e+00, -4.23677620e+00,
         3.34697972e-01,  8.22889874e-01, -2.29977358e-02,
         1.53136126e+00,  6.25570819e+00,  1.81446686e-01,
         6.53152529e-01, -2.05227080e+00,  3.55534152e-01,
         1.98266828e-02,  1.22696771e-01,  1.39412507e+00,
        -1.14067831e-01,  1.83196001e-01, -3.49037556e-01],
       [ 2.29407955e+00,  1.96939480e+00,  2.81252702e+00,
         2.41249251e-01, -1.66909119e-01,  7.48889296e-01,
        -3.71890414e-01,  1.81446686e-01,  4.60005836e+00,
         4.83768492e-01,  9.25764555e-01, -1.34708308e+00,
        -7.18086010e-01, -1.03735057e+00, -3.89359620e-01,
         1.00015568e-01,  2.20765981e-01,  7.21517925e-02],
       [-3.14616635e+00,  2.12567977e-01,  1.67045569e+00,
        -2.79571188e-01,  3.26741437e-01,  3.06130403e-01,
        -1.50335803e+00,  6.53152529e-01,  4.83768492e-01,
         2.50738976e+00,  9.99484684e-01, -5.12338380e-01,
         4.19565857e-01, -2.13150776e-01, -3.43644008e-01,
        -2.23160519e-01, -2.54540818e-01, -4.92383888e-02],
       [-1.21898460e+00, -8.08014618e-01,  5.20251638e+00,
        -3.30207637e-01, -2.72341729e-01,  2.57323658e-01,
        -1.82660255e+00, -2.05227080e+00,  9.25764555e-01,
         9.99484684e-01,  3.54586700e+00, -1.10132259e+00,
         8.18525408e-02, -7.18972373e-01, -1.56948976e+00,
        -2.54678398e-03, -1.96392973e-01,  2.07674322e-01],
       [ 9.05058101e-03, -1.67716737e+00, -2.77411813e+00,
        -7.20103014e-02,  3.25189203e-02, -3.36305861e-01,
         5.72877017e-01,  3.55534152e-01, -1.34708308e+00,
        -5.12338380e-01, -1.10132259e+00,  1.78992449e+00,
         7.37362362e-02,  8.76114878e-01,  4.07206622e-01,
         1.04082993e-01, -9.33669733e-02, -1.49724669e-01],
       [-3.31519641e+00,  1.04061292e-02, -1.68978212e-01,
        -2.50974991e-02,  3.41911324e-01, -2.23158609e-01,
         1.62616301e-01,  1.98266828e-02, -7.18086010e-01,
         4.19565857e-01,  8.18525408e-02,  7.37362362e-02,
         1.11768001e+00,  1.39398140e-01, -7.39918633e-02,
        -1.77514475e-01, -2.43929521e-01,  6.12641065e-02],
       [-3.77783023e-01, -9.52014171e-01, -1.49365234e+00,
        -7.10705839e-02,  5.28336785e-02, -1.90378831e-01,
         1.34591314e-01,  1.22696771e-01, -1.03735057e+00,
        -2.13150776e-01, -7.18972373e-01,  8.76114878e-01,
         1.39398140e-01,  5.42580922e-01,  2.70173769e-01,
         2.16196249e-02, -7.50889536e-02, -5.23737232e-02],
       [ 6.02926438e-01,  5.04743265e-01, -2.53951617e+00,
         1.73859999e-01,  1.60194194e-01, -1.03903416e-01,
         9.28162597e-01,  1.39412507e+00, -3.89359620e-01,
        -3.43644008e-01, -1.56948976e+00,  4.07206622e-01,
        -7.39918633e-02,  2.70173769e-01,  7.96186212e-01,
        -1.12213729e-02,  9.52119640e-02, -1.25387429e-01],
       [ 7.62560646e-01, -1.62963398e-01, -4.20616744e-02,
         3.82978003e-02, -8.00764692e-02,  5.88058833e-03,
         1.30631874e-01, -1.14067831e-01,  1.00015568e-01,
        -2.23160519e-01, -2.54678398e-03,  1.04082993e-01,
        -1.77514475e-01,  2.16196249e-02, -1.12213729e-02,
         8.75776350e-02,  3.54633138e-02, -6.36131470e-03],
       [ 9.00457139e-01,  4.02654423e-01, -1.41895177e-01,
         5.82953269e-02, -3.19919079e-02,  3.84912782e-02,
         1.49554381e-01,  1.83196001e-01,  2.20765981e-01,
        -2.54540818e-01, -1.96392973e-01, -9.33669733e-02,
        -2.43929521e-01, -7.50889536e-02,  9.52119640e-02,
         3.54633138e-02,  1.30504393e-01, -9.85100240e-03],
       [-1.71696107e-01, -8.24124806e-03,  6.65579888e-01,
        -4.41585535e-02, -2.71462951e-02,  5.46051883e-02,
        -4.06905253e-01, -3.49037556e-01,  7.21517925e-02,
        -4.92383888e-02,  2.07674322e-01, -1.49724669e-01,
         6.12641065e-02, -5.23737232e-02, -1.25387429e-01,
        -6.36131470e-03, -9.85100240e-03,  9.60945967e-02]])
      jac: array([-1.41553436e-07, -3.70999527e-07,  7.18499334e-07,  4.90533540e-07,
        1.46234876e-06, -1.11984496e-06, -1.99840144e-08, -8.21565038e-08,
        1.68383825e-08, -2.91063470e-07, -2.38882988e-07,  4.04121181e-07,
       -5.41418762e-07, -6.51330841e-07,  1.36446410e-06,  2.40548322e-08,
        1.81706502e-07, -1.75415238e-06])
  message: 'Optimization terminated successfully.'
     nfev: 1976
      nit: 94
     njev: 104
   status: 0
  success: True
        x: array([ 0.04694487, -0.32892115,  0.05698077,  1.34553845, -0.36698775,
       -0.09204341,  1.8923664 , -0.51158722, -1.01356085,  0.0308962 ,
        0.43174364,  0.96905957,  0.20366561,  0.21128567, -0.22742291,
       -1.34068895, -0.58588434,  0.04520129])
