Program Begingeth
      fun: 0.25204597054807415
 hess_inv: array([[ 9.89518744e+00,  1.79105998e+00, -1.96241431e+00,
         1.24383684e+00,  1.11050591e+00, -1.14255181e+00,
        -7.21665600e-01,  9.58804243e-01, -3.32194691e+00,
        -1.65601155e+00, -6.59535663e-01, -4.17489284e-01,
        -2.38291183e+00, -2.86592968e-01,  1.88599961e-01,
         1.11789566e-01, -1.01429077e+00,  2.62871769e-01],
       [ 1.79105998e+00,  4.36096928e+00,  5.35439749e-02,
        -1.03646109e-01,  1.22358569e+00,  7.02097159e-03,
        -1.00123371e+00,  2.95763991e+00,  6.11642239e-01,
        -3.40892805e-01, -7.03919037e-01, -1.60013462e+00,
        -5.20125520e-01, -6.86666788e-01,  3.69608228e-01,
         2.60098617e-01, -6.78635766e-02,  1.03880484e-01],
       [-1.96241431e+00,  5.35439749e-02,  1.27259498e+01,
         1.10603420e+00, -5.70223840e-01,  3.16931839e+00,
         1.23080329e+01, -4.51421976e+00,  4.65902802e+00,
         8.89963723e-01,  4.04616769e+00, -2.62852989e+00,
         8.10820050e-01, -7.80212324e-01, -1.63089163e+00,
        -1.00292893e-01,  5.52459813e-01,  3.32666929e-01],
       [ 1.24383684e+00, -1.03646109e-01,  1.10603420e+00,
         4.37752345e-01,  2.19591675e-02,  2.03976185e-01,
         1.97401922e+00, -5.08542405e-01, -2.24266697e-01,
        -1.81941738e-01,  3.26607870e-01, -1.55042957e-01,
        -1.72521510e-01, -9.96981131e-03, -1.54910527e-01,
         6.75902530e-03, -5.10698049e-02,  7.11661104e-02],
       [ 1.11050591e+00,  1.22358569e+00, -5.70223840e-01,
         2.19591675e-02,  4.50879919e-01, -1.58447898e-01,
        -6.19677840e-01,  1.30745291e+00, -2.45276176e-01,
        -2.85662711e-01, -3.93052626e-01, -2.82009172e-01,
        -2.88229566e-01, -1.25587741e-01,  1.84147204e-01,
         6.58697530e-02, -8.85028283e-02,  3.64400615e-02],
       [-1.14255181e+00,  7.02097159e-03,  3.16931839e+00,
         2.03976185e-01, -1.58447898e-01,  9.15742380e-01,
         3.24683500e+00, -8.40272788e-01,  1.52321995e+00,
         1.67195265e-01,  8.54904833e-01, -5.95820397e-01,
         4.10515463e-01, -1.43892311e-01, -3.31867595e-01,
        -1.33941321e-02,  2.07205129e-01,  6.54718966e-02],
       [-7.21665600e-01, -1.00123371e+00,  1.23080329e+01,
         1.97401922e+00, -6.19677840e-01,  3.24683500e+00,
         1.75692996e+01, -4.52196079e+00,  3.09036946e+00,
         5.24635468e-01,  3.31513466e+00, -1.81909709e+00,
         8.81945332e-01, -1.91473791e-01, -1.39390036e+00,
        -9.96326181e-02,  6.09790293e-01,  4.07789664e-01],
       [ 9.58804243e-01,  2.95763991e+00, -4.51421976e+00,
        -5.08542405e-01,  1.30745291e+00, -8.40272788e-01,
        -4.52196079e+00,  7.02954597e+00, -9.98718084e-01,
        -1.09722048e+00, -1.96981233e+00,  6.46568596e-03,
        -1.90633799e-01, -7.74303786e-02,  1.05338758e+00,
         2.36037391e-01, -1.52098568e-01, -7.01222329e-02],
       [-3.32194691e+00,  6.11642239e-01,  4.65902802e+00,
        -2.24266697e-01, -2.45276176e-01,  1.52321995e+00,
         3.09036946e+00, -9.98718084e-01,  4.73838340e+00,
         4.12873105e-01,  1.38679927e+00, -1.04714037e+00,
         8.33097329e-01, -4.86712156e-01, -5.40141170e-01,
        -3.17976608e-02,  3.46722922e-01, -3.38774132e-02],
       [-1.65601155e+00, -3.40892805e-01,  8.89963723e-01,
        -1.81941738e-01, -2.85662711e-01,  1.67195265e-01,
         5.24635468e-01, -1.09722048e+00,  4.12873105e-01,
         1.28434409e+00,  3.09084003e-01, -2.32580401e-02,
         1.56704023e-01,  2.05374578e-02, -1.35687043e-01,
        -4.61935768e-02,  2.18127948e-01,  1.23995838e-01],
       [-6.59535663e-01, -7.03919037e-01,  4.04616769e+00,
         3.26607870e-01, -3.93052626e-01,  8.54904833e-01,
         3.31513466e+00, -1.96981233e+00,  1.38679927e+00,
         3.09084003e-01,  2.09326411e+00, -6.98325939e-01,
         2.35361684e-01, -3.35456711e-01, -7.80398697e-01,
        -9.66950410e-02,  1.24208572e-01, -1.64156603e-02],
       [-4.17489284e-01, -1.60013462e+00, -2.62852989e+00,
        -1.55042957e-01, -2.82009172e-01, -5.95820397e-01,
        -1.81909709e+00,  6.46568596e-03, -1.04714037e+00,
        -2.32580401e-02, -6.98325939e-01,  1.47805430e+00,
         7.22740577e-02,  5.28566578e-01,  1.89990969e-01,
        -1.07619859e-01, -1.24836791e-02, -7.69695473e-02],
       [-2.38291183e+00, -5.20125520e-01,  8.10820050e-01,
        -1.72521510e-01, -2.88229566e-01,  4.10515463e-01,
         8.81945332e-01, -1.90633799e-01,  8.33097329e-01,
         1.56704023e-01,  2.35361684e-01,  7.22740577e-02,
         7.34034301e-01,  9.35105879e-02, -6.95956752e-02,
         1.46758386e-02,  2.83073211e-01, -9.39083948e-02],
       [-2.86592968e-01, -6.86666788e-01, -7.80212324e-01,
        -9.96981131e-03, -1.25587741e-01, -1.43892311e-01,
        -1.91473791e-01, -7.74303786e-02, -4.86712156e-01,
         2.05374578e-02, -3.35456711e-01,  5.28566578e-01,
         9.35105879e-02,  2.70546177e-01,  9.58345143e-02,
        -3.44153941e-02,  4.32303954e-02, -2.14850602e-03],
       [ 1.88599961e-01,  3.69608228e-01, -1.63089163e+00,
        -1.54910527e-01,  1.84147204e-01, -3.31867595e-01,
        -1.39390036e+00,  1.05338758e+00, -5.40141170e-01,
        -1.35687043e-01, -7.80398697e-01,  1.89990969e-01,
        -6.95956752e-02,  9.58345143e-02,  3.47390536e-01,
         5.33104247e-02, -4.77812406e-02,  7.01170287e-03],
       [ 1.11789566e-01,  2.60098617e-01, -1.00292893e-01,
         6.75902530e-03,  6.58697530e-02, -1.33941321e-02,
        -9.96326181e-02,  2.36037391e-01, -3.17976608e-02,
        -4.61935768e-02, -9.66950410e-02, -1.07619859e-01,
         1.46758386e-02, -3.44153941e-02,  5.33104247e-02,
         5.51448081e-02,  3.13174869e-03, -1.05854250e-03],
       [-1.01429077e+00, -6.78635766e-02,  5.52459813e-01,
        -5.10698049e-02, -8.85028283e-02,  2.07205129e-01,
         6.09790293e-01, -1.52098568e-01,  3.46722922e-01,
         2.18127948e-01,  1.24208572e-01, -1.24836791e-02,
         2.83073211e-01,  4.32303954e-02, -4.77812406e-02,
         3.13174869e-03,  1.67926729e-01, -4.74993647e-03],
       [ 2.62871769e-01,  1.03880484e-01,  3.32666929e-01,
         7.11661104e-02,  3.64400615e-02,  6.54718966e-02,
         4.07789664e-01, -7.01222329e-02, -3.38774132e-02,
         1.23995838e-01, -1.64156603e-02, -7.69695473e-02,
        -9.39083948e-02, -2.14850602e-03,  7.01170287e-03,
        -1.05854250e-03, -4.74993647e-03,  8.48545162e-02]])
      jac: array([-6.81676937e-07, -4.07081776e-09,  1.07765648e-06, -1.27305574e-07,
        2.94357131e-06, -2.99686202e-06, -2.70524344e-07, -6.96849985e-07,
       -1.12132526e-07, -8.71525074e-07,  3.09382150e-07,  2.53130850e-07,
        2.99390142e-07,  9.67374329e-07,  6.85377681e-07,  2.96318525e-06,
       -6.14693481e-07,  2.33368880e-06])
  message: 'Optimization terminated successfully.'
     nfev: 1634
      nit: 77
     njev: 86
   status: 0
  success: True
        x: array([-0.34740392, -0.501907  ,  0.12030384, -1.14891594, -0.66340353,
       -0.07607283, -1.60945813, -0.92768442, -1.01730909,  0.12957135,
        0.49363742,  1.05577639,  0.02145913,  0.19898897, -0.26547767,
        1.34086823, -0.38317013,  0.03286297])
