Program Begingeth
      fun: 0.24922557462652212
 hess_inv: array([[ 3.86903373e+00,  1.34841197e+00,  5.59611085e-01,
         9.35374691e-01,  5.41581249e-01, -8.86752621e-01,
         1.55929099e+00, -2.05994122e+00, -1.13649003e+00,
        -8.08518842e-01,  7.30473582e-01, -1.08736523e+00,
        -6.57788350e-01, -3.83138440e-01, -4.55326490e-01,
        -6.18270723e-02, -4.76858275e-01,  4.63764836e-01],
       [ 1.34841197e+00,  2.68776154e+00,  9.84742447e-01,
         2.65381035e-01,  8.76310885e-01, -2.33632496e-01,
         2.29111166e+00, -6.66662215e-02,  1.93875986e+00,
        -7.42123054e-02,  1.99102207e-01, -1.64712159e+00,
        -4.08739331e-01, -3.84258605e-01, -3.26906573e-01,
         4.19523966e-02, -1.36007527e-01,  1.05034559e-01],
       [ 5.59611085e-01,  9.84742447e-01,  1.85802999e+00,
         4.07751862e-01,  3.48509478e-01,  3.17569301e-01,
         2.82080370e+00, -1.85746150e+00,  1.74434057e+00,
        -1.39375195e-01,  9.04698857e-01, -1.12579770e+00,
        -1.16948621e-01, -2.14258040e-01, -3.43496729e-01,
        -1.80562748e-01, -1.07340787e-01, -2.47806157e-02],
       [ 9.35374691e-01,  2.65381035e-01,  4.07751862e-01,
         3.50252627e-01,  1.26755754e-01, -1.25059160e-01,
         1.06889453e+00, -9.20958921e-01, -2.22466681e-01,
        -2.39938193e-01,  3.57446044e-01, -2.65954392e-01,
        -9.89726058e-02, -7.15092021e-02, -1.79476721e-01,
        -4.96412163e-02, -9.84423982e-02,  5.36914395e-02],
       [ 5.41581249e-01,  8.76310885e-01,  3.48509478e-01,
         1.26755754e-01,  4.72717214e-01, -4.14969416e-02,
         2.00046122e+00,  5.72821830e-01,  3.12305273e-01,
        -2.31440671e-01,  3.66804715e-02, -4.43972199e-01,
        -2.16576272e-01, -5.66931370e-02, -9.06374637e-02,
        -4.43648135e-02, -1.58373578e-01,  2.31017017e-02],
       [-8.86752621e-01, -2.33632496e-01,  3.17569301e-01,
        -1.25059160e-01, -4.14969416e-02,  4.20372559e-01,
         8.22196861e-01,  3.41961107e-01,  8.93056864e-01,
         2.60571064e-02, -6.76282155e-02,  1.10072783e-01,
         1.83561704e-01,  8.54461717e-02,  1.03019932e-01,
        -1.17132620e-03,  5.48235807e-02, -1.30932769e-01],
       [ 1.55929099e+00,  2.29111166e+00,  2.82080370e+00,
         1.06889453e+00,  2.00046122e+00,  8.22196861e-01,
         1.89208844e+01,  6.82187644e-01,  2.65373354e+00,
        -1.81827833e+00,  1.01440355e+00, -1.45580787e+00,
        -7.38232635e-01, -2.64207596e-01, -5.49187481e-01,
        -3.70156455e-01, -1.43497955e+00, -4.78335647e-01],
       [-2.05994122e+00, -6.66662215e-02, -1.85746150e+00,
        -9.20958921e-01,  5.72821830e-01,  3.41961107e-01,
         6.82187644e-01,  8.84444680e+00, -8.77296171e-01,
         2.35630140e-02, -1.82772753e+00,  9.75781458e-01,
         1.41005969e-01,  5.39773867e-01,  9.01467747e-01,
         3.45704863e-01,  1.96305909e-01, -6.86551566e-02],
       [-1.13649003e+00,  1.93875986e+00,  1.74434057e+00,
        -2.22466681e-01,  3.12305273e-01,  8.93056864e-01,
         2.65373354e+00, -8.77296171e-01,  7.33968286e+00,
         2.47360986e-01,  3.00405846e-01, -1.51515040e+00,
         1.52115076e-01, -5.64961660e-01, -1.19523192e-01,
         1.84097044e-01, -8.57662339e-02, -1.68406407e-01],
       [-8.08518842e-01, -7.42123054e-02, -1.39375195e-01,
        -2.39938193e-01, -2.31440671e-01,  2.60571064e-02,
        -1.81827833e+00,  2.35630140e-02,  2.47360986e-01,
         7.84571657e-01, -1.75497221e-01,  4.60832853e-02,
         8.99618663e-02,  4.33338763e-02,  8.39832513e-02,
         5.44742069e-02,  2.85801810e-01,  4.04745008e-02],
       [ 7.30473582e-01,  1.99102207e-01,  9.04698857e-01,
         3.57446044e-01,  3.66804715e-02, -6.76282155e-02,
         1.01440355e+00, -1.82772753e+00,  3.00405846e-01,
        -1.75497221e-01,  1.10777298e+00, -5.62160838e-01,
        -1.01667693e-01, -2.47616136e-01, -3.79054333e-01,
        -1.71355738e-01, -1.17242708e-01, -6.26218757e-02],
       [-1.08736523e+00, -1.64712159e+00, -1.12579770e+00,
        -2.65954392e-01, -4.43972199e-01,  1.10072783e-01,
        -1.45580787e+00,  9.75781458e-01, -1.51515040e+00,
         4.60832853e-02, -5.62160838e-01,  1.55979472e+00,
         2.66352145e-01,  4.09640133e-01,  2.72322753e-01,
        -1.63743639e-02,  1.54045637e-01, -8.34224544e-02],
       [-6.57788350e-01, -4.08739331e-01, -1.16948621e-01,
        -9.89726058e-02, -2.16576272e-01,  1.83561704e-01,
        -7.38232635e-01,  1.41005969e-01,  1.52115076e-01,
         8.99618663e-02, -1.01667693e-01,  2.66352145e-01,
         2.56609322e-01,  8.67898407e-02,  8.28677773e-02,
         7.06154504e-02,  1.67205262e-01, -1.07499361e-01],
       [-3.83138440e-01, -3.84258605e-01, -2.14258040e-01,
        -7.15092021e-02, -5.66931370e-02,  8.54461717e-02,
        -2.64207596e-01,  5.39773867e-01, -5.64961660e-01,
         4.33338763e-02, -2.47616136e-01,  4.09640133e-01,
         8.67898407e-02,  1.97212181e-01,  1.08462176e-01,
        -1.42394170e-02,  1.07398707e-01, -1.43776747e-02],
       [-4.55326490e-01, -3.26906573e-01, -3.43496729e-01,
        -1.79476721e-01, -9.06374637e-02,  1.03019932e-01,
        -5.49187481e-01,  9.01467747e-01, -1.19523192e-01,
         8.39832513e-02, -3.79054333e-01,  2.72322753e-01,
         8.28677773e-02,  1.08462176e-01,  2.15007579e-01,
         7.31983127e-02,  5.66251839e-02,  3.40040818e-02],
       [-6.18270723e-02,  4.19523966e-02, -1.80562748e-01,
        -4.96412163e-02, -4.43648135e-02, -1.17132620e-03,
        -3.70156455e-01,  3.45704863e-01,  1.84097044e-01,
         5.44742069e-02, -1.71355738e-01, -1.63743639e-02,
         7.06154504e-02, -1.42394170e-02,  7.31983127e-02,
         1.15320089e-01,  4.48341869e-02,  1.16348663e-02],
       [-4.76858275e-01, -1.36007527e-01, -1.07340787e-01,
        -9.84423982e-02, -1.58373578e-01,  5.48235807e-02,
        -1.43497955e+00,  1.96305909e-01, -8.57662339e-02,
         2.85801810e-01, -1.17242708e-01,  1.54045637e-01,
         1.67205262e-01,  1.07398707e-01,  5.66251839e-02,
         4.48341869e-02,  2.75103268e-01, -1.72628717e-02],
       [ 4.63764836e-01,  1.05034559e-01, -2.47806157e-02,
         5.36914395e-02,  2.31017017e-02, -1.30932769e-01,
        -4.78335647e-01, -6.86551566e-02, -1.68406407e-01,
         4.04745008e-02, -6.26218757e-02, -8.34224544e-02,
        -1.07499361e-01, -1.43776747e-02,  3.40040818e-02,
         1.16348663e-02, -1.72628717e-02,  1.74246170e-01]])
      jac: array([-1.96657505e-06,  1.18756856e-06, -6.05349104e-06,  1.36057832e-06,
        7.86815058e-06,  1.07408527e-05,  1.09301457e-06, -1.96527979e-06,
       -5.08482145e-07,  6.87783164e-07,  2.18269847e-06, -9.45724980e-07,
        9.48500537e-07, -1.87461158e-06, -5.44268334e-06, -4.13558077e-07,
        1.13797860e-07,  8.98484990e-06])
  message: 'Desired error not necessarily achieved due to precision loss.'
     nfev: 2081
      nit: 60
     njev: 109
   status: 2
  success: False
        x: array([-0.26760482, -0.58952521,  0.66883109, -0.71759364, -0.79712407,
        0.07288126, -0.20037907, -1.61424225, -0.57417342,  0.0985545 ,
        0.69706995,  1.0886279 ,  0.05454191,  0.1129125 , -0.41799959,
        0.97404951, -0.56350842, -0.01766738])
