Program Begingeth
      fun: 0.24626483065148472
 hess_inv: array([[ 4.50351594e+00, -2.07170504e+00, -1.07898298e+00,
         1.61914840e+00, -7.81796416e-01,  6.18768847e-01,
         4.20862130e+00,  3.10743475e+00,  1.13198060e+00,
        -2.32882586e-01, -1.28316831e+00,  1.20892619e+00,
        -7.22459937e-01,  5.13119707e-01,  5.88595791e-01,
        -3.03940742e-01,  4.95227250e-01, -1.74847510e-01],
       [-2.07170504e+00,  3.24284121e+00,  1.15388303e+00,
        -6.31510523e-01,  1.29475637e+00, -1.26904249e-01,
        -2.90876507e+00,  8.09902758e-01,  1.66083319e+00,
        -3.15710210e-01,  5.99343982e-01, -1.51652304e+00,
         5.79316712e-01, -4.31191827e-01, -2.85884627e-01,
         1.05189730e-01, -2.49583174e-01,  1.30866497e-01],
       [-1.07898298e+00,  1.15388303e+00,  3.25523178e+00,
        -8.95054930e-01,  3.19218931e-01,  1.07098806e+00,
        -6.37036752e+00, -4.03006311e+00,  4.76349138e+00,
         1.87578115e-01,  1.55004805e+00, -1.07999725e+00,
         1.21281569e-01, -3.38906248e-01, -5.87230275e-01,
         2.34978400e-01, -1.45904910e-01, -2.97053517e-01],
       [ 1.61914840e+00, -6.31510523e-01, -8.95054930e-01,
         7.37811168e-01, -2.29865821e-01, -1.02292860e-02,
         2.90262221e+00,  1.92828794e+00, -2.45017937e-01,
        -1.86540372e-01, -6.71325866e-01,  4.33108636e-01,
        -2.02100215e-01,  1.71117033e-01,  3.05383470e-01,
        -1.43209787e-01,  1.65504304e-01,  3.41821644e-02],
       [-7.81796416e-01,  1.29475637e+00,  3.19218931e-01,
        -2.29865821e-01,  6.31086368e-01, -6.10677536e-02,
        -1.55021088e+00,  1.36549284e+00,  2.03149631e-01,
        -5.70428826e-02,  7.73956208e-02, -5.05662847e-01,
         2.57101703e-01, -1.00196099e-01, -3.96768865e-02,
         5.83629318e-02, -1.07949495e-01,  7.54284225e-02],
       [ 6.18768847e-01, -1.26904249e-01,  1.07098806e+00,
        -1.02292860e-02, -6.10677536e-02,  6.54717679e-01,
        -2.02255423e+00, -6.66086087e-01,  2.36130871e+00,
         1.52443318e-01,  2.48942521e-01, -8.81919466e-02,
        -1.57404724e-01,  5.43610197e-03, -6.06968978e-02,
         8.56946345e-03,  3.29676122e-02, -1.72143701e-01],
       [ 4.20862130e+00, -2.90876507e+00, -6.37036752e+00,
         2.90262221e+00, -1.55021088e+00, -2.02255423e+00,
         2.32357912e+01,  5.31986107e+00, -7.28878321e+00,
        -1.30366791e+00, -2.78318374e+00,  1.84366246e+00,
        -7.16372927e-01,  5.43391317e-01,  1.22168472e+00,
        -7.72490343e-01,  8.64892132e-01,  7.00805624e-01],
       [ 3.10743475e+00,  8.09902758e-01, -4.03006311e+00,
         1.92828794e+00,  1.36549284e+00, -6.66086087e-01,
         5.31986107e+00,  1.82163953e+01, -5.04720290e+00,
        -2.24460715e-01, -3.31998610e+00,  7.07163103e-01,
        -7.14989344e-02,  7.24386732e-01,  1.61249486e+00,
        -5.27176213e-01,  2.80475929e-01,  5.75846788e-01],
       [ 1.13198060e+00,  1.66083319e+00,  4.76349138e+00,
        -2.45017937e-01,  2.03149631e-01,  2.36130871e+00,
        -7.28878321e+00, -5.04720290e+00,  1.41144176e+01,
         1.71900943e-01,  1.98583924e+00, -1.50997387e+00,
        -2.29455936e-01, -7.38509361e-01, -7.35096936e-01,
         3.31001294e-02, -2.08408735e-01, -6.59570491e-01],
       [-2.32882586e-01, -3.15710210e-01,  1.87578115e-01,
        -1.86540372e-01, -5.70428826e-02,  1.52443318e-01,
        -1.30366791e+00, -2.24460715e-01,  1.71900943e-01,
         7.18042284e-01,  1.85233755e-01,  7.16651206e-02,
        -1.33746213e-01, -3.19498916e-02, -9.65707005e-02,
         3.24546952e-02, -1.13126509e-01, -1.98631612e-01],
       [-1.28316831e+00,  5.99343982e-01,  1.55004805e+00,
        -6.71325866e-01,  7.73956208e-02,  2.48942521e-01,
        -2.78318374e+00, -3.31998610e+00,  1.98583924e+00,
         1.85233755e-01,  1.40509761e+00, -6.92110112e-01,
         1.46055718e-01, -3.74723242e-01, -5.33664819e-01,
         1.81702328e-01, -1.61722987e-01, -2.17712591e-01],
       [ 1.20892619e+00, -1.51652304e+00, -1.07999725e+00,
         4.33108636e-01, -5.05662847e-01, -8.81919466e-02,
         1.84366246e+00,  7.07163103e-01, -1.50997387e+00,
         7.16651206e-02, -6.92110112e-01,  1.15341111e+00,
        -2.35912936e-01,  3.68910978e-01,  2.20400336e-01,
        -2.74918483e-02,  1.89739479e-01,  1.68635646e-02],
       [-7.22459937e-01,  5.79316712e-01,  1.21281569e-01,
        -2.02100215e-01,  2.57101703e-01, -1.57404724e-01,
        -7.16372927e-01, -7.14989344e-02, -2.29455936e-01,
        -1.33746213e-01,  1.46055718e-01, -2.35912936e-01,
         2.51653569e-01, -9.34661622e-02, -6.94791093e-02,
         1.02164983e-01, -1.11540248e-01,  9.59793872e-02],
       [ 5.13119707e-01, -4.31191827e-01, -3.38906248e-01,
         1.71117033e-01, -1.00196099e-01,  5.43610197e-03,
         5.43391317e-01,  7.24386732e-01, -7.38509361e-01,
        -3.19498916e-02, -3.74723242e-01,  3.68910978e-01,
        -9.34661622e-02,  2.03070865e-01,  1.38719924e-01,
        -2.63334793e-02,  1.24274978e-01,  3.38414961e-02],
       [ 5.88595791e-01, -2.85884627e-01, -5.87230275e-01,
         3.05383470e-01, -3.96768865e-02, -6.06968978e-02,
         1.22168472e+00,  1.61249486e+00, -7.35096936e-01,
        -9.65707005e-02, -5.33664819e-01,  2.20400336e-01,
        -6.94791093e-02,  1.38719924e-01,  2.64312626e-01,
        -9.25098318e-02,  6.91927947e-02,  1.10168450e-01],
       [-3.03940742e-01,  1.05189730e-01,  2.34978400e-01,
        -1.43209787e-01,  5.83629318e-02,  8.56946345e-03,
        -7.72490343e-01, -5.27176213e-01,  3.31001294e-02,
         3.24546952e-02,  1.81702328e-01, -2.74918483e-02,
         1.02164983e-01, -2.63334793e-02, -9.25098318e-02,
         1.03945287e-01, -4.90947776e-02, -1.00985953e-02],
       [ 4.95227250e-01, -2.49583174e-01, -1.45904910e-01,
         1.65504304e-01, -1.07949495e-01,  3.29676122e-02,
         8.64892132e-01,  2.80475929e-01, -2.08408735e-01,
        -1.13126509e-01, -1.61722987e-01,  1.89739479e-01,
        -1.11540248e-01,  1.24274978e-01,  6.91927947e-02,
        -4.90947776e-02,  1.56450055e-01,  5.47626345e-03],
       [-1.74847510e-01,  1.30866497e-01, -2.97053517e-01,
         3.41821644e-02,  7.54284225e-02, -1.72143701e-01,
         7.00805624e-01,  5.75846788e-01, -6.59570491e-01,
        -1.98631612e-01, -2.17712591e-01,  1.68635646e-02,
         9.59793872e-02,  3.38414961e-02,  1.10168450e-01,
        -1.00985953e-02,  5.47626345e-03,  1.63006519e-01]])
      jac: array([ 1.63017747e-07,  3.67668858e-07, -5.63253148e-07, -4.63888187e-07,
       -8.10647845e-07,  1.62610666e-06,  2.83106871e-08,  1.74119978e-07,
       -1.64313008e-07, -2.13902969e-07,  6.90188647e-08, -2.67748786e-07,
       -7.97510206e-07,  2.10942375e-08, -2.23043806e-06,  1.04916076e-06,
       -5.44009282e-07,  1.47123054e-06])
  message: 'Optimization terminated successfully.'
     nfev: 1539
      nit: 73
     njev: 81
   status: 0
  success: True
        x: array([ 0.70817601, -0.7799868 ,  0.62701036,  1.02478255, -0.90395547,
        0.1284307 ,  0.72227974, -1.47327609, -0.61496874,  0.02372372,
        0.68517579,  1.13193111,  0.02497913,  0.20219592, -0.35893183,
       -0.98313425, -0.30716621, -0.02603967])
