Program Begingeth
      fun: 0.26473106207738756
 hess_inv: array([[ 3.52473840e+00,  1.58097793e+00, -3.74369613e-02,
         1.36843182e+00,  7.24146246e-01, -8.50398147e-01,
         2.43847310e+00, -8.93322740e-01, -3.25000077e+00,
        -2.18650798e-02,  9.17658429e-01, -4.85071987e-01,
        -4.55860979e-01, -3.10856176e-01, -4.13226877e-01,
        -2.56917363e-01, -3.23566148e-01,  1.22433744e-01],
       [ 1.58097793e+00,  4.14244202e+00,  1.23692731e+00,
         5.83817214e-01,  1.83513909e+00,  1.01860499e-01,
         3.86956097e+00,  1.59392067e+00,  3.29000873e+00,
         3.76974972e-01,  7.41307514e-01, -1.24039267e+00,
        -5.42146606e-01, -4.22423257e-01, -3.09424659e-01,
        -1.64569547e-01, -3.44203248e-01,  7.03085786e-02],
       [-3.74369613e-02,  1.23692731e+00,  2.41436702e+00,
         3.26989038e-01,  4.15667695e-01,  1.11289822e+00,
         3.35000125e+00, -1.92713165e+00,  4.91707292e+00,
        -9.10798771e-03,  8.42345546e-01, -5.22812573e-01,
         6.67378000e-02, -1.42604223e-01, -2.41430846e-01,
        -6.89217071e-02,  2.07404420e-02, -1.72310185e-01],
       [ 1.36843182e+00,  5.83817214e-01,  3.26989038e-01,
         6.29900841e-01,  2.52405411e-01, -1.60458079e-01,
         1.63799526e+00, -8.52936813e-01, -7.26578629e-01,
        -6.04280193e-02,  4.88490739e-01, -1.70082372e-01,
        -1.19781589e-01, -1.11690413e-01, -2.16473449e-01,
        -1.05330451e-01, -9.82277668e-02, -1.11128360e-02],
       [ 7.24146246e-01,  1.83513909e+00,  4.15667695e-01,
         2.52405411e-01,  9.10359282e-01, -4.05500075e-03,
         1.99042355e+00,  1.50916897e+00,  1.00558350e+00,
         1.20049581e-01,  2.23044524e-01, -4.69614140e-01,
        -2.85930900e-01, -1.37199205e-01, -1.01042112e-01,
        -1.02287005e-01, -1.72817591e-01,  5.45742377e-02],
       [-8.50398147e-01,  1.01860499e-01,  1.11289822e+00,
        -1.60458079e-01, -4.05500075e-03,  7.70302187e-01,
         1.12405974e+00, -5.51858314e-01,  3.24627623e+00,
        -8.54539428e-02,  8.33355071e-02, -6.93537904e-02,
         1.75984792e-01,  2.67668401e-02,  2.10210054e-02,
         5.40168134e-02,  7.69718081e-02, -1.04476083e-01],
       [ 2.43847310e+00,  3.86956097e+00,  3.35000125e+00,
         1.63799526e+00,  1.99042355e+00,  1.12405974e+00,
         1.27001764e+01,  2.03733259e-01,  5.56289678e+00,
        -3.13975188e-01,  1.49645161e+00, -8.05093366e-01,
        -4.79090900e-01, -3.73898635e-01, -6.65162553e-01,
        -4.13940076e-01, -5.63136981e-01, -2.64077565e-01],
       [-8.93322740e-01,  1.59392067e+00, -1.92713165e+00,
        -8.52936813e-01,  1.50916897e+00, -5.51858314e-01,
         2.03733259e-01,  1.12142985e+01, -1.85502362e+00,
         1.45854842e-02, -1.53925110e+00, -6.04827390e-02,
        -4.45608667e-01,  2.53785708e-01,  6.64408762e-01,
         7.08074888e-02, -2.23354770e-01,  3.75188895e-01],
       [-3.25000077e+00,  3.29000873e+00,  4.91707292e+00,
        -7.26578629e-01,  1.00558350e+00,  3.24627623e+00,
         5.56289678e+00, -1.85502362e+00,  1.88676654e+01,
         1.38782303e-01,  8.21374221e-01, -1.20762525e+00,
         4.36035571e-01, -4.37479468e-01, -1.02438064e-01,
         2.96317274e-01, -3.81321548e-03, -3.72390834e-01],
       [-2.18650798e-02,  3.76974972e-01, -9.10798771e-03,
        -6.04280193e-02,  1.20049581e-01, -8.54539428e-02,
        -3.13975188e-01,  1.45854842e-02,  1.38782303e-01,
         5.76360133e-01, -2.88031303e-02, -1.07048971e-01,
        -1.62728352e-01, -9.30585305e-03,  5.25227966e-02,
        -1.09985915e-02,  3.34612712e-02,  1.67311297e-01],
       [ 9.17658429e-01,  7.41307514e-01,  8.42345546e-01,
         4.88490739e-01,  2.23044524e-01,  8.33355071e-02,
         1.49645161e+00, -1.53925110e+00,  8.21374221e-01,
        -2.88031303e-02,  1.02769951e+00, -3.88310220e-01,
        -7.47308008e-02, -2.59589432e-01, -3.43207369e-01,
        -1.16188798e-01, -7.46698691e-02, -1.49105439e-01],
       [-4.85071987e-01, -1.24039267e+00, -5.22812573e-01,
        -1.70082372e-01, -4.69614140e-01, -6.93537904e-02,
        -8.05093366e-01, -6.04827390e-02, -1.20762525e+00,
        -1.07048971e-01, -3.88310220e-01,  6.69205318e-01,
         1.06770721e-01,  2.19274433e-01,  9.41408832e-02,
        -6.66256354e-03,  1.14642986e-01,  1.64011966e-02],
       [-4.55860979e-01, -5.42146606e-01,  6.67378000e-02,
        -1.19781589e-01, -2.85930900e-01,  1.75984792e-01,
        -4.79090900e-01, -4.45608667e-01,  4.36035571e-01,
        -1.62728352e-01, -7.47308008e-02,  1.06770721e-01,
         2.10097530e-01,  5.67536014e-02,  3.22075949e-02,
         1.00284227e-01,  9.45128631e-02, -8.57705700e-02],
       [-3.10856176e-01, -4.22423257e-01, -1.42604223e-01,
        -1.11690413e-01, -1.37199205e-01,  2.67668401e-02,
        -3.73898635e-01,  2.53785708e-01, -4.37479468e-01,
        -9.30585305e-03, -2.59589432e-01,  2.19274433e-01,
         5.67536014e-02,  1.48368090e-01,  8.38281393e-02,
         1.55005999e-02,  9.68511926e-02,  2.40714438e-02],
       [-4.13226877e-01, -3.09424659e-01, -2.41430846e-01,
        -2.16473449e-01, -1.01042112e-01,  2.10210054e-02,
        -6.65162553e-01,  6.64408762e-01, -1.02438064e-01,
         5.25227966e-02, -3.43207369e-01,  9.41408832e-02,
         3.22075949e-02,  8.38281393e-02,  1.68746216e-01,
         5.87963035e-02,  3.50916442e-02,  8.52240668e-02],
       [-2.56917363e-01, -1.64569547e-01, -6.89217071e-02,
        -1.05330451e-01, -1.02287005e-01,  5.40168134e-02,
        -4.13940076e-01,  7.08074888e-02,  2.96317274e-01,
        -1.09985915e-02, -1.16188798e-01, -6.66256354e-03,
         1.00284227e-01,  1.55005999e-02,  5.87963035e-02,
         9.68465751e-02,  3.75928163e-02, -6.55782909e-03],
       [-3.23566148e-01, -3.44203248e-01,  2.07404420e-02,
        -9.82277668e-02, -1.72817591e-01,  7.69718081e-02,
        -5.63136981e-01, -2.23354770e-01, -3.81321548e-03,
         3.34612712e-02, -7.46698691e-02,  1.14642986e-01,
         9.45128631e-02,  9.68511926e-02,  3.50916442e-02,
         3.75928163e-02,  1.32587614e-01, -1.01915210e-02],
       [ 1.22433744e-01,  7.03085786e-02, -1.72310185e-01,
        -1.11128360e-02,  5.45742377e-02, -1.04476083e-01,
        -2.64077565e-01,  3.75188895e-01, -3.72390834e-01,
         1.67311297e-01, -1.49105439e-01,  1.64011966e-02,
        -8.57705700e-02,  2.40714438e-02,  8.52240668e-02,
        -6.55782909e-03, -1.01915210e-02,  1.34685656e-01]])
      jac: array([-1.83641991e-05, -7.42406137e-06,  6.47663404e-05,  7.87292454e-05,
        2.01438866e-05, -1.65318500e-04, -7.01438907e-06, -3.00352336e-06,
        1.64979141e-05, -1.90888046e-05,  1.39569837e-05,  3.89499544e-05,
       -3.51611333e-05, -2.12341256e-05,  2.14052850e-04, -1.34459111e-05,
        1.09216340e-05, -1.23215142e-04])
  message: 'Desired error not necessarily achieved due to precision loss.'
     nfev: 2215
      nit: 61
     njev: 116
   status: 2
  success: False
        x: array([-0.70722439, -1.0874835 ,  0.65050917, -0.91435327, -1.15957399,
        0.18063355, -0.53673031, -1.84142139, -0.45603108,  0.04853502,
        0.64243154,  1.18546622,  0.11481794,  0.17298549, -0.35159498,
        1.11903902, -0.28020495, -0.04273733])
