Program Begingeth
      fun: 0.2865458597057066
 hess_inv: array([[ 1.39813072e+01, -1.54992549e+00,  4.31027411e-01,
         2.24384956e+00, -1.62521651e+00,  6.97896734e-01,
         2.00070443e+00, -1.70037962e+00,  4.40397556e+00,
        -2.08313764e+00,  2.86156191e-01,  7.25940956e-01,
        -3.35293680e+00,  1.44669001e-01, -1.39938541e-01,
        -1.23966605e-01,  1.49495492e+00, -2.73043199e-01],
       [-1.54992549e+00,  3.33866244e+00, -1.50991167e-01,
         2.33623193e-02,  1.01973833e+00,  6.40311340e-02,
         4.29339429e-01,  2.45546200e+00,  5.74586487e-01,
         3.66759733e-01, -4.21736909e-01, -1.33711389e+00,
         4.20769152e-01, -5.09272191e-01,  4.24675441e-01,
        -1.94978338e-01, -8.90595380e-02,  5.68822066e-02],
       [ 4.31027411e-01, -1.50991167e-01,  4.94293781e+00,
        -4.13641361e-01, -3.97247115e-01,  1.17488441e+00,
        -4.32909682e+00, -2.61850238e+00,  1.54483120e+00,
        -2.54856501e-01,  1.96033833e+00, -6.74535184e-01,
        -2.42303056e-01, -5.17678753e-01, -7.63953778e-01,
        -3.61606936e-03,  9.86356090e-02,  1.10528026e-01],
       [ 2.24384956e+00,  2.33623193e-02, -4.13641361e-01,
         5.18495032e-01, -1.69153819e-01, -2.25551691e-02,
         1.37198191e+00,  5.23941826e-02,  7.53981698e-01,
        -3.48026815e-01, -8.46601817e-02,  3.52513910e-02,
        -4.44907072e-01, -1.62558192e-02,  5.09233277e-02,
        -1.12553146e-02,  2.04554614e-01, -5.51897585e-02],
       [-1.62521651e+00,  1.01973833e+00, -3.97247115e-01,
        -1.69153819e-01,  4.83271178e-01, -9.76153824e-02,
         1.28591804e-01,  1.30748379e+00, -3.14424619e-01,
         3.86526681e-01, -2.59809422e-01, -3.14378461e-01,
         3.96301175e-01, -8.26896423e-02,  1.80322310e-01,
        -2.53151667e-02, -1.50734385e-01,  2.88959350e-02],
       [ 6.97896734e-01,  6.40311340e-02,  1.17488441e+00,
        -2.25551691e-02, -9.76153824e-02,  3.98112318e-01,
        -1.19306154e+00, -3.40035639e-01,  8.51286568e-01,
         4.99856074e-02,  3.39805679e-01, -1.55991084e-01,
        -2.62681606e-01, -1.11837786e-01, -1.08711733e-01,
        -2.94899613e-02,  9.01932835e-02,  1.13616394e-02],
       [ 2.00070443e+00,  4.29339429e-01, -4.32909682e+00,
         1.37198191e+00,  1.28591804e-01, -1.19306154e+00,
         9.18767661e+00,  1.74530002e+00,  1.20758820e-01,
        -2.37584559e-01, -8.96991737e-01,  2.41946655e-01,
        -1.68975744e-02,  4.13342104e-02,  3.86264743e-01,
         3.73254529e-02,  1.35666819e-02, -2.25668226e-01],
       [-1.70037962e+00,  2.45546200e+00, -2.61850238e+00,
         5.23941826e-02,  1.30748379e+00, -3.40035639e-01,
         1.74530002e+00,  6.77894096e+00, -2.01257808e-01,
         1.48257177e+00, -1.12207633e+00, -4.46528126e-01,
         2.22405213e-01, -6.25433287e-02,  8.02243234e-01,
        -1.25848647e-01, -1.82733840e-01, -9.29188102e-02],
       [ 4.40397556e+00,  5.74586487e-01,  1.54483120e+00,
         7.53981698e-01, -3.14424619e-01,  8.51286568e-01,
         1.20758820e-01, -2.01257808e-01,  4.48778844e+00,
        -1.22904587e-01,  5.63991262e-01, -2.20878135e-01,
        -1.13431409e+00, -3.75245050e-01, -1.50749760e-01,
        -1.09176875e-01,  4.04560322e-01, -1.37133326e-01],
       [-2.08313764e+00,  3.66759733e-01, -2.54856501e-01,
        -3.48026815e-01,  3.86526681e-01,  4.99856074e-02,
        -2.37584559e-01,  1.48257177e+00, -1.22904587e-01,
         1.56202036e+00, -3.41550009e-02, -1.06864409e-01,
         1.94666395e-01, -5.86966755e-02,  7.72678331e-02,
         7.93278172e-04, -2.75530636e-01, -1.52134688e-01],
       [ 2.86156191e-01, -4.21736909e-01,  1.96033833e+00,
        -8.46601817e-02, -2.59809422e-01,  3.39805679e-01,
        -8.96991737e-01, -1.12207633e+00,  5.63991262e-01,
        -3.41550009e-02,  1.50248618e+00, -1.94591381e-01,
        -1.01279817e-01, -3.36442012e-01, -5.30311485e-01,
         4.74350407e-02,  1.60789573e-03, -8.40933308e-02],
       [ 7.25940956e-01, -1.33711389e+00, -6.74535184e-01,
         3.52513910e-02, -3.14378461e-01, -1.55991084e-01,
         2.41946655e-01, -4.46528126e-01, -2.20878135e-01,
        -1.06864409e-01, -1.94591381e-01,  9.82014473e-01,
        -1.79262494e-01,  3.82391445e-01, -9.24417253e-02,
         1.11552675e-01,  9.49611288e-02, -2.29573049e-02],
       [-3.35293680e+00,  4.20769152e-01, -2.42303056e-01,
        -4.44907072e-01,  3.96301175e-01, -2.62681606e-01,
        -1.68975744e-02,  2.22405213e-01, -1.13431409e+00,
         1.94666395e-01, -1.01279817e-01, -1.79262494e-01,
         9.64499316e-01, -4.11797500e-02,  3.56707711e-02,
         7.70076133e-02, -3.76821010e-01,  1.10170586e-01],
       [ 1.44669001e-01, -5.09272191e-01, -5.17678753e-01,
        -1.62558192e-02, -8.26896423e-02, -1.11837786e-01,
         4.13342104e-02, -6.25433287e-02, -3.75245050e-01,
        -5.86966755e-02, -3.36442012e-01,  3.82391445e-01,
        -4.11797500e-02,  2.41197361e-01,  5.96734789e-02,
         3.48422346e-02,  4.74818772e-02,  2.18489611e-02],
       [-1.39938541e-01,  4.24675441e-01, -7.63953778e-01,
         5.09233277e-02,  1.80322310e-01, -1.08711733e-01,
         3.86264743e-01,  8.02243234e-01, -1.50749760e-01,
         7.72678331e-02, -5.30311485e-01, -9.24417253e-02,
         3.56707711e-02,  5.96734789e-02,  2.65933624e-01,
        -4.21559723e-02, -8.09007492e-03,  3.50933229e-02],
       [-1.23966605e-01, -1.94978338e-01, -3.61606936e-03,
        -1.12553146e-02, -2.53151667e-02, -2.94899613e-02,
         3.73254529e-02, -1.25848647e-01, -1.09176875e-01,
         7.93278172e-04,  4.74350407e-02,  1.11552675e-01,
         7.70076133e-02,  3.48422346e-02, -4.21559723e-02,
         5.89667217e-02, -2.62138060e-02,  3.67402176e-03],
       [ 1.49495492e+00, -8.90595380e-02,  9.86356090e-02,
         2.04554614e-01, -1.50734385e-01,  9.01932835e-02,
         1.35666819e-02, -1.82733840e-01,  4.04560322e-01,
        -2.75530636e-01,  1.60789573e-03,  9.49611288e-02,
        -3.76821010e-01,  4.74818772e-02, -8.09007492e-03,
        -2.62138060e-02,  2.10465482e-01, -1.12325479e-02],
       [-2.73043199e-01,  5.68822066e-02,  1.10528026e-01,
        -5.51897585e-02,  2.88959350e-02,  1.13616394e-02,
        -2.25668226e-01, -9.29188102e-02, -1.37133326e-01,
        -1.52134688e-01, -8.40933308e-02, -2.29573049e-02,
         1.10170586e-01,  2.18489611e-02,  3.50933229e-02,
         3.67402176e-03, -1.12325479e-02,  7.85334490e-02]])
      jac: array([ 1.60516045e-05, -2.02249328e-05, -1.87342734e-05, -3.95757501e-06,
        2.72718885e-05,  4.83231973e-05, -1.87812728e-06,  1.30044124e-06,
       -2.89028061e-06,  2.37421194e-05, -1.23390187e-05, -1.14756353e-05,
        7.68736926e-05, -4.25411558e-05, -5.23977158e-05, -6.92298071e-05,
        5.92559335e-05,  3.25539595e-05])
  message: 'Desired error not necessarily achieved due to precision loss.'
     nfev: 2424
      nit: 77
     njev: 127
   status: 2
  success: False
        x: array([ 0.52855249, -0.61150218,  0.02829933,  1.36903116, -0.67374562,
       -0.09139911,  1.92773826, -0.85354378, -1.03484408, -0.02349713,
        0.42959424,  1.06092964,  0.08730149,  0.17430894, -0.24318084,
       -1.3053294 , -0.51744469,  0.03193778])
