Program Begingeth
      fun: 0.20040328555758574
 hess_inv: array([[ 2.12633701e+00,  1.57807883e-01,  5.44808636e-02,
         1.11993060e-01,  7.65748506e-02,  5.94033402e-01,
        -5.05264314e+00,  5.75238925e-01,  1.10115591e+00,
        -4.52555292e-01, -1.09802054e-01,  8.03656537e-03,
        -3.04252344e-01, -5.66258704e-02,  1.47162629e-01,
         3.58472644e-02, -7.29103991e-02, -4.75503351e-01],
       [ 1.57807883e-01,  2.37452022e+00,  1.41919898e+00,
         5.29690517e-02,  3.57202930e-01,  9.96924223e-02,
        -3.73589026e+00, -7.09028925e-01,  5.32102402e+00,
         2.48426758e-01,  4.30750317e-01, -3.00419682e+00,
         1.58810770e-01, -7.13839699e-01, -3.40021587e-01,
        -3.78338532e-02, -5.26581544e-02, -2.14897854e-01],
       [ 5.44808636e-02,  1.41919898e+00,  2.78997275e+00,
        -3.77688489e-01,  5.55933481e-02,  1.08934473e-01,
        -3.56710984e+00, -5.78230422e+00,  5.38881575e+00,
         1.21499813e-01,  2.36234564e+00, -3.18407826e+00,
         3.74232250e-02, -7.95832559e-01, -8.59293729e-01,
         3.06836256e-01, -1.89639789e-01, -2.15897498e-01],
       [ 1.11993060e-01,  5.29690517e-02, -3.77688489e-01,
         1.56380762e-01, -5.18339885e-03, -3.06868544e-03,
         9.86121629e-01,  1.32928818e+00, -2.39494049e-01,
        -1.02514059e-01, -4.58750994e-01,  1.39209510e-01,
         2.24064838e-02,  2.31828325e-02,  1.64345782e-01,
        -5.74084962e-02,  5.46921862e-02,  3.75968829e-02],
       [ 7.65748506e-02,  3.57202930e-01,  5.55933481e-02,
        -5.18339885e-03,  3.96531852e-01,  1.43032608e-01,
        -4.99864494e+00,  8.79146090e-01,  2.06015214e-01,
         4.70700069e-01, -1.76261210e-01, -1.65653126e-01,
         1.85047177e-01,  8.21694734e-02,  7.63302917e-02,
        -1.78327522e-02, -1.96533307e-01, -8.94783155e-02],
       [ 5.94033402e-01,  9.96924223e-02,  1.08934473e-01,
        -3.06868544e-03,  1.43032608e-01,  2.86764963e-01,
        -3.31151222e+00,  2.94823091e-01,  6.35859681e-01,
         1.67131439e-01, -7.34346542e-02, -2.10294822e-02,
        -7.03323869e-02,  1.77520833e-02,  9.07193700e-02,
        -1.22646287e-02, -1.09894493e-01, -1.51795216e-01],
       [-5.05264314e+00, -3.73589026e+00, -3.56710984e+00,
         9.86121629e-01, -4.99864494e+00, -3.31151222e+00,
         9.12344533e+01,  8.07585129e-01, -1.00890783e+01,
        -5.90133945e+00, -1.83287365e+00,  3.23411502e+00,
        -1.96558136e+00, -1.47856073e-01,  7.62856010e-02,
        -2.23637571e-01,  4.05221211e+00,  2.66484024e+00],
       [ 5.75238925e-01, -7.09028925e-01, -5.78230422e+00,
         1.32928818e+00,  8.79146090e-01,  2.94823091e-01,
         8.07585129e-01,  2.16276793e+01, -9.17956347e+00,
         3.60022176e-01, -6.42193600e+00,  4.48173278e+00,
         1.87961246e-01,  1.44923382e+00,  2.60863616e+00,
        -1.05898106e+00,  4.75274561e-01,  4.27099712e-01],
       [ 1.10115591e+00,  5.32102402e+00,  5.38881575e+00,
        -2.39494049e-01,  2.06015214e-01,  6.35859681e-01,
        -1.00890783e+01, -9.17956347e+00,  2.12731773e+01,
         3.21749445e-01,  3.93630191e+00, -8.27599453e+00,
         9.07183091e-02, -2.62786319e+00, -1.72306613e+00,
         2.34406620e-01, -5.37373605e-01, -7.16561015e-01],
       [-4.52555292e-01,  2.48426758e-01,  1.21499813e-01,
        -1.02514059e-01,  4.70700069e-01,  1.67131439e-01,
        -5.90133945e+00,  3.60022176e-01,  3.21749445e-01,
         1.39444856e+00, -4.16284342e-02, -1.33155113e-01,
         1.48969745e-01,  8.77551074e-02,  4.53189544e-02,
        -4.59419097e-02, -3.63485269e-01, -1.07181170e-01],
       [-1.09802054e-01,  4.30750317e-01,  2.36234564e+00,
        -4.58750994e-01, -1.76261210e-01, -7.34346542e-02,
        -1.83287365e+00, -6.42193600e+00,  3.93630191e+00,
        -4.16284342e-02,  2.98627912e+00, -2.21078188e+00,
         2.79804440e-04, -7.37614491e-01, -9.84625489e-01,
         3.84509227e-01, -2.30329027e-01, -2.24891802e-01],
       [ 8.03656537e-03, -3.00419682e+00, -3.18407826e+00,
         1.39209510e-01, -1.65653126e-01, -2.10294822e-02,
         3.23411502e+00,  4.48173278e+00, -8.27599453e+00,
        -1.33155113e-01, -2.21078188e+00,  5.33197790e+00,
        -1.62015613e-01,  1.36944380e+00,  8.79190329e-01,
        -1.47091092e-01,  1.51255186e-01,  2.80642901e-01],
       [-3.04252344e-01,  1.58810770e-01,  3.74232250e-02,
         2.24064838e-02,  1.85047177e-01, -7.03323869e-02,
        -1.96558136e+00,  1.87961246e-01,  9.07183091e-02,
         1.48969745e-01,  2.79804440e-04, -1.62015613e-01,
         2.68452801e-01,  8.19780056e-03, -1.13875556e-02,
         2.87741207e-02, -1.34414329e-01,  6.20156106e-02],
       [-5.66258704e-02, -7.13839699e-01, -7.95832559e-01,
         2.31828325e-02,  8.21694734e-02,  1.77520833e-02,
        -1.47856073e-01,  1.44923382e+00, -2.62786319e+00,
         8.77551074e-02, -7.37614491e-01,  1.36944380e+00,
         8.19780056e-03,  4.64145761e-01,  2.86793764e-01,
        -3.90755006e-02,  3.29382757e-02,  9.11980041e-02],
       [ 1.47162629e-01, -3.40021587e-01, -8.59293729e-01,
         1.64345782e-01,  7.63302917e-02,  9.07193700e-02,
         7.62856010e-02,  2.60863616e+00, -1.72306613e+00,
         4.53189544e-02, -9.84625489e-01,  8.79190329e-01,
        -1.13875556e-02,  2.86793764e-01,  4.22083301e-01,
        -1.37119485e-01,  4.29702347e-02,  7.78121467e-02],
       [ 3.58472644e-02, -3.78338532e-02,  3.06836256e-01,
        -5.74084962e-02, -1.78327522e-02, -1.22646287e-02,
        -2.23637571e-01, -1.05898106e+00,  2.34406620e-01,
        -4.59419097e-02,  3.84509227e-01, -1.47091092e-01,
         2.87741207e-02, -3.90755006e-02, -1.37119485e-01,
         1.07657561e-01, -3.35290267e-02, -2.10480592e-02],
       [-7.29103991e-02, -5.26581544e-02, -1.89639789e-01,
         5.46921862e-02, -1.96533307e-01, -1.09894493e-01,
         4.05221211e+00,  4.75274561e-01, -5.37373605e-01,
        -3.63485269e-01, -2.30329027e-01,  1.51255186e-01,
        -1.34414329e-01,  3.29382757e-02,  4.29702347e-02,
        -3.35290267e-02,  2.62410309e-01,  9.87379820e-02],
       [-4.75503351e-01, -2.14897854e-01, -2.15897498e-01,
         3.75968829e-02, -8.94783155e-02, -1.51795216e-01,
         2.66484024e+00,  4.27099712e-01, -7.16561015e-01,
        -1.07181170e-01, -2.24891802e-01,  2.80642901e-01,
         6.20156106e-02,  9.11980041e-02,  7.78121467e-02,
        -2.10480592e-02,  9.87379820e-02,  2.13351208e-01]])
      jac: array([ 7.51249063e-05, -1.57255690e-05, -1.21712640e-04, -2.29264015e-04,
        6.39377440e-06,  2.81445978e-04,  8.10721860e-06, -5.56573306e-06,
       -2.56702067e-05,  5.23521967e-05, -3.18313894e-05, -5.99183666e-05,
        1.98968249e-04, -9.90180160e-05, -2.50908923e-04, -3.16050889e-05,
        4.68164396e-05,  1.97208176e-04])
  message: 'Desired error not necessarily achieved due to precision loss.'
     nfev: 2007
      nit: 58
     njev: 105
   status: 2
  success: False
        x: array([ 0.14849819, -0.15600469,  0.78710421,  0.96746499, -0.32364177,
        0.03126153,  0.21507593, -1.05885498, -0.45914403,  0.07947358,
        0.81992003,  0.75403038,  0.12694635,  0.20339204, -0.40435529,
       -1.00581459, -0.51585799,  0.03506636])
