Program Begingeth
      fun: 0.28210861034611673
 hess_inv: array([[ 4.76071738e+00, -1.89947003e+00, -2.73256291e-01,
         1.56682248e+00, -8.90352390e-01,  1.00317373e+00,
         2.63885218e+00,  1.62938916e+00,  2.88813537e+00,
        -3.63958481e-01, -9.50026195e-01,  8.85581368e-01,
        -7.21450742e-01,  4.04296428e-01,  4.99459341e-01,
        -2.62813145e-01,  5.65868999e-01, -3.01248559e-01],
       [-1.89947003e+00,  4.10501484e+00,  1.13145537e+00,
        -5.51053696e-01,  1.66959300e+00, -1.27305483e-01,
        -3.88289957e+00,  5.53382786e-01,  2.79739017e+00,
        -2.86204402e-01,  4.92173565e-01, -1.61275552e+00,
         6.12985811e-01, -4.81743392e-01, -3.31540156e-01,
         5.54822848e-02, -3.98382011e-01,  1.29843945e-01],
       [-2.73256291e-01,  1.13145537e+00,  1.93824805e+00,
        -3.44784368e-01,  4.22361669e-01,  6.27156542e-01,
        -2.73267055e+00, -1.52713641e+00,  2.21788974e+00,
        -5.74617375e-02,  7.66497457e-01, -6.55430651e-01,
         6.84120939e-02, -1.47713690e-01, -2.42552156e-01,
         1.42071113e-01, -4.30714142e-02, -7.32737308e-02],
       [ 1.56682248e+00, -5.51053696e-01, -3.44784368e-01,
         6.13429132e-01, -2.71716883e-01,  2.21566774e-01,
         1.46524875e+00,  8.69185817e-01,  8.91870658e-01,
        -1.73257912e-01, -4.28306673e-01,  2.48037631e-01,
        -1.82597421e-01,  1.08491577e-01,  2.14908842e-01,
        -1.04141154e-01,  1.61091192e-01, -4.56080038e-02],
       [-8.90352390e-01,  1.66959300e+00,  4.22361669e-01,
        -2.71716883e-01,  8.10895373e-01, -6.40147534e-02,
        -2.43005994e+00,  8.26430286e-01,  7.65217032e-01,
        -1.06510564e-02,  1.42293517e-01, -5.71382348e-01,
         3.26499250e-01, -1.47695671e-01, -1.19993920e-01,
         8.00594443e-02, -2.37637025e-01,  5.89762781e-02],
       [ 1.00317373e+00, -1.27305483e-01,  6.27156542e-01,
         2.21566774e-01, -6.40147534e-02,  5.30612064e-01,
        -6.92831162e-01,  5.15435174e-03,  1.66858800e+00,
         1.74140167e-02, -4.26565253e-02,  3.28364133e-02,
        -1.83114953e-01,  6.21929804e-02,  7.54703937e-02,
        -3.70702662e-02,  9.02501717e-02, -9.52988861e-02],
       [ 2.63885218e+00, -3.88289957e+00, -2.73267055e+00,
         1.46524875e+00, -2.43005994e+00, -6.92831162e-01,
         1.62213221e+01, -1.64027750e+00, -2.75886101e+00,
        -9.14949579e-01, -9.39084853e-01,  1.16828638e+00,
        -8.73602021e-01,  3.63830466e-01,  5.29618719e-01,
        -4.65157212e-01,  1.18477006e+00,  2.22924919e-01],
       [ 1.62938916e+00,  5.53382786e-01, -1.52713641e+00,
         8.69185817e-01,  8.26430286e-01,  5.15435174e-03,
        -1.64027750e+00,  8.09161840e+00,  2.55253426e-01,
         7.63601615e-02, -1.47312334e+00,  2.70059865e-01,
         1.19363962e-01,  3.10019993e-01,  6.47753430e-01,
        -2.22967683e-01, -8.17985332e-02,  1.13249095e-01],
       [ 2.88813537e+00,  2.79739017e+00,  2.21788974e+00,
         8.91870658e-01,  7.65217032e-01,  1.66858800e+00,
        -2.75886101e+00,  2.55253426e-01,  1.14827441e+01,
        -5.15023494e-01,  7.04762348e-02, -1.19948456e+00,
        -2.56977487e-01, -4.47229449e-01,  1.29991419e-01,
        -3.34244754e-01, -7.14899665e-03, -1.29517926e-01],
       [-3.63958481e-01, -2.86204402e-01, -5.74617375e-02,
        -1.73257912e-01, -1.06510564e-02,  1.74140167e-02,
        -9.14949579e-01,  7.63601615e-02, -5.15023494e-01,
         6.83434259e-01,  5.61788033e-02,  1.01818762e-01,
        -9.00699224e-02, -1.20416417e-02, -5.01035420e-02,
         2.56154158e-02, -1.44348049e-01, -1.44624890e-01],
       [-9.50026195e-01,  4.92173565e-01,  7.66497457e-01,
        -4.28306673e-01,  1.42293517e-01, -4.26565253e-02,
        -9.39084853e-01, -1.47312334e+00,  7.04762348e-02,
         5.61788033e-02,  1.00551146e+00, -4.32389840e-01,
         1.26792325e-01, -2.48006937e-01, -3.34327634e-01,
         1.47741582e-01, -8.95345428e-02, -9.19394225e-02],
       [ 8.85581368e-01, -1.61275552e+00, -6.55430651e-01,
         2.48037631e-01, -5.71382348e-01,  3.28364133e-02,
         1.16828638e+00,  2.70059865e-01, -1.19948456e+00,
         1.01818762e-01, -4.32389840e-01,  9.83763177e-01,
        -2.16036035e-01,  3.12417419e-01,  1.42965070e-01,
         1.08943385e-02,  1.86594005e-01, -3.57804181e-02],
       [-7.21450742e-01,  6.12985811e-01,  6.84120939e-02,
        -1.82597421e-01,  3.26499250e-01, -1.83114953e-01,
        -8.73602021e-01,  1.19363962e-01, -2.56977487e-01,
        -9.00699224e-02,  1.26792325e-01, -2.16036035e-01,
         2.83074757e-01, -8.60588373e-02, -6.99266122e-02,
         1.18143778e-01, -1.66542904e-01,  1.03117607e-01],
       [ 4.04296428e-01, -4.81743392e-01, -1.47713690e-01,
         1.08491577e-01, -1.47695671e-01,  6.21929804e-02,
         3.63830466e-01,  3.10019993e-01, -4.47229449e-01,
        -1.20416417e-02, -2.48006937e-01,  3.12417419e-01,
        -8.60588373e-02,  1.72528302e-01,  8.44591501e-02,
        -4.95788061e-03,  1.19049041e-01,  2.11749658e-03],
       [ 4.99459341e-01, -3.31540156e-01, -2.42552156e-01,
         2.14908842e-01, -1.19993920e-01,  7.54703937e-02,
         5.29618719e-01,  6.47753430e-01,  1.29991419e-01,
        -5.01035420e-02, -3.34327634e-01,  1.42965070e-01,
        -6.99266122e-02,  8.44591501e-02,  1.76545667e-01,
        -7.00913867e-02,  4.96482714e-02,  5.74614935e-02],
       [-2.62813145e-01,  5.54822848e-02,  1.42071113e-01,
        -1.04141154e-01,  8.00594443e-02, -3.70702662e-02,
        -4.65157212e-01, -2.22967683e-01, -3.34244754e-01,
         2.56154158e-02,  1.47741582e-01,  1.08943385e-02,
         1.18143778e-01, -4.95788061e-03, -7.00913867e-02,
         1.23170770e-01, -5.95258920e-02,  7.47921379e-03],
       [ 5.65868999e-01, -3.98382011e-01, -4.30714142e-02,
         1.61091192e-01, -2.37637025e-01,  9.02501717e-02,
         1.18477006e+00, -8.17985332e-02, -7.14899665e-03,
        -1.44348049e-01, -8.95345428e-02,  1.86594005e-01,
        -1.66542904e-01,  1.19049041e-01,  4.96482714e-02,
        -5.95258920e-02,  2.31402183e-01, -2.18458663e-02],
       [-3.01248559e-01,  1.29843945e-01, -7.32737308e-02,
        -4.56080038e-02,  5.89762781e-02, -9.52988861e-02,
         2.22924919e-01,  1.13249095e-01, -1.29517926e-01,
        -1.44624890e-01, -9.19394225e-02, -3.57804181e-02,
         1.03117607e-01,  2.11749658e-03,  5.74614935e-02,
         7.47921379e-03, -2.18458663e-02,  1.47152445e-01]])
      jac: array([-2.08425869e-06, -4.85833596e-06, -2.80331314e-06,  6.48481269e-06,
        1.04198132e-05,  2.15901371e-06, -6.98330283e-07, -7.98250355e-07,
        3.55641442e-07, -7.03141249e-07, -1.03250741e-06, -2.90693395e-06,
       -7.08100245e-06, -2.82144678e-06, -6.75015599e-06,  3.44317167e-06,
        5.83866289e-06,  6.89633535e-06])
  message: 'Desired error not necessarily achieved due to precision loss.'
     nfev: 2235
      nit: 60
     njev: 117
   status: 2
  success: False
        x: array([ 0.66430292, -0.91405608,  0.6168175 ,  0.9632222 , -1.02017814,
        0.12905679,  0.51244962, -1.8319631 , -0.49851009,  0.02462065,
        0.62817519,  1.17539012,  0.02180512,  0.08721695, -0.38018962,
       -0.93513508, -0.56721043, -0.03844951])
