Program Begingeth
      fun: 0.27441235358776955
 hess_inv: array([[ 3.11275233e+00,  6.80751383e-01, -7.17989456e-01,
         1.22320357e+00,  3.49596607e-01, -1.10276008e+00,
         6.69883607e-01, -4.52518200e-01, -5.05415085e+00,
         4.04132916e-02,  7.90925868e-01, -1.90734374e-01,
        -2.98614653e-01, -1.99674564e-01, -3.42155965e-01,
        -2.25240165e-01, -1.72724346e-01,  9.40136838e-02],
       [ 6.80751383e-01,  4.46581003e+00,  8.98300586e-01,
         1.80056766e-01,  2.01526244e+00,  8.28614439e-02,
         2.33827347e+00,  2.19530445e+00,  3.91297966e+00,
         7.18472300e-01,  6.76007094e-01, -1.14149147e+00,
        -5.33624443e-01, -3.63390552e-01, -2.08248453e-01,
        -1.55319575e-01, -2.80635536e-01,  1.35037354e-01],
       [-7.17989456e-01,  8.98300586e-01,  2.07205665e+00,
        -1.07521106e-02,  2.62432780e-01,  1.14985144e+00,
         2.00712158e+00, -1.52477813e+00,  4.90883076e+00,
         8.20329669e-02,  4.71221799e-01, -3.34185826e-01,
         1.54432987e-01, -1.73188902e-02, -5.64351649e-02,
         2.20777912e-02,  1.32543599e-01, -1.06631934e-01],
       [ 1.22320357e+00,  1.80056766e-01, -1.07521106e-02,
         5.68376570e-01,  7.78451571e-02, -2.90530975e-01,
         7.52467914e-01, -6.40683152e-01, -1.62369244e+00,
        -1.55435805e-02,  4.04325968e-01, -4.05862836e-02,
        -5.00125455e-02, -5.59503178e-02, -1.69676111e-01,
        -7.94807582e-02, -2.03845021e-02, -7.88288117e-03],
       [ 3.49596607e-01,  2.01526244e+00,  2.62432780e-01,
         7.78451571e-02,  1.00103910e+00, -3.31834593e-02,
         1.29923686e+00,  1.69963489e+00,  1.30932671e+00,
         2.70160372e-01,  2.29976305e-01, -4.39138128e-01,
        -2.97616107e-01, -1.31504948e-01, -8.02923167e-02,
        -1.12504885e-01, -1.62943169e-01,  7.49852952e-02],
       [-1.10276008e+00,  8.28614439e-02,  1.14985144e+00,
        -2.90530975e-01, -3.31834593e-02,  8.68101530e-01,
         8.41950635e-01, -6.22224807e-01,  3.70913161e+00,
        -6.36501267e-02, -5.24977851e-02, -4.40697097e-02,
         1.92652471e-01,  6.38885222e-02,  8.83620359e-02,
         8.86861533e-02,  1.08964845e-01, -7.22561003e-02],
       [ 6.69883607e-01,  2.33827347e+00,  2.00712158e+00,
         7.52467914e-01,  1.29923686e+00,  8.41950635e-01,
         8.04000676e+00,  8.82396952e-01,  3.93057088e+00,
         2.94194663e-02,  7.67333787e-01, -2.50344755e-01,
        -2.52190850e-01, -1.24231176e-01, -3.02714821e-01,
        -2.43169784e-01, -3.06583559e-01, -1.34119207e-01],
       [-4.52518200e-01,  2.19530445e+00, -1.52477813e+00,
        -6.40683152e-01,  1.69963489e+00, -6.22224807e-01,
         8.82396952e-01,  9.31100849e+00, -9.49253750e-01,
         3.73429243e-02, -9.25974208e-01, -2.34944166e-01,
        -6.22133336e-01,  4.51612906e-02,  3.32131355e-01,
        -1.30466268e-01, -4.12721683e-01,  2.77235977e-01],
       [-5.05415085e+00,  3.91297966e+00,  4.90883076e+00,
        -1.62369244e+00,  1.30932671e+00,  3.70913161e+00,
         3.93057088e+00, -9.49253750e-01,  2.17879926e+01,
         4.44698012e-01,  9.91638754e-02, -1.09006492e+00,
         4.29755209e-01, -2.14716726e-01,  2.92478777e-01,
         4.17532840e-01,  1.21431248e-01, -1.52418748e-01],
       [ 4.04132916e-02,  7.18472300e-01,  8.20329669e-02,
        -1.55435805e-02,  2.70160372e-01, -6.36501267e-02,
         2.94194663e-02,  3.73429243e-02,  4.44698012e-01,
         6.79951124e-01,  2.07287478e-02, -1.75916607e-01,
        -1.91473088e-01, -3.03805796e-02,  4.67358347e-02,
        -1.17717993e-02,  8.29896278e-03,  1.85667272e-01],
       [ 7.90925868e-01,  6.76007094e-01,  4.71221799e-01,
         4.04325968e-01,  2.29976305e-01, -5.24977851e-02,
         7.67333787e-01, -9.25974208e-01,  9.91638754e-02,
         2.07287478e-02,  8.52644396e-01, -2.83387570e-01,
        -4.76226655e-02, -1.90327496e-01, -2.71075699e-01,
        -9.07558483e-02, -1.86977574e-02, -1.14762133e-01],
       [-1.90734374e-01, -1.14149147e+00, -3.34185826e-01,
        -4.05862836e-02, -4.39138128e-01, -4.40697097e-02,
        -2.50344755e-01, -2.34944166e-01, -1.09006492e+00,
        -1.75916607e-01, -2.83387570e-01,  5.90732621e-01,
         7.54506504e-02,  1.72997905e-01,  3.51290946e-02,
        -2.98224864e-02,  7.81699992e-02, -6.10342052e-03],
       [-2.98614653e-01, -5.33624443e-01,  1.54432987e-01,
        -5.00125455e-02, -2.97616107e-01,  1.92652471e-01,
        -2.52190850e-01, -6.22133336e-01,  4.29755209e-01,
        -1.91473088e-01, -4.76226655e-02,  7.54506504e-02,
         2.08531034e-01,  5.15496864e-02,  1.70708360e-02,
         1.03059997e-01,  1.00444222e-01, -8.87554986e-02],
       [-1.99674564e-01, -3.63390552e-01, -1.73188902e-02,
        -5.59503178e-02, -1.31504948e-01,  6.38885222e-02,
        -1.24231176e-01,  4.51612906e-02, -2.14716726e-01,
        -3.03805796e-02, -1.90327496e-01,  1.72997905e-01,
         5.15496864e-02,  1.22339455e-01,  5.31896331e-02,
         1.20154962e-02,  8.65284003e-02,  9.83254705e-03],
       [-3.42155965e-01, -2.08248453e-01, -5.64351649e-02,
        -1.69676111e-01, -8.02923167e-02,  8.83620359e-02,
        -3.02714821e-01,  3.32131355e-01,  2.92478777e-01,
         4.67358347e-02, -2.71075699e-01,  3.51290946e-02,
         1.70708360e-02,  5.31896331e-02,  1.40172963e-01,
         4.80165802e-02,  1.18304958e-02,  7.83154932e-02],
       [-2.25240165e-01, -1.55319575e-01,  2.20777912e-02,
        -7.94807582e-02, -1.12504885e-01,  8.86861533e-02,
        -2.43169784e-01, -1.30466268e-01,  4.17532840e-01,
        -1.17717993e-02, -9.07558483e-02, -2.98224864e-02,
         1.03059997e-01,  1.20154962e-02,  4.80165802e-02,
         9.84860162e-02,  4.12379086e-02, -1.25932991e-02],
       [-1.72724346e-01, -2.80635536e-01,  1.32543599e-01,
        -2.03845021e-02, -1.62943169e-01,  1.08964845e-01,
        -3.06583559e-01, -4.12721683e-01,  1.21431248e-01,
         8.29896278e-03, -1.86977574e-02,  7.81699992e-02,
         1.00444222e-01,  8.65284003e-02,  1.18304958e-02,
         4.12379086e-02,  1.39591895e-01, -2.16212976e-02],
       [ 9.40136838e-02,  1.35037354e-01, -1.06631934e-01,
        -7.88288117e-03,  7.49852952e-02, -7.22561003e-02,
        -1.34119207e-01,  2.77235977e-01, -1.52418748e-01,
         1.85667272e-01, -1.14762133e-01, -6.10342052e-03,
        -8.87554986e-02,  9.83254705e-03,  7.83154932e-02,
        -1.25932991e-02, -2.16212976e-02,  1.31127575e-01]])
      jac: array([-2.53127149e-05,  7.42517159e-06,  1.69734597e-05,  5.94776080e-05,
       -9.96092098e-06, -3.28341058e-05, -2.76186481e-06, -1.40924309e-06,
        1.12095518e-06, -1.88897046e-05, -1.35373194e-06,  1.43955218e-05,
       -6.12735788e-05, -1.66526052e-05,  5.19769413e-05,  2.54000524e-05,
        7.97658236e-06, -3.60274773e-05])
  message: 'Desired error not necessarily achieved due to precision loss.'
     nfev: 1986
      nit: 58
     njev: 104
   status: 2
  success: False
        x: array([-0.73929491, -1.24347083,  0.68555998, -0.88839053, -1.2954097 ,
        0.21629519, -0.44678153, -2.06837523, -0.33461412,  0.01885373,
        0.61692125,  1.20446405,  0.12445275,  0.14681087, -0.35178373,
        1.10770167, -0.28822704, -0.05469199])
