Program Begingeth
      fun: 0.2604134312402335
 hess_inv: array([[ 4.05288094e+00, -1.93061338e+00, -6.11709565e-01,
         1.31459233e+00, -7.61230522e-01,  8.15986730e-01,
         2.89066477e+00,  2.22399514e+00,  1.78148702e+00,
        -2.57949170e-01, -9.48328364e-01,  1.13729910e+00,
        -6.71454266e-01,  4.48509622e-01,  4.96166979e-01,
        -2.02716670e-01,  4.84694937e-01, -2.65650069e-01],
       [-1.93061338e+00,  3.63314283e+00,  1.23364339e+00,
        -5.65266605e-01,  1.38379309e+00, -1.74177881e-01,
        -3.40163489e+00,  2.32454630e-01,  2.37849999e+00,
        -2.71192998e-01,  5.43513812e-01, -1.70861956e+00,
         5.76265200e-01, -4.74257983e-01, -3.78255657e-01,
         5.70154406e-02, -2.78202351e-01,  1.20646754e-01],
       [-6.11709565e-01,  1.23364339e+00,  2.02791565e+00,
        -4.86744239e-01,  4.29452011e-01,  5.47890290e-01,
        -3.47883658e+00, -1.88396868e+00,  2.47188236e+00,
        -1.66081325e-02,  8.83681749e-01, -9.22289018e-01,
         1.17420540e-01, -2.12194022e-01, -3.24835633e-01,
         1.47637175e-01, -8.11962792e-02, -9.00907171e-02],
       [ 1.31459233e+00, -5.65266605e-01, -4.86744239e-01,
         5.37655409e-01, -2.30175235e-01,  1.47315080e-01,
         1.73501091e+00,  1.15746182e+00,  4.25013950e-01,
        -1.33662992e-01, -4.39338417e-01,  3.54168154e-01,
        -1.67522903e-01,  1.24328091e-01,  2.19898890e-01,
        -8.80776308e-02,  1.39530320e-01, -2.61425506e-02],
       [-7.61230522e-01,  1.38379309e+00,  4.29452011e-01,
        -2.30175235e-01,  6.62157093e-01, -4.87836615e-02,
        -2.11383005e+00,  8.60719780e-01,  5.73785052e-01,
         1.26979927e-02,  1.04528462e-01, -5.53103654e-01,
         2.75863627e-01, -1.13717050e-01, -1.03384961e-01,
         6.41702725e-02, -1.56362327e-01,  5.29423633e-02],
       [ 8.15986730e-01, -1.74177881e-01,  5.47890290e-01,
         1.47315080e-01, -4.87836615e-02,  4.83957803e-01,
        -8.85541964e-01,  1.62955971e-01,  1.52312428e+00,
         7.10369262e-02, -3.22718476e-02,  3.04021340e-02,
        -1.69763328e-01,  6.20409827e-02,  6.92504065e-02,
        -2.87699869e-02,  5.89259886e-02, -1.00931027e-01],
       [ 2.89066477e+00, -3.40163489e+00, -3.47883658e+00,
         1.73501091e+00, -2.11383005e+00, -8.85541964e-01,
         1.83902408e+01, -1.75728068e-01, -3.42174299e+00,
        -1.15700626e+00, -1.25012155e+00,  1.58196515e+00,
        -8.22010340e-01,  4.25319852e-01,  6.59367775e-01,
        -4.79019253e-01,  1.15183820e+00,  3.13866207e-01],
       [ 2.22399514e+00,  2.32454630e-01, -1.88396868e+00,
         1.15746182e+00,  8.60719780e-01,  1.62955971e-01,
        -1.75728068e-01,  1.10944806e+01, -5.36922765e-01,
         1.98673255e-01, -1.91996878e+00,  5.94561090e-01,
        -3.46863671e-02,  4.97979569e-01,  9.60318924e-01,
        -3.17778237e-01,  9.67570424e-02,  1.54678334e-01],
       [ 1.78148702e+00,  2.37849999e+00,  2.47188236e+00,
         4.25013950e-01,  5.73785052e-01,  1.52312428e+00,
        -3.42174299e+00, -5.36922765e-01,  1.11897905e+01,
        -2.83865382e-01,  5.56522861e-01, -1.42643285e+00,
        -2.01800935e-01, -5.91126794e-01, -1.21896731e-01,
        -2.48741061e-01, -1.19329132e-01, -2.23017687e-01],
       [-2.57949170e-01, -2.71192998e-01, -1.66081325e-02,
        -1.33662992e-01,  1.26979927e-02,  7.10369262e-02,
        -1.15700626e+00,  1.98673255e-01, -2.83865382e-01,
         7.00870618e-01,  6.39769599e-02,  8.51897005e-02,
        -7.95199862e-02, -1.97962935e-02, -3.04093160e-02,
         2.87487785e-02, -1.64999245e-01, -1.52161099e-01],
       [-9.48328364e-01,  5.43513812e-01,  8.83681749e-01,
        -4.39338417e-01,  1.04528462e-01, -3.22718476e-02,
        -1.25012155e+00, -1.91996878e+00,  5.56522861e-01,
         6.39769599e-02,  1.08654341e+00, -5.92276094e-01,
         1.25005669e-01, -3.05105984e-01, -3.82546006e-01,
         1.34242883e-01, -1.05738557e-01, -1.12294356e-01],
       [ 1.13729910e+00, -1.70861956e+00, -9.22289018e-01,
         3.54168154e-01, -5.53103654e-01,  3.04021340e-02,
         1.58196515e+00,  5.94561090e-01, -1.42643285e+00,
         8.51897005e-02, -5.92276094e-01,  1.25055539e+00,
        -2.41933968e-01,  3.88709271e-01,  2.14721962e-01,
         1.05420709e-02,  1.95034058e-01, -2.49345939e-02],
       [-6.71454266e-01,  5.76265200e-01,  1.17420540e-01,
        -1.67522903e-01,  2.75863627e-01, -1.69763328e-01,
        -8.22010340e-01, -3.46863671e-02, -2.01800935e-01,
        -7.95199862e-02,  1.25005669e-01, -2.41933968e-01,
         2.59521520e-01, -8.77061181e-02, -7.91666243e-02,
         1.01707979e-01, -1.35094508e-01,  9.81684363e-02],
       [ 4.48509622e-01, -4.74257983e-01, -2.12194022e-01,
         1.24328091e-01, -1.13717050e-01,  6.20409827e-02,
         4.25319852e-01,  4.97979569e-01, -5.91126794e-01,
        -1.97962935e-02, -3.05105984e-01,  3.88709271e-01,
        -8.77061181e-02,  2.08849160e-01,  1.11954333e-01,
         5.55099359e-04,  1.28865891e-01,  1.22504107e-02],
       [ 4.96166979e-01, -3.78255657e-01, -3.24835633e-01,
         2.19898890e-01, -1.03384961e-01,  6.92504065e-02,
         6.59367775e-01,  9.60318924e-01, -1.21896731e-01,
        -3.04093160e-02, -3.82546006e-01,  2.14721962e-01,
        -7.91666243e-02,  1.11954333e-01,  2.07707217e-01,
        -7.39521000e-02,  5.13158363e-02,  6.12772558e-02],
       [-2.02716670e-01,  5.70154406e-02,  1.47637175e-01,
        -8.80776308e-02,  6.41702725e-02, -2.87699869e-02,
        -4.79019253e-01, -3.17778237e-01, -2.48741061e-01,
         2.87487785e-02,  1.34242883e-01,  1.05420709e-02,
         1.01707979e-01,  5.55099359e-04, -7.39521000e-02,
         1.12492993e-01, -4.17474574e-02,  1.31746484e-03],
       [ 4.84694937e-01, -2.78202351e-01, -8.11962792e-02,
         1.39530320e-01, -1.56362327e-01,  5.89259886e-02,
         1.15183820e+00,  9.67570424e-02, -1.19329132e-01,
        -1.64999245e-01, -1.05738557e-01,  1.95034058e-01,
        -1.35094508e-01,  1.28865891e-01,  5.13158363e-02,
        -4.17474574e-02,  2.15597251e-01, -7.67572234e-03],
       [-2.65650069e-01,  1.20646754e-01, -9.00907171e-02,
        -2.61425506e-02,  5.29423633e-02, -1.00931027e-01,
         3.13866207e-01,  1.54678334e-01, -2.23017687e-01,
        -1.52161099e-01, -1.12294356e-01, -2.49345939e-02,
         9.81684363e-02,  1.22504107e-02,  6.12772558e-02,
         1.31746484e-03, -7.67572234e-03,  1.46136236e-01]])
      jac: array([ 1.21584224e-05, -4.14483263e-07,  2.31884882e-05, -6.96368889e-06,
        3.43058915e-07, -5.15509857e-05, -8.05281767e-07,  1.55061149e-07,
        2.81996648e-07,  6.08661270e-06,  3.90058356e-07,  8.87327249e-06,
       -1.04298052e-05, -2.35108229e-06,  2.50314584e-05, -8.63346432e-06,
       -7.08248275e-06,  4.69994414e-06])
  message: 'Desired error not necessarily achieved due to precision loss.'
     nfev: 1872
      nit: 65
     njev: 98
   status: 2
  success: False
        x: array([ 0.6136615 , -0.76216457,  0.64760083,  0.94838098, -0.90773144,
        0.12126429,  0.52488952, -1.64128329, -0.53229888,  0.01593558,
        0.67769746,  1.1374341 ,  0.03177309,  0.13638089, -0.38613455,
       -0.92710877, -0.47436246, -0.03298111])
