Program Begingeth
      fun: 0.3527630989032569
 hess_inv: array([[ 1.79749549e+01,  5.54817735e+00,  4.55538190e+00,
         5.69926867e+00,  3.44322261e+00,  1.19540938e+00,
         1.08888803e+01, -2.18511259e+00, -3.99935035e+00,
        -8.28869559e-01, -4.90011099e-03,  4.66850297e-02,
        -2.68794976e+00, -1.14276569e-01, -7.11677943e-02,
        -4.29559881e-01, -1.93587659e+00,  5.23916848e-01],
       [ 5.54817735e+00,  3.97354042e+00,  1.40664719e+00,
         1.49231011e+00,  2.03858071e+00,  5.58515691e-01,
         2.74420095e+00,  1.23014555e+00, -1.06946393e-01,
        -5.03384359e-01, -1.10401811e-01, -5.47494250e-01,
        -9.60926872e-01, -1.17397387e-01,  2.59297736e-01,
        -8.23500914e-02, -6.02577359e-01,  2.23235937e-01],
       [ 4.55538190e+00,  1.40664719e+00,  4.15662262e+00,
         1.75824736e+00,  5.99454005e-01,  1.49530477e+00,
         5.99538495e+00, -2.52577007e+00,  4.71487502e-01,
        -3.01901700e-01,  5.84009193e-01, -1.31560107e-01,
        -5.22075942e-01, -2.81214927e-01, -6.27135282e-02,
        -4.46146886e-02, -4.65064046e-01,  2.60098811e-01],
       [ 5.69926867e+00,  1.49231011e+00,  1.75824736e+00,
         1.94442576e+00,  9.52845636e-01,  4.94185734e-01,
         4.27277423e+00, -1.01594105e+00, -1.32833604e+00,
        -2.56911668e-01,  4.71694917e-02,  1.06459869e-01,
        -7.60920928e-01, -1.66226360e-02, -5.61403573e-02,
        -1.17117931e-01, -5.62598292e-01,  1.63999400e-01],
       [ 3.44322261e+00,  2.03858071e+00,  5.99454005e-01,
         9.52845636e-01,  1.16169110e+00,  2.21154969e-01,
         1.56721579e+00,  9.66968918e-01, -4.33136417e-01,
        -3.30962991e-01, -1.24397000e-01, -1.63263536e-01,
        -5.81545768e-01, -1.67482667e-03,  1.21576275e-01,
        -8.68264977e-02, -3.76040803e-01,  1.18283502e-01],
       [ 1.19540938e+00,  5.58515691e-01,  1.49530477e+00,
         4.94185734e-01,  2.21154969e-01,  6.40493862e-01,
         2.03249834e+00, -4.95023714e-01,  6.85806903e-01,
        -2.45507597e-01,  1.17928109e-01, -8.87737976e-02,
        -7.58258043e-02, -9.63591051e-02,  4.50158810e-02,
         2.26194692e-02, -1.25871012e-01,  8.30487777e-02],
       [ 1.08888803e+01,  2.74420095e+00,  5.99538495e+00,
         4.27277423e+00,  1.56721579e+00,  2.03249834e+00,
         1.35253678e+01, -3.50474896e+00, -1.57821274e+00,
        -4.89941913e-01,  4.18057858e-01,  2.31690623e-01,
        -1.24340618e+00, -1.14100951e-01, -1.09868235e-01,
        -2.03399885e-01, -9.42566720e-01,  4.24011492e-01],
       [-2.18511259e+00,  1.23014555e+00, -2.52577007e+00,
        -1.01594105e+00,  9.66968918e-01, -4.95023714e-01,
        -3.50474896e+00,  7.21259577e+00,  7.66105979e-01,
        -8.12383259e-01, -7.02346434e-01, -1.81469583e-01,
         3.81688471e-01,  2.56989372e-01,  4.79059735e-01,
         8.76056130e-02,  2.02732654e-01, -1.01242830e-01],
       [-3.99935035e+00, -1.06946393e-01,  4.71487502e-01,
        -1.32833604e+00, -4.33136417e-01,  6.85806903e-01,
        -1.57821274e+00,  7.66105979e-01,  4.48591306e+00,
        -3.75162752e-01,  1.00648539e-01, -3.74454807e-01,
         6.83862068e-01, -2.55507359e-01,  1.74142822e-01,
         2.22003722e-01,  2.95492512e-01, -1.24553962e-01],
       [-8.28869559e-01, -5.03384359e-01, -3.01901700e-01,
        -2.56911668e-01, -3.30962991e-01, -2.45507597e-01,
        -4.89941913e-01, -8.12383259e-01, -3.75162752e-01,
         9.28144488e-01, -3.32537805e-02,  6.31898156e-02,
        -8.17441470e-02,  4.18599441e-02, -7.56295906e-03,
        -3.04929925e-03,  1.36292362e-01,  1.39621937e-01],
       [-4.90011099e-03, -1.10401811e-01,  5.84009193e-01,
         4.71694917e-02, -1.24397000e-01,  1.17928109e-01,
         4.18057858e-01, -7.02346434e-01,  1.00648539e-01,
        -3.32537805e-02,  7.25259951e-01, -5.48624323e-02,
         1.51925700e-02, -1.97971636e-01, -1.86950048e-01,
        -2.11492993e-02, -1.20916004e-02, -9.91571188e-02],
       [ 4.66850297e-02, -5.47494250e-01, -1.31560107e-01,
         1.06459869e-01, -1.63263536e-01, -8.87737976e-02,
         2.31690623e-01, -1.81469583e-01, -3.74454807e-01,
         6.31898156e-02, -5.48624323e-02,  4.68824304e-01,
         9.33670522e-03,  1.24812572e-01, -1.14311655e-01,
        -6.84382729e-02,  5.20309827e-02, -6.85864070e-03],
       [-2.68794976e+00, -9.60926872e-01, -5.22075942e-01,
        -7.60920928e-01, -5.81545768e-01, -7.58258043e-02,
        -1.24340618e+00,  3.81688471e-01,  6.83862068e-01,
        -8.17441470e-02,  1.51925700e-02,  9.33670522e-03,
         5.56484796e-01,  2.24983143e-02,  4.96429037e-03,
         1.29006851e-01,  3.23594357e-01, -1.22911042e-01],
       [-1.14276569e-01, -1.17397387e-01, -2.81214927e-01,
        -1.66226360e-02, -1.67482667e-03, -9.63591051e-02,
        -1.14100951e-01,  2.56989372e-01, -2.55507359e-01,
         4.18599441e-02, -1.97971636e-01,  1.24812572e-01,
         2.24983143e-02,  1.19150674e-01,  2.43510738e-02,
        -1.04819944e-02,  6.34333223e-02,  2.01408979e-02],
       [-7.11677943e-02,  2.59297736e-01, -6.27135282e-02,
        -5.61403573e-02,  1.21576275e-01,  4.50158810e-02,
        -1.09868235e-01,  4.79059735e-01,  1.74142822e-01,
        -7.56295906e-03, -1.86950048e-01, -1.14311655e-01,
         4.96429037e-03,  2.43510738e-02,  1.27554586e-01,
         3.15464344e-02,  2.98902968e-03,  6.06851526e-02],
       [-4.29559881e-01, -8.23500914e-02, -4.46146886e-02,
        -1.17117931e-01, -8.68264977e-02,  2.26194692e-02,
        -2.03399885e-01,  8.76056130e-02,  2.22003722e-01,
        -3.04929925e-03, -2.11492993e-02, -6.84382729e-02,
         1.29006851e-01, -1.04819944e-02,  3.15464344e-02,
         7.78065857e-02,  5.89260649e-02, -1.22120115e-02],
       [-1.93587659e+00, -6.02577359e-01, -4.65064046e-01,
        -5.62598292e-01, -3.76040803e-01, -1.25871012e-01,
        -9.42566720e-01,  2.02732654e-01,  2.95492512e-01,
         1.36292362e-01, -1.20916004e-02,  5.20309827e-02,
         3.23594357e-01,  6.34333223e-02,  2.98902968e-03,
         5.89260649e-02,  2.79374243e-01, -4.70012493e-02],
       [ 5.23916848e-01,  2.23235937e-01,  2.60098811e-01,
         1.63999400e-01,  1.18283502e-01,  8.30487777e-02,
         4.24011492e-01, -1.01242830e-01, -1.24553962e-01,
         1.39621937e-01, -9.91571188e-02, -6.85864070e-03,
        -1.22911042e-01,  2.01408979e-02,  6.06851526e-02,
        -1.22120115e-02, -4.70012493e-02,  1.09245368e-01]])
      jac: array([-3.23252536e-05,  1.88878542e-05, -7.51695003e-06,  7.89660929e-05,
       -5.92044932e-05,  2.74880119e-05, -3.12601796e-06,  9.97831447e-06,
        4.06193597e-06, -2.00658009e-05,  3.50793468e-06, -1.54132263e-05,
       -1.13324905e-04,  6.20133574e-05, -5.06409729e-05,  1.02213053e-04,
       -8.36701079e-06,  1.49473027e-05])
  message: 'Desired error not necessarily achieved due to precision loss.'
     nfev: 2158
      nit: 64
     njev: 113
   status: 2
  success: False
        x: array([-6.74688821e-01, -1.30848407e+00, -1.01578149e-01, -1.18546655e+00,
       -1.18745225e+00, -1.48421122e-01, -1.86522380e+00, -1.41035935e+00,
       -1.08444243e+00,  1.26798919e-01,  3.76235751e-01,  1.20226461e+00,
        8.45458497e-02,  4.13102763e-02, -2.96406889e-01,  1.31155612e+00,
       -6.80605191e-01, -3.22046532e-04])
