Program Begingeth
      fun: 0.20334751906589624
 hess_inv: array([[ 5.52241665e+00, -2.09860895e+00,  9.73293608e-01,
         4.82274367e-01, -6.08063293e-01,  1.40904401e+00,
        -3.32100964e+00, -1.06972797e-01,  2.43443692e+00,
        -8.66103336e-01,  8.86002944e-02,  1.33297694e+00,
        -1.32352581e+00,  6.82536469e-01,  1.84625435e-01,
         1.09007530e-01,  5.95782229e-01, -4.86975442e-01],
       [-2.09860895e+00,  3.30150441e+00, -1.23579240e+00,
         3.45813722e-01,  8.89210594e-01, -8.80185872e-01,
         5.07192108e+00,  3.88733239e+00, -5.91976777e-01,
        -1.16234907e-01, -1.28969832e+00, -1.59202399e+00,
         6.57788869e-01, -6.14024492e-01,  2.38146698e-01,
        -3.39455111e-01, -2.04533700e-01,  2.90346828e-01],
       [ 9.73293608e-01, -1.23579240e+00,  6.36119201e+00,
        -1.12542348e+00, -3.49351248e-01,  2.13220366e+00,
        -1.30426115e+01, -5.66732899e+00,  6.43161141e+00,
         1.87666809e-01,  3.41933560e+00, -1.73577877e+00,
        -2.97489423e-01, -4.86604910e-02, -8.94407832e-01,
         5.35057996e-01,  2.17358002e-01, -4.53446039e-01],
       [ 4.82274367e-01,  3.45813722e-01, -1.12542348e+00,
         4.19149127e-01,  4.58710130e-02, -3.06911665e-01,
         3.31026472e+00,  1.39464519e+00, -5.91630760e-01,
        -2.70696561e-01, -6.62863984e-01,  2.06301422e-01,
        -3.67167728e-02, -3.80107977e-02,  1.90067719e-01,
        -1.20576498e-01,  9.92552284e-03,  4.77318619e-02],
       [-6.08063293e-01,  8.89210594e-01, -3.49351248e-01,
         4.58710130e-02,  3.23881210e-01, -1.94973016e-01,
         7.37381575e-01,  1.60560185e+00, -3.62744547e-01,
         8.97553720e-02, -4.38413424e-01, -3.37742779e-01,
         1.77434912e-01, -1.01511909e-01,  1.15350592e-01,
        -7.30365069e-02, -5.64517802e-02,  9.04079657e-02],
       [ 1.40904401e+00, -8.80185872e-01,  2.13220366e+00,
        -3.06911665e-01, -1.94973016e-01,  1.03935572e+00,
        -5.46266146e+00, -1.42344418e+00,  2.55679943e+00,
         9.70271595e-02,  9.23251593e-01, -1.32203146e-01,
        -4.08601087e-01,  1.82410077e-01, -1.71533664e-01,
         1.85068405e-01,  1.65547431e-01, -2.44172225e-01],
       [-3.32100964e+00,  5.07192108e+00, -1.30426115e+01,
         3.31026472e+00,  7.37381575e-01, -5.46266146e+00,
         4.09468025e+01,  1.08967730e+01, -1.12641800e+01,
        -1.45838756e+00, -5.98638217e+00,  9.42327946e-01,
         1.20208614e+00, -1.17756131e+00,  1.33416394e+00,
        -1.40772458e+00, -5.50380126e-01,  1.11430171e+00],
       [-1.06972797e-01,  3.88733239e+00, -5.66732899e+00,
         1.39464519e+00,  1.60560185e+00, -1.42344418e+00,
         1.08967730e+01,  1.53916318e+01, -4.77028452e+00,
         1.71511164e-01, -4.41848771e+00,  1.48297179e-01,
         9.01512128e-02, -2.06448476e-01,  1.56024943e+00,
        -7.94947096e-01, -1.60664311e-01,  4.69360364e-01],
       [ 2.43443692e+00, -5.91976777e-01,  6.43161141e+00,
        -5.91630760e-01, -3.62744547e-01,  2.55679943e+00,
        -1.12641800e+01, -4.77028452e+00,  1.16800255e+01,
         2.30817637e-01,  3.40965344e+00, -1.94894369e+00,
        -5.70009170e-01, -4.59033330e-01, -1.00566913e+00,
         4.35627768e-01,  1.18505237e-01, -7.23736623e-01],
       [-8.66103336e-01, -1.16234907e-01,  1.87666809e-01,
        -2.70696561e-01,  8.97553720e-02,  9.70271595e-02,
        -1.45838756e+00,  1.71511164e-01,  2.30817637e-01,
         1.24133603e+00,  2.66163260e-01, -2.67066223e-02,
        -4.86661669e-02, -5.76848524e-02, -8.60050536e-02,
         4.94102025e-02, -1.72770681e-01, -1.33531450e-01],
       [ 8.86002944e-02, -1.28969832e+00,  3.41933560e+00,
        -6.62863984e-01, -4.38413424e-01,  9.23251593e-01,
        -5.98638217e+00, -4.41848771e+00,  3.40965344e+00,
         2.66163260e-01,  2.83522041e+00, -8.20999702e-01,
        -8.62494947e-02, -1.95462126e-01, -7.86993458e-01,
         3.69299441e-01,  3.96965834e-02, -3.35884464e-01],
       [ 1.33297694e+00, -1.59202399e+00, -1.73577877e+00,
         2.06301422e-01, -3.37742779e-01, -1.32203146e-01,
         9.42327946e-01,  1.48297179e-01, -1.94894369e+00,
        -2.67066223e-02, -8.20999702e-01,  2.10957066e+00,
        -3.74293481e-01,  5.84719962e-01,  2.48244066e-01,
         4.48819694e-02,  1.24432717e-01, -7.36026151e-03],
       [-1.32352581e+00,  6.57788869e-01, -2.97489423e-01,
        -3.67167728e-02,  1.77434912e-01, -4.08601087e-01,
         1.20208614e+00,  9.01512128e-02, -5.70009170e-01,
        -4.86661669e-02, -8.62494947e-02, -3.74293481e-01,
         4.40535595e-01, -1.93160246e-01, -3.62132011e-02,
        -3.17144135e-03, -1.52882808e-01,  1.72525701e-01],
       [ 6.82536469e-01, -6.14024492e-01, -4.86604910e-02,
        -3.80107977e-02, -1.01511909e-01,  1.82410077e-01,
        -1.17756131e+00, -2.06448476e-01, -4.59033330e-01,
        -5.76848524e-02, -1.95462126e-01,  5.84719962e-01,
        -1.93160246e-01,  2.96003452e-01,  8.87292460e-02,
         4.98088223e-02,  1.18920876e-01, -1.89964319e-02],
       [ 1.84625435e-01,  2.38146698e-01, -8.94407832e-01,
         1.90067719e-01,  1.15350592e-01, -1.71533664e-01,
         1.33416394e+00,  1.56024943e+00, -1.00566913e+00,
        -8.60050536e-02, -7.86993458e-01,  2.48244066e-01,
        -3.62132011e-02,  8.87292460e-02,  2.84660519e-01,
        -1.07805803e-01,  7.66266881e-03,  9.98515310e-02],
       [ 1.09007530e-01, -3.39455111e-01,  5.35057996e-01,
        -1.20576498e-01, -7.30365069e-02,  1.85068405e-01,
        -1.40772458e+00, -7.94947096e-01,  4.35627768e-01,
         4.94102025e-02,  3.69299441e-01,  4.48819694e-02,
        -3.17144135e-03,  4.98088223e-02, -1.07805803e-01,
         1.10708178e-01,  1.27312495e-02, -4.37043141e-02],
       [ 5.95782229e-01, -2.04533700e-01,  2.17358002e-01,
         9.92552284e-03, -5.64517802e-02,  1.65547431e-01,
        -5.50380126e-01, -1.60664311e-01,  1.18505237e-01,
        -1.72770681e-01,  3.96965834e-02,  1.24432717e-01,
        -1.52882808e-01,  1.18920876e-01,  7.66266881e-03,
         1.27312495e-02,  1.24176652e-01, -4.27655242e-02],
       [-4.86975442e-01,  2.90346828e-01, -4.53446039e-01,
         4.77318619e-02,  9.04079657e-02, -2.44172225e-01,
         1.11430171e+00,  4.69360364e-01, -7.23736623e-01,
        -1.33531450e-01, -3.35884464e-01, -7.36026151e-03,
         1.72525701e-01, -1.89964319e-02,  9.98515310e-02,
        -4.37043141e-02, -4.27655242e-02,  1.45452722e-01]])
      jac: array([ 1.24363482e-06,  5.90453612e-07, -1.22217051e-06, -2.00321241e-06,
       -1.14260453e-06,  2.02375154e-06,  5.14403335e-08,  5.18104078e-08,
       -2.82551760e-07,  1.05711736e-06,  7.40148683e-09, -1.21125332e-06,
        5.40308539e-07,  2.00191715e-06, -5.20768613e-06, -1.31283873e-06,
       -3.06495570e-06,  5.08167582e-06])
  message: 'Optimization terminated successfully.'
     nfev: 1501
      nit: 70
     njev: 79
   status: 0
  success: True
        x: array([ 0.46819729, -0.36469884,  0.52408032,  1.13388469, -0.55181409,
        0.03102726,  1.07562627, -0.95988162, -0.8282622 , -0.02175823,
        0.66429646,  0.94684882,  0.08833111,  0.25263893, -0.31492083,
       -1.11182149, -0.23600569,  0.03344303])
