Program Begingeth
      fun: 0.22372453606655535
 hess_inv: array([[ 5.89149832e-01,  9.27101626e-02,  2.45996008e-02,
         1.74518334e-01,  6.92611266e-02,  2.13570118e-01,
         1.07991569e-01,  3.84460910e-01,  1.10861492e+00,
         5.94157235e-01,  1.93546068e-01,  3.20088917e-01,
        -1.77931332e-01, -8.86566853e-02, -5.97722957e-02,
         4.20337395e-02, -6.79095349e-02, -1.60946226e-01],
       [ 9.27101626e-02,  3.43317747e-01, -5.27293330e-02,
         3.45342673e-01,  1.42490376e-01, -3.75375079e-02,
         4.94507025e-01,  4.87960334e-01,  1.24917411e+00,
         1.14959498e+00,  4.64298083e-01, -1.61056743e-01,
         3.72672577e-02, -1.48989144e-01, -1.21866034e-01,
         3.09349483e-02, -1.85252189e-02, -8.34337080e-02],
       [ 2.45996008e-02, -5.27293330e-02,  1.83426840e-01,
        -1.61503207e-01, -1.17740599e-02,  2.59755526e-02,
        -2.20159306e-01,  2.21591001e-02, -3.99789904e-01,
        -4.65939216e-01, -2.25807130e-01,  7.47869503e-02,
        -3.50525543e-02,  9.17471105e-02, -2.60160221e-02,
         2.35924825e-02,  4.78263200e-02,  1.78839452e-02],
       [ 1.74518334e-01,  3.45342673e-01, -1.61503207e-01,
         1.23948590e+00,  4.90591609e-01,  1.33477151e-01,
         1.09739766e+00,  1.19491842e+00,  4.88882487e+00,
         4.10177834e+00,  1.86093068e+00, -3.28912142e-01,
         2.28787867e-01, -2.52147330e-01, -6.39318919e-02,
         7.67693766e-02, -1.47913324e-01, -6.33288943e-03],
       [ 6.92611266e-02,  1.42490376e-01, -1.17740599e-02,
         4.90591609e-01,  2.84659883e-01,  4.87768332e-02,
         4.07693169e-01,  7.96693452e-01,  2.09449408e+00,
         1.64341577e+00,  8.93897319e-01, -2.38230572e-01,
         1.02506862e-01, -5.33433221e-02, -2.89944015e-02,
         5.01115736e-02, -3.45699047e-02,  9.06053391e-03],
       [ 2.13570118e-01, -3.75375079e-02,  2.59755526e-02,
         1.33477151e-01,  4.87768332e-02,  2.24283547e-01,
        -2.97034383e-01,  1.03326919e-01,  1.01078973e+00,
         5.50663693e-01,  3.09962611e-01,  4.06755966e-01,
        -5.52059156e-02, -5.02685115e-02,  3.47586055e-02,
         6.98618793e-05, -5.30143085e-02, -2.38290184e-02],
       [ 1.07991569e-01,  4.94507025e-01, -2.20159306e-01,
         1.09739766e+00,  4.07693169e-01, -2.97034383e-01,
         3.33895485e+00,  1.19809635e+00,  3.32845907e+00,
         2.76135603e+00,  1.20265264e+00, -1.32164657e+00,
         2.62661687e-01, -2.16809663e-01, -1.63751120e-01,
         8.64285061e-02, -9.92341062e-02, -3.68138815e-02],
       [ 3.84460910e-01,  4.87960334e-01,  2.21591001e-02,
         1.19491842e+00,  7.96693452e-01,  1.03326919e-01,
         1.19809635e+00,  3.89920578e+00,  5.49459600e+00,
         4.31099411e+00,  1.86134446e+00, -9.61324965e-01,
         6.42431998e-02, -1.24674561e-01, -7.74987747e-02,
         1.09760719e-01, -5.41951609e-02, -2.05456503e-02],
       [ 1.10861492e+00,  1.24917411e+00, -3.99789904e-01,
         4.88882487e+00,  2.09449408e+00,  1.01078973e+00,
         3.32845907e+00,  5.49459600e+00,  2.21176920e+01,
         1.67519094e+01,  7.96255423e+00, -8.99574394e-01,
         6.46566397e-01, -9.94026521e-01, -2.13957788e-01,
         2.51561751e-01, -5.96086781e-01, -1.12494054e-01],
       [ 5.94157235e-01,  1.14959498e+00, -4.65939216e-01,
         4.10177834e+00,  1.64341577e+00,  5.50663693e-01,
         2.76135603e+00,  4.31099411e+00,  1.67519094e+01,
         1.41885074e+01,  6.22541692e+00, -8.98556996e-01,
         6.47871851e-01, -8.19527168e-01, -2.21625971e-01,
         2.11608728e-01, -4.37643119e-01, -3.41587638e-02],
       [ 1.93546068e-01,  4.64298083e-01, -2.25807130e-01,
         1.86093068e+00,  8.93897319e-01,  3.09962611e-01,
         1.20265264e+00,  1.86134446e+00,  7.96255423e+00,
         6.22541692e+00,  3.56595527e+00, -3.73425341e-01,
         3.84697397e-01, -3.60555076e-01, -4.03863794e-02,
         1.04441523e-01, -1.98038268e-01,  2.26733588e-02],
       [ 3.20088917e-01, -1.61056743e-01,  7.47869503e-02,
        -3.28912142e-01, -2.38230572e-01,  4.06755966e-01,
        -1.32164657e+00, -9.61324965e-01, -8.99574394e-01,
        -8.98556996e-01, -3.73425341e-01,  1.45068806e+00,
        -1.90072577e-01, -7.48519724e-02,  6.23878838e-02,
        -3.43044306e-02, -7.13608402e-02, -6.77325992e-02],
       [-1.77931332e-01,  3.72672577e-02, -3.50525543e-02,
         2.28787867e-01,  1.02506862e-01, -5.52059156e-02,
         2.62661687e-01,  6.42431998e-02,  6.46566397e-01,
         6.47871851e-01,  3.84697397e-01, -1.90072577e-01,
         1.63035278e-01, -1.71986741e-02,  7.60891496e-03,
         3.47848472e-02, -2.07451000e-02,  6.88388875e-02],
       [-8.86566853e-02, -1.48989144e-01,  9.17471105e-02,
        -2.52147330e-01, -5.33433221e-02, -5.02685115e-02,
        -2.16809663e-01, -1.24674561e-01, -9.94026521e-01,
        -8.19527168e-01, -3.60555076e-01, -7.48519724e-02,
        -1.71986741e-02,  1.42722132e-01,  3.08459348e-02,
        -1.18960060e-04,  6.39007644e-02,  4.89973113e-02],
       [-5.97722957e-02, -1.21866034e-01, -2.60160221e-02,
        -6.39318919e-02, -2.89944015e-02,  3.47586055e-02,
        -1.63751120e-01, -7.74987747e-02, -2.13957788e-01,
        -2.21625971e-01, -4.03863794e-02,  6.23878838e-02,
         7.60891496e-03,  3.08459348e-02,  8.23111200e-02,
        -2.03071270e-02, -7.17510407e-03,  5.13263743e-02],
       [ 4.20337395e-02,  3.09349483e-02,  2.35924825e-02,
         7.67693766e-02,  5.01115736e-02,  6.98618793e-05,
         8.64285061e-02,  1.09760719e-01,  2.51561751e-01,
         2.11608728e-01,  1.04441523e-01, -3.43044306e-02,
         3.47848472e-02, -1.18960060e-04, -2.03071270e-02,
         4.33810713e-02, -8.13107468e-03, -2.06542685e-03],
       [-6.79095349e-02, -1.85252189e-02,  4.78263200e-02,
        -1.47913324e-01, -3.45699047e-02, -5.30143085e-02,
        -9.92341062e-02, -5.41951609e-02, -5.96086781e-01,
        -4.37643119e-01, -1.98038268e-01, -7.13608402e-02,
        -2.07451000e-02,  6.39007644e-02, -7.17510407e-03,
        -8.13107468e-03,  6.18700732e-02,  1.22844250e-02],
       [-1.60946226e-01, -8.34337080e-02,  1.78839452e-02,
        -6.33288943e-03,  9.06053391e-03, -2.38290184e-02,
        -3.68138815e-02, -2.05456503e-02, -1.12494054e-01,
        -3.41587638e-02,  2.26733588e-02, -6.77325992e-02,
         6.88388875e-02,  4.89973113e-02,  5.13263743e-02,
        -2.06542685e-03,  1.22844250e-02,  8.49889189e-02]])
      jac: array([ 0.03279848, -0.01093856,  0.02471808, -0.04797469, -0.10990256,
        0.11882657, -0.00128085,  0.00864032, -0.02153083,  0.02119956,
        0.02241742, -0.06267618,  0.02346561, -0.16291433, -0.00111889,
       -0.02163792,  0.0971644 ,  0.06145113])
  message: 'Maximum number of iterations has been exceeded.'
     nfev: 2128
      nit: 100
     njev: 112
   status: 1
  success: False
        x: array([-0.01315404,  0.32895412,  0.76044048,  1.50685204, -0.5397877 ,
       -0.23296651,  2.43147927, -0.20649442, -0.36526716,  1.67225786,
       -0.72848023, -0.76756263,  0.11878982,  0.18284323, -0.31963143,
       -1.19413911, -0.38891543,  0.04364222])
