Program Begingeth
      fun: 0.2901463296422319
 hess_inv: array([[ 1.10706685e+01,  2.36377048e-01,  2.73369038e-01,
         4.72297336e+00,  5.60362618e-01, -1.47309974e+00,
         2.72998442e+01,  1.28020095e+01, -4.70361043e+00,
        -3.91211311e-01,  1.30870414e+00, -3.56554622e+00,
        -1.19712583e+00, -1.42854315e+00,  3.38832657e-02,
         6.81008329e-01, -1.01086414e+00,  6.86714347e-01],
       [ 2.36377048e-01,  1.82846525e+00,  7.28470643e-02,
         1.55660735e-01,  7.89070728e-01, -5.38977084e-02,
        -7.53338127e-01, -8.94024675e-01,  9.79218462e-01,
         7.35142406e-01,  1.90565794e-01,  1.42377532e-01,
        -1.31622396e-01,  1.09249263e-01, -1.67100869e-01,
        -1.07546461e-01,  1.08468424e-01,  2.39573991e-02],
       [ 2.73369038e-01,  7.28470643e-02,  1.25357078e+00,
         1.86160497e-01,  4.76619341e-02,  5.22321059e-01,
         1.33936893e+00, -1.04851761e+00, -6.62436312e-01,
         2.01297114e-01, -7.48639968e-02,  1.11496334e-01,
        -5.70144037e-02,  1.14145955e-01,  7.75655994e-02,
         4.43867400e-03,  9.77868928e-03,  8.88847896e-02],
       [ 4.72297336e+00,  1.55660735e-01,  1.86160497e-01,
         2.03624577e+00,  2.50965174e-01, -5.88595554e-01,
         1.13181797e+01,  5.12176433e+00, -2.01077211e+00,
        -1.37197338e-01,  5.79358460e-01, -1.44697239e+00,
        -4.77596224e-01, -5.83914625e-01, -3.16582742e-03,
         2.87410381e-01, -4.05393151e-01,  2.76741385e-01],
       [ 5.60362618e-01,  7.89070728e-01,  4.76619341e-02,
         2.50965174e-01,  4.05146312e-01, -1.05930717e-01,
         1.92563896e+00,  7.12518965e-01,  4.31781438e-01,
         2.40234825e-01,  1.60155046e-01, -1.98104079e-01,
        -1.78454213e-01, -4.00985021e-02, -4.95552925e-02,
        -1.50779020e-02, -3.37770873e-02,  8.52394465e-02],
       [-1.47309974e+00, -5.38977084e-02,  5.22321059e-01,
        -5.88595554e-01, -1.05930717e-01,  4.84096634e-01,
        -4.16100926e+00, -2.61175538e+00,  3.06622094e-01,
         9.23816713e-02, -2.70316214e-01,  6.34292614e-01,
         2.24608902e-01,  2.87781409e-01,  2.89501953e-02,
        -9.39506782e-02,  1.83549959e-01, -9.60524617e-02],
       [ 2.72998442e+01, -7.53338127e-01,  1.33936893e+00,
         1.13181797e+01,  1.92563896e+00, -4.16100926e+00,
         1.06915541e+02,  4.62731268e+01, -7.84521551e+00,
        -2.63909008e+00,  3.64763504e+00, -1.23285817e+01,
        -5.32851773e+00, -4.76232274e+00,  1.03363561e+00,
         2.05262133e+00, -4.21980706e+00,  3.37809633e+00],
       [ 1.28020095e+01, -8.94024675e-01, -1.04851761e+00,
         5.12176433e+00,  7.12518965e-01, -2.61175538e+00,
         4.62731268e+01,  2.89679123e+01, -1.55539622e+00,
        -1.74096912e+00,  1.62418476e+00, -7.43150168e+00,
        -2.16564995e+00, -2.47922722e+00,  5.62848978e-01,
         1.16971434e+00, -1.70843754e+00,  1.32376906e+00],
       [-4.70361043e+00,  9.79218462e-01, -6.62436312e-01,
        -2.01077211e+00,  4.31781438e-01,  3.06622094e-01,
        -7.84521551e+00, -1.55539622e+00,  1.00231205e+01,
        -1.74061418e-01,  1.30985012e+00, -1.79486437e-01,
         2.66285170e-01,  1.07692818e-01, -1.88124696e-01,
        -3.62819451e-01,  3.84535291e-01, -1.72209543e-01],
       [-3.91211311e-01,  7.35142406e-01,  2.01297114e-01,
        -1.37197338e-01,  2.40234825e-01,  9.23816713e-02,
        -2.63909008e+00, -1.74096912e+00, -1.74061418e-01,
         1.32682038e+00, -2.01076651e-01,  4.66590250e-01,
        -1.48526714e-01,  2.18192323e-01,  3.34500648e-03,
        -8.93204219e-02,  1.71415150e-01,  1.24461311e-01],
       [ 1.30870414e+00,  1.90565794e-01, -7.48639968e-02,
         5.79358460e-01,  1.60155046e-01, -2.70316214e-01,
         3.64763504e+00,  1.62418476e+00,  1.30985012e+00,
        -2.01076651e-01,  1.11016604e+00, -6.88196081e-01,
        -1.57706689e-01, -3.65334683e-01, -1.71169968e-01,
         2.07834819e-02, -1.25486234e-01, -1.57610685e-03],
       [-3.56554622e+00,  1.42377532e-01,  1.11496334e-01,
        -1.44697239e+00, -1.98104079e-01,  6.34292614e-01,
        -1.23285817e+01, -7.43150168e+00, -1.79486437e-01,
         4.66590250e-01, -6.88196081e-01,  2.32242271e+00,
         5.40521239e-01,  7.46846026e-01, -1.59168914e-01,
        -3.37670882e-01,  4.85467165e-01, -3.30953566e-01],
       [-1.19712583e+00, -1.31622396e-01, -5.70144037e-02,
        -4.77596224e-01, -1.78454213e-01,  2.24608902e-01,
        -5.32851773e+00, -2.16564995e+00,  2.66285170e-01,
        -1.48526714e-01, -1.57706689e-01,  5.40521239e-01,
         3.80491672e-01,  2.12155498e-01, -5.86515146e-02,
        -5.11547992e-02,  2.10834972e-01, -2.30652317e-01],
       [-1.42854315e+00,  1.09249263e-01,  1.14145955e-01,
        -5.83914625e-01, -4.00985021e-02,  2.87781409e-01,
        -4.76232274e+00, -2.47922722e+00,  1.07692818e-01,
         2.18192323e-01, -3.65334683e-01,  7.46846026e-01,
         2.12155498e-01,  3.21360312e-01, -1.34203711e-02,
        -1.09201301e-01,  2.18818378e-01, -1.06347642e-01],
       [ 3.38832657e-02, -1.67100869e-01,  7.75655994e-02,
        -3.16582742e-03, -4.95552925e-02,  2.89501953e-02,
         1.03363561e+00,  5.62848978e-01, -1.88124696e-01,
         3.34500648e-03, -1.71169968e-01, -1.59168914e-01,
        -5.86515146e-02, -1.34203711e-02,  1.08676804e-01,
         4.13706453e-02, -4.84720965e-02,  8.92444402e-02],
       [ 6.81008329e-01, -1.07546461e-01,  4.43867400e-03,
         2.87410381e-01, -1.50779020e-02, -9.39506782e-02,
         2.05262133e+00,  1.16971434e+00, -3.62819451e-01,
        -8.93204219e-02,  2.07834819e-02, -3.37670882e-01,
        -5.11547992e-02, -1.09201301e-01,  4.13706453e-02,
         9.68635157e-02, -7.83024058e-02,  5.15246685e-02],
       [-1.01086414e+00,  1.08468424e-01,  9.77868928e-03,
        -4.05393151e-01, -3.37770873e-02,  1.83549959e-01,
        -4.21980706e+00, -1.70843754e+00,  3.84535291e-01,
         1.71415150e-01, -1.25486234e-01,  4.85467165e-01,
         2.10834972e-01,  2.18818378e-01, -4.84720965e-02,
        -7.83024058e-02,  2.15331212e-01, -1.26990277e-01],
       [ 6.86714347e-01,  2.39573991e-02,  8.88847896e-02,
         2.76741385e-01,  8.52394465e-02, -9.60524617e-02,
         3.37809633e+00,  1.32376906e+00, -1.72209543e-01,
         1.24461311e-01, -1.57610685e-03, -3.30953566e-01,
        -2.30652317e-01, -1.06347642e-01,  8.92444402e-02,
         5.15246685e-02, -1.26990277e-01,  1.90827989e-01]])
      jac: array([-7.55210709e-06,  5.82719058e-06,  1.10815061e-05,  1.07702736e-05,
       -9.33845594e-06, -1.90170102e-05,  1.69494048e-07,  3.57861888e-07,
        7.08322290e-07, -3.15821443e-06, -1.00175424e-05,  1.90588286e-07,
       -2.26178335e-05, -2.43760567e-05,  1.96468767e-05,  9.44318697e-06,
        3.60511621e-05, -2.59407310e-05])
  message: 'Desired error not necessarily achieved due to precision loss.'
     nfev: 2444
      nit: 76
     njev: 128
   status: 2
  success: False
        x: array([-1.59751502, -0.8952229 ,  0.56680059, -1.51043919, -0.93355331,
        0.26720264,  0.19031807, -0.98125357,  0.94362209,  0.10224826,
        0.53623953,  1.08169335,  0.10751756,  0.18433579, -0.24645918,
        1.43936531, -0.3023667 ,  0.0361935 ])
