Program Begingeth
      fun: 0.2525751106028572
 hess_inv: array([[ 4.60038158e+00,  5.70407982e-01,  1.08268842e+00,
         2.29118323e+00,  3.04426209e-01, -1.30317799e-01,
         6.71318158e+00,  1.97280062e+00, -2.91080322e+00,
         6.27718448e-01,  7.19190850e-01, -7.25751770e-01,
        -1.69285655e-01, -3.37527061e-01, -1.28957677e-01,
         8.84946830e-02, -1.54471788e-01,  1.34161768e-01],
       [ 5.70407982e-01,  1.60204155e+00,  3.05862601e-02,
         3.38540255e-01,  7.96292647e-01, -1.38702254e-01,
         1.48667802e+00,  8.32947590e-01,  9.93425054e-01,
         5.27509025e-01,  4.77608660e-01, -1.29964614e-01,
        -1.79853424e-01, -1.32869584e-02, -1.71811512e-01,
        -8.94653838e-02,  3.94197886e-02,  2.65245107e-02],
       [ 1.08268842e+00,  3.05862601e-02,  1.73944355e+00,
         6.21987727e-01, -9.58784942e-05,  6.85937655e-01,
         2.27951771e+00, -1.24879932e+00, -1.17542642e+00,
         1.78663904e-01, -2.74234854e-02,  1.69723536e-01,
        -3.02360163e-02,  1.03799815e-01,  7.33719837e-02,
        -9.58668391e-03,  3.19293243e-02,  1.08025429e-01],
       [ 2.29118323e+00,  3.38540255e-01,  6.21987727e-01,
         1.16134763e+00,  1.78517053e-01, -2.77161020e-02,
         3.52754048e+00,  8.69488043e-01, -1.35177789e+00,
         3.02449944e-01,  4.03528998e-01, -3.36104996e-01,
        -7.76662896e-02, -1.60190796e-01, -7.66405377e-02,
         4.10043339e-02, -6.79734923e-02,  6.34468315e-02],
       [ 3.04426209e-01,  7.96292647e-01, -9.58784942e-05,
         1.78517053e-01,  4.29323108e-01, -9.86049785e-02,
         1.24552840e+00,  8.17065678e-01,  5.98887386e-01,
         2.44573175e-01,  3.02818449e-01, -1.33890974e-01,
        -1.29800744e-01, -3.17546082e-02, -9.28070567e-02,
        -5.98670266e-02, -3.22500886e-03,  2.32693584e-02],
       [-1.30317799e-01, -1.38702254e-01,  6.85937655e-01,
        -2.77161020e-02, -9.86049785e-02,  3.85987434e-01,
        -3.60479271e-01, -1.17012353e+00, -1.89834728e-01,
        -6.55031362e-02, -1.87631834e-01,  2.32110691e-01,
         6.88901700e-02,  1.25763289e-01,  6.92056872e-02,
         2.82034573e-03,  6.25233258e-02,  1.70731433e-02],
       [ 6.71318158e+00,  1.48667802e+00,  2.27951771e+00,
         3.52754048e+00,  1.24552840e+00, -3.60479271e-01,
         2.22517421e+01,  7.89767094e+00, -2.41009555e+00,
         8.65131407e-01,  2.41906251e+00, -1.93658168e+00,
        -1.14071894e+00, -1.00571223e+00, -3.45371430e-01,
        -2.08489891e-01, -7.90048339e-01,  5.15540835e-01],
       [ 1.97280062e+00,  8.32947590e-01, -1.24879932e+00,
         8.69488043e-01,  8.17065678e-01, -1.17012353e+00,
         7.89767094e+00,  9.02889833e+00,  1.19934062e+00,
         4.81509484e-01,  1.21994506e+00, -2.00846922e+00,
        -6.36116296e-01, -7.06889808e-01, -1.62499135e-01,
        -4.75492036e-02, -4.07692303e-01,  1.55132385e-01],
       [-2.91080322e+00,  9.93425054e-01, -1.17542642e+00,
        -1.35177789e+00,  5.98887386e-01, -1.89834728e-01,
        -2.41009555e+00,  1.19934062e+00,  6.45062302e+00,
        -3.80847171e-01,  9.94194516e-01, -3.14301240e-01,
        -7.78788546e-03, -1.86424477e-02, -2.05665963e-01,
        -1.74900944e-01,  1.43887905e-01, -1.88733321e-01],
       [ 6.27718448e-01,  5.27509025e-01,  1.78663904e-01,
         3.02449944e-01,  2.44573175e-01, -6.55031362e-02,
         8.65131407e-01,  4.81509484e-01, -3.80847171e-01,
         1.04961262e+00,  1.88465160e-02, -5.55296321e-02,
        -2.76575414e-01,  7.11063676e-03,  6.18532283e-02,
        -3.81559258e-02,  2.51661041e-02,  2.27974987e-01],
       [ 7.19190850e-01,  4.77608660e-01, -2.74234854e-02,
         4.03528998e-01,  3.02818449e-01, -1.87631834e-01,
         2.41906251e+00,  1.21994506e+00,  9.94194516e-01,
         1.88465160e-02,  9.57935523e-01, -4.01576253e-01,
        -1.04766455e-01, -2.29020434e-01, -1.99662837e-01,
        -5.48445314e-02, -5.54867146e-02, -6.52906037e-02],
       [-7.25751770e-01, -1.29964614e-01,  1.69723536e-01,
        -3.36104996e-01, -1.33890974e-01,  2.32110691e-01,
        -1.93658168e+00, -2.00846922e+00, -3.14301240e-01,
        -5.55296321e-02, -4.01576253e-01,  7.25557247e-01,
         8.23515436e-02,  2.26790019e-01,  1.88694461e-02,
        -4.15040380e-02,  1.12104266e-01, -2.97008348e-03],
       [-1.69285655e-01, -1.79853424e-01, -3.02360163e-02,
        -7.76662896e-02, -1.29800744e-01,  6.88901700e-02,
        -1.14071894e+00, -6.36116296e-01, -7.78788546e-03,
        -2.76575414e-01, -1.04766455e-01,  8.23515436e-02,
         1.75684673e-01,  4.51669660e-02, -5.45458538e-04,
         6.19321971e-02,  4.85215438e-02, -8.83339527e-02],
       [-3.37527061e-01, -1.32869584e-02,  1.03799815e-01,
        -1.60190796e-01, -3.17546082e-02,  1.25763289e-01,
        -1.00571223e+00, -7.06889808e-01, -1.86424477e-02,
         7.11063676e-03, -2.29020434e-01,  2.26790019e-01,
         4.51669660e-02,  1.27072527e-01,  3.61819320e-02,
        -4.12960282e-03,  7.60185278e-02,  5.88321809e-03],
       [-1.28957677e-01, -1.71811512e-01,  7.33719837e-02,
        -7.66405377e-02, -9.28070567e-02,  6.92056872e-02,
        -3.45371430e-01, -1.62499135e-01, -2.05665963e-01,
         6.18532283e-02, -1.99662837e-01,  1.88694461e-02,
        -5.45458538e-04,  3.61819320e-02,  8.93399451e-02,
         1.74214424e-02,  2.80365420e-03,  5.71108308e-02],
       [ 8.84946830e-02, -8.94653838e-02, -9.58668391e-03,
         4.10043339e-02, -5.98670266e-02,  2.82034573e-03,
        -2.08489891e-01, -4.75492036e-02, -1.74900944e-01,
        -3.81559258e-02, -5.48445314e-02, -4.15040380e-02,
         6.19321971e-02, -4.12960282e-03,  1.74214424e-02,
         5.22611002e-02,  4.86714881e-03, -1.42546423e-02],
       [-1.54471788e-01,  3.94197886e-02,  3.19293243e-02,
        -6.79734923e-02, -3.22500886e-03,  6.25233258e-02,
        -7.90048339e-01, -4.07692303e-01,  1.43887905e-01,
         2.51661041e-02, -5.54867146e-02,  1.12104266e-01,
         4.85215438e-02,  7.60185278e-02,  2.80365420e-03,
         4.86714881e-03,  7.86938725e-02, -1.52256630e-02],
       [ 1.34161768e-01,  2.65245107e-02,  1.08025429e-01,
         6.34468315e-02,  2.32693584e-02,  1.70731433e-02,
         5.15540835e-01,  1.55132385e-01, -1.88733321e-01,
         2.27974987e-01, -6.52906037e-02, -2.97008348e-03,
        -8.83339527e-02,  5.88321809e-03,  5.71108308e-02,
        -1.42546423e-02, -1.52256630e-02,  1.01466524e-01]])
      jac: array([-1.94659104e-07,  8.95579907e-08,  1.64979141e-06,  1.25825276e-08,
       -4.05601478e-07, -3.75699472e-06, -1.44328993e-08,  8.43769499e-08,
        1.10652228e-07,  6.62433071e-08, -4.73695157e-08,  9.46280091e-07,
        1.73934941e-07, -5.01820807e-07,  2.90989455e-06, -5.27726011e-07,
        5.84717460e-07, -2.19232040e-06])
  message: 'Optimization terminated successfully.'
     nfev: 1558
      nit: 71
     njev: 82
   status: 0
  success: True
        x: array([-1.74219615, -1.00856766,  0.56635711, -1.54577177, -1.05216846,
        0.30584779, -0.39925414, -1.21971568,  1.14859235,  0.04489631,
        0.56218265,  1.13506443,  0.11657639,  0.26569184, -0.24960696,
        1.36879029, -0.05552009,  0.01407472])
