Program Begingeth
      fun: 0.2927852704447127
 hess_inv: array([[ 4.74846343e+00,  1.83557438e+00, -2.61184942e-01,
         1.52727461e+00,  8.76306868e-01, -1.13140707e+00,
         1.78539647e+00, -8.05485676e-01, -3.67879187e+00,
        -1.24350145e-01,  8.60601785e-01, -6.87977213e-01,
        -7.50369518e-01, -3.73172078e-01, -4.28965830e-01,
        -2.63335364e-01, -4.85712154e-01,  2.56028781e-01],
       [ 1.83557438e+00,  4.52256623e+00,  1.38456041e+00,
         6.02036083e-01,  1.92411080e+00,  1.51606625e-01,
         5.03752134e+00,  1.28849704e+00,  4.00539865e+00,
         3.66809528e-01,  5.19473363e-01, -1.52971950e+00,
        -6.61035375e-01, -4.51440052e-01, -2.73321588e-01,
        -9.65034531e-02, -3.86272471e-01,  1.15985300e-01],
       [-2.61184942e-01,  1.38456041e+00,  2.52567783e+00,
         2.80947271e-01,  4.77015092e-01,  1.05668946e+00,
         4.20977717e+00, -1.88440153e+00,  4.13799929e+00,
         3.87844943e-02,  8.41360135e-01, -6.84868944e-01,
         3.73633086e-02, -1.58779478e-01, -2.54385859e-01,
        -8.50049638e-02, -1.31487413e-04, -1.72475544e-01],
       [ 1.52727461e+00,  6.02036083e-01,  2.80947271e-01,
         6.02392239e-01,  2.86479073e-01, -2.09704911e-01,
         1.48869933e+00, -6.97658718e-01, -8.47902969e-01,
        -9.19712786e-02,  4.24647850e-01, -2.14104457e-01,
        -1.93950721e-01, -1.11340977e-01, -2.00313163e-01,
        -1.01040662e-01, -1.39481633e-01,  2.69247941e-02],
       [ 8.76306868e-01,  1.92411080e+00,  4.77015092e-01,
         2.86479073e-01,  9.33844924e-01,  2.86057145e-02,
         2.75634414e+00,  1.29785922e+00,  1.33507228e+00,
         6.89858285e-02,  1.31869828e-01, -5.57078821e-01,
        -3.41884051e-01, -1.41979010e-01, -8.92665914e-02,
        -8.18653045e-02, -2.09470291e-01,  6.52641903e-02],
       [-1.13140707e+00,  1.51606625e-01,  1.05668946e+00,
        -2.09704911e-01,  2.86057145e-02,  7.32532554e-01,
         1.63852564e+00, -3.03740062e-01,  2.77421892e+00,
        -5.32391366e-02,  4.37638741e-02, -9.01297238e-02,
         1.97194488e-01,  3.04190567e-02,  3.71104840e-02,
         4.35680623e-02,  7.53250481e-02, -1.13359190e-01],
       [ 1.78539647e+00,  5.03752134e+00,  4.20977717e+00,
         1.48869933e+00,  2.75634414e+00,  1.63852564e+00,
         1.92615899e+01,  1.83261785e+00,  7.66611494e+00,
        -5.51379718e-01,  1.10946973e+00, -1.22074512e+00,
        -7.64416925e-01, -3.45256869e-01, -5.46118030e-01,
        -4.38617450e-01, -8.67852443e-01, -2.51291622e-01],
       [-8.05485676e-01,  1.28849704e+00, -1.88440153e+00,
        -6.97658718e-01,  1.29785922e+00, -3.03740062e-01,
         1.83261785e+00,  1.01237639e+01, -1.32502986e-01,
        -1.51738102e-01, -1.58797341e+00,  1.95217424e-02,
        -3.59071789e-01,  2.46998282e-01,  6.85114195e-01,
         1.25333424e-01, -2.38320525e-01,  2.76258888e-01],
       [-3.67879187e+00,  4.00539865e+00,  4.13799929e+00,
        -8.47902969e-01,  1.33507228e+00,  2.77421892e+00,
         7.66611494e+00, -1.32502986e-01,  1.70339755e+01,
         3.51105923e-01,  4.23589399e-01, -1.44178458e+00,
         2.87130407e-01, -5.07003927e-01, -1.43852474e-02,
         2.68826198e-01, -1.06411922e-01, -2.91967475e-01],
       [-1.24350145e-01,  3.66809528e-01,  3.87844943e-02,
        -9.19712786e-02,  6.89858285e-02, -5.32391366e-02,
        -5.51379718e-01, -1.51738102e-01,  3.51105923e-01,
         7.04675518e-01, -6.42461783e-02, -1.29707085e-01,
        -1.47641298e-01,  4.04177054e-03,  4.62256380e-02,
         1.53994117e-02,  9.14592770e-02,  1.55452294e-01],
       [ 8.60601785e-01,  5.19473363e-01,  8.41360135e-01,
         4.24647850e-01,  1.31869828e-01,  4.37638741e-02,
         1.10946973e+00, -1.58797341e+00,  4.23589399e-01,
        -6.42461783e-02,  1.06823041e+00, -3.86494615e-01,
        -7.71936129e-02, -2.61239458e-01, -3.53441418e-01,
        -1.13667500e-01, -6.89339797e-02, -1.48326894e-01],
       [-6.87977213e-01, -1.52971950e+00, -6.84868944e-01,
        -2.14104457e-01, -5.57078821e-01, -9.01297238e-02,
        -1.22074512e+00,  1.95217424e-02, -1.44178458e+00,
        -1.29707085e-01, -3.86494615e-01,  8.94094127e-01,
         1.68383437e-01,  2.64433565e-01,  8.72914103e-02,
        -2.67909449e-02,  1.42077285e-01, -1.16559586e-02],
       [-7.50369518e-01, -6.61035375e-01,  3.73633086e-02,
        -1.93950721e-01, -3.41884051e-01,  1.97194488e-01,
        -7.64416925e-01, -3.59071789e-01,  2.87130407e-01,
        -1.47641298e-01, -7.71936129e-02,  1.68383437e-01,
         2.77209721e-01,  7.24167080e-02,  5.03463104e-02,
         1.00141374e-01,  1.32540238e-01, -1.01960978e-01],
       [-3.73172078e-01, -4.51440052e-01, -1.58779478e-01,
        -1.11340977e-01, -1.41979010e-01,  3.04190567e-02,
        -3.45256869e-01,  2.46998282e-01, -5.07003927e-01,
         4.04177054e-03, -2.61239458e-01,  2.64433565e-01,
         7.24167080e-02,  1.61217397e-01,  8.25954983e-02,
         6.06880543e-03,  1.03064385e-01,  1.57898627e-02],
       [-4.28965830e-01, -2.73321588e-01, -2.54385859e-01,
        -2.00313163e-01, -8.92665914e-02,  3.71104840e-02,
        -5.46118030e-01,  6.85114195e-01, -1.43852474e-02,
         4.62256380e-02, -3.53441418e-01,  8.72914103e-02,
         5.03463104e-02,  8.25954983e-02,  1.74742304e-01,
         6.22666612e-02,  3.53371137e-02,  7.07284380e-02],
       [-2.63335364e-01, -9.65034531e-02, -8.50049638e-02,
        -1.01040662e-01, -8.18653045e-02,  4.35680623e-02,
        -4.38617450e-01,  1.25333424e-01,  2.68826198e-01,
         1.53994117e-02, -1.13667500e-01, -2.67909449e-02,
         1.00141374e-01,  6.06880543e-03,  6.22666612e-02,
         9.28377930e-02,  4.06291131e-02, -5.25773545e-03],
       [-4.85712154e-01, -3.86272471e-01, -1.31487413e-04,
        -1.39481633e-01, -2.09470291e-01,  7.53250481e-02,
        -8.67852443e-01, -2.38320525e-01, -1.06411922e-01,
         9.14592770e-02, -6.89339797e-02,  1.42077285e-01,
         1.32540238e-01,  1.03064385e-01,  3.53371137e-02,
         4.06291131e-02,  1.68906627e-01, -2.02882709e-02],
       [ 2.56028781e-01,  1.15985300e-01, -1.72475544e-01,
         2.69247941e-02,  6.52641903e-02, -1.13359190e-01,
        -2.51291622e-01,  2.76258888e-01, -2.91967475e-01,
         1.55452294e-01, -1.48326894e-01, -1.16559586e-02,
        -1.01960978e-01,  1.57898627e-02,  7.07284380e-02,
        -5.25773545e-03, -2.02882709e-02,  1.26698724e-01]])
      jac: array([-1.05841262e-06, -1.31746466e-07, -1.34188956e-06,  2.16937579e-06,
       -7.14243479e-07,  1.76192394e-06, -1.41368398e-07,  4.48160028e-07,
        8.10462808e-08, -1.02510593e-07, -1.31746466e-07, -1.16129328e-06,
       -1.97915758e-06,  1.13168734e-06, -3.09049083e-06,  7.91589017e-07,
        3.27515792e-07,  1.64942134e-06])
  message: 'Optimization terminated successfully.'
     nfev: 1311
      nit: 60
     njev: 69
   status: 0
  success: True
        x: array([-0.66301779, -0.9841132 ,  0.60297844, -0.96666975, -1.06659533,
        0.14405592, -0.55256537, -1.795505  , -0.47491226,  0.094377  ,
        0.60851348,  1.16376883,  0.10744135,  0.11804355, -0.34936411,
        1.17674819, -0.45890159, -0.02523857])
