Program Begingeth
      fun: 0.3421450678308059
 hess_inv: array([[ 7.53802187e+00, -6.76339939e-02, -2.31403873e+00,
         2.31216414e+00,  1.00716379e-01, -2.53334572e+00,
        -3.84071958e+00, -1.40852051e+00, -1.10960675e+01,
         7.89511826e-02,  1.22818273e+00, -1.91860553e-01,
        -8.84121379e-01, -3.56118173e-01, -5.94012431e-01,
        -3.85263277e-01, -4.40865781e-01,  2.31896494e-01],
       [-6.76339939e-02,  6.50000779e+00,  2.54352779e+00,
         1.56287484e-01,  2.76038871e+00,  1.20808662e+00,
         8.86103978e+00,  1.58070799e+00,  1.01063215e+01,
         7.34228419e-01,  4.52574152e-01, -1.61846849e+00,
        -6.36425229e-01, -4.27298014e-01, -1.61631617e-01,
        -7.88871744e-02, -3.55479554e-01,  3.48319539e-02],
       [-2.31403873e+00,  2.54352779e+00,  3.97042721e+00,
        -2.53139285e-01,  8.94086502e-01,  2.16061022e+00,
         7.21479619e+00, -2.14257949e+00,  9.12472411e+00,
         9.40562977e-02,  7.32606247e-01, -6.91959081e-01,
         2.32775185e-01, -1.21479806e-01, -1.32533996e-01,
         3.88407189e-02,  9.13421998e-02, -2.25548669e-01],
       [ 2.31216414e+00,  1.56287484e-01, -2.53139285e-01,
         8.23571831e-01,  9.64546003e-02, -5.76541523e-01,
        -5.08195939e-02, -8.99349016e-01, -2.78852629e+00,
        -1.57730588e-02,  5.41996970e-01, -6.54943516e-02,
        -2.30356504e-01, -1.14970550e-01, -2.46656114e-01,
        -1.22468855e-01, -1.24277384e-01,  2.38988055e-02],
       [ 1.00716379e-01,  2.76038871e+00,  8.94086502e-01,
         9.64546003e-02,  1.27661280e+00,  4.31466824e-01,
         4.19321028e+00,  1.47472240e+00,  3.86906179e+00,
         2.40188868e-01,  1.13761591e-01, -6.21382869e-01,
        -3.33453807e-01, -1.41422773e-01, -4.51255554e-02,
        -6.82187024e-02, -1.87270012e-01,  3.25080281e-02],
       [-2.53334572e+00,  1.20808662e+00,  2.16061022e+00,
        -5.76541523e-01,  4.31466824e-01,  1.49942320e+00,
         4.24110198e+00, -3.17765277e-01,  6.63223343e+00,
        -6.48447781e-02, -2.54645658e-02, -2.49814366e-01,
         2.89980087e-01,  2.56989396e-02,  1.00906970e-01,
         1.10809222e-01,  1.03465338e-01, -1.31556801e-01],
       [-3.84071958e+00,  8.86103978e+00,  7.21479619e+00,
        -5.08195939e-02,  4.19321028e+00,  4.24110198e+00,
         2.69311058e+01,  2.85048731e+00,  2.18064749e+01,
         3.50669683e-02,  6.56640460e-01, -1.48367149e+00,
        -4.05625543e-01, -2.37878736e-01, -2.01034961e-01,
        -1.55196200e-01, -5.40752691e-01, -3.72419003e-01],
       [-1.40852051e+00,  1.58070799e+00, -2.14257949e+00,
        -8.99349016e-01,  1.47472240e+00, -3.17765277e-01,
         2.85048731e+00,  1.10874398e+01,  1.44394724e+00,
        -1.91225048e-01, -1.64156377e+00, -1.99126566e-01,
        -4.10464904e-01,  2.37723496e-01,  7.22521070e-01,
         7.04260642e-02, -2.55509996e-01,  2.77264506e-01],
       [-1.10960675e+01,  1.01063215e+01,  9.12472411e+00,
        -2.78852629e+00,  3.86906179e+00,  6.63223343e+00,
         2.18064749e+01,  1.44394724e+00,  3.77694469e+01,
         5.17248798e-01, -1.81458413e-01, -2.15235875e+00,
         6.43391472e-01, -4.08731689e-01,  4.12423557e-01,
         5.24400798e-01,  3.30995590e-02, -4.03202498e-01],
       [ 7.89511826e-02,  7.34228419e-01,  9.40562977e-02,
        -1.57730588e-02,  2.40188868e-01, -6.48447781e-02,
         3.50669683e-02, -1.91225048e-01,  5.17248798e-01,
         9.46075040e-01, -5.53343022e-02, -2.36527618e-01,
        -2.59469072e-01, -1.76305436e-02,  4.74630175e-02,
        -1.45863343e-03,  3.42323474e-02,  1.86991293e-01],
       [ 1.22818273e+00,  4.52574152e-01,  7.32606247e-01,
         5.41996970e-01,  1.13761591e-01, -2.54645658e-02,
         6.56640460e-01, -1.64156377e+00, -1.81458413e-01,
        -5.53343022e-02,  1.19427741e+00, -2.60848497e-01,
        -8.06834955e-02, -2.64664405e-01, -3.62755183e-01,
        -1.08179115e-01, -5.53587855e-02, -1.48188596e-01],
       [-1.91860553e-01, -1.61846849e+00, -6.91959081e-01,
        -6.54943516e-02, -6.21382869e-01, -2.49814366e-01,
        -1.48367149e+00, -1.99126566e-01, -2.15235875e+00,
        -2.36527618e-01, -2.60848497e-01,  8.25848909e-01,
         1.45442778e-01,  2.04026569e-01,  1.78189343e-03,
        -3.30527277e-02,  1.11473442e-01, -4.22243975e-03],
       [-8.84121379e-01, -6.36425229e-01,  2.32775185e-01,
        -2.30356504e-01, -3.33453807e-01,  2.89980087e-01,
        -4.05625543e-01, -4.10464904e-01,  6.43391472e-01,
        -2.59469072e-01, -8.06834955e-02,  1.45442778e-01,
         3.03058517e-01,  6.47875552e-02,  4.81136256e-02,
         1.08650387e-01,  1.21168878e-01, -9.40140657e-02],
       [-3.56118173e-01, -4.27298014e-01, -1.21479806e-01,
        -1.14970550e-01, -1.41422773e-01,  2.56989396e-02,
        -2.37878736e-01,  2.37723496e-01, -4.08731689e-01,
        -1.76305436e-02, -2.64664405e-01,  2.04026569e-01,
         6.47875552e-02,  1.35531868e-01,  7.42421784e-02,
         1.47186158e-02,  7.84400110e-02,  2.26950098e-02],
       [-5.94012431e-01, -1.61631617e-01, -1.32533996e-01,
        -2.46656114e-01, -4.51255554e-02,  1.00906970e-01,
        -2.01034961e-01,  7.22521070e-01,  4.12423557e-01,
         4.74630175e-02, -3.62755183e-01,  1.78189343e-03,
         4.81136256e-02,  7.42421784e-02,  1.78431643e-01,
         6.04454959e-02,  2.85390182e-02,  7.10961455e-02],
       [-3.85263277e-01, -7.88871744e-02,  3.88407189e-02,
        -1.22468855e-01, -6.82187024e-02,  1.10809222e-01,
        -1.55196200e-01,  7.04260642e-02,  5.24400798e-01,
        -1.45863343e-03, -1.08179115e-01, -3.30527277e-02,
         1.08650387e-01,  1.47186158e-02,  6.04454959e-02,
         8.54234366e-02,  4.22913664e-02, -6.68610633e-03],
       [-4.40865781e-01, -3.55479554e-01,  9.13421998e-02,
        -1.24277384e-01, -1.87270012e-01,  1.03465338e-01,
        -5.40752691e-01, -2.55509996e-01,  3.30995590e-02,
         3.42323474e-02, -5.53587855e-02,  1.11473442e-01,
         1.21168878e-01,  7.84400110e-02,  2.85390182e-02,
         4.22913664e-02,  1.25030208e-01, -1.27036544e-02],
       [ 2.31896494e-01,  3.48319539e-02, -2.25548669e-01,
         2.38988055e-02,  3.25080281e-02, -1.31556801e-01,
        -3.72419003e-01,  2.77264506e-01, -4.03202498e-01,
         1.86991293e-01, -1.48188596e-01, -4.22243975e-03,
        -9.40140657e-02,  2.26950098e-02,  7.10961455e-02,
        -6.68610633e-03, -1.27036544e-02,  1.12503659e-01]])
      jac: array([-8.34258588e-06,  3.90909527e-06, -3.58305978e-06,  3.03986466e-05,
       -1.08246745e-05,  1.62336811e-05, -1.92660702e-06,  1.05397172e-06,
       -5.15883632e-07, -4.70253466e-06, -1.09801057e-06,  1.32116540e-07,
       -4.03532763e-05, -2.32443694e-06,  1.09053507e-05,  1.35165953e-05,
        5.66065713e-06, -1.72476848e-05])
  message: 'Desired error not necessarily achieved due to precision loss.'
     nfev: 2083
      nit: 61
     njev: 109
   status: 2
  success: False
        x: array([-0.86707087, -1.15805537,  0.56655109, -1.1444298 , -1.18378817,
        0.1646607 , -0.71462323, -1.91721174, -0.37662306,  0.09885697,
        0.51086435,  1.15742374,  0.13440959,  0.07367159, -0.31172841,
        1.33327204, -0.51674895, -0.01480933])
