Program Begingeth
      fun: 0.2624068142556587
 hess_inv: array([[ 7.22964162e-01,  4.81718162e-03, -1.48214843e-01,
        -1.97332577e-01,  2.16705220e-01, -2.45409106e-01,
        -8.33811957e-02,  1.19198173e+00, -1.30301147e+00,
         2.46165299e-01,  4.06811933e-02,  7.11924069e-01,
        -6.76784359e-01,  1.15598540e-01, -3.18248208e-01,
        -1.93352445e-01, -8.01350078e-03, -9.72557545e-02],
       [ 4.81718162e-03,  6.95997343e-01, -6.90916847e-02,
        -1.87248878e-01, -1.38807914e-01, -1.84456003e-01,
        -6.74205654e-01,  1.49281933e-01,  3.38569954e-02,
         4.45383393e-02,  2.32929858e-01,  1.01861463e-02,
        -1.57683405e-01, -6.03063958e-01, -6.96392477e-02,
        -9.80711856e-03, -1.69941348e-01,  1.22749721e-01],
       [-1.48214843e-01, -6.90916847e-02,  5.79120043e-01,
         1.60407629e-01,  1.16723126e-01, -5.92944156e-02,
         6.76516869e-01, -1.69431403e-01,  3.18543600e-01,
        -5.45336697e-01, -6.94250346e-02, -1.47436396e-01,
         3.58287246e-01,  1.60448131e-01, -4.03416283e-01,
         9.02580074e-02, -1.33889056e-02, -1.66190385e-01],
       [-1.97332577e-01, -1.87248878e-01,  1.60407629e-01,
         3.49695474e-01, -9.81695147e-02,  1.21381882e-02,
         5.60157797e-01, -1.19114935e+00,  9.79602074e-02,
        -2.50056744e-01,  1.00697361e-01, -1.09418272e-01,
         5.64470744e-01,  3.74935994e-02, -7.77319949e-02,
         1.71873883e-01, -1.23642813e-03, -5.67620446e-02],
       [ 2.16705220e-01, -1.38807914e-01,  1.16723126e-01,
        -9.81695147e-02,  3.19118840e-01, -7.65797834e-04,
         4.22856176e-01,  1.21616542e+00, -1.35473968e-01,
        -2.19592649e-02, -2.09802068e-01,  2.04633511e-01,
        -2.67707895e-01,  4.14840589e-01, -1.36441997e-01,
        -8.10457435e-02,  1.15537525e-01, -7.14354398e-02],
       [-2.45409106e-01, -1.84456003e-01, -5.92944156e-02,
         1.21381882e-02, -7.65797834e-04,  3.18663209e-01,
         1.30174703e-01, -5.35632187e-02,  9.59025185e-01,
         1.91577108e-02, -2.52470384e-01, -2.74189595e-01,
         1.23101238e-01,  1.92290662e-01,  3.99657328e-01,
         3.28053626e-02,  8.15916332e-02,  9.50444900e-02],
       [-8.33811957e-02, -6.74205654e-01,  6.76516869e-01,
         5.60157797e-01,  4.22856176e-01,  1.30174703e-01,
         3.19641608e+00, -4.98674250e-02,  5.12646179e-01,
        -4.98653062e-01, -2.82964979e-01,  1.08653187e-01,
         5.59434926e-01,  9.13585295e-01, -3.83611790e-01,
         1.14281116e-01,  2.15799977e-01, -2.44381362e-01],
       [ 1.19198173e+00,  1.49281933e-01, -1.69431403e-01,
        -1.19114935e+00,  1.21616542e+00, -5.35632187e-02,
        -4.98674250e-02,  8.07058951e+00, -8.21119497e-01,
         7.01873771e-01, -5.13945436e-01,  9.18954896e-01,
        -2.32685954e+00,  8.62110271e-01, -1.15585322e-01,
        -7.13783913e-01,  2.25375467e-01,  2.10401062e-02],
       [-1.30301147e+00,  3.38569954e-02,  3.18543600e-01,
         9.79602074e-02, -1.35473968e-01,  9.59025185e-01,
         5.12646179e-01, -8.21119497e-01,  5.62555471e+00,
        -5.46965854e-01, -7.61524131e-01, -1.11263713e+00,
         9.24832270e-01,  1.37277128e-01,  8.10818156e-01,
         2.92526907e-01,  8.39540440e-02,  1.89927457e-01],
       [ 2.46165299e-01,  4.45383393e-02, -5.45336697e-01,
        -2.50056744e-01, -2.19592649e-02,  1.91577108e-02,
        -4.98653062e-01,  7.01873771e-01, -5.46965854e-01,
         7.29648359e-01,  2.19115909e-02,  2.27909613e-01,
        -5.99798859e-01, -5.62209332e-02,  3.24373222e-01,
        -1.77905698e-01,  5.02891807e-02,  1.30449949e-01],
       [ 4.06811933e-02,  2.32929858e-01, -6.94250346e-02,
         1.00697361e-01, -2.09802068e-01, -2.52470384e-01,
        -2.82964979e-01, -5.13945436e-01, -7.61524131e-01,
         2.19115909e-02,  8.14889191e-01,  3.26429475e-02,
         6.85415276e-02, -5.65046622e-01, -1.15793572e-01,
        -3.99204098e-02, -1.69162843e-01,  8.42569399e-02],
       [ 7.11924069e-01,  1.01861463e-02, -1.47436396e-01,
        -1.09418272e-01,  2.04633511e-01, -2.74189595e-01,
         1.08653187e-01,  9.18954896e-01, -1.11263713e+00,
         2.27909613e-01,  3.26429475e-02,  9.51015068e-01,
        -5.52521683e-01,  1.13152161e-01, -4.49298371e-01,
        -1.32512633e-01, -2.13452556e-02, -1.52350306e-01],
       [-6.76784359e-01, -1.57683405e-01,  3.58287246e-01,
         5.64470744e-01, -2.67707895e-01,  1.23101238e-01,
         5.59434926e-01, -2.32685954e+00,  9.24832270e-01,
        -5.99798859e-01,  6.85415276e-02, -5.52521683e-01,
         1.21030692e+00, -7.82056465e-02,  3.95445756e-03,
         3.95949124e-01, -2.99271482e-02, -3.87498693e-02],
       [ 1.15598540e-01, -6.03063958e-01,  1.60448131e-01,
         3.74935994e-02,  4.14840589e-01,  1.92290662e-01,
         9.13585295e-01,  8.62110271e-01,  1.37277128e-01,
        -5.62209332e-02, -5.65046622e-01,  1.13152161e-01,
        -7.82056465e-02,  9.28398277e-01, -1.58263737e-02,
        -2.53073669e-02,  2.93883914e-01, -1.46234102e-01],
       [-3.18248208e-01, -6.96392477e-02, -4.03416283e-01,
        -7.77319949e-02, -1.36441997e-01,  3.99657328e-01,
        -3.83611790e-01, -1.15585322e-01,  8.10818156e-01,
         3.24373222e-01, -1.15793572e-01, -4.49298371e-01,
         3.95445756e-03, -1.58263737e-02,  8.19298399e-01,
        -6.45532570e-03,  7.92380916e-02,  3.05407595e-01],
       [-1.93352445e-01, -9.80711856e-03,  9.02580074e-02,
         1.71873883e-01, -8.10457435e-02,  3.28053626e-02,
         1.14281116e-01, -7.13783913e-01,  2.92526907e-01,
        -1.77905698e-01, -3.99204098e-02, -1.32512633e-01,
         3.95949124e-01, -2.53073669e-02, -6.45532570e-03,
         1.64131485e-01, -9.13780256e-03, -1.49227859e-02],
       [-8.01350078e-03, -1.69941348e-01, -1.33889056e-02,
        -1.23642813e-03,  1.15537525e-01,  8.15916332e-02,
         2.15799977e-01,  2.25375467e-01,  8.39540440e-02,
         5.02891807e-02, -1.69162843e-01, -2.13452556e-02,
        -2.99271482e-02,  2.93883914e-01,  7.92380916e-02,
        -9.13780256e-03,  1.27793870e-01, -8.35033577e-03],
       [-9.72557545e-02,  1.22749721e-01, -1.66190385e-01,
        -5.67620446e-02, -7.14354398e-02,  9.50444900e-02,
        -2.44381362e-01,  2.10401062e-02,  1.89927457e-01,
         1.30449949e-01,  8.42569399e-02, -1.52350306e-01,
        -3.87498693e-02, -1.46234102e-01,  3.05407595e-01,
        -1.49227859e-02, -8.35033577e-03,  1.74722587e-01]])
      jac: array([ 2.42546723e-06,  5.34017275e-07,  1.85999364e-06, -9.01871170e-06,
        2.56609548e-06, -7.99249556e-06,  1.01067303e-06, -1.39147952e-07,
        5.45489580e-07,  1.95436260e-06, -3.04941257e-07,  1.36816484e-06,
        8.51170986e-06,  5.16253706e-07,  7.40370728e-06, -5.57072906e-06,
       -3.25110309e-06, -7.54322530e-06])
  message: 'Optimization terminated successfully.'
     nfev: 703
      nit: 29
     njev: 37
   status: 0
  success: True
        x: array([ 0.71420282, -0.05781785,  0.53017411,  0.23283047, -0.98107277,
       -0.75954459,  1.25524436, -1.49932985, -1.01610387, -1.03622471,
        0.04049985,  0.6573335 ,  0.14031862,  0.04319178, -0.54426961,
        0.08797072,  1.25364095, -0.81831892])
