Program Begingeth
      fun: 0.29835323316395335
 hess_inv: array([[ 5.00765680e+00, -1.75972719e+00, -2.15850044e-01,
         1.35895250e+00, -7.92410473e-01,  1.04433658e+00,
         1.41681704e+00,  1.58466343e+00,  2.18148877e+00,
        -4.35082199e-01, -9.25547614e-01,  1.05007129e+00,
        -8.69782496e-01,  4.60839925e-01,  4.64169695e-01,
        -1.79897280e-01,  5.90193455e-01, -3.89601402e-01],
       [-1.75972719e+00,  3.69463084e+00,  1.09552366e+00,
        -4.28215780e-01,  1.36613449e+00, -9.09701747e-02,
        -3.60386298e+00,  2.94724088e-02,  3.29127654e+00,
        -2.04986448e-01,  3.65696869e-01, -1.73572520e+00,
         5.94415481e-01, -5.00408456e-01, -2.82736975e-01,
        -5.86267700e-04, -3.30062303e-01,  1.41744960e-01],
       [-2.15850044e-01,  1.09552366e+00,  1.86886505e+00,
        -3.34436744e-01,  3.59849007e-01,  5.10744078e-01,
        -2.92529194e+00, -1.98965372e+00,  1.96403250e+00,
        -4.71477596e-02,  8.10178871e-01, -7.76641261e-01,
         5.64854370e-02, -1.74564288e-01, -3.03672107e-01,
         1.26412271e-01, -4.38943849e-02, -9.81992975e-02],
       [ 1.35895250e+00, -4.28215780e-01, -3.34436744e-01,
         4.75381650e-01, -2.09176054e-01,  1.85951143e-01,
         1.14771483e+00,  8.42389078e-01,  5.56526577e-01,
        -1.69509803e-01, -3.99311000e-01,  2.61051609e-01,
        -1.87704998e-01,  1.10934606e-01,  1.91196463e-01,
        -6.94490812e-02,  1.53578905e-01, -4.96645373e-02],
       [-7.92410473e-01,  1.36613449e+00,  3.59849007e-01,
        -2.09176054e-01,  6.60148477e-01, -3.81641072e-02,
        -2.47656408e+00,  6.71378830e-01,  8.64252576e-01,
         8.96920235e-02,  7.41627714e-02, -5.46065060e-01,
         3.08797689e-01, -1.29649749e-01, -8.42564673e-02,
         5.42157870e-02, -2.14902055e-01,  5.64437104e-02],
       [ 1.04433658e+00, -9.09701747e-02,  5.10744078e-01,
         1.85951143e-01, -3.81641072e-02,  4.62174106e-01,
        -1.05811853e+00,  8.22828449e-03,  1.32262508e+00,
         1.85985830e-02, -7.27669629e-02,  4.64709157e-02,
        -2.00684084e-01,  7.17934221e-02,  6.69063022e-02,
        -2.61752026e-02,  8.09578988e-02, -1.07780048e-01],
       [ 1.41681704e+00, -3.60386298e+00, -2.92529194e+00,
         1.14771483e+00, -2.47656408e+00, -1.05811853e+00,
         2.06460060e+01, -2.10714866e+00, -3.86127536e+00,
        -1.33215062e+00, -7.03630495e-01,  1.16527634e+00,
        -8.72200059e-01,  2.01478018e-01,  4.24650558e-01,
        -4.30579896e-01,  1.20630535e+00,  3.64005975e-01],
       [ 1.58466343e+00,  2.94724088e-02, -1.98965372e+00,
         8.42389078e-01,  6.71378830e-01,  8.22828449e-03,
        -2.10714866e+00,  8.87289921e+00, -2.45495485e-01,
         3.72260319e-01, -1.71539655e+00,  5.34750142e-01,
         5.05207294e-02,  3.83797663e-01,  8.16926956e-01,
        -2.62300228e-01, -7.04474867e-02,  1.19633969e-01],
       [ 2.18148877e+00,  3.29127654e+00,  1.96403250e+00,
         5.56526577e-01,  8.64252576e-01,  1.32262508e+00,
        -3.86127536e+00, -2.45495485e-01,  1.05995411e+01,
        -4.80896456e-01,  2.13510768e-02, -1.51505889e+00,
        -2.03669992e-01, -5.13038880e-01,  3.32364905e-02,
        -3.02300539e-01, -6.06946319e-03, -1.00121172e-01],
       [-4.35082199e-01, -2.04986448e-01, -4.71477596e-02,
        -1.69509803e-01,  8.96920235e-02,  1.85985830e-02,
        -1.33215062e+00,  3.72260319e-01, -4.80896456e-01,
         7.21023213e-01,  6.85847553e-02,  1.11142130e-01,
        -1.84291123e-02,  1.37282458e-03, -2.60230301e-02,
         4.89384065e-02, -1.84995183e-01, -9.94725018e-02],
       [-9.25547614e-01,  3.65696869e-01,  8.10178871e-01,
        -3.99311000e-01,  7.41627714e-02, -7.27669629e-02,
        -7.03630495e-01, -1.71539655e+00,  2.13510768e-02,
         6.85847553e-02,  1.10637905e+00, -4.74215969e-01,
         1.16734533e-01, -2.66383820e-01, -3.75918149e-01,
         1.35028310e-01, -8.57636297e-02, -1.00691418e-01],
       [ 1.05007129e+00, -1.73572520e+00, -7.76641261e-01,
         2.61051609e-01, -5.46065060e-01,  4.64709157e-02,
         1.16527634e+00,  5.34750142e-01, -1.51505889e+00,
         1.11142130e-01, -4.74215969e-01,  1.24990949e+00,
        -2.55798837e-01,  3.69677175e-01,  1.54433708e-01,
         3.40274889e-02,  1.72954072e-01, -6.01664547e-02],
       [-8.69782496e-01,  5.94415481e-01,  5.64854370e-02,
        -1.87704998e-01,  3.08797689e-01, -2.00684084e-01,
        -8.72200059e-01,  5.05207294e-02, -2.03669992e-01,
        -1.84291123e-02,  1.16734533e-01, -2.55798837e-01,
         3.07304621e-01, -9.20875060e-02, -7.55871158e-02,
         9.70316318e-02, -1.71728578e-01,  1.05873398e-01],
       [ 4.60839925e-01, -5.00408456e-01, -1.74564288e-01,
         1.10934606e-01, -1.29649749e-01,  7.17934221e-02,
         2.01478018e-01,  3.83797663e-01, -5.13038880e-01,
         1.37282458e-03, -2.66383820e-01,  3.69677175e-01,
        -9.20875060e-02,  1.80128306e-01,  9.23459576e-02,
         4.66726427e-03,  9.46013196e-02, -5.90604534e-03],
       [ 4.64169695e-01, -2.82736975e-01, -3.03672107e-01,
         1.91196463e-01, -8.42564673e-02,  6.69063022e-02,
         4.24650558e-01,  8.16926956e-01,  3.32364905e-02,
        -2.60230301e-02, -3.75918149e-01,  1.54433708e-01,
        -7.55871158e-02,  9.23459576e-02,  1.92939821e-01,
        -7.01922152e-02,  4.30700669e-02,  5.11846412e-02],
       [-1.79897280e-01, -5.86267700e-04,  1.26412271e-01,
        -6.94490812e-02,  5.42157870e-02, -2.61752026e-02,
        -4.30579896e-01, -2.62300228e-01, -3.02300539e-01,
         4.89384065e-02,  1.35028310e-01,  3.40274889e-02,
         9.70316318e-02,  4.66726427e-03, -7.01922152e-02,
         1.06084185e-01, -5.18602356e-02, -6.96223939e-03],
       [ 5.90193455e-01, -3.30062303e-01, -4.38943849e-02,
         1.53578905e-01, -2.14902055e-01,  8.09578988e-02,
         1.20630535e+00, -7.04474867e-02, -6.06946319e-03,
        -1.84995183e-01, -8.57636297e-02,  1.72954072e-01,
        -1.71728578e-01,  9.46013196e-02,  4.30700669e-02,
        -5.18602356e-02,  2.07156488e-01, -2.38526597e-02],
       [-3.89601402e-01,  1.41744960e-01, -9.81992975e-02,
        -4.96645373e-02,  5.64437104e-02, -1.07780048e-01,
         3.64005975e-01,  1.19633969e-01, -1.00121172e-01,
        -9.94725018e-02, -1.00691418e-01, -6.01664547e-02,
         1.05873398e-01, -5.90604534e-03,  5.11846412e-02,
        -6.96223939e-03, -2.38526597e-02,  1.36908118e-01]])
      jac: array([-2.51010324e-05,  3.16750330e-05,  1.51652764e-05,  1.06683921e-04,
       -7.82055902e-05, -5.25642492e-05, -9.57937433e-06,  8.50948941e-06,
        2.16456482e-06, -1.78068671e-05,  2.18036700e-05, -5.67953092e-06,
       -1.61427908e-04,  1.26370766e-04, -2.99390142e-06,  5.38813438e-05,
       -9.61919433e-05,  4.31591799e-05])
  message: 'Desired error not necessarily achieved due to precision loss.'
     nfev: 2121
      nit: 64
     njev: 111
   status: 2
  success: False
        x: array([ 0.63200016, -0.8377715 ,  0.6040664 ,  1.02446121, -0.94363057,
        0.11329714,  0.51880107, -1.76958504, -0.49107456,  0.0088526 ,
        0.61811947,  1.14108142,  0.03119479,  0.07693888, -0.37193602,
       -1.00295219, -0.62700784, -0.02244564])
