Program Begingeth
      fun: 0.27933540047282657
 hess_inv: array([[ 5.49292110e-01, -3.64341266e-02, -9.24472879e-02,
        -1.03359657e-01,  1.69864416e-01, -2.43686535e-01,
        -4.07821774e-02,  8.01738374e-01, -1.25655224e+00,
         8.19749003e-02,  5.44039471e-02,  5.59005760e-01,
        -4.30875897e-01,  1.07702579e-01, -3.27099099e-01,
        -1.23160510e-01, -1.16046862e-02, -1.19047749e-01],
       [-3.64341266e-02,  6.09799795e-01, -5.46594739e-02,
        -1.74506809e-01, -1.46388892e-01, -1.64927806e-01,
        -6.86709534e-01,  6.86714317e-02,  1.10395262e-01,
         1.87740928e-02,  1.92744981e-01, -3.93405808e-02,
        -1.10539883e-01, -5.52674612e-01, -4.28841666e-02,
         3.46310086e-03, -1.62803024e-01,  1.33382960e-01],
       [-9.24472879e-02, -5.46594739e-02,  4.77216043e-01,
         1.25537288e-01,  1.23151194e-01, -4.34980441e-02,
         6.32274028e-01, -6.46094774e-02,  3.45495187e-01,
        -4.39917506e-01, -9.13639062e-02, -1.58154973e-01,
         2.62219366e-01,  1.61821674e-01, -3.36413752e-01,
         6.63831212e-02, -9.39999396e-03, -1.54839165e-01],
       [-1.03359657e-01, -1.74506809e-01,  1.25537288e-01,
         3.20236300e-01, -6.96429907e-02,  2.03583402e-03,
         6.11933739e-01, -1.01531993e+00,  6.45787772e-03,
        -1.68479088e-01,  8.69158616e-02, -4.84895705e-02,
         4.53888368e-01,  5.59429160e-02, -8.19464519e-02,
         1.42424378e-01,  4.84774216e-03, -6.03483069e-02],
       [ 1.69864416e-01, -1.46388892e-01,  1.23151194e-01,
        -6.96429907e-02,  3.23413637e-01,  1.99602840e-03,
         4.49448604e-01,  1.09586337e+00, -8.68333367e-02,
        -7.00678113e-02, -2.27842937e-01,  1.70538313e-01,
        -1.95923613e-01,  4.41768342e-01, -1.55219871e-01,
        -5.75526959e-02,  1.29079443e-01, -1.02358407e-01],
       [-2.43686535e-01, -1.64927806e-01, -4.34980441e-02,
         2.03583402e-03,  1.99602840e-03,  3.57017759e-01,
         1.39126918e-01, -7.05901848e-02,  1.12303950e+00,
         3.21183058e-02, -2.70697424e-01, -2.48246063e-01,
         1.07810164e-01,  1.97506625e-01,  4.20589078e-01,
         3.10071149e-02,  9.16139654e-02,  1.04018576e-01],
       [-4.07821774e-02, -6.86709534e-01,  6.32274028e-01,
         6.11933739e-01,  4.49448604e-01,  1.39126918e-01,
         3.44123429e+00, -2.78521596e-01,  5.37851484e-01,
        -4.60471240e-01, -3.64980752e-01,  1.31882433e-01,
         5.87193720e-01,  9.94849856e-01, -4.25042161e-01,
         1.43938748e-01,  2.41462054e-01, -3.32754496e-01],
       [ 8.01738374e-01,  6.86714317e-02, -6.46094774e-02,
        -1.01531993e+00,  1.09586337e+00, -7.05901848e-02,
        -2.78521596e-01,  7.03730748e+00, -7.50738359e-01,
         3.56311858e-01, -5.01521779e-01,  6.53510272e-01,
        -1.77923273e+00,  8.36481945e-01, -1.91394165e-01,
        -5.43807932e-01,  2.20883553e-01, -7.28934107e-02],
       [-1.25655224e+00,  1.10395262e-01,  3.45495187e-01,
         6.45787772e-03, -8.68333367e-02,  1.12303950e+00,
         5.37851484e-01, -7.50738359e-01,  6.79590030e+00,
        -4.83132858e-01, -9.79092529e-01, -1.04165507e+00,
         7.90051052e-01,  2.23448219e-01,  8.74732094e-01,
         2.82473139e-01,  1.23761604e-01,  2.02019278e-01],
       [ 8.19749003e-02,  1.87740928e-02, -4.39917506e-01,
        -1.68479088e-01, -7.00678113e-02,  3.21183058e-02,
        -4.60471240e-01,  3.56311858e-01, -4.83132858e-01,
         5.83508282e-01,  5.98061698e-02,  1.32897760e-01,
        -3.76489412e-01, -8.24297651e-02,  3.11543550e-01,
        -1.16491518e-01,  4.39648584e-02,  1.32709725e-01],
       [ 5.44039471e-02,  1.92744981e-01, -9.13639062e-02,
         8.69158616e-02, -2.27842937e-01, -2.70697424e-01,
        -3.64980752e-01, -5.01521779e-01, -9.79092529e-01,
         5.98061698e-02,  8.31298677e-01,  1.73170497e-02,
         4.15973602e-02, -5.74322727e-01, -8.20308377e-02,
        -5.15597145e-02, -1.81473445e-01,  1.14513510e-01],
       [ 5.59005760e-01, -3.93405808e-02, -1.58154973e-01,
        -4.84895705e-02,  1.70538313e-01, -2.48246063e-01,
         1.31882433e-01,  6.53510272e-01, -1.04165507e+00,
         1.32897760e-01,  1.73170497e-02,  7.96050730e-01,
        -3.77849890e-01,  1.32744638e-01, -3.96935364e-01,
        -8.33169399e-02, -6.67851548e-03, -1.57742062e-01],
       [-4.30875897e-01, -1.10539883e-01,  2.62219366e-01,
         4.53888368e-01, -1.95923613e-01,  1.07810164e-01,
         5.87193720e-01, -1.77923273e+00,  7.90051052e-01,
        -3.76489412e-01,  4.15973602e-02, -3.77849890e-01,
         8.83358833e-01, -5.19943122e-02,  1.19286275e-02,
         3.04824343e-01, -2.22945757e-02, -2.40225966e-02],
       [ 1.07702579e-01, -5.52674612e-01,  1.61821674e-01,
         5.59429160e-02,  4.41768342e-01,  1.97506625e-01,
         9.94849856e-01,  8.36481945e-01,  2.23448219e-01,
        -8.24297651e-02, -5.74322727e-01,  1.32744638e-01,
        -5.19943122e-02,  9.49983722e-01, -5.30285207e-02,
        -1.39572842e-02,  3.16137309e-01, -1.87232865e-01],
       [-3.27099099e-01, -4.28841666e-02, -3.36413752e-01,
        -8.19464519e-02, -1.55219871e-01,  4.20589078e-01,
        -4.25042161e-01, -1.91394165e-01,  8.74732094e-01,
         3.11543550e-01, -8.20308377e-02, -3.96935364e-01,
         1.19286275e-02, -5.30285207e-02,  8.16683840e-01,
        -6.80092075e-03,  7.36957068e-02,  3.31825569e-01],
       [-1.23160510e-01,  3.46310086e-03,  6.63831212e-02,
         1.42424378e-01, -5.75526959e-02,  3.10071149e-02,
         1.43938748e-01, -5.43807932e-01,  2.82473139e-01,
        -1.16491518e-01, -5.15597145e-02, -8.33169399e-02,
         3.04824343e-01, -1.39572842e-02, -6.80092075e-03,
         1.40132269e-01, -6.70512902e-03, -1.25403997e-02],
       [-1.16046862e-02, -1.62803024e-01, -9.39999396e-03,
         4.84774216e-03,  1.29079443e-01,  9.16139654e-02,
         2.41462054e-01,  2.20883553e-01,  1.23761604e-01,
         4.39648584e-02, -1.81473445e-01, -6.67851548e-03,
        -2.22945757e-02,  3.16137309e-01,  7.36957068e-02,
        -6.70512902e-03,  1.42931897e-01, -1.75741443e-02],
       [-1.19047749e-01,  1.33382960e-01, -1.54839165e-01,
        -6.03483069e-02, -1.02358407e-01,  1.04018576e-01,
        -3.32754496e-01, -7.28934107e-02,  2.02019278e-01,
         1.32709725e-01,  1.14513510e-01, -1.57742062e-01,
        -2.40225966e-02, -1.87232865e-01,  3.31825569e-01,
        -1.25403997e-02, -1.75741443e-02,  2.04044670e-01]])
      jac: array([ 5.00577357e-05,  1.69849320e-05,  4.25478171e-05, -1.10809880e-04,
       -8.11591535e-05, -7.80779145e-05,  1.12299059e-05,  8.74189610e-06,
        5.00858614e-06,  3.10806936e-05,  3.31216536e-06,  1.82783418e-05,
        1.38644281e-04,  5.50356057e-05,  5.81157345e-05, -1.20392585e-04,
       -2.62874907e-05,  4.43793150e-06])
  message: 'Desired error not necessarily achieved due to precision loss.'
     nfev: 1510
      nit: 31
     njev: 79
   status: 2
  success: False
        x: array([ 0.73544021, -0.05110531,  0.5207518 ,  0.23247813, -0.97571364,
       -0.87015279,  1.25232845, -1.49974797, -1.1174562 , -1.06584629,
        0.03660127,  0.65972363,  0.13901137,  0.04571312, -0.6836366 ,
        0.08967367,  1.25274079, -0.93269872])
