Program Begingeth
      fun: 0.21554820074386388
 hess_inv: array([[ 4.63279923e+00,  1.66915498e+00, -4.69829379e-01,
         9.74832028e-01,  5.46762916e-01, -1.00420177e+00,
        -8.12554703e-01, -1.55898562e+00, -2.09962355e+00,
        -1.50979425e-01,  5.81672738e-01, -7.82067983e-01,
        -9.60125981e-01, -5.39273567e-01, -3.15721180e-01,
        -1.21446139e-01, -5.16048122e-01,  2.34290339e-01],
       [ 1.66915498e+00,  2.43430930e+00, -1.68995771e-01,
         1.18839386e-01,  8.32511188e-01, -4.02031309e-01,
        -1.07745320e+00,  1.39972537e+00,  2.24292360e-01,
         3.63961448e-01, -1.62272258e-01, -1.10250318e+00,
        -5.37208561e-01, -4.07625996e-01,  3.85760931e-02,
         6.49184040e-02, -2.27707665e-01,  1.92248938e-01],
       [-4.69829379e-01, -1.68995771e-01,  3.93504522e+00,
         4.97696009e-01, -6.21913121e-02,  1.52252530e+00,
         6.69632501e+00, -2.19233398e+00,  4.01746065e+00,
        -2.78546704e-01,  1.54589460e+00, -7.67814932e-01,
         1.70702539e-01, -7.68820963e-02, -4.22426717e-01,
        -1.77990614e-01,  1.47355563e-01, -2.76696269e-01],
       [ 9.74832028e-01,  1.18839386e-01,  4.97696009e-01,
         3.80597244e-01,  6.66383587e-02,  3.81867451e-02,
         1.54437675e+00, -7.40572500e-01, -1.38633550e-01,
        -1.59371880e-01,  3.31089168e-01, -1.38084596e-01,
        -1.46512762e-01, -5.54433840e-02, -1.31907073e-01,
        -6.67382880e-02, -6.98299146e-02, -5.39461430e-03],
       [ 5.46762916e-01,  8.32511188e-01, -6.21913121e-02,
         6.66383587e-02,  3.54029985e-01, -9.66864948e-02,
         1.86662101e-01,  1.00906626e+00, -1.02219405e-01,
         5.54213079e-02, -1.55930312e-01, -3.16215330e-01,
        -1.81360577e-01, -7.75519155e-02,  6.20868231e-02,
         6.77393208e-03, -6.64826798e-02,  7.61344396e-02],
       [-1.00420177e+00, -4.02031309e-01,  1.52252530e+00,
         3.81867451e-02, -9.66864948e-02,  8.03866504e-01,
         3.11662489e+00, -2.01433752e-01,  1.95323333e+00,
        -2.10527760e-01,  3.39728739e-01, -7.87345409e-02,
         2.62475486e-01,  1.04951610e-01, -5.16451020e-02,
        -3.98287075e-02,  1.33347188e-01, -1.41936491e-01],
       [-8.12554703e-01, -1.07745320e+00,  6.69632501e+00,
         1.54437675e+00,  1.86662101e-01,  3.11662489e+00,
         2.13912473e+01, -8.03544201e-01,  5.12118621e+00,
        -1.15274926e+00,  1.36330088e+00, -2.21288485e-01,
         3.42754488e-01,  5.84422530e-01, -2.96147280e-01,
        -4.68506467e-01,  2.75682508e-01, -4.41936414e-01],
       [-1.55898562e+00,  1.39972537e+00, -2.19233398e+00,
        -7.40572500e-01,  1.00906626e+00, -2.01433752e-01,
        -8.03544201e-01,  9.59227809e+00, -1.47184640e+00,
        -2.33674046e-02, -2.13255121e+00, -2.10780764e-02,
         1.74410744e-01,  2.67673526e-01,  1.00967066e+00,
         2.84775291e-01,  4.24143974e-02,  2.71933380e-01],
       [-2.09962355e+00,  2.24292360e-01,  4.01746065e+00,
        -1.38633550e-01, -1.02219405e-01,  1.95323333e+00,
         5.12118621e+00, -1.47184640e+00,  8.92088812e+00,
        -4.10100728e-01,  1.46592880e+00, -8.97950615e-01,
         4.63318644e-01, -3.60234531e-01, -4.53003542e-01,
        -2.21258278e-02,  8.46795856e-02, -4.44638289e-01],
       [-1.50979425e-01,  3.63961448e-01, -2.78546704e-01,
        -1.59371880e-01,  5.54213079e-02, -2.10527760e-01,
        -1.15274926e+00, -2.33674046e-02, -4.10100728e-01,
         1.05694184e+00, -2.10620158e-01, -8.73088868e-02,
        -2.27833145e-01, -6.54334935e-04,  1.10468475e-01,
         2.91956161e-02,  6.77766307e-02,  2.19258014e-01],
       [ 5.81672738e-01, -1.62272258e-01,  1.54589460e+00,
         3.31089168e-01, -1.55930312e-01,  3.39728739e-01,
         1.36330088e+00, -2.13255121e+00,  1.46592880e+00,
        -2.10620158e-01,  1.43938868e+00, -4.42970280e-01,
        -4.35667227e-02, -2.74476801e-01, -4.51970402e-01,
        -1.18854774e-01, -2.22438622e-02, -2.06125741e-01],
       [-7.82067983e-01, -1.10250318e+00, -7.67814932e-01,
        -1.38084596e-01, -3.16215330e-01, -7.87345409e-02,
        -2.21288485e-01, -2.10780764e-02, -8.97950615e-01,
        -8.73088868e-02, -4.42970280e-01,  1.00110048e+00,
         1.92288060e-01,  3.26910275e-01,  7.88589012e-02,
        -4.25276284e-02,  1.21601913e-01, -1.89321890e-03],
       [-9.60125981e-01, -5.37208561e-01,  1.70702539e-01,
        -1.46512762e-01, -1.81360577e-01,  2.62475486e-01,
         3.42754488e-01,  1.74410744e-01,  4.63318644e-01,
        -2.27833145e-01, -4.35667227e-02,  1.92288060e-01,
         3.17251249e-01,  1.23468177e-01,  3.14242955e-02,
         5.14627036e-02,  1.16065897e-01, -1.16131978e-01],
       [-5.39273567e-01, -4.07625996e-01, -7.68820963e-02,
        -5.54433840e-02, -7.75519155e-02,  1.04951610e-01,
         5.84422530e-01,  2.67673526e-01, -3.60234531e-01,
        -6.54334935e-04, -2.74476801e-01,  3.26910275e-01,
         1.23468177e-01,  2.11282627e-01,  9.22659273e-02,
        -9.27492320e-03,  1.08426812e-01,  6.17146530e-03],
       [-3.15721180e-01,  3.85760931e-02, -4.22426717e-01,
        -1.31907073e-01,  6.20868231e-02, -5.16451020e-02,
        -2.96147280e-01,  1.00967066e+00, -4.53003542e-01,
         1.10468475e-01, -4.51970402e-01,  7.88589012e-02,
         3.14242955e-02,  9.22659273e-02,  2.00184184e-01,
         4.96191161e-02,  2.18483240e-02,  8.78022885e-02],
       [-1.21446139e-01,  6.49184040e-02, -1.77990614e-01,
        -6.67382880e-02,  6.77393208e-03, -3.98287075e-02,
        -4.68506467e-01,  2.84775291e-01, -2.21258278e-02,
         2.91956161e-02, -1.18854774e-01, -4.25276284e-02,
         5.14627036e-02, -9.27492320e-03,  4.96191161e-02,
         6.08819679e-02,  5.62094976e-03,  6.97191373e-03],
       [-5.16048122e-01, -2.27707665e-01,  1.47355563e-01,
        -6.98299146e-02, -6.64826798e-02,  1.33347188e-01,
         2.75682508e-01,  4.24143974e-02,  8.46795856e-02,
         6.77766307e-02, -2.22438622e-02,  1.21601913e-01,
         1.16065897e-01,  1.08426812e-01,  2.18483240e-02,
         5.62094976e-03,  1.10959163e-01, -2.27431995e-02],
       [ 2.34290339e-01,  1.92248938e-01, -2.76696269e-01,
        -5.39461430e-03,  7.61344396e-02, -1.41936491e-01,
        -4.41936414e-01,  2.71933380e-01, -4.44638289e-01,
         2.19258014e-01, -2.06125741e-01, -1.89321890e-03,
        -1.16131978e-01,  6.17146530e-03,  8.78022885e-02,
         6.97191373e-03, -2.27431995e-02,  1.16855035e-01]])
      jac: array([ 2.74030798e-05,  6.53828843e-06,  7.36198140e-05, -6.20947738e-05,
       -5.26356736e-05, -1.75668369e-04,  5.69618427e-06,  6.04571948e-06,
        1.11706940e-05,  3.74848301e-06, -1.68524454e-05,  2.61194770e-05,
        5.84869190e-05,  1.74610326e-05,  1.27277263e-04, -5.48381710e-05,
        3.42835020e-05, -6.00206921e-05])
  message: 'Desired error not necessarily achieved due to precision loss.'
     nfev: 2006
      nit: 63
     njev: 105
   status: 2
  success: False
        x: array([-0.60546608, -0.64491715,  0.45686343, -1.12217746, -0.77650212,
        0.06077318, -1.00667268, -1.1584087 , -0.85654238,  0.1273259 ,
        0.62342375,  1.02878799,  0.06605999,  0.27956904, -0.28010348,
        1.30052408, -0.08142828,  0.02493757])
