Program Begingeth
      fun: 0.21330777826890196
 hess_inv: array([[ 9.05733891e-01, -9.07403077e-02,  5.48515415e-02,
         5.47685567e-02,  2.34014294e-01,  5.15317044e-01,
        -4.89524206e-01, -1.40565054e-01,  1.76571437e+00,
         4.59744293e-01,  9.14088555e-01,  8.88794213e-01,
        -3.79259027e-01,  4.23986866e-02,  1.61574872e-02,
         6.30805890e-03, -4.62316948e-02, -2.14096973e-01],
       [-9.07403077e-02,  2.85113277e-01, -3.50218145e-02,
         2.83113146e-02, -1.80297338e-02, -2.65255479e-01,
         2.18984977e-01,  2.34394551e-01, -8.47888079e-01,
         2.25024508e-02, -2.14412762e-01, -3.95515120e-01,
         6.33496520e-02, -8.45449690e-02, -1.35519960e-01,
         2.85396438e-02,  2.58870515e-02, -4.77827444e-02],
       [ 5.48515415e-02, -3.50218145e-02,  2.15774973e-01,
         3.98733026e-02,  1.45593622e-01,  1.55798076e-01,
        -7.57818051e-02,  2.09849950e-01,  6.83095094e-01,
         2.20229399e-01,  3.61620179e-01,  2.82548982e-01,
         1.28406622e-03,  8.07795392e-02, -2.58328399e-02,
         3.81904930e-02,  2.52317865e-02,  2.51437526e-02],
       [ 5.47685567e-02,  2.83113146e-02,  3.98733026e-02,
         3.17936199e-01,  1.03027498e-01,  2.02190072e-01,
         8.12226737e-02, -1.36951135e-01,  1.36448978e+00,
         1.00792519e+00,  3.66281089e-01,  4.73129253e-01,
         1.03336547e-01, -2.39914537e-02, -1.72089523e-02,
         5.35725126e-02, -6.13709840e-02, -3.87773263e-03],
       [ 2.34014294e-01, -1.80297338e-02,  1.45593622e-01,
         1.03027498e-01,  2.58604788e-01,  3.00859555e-01,
        -2.22662377e-01,  2.28514548e-01,  1.45829642e+00,
         5.17873761e-01,  7.75163766e-01,  5.11351546e-01,
        -7.22277046e-02,  7.70993675e-02,  7.13032347e-03,
         2.77192951e-02,  3.05615777e-03, -2.40276146e-02],
       [ 5.15317044e-01, -2.65255479e-01,  1.55798076e-01,
         2.02190072e-01,  3.00859555e-01,  9.31002909e-01,
        -1.11735434e+00, -5.42994488e-01,  3.99779492e+00,
         1.17328779e+00,  1.40591626e+00,  1.72862067e+00,
        -2.00365246e-01,  8.03228493e-02,  1.70855358e-01,
        -1.64220244e-02, -7.17500881e-02, -4.12914982e-02],
       [-4.89524206e-01,  2.18984977e-01, -7.57818051e-02,
         8.12226737e-02, -2.22662377e-01, -1.11735434e+00,
         3.36713244e+00,  6.45704143e-01, -4.83001723e+00,
        -1.14739961e+00, -1.52859424e+00, -2.27067265e+00,
         3.99549235e-01,  2.21994086e-02, -1.75182747e-01,
         1.36760614e-01,  4.54114324e-02,  9.58762789e-02],
       [-1.40565054e-01,  2.34394551e-01,  2.09849950e-01,
        -1.36951135e-01,  2.28514548e-01, -5.42994488e-01,
         6.45704143e-01,  2.23895829e+00, -2.01491040e+00,
        -4.79505916e-01, -2.45165760e-01, -1.14264733e+00,
         1.35977321e-02,  1.15934459e-01, -2.43961196e-01,
         4.98038263e-02,  1.20697569e-01, -1.12783654e-02],
       [ 1.76571437e+00, -8.47888079e-01,  6.83095094e-01,
         1.36448978e+00,  1.45829642e+00,  3.99779492e+00,
        -4.83001723e+00, -2.01491040e+00,  1.95064928e+01,
         6.83879860e+00,  6.38170951e+00,  7.47638846e+00,
        -5.37712986e-01,  2.94083276e-01,  5.96779188e-01,
        -4.01493623e-03, -3.08013766e-01, -1.26103032e-01],
       [ 4.59744293e-01,  2.25024508e-02,  2.20229399e-01,
         1.00792519e+00,  5.17873761e-01,  1.17328779e+00,
        -1.14739961e+00, -4.79505916e-01,  6.83879860e+00,
         3.94582464e+00,  2.03594203e+00,  2.52129874e+00,
         9.40000796e-02, -4.57002603e-02, -1.03028227e-02,
         1.00709002e-01, -1.85302697e-01, -7.75421240e-02],
       [ 9.14088555e-01, -2.14412762e-01,  3.61620179e-01,
         3.66281089e-01,  7.75163766e-01,  1.40591626e+00,
        -1.52859424e+00, -2.45165760e-01,  6.38170951e+00,
         2.03594203e+00,  2.92395349e+00,  2.53840841e+00,
        -3.36298092e-01,  1.76625738e-01,  1.75449023e-01,
         2.24679957e-02, -6.42180552e-02, -9.55849630e-02],
       [ 8.88794213e-01, -3.95515120e-01,  2.82548982e-01,
         4.73129253e-01,  5.11351546e-01,  1.72862067e+00,
        -2.27067265e+00, -1.14264733e+00,  7.47638846e+00,
         2.52129874e+00,  2.53840841e+00,  3.45115035e+00,
        -2.95556355e-01,  5.87859751e-02,  2.48562579e-01,
        -1.20977330e-02, -1.72480057e-01, -9.89349806e-02],
       [-3.79259027e-01,  6.33496520e-02,  1.28406622e-03,
         1.03336547e-01, -7.22277046e-02, -2.00365246e-01,
         3.99549235e-01,  1.35977321e-02, -5.37712986e-01,
         9.40000796e-02, -3.36298092e-01, -2.95556355e-01,
         2.44162146e-01, -2.86694631e-02, -2.78658347e-02,
         4.80031321e-02, -7.19214044e-03,  9.58006507e-02],
       [ 4.23986866e-02, -8.45449690e-02,  8.07795392e-02,
        -2.39914537e-02,  7.70993675e-02,  8.03228493e-02,
         2.21994086e-02,  1.15934459e-01,  2.94083276e-01,
        -4.57002603e-02,  1.76625738e-01,  5.87859751e-02,
        -2.86694631e-02,  8.53976674e-02,  2.99025722e-02,
         4.17603305e-03,  2.95547903e-02,  2.49364720e-02],
       [ 1.61574872e-02, -1.35519960e-01, -2.58328399e-02,
        -1.72089523e-02,  7.13032347e-03,  1.70855358e-01,
        -1.75182747e-01, -2.43961196e-01,  5.96779188e-01,
        -1.03028227e-02,  1.75449023e-01,  2.48562579e-01,
        -2.78658347e-02,  2.99025722e-02,  1.16317474e-01,
        -2.81333391e-02, -1.55109635e-02,  4.57652711e-02],
       [ 6.30805890e-03,  2.85396438e-02,  3.81904930e-02,
         5.35725126e-02,  2.77192951e-02, -1.64220244e-02,
         1.36760614e-01,  4.98038263e-02, -4.01493623e-03,
         1.00709002e-01,  2.24679957e-02, -1.20977330e-02,
         4.80031321e-02,  4.17603305e-03, -2.81333391e-02,
         4.33453482e-02, -3.82403831e-03,  1.08911966e-03],
       [-4.62316948e-02,  2.58870515e-02,  2.52317865e-02,
        -6.13709840e-02,  3.05615777e-03, -7.17500881e-02,
         4.54114324e-02,  1.20697569e-01, -3.08013766e-01,
        -1.85302697e-01, -6.42180552e-02, -1.72480057e-01,
        -7.19214044e-03,  2.95547903e-02, -1.55109635e-02,
        -3.82403831e-03,  4.46533941e-02,  9.48805897e-03],
       [-2.14096973e-01, -4.77827444e-02,  2.51437526e-02,
        -3.87773263e-03, -2.40276146e-02, -4.12914982e-02,
         9.58762789e-02, -1.12783654e-02, -1.26103032e-01,
        -7.75421240e-02, -9.55849630e-02, -9.89349806e-02,
         9.58006507e-02,  2.49364720e-02,  4.57652711e-02,
         1.08911966e-03,  9.48805897e-03,  9.43640906e-02]])
      jac: array([-2.72990889e-05,  1.13954216e-04,  1.22099738e-04,  1.64947130e-04,
       -1.06424129e-04, -4.45378919e-04, -1.41860597e-05,  2.85752903e-06,
        3.33734892e-05, -4.07918144e-05, -9.78661596e-07,  1.28191346e-04,
       -1.34778485e-04,  2.50885239e-04,  3.87493371e-04,  5.04120819e-05,
       -1.27208429e-04, -2.05450471e-04])
  message: 'Desired error not necessarily achieved due to precision loss.'
     nfev: 2842
      nit: 91
     njev: 149
   status: 2
  success: False
        x: array([ 0.07921481,  0.30751865,  0.76286701,  1.64490648, -0.68267592,
       -0.13017872,  2.59184344, -0.38602074,  0.39026516,  2.01038209,
       -0.70731524, -0.68422532,  0.15108083,  0.19129095, -0.28421463,
       -1.21733702, -0.18737822,  0.04939924])
