Program Begingeth
      fun: 0.2135831022270516
 hess_inv: array([[ 2.67361605e+00, -9.03717603e-01, -4.52335417e-01,
         4.98927374e-01, -2.25946131e-01,  7.55973455e-01,
        -4.44100025e-01,  1.51400376e+00,  2.60234742e-01,
        -7.61359515e-01, -4.38706222e-01,  9.97345817e-01,
        -3.99697726e-01,  2.79562689e-01,  3.48249244e-01,
         3.02846977e-02,  1.86334804e-01, -4.87782407e-01],
       [-9.03717603e-01,  2.32790653e+00,  9.27321496e-01,
        -9.23440799e-02,  6.44106375e-01, -2.41697874e-01,
        -1.26142208e+00,  5.50515549e-01,  1.94673858e+00,
         1.69139505e-01, -8.43670658e-03, -1.82732131e+00,
         2.79577979e-01, -3.53421351e-01, -3.05834959e-01,
        -7.29930214e-02,  1.61840659e-02,  6.04342211e-02],
       [-4.52335417e-01,  9.27321496e-01,  1.88721358e+00,
        -3.96830542e-01,  3.11564557e-01,  2.31602096e-01,
        -3.20312341e+00, -2.06387458e+00,  2.13764425e+00,
         2.72731853e-01,  1.05308030e+00, -1.55755255e+00,
         1.13759717e-01, -2.88608907e-01, -4.28384438e-01,
         2.28822649e-01, -1.65410813e-01, -1.02879809e-01],
       [ 4.98927374e-01, -9.23440799e-02, -3.96830542e-01,
         2.51032028e-01, -5.21360048e-02,  4.63186091e-02,
         9.78698114e-01,  9.26376550e-01, -5.59053920e-03,
        -2.31169432e-01, -3.49054800e-01,  2.45301713e-01,
        -1.70600874e-02,  4.24352536e-02,  1.63326026e-01,
        -5.79594290e-02,  5.62586615e-02,  8.85902410e-03],
       [-2.25946131e-01,  6.44106375e-01,  3.11564557e-01,
        -5.21360048e-02,  4.03579677e-01,  3.17528930e-02,
        -2.10231742e+00,  7.92347101e-01,  2.45619644e-01,
         2.71189757e-01, -3.68364148e-02, -4.13221431e-01,
         1.53182920e-01, -1.16169906e-02, -5.29373335e-02,
         3.95694274e-02, -1.35365778e-01, -4.21568560e-02],
       [ 7.55973455e-01, -2.41697874e-01,  2.31602096e-01,
         4.63186091e-02,  3.17528930e-02,  4.32801128e-01,
        -1.73682392e+00,  3.36265035e-01,  6.91962308e-01,
         3.20214596e-02, -6.16618019e-03,  1.24622970e-01,
        -1.49625972e-01,  6.52594480e-02,  1.05483424e-01,
         1.20556661e-02, -6.21892273e-02, -2.11150826e-01],
       [-4.44100025e-01, -1.26142208e+00, -3.20312341e+00,
         9.78698114e-01, -2.10231742e+00, -1.73682392e+00,
         2.61694465e+01, -2.36542988e-01, -3.66285213e+00,
        -2.42289218e+00, -1.35031111e+00,  1.67243263e+00,
        -4.32338810e-01,  1.31047965e-01,  4.74677092e-01,
        -4.94914869e-01,  1.91629073e+00,  1.37219755e+00],
       [ 1.51400376e+00,  5.50515549e-01, -2.06387458e+00,
         9.26376550e-01,  7.92347101e-01,  3.36265035e-01,
        -2.36542988e-01,  1.05308443e+01, -2.06940731e+00,
        -2.12775398e-01, -2.36821679e+00,  1.15965370e+00,
        -2.82759877e-02,  5.77475265e-01,  1.09795874e+00,
        -5.34739929e-01,  2.97088043e-01,  3.29871458e-02],
       [ 2.60234742e-01,  1.94673858e+00,  2.13764425e+00,
        -5.59053920e-03,  2.45619644e-01,  6.91962308e-01,
        -3.66285213e+00, -2.06940731e+00,  8.82939768e+00,
         9.66525328e-02,  8.50192600e-01, -2.38751761e+00,
         1.97558402e-02, -8.90857084e-01, -3.83064161e-01,
        -1.22703058e-01, -3.85236354e-01, -1.55403350e-01],
       [-7.61359515e-01,  1.69139505e-01,  2.72731853e-01,
        -2.31169432e-01,  2.71189757e-01,  3.20214596e-02,
        -2.42289218e+00, -2.12775398e-01,  9.66525328e-02,
         9.59850728e-01,  2.05731594e-01, -2.47011839e-01,
         5.84355989e-02, -6.50642897e-02, -1.00119204e-01,
         2.55032487e-02, -3.24585182e-01, -9.29633779e-02],
       [-4.38706222e-01, -8.43670658e-03,  1.05308030e+00,
        -3.49054800e-01, -3.68364148e-02, -6.16618019e-03,
        -1.35031111e+00, -2.36821679e+00,  8.50192600e-01,
         2.05731594e-01,  1.25594624e+00, -6.93490002e-01,
         5.18878030e-02, -2.50760565e-01, -4.23847263e-01,
         2.38035688e-01, -1.41392142e-01, -1.06449693e-01],
       [ 9.97345817e-01, -1.82732131e+00, -1.55755255e+00,
         2.45301713e-01, -4.13221431e-01,  1.24622970e-01,
         1.67243263e+00,  1.15965370e+00, -2.38751761e+00,
        -2.47011839e-01, -6.93490002e-01,  2.25307710e+00,
        -2.39354227e-01,  5.15702412e-01,  4.07001516e-01,
        -1.61264544e-02,  1.29634347e-01, -3.55712822e-02],
       [-3.99697726e-01,  2.79577979e-01,  1.13759717e-01,
        -1.70600874e-02,  1.53182920e-01, -1.49625972e-01,
        -4.32338810e-01, -2.82759877e-02,  1.97558402e-02,
         5.84355989e-02,  5.18878030e-02, -2.39354227e-01,
         2.10558483e-01, -5.50676586e-02, -6.10991139e-02,
         6.31104108e-02, -1.13600940e-01,  1.14876028e-01],
       [ 2.79562689e-01, -3.53421351e-01, -2.88608907e-01,
         4.24352536e-02, -1.16169906e-02,  6.52594480e-02,
         1.31047965e-01,  5.77475265e-01, -8.90857084e-01,
        -6.50642897e-02, -2.50760565e-01,  5.15702412e-01,
        -5.50676586e-02,  2.09222492e-01,  1.21574125e-01,
         1.75052809e-02,  8.09454482e-02, -1.21107441e-02],
       [ 3.48249244e-01, -3.05834959e-01, -4.28384438e-01,
         1.63326026e-01, -5.29373335e-02,  1.05483424e-01,
         4.74677092e-01,  1.09795874e+00, -3.83064161e-01,
        -1.00119204e-01, -4.23847263e-01,  4.07001516e-01,
        -6.10991139e-02,  1.21574125e-01,  2.48521337e-01,
        -9.62180210e-02,  3.84298151e-02,  4.24572879e-02],
       [ 3.02846977e-02, -7.29930214e-02,  2.28822649e-01,
        -5.79594290e-02,  3.95694274e-02,  1.20556661e-02,
        -4.94914869e-01, -5.34739929e-01, -1.22703058e-01,
         2.55032487e-02,  2.38035688e-01, -1.61264544e-02,
         6.31104108e-02,  1.75052809e-02, -9.62180210e-02,
         1.48764037e-01, -4.88168086e-02, -3.51894861e-02],
       [ 1.86334804e-01,  1.61840659e-02, -1.65410813e-01,
         5.62586615e-02, -1.35365778e-01, -6.21892273e-02,
         1.91629073e+00,  2.97088043e-01, -3.85236354e-01,
        -3.24585182e-01, -1.41392142e-01,  1.29634347e-01,
        -1.13600940e-01,  8.09454482e-02,  3.84298151e-02,
        -4.88168086e-02,  2.95804557e-01,  4.66037988e-02],
       [-4.87782407e-01,  6.04342211e-02, -1.02879809e-01,
         8.85902410e-03, -4.21568560e-02, -2.11150826e-01,
         1.37219755e+00,  3.29871458e-02, -1.55403350e-01,
        -9.29633779e-02, -1.06449693e-01, -3.55712822e-02,
         1.14876028e-01, -1.21107441e-02,  4.24572879e-02,
        -3.51894861e-02,  4.66037988e-02,  2.66820442e-01]])
      jac: array([ 1.71377727e-05, -2.11005287e-05, -2.04632607e-05, -8.81718772e-05,
        4.50715391e-05,  6.20770102e-05,  4.79671858e-06, -9.07792360e-07,
       -4.95233484e-06,  6.23612273e-06, -2.21376621e-05, -8.30409815e-06,
        8.67300676e-05, -7.33404078e-05, -3.18504482e-05, -2.69819352e-05,
        4.16618592e-05, -1.73009755e-06])
  message: 'Desired error not necessarily achieved due to precision loss.'
     nfev: 1967
      nit: 57
     njev: 103
   status: 2
  success: False
        x: array([ 0.26244569, -0.37327833,  0.74768322,  0.75155734, -0.62585281,
        0.04604655,  0.25796274, -1.40134398, -0.63494549,  0.02973258,
        0.75451013,  1.00582434,  0.07958186,  0.15309453, -0.44988742,
       -0.76453566, -0.5289083 , -0.01086924])
