Program Begingeth
      fun: 0.22627921321135627
 hess_inv: array([[ 3.39528337e+00,  1.27486832e+00,  7.38717116e-01,
         7.12439177e-01,  3.87147793e-01, -8.09722192e-01,
         1.15687283e+00, -2.51184967e+00, -4.23818354e-01,
        -6.91025380e-01,  7.46847950e-01, -1.27931936e+00,
        -6.92010537e-01, -4.16712312e-01, -4.75058059e-01,
        -8.18325087e-02, -3.87880594e-01,  4.45317936e-01],
       [ 1.27486832e+00,  2.65924077e+00,  1.11766268e+00,
         1.70345614e-01,  7.77965412e-01, -2.04810982e-01,
         1.86923354e+00,  3.60151127e-01,  2.52819665e+00,
        -7.41034497e-02,  1.47559108e-01, -2.00795725e+00,
        -4.26964355e-01, -4.55793354e-01, -3.10744512e-01,
         6.14254078e-02, -9.21953885e-02,  1.14297293e-01],
       [ 7.38717116e-01,  1.11766268e+00,  2.44182596e+00,
         5.54088637e-01,  3.49442718e-01,  3.95144858e-01,
         4.69612277e+00, -2.93952426e+00,  3.19768478e+00,
        -3.46925113e-01,  1.40596453e+00, -1.67732844e+00,
        -1.79574853e-01, -3.70864791e-01, -5.54869656e-01,
        -2.53017997e-01, -2.02094013e-01, -1.23922130e-01],
       [ 7.12439177e-01,  1.70345614e-01,  5.54088637e-01,
         3.19835755e-01,  7.71272999e-02, -3.74461197e-02,
         1.60116298e+00, -1.28618278e+00,  2.13866256e-01,
        -2.53449664e-01,  4.61395892e-01, -3.17371363e-01,
        -8.53337285e-02, -8.15222410e-02, -2.11890555e-01,
        -7.27790422e-02, -1.00988072e-01, -2.14103105e-03],
       [ 3.87147793e-01,  7.77965412e-01,  3.49442718e-01,
         7.71272999e-02,  4.05254698e-01,  1.15091778e-02,
         1.87925873e+00,  8.65819212e-01,  4.67019260e-01,
        -2.02654054e-01, -3.86530241e-02, -4.73762805e-01,
        -1.88329680e-01, -4.58060603e-02, -4.47082314e-02,
        -3.01009564e-02, -1.03241552e-01,  2.16325656e-02],
       [-8.09722192e-01, -2.04810982e-01,  3.95144858e-01,
        -3.74461197e-02,  1.15091778e-02,  4.49470167e-01,
         1.62687392e+00,  3.20375263e-01,  1.06273968e+00,
        -6.69365503e-02,  4.23465062e-02,  7.56617225e-02,
         1.92535004e-01,  7.21665406e-02,  6.42145172e-02,
        -1.59956164e-02,  9.76086699e-03, -1.77593230e-01],
       [ 1.15687283e+00,  1.86923354e+00,  4.69612277e+00,
         1.60116298e+00,  1.87925873e+00,  1.62687392e+00,
         2.60547657e+01, -1.32112862e+00,  6.15061822e+00,
        -2.38912920e+00,  2.17897138e+00, -2.12855289e+00,
        -5.87799724e-01, -2.99692321e-01, -8.80043004e-01,
        -6.30404722e-01, -1.39356181e+00, -8.41237530e-01],
       [-2.51184967e+00,  3.60151127e-01, -2.93952426e+00,
        -1.28618278e+00,  8.65819212e-01,  3.20375263e-01,
        -1.32112862e+00,  1.35764482e+01, -2.73728984e+00,
         3.10567853e-01, -3.16152400e+00,  1.38949025e+00,
         1.97881779e-01,  7.17795945e-01,  1.45554521e+00,
         5.65327188e-01,  3.24008350e-01,  6.25861968e-02],
       [-4.23818354e-01,  2.52819665e+00,  3.19768478e+00,
         2.13866256e-01,  4.67019260e-01,  1.06273968e+00,
         6.15061822e+00, -2.73728984e+00,  1.10123280e+01,
        -1.59672805e-01,  1.56854215e+00, -2.75249116e+00,
         1.45296497e-03, -9.99531826e-01, -6.80305448e-01,
        -2.18831094e-03, -3.46828006e-01, -3.78629584e-01],
       [-6.91025380e-01, -7.41034497e-02, -3.46925113e-01,
        -2.53449664e-01, -2.02654054e-01, -6.69365503e-02,
        -2.38912920e+00,  3.10567853e-01, -1.59672805e-01,
         8.37840523e-01, -2.80884303e-01,  1.42413767e-01,
         6.64564195e-02,  5.61565308e-02,  1.20554776e-01,
         7.22223931e-02,  2.58071292e-01,  8.88150554e-02],
       [ 7.46847950e-01,  1.47559108e-01,  1.40596453e+00,
         4.61395892e-01, -3.86530241e-02,  4.23465062e-02,
         2.17897138e+00, -3.16152400e+00,  1.56854215e+00,
        -2.80884303e-01,  1.57003693e+00, -8.57395733e-01,
        -1.11446417e-01, -3.55847021e-01, -5.55696857e-01,
        -2.43082300e-01, -1.76109488e-01, -1.39243707e-01],
       [-1.27931936e+00, -2.00795725e+00, -1.67732844e+00,
        -3.17371363e-01, -4.73762805e-01,  7.56617225e-02,
        -2.12855289e+00,  1.38949025e+00, -2.75249116e+00,
         1.42413767e-01, -8.57395733e-01,  2.25629325e+00,
         3.40549198e-01,  5.80247672e-01,  4.25031091e-01,
         1.55823911e-02,  1.73888419e-01, -4.57424648e-02],
       [-6.92010537e-01, -4.26964355e-01, -1.79574853e-01,
        -8.53337285e-02, -1.88329680e-01,  1.92535004e-01,
        -5.87799724e-01,  1.97881779e-01,  1.45296497e-03,
         6.64564195e-02, -1.11446417e-01,  3.40549198e-01,
         2.82522139e-01,  9.94451746e-02,  8.85655024e-02,
         7.60469818e-02,  1.37861653e-01, -1.40262839e-01],
       [-4.16712312e-01, -4.55793354e-01, -3.70864791e-01,
        -8.15222410e-02, -4.58060603e-02,  7.21665406e-02,
        -2.99692321e-01,  7.17795945e-01, -9.99531826e-01,
         5.61565308e-02, -3.55847021e-01,  5.80247672e-01,
         9.94451746e-02,  2.45710806e-01,  1.59990337e-01,
        -1.42905819e-03,  1.00654435e-01, -5.30110077e-03],
       [-4.75058059e-01, -3.10744512e-01, -5.54869656e-01,
        -2.11890555e-01, -4.47082314e-02,  6.42145172e-02,
        -8.80043004e-01,  1.45554521e+00, -6.80305448e-01,
         1.20554776e-01, -5.55696857e-01,  4.25031091e-01,
         8.85655024e-02,  1.59990337e-01,  2.82630525e-01,
         9.54149738e-02,  7.16158828e-02,  5.16901069e-02],
       [-8.18325087e-02,  6.14254078e-02, -2.53017997e-01,
        -7.27790422e-02, -3.01009564e-02, -1.59956164e-02,
        -6.30404722e-01,  5.65327188e-01, -2.18831094e-03,
         7.22223931e-02, -2.43082300e-01,  1.55823911e-02,
         7.60469818e-02, -1.42905819e-03,  9.54149738e-02,
         1.24458739e-01,  5.37633126e-02,  1.35463610e-02],
       [-3.87880594e-01, -9.21953885e-02, -2.02094013e-01,
        -1.00988072e-01, -1.03241552e-01,  9.76086699e-03,
        -1.39356181e+00,  3.24008350e-01, -3.46828006e-01,
         2.58071292e-01, -1.76109488e-01,  1.73888419e-01,
         1.37861653e-01,  1.00654435e-01,  7.16158828e-02,
         5.37633126e-02,  2.07906373e-01, -8.75414756e-03],
       [ 4.45317936e-01,  1.14297293e-01, -1.23922130e-01,
        -2.14103105e-03,  2.16325656e-02, -1.77593230e-01,
        -8.41237530e-01,  6.25861968e-02, -3.78629584e-01,
         8.88150554e-02, -1.39243707e-01, -4.57424648e-02,
        -1.40262839e-01, -5.30110077e-03,  5.16901069e-02,
         1.35463610e-02, -8.75414756e-03,  1.96194449e-01]])
      jac: array([ 7.21274892e-07, -8.25635856e-07, -3.23630012e-07, -1.93548881e-06,
        1.89033974e-06,  1.79948649e-06,  8.43769499e-08, -1.75230201e-07,
       -1.32116540e-07,  5.24765416e-07, -4.73325083e-07, -2.79406128e-08,
        2.54611147e-07, -1.97101594e-06, -1.36871995e-06, -6.97590134e-08,
        1.97175609e-06,  1.87997766e-07])
  message: 'Optimization terminated successfully.'
     nfev: 1387
      nit: 62
     njev: 73
   status: 0
  success: True
        x: array([-0.22653032, -0.43018519,  0.71271952, -0.74480972, -0.6700346 ,
        0.06252225, -0.290194  , -1.37954348, -0.60880183,  0.10149509,
        0.74728367,  1.00808679,  0.04170476,  0.17041603, -0.41577136,
        1.00660741, -0.43844164, -0.00287692])
