Program Begingeth
      fun: 0.2860601197972451
 hess_inv: array([[ 4.65390769e+00,  3.81077615e-01,  1.25105843e+00,
         2.34560233e+00,  1.49730340e-01, -1.41295858e-01,
         5.72069490e+00,  2.99578690e-01, -4.69610889e+00,
         9.03421339e-01,  7.34453145e-01, -3.58872750e-01,
        -1.77182700e-01, -2.62240189e-01, -2.19672106e-01,
         1.75326210e-02, -9.06749986e-02,  7.29534090e-02],
       [ 3.81077615e-01,  1.59786469e+00,  4.83987833e-02,
         2.45969698e-01,  7.86257478e-01, -8.96634835e-02,
         9.10269781e-01,  6.67066319e-01,  9.84962706e-01,
         5.83941646e-01,  4.31415491e-01,  2.75618067e-03,
        -1.65720385e-01,  7.90026106e-03, -1.74418371e-01,
        -8.79181342e-02,  5.28737738e-02,  9.49712327e-03],
       [ 1.25105843e+00,  4.83987833e-02,  1.78507393e+00,
         7.47221630e-01,  3.55331917e-03,  6.30563260e-01,
         2.79424285e+00, -1.39705395e+00, -1.50942248e+00,
         3.19253669e-01,  1.15631537e-01,  1.71100281e-01,
        -6.40438463e-02,  8.98973019e-02, -3.71355885e-03,
        -5.05897313e-02,  5.06421032e-02,  8.03691822e-02],
       [ 2.34560233e+00,  2.45969698e-01,  7.47221630e-01,
         1.21018592e+00,  1.07021249e-01, -2.41302840e-02,
         3.20199052e+00,  7.04215252e-02, -2.29863013e+00,
         4.62017705e-01,  4.19614667e-01, -1.42048019e-01,
        -9.12087861e-02, -1.21144355e-01, -1.28089257e-01,
         9.78735182e-04, -3.51649891e-02,  3.39912447e-02],
       [ 1.49730340e-01,  7.86257478e-01,  3.55331917e-03,
         1.07021249e-01,  4.29023139e-01, -6.73316251e-02,
         8.86821383e-01,  7.27763471e-01,  5.74028762e-01,
         2.79622568e-01,  2.75249338e-01, -1.84523857e-02,
        -1.25188118e-01, -9.69965964e-03, -9.64009834e-02,
        -6.68347839e-02,  7.74326805e-03,  1.22506026e-02],
       [-1.41295858e-01, -8.96634835e-02,  6.30563260e-01,
        -2.41302840e-02, -6.73316251e-02,  3.45820760e-01,
         1.30463561e-02, -9.23783431e-01,  7.84966112e-02,
        -7.29314947e-02, -1.26297489e-01,  1.50058764e-01,
         4.81706131e-02,  1.01410265e-01,  4.95519075e-02,
        -9.14576287e-03,  5.50669786e-02,  1.46252136e-02],
       [ 5.72069490e+00,  9.10269781e-01,  2.79424285e+00,
         3.20199052e+00,  8.86821383e-01,  1.30463561e-02,
         1.76292729e+01,  3.86913999e+00, -5.34545732e+00,
         1.44342618e+00,  2.12344339e+00, -4.26250421e-01,
        -9.70052272e-01, -5.48572483e-01, -4.94147954e-01,
        -3.67092403e-01, -4.48194258e-01,  3.00278173e-01],
       [ 2.99578690e-01,  6.67066319e-01, -1.39705395e+00,
         7.04215252e-02,  7.27763471e-01, -9.23783431e-01,
         3.86913999e+00,  6.79192440e+00,  1.01582277e+00,
         4.61953549e-01,  8.52911209e-01, -9.56813573e-01,
        -5.04010233e-01, -4.00605446e-01, -1.28698807e-01,
        -1.06385943e-01, -2.68435599e-01,  8.32873601e-02],
       [-4.69610889e+00,  9.84962706e-01, -1.50942248e+00,
        -2.29863013e+00,  5.74028762e-01,  7.84966112e-02,
        -5.34545732e+00,  1.01582277e+00,  8.49065112e+00,
        -8.01250591e-01,  3.36821198e-01,  1.27755840e-01,
         1.28371203e-01,  1.52196109e-01, -1.92249848e-02,
        -1.16101881e-01,  1.79046885e-01, -1.75154665e-01],
       [ 9.03421339e-01,  5.83941646e-01,  3.19253669e-01,
         4.62017705e-01,  2.79622568e-01, -7.29314947e-02,
         1.44342618e+00,  4.61953549e-01, -8.01250591e-01,
         1.26153806e+00,  1.67069013e-01, -5.45458917e-02,
        -3.20721990e-01, -2.80915363e-02,  2.20147712e-02,
        -4.08847554e-02,  6.87587746e-03,  2.32286103e-01],
       [ 7.34453145e-01,  4.31415491e-01,  1.15631537e-01,
         4.19614667e-01,  2.75249338e-01, -1.26297489e-01,
         2.12344339e+00,  8.52911209e-01,  3.36821198e-01,
         1.67069013e-01,  9.12112520e-01, -1.64784046e-01,
        -1.18977111e-01, -1.87300303e-01, -2.01789128e-01,
        -7.01243630e-02, -3.56689157e-02, -5.81987032e-02],
       [-3.58872750e-01,  2.75618067e-03,  1.71100281e-01,
        -1.42048019e-01, -1.84523857e-02,  1.50058764e-01,
        -4.26250421e-01, -9.56813573e-01,  1.27755840e-01,
        -5.45458917e-02, -1.64784046e-01,  4.63397481e-01,
         1.25815142e-02,  1.26477830e-01, -2.08267315e-02,
        -4.96024580e-02,  6.49241461e-02,  1.50180762e-02],
       [-1.77182700e-01, -1.65720385e-01, -6.40438463e-02,
        -9.12087861e-02, -1.25188118e-01,  4.81706131e-02,
        -9.70052272e-01, -5.04010233e-01,  1.28371203e-01,
        -3.20721990e-01, -1.18977111e-01,  1.25815142e-02,
         1.66569896e-01,  3.30027865e-02,  8.93839759e-03,
         6.55184627e-02,  3.84195941e-02, -7.70609807e-02],
       [-2.62240189e-01,  7.90026106e-03,  8.98973019e-02,
        -1.21144355e-01, -9.69965964e-03,  1.01410265e-01,
        -5.48572483e-01, -4.00605446e-01,  1.52196109e-01,
        -2.80915363e-02, -1.87300303e-01,  1.26477830e-01,
         3.30027865e-02,  9.81799307e-02,  3.09804197e-02,
         2.65743083e-04,  5.95957613e-02,  9.47388111e-03],
       [-2.19672106e-01, -1.74418371e-01, -3.71355885e-03,
        -1.28089257e-01, -9.64009834e-02,  4.95519075e-02,
        -4.94147954e-01, -1.28698807e-01, -1.92249848e-02,
         2.20147712e-02, -2.01789128e-01, -2.08267315e-02,
         8.93839759e-03,  3.09804197e-02,  9.42186221e-02,
         2.04320080e-02,  2.80448972e-04,  5.20921898e-02],
       [ 1.75326210e-02, -8.79181342e-02, -5.05897313e-02,
         9.78735182e-04, -6.68347839e-02, -9.14576287e-03,
        -3.67092403e-01, -1.06385943e-01, -1.16101881e-01,
        -4.08847554e-02, -7.01243630e-02, -4.96024580e-02,
         6.55184627e-02,  2.65743083e-04,  2.04320080e-02,
         5.61895766e-02,  9.05558927e-03, -1.50649283e-02],
       [-9.06749986e-02,  5.28737738e-02,  5.06421032e-02,
        -3.51649891e-02,  7.74326805e-03,  5.50669786e-02,
        -4.48194258e-01, -2.68435599e-01,  1.79046885e-01,
         6.87587746e-03, -3.56689157e-02,  6.49241461e-02,
         3.84195941e-02,  5.95957613e-02,  2.80448972e-04,
         9.05558927e-03,  6.77691649e-02, -8.97446868e-03],
       [ 7.29534090e-02,  9.49712327e-03,  8.03691822e-02,
         3.39912447e-02,  1.22506026e-02,  1.46252136e-02,
         3.00278173e-01,  8.32873601e-02, -1.75154665e-01,
         2.32286103e-01, -5.81987032e-02,  1.50180762e-02,
        -7.70609807e-02,  9.47388111e-03,  5.20921898e-02,
        -1.50649283e-02, -8.97446868e-03,  9.02594979e-02]])
      jac: array([-4.75915603e-07,  2.25375274e-07, -6.14323407e-08,  1.00808251e-06,
       -4.91088651e-07,  6.37268016e-07,  6.10622664e-08,  3.70074342e-09,
       -5.55111512e-09,  7.14243479e-08,  1.13612823e-07, -2.66453526e-07,
       -9.69594775e-08,  3.26775644e-07, -1.06026299e-06, -1.85407245e-07,
        1.54691075e-07,  8.74855743e-07])
  message: 'Optimization terminated successfully.'
     nfev: 1387
      nit: 62
     njev: 73
   status: 0
  success: True
        x: array([-1.77921046, -1.15445768,  0.63158026, -1.57831301, -1.21289464,
        0.34432074, -0.60342768, -1.59478886,  1.04202157,  0.04594762,
        0.46414355,  1.17075809,  0.12589081,  0.22654874, -0.23810997,
        1.42120334, -0.10413122,  0.015845  ])
