Program Begingeth
      fun: 0.2695578589833028
 hess_inv: array([[ 4.23445159e+00, -2.00155852e+00, -3.31690084e-01,
         1.48837331e+00, -8.38346601e-01,  8.71837602e-01,
         2.61425477e+00,  1.78407421e+00,  2.46354572e+00,
        -5.45439770e-02, -1.11692262e+00,  8.93072664e-01,
        -6.64718244e-01,  4.26554544e-01,  5.03125452e-01,
        -2.97448701e-01,  4.25862097e-01, -1.83029467e-01],
       [-2.00155852e+00,  3.92732067e+00,  1.30626124e+00,
        -6.51920624e-01,  1.61378046e+00, -3.60714715e-03,
        -3.63968703e+00,  6.99747279e-01,  2.90919164e+00,
        -3.98350763e-01,  7.01321462e-01, -1.52585250e+00,
         6.28845302e-01, -4.74040509e-01, -3.29267855e-01,
         1.51345708e-01, -3.32442856e-01,  1.01108849e-01],
       [-3.31690084e-01,  1.30626124e+00,  2.69841538e+00,
        -5.20223438e-01,  4.40901957e-01,  1.03282627e+00,
        -4.39626667e+00, -2.33593587e+00,  4.24867382e+00,
         6.94759351e-02,  1.14056035e+00, -7.83204481e-01,
         1.27032988e-02, -2.46182588e-01, -3.78793064e-01,
         1.54536948e-01, -6.58272151e-02, -2.35100569e-01],
       [ 1.48837331e+00, -6.51920624e-01, -5.20223438e-01,
         6.48957920e-01, -2.72028118e-01,  1.22351338e-01,
         1.91401382e+00,  1.14625444e+00,  4.17883672e-01,
        -9.78422609e-02, -5.72761649e-01,  2.99956795e-01,
        -1.74477945e-01,  1.44354390e-01,  2.49475317e-01,
        -1.24123701e-01,  1.34550691e-01,  1.15834366e-02],
       [-8.38346601e-01,  1.61378046e+00,  4.40901957e-01,
        -2.72028118e-01,  7.68394353e-01, -1.69536969e-02,
        -1.99814316e+00,  1.08832957e+00,  8.62204252e-01,
        -8.86670415e-02,  1.92237093e-01, -5.39418153e-01,
         2.99599627e-01, -1.42083964e-01, -9.65409844e-02,
         9.14200200e-02, -1.62773037e-01,  5.62505599e-02],
       [ 8.71837602e-01, -3.60714715e-03,  1.03282627e+00,
         1.22351338e-01, -1.69536969e-02,  6.99106033e-01,
        -1.51588212e+00, -3.18810019e-01,  2.57897600e+00,
         1.34034448e-01,  1.35977469e-01, -6.18940785e-02,
        -1.88794265e-01,  1.13629238e-02, -4.44092396e-03,
        -2.84349826e-02,  5.03451322e-02, -1.48708882e-01],
       [ 2.61425477e+00, -3.63968703e+00, -4.39626667e+00,
         1.91401382e+00, -1.99814316e+00, -1.51588212e+00,
         1.74072187e+01,  5.63420792e-01, -6.00612098e+00,
        -7.84063742e-01, -1.82791898e+00,  1.23592389e+00,
        -5.92389885e-01,  4.40327644e-01,  7.84684106e-01,
        -5.51936143e-01,  7.76657348e-01,  4.71707616e-01],
       [ 1.78407421e+00,  6.99747279e-01, -2.33593587e+00,
         1.14625444e+00,  1.08832957e+00, -3.18810019e-01,
         5.63420792e-01,  1.19021566e+01, -1.42988005e+00,
         8.03559910e-02, -1.99161770e+00,  2.96161108e-01,
         1.37055011e-01,  4.17792407e-01,  9.38360265e-01,
        -2.87220929e-01, -1.40494546e-02,  3.47044258e-01],
       [ 2.46354572e+00,  2.90919164e+00,  4.24867382e+00,
         4.17883672e-01,  8.62204252e-01,  2.57897600e+00,
        -6.00612098e+00, -1.42988005e+00,  1.51750174e+01,
         4.33421931e-03,  1.03134669e+00, -1.42101031e+00,
        -3.27616161e-01, -6.01194787e-01, -2.64145121e-01,
        -1.72410163e-01, -1.46849267e-01, -4.78696384e-01],
       [-5.45439770e-02, -3.98350763e-01,  6.94759351e-02,
        -9.78422609e-02, -8.86670415e-02,  1.34034448e-01,
        -7.84063742e-01,  8.03559910e-02,  4.33421931e-03,
         7.52053941e-01,  1.42728126e-01,  1.29336509e-01,
        -1.74367592e-01, -2.35112104e-02, -8.12883025e-02,
         1.59100165e-02, -8.98401479e-02, -2.18255443e-01],
       [-1.11692262e+00,  7.01321462e-01,  1.14056035e+00,
        -5.72761649e-01,  1.92237093e-01,  1.35977469e-01,
        -1.82791898e+00, -1.99161770e+00,  1.03134669e+00,
         1.42728126e-01,  1.23472177e+00, -5.27484986e-01,
         9.67041810e-02, -3.18406541e-01, -4.23195965e-01,
         1.53160701e-01, -1.14212235e-01, -1.88101957e-01],
       [ 8.93072664e-01, -1.52585250e+00, -7.83204481e-01,
         2.99956795e-01, -5.39418153e-01, -6.18940785e-02,
         1.23592389e+00,  2.96161108e-01, -1.42101031e+00,
         1.29336509e-01, -5.27484986e-01,  9.54327923e-01,
        -1.91106056e-01,  3.11681758e-01,  1.51793988e-01,
        -7.60092778e-03,  1.64591455e-01,  4.10336590e-03],
       [-6.64718244e-01,  6.28845302e-01,  1.27032988e-02,
        -1.74477945e-01,  2.99599627e-01, -1.88794265e-01,
        -5.92389885e-01,  1.37055011e-01, -3.27616161e-01,
        -1.74367592e-01,  9.67041810e-02, -1.91106056e-01,
         2.59260636e-01, -7.29836690e-02, -5.33749044e-02,
         1.09741166e-01, -1.09939312e-01,  1.02898402e-01],
       [ 4.26554544e-01, -4.74040509e-01, -2.46182588e-01,
         1.44354390e-01, -1.42083964e-01,  1.13629238e-02,
         4.40327644e-01,  4.17792407e-01, -6.01194787e-01,
        -2.35112104e-02, -3.18406541e-01,  3.11681758e-01,
        -7.29836690e-02,  1.77677527e-01,  1.08411769e-01,
        -2.11590996e-02,  1.10756206e-01,  3.35327958e-02],
       [ 5.03125452e-01, -3.29267855e-01, -3.78793064e-01,
         2.49475317e-01, -9.65409844e-02, -4.44092396e-03,
         7.84684106e-01,  9.38360265e-01, -2.64145121e-01,
        -8.12883025e-02, -4.23195965e-01,  1.51793988e-01,
        -5.33749044e-02,  1.08411769e-01,  2.04049432e-01,
        -7.93861114e-02,  5.16114201e-02,  9.37252476e-02],
       [-2.97448701e-01,  1.51345708e-01,  1.54536948e-01,
        -1.24123701e-01,  9.14200200e-02, -2.84349826e-02,
        -5.51936143e-01, -2.87220929e-01, -1.72410163e-01,
         1.59100165e-02,  1.53160701e-01, -7.60092778e-03,
         1.09741166e-01, -2.11590996e-02, -7.93861114e-02,
         1.09021667e-01, -4.78617002e-02, -1.21870958e-03],
       [ 4.25862097e-01, -3.32442856e-01, -6.58272151e-02,
         1.34550691e-01, -1.62773037e-01,  5.03451322e-02,
         7.76657348e-01, -1.40494546e-02, -1.46849267e-01,
        -8.98401479e-02, -1.14212235e-01,  1.64591455e-01,
        -1.09939312e-01,  1.10756206e-01,  5.16114201e-02,
        -4.78617002e-02,  1.53054841e-01,  1.90526277e-03],
       [-1.83029467e-01,  1.01108849e-01, -2.35100569e-01,
         1.15834366e-02,  5.62505599e-02, -1.48708882e-01,
         4.71707616e-01,  3.47044258e-01, -4.78696384e-01,
        -2.18255443e-01, -1.88101957e-01,  4.10336590e-03,
         1.02898402e-01,  3.35327958e-02,  9.37252476e-02,
        -1.21870958e-03,  1.90526277e-03,  1.57930661e-01]])
      jac: array([-1.78105678e-05,  2.58881805e-05,  1.30499315e-05,  2.71571654e-05,
       -6.64942175e-05, -3.34587913e-05, -1.37704663e-06,  5.44564394e-06,
        4.01641683e-06, -1.08783353e-05,  9.12455297e-06,  4.16629694e-06,
       -1.28985711e-05,  5.26800825e-05,  7.00543327e-05,  4.99707683e-05,
       -1.44140255e-05, -6.97482812e-05])
  message: 'Desired error not necessarily achieved due to precision loss.'
     nfev: 2480
      nit: 88
     njev: 130
   status: 2
  success: False
        x: array([ 0.76457417, -0.91363091,  0.63204265,  1.04233941, -1.00815577,
        0.14915464,  0.66832227, -1.6925421 , -0.50852106,  0.0317927 ,
        0.65277137,  1.16149393,  0.01240984,  0.15509897, -0.36040827,
       -0.9998357 , -0.39615944, -0.0347322 ])
