Program Begingeth
      fun: 0.2638998128440914
 hess_inv: array([[ 6.24561076e-01,  3.38647325e-02,  8.46721999e-02,
        -2.77817005e-02,  1.06834786e-01,  2.55227943e-01,
        -1.65209710e+00,  4.27564501e-01,  5.15414213e-01,
         1.88217421e-01, -1.16019690e-01,  2.04209115e-01,
        -1.94348609e-01,  1.16512792e-02,  1.11685646e-03,
         2.91873428e-02, -1.06110245e-01, -1.90789341e-01],
       [ 3.38647325e-02,  9.50271098e-01, -2.24183517e-01,
        -4.64083153e-01,  3.26137180e-02, -1.42668952e-01,
        -4.59118397e-01, -1.97319107e+00, -9.59477489e-02,
        -1.60011586e+00,  1.30116796e-01,  1.24435001e+00,
         2.46169059e-02, -2.57968286e-01, -4.32404047e-01,
         1.59645448e-01, -6.51621022e-03, -1.64357274e-01],
       [ 8.46721999e-02, -2.24183517e-01,  7.26298546e-01,
        -6.73752960e-02, -3.76606660e-01, -1.16857698e-01,
         9.85971814e-01, -2.85883655e-01, -2.74953143e+00,
         1.14910937e-01, -2.01647341e+00, -8.18919811e-01,
        -1.38822770e-01,  2.74315546e-01, -1.99379159e-02,
         7.69564746e-02,  1.30203535e-01,  3.81639773e-02],
       [-2.77817005e-02, -4.64083153e-01, -6.73752960e-02,
         5.12462415e-01,  4.46366659e-02,  3.79905205e-01,
        -1.18895573e-01,  1.30112892e+00,  2.45533289e+00,
         2.12282124e+00,  6.05632765e-01, -2.66554152e-01,
        -5.49413106e-02,  1.13301697e-02,  3.09276717e-01,
        -1.55019954e-01, -2.97123113e-03,  1.76488626e-02],
       [ 1.06834786e-01,  3.26137180e-02, -3.76606660e-01,
         4.46366659e-02,  6.41242685e-01,  1.32868985e-01,
        -2.80612023e+00,  1.41010181e+00,  2.64028868e+00,
        -2.14582548e-01,  2.09722823e+00,  3.75265817e-01,
         2.48256739e-01, -8.14168238e-02,  2.83700582e-02,
         1.52681134e-02, -2.01351686e-01,  4.35813169e-03],
       [ 2.55227943e-01, -1.42668952e-01, -1.16857698e-01,
         3.79905205e-01,  1.32868985e-01,  1.06156455e+00,
        -3.18742856e+00, -2.92805171e-01,  5.66602777e+00,
         3.04220811e+00,  1.19422268e+00,  1.47385158e+00,
        -3.12516126e-01, -7.13379034e-02,  2.42636339e-01,
        -1.74000350e-01, -2.40075282e-02, -2.04429370e-01],
       [-1.65209710e+00, -4.59118397e-01,  9.85971814e-01,
        -1.18895573e-01, -2.80612023e+00, -3.18742856e+00,
         2.88304630e+01, -1.98610832e+00, -2.18060792e+01,
        -5.21948897e+00, -8.93267260e+00, -5.83683149e+00,
        -2.09986006e-01,  4.21651964e-01, -1.66737438e-01,
         1.95982536e-02,  1.27288531e+00,  8.80468448e-01],
       [ 4.27564501e-01, -1.97319107e+00, -2.85883655e-01,
         1.30112892e+00,  1.41010181e+00, -2.92805171e-01,
        -1.98610832e+00,  1.55259720e+01,  8.38900652e-01,
         1.58001773e+00,  2.38789173e+00, -4.98840205e+00,
         5.98892159e-01,  3.40070989e-01,  1.25885157e+00,
        -4.29332708e-01, -4.12101358e-01,  5.39931810e-01],
       [ 5.15414213e-01, -9.59477489e-02, -2.74953143e+00,
         2.45533289e+00,  2.64028868e+00,  5.66602777e+00,
        -2.18060792e+01,  8.38900652e-01,  4.55661746e+01,
         1.52819462e+01,  1.57362330e+01,  8.84096111e+00,
        -4.66070284e-01, -1.49338587e+00,  1.07038724e+00,
        -1.07674601e+00, -8.63676786e-01, -8.82652866e-01],
       [ 1.88217421e-01, -1.60011586e+00,  1.14910937e-01,
         2.12282124e+00, -2.14582548e-01,  3.04220811e+00,
        -5.21948897e+00,  1.58001773e+00,  1.52819462e+01,
         1.28156044e+01,  1.92161249e+00,  1.72467817e+00,
        -1.02746417e+00,  5.57418216e-02,  1.24152299e+00,
        -7.90316703e-01,  2.01084482e-01, -4.32297020e-01],
       [-1.16019690e-01,  1.30116796e-01, -2.01647341e+00,
         6.05632765e-01,  2.09722823e+00,  1.19422268e+00,
        -8.93267260e+00,  2.38789173e+00,  1.57362330e+01,
         1.92161249e+00,  9.55557913e+00,  2.97774872e+00,
         6.41027045e-01, -6.69229296e-01,  2.25307126e-01,
        -2.57732280e-01, -5.90852367e-01, -9.04967161e-02],
       [ 2.04209115e-01,  1.24435001e+00, -8.18919811e-01,
        -2.66554152e-01,  3.75265817e-01,  1.47385158e+00,
        -5.83683149e+00, -4.98840205e+00,  8.84096111e+00,
         1.72467817e+00,  2.97774872e+00,  5.27586515e+00,
        -3.29205575e-01, -4.81513468e-01, -3.18567572e-01,
         1.50874601e-02, -2.97736567e-02, -4.91286218e-01],
       [-1.94348609e-01,  2.46169059e-02, -1.38822770e-01,
        -5.49413106e-02,  2.48256739e-01, -3.12516126e-01,
        -2.09986006e-01,  5.98892159e-01, -4.66070284e-01,
        -1.02746417e+00,  6.41027045e-01, -3.29205575e-01,
         3.37918598e-01, -2.11641435e-02, -4.82007667e-02,
         9.87084111e-02, -1.05588409e-01,  1.39397798e-01],
       [ 1.16512792e-02, -2.57968286e-01,  2.74315546e-01,
         1.13301697e-02, -8.14168238e-02, -7.13379034e-02,
         4.21651964e-01,  3.40070989e-01, -1.49338587e+00,
         5.57418216e-02, -6.69229296e-01, -4.81513468e-01,
        -2.11641435e-02,  2.00262846e-01,  6.82850877e-02,
         1.82072030e-02,  7.11850594e-02,  6.27865498e-02],
       [ 1.11685646e-03, -4.32404047e-01, -1.99379159e-02,
         3.09276717e-01,  2.83700582e-02,  2.42636339e-01,
        -1.66737438e-01,  1.25885157e+00,  1.07038724e+00,
         1.24152299e+00,  2.25307126e-01, -3.18567572e-01,
        -4.82007667e-02,  6.82850877e-02,  2.93835311e-01,
        -1.27590411e-01, -4.59269612e-03,  6.71368669e-02],
       [ 2.91873428e-02,  1.59645448e-01,  7.69564746e-02,
        -1.55019954e-01,  1.52681134e-02, -1.74000350e-01,
         1.95982536e-02, -4.29332708e-01, -1.07674601e+00,
        -7.90316703e-01, -2.57732280e-01,  1.50874601e-02,
         9.87084111e-02,  1.82072030e-02, -1.27590411e-01,
         1.30130295e-01, -2.25360147e-02,  9.19668200e-03],
       [-1.06110245e-01, -6.51621022e-03,  1.30203535e-01,
        -2.97123113e-03, -2.01351686e-01, -2.40075282e-02,
         1.27288531e+00, -4.12101358e-01, -8.63676786e-01,
         2.01084482e-01, -5.90852367e-01, -2.97736567e-02,
        -1.05588409e-01,  7.11850594e-02, -4.59269612e-03,
        -2.25360147e-02,  1.56168006e-01,  1.01157679e-02],
       [-1.90789341e-01, -1.64357274e-01,  3.81639773e-02,
         1.76488626e-02,  4.35813169e-03, -2.04429370e-01,
         8.80468448e-01,  5.39931810e-01, -8.82652866e-01,
        -4.32297020e-01, -9.04967161e-02, -4.91286218e-01,
         1.39397798e-01,  6.27865498e-02,  6.71368669e-02,
         9.19668200e-03,  1.01157679e-02,  1.65755067e-01]])
      jac: array([-1.03731838e-06,  1.22975704e-06, -1.33596837e-06,  2.77407726e-06,
       -1.50065146e-06,  3.22630811e-06, -2.14273044e-07,  4.66293670e-08,
       -2.18343862e-07, -6.15433630e-07,  4.07081776e-07, -7.92329165e-07,
       -2.57756779e-06,  1.88145795e-06, -2.69007039e-06,  1.64683082e-06,
       -1.58539848e-06,  2.66712578e-06])
  message: 'Optimization terminated successfully.'
     nfev: 1558
      nit: 73
     njev: 82
   status: 0
  success: True
        x: array([ 7.07408174e-02,  3.95735985e-01,  8.33332074e-01,  1.04807927e+00,
       -6.83914389e-01,  1.14207804e-01,  5.79268481e-01, -1.47128188e+00,
       -4.01325710e-01,  7.46838433e-01, -8.28968417e-01,  7.72239300e-01,
        5.11873105e-02,  1.27610660e-01, -3.73669911e-01, -1.07008028e+00,
       -4.82913259e-01,  1.29490972e-03])
