Program Begingeth
      fun: 0.30078254212413374
 hess_inv: array([[ 4.37267960e+00,  7.62641128e-01, -7.98127956e-01,
         1.50034714e+00,  4.16943909e-01, -1.31992069e+00,
         6.69279484e-02, -1.10615760e+00, -5.60126549e+00,
        -6.96071077e-02,  9.37142061e-01, -2.12461941e-01,
        -5.52545377e-01, -2.69533361e-01, -4.40826087e-01,
        -3.14153844e-01, -3.29843084e-01,  1.54711370e-01],
       [ 7.62641128e-01,  4.38598983e+00,  1.57649297e+00,
         3.22275996e-01,  1.89846443e+00,  4.87631914e-01,
         4.73052851e+00,  1.20585600e+00,  5.21546006e+00,
         4.71615340e-01,  5.60133984e-01, -1.19588569e+00,
        -4.91244983e-01, -3.54031142e-01, -2.37200323e-01,
        -9.62901696e-02, -2.90657388e-01,  3.03268460e-02],
       [-7.98127956e-01,  1.57649297e+00,  2.70098604e+00,
         7.12201128e-02,  5.48048597e-01,  1.33229719e+00,
         4.03450118e+00, -1.68116865e+00,  5.52938699e+00,
         4.13044708e-02,  7.35600107e-01, -5.76578611e-01,
         1.04618017e-01, -1.40711330e-01, -1.79604588e-01,
        -2.78381935e-02,  2.87257124e-02, -1.84531546e-01],
       [ 1.50034714e+00,  3.22275996e-01,  7.12201128e-02,
         6.11085305e-01,  1.61966064e-01, -2.98237398e-01,
         8.36039024e-01, -7.70991119e-01, -1.50685514e+00,
        -6.68489715e-02,  4.50092538e-01, -6.93293323e-02,
        -1.46650209e-01, -8.93828389e-02, -2.05405434e-01,
        -1.15689233e-01, -9.66534423e-02,  3.62105744e-03],
       [ 4.16943909e-01,  1.89846443e+00,  5.48048597e-01,
         1.61966064e-01,  9.19289235e-01,  1.53602113e-01,
         2.46792295e+00,  1.21733217e+00,  1.85102778e+00,
         1.35781717e-01,  1.58042909e-01, -4.37449115e-01,
        -2.67092644e-01, -1.11814327e-01, -8.26947379e-02,
        -7.88125197e-02, -1.61979357e-01,  2.89815088e-02],
       [-1.31992069e+00,  4.87631914e-01,  1.33229719e+00,
        -2.98237398e-01,  1.53602113e-01,  9.21730633e-01,
         1.93577065e+00, -2.86912363e-01,  3.89399977e+00,
        -6.10009514e-02,  2.44957541e-02, -1.72004621e-01,
         1.91131916e-01,  1.02869616e-02,  5.80882743e-02,
         7.48715034e-02,  6.70924861e-02, -1.06169380e-01],
       [ 6.69279484e-02,  4.73052851e+00,  4.03450118e+00,
         8.36039024e-01,  2.46792295e+00,  1.93577065e+00,
         1.60288086e+01,  1.66702409e+00,  9.07261830e+00,
        -2.43217695e-01,  7.78042102e-01, -7.99029919e-01,
        -4.51251656e-01, -2.14153462e-01, -3.89665668e-01,
        -2.99047920e-01, -5.82246693e-01, -2.78622243e-01],
       [-1.10615760e+00,  1.20585600e+00, -1.68116865e+00,
        -7.70991119e-01,  1.21733217e+00, -2.86912363e-01,
         1.66702409e+00,  9.25433557e+00,  1.80580344e-01,
        -1.31362505e-01, -1.45592145e+00,  1.54105958e-02,
        -3.36865973e-01,  2.42291318e-01,  5.79674257e-01,
         7.61061725e-02, -2.25495613e-01,  2.48539563e-01],
       [-5.60126549e+00,  5.21546006e+00,  5.52938699e+00,
        -1.50685514e+00,  1.85102778e+00,  3.89399977e+00,
         9.07261830e+00,  1.80580344e-01,  2.22204841e+01,
         3.84927527e-01,  2.34949255e-01, -1.59350533e+00,
         4.39462352e-01, -4.05372168e-01,  1.89361761e-01,
         4.17664562e-01, -2.01314749e-03, -3.11309431e-01],
       [-6.96071077e-02,  4.71615340e-01,  4.13044708e-02,
        -6.68489715e-02,  1.35781717e-01, -6.10009514e-02,
        -2.43217695e-01, -1.31362505e-01,  3.84927527e-01,
         7.62955114e-01, -6.47560730e-02, -1.31425136e-01,
        -1.79355772e-01, -1.94800780e-03,  5.56286457e-02,
         8.52812377e-03,  4.83222994e-02,  1.81282700e-01],
       [ 9.37142061e-01,  5.60133984e-01,  7.35600107e-01,
         4.50092538e-01,  1.58042909e-01,  2.44957541e-02,
         7.78042102e-01, -1.45592145e+00,  2.34949255e-01,
        -6.47560730e-02,  1.05364282e+00, -3.07319861e-01,
        -6.19932085e-02, -2.43004492e-01, -3.34433986e-01,
        -1.12238955e-01, -4.84509130e-02, -1.49477776e-01],
       [-2.12461941e-01, -1.19588569e+00, -5.76578611e-01,
        -6.93293323e-02, -4.37449115e-01, -1.72004621e-01,
        -7.99029919e-01,  1.54105958e-02, -1.59350533e+00,
        -1.31425136e-01, -3.07319861e-01,  6.62192017e-01,
         7.84485913e-02,  1.92937552e-01,  4.30443274e-02,
        -3.57114643e-02,  9.13815751e-02,  1.67534328e-02],
       [-5.52545377e-01, -4.91244983e-01,  1.04618017e-01,
        -1.46650209e-01, -2.67092644e-01,  1.91131916e-01,
        -4.51251656e-01, -3.36865973e-01,  4.39462352e-01,
        -1.79355772e-01, -6.19932085e-02,  7.84485913e-02,
         2.25633624e-01,  4.82080554e-02,  3.64126710e-02,
         9.87567506e-02,  1.01994135e-01, -8.72271895e-02],
       [-2.69533361e-01, -3.54031142e-01, -1.40711330e-01,
        -8.93828389e-02, -1.11814327e-01,  1.02869616e-02,
        -2.14153462e-01,  2.42291318e-01, -4.05372168e-01,
        -1.94800780e-03, -2.43004492e-01,  1.92937552e-01,
         4.82080554e-02,  1.29766143e-01,  6.80389445e-02,
         1.23770194e-02,  7.82502227e-02,  2.13965940e-02],
       [-4.40826087e-01, -2.37200323e-01, -1.79604588e-01,
        -2.05405434e-01, -8.26947379e-02,  5.80882743e-02,
        -3.89665668e-01,  5.79674257e-01,  1.89361761e-01,
         5.56286457e-02, -3.34433986e-01,  4.30443274e-02,
         3.64126710e-02,  6.80389445e-02,  1.65229671e-01,
         5.99396043e-02,  2.31690415e-02,  7.65009084e-02],
       [-3.14153844e-01, -9.62901696e-02, -2.78381935e-02,
        -1.15689233e-01, -7.88125197e-02,  7.48715034e-02,
        -2.99047920e-01,  7.61061725e-02,  4.17664562e-01,
         8.52812377e-03, -1.12238955e-01, -3.57114643e-02,
         9.87567506e-02,  1.23770194e-02,  5.99396043e-02,
         9.24647882e-02,  4.22076549e-02, -7.50579757e-03],
       [-3.29843084e-01, -2.90657388e-01,  2.87257124e-02,
        -9.66534423e-02, -1.61979357e-01,  6.70924861e-02,
        -5.82246693e-01, -2.25495613e-01, -2.01314749e-03,
         4.83222994e-02, -4.84509130e-02,  9.13815751e-02,
         1.01994135e-01,  7.82502227e-02,  2.31690415e-02,
         4.22076549e-02,  1.30439231e-01, -1.54180192e-02],
       [ 1.54711370e-01,  3.03268460e-02, -1.84531546e-01,
         3.62105744e-03,  2.89815088e-02, -1.06169380e-01,
        -2.78622243e-01,  2.48539563e-01, -3.11309431e-01,
         1.81282700e-01, -1.49477776e-01,  1.67534328e-02,
        -8.72271895e-02,  2.13965940e-02,  7.65009084e-02,
        -7.50579757e-03, -1.54180192e-02,  1.23610755e-01]])
      jac: array([-1.12317563e-06,  6.79456491e-07,  8.47100168e-07,  4.22883950e-06,
       -1.15241150e-06, -1.43514830e-06,  9.14083624e-08,  3.67483821e-07,
        1.55431223e-08,  2.59200069e-06, -3.62672855e-07,  1.24789068e-06,
        6.87524112e-06, -4.30914563e-06,  7.81560002e-06, -1.06718338e-05,
       -2.33146835e-08, -7.43553367e-06])
  message: 'Desired error not necessarily achieved due to precision loss.'
     nfev: 2140
      nit: 60
     njev: 112
   status: 2
  success: False
        x: array([-0.76114926, -1.1399621 ,  0.61607502, -1.00231563, -1.18747269,
        0.17214925, -0.58045867, -1.9341424 , -0.42721677,  0.07013135,
        0.58270001,  1.18219315,  0.12087723,  0.11359098, -0.3382746 ,
        1.20410612, -0.42104635, -0.03073479])
