Program Begingeth
      fun: 0.2859698688244849
 hess_inv: array([[ 5.06750149e+00,  5.38000655e-01,  1.02068823e+00,
         2.51024659e+00,  2.26486885e-01, -2.83869982e-01,
         6.04271433e+00,  1.00346346e+00, -4.40655168e+00,
         7.92441041e-01,  7.44488506e-01, -6.68802847e-01,
        -1.37909985e-01, -3.21845003e-01, -1.99449456e-01,
         8.55059740e-02, -1.20798708e-01,  8.76059812e-02],
       [ 5.38000655e-01,  1.71800571e+00, -3.34770773e-02,
         3.18935162e-01,  8.39717127e-01, -1.61902319e-01,
         1.10664409e+00,  7.70978831e-01,  1.08791971e+00,
         6.01787065e-01,  4.50344461e-01, -9.23773048e-02,
        -1.77412616e-01, -2.30336503e-03, -1.82699806e-01,
        -9.28352010e-02,  4.63893735e-02,  2.75332956e-02],
       [ 1.02068823e+00, -3.34770773e-02,  1.61307419e+00,
         6.02918273e-01, -4.78412672e-02,  6.16592799e-01,
         2.10048548e+00, -1.40525941e+00, -1.17504365e+00,
         2.45929616e-01, -3.58218676e-02,  1.31917513e-01,
        -2.62829870e-02,  1.01829892e-01,  6.00129939e-02,
        -1.32439326e-02,  4.15848484e-02,  9.71484428e-02],
       [ 2.51024659e+00,  3.18935162e-01,  6.02918273e-01,
         1.26826345e+00,  1.40031034e-01, -9.67347628e-02,
         3.24119604e+00,  3.97895889e-01, -2.07499311e+00,
         3.89474017e-01,  4.10366657e-01, -3.00554961e-01,
        -6.28530023e-02, -1.48537582e-01, -1.11425577e-01,
         3.97245272e-02, -4.94434301e-02,  4.13779976e-02],
       [ 2.26486885e-01,  8.39717127e-01, -4.78412672e-02,
         1.40031034e-01,  4.60832164e-01, -1.15137796e-01,
         1.11189814e+00,  8.72007177e-01,  6.13016953e-01,
         2.96942847e-01,  2.78893784e-01, -8.84750960e-02,
        -1.45248641e-01, -1.77319397e-02, -9.52092675e-02,
        -7.11402269e-02, -4.62114418e-03,  3.09166189e-02],
       [-2.83869982e-01, -1.61902319e-01,  6.16592799e-01,
        -9.67347628e-02, -1.15137796e-01,  3.80930538e-01,
        -4.28893917e-01, -1.12716696e+00,  1.75025212e-01,
        -9.71555518e-02, -1.94541864e-01,  1.95187663e-01,
         7.79140408e-02,  1.21957081e-01,  7.40056290e-02,
         4.93195085e-03,  6.72021343e-02,  1.18702721e-02],
       [ 6.04271433e+00,  1.10664409e+00,  2.10048548e+00,
         3.24119604e+00,  1.11189814e+00, -4.28893917e-01,
         2.01612303e+01,  6.29615432e+00, -4.62639903e+00,
         1.29685055e+00,  2.05166560e+00, -1.23620909e+00,
        -1.16242980e+00, -7.48892655e-01, -3.62040368e-01,
        -3.09723434e-01, -7.28555095e-01,  4.91893548e-01],
       [ 1.00346346e+00,  7.70978831e-01, -1.40525941e+00,
         3.97895889e-01,  8.72007177e-01, -1.12716696e+00,
         6.29615432e+00,  8.41594791e+00,  5.71789424e-01,
         5.65133837e-01,  9.61246296e-01, -1.41777140e+00,
        -6.62816092e-01, -5.07998250e-01, -1.34246749e-01,
        -1.25871970e-01, -3.79590295e-01,  1.72512247e-01],
       [-4.40655168e+00,  1.08791971e+00, -1.17504365e+00,
        -2.07499311e+00,  6.13016953e-01,  1.75025212e-01,
        -4.62639903e+00,  5.71789424e-01,  8.45490206e+00,
        -6.13881188e-01,  5.55935483e-01,  1.63076523e-01,
         1.10033281e-01,  1.73760543e-01, -8.28376898e-02,
        -1.57037145e-01,  2.38171188e-01, -1.86543475e-01],
       [ 7.92441041e-01,  6.01787065e-01,  2.45929616e-01,
         3.89474017e-01,  2.96942847e-01, -9.71555518e-02,
         1.29685055e+00,  5.65133837e-01, -6.13881188e-01,
         1.18132849e+00,  6.36922910e-02, -8.33168956e-02,
        -3.28752514e-01, -6.14227284e-03,  4.48472471e-02,
        -5.65497827e-02,  5.75297661e-03,  2.58997732e-01],
       [ 7.44488506e-01,  4.50344461e-01, -3.58218676e-02,
         4.10366657e-01,  2.78893784e-01, -1.94541864e-01,
         2.05166560e+00,  9.61246296e-01,  5.55935483e-01,
         6.36922910e-02,  9.36969067e-01, -2.87891447e-01,
        -9.34449206e-02, -2.11582518e-01, -2.14514959e-01,
        -5.41046630e-02, -4.50271952e-02, -8.77177908e-02],
       [-6.68802847e-01, -9.23773048e-02,  1.31917513e-01,
        -3.00554961e-01, -8.84750960e-02,  1.95187663e-01,
        -1.23620909e+00, -1.41777140e+00,  1.63076523e-01,
        -8.33168956e-02, -2.87891447e-01,  5.71160643e-01,
         4.84496768e-02,  1.72647461e-01,  6.33680283e-03,
        -4.47533548e-02,  9.06524762e-02,  5.75800419e-03],
       [-1.37909985e-01, -1.77412616e-01, -2.62829870e-02,
        -6.28530023e-02, -1.45248641e-01,  7.79140408e-02,
        -1.16242980e+00, -6.62816092e-01,  1.10033281e-01,
        -3.28752514e-01, -9.34449206e-02,  4.84496768e-02,
         2.01453915e-01,  3.71792136e-02, -2.02205160e-03,
         7.89269000e-02,  5.87849868e-02, -1.00846185e-01],
       [-3.21845003e-01, -2.30336503e-03,  1.01829892e-01,
        -1.48537582e-01, -1.77319397e-02,  1.21957081e-01,
        -7.48892655e-01, -5.07998250e-01,  1.73760543e-01,
        -6.14227284e-03, -2.11582518e-01,  1.72647461e-01,
         3.71792136e-02,  1.16166334e-01,  3.81396845e-02,
        -1.38572791e-03,  7.26284549e-02,  1.36396268e-02],
       [-1.99449456e-01, -1.82699806e-01,  6.00129939e-02,
        -1.11425577e-01, -9.52092675e-02,  7.40056290e-02,
        -3.62040368e-01, -1.34246749e-01, -8.28376898e-02,
         4.48472471e-02, -2.14514959e-01,  6.33680283e-03,
        -2.02205160e-03,  3.81396845e-02,  9.89768264e-02,
         1.47199491e-02, -3.30842795e-05,  6.34175602e-02],
       [ 8.55059740e-02, -9.28352010e-02, -1.32439326e-02,
         3.97245272e-02, -7.11402269e-02,  4.93195085e-03,
        -3.09723434e-01, -1.25871970e-01, -1.57037145e-01,
        -5.65497827e-02, -5.41046630e-02, -4.47533548e-02,
         7.89269000e-02, -1.38572791e-03,  1.47199491e-02,
         6.15124924e-02,  1.40073444e-02, -2.21787735e-02],
       [-1.20798708e-01,  4.63893735e-02,  4.15848484e-02,
        -4.94434301e-02, -4.62114418e-03,  6.72021343e-02,
        -7.28555095e-01, -3.79590295e-01,  2.38171188e-01,
         5.75297661e-03, -4.50271952e-02,  9.06524762e-02,
         5.87849868e-02,  7.26284549e-02, -3.30842795e-05,
         1.40073444e-02,  8.70037160e-02, -1.81027203e-02],
       [ 8.76059812e-02,  2.75332956e-02,  9.71484428e-02,
         4.13779976e-02,  3.09166189e-02,  1.18702721e-02,
         4.91893548e-01,  1.72512247e-01, -1.86543475e-01,
         2.58997732e-01, -8.77177908e-02,  5.75800419e-03,
        -1.00846185e-01,  1.36396268e-02,  6.34175602e-02,
        -2.21787735e-02, -1.81027203e-02,  1.13782943e-01]])
      jac: array([ 3.41615625e-06,  2.86474548e-06,  3.42355773e-06, -7.96585020e-06,
       -5.66842869e-06, -7.51732010e-06,  7.00550729e-07,  3.03460960e-07,
        7.92329165e-07,  1.51397413e-06,  1.53580852e-07,  1.85407245e-06,
        8.04060522e-06,  1.18904886e-06,  8.48765502e-06, -5.95301586e-06,
       -1.74712097e-06, -5.50633613e-06])
  message: 'Optimization terminated successfully.'
     nfev: 1387
      nit: 65
     njev: 73
   status: 0
  success: True
        x: array([-1.70317191, -1.05854975,  0.61821652, -1.51255893, -1.1191625 ,
        0.32955106, -0.48243656, -1.46242496,  1.04948758,  0.06413663,
        0.49342892,  1.18248102,  0.12311017,  0.21399755, -0.252416  ,
        1.37352933, -0.19787169,  0.01271206])
