Program Begingeth
      fun: 0.2476888587441805
 hess_inv: array([[ 7.03033654e+00,  2.58253865e+00, -4.21558680e+00,
         6.94833004e-01,  1.00262369e+00, -2.67438853e+00,
        -7.03496958e+00,  1.65054501e+00, -6.39325745e+00,
        -6.56513958e-01, -7.34010365e-01, -5.93954454e-01,
        -1.53613476e+00, -6.85268163e-01,  6.01714772e-02,
         1.11039505e-01, -9.20756234e-01,  5.53079060e-01],
       [ 2.58253865e+00,  4.13145821e+00, -4.44453220e+00,
        -6.99875167e-01,  1.42388986e+00, -2.14608730e+00,
        -1.02767992e+01,  5.77801341e+00, -4.13840162e+00,
         2.85300130e-01, -1.84914712e+00, -1.02527277e+00,
        -8.45247292e-01, -5.78267892e-01,  5.25627797e-01,
         4.03860141e-01, -4.02549481e-01,  4.26381496e-01],
       [-4.21558680e+00, -4.44453220e+00,  2.08085492e+01,
         3.40617323e+00, -1.48738635e+00,  8.47524417e+00,
         4.22582782e+01, -1.44378438e+01,  2.02148913e+01,
        -3.30341398e-01,  6.79373634e+00, -1.83301432e+00,
         1.44888505e+00,  6.92053812e-01, -1.97017414e+00,
        -1.24093250e+00,  1.16996873e+00, -1.09129102e+00],
       [ 6.94833004e-01, -6.99875167e-01,  3.40617323e+00,
         9.88697812e-01, -1.74568260e-01,  1.21462679e+00,
         8.13991961e+00, -2.91489688e+00,  2.58078701e+00,
        -3.10659119e-01,  1.25764531e+00, -2.96445958e-01,
         2.39662482e-02,  8.25298423e-02, -4.10063951e-01,
        -2.53142555e-01,  6.07705881e-02, -1.31997499e-01],
       [ 1.00262369e+00,  1.42388986e+00, -1.48738635e+00,
        -1.74568260e-01,  5.68468983e-01, -7.05522076e-01,
        -2.97621358e+00,  2.45342547e+00, -1.60953195e+00,
         1.86833233e-03, -6.63326140e-01, -2.98464077e-01,
        -3.08116722e-01, -1.50743035e-01,  2.05718437e-01,
         1.12339833e-01, -1.41899570e-01,  1.59135522e-01],
       [-2.67438853e+00, -2.14608730e+00,  8.47524417e+00,
         1.21462679e+00, -7.05522076e-01,  3.68707364e+00,
         1.74864425e+01, -5.42593296e+00,  8.81468163e+00,
        -1.78859325e-01,  2.56078888e+00, -5.15378334e-01,
         8.29556229e-01,  4.00470910e-01, -7.02759215e-01,
        -4.74659612e-01,  5.65459182e-01, -5.02975295e-01],
       [-7.03496958e+00, -1.02767992e+01,  4.22582782e+01,
         8.13991961e+00, -2.97621358e+00,  1.74864425e+01,
         9.58659209e+01, -2.92380562e+01,  3.95171065e+01,
        -1.60505050e+00,  1.33059152e+01, -2.51262089e+00,
         2.86314438e+00,  1.96000085e+00, -3.91798139e+00,
        -2.76368359e+00,  2.21524699e+00, -2.26585589e+00],
       [ 1.65054501e+00,  5.77801341e+00, -1.44378438e+01,
        -2.91489688e+00,  2.45342547e+00, -5.42593296e+00,
        -2.92380562e+01,  1.96612723e+01, -1.35481384e+01,
         3.22135231e-02, -5.75494690e+00,  2.92864563e-01,
        -8.04008243e-01, -5.11271971e-01,  2.07882424e+00,
         1.10973003e+00, -6.66912249e-01,  8.71962602e-01],
       [-6.39325745e+00, -4.13840162e+00,  2.02148913e+01,
         2.58078701e+00, -1.60953195e+00,  8.81468163e+00,
         3.95171065e+01, -1.35481384e+01,  2.46422554e+01,
        -2.66292448e-01,  6.30612049e+00, -1.74410551e+00,
         1.86354049e+00,  4.99554223e-01, -1.83433554e+00,
        -1.01859727e+00,  1.18458043e+00, -1.26532757e+00],
       [-6.56513958e-01,  2.85300130e-01, -3.30341398e-01,
        -3.10659119e-01,  1.86833233e-03, -1.78859325e-01,
        -1.60505050e+00,  3.22135231e-02, -2.66292448e-01,
         9.86263767e-01, -2.81734727e-01, -3.42437268e-02,
        -1.09796139e-01,  3.54580021e-02,  9.43359434e-02,
         4.53113946e-02,  1.28153683e-01,  1.53925354e-01],
       [-7.34010365e-01, -1.84914712e+00,  6.79373634e+00,
         1.25764531e+00, -6.63326140e-01,  2.56078888e+00,
         1.33059152e+01, -5.75494690e+00,  6.30612049e+00,
        -2.81734727e-01,  3.00034769e+00, -6.11546999e-01,
         3.77474095e-01,  5.37022730e-02, -8.83880410e-01,
        -4.68778816e-01,  2.97035102e-01, -4.42351120e-01],
       [-5.93954454e-01, -1.02527277e+00, -1.83301432e+00,
        -2.96445958e-01, -2.98464077e-01, -5.15378334e-01,
        -2.51262089e+00,  2.92864563e-01, -1.74410551e+00,
        -3.42437268e-02, -6.11546999e-01,  1.14117953e+00,
         1.35605280e-01,  2.71923068e-01,  1.36357660e-01,
         5.80821824e-03,  3.89584263e-02,  2.69115048e-02],
       [-1.53613476e+00, -8.45247292e-01,  1.44888505e+00,
         2.39662482e-02, -3.08116722e-01,  8.29556229e-01,
         2.86314438e+00, -8.04008243e-01,  1.86354049e+00,
        -1.09796139e-01,  3.77474095e-01,  1.35605280e-01,
         4.74591553e-01,  1.79276467e-01, -7.81331426e-02,
        -2.41810673e-02,  2.27666093e-01, -1.99850712e-01],
       [-6.85268163e-01, -5.78267892e-01,  6.92053812e-01,
         8.25298423e-02, -1.50743035e-01,  4.00470910e-01,
         1.96000085e+00, -5.11271971e-01,  4.99554223e-01,
         3.54580021e-02,  5.37022730e-02,  2.71923068e-01,
         1.79276467e-01,  2.19074060e-01, -1.48850881e-02,
        -6.51889056e-02,  1.47296695e-01, -4.32904240e-02],
       [ 6.01714772e-02,  5.25627797e-01, -1.97017414e+00,
        -4.10063951e-01,  2.05718437e-01, -7.02759215e-01,
        -3.91798139e+00,  2.07882424e+00, -1.83433554e+00,
         9.43359434e-02, -8.83880410e-01,  1.36357660e-01,
        -7.81331426e-02, -1.48850881e-02,  3.17657922e-01,
         1.52179938e-01, -7.62514730e-02,  1.45127379e-01],
       [ 1.11039505e-01,  4.03860141e-01, -1.24093250e+00,
        -2.53142555e-01,  1.12339833e-01, -4.74659612e-01,
        -2.76368359e+00,  1.10973003e+00, -1.01859727e+00,
         4.53113946e-02, -4.68778816e-01,  5.80821824e-03,
        -2.41810673e-02, -6.51889056e-02,  1.52179938e-01,
         1.36373457e-01, -5.17736053e-02,  5.75583206e-02],
       [-9.20756234e-01, -4.02549481e-01,  1.16996873e+00,
         6.07705881e-02, -1.41899570e-01,  5.65459182e-01,
         2.21524699e+00, -6.66912249e-01,  1.18458043e+00,
         1.28153683e-01,  2.97035102e-01,  3.89584263e-02,
         2.27666093e-01,  1.47296695e-01, -7.62514730e-02,
        -5.17736053e-02,  1.98471490e-01, -8.75462131e-02],
       [ 5.53079060e-01,  4.26381496e-01, -1.09129102e+00,
        -1.31997499e-01,  1.59135522e-01, -5.02975295e-01,
        -2.26585589e+00,  8.71962602e-01, -1.26532757e+00,
         1.53925354e-01, -4.42351120e-01,  2.69115048e-02,
        -1.99850712e-01, -4.32904240e-02,  1.45127379e-01,
         5.75583206e-02, -8.75462131e-02,  1.57274274e-01]])
      jac: array([-5.65714142e-06, -9.11271059e-06,  1.44959970e-05,  1.66718491e-06,
       -3.48338025e-05, -6.12682127e-05,  9.44503735e-06,  4.99415324e-07,
        9.91984273e-07, -2.99438252e-05, -4.00235400e-05,  8.37515242e-06,
       -5.41000578e-05, -1.70167584e-04,  5.08165732e-05, -2.52642352e-05,
        1.98886278e-04, -1.89792626e-06])
  message: 'Desired error not necessarily achieved due to precision loss.'
     nfev: 1684
      nit: 62
     njev: 88
   status: 2
  success: False
        x: array([-0.51434166, -0.6196441 ,  0.4177047 , -1.06154541, -0.76589185,
        0.02869202, -1.10072029, -1.16025304, -0.85425078,  0.1407016 ,
        0.60126836,  1.06616542,  0.06599183,  0.21402961, -0.3065888 ,
        1.25881171, -0.30165952,  0.02115708])
