Program Begingeth
      fun: 0.22032560536048046
 hess_inv: array([[ 7.62264182e-01, -3.45827658e-02, -2.55122586e-02,
         3.96953371e-02,  8.90495225e-03,  1.19736379e-01,
        -9.79298847e-02,  4.72224792e-01,  1.18062452e-01,
         1.74909234e-01, -1.60549634e-01, -1.14511647e-02,
        -2.97434319e-01,  1.16716619e-02, -2.43361898e-02,
         1.30825537e-02, -2.29139115e-02, -2.03998156e-01],
       [-3.45827658e-02,  3.65243220e-01, -3.32673751e-02,
         1.59206818e-02,  2.76132049e-02, -5.28489075e-01,
        -7.57420309e-01, -5.48293345e-01, -1.25713877e+00,
         3.33564914e-01,  2.08506707e-01, -1.29841365e+00,
         3.06559382e-02, -1.13094298e-01, -1.82282725e-01,
         3.02072176e-02,  2.73455808e-02, -6.43108904e-02],
       [-2.55122586e-02, -3.32673751e-02,  2.10008449e-01,
         3.24755147e-02,  1.23745532e-01,  7.09625563e-02,
         1.69421555e-01,  2.78391943e-01,  1.44227993e-01,
         9.19118420e-02,  2.10911607e-01,  1.77476468e-01,
         5.10568113e-02,  9.08582635e-02, -3.41142687e-02,
         5.64628752e-02,  3.12879676e-02,  4.25806034e-02],
       [ 3.96953371e-02,  1.59206818e-02,  3.24755147e-02,
         2.71227052e-01,  2.18656915e-02, -8.63178998e-02,
         3.28000471e-01, -1.58374841e-01, -2.46050779e-01,
         6.66496529e-01, -3.13919872e-02, -2.25727632e-01,
         1.34159810e-01, -6.22579797e-03, -1.90259861e-02,
         7.55169016e-02, -5.67901107e-02,  1.71212061e-02],
       [ 8.90495225e-03,  2.76132049e-02,  1.23745532e-01,
         2.18656915e-02,  1.73716174e-01,  9.33090201e-03,
         1.54983201e-01,  3.30994422e-01, -7.17684458e-02,
         8.23998653e-02,  3.78335639e-01,  7.53740809e-02,
         1.87744303e-02,  7.35062679e-02, -5.27126242e-02,
         4.36471589e-02,  2.95673221e-02,  1.46253653e-03],
       [ 1.19736379e-01, -5.28489075e-01,  7.09625563e-02,
        -8.63178998e-02,  9.33090201e-03,  1.63644075e+00,
         3.25011233e+00,  2.34620300e+00,  4.27359954e+00,
        -1.37845443e+00, -5.89986206e-01,  4.40210981e+00,
        -8.77128159e-02,  1.83996299e-01,  3.57568478e-01,
        -5.46569549e-02, -2.34921795e-02,  4.26575976e-02],
       [-9.79298847e-02, -7.57420309e-01,  1.69421555e-01,
         3.28000471e-01,  1.54983201e-01,  3.25011233e+00,
         9.74330869e+00,  4.62650328e+00,  9.20876024e+00,
        -2.39368695e+00, -9.47805734e-01,  9.46448338e+00,
         2.75772195e-01,  2.68895823e-01,  5.07308244e-01,
         5.64973844e-02, -1.35573048e-01,  1.05649555e-01],
       [ 4.72224792e-01, -5.48293345e-01,  2.78391943e-01,
        -1.58374841e-01,  3.30994422e-01,  2.34620300e+00,
         4.62650328e+00,  4.99328305e+00,  5.90831869e+00,
        -1.91871787e+00, -4.04472864e-01,  6.28957106e+00,
        -2.60084983e-01,  3.16747377e-01,  4.00210600e-01,
        -2.95382056e-02,  1.55153062e-02, -2.83672547e-02],
       [ 1.18062452e-01, -1.25713877e+00,  1.44227993e-01,
        -2.46050779e-01, -7.17684458e-02,  4.27359954e+00,
         9.20876024e+00,  5.90831869e+00,  1.23515863e+01,
        -4.09347695e+00, -1.69258078e+00,  1.15746654e+01,
        -8.85160475e-02,  3.30741761e-01,  8.39573566e-01,
        -1.19041220e-01, -1.27454990e-01,  8.76707793e-02],
       [ 1.74909234e-01,  3.33564914e-01,  9.19118420e-02,
         6.66496529e-01,  8.23998653e-02, -1.37845443e+00,
        -2.39368695e+00, -1.91871787e+00, -4.09347695e+00,
         2.86621953e+00,  3.93190210e-01, -3.91086043e+00,
         2.47617625e-01, -6.41403583e-02, -2.58824757e-01,
         1.90950592e-01, -7.65689942e-02,  1.12505563e-04],
       [-1.60549634e-01,  2.08506707e-01,  2.10911607e-01,
        -3.13919872e-02,  3.78335639e-01, -5.89986206e-01,
        -9.47805734e-01, -4.04472864e-01, -1.69258078e+00,
         3.93190210e-01,  1.26776313e+00, -1.42221339e+00,
         5.84290531e-02,  9.14046349e-02, -2.42589965e-01,
         7.37096064e-02,  8.52794580e-02,  2.06383694e-03],
       [-1.14511647e-02, -1.29841365e+00,  1.77476468e-01,
        -2.25727632e-01,  7.53740809e-02,  4.40210981e+00,
         9.46448338e+00,  6.28957106e+00,  1.15746654e+01,
        -3.91086043e+00, -1.42221339e+00,  1.22379946e+01,
        -8.53822709e-02,  4.75687969e-01,  9.05337248e-01,
        -1.32372735e-01, -3.94657877e-02,  1.56839621e-01],
       [-2.97434319e-01,  3.06559382e-02,  5.10568113e-02,
         1.34159810e-01,  1.87744303e-02, -8.77128159e-02,
         2.75772195e-01, -2.60084983e-01, -8.85160475e-02,
         2.47617625e-01,  5.84290531e-02, -8.53822709e-02,
         2.27073089e-01, -8.16791481e-03, -1.20062086e-02,
         6.38025623e-02, -2.53647861e-02,  9.67707024e-02],
       [ 1.16716619e-02, -1.13094298e-01,  9.08582635e-02,
        -6.22579797e-03,  7.35062679e-02,  1.83996299e-01,
         2.68895823e-01,  3.16747377e-01,  3.30741761e-01,
        -6.41403583e-02,  9.14046349e-02,  4.75687969e-01,
        -8.16791481e-03,  1.02500425e-01,  3.72560943e-02,
         1.07348147e-02,  3.39815852e-02,  2.97392409e-02],
       [-2.43361898e-02, -1.82282725e-01, -3.41142687e-02,
        -1.90259861e-02, -5.27126242e-02,  3.57568478e-01,
         5.07308244e-01,  4.00210600e-01,  8.39573566e-01,
        -2.58824757e-01, -2.42589965e-01,  9.05337248e-01,
        -1.20062086e-02,  3.72560943e-02,  1.51616137e-01,
        -3.60771843e-02, -1.92047239e-02,  5.54425482e-02],
       [ 1.30825537e-02,  3.02072176e-02,  5.64628752e-02,
         7.55169016e-02,  4.36471589e-02, -5.46569549e-02,
         5.64973844e-02, -2.95382056e-02, -1.19041220e-01,
         1.90950592e-01,  7.37096064e-02, -1.32372735e-01,
         6.38025623e-02,  1.07348147e-02, -3.60771843e-02,
         5.92249489e-02, -7.18489713e-03,  4.79659706e-03],
       [-2.29139115e-02,  2.73455808e-02,  3.12879676e-02,
        -5.67901107e-02,  2.95673221e-02, -2.34921795e-02,
        -1.35573048e-01,  1.55153062e-02, -1.27454990e-01,
        -7.65689942e-02,  8.52794580e-02, -3.94657877e-02,
        -2.53647861e-02,  3.39815852e-02, -1.92047239e-02,
        -7.18489713e-03,  5.13279952e-02,  6.45634829e-04],
       [-2.03998156e-01, -6.43108904e-02,  4.25806034e-02,
         1.71212061e-02,  1.46253653e-03,  4.26575976e-02,
         1.05649555e-01, -2.83672547e-02,  8.76707793e-02,
         1.12505563e-04,  2.06383694e-03,  1.56839621e-01,
         9.67707024e-02,  2.97392409e-02,  5.54425482e-02,
         4.79659706e-03,  6.45634829e-04,  9.93409340e-02]])
      jac: array([-7.51991062e-05, -4.66241860e-05, -2.55171810e-05,  1.21218036e-04,
        1.27795367e-04,  1.48145015e-04, -2.73910524e-06, -1.27492461e-05,
       -1.65706338e-05, -2.86951944e-05, -2.99020068e-05, -3.32687581e-05,
       -1.39352048e-04, -1.31855638e-04, -7.53280771e-05,  1.05907690e-04,
        7.27264545e-05,  2.03281836e-05])
  message: 'Desired error not necessarily achieved due to precision loss.'
     nfev: 2575
      nit: 80
     njev: 135
   status: 2
  success: False
        x: array([ 0.10475802,  0.28049739,  0.81529749,  1.60697824, -0.72427037,
        0.01283189,  2.28426973, -0.77425945, -1.01138074,  2.15279285,
       -0.60242908,  0.32170531,  0.16544424,  0.20640433, -0.29225123,
       -1.13895337, -0.15713423,  0.048822  ])
