Program Begingeth
      fun: 0.26239685453942707
 hess_inv: array([[ 8.63743026e+00,  1.70185342e+00, -2.65216293e+00,
         1.63130184e+00,  1.04893992e+00, -1.49247942e+00,
        -3.94069426e-01,  8.44488411e-01, -4.30468962e+00,
        -9.67344861e-01, -7.12301047e-01, -2.35762469e-01,
        -1.82605445e+00, -2.60189828e-01,  1.72354160e-01,
        -1.28237639e-01, -9.76353946e-01,  2.89788418e-01],
       [ 1.70185342e+00,  3.48887343e+00, -5.82899540e-01,
        -2.19957097e-02,  1.20996328e+00, -2.75002302e-01,
        -1.58980825e+00,  2.79036362e+00,  1.38572694e-02,
        -2.04733617e-01, -5.20213092e-01, -1.19451057e+00,
        -4.66197099e-01, -4.66534979e-01,  2.98081050e-01,
         1.59364183e-01, -1.99471633e-01,  9.11433661e-02],
       [-2.65216293e+00, -5.82899540e-01,  1.40444361e+01,
         1.28631087e+00, -7.28266888e-01,  4.60716025e+00,
         1.67678917e+01, -5.29155009e+00,  6.96855412e+00,
         7.31274379e-01,  4.06969652e+00, -2.05402930e+00,
         1.01398673e+00, -4.60488595e-01, -1.25622971e+00,
        -1.00901125e-01,  7.80863040e-01,  3.26419356e-02],
       [ 1.63130184e+00, -2.19957097e-02,  1.28631087e+00,
         6.72687787e-01,  5.66909743e-02,  3.08550904e-01,
         2.99452941e+00, -6.63625182e-01, -2.55273562e-01,
        -1.38389465e-01,  3.27192476e-01, -1.54816960e-01,
        -2.18362751e-01, -1.98658884e-02, -1.25163662e-01,
        -4.78727146e-02, -8.20075900e-02,  7.08849105e-02],
       [ 1.04893992e+00,  1.20996328e+00, -7.28266888e-01,
         5.66909743e-02,  5.12048124e-01, -2.69818418e-01,
        -8.17472221e-01,  1.48758087e+00, -4.49610750e-01,
        -2.10784936e-01, -3.46768607e-01, -2.79339919e-01,
        -2.52946089e-01, -1.09012708e-01,  1.60564342e-01,
         3.70006823e-02, -1.24445252e-01,  4.59833072e-02],
       [-1.49247942e+00, -2.75002302e-01,  4.60716025e+00,
         3.08550904e-01, -2.69818418e-01,  1.63603843e+00,
         5.63475519e+00, -1.42595832e+00,  2.74306265e+00,
         1.74789869e-01,  1.19660952e+00, -5.99726596e-01,
         5.00984815e-01, -9.36604918e-02, -3.49711353e-01,
        -8.53214938e-03,  3.17664759e-01, -8.58692531e-03],
       [-3.94069426e-01, -1.58980825e+00,  1.67678917e+01,
         2.99452941e+00, -8.17472221e-01,  5.63475519e+00,
         2.82203989e+01, -6.35013146e+00,  6.36109023e+00,
         5.48680461e-01,  3.94677845e+00, -1.70817359e+00,
         9.46918127e-01,  9.15805669e-03, -1.25529219e+00,
        -2.27018609e-01,  8.35326440e-01,  2.29707377e-01],
       [ 8.44488411e-01,  2.79036362e+00, -5.29155009e+00,
        -6.63625182e-01,  1.48758087e+00, -1.42595832e+00,
        -6.35013146e+00,  8.58121302e+00, -1.79185446e+00,
        -1.10228816e+00, -1.86401248e+00, -5.69204354e-02,
        -1.82926697e-01, -5.57213059e-02,  9.11138285e-01,
         2.23665931e-01, -2.79901534e-01, -1.51215859e-02],
       [-4.30468962e+00,  1.38572694e-02,  6.96855412e+00,
        -2.55273562e-01, -4.49610750e-01,  2.74306265e+00,
         6.36109023e+00, -1.79185446e+00,  7.46943644e+00,
         2.29694853e-01,  1.94961614e+00, -1.00506633e+00,
         1.09765121e+00, -3.72055900e-01, -5.92680094e-01,
         6.67017296e-02,  5.46595324e-01, -1.93821766e-01],
       [-9.67344861e-01, -2.04733617e-01,  7.31274379e-01,
        -1.38389465e-01, -2.10784936e-01,  1.74789869e-01,
         5.48680461e-01, -1.10228816e+00,  2.29694853e-01,
         1.06311369e+00,  1.14737638e-01, -6.55275299e-03,
        -9.53284552e-03,  5.20254401e-02, -3.38781547e-02,
        -6.10316495e-03,  1.77353073e-01,  1.57562400e-01],
       [-7.12301047e-01, -5.20213092e-01,  4.06969652e+00,
         3.27192476e-01, -3.46768607e-01,  1.19660952e+00,
         3.94677845e+00, -1.86401248e+00,  1.94961614e+00,
         1.14737638e-01,  1.91277678e+00, -5.94037699e-01,
         2.80684642e-01, -2.87260244e-01, -5.93804561e-01,
        -6.83143502e-02,  1.91412459e-01, -1.28639719e-01],
       [-2.35762469e-01, -1.19451057e+00, -2.05402930e+00,
        -1.54816960e-01, -2.79339919e-01, -5.99726596e-01,
        -1.70817359e+00, -5.69204354e-02, -1.00506633e+00,
        -6.55275299e-03, -5.94037699e-01,  1.09517370e+00,
         7.36355780e-03,  3.57548579e-01,  8.09462990e-02,
        -7.67997752e-02,  7.35500020e-03, -6.62258532e-03],
       [-1.82605445e+00, -4.66197099e-01,  1.01398673e+00,
        -2.18362751e-01, -2.52946089e-01,  5.00984815e-01,
         9.46918127e-01, -1.82926697e-01,  1.09765121e+00,
        -9.53284552e-03,  2.80684642e-01,  7.36355780e-03,
         5.20835178e-01,  6.19987545e-02, -7.51992870e-02,
         5.70862915e-02,  2.37918634e-01, -1.05718582e-01],
       [-2.60189828e-01, -4.66534979e-01, -4.60488595e-01,
        -1.98658884e-02, -1.09012708e-01, -9.36604918e-02,
         9.15805669e-03, -5.57213059e-02, -3.72055900e-01,
         5.20254401e-02, -2.87260244e-01,  3.57548579e-01,
         6.19987545e-02,  1.96588479e-01,  6.40337319e-02,
        -2.07627539e-02,  6.12202502e-02,  2.78136433e-02],
       [ 1.72354160e-01,  2.98081050e-01, -1.25622971e+00,
        -1.25163662e-01,  1.60564342e-01, -3.49711353e-01,
        -1.25529219e+00,  9.11138285e-01, -5.92680094e-01,
        -3.38781547e-02, -5.93804561e-01,  8.09462990e-02,
        -7.51992870e-02,  6.40337319e-02,  2.38727870e-01,
         4.03395104e-02, -5.79257323e-02,  5.81710019e-02],
       [-1.28237639e-01,  1.59364183e-01, -1.00901125e-01,
        -4.78727146e-02,  3.70006823e-02, -8.53214938e-03,
        -2.27018609e-01,  2.23665931e-01,  6.67017296e-02,
        -6.10316495e-03, -6.83143502e-02, -7.67997752e-02,
         5.70862915e-02, -2.07627539e-02,  4.03395104e-02,
         5.20006589e-02,  1.23825104e-02, -7.82344095e-03],
       [-9.76353946e-01, -1.99471633e-01,  7.80863040e-01,
        -8.20075900e-02, -1.24445252e-01,  3.17664759e-01,
         8.35326440e-01, -2.79901534e-01,  5.46595324e-01,
         1.77353073e-01,  1.91412459e-01,  7.35500020e-03,
         2.37918634e-01,  6.12202502e-02, -5.79257323e-02,
         1.23825104e-02,  1.77528299e-01, -1.40258999e-02],
       [ 2.89788418e-01,  9.11433661e-02,  3.26419356e-02,
         7.08849105e-02,  4.59833072e-02, -8.58692531e-03,
         2.29707377e-01, -1.51215859e-02, -1.93821766e-01,
         1.57562400e-01, -1.28639719e-01, -6.62258532e-03,
        -1.05718582e-01,  2.78136433e-02,  5.81710019e-02,
        -7.82344095e-03, -1.40258999e-02,  9.37503014e-02]])
      jac: array([ 1.38999923e-06,  2.45137244e-06, -2.52686760e-06, -2.15050200e-06,
       -3.49868283e-06,  5.85050527e-06,  2.00580293e-07, -7.40148683e-10,
       -2.31296463e-07,  1.29711057e-06,  1.32227562e-06, -7.51991062e-07,
        5.24876439e-06,  4.55006403e-06, -4.04380233e-06, -4.61260659e-06,
       -5.80831679e-06,  3.60267371e-06])
  message: 'Optimization terminated successfully.'
     nfev: 1653
      nit: 73
     njev: 87
   status: 0
  success: True
        x: array([-0.5533636 , -0.67241816,  0.1560432 , -1.19062031, -0.79298399,
       -0.05192057, -1.57129339, -1.08004459, -1.00088825,  0.13977338,
        0.50415713,  1.08310256,  0.06018205,  0.20604466, -0.26688101,
        1.35887172, -0.31985165,  0.02823273])
