Program Begingeth
      fun: 0.2347410762374555
 hess_inv: array([[ 4.25032436e+00,  1.45008071e+00, -9.41289976e-02,
         1.11955949e+00,  5.36208362e-01, -8.52266343e-01,
         1.25654801e+00, -1.66495101e+00, -1.91093947e+00,
        -4.04040703e-01,  7.05802247e-01, -7.96663299e-01,
        -7.62116376e-01, -4.68848630e-01, -3.66359496e-01,
        -1.54569185e-01, -4.94731607e-01,  1.85008268e-01],
       [ 1.45008071e+00,  2.34951804e+00,  4.55495907e-02,
         1.43524229e-01,  8.48460744e-01, -3.33097130e-01,
        -3.09474978e-01,  1.48137488e+00,  5.70310068e-01,
         2.80638707e-01, -7.44733448e-02, -1.09082949e+00,
        -4.55100018e-01, -3.52704424e-01, -3.67171304e-02,
         6.48007596e-02, -1.88789638e-01,  1.52456823e-01],
       [-9.41289976e-02,  4.55495907e-02,  4.43292875e+00,
         7.68100794e-01,  5.44540266e-03,  1.75307134e+00,
         8.67450766e+00, -3.57375667e+00,  5.60200843e+00,
        -3.02023402e-01,  1.79358605e+00, -8.22633287e-01,
         7.90303387e-02, -1.08501305e-01, -5.61529826e-01,
        -2.79715023e-01,  7.81174198e-02, -3.67707723e-01],
       [ 1.11955949e+00,  1.43524229e-01,  7.68100794e-01,
         5.21623411e-01,  8.01934477e-02,  1.19269391e-01,
         2.52323702e+00, -1.22242378e+00,  2.66362933e-01,
        -2.53164637e-01,  5.02934590e-01, -2.00928614e-01,
        -1.35887357e-01, -8.01933378e-02, -2.05319517e-01,
        -9.97130603e-02, -1.00718410e-01, -4.57957814e-02],
       [ 5.36208362e-01,  8.48460744e-01,  5.44540266e-03,
         8.01934477e-02,  3.93504972e-01, -8.32251573e-02,
         4.66761298e-01,  1.21107850e+00, -5.54644245e-03,
         1.74750862e-02, -1.16893853e-01, -3.24447509e-01,
        -1.76429133e-01, -6.93103450e-02,  3.82879514e-02,
         3.79515891e-03, -7.11102574e-02,  7.00718255e-02],
       [-8.52266343e-01, -3.33097130e-01,  1.75307134e+00,
         1.19269391e-01, -8.32251573e-02,  9.29711115e-01,
         3.71030471e+00, -7.26168660e-01,  2.73650389e+00,
        -1.85998813e-01,  4.65030535e-01, -9.02071644e-02,
         2.09390901e-01,  7.83811541e-02, -1.03136007e-01,
        -7.15763345e-02,  1.03089970e-01, -1.83642359e-01],
       [ 1.25654801e+00, -3.09474978e-01,  8.67450766e+00,
         2.52323702e+00,  4.66761298e-01,  3.71030471e+00,
         2.70865273e+01, -4.44206036e+00,  9.60772638e+00,
        -1.60872342e+00,  2.87880125e+00, -8.22409967e-01,
        -2.66070011e-02,  1.45708398e-01, -9.25485389e-01,
        -7.24381216e-01, -1.78205133e-01, -7.68368862e-01],
       [-1.66495101e+00,  1.48137488e+00, -3.57375667e+00,
        -1.22242378e+00,  1.21107850e+00, -7.26168660e-01,
        -4.44206036e+00,  1.31788314e+01, -3.51298699e+00,
         1.28334303e-01, -2.73855563e+00,  2.49465682e-01,
         6.49693966e-02,  3.31949366e-01,  1.28439933e+00,
         4.43755832e-01,  4.10809803e-02,  4.75407539e-01],
       [-1.91093947e+00,  5.70310068e-01,  5.60200843e+00,
         2.66362933e-01, -5.54644245e-03,  2.73650389e+00,
         9.60772638e+00, -3.51298699e+00,  1.26840795e+01,
        -2.86611958e-01,  2.01305205e+00, -1.12196178e+00,
         3.65308361e-01, -4.10898408e-01, -6.64082907e-01,
        -1.37974397e-01,  4.77735473e-02, -6.10392849e-01],
       [-4.04040703e-01,  2.80638707e-01, -3.02023402e-01,
        -2.53164637e-01,  1.74750862e-02, -1.85998813e-01,
        -1.60872342e+00,  1.28334303e-01, -2.86611958e-01,
         9.36933625e-01, -2.83555944e-01, -7.45206071e-02,
        -1.37388152e-01,  3.38246378e-02,  1.17032520e-01,
         5.90527711e-02,  1.11560859e-01,  1.96231353e-01],
       [ 7.05802247e-01, -7.44733448e-02,  1.79358605e+00,
         5.02934590e-01, -1.16893853e-01,  4.65030535e-01,
         2.87880125e+00, -2.73855563e+00,  2.01305205e+00,
        -2.83555944e-01,  1.49238343e+00, -4.62573507e-01,
        -5.47216555e-02, -2.69461044e-01, -4.89236904e-01,
        -1.79758182e-01, -5.47206693e-02, -2.39766053e-01],
       [-7.96663299e-01, -1.09082949e+00, -8.22633287e-01,
        -2.00928614e-01, -3.24447509e-01, -9.02071644e-02,
        -8.22409967e-01,  2.49465682e-01, -1.12196178e+00,
        -7.45206071e-02, -4.62573507e-01,  9.67810345e-01,
         1.87662819e-01,  2.96100273e-01,  1.26150980e-01,
        -2.25995902e-02,  1.14219244e-01,  1.35802491e-02],
       [-7.62116376e-01, -4.55100018e-01,  7.90303387e-02,
        -1.35887357e-01, -1.76429133e-01,  2.09390901e-01,
        -2.66070011e-02,  6.49693966e-02,  3.65308361e-01,
        -1.37388152e-01, -5.47216555e-02,  1.87662819e-01,
         2.56252346e-01,  9.82668708e-02,  3.60678949e-02,
         5.98127413e-02,  1.06297470e-01, -1.00676048e-01],
       [-4.68848630e-01, -3.52704424e-01, -1.08501305e-01,
        -8.01933378e-02, -6.93103450e-02,  7.83811541e-02,
         1.45708398e-01,  3.31949366e-01, -4.10898408e-01,
         3.38246378e-02, -2.69461044e-01,  2.96100273e-01,
         9.82668708e-02,  1.91013615e-01,  9.65572171e-02,
         6.84199882e-04,  1.05176861e-01,  1.51713393e-02],
       [-3.66359496e-01, -3.67171304e-02, -5.61529826e-01,
        -2.05319517e-01,  3.82879514e-02, -1.03136007e-01,
        -9.25485389e-01,  1.28439933e+00, -6.64082907e-01,
         1.17032520e-01, -4.89236904e-01,  1.26150980e-01,
         3.60678949e-02,  9.65572171e-02,  2.21444540e-01,
         7.11451797e-02,  2.94114325e-02,  1.03335088e-01],
       [-1.54569185e-01,  6.48007596e-02, -2.79715023e-01,
        -9.97130603e-02,  3.79515891e-03, -7.15763345e-02,
        -7.24381216e-01,  4.43755832e-01, -1.37974397e-01,
         5.90527711e-02, -1.79758182e-01, -2.25995902e-02,
         5.98127413e-02,  6.84199882e-04,  7.11451797e-02,
         8.40733455e-02,  1.83824465e-02,  1.73630593e-02],
       [-4.94731607e-01, -1.88789638e-01,  7.81174198e-02,
        -1.00718410e-01, -7.11102574e-02,  1.03089970e-01,
        -1.78205133e-01,  4.10809803e-02,  4.77735473e-02,
         1.11560859e-01, -5.47206693e-02,  1.14219244e-01,
         1.06297470e-01,  1.05176861e-01,  2.94114325e-02,
         1.83824465e-02,  1.24209891e-01, -1.66366637e-02],
       [ 1.85008268e-01,  1.52456823e-01, -3.67707723e-01,
        -4.57957814e-02,  7.00718255e-02, -1.83642359e-01,
        -7.68368862e-01,  4.75407539e-01, -6.10392849e-01,
         1.96231353e-01, -2.39766053e-01,  1.35802491e-02,
        -1.00676048e-01,  1.51713393e-02,  1.03335088e-01,
         1.73630593e-02, -1.66366637e-02,  1.33370228e-01]])
      jac: array([ 6.33974355e-06,  4.05590376e-05,  9.17282916e-05, -1.61382019e-05,
       -1.55889005e-04, -1.77142930e-04, -9.78846634e-08,  1.60475337e-05,
        1.12489647e-05, -7.51398943e-06,  1.11792057e-05,  3.23226631e-05,
       -1.97690013e-05,  1.08576851e-04,  1.16894272e-04,  4.31490029e-05,
       -6.67869463e-05, -8.06127387e-05])
  message: 'Desired error not necessarily achieved due to precision loss.'
     nfev: 1757
      nit: 57
     njev: 92
   status: 2
  success: False
        x: array([-0.57992344, -0.69047528,  0.52854059, -1.01898045, -0.82500247,
        0.08154226, -0.8559864 , -1.26592481, -0.78242646,  0.11781204,
        0.65229398,  1.07959886,  0.07644065,  0.2428542 , -0.31786702,
        1.21228566, -0.20360608,  0.00740649])
