Program Begingeth
      fun: 0.2918534398918139
 hess_inv: array([[ 7.78601568e+00, -1.75963140e+00,  6.96342066e-01,
         2.33317233e+00, -8.70850354e-01,  1.21357255e+00,
         3.73381933e+00,  1.25588182e+00,  1.11253952e+00,
         1.29887201e+00, -5.84448401e-01,  4.99133072e-01,
        -1.43767727e+00,  2.67520481e-01,  3.73265083e-01,
         3.54838615e-02,  5.07233421e-01, -4.86246480e-01],
       [-1.75963140e+00,  1.49055872e+00,  1.62487570e-01,
        -5.22763729e-01,  5.85129978e-01, -2.12785551e-01,
        -8.14777697e-01,  4.09120885e-01, -3.33111562e-01,
        -6.93066940e-01, -1.90405372e-01, -6.35930070e-01,
         3.87098595e-01, -1.71094107e-02, -3.92406521e-02,
        -4.66099776e-02,  1.15862125e-02,  1.07949527e-01],
       [ 6.96342066e-01,  1.62487570e-01,  1.30414258e+00,
         1.69665954e-01,  2.87911794e-02,  5.10134114e-01,
         1.67181352e-01,  2.45707481e-01,  6.28321795e-01,
        -7.86231129e-02,  4.96512686e-01, -6.66823856e-01,
        -1.36681078e-01, -9.75394083e-02,  6.94429205e-02,
        -2.82336663e-02,  9.35786780e-02,  3.81769347e-03],
       [ 2.33317233e+00, -5.22763729e-01,  1.69665954e-01,
         7.16687917e-01, -2.58138586e-01,  3.46210084e-01,
         1.11374164e+00,  4.09912403e-01,  3.81123238e-01,
         3.62494392e-01, -1.98945228e-01,  1.28021639e-01,
        -3.99931256e-01,  7.99936746e-02,  1.20703041e-01,
         2.39481326e-02,  1.45772747e-01, -1.33424698e-01],
       [-8.70850354e-01,  5.85129978e-01,  2.87911794e-02,
        -2.58138586e-01,  2.48916927e-01, -1.13500659e-01,
        -4.69269054e-01,  8.74825336e-02, -9.03451670e-02,
        -2.66031897e-01, -5.27730907e-02, -2.18146708e-01,
         1.86383369e-01,  1.33333809e-03, -2.45087219e-02,
        -1.35462251e-02, -9.63481465e-03,  6.38509826e-02],
       [ 1.21357255e+00, -2.12785551e-01,  5.10134114e-01,
         3.46210084e-01, -1.13500659e-01,  3.46008374e-01,
         5.20713863e-01,  2.10752093e-01,  3.31469938e-01,
         2.58391369e-01,  4.11299046e-02, -1.27469377e-01,
        -2.60784856e-01,  1.48965086e-02,  9.24729292e-02,
        -1.04835763e-02,  8.75871000e-02, -5.85999839e-02],
       [ 3.73381933e+00, -8.14777697e-01,  1.67181352e-01,
         1.11374164e+00, -4.69269054e-01,  5.20713863e-01,
         5.71135167e+00,  1.79344905e+00, -5.99975107e-01,
         7.24755253e-01, -1.72985925e-01,  3.60746726e-01,
        -8.12307444e-01,  3.32010220e-02, -7.69021588e-03,
         2.58201041e-01,  3.43278701e-01, -5.76015630e-01],
       [ 1.25588182e+00,  4.09120885e-01,  2.45707481e-01,
         4.09912403e-01,  8.74825336e-02,  2.10752093e-01,
         1.79344905e+00,  2.43173502e+00,  4.37119584e-01,
         1.73497145e-01, -2.47609799e-01, -6.05528084e-01,
        -2.21537581e-01, -1.47042181e-02,  1.24017083e-01,
         7.69658581e-02,  2.53865219e-01, -1.16767774e-01],
       [ 1.11253952e+00, -3.33111562e-01,  6.28321795e-01,
         3.81123238e-01, -9.03451670e-02,  3.31469938e-01,
        -5.99975107e-01,  4.37119584e-01,  4.28068362e+00,
         2.08836731e-01,  4.91238903e-01, -7.39045569e-01,
        -7.51094438e-02, -2.70572307e-02,  2.16591682e-01,
         1.42553912e-02,  9.21786093e-02,  3.89601131e-01],
       [ 1.29887201e+00, -6.93066940e-01, -7.86231129e-02,
         3.62494392e-01, -2.66031897e-01,  2.58391369e-01,
         7.24755253e-01,  1.73497145e-01,  2.08836731e-01,
         1.52827650e+00,  2.22196256e-03,  2.56366791e-01,
        -5.58302857e-01,  1.02955083e-02,  7.48242306e-02,
         6.75400854e-03, -2.50391131e-03, -2.00392052e-01],
       [-5.84448401e-01, -1.90405372e-01,  4.96512686e-01,
        -1.98945228e-01, -5.27730907e-02,  4.11299046e-02,
        -1.72985925e-01, -2.47609799e-01,  4.91238903e-01,
         2.22196256e-03,  1.09975456e+00, -2.71826830e-01,
         8.08803501e-02, -2.48073827e-01, -1.48398383e-01,
         3.30038467e-02, -6.87722286e-02, -2.05215729e-02],
       [ 4.99133072e-01, -6.35930070e-01, -6.66823856e-01,
         1.28021639e-01, -2.18146708e-01, -1.27469377e-01,
         3.60746726e-01, -6.05528084e-01, -7.39045569e-01,
         2.56366791e-01, -2.71826830e-01,  1.04945048e+00,
        -1.34089343e-01,  1.41974157e-01, -1.00857267e-01,
         4.02673189e-02, -7.25119714e-03, -1.03029883e-01],
       [-1.43767727e+00,  3.87098595e-01, -1.36681078e-01,
        -3.99931256e-01,  1.86383369e-01, -2.60784856e-01,
        -8.12307444e-01, -2.21537581e-01, -7.51094438e-02,
        -5.58302857e-01,  8.08803501e-02, -1.34089343e-01,
         3.89261541e-01, -4.09067788e-02, -6.33590758e-02,
         1.67741213e-02, -8.77836205e-02,  1.43709728e-01],
       [ 2.67520481e-01, -1.71094107e-02, -9.75394083e-02,
         7.99936746e-02,  1.33333809e-03,  1.48965086e-02,
         3.32010220e-02, -1.47042181e-02, -2.70572307e-02,
         1.02955083e-02, -2.48073827e-01,  1.41974157e-01,
        -4.09067788e-02,  9.00470979e-02,  3.36096548e-02,
        -5.64401811e-03,  3.60490628e-02,  1.21370677e-02],
       [ 3.73265083e-01, -3.92406521e-02,  6.94429205e-02,
         1.20703041e-01, -2.45087219e-02,  9.24729292e-02,
        -7.69021588e-03,  1.24017083e-01,  2.16591682e-01,
         7.48242306e-02, -1.48398383e-01, -1.00857267e-01,
        -6.33590758e-02,  3.36096548e-02,  9.11410828e-02,
        -1.75761853e-02,  2.34924018e-02,  3.03835759e-02],
       [ 3.54838615e-02, -4.66099776e-02, -2.82336663e-02,
         2.39481326e-02, -1.35462251e-02, -1.04835763e-02,
         2.58201041e-01,  7.69658581e-02,  1.42553912e-02,
         6.75400854e-03,  3.30038467e-02,  4.02673189e-02,
         1.67741213e-02, -5.64401811e-03, -1.75761853e-02,
         4.23309825e-02,  2.36348279e-03, -1.28450378e-02],
       [ 5.07233421e-01,  1.15862125e-02,  9.35786780e-02,
         1.45772747e-01, -9.63481465e-03,  8.75871000e-02,
         3.43278701e-01,  2.53865219e-01,  9.21786093e-02,
        -2.50391131e-03, -6.87722286e-02, -7.25119714e-03,
        -8.77836205e-02,  3.60490628e-02,  2.34924018e-02,
         2.36348279e-03,  7.67758772e-02, -2.70082262e-02],
       [-4.86246480e-01,  1.07949527e-01,  3.81769347e-03,
        -1.33424698e-01,  6.38509826e-02, -5.85999839e-02,
        -5.76015630e-01, -1.16767774e-01,  3.89601131e-01,
        -2.00392052e-01, -2.05215729e-02, -1.03029883e-01,
         1.43709728e-01,  1.21370677e-02,  3.03835759e-02,
        -1.28450378e-02, -2.70082262e-02,  1.32973958e-01]])
      jac: array([ 5.63186683e-03,  9.84615352e-04, -6.81276073e-03,  2.38055427e-03,
        3.00006531e-02,  8.99494294e-03,  1.82493946e-03, -1.52747777e-03,
       -1.86347826e-03, -3.17161112e-05,  2.93532125e-03,  3.20098355e-03,
       -7.56393614e-03, -1.41354080e-02, -9.80499385e-04, -6.99240888e-03,
       -2.84817966e-02,  3.13773837e-02])
  message: 'Maximum number of iterations has been exceeded.'
     nfev: 2147
      nit: 100
     njev: 113
   status: 1
  success: False
        x: array([ 1.15400659, -0.5837485 ,  0.47333201,  1.49942011, -0.54797853,
        0.16019884, -1.54078034, -0.71355264,  1.11850995,  0.00980559,
        0.56631269,  0.92315762,  0.03581444,  0.12810833, -0.22696746,
       -1.47408584, -0.66430206,  0.12477736])
