Program Begingeth
      fun: 0.23630979047632172
 hess_inv: array([[ 4.04669969e+00, -1.69124219e+00, -8.56969660e-01,
         1.20168238e+00, -5.63601882e-01,  7.31899337e-01,
         2.66155345e+00,  3.04145787e+00,  8.95602393e-01,
        -4.57163554e-01, -1.03089936e+00,  1.31378170e+00,
        -7.16162792e-01,  4.99456832e-01,  5.47778356e-01,
        -1.98009636e-01,  4.68045887e-01, -2.51584071e-01],
       [-1.69124219e+00,  2.76173307e+00,  9.10822637e-01,
        -3.68664603e-01,  9.44040801e-01, -2.13409429e-01,
        -1.69397682e+00,  5.27041409e-01,  1.83054620e+00,
        -2.30674218e-01,  3.09685120e-01, -1.62041760e+00,
         4.89176152e-01, -4.40398189e-01, -2.54648086e-01,
        -2.08760347e-02, -1.73408886e-01,  1.37240795e-01],
       [-8.56969660e-01,  9.10822637e-01,  3.15424529e+00,
        -8.27891948e-01,  2.47457584e-01,  8.85770082e-01,
        -6.56253132e+00, -4.15465030e+00,  4.29219166e+00,
         2.18750640e-01,  1.66057122e+00, -1.31620559e+00,
         1.42237559e-01, -3.34878702e-01, -6.37707814e-01,
         2.93580418e-01, -1.65208096e-01, -2.92634508e-01],
       [ 1.20168238e+00, -3.68664603e-01, -8.27891948e-01,
         5.53402388e-01, -1.31542555e-01, -1.31795168e-02,
         2.55483189e+00,  1.84925601e+00, -3.08087675e-01,
        -2.46077587e-01, -6.04869406e-01,  4.27334963e-01,
        -1.59636912e-01,  1.32005916e-01,  2.81579090e-01,
        -1.22178963e-01,  1.41212368e-01,  3.58122088e-02],
       [-5.63601882e-01,  9.44040801e-01,  2.47457584e-01,
        -1.31542555e-01,  4.44930330e-01, -3.80633834e-02,
        -1.28470110e+00,  1.07017125e+00,  3.47218653e-01,
         2.37787169e-02, -2.26945642e-02, -4.46298854e-01,
         1.99084680e-01, -8.12862689e-02, -2.27052392e-02,
         1.84896397e-02, -8.63656033e-02,  5.75767668e-02],
       [ 7.31899337e-01, -2.13409429e-01,  8.85770082e-01,
        -1.31795168e-02, -3.80633834e-02,  5.96442948e-01,
        -2.27576313e+00, -3.37594289e-01,  1.95768629e+00,
         1.31580225e-01,  2.09642518e-01, -4.09245195e-02,
        -1.66258512e-01,  3.80474126e-02, -2.69896844e-02,
         3.59120876e-02,  1.51627176e-02, -1.77335338e-01],
       [ 2.66155345e+00, -1.69397682e+00, -6.56253132e+00,
         2.55483189e+00, -1.28470110e+00, -2.27576313e+00,
         2.67674005e+01,  5.63504167e+00, -8.24745302e+00,
        -1.79405986e+00, -2.87821457e+00,  2.00099998e+00,
        -5.95615177e-01,  4.33756309e-01,  1.19988360e+00,
        -8.36387374e-01,  1.05433692e+00,  8.72910739e-01],
       [ 3.04145787e+00,  5.27041409e-01, -4.15465030e+00,
         1.84925601e+00,  1.07017125e+00, -3.37594289e-01,
         5.63504167e+00,  1.74260431e+01, -4.06048266e+00,
        -3.16800527e-01, -3.62238087e+00,  1.23376718e+00,
        -2.44819019e-01,  7.00043928e-01,  1.74429093e+00,
        -7.00314080e-01,  3.34979403e-01,  4.98196771e-01],
       [ 8.95602393e-01,  1.83054620e+00,  4.29219166e+00,
        -3.08087675e-01,  3.47218653e-01,  1.95768629e+00,
        -8.24745302e+00, -4.06048266e+00,  1.33425918e+01,
         2.63780280e-01,  1.92297005e+00, -1.93648696e+00,
        -9.19242489e-02, -8.41289801e-01, -7.37627165e-01,
         1.14623449e-01, -3.79016085e-01, -6.00354447e-01],
       [-4.57163554e-01, -2.30674218e-01,  2.18750640e-01,
        -2.46077587e-01,  2.37787169e-02,  1.31580225e-01,
        -1.79405986e+00, -3.16800527e-01,  2.63780280e-01,
         8.76079800e-01,  2.98315857e-01,  2.32343838e-02,
        -7.58022032e-02, -7.11079563e-02, -1.22453379e-01,
         6.78881631e-02, -2.02550830e-01, -1.95928272e-01],
       [-1.03089936e+00,  3.09685120e-01,  1.66057122e+00,
        -6.04869406e-01, -2.26945642e-02,  2.09642518e-01,
        -2.87821457e+00, -3.62238087e+00,  1.92297005e+00,
         2.98315857e-01,  1.63409567e+00, -7.90699385e-01,
         1.28281619e-01, -3.80900955e-01, -6.12354569e-01,
         2.38548961e-01, -1.64466321e-01, -2.49802846e-01],
       [ 1.31378170e+00, -1.62041760e+00, -1.31620559e+00,
         4.27334963e-01, -4.46298854e-01, -4.09245195e-02,
         2.00099998e+00,  1.23376718e+00, -1.93648696e+00,
         2.32343838e-02, -7.90699385e-01,  1.53577188e+00,
        -2.71561161e-01,  4.55090524e-01,  3.13856898e-01,
        -9.42227494e-03,  1.88804283e-01,  2.15304814e-02],
       [-7.16162792e-01,  4.89176152e-01,  1.42237559e-01,
        -1.59636912e-01,  1.99084680e-01, -1.66258512e-01,
        -5.95615177e-01, -2.44819019e-01, -9.19242489e-02,
        -7.58022032e-02,  1.28281619e-01, -2.71561161e-01,
         2.59598618e-01, -9.96454545e-02, -7.97993166e-02,
         8.85457653e-02, -1.16075559e-01,  1.07054463e-01],
       [ 4.99456832e-01, -4.40398189e-01, -3.34878702e-01,
         1.32005916e-01, -8.12862689e-02,  3.80474126e-02,
         4.33756309e-01,  7.00043928e-01, -8.41289801e-01,
        -7.11079563e-02, -3.80900955e-01,  4.55090524e-01,
        -9.96454545e-02,  2.31178224e-01,  1.52791780e-01,
        -1.21356248e-02,  1.28788887e-01,  2.85119808e-02],
       [ 5.47778356e-01, -2.54648086e-01, -6.37707814e-01,
         2.81579090e-01, -2.27052392e-02, -2.69896844e-02,
         1.19988360e+00,  1.74429093e+00, -7.37627165e-01,
        -1.22453379e-01, -6.12354569e-01,  3.13856898e-01,
        -7.97993166e-02,  1.52791780e-01,  2.94973481e-01,
        -1.07989689e-01,  7.34768578e-02,  1.08425268e-01],
       [-1.98009636e-01, -2.08760347e-02,  2.93580418e-01,
        -1.22178963e-01,  1.84896397e-02,  3.59120876e-02,
        -8.36387374e-01, -7.00314080e-01,  1.14623449e-01,
         6.78881631e-02,  2.38548961e-01, -9.42227494e-03,
         8.85457653e-02, -1.21356248e-02, -1.07989689e-01,
         1.22793714e-01, -4.79369891e-02, -2.41407798e-02],
       [ 4.68045887e-01, -1.73408886e-01, -1.65208096e-01,
         1.41212368e-01, -8.63656033e-02,  1.51627176e-02,
         1.05433692e+00,  3.34979403e-01, -3.79016085e-01,
        -2.02550830e-01, -1.64466321e-01,  1.88804283e-01,
        -1.16075559e-01,  1.28788887e-01,  7.34768578e-02,
        -4.79369891e-02,  1.81300561e-01,  9.53319500e-03],
       [-2.51584071e-01,  1.37240795e-01, -2.92634508e-01,
         3.58122088e-02,  5.75767668e-02, -1.77335338e-01,
         8.72910739e-01,  4.98196771e-01, -6.00354447e-01,
        -1.95928272e-01, -2.49802846e-01,  2.15304814e-02,
         1.07054463e-01,  2.85119808e-02,  1.08425268e-01,
        -2.41407798e-02,  9.53319500e-03,  1.78548614e-01]])
      jac: array([ 9.45539943e-07, -1.43237274e-06, -8.58572473e-08, -2.00635804e-06,
        2.49596640e-06,  3.90983542e-07,  1.03620816e-07, -2.71264492e-07,
       -1.99840144e-07,  4.91273688e-07, -9.34622750e-07, -5.48635211e-07,
        2.41455004e-06, -3.29717735e-06,  4.92753986e-07, -1.51600954e-06,
        2.81015951e-06,  4.65738559e-07])
  message: 'Optimization terminated successfully.'
     nfev: 1653
      nit: 77
     njev: 87
   status: 0
  success: True
        x: array([ 0.57375216, -0.60732777,  0.65048488,  0.97510287, -0.77861213,
        0.10208199,  0.64204107, -1.36880038, -0.63507518,  0.00556652,
        0.7121027 ,  1.08250489,  0.04540132,  0.19824543, -0.37530584,
       -0.95474632, -0.35037835, -0.01619701])
