Program Begingeth
      fun: 0.3004554138604421
 hess_inv: array([[ 4.04009472e+00,  1.62396760e+00, -4.24348520e-01,
         1.46159583e+00,  8.40171489e-01, -1.05703793e+00,
         1.68451140e+00, -3.30683281e-01, -3.62707300e+00,
        -3.45811426e-02,  8.29540757e-01, -3.78065609e-01,
        -5.36761579e-01, -2.89268287e-01, -4.13292736e-01,
        -2.71798662e-01, -4.06907598e-01,  1.80656473e-01],
       [ 1.62396760e+00,  4.86314429e+00,  1.37157575e+00,
         5.45881853e-01,  2.15552642e+00,  9.08990435e-02,
         3.96699269e+00,  1.20968092e+00,  3.02593818e+00,
         4.01889488e-01,  8.27467766e-01, -1.33258369e+00,
        -6.25353599e-01, -4.21034029e-01, -3.28712004e-01,
        -1.85638017e-01, -3.77830319e-01,  8.75160236e-02],
       [-4.24348520e-01,  1.37157575e+00,  2.28297531e+00,
         1.11596721e-01,  5.04580078e-01,  1.05436861e+00,
         2.67223624e+00, -1.23905246e+00,  3.74241049e+00,
         4.84157931e-02,  6.07676346e-01, -4.79947472e-01,
         6.41182280e-02, -7.10489723e-02, -1.22119833e-01,
        -5.52860739e-02,  6.43759309e-02, -1.00326904e-01],
       [ 1.46159583e+00,  5.45881853e-01,  1.11596721e-01,
         6.22623201e-01,  2.79892969e-01, -2.52182439e-01,
         1.18254121e+00, -4.30414043e-01, -1.06807402e+00,
        -5.63701727e-02,  3.88227798e-01, -9.78912450e-02,
        -1.30208665e-01, -8.00352111e-02, -1.86516640e-01,
        -9.71314894e-02, -1.06261546e-01,  2.13225329e-02],
       [ 8.40171489e-01,  2.15552642e+00,  5.04580078e-01,
         2.79892969e-01,  1.05673028e+00, -8.77241902e-03,
         2.20751044e+00,  1.16706357e+00,  9.59436213e-01,
         1.08587896e-01,  3.00844007e-01, -5.10015803e-01,
        -3.36480914e-01, -1.50493338e-01, -1.34652552e-01,
        -1.26138485e-01, -2.17651637e-01,  4.97410644e-02],
       [-1.05703793e+00,  9.08990435e-02,  1.05436861e+00,
        -2.52182439e-01, -8.77241902e-03,  7.38402154e-01,
         9.56299737e-01, -3.38267084e-01,  2.53810659e+00,
        -7.11869051e-02, -1.47545119e-02, -5.77581562e-02,
         1.87497964e-01,  5.69023575e-02,  7.55985730e-02,
         6.06018189e-02,  1.07886213e-01, -8.19866579e-02],
       [ 1.68451140e+00,  3.96699269e+00,  2.67223624e+00,
         1.18254121e+00,  2.20751044e+00,  9.56299737e-01,
         1.19422645e+01,  1.71235956e+00,  4.07212876e+00,
        -4.21254144e-01,  8.79402634e-01, -6.22787544e-01,
        -5.00594041e-01, -2.29171640e-01, -4.43089185e-01,
        -3.60062431e-01, -6.55241391e-01, -2.16954771e-01],
       [-3.30683281e-01,  1.20968092e+00, -1.23905246e+00,
        -4.30414043e-01,  1.16706357e+00, -3.38267084e-01,
         1.71235956e+00,  7.32613536e+00, -8.52321642e-01,
        -1.31551111e-01, -9.27033139e-01, -1.77974414e-02,
        -3.87744229e-01,  1.74736733e-01,  3.80178248e-01,
        -7.51450078e-03, -2.65504465e-01,  1.91833300e-01],
       [-3.62707300e+00,  3.02593818e+00,  3.74241049e+00,
        -1.06807402e+00,  9.59436213e-01,  2.53810659e+00,
         4.07212876e+00, -8.52321642e-01,  1.31332112e+01,
         1.86176592e-01,  2.72092776e-01, -9.87875110e-01,
         3.34178953e-01, -2.62258676e-01,  1.26645504e-01,
         2.71055678e-01,  7.81201320e-02, -2.25428761e-01],
       [-3.45811426e-02,  4.01889488e-01,  4.84157931e-02,
        -5.63701727e-02,  1.08587896e-01, -7.11869051e-02,
        -4.21254144e-01, -1.31551111e-01,  1.86176592e-01,
         5.78738813e-01,  1.41724419e-02, -1.39013810e-01,
        -1.40116576e-01, -1.42586104e-02,  3.23910297e-02,
         2.26026591e-03,  5.40255991e-02,  1.48250644e-01],
       [ 8.29540757e-01,  8.27467766e-01,  6.07676346e-01,
         3.88227798e-01,  3.00844007e-01, -1.47545119e-02,
         8.79402634e-01, -9.27033139e-01,  2.72092776e-01,
         1.41724419e-02,  8.61251842e-01, -3.21515656e-01,
        -9.71057596e-02, -2.13565370e-01, -2.81853828e-01,
        -1.08915532e-01, -5.78255747e-02, -9.60480147e-02],
       [-3.78065609e-01, -1.33258369e+00, -4.79947472e-01,
        -9.78912450e-02, -5.10015803e-01, -5.77581562e-02,
        -6.22787544e-01, -1.77974414e-02, -9.87875110e-01,
        -1.39013810e-01, -3.21515656e-01,  6.69367281e-01,
         1.22240334e-01,  2.00908307e-01,  5.20610549e-02,
        -1.44358743e-02,  1.12128201e-01, -1.61150763e-02],
       [-5.36761579e-01, -6.25353599e-01,  6.41182280e-02,
        -1.30208665e-01, -3.36480914e-01,  1.87497964e-01,
        -5.00594041e-01, -3.87744229e-01,  3.34178953e-01,
        -1.40116576e-01, -9.71057596e-02,  1.22240334e-01,
         2.39829702e-01,  7.26981364e-02,  5.44868917e-02,
         1.12100723e-01,  1.38914677e-01, -7.63352182e-02],
       [-2.89268287e-01, -4.21034029e-01, -7.10489723e-02,
        -8.00352111e-02, -1.50493338e-01,  5.69023575e-02,
        -2.29171640e-01,  1.74736733e-01, -2.62258676e-01,
        -1.42586104e-02, -2.13565370e-01,  2.00908307e-01,
         7.26981364e-02,  1.36759443e-01,  6.82137646e-02,
         1.93669073e-02,  1.03601088e-01,  1.25038849e-02],
       [-4.13292736e-01, -3.28712004e-01, -1.22119833e-01,
        -1.86516640e-01, -1.34652552e-01,  7.55985730e-02,
        -4.43089185e-01,  3.80178248e-01,  1.26645504e-01,
         3.23910297e-02, -2.81853828e-01,  5.20610549e-02,
         5.44868917e-02,  6.82137646e-02,  1.51253353e-01,
         6.37587599e-02,  3.97487857e-02,  6.26183813e-02],
       [-2.71798662e-01, -1.85638017e-01, -5.52860739e-02,
        -9.71314894e-02, -1.26138485e-01,  6.06018189e-02,
        -3.60062431e-01, -7.51450078e-03,  2.71055678e-01,
         2.26026591e-03, -1.08915532e-01, -1.44358743e-02,
         1.12100723e-01,  1.93669073e-02,  6.37587599e-02,
         1.03365319e-01,  5.92182035e-02, -4.49241760e-03],
       [-4.06907598e-01, -3.77830319e-01,  6.43759309e-02,
        -1.06261546e-01, -2.17651637e-01,  1.07886213e-01,
        -6.55241391e-01, -2.65504465e-01,  7.81201320e-02,
         5.40255991e-02, -5.78255747e-02,  1.12128201e-01,
         1.38914677e-01,  1.03601088e-01,  3.97487857e-02,
         5.92182035e-02,  1.85071067e-01, -1.33236426e-02],
       [ 1.80656473e-01,  8.75160236e-02, -1.00326904e-01,
         2.13225329e-02,  4.97410644e-02, -8.19866579e-02,
        -2.16954771e-01,  1.91833300e-01, -2.25428761e-01,
         1.48250644e-01, -9.60480147e-02, -1.61150763e-02,
        -7.63352182e-02,  1.25038849e-02,  6.26183813e-02,
        -4.49241760e-03, -1.33236426e-02,  1.17204201e-01]])
      jac: array([ 8.34761889e-05,  8.32704276e-06, -1.17418297e-04, -1.89899207e-04,
        2.41780670e-05,  2.39419965e-04,  1.18742053e-05,  6.70204633e-07,
       -1.31294975e-05,  5.39683113e-05,  1.28623038e-05, -6.12502641e-05,
        3.38013321e-04,  9.96055090e-06, -1.90392517e-04, -2.68835694e-04,
       -1.33134244e-05,  2.36811681e-04])
  message: 'Desired error not necessarily achieved due to precision loss.'
     nfev: 2083
      nit: 65
     njev: 109
   status: 2
  success: False
        x: array([-0.68570319, -1.19890223,  0.6090595 , -0.89905842, -1.24585037,
        0.16555011, -0.46147559, -2.0664884 , -0.43519926,  0.06020005,
        0.57210476,  1.21035276,  0.11703966,  0.07197635, -0.35594333,
        1.11683132, -0.50428203, -0.04261902])
