Program Begingeth
      fun: 0.2607542366282658
 hess_inv: array([[ 1.30215072e+00, -1.33354497e-01,  1.66535316e-01,
         3.82540959e-01, -1.91469069e-01,  3.52946732e-01,
         1.17446257e+00, -3.33876303e-01,  8.57591745e-01,
         1.10964938e+00, -6.36330186e-01, -9.20484315e-02,
        -5.01936959e-01,  1.76529738e-02,  6.98337183e-02,
        -2.19495065e-02, -1.52791529e-02, -2.43744407e-01],
       [-1.33354497e-01,  5.57078627e-01, -1.47944595e-01,
        -2.20259668e-01,  1.06385424e-01, -2.14392514e-01,
        -1.28523302e+00,  4.43582007e-01,  1.50852647e-01,
        -5.77071373e-01,  9.07894277e-02, -1.38930217e-01,
         8.12807241e-02, -1.73486517e-01, -1.85412895e-01,
         3.75989359e-02, -2.20460079e-03, -7.80136073e-02],
       [ 1.66535316e-01, -1.47944595e-01,  3.62798045e-01,
         1.69957986e-01,  1.24413919e-02,  1.84163680e-01,
         5.50919231e-01, -5.81106014e-01,  4.17217656e-01,
         6.59516773e-01,  5.46822511e-02,  1.01089858e-01,
        -5.83695024e-02,  1.35544851e-01, -2.97087744e-03,
         3.44780704e-02,  5.22804301e-02,  2.11607689e-02],
       [ 3.82540959e-01, -2.20259668e-01,  1.69957986e-01,
         5.30567821e-01,  6.63039137e-02,  2.07828485e-01,
         1.70164521e+00,  2.17542942e-01,  1.37699206e+00,
         1.51748504e+00,  2.18063207e-01, -3.45981329e-01,
        -6.78277327e-02,  1.00318949e-01,  1.14512882e-01,
         2.50324243e-02,  7.92419882e-03, -6.25300127e-03],
       [-1.91469069e-01,  1.06385424e-01,  1.24413919e-02,
         6.63039137e-02,  3.21154993e-01, -8.51002160e-02,
        -1.29033264e-01,  8.38104880e-01,  8.75080190e-01,
         2.35306749e-01,  8.05379974e-01, -2.92738633e-01,
         1.44922107e-01,  5.39707647e-02, -5.66895238e-02,
         6.09316325e-02,  2.23952642e-02,  4.03206560e-02],
       [ 3.52946732e-01, -2.14392514e-01,  1.84163680e-01,
         2.07828485e-01, -8.51002160e-02,  3.65265208e-01,
         1.12997792e+00, -7.24993481e-01,  7.96317920e-01,
         7.37745463e-01, -8.81653907e-02,  4.27891577e-01,
        -2.05488207e-01,  1.13176594e-01,  1.19993395e-01,
        -3.46226287e-02,  5.61320235e-02, -2.30013783e-02],
       [ 1.17446257e+00, -1.28523302e+00,  5.50919231e-01,
         1.70164521e+00, -1.29033264e-01,  1.12997792e+00,
         1.24585171e+01, -1.41331910e+00,  5.44969679e+00,
         4.51279764e+00,  1.31443462e+00, -6.58143794e-01,
        -8.30786347e-01,  4.57412426e-01,  5.68783106e-01,
        -2.59547019e-01,  3.56069898e-01, -1.39212013e-01],
       [-3.33876303e-01,  4.43582007e-01, -5.81106014e-01,
         2.17542942e-01,  8.38104880e-01, -7.24993481e-01,
        -1.41331910e+00,  5.45627873e+00,  1.66351648e+00,
         2.18410874e-01,  1.46305572e+00, -1.98699104e+00,
         5.04810661e-01, -1.13199015e-01, -1.03912433e-01,
         1.39056525e-01, -9.59423075e-02,  6.61459888e-02],
       [ 8.57591745e-01,  1.50852647e-01,  4.17217656e-01,
         1.37699206e+00,  8.75080190e-01,  7.96317920e-01,
         5.44969679e+00,  1.66351648e+00,  9.04241685e+00,
         4.45802091e+00,  2.76957256e+00, -9.88250510e-01,
        -3.11554607e-01,  2.83977108e-01,  1.55795108e-01,
         4.33544792e-02,  2.75229087e-01, -8.62274060e-02],
       [ 1.10964938e+00, -5.77071373e-01,  6.59516773e-01,
         1.51748504e+00,  2.35306749e-01,  7.37745463e-01,
         4.51279764e+00,  2.18410874e-01,  4.45802091e+00,
         4.66589444e+00,  7.24998517e-01, -7.09286820e-01,
        -2.44874243e-01,  3.51646838e-01,  3.04054268e-01,
         7.11678036e-02,  7.38669680e-02, -1.25791972e-02],
       [-6.36330186e-01,  9.07894277e-02,  5.46822511e-02,
         2.18063207e-01,  8.05379974e-01, -8.81653907e-02,
         1.31443462e+00,  1.46305572e+00,  2.76957256e+00,
         7.24998517e-01,  2.53197422e+00, -6.09913895e-01,
         2.87135030e-01,  1.82513259e-01, -8.64587758e-02,
         8.17997249e-02,  1.16945018e-01,  1.13832280e-01],
       [-9.20484315e-02, -1.38930217e-01,  1.01089858e-01,
        -3.45981329e-01, -2.92738633e-01,  4.27891577e-01,
        -6.58143794e-01, -1.98699104e+00, -9.88250510e-01,
        -7.09286820e-01, -6.09913895e-01,  1.68515803e+00,
        -1.53260676e-01,  8.69495164e-02,  9.38814477e-02,
        -6.69983151e-02,  6.93443670e-02,  2.55760634e-02],
       [-5.01936959e-01,  8.12807241e-02, -5.83695024e-02,
        -6.78277327e-02,  1.44922107e-01, -2.05488207e-01,
        -8.30786347e-01,  5.04810661e-01, -3.11554607e-01,
        -2.44874243e-01,  2.87135030e-01, -1.53260676e-01,
         3.02328266e-01, -1.19794540e-02, -4.20839472e-02,
         7.18880617e-02, -3.45294773e-02,  1.15658163e-01],
       [ 1.76529738e-02, -1.73486517e-01,  1.35544851e-01,
         1.00318949e-01,  5.39707647e-02,  1.13176594e-01,
         4.57412426e-01, -1.13199015e-01,  2.83977108e-01,
         3.51646838e-01,  1.82513259e-01,  8.69495164e-02,
        -1.19794540e-02,  1.23017917e-01,  4.56804321e-02,
         7.60614728e-03,  4.37868428e-02,  4.05558551e-02],
       [ 6.98337183e-02, -1.85412895e-01, -2.97087744e-03,
         1.14512882e-01, -5.66895238e-02,  1.19993395e-01,
         5.68783106e-01, -1.03912433e-01,  1.55795108e-01,
         3.04054268e-01, -8.64587758e-02,  9.38814477e-02,
        -4.20839472e-02,  4.56804321e-02,  1.16907455e-01,
        -2.80790033e-02, -1.42286549e-03,  3.81633910e-02],
       [-2.19495065e-02,  3.75989359e-02,  3.44780704e-02,
         2.50324243e-02,  6.09316325e-02, -3.46226287e-02,
        -2.59547019e-01,  1.39056525e-01,  4.33544792e-02,
         7.11678036e-02,  8.17997249e-02, -6.69983151e-02,
         7.18880617e-02,  7.60614728e-03, -2.80790033e-02,
         5.41101354e-02, -1.28527901e-02,  1.23507522e-02],
       [-1.52791529e-02, -2.20460079e-03,  5.22804301e-02,
         7.92419882e-03,  2.23952642e-02,  5.61320235e-02,
         3.56069898e-01, -9.59423075e-02,  2.75229087e-01,
         7.38669680e-02,  1.16945018e-01,  6.93443670e-02,
        -3.45294773e-02,  4.37868428e-02, -1.42286549e-03,
        -1.28527901e-02,  5.77570600e-02, -2.18568872e-03],
       [-2.43744407e-01, -7.80136073e-02,  2.11607689e-02,
        -6.25300127e-03,  4.03206560e-02, -2.30013783e-02,
        -1.39212013e-01,  6.61459888e-02, -8.62274060e-02,
        -1.25791972e-02,  1.13832280e-01,  2.55760634e-02,
         1.15658163e-01,  4.05558551e-02,  3.81633910e-02,
         1.23507522e-02, -2.18568872e-03,  9.87081766e-02]])
      jac: array([-7.19128460e-06,  6.31716901e-07, -1.42030832e-05, -5.12219896e-06,
        5.17515660e-05, -7.31933033e-06,  4.01012557e-06, -2.77555756e-06,
        2.20453285e-06,  2.31925590e-06, -1.76788214e-05,  2.94801221e-06,
       -3.99735800e-05,  2.13747538e-05, -3.74433817e-05,  1.00293847e-05,
       -5.36833541e-05,  4.35840253e-05])
  message: 'Desired error not necessarily achieved due to precision loss.'
     nfev: 2291
      nit: 82
     njev: 120
   status: 2
  success: False
        x: array([ 0.10615597,  0.23385369,  0.83363896,  1.47190558, -0.69292166,
        0.31797543,  0.91363774, -1.58528299,  0.91324847,  1.85995194,
       -0.60400762,  0.82319046,  0.0426334 ,  0.17112209, -0.24017923,
       -1.28759305, -0.3825667 ,  0.04670626])
