Program Begingeth
      fun: 0.2696769040418154
 hess_inv: array([[ 4.57018055e+00,  2.08748092e+00,  3.05659778e-01,
         1.53051825e+00,  8.80685881e-01, -9.83235608e-01,
         2.46503022e+00, -1.89177159e+00, -2.72078273e+00,
        -1.87493551e-01,  1.02749926e+00, -9.21700934e-01,
        -7.01237972e-01, -4.44426222e-01, -5.08685694e-01,
        -2.60463112e-01, -4.95024635e-01,  2.81505216e-01],
       [ 2.08748092e+00,  4.20945557e+00,  1.27154050e+00,
         6.37408995e-01,  1.69177977e+00, -1.20147258e-01,
         3.45013598e+00,  6.17769887e-01,  2.60224891e+00,
         3.90565732e-01,  6.00531618e-01, -1.61669821e+00,
        -6.22238800e-01, -4.70087731e-01, -3.56826710e-01,
        -8.86499230e-02, -3.13136749e-01,  1.43904300e-01],
       [ 3.05659778e-01,  1.27154050e+00,  2.33126329e+00,
         4.34588785e-01,  4.53409816e-01,  8.19800732e-01,
         3.61870335e+00, -1.77225430e+00,  3.26678920e+00,
         2.66692712e-02,  8.99624475e-01, -7.72420636e-01,
        -4.78145014e-02, -1.79125505e-01, -2.91122663e-01,
        -1.41537124e-01, -3.13205328e-02, -1.18425578e-01],
       [ 1.53051825e+00,  6.37408995e-01,  4.34588785e-01,
         6.30549857e-01,  2.71618110e-01, -1.86340382e-01,
         1.67272763e+00, -1.06873294e+00, -6.39665504e-01,
        -1.14478625e-01,  4.96337695e-01, -2.89199411e-01,
        -1.79949068e-01, -1.32754876e-01, -2.33739211e-01,
        -1.07989688e-01, -1.40639114e-01,  3.17210735e-02],
       [ 8.80685881e-01,  1.69177977e+00,  4.53409816e-01,
         2.71618110e-01,  7.99179947e-01, -4.92901393e-02,
         1.98803720e+00,  9.86468672e-01,  7.23469805e-01,
         5.12661643e-02,  1.57308687e-01, -5.59931730e-01,
        -2.98345962e-01, -1.33486338e-01, -1.13765071e-01,
        -7.57831669e-02, -1.69262666e-01,  6.46561920e-02],
       [-9.83235608e-01, -1.20147258e-01,  8.19800732e-01,
        -1.86340382e-01, -4.92901393e-02,  6.28231951e-01,
         1.08469160e+00,  4.43101396e-04,  2.12785121e+00,
        -7.44054227e-02,  1.05804176e-02, -1.66972529e-02,
         1.89641012e-01,  5.70595058e-02,  5.78776308e-02,
         3.07433480e-02,  8.21663966e-02, -1.14224932e-01],
       [ 2.46503022e+00,  3.45013598e+00,  3.61870335e+00,
         1.67272763e+00,  1.98803720e+00,  1.08469160e+00,
         1.57688771e+01,  8.37629660e-02,  4.19804147e+00,
        -6.59439482e-01,  1.37453591e+00, -1.13446244e+00,
        -6.40189236e-01, -3.26250073e-01, -6.61788335e-01,
        -4.86029062e-01, -7.83858203e-01, -2.93264670e-01],
       [-1.89177159e+00,  6.17769887e-01, -1.77225430e+00,
        -1.06873294e+00,  9.86468672e-01,  4.43101396e-04,
         8.37629660e-02,  1.03411971e+01, -4.85925622e-01,
        -2.49887038e-01, -1.76613984e+00,  3.20348281e-01,
        -4.21039862e-02,  4.09680873e-01,  8.08866775e-01,
         2.58091119e-01, -1.05890678e-02,  1.57882288e-01],
       [-2.72078273e+00,  2.60224891e+00,  3.26678920e+00,
        -6.39665504e-01,  7.23469805e-01,  2.12785121e+00,
         4.19804147e+00, -4.85925622e-01,  1.29258982e+01,
         2.88818657e-01,  5.15961550e-01, -1.26087193e+00,
         3.19820773e-01, -4.49704554e-01, -5.86965595e-02,
         2.38458632e-01,  3.58898402e-03, -2.98817412e-01],
       [-1.87493551e-01,  3.90565732e-01,  2.66692712e-02,
        -1.14478625e-01,  5.12661643e-02, -7.44054227e-02,
        -6.59439482e-01, -2.49887038e-01,  2.88818657e-01,
         7.19123945e-01, -7.61461355e-02, -1.42704932e-01,
        -1.21085694e-01, -3.60163698e-03,  4.22013734e-02,
         3.64285663e-02,  1.02563987e-01,  1.59026493e-01],
       [ 1.02749926e+00,  6.00531618e-01,  8.99624475e-01,
         4.96337695e-01,  1.57308687e-01,  1.05804176e-02,
         1.37453591e+00, -1.76613984e+00,  5.15961550e-01,
        -7.61461355e-02,  1.06824436e+00, -4.63877572e-01,
        -1.10115607e-01, -2.70395967e-01, -3.76902007e-01,
        -1.38288111e-01, -8.49219882e-02, -1.16735032e-01],
       [-9.21700934e-01, -1.61669821e+00, -7.72420636e-01,
        -2.89199411e-01, -5.59931730e-01, -1.66972529e-02,
        -1.13446244e+00,  3.20348281e-01, -1.26087193e+00,
        -1.42704932e-01, -4.63877572e-01,  9.94725982e-01,
         2.00808032e-01,  3.00978952e-01,  1.44483458e-01,
        -7.84315665e-03,  1.47545667e-01, -3.50069321e-02],
       [-7.01237972e-01, -6.22238800e-01, -4.78145014e-02,
        -1.79949068e-01, -2.98345962e-01,  1.89641012e-01,
        -6.40189236e-01, -4.21039862e-02,  3.19820773e-01,
        -1.21085694e-01, -1.10115607e-01,  2.00808032e-01,
         2.53982941e-01,  8.43877874e-02,  6.70510326e-02,
         9.92450402e-02,  1.32737411e-01, -1.03277909e-01],
       [-4.44426222e-01, -4.70087731e-01, -1.79125505e-01,
        -1.32754876e-01, -1.33486338e-01,  5.70595058e-02,
        -3.26250073e-01,  4.09680873e-01, -4.49704554e-01,
        -3.60163698e-03, -2.70395967e-01,  3.00978952e-01,
         8.43877874e-02,  1.71905289e-01,  9.57513510e-02,
         1.09693702e-02,  1.06947128e-01,  2.80799810e-03],
       [-5.08685694e-01, -3.56826710e-01, -2.91122663e-01,
        -2.33739211e-01, -1.13765071e-01,  5.78776308e-02,
        -6.61788335e-01,  8.08866775e-01, -5.86965595e-02,
         4.22013734e-02, -3.76902007e-01,  1.44483458e-01,
         6.70510326e-02,  9.57513510e-02,  1.97211301e-01,
         7.26775763e-02,  4.33561650e-02,  6.67709455e-02],
       [-2.60463112e-01, -8.86499230e-02, -1.41537124e-01,
        -1.07989688e-01, -7.57831669e-02,  3.07433480e-02,
        -4.86029062e-01,  2.58091119e-01,  2.38458632e-01,
         3.64285663e-02, -1.38288111e-01, -7.84315665e-03,
         9.92450402e-02,  1.09693702e-02,  7.26775763e-02,
         1.05194971e-01,  4.95843200e-02, -2.95555914e-03],
       [-4.95024635e-01, -3.13136749e-01, -3.13205328e-02,
        -1.40639114e-01, -1.69262666e-01,  8.21663966e-02,
        -7.83858203e-01, -1.05890678e-02,  3.58898402e-03,
         1.02563987e-01, -8.49219882e-02,  1.47545667e-01,
         1.32737411e-01,  1.06947128e-01,  4.33561650e-02,
         4.95843200e-02,  1.76726669e-01, -2.42773144e-02],
       [ 2.81505216e-01,  1.43904300e-01, -1.18425578e-01,
         3.17210735e-02,  6.46561920e-02, -1.14224932e-01,
        -2.93264670e-01,  1.57882288e-01, -2.98817412e-01,
         1.59026493e-01, -1.16735032e-01, -3.50069321e-02,
        -1.03277909e-01,  2.80799810e-03,  6.67709455e-02,
        -2.95555914e-03, -2.42773144e-02,  1.45277519e-01]])
      jac: array([ 5.10332517e-06,  1.63728290e-05, -2.30149233e-06, -4.42904972e-06,
       -4.07492558e-05,  1.80570373e-05,  5.66213743e-08,  2.00950367e-06,
       -5.70654635e-07, -1.50065145e-06,  5.48746234e-06,  2.66786593e-06,
       -1.63480340e-05,  3.05711012e-05, -3.93759099e-06,  8.19677659e-06,
       -1.52966528e-05, -6.17172979e-06])
  message: 'Desired error not necessarily achieved due to precision loss.'
     nfev: 2007
      nit: 61
     njev: 105
   status: 2
  success: False
        x: array([-0.56092225, -0.89109604,  0.62841495, -0.85703857, -1.01454309,
        0.13504447, -0.44323702, -1.74638025, -0.50029362,  0.0926941 ,
        0.64959631,  1.16356909,  0.0964543 ,  0.12929728, -0.37310811,
        1.07912558, -0.44458834, -0.03378057])
