Program Begingeth
      fun: 0.3418663546884601
 hess_inv: array([[ 5.13447424e+00,  1.05944048e+00, -1.18721022e+00,
         1.63401410e+00,  7.10346516e-01, -1.44484150e+00,
         3.53948904e-02,  3.11977455e-02, -4.73914374e+00,
        -2.50986245e-02,  6.89306068e-01, -8.90298582e-02,
        -7.39155606e-01, -2.50215928e-01, -3.68017339e-01,
        -3.05215869e-01, -5.11716506e-01,  3.28298368e-01],
       [ 1.05944048e+00,  5.51058617e+00,  1.61777922e+00,
         3.05606496e-01,  2.40178985e+00,  4.21748974e-01,
         5.02928057e+00,  1.04295194e+00,  4.92756439e+00,
         3.59815735e-01,  6.47925054e-01, -1.40320069e+00,
        -6.45475261e-01, -4.01718462e-01, -2.09472044e-01,
        -1.21272746e-01, -3.86301886e-01,  9.41004700e-02],
       [-1.18721022e+00,  1.61777922e+00,  2.87037688e+00,
        -6.58910006e-02,  5.73391838e-01,  1.37414239e+00,
         3.75448584e+00, -1.56609286e+00,  4.29661869e+00,
         3.95241983e-02,  6.36675197e-01, -4.95922640e-01,
         1.34661072e-01, -6.52608900e-02, -1.16040456e-01,
        -4.94058618e-02,  1.01714146e-01, -1.44678031e-01],
       [ 1.63401410e+00,  3.05606496e-01, -6.58910006e-02,
         6.16667263e-01,  2.15665922e-01, -3.24318798e-01,
         6.43268616e-01, -2.88533755e-01, -1.35570564e+00,
        -5.25457912e-02,  3.27964563e-01,  2.13060591e-02,
        -1.81437459e-01, -5.99354254e-02, -1.62331355e-01,
        -1.07131052e-01, -1.33539736e-01,  6.47818808e-02],
       [ 7.10346516e-01,  2.40178985e+00,  5.73391838e-01,
         2.15665922e-01,  1.16047652e+00,  1.10936844e-01,
         2.71263698e+00,  1.04826310e+00,  1.74413979e+00,
         7.13656284e-02,  2.31711911e-01, -5.12759275e-01,
        -3.56806606e-01, -1.39933154e-01, -8.96768708e-02,
        -1.04355159e-01, -2.34918776e-01,  5.96138442e-02],
       [-1.44484150e+00,  4.21748974e-01,  1.37414239e+00,
        -3.24318798e-01,  1.10936844e-01,  8.88382059e-01,
         1.78344183e+00, -4.25343224e-01,  2.88156534e+00,
        -8.84111428e-02,  2.85547332e-02, -1.51201174e-01,
         2.22800541e-01,  3.87061438e-02,  6.28907531e-02,
         5.91879145e-02,  1.14788829e-01, -1.17563507e-01],
       [ 3.53948904e-02,  5.02928057e+00,  3.75448584e+00,
         6.43268616e-01,  2.71263698e+00,  1.78344183e+00,
         1.47113104e+01,  2.05257819e+00,  7.28495040e+00,
        -4.58494127e-01,  7.36336488e-01, -7.20202800e-01,
        -5.18282491e-01, -1.75176691e-01, -2.62702407e-01,
        -3.40704591e-01, -6.68632608e-01, -1.98579537e-01],
       [ 3.11977455e-02,  1.04295194e+00, -1.56609286e+00,
        -2.88533755e-01,  1.04826310e+00, -4.25343224e-01,
         2.05257819e+00,  6.49634038e+00, -2.19256924e-01,
        -2.88048625e-01, -9.19821488e-01, -3.82358497e-03,
        -3.68497028e-01,  1.40904096e-01,  3.59667882e-01,
         1.61639541e-02, -3.21423233e-01,  1.55799119e-01],
       [-4.73914374e+00,  4.92756439e+00,  4.29661869e+00,
        -1.35570564e+00,  1.74413979e+00,  2.88156534e+00,
         7.28495040e+00, -2.19256924e-01,  1.48691551e+01,
         9.86236184e-02,  2.48389223e-01, -1.47601400e+00,
         3.42528692e-01, -3.28080163e-01,  1.83822922e-01,
         3.17385454e-01,  5.37227836e-02, -2.90017647e-01],
       [-2.50986245e-02,  3.59815735e-01,  3.95241983e-02,
        -5.25457912e-02,  7.13656284e-02, -8.84111428e-02,
        -4.58494127e-01, -2.88048625e-01,  9.86236184e-02,
         7.05280140e-01,  1.41594917e-02, -1.39958359e-01,
        -1.65018537e-01, -1.29969889e-02,  3.57040978e-02,
        -9.35175088e-04,  7.10180207e-02,  1.60968136e-01],
       [ 6.89306068e-01,  6.47925054e-01,  6.36675197e-01,
         3.27964563e-01,  2.31711911e-01,  2.85547332e-02,
         7.36336488e-01, -9.19821488e-01,  2.48389223e-01,
         1.41594917e-02,  8.85004926e-01, -2.19779984e-01,
        -8.57123037e-02, -2.04955729e-01, -2.68981895e-01,
        -9.89234785e-02, -4.82696319e-02, -9.44246670e-02],
       [-8.90298582e-02, -1.40320069e+00, -4.95922640e-01,
         2.13060591e-02, -5.12759275e-01, -1.51201174e-01,
        -7.20202800e-01, -3.82358497e-03, -1.47601400e+00,
        -1.39958359e-01, -2.19779984e-01,  7.03443491e-01,
         1.04678051e-01,  1.88574250e-01, -9.59905185e-03,
        -4.77066921e-02,  9.51059786e-02, -1.62702257e-02],
       [-7.39155606e-01, -6.45475261e-01,  1.34661072e-01,
        -1.81437459e-01, -3.56806606e-01,  2.22800541e-01,
        -5.18282491e-01, -3.68497028e-01,  3.42528692e-01,
        -1.65018537e-01, -8.57123037e-02,  1.04678051e-01,
         2.80078835e-01,  6.69361985e-02,  4.18033244e-02,
         1.12891440e-01,  1.51711795e-01, -1.05924581e-01],
       [-2.50215928e-01, -4.01718462e-01, -6.52608900e-02,
        -5.99354254e-02, -1.39933154e-01,  3.87061438e-02,
        -1.75176691e-01,  1.40904096e-01, -3.28080163e-01,
        -1.29969889e-02, -2.04955729e-01,  1.88574250e-01,
         6.69361985e-02,  1.26439766e-01,  4.97689134e-02,
         9.87366836e-03,  8.77157376e-02,  6.67344735e-03],
       [-3.68017339e-01, -2.09472044e-01, -1.16040456e-01,
        -1.62331355e-01, -8.96768708e-02,  6.28907531e-02,
        -2.62702407e-01,  3.59667882e-01,  1.83822922e-01,
         3.57040978e-02, -2.68981895e-01, -9.59905185e-03,
         4.18033244e-02,  4.97689134e-02,  1.39152787e-01,
         5.59226898e-02,  2.20858884e-02,  5.38987799e-02],
       [-3.05215869e-01, -1.21272746e-01, -4.94058618e-02,
        -1.07131052e-01, -1.04355159e-01,  5.91879145e-02,
        -3.40704591e-01,  1.61639541e-02,  3.17385454e-01,
        -9.35175088e-04, -9.89234785e-02, -4.77066921e-02,
         1.12891440e-01,  9.87366836e-03,  5.59226898e-02,
         1.00158099e-01,  5.72448697e-02, -1.57171330e-02],
       [-5.11716506e-01, -3.86301886e-01,  1.01714146e-01,
        -1.33539736e-01, -2.34918776e-01,  1.14788829e-01,
        -6.68632608e-01, -3.21423233e-01,  5.37227836e-02,
         7.10180207e-02, -4.82696319e-02,  9.51059786e-02,
         1.51711795e-01,  8.77157376e-02,  2.20858884e-02,
         5.72448697e-02,  1.81782605e-01, -3.36841967e-02],
       [ 3.28298368e-01,  9.41004700e-02, -1.44678031e-01,
         6.47818808e-02,  5.96138442e-02, -1.17563507e-01,
        -1.98579537e-01,  1.55799119e-01, -2.90017647e-01,
         1.60968136e-01, -9.44246670e-02, -1.62702257e-02,
        -1.05924581e-01,  6.67344735e-03,  5.38987799e-02,
        -1.57171330e-02, -3.36841967e-02,  1.23576512e-01]])
      jac: array([-3.06051481e-07,  1.53950926e-07, -8.41178978e-07,  7.26826007e-07,
       -3.11602596e-07,  1.79560071e-06, -4.99600361e-08, -3.58972111e-08,
       -1.00290147e-07, -3.22334751e-07,  2.39068025e-07, -1.63202785e-07,
       -1.24641038e-06,  2.60532336e-07, -7.77896266e-07,  2.31296463e-07,
        4.26695716e-07,  1.39036930e-06])
  message: 'Optimization terminated successfully.'
     nfev: 1425
      nit: 67
     njev: 75
   status: 0
  success: True
        x: array([-0.70306585, -1.2763596 ,  0.54965826, -0.96978803, -1.28454593,
        0.14270292, -0.51398698, -2.13986068, -0.46547174,  0.07476388,
        0.50188638,  1.20649515,  0.1196585 ,  0.00535608, -0.34156714,
        1.18943553, -0.65444713, -0.02958252])
