Program Begingeth
      fun: 0.2548674768064032
 hess_inv: array([[ 3.42254958e+00,  4.02044147e-01,  1.16554433e+00,
         1.77267460e+00,  1.55357859e-01,  7.54647368e-02,
         4.07083090e+00,  1.80195277e-01, -2.86822307e+00,
         5.46446328e-01,  6.12883823e-01, -3.15966064e-01,
        -1.27932630e-02, -1.85443473e-01, -1.06857724e-01,
         5.81253639e-02, -2.32930194e-02,  5.74129214e-02],
       [ 4.02044147e-01,  1.35326384e+00, -2.75929557e-02,
         2.40247448e-01,  6.67325271e-01, -1.25146319e-01,
         7.30549167e-01,  6.98851249e-01,  5.69901772e-01,
         4.34979324e-01,  4.16240150e-01, -5.85984996e-02,
        -1.20248246e-01, -1.70249594e-02, -1.41359703e-01,
        -6.92429181e-02,  3.74930351e-02,  3.53863584e-03],
       [ 1.16554433e+00, -2.75929557e-02,  1.77063542e+00,
         6.90666979e-01, -6.33102209e-02,  7.00885262e-01,
         2.14053074e+00, -1.49250855e+00, -1.27446969e+00,
         2.24872620e-01, -4.10862272e-02,  1.72920884e-01,
         1.30891939e-02,  1.17760124e-01,  7.10493010e-02,
         1.79165177e-03,  7.89610025e-02,  9.28607005e-02],
       [ 1.77267460e+00,  2.40247448e-01,  6.90666979e-01,
         9.36998441e-01,  9.71370205e-02,  7.85895382e-02,
         2.27989626e+00,  1.58196966e-02, -1.42848265e+00,
         2.82288600e-01,  3.43102564e-01, -1.38047272e-01,
        -1.54899699e-03, -8.50942285e-02, -6.24248221e-02,
         2.83968096e-02, -1.21207358e-03,  2.89392608e-02],
       [ 1.55357859e-01,  6.67325271e-01, -6.33102209e-02,
         9.71370205e-02,  3.62088858e-01, -9.57100865e-02,
         5.94743611e-01,  7.11087572e-01,  3.81426869e-01,
         2.09901127e-01,  2.64853026e-01, -5.95415570e-02,
        -9.02000146e-02, -2.38855943e-02, -8.00515391e-02,
        -5.08979707e-02,  5.47228756e-03,  5.42492153e-03],
       [ 7.54647368e-02, -1.25146319e-01,  7.00885262e-01,
         7.85895382e-02, -9.57100865e-02,  3.63648307e-01,
         1.73604824e-01, -9.78335130e-01, -1.73892523e-01,
        -3.34858129e-02, -1.80838701e-01,  1.49589221e-01,
         5.03885554e-02,  1.07994527e-01,  6.66557758e-02,
         9.36582051e-03,  5.96406926e-02,  2.80981274e-02],
       [ 4.07083090e+00,  7.30549167e-01,  2.14053074e+00,
         2.27989626e+00,  5.94743611e-01,  1.73604824e-01,
         1.07852076e+01,  2.76528160e+00, -3.06801563e+00,
         8.17682946e-01,  1.58612248e+00, -4.92597017e-01,
        -4.50081737e-01, -4.34636054e-01, -2.56010358e-01,
        -1.62480216e-01, -2.54251259e-01,  2.07157961e-01],
       [ 1.80195277e-01,  6.98851249e-01, -1.49250855e+00,
         1.58196966e-02,  7.11087572e-01, -9.78335130e-01,
         2.76528160e+00,  6.69129429e+00,  1.12224962e+00,
         3.75375609e-01,  1.00810030e+00, -1.04555984e+00,
        -4.03959263e-01, -4.45170232e-01, -1.70681370e-01,
        -9.26147113e-02, -2.53928213e-01,  3.59394449e-02],
       [-2.86822307e+00,  5.69901772e-01, -1.27446969e+00,
        -1.42848265e+00,  3.81426869e-01, -1.73892523e-01,
        -3.06801563e+00,  1.12224962e+00,  5.01889671e+00,
        -4.94514933e-01,  2.98637667e-01, -3.71690889e-02,
         1.44237360e-02,  7.45584633e-02, -7.90436450e-02,
        -1.01219322e-01,  9.32648408e-02, -1.41086739e-01],
       [ 5.46446328e-01,  4.34979324e-01,  2.24872620e-01,
         2.82288600e-01,  2.09901127e-01, -3.34858129e-02,
         8.17682946e-01,  3.75375609e-01, -4.94514933e-01,
         9.39478408e-01,  1.44951389e-01, -2.17608632e-02,
        -2.28261942e-01, -2.45667819e-02,  5.73736504e-02,
        -2.90575328e-02,  1.19789810e-02,  2.06157945e-01],
       [ 6.12883823e-01,  4.16240150e-01, -4.10862272e-02,
         3.43102564e-01,  2.64853026e-01, -1.80838701e-01,
         1.58612248e+00,  1.00810030e+00,  2.98637667e-01,
         1.44951389e-01,  8.19199315e-01, -2.14668932e-01,
        -9.31931016e-02, -1.84362442e-01, -1.67379899e-01,
        -5.78574208e-02, -3.52663516e-02, -4.56848035e-02],
       [-3.15966064e-01, -5.85984996e-02,  1.72920884e-01,
        -1.38047272e-01, -5.95415570e-02,  1.49589221e-01,
        -4.92597017e-01, -1.04555984e+00, -3.71690889e-02,
        -2.17608632e-02, -2.14668932e-01,  4.29768791e-01,
         2.30298106e-03,  1.24310743e-01,  2.10608366e-03,
        -4.42986583e-02,  5.80702469e-02,  2.32876791e-02],
       [-1.27932630e-02, -1.20248246e-01,  1.30891939e-02,
        -1.54899699e-03, -9.02000146e-02,  5.03885554e-02,
        -4.50081737e-01, -4.03959263e-01,  1.44237360e-02,
        -2.28261942e-01, -9.31931016e-02,  2.30298106e-03,
         1.23362801e-01,  2.98989125e-02, -5.73297747e-04,
         5.50403956e-02,  2.82369700e-02, -6.14203687e-02],
       [-1.85443473e-01, -1.70249594e-02,  1.17760124e-01,
        -8.50942285e-02, -2.38855943e-02,  1.07994527e-01,
        -4.34636054e-01, -4.45170232e-01,  7.45584633e-02,
        -2.45667819e-02, -1.84362442e-01,  1.24310743e-01,
         2.98989125e-02,  9.54434845e-02,  3.16892328e-02,
         3.70559251e-03,  5.67149678e-02,  9.07956631e-03],
       [-1.06857724e-01, -1.41359703e-01,  7.10493010e-02,
        -6.24248221e-02, -8.00515391e-02,  6.66557758e-02,
        -2.56010358e-01, -1.70681370e-01, -7.90436450e-02,
         5.73736504e-02, -1.67379899e-01,  2.10608366e-03,
        -5.73297747e-04,  3.16892328e-02,  8.17386518e-02,
         1.85623228e-02,  5.32160067e-03,  5.51407781e-02],
       [ 5.81253639e-02, -6.92429181e-02,  1.79165177e-03,
         2.83968096e-02, -5.08979707e-02,  9.36582051e-03,
        -1.62480216e-01, -9.26147113e-02, -1.01219322e-01,
        -2.90575328e-02, -5.78574208e-02, -4.42986583e-02,
         5.50403956e-02,  3.70559251e-03,  1.85623228e-02,
         4.98890855e-02,  7.83931263e-03, -9.34908362e-03],
       [-2.32930194e-02,  3.74930351e-02,  7.89610025e-02,
        -1.21207358e-03,  5.47228756e-03,  5.96406926e-02,
        -2.54251259e-01, -2.53928213e-01,  9.32648408e-02,
         1.19789810e-02, -3.52663516e-02,  5.80702469e-02,
         2.82369700e-02,  5.67149678e-02,  5.32160067e-03,
         7.83931263e-03,  5.94913056e-02, -2.19873521e-03],
       [ 5.74129214e-02,  3.53863584e-03,  9.28607005e-02,
         2.89392608e-02,  5.42492153e-03,  2.80981274e-02,
         2.07157961e-01,  3.59394449e-02, -1.41086739e-01,
         2.06157945e-01, -4.56848035e-02,  2.32876791e-02,
        -6.14203687e-02,  9.07956631e-03,  5.51407781e-02,
        -9.34908362e-03, -2.19873521e-03,  8.69768394e-02]])
      jac: array([ 3.49461201e-06,  9.86618195e-07, -2.09573100e-06, -8.03838477e-06,
       -8.99280650e-07,  4.97231885e-06,  5.09222294e-07, -2.57201667e-07,
       -2.86807615e-07,  7.98250355e-07, -2.94579176e-07, -1.62277599e-06,
        3.88578059e-06, -7.73455374e-07, -5.56628817e-06, -3.31105513e-06,
        3.31216536e-07,  3.91205586e-06])
  message: 'Optimization terminated successfully.'
     nfev: 1463
      nit: 65
     njev: 77
   status: 0
  success: True
        x: array([-1.78113038, -1.28378068,  0.61857876, -1.54114386, -1.32898132,
        0.35185537, -0.59598573, -1.61470951,  1.19033295, -0.02075646,
        0.5043315 ,  1.17100681,  0.10299509,  0.28497069, -0.24092726,
        1.33425471,  0.10944207,  0.00811586])
