Program Begingeth
      fun: 0.20909790237323397
 hess_inv: array([[ 6.63862916e-01, -5.23679703e-02, -1.71871308e-02,
         6.28543121e-03,  9.09821657e-02,  4.26058270e-01,
        -5.82920031e-01, -2.15441528e-01,  1.37191762e+00,
         2.70801418e-01,  4.89899722e-01,  7.94146907e-01,
        -2.95354439e-01,  2.33511267e-03,  5.31095710e-02,
        -9.83232205e-03, -2.15109315e-02, -1.49093696e-01],
       [-5.23679703e-02,  2.24563463e-01, -2.77515805e-02,
        -2.96281231e-02, -5.29528084e-03, -2.54172982e-01,
         2.84516290e-01,  2.77816590e-01, -8.78498692e-01,
        -1.60292079e-01, -1.53537052e-01, -4.75036335e-01,
         1.98670121e-02, -5.72679778e-02, -1.13738110e-01,
         1.49185992e-02,  3.61783300e-02, -5.43135029e-02],
       [-1.71871308e-02, -2.77515805e-02,  1.42524811e-01,
         2.69559048e-03,  6.39997729e-02,  7.44655562e-02,
        -7.57586802e-02,  8.43505654e-02,  3.15022442e-01,
         6.98006974e-02,  1.44128513e-01,  1.41437398e-01,
         1.27867341e-02,  5.76495000e-02, -1.04545657e-02,
         1.73437485e-02,  2.98246089e-02,  3.81950321e-02],
       [ 6.28543121e-03, -2.96281231e-02,  2.69559048e-03,
         3.69632367e-01,  6.77786443e-02,  1.97635224e-01,
         2.49376806e-01, -1.49308983e-01,  1.26190827e+00,
         1.05644944e+00,  2.00902618e-01,  4.93408957e-01,
         1.58006092e-01,  3.32197742e-03,  1.48539125e-02,
         6.60094818e-02, -6.09095573e-02,  2.02198893e-02],
       [ 9.09821657e-02, -5.29528084e-03,  6.39997729e-02,
         6.77786443e-02,  1.57404422e-01,  1.78791389e-01,
        -1.65914878e-01,  1.60421565e-01,  9.70476910e-01,
         3.26707557e-01,  4.62115048e-01,  2.94609193e-01,
        -1.75641053e-02,  5.32576348e-02,  2.22356412e-02,
         2.00757127e-02,  1.31309884e-02,  3.03396267e-03],
       [ 4.26058270e-01, -2.54172982e-01,  7.44655562e-02,
         1.97635224e-01,  1.78791389e-01,  9.78773889e-01,
        -1.34183442e+00, -8.46264084e-01,  3.94882694e+00,
         1.11454117e+00,  1.07421867e+00,  1.98888578e+00,
        -1.44404554e-01,  5.39296387e-02,  2.23724369e-01,
        -1.35772020e-02, -6.75663515e-02, -1.01855091e-02],
       [-5.82920031e-01,  2.84516290e-01, -7.57586802e-02,
         2.49376806e-01, -1.65914878e-01, -1.34183442e+00,
         3.33689678e+00,  1.32456139e+00, -4.74054829e+00,
        -4.35153736e-01, -1.52670650e+00, -2.70741796e+00,
         4.35657172e-01, -7.89744381e-03, -3.35386054e-01,
         1.14897087e-01,  3.25396409e-02,  6.26546482e-02],
       [-2.15441528e-01,  2.77816590e-01,  8.43505654e-02,
        -1.49308983e-01,  1.60421565e-01, -8.46264084e-01,
         1.32456139e+00,  2.30129865e+00, -3.08703654e+00,
        -7.69519741e-01, -4.63316369e-01, -1.92741907e+00,
         4.80676837e-02,  6.71602539e-02, -2.46476490e-01,
         3.92161906e-02,  1.10763203e-01, -9.84123786e-03],
       [ 1.37191762e+00, -8.78498692e-01,  3.15022442e-01,
         1.26190827e+00,  9.70476910e-01,  3.94882694e+00,
        -4.74054829e+00, -3.08703654e+00,  1.81121966e+01,
         5.93408038e+00,  4.85378313e+00,  7.79837012e+00,
        -2.82465683e-01,  2.78124902e-01,  8.44206774e-01,
         3.46167146e-02, -2.60303094e-01,  1.58424268e-02],
       [ 2.70801418e-01, -1.60292079e-01,  6.98006974e-02,
         1.05644944e+00,  3.26707557e-01,  1.11454117e+00,
        -4.35153736e-01, -7.69519741e-01,  5.93408038e+00,
         3.57960813e+00,  1.29681434e+00,  2.47490615e+00,
         2.74268178e-01,  4.16221779e-02,  1.42152140e-01,
         1.44292701e-01, -1.64920032e-01,  2.09039253e-02],
       [ 4.89899722e-01, -1.53537052e-01,  1.44128513e-01,
         2.00902618e-01,  4.62115048e-01,  1.07421867e+00,
        -1.52670650e+00, -4.63316369e-01,  4.85378313e+00,
         1.29681434e+00,  1.93633601e+00,  2.02160073e+00,
        -1.83605487e-01,  1.09151869e-01,  2.20601134e-01,
         6.05058798e-03, -1.96355786e-02, -1.39168797e-02],
       [ 7.94146907e-01, -4.75036335e-01,  1.41437398e-01,
         4.93408957e-01,  2.94609193e-01,  1.98888578e+00,
        -2.70741796e+00, -1.92741907e+00,  7.79837012e+00,
         2.47490615e+00,  2.02160073e+00,  4.28503609e+00,
        -2.00931629e-01,  4.91564683e-02,  4.16642540e-01,
        -2.57179477e-03, -1.72001101e-01, -2.70425669e-02],
       [-2.95354439e-01,  1.98670121e-02,  1.27867341e-02,
         1.58006092e-01, -1.75641053e-02, -1.44404554e-01,
         4.35657172e-01,  4.80676837e-02, -2.82465683e-01,
         2.74268178e-01, -1.83605487e-01, -2.00931629e-01,
         2.27763945e-01, -3.59864888e-03, -2.92165556e-02,
         5.64882619e-02, -2.22165052e-02,  7.66941005e-02],
       [ 2.33511267e-03, -5.72679778e-02,  5.76495000e-02,
         3.32197742e-03,  5.32576348e-02,  5.39296387e-02,
        -7.89744381e-03,  6.71602539e-02,  2.78124902e-01,
         4.16221779e-02,  1.09151869e-01,  4.91564683e-02,
        -3.59864888e-03,  6.41059007e-02,  2.02000801e-02,
         3.94782831e-03,  2.25860977e-02,  2.90837785e-02],
       [ 5.31095710e-02, -1.13738110e-01, -1.04545657e-02,
         1.48539125e-02,  2.22356412e-02,  2.23724369e-01,
        -3.35386054e-01, -2.46476490e-01,  8.44206774e-01,
         1.42152140e-01,  2.20601134e-01,  4.16642540e-01,
        -2.92165556e-02,  2.02000801e-02,  9.97699722e-02,
        -1.76329509e-02, -2.40346916e-02,  3.16690310e-02],
       [-9.83232205e-03,  1.49185992e-02,  1.73437485e-02,
         6.60094818e-02,  2.00757127e-02, -1.35772020e-02,
         1.14897087e-01,  3.92161906e-02,  3.46167146e-02,
         1.44292701e-01,  6.05058798e-03, -2.57179477e-03,
         5.64882619e-02,  3.94782831e-03, -1.76329509e-02,
         4.06987780e-02, -7.64678493e-03,  6.19438823e-03],
       [-2.15109315e-02,  3.61783300e-02,  2.98246089e-02,
        -6.09095573e-02,  1.31309884e-02, -6.75663515e-02,
         3.25396409e-02,  1.10763203e-01, -2.60303094e-01,
        -1.64920032e-01, -1.96355786e-02, -1.72001101e-01,
        -2.22165052e-02,  2.25860977e-02, -2.40346916e-02,
        -7.64678493e-03,  4.07098910e-02, -3.86372130e-04],
       [-1.49093696e-01, -5.43135029e-02,  3.81950321e-02,
         2.02198893e-02,  3.03396267e-03, -1.01855091e-02,
         6.26546482e-02, -9.84123786e-03,  1.58424268e-02,
         2.09039253e-02, -1.39168797e-02, -2.70425669e-02,
         7.66941005e-02,  2.90837785e-02,  3.16690310e-02,
         6.19438823e-03, -3.86372130e-04,  7.44861772e-02]])
      jac: array([ 0.00443375, -0.00090973, -0.00156367,  0.00647356, -0.00209356,
       -0.01036967, -0.00164484,  0.00066896,  0.00156514, -0.00235711,
       -0.00060114,  0.00203363,  0.00297121, -0.00057356, -0.00339217,
       -0.00625976,  0.00374765,  0.00739945])
  message: 'Maximum number of iterations has been exceeded.'
     nfev: 2204
      nit: 100
     njev: 116
   status: 1
  success: False
        x: array([ 0.02191848,  0.30354035,  0.76705063,  1.62855758, -0.44552597,
       -0.10281784,  2.42904137, -0.15931438,  0.42623364,  2.01568473,
       -0.45482019, -0.56610379,  0.13066381,  0.20946978, -0.28517191,
       -1.21855332, -0.36902748,  0.05251482])
