Program Begingeth
      fun: 0.2801694556571883
 hess_inv: array([[ 1.32575204e+01, -1.66205869e+00,  1.75608542e-01,
         2.30675644e+00, -1.43937098e+00,  6.28621451e-01,
         2.60521103e+00, -1.21800928e+00,  3.90425607e+00,
        -1.91569355e+00,  1.42268879e-01,  9.34640047e-01,
        -3.11138761e+00,  2.47339435e-01, -1.13015870e-01,
        -1.79336565e-01,  1.31784120e+00, -2.64126046e-01],
       [-1.66205869e+00,  3.86167722e+00,  1.75117002e-01,
         1.05535532e-02,  1.11187492e+00,  1.50150051e-01,
         3.92158497e-01,  2.46352037e+00,  1.01113422e+00,
         4.12517829e-01, -3.61673792e-01, -1.70582074e+00,
         4.35052348e-01, -6.80879498e-01,  4.18402086e-01,
        -2.15567964e-01, -1.31958947e-01,  4.93149562e-02],
       [ 1.75608542e-01,  1.75117002e-01,  4.94142793e+00,
        -4.53492719e-01, -2.14051832e-01,  1.24796584e+00,
        -4.57432876e+00, -1.90758728e+00,  1.74296571e+00,
        -3.50529300e-02,  1.91801460e+00, -8.27858232e-01,
        -2.21060569e-01, -5.12347915e-01, -7.24229843e-01,
        -2.49273606e-02,  9.55670301e-02,  3.30464034e-02],
       [ 2.30675644e+00,  1.05535532e-02, -4.53492719e-01,
         5.62475919e-01, -1.63095688e-01, -3.08572130e-02,
         1.55853618e+00,  5.52180475e-02,  7.41020159e-01,
        -3.69555880e-01, -1.10991858e-01,  6.60146198e-02,
        -4.47984274e-01, -1.01914020e-02,  5.51729851e-02,
        -2.65480839e-02,  1.89274379e-01, -5.11909904e-02],
       [-1.43937098e+00,  1.11187492e+00, -2.14051832e-01,
        -1.63095688e-01,  4.55792137e-01, -5.15098272e-02,
         2.52337309e-02,  1.18852327e+00, -1.16871186e-01,
         3.43635260e-01, -1.82828746e-01, -4.20942852e-01,
         3.42028846e-01, -1.44602436e-01,  1.58162383e-01,
        -2.62400661e-02, -1.32383113e-01,  2.67853524e-02],
       [ 6.28621451e-01,  1.50150051e-01,  1.24796584e+00,
        -3.08572130e-02, -5.15098272e-02,  4.30797037e-01,
        -1.30090133e+00, -1.87594358e-01,  9.23562865e-01,
         9.45221058e-02,  3.47955584e-01, -2.10651321e-01,
        -2.48900575e-01, -1.21287509e-01, -1.10610481e-01,
        -3.61207161e-02,  8.05244396e-02, -4.12602978e-03],
       [ 2.60521103e+00,  3.92158497e-01, -4.57432876e+00,
         1.55853618e+00,  2.52337309e-02, -1.30090133e+00,
         1.01122274e+01,  1.31132161e+00,  6.41488636e-02,
        -5.01516380e-01, -9.21531614e-01,  3.38025428e-01,
        -1.16282424e-01, -5.77643718e-05,  3.92595147e-01,
         7.10551999e-03,  2.47886379e-02, -1.87629829e-01],
       [-1.21800928e+00,  2.46352037e+00, -1.90758728e+00,
         5.52180475e-02,  1.18852327e+00, -1.87594358e-01,
         1.31132161e+00,  6.39595600e+00,  2.85377434e-01,
         1.36470525e+00, -7.10181648e-01, -6.29434647e-01,
         9.55350880e-02, -2.32761311e-01,  6.67545113e-01,
        -1.13290537e-01, -1.56141726e-01, -8.46190321e-02],
       [ 3.90425607e+00,  1.01113422e+00,  1.74296571e+00,
         7.41020159e-01, -1.16871186e-01,  9.23562865e-01,
         6.41488636e-02,  2.85377434e-01,  4.81885408e+00,
         1.15431680e-02,  5.54632089e-01, -4.51551237e-01,
        -9.83462750e-01, -4.69242846e-01, -1.47677993e-01,
        -1.31879788e-01,  3.01006282e-01, -1.57615253e-01],
       [-1.91569355e+00,  4.12517829e-01, -3.50529300e-02,
        -3.69555880e-01,  3.43635260e-01,  9.45221058e-02,
        -5.01516380e-01,  1.36470525e+00,  1.15431680e-02,
         1.68241921e+00,  1.55039114e-01, -2.13603754e-01,
         9.54498838e-02, -1.20466486e-01,  1.79018608e-02,
         2.54552817e-03, -2.29755434e-01, -1.93212036e-01],
       [ 1.42268879e-01, -3.61673792e-01,  1.91801460e+00,
        -1.10991858e-01, -1.82828746e-01,  3.47955584e-01,
        -9.21531614e-01, -7.10181648e-01,  5.54632089e-01,
         1.55039114e-01,  1.58616880e+00, -2.10227719e-01,
        -1.09658819e-01, -3.25026367e-01, -5.40274046e-01,
         4.52706526e-02,  1.14683591e-02, -1.44937443e-01],
       [ 9.34640047e-01, -1.70582074e+00, -8.27858232e-01,
         6.60146198e-02, -4.20942852e-01, -2.10651321e-01,
         3.38025428e-01, -6.29434647e-01, -4.51551237e-01,
        -2.13603754e-01, -2.10227719e-01,  1.21311048e+00,
        -2.09144235e-01,  4.55184316e-01, -1.07079397e-01,
         1.27862987e-01,  1.11196773e-01, -9.91698265e-03],
       [-3.11138761e+00,  4.35052348e-01, -2.21060569e-01,
        -4.47984274e-01,  3.42028846e-01, -2.48900575e-01,
        -1.16282424e-01,  9.55350880e-02, -9.83462750e-01,
         9.54498838e-02, -1.09658819e-01, -2.09144235e-01,
         8.96178928e-01, -5.79774163e-02,  4.26544379e-02,
         8.49227753e-02, -3.30970614e-01,  1.17286266e-01],
       [ 2.47339435e-01, -6.80879498e-01, -5.12347915e-01,
        -1.01914020e-02, -1.44602436e-01, -1.21287509e-01,
        -5.77643718e-05, -2.32761311e-01, -4.69242846e-01,
        -1.20466486e-01, -3.25026367e-01,  4.55184316e-01,
        -5.79774163e-02,  2.65887015e-01,  4.64686236e-02,
         4.07943077e-02,  5.50303248e-02,  3.28541646e-02],
       [-1.13015870e-01,  4.18402086e-01, -7.24229843e-01,
         5.51729851e-02,  1.58162383e-01, -1.10610481e-01,
         3.92595147e-01,  6.67545113e-01, -1.47677993e-01,
         1.79018608e-02, -5.40274046e-01, -1.07079397e-01,
         4.26544379e-02,  4.64686236e-02,  2.63302498e-01,
        -4.10696189e-02, -1.61840808e-02,  5.50887329e-02],
       [-1.79336565e-01, -2.15567964e-01, -2.49273606e-02,
        -2.65480839e-02, -2.62400661e-02, -3.61207161e-02,
         7.10551999e-03, -1.13290537e-01, -1.31879788e-01,
         2.54552817e-03,  4.52706526e-02,  1.27862987e-01,
         8.49227753e-02,  4.07943077e-02, -4.10696189e-02,
         5.74019705e-02, -2.78990507e-02,  3.80691238e-03],
       [ 1.31784120e+00, -1.31958947e-01,  9.55670301e-02,
         1.89274379e-01, -1.32383113e-01,  8.05244396e-02,
         2.47886379e-02, -1.56141726e-01,  3.01006282e-01,
        -2.29755434e-01,  1.14683591e-02,  1.11196773e-01,
        -3.30970614e-01,  5.50303248e-02, -1.61840808e-02,
        -2.78990507e-02,  1.76173717e-01, -1.55276186e-02],
       [-2.64126046e-01,  4.93149562e-02,  3.30464034e-02,
        -5.11909904e-02,  2.67853524e-02, -4.12602978e-03,
        -1.87629829e-01, -8.46190321e-02, -1.57615253e-01,
        -1.93212036e-01, -1.44937443e-01, -9.91698265e-03,
         1.17286266e-01,  3.28541646e-02,  5.50887329e-02,
         3.80691238e-03, -1.55276186e-02,  8.58418678e-02]])
      jac: array([-1.47141558e-06,  6.66133815e-07,  5.81016716e-08,  5.06150677e-06,
       -1.47881707e-06, -1.09912079e-07, -3.87837910e-07,  1.29155945e-07,
        8.51170986e-09, -5.01820807e-07,  4.83687164e-07,  2.02060591e-07,
       -2.75964436e-06,  2.60125255e-06, -1.83556873e-07,  7.21644966e-07,
       -1.32412599e-06, -7.77156117e-09])
  message: 'Optimization terminated successfully.'
     nfev: 1520
      nit: 72
     njev: 80
   status: 0
  success: True
        x: array([ 0.59261971, -0.56780534,  0.04429551,  1.41083175, -0.64359379,
       -0.07987245,  1.93964511, -0.81622603, -1.00993593, -0.04019677,
        0.42349877,  1.03427426,  0.07599503,  0.18806191, -0.23113365,
       -1.34430652, -0.47260122,  0.03633962])
