Program Begingeth
      fun: 0.24719287866948453
 hess_inv: array([[ 3.41927107e+00,  4.95832183e-01,  1.09255962e+00,
         1.76299971e+00,  2.17303766e-01,  4.15898394e-02,
         4.25595991e+00,  6.45414108e-01, -2.58882249e+00,
         5.05880954e-01,  5.98088554e-01, -3.38964139e-01,
        -2.88585923e-02, -1.89929082e-01, -1.14305354e-01,
         6.24897002e-02, -3.04259237e-02,  6.68686329e-02],
       [ 4.95832183e-01,  1.32010088e+00,  2.88301611e-02,
         2.95365701e-01,  6.54986531e-01, -1.05328623e-01,
         8.55486387e-01,  6.95068441e-01,  6.33434939e-01,
         4.80558195e-01,  4.09551360e-01, -8.29739272e-02,
        -1.24614803e-01,  1.49039554e-03, -1.23655529e-01,
        -6.79937001e-02,  5.87764156e-02,  2.39359046e-02],
       [ 1.09255962e+00,  2.88301611e-02,  1.73627464e+00,
         6.49379440e-01, -2.58019129e-02,  7.05052578e-01,
         2.04356073e+00, -1.44062093e+00, -1.13592080e+00,
         2.15103200e-01, -5.84372073e-02,  2.20934080e-01,
        -3.91405804e-04,  1.34650716e-01,  8.37085658e-02,
        -1.17989701e-02,  8.37273626e-02,  1.11866883e-01],
       [ 1.76299971e+00,  2.95365701e-01,  6.49379440e-01,
         9.28946213e-01,  1.32119257e-01,  6.10808381e-02,
         2.37623875e+00,  2.37301775e-01, -1.26055155e+00,
         2.60428894e-01,  3.40031545e-01, -1.48829548e-01,
        -1.04304403e-02, -8.73559513e-02, -6.61228815e-02,
         2.90498032e-02, -4.74126065e-03,  3.45208540e-02],
       [ 2.17303766e-01,  6.54986531e-01, -2.58019129e-02,
         1.32119257e-01,  3.58478586e-01, -8.61565180e-02,
         7.36481045e-01,  7.29380482e-01,  4.17059877e-01,
         2.35631740e-01,  2.64487044e-01, -8.49622066e-02,
        -9.85239089e-02, -1.82040165e-02, -7.05539161e-02,
        -5.25205414e-02,  1.24900937e-02,  1.88538394e-02],
       [ 4.15898394e-02, -1.05328623e-01,  7.05052578e-01,
         6.10808381e-02, -8.61565180e-02,  3.78178943e-01,
         4.69528958e-02, -1.06343532e+00, -1.73448105e-01,
        -3.34823004e-02, -1.96437034e-01,  1.89531996e-01,
         5.19803955e-02,  1.21768497e-01,  7.51016858e-02,
         3.77044707e-03,  6.60831721e-02,  3.43577041e-02],
       [ 4.25595991e+00,  8.55486387e-01,  2.04356073e+00,
         2.37623875e+00,  7.36481045e-01,  4.69528958e-02,
         1.28414908e+01,  4.06835659e+00, -2.44343483e+00,
         7.79941179e-01,  1.78815214e+00, -7.22667967e-01,
        -6.03153384e-01, -5.46381360e-01, -2.70361935e-01,
        -2.05576161e-01, -3.53470970e-01,  2.90862877e-01],
       [ 6.45414108e-01,  6.95068441e-01, -1.44062093e+00,
         2.37301775e-01,  7.29380482e-01, -1.06343532e+00,
         4.06835659e+00,  7.36619761e+00,  1.10311711e+00,
         4.83746660e-01,  1.13679896e+00, -1.30332951e+00,
        -5.02141058e-01, -5.30330872e-01, -1.94282525e-01,
        -1.14412940e-01, -3.00678566e-01,  6.98941127e-02],
       [-2.58882249e+00,  6.33434939e-01, -1.13592080e+00,
        -1.26055155e+00,  4.17059877e-01, -1.73448105e-01,
        -2.44343483e+00,  1.10311711e+00,  5.03705139e+00,
        -3.54739346e-01,  5.47645397e-01, -1.59383504e-01,
        -1.90511176e-02,  3.02041600e-02, -1.08822787e-01,
        -1.25259477e-01,  1.00114189e-01, -1.38571219e-01],
       [ 5.05880954e-01,  4.80558195e-01,  2.15103200e-01,
         2.60428894e-01,  2.35631740e-01, -3.34823004e-02,
         7.79941179e-01,  4.83746660e-01, -3.54739346e-01,
         9.95868184e-01,  1.10063455e-01, -1.99801810e-02,
        -2.50961646e-01,  6.97554758e-04,  6.98883399e-02,
        -4.15108629e-02,  3.14685152e-02,  2.31418571e-01],
       [ 5.98088554e-01,  4.09551360e-01, -5.84372073e-02,
         3.40031545e-01,  2.64487044e-01, -1.96437034e-01,
         1.78815214e+00,  1.13679896e+00,  5.47645397e-01,
         1.10063455e-01,  9.08188799e-01, -2.84274548e-01,
        -9.54467665e-02, -2.14434743e-01, -1.89207156e-01,
        -5.51283647e-02, -4.42790139e-02, -6.06810961e-02],
       [-3.38964139e-01, -8.29739272e-02,  2.20934080e-01,
        -1.48829548e-01, -8.49622066e-02,  1.89531996e-01,
        -7.22667967e-01, -1.30332951e+00, -1.59383504e-01,
        -1.99801810e-02, -2.84274548e-01,  4.74667470e-01,
         2.24192270e-02,  1.49153016e-01,  2.34230800e-02,
        -3.61967848e-02,  6.93509808e-02,  2.84048332e-02],
       [-2.88585923e-02, -1.24614803e-01, -3.91405804e-04,
        -1.04304403e-02, -9.85239089e-02,  5.19803955e-02,
        -6.03153384e-01, -5.02141058e-01, -1.90511176e-02,
        -2.50961646e-01, -9.54467665e-02,  2.24192270e-02,
         1.40930499e-01,  3.05225727e-02, -5.11630500e-03,
         6.11230274e-02,  3.03656112e-02, -7.51064894e-02],
       [-1.89929082e-01,  1.49039554e-03,  1.34650716e-01,
        -8.73559513e-02, -1.82040165e-02,  1.21768497e-01,
        -5.46381360e-01, -5.30330872e-01,  3.02041600e-02,
         6.97554758e-04, -2.14434743e-01,  1.49153016e-01,
         3.05225727e-02,  1.12277259e-01,  4.26128634e-02,
         7.02944174e-04,  6.65985277e-02,  1.72516650e-02],
       [-1.14305354e-01, -1.23655529e-01,  8.37085658e-02,
        -6.61228815e-02, -7.05539161e-02,  7.51016858e-02,
        -2.70361935e-01, -1.94282525e-01, -1.08822787e-01,
         6.98883399e-02, -1.89207156e-01,  2.34230800e-02,
        -5.11630500e-03,  4.26128634e-02,  8.82601011e-02,
         1.36733118e-02,  8.57845024e-03,  6.35218309e-02],
       [ 6.24897002e-02, -6.79937001e-02, -1.17989701e-02,
         2.90498032e-02, -5.25205414e-02,  3.77044707e-03,
        -2.05576161e-01, -1.14412940e-01, -1.25259477e-01,
        -4.15108629e-02, -5.51283647e-02, -3.61967848e-02,
         6.11230274e-02,  7.02944174e-04,  1.36733118e-02,
         5.19588088e-02,  6.34709187e-03, -1.63152285e-02],
       [-3.04259237e-02,  5.87764156e-02,  8.37273626e-02,
        -4.74126065e-03,  1.24900937e-02,  6.60831721e-02,
        -3.53470970e-01, -3.00678566e-01,  1.00114189e-01,
         3.14685152e-02, -4.42790139e-02,  6.93509808e-02,
         3.03656112e-02,  6.65985277e-02,  8.57845024e-03,
         6.34709187e-03,  6.83758975e-02, -5.33498617e-04],
       [ 6.68686329e-02,  2.39359046e-02,  1.11866883e-01,
         3.45208540e-02,  1.88538394e-02,  3.43577041e-02,
         2.90862877e-01,  6.98941127e-02, -1.38571219e-01,
         2.31418571e-01, -6.06810961e-02,  2.84048332e-02,
        -7.51064894e-02,  1.72516650e-02,  6.35218309e-02,
        -1.63152285e-02, -5.33498617e-04,  1.02533148e-01]])
      jac: array([-2.21859568e-07,  1.81336427e-07,  6.47815135e-07,  5.58257144e-07,
       -1.39518027e-07, -1.47123055e-06,  4.99600361e-09,  6.69834558e-08,
        1.16943492e-07, -1.00290147e-07,  2.77555756e-09,  4.16518671e-07,
       -5.30686606e-07, -2.48504920e-07,  2.12829754e-06,  2.86252503e-07,
        6.05996734e-07, -1.37297581e-06])
  message: 'Optimization terminated successfully.'
     nfev: 1520
      nit: 66
     njev: 80
   status: 0
  success: True
        x: array([-1.76216788, -1.18212536,  0.59491154, -1.52993316, -1.22543403,
        0.33586414, -0.54848199, -1.46300744,  1.20235856, -0.00647285,
        0.53789365,  1.16527568,  0.10646258,  0.28894338, -0.24730844,
        1.3248641 ,  0.07111305,  0.00686808])
