Program Begingeth
      fun: 0.24503753842859657
 hess_inv: array([[ 5.56891143e+00, -9.28644051e-01,  1.05674831e+00,
         2.16478744e+00, -5.42758129e-01,  5.52502078e-01,
         3.54986868e+00, -9.45784985e-01, -6.42638291e+00,
         3.82812972e-01, -3.73849392e-01,  5.17551050e-01,
        -5.17188943e-01,  2.18727064e-01, -2.85188024e-02,
        -3.38687869e-02,  3.11260170e-01, -6.44585233e-01],
       [-9.28644051e-01,  3.05486165e+00,  3.65075452e-01,
        -5.62612364e-02,  1.27793851e+00, -5.90737534e-01,
         8.37146934e-01,  7.04670645e-01, -2.18039780e+00,
        -3.95827182e-01,  5.14600961e-01, -1.10304443e+00,
         4.70867057e-01, -2.58871069e-01, -2.71921769e-01,
         1.48259903e-01, -1.30714210e-01,  1.04400703e-01],
       [ 1.05674831e+00,  3.65075452e-01,  1.43445187e+00,
         4.50833174e-01,  2.94596856e-01,  4.39453173e-01,
         1.94718976e+00,  7.56063824e-01, -1.77724976e+00,
         7.21853464e-02,  4.46984912e-01, -1.14571381e-01,
        -3.24642333e-02,  1.11562425e-01, -1.27070029e-01,
         1.52517351e-01,  1.67033530e-01, -1.51236418e-01],
       [ 2.16478744e+00, -5.62612364e-02,  4.50833174e-01,
         9.91901987e-01, -8.42276984e-02,  1.64164295e-01,
         2.11708890e+00, -6.93782876e-01, -2.86906975e+00,
         1.93152699e-01, -1.50487897e-01,  9.58993791e-02,
        -7.84378429e-02,  3.51260011e-02, -2.87325487e-03,
         3.41050813e-02,  1.93631545e-02, -2.13545215e-01],
       [-5.42758129e-01,  1.27793851e+00,  2.94596856e-01,
        -8.42276984e-02,  6.17881133e-01, -1.93997678e-01,
         4.61080267e-01,  7.52289106e-01, -6.60874940e-01,
        -1.76262012e-01,  2.90539026e-01, -3.98630047e-01,
         2.36206133e-01, -7.65268767e-02, -1.39125235e-01,
         1.19249392e-01, -5.70259048e-02,  6.12413900e-02],
       [ 5.52502078e-01, -5.90737534e-01,  4.39453173e-01,
         1.64164295e-01, -1.93997678e-01,  3.51788023e-01,
         5.25887091e-01,  1.68710537e-02,  1.91347202e-01,
         1.48842509e-01, -4.27132102e-02,  2.34584755e-01,
        -1.25331605e-01,  1.29900776e-01,  4.78439158e-02,
         1.58218157e-02,  9.46955466e-02, -7.10044406e-02],
       [ 3.54986868e+00,  8.37146934e-01,  1.94718976e+00,
         2.11708890e+00,  4.61080267e-01,  5.25887091e-01,
         7.65751406e+00, -1.29897990e+00, -5.99609530e+00,
         6.05592926e-01,  1.88037154e-01, -7.01894702e-03,
         2.00171758e-01,  6.36980866e-02, -1.07995642e-01,
         3.20945937e-01, -1.34138607e-01, -3.15297216e-01],
       [-9.45784985e-01,  7.04670645e-01,  7.56063824e-01,
        -6.93782876e-01,  7.52289106e-01,  1.68710537e-02,
        -1.29897990e+00,  4.92906988e+00,  5.88621064e-01,
        -6.17135419e-01,  7.07227344e-01, -6.54440558e-02,
         4.38137582e-02,  1.00055036e-01, -3.16986299e-01,
         1.63238440e-01,  2.00460595e-01,  1.37963256e-02],
       [-6.42638291e+00, -2.18039780e+00, -1.77724976e+00,
        -2.86906975e+00, -6.60874940e-01,  1.91347202e-01,
        -5.99609530e+00,  5.88621064e-01,  1.35061176e+01,
        -3.05689143e-01, -3.43590501e-01,  5.89025367e-01,
         2.34035116e-01,  1.39914174e-01,  4.26199683e-01,
        -7.96012518e-02, -2.00830137e-01,  7.71799929e-01],
       [ 3.82812972e-01, -3.95827182e-01,  7.21853464e-02,
         1.93152699e-01, -1.76262012e-01,  1.48842509e-01,
         6.05592926e-01, -6.17135419e-01, -3.05689143e-01,
         6.15730301e-01, -9.91669213e-03,  1.17416851e-01,
        -1.44931302e-01, -5.17228825e-03, -1.80397101e-02,
        -3.59102542e-03, -5.62362543e-02, -1.82973008e-01],
       [-3.73849392e-01,  5.14600961e-01,  4.46984912e-01,
        -1.50487897e-01,  2.90539026e-01, -4.27132102e-02,
         1.88037154e-01,  7.07227344e-01, -3.43590501e-01,
        -9.91669213e-03,  6.85396636e-01, -2.74711556e-01,
         5.84118946e-02, -1.08393796e-01, -2.07776979e-01,
         8.95327597e-02,  2.22725061e-02, -8.95164889e-02],
       [ 5.17551050e-01, -1.10304443e+00, -1.14571381e-01,
         9.58993791e-02, -3.98630047e-01,  2.34584755e-01,
        -7.01894702e-03, -6.54440558e-02,  5.89025367e-01,
         1.17416851e-01, -2.74711556e-01,  7.02810145e-01,
        -1.32563041e-01,  1.90418796e-01,  7.02502914e-02,
         2.03873162e-02,  8.97201378e-02, -2.31267373e-02],
       [-5.17188943e-01,  4.70867057e-01, -3.24642333e-02,
        -7.84378429e-02,  2.36206133e-01, -1.25331605e-01,
         2.00171758e-01,  4.38137582e-02,  2.34035116e-01,
        -1.44931302e-01,  5.84118946e-02, -1.32563041e-01,
         2.26001961e-01, -5.51434638e-02, -4.48903807e-03,
         9.91562992e-02, -1.07366258e-01,  1.29661472e-01],
       [ 2.18727064e-01, -2.58871069e-01,  1.11562425e-01,
         3.51260011e-02, -7.65268767e-02,  1.29900776e-01,
         6.36980866e-02,  1.00055036e-01,  1.39914174e-01,
        -5.17228825e-03, -1.08393796e-01,  1.90418796e-01,
        -5.51434638e-02,  1.10112699e-01,  2.75864359e-02,
         6.00190466e-03,  8.54019391e-02, -3.28523168e-03],
       [-2.85188024e-02, -2.71921769e-01, -1.27070029e-01,
        -2.87325487e-03, -1.39125235e-01,  4.78439158e-02,
        -1.07995642e-01, -3.16986299e-01,  4.26199683e-01,
        -1.80397101e-02, -2.07776979e-01,  7.02502914e-02,
        -4.48903807e-03,  2.75864359e-02,  1.13880729e-01,
        -3.41372368e-02, -2.12738909e-02,  8.01651037e-02],
       [-3.38687869e-02,  1.48259903e-01,  1.52517351e-01,
         3.41050813e-02,  1.19249392e-01,  1.58218157e-02,
         3.20945937e-01,  1.63238440e-01, -7.96012518e-02,
        -3.59102542e-03,  8.95327597e-02,  2.03873162e-02,
         9.91562992e-02,  6.00190466e-03, -3.41372368e-02,
         1.03891590e-01, -2.59515611e-02,  1.76415666e-02],
       [ 3.11260170e-01, -1.30714210e-01,  1.67033530e-01,
         1.93631545e-02, -5.70259048e-02,  9.46955466e-02,
        -1.34138607e-01,  2.00460595e-01, -2.00830137e-01,
        -5.62362543e-02,  2.22725061e-02,  8.97201378e-02,
        -1.07366258e-01,  8.54019391e-02, -2.12738909e-02,
        -2.59515611e-02,  1.49346528e-01, -5.45099679e-02],
       [-6.44585233e-01,  1.04400703e-01, -1.51236418e-01,
        -2.13545215e-01,  6.12413900e-02, -7.10044406e-02,
        -3.15297216e-01,  1.37963256e-02,  7.71799929e-01,
        -1.82973008e-01, -8.95164889e-02, -2.31267373e-02,
         1.29661472e-01, -3.28523168e-03,  8.01651037e-02,
         1.76415666e-02, -5.45099679e-02,  1.89507658e-01]])
      jac: array([-1.24805721e-05,  2.04292139e-05, -4.52850720e-05,  1.93443409e-05,
       -4.69335682e-05,  1.09358448e-04, -1.86776520e-06,  7.06305385e-06,
       -1.07599115e-05,  4.46235641e-06,  7.87166628e-06, -2.40011714e-06,
        6.47021325e-05,  5.39697916e-06, -3.73345799e-05, -3.31334960e-05,
        2.36990057e-05,  1.64588713e-05])
  message: 'Desired error not necessarily achieved due to precision loss.'
     nfev: 2975
      nit: 97
     njev: 156
   status: 2
  success: False
        x: array([ 0.77965209, -0.95158881,  0.74956004,  1.07422447, -0.98526071,
        0.31110985,  2.01876325, -0.76118672,  0.793468  ,  0.06555888,
        0.62843207,  1.22144663,  0.04541099,  0.1645072 , -0.34514584,
       -0.88077162, -0.39702158, -0.02784201])
