Program Begingeth
      fun: 0.21425019866696596
 hess_inv: array([[ 5.32819939e+00,  1.55058013e+00, -2.08142244e+00,
        -1.40908249e+00,  4.19529033e-01, -4.91254988e-01,
        -2.64619650e+00,  5.18470656e+00, -3.01338915e+00,
         3.91885122e+00,  9.68325854e-02,  2.98691959e+00,
        -4.70822617e+00, -6.28234293e-01,  4.41083889e-02,
        -6.19369367e-01, -4.79075484e-02,  1.78139797e-01],
       [ 1.55058013e+00,  2.73599732e+00, -1.19484368e+00,
        -6.73326801e-01, -1.85292997e-01, -2.94882457e-01,
        -1.67193688e+00,  1.46652064e+00, -6.05977311e-01,
         1.55033837e+00,  1.18555879e+00,  4.99873447e-01,
        -1.68628574e+00, -1.79238401e+00,  4.01148202e-01,
        -2.16391203e-01, -1.77087656e-01,  3.74640026e-01],
       [-2.08142244e+00, -1.19484368e+00,  3.12252620e+00,
         7.93844142e-01,  2.56827015e-01, -1.08162947e-01,
         2.60346003e+00, -1.37878469e+00,  5.78336389e-01,
        -2.98206934e+00, -5.58788897e-01, -2.54736823e-01,
         2.34769437e+00,  9.18917183e-01, -1.69040441e+00,
         3.16259397e-01, -5.73045950e-02, -4.44070760e-01],
       [-1.40908249e+00, -6.73326801e-01,  7.93844142e-01,
         5.80462344e-01, -1.43286175e-01,  7.45692152e-02,
         1.06801810e+00, -2.15453130e+00,  4.96717486e-01,
        -1.28680681e+00,  6.98206043e-02, -5.15331206e-01,
         1.51896747e+00,  2.62514204e-01, -2.50099923e-01,
         2.17021453e-01, -4.26139352e-03, -1.07406453e-01],
       [ 4.19529033e-01, -1.85292997e-01,  2.56827015e-01,
        -1.43286175e-01,  2.83505288e-01, -2.71583977e-02,
         2.88968529e-01,  1.50851534e+00, -1.66034289e-01,
         1.18332457e-01, -3.74953387e-01,  3.27353928e-01,
        -3.98285986e-01,  3.68173044e-01, -2.29609451e-01,
        -5.39339347e-02,  4.68373122e-02, -5.02133153e-02],
       [-4.91254988e-01, -2.94882457e-01, -1.08162947e-01,
         7.45692152e-02, -2.71583977e-02,  1.90467177e-01,
         1.34843514e-01, -2.48892798e-01,  7.29824400e-01,
        -1.87533915e-01, -1.95567579e-01, -4.08903383e-01,
         3.40216576e-01,  1.77855739e-01,  2.93645544e-01,
         4.61012798e-02,  3.32223721e-02,  3.03696094e-02],
       [-2.64619650e+00, -1.67193688e+00,  2.60346003e+00,
         1.06801810e+00,  2.88968529e-01,  1.34843514e-01,
         4.33353059e+00, -1.42133505e+00,  1.13459815e+00,
        -2.70106217e+00, -5.66260352e-01, -6.57013925e-01,
         2.69045293e+00,  1.23572174e+00, -1.09596688e+00,
         3.40624859e-01,  5.75546686e-02, -3.22460997e-01],
       [ 5.18470656e+00,  1.46652064e+00, -1.37878469e+00,
        -2.15453130e+00,  1.50851534e+00, -2.48892798e-01,
        -1.42133505e+00,  1.36365216e+01, -1.83877262e+00,
         4.07722618e+00, -8.56058841e-01,  2.19197804e+00,
        -5.69106201e+00,  2.27755088e-01,  1.34485553e-01,
        -8.76175959e-01,  1.04256762e-01,  2.41920736e-01],
       [-3.01338915e+00, -6.05977311e-01,  5.78336389e-01,
         4.96717486e-01, -1.66034289e-01,  7.29824400e-01,
         1.13459815e+00, -1.83877262e+00,  5.11288871e+00,
        -1.85977080e+00, -8.23751837e-01, -1.61265105e+00,
         2.31843817e+00,  4.20457842e-01,  4.76582566e-01,
         3.65107485e-01,  4.24835016e-02, -1.80895217e-02],
       [ 3.91885122e+00,  1.55033837e+00, -2.98206934e+00,
        -1.28680681e+00,  1.18332457e-01, -1.87533915e-01,
        -2.70106217e+00,  4.07722618e+00, -1.85977080e+00,
         4.14208880e+00,  2.78748026e-01,  1.54842555e+00,
        -4.00213360e+00, -8.16834071e-01,  1.08153507e+00,
        -5.48309721e-01,  5.47867555e-02,  3.54446256e-01],
       [ 9.68325854e-02,  1.18555879e+00, -5.58788897e-01,
         6.98206043e-02, -3.74953387e-01, -1.95567579e-01,
        -5.66260352e-01, -8.56058841e-01, -8.23751837e-01,
         2.78748026e-01,  2.18413912e+00, -2.87756574e-01,
        -1.17929339e-01, -1.38312243e+00,  3.60770880e-01,
        -1.74957617e-01, -1.47408348e-01,  2.85856370e-01],
       [ 2.98691959e+00,  4.99873447e-01, -2.54736823e-01,
        -5.15331206e-01,  3.27353928e-01, -4.08903383e-01,
        -6.57013925e-01,  2.19197804e+00, -1.61265105e+00,
         1.54842555e+00, -2.87756574e-01,  2.61381379e+00,
        -2.17413411e+00, -1.74442353e-02, -8.50566209e-01,
        -1.95836859e-01, -7.12696768e-02, -1.20789207e-01],
       [-4.70822617e+00, -1.68628574e+00,  2.34769437e+00,
         1.51896747e+00, -3.98285986e-01,  3.40216576e-01,
         2.69045293e+00, -5.69106201e+00,  2.31843817e+00,
        -4.00213360e+00, -1.17929339e-01, -2.17413411e+00,
         4.61328932e+00,  7.09230115e-01, -5.04656755e-01,
         6.68417468e-01, -6.73377901e-04, -2.74193711e-01],
       [-6.28234293e-01, -1.79238401e+00,  9.18917183e-01,
         2.62514204e-01,  3.68173044e-01,  1.77855739e-01,
         1.23572174e+00,  2.27755088e-01,  4.20457842e-01,
        -8.16834071e-01, -1.38312243e+00, -1.74442353e-02,
         7.09230115e-01,  1.51841129e+00, -4.32330619e-01,
         1.32997349e-01,  1.84661988e-01, -2.85524770e-01],
       [ 4.41083889e-02,  4.01148202e-01, -1.69040441e+00,
        -2.50099923e-01, -2.29609451e-01,  2.93645544e-01,
        -1.09596688e+00,  1.34485553e-01,  4.76582566e-01,
         1.08153507e+00,  3.60770880e-01, -8.50566209e-01,
        -5.04656755e-01, -4.32330619e-01,  1.38103250e+00,
        -1.04697378e-01,  6.60483655e-02,  3.37826096e-01],
       [-6.19369367e-01, -2.16391203e-01,  3.16259397e-01,
         2.17021453e-01, -5.39339347e-02,  4.61012798e-02,
         3.40624859e-01, -8.76175959e-01,  3.65107485e-01,
        -5.48309721e-01, -1.74957617e-01, -1.95836859e-01,
         6.68417468e-01,  1.32997349e-01, -1.04697378e-01,
         1.43289873e-01, -4.25451847e-04, -5.39919300e-02],
       [-4.79075484e-02, -1.77087656e-01, -5.73045950e-02,
        -4.26139352e-03,  4.68373122e-02,  3.32223721e-02,
         5.75546686e-02,  1.04256762e-01,  4.24835016e-02,
         5.47867555e-02, -1.47408348e-01, -7.12696768e-02,
        -6.73377901e-04,  1.84661988e-01,  6.60483655e-02,
        -4.25451847e-04,  5.88189846e-02, -4.34171555e-03],
       [ 1.78139797e-01,  3.74640026e-01, -4.44070760e-01,
        -1.07406453e-01, -5.02133153e-02,  3.03696094e-02,
        -3.22460997e-01,  2.41920736e-01, -1.80895217e-02,
         3.54446256e-01,  2.85856370e-01, -1.20789207e-01,
        -2.74193711e-01, -2.85524770e-01,  3.37826096e-01,
        -5.39919300e-02, -4.34171555e-03,  1.36941037e-01]])
      jac: array([-1.00981816e-04,  1.16369877e-06,  2.56914860e-05, -4.39132064e-05,
        1.00114731e-04,  2.62068145e-06,  1.12798659e-05, -2.27980597e-05,
        2.30944893e-06,  2.86702144e-05,  2.38659092e-05,  7.77442925e-05,
       -6.81229147e-05,  5.44592149e-05,  9.16866583e-05,  2.15190828e-05,
       -1.52331296e-04, -8.88829751e-05])
  message: 'Desired error not necessarily achieved due to precision loss.'
     nfev: 1608
      nit: 47
     njev: 84
   status: 2
  success: False
        x: array([ 0.54068408, -0.05147512,  0.45469271,  0.20577339, -1.13460054,
       -0.39753626,  1.12217951, -1.6180184 , -0.60193156, -0.86026137,
        0.10103245,  0.49228908,  0.14588154, -0.03481615, -0.07719133,
        0.07420595,  1.36696906, -0.44235994])
