Program Begingeth
      fun: 0.25673281681058885
 hess_inv: array([[ 4.97579283e+00, -2.00553607e+00, -1.09113042e+00,
         1.55777761e+00, -7.64860937e-01,  6.49028149e-01,
         4.08212319e+00,  3.15017804e+00,  7.01103614e-01,
        -3.85655086e-01, -1.28370851e+00,  1.27239967e+00,
        -9.18228296e-01,  5.70533492e-01,  6.07116420e-01,
        -2.78180640e-01,  6.00206805e-01, -2.17569730e-01],
       [-2.00553607e+00,  3.14704550e+00,  1.64690298e+00,
        -6.27837686e-01,  1.14740993e+00,  1.45894154e-01,
        -4.04932016e+00, -3.45128491e-01,  3.13417652e+00,
        -1.61051219e-01,  6.81370987e-01, -1.66765609e+00,
         5.81314083e-01, -5.05537146e-01, -3.61537207e-01,
         8.19228836e-02, -2.90171969e-01,  2.62598773e-02],
       [-1.09113042e+00,  1.64690298e+00,  5.29892766e+00,
        -1.25201099e+00,  4.56893796e-01,  1.74170165e+00,
        -1.10432151e+01, -6.31550222e+00,  7.49753884e+00,
         2.94770000e-01,  2.53411850e+00, -1.62766901e+00,
         1.82170859e-01, -4.92125694e-01, -9.63203063e-01,
         3.99971821e-01, -1.83888155e-01, -4.78176079e-01],
       [ 1.55777761e+00, -6.27837686e-01, -1.25201099e+00,
         7.33165945e-01, -2.35682198e-01, -1.62648634e-01,
         3.70512563e+00,  2.16065129e+00, -9.25093177e-01,
        -2.44431924e-01, -8.12121892e-01,  4.86854257e-01,
        -2.31875855e-01,  1.86370059e-01,  3.54164251e-01,
        -1.55241636e-01,  1.78379977e-01,  5.84620840e-02],
       [-7.64860937e-01,  1.14740993e+00,  4.56893796e-01,
        -2.35682198e-01,  5.27666926e-01,  3.70399794e-02,
        -1.95537237e+00,  7.64787606e-01,  7.28497288e-01,
         3.24144595e-02,  9.41390435e-02, -5.04470973e-01,
         2.45283072e-01, -1.16026601e-01, -6.36209176e-02,
         4.92651004e-02, -1.24414819e-01,  3.64164446e-02],
       [ 6.49028149e-01,  1.45894154e-01,  1.74170165e+00,
        -1.62648634e-01,  3.70399794e-02,  8.69212957e-01,
        -3.83128467e+00, -1.33276747e+00,  3.18117327e+00,
         1.78389830e-01,  5.64042480e-01, -2.76673905e-01,
        -1.56540624e-01, -3.89820936e-02, -1.83366496e-01,
         7.52113677e-02,  2.58205617e-02, -2.31943114e-01],
       [ 4.08212319e+00, -4.04932016e+00, -1.10432151e+01,
         3.70512563e+00, -1.95537237e+00, -3.83128467e+00,
         3.62456329e+01,  1.01081132e+01, -1.51258069e+01,
        -1.81616135e+00, -4.65579877e+00,  2.89924197e+00,
        -8.68394049e-01,  8.12202585e-01,  1.95419286e+00,
        -1.09483075e+00,  1.02960205e+00,  1.10421670e+00],
       [ 3.15017804e+00, -3.45128491e-01, -6.31550222e+00,
         2.16065129e+00,  7.64787606e-01, -1.33276747e+00,
         1.01081132e+01,  1.82660600e+01, -7.44248816e+00,
        -1.06532473e-01, -4.26393198e+00,  1.52762347e+00,
        -3.34975600e-01,  8.19754549e-01,  1.93753957e+00,
        -7.05370051e-01,  2.97404621e-01,  6.49177475e-01],
       [ 7.01103614e-01,  3.13417652e+00,  7.49753884e+00,
        -9.25093177e-01,  7.28497288e-01,  3.18117327e+00,
        -1.51258069e+01, -7.44248816e+00,  1.78743473e+01,
         3.83843324e-01,  3.27584215e+00, -2.54775222e+00,
        -5.94953575e-02, -1.06038662e+00, -1.27143840e+00,
         2.85739986e-01, -3.65231574e-01, -9.34895020e-01],
       [-3.85655086e-01, -1.61051219e-01,  2.94770000e-01,
        -2.44431924e-01,  3.24144595e-02,  1.78389830e-01,
        -1.81616135e+00, -1.06532473e-01,  3.83843324e-01,
         8.44244451e-01,  2.49816274e-01,  1.85575906e-02,
        -1.05314560e-01, -4.60246074e-02, -1.08606744e-01,
         5.30798105e-02, -1.38293130e-01, -1.85729833e-01],
       [-1.28370851e+00,  6.81370987e-01,  2.53411850e+00,
        -8.12121892e-01,  9.41390435e-02,  5.64042480e-01,
        -4.65579877e+00, -4.26393198e+00,  3.27584215e+00,
         2.49816274e-01,  2.02094314e+00, -9.11359565e-01,
         1.75695368e-01, -4.63653184e-01, -7.25613856e-01,
         2.62599187e-01, -1.66854411e-01, -3.05840889e-01],
       [ 1.27239967e+00, -1.66765609e+00, -1.62766901e+00,
         4.86854257e-01, -5.04470973e-01, -2.76673905e-01,
         2.89924197e+00,  1.52762347e+00, -2.54775222e+00,
         1.85575906e-02, -9.11359565e-01,  1.36914658e+00,
        -2.85940688e-01,  4.46204347e-01,  3.25096531e-01,
        -5.45034729e-02,  2.22119186e-01,  7.77634560e-02],
       [-9.18228296e-01,  5.81314083e-01,  1.82170859e-01,
        -2.31875855e-01,  2.45283072e-01, -1.56540624e-01,
        -8.68394049e-01, -3.34975600e-01, -5.94953575e-02,
        -1.05314560e-01,  1.75695368e-01, -2.85940688e-01,
         3.06248184e-01, -1.19281933e-01, -9.28877123e-02,
         1.02550369e-01, -1.46400047e-01,  9.69944389e-02],
       [ 5.70533492e-01, -5.05537146e-01, -4.92125694e-01,
         1.86370059e-01, -1.16026601e-01, -3.89820936e-02,
         8.12202585e-01,  8.19754549e-01, -1.06038662e+00,
        -4.60246074e-02, -4.63653184e-01,  4.46204347e-01,
        -1.19281933e-01,  2.38365866e-01,  1.68587107e-01,
        -3.05085181e-02,  1.35519886e-01,  4.57234417e-02],
       [ 6.07116420e-01, -3.61537207e-01, -9.63203063e-01,
         3.54164251e-01, -6.36209176e-02, -1.83366496e-01,
         1.95419286e+00,  1.93753957e+00, -1.27143840e+00,
        -1.08606744e-01, -7.25613856e-01,  3.25096531e-01,
        -9.28877123e-02,  1.68587107e-01,  3.26565022e-01,
        -1.16372833e-01,  7.30387768e-02,  1.32156095e-01],
       [-2.78180640e-01,  8.19228836e-02,  3.99971821e-01,
        -1.55241636e-01,  4.92651004e-02,  7.52113677e-02,
        -1.09483075e+00, -7.05370051e-01,  2.85739986e-01,
         5.30798105e-02,  2.62599187e-01, -5.45034729e-02,
         1.02550369e-01, -3.05085181e-02, -1.16372833e-01,
         1.12790718e-01, -4.80231388e-02, -2.46301727e-02],
       [ 6.00206805e-01, -2.90171969e-01, -1.83888155e-01,
         1.78379977e-01, -1.24414819e-01,  2.58205617e-02,
         1.02960205e+00,  2.97404621e-01, -3.65231574e-01,
        -1.38293130e-01, -1.66854411e-01,  2.22119186e-01,
        -1.46400047e-01,  1.35519886e-01,  7.30387768e-02,
        -4.80231388e-02,  1.72797863e-01, -3.79505134e-03],
       [-2.17569730e-01,  2.62598773e-02, -4.78176079e-01,
         5.84620840e-02,  3.64164446e-02, -2.31943114e-01,
         1.10421670e+00,  6.49177475e-01, -9.34895020e-01,
        -1.85729833e-01, -3.05840889e-01,  7.77634560e-02,
         9.69944389e-02,  4.57234417e-02,  1.32156095e-01,
        -2.46301727e-02, -3.79505134e-03,  1.65754153e-01]])
      jac: array([-3.10862447e-07,  1.98026780e-06, -1.01363362e-06,  2.58681965e-07,
       -5.64104319e-06,  3.29662223e-06,  1.18423789e-08,  3.87467836e-07,
       -1.94289029e-07,  3.33066907e-07,  3.77845903e-07, -8.30816897e-07,
        4.54451291e-07,  4.35244433e-06, -4.08636088e-06, -1.58391818e-07,
       -1.95325237e-06,  2.88732001e-06])
  message: 'Optimization terminated successfully.'
     nfev: 1425
      nit: 64
     njev: 75
   status: 0
  success: True
        x: array([ 6.85655494e-01, -7.13990140e-01,  5.91844306e-01,  1.09110229e+00,
       -8.33855478e-01,  1.06312819e-01,  7.97894383e-01, -1.40118559e+00,
       -6.35598150e-01,  5.67280938e-04,  6.64253580e-01,  1.10070166e+00,
        3.21391259e-02,  1.91987881e-01, -3.45807573e-01, -1.05290578e+00,
       -3.62966158e-01, -9.06825802e-03])
