Program Begingeth
      fun: 0.19070516799943799
 hess_inv: array([[ 8.82242920e-01, -1.37623462e-01,  8.65623833e-02,
         4.22923970e-01,  3.71179844e-01,  9.47918989e-01,
        -5.02481998e-01, -4.55371506e-02,  4.37913714e+00,
         1.69654677e+00,  1.49411222e+00,  1.58667488e+00,
        -2.75923492e-01,  1.22835153e-02,  1.29542338e-01,
         1.51040934e-02, -1.18979813e-01, -1.75401012e-01],
       [-1.37623462e-01,  2.86545902e-01, -4.75943149e-02,
        -1.22645543e-01, -6.84790064e-02, -4.07088152e-01,
         2.72058852e-01,  2.71068369e-01, -1.76938974e+00,
        -4.97237205e-01, -4.36044785e-01, -6.10639302e-01,
         4.46289752e-02, -6.58310668e-02, -1.66042604e-01,
         2.81611610e-02,  6.07018956e-02, -5.34263022e-02],
       [ 8.65623833e-02, -4.75943149e-02,  1.77857369e-01,
         1.32778639e-01,  1.41185905e-01,  2.18023333e-01,
        -2.27646767e-02,  1.68468964e-01,  1.14723660e+00,
         4.92856444e-01,  3.75463221e-01,  3.68120441e-01,
         2.05499923e-02,  6.37738675e-02,  3.99774665e-03,
         4.31893796e-02, -2.36257643e-03,  2.76692986e-02],
       [ 4.22923970e-01, -1.22645543e-01,  1.32778639e-01,
         8.06865681e-01,  4.15509946e-01,  9.21966831e-01,
        -1.28499038e-01,  5.41245945e-02,  5.58927412e+00,
         2.84357499e+00,  1.58366310e+00,  1.63575634e+00,
         4.98766490e-02, -1.79562358e-02,  1.03819226e-01,
         6.41596453e-02, -1.78983699e-01, -2.10854444e-02],
       [ 3.71179844e-01, -6.84790064e-02,  1.41185905e-01,
         4.15509946e-01,  3.69732941e-01,  6.34380665e-01,
        -1.73939458e-01,  2.24984554e-01,  3.50914585e+00,
         1.54628819e+00,  1.25556249e+00,  1.02522444e+00,
        -4.04475540e-02,  5.03248946e-02,  8.99865472e-02,
         4.37891371e-02, -7.10936791e-02, -2.35463891e-02],
       [ 9.47918989e-01, -4.07088152e-01,  2.18023333e-01,
         9.21966831e-01,  6.34380665e-01,  1.84585472e+00,
        -1.24988477e+00, -3.90990153e-01,  9.36109907e+00,
         3.70656821e+00,  2.81301669e+00,  3.14841228e+00,
        -2.16331542e-01,  2.17883697e-02,  3.61292804e-01,
        -1.08535245e-02, -2.54002040e-01, -6.67091628e-02],
       [-5.02481998e-01,  2.72058852e-01, -2.27646767e-02,
        -1.28499038e-01, -1.73939458e-01, -1.24988477e+00,
         2.84785537e+00,  7.31149404e-01, -5.47483892e+00,
        -1.63602411e+00, -1.57859343e+00, -2.28021085e+00,
         3.64269224e-01,  9.02916362e-02, -3.18454074e-01,
         1.70541121e-01,  1.05195617e-01,  5.36140236e-02],
       [-4.55371506e-02,  2.71068369e-01,  1.68468964e-01,
         5.41245945e-02,  2.24984554e-01, -3.90990153e-01,
         7.31149404e-01,  1.97162051e+00, -1.30277513e+00,
         7.39287516e-02, -2.47931099e-01, -7.22479781e-01,
         6.83327099e-02,  9.34946158e-02, -2.34930267e-01,
         9.37346148e-02,  9.07516767e-02, -3.58970671e-02],
       [ 4.37913714e+00, -1.76938974e+00,  1.14723660e+00,
         5.58927412e+00,  3.50914585e+00,  9.36109907e+00,
        -5.47483892e+00, -1.30277513e+00,  5.13844916e+01,
         2.18055101e+01,  1.48619643e+01,  1.58731316e+01,
        -6.50930620e-01,  7.31573410e-02,  1.63481437e+00,
         7.38941933e-02, -1.32844580e+00, -2.58202363e-01],
       [ 1.69654677e+00, -4.97237205e-01,  4.92856444e-01,
         2.84357499e+00,  1.54628819e+00,  3.70656821e+00,
        -1.63602411e+00,  7.39287516e-02,  2.18055101e+01,
         1.06679934e+01,  6.17144770e+00,  6.54410454e+00,
        -3.87246798e-02, -6.79053073e-02,  4.63565559e-01,
         1.25274213e-01, -6.16537303e-01, -1.18008025e-01],
       [ 1.49411222e+00, -4.36044785e-01,  3.75463221e-01,
         1.58366310e+00,  1.25556249e+00,  2.81301669e+00,
        -1.57859343e+00, -2.47931099e-01,  1.48619643e+01,
         6.17144770e+00,  5.08349528e+00,  4.69271646e+00,
        -2.68942677e-01,  5.43853794e-02,  5.21399093e-01,
         4.71795950e-02, -3.69065739e-01, -9.83543313e-02],
       [ 1.58667488e+00, -6.10639302e-01,  3.68120441e-01,
         1.63575634e+00,  1.02522444e+00,  3.14841228e+00,
        -2.28021085e+00, -7.22479781e-01,  1.58731316e+01,
         6.54410454e+00,  4.69271646e+00,  5.65647028e+00,
        -3.22797933e-01, -6.10700019e-02,  5.37997889e-01,
        -4.86303031e-03, -4.79670176e-01, -1.46166163e-01],
       [-2.75923492e-01,  4.46289752e-02,  2.05499923e-02,
         4.98766490e-02, -4.04475540e-02, -2.16331542e-01,
         3.64269224e-01,  6.83327099e-02, -6.50930620e-01,
        -3.87246798e-02, -2.68942677e-01, -3.22797933e-01,
         1.85175685e-01, -5.77246639e-03, -5.18260592e-02,
         5.39986749e-02, -2.87562805e-03,  7.67844451e-02],
       [ 1.22835153e-02, -6.58310668e-02,  6.37738675e-02,
        -1.79562358e-02,  5.03248946e-02,  2.17883697e-02,
         9.02916362e-02,  9.34946158e-02,  7.31573410e-02,
        -6.79053073e-02,  5.43853794e-02, -6.10700019e-02,
        -5.77246639e-03,  8.41634217e-02,  2.49326493e-02,
         1.03199242e-02,  3.42994323e-02,  3.00254751e-02],
       [ 1.29542338e-01, -1.66042604e-01,  3.99774665e-03,
         1.03819226e-01,  8.99865472e-02,  3.61292804e-01,
        -3.18454074e-01, -2.34930267e-01,  1.63481437e+00,
         4.63565559e-01,  5.21399093e-01,  5.37997889e-01,
        -5.18260592e-02,  2.49326493e-02,  1.52684483e-01,
        -3.02209673e-02, -4.80847307e-02,  3.56204924e-02],
       [ 1.51040934e-02,  2.81611610e-02,  4.31893796e-02,
         6.41596453e-02,  4.37891371e-02, -1.08535245e-02,
         1.70541121e-01,  9.37346148e-02,  7.38941933e-02,
         1.25274213e-01,  4.71795950e-02, -4.86303031e-03,
         5.39986749e-02,  1.03199242e-02, -3.02209673e-02,
         5.32825902e-02, -5.81254865e-03,  3.05238089e-03],
       [-1.18979813e-01,  6.07018956e-02, -2.36257643e-03,
        -1.78983699e-01, -7.10936791e-02, -2.54002040e-01,
         1.05195617e-01,  9.07516767e-02, -1.32844580e+00,
        -6.16537303e-01, -3.69065739e-01, -4.79670176e-01,
        -2.87562805e-03,  3.42994323e-02, -4.80847307e-02,
        -5.81254865e-03,  7.66532614e-02,  9.26354495e-03],
       [-1.75401012e-01, -5.34263022e-02,  2.76692986e-02,
        -2.10854444e-02, -2.35463891e-02, -6.67091628e-02,
         5.36140236e-02, -3.58970671e-02, -2.58202363e-01,
        -1.18008025e-01, -9.83543313e-02, -1.46166163e-01,
         7.67844451e-02,  3.00254751e-02,  3.56204924e-02,
         3.05238089e-03,  9.26354495e-03,  8.92192095e-02]])
      jac: array([-0.001787  , -0.00183843, -0.00053467, -0.00398292,  0.00165556,
       -0.01736995, -0.00037405, -0.0001121 ,  0.00212751, -0.00010138,
       -0.00056954,  0.00456784, -0.00810421,  0.00369158,  0.00095518,
        0.0085499 , -0.00389246, -0.00069719])
  message: 'Maximum number of iterations has been exceeded.'
     nfev: 2166
      nit: 100
     njev: 114
   status: 1
  success: False
        x: array([ 0.04744939,  0.34803725,  0.8036321 ,  1.5019835 , -0.59261186,
       -0.18158806,  2.48225207, -0.32253948,  0.12965194,  1.79085336,
       -0.69638195, -0.74795978,  0.15237039,  0.22401009, -0.32051759,
       -1.10266189, -0.22357909,  0.04891553])
