Program Begingeth
      fun: 0.2614601341520095
 hess_inv: array([[ 4.06140039e+00, -1.20659067e+00, -4.45600927e-01,
         8.90375813e-01, -5.27145729e-01,  9.08025888e-01,
         8.09259353e-01,  1.78252559e+00,  9.02715343e-01,
        -8.31354823e-01, -6.91039292e-01,  1.01764217e+00,
        -6.81886980e-01,  3.51631286e-01,  4.27290043e-01,
        -1.30945768e-04,  4.81331317e-01, -5.14569687e-01],
       [-1.20659067e+00,  2.74402664e+00,  9.66525178e-01,
        -1.79162177e-01,  8.32662118e-01, -1.80483569e-01,
        -1.77242920e+00, -1.09630236e-01,  2.56545505e+00,
         1.73763371e-02,  1.77507113e-01, -1.61892433e+00,
         3.65204655e-01, -4.17289238e-01, -3.09612121e-01,
        -1.03187676e-01, -9.49731162e-02,  1.16669098e-01],
       [-4.45600927e-01,  9.66525178e-01,  1.93490433e+00,
        -3.55969700e-01,  3.04770298e-01,  3.05618093e-01,
        -2.28689773e+00, -2.09803319e+00,  1.53196220e+00,
         6.28863460e-02,  9.50424280e-01, -1.11092450e+00,
         1.13607167e-01, -2.11824134e-01, -3.64313661e-01,
         1.97254825e-01, -6.51572858e-02, -9.35472026e-03],
       [ 8.90375813e-01, -1.79162177e-01, -3.55969700e-01,
         3.16307155e-01, -1.00651618e-01,  1.23960113e-01,
         8.10227957e-01,  8.68761174e-01,  2.98155745e-01,
        -2.38511080e-01, -3.28405321e-01,  2.18113179e-01,
        -8.59191583e-02,  5.62695993e-02,  1.66656730e-01,
        -3.28598039e-02,  9.52535377e-02, -4.86765875e-02],
       [-5.27145729e-01,  8.32662118e-01,  3.04770298e-01,
        -1.00651618e-01,  4.47753508e-01, -3.66682579e-02,
        -2.07212009e+00,  3.82344372e-01,  5.34953702e-01,
         2.38628048e-01,  4.29311193e-02, -4.12639638e-01,
         2.25322016e-01, -7.78723301e-02, -8.67851106e-02,
         2.68574882e-02, -1.94087706e-01,  2.69904778e-02],
       [ 9.08025888e-01, -1.80483569e-01,  3.05618093e-01,
         1.23960113e-01, -3.66682579e-02,  4.02966289e-01,
        -9.47046554e-01,  2.24945466e-01,  7.52513091e-01,
        -1.91558675e-02, -8.78692014e-02,  8.98358958e-02,
        -1.85717088e-01,  7.66680053e-02,  1.03343272e-01,
         1.24801424e-03,  4.80018152e-02, -1.35540820e-01],
       [ 8.09259353e-01, -1.77242920e+00, -2.28689773e+00,
         8.10227957e-01, -2.07212009e+00, -9.47046554e-01,
         2.17911985e+01, -5.06131328e-01, -2.26647894e+00,
        -2.14994303e+00, -7.76320233e-01,  1.00868158e+00,
        -7.89058249e-01,  1.66325708e-01,  3.92101060e-01,
        -3.48488314e-01,  1.79165308e+00,  6.40155222e-01],
       [ 1.78252559e+00, -1.09630236e-01, -2.09803319e+00,
         8.68761174e-01,  3.82344372e-01,  2.24945466e-01,
        -5.06131328e-01,  7.81870898e+00, -1.47133615e-01,
        -1.18026557e-01, -1.82258195e+00,  9.32558234e-01,
        -1.40856010e-01,  3.92849842e-01,  9.00831781e-01,
        -4.42838386e-01,  1.34938295e-01,  5.98159923e-03],
       [ 9.02715343e-01,  2.56545505e+00,  1.53196220e+00,
         2.98155745e-01,  5.34953702e-01,  7.52513091e-01,
        -2.26647894e+00, -1.47133615e-01,  7.58435688e+00,
        -2.97646051e-01,  1.20831435e-01, -1.64881101e+00,
        -3.04593159e-02, -5.83773795e-01, -6.94267883e-02,
        -2.35750095e-01, -3.87661503e-02, -3.78320448e-02],
       [-8.31354823e-01,  1.73763371e-02,  6.28863460e-02,
        -2.38511080e-01,  2.38628048e-01, -1.91558675e-02,
        -2.14994303e+00, -1.18026557e-01, -2.97646051e-01,
         9.17102306e-01,  1.51823952e-01, -5.08608018e-02,
         7.43657180e-02, -4.58107648e-02, -7.36586153e-02,
         2.75880242e-02, -3.49341845e-01, -8.61911147e-02],
       [-6.91039292e-01,  1.77507113e-01,  9.50424280e-01,
        -3.28405321e-01,  4.29311193e-02, -8.78692014e-02,
        -7.76320233e-01, -1.82258195e+00,  1.20831435e-01,
         1.51823952e-01,  1.18517873e+00, -5.73930649e-01,
         1.28003442e-01, -2.46174514e-01, -4.10875241e-01,
         2.05288395e-01, -1.13061221e-01, -6.91249921e-02],
       [ 1.01764217e+00, -1.61892433e+00, -1.11092450e+00,
         2.18113179e-01, -4.12639638e-01,  8.98358958e-02,
         1.00868158e+00,  9.32558234e-01, -1.64881101e+00,
        -5.08608018e-02, -5.73930649e-01,  1.52210855e+00,
        -2.36302586e-01,  4.12195212e-01,  2.63887380e-01,
         3.78803209e-02,  1.22368929e-01, -8.62857497e-02],
       [-6.81886980e-01,  3.65204655e-01,  1.13607167e-01,
        -8.59191583e-02,  2.25322016e-01, -1.85717088e-01,
        -7.89058249e-01, -1.40856010e-01, -3.04593159e-02,
         7.43657180e-02,  1.28003442e-01, -2.36302586e-01,
         2.94495995e-01, -8.06401480e-02, -8.22115916e-02,
         8.49557040e-02, -1.87692837e-01,  1.30580977e-01],
       [ 3.51631286e-01, -4.17289238e-01, -2.11824134e-01,
         5.62695993e-02, -7.78723301e-02,  7.66680053e-02,
         1.66325708e-01,  3.92849842e-01, -5.83773795e-01,
        -4.58107648e-02, -2.46174514e-01,  4.12195212e-01,
        -8.06401480e-02,  1.84755738e-01,  1.04928115e-01,
         1.53617842e-02,  8.55980165e-02, -9.69619813e-03],
       [ 4.27290043e-01, -3.09612121e-01, -3.64313661e-01,
         1.66656730e-01, -8.67851106e-02,  1.03343272e-01,
         3.92101060e-01,  9.00831781e-01, -6.94267883e-02,
        -7.36586153e-02, -4.10875241e-01,  2.63887380e-01,
        -8.22115916e-02,  1.04928115e-01,  2.27744871e-01,
        -8.22854605e-02,  4.55230773e-02,  3.88931701e-02],
       [-1.30945768e-04, -1.03187676e-01,  1.97254825e-01,
        -3.28598039e-02,  2.68574882e-02,  1.24801424e-03,
        -3.48488314e-01, -4.42838386e-01, -2.35750095e-01,
         2.75880242e-02,  2.05288395e-01,  3.78803209e-02,
         8.49557040e-02,  1.53617842e-02, -8.22854605e-02,
         1.43640898e-01, -5.30468316e-02, -1.39853847e-02],
       [ 4.81331317e-01, -9.49731162e-02, -6.51572858e-02,
         9.52535377e-02, -1.94087706e-01,  4.80018152e-02,
         1.79165308e+00,  1.34938295e-01, -3.87661503e-02,
        -3.49341845e-01, -1.13061221e-01,  1.22368929e-01,
        -1.87692837e-01,  8.55980165e-02,  4.55230773e-02,
        -5.30468316e-02,  3.14203201e-01, -4.88668982e-03],
       [-5.14569687e-01,  1.16669098e-01, -9.35472026e-03,
        -4.86765875e-02,  2.69904778e-02, -1.35540820e-01,
         6.40155222e-01,  5.98159923e-03, -3.78320448e-02,
        -8.61911147e-02, -6.91249921e-02, -8.62857497e-02,
         1.30580977e-01, -9.69619813e-03,  3.88931701e-02,
        -1.39853847e-02, -4.88668982e-03,  2.07235677e-01]])
      jac: array([ 3.04571183e-07,  1.22224453e-05, -1.34251869e-05, -6.66244837e-06,
       -1.26768966e-05,  4.18679906e-05,  3.18189919e-06,  5.92489021e-07,
       -3.02609789e-06, -2.91729603e-06,  1.26861484e-05, -3.76365605e-06,
        3.62117743e-06,  2.18032999e-05, -6.38304224e-06,  3.39654231e-06,
       -1.01792648e-05,  6.57918164e-06])
  message: 'Desired error not necessarily achieved due to precision loss.'
     nfev: 2120
      nit: 64
     njev: 111
   status: 2
  success: False
        x: array([ 0.38418616, -0.60285579,  0.66012356,  0.86833639, -0.77499063,
        0.07117737,  0.29437796, -1.65785836, -0.56087418,  0.02323316,
        0.68405234,  1.087762  ,  0.06752731,  0.09282704, -0.41542303,
       -0.87107205, -0.65476316, -0.01581298])
