Program Begingeth
      fun: 0.3170776031118402
 hess_inv: array([[ 5.25031419e+00,  1.52987288e+00, -6.91991997e-01,
         1.72014331e+00,  8.42127908e-01, -1.35600313e+00,
         1.34384774e+00, -5.65538421e-01, -4.63083363e+00,
        -1.64883989e-01,  9.32752564e-01, -4.31220620e-01,
        -7.60401094e-01, -3.58846085e-01, -4.67132379e-01,
        -3.08370555e-01, -5.52229391e-01,  2.52056036e-01],
       [ 1.52987288e+00,  5.05348669e+00,  1.56082179e+00,
         5.20681192e-01,  2.17111523e+00,  3.18205260e-01,
         5.13129249e+00,  1.13558269e+00,  4.78083472e+00,
         4.55101436e-01,  6.14516662e-01, -1.46159500e+00,
        -6.56442237e-01, -4.37932940e-01, -2.40888948e-01,
        -1.21947349e-01, -3.79692183e-01,  1.30645833e-01],
       [-6.91991997e-01,  1.56082179e+00,  2.69559236e+00,
         1.21402371e-01,  5.97633390e-01,  1.24282369e+00,
         4.12141044e+00, -1.28745963e+00,  4.37721410e+00,
        -2.60914862e-02,  7.43407313e-01, -5.93185292e-01,
         8.70696046e-02, -1.07714824e-01, -1.70807575e-01,
        -7.08675707e-02,  2.97419703e-02, -1.62152546e-01],
       [ 1.72014331e+00,  5.20681192e-01,  1.21402371e-01,
         6.68228286e-01,  2.90148683e-01, -2.92822878e-01,
         1.25769412e+00, -5.08472017e-01, -1.25223475e+00,
        -1.09785921e-01,  4.36165013e-01, -1.16595553e-01,
        -1.99493449e-01, -1.04063156e-01, -2.07745710e-01,
        -1.14572532e-01, -1.61746632e-01,  3.05387143e-02],
       [ 8.42127908e-01,  2.17111523e+00,  5.97633390e-01,
         2.90148683e-01,  1.03121679e+00,  9.45152212e-02,
         2.70826243e+00,  1.02030166e+00,  1.69634096e+00,
         1.14306478e-01,  2.20276243e-01, -5.55435682e-01,
        -3.41678232e-01, -1.50912721e-01, -9.66261785e-02,
        -9.64051558e-02, -2.08955319e-01,  6.95970634e-02],
       [-1.35600313e+00,  3.18205260e-01,  1.24282369e+00,
        -2.92822878e-01,  9.45152212e-02,  8.47950233e-01,
         1.70776198e+00, -1.89738273e-01,  3.01270449e+00,
        -8.14886525e-02,  1.88883710e-02, -1.25391228e-01,
         2.15068176e-01,  4.34302772e-02,  6.32602908e-02,
         5.25842158e-02,  1.01473896e-01, -1.15763800e-01],
       [ 1.34384774e+00,  5.13129249e+00,  4.12141044e+00,
         1.25769412e+00,  2.70826243e+00,  1.70776198e+00,
         1.63062796e+01,  1.34079645e+00,  7.52384470e+00,
        -3.37834671e-01,  1.05128805e+00, -1.02585401e+00,
        -6.37415056e-01, -2.81944388e-01, -4.30913820e-01,
        -4.12286701e-01, -7.20784326e-01, -1.86314750e-01],
       [-5.65538421e-01,  1.13558269e+00, -1.28745963e+00,
        -5.08472017e-01,  1.02030166e+00, -1.89738273e-01,
         1.34079645e+00,  7.13683562e+00,  4.70591867e-01,
        -1.02193982e-01, -1.10255199e+00, -1.19405330e-01,
        -2.88506402e-01,  1.79582735e-01,  4.95017092e-01,
         8.04063306e-02, -1.57584052e-01,  2.12279212e-01],
       [-4.63083363e+00,  4.78083472e+00,  4.37721410e+00,
        -1.25223475e+00,  1.69634096e+00,  3.01270449e+00,
         7.52384470e+00,  4.70591867e-01,  1.68211484e+01,
         2.80229520e-01,  1.99589065e-01, -1.49999869e+00,
         3.34033749e-01, -3.76698643e-01,  1.59894578e-01,
         3.01067637e-01,  1.93901806e-02, -2.71638561e-01],
       [-1.64883989e-01,  4.55101436e-01, -2.60914862e-02,
        -1.09785921e-01,  1.14306478e-01, -8.14886525e-02,
        -3.37834671e-01, -1.02193982e-01,  2.80229520e-01,
         7.35058088e-01, -8.36750830e-02, -1.17107828e-01,
        -1.64010050e-01,  4.06993484e-03,  5.65910272e-02,
         1.61253886e-02,  7.31923934e-02,  1.66817030e-01],
       [ 9.32752564e-01,  6.14516662e-01,  7.43407313e-01,
         4.36165013e-01,  2.20276243e-01,  1.88883710e-02,
         1.05128805e+00, -1.10255199e+00,  1.99589065e-01,
        -8.36750830e-02,  1.00910534e+00, -3.24262213e-01,
        -8.59245804e-02, -2.43649404e-01, -3.16705076e-01,
        -1.10064069e-01, -8.38241733e-02, -1.22792208e-01],
       [-4.31220620e-01, -1.46159500e+00, -5.93185292e-01,
        -1.16595553e-01, -5.55435682e-01, -1.25391228e-01,
        -1.02585401e+00, -1.19405330e-01, -1.49999869e+00,
        -1.17107828e-01, -3.24262213e-01,  7.67902824e-01,
         1.45459445e-01,  2.27088322e-01,  3.82051364e-02,
        -1.77164757e-02,  1.29637136e-01, -2.56622626e-02],
       [-7.60401094e-01, -6.56442237e-01,  8.70696046e-02,
        -1.99493449e-01, -3.41678232e-01,  2.15068176e-01,
        -6.37415056e-01, -2.88506402e-01,  3.34033749e-01,
        -1.64010050e-01, -8.59245804e-02,  1.45459445e-01,
         2.70447888e-01,  7.30456680e-02,  4.73500434e-02,
         1.01522366e-01,  1.40314701e-01, -1.04211185e-01],
       [-3.58846085e-01, -4.37932940e-01, -1.07714824e-01,
        -1.04063156e-01, -1.50912721e-01,  4.34302772e-02,
        -2.81944388e-01,  1.79582735e-01, -3.76698643e-01,
         4.06993484e-03, -2.43649404e-01,  2.27088322e-01,
         7.30456680e-02,  1.46767558e-01,  6.95203776e-02,
         1.27656050e-02,  1.00249621e-01,  9.11937794e-03],
       [-4.67132379e-01, -2.40888948e-01, -1.70807575e-01,
        -2.07745710e-01, -9.66261785e-02,  6.32602908e-02,
        -4.30913820e-01,  4.95017092e-01,  1.59894578e-01,
         5.65910272e-02, -3.16705076e-01,  3.82051364e-02,
         4.73500434e-02,  6.95203776e-02,  1.58966192e-01,
         5.90291442e-02,  3.89760696e-02,  6.22738355e-02],
       [-3.08370555e-01, -1.21947349e-01, -7.08675707e-02,
        -1.14572532e-01, -9.64051558e-02,  5.25842158e-02,
        -4.12286701e-01,  8.04063306e-02,  3.01067637e-01,
         1.61253886e-02, -1.10064069e-01, -1.77164757e-02,
         1.01522366e-01,  1.27656050e-02,  5.90291442e-02,
         9.01534226e-02,  5.30193421e-02, -7.94592121e-03],
       [-5.52229391e-01, -3.79692183e-01,  2.97419703e-02,
        -1.61746632e-01, -2.08955319e-01,  1.01473896e-01,
        -7.20784326e-01, -1.57584052e-01,  1.93901806e-02,
         7.31923934e-02, -8.38241733e-02,  1.29637136e-01,
         1.40314701e-01,  1.00249621e-01,  3.89760696e-02,
         5.30193421e-02,  1.69453225e-01, -2.74143585e-02],
       [ 2.52056036e-01,  1.30645833e-01, -1.62152546e-01,
         3.05387143e-02,  6.95970634e-02, -1.15763800e-01,
        -1.86314750e-01,  2.12279212e-01, -2.71638561e-01,
         1.66817030e-01, -1.22792208e-01, -2.56622626e-02,
        -1.04211185e-01,  9.11937794e-03,  6.22738355e-02,
        -7.94592121e-03, -2.74143585e-02,  1.21377738e-01]])
      jac: array([-1.35632246e-06,  2.50503322e-06,  1.19904087e-06,  2.50466314e-06,
       -4.65109433e-06, -2.39660144e-06, -3.28626015e-07,  2.38697950e-07,
       -1.31006317e-07, -8.12683254e-07,  1.92290628e-06,  1.60020145e-06,
       -5.81645843e-06,  6.55327644e-06,  5.28836234e-06,  6.63210228e-06,
       -5.27800026e-06, -6.36749912e-06])
  message: 'Optimization terminated successfully.'
     nfev: 1368
      nit: 62
     njev: 72
   status: 0
  success: True
        x: array([-0.69608786, -1.12133261,  0.58541927, -0.9735501 , -1.1719649 ,
        0.1495794 , -0.52314823, -1.9747345 , -0.4422358 ,  0.08570115,
        0.5586803 ,  1.18641182,  0.11521963,  0.06388711, -0.34610214,
        1.18626977, -0.55466184, -0.02854116])
