Program Begingeth
      fun: 0.30854419129933386
 hess_inv: array([[ 6.09372201e+00,  1.94702175e+00, -1.60656325e-01,
         1.73736517e+00,  8.70914670e-01, -1.29148851e+00,
         1.34907416e+00, -1.79188997e+00, -3.94207023e+00,
        -2.78867711e-01,  1.10728440e+00, -9.70002986e-01,
        -1.03363003e+00, -5.13325569e-01, -5.28653187e-01,
        -2.61278198e-01, -6.28920868e-01,  2.83357933e-01],
       [ 1.94702175e+00,  4.70200618e+00,  2.18888686e+00,
         6.99624368e-01,  1.82928569e+00,  4.65082782e-01,
         6.66628786e+00, -4.83158219e-02,  5.17291213e+00,
         2.33431999e-01,  8.19819493e-01, -1.90295180e+00,
        -6.83099689e-01, -5.81790025e-01, -3.72070428e-01,
        -8.67803543e-02, -3.69072773e-01,  7.41503520e-03],
       [-1.60656325e-01,  2.18888686e+00,  3.87299966e+00,
         5.56487742e-01,  7.30562627e-01,  1.48660171e+00,
         7.50435357e+00, -3.33891841e+00,  5.95040047e+00,
         4.09348515e-04,  1.37378798e+00, -1.08805478e+00,
        -1.59361430e-03, -2.89178953e-01, -4.81434842e-01,
        -1.57126131e-01, -3.87539080e-02, -2.56509802e-01],
       [ 1.73736517e+00,  6.99624368e-01,  5.56487742e-01,
         6.58914505e-01,  3.08312557e-01, -1.28314624e-01,
         2.01113030e+00, -1.17010923e+00, -4.48785794e-01,
        -1.49680901e-01,  5.51398379e-01, -3.13782686e-01,
        -2.50549101e-01, -1.51711314e-01, -2.51277241e-01,
        -1.04068591e-01, -1.75674397e-01,  8.42351740e-03],
       [ 8.70914670e-01,  1.82928569e+00,  7.30562627e-01,
         3.08312557e-01,  8.34188667e-01,  1.49667790e-01,
         3.30438587e+00,  8.10545416e-01,  1.65549856e+00,
        -1.24623197e-02,  2.28723403e-01, -6.50603351e-01,
        -3.28493045e-01, -1.71742443e-01, -1.08908693e-01,
        -6.96626031e-02, -1.85805578e-01,  1.87787281e-02],
       [-1.29148851e+00,  4.65082782e-01,  1.48660171e+00,
        -1.28314624e-01,  1.49667790e-01,  8.94980924e-01,
         3.07413612e+00, -5.33612158e-01,  3.40116716e+00,
        -6.44770053e-02,  1.92217796e-01, -1.96403293e-01,
         2.25572228e-01,  4.45534614e-03, -2.67707857e-02,
         1.26355025e-02,  7.84502318e-02, -1.51373021e-01],
       [ 1.34907416e+00,  6.66628786e+00,  7.50435357e+00,
         2.01113030e+00,  3.30438587e+00,  3.07413612e+00,
         2.99067787e+01, -9.42397405e-01,  1.32078826e+01,
        -8.92446220e-01,  2.10166104e+00, -2.07423053e+00,
        -7.97071694e-01, -5.15784701e-01, -9.10577188e-01,
        -5.52051717e-01, -8.84402656e-01, -5.84366046e-01],
       [-1.79188997e+00, -4.83158219e-02, -3.33891841e+00,
        -1.17010923e+00,  8.10545416e-01, -5.33612158e-01,
        -9.42397405e-01,  1.27115533e+01, -1.93145623e+00,
        -3.08687938e-01, -2.29249120e+00,  4.83026023e-01,
        -8.80967959e-02,  4.44997370e-01,  1.09313274e+00,
         2.71091633e-01, -3.38035766e-02,  2.97069946e-01],
       [-3.94207023e+00,  5.17291213e+00,  5.95040047e+00,
        -4.48785794e-01,  1.65549856e+00,  3.40116716e+00,
         1.32078826e+01, -1.93145623e+00,  1.94413142e+01,
         1.48129887e-01,  1.21007915e+00, -2.04247634e+00,
         3.60873809e-01, -6.93535480e-01, -3.45713268e-01,
         1.36104192e-01, -6.22675902e-02, -5.28499472e-01],
       [-2.78867711e-01,  2.33431999e-01,  4.09348515e-04,
        -1.49680901e-01, -1.24623197e-02, -6.44770053e-02,
        -8.92446220e-01, -3.08687938e-01,  1.48129887e-01,
         8.33826533e-01, -1.32470825e-01, -1.01416119e-01,
        -1.35330702e-01,  1.81691951e-02,  6.16590588e-02,
         2.60992467e-02,  1.09717892e-01,  1.61255411e-01],
       [ 1.10728440e+00,  8.19819493e-01,  1.37378798e+00,
         5.51398379e-01,  2.28723403e-01,  1.92217796e-01,
         2.10166104e+00, -2.29249120e+00,  1.21007915e+00,
        -1.32470825e-01,  1.32110113e+00, -5.35973936e-01,
        -1.29729061e-01, -3.22319631e-01, -4.59079985e-01,
        -1.40856209e-01, -1.03671988e-01, -1.66508255e-01],
       [-9.70002986e-01, -1.90295180e+00, -1.08805478e+00,
        -3.13782686e-01, -6.50603351e-01, -1.96403293e-01,
        -2.07423053e+00,  4.83026023e-01, -2.04247634e+00,
        -1.01416119e-01, -5.35973936e-01,  1.18195129e+00,
         2.41916863e-01,  3.54708238e-01,  1.41569671e-01,
        -1.64165795e-02,  1.74041350e-01,  5.06012025e-03],
       [-1.03363003e+00, -6.83099689e-01, -1.59361430e-03,
        -2.50549101e-01, -3.28493045e-01,  2.25572228e-01,
        -7.97071694e-01, -8.80967959e-02,  3.60873809e-01,
        -1.35330702e-01, -1.29729061e-01,  2.41916863e-01,
         3.35936146e-01,  1.01661166e-01,  7.07935849e-02,
         9.86102618e-02,  1.53268201e-01, -1.05108298e-01],
       [-5.13325569e-01, -5.81790025e-01, -2.89178953e-01,
        -1.51711314e-01, -1.71742443e-01,  4.45534614e-03,
        -5.15784701e-01,  4.44997370e-01, -6.93535480e-01,
         1.81691951e-02, -3.22319631e-01,  3.54708238e-01,
         1.01661166e-01,  1.87554527e-01,  1.06734742e-01,
         1.01163339e-02,  1.04701506e-01,  1.94973955e-02],
       [-5.28653187e-01, -3.72070428e-01, -4.81434842e-01,
        -2.51277241e-01, -1.08908693e-01, -2.67707857e-02,
        -9.10577188e-01,  1.09313274e+00, -3.45713268e-01,
         6.16590588e-02, -4.59079985e-01,  1.41569671e-01,
         7.07935849e-02,  1.06734742e-01,  2.21698337e-01,
         7.11817062e-02,  4.62704456e-02,  7.91570791e-02],
       [-2.61278198e-01, -8.67803543e-02, -1.57126131e-01,
        -1.04068591e-01, -6.96626031e-02,  1.26355025e-02,
        -5.52051717e-01,  2.71091633e-01,  1.36104192e-01,
         2.60992467e-02, -1.40856209e-01, -1.64165795e-02,
         9.86102618e-02,  1.01163339e-02,  7.11817062e-02,
         8.80269224e-02,  4.17837937e-02,  5.99589487e-05],
       [-6.28920868e-01, -3.69072773e-01, -3.87539080e-02,
        -1.75674397e-01, -1.85805578e-01,  7.84502318e-02,
        -8.84402656e-01, -3.38035766e-02, -6.22675902e-02,
         1.09717892e-01, -1.03671988e-01,  1.74041350e-01,
         1.53268201e-01,  1.04701506e-01,  4.62704456e-02,
         4.17837937e-02,  1.56953137e-01, -1.79582225e-02],
       [ 2.83357933e-01,  7.41503520e-03, -2.56509802e-01,
         8.42351740e-03,  1.87787281e-02, -1.51373021e-01,
        -5.84366046e-01,  2.97069946e-01, -5.28499472e-01,
         1.61255411e-01, -1.66508255e-01,  5.06012025e-03,
        -1.05108298e-01,  1.94973955e-02,  7.91570791e-02,
         5.99589487e-05, -1.79582225e-02,  1.25211911e-01]])
      jac: array([-4.84908410e-06,  9.07422286e-07,  1.97730721e-06,  2.64862206e-06,
       -2.64085050e-06, -9.17673345e-06,  1.16795462e-06,  1.15315165e-06,
        4.15963560e-07,  7.20534743e-07,  1.38037729e-06, -6.29866529e-07,
        9.80659998e-06,  1.72565665e-06, -1.62536651e-06, -7.68866452e-06,
       -7.50917847e-06,  1.43722071e-05])
  message: 'Desired error not necessarily achieved due to precision loss.'
     nfev: 1835
      nit: 67
     njev: 96
   status: 2
  success: False
        x: array([-0.64612034, -0.90569102,  0.56340321, -1.03506734, -0.99035182,
        0.12166929, -0.63239697, -1.69037551, -0.4894863 ,  0.11846205,
        0.58663404,  1.13215028,  0.10278124,  0.10948731, -0.336461  ,
        1.24867857, -0.51093317, -0.0102934 ])
