Program Begingeth
      fun: 0.32805946013364734
 hess_inv: array([[ 6.76096779e+00,  2.23450094e-01, -4.44602033e-01,
         8.92285023e-02, -9.70935973e-01,  2.21611253e-01,
         8.00030102e-01, -5.08430715e-01,  1.19693433e+00,
        -1.46852362e+00, -6.39433765e-01, -3.23666483e-01,
        -1.74460507e+00, -3.89532979e-01,  3.24029268e-01,
         1.00301848e+00,  6.67643826e-01, -9.16168223e-02],
       [ 2.23450094e-01,  2.52323284e+00, -6.21456429e-02,
         3.64692467e-01,  2.63437536e-01,  2.33015965e-01,
         8.11347684e-01,  1.70135306e+00,  1.40630740e+00,
         2.83172142e-01, -2.17510949e-01, -1.21480838e+00,
         6.77768201e-02, -5.19442926e-01,  4.17401577e-01,
        -1.13663646e-01,  4.65311981e-01, -1.29732851e-02],
       [-4.44602033e-01, -6.21456429e-02,  2.54434353e+00,
        -1.57316528e-01, -1.62456773e-01,  1.97763820e-01,
        -1.49326246e+00, -1.40169537e+00,  6.29232754e-01,
         3.35547208e-01,  1.30455498e+00, -3.71288388e-01,
         2.30090542e-02, -3.90927502e-01, -5.12133103e-01,
        -4.69498993e-02, -8.51291173e-02,  4.30900845e-01],
       [ 8.92285023e-02,  3.64692467e-01, -1.57316528e-01,
         1.76729032e-01,  2.85994162e-02, -3.76861168e-02,
         7.85903087e-01,  1.51564048e-01,  2.78650520e-01,
        -1.03880597e-01, -1.25305076e-02, -2.13962134e-01,
         1.15856984e-01, -1.00334110e-01,  4.02513698e-02,
         1.64215598e-02,  3.97099761e-02, -2.13136517e-02],
       [-9.70935973e-01,  2.63437536e-01, -1.62456773e-01,
         2.85994162e-02,  2.71108340e-01,  1.19497481e-02,
        -7.85575147e-03,  8.66710817e-01, -6.61559729e-02,
         3.55089208e-01, -3.29006864e-02,  1.16722515e-02,
         2.51474845e-01,  7.68886536e-02,  6.39582905e-02,
        -1.44032345e-01, -3.90177671e-02, -2.50341313e-02],
       [ 2.21611253e-01,  2.33015965e-01,  1.97763820e-01,
        -3.76861168e-02,  1.19497481e-02,  2.04538797e-01,
        -4.51061893e-01,  4.16711094e-01,  5.03637131e-01,
         3.38358672e-01, -1.32447853e-01, -1.02866743e-01,
        -1.69337364e-01, -4.63253526e-02,  1.30829792e-01,
         5.06993384e-03,  5.22243438e-02,  3.25124701e-02],
       [ 8.00030102e-01,  8.11347684e-01, -1.49326246e+00,
         7.85903087e-01, -7.85575147e-03, -4.51061893e-01,
         5.50878296e+00,  2.84506203e-01,  6.05270868e-01,
        -7.16842469e-01, -4.86523751e-02, -4.75217618e-01,
         3.12779256e-01, -2.66313944e-01,  2.95023358e-02,
         1.21512370e-01,  1.09839577e-01, -2.81237981e-01],
       [-5.08430715e-01,  1.70135306e+00, -1.40169537e+00,
         1.51564048e-01,  8.66710817e-01,  4.16711094e-01,
         2.84506203e-01,  6.63694397e+00,  8.90889462e-01,
         1.52026178e+00, -5.39528549e-01, -3.39412999e-01,
        -1.22613285e-01, -2.69081328e-02,  7.96492915e-01,
        -1.75574596e-01,  2.12256849e-01, -2.97904900e-01],
       [ 1.19693433e+00,  1.40630740e+00,  6.29232754e-01,
         2.78650520e-01, -6.61559729e-02,  5.03637131e-01,
         6.05270868e-01,  8.90889462e-01,  3.54052854e+00,
         5.27883012e-01,  1.36457197e-01, -6.30320602e-01,
        -2.95048417e-01, -5.72109715e-01,  1.59631222e-01,
         1.13021213e-01,  2.31706667e-01,  3.65437813e-02],
       [-1.46852362e+00,  2.83172142e-01,  3.35547208e-01,
        -1.03880597e-01,  3.55089208e-01,  3.38358672e-01,
        -7.16842469e-01,  1.52026178e+00,  5.27883012e-01,
         1.87170038e+00,  1.25084608e-01, -4.85042452e-02,
        -3.04095383e-02,  7.11537791e-03,  1.20907405e-01,
        -2.50779081e-01, -1.29972975e-01, -7.14552149e-02],
       [-6.39433765e-01, -2.17510949e-01,  1.30455498e+00,
        -1.25305076e-02, -3.29006864e-02, -1.32447853e-01,
        -4.86523751e-02, -5.39528549e-01,  1.36457197e-01,
         1.25084608e-01,  1.58754933e+00, -1.52033222e-01,
         2.00849106e-01, -3.56532951e-01, -5.63286541e-01,
        -3.84961583e-02, -1.38747324e-01,  1.10959666e-01],
       [-3.23666483e-01, -1.21480838e+00, -3.71288388e-01,
        -2.13962134e-01,  1.16722515e-02, -1.02866743e-01,
        -4.75217618e-01, -3.39412999e-01, -6.30320602e-01,
        -4.85042452e-02, -1.52033222e-01,  1.05540264e+00,
         4.16154696e-03,  4.29672344e-01, -1.75055356e-01,
         5.23595028e-02, -1.93612165e-01, -5.55361943e-02],
       [-1.74460507e+00,  6.77768201e-02,  2.30090542e-02,
         1.15856984e-01,  2.51474845e-01, -1.69337364e-01,
         3.12779256e-01, -1.22613285e-01, -2.95048417e-01,
        -3.04095383e-02,  2.00849106e-01,  4.16154696e-03,
         6.67329524e-01,  6.09660399e-02, -1.25544245e-01,
        -2.20954472e-01, -1.69862962e-01,  4.37298308e-02],
       [-3.89532979e-01, -5.19442926e-01, -3.90927502e-01,
        -1.00334110e-01,  7.68886536e-02, -4.63253526e-02,
        -2.66313944e-01, -2.69081328e-02, -5.72109715e-01,
         7.11537791e-03, -3.56532951e-01,  4.29672344e-01,
         6.09660399e-02,  3.09342697e-01,  3.71682176e-02,
        -2.65730384e-02, -8.64452244e-02, -3.22105449e-02],
       [ 3.24029268e-01,  4.17401577e-01, -5.12133103e-01,
         4.02513698e-02,  6.39582905e-02,  1.30829792e-01,
         2.95023358e-02,  7.96492915e-01,  1.59631222e-01,
         1.20907405e-01, -5.63286541e-01, -1.75055356e-01,
        -1.25544245e-01,  3.71682176e-02,  3.31351908e-01,
        -2.17107094e-03,  1.05013173e-01, -5.26516714e-02],
       [ 1.00301848e+00, -1.13663646e-01, -4.69498993e-02,
         1.64215598e-02, -1.44032345e-01,  5.06993384e-03,
         1.21512370e-01, -1.75574596e-01,  1.13021213e-01,
        -2.50779081e-01, -3.84961583e-02,  5.23595028e-02,
        -2.20954472e-01, -2.65730384e-02, -2.17107094e-03,
         1.91874809e-01,  6.71452013e-02, -1.06107211e-02],
       [ 6.67643826e-01,  4.65311981e-01, -8.51291173e-02,
         3.97099761e-02, -3.90177671e-02,  5.22243438e-02,
         1.09839577e-01,  2.12256849e-01,  2.31706667e-01,
        -1.29972975e-01, -1.38747324e-01, -1.93612165e-01,
        -1.69862962e-01, -8.64452244e-02,  1.05013173e-01,
         6.71452013e-02,  1.81506216e-01, -1.15650855e-02],
       [-9.16168223e-02, -1.29732851e-02,  4.30900845e-01,
        -2.13136517e-02, -2.50341313e-02,  3.25124701e-02,
        -2.81237981e-01, -2.97904900e-01,  3.65437813e-02,
        -7.14552149e-02,  1.10959666e-01, -5.55361943e-02,
         4.37298308e-02, -3.22105449e-02, -5.26516714e-02,
        -1.06107211e-02, -1.15650855e-02,  1.19806917e-01]])
      jac: array([-7.11282884e-07, -2.11312449e-07,  1.05767247e-06,  2.51539530e-06,
       -1.56837506e-06, -1.72269606e-06, -2.42768768e-07,  1.40258175e-07,
       -2.55351296e-08, -1.22124533e-07, -1.99099996e-07,  7.15353702e-07,
       -6.89448498e-07,  2.08721929e-07,  1.81632487e-06,  1.40813287e-06,
        1.69309011e-06, -2.18639921e-06])
  message: 'Optimization terminated successfully.'
     nfev: 1406
      nit: 64
     njev: 74
   status: 0
  success: True
        x: array([-0.24247803, -0.70134402,  0.01713829,  1.35590489, -0.49634916,
       -0.12571278,  1.97227317, -0.62465437, -1.1637115 ,  0.08658962,
        0.42063833,  1.06357246,  0.26774399,  0.14692733, -0.26218711,
       -1.37884219, -0.90375941,  0.03474279])
