Program Begingeth
      fun: 0.2784586872269106
 hess_inv: array([[ 3.77932557e+00,  1.44315154e-01,  1.02216655e+00,
         1.90119568e+00, -8.86408714e-03, -6.95825285e-02,
         3.69792159e+00, -5.37522556e-02, -3.86380158e+00,
         6.20132831e-01,  4.36545692e-01, -4.16948472e-01,
        -1.28036098e-02, -1.89272155e-01, -9.18598698e-02,
         8.26899664e-02, -3.31482697e-02,  7.38700050e-02],
       [ 1.44315154e-01,  1.36283566e+00, -2.08671993e-01,
         1.05670739e-01,  6.85857931e-01, -1.74175745e-01,
         2.82012787e-01,  8.66433831e-01,  1.02092780e+00,
         4.14297806e-01,  3.90616259e-01, -4.57580054e-02,
        -1.21098129e-01,  4.38157977e-03, -1.53390587e-01,
        -7.94731255e-02,  5.70814181e-02, -7.06875899e-03],
       [ 1.02216655e+00, -2.08671993e-01,  1.54538581e+00,
         6.06942389e-01, -1.68507482e-01,  6.09335580e-01,
         1.51063028e+00, -1.66439545e+00, -1.37811028e+00,
         2.30280714e-01, -1.18171897e-01,  1.54678382e-01,
         3.50139296e-02,  1.24692612e-01,  7.42810157e-02,
         1.12276725e-02,  9.03125246e-02,  7.81515002e-02],
       [ 1.90119568e+00,  1.05670739e-01,  6.06942389e-01,
         9.80105087e-01,  1.27811656e-02,  8.12226754e-03,
         2.05102478e+00, -1.23902769e-01, -1.86708229e+00,
         3.13709763e-01,  2.52741092e-01, -1.77071170e-01,
         7.56713610e-04, -8.21270928e-02, -5.60842830e-02,
         3.88116885e-02, -1.82255452e-03,  3.51916355e-02],
       [-8.86408714e-03,  6.85857931e-01, -1.68507482e-01,
         1.27811656e-02,  3.88489934e-01, -1.24543366e-01,
         4.30903742e-01,  8.57982157e-01,  6.45292685e-01,
         1.87057333e-01,  2.59801102e-01, -4.49620712e-02,
        -9.88220000e-02, -1.10483756e-02, -8.84077764e-02,
        -6.26092207e-02,  1.07999637e-02,  3.30980081e-04],
       [-6.95825285e-02, -1.74175745e-01,  6.09335580e-01,
         8.12226754e-03, -1.24543366e-01,  3.47882612e-01,
        -1.28137278e-01, -1.03088813e+00, -2.85408254e-02,
        -5.46028836e-02, -1.98500546e-01,  1.56388635e-01,
         6.93366734e-02,  1.14071163e-01,  7.08258727e-02,
         1.42527808e-02,  6.98634280e-02,  1.88757909e-02],
       [ 3.69792159e+00,  2.82012787e-01,  1.51063028e+00,
         2.05102478e+00,  4.30903742e-01, -1.28137278e-01,
         1.04377991e+01,  3.00247567e+00, -3.42811959e+00,
         7.78081989e-01,  1.43355680e+00, -5.12793494e-01,
        -5.18420742e-01, -4.31501076e-01, -2.54369029e-01,
        -1.90215763e-01, -3.11767335e-01,  2.25702961e-01],
       [-5.37522556e-02,  8.66433831e-01, -1.66439545e+00,
        -1.23902769e-01,  8.57982157e-01, -1.03088813e+00,
         3.00247567e+00,  6.99517696e+00,  1.54492183e+00,
         2.67384092e-01,  1.07029178e+00, -9.49072584e-01,
        -4.76762676e-01, -4.21215334e-01, -1.94519792e-01,
        -1.54364383e-01, -2.82573280e-01,  4.60674038e-02],
       [-3.86380158e+00,  1.02092780e+00, -1.37811028e+00,
        -1.86708229e+00,  6.45292685e-01, -2.85408254e-02,
        -3.42811959e+00,  1.54492183e+00,  7.28512283e+00,
        -5.97925686e-01,  5.19394223e-01,  1.43070998e-01,
         2.37478188e-02,  1.10057443e-01, -8.79934406e-02,
        -1.34706226e-01,  1.45789963e-01, -1.47508406e-01],
       [ 6.20132831e-01,  4.14297806e-01,  2.30280714e-01,
         3.13709763e-01,  1.87057333e-01, -5.46028836e-02,
         7.78081989e-01,  2.67384092e-01, -5.97925686e-01,
         1.02582379e+00,  8.54918921e-02, -5.10051984e-02,
        -2.47161453e-01, -1.06022780e-02,  6.23902695e-02,
        -3.23304923e-02,  1.71373318e-02,  2.27400330e-01],
       [ 4.36545692e-01,  3.90616259e-01, -1.18171897e-01,
         2.52741092e-01,  2.59801102e-01, -1.98500546e-01,
         1.43355680e+00,  1.07029178e+00,  5.19394223e-01,
         8.54918921e-02,  8.58297613e-01, -2.09714308e-01,
        -9.16153233e-02, -1.92698453e-01, -1.83734028e-01,
        -6.20466035e-02, -3.81848521e-02, -6.83606569e-02],
       [-4.16948472e-01, -4.57580054e-02,  1.54678382e-01,
        -1.77071170e-01, -4.49620712e-02,  1.56388635e-01,
        -5.12793494e-01, -9.49072584e-01,  1.43070998e-01,
        -5.10051984e-02, -2.09714308e-01,  4.36080950e-01,
         1.28148098e-02,  1.31376998e-01, -4.81260082e-03,
        -4.36400177e-02,  6.73972986e-02,  1.19804775e-02],
       [-1.28036098e-02, -1.21098129e-01,  3.50139296e-02,
         7.56713610e-04, -9.88220000e-02,  6.93366734e-02,
        -5.18420742e-01, -4.76762676e-01,  2.37478188e-02,
        -2.47161453e-01, -9.16153233e-02,  1.28148098e-02,
         1.39066590e-01,  3.01207926e-02,  1.00293489e-03,
         6.03090078e-02,  3.54894079e-02, -6.74780077e-02],
       [-1.89272155e-01,  4.38157977e-03,  1.24692612e-01,
        -8.21270928e-02, -1.10483756e-02,  1.14071163e-01,
        -4.31501076e-01, -4.21215334e-01,  1.10057443e-01,
        -1.06022780e-02, -1.92698453e-01,  1.31376998e-01,
         3.01207926e-02,  1.05711655e-01,  3.42433853e-02,
         1.62548217e-03,  6.57012646e-02,  1.40846571e-02],
       [-9.18598698e-02, -1.53390587e-01,  7.42810157e-02,
        -5.60842830e-02, -8.84077764e-02,  7.08258727e-02,
        -2.54369029e-01, -1.94519792e-01, -8.79934406e-02,
         6.23902695e-02, -1.83734028e-01, -4.81260082e-03,
         1.00293489e-03,  3.42433853e-02,  9.15428049e-02,
         2.01805869e-02,  4.17651154e-03,  6.33878723e-02],
       [ 8.26899664e-02, -7.94731255e-02,  1.12276725e-02,
         3.88116885e-02, -6.26092207e-02,  1.42527808e-02,
        -1.90215763e-01, -1.54364383e-01, -1.34706226e-01,
        -3.23304923e-02, -6.20466035e-02, -4.36400177e-02,
         6.03090078e-02,  1.62548217e-03,  2.01805869e-02,
         5.28535477e-02,  8.37306567e-03, -9.84355035e-03],
       [-3.31482697e-02,  5.70814181e-02,  9.03125246e-02,
        -1.82255452e-03,  1.07999637e-02,  6.98634280e-02,
        -3.11767335e-01, -2.82573280e-01,  1.45789963e-01,
         1.71373318e-02, -3.81848521e-02,  6.73972986e-02,
         3.54894079e-02,  6.57012646e-02,  4.17651154e-03,
         8.37306567e-03,  7.24892662e-02, -3.16518224e-03],
       [ 7.38700050e-02, -7.06875899e-03,  7.81515002e-02,
         3.51916355e-02,  3.30980081e-04,  1.88757909e-02,
         2.25702961e-01,  4.60674038e-02, -1.47508406e-01,
         2.27400330e-01, -6.83606569e-02,  1.19804775e-02,
        -6.74780077e-02,  1.40846571e-02,  6.33878723e-02,
        -9.84355035e-03, -3.16518224e-03,  1.00112886e-01]])
      jac: array([-2.11519691e-05, -1.74082970e-06,  1.58129065e-05,  5.41729624e-05,
        1.28045722e-06, -3.93673982e-05, -1.51175369e-06,  3.11602596e-07,
        5.19214301e-06, -8.82183215e-06, -1.04997492e-05,  8.34110559e-06,
       -3.40135327e-05, -2.29642231e-05,  3.78030940e-05,  1.77084273e-05,
        7.91329964e-06, -2.36947499e-05])
  message: 'Desired error not necessarily achieved due to precision loss.'
     nfev: 2082
      nit: 62
     njev: 109
   status: 2
  success: False
        x: array([-1.7091734 , -1.20696023,  0.66053109, -1.49063386, -1.2715651 ,
        0.3632623 , -0.57523246, -1.68320743,  1.11903563,  0.01933636,
        0.47561212,  1.20056565,  0.11291332,  0.23380315, -0.24910702,
        1.34167873, -0.0770223 ,  0.00751602])
