Program Begingeth
      fun: 0.3083690719816212
 hess_inv: array([[ 3.80396021e+00, -8.79288407e-01, -1.34234113e+00,
         1.54780813e+00, -3.24466583e-01, -1.49004239e+00,
        -3.80929579e-01, -8.88204975e-01, -8.13338983e+00,
        -3.19330389e-01,  9.66133509e-01,  1.67734614e-01,
        -1.26295068e-01, -1.86455546e-01, -4.68771082e-01,
        -2.38226764e-01, -1.12000586e-01, -8.43246266e-02],
       [-8.79288407e-01,  5.04355813e+00,  1.31325663e+00,
        -3.80652147e-01,  2.24797415e+00,  6.95709966e-01,
         2.49129653e+00,  2.11570501e+00,  7.68537738e+00,
         8.75105812e-01,  4.79691247e-01, -1.04241639e+00,
        -4.26068740e-01, -2.68595396e-01, -6.12137071e-02,
        -7.24539059e-02, -2.06637912e-01,  1.25088488e-01],
       [-1.34234113e+00,  1.31325663e+00,  1.97672472e+00,
        -3.49233410e-01,  4.87470309e-01,  1.25647698e+00,
         1.55055908e+00, -7.42944568e-01,  5.78498273e+00,
         1.54784987e-01,  1.52257122e-01, -3.12619614e-01,
         1.28621168e-01,  4.82921599e-02,  9.18642199e-02,
         7.23421068e-02,  1.31363406e-01, -1.09673696e-02],
       [ 1.54780813e+00, -3.80652147e-01, -3.49233410e-01,
         6.90209285e-01, -1.54597140e-01, -4.98566711e-01,
         1.43646839e-01, -6.37545705e-01, -3.02395345e+00,
        -1.63401900e-01,  4.42131026e-01,  9.82453277e-02,
         3.19979628e-03, -5.23163223e-02, -2.11163900e-01,
        -8.48952226e-02, -5.60897650e-03, -6.11578570e-02],
       [-3.24466583e-01,  2.24797415e+00,  4.87470309e-01,
        -1.54597140e-01,  1.07751218e+00,  2.49919561e-01,
         1.39426753e+00,  1.48620809e+00,  3.06136315e+00,
         3.41816345e-01,  1.84766550e-01, -3.94084160e-01,
        -2.40116396e-01, -1.01500535e-01, -3.34123331e-02,
        -7.17339299e-02, -1.27780311e-01,  6.06776222e-02],
       [-1.49004239e+00,  6.95709966e-01,  1.25647698e+00,
        -4.98566711e-01,  2.49919561e-01,  9.87901169e-01,
         8.71536356e-01, -1.64822914e-01,  4.75516006e+00,
         5.70727395e-02, -2.17166053e-01, -1.43019848e-01,
         1.37547656e-01,  8.54438249e-02,  1.73889242e-01,
         1.13598737e-01,  9.52869923e-02,  1.25995095e-02],
       [-3.80929579e-01,  2.49129653e+00,  1.55055908e+00,
         1.43646839e-01,  1.39426753e+00,  8.71536356e-01,
         6.27005600e+00,  1.96438894e+00,  4.89918808e+00,
         7.89317317e-02,  2.52486003e-01, -5.26330720e-02,
        -2.58803325e-01, -4.05908877e-02, -1.13115808e-01,
        -1.62885967e-01, -2.90799091e-01, -1.80975405e-02],
       [-8.88204975e-01,  2.11570501e+00, -7.42944568e-01,
        -6.37545705e-01,  1.48620809e+00, -1.64822914e-01,
         1.96438894e+00,  6.80340317e+00,  1.72287400e+00,
         1.61547348e-01, -5.44291352e-01, -1.86355832e-01,
        -5.11087330e-01, -1.43586217e-02,  2.14730511e-01,
        -1.11664625e-01, -3.77936858e-01,  1.99692000e-01],
       [-8.13338983e+00,  7.68537738e+00,  5.78498273e+00,
        -3.02395345e+00,  3.06136315e+00,  4.75516006e+00,
         4.89918808e+00,  1.72287400e+00,  2.99390481e+01,
         1.29527040e+00, -8.00700266e-01, -1.62478934e+00,
         1.81962479e-01, -2.96231122e-02,  8.23175100e-01,
         5.66086403e-01,  1.09716660e-01,  2.61308957e-01],
       [-3.19330389e-01,  8.75105812e-01,  1.54784987e-01,
        -1.63401900e-01,  3.41816345e-01,  5.70727395e-02,
         7.89317317e-02,  1.61547348e-01,  1.29527040e+00,
         7.96230104e-01, -1.62517489e-02, -2.11865158e-01,
        -2.17332174e-01, -3.06299735e-02,  9.92975443e-02,
        -1.04268870e-02,  2.06128404e-03,  2.07001063e-01],
       [ 9.66133509e-01,  4.79691247e-01,  1.52257122e-01,
         4.42131026e-01,  1.84766550e-01, -2.17166053e-01,
         2.52486003e-01, -5.44291352e-01, -8.00700266e-01,
        -1.62517489e-02,  8.66248473e-01, -1.86722542e-01,
        -4.31475090e-02, -1.81922237e-01, -2.57580651e-01,
        -9.45042509e-02, -1.66619464e-02, -1.09137542e-01],
       [ 1.67734614e-01, -1.04241639e+00, -3.12619614e-01,
         9.82453277e-02, -3.94084160e-01, -1.43019848e-01,
        -5.26330720e-02, -1.86355832e-01, -1.62478934e+00,
        -2.11865158e-01, -1.86722542e-01,  5.35085139e-01,
         3.63149001e-02,  1.30782867e-01, -3.07982577e-02,
        -5.59132932e-02,  5.11092357e-02, -1.68935317e-02],
       [-1.26295068e-01, -4.26068740e-01,  1.28621168e-01,
         3.19979628e-03, -2.40116396e-01,  1.37547656e-01,
        -2.58803325e-01, -5.11087330e-01,  1.81962479e-01,
        -2.17332174e-01, -4.31475090e-02,  3.63149001e-02,
         1.88546916e-01,  4.60999379e-02,  9.82914182e-03,
         9.26916791e-02,  8.75637295e-02, -7.34725941e-02],
       [-1.86455546e-01, -2.68595396e-01,  4.82921599e-02,
        -5.23163223e-02, -1.01500535e-01,  8.54438249e-02,
        -4.05908877e-02, -1.43586217e-02, -2.96231122e-02,
        -3.06299735e-02, -1.81922237e-01,  1.30782867e-01,
         4.60999379e-02,  1.07745210e-01,  4.29459705e-02,
         1.59769653e-02,  7.66514669e-02,  9.09186417e-03],
       [-4.68771082e-01, -6.12137071e-02,  9.18642199e-02,
        -2.11163900e-01, -3.34123331e-02,  1.73889242e-01,
        -1.13115808e-01,  2.14730511e-01,  8.23175100e-01,
         9.92975443e-02, -2.57580651e-01, -3.07982577e-02,
         9.82914182e-03,  4.29459705e-02,  1.45896625e-01,
         5.34098333e-02,  1.08111716e-02,  8.43288019e-02],
       [-2.38226764e-01, -7.24539059e-02,  7.23421068e-02,
        -8.48952226e-02, -7.17339299e-02,  1.13598737e-01,
        -1.62885967e-01, -1.11664625e-01,  5.66086403e-01,
        -1.04268870e-02, -9.45042509e-02, -5.59132932e-02,
         9.26916791e-02,  1.59769653e-02,  5.34098333e-02,
         9.14194293e-02,  3.82614608e-02, -4.14273513e-03],
       [-1.12000586e-01, -2.06637912e-01,  1.31363406e-01,
        -5.60897650e-03, -1.27780311e-01,  9.52869923e-02,
        -2.90799091e-01, -3.77936858e-01,  1.09716660e-01,
         2.06128404e-03, -1.66619464e-02,  5.11092357e-02,
         8.75637295e-02,  7.66514669e-02,  1.08111716e-02,
         3.82614608e-02,  1.24774519e-01, -1.36838342e-02],
       [-8.43246266e-02,  1.25088488e-01, -1.09673696e-02,
        -6.11578570e-02,  6.06776222e-02,  1.25995095e-02,
        -1.80975405e-02,  1.99692000e-01,  2.61308957e-01,
         2.07001063e-01, -1.09137542e-01, -1.68935317e-02,
        -7.34725941e-02,  9.09186417e-03,  8.43288019e-02,
        -4.14273513e-03, -1.36838342e-02,  1.14812410e-01]])
      jac: array([ 3.18556293e-05, -3.11151105e-05, -2.71382916e-05, -7.51957755e-05,
        9.23620440e-05,  3.88452233e-05,  7.19535542e-06, -2.01216821e-05,
        1.07691633e-06, -2.23228843e-06,  3.09119397e-05,  2.65861407e-06,
       -1.98918659e-05, -4.40425474e-06,  6.26968847e-05,  1.70097270e-05,
        2.57201667e-06, -2.76452935e-05])
  message: 'Desired error not necessarily achieved due to precision loss.'
     nfev: 1949
      nit: 58
     njev: 102
   status: 2
  success: False
        x: array([-0.83136255, -1.43765527,  0.70632769, -0.95626106, -1.45588416,
        0.24786007, -0.42090815, -2.29953302, -0.23895009, -0.00676032,
        0.54678204,  1.20053424,  0.12973128,  0.10101417, -0.32996168,
        1.18367326, -0.31821528, -0.04802756])
