Program Begingeth
      fun: 0.2825618914501569
 hess_inv: array([[ 5.30487311e+00, -1.98970477e+00, -5.95444842e-01,
         1.71836211e+00, -8.08570013e-01,  9.04124934e-01,
         3.03250065e+00,  2.79927836e+00,  2.35358235e+00,
        -2.58629000e-01, -1.21576456e+00,  1.07339800e+00,
        -8.60879627e-01,  5.08842589e-01,  5.91496505e-01,
        -2.89212799e-01,  5.74546158e-01, -2.13937314e-01],
       [-1.98970477e+00,  3.64674703e+00,  1.54018265e+00,
        -6.88427395e-01,  1.41700077e+00,  1.33603049e-01,
        -4.47624717e+00, -1.95438075e-01,  3.09937379e+00,
        -2.92035830e-01,  6.56396437e-01, -1.57506722e+00,
         5.89742600e-01, -4.53376000e-01, -3.38896081e-01,
         1.04489974e-01, -2.98484960e-01,  3.35395079e-02],
       [-5.95444842e-01,  1.54018265e+00,  3.30542943e+00,
        -7.09649163e-01,  4.92654291e-01,  1.11463863e+00,
        -6.07173734e+00, -3.60685284e+00,  4.43235531e+00,
        -4.90385421e-03,  1.42132020e+00, -9.89241364e-01,
         1.05352834e-01, -2.73328211e-01, -5.11890277e-01,
         2.11703161e-01, -7.80420007e-02, -2.26821440e-01],
       [ 1.71836211e+00, -6.88427395e-01, -7.09649163e-01,
         6.99348918e-01, -2.77463666e-01,  8.50808231e-02,
         2.32038466e+00,  1.58097377e+00,  1.96396358e-01,
        -1.42023197e-01, -6.17161272e-01,  3.70839070e-01,
        -2.39146640e-01,  1.63766727e-01,  2.85603695e-01,
        -1.25597563e-01,  1.75289511e-01,  3.86928247e-03],
       [-8.08570013e-01,  1.41700077e+00,  4.92654291e-01,
        -2.77463666e-01,  6.71865642e-01,  4.01946652e-02,
        -2.35559858e+00,  8.11782276e-01,  8.45876341e-01,
        -1.07067235e-02,  1.35841690e-01, -5.19895622e-01,
         2.76699700e-01, -1.11006464e-01, -8.19888999e-02,
         7.35327905e-02, -1.45431111e-01,  3.16087688e-02],
       [ 9.04124934e-01,  1.33603049e-01,  1.11463863e+00,
         8.50808231e-02,  4.01946652e-02,  6.90500203e-01,
        -2.10443681e+00, -4.66508520e-01,  2.52929585e+00,
         7.94260135e-02,  1.80432943e-01, -1.00714672e-01,
        -1.69105314e-01,  1.66952214e-02, -2.33809054e-02,
        -2.10213634e-03,  5.70252506e-02, -1.32380701e-01],
       [ 3.03250065e+00, -4.47624717e+00, -6.07173734e+00,
         2.32038466e+00, -2.35559858e+00, -2.10443681e+00,
         2.42614262e+01,  2.84112912e+00, -8.33093254e+00,
        -9.42385468e-01, -2.22023362e+00,  1.67919235e+00,
        -8.80659897e-01,  4.80197883e-01,  9.89118903e-01,
        -6.76208543e-01,  9.29822284e-01,  5.16390147e-01],
       [ 2.79927836e+00, -1.95438075e-01, -3.60685284e+00,
         1.58097377e+00,  8.11782276e-01, -4.66508520e-01,
         2.84112912e+00,  1.44205383e+01, -2.73614311e+00,
         2.28946217e-01, -2.72887578e+00,  7.58266198e-01,
        -1.20506888e-01,  6.08086341e-01,  1.30368276e+00,
        -3.95646589e-01,  1.32175569e-01,  3.44871064e-01],
       [ 2.35358235e+00,  3.09937379e+00,  4.43235531e+00,
         1.96396358e-01,  8.45876341e-01,  2.52929585e+00,
        -8.33093254e+00, -2.73614311e+00,  1.53574493e+01,
        -5.98355740e-02,  1.26271256e+00, -1.48255581e+00,
        -2.81838677e-01, -6.50519212e-01, -3.92983740e-01,
        -1.08233884e-01, -1.46215260e-01, -4.86422664e-01],
       [-2.58629000e-01, -2.92035830e-01, -4.90385421e-03,
        -1.42023197e-01, -1.07067235e-02,  7.94260135e-02,
        -9.42385468e-01,  2.28946217e-01, -5.98355740e-02,
         8.27223664e-01,  1.14211904e-01,  1.17612225e-01,
        -1.31029976e-01, -1.62663361e-02, -6.08073003e-02,
         2.68485007e-02, -1.19949861e-01, -1.67601651e-01],
       [-1.21576456e+00,  6.56396437e-01,  1.42132020e+00,
        -6.17161272e-01,  1.35841690e-01,  1.80432943e-01,
        -2.22023362e+00, -2.72887578e+00,  1.26271256e+00,
         1.14211904e-01,  1.42569718e+00, -5.93543262e-01,
         1.37665603e-01, -3.50382413e-01, -4.96453843e-01,
         1.65512061e-01, -1.19165210e-01, -1.85759835e-01],
       [ 1.07339800e+00, -1.57506722e+00, -9.89241364e-01,
         3.70839070e-01, -5.19895622e-01, -1.00714672e-01,
         1.67919235e+00,  7.58266198e-01, -1.48255581e+00,
         1.17612225e-01, -5.93543262e-01,  1.08932044e+00,
        -2.23417003e-01,  3.35794827e-01,  1.81948208e-01,
        -7.66582502e-03,  1.69621187e-01,  1.75497510e-02],
       [-8.60879627e-01,  5.89742600e-01,  1.05352834e-01,
        -2.39146640e-01,  2.76699700e-01, -1.69105314e-01,
        -8.80659897e-01, -1.20506888e-01, -2.81838677e-01,
        -1.31029976e-01,  1.37665603e-01, -2.23417003e-01,
         2.88926539e-01, -8.86663961e-02, -7.51016724e-02,
         1.10630294e-01, -1.34755927e-01,  9.39266046e-02],
       [ 5.08842589e-01, -4.53376000e-01, -2.73328211e-01,
         1.63766727e-01, -1.11006464e-01,  1.66952214e-02,
         4.80197883e-01,  6.08086341e-01, -6.50519212e-01,
        -1.62663361e-02, -3.50382413e-01,  3.35794827e-01,
        -8.86663961e-02,  1.97845672e-01,  1.19712522e-01,
        -1.35873211e-02,  1.16391430e-01,  2.95250294e-02],
       [ 5.91496505e-01, -3.38896081e-01, -5.11890277e-01,
         2.85603695e-01, -8.19888999e-02, -2.33809054e-02,
         9.89118903e-01,  1.30368276e+00, -3.92983740e-01,
        -6.08073003e-02, -4.96453843e-01,  1.81948208e-01,
        -7.51016724e-02,  1.19712522e-01,  2.38407000e-01,
        -8.18716065e-02,  5.44790291e-02,  8.75349763e-02],
       [-2.89212799e-01,  1.04489974e-01,  2.11703161e-01,
        -1.25597563e-01,  7.35327905e-02, -2.10213634e-03,
        -6.76208543e-01, -3.95646589e-01, -1.08233884e-01,
         2.68485007e-02,  1.65512061e-01, -7.66582502e-03,
         1.10630294e-01, -1.35873211e-02, -8.18716065e-02,
         1.07495783e-01, -4.55304926e-02, -1.44551153e-03],
       [ 5.74546158e-01, -2.98484960e-01, -7.80420007e-02,
         1.75289511e-01, -1.45431111e-01,  5.70252506e-02,
         9.29822284e-01,  1.32175569e-01, -1.46215260e-01,
        -1.19949861e-01, -1.19165210e-01,  1.69621187e-01,
        -1.34755927e-01,  1.16391430e-01,  5.44790291e-02,
        -4.55304926e-02,  1.68886854e-01, -8.62896752e-03],
       [-2.13937314e-01,  3.35395079e-02, -2.26821440e-01,
         3.86928247e-03,  3.16087688e-02, -1.32380701e-01,
         5.16390147e-01,  3.44871064e-01, -4.86422664e-01,
        -1.67601651e-01, -1.85759835e-01,  1.75497510e-02,
         9.39266046e-02,  2.95250294e-02,  8.75349763e-02,
        -1.44551153e-03, -8.62896752e-03,  1.35548634e-01]])
      jac: array([-6.83564316e-06,  2.37143638e-06, -2.56161759e-05,  1.30639943e-05,
        7.50510765e-06,  7.15420316e-05,  8.23415410e-07, -1.97619698e-07,
       -5.23618186e-06, -5.08371123e-06,  3.95757501e-06, -4.70031421e-06,
       -9.79253715e-06,  7.27566155e-07, -5.05395725e-05,  3.09752224e-06,
       -9.49129664e-06,  3.14204218e-05])
  message: 'Desired error not necessarily achieved due to precision loss.'
     nfev: 1893
      nit: 65
     njev: 99
   status: 2
  success: False
        x: array([ 0.75121267, -0.84088403,  0.60171288,  1.10968938, -0.93434146,
        0.12903399,  0.72832121, -1.60712499, -0.52618688,  0.0074893 ,
        0.63490416,  1.13138864,  0.01796024,  0.14608693, -0.34840341,
       -1.06927822, -0.45045195, -0.0186696 ])
