Program Begingeth
      fun: 0.3500117144042318
 hess_inv: array([[ 1.31590231e+01, -8.71869248e-01, -2.35788695e+00,
         2.23252519e+00,  3.68123092e-01,  2.20760527e+00,
        -2.45633366e+01,  8.80110300e+00,  4.86818670e+00,
        -1.27946545e+00, -2.91930669e+00,  2.24822081e+00,
        -1.59148657e+00,  7.46562556e-01,  1.55853527e+00,
        -3.90289065e-01, -2.46124206e-02, -1.07903585e+00],
       [-8.71869248e-01,  4.05866892e+00,  9.95982574e-01,
         1.24302717e-02,  1.11113755e+00,  1.80047193e-02,
        -5.53193746e+00, -1.23132210e+00,  4.92253200e+00,
        -6.44913527e-02, -2.68507923e-01, -2.12304742e+00,
         6.49381345e-01, -5.99643422e-01, -1.69979905e-01,
        -1.57258758e-01, -2.19922525e-01,  1.19889583e-01],
       [-2.35788695e+00,  9.95982574e-01,  3.50657139e+00,
        -7.10844941e-01, -1.79143941e-01, -1.56482875e-02,
         6.49694141e+00, -6.31997504e+00, -6.27313876e-01,
        -3.17568598e-01,  2.04966214e+00, -1.76856177e+00,
         1.14541617e-01, -4.42396309e-01, -9.06169627e-01,
         3.02082793e-01,  2.34191553e-01,  1.76957884e-01],
       [ 2.23252519e+00,  1.24302717e-02, -7.10844941e-01,
         4.74587408e-01,  1.01504981e-01,  3.23660828e-01,
        -3.85497959e+00,  2.08459239e+00,  1.17562891e+00,
        -2.62660290e-01, -7.35211022e-01,  3.58688492e-01,
        -2.05443726e-01,  1.12685019e-01,  3.53529045e-01,
        -9.05805929e-02, -3.30461822e-03, -1.41770162e-01],
       [ 3.68123092e-01,  1.11113755e+00, -1.79143941e-01,
         1.01504981e-01,  8.66533451e-01,  1.84426596e-01,
        -1.06584981e+01,  1.27679374e+00,  1.47619475e+00,
         6.32774883e-01, -3.88929759e-01, -2.52703262e-01,
         4.85351115e-01,  6.70759931e-03,  1.44003510e-01,
        -6.41002527e-02, -5.42544628e-01, -9.76061996e-02],
       [ 2.20760527e+00,  1.80047193e-02, -1.56482875e-02,
         3.23660828e-01,  1.84426596e-01,  5.12237931e-01,
        -5.93123368e+00,  1.14505696e+00,  1.12133360e+00,
         1.07076048e-02, -3.99868929e-01,  2.14672112e-01,
        -2.44560084e-01,  1.14358364e-01,  2.50362417e-01,
        -6.48083323e-02, -9.82775608e-02, -1.93028131e-01],
       [-2.45633366e+01, -5.53193746e+00,  6.49694141e+00,
        -3.85497959e+00, -1.06584981e+01, -5.93123368e+00,
         1.89887323e+02, -2.79743695e+01, -1.80097860e+01,
        -8.46178368e+00,  7.46766264e+00, -3.44953352e+00,
        -3.73966897e+00, -1.89221367e+00, -4.12273934e+00,
         1.23737768e+00,  8.54076424e+00,  3.44969458e+00],
       [ 8.80110300e+00, -1.23132210e+00, -6.31997504e+00,
         2.08459239e+00,  1.27679374e+00,  1.14505696e+00,
        -2.79743695e+01,  1.81275749e+01,  3.12873234e+00,
         6.44537086e-01, -4.63817631e+00,  3.06481082e+00,
        -3.86123000e-01,  1.08871863e+00,  2.41279769e+00,
        -7.79886521e-01, -6.60860699e-01, -6.18955101e-01],
       [ 4.86818670e+00,  4.92253200e+00, -6.27313876e-01,
         1.17562891e+00,  1.47619475e+00,  1.12133360e+00,
        -1.80097860e+01,  3.12873234e+00,  1.35770377e+01,
        -4.98777202e-01, -1.90097523e+00, -1.41207654e+00,
         7.64803658e-02, -7.01954277e-01,  6.55127095e-01,
        -5.45693817e-01, -4.47469321e-01, -1.49765800e-01],
       [-1.27946545e+00, -6.44913527e-02, -3.17568598e-01,
        -2.62660290e-01,  6.32774883e-01,  1.07076048e-02,
        -8.46178368e+00,  6.44537086e-01, -4.98777202e-01,
         1.92244855e+00,  6.57850690e-02,  1.64462311e-01,
         4.13072864e-01,  8.68357868e-02,  3.93722899e-02,
        -1.45190638e-02, -7.12771115e-01, -1.42883582e-01],
       [-2.91930669e+00, -2.68507923e-01,  2.04966214e+00,
        -7.35211022e-01, -3.88929759e-01, -3.99868929e-01,
         7.46766264e+00, -4.63817631e+00, -1.90097523e+00,
         6.57850690e-02,  2.27200731e+00, -8.30645615e-01,
         1.72311874e-01, -3.74099451e-01, -8.59964457e-01,
         2.95066004e-01,  1.15104211e-01,  9.42217831e-02],
       [ 2.24822081e+00, -2.12304742e+00, -1.76856177e+00,
         3.58688492e-01, -2.52703262e-01,  2.14672112e-01,
        -3.44953352e+00,  3.06481082e+00, -1.41207654e+00,
         1.64462311e-01, -8.30645615e-01,  2.08584600e+00,
        -3.86760467e-01,  5.70018699e-01,  4.25463960e-01,
        -1.29649804e-02, -4.35563194e-02, -2.13567863e-01],
       [-1.59148657e+00,  6.49381345e-01,  1.14541617e-01,
        -2.05443726e-01,  4.85351115e-01, -2.44560084e-01,
        -3.73966897e+00, -3.86123000e-01,  7.64803658e-02,
         4.13072864e-01,  1.72311874e-01, -3.86760467e-01,
         6.66539334e-01, -8.96775293e-02, -1.18794453e-01,
         6.48236119e-02, -4.05955861e-01,  1.24351755e-01],
       [ 7.46562556e-01, -5.99643422e-01, -4.42396309e-01,
         1.12685019e-01,  6.70759931e-03,  1.14358364e-01,
        -1.89221367e+00,  1.08871863e+00, -7.01954277e-01,
         8.68357868e-02, -3.74099451e-01,  5.70018699e-01,
        -8.96775293e-02,  2.48265995e-01,  1.74670292e-01,
        -1.67709520e-03, -2.22036843e-02, -5.78649679e-02],
       [ 1.55853527e+00, -1.69979905e-01, -9.06169627e-01,
         3.53529045e-01,  1.44003510e-01,  2.50362417e-01,
        -4.12273934e+00,  2.41279769e+00,  6.55127095e-01,
         3.93722899e-02, -8.59964457e-01,  4.25463960e-01,
        -1.18794453e-01,  1.74670292e-01,  4.30749282e-01,
        -1.30676443e-01, -8.90137912e-02, -7.43291030e-02],
       [-3.90289065e-01, -1.57258758e-01,  3.02082793e-01,
        -9.05805929e-02, -6.41002527e-02, -6.48083323e-02,
         1.23737768e+00, -7.79886521e-01, -5.45693817e-01,
        -1.45190638e-02,  2.95066004e-01, -1.29649804e-02,
         6.48236119e-02, -1.67709520e-03, -1.30676443e-01,
         1.06385694e-01,  1.33320784e-02,  2.57687553e-02],
       [-2.46124206e-02, -2.19922525e-01,  2.34191553e-01,
        -3.30461822e-03, -5.42544628e-01, -9.82775608e-02,
         8.54076424e+00, -6.60860699e-01, -4.47469321e-01,
        -7.12771115e-01,  1.15104211e-01, -4.35563194e-02,
        -4.05955861e-01, -2.22036843e-02, -8.90137912e-02,
         1.33320784e-02,  5.68688411e-01,  9.32200024e-02],
       [-1.07903585e+00,  1.19889583e-01,  1.76957884e-01,
        -1.41770162e-01, -9.76061996e-02, -1.93028131e-01,
         3.44969458e+00, -6.18955101e-01, -1.49765800e-01,
        -1.42883582e-01,  9.42217831e-02, -2.13567863e-01,
         1.24351755e-01, -5.78649679e-02, -7.43291030e-02,
         2.57687553e-02,  9.32200024e-02,  1.87942863e-01]])
      jac: array([ 4.70364488e-07, -2.42398694e-07, -9.12973401e-07, -9.32587341e-08,
        2.17714735e-06,  1.38925908e-06,  2.00950367e-07, -2.80886425e-07,
       -1.43218770e-07, -1.98359847e-07,  2.86807615e-07, -5.03671179e-07,
       -4.18184006e-07,  5.92859095e-07, -1.43218770e-06, -1.21421391e-06,
       -1.68753900e-06,  1.74119978e-06])
  message: 'Optimization terminated successfully.'
     nfev: 1463
      nit: 70
     njev: 77
   status: 0
  success: True
        x: array([ 0.45229757, -0.61823646,  0.54217224,  1.15361653, -0.71711487,
        0.0754827 ,  0.18771358, -1.59773994, -0.32880222,  0.02095999,
        0.55005525,  1.02439569,  0.0820357 ,  0.03272796, -0.34441806,
       -1.16437407, -0.85675378,  0.01164204])
