Program Begingeth
      fun: 0.311840691964272
 hess_inv: array([[ 9.17727600e+00,  2.61755225e+00, -2.59259401e+00,
         3.20327594e+00,  1.32982283e+00, -1.32032129e+00,
         6.75246042e+00,  4.78628233e-01,  5.37347281e+00,
         1.83375104e-01,  7.63410647e-01, -8.58417344e-01,
        -1.34549537e+00, -4.95605283e-01, -2.22872857e-01,
        -2.76350116e-01, -7.41920243e-01,  2.58084708e-01],
       [ 2.61755225e+00,  3.24525515e+00, -2.45202292e-01,
         6.29110397e-01,  1.33525215e+00, -5.39484601e-01,
         6.63676046e-01,  1.22670631e+00, -6.48848574e-01,
         6.87319321e-01,  5.93423002e-02, -1.19737191e+00,
        -7.16522608e-01, -3.00548138e-01,  6.96665925e-03,
        -6.98735318e-02, -2.50611639e-01,  1.85329392e-01],
       [-2.59259401e+00, -2.45202292e-01,  2.70676433e+00,
        -1.10582956e+00, -1.85335907e-02,  9.83574478e-01,
        -4.71721974e+00,  1.19196965e+00, -2.07743966e+00,
        -1.93974971e-01,  5.29228737e-01, -6.88437036e-02,
         3.57928217e-01,  6.97914026e-02, -8.03265321e-02,
         1.24670397e-02,  2.53524904e-01, -1.18238576e-01],
       [ 3.20327594e+00,  6.29110397e-01, -1.10582956e+00,
         1.23578880e+00,  3.44478750e-01, -5.06998353e-01,
         3.26311541e+00,  1.36504799e-01,  2.16614522e+00,
         4.64498243e-02,  2.92361084e-01, -2.10132348e-01,
        -3.94789143e-01, -1.60057398e-01, -9.64265995e-02,
        -7.13798320e-02, -2.33603023e-01,  6.63673811e-02],
       [ 1.32982283e+00,  1.33525215e+00, -1.85335907e-02,
         3.44478750e-01,  6.26729293e-01, -2.08948121e-01,
         2.43365746e-01,  1.02424096e+00, -7.06012532e-02,
         3.24972158e-01,  1.11955931e-01, -4.24613013e-01,
        -3.45822249e-01, -1.04149216e-01, -4.48466000e-02,
        -6.26773987e-02, -1.04853114e-01,  7.96335302e-02],
       [-1.32032129e+00, -5.39484601e-01,  9.83574478e-01,
        -5.06998353e-01, -2.08948121e-01,  4.80493723e-01,
        -1.92972192e+00,  2.33062250e-02, -3.78921309e-01,
        -2.18037718e-01,  4.68606740e-02,  1.39056880e-01,
         2.45320532e-01,  9.86585521e-02,  2.58884030e-02,
         2.45030359e-02,  1.29335346e-01, -4.92082145e-02],
       [ 6.75246042e+00,  6.63676046e-01, -4.71721974e+00,
         3.26311541e+00,  2.43365746e-01, -1.92972192e+00,
         1.43989521e+01, -5.16721722e-01,  5.35500467e+00,
         3.92099863e-01,  2.32901385e-01, -4.32282306e-01,
        -6.50953551e-01, -3.97087934e-01, -1.49942025e-01,
        -2.92983320e-03, -4.79645578e-01,  1.00466842e-01],
       [ 4.78628233e-01,  1.22670631e+00,  1.19196965e+00,
         1.36504799e-01,  1.02424096e+00,  2.33062250e-02,
        -5.16721722e-01,  6.16868213e+00, -9.62329551e-01,
         1.26929373e+00,  5.16596832e-01, -1.96465565e-01,
        -3.95163139e-01,  3.24994075e-02, -3.12309857e-01,
        -1.33465797e-01,  8.76713421e-02,  8.05631636e-02],
       [ 5.37347281e+00, -6.48848574e-01, -2.07743966e+00,
         2.16614522e+00, -7.06012532e-02, -3.78921309e-01,
         5.35500467e+00, -9.62329551e-01,  7.96745532e+00,
        -1.29988288e-03,  1.52980938e-01,  1.79088816e-01,
        -5.41613754e-01,  1.50264860e-02,  4.04016244e-02,
        -1.36743431e-01, -3.09991633e-01,  1.88790002e-01],
       [ 1.83375104e-01,  6.87319321e-01, -1.93974971e-01,
         4.64498243e-02,  3.24972158e-01, -2.18037718e-01,
         3.92099863e-01,  1.26929373e+00, -1.29988288e-03,
         1.46165480e+00, -2.40302853e-01, -1.79388558e-01,
        -3.87458507e-01,  3.40651495e-02,  7.94598708e-02,
        -1.47199606e-02,  4.45197486e-02,  2.50167721e-01],
       [ 7.63410647e-01,  5.93423002e-02,  5.29228737e-01,
         2.92361084e-01,  1.11955931e-01,  4.68606740e-02,
         2.32901385e-01,  5.16596832e-01,  1.52980938e-01,
        -2.40302853e-01,  1.05205069e+00, -1.47421219e-01,
        -3.41477764e-02, -2.05571269e-01, -2.54291185e-01,
        -6.08450286e-02, -3.76337627e-02, -1.48523592e-01],
       [-8.58417344e-01, -1.19737191e+00, -6.88437036e-02,
        -2.10132348e-01, -4.24613013e-01,  1.39056880e-01,
        -4.32282306e-01, -1.96465565e-01,  1.79088816e-01,
        -1.79388558e-01, -1.47421219e-01,  8.89760663e-01,
         1.95058558e-01,  2.06610636e-01, -6.46038000e-02,
        -3.46507553e-02,  1.23336111e-01, -3.49244024e-02],
       [-1.34549537e+00, -7.16522608e-01,  3.57928217e-01,
        -3.94789143e-01, -3.45822249e-01,  2.45320532e-01,
        -6.50953551e-01, -3.95163139e-01, -5.41613754e-01,
        -3.87458507e-01, -3.41477764e-02,  1.95058558e-01,
         3.56953946e-01,  7.29279827e-02,  1.01042454e-02,
         8.31045725e-02,  1.17323942e-01, -1.10604598e-01],
       [-4.95605283e-01, -3.00548138e-01,  6.97914026e-02,
        -1.60057398e-01, -1.04149216e-01,  9.86585521e-02,
        -3.97087934e-01,  3.24994075e-02,  1.50264860e-02,
         3.40651495e-02, -2.05571269e-01,  2.06610636e-01,
         7.29279827e-02,  1.18896180e-01,  3.46900850e-02,
         6.80181462e-03,  7.56784269e-02,  1.82080511e-02],
       [-2.22872857e-01,  6.96665925e-03, -8.03265321e-02,
        -9.64265995e-02, -4.48466000e-02,  2.58884030e-02,
        -1.49942025e-01, -3.12309857e-01,  4.04016244e-02,
         7.94598708e-02, -2.54291185e-01, -6.46038000e-02,
         1.01042454e-02,  3.46900850e-02,  1.13478376e-01,
         2.87417021e-02,  5.62068384e-03,  6.01916329e-02],
       [-2.76350116e-01, -6.98735318e-02,  1.24670397e-02,
        -7.13798320e-02, -6.26773987e-02,  2.45030359e-02,
        -2.92983320e-03, -1.33465797e-01, -1.36743431e-01,
        -1.47199606e-02, -6.08450286e-02, -3.46507553e-02,
         8.31045725e-02,  6.80181462e-03,  2.87417021e-02,
         5.40967599e-02,  2.36803060e-02, -1.02702152e-02],
       [-7.41920243e-01, -2.50611639e-01,  2.53524904e-01,
        -2.33603023e-01, -1.04853114e-01,  1.29335346e-01,
        -4.79645578e-01,  8.76713421e-02, -3.09991633e-01,
         4.45197486e-02, -3.76337627e-02,  1.23336111e-01,
         1.17323942e-01,  7.56784269e-02,  5.62068384e-03,
         2.36803060e-02,  1.04289912e-01, -1.57634472e-02],
       [ 2.58084708e-01,  1.85329392e-01, -1.18238576e-01,
         6.63673811e-02,  7.96335302e-02, -4.92082145e-02,
         1.00466842e-01,  8.05631636e-02,  1.88790002e-01,
         2.50167721e-01, -1.48523592e-01, -3.49244024e-02,
        -1.10604598e-01,  1.82080511e-02,  6.01916329e-02,
        -1.02702152e-02, -1.57634472e-02,  9.35027476e-02]])
      jac: array([-2.51280478e-06,  2.21341464e-06, -3.01758618e-06,  9.15156839e-06,
       -4.44237240e-06,  5.48191122e-06, -1.21236354e-06,  5.08852220e-07,
       -8.80776933e-08, -2.42768768e-07, -3.60452409e-07, -1.69790108e-06,
        2.49800181e-07, -2.38549921e-06, -2.82847819e-06, -2.59607151e-06,
        1.41072339e-06,  4.25585493e-06])
  message: 'Optimization terminated successfully.'
     nfev: 1653
      nit: 75
     njev: 87
   status: 0
  success: True
        x: array([-0.9587763 , -1.03387163,  0.50780011, -1.41606294, -1.00129589,
        0.26174018, -2.1149471 , -0.83379291,  0.9766977 ,  0.1153642 ,
        0.47051606,  1.10471346,  0.12328361,  0.17040372, -0.24405407,
        1.49210815, -0.33305086,  0.02345702])
