Program Begingeth
      fun: 0.31509581013149285
 hess_inv: array([[ 5.38619753e+00,  1.30788943e-01,  6.96580313e-01,
         2.60430855e+00,  1.22018892e-03, -5.11753441e-01,
         5.14329470e+00,  4.76980887e-01, -5.91781574e+00,
         7.58994277e-01,  7.79585010e-01, -6.42401976e-01,
        -1.10939766e-01, -3.56435365e-01, -2.52253763e-01,
         8.46238411e-02, -1.31600970e-01,  8.92278261e-03],
       [ 1.30788943e-01,  1.92145072e+00, -2.24967298e-01,
         1.06355108e-01,  9.52830972e-01, -1.91658374e-01,
         5.15396566e-01,  1.06379460e+00,  1.64737943e+00,
         6.69181710e-01,  3.68336897e-01, -2.66211732e-02,
        -2.03354399e-01,  3.18081206e-02, -1.77023774e-01,
        -1.01527129e-01,  6.16642690e-02,  4.23576817e-02],
       [ 6.96580313e-01, -2.24967298e-01,  1.52638825e+00,
         4.38846072e-01, -1.85000091e-01,  6.42636439e-01,
         8.01245667e-01, -2.12608404e+00, -1.08806920e+00,
         1.74473961e-01, -1.60789883e-01,  2.29192025e-01,
         5.68231744e-02,  1.63401712e-01,  5.94008364e-02,
        -1.44207811e-04,  1.03944173e-01,  5.34617170e-02],
       [ 2.60430855e+00,  1.06355108e-01,  4.38846072e-01,
         1.28552614e+00,  2.31463421e-02, -2.01641175e-01,
         2.72069343e+00,  1.09509371e-01, -2.77654704e+00,
         3.80823269e-01,  3.98787557e-01, -2.70101084e-01,
        -4.93870158e-02, -1.56569758e-01, -1.32057299e-01,
         3.91618950e-02, -5.21966899e-02,  7.20256329e-03],
       [ 1.22018892e-03,  9.52830972e-01, -1.85000091e-01,
         2.31463421e-02,  5.34301228e-01, -1.47239786e-01,
         8.63403707e-01,  1.11004406e+00,  9.06756866e-01,
         3.17995658e-01,  2.55520860e-01, -3.86444871e-02,
        -1.64760977e-01, -2.56784669e-03, -9.84623438e-02,
        -8.13337499e-02, -1.68137764e-03,  3.63144663e-02],
       [-5.11753441e-01, -1.91658374e-01,  6.42636439e-01,
        -2.01641175e-01, -1.47239786e-01,  4.41356915e-01,
        -9.11451403e-01, -1.37763787e+00,  5.29890797e-01,
        -1.31085906e-01, -2.65435029e-01,  2.25836102e-01,
         1.12886438e-01,  1.55268709e-01,  8.76737629e-02,
         1.11828290e-02,  9.68449987e-02,  7.50675513e-03],
       [ 5.14329470e+00,  5.15396566e-01,  8.01245667e-01,
         2.72069343e+00,  8.63403707e-01, -9.11451403e-01,
         1.70821375e+01,  5.87476603e+00, -5.86406566e+00,
         1.08865942e+00,  1.78937293e+00, -7.36045684e-01,
        -1.08265195e+00, -6.51953712e-01, -4.40874290e-01,
        -3.31573716e-01, -7.03845186e-01,  3.39813119e-01],
       [ 4.76980887e-01,  1.06379460e+00, -2.12608404e+00,
         1.09509371e-01,  1.11004406e+00, -1.37763787e+00,
         5.87476603e+00,  9.36053905e+00,  9.55357305e-01,
         3.22052890e-01,  1.21415229e+00, -1.18852346e+00,
        -6.79606006e-01, -5.30783823e-01, -2.10411042e-01,
        -1.63234950e-01, -4.03754342e-01,  1.00757286e-01],
       [-5.91781574e+00,  1.64737943e+00, -1.08806920e+00,
        -2.77654704e+00,  9.06756866e-01,  5.29890797e-01,
        -5.86406566e+00,  9.55357305e-01,  1.14793995e+01,
        -6.87526787e-01,  1.94519736e-01,  4.56173283e-01,
         1.36122031e-01,  3.32798875e-01,  3.81624079e-02,
        -1.62084103e-01,  3.07436167e-01, -8.29810002e-02],
       [ 7.58994277e-01,  6.69181710e-01,  1.74473961e-01,
         3.80823269e-01,  3.17995658e-01, -1.31085906e-01,
         1.08865942e+00,  3.22052890e-01, -6.87526787e-01,
         1.17605937e+00,  9.29726045e-02, -3.99310285e-02,
        -3.04389790e-01,  7.00040944e-03,  8.06502816e-03,
        -4.90000821e-02,  2.11921071e-02,  2.18828184e-01],
       [ 7.79585010e-01,  3.68336897e-01, -1.60789883e-01,
         3.98787557e-01,  2.55520860e-01, -2.65435029e-01,
         1.78937293e+00,  1.21415229e+00,  1.94519736e-01,
         9.29726045e-02,  8.93055966e-01, -2.56035207e-01,
        -1.09328866e-01, -2.20487265e-01, -2.10750052e-01,
        -5.22905685e-02, -5.97153063e-02, -8.38166176e-02],
       [-6.42401976e-01, -2.66211732e-02,  2.29192025e-01,
        -2.70101084e-01, -3.86444871e-02,  2.25836102e-01,
        -7.36045684e-01, -1.18852346e+00,  4.56173283e-01,
        -3.99310285e-02, -2.56035207e-01,  5.29819629e-01,
         1.39983806e-02,  1.65681628e-01,  9.51589685e-04,
        -6.09650529e-02,  8.20901761e-02,  2.82855079e-02],
       [-1.10939766e-01, -2.03354399e-01,  5.68231744e-02,
        -4.93870158e-02, -1.64760977e-01,  1.12886438e-01,
        -1.08265195e+00, -6.79606006e-01,  1.36122031e-01,
        -3.04389790e-01, -1.09328866e-01,  1.39983806e-02,
         1.97482628e-01,  3.25904457e-02,  1.75726914e-02,
         8.33707821e-02,  5.64330488e-02, -8.21398424e-02],
       [-3.56435365e-01,  3.18081206e-02,  1.63401712e-01,
        -1.56569758e-01, -2.56784669e-03,  1.55268709e-01,
        -6.51953712e-01, -5.30783823e-01,  3.32798875e-01,
         7.00040944e-03, -2.20487265e-01,  1.65681628e-01,
         3.25904457e-02,  1.23472659e-01,  4.24704235e-02,
        -4.73547215e-03,  7.70599334e-02,  2.41214977e-02],
       [-2.52253763e-01, -1.77023774e-01,  5.94008364e-02,
        -1.32057299e-01, -9.84623438e-02,  8.76737629e-02,
        -4.40874290e-01, -2.10411042e-01,  3.81624079e-02,
         8.06502816e-03, -2.10750052e-01,  9.51589685e-04,
         1.75726914e-02,  4.24704235e-02,  9.75498386e-02,
         2.13683639e-02,  7.68881300e-03,  5.19291875e-02],
       [ 8.46238411e-02, -1.01527129e-01, -1.44207811e-04,
         3.91618950e-02, -8.13337499e-02,  1.11828290e-02,
        -3.31573716e-01, -1.63234950e-01, -1.62084103e-01,
        -4.90000821e-02, -5.22905685e-02, -6.09650529e-02,
         8.33707821e-02, -4.73547215e-03,  2.13683639e-02,
         6.76746742e-02,  1.41295892e-02, -2.02508381e-02],
       [-1.31600970e-01,  6.16642690e-02,  1.03944173e-01,
        -5.21966899e-02, -1.68137764e-03,  9.68449987e-02,
        -7.03845186e-01, -4.03754342e-01,  3.07436167e-01,
         2.11921071e-02, -5.97153063e-02,  8.20901761e-02,
         5.64330488e-02,  7.70599334e-02,  7.68881300e-03,
         1.41295892e-02,  9.19349737e-02, -7.32734819e-03],
       [ 8.92278261e-03,  4.23576817e-02,  5.34617170e-02,
         7.20256329e-03,  3.63144663e-02,  7.50675513e-03,
         3.39813119e-01,  1.00757286e-01, -8.29810002e-02,
         2.18828184e-01, -8.38166176e-02,  2.82855079e-02,
        -8.21398424e-02,  2.41214977e-02,  5.19291875e-02,
        -2.02508381e-02, -7.32734819e-03,  9.60470374e-02]])
      jac: array([ 6.61692923e-07,  2.32406687e-07,  4.14113188e-07, -1.52655666e-06,
       -2.82736797e-07, -1.06544403e-06,  1.16943492e-07,  5.95819690e-08,
        1.21384384e-07,  4.24475270e-07,  2.89768209e-07,  3.68223970e-07,
        1.89219011e-06,  8.75965966e-07,  1.52396614e-06, -8.70414851e-07,
       -9.88468566e-07, -8.80036784e-07])
  message: 'Optimization terminated successfully.'
     nfev: 1368
      nit: 62
     njev: 72
   status: 0
  success: True
        x: array([-1.68434566, -1.11582132,  0.65174897, -1.50744409, -1.18611141,
        0.34175646, -0.52950232, -1.66358877,  0.93972007,  0.07995984,
        0.42967707,  1.1948237 ,  0.12866994,  0.16652463, -0.24808014,
        1.40031154, -0.29385727,  0.01478695])
