Program Begingeth
      fun: 0.3210271338086037
 hess_inv: array([[ 4.70045403e+00, -6.34502345e-01, -2.07841807e+00,
         1.51363602e+00, -2.15592712e-01, -1.92292641e+00,
        -3.19041545e+00, -8.34193263e-01, -8.87236778e+00,
         6.51646196e-02,  7.76812202e-01,  6.70544911e-02,
        -4.18506278e-01, -1.98728783e-01, -3.91315730e-01,
        -2.17552233e-01, -1.85057822e-01,  1.00288500e-01],
       [-6.34502345e-01,  5.78208468e+00,  4.11076398e+00,
         2.21235688e-01,  2.34876765e+00,  2.04783727e+00,
         9.79784800e+00, -3.45074983e-01,  1.18444733e+01,
         4.55744880e-01,  9.69966258e-01, -1.41502087e+00,
        -3.58146060e-01, -4.44918480e-01, -3.13511672e-01,
        -1.04856174e-01, -2.39598663e-01, -2.06485727e-01],
       [-2.07841807e+00,  4.11076398e+00,  6.49842422e+00,
         1.38481602e-01,  1.49550967e+00,  3.43003208e+00,
         1.21419122e+01, -4.14711259e+00,  1.48344160e+01,
        -9.56501049e-02,  1.42287637e+00, -9.75047031e-01,
         1.57404744e-01, -2.70774050e-01, -3.79910677e-01,
        -6.65311133e-02, -1.91033483e-02, -4.11306591e-01],
       [ 1.51363602e+00,  2.21235688e-01,  1.38481602e-01,
         6.52793175e-01,  9.35562436e-02, -2.34093606e-01,
         9.04133333e-01, -9.99004314e-01, -1.38767332e+00,
        -3.61303647e-02,  4.93049527e-01, -1.98111938e-02,
        -1.06413305e-01, -8.55776354e-02, -2.22214404e-01,
        -9.17162196e-02, -6.20242406e-02, -4.21476274e-02],
       [-2.15592712e-01,  2.34876765e+00,  1.49550967e+00,
         9.35562436e-02,  1.04406635e+00,  7.67163979e-01,
         4.25774490e+00,  7.04735972e-01,  4.42548829e+00,
         1.21629028e-01,  2.93957597e-01, -5.15013622e-01,
        -1.82602073e-01, -1.37526650e-01, -9.67960574e-02,
        -6.72776592e-02, -1.10791850e-01, -7.08548841e-02],
       [-1.92292641e+00,  2.04783727e+00,  3.43003208e+00,
        -2.34093606e-01,  7.67163979e-01,  2.04301130e+00,
         6.58219121e+00, -1.46988622e+00,  9.03632791e+00,
        -1.73802794e-01,  4.10154144e-01, -4.36118134e-01,
         1.83412665e-01, -7.25499885e-02, -6.26056060e-02,
         2.89089358e-02,  1.01978129e-02, -2.08167162e-01],
       [-3.19041545e+00,  9.79784800e+00,  1.21419122e+01,
         9.04133333e-01,  4.25774490e+00,  6.58219121e+00,
         3.30335815e+01, -3.20748888e+00,  2.96293610e+01,
        -4.82764200e-01,  2.20252273e+00, -1.56091680e+00,
        -1.71798142e-01, -4.53618108e-01, -7.88403087e-01,
        -3.68252732e-01, -4.68069689e-01, -8.69018254e-01],
       [-8.34193263e-01, -3.45074983e-01, -4.14711259e+00,
        -9.99004314e-01,  7.04735972e-01, -1.46988622e+00,
        -3.20748888e+00,  1.26905853e+01, -5.05242274e+00,
        -2.67185730e-01, -2.09422505e+00,  1.76485001e-01,
        -2.96323072e-01,  3.41550654e-01,  8.54600755e-01,
         1.02001407e-01, -1.43937556e-01,  3.94459345e-01],
       [-8.87236778e+00,  1.18444733e+01,  1.48344160e+01,
        -1.38767332e+00,  4.42548829e+00,  9.03632791e+00,
         2.96293610e+01, -5.05242274e+00,  4.58213595e+01,
        -1.95135045e-01,  1.96438087e+00, -2.64790322e+00,
         5.04024967e-01, -7.91078557e-01, -3.50130431e-01,
         2.07895058e-01, -2.20373958e-01, -8.97811592e-01],
       [ 6.51646196e-02,  4.55744880e-01, -9.56501049e-02,
        -3.61303647e-02,  1.21629028e-01, -1.73802794e-01,
        -4.82764200e-01, -2.67185730e-01, -1.95135045e-01,
         9.48321454e-01, -4.62614228e-02, -1.27237382e-01,
        -2.50683763e-01, -1.68610727e-02,  4.86704658e-02,
        -2.13132372e-02,  3.63770888e-02,  1.95661612e-01],
       [ 7.76812202e-01,  9.69966258e-01,  1.42287637e+00,
         4.93049527e-01,  2.93957597e-01,  4.10154144e-01,
         2.20252273e+00, -2.09422505e+00,  1.96438087e+00,
        -4.62614228e-02,  1.28324189e+00, -3.52323049e-01,
        -4.25554199e-02, -2.90286927e-01, -3.91182362e-01,
        -9.40327409e-02, -5.05272928e-02, -2.16144955e-01],
       [ 6.70544911e-02, -1.41502087e+00, -9.75047031e-01,
        -1.98111938e-02, -5.15013622e-01, -4.36118134e-01,
        -1.56091680e+00,  1.76485001e-01, -2.64790322e+00,
        -1.27237382e-01, -3.52323049e-01,  7.25732098e-01,
         6.30457782e-02,  2.07916911e-01,  3.05642179e-02,
        -3.10836876e-02,  9.31979736e-02,  5.30512366e-02],
       [-4.18506278e-01, -3.58146060e-01,  1.57404744e-01,
        -1.06413305e-01, -1.82602073e-01,  1.83412665e-01,
        -1.71798142e-01, -2.96323072e-01,  5.04024967e-01,
        -2.50683763e-01, -4.25554199e-02,  6.30457782e-02,
         1.92663835e-01,  3.66866170e-02,  2.27675420e-02,
         8.01394215e-02,  5.35267267e-02, -6.55634159e-02],
       [-1.98728783e-01, -4.44918480e-01, -2.70774050e-01,
        -8.55776354e-02, -1.37526650e-01, -7.25499885e-02,
        -4.53618108e-01,  3.41550654e-01, -7.91078557e-01,
        -1.68610727e-02, -2.90286927e-01,  2.07916911e-01,
         3.66866170e-02,  1.41917348e-01,  7.85590496e-02,
         5.97589192e-03,  7.20469287e-02,  4.34365738e-02],
       [-3.91315730e-01, -3.13511672e-01, -3.79910677e-01,
        -2.22214404e-01, -9.67960574e-02, -6.26056060e-02,
        -7.88403087e-01,  8.54600755e-01, -3.50130431e-01,
         4.86704658e-02, -3.91182362e-01,  3.05642179e-02,
         2.27675420e-02,  7.85590496e-02,  1.82812772e-01,
         5.12300241e-02,  1.92927780e-02,  9.81302368e-02],
       [-2.17552233e-01, -1.04856174e-01, -6.65311133e-02,
        -9.17162196e-02, -6.72776592e-02,  2.89089358e-02,
        -3.68252732e-01,  1.02001407e-01,  2.07895058e-01,
        -2.13132372e-02, -9.40327409e-02, -3.10836876e-02,
         8.01394215e-02,  5.97589192e-03,  5.12300241e-02,
         7.42011514e-02,  2.00286693e-02,  2.23025224e-03],
       [-1.85057822e-01, -2.39598663e-01, -1.91033483e-02,
        -6.20242406e-02, -1.10791850e-01,  1.01978129e-02,
        -4.68069689e-01, -1.43937556e-01, -2.20373958e-01,
         3.63770888e-02, -5.05272928e-02,  9.31979736e-02,
         5.35267267e-02,  7.20469287e-02,  1.92927780e-02,
         2.00286693e-02,  8.76654332e-02,  9.00407115e-03],
       [ 1.00288500e-01, -2.06485727e-01, -4.11306591e-01,
        -4.21476274e-02, -7.08548841e-02, -2.08167162e-01,
        -8.69018254e-01,  3.94459345e-01, -8.97811592e-01,
         1.95661612e-01, -2.16144955e-01,  5.30512366e-02,
        -6.55634159e-02,  4.34365738e-02,  9.81302368e-02,
         2.23025224e-03,  9.00407115e-03,  1.21060462e-01]])
      jac: array([-7.79006489e-06,  7.94375676e-05,  3.47788465e-05,  1.60534549e-05,
       -2.28324767e-04,  3.63301981e-06,  5.96078742e-06,  1.96087591e-05,
       -6.35195600e-06, -4.34578299e-05, -1.49165865e-05,  1.21902488e-05,
       -4.67936800e-05, -7.92906481e-05, -7.98653736e-05, -2.08218628e-05,
        7.57138796e-05,  6.39821529e-05])
  message: 'Desired error not necessarily achieved due to precision loss.'
     nfev: 1779
      nit: 61
     njev: 93
   status: 2
  success: False
        x: array([-0.89963039, -1.19699099,  0.56800178, -1.16465502, -1.20850923,
        0.16602425, -0.80225183, -1.87578565, -0.46292506,  0.0813058 ,
        0.53192746,  1.15649559,  0.1334356 ,  0.12353525, -0.30408139,
        1.34340579, -0.38250871, -0.0134125 ])
