Program Begingeth
      fun: 0.26770833049204923
 hess_inv: array([[ 1.07654758e+01,  1.87338237e+00, -1.94417507e-01,
         1.94126271e+00,  1.22208262e+00, -6.32299024e-01,
         1.99143011e+00,  6.76171528e-01, -3.52226762e+00,
        -1.41331470e+00, -1.24450269e-01, -8.84211133e-01,
        -2.47400984e+00, -3.67797245e-01,  8.41671483e-02,
        -1.32434740e-01, -1.10419769e+00,  2.67300329e-01],
       [ 1.87338237e+00,  3.99326320e+00, -1.47024275e-01,
         4.63083139e-03,  1.24419952e+00,  4.98087934e-02,
        -6.71824905e-01,  2.91400167e+00,  6.94793941e-01,
        -4.74148220e-01, -5.76859071e-01, -1.55291356e+00,
        -4.82190002e-01, -6.17256866e-01,  4.59714433e-01,
         2.04671608e-01, -1.73541474e-01,  7.45396525e-02],
       [-1.94417507e-01, -1.47024275e-01,  8.02731897e+00,
         8.72638662e-01, -3.92776448e-01,  2.10241360e+00,
         8.23757108e+00, -3.09014920e+00,  2.50142467e+00,
        -1.31608391e-02,  2.95615078e+00, -1.20829110e+00,
         3.81879026e-01, -6.46785155e-01, -1.13303035e+00,
        -1.25323581e-02,  1.80499949e-01,  2.15242187e-02],
       [ 1.94126271e+00,  4.63083139e-03,  8.72638662e-01,
         5.61145940e-01,  1.03593624e-01,  1.41580674e-01,
         1.90978521e+00, -3.12351293e-01, -5.55263769e-01,
        -2.80720564e-01,  2.74691522e-01, -1.28493908e-01,
        -3.38274891e-01, -4.69163796e-02, -1.17314143e-01,
        -2.51742736e-02, -1.51109748e-01,  5.16165336e-02],
       [ 1.22208262e+00,  1.24419952e+00, -3.92776448e-01,
         1.03593624e-01,  4.93469564e-01, -9.41263024e-02,
        -2.80567775e-01,  1.34059631e+00, -1.56388274e-01,
        -3.07623198e-01, -3.00805622e-01, -3.80509886e-01,
        -2.94075871e-01, -1.37473519e-01,  1.91097497e-01,
         3.63060965e-02, -1.19673621e-01,  3.59972624e-02],
       [-6.32299024e-01,  4.98087934e-02,  2.10241360e+00,
         1.41580674e-01, -9.41263024e-02,  6.72078477e-01,
         2.28534981e+00, -4.57955680e-01,  1.11811729e+00,
        -1.06928609e-01,  6.14757279e-01, -2.98540269e-01,
         2.92674488e-01, -1.44496018e-01, -2.23448721e-01,
         2.88222433e-02,  1.06076825e-01, -8.45069136e-03],
       [ 1.99143011e+00, -6.71824905e-01,  8.23757108e+00,
         1.90978521e+00, -2.80567775e-01,  2.28534981e+00,
         1.38812643e+01, -2.67940981e+00,  1.01062930e+00,
        -3.33556416e-01,  2.30454479e+00, -7.93461031e-01,
         1.70385576e-01, -2.56763705e-01, -9.24009412e-01,
        -4.01663301e-02,  1.09552312e-01,  1.61041858e-01],
       [ 6.76171528e-01,  2.91400167e+00, -3.09014920e+00,
        -3.12351293e-01,  1.34059631e+00, -4.57955680e-01,
        -2.67940981e+00,  7.02345487e+00, -1.00254641e-01,
        -1.22463378e+00, -1.50615220e+00, -4.50713429e-01,
        -9.41924517e-03, -1.07300819e-01,  9.10852604e-01,
         1.87028917e-01, -1.20098627e-01, -3.59690915e-02],
       [-3.52226762e+00,  6.94793941e-01,  2.50142467e+00,
        -5.55263769e-01, -1.56388274e-01,  1.11811729e+00,
         1.01062930e+00, -1.00254641e-01,  4.55000542e+00,
        -1.17280239e-01,  7.37660049e-01, -4.42145238e-01,
         9.53374055e-01, -3.75824076e-01, -2.71012227e-01,
         1.17204993e-01,  3.18158511e-01, -1.74010067e-01],
       [-1.41331470e+00, -4.74148220e-01, -1.31608391e-02,
        -2.80720564e-01, -3.07623198e-01, -1.06928609e-01,
        -3.33556416e-01, -1.22463378e+00, -1.17280239e-01,
         1.42648636e+00, -7.03167924e-02,  1.75294331e-01,
         1.11775554e-02,  1.23011144e-01, -1.31329163e-02,
        -1.09414650e-02,  1.87182375e-01,  1.64272270e-01],
       [-1.24450269e-01, -5.76859071e-01,  2.95615078e+00,
         2.74691522e-01, -3.00805622e-01,  6.14757279e-01,
         2.30454479e+00, -1.50615220e+00,  7.37660049e-01,
        -7.03167924e-02,  1.90974617e+00, -3.07064480e-01,
         1.32839736e-01, -3.41579642e-01, -6.87600286e-01,
        -6.85346581e-02,  5.09940292e-02, -1.27684262e-01],
       [-8.84211133e-01, -1.55291356e+00, -1.20829110e+00,
        -1.28493908e-01, -3.80509886e-01, -2.98540269e-01,
        -7.93461031e-01, -4.50713429e-01, -4.42145238e-01,
         1.75294331e-01, -3.07064480e-01,  1.19344382e+00,
         1.73904244e-01,  4.37649010e-01, -3.64783196e-02,
        -1.17091999e-01,  1.02894222e-01, -1.50289749e-02],
       [-2.47400984e+00, -4.82190002e-01,  3.81879026e-01,
        -3.38274891e-01, -2.94075871e-01,  2.92674488e-01,
         1.70385576e-01, -9.41924517e-03,  9.53374055e-01,
         1.11775554e-02,  1.32839736e-01,  1.73904244e-01,
         7.31491600e-01,  7.51821577e-02, -5.10985820e-02,
         7.25101033e-02,  2.75219291e-01, -1.08869081e-01],
       [-3.67797245e-01, -6.17256866e-01, -6.46785155e-01,
        -4.69163796e-02, -1.37473519e-01, -1.44496018e-01,
        -2.56763705e-01, -1.07300819e-01, -3.75824076e-01,
         1.23011144e-01, -3.41579642e-01,  4.37649010e-01,
         7.51821577e-02,  2.45366207e-01,  7.12257362e-02,
        -3.16835130e-02,  5.98267714e-02,  2.40464841e-02],
       [ 8.41671483e-02,  4.59714433e-01, -1.13303035e+00,
        -1.17314143e-01,  1.91097497e-01, -2.23448721e-01,
        -9.24009412e-01,  9.10852604e-01, -2.71012227e-01,
        -1.31329163e-02, -6.87600286e-01, -3.64783196e-02,
        -5.10985820e-02,  7.12257362e-02,  3.12340522e-01,
         4.85992100e-02, -2.51955463e-02,  5.27628577e-02],
       [-1.32434740e-01,  2.04671608e-01, -1.25323581e-02,
        -2.51742736e-02,  3.63060965e-02,  2.88222433e-02,
        -4.01663301e-02,  1.87028917e-01,  1.17204993e-01,
        -1.09414650e-02, -6.85346581e-02, -1.17091999e-01,
         7.25101033e-02, -3.16835130e-02,  4.85992100e-02,
         5.52966789e-02,  1.98628697e-02, -2.99969825e-03],
       [-1.10419769e+00, -1.73541474e-01,  1.80499949e-01,
        -1.51109748e-01, -1.19673621e-01,  1.06076825e-01,
         1.09552312e-01, -1.20098627e-01,  3.18158511e-01,
         1.87182375e-01,  5.09940292e-02,  1.02894222e-01,
         2.75219291e-01,  5.98267714e-02, -2.51955463e-02,
         1.98628697e-02,  1.55809154e-01, -1.55689740e-02],
       [ 2.67300329e-01,  7.45396525e-02,  2.15242187e-02,
         5.16165336e-02,  3.59972624e-02, -8.45069136e-03,
         1.61041858e-01, -3.59690915e-02, -1.74010067e-01,
         1.64272270e-01, -1.27684262e-01, -1.50289749e-02,
        -1.08869081e-01,  2.40464841e-02,  5.27628577e-02,
        -2.99969825e-03, -1.55689740e-02,  7.79173359e-02]])
      jac: array([ 1.04879068e-06,  2.64233080e-07, -1.63165777e-06, -1.69716093e-06,
       -9.32217266e-07,  5.81201753e-06, -1.21014310e-07,  4.69994414e-08,
       -4.81836793e-07,  7.40518757e-07, -6.73535302e-08,  6.99440506e-08,
        2.07426668e-06, -1.02214533e-06, -3.20965476e-06, -1.11503399e-06,
        2.14643118e-07,  1.63313807e-06])
  message: 'Optimization terminated successfully.'
     nfev: 1615
      nit: 73
     njev: 85
   status: 0
  success: True
        x: array([-0.48264407, -0.57966471,  0.07882619, -1.25480181, -0.69730516,
       -0.07271452, -1.7340391 , -0.92672885, -1.00982964,  0.15447689,
        0.4511254 ,  1.04371899,  0.04327267,  0.20067977, -0.24062443,
        1.43323183, -0.37897497,  0.03611359])
