Program Begingeth
      fun: 0.29898125024344596
 hess_inv: array([[ 5.35816427e+00, -1.23583997e+00, -6.09899078e-01,
         1.55535501e+00, -5.11179463e-01,  9.89185520e-01,
         1.07039977e+00,  3.27359895e+00,  2.88021283e+00,
        -4.83067669e-01, -1.32677232e+00,  1.00126385e+00,
        -8.42172073e-01,  4.75124082e-01,  5.97274958e-01,
        -2.60452612e-01,  5.57089761e-01, -3.00466855e-01],
       [-1.23583997e+00,  3.16520858e+00,  1.65708569e+00,
        -4.05962497e-01,  1.11566997e+00,  2.58944806e-01,
        -3.72258860e+00, -7.10379079e-01,  3.69026434e+00,
        -1.74488857e-01,  6.44277103e-01, -1.63567451e+00,
         4.10504269e-01, -4.60807096e-01, -3.11888859e-01,
         1.24334476e-02, -2.17253219e-01,  3.93736871e-03],
       [-6.09899078e-01,  1.65708569e+00,  2.26014085e+00,
        -4.63180712e-01,  6.01979600e-01,  5.90966752e-01,
        -4.18429254e+00, -1.98327853e+00,  2.71294809e+00,
         1.45305485e-02,  1.01796096e+00, -1.06580286e+00,
         1.71909984e-01, -2.79223000e-01, -3.76183411e-01,
         1.39392689e-01, -1.38213176e-01, -1.09644647e-01],
       [ 1.55535501e+00, -4.05962497e-01, -4.63180712e-01,
         5.48806910e-01, -1.83515695e-01,  1.81814574e-01,
         1.21531788e+00,  1.24362634e+00,  6.43021779e-01,
        -2.02343657e-01, -5.22788174e-01,  3.06826056e-01,
        -2.06335476e-01,  1.36151690e-01,  2.37351260e-01,
        -8.90000720e-02,  1.67076927e-01, -3.10282857e-02],
       [-5.11179463e-01,  1.11566997e+00,  6.01979600e-01,
        -1.83515695e-01,  5.18533575e-01,  1.17715496e-01,
        -2.26287085e+00,  3.16449931e-01,  1.07035339e+00,
         6.22138827e-02,  1.83563089e-01, -5.04200193e-01,
         2.04658294e-01, -1.06001969e-01, -8.93579357e-02,
         4.88490420e-02, -1.29215302e-01,  3.72828118e-03],
       [ 9.89185520e-01,  2.58944806e-01,  5.90966752e-01,
         1.81814574e-01,  1.17715496e-01,  4.85476758e-01,
        -1.58352754e+00,  3.76880255e-01,  1.81435330e+00,
         2.93415218e-02, -6.58675881e-02, -8.48630177e-02,
        -1.54738409e-01,  3.31276149e-02,  6.41891582e-02,
        -3.44248209e-02,  4.93051119e-02, -9.30606538e-02],
       [ 1.07039977e+00, -3.72258860e+00, -4.18429254e+00,
         1.21531788e+00, -2.26287085e+00, -1.58352754e+00,
         2.12287894e+01, -5.52527236e-01, -6.28450292e+00,
        -1.18196374e+00, -1.34951494e+00,  1.66267981e+00,
        -6.91362064e-01,  3.89535200e-01,  5.40614153e-01,
        -3.84590426e-01,  1.06168980e+00,  4.58692375e-01],
       [ 3.27359895e+00, -7.10379079e-01, -1.98327853e+00,
         1.24362634e+00,  3.16449931e-01,  3.76880255e-01,
        -5.52527236e-01,  9.60074506e+00,  1.43543515e-01,
         5.66098460e-02, -2.01787642e+00,  9.16493772e-01,
        -3.51167711e-01,  6.09292691e-01,  1.02551487e+00,
        -3.49544497e-01,  2.90820425e-01,  5.39163317e-02],
       [ 2.88021283e+00,  3.69026434e+00,  2.71294809e+00,
         6.43021779e-01,  1.07035339e+00,  1.81435330e+00,
        -6.28450292e+00,  1.43543515e-01,  1.32383101e+01,
        -4.11150037e-01,  3.50668252e-01, -1.65200902e+00,
        -2.30970470e-01, -6.10787649e-01, -1.05608840e-03,
        -2.64904574e-01, -5.82988452e-02, -2.02307499e-01],
       [-4.83067669e-01, -1.74488857e-01,  1.45305485e-02,
        -2.02343657e-01,  6.22138827e-02,  2.93415218e-02,
        -1.18196374e+00,  5.66098460e-02, -4.11150037e-01,
         8.28745263e-01,  1.38654334e-01,  8.32015854e-02,
        -6.30120932e-02, -1.63751472e-02, -5.57445483e-02,
         4.86483855e-02, -1.63608201e-01, -1.24957732e-01],
       [-1.32677232e+00,  6.44277103e-01,  1.01796096e+00,
        -5.22788174e-01,  1.83563089e-01, -6.58675881e-02,
        -1.34951494e+00, -2.01787642e+00,  3.50668252e-01,
         1.38654334e-01,  1.29505077e+00, -6.19771235e-01,
         2.00747947e-01, -3.50822953e-01, -4.41574692e-01,
         1.52002709e-01, -1.66987881e-01, -1.01367464e-01],
       [ 1.00126385e+00, -1.63567451e+00, -1.06580286e+00,
         3.06826056e-01, -5.04200193e-01, -8.48630177e-02,
         1.66267981e+00,  9.16493772e-01, -1.65200902e+00,
         8.32015854e-02, -6.19771235e-01,  1.26861578e+00,
        -2.32175188e-01,  3.75465674e-01,  1.89650675e-01,
         1.69428517e-02,  1.73356667e-01,  4.33683679e-03],
       [-8.42172073e-01,  4.10504269e-01,  1.71909984e-01,
        -2.06335476e-01,  2.04658294e-01, -1.54738409e-01,
        -6.91362064e-01, -3.51167711e-01, -2.30970470e-01,
        -6.30120932e-02,  2.00747947e-01, -2.32175188e-01,
         2.80655734e-01, -9.20239903e-02, -9.05766153e-02,
         1.06237503e-01, -1.43373670e-01,  9.19613022e-02],
       [ 4.75124082e-01, -4.60807096e-01, -2.79223000e-01,
         1.36151690e-01, -1.06001969e-01,  3.31276149e-02,
         3.89535200e-01,  6.09292691e-01, -6.10787649e-01,
        -1.63751472e-02, -3.50822953e-01,  3.75465674e-01,
        -9.20239903e-02,  1.98104617e-01,  1.12851759e-01,
        -8.18531363e-03,  1.05963459e-01,  1.11394389e-02],
       [ 5.97274958e-01, -3.11888859e-01, -3.76183411e-01,
         2.37351260e-01, -8.93579357e-02,  6.41891582e-02,
         5.40614153e-01,  1.02551487e+00, -1.05608840e-03,
        -5.57445483e-02, -4.41574692e-01,  1.89650675e-01,
        -9.05766153e-02,  1.12851759e-01,  2.17318821e-01,
        -7.57136969e-02,  6.19268229e-02,  5.55917902e-02],
       [-2.60452612e-01,  1.24334476e-02,  1.39392689e-01,
        -8.90000720e-02,  4.88490420e-02, -3.44248209e-02,
        -3.84590426e-01, -3.49544497e-01, -2.64904574e-01,
         4.86483855e-02,  1.52002709e-01,  1.69428517e-02,
         1.06237503e-01, -8.18531363e-03, -7.57136969e-02,
         1.04416467e-01, -5.61542809e-02,  2.43620392e-03],
       [ 5.57089761e-01, -2.17253219e-01, -1.38213176e-01,
         1.67076927e-01, -1.29215302e-01,  4.93051119e-02,
         1.06168980e+00,  2.90820425e-01, -5.82988452e-02,
        -1.63608201e-01, -1.66987881e-01,  1.73356667e-01,
        -1.43373670e-01,  1.05963459e-01,  6.19268229e-02,
        -5.61542809e-02,  1.79430715e-01, -1.20544348e-02],
       [-3.00466855e-01,  3.93736871e-03, -1.09644647e-01,
        -3.10282857e-02,  3.72828118e-03, -9.30606538e-02,
         4.58692375e-01,  5.39163317e-02, -2.02307499e-01,
        -1.24957732e-01, -1.01367464e-01,  4.33683679e-03,
         9.19613022e-02,  1.11394389e-02,  5.55917902e-02,
         2.43620392e-03, -1.20544348e-02,  1.26746152e-01]])
      jac: array([ 5.57017395e-05,  3.83204579e-05, -1.95895152e-05, -7.62045982e-05,
       -4.41931677e-05, -1.87579581e-05, -5.67694040e-07,  6.57881157e-06,
       -2.25486296e-06,  3.66891702e-05,  1.04027897e-06, -7.17019037e-06,
        7.15919916e-05,  2.11527092e-05, -5.89506222e-05, -4.51183535e-05,
        4.27065790e-06,  9.12662538e-05])
  message: 'Desired error not necessarily achieved due to precision loss.'
     nfev: 2387
      nit: 66
     njev: 125
   status: 2
  success: False
        x: array([ 6.63179307e-01, -8.06364695e-01,  6.02482080e-01,  1.07400520e+00,
       -9.12380982e-01,  1.15770656e-01,  5.89791002e-01, -1.69232058e+00,
       -4.81828440e-01,  8.62378557e-04,  6.21112507e-01,  1.12323398e+00,
        2.90538318e-02,  9.63032131e-02, -3.61573884e-01, -1.05021909e+00,
       -5.87123605e-01, -1.68397758e-02])
