Program Begingeth
      fun: 0.23602240434674102
 hess_inv: array([[ 2.92810124e+00, -3.43557544e-01, -2.30357318e-01,
         3.33491843e-01, -1.75972309e-01,  7.49942554e-01,
        -2.26919428e+00,  9.00906398e-02,  9.86849581e-02,
        -7.91336952e-01, -2.12769602e-01,  5.11464755e-01,
        -4.00493816e-01,  4.15337731e-02,  1.95304433e-01,
         2.25109894e-01,  4.73727697e-02, -7.27989051e-01],
       [-3.43557544e-01,  2.25995423e+00,  8.16582575e-01,
         9.31899273e-02,  5.01958153e-01, -1.11508974e-01,
        -8.47934321e-01,  4.73866840e-01,  2.38793034e+00,
         1.84857783e-01, -1.76771338e-01, -1.64669605e+00,
         1.80558201e-01, -2.97878025e-01, -2.29015222e-01,
        -9.86049190e-02,  1.90282511e-01,  2.26015986e-02],
       [-2.30357318e-01,  8.16582575e-01,  1.61219773e+00,
        -2.06336632e-01,  1.18576689e-01,  6.84437781e-02,
        -2.94499005e-01, -1.90620580e+00,  1.76908345e+00,
         9.30129852e-02,  8.94571656e-01, -1.34473819e+00,
         1.83743286e-02, -2.65362010e-01, -3.52561259e-01,
         1.79973303e-01,  3.10569024e-02,  9.85693765e-02],
       [ 3.33491843e-01,  9.31899273e-02, -2.06336632e-01,
         1.61829160e-01,  2.11329519e-02,  5.25359154e-02,
        -3.67886490e-02,  5.71799952e-01,  1.24105314e-01,
        -1.22114770e-01, -2.47081443e-01,  1.94368222e-02,
         4.05154871e-02, -3.35857641e-03,  1.01406624e-01,
        -1.25711366e-02, -1.77811441e-03, -3.23975009e-02],
       [-1.75972309e-01,  5.01958153e-01,  1.18576689e-01,
         2.11329519e-02,  3.78514647e-01,  2.45641396e-02,
        -2.11857811e+00,  4.96216390e-01,  1.76599492e-01,
         3.69551668e-01, -8.79668028e-02, -2.25771026e-01,
         1.52543606e-01,  4.88277776e-02, -1.72776515e-02,
        -4.86670716e-03, -1.43154708e-01, -4.27609889e-02],
       [ 7.49942554e-01, -1.11508974e-01,  6.84437781e-02,
         5.25359154e-02,  2.45641396e-02,  3.43307563e-01,
        -1.53509133e+00,  6.50360344e-02,  2.88808059e-01,
         2.48393839e-02, -8.11726439e-02,  1.31905373e-01,
        -1.47309687e-01,  3.96446563e-02,  1.13555555e-01,
         2.02051357e-02, -6.05097388e-02, -2.06536946e-01],
       [-2.26919428e+00, -8.47934321e-01, -2.94499005e-01,
        -3.67886490e-02, -2.11857811e+00, -1.53509133e+00,
         2.68933895e+01,  1.47146315e-02, -9.25639282e-01,
        -2.33318388e+00, -7.94848136e-02,  1.66829142e-02,
        -3.90195867e-01, -2.07055683e-01, -1.40425740e-01,
         1.52754642e-02,  2.11863547e+00,  1.66607422e+00],
       [ 9.00906398e-02,  4.73866840e-01, -1.90620580e+00,
         5.71799952e-01,  4.96216390e-01,  6.50360344e-02,
         1.47146315e-02,  7.98505844e+00, -1.85169355e+00,
         3.01017887e-02, -2.07467046e+00,  8.81079478e-01,
         1.37661186e-01,  4.97148697e-01,  8.88040719e-01,
        -5.41040497e-01,  3.96815545e-01,  1.46432898e-01],
       [ 9.86849581e-02,  2.38793034e+00,  1.76908345e+00,
         1.24105314e-01,  1.76599492e-01,  2.88808059e-01,
        -9.25639282e-01, -1.85169355e+00,  7.36301998e+00,
        -5.22918952e-03,  4.18304000e-01, -2.36061251e+00,
         7.32348704e-02, -7.98776982e-01, -3.05993350e-01,
        -1.02634492e-01, -1.45146416e-02,  1.66684315e-01],
       [-7.91336952e-01,  1.84857783e-01,  9.30129852e-02,
        -1.22114770e-01,  3.69551668e-01,  2.48393839e-02,
        -2.33318388e+00,  3.01017887e-02, -5.22918952e-03,
         1.04732415e+00,  2.78831032e-02, -8.53802285e-02,
         7.74921070e-02,  6.43963913e-02, -1.86041589e-02,
        -8.47069366e-02, -2.99570172e-01, -3.45758679e-02],
       [-2.12769602e-01, -1.76771338e-01,  8.94571656e-01,
        -2.47081443e-01, -8.79668028e-02, -8.11726439e-02,
        -7.94848136e-02, -2.07467046e+00,  4.18304000e-01,
         2.78831032e-02,  1.23600015e+00, -5.38834144e-01,
         1.91364924e-03, -2.23089992e-01, -3.81286171e-01,
         2.21024028e-01, -1.13624731e-01, -3.06196792e-02],
       [ 5.11464755e-01, -1.64669605e+00, -1.34473819e+00,
         1.94368222e-02, -2.25771026e-01,  1.31905373e-01,
         1.66829142e-02,  8.81079478e-01, -2.36061251e+00,
        -8.53802285e-02, -5.38834144e-01,  2.03830440e+00,
        -1.60225603e-01,  4.66034231e-01,  3.06497207e-01,
         1.87735697e-02, -6.93534524e-02, -1.28041580e-01],
       [-4.00493816e-01,  1.80558201e-01,  1.83743286e-02,
         4.05154871e-02,  1.52543606e-01, -1.47309687e-01,
        -3.90195867e-01,  1.37661186e-01,  7.32348704e-02,
         7.74921070e-02,  1.91364924e-03, -1.60225603e-01,
         2.27895403e-01, -1.30026093e-02, -2.83749490e-02,
         1.72323322e-02, -1.11468421e-01,  1.32328669e-01],
       [ 4.15337731e-02, -2.97878025e-01, -2.65362010e-01,
        -3.35857641e-03,  4.88277776e-02,  3.96446563e-02,
        -2.07055683e-01,  4.97148697e-01, -7.98776982e-01,
         6.43963913e-02, -2.23089992e-01,  4.66034231e-01,
        -1.30026093e-02,  1.94811316e-01,  9.72747783e-02,
         1.11536784e-02,  1.06882337e-02, -4.04248487e-03],
       [ 1.95304433e-01, -2.29015222e-01, -3.52561259e-01,
         1.01406624e-01, -1.72776515e-02,  1.13555555e-01,
        -1.40425740e-01,  8.88040719e-01, -3.05993350e-01,
        -1.86041589e-02, -3.81286171e-01,  3.06497207e-01,
        -2.83749490e-02,  9.72747783e-02,  2.22597150e-01,
        -8.47239736e-02, -5.95880101e-03,  1.58297533e-02],
       [ 2.25109894e-01, -9.86049190e-02,  1.79973303e-01,
        -1.25711366e-02, -4.86670716e-03,  2.02051357e-02,
         1.52754642e-02, -5.41040497e-01, -1.02634492e-01,
        -8.47069366e-02,  2.21024028e-01,  1.87735697e-02,
         1.72323322e-02,  1.11536784e-02, -8.47239736e-02,
         1.50117649e-01, -1.73302651e-02, -4.61650690e-02],
       [ 4.73727697e-02,  1.90282511e-01,  3.10569024e-02,
        -1.77811441e-03, -1.43154708e-01, -6.05097388e-02,
         2.11863547e+00,  3.96815545e-01, -1.45146416e-02,
        -2.99570172e-01, -1.13624731e-01, -6.93534524e-02,
        -1.11468421e-01,  1.06882337e-02, -5.95880101e-03,
        -1.73302651e-02,  3.25876740e-01,  6.99630487e-02],
       [-7.27989051e-01,  2.26015986e-02,  9.85693765e-02,
        -3.23975009e-02, -4.27609889e-02, -2.06536946e-01,
         1.66607422e+00,  1.46432898e-01,  1.66684315e-01,
        -3.45758679e-02, -3.06196792e-02, -1.28041580e-01,
         1.32328669e-01, -4.04248487e-03,  1.58297533e-02,
        -4.61650690e-02,  6.99630487e-02,  3.42007143e-01]])
      jac: array([-1.59881367e-05, -2.23974543e-05, -3.15895458e-06,  4.51433335e-05,
        5.26556576e-05,  7.67674813e-05,  2.00894856e-06, -2.44175051e-06,
       -9.82732414e-06, -4.81670259e-06, -1.47840999e-05,  4.84427313e-07,
        2.15111262e-05, -6.66909121e-05, -5.58453284e-05, -1.00071803e-05,
        4.44327908e-05, -9.62100769e-06])
  message: 'Desired error not necessarily achieved due to precision loss.'
     nfev: 2006
      nit: 57
     njev: 105
   status: 2
  success: False
        x: array([ 0.14022431, -0.40457721,  0.71972693,  0.79394583, -0.55824949,
        0.02179187,  0.08359202, -1.52782138, -0.59778303,  0.07775503,
        0.73472449,  1.00673851,  0.10511121,  0.12049428, -0.44807273,
       -0.81019915, -0.73916521,  0.01266418])
