Program Begingeth
      fun: 0.1940903487004573
 hess_inv: array([[ 7.85332933e-01,  8.64326950e-02,  7.70639503e-02,
        -1.62467480e-01, -1.49635761e-02,  5.40921585e-01,
        -2.15886068e+00, -2.29754938e-02,  9.68049295e-01,
         3.76705872e-01, -3.86060468e-01,  1.18152131e+00,
        -3.97399258e-01,  5.14729577e-02,  1.29481797e-02,
         3.35236006e-02,  2.04182713e-02, -2.28640945e-01],
       [ 8.64326950e-02,  9.01548840e-01, -1.85070195e-01,
        -3.49510705e-01, -4.86797579e-02,  4.05463002e-01,
        -1.81416727e+00, -2.10538933e+00,  1.62706216e+00,
        -7.56060136e-01, -7.10892226e-02,  2.61182825e+00,
        -1.75691608e-02, -2.23247366e-01, -3.28000182e-01,
         1.05136280e-01,  5.41614690e-02, -1.68481764e-01],
       [ 7.70639503e-02, -1.85070195e-01,  5.81018270e-01,
        -1.25205223e-01, -2.55042943e-01, -2.89648503e-02,
        -6.95172596e-01, -4.66484123e-01, -1.05656680e+00,
         2.88127765e-01, -1.47965000e+00, -6.58238722e-01,
        -1.33892965e-01,  2.42603217e-01, -3.55873811e-02,
         5.69353667e-02,  8.47392180e-02,  1.99750668e-02],
       [-1.62467480e-01, -3.49510705e-01, -1.25205223e-01,
         5.28412099e-01, -4.88026263e-03, -3.57730912e-01,
         3.18210595e+00,  1.62092232e+00, -3.50311570e-01,
         1.11633689e+00,  3.17097197e-01, -1.74343986e+00,
         5.03971605e-02, -8.16634283e-02,  1.53759835e-01,
        -1.08365965e-01, -5.80595308e-02,  6.80433992e-02],
       [-1.49635761e-02, -4.86797579e-02, -2.55042943e-01,
        -4.88026263e-03,  4.67814467e-01, -2.24294973e-01,
         4.34256987e-01,  1.60548098e+00, -1.19589480e-01,
        -1.21060911e+00,  1.55686629e+00, -4.81539648e-01,
         2.52133400e-01, -4.60876937e-02,  5.59699075e-02,
         1.63904158e-02, -1.06169199e-01,  8.18952758e-02],
       [ 5.40921585e-01,  4.05463002e-01, -2.89648503e-02,
        -3.57730912e-01, -2.24294973e-01,  1.46913742e+00,
        -5.81525432e+00, -2.61282540e+00,  3.43523457e+00,
         1.76979073e+00, -5.40315306e-01,  4.54063931e+00,
        -5.43847721e-01,  6.12557096e-02,  2.74041396e-02,
         4.35912513e-02,  2.16927199e-01, -2.83842197e-01],
       [-2.15886068e+00, -1.81416727e+00, -6.95172596e-01,
         3.18210595e+00,  4.34256987e-01, -5.81525432e+00,
         3.35576915e+01,  1.25394997e+01, -1.01384023e+01,
        -1.75075508e+00,  2.70753826e+00, -1.92090846e+01,
         1.71852622e+00, -9.01197571e-01,  1.86204342e-01,
        -6.18443849e-01, -8.87755005e-01,  1.02353805e+00],
       [-2.29754938e-02, -2.10538933e+00, -4.66484123e-01,
         1.62092232e+00,  1.60548098e+00, -2.61282540e+00,
         1.25394997e+01,  1.63207390e+01, -6.16180319e+00,
        -9.39060556e-01,  4.34910699e+00, -1.17494740e+01,
         6.84545512e-01, -4.38543680e-02,  1.05224064e+00,
        -4.10638754e-01, -6.15388898e-01,  6.11549467e-01],
       [ 9.68049295e-01,  1.62706216e+00, -1.05656680e+00,
        -3.50311570e-01, -1.19589480e-01,  3.43523457e+00,
        -1.01384023e+01, -6.16180319e+00,  1.32205177e+01,
         3.62336504e+00,  1.88843277e+00,  1.18010158e+01,
        -8.38866295e-01, -6.13900924e-01, -2.12621547e-01,
         2.61336492e-02,  2.54763775e-01, -7.64501401e-01],
       [ 3.76705872e-01, -7.56060136e-01,  2.88127765e-01,
         1.11633689e+00, -1.21060911e+00,  1.76979073e+00,
        -1.75075508e+00, -9.39060556e-01,  3.62336504e+00,
         1.00048562e+01, -3.03794634e+00,  2.14863811e+00,
        -1.38755802e+00,  2.28601139e-01,  6.32862456e-01,
        -3.40414093e-01,  5.33492211e-01, -3.88270160e-01],
       [-3.86060468e-01, -7.10892226e-02, -1.47965000e+00,
         3.17097197e-01,  1.55686629e+00, -5.40315306e-01,
         2.70753826e+00,  4.34910699e+00,  1.88843277e+00,
        -3.03794634e+00,  6.64248676e+00, -4.68471103e-01,
         9.09039966e-01, -4.62604623e-01,  2.18436014e-01,
        -8.11015657e-02, -3.75716168e-01,  2.38525955e-01],
       [ 1.18152131e+00,  2.61182825e+00, -6.58238722e-01,
        -1.74343986e+00, -4.81539648e-01,  4.54063931e+00,
        -1.92090846e+01, -1.17494740e+01,  1.18010158e+01,
         2.14863811e+00, -4.68471103e-01,  1.74072589e+01,
        -1.14276176e+00, -2.02053884e-01, -5.14131229e-01,
         3.46055864e-01,  6.38254210e-01, -8.93358837e-01],
       [-3.97399258e-01, -1.75691608e-02, -1.33892965e-01,
         5.03971605e-02,  2.52133400e-01, -5.43847721e-01,
         1.71852622e+00,  6.84545512e-01, -8.38866295e-01,
        -1.38755802e+00,  9.09039966e-01, -1.14276176e+00,
         4.34716014e-01, -7.79625913e-02, -5.01985049e-02,
         4.28556103e-02, -1.22595098e-01,  1.72435976e-01],
       [ 5.14729577e-02, -2.23247366e-01,  2.42603217e-01,
        -8.16634283e-02, -4.60876937e-02,  6.12557096e-02,
        -9.01197571e-01, -4.38543680e-02, -6.13900924e-01,
         2.28601139e-01, -4.62604623e-01, -2.02053884e-01,
        -7.79625913e-02,  1.99953921e-01,  6.85345705e-02,
         2.03560154e-02,  6.69184335e-02,  3.00623187e-02],
       [ 1.29481797e-02, -3.28000182e-01, -3.55873811e-02,
         1.53759835e-01,  5.59699075e-02,  2.74041396e-02,
         1.86204342e-01,  1.05224064e+00, -2.12621547e-01,
         6.32862456e-01,  2.18436014e-01, -5.14131229e-01,
        -5.01985049e-02,  6.85345705e-02,  2.10255059e-01,
        -6.35932369e-02, -4.51542309e-03,  5.71551966e-02],
       [ 3.35236006e-02,  1.05136280e-01,  5.69353667e-02,
        -1.08365965e-01,  1.63904158e-02,  4.35912513e-02,
        -6.18443849e-01, -4.10638754e-01,  2.61336492e-02,
        -3.40414093e-01, -8.11015657e-02,  3.46055864e-01,
         4.28556103e-02,  2.03560154e-02, -6.35932369e-02,
         6.80979058e-02,  2.59575347e-03, -7.77780190e-03],
       [ 2.04182713e-02,  5.41614690e-02,  8.47392180e-02,
        -5.80595308e-02, -1.06169199e-01,  2.16927199e-01,
        -8.87755005e-01, -6.15388898e-01,  2.54763775e-01,
         5.33492211e-01, -3.75716168e-01,  6.38254210e-01,
        -1.22595098e-01,  6.69184335e-02, -4.51542309e-03,
         2.59575347e-03,  9.87409073e-02, -3.70563163e-02],
       [-2.28640945e-01, -1.68481764e-01,  1.99750668e-02,
         6.80433992e-02,  8.18952758e-02, -2.83842197e-01,
         1.02353805e+00,  6.11549467e-01, -7.64501401e-01,
        -3.88270160e-01,  2.38525955e-01, -8.93358837e-01,
         1.72435976e-01,  3.00623187e-02,  5.71551966e-02,
        -7.77780190e-03, -3.70563163e-02,  1.36653954e-01]])
      jac: array([ 6.04979030e-06, -2.74591461e-05, -1.67828714e-05, -1.42939364e-05,
        4.34261886e-05,  2.17255843e-05,  2.54389102e-06, -5.23285119e-07,
       -1.53506837e-06,  2.24931185e-06, -1.24010061e-05, -4.24475270e-07,
        1.91779925e-05, -4.30192918e-05, -3.37770552e-05, -7.27233089e-06,
        3.61327634e-05,  2.53008725e-05])
  message: 'Desired error not necessarily achieved due to precision loss.'
     nfev: 2177
      nit: 64
     njev: 114
   status: 2
  success: False
        x: array([ 0.05522267,  0.40141794,  0.76886819,  1.17482283, -0.57125841,
        0.03924214,  1.16715778, -0.98907136, -0.85556824,  0.78331042,
       -0.75787779,  0.5078424 ,  0.08344212,  0.2400891 , -0.30400379,
       -1.15536065, -0.18460836,  0.0410921 ])
