Program Begingeth
      fun: 0.2989046288020327
 hess_inv: array([[ 7.98148985e+00,  2.21966801e+00,  6.95941516e-01,
         2.41987196e+00,  1.24155749e+00, -1.85451112e-01,
         3.54170213e+00, -1.01072487e-02, -2.73947934e+00,
        -3.74684337e-01,  1.14178436e-01, -2.57700892e-01,
        -1.27088389e+00, -2.20017382e-01, -7.57201311e-02,
        -2.67348380e-01, -7.17164174e-01,  2.13275853e-01],
       [ 2.21966801e+00,  3.70250888e+00,  3.69810003e-01,
         4.01514718e-01,  1.48228930e+00,  1.15318512e-01,
         1.55284008e-01,  2.04517705e+00,  4.98379234e-01,
        -1.34462839e-01, -6.13739195e-02, -1.03057674e+00,
        -4.63337429e-01, -3.72104582e-01,  2.34506284e-01,
         6.76968385e-02, -2.49966296e-01,  1.13126033e-01],
       [ 6.95941516e-01,  3.69810003e-01,  1.01002816e+01,
         1.40529840e+00, -2.70564813e-01,  3.72993561e+00,
         1.22118119e+01, -4.50785429e+00,  3.89787998e+00,
        -1.36109996e-01,  2.33630800e+00, -8.37093071e-01,
         3.17653232e-01, -4.89116761e-01, -5.50909912e-01,
        -1.09595745e-03,  2.02214909e-01,  2.40512457e-02],
       [ 2.41987196e+00,  4.01514718e-01,  1.40529840e+00,
         9.71337370e-01,  2.31851308e-01,  4.03944098e-01,
         3.07799411e+00, -6.50993278e-01, -5.33165529e-01,
        -1.36965618e-01,  2.54186966e-01, -4.85681476e-02,
        -2.75473167e-01, -5.16878196e-02, -8.95936736e-02,
        -7.45282794e-02, -1.46804635e-01,  6.18624409e-02],
       [ 1.24155749e+00,  1.48228930e+00, -2.70564813e-01,
         2.31851308e-01,  6.75292142e-01, -1.19346829e-01,
        -2.01282682e-01,  1.29798371e+00, -1.80245996e-01,
        -1.30576088e-01, -1.25845623e-01, -3.18006338e-01,
        -2.47438139e-01, -1.03919459e-01,  1.14034065e-01,
        -1.60801609e-03, -1.35616567e-01,  5.30911550e-02],
       [-1.85451112e-01,  1.15318512e-01,  3.72993561e+00,
         4.03944098e-01, -1.19346829e-01,  1.47047519e+00,
         4.56622566e+00, -1.43100160e+00,  1.88044491e+00,
        -1.40544789e-01,  7.43584681e-01, -3.06919794e-01,
         2.26209180e-01, -1.54120941e-01, -1.49683695e-01,
         3.34880386e-02,  1.13000685e-01, -1.02535768e-03],
       [ 3.54170213e+00,  1.55284008e-01,  1.22118119e+01,
         3.07799411e+00, -2.01282682e-01,  4.56622566e+00,
         2.07055709e+01, -5.40376289e+00,  2.88455248e+00,
        -2.80212490e-01,  2.11211195e+00, -5.01325105e-01,
         1.92293189e-01, -2.24308414e-01, -4.94994281e-01,
        -8.76121614e-02,  1.90968550e-01,  1.61737495e-01],
       [-1.01072487e-02,  2.04517705e+00, -4.50785429e+00,
        -6.50993278e-01,  1.29798371e+00, -1.43100160e+00,
        -5.40376289e+00,  7.26461724e+00, -9.90807875e-01,
        -6.71710618e-01, -1.18659303e+00, -1.37354715e-01,
        -6.04694669e-02,  9.76325266e-02,  5.58930410e-01,
         1.04355920e-01, -1.51270106e-01,  1.55229167e-02],
       [-2.73947934e+00,  4.98379234e-01,  3.89787998e+00,
        -5.33165529e-01, -1.80245996e-01,  1.88044491e+00,
         2.88455248e+00, -9.90807875e-01,  5.61522027e+00,
        -2.67945354e-01,  7.67758564e-01, -5.38215851e-01,
         6.06399862e-01, -3.49742065e-01, -1.13196011e-01,
         1.96368544e-01,  2.06451993e-01, -1.33056877e-01],
       [-3.74684337e-01, -1.34462839e-01, -1.36109996e-01,
        -1.36965618e-01, -1.30576088e-01, -1.40544789e-01,
        -2.80212490e-01, -6.71710618e-01, -2.67945354e-01,
         9.17895694e-01, -7.38639064e-02,  3.94096640e-02,
        -1.63022929e-01,  3.50791553e-02,  4.05710969e-02,
        -2.98474645e-03,  6.96280953e-02,  1.58432951e-01],
       [ 1.14178436e-01, -6.13739195e-02,  2.33630800e+00,
         2.54186966e-01, -1.25845623e-01,  7.43584681e-01,
         2.11211195e+00, -1.18659303e+00,  7.67758564e-01,
        -7.38639064e-02,  1.14996667e+00, -2.03944396e-01,
         5.81904007e-02, -2.49530078e-01, -3.08560383e-01,
        -3.47164477e-02,  2.96051058e-02, -1.03020514e-01],
       [-2.57700892e-01, -1.03057674e+00, -8.37093071e-01,
        -4.85681476e-02, -3.18006338e-01, -3.06919794e-01,
        -5.01325105e-01, -1.37354715e-01, -5.38215851e-01,
         3.94096640e-02, -2.03944396e-01,  6.47415720e-01,
         3.37605722e-02,  2.10636126e-01, -6.84714861e-02,
        -7.33076575e-02,  6.22847696e-02, -7.90524220e-03],
       [-1.27088389e+00, -4.63337429e-01,  3.17653232e-01,
        -2.75473167e-01, -2.47438139e-01,  2.26209180e-01,
         1.92293189e-01, -6.04694669e-02,  6.06399862e-01,
        -1.63022929e-01,  5.81904007e-02,  3.37605722e-02,
         3.35127528e-01,  4.19574679e-02, -1.23858260e-02,
         8.12010251e-02,  1.45376064e-01, -7.83891831e-02],
       [-2.20017382e-01, -3.72104582e-01, -4.89116761e-01,
        -5.16878196e-02, -1.03919459e-01, -1.54120941e-01,
        -2.24308414e-01,  9.76325266e-02, -3.49742065e-01,
         3.50791553e-02, -2.49530078e-01,  2.10636126e-01,
         4.19574679e-02,  1.42666996e-01,  4.07199051e-02,
        -8.71046983e-03,  5.89976093e-02,  1.96139479e-02],
       [-7.57201311e-02,  2.34506284e-01, -5.50909912e-01,
        -8.95936736e-02,  1.14034065e-01, -1.49683695e-01,
        -4.94994281e-01,  5.58930410e-01, -1.13196011e-01,
         4.05710969e-02, -3.08560383e-01, -6.84714861e-02,
        -1.23858260e-02,  4.07199051e-02,  1.42924955e-01,
         3.02780594e-02, -6.44764167e-03,  5.56311938e-02],
       [-2.67348380e-01,  6.76968385e-02, -1.09595745e-03,
        -7.45282794e-02, -1.60801609e-03,  3.34880386e-02,
        -8.76121614e-02,  1.04355920e-01,  1.96368544e-01,
        -2.98474645e-03, -3.47164477e-02, -7.33076575e-02,
         8.12010251e-02, -8.71046983e-03,  3.02780594e-02,
         5.76794311e-02,  2.83709819e-02, -8.01239821e-03],
       [-7.17164174e-01, -2.49966296e-01,  2.02214909e-01,
        -1.46804635e-01, -1.35616567e-01,  1.13000685e-01,
         1.90968550e-01, -1.51270106e-01,  2.06451993e-01,
         6.96280953e-02,  2.96051058e-02,  6.22847696e-02,
         1.45376064e-01,  5.89976093e-02, -6.44764167e-03,
         2.83709819e-02,  1.22186319e-01, -9.54675306e-03],
       [ 2.13275853e-01,  1.13126033e-01,  2.40512457e-02,
         6.18624409e-02,  5.30911550e-02, -1.02535768e-03,
         1.61737495e-01,  1.55229167e-02, -1.33056877e-01,
         1.58432951e-01, -1.03020514e-01, -7.90524220e-03,
        -7.83891831e-02,  1.96139479e-02,  5.56311938e-02,
        -8.01239821e-03, -9.54675306e-03,  7.92171942e-02]])
      jac: array([-7.90996898e-06, -1.86036372e-06, -4.18209911e-05,  3.05089287e-05,
        1.80026364e-05,  1.29222189e-04, -4.21366645e-06, -1.18590323e-05,
       -9.77736411e-06,  2.98464956e-06,  1.15022806e-05,  2.22547906e-05,
       -6.30273611e-05, -2.58981725e-05,  5.80135939e-05,  4.80796884e-05,
        1.00841557e-05, -6.79970894e-05])
  message: 'Desired error not necessarily achieved due to precision loss.'
     nfev: 2500
      nit: 78
     njev: 131
   status: 2
  success: False
        x: array([-0.78067549, -0.9957367 ,  0.04700723, -1.27575189, -1.01507193,
       -0.07631866, -1.74524193, -1.26706268, -1.03274196,  0.13127275,
        0.44787997,  1.13970103,  0.09425293,  0.17512785, -0.2623926 ,
        1.40175711, -0.3519929 ,  0.01958661])
