Program Begingeth
      fun: 0.26276033124949116
 hess_inv: array([[ 8.13508854e+00, -2.16954854e+00,  4.53564892e+00,
         1.29297413e+00, -1.17236429e+00,  2.30264001e+00,
        -4.18994119e+00, -1.63880917e+00,  4.87808591e+00,
        -6.71426771e-01,  9.61615799e-01,  6.65439301e-02,
        -1.77087347e+00,  3.97073349e-01, -1.90442143e-01,
        -1.45261644e-01,  1.06733116e+00, -3.43049339e-01],
       [-2.16954854e+00,  3.89690176e+00, -1.77646392e+00,
         9.27094617e-02,  1.41376135e+00, -8.03959624e-01,
         3.55942031e+00,  3.23410944e+00, -4.26022328e-01,
         9.25549203e-02, -7.50488095e-01, -1.16391909e+00,
         6.20545791e-01, -5.25567529e-01,  3.07824674e-01,
        -1.58083055e-01, -3.58200773e-01,  1.20846629e-01],
       [ 4.53564892e+00, -1.77646392e+00,  1.82840892e+01,
        -1.56833657e+00, -1.18266204e+00,  6.65094000e+00,
        -2.38901422e+01, -7.65559874e+00,  9.82980043e+00,
        -1.22606838e+00,  4.93885079e+00, -2.18394876e+00,
        -1.39645986e+00, -7.31255891e-02, -1.27427721e+00,
         2.28679223e-01,  1.31209454e+00, -1.36405769e-01],
       [ 1.29297413e+00,  9.27094617e-02, -1.56833657e+00,
         6.58705715e-01, -1.22693810e-02, -4.42763472e-01,
         3.27873771e+00,  8.63431912e-01,  3.21321612e-02,
        -2.78707810e-02, -4.25925066e-01,  1.57699066e-01,
        -1.50605796e-01, -3.67472675e-04,  1.29144309e-01,
        -7.00061863e-02,  1.96156690e-02, -6.16642619e-02],
       [-1.17236429e+00,  1.41376135e+00, -1.18266204e+00,
        -1.22693810e-02,  5.94824174e-01, -4.86412183e-01,
         1.66828539e+00,  1.70675254e+00, -6.09973910e-01,
         1.49831694e-01, -4.21556571e-01, -2.79586544e-01,
         3.03560507e-01, -1.51608177e-01,  1.56612534e-01,
        -3.64188409e-02, -1.83388532e-01,  6.42934023e-02],
       [ 2.30264001e+00, -8.03959624e-01,  6.65094000e+00,
        -4.42763472e-01, -4.86412183e-01,  2.55146714e+00,
        -8.85747182e+00, -2.48884190e+00,  3.99891623e+00,
        -3.78967028e-01,  1.63769846e+00, -6.94004966e-01,
        -6.76723267e-01,  4.40846190e-02, -3.96796050e-01,
         5.35916348e-02,  5.42954367e-01, -6.74958063e-02],
       [-4.18994119e+00,  3.55942031e+00, -2.38901422e+01,
         3.27873771e+00,  1.66828539e+00, -8.85747182e+00,
         3.88788817e+01,  1.00188330e+01, -1.06904906e+01,
         1.33505959e+00, -5.59138397e+00,  1.98231945e+00,
         1.78762088e+00, -5.20619381e-01,  1.41093856e+00,
        -4.04657454e-01, -1.76886517e+00,  4.49456527e-03],
       [-1.63880917e+00,  3.23410944e+00, -7.65559874e+00,
         8.63431912e-01,  1.70675254e+00, -2.48884190e+00,
         1.00188330e+01,  9.67601396e+00, -2.99543780e+00,
         1.11549359e+00, -2.39981552e+00,  2.07536970e-01,
         4.37178011e-01, -1.88677076e-01,  9.22572253e-01,
        -2.52024969e-01, -5.77776762e-01,  7.63473828e-02],
       [ 4.87808591e+00, -4.26022328e-01,  9.82980043e+00,
         3.21321612e-02, -6.09973910e-01,  3.99891623e+00,
        -1.06904906e+01, -2.99543780e+00,  9.27002779e+00,
        -6.27774929e-01,  2.50996122e+00, -1.25636357e+00,
        -1.13703843e+00, -2.42320894e-01, -6.31175611e-01,
        -5.06019434e-03,  7.61457268e-01, -2.29399171e-01],
       [-6.71426771e-01,  9.25549203e-02, -1.22606838e+00,
        -2.78707810e-02,  1.49831694e-01, -3.78967028e-01,
         1.33505959e+00,  1.11549359e+00, -6.27774929e-01,
         9.44223479e-01, -2.34067279e-01,  1.53246081e-01,
        -5.54297682e-02, -2.49891244e-02,  4.52977466e-02,
        -1.08015972e-02, -1.56110636e-01, -1.34677170e-01],
       [ 9.61615799e-01, -7.50488095e-01,  4.93885079e+00,
        -4.25925066e-01, -4.21556571e-01,  1.63769846e+00,
        -5.59138397e+00, -2.39981552e+00,  2.50996122e+00,
        -2.34067279e-01,  2.08062458e+00, -5.98993379e-01,
        -3.13318556e-01, -1.83803180e-01, -5.77114652e-01,
         1.12715953e-01,  3.02962607e-01, -1.61764906e-01],
       [ 6.65439301e-02, -1.16391909e+00, -2.18394876e+00,
         1.57699066e-01, -2.79586544e-01, -6.94004966e-01,
         1.98231945e+00,  2.07536970e-01, -1.25636357e+00,
         1.53246081e-01, -5.98993379e-01,  1.10600174e+00,
         1.34297907e-02,  3.05616519e-01,  6.88550341e-02,
         7.36199912e-02, -2.37756667e-02,  9.39172718e-03],
       [-1.77087347e+00,  6.20545791e-01, -1.39645986e+00,
        -1.50605796e-01,  3.03560507e-01, -6.76723267e-01,
         1.78762088e+00,  4.37178011e-01, -1.13703843e+00,
        -5.54297682e-02, -3.13318556e-01,  1.34297907e-02,
         5.23148413e-01, -1.12944247e-01,  6.63117403e-02,
         6.47801267e-02, -2.74806515e-01,  1.17371890e-01],
       [ 3.97073349e-01, -5.25567529e-01, -7.31255891e-02,
        -3.67472675e-04, -1.51608177e-01,  4.40846190e-02,
        -5.20619381e-01, -1.88677076e-01, -2.42320894e-01,
        -2.49891244e-02, -1.83803180e-01,  3.05616519e-01,
        -1.12944247e-01,  1.95062884e-01,  3.76468420e-02,
         1.61462352e-02,  1.03423375e-01,  1.96331390e-02],
       [-1.90442143e-01,  3.07824674e-01, -1.27427721e+00,
         1.29144309e-01,  1.56612534e-01, -3.96796050e-01,
         1.41093856e+00,  9.22572253e-01, -6.31175611e-01,
         4.52977466e-02, -5.77114652e-01,  6.88550341e-02,
         6.63117403e-02,  3.76468420e-02,  2.11524963e-01,
        -5.10244967e-02, -7.64619761e-02,  6.76707599e-02],
       [-1.45261644e-01, -1.58083055e-01,  2.28679223e-01,
        -7.00061863e-02, -3.64188409e-02,  5.35916348e-02,
        -4.04657454e-01, -2.52024969e-01, -5.06019434e-03,
        -1.08015972e-02,  1.12715953e-01,  7.36199912e-02,
         6.47801267e-02,  1.61462352e-02, -5.10244967e-02,
         6.60691800e-02, -7.05793526e-03,  8.91949126e-03],
       [ 1.06733116e+00, -3.58200773e-01,  1.31209454e+00,
         1.96156690e-02, -1.83388532e-01,  5.42954367e-01,
        -1.76886517e+00, -5.77776762e-01,  7.61457268e-01,
        -1.56110636e-01,  3.02962607e-01, -2.37756667e-02,
        -2.74806515e-01,  1.03423375e-01, -7.64619761e-02,
        -7.05793526e-03,  2.31388296e-01, -3.38348265e-02],
       [-3.43049339e-01,  1.20846629e-01, -1.36405769e-01,
        -6.16642619e-02,  6.42934023e-02, -6.74958063e-02,
         4.49456527e-03,  7.63473828e-02, -2.29399171e-01,
        -1.34677170e-01, -1.61764906e-01,  9.39172718e-03,
         1.17371890e-01,  1.96331390e-02,  6.76707599e-02,
         8.91949126e-03, -3.38348265e-02,  9.13372347e-02]])
      jac: array([ 4.38034794e-05,  3.50719454e-06,  2.88820819e-05, -9.32039631e-05,
        8.19825689e-06, -9.44881210e-05,  3.54864286e-06, -6.02999132e-06,
        6.71758945e-06,  2.49378296e-05,  1.34385096e-05, -2.01320442e-06,
        6.11718084e-05,  4.45543602e-05,  8.14011821e-05, -5.74514510e-05,
       -1.38685360e-05, -2.79280303e-05])
  message: 'Desired error not necessarily achieved due to precision loss.'
     nfev: 2273
      nit: 71
     njev: 119
   status: 2
  success: False
        x: array([ 0.76049964, -0.72284009,  0.220991  ,  1.32094296, -0.8127851 ,
       -0.02409485,  1.61830315, -1.10348236, -0.97058662, -0.02017004,
        0.52717652,  1.08924527,  0.04071558,  0.2132206 , -0.27241425,
       -1.23459679, -0.30685717,  0.02436096])
