Program Begingeth
      fun: 0.45497371598248115
 hess_inv: array([[ 1.38267334e+00, -7.68664472e-02,  2.84335202e-01,
         8.34923727e-02,  2.54833414e-01, -4.95712254e-01,
         2.00201482e-01,  8.31365832e-01, -2.95803491e+00,
        -4.10068704e-01,  6.05391023e-01,  1.31330985e+00,
        -4.92835863e-01,  1.22341409e-03, -8.35908989e-01,
        -1.21437297e-01, -1.28038439e-01, -1.97065548e-01],
       [-7.68664472e-02,  2.67432160e+00, -1.08128111e-01,
        -3.52245233e-01, -2.10273370e-01, -5.83977492e-01,
        -1.57652315e+00,  2.45625761e-01,  6.03467756e-01,
        -3.58531696e-02,  1.20479023e+00,  6.15429058e-02,
        -1.89558372e-01, -1.88924946e+00, -3.62093138e-01,
         1.95420317e-02, -4.37775023e-01,  2.99487135e-01],
       [ 2.84335202e-01, -1.08128111e-01,  1.15387010e+00,
         1.28360870e-01,  2.72645912e-01, -1.68340635e-01,
         1.03055090e+00,  3.90047054e-01, -5.65733348e-01,
        -1.16640787e+00, -2.47250845e-02,  9.58578178e-02,
         2.12658092e-01,  2.44606124e-01, -7.89978026e-01,
         2.34961902e-02, -6.62334411e-02, -2.39803244e-01],
       [ 8.34923727e-02, -3.52245233e-01,  1.28360870e-01,
         2.19373655e-01, -2.45341859e-03, -3.17430910e-02,
         5.87660836e-01, -5.05290501e-01, -5.36680076e-01,
        -1.42309773e-01,  2.70650864e-01,  8.71977221e-02,
         1.93205243e-01,  1.25935468e-01, -1.02580412e-01,
         2.96967988e-02,  1.20000490e-02, -4.90894211e-02],
       [ 2.54833414e-01, -2.10273370e-01,  2.72645912e-01,
        -2.45341859e-03,  2.25113363e-01, -6.74983773e-03,
         4.23920531e-01,  7.41822316e-01, -2.72970016e-01,
        -2.72767236e-01, -2.98698366e-01,  2.48573857e-01,
        -8.49836762e-02,  3.63859771e-01, -2.30789534e-01,
        -1.16722120e-02,  6.57606282e-02, -1.05219966e-01],
       [-4.95712254e-01, -5.83977492e-01, -1.68340635e-01,
        -3.17430910e-02, -6.74983773e-03,  5.15338101e-01,
         2.41354331e-01, -2.13340950e-01,  1.85652448e+00,
         1.75650916e-01, -1.08824567e+00, -4.34988432e-01,
         1.66274457e-01,  6.22239968e-01,  5.56995363e-01,
         6.88265323e-02,  1.95120662e-01,  2.24061036e-02],
       [ 2.00201482e-01, -1.57652315e+00,  1.03055090e+00,
         5.87660836e-01,  4.23920531e-01,  2.41354331e-01,
         3.99662805e+00, -1.65853075e-01, -3.69726607e-01,
        -7.77144752e-01, -8.16058843e-01,  3.28923834e-01,
         4.40249039e-01,  1.44726401e+00, -4.89884758e-01,
         6.46764725e-02,  2.70491339e-01, -3.60320685e-01],
       [ 8.31365832e-01,  2.45625761e-01,  3.90047054e-01,
        -5.05290501e-01,  7.41822316e-01, -2.13340950e-01,
        -1.65853075e-01,  5.45409217e+00, -1.13057479e+00,
        -1.62540571e-01, -3.89109239e-01,  7.17749842e-01,
        -9.58119010e-01,  3.56266931e-01, -5.37925035e-01,
        -2.23978685e-01,  3.01968209e-02, -1.25920195e-01],
       [-2.95803491e+00,  6.03467756e-01, -5.65733348e-01,
        -5.36680076e-01, -2.72970016e-01,  1.85652448e+00,
        -3.69726607e-01, -1.13057479e+00,  1.26921358e+01,
         1.67335619e-01, -3.87613921e+00, -2.07363688e+00,
         9.82665369e-01,  6.63205472e-01,  1.86920513e+00,
         4.44307289e-01,  3.59787780e-01,  3.02578918e-01],
       [-4.10068704e-01, -3.58531696e-02, -1.16640787e+00,
        -1.42309773e-01, -2.72767236e-01,  1.75650916e-01,
        -7.77144752e-01, -1.62540571e-01,  1.67335619e-01,
         1.65237698e+00,  1.51811353e-02, -2.85798593e-01,
        -3.27985047e-01, -1.57963936e-01,  8.80291118e-01,
        -7.20190789e-02,  1.23276725e-01,  2.48230438e-01],
       [ 6.05391023e-01,  1.20479023e+00, -2.47250845e-02,
         2.70650864e-01, -2.98698366e-01, -1.08824567e+00,
        -8.16058843e-01, -3.89109239e-01, -3.87613921e+00,
         1.51811353e-02,  4.22939108e+00,  3.90064507e-01,
        -9.96842904e-02, -2.05431905e+00, -6.88717865e-01,
        -2.39266792e-01, -5.27789324e-01,  2.65662756e-01],
       [ 1.31330985e+00,  6.15429058e-02,  9.58578178e-02,
         8.71977221e-02,  2.48573857e-01, -4.34988432e-01,
         3.28923834e-01,  7.17749842e-01, -2.07363688e+00,
        -2.85798593e-01,  3.90064507e-01,  1.76201884e+00,
        -4.65999932e-01, -6.88800043e-03, -8.66121486e-01,
        -7.16549487e-02, -1.29956385e-01, -2.15728600e-01],
       [-4.92835863e-01, -1.89558372e-01,  2.12658092e-01,
         1.93205243e-01, -8.49836762e-02,  1.66274457e-01,
         4.40249039e-01, -9.58119010e-01,  9.82665369e-01,
        -3.27985047e-01, -9.96842904e-02, -4.65999932e-01,
         5.39623442e-01,  1.03695659e-01,  1.11231565e-01,
         1.49890397e-01,  3.11617037e-02, -1.40082598e-03],
       [ 1.22341409e-03, -1.88924946e+00,  2.44606124e-01,
         1.25935468e-01,  3.63859771e-01,  6.22239968e-01,
         1.44726401e+00,  3.56266931e-01,  6.63205472e-01,
        -1.57963936e-01, -2.05431905e+00, -6.88800043e-03,
         1.03695659e-01,  1.88325787e+00,  2.52119795e-01,
         5.98894560e-02,  4.70491837e-01, -2.93512477e-01],
       [-8.35908989e-01, -3.62093138e-01, -7.89978026e-01,
        -1.02580412e-01, -2.30789534e-01,  5.56995363e-01,
        -4.89884758e-01, -5.37925035e-01,  1.86920513e+00,
         8.80291118e-01, -6.88717865e-01, -8.66121486e-01,
         1.11231565e-01,  2.52119795e-01,  1.11899700e+00,
         3.97718336e-02,  2.03507003e-01,  2.62871614e-01],
       [-1.21437297e-01,  1.95420317e-02,  2.34961902e-02,
         2.96967988e-02, -1.16722120e-02,  6.88265323e-02,
         6.46764725e-02, -2.23978685e-01,  4.44307289e-01,
        -7.20190789e-02, -2.39266792e-01, -7.16549487e-02,
         1.49890397e-01,  5.98894560e-02,  3.97718336e-02,
         8.63570330e-02,  1.67044148e-02, -5.31315188e-03],
       [-1.28038439e-01, -4.37775023e-01, -6.62334411e-02,
         1.20000490e-02,  6.57606282e-02,  1.95120662e-01,
         2.70491339e-01,  3.01968209e-02,  3.59787780e-01,
         1.23276725e-01, -5.27789324e-01, -1.29956385e-01,
         3.11617037e-02,  4.70491837e-01,  2.03507003e-01,
         1.67044148e-02,  1.67500293e-01, -2.62649125e-02],
       [-1.97065548e-01,  2.99487135e-01, -2.39803244e-01,
        -4.90894211e-02, -1.05219966e-01,  2.24061036e-02,
        -3.60320685e-01, -1.25920195e-01,  3.02578918e-01,
         2.48230438e-01,  2.65662756e-01, -2.15728600e-01,
        -1.40082598e-03, -2.93512477e-01,  2.62871614e-01,
        -5.31315188e-03, -2.62649125e-02,  1.65012199e-01]])
      jac: array([-1.25233157e-06, -4.73621142e-06,  4.58300065e-06, -1.66237394e-06,
        9.11382081e-06, -1.25692049e-05,  3.18263934e-07, -9.30366895e-07,
        1.06951485e-06, -6.79826566e-07, -1.53580852e-07,  3.50793468e-06,
       -2.38623935e-06, -8.28633458e-06,  1.38452213e-05,  5.56036698e-06,
        4.56486700e-06, -1.12250949e-05])
  message: 'Desired error not necessarily achieved due to precision loss.'
     nfev: 1703
      nit: 35
     njev: 89
   status: 2
  success: False
        x: array([ 0.59730824, -0.14665688,  0.38911289,  0.20916264, -1.31532357,
       -0.79451117,  1.35707603, -1.81114656, -0.89209206, -0.88429296,
       -0.04832029,  0.47124489,  0.11481822,  0.05330238, -0.5689883 ,
        0.07441234,  1.62404298, -0.91127165])
