Base Error: Testing RMSE() on my cube, ref. pcube 4.962885063609237
      fun: 0.6177559487961558
 hess_inv: array([[26.40509304, 15.31511722,  0.77620667, ..., -0.23092916,
         1.22244538, -0.84244425],
       [15.31511722, 33.05180708, -8.02371289, ..., -1.37300825,
         1.17297162, -1.34797667],
       [ 0.77620667, -8.02371289, 15.52176123, ...,  1.20307513,
        -1.51333913,  0.45074746],
       ...,
       [-0.23092916, -1.37300825,  1.20307513, ...,  3.78901577,
        -0.11407663,  0.29629105],
       [ 1.22244538,  1.17297162, -1.51333913, ..., -0.11407663,
         1.33660337, -0.15523699],
       [-0.84244425, -1.34797667,  0.45074746, ...,  0.29629105,
        -0.15523699,  1.24837018]])
      jac: array([-4.88453722e-05,  3.53198952e-05,  1.34416182e-04, -1.73076368e-05,
        4.48700336e-05, -5.60336962e-05,  1.03156742e-04,  6.53825142e-05,
       -1.14435868e-04,  8.63901543e-06, -4.64592809e-04, -4.76912583e-04,
        2.97428748e-05,  1.90472823e-04,  5.73541215e-06, -1.00022953e-04,
       -1.07924780e-04, -1.00702409e-04, -7.14243479e-06,  1.77361829e-05,
        7.53523170e-05, -1.51005134e-05, -2.15634917e-05, -1.16521607e-05,
       -2.12712810e-04, -1.94675387e-04,  4.14372240e-04,  9.81007868e-05,
        2.31760537e-04, -2.28328467e-05,  8.01581024e-06, -2.59348099e-06,
       -1.17248433e-04, -3.70081743e-05,  7.02149450e-05,  1.24992609e-04,
       -5.72171940e-05,  1.69830816e-04,  9.92731823e-05])
  message: 'Maximum number of iterations has been exceeded.'
     nfev: 4280
      nit: 100
     njev: 107
   status: 1
  success: False
        x: array([ 1.99865655,  2.1423022 ,  1.36721468,  5.84918471, -0.92240905,
        0.40129956,  2.21107708, -2.40654322, -0.80066196, -1.7941233 ,
       -0.21170559,  0.22079557,  0.52511856, -0.18597863, -0.36336434,
        2.20123897,  2.66195441,  1.20891837, -2.1080782 ,  3.01982108,
       -0.85012184, -4.25015853,  2.02338068, -0.89939152,  2.00738856,
       -0.2148331 , -0.03412782, -0.42743138,  0.15900084,  0.72609532,
        4.10259608,  0.46406414,  0.65040358, -4.8470409 , -0.46575481,
       -0.24593712, -1.84646527, -2.35723508,  0.9775621 ])
