Base Error: Testing RMSE() on my cube, ref. pcube 4.917819282980738
      fun: 0.6202386144772896
 hess_inv: array([[ 24.19229004,  18.29578949,  -2.88497264, ...,  -0.98745237,
          0.76316497,  -0.20212078],
       [ 18.29578949,  57.17906695, -10.6920308 , ...,   1.21350497,
          2.54093967,  -1.27724519],
       [ -2.88497264, -10.6920308 ,  21.1559128 , ...,  -0.89801521,
         -0.82880038,   1.14842337],
       ...,
       [ -0.98745237,   1.21350497,  -0.89801521, ...,   3.32899826,
          0.12061408,  -0.42792223],
       [  0.76316497,   2.54093967,  -0.82880038, ...,   0.12061408,
          1.43733962,  -0.11802375],
       [ -0.20212078,  -1.27724519,   1.14842337, ...,  -0.42792223,
         -0.11802375,   1.24959736]])
      jac: array([-5.59330360e-06,  5.06705789e-06, -4.23365047e-06, -1.05027098e-06,
       -8.79296636e-07, -1.06581410e-06,  2.00284234e-06,  1.00068102e-06,
        7.93439388e-07, -4.19146199e-06, -3.24925272e-07,  7.26677977e-06,
       -8.28966525e-08,  2.14643118e-07, -2.55129251e-06, -1.31376391e-06,
       -3.51644639e-06,  3.43873078e-06, -5.25505565e-08, -2.35293266e-06,
       -7.40148683e-08,  8.50430837e-07,  3.26257540e-06,  3.97459843e-07,
       -1.51508435e-06, -5.38088093e-07,  2.07907765e-06,  4.16481664e-06,
       -2.27077616e-06, -2.20120218e-06,  2.11312449e-06, -9.91059087e-07,
        2.90064269e-06,  1.60612264e-07, -1.59872116e-07, -1.14130927e-06,
        2.04651111e-06,  1.92808732e-06, -3.38544008e-06])
  message: 'Optimization terminated successfully.'
     nfev: 3920
      nit: 93
     njev: 98
   status: 0
  success: True
        x: array([ 1.94271595,  2.17913424, -1.29034881,  5.82171871, -0.93380015,
       -0.17352399,  2.21803456, -2.41699662,  0.98272479, -1.77803746,
       -0.17083214, -0.03139525, -0.25696616,  0.23107178, -0.42225185,
        2.19786777,  2.65904881, -1.06259892, -2.14896044,  3.00367756,
        1.05423362, -4.22309188,  1.93049409,  1.11309607,  2.03092978,
       -0.22041568,  0.21179838,  0.60249687, -0.24354747,  0.66972375,
        4.15148803,  0.40716634, -0.44334204, -4.83260363, -0.45143947,
        0.43375518, -1.80984751, -2.34589445, -0.79260416])
