Base Error: Testing RMSE() on my cube, ref. pcube 8.634345721296068
      fun: 0.6936328932215746
 hess_inv: array([[ 3.64358817, -2.30411083, -0.47088823, ...,  0.37405113,
        -0.28093207,  0.13167488],
       [-2.30411083,  9.00442633,  2.83907725, ...,  0.11968804,
         0.32225048,  0.16408879],
       [-0.47088823,  2.83907725,  4.98186427, ..., -0.49310246,
        -0.34376806,  0.15204885],
       ...,
       [ 0.37405113,  0.11968804, -0.49310246, ...,  3.20782641,
        -0.16792982,  0.75540118],
       [-0.28093207,  0.32225048, -0.34376806, ..., -0.16792982,
         1.35432513, -0.25331005],
       [ 0.13167488,  0.16408879,  0.15204885, ...,  0.75540118,
        -0.25331005,  0.99594127]])
      jac: array([-0.00382026, -0.00212444,  0.00153207, -0.00045262,  0.00205007,
       -0.00108685, -0.00367303, -0.00784329,  0.00731585, -0.00881894,
        0.02632221, -0.00901402,  0.00437085, -0.01656508, -0.00776769,
        0.00068968, -0.00225116, -0.00272668, -0.00141605,  0.00332886,
       -0.00032855,  0.0006261 , -0.00355369,  0.00217535,  0.00553031,
        0.02763006,  0.00757361, -0.00416086, -0.0163013 , -0.00126013,
       -0.00243698,  0.00099577, -0.00593326,  0.00247139,  0.00458751,
        0.00563027,  0.00425755, -0.00872629, -0.00330215])
  message: 'Maximum number of iterations has been exceeded.'
     nfev: 4240
      nit: 100
     njev: 106
   status: 1
  success: False
        x: array([ 2.46495956,  0.99241153, -0.94045747,  6.04484653, -0.35401416,
        0.96297202,  2.14135253, -1.97730415, -1.22724995, -2.08542354,
       -0.14917047,  0.22063074, -0.52891899,  0.13077461,  0.47526436,
        0.61222319,  0.87949919, -0.50073964, -2.22203328,  2.51748333,
       -1.5868538 , -4.21374326,  0.25564972, -1.22142953,  0.95506066,
       -0.43545638,  0.50508738,  0.0134733 , -0.85610079,  0.81444585,
        2.3254018 ,  2.33749513,  1.75154378, -4.90010274, -0.28902598,
       -0.48300581, -2.42582693, -1.89669311,  1.40944116])
