Base Error: Testing RMSE() on my cube, ref. pcube 8.676537882863173
      fun: 0.6312924349365648
 hess_inv: array([[  7.93774414,  10.15146178,  -4.98218524, ...,  -1.06383269,
         -0.46880042,   0.58888738],
       [ 10.15146178,  32.24652556, -16.42599941, ...,  -1.63597751,
         -0.93351947,   0.20510265],
       [ -4.98218524, -16.42599941,  40.68331475, ...,   1.42491068,
          0.2565767 ,  -0.71337676],
       ...,
       [ -1.06383269,  -1.63597751,   1.42491068, ...,   3.00698798,
          0.21438509,  -0.27161413],
       [ -0.46880042,  -0.93351947,   0.2565767 , ...,   0.21438509,
          1.07716431,   0.05806658],
       [  0.58888738,   0.20510265,  -0.71337676, ...,  -0.27161413,
          0.05806658,   1.05379097]])
      jac: array([-3.88652073e-07,  8.81591096e-07,  6.94185450e-07, -3.23067499e-06,
        1.75511457e-06, -2.95881838e-06,  2.18484490e-06,  2.07152813e-06,
       -3.03231514e-06,  2.09906167e-06, -3.89199784e-06,  6.62884562e-06,
        1.43440815e-07,  1.24056321e-06, -2.32465898e-06,  4.11552274e-06,
       -1.74897134e-06, -1.07898875e-06,  2.05864955e-06,  2.92876834e-07,
        1.00956280e-06,  1.45668662e-06,  7.37928237e-07,  4.81096644e-08,
       -1.78190795e-06, -7.13710572e-06,  1.27911755e-05, -8.74337639e-07,
        3.02150897e-06, -7.09735974e-06,  1.57592458e-06,  2.21000995e-06,
       -4.79882800e-06,  2.01253828e-06,  2.39179047e-06,  8.74633699e-07,
        7.84935080e-06,  1.98803936e-06, -1.77273011e-06])
  message: 'Desired error not necessarily achieved due to precision loss.'
     nfev: 5212
      nit: 72
     njev: 130
   status: 2
  success: False
        x: array([ 2.64181365,  3.48917049, -1.45932997,  5.91236352, -0.77159104,
       -0.40227639,  2.61947751, -2.07002789,  1.48586465, -1.86752889,
       -0.03111572,  0.02407016, -0.28312787,  0.54066503, -0.27531329,
        2.55430696,  3.34544892, -1.54028707, -1.95773464,  2.64889301,
        1.83797876, -3.99312769,  1.54734051,  1.92592938,  2.16078717,
       -0.16202102,  0.14986389,  0.73986371, -0.26258075,  0.56406354,
        4.14804848,  0.4046052 , -0.87923607, -4.86180428, -0.32507791,
        0.70731968, -2.16076459, -1.97768081, -1.33882429])
