Program Begingeth
Setting x as mdcm.positions_np
      fun: 1.9150830133452055
 hess_inv: array([[ 6.74186544e+00, -1.75608094e+00,  1.11642335e+00, ...,
         3.46318395e-01, -2.31264063e-02, -3.14574825e-01],
       [-1.75608094e+00,  3.43844462e+00,  3.95417159e+00, ...,
        -1.46232419e+00, -1.93142600e-01, -5.52742617e-02],
       [ 1.11642335e+00,  3.95417159e+00,  4.16176225e+01, ...,
        -4.22555985e+00,  3.18581893e+00, -1.60667360e+00],
       ...,
       [ 3.46318395e-01, -1.46232419e+00, -4.22555985e+00, ...,
         4.71327881e+01,  1.22295800e+01,  1.50867965e+01],
       [-2.31264063e-02, -1.93142600e-01,  3.18581893e+00, ...,
         1.22295800e+01,  5.64993106e+01,  3.66788280e-01],
       [-3.14574825e-01, -5.52742617e-02, -1.60667360e+00, ...,
         1.50867965e+01,  3.66788280e-01,  2.83547837e+01]])
      jac: array([ 5.69754614e-05, -5.34932099e-05, -3.54501613e-06,  6.34740408e-04,
       -1.35041223e-03,  6.29842104e-04,  5.39011798e-05, -1.62279671e-04,
        1.53665673e-04, -3.92820295e-04, -1.33327423e-04,  4.50756469e-04,
       -9.03365382e-04,  1.80460328e-03, -1.96291768e-03, -4.04533962e-03,
       -5.04245371e-03, -5.61391511e-03, -1.62191072e-02, -7.93086056e-03,
       -1.71760735e-02,  6.41270444e-04,  8.12990120e-04,  8.93298028e-04,
       -3.95032155e-05,  2.30207527e-03, -2.12904672e-03, -1.79888845e-04,
       -1.09620905e-04,  2.48402661e-03,  8.34034323e-04, -4.50993613e-04,
       -7.43597332e-04,  1.82455532e-05, -1.84899118e-03,  1.24369581e-03,
        6.29351386e-05,  1.01009867e-04, -1.15948954e-03,  1.13993111e-04,
       -4.57266817e-04,  8.94433712e-04,  1.17114022e-04,  5.62197252e-04,
       -1.43801622e-03,  2.45889383e-04, -1.55523446e-03,  1.49468837e-03,
       -4.21716439e-04, -2.98521104e-03,  1.86984324e-03,  1.94297165e-02,
        1.46004292e-02,  2.39825990e-02, -1.61570017e-05,  3.32355018e-03,
       -1.60968231e-03, -3.58477692e-04,  4.51490845e-04, -6.02942881e-05,
       -1.95915728e-04, -2.00168770e-05,  1.49422400e-04,  6.91846580e-06,
       -6.16394787e-04,  2.05630254e-03, -2.92632585e-05,  1.43852633e-03,
       -3.24472360e-03, -2.40415391e-04,  1.54836588e-04, -3.74634990e-04,
       -4.19991449e-04,  3.92392785e-04,  1.51090992e-04])
  message: 'Desired error not necessarily achieved due to precision loss.'
     nfev: 53135
      nit: 635
     njev: 699
   status: 2
  success: False
        x: array([ 4.12039137e+00,  8.40611405e+00, -8.84939805e-01,  2.45935310e+00,
       -1.46064799e+00, -2.45592912e-01, -9.46664115e-01,  4.15264409e+00,
        1.25625855e+00,  1.04661025e+00,  1.31031158e+00,  3.37804683e-01,
       -3.01771603e+00, -7.00155017e-01, -1.55869094e+00, -6.44561262e-01,
       -2.46354281e+00, -2.59178237e+00, -6.40181943e-01, -2.57904990e+00,
       -2.72367655e+00, -6.42567150e-01, -2.36887499e+00, -2.48866304e+00,
        4.74382314e+00, -2.94017127e-01,  3.18333291e-01, -1.66253940e+00,
       -6.16436630e-01,  3.68238302e-01,  1.32056138e+00,  5.70450706e-01,
        7.22942772e-01, -2.88188557e+00, -6.28722866e-01, -1.43045880e+00,
       -2.63053799e+00, -8.71438452e-01, -1.14673221e-02, -3.17521057e+00,
        3.24652303e+00,  6.84920072e-02, -1.89952432e+00, -1.24455289e+00,
        5.72029754e-03,  4.61693784e+00, -7.10475601e-02,  6.40973394e-01,
        3.85773106e+00, -1.01943958e+00, -9.12542031e-01, -6.42205831e-01,
       -2.55073675e+00, -2.69043380e+00,  3.58166730e+00, -1.19467758e+00,
       -7.95195231e-01,  2.29139993e+00, -2.98461973e+00,  8.11006778e-01,
        1.35862236e+00,  6.36532010e-01,  2.25299231e+00, -2.51749218e+00,
        1.52268669e+00,  4.30767468e-01, -1.85788890e+00,  2.12758747e+00,
        5.42426561e-01, -1.39130901e+00,  2.01523745e+00, -1.03224686e+00,
        1.05614195e-01, -1.88828537e+00,  3.43714581e-01])
