Program Begingeth
Setting x as mdcm.positions_np
      fun: 1.9515561522465372
 hess_inv: array([[ 8.11198980e+00, -3.08846186e+00, -1.28919067e+00, ...,
        -8.99890520e-02, -6.87855288e-01,  2.97931848e-01],
       [-3.08846186e+00,  5.06569149e+00,  7.93056806e+00, ...,
         6.09741430e-01,  1.35004041e+00,  2.45687215e-02],
       [-1.28919067e+00,  7.93056806e+00,  1.02334169e+02, ...,
         1.11630593e+01,  1.19401707e+01,  7.02241051e-01],
       ...,
       [-8.99890520e-02,  6.09741430e-01,  1.11630593e+01, ...,
         4.08148826e+01,  3.95234626e+00,  1.94066508e+01],
       [-6.87855288e-01,  1.35004041e+00,  1.19401707e+01, ...,
         3.95234626e+00,  3.21442301e+01, -3.64246839e+00],
       [ 2.97931848e-01,  2.45687215e-02,  7.02241051e-01, ...,
         1.94066508e+01, -3.64246839e+00,  4.50636951e+01]])
      jac: array([-4.40566102e-06,  1.07318598e-05,  1.80711742e-05, -1.90450470e-04,
       -1.26668009e-04,  1.07339619e-04, -3.40478756e-05,  2.23479013e-05,
        2.21829962e-05, -1.25433293e-04, -1.40450614e-04,  1.29039845e-03,
       -1.02383731e-04,  2.61547080e-04,  7.07172099e-05,  2.93247352e-04,
       -2.33457994e-04, -1.87106138e-03, -1.67865277e-04,  9.85010444e-04,
        1.20284064e-03,  5.27546895e-05, -4.83423671e-05, -2.00715888e-04,
       -2.72251407e-04,  3.45338573e-06,  2.33290868e-04,  4.09949852e-04,
        2.97372201e-04, -1.33668780e-04,  1.56809380e-04,  1.10247663e-04,
       -4.03200140e-04, -2.50836700e-03, -3.84284160e-04, -3.11120759e-03,
        1.03209263e-03,  8.01222792e-05, -8.82486972e-04,  9.00334622e-05,
       -2.78828812e-05,  2.62533698e-05, -4.89754755e-04, -1.77953800e-04,
        7.01446308e-05,  2.71542492e-04,  1.52298026e-04, -6.78820407e-04,
        1.26007205e-04, -3.30745209e-04, -2.84798259e-04,  1.70705376e-04,
        3.07322464e-04,  4.84111566e-04, -6.56813863e-05,  2.38915406e-04,
        6.81284510e-04, -4.23749924e-06,  7.03369215e-05, -2.68604398e-05,
       -3.05237317e-05, -2.11725452e-05, -4.69565128e-06, -3.06905168e-04,
        7.44860470e-05,  8.86150856e-04, -2.91860610e-04, -2.69176533e-04,
       -5.47829930e-05,  1.78553468e-06,  4.12684701e-05,  3.65324067e-05,
        6.15287081e-05, -1.09095103e-04, -5.90714144e-05])
  message: 'Desired error not necessarily achieved due to precision loss.'
     nfev: 39304
      nit: 442
     njev: 517
   status: 2
  success: False
        x: array([ 3.81143806,  8.59960642, -0.58034227,  2.26402594, -1.13753373,
        0.3093846 ,  1.34458974,  2.5259804 , -0.71833442, -0.92039958,
       -0.51725551, -2.60695133, -2.33740186, -1.48794425, -0.15468467,
       -0.88594075, -0.69957925, -3.09508334, -0.8943071 , -0.87937463,
       -3.79211659,  2.23316088, -1.86885383,  1.38137302,  4.86208023,
       -0.04807256,  0.16729268, -2.59723886,  2.72204135,  0.08689608,
        4.29747876,  0.1766485 , -1.71682033, -0.89469626, -0.87659433,
       -3.76995851, -0.89584717, -0.86509786, -3.6918632 , -2.07866732,
       -0.27172241,  0.4707223 , -1.98085611,  2.7076471 ,  0.66923066,
       -1.05506146, -0.09819247, -2.04192132,  4.58170756,  0.22511181,
        0.21823777, -1.71611774,  1.16178896, -0.97116784,  4.23789153,
        0.33396207, -1.64758203, -1.27233694,  4.03343806,  1.49236626,
        0.82193923,  2.81712825,  1.40671183, -0.88986449, -0.77522345,
       -3.34242535, -1.95391682,  1.96537385, -0.81407981,  2.22675879,
       -1.24000047,  2.14321859, -0.27605764, -1.28643455,  0.37654261])
