Program Begingeth
Setting x as mdcm.positions_np
      fun: 3.2497982829806844
 hess_inv: array([[ 1.03609145e-01,  6.01550212e-03, -7.15075248e-03, ...,
        -1.11186725e-03,  1.38052619e-03, -6.71908253e-03],
       [ 6.01550212e-03,  1.13835781e-01,  2.45871263e-04, ...,
         1.72206625e-02,  3.59313351e-03, -2.83025509e-03],
       [-7.15075248e-03,  2.45871263e-04,  1.48373830e-01, ...,
         1.85776861e-02,  5.21266307e-03, -1.07981487e-02],
       ...,
       [-1.11186725e-03,  1.72206625e-02,  1.85776861e-02, ...,
         7.83261057e+01, -2.83067020e+00, -2.45906487e+00],
       [ 1.38052619e-03,  3.59313351e-03,  5.21266307e-03, ...,
        -2.83067020e+00,  6.22504109e+01,  2.55885062e+01],
       [-6.71908253e-03, -2.83025509e-03, -1.07981487e-02, ...,
        -2.45906487e+00,  2.55885062e+01,  4.92430035e+01]])
      jac: array([-3.13156908e-05,  1.34224483e-05, -5.03463937e-05, -1.46436048e-04,
       -1.58888606e-04, -4.22814672e-04,  7.51931850e-06, -1.66645956e-05,
        5.13162846e-05, -2.79438694e-05,  3.97480271e-04,  6.16129370e-04,
        1.84469329e-04, -8.10622680e-05,  1.98910814e-04, -1.43815626e-04,
        2.60452993e-04,  1.76147097e-04,  1.82088418e-04, -1.02459078e-04,
        2.49255431e-04,  8.38804581e-05, -1.95880645e-04, -8.60262972e-05,
        9.11448694e-05, -3.41919086e-06,  1.83879282e-04, -3.14233972e-04,
       -7.39041421e-05, -3.13994756e-04, -5.91473537e-05, -2.83146543e-04,
        3.50243094e-04, -3.08042480e-04,  2.57838195e-06, -4.29368837e-04,
        2.31589562e-05, -3.47321579e-04,  1.59833036e-04,  9.33481440e-05,
       -7.36856502e-05, -1.43396406e-05,  2.89371194e-04,  5.44740549e-05,
        2.92267840e-04,  1.36289202e-04, -4.06435774e-04,  2.52290337e-04,
        5.42256610e-05, -3.84926757e-04, -2.31385281e-04,  8.37182175e-05,
        3.17058083e-04, -2.12449910e-04, -2.12839228e-04,  2.14900098e-04,
       -3.81091011e-04,  4.99369435e-05,  6.44876745e-05,  2.51875557e-05,
       -1.82443690e-05,  7.02489918e-06, -1.94662064e-05,  1.76362628e-05,
        5.14929432e-04, -4.01152297e-04, -7.27598722e-05,  1.02556778e-04,
       -2.41627459e-04, -4.95603558e-07, -1.92634945e-04,  1.35055522e-04,
       -4.82544375e-05,  1.03819175e-04, -1.11547512e-04])
  message: 'Desired error not necessarily achieved due to precision loss.'
     nfev: 62177
      nit: 760
     njev: 818
   status: 2
  success: False
        x: array([ 3.97613807,  3.4913241 ,  6.04170178,  2.26876987,  2.74741824,
        2.23328831,  4.08584274,  3.58232134, -0.02993964,  1.76433874,
        2.70225223,  1.76199188, -1.76005606, -1.87053106, -1.79637633,
       -3.84930202,  0.05259581,  0.10503346, -1.96715472, -2.15164001,
       -2.55812571, -4.94858432, -0.49363711,  0.1048898 ,  0.70404632,
        3.24751556,  0.05140917, -1.69497665, -1.78105249,  0.12032248,
        1.60114172, -1.03014638, -0.82477328, -1.93610644, -2.10157678,
       -2.43624175,  0.82453316,  0.45107768,  1.73147172, -3.8411035 ,
        2.04676458,  0.09447751, -1.36446872, -1.55204653,  0.69821452,
        2.43588701, -0.92901777,  0.6687664 ,  1.24931383,  2.70378839,
        1.38082793,  1.06704994,  0.94870916,  0.79805272, -0.16562844,
       -1.16935952,  0.10922427,  3.43044851,  0.97786455,  0.04173968,
        2.82784886, -0.19951238, -1.95108978,  1.95767857, -0.30623865,
        1.62081538,  1.07808281,  2.76126698, -0.31660463,  1.98257541,
        0.01313039,  2.33434679,  1.56021803, -1.30736322, -1.5689958 ])
