Program Begingeth
      fun: 0.27649697548193486
 hess_inv: array([[ 2.92219313e+00, -8.79578551e-01,  8.57049853e-01,
         9.70657663e-01, -4.65129033e-01,  8.30000579e-01,
        -4.46214207e-02,  1.74131306e-01,  2.86025257e+00,
         1.29852586e-01, -4.62682579e-01, -6.66533961e-02,
        -4.19984693e-01,  1.54438310e-01,  2.03194390e-01,
        -1.94525572e-01,  2.25908716e-01, -1.23288997e-01],
       [-8.79578551e-01,  2.64491011e+00,  5.00592034e-01,
        -1.96368226e-01,  1.15725118e+00,  6.54024751e-02,
        -9.53269623e-01,  1.51398580e+00,  1.18751786e+00,
        -3.89478067e-01,  2.82487800e-01, -7.11729345e-01,
         3.69095758e-01, -2.26675251e-01,  2.29032192e-03,
         7.05277808e-02, -1.58132579e-01,  9.72585852e-02],
       [ 8.57049853e-01,  5.00592034e-01,  6.26953114e+00,
        -5.69694153e-01, -2.13276218e-02,  3.01411307e+00,
        -9.72867364e+00, -4.99416008e+00,  8.37588098e+00,
         6.18964673e-01,  1.45611657e+00, -3.92395891e-01,
        -3.29570835e-01, -5.19943789e-02, -4.49103349e-01,
         1.00324841e-01,  2.18536964e-01, -4.93591499e-01],
       [ 9.70657663e-01, -1.96368226e-01, -5.69694153e-01,
         4.93471045e-01, -9.15951448e-02, -1.32261003e-01,
         1.69505926e+00,  9.19344530e-01,  1.46024792e-02,
        -9.31867223e-02, -3.40476900e-01, -6.24206898e-02,
        -6.98361277e-02,  2.26733725e-02,  1.49849323e-01,
        -8.28744837e-02,  2.81686408e-02,  4.30710833e-02],
       [-4.65129033e-01,  1.15725118e+00, -2.13276218e-02,
        -9.15951448e-02,  5.65530822e-01, -7.47015486e-02,
        -2.88820159e-01,  1.27063045e+00,  5.55511344e-02,
        -1.39640946e-01,  2.75063638e-02, -2.55934932e-01,
         1.84660004e-01, -6.62903120e-02,  3.72698358e-02,
         4.59517840e-02, -7.52229445e-02,  7.03468421e-02],
       [ 8.30000579e-01,  6.54024751e-02,  3.01411307e+00,
        -1.32261003e-01, -7.47015486e-02,  1.55485338e+00,
        -4.72428266e+00, -2.08798914e+00,  4.41868370e+00,
         3.93582756e-01,  5.06768956e-01, -1.53823237e-01,
        -2.36599781e-01,  2.04590829e-02, -1.52265509e-01,
         1.01167564e-02,  1.26926534e-01, -2.47121603e-01],
       [-4.46214207e-02, -9.53269623e-01, -9.72867364e+00,
         1.69505926e+00, -2.88820159e-01, -4.72428266e+00,
         2.06806052e+01,  6.93851310e+00, -1.21059062e+01,
        -1.25516840e+00, -1.80096783e+00,  8.89122203e-02,
         3.43300481e-01, -1.44634869e-01,  7.17977405e-01,
        -3.30807338e-01, -2.43913979e-01,  7.91571561e-01],
       [ 1.74131306e-01,  1.51398580e+00, -4.99416008e+00,
         9.19344530e-01,  1.27063045e+00, -2.08798914e+00,
         6.93851310e+00,  1.14398868e+01, -5.99626247e+00,
        -2.35954249e-01, -1.83849255e+00, -2.93438862e-01,
         3.06977978e-01,  1.10335851e-01,  8.80703981e-01,
        -1.47262844e-01, -2.11745399e-01,  5.69202191e-01],
       [ 2.86025257e+00,  1.18751786e+00,  8.37588098e+00,
         1.46024792e-02,  5.55511344e-02,  4.41868370e+00,
        -1.21059062e+01, -5.99626247e+00,  1.55771767e+01,
         8.62069206e-01,  1.59078672e+00, -7.60147196e-01,
        -5.70361481e-01, -2.43208496e-01, -5.05093825e-01,
        -4.03147861e-02,  1.95180086e-01, -7.32833166e-01],
       [ 1.29852586e-01, -3.89478067e-01,  6.18964673e-01,
        -9.31867223e-02, -1.39640946e-01,  3.93582756e-01,
        -1.25516840e+00, -2.35954249e-01,  8.62069206e-01,
         9.79678774e-01,  9.69025931e-02,  3.31111817e-02,
        -2.89754504e-01,  1.58532083e-02, -1.16689568e-01,
        -2.02700357e-02, -3.03786615e-03, -2.62164322e-01],
       [-4.62682579e-01,  2.82487800e-01,  1.45611657e+00,
        -3.40476900e-01,  2.75063638e-02,  5.06768956e-01,
        -1.80096783e+00, -1.83849255e+00,  1.59078672e+00,
         9.69025931e-02,  1.04429200e+00, -1.69647760e-01,
         1.23766492e-02, -1.92724707e-01, -2.97677116e-01,
         7.89631184e-02,  2.43210458e-03, -1.76673421e-01],
       [-6.66533961e-02, -7.11729345e-01, -3.92395891e-01,
        -6.24206898e-02, -2.55934932e-01, -1.53823237e-01,
         8.89122203e-02, -2.93438862e-01, -7.60147196e-01,
         3.31111817e-02, -1.69647760e-01,  5.45282458e-01,
        -5.30905863e-03,  1.36598309e-01, -4.02421920e-02,
         5.59849012e-02,  5.64385561e-02,  2.50182357e-02],
       [-4.19984693e-01,  3.69095758e-01, -3.29570835e-01,
        -6.98361277e-02,  1.84660004e-01, -2.36599781e-01,
         3.43300481e-01,  3.06977978e-01, -5.70361481e-01,
        -2.89754504e-01,  1.23766492e-02, -5.30905863e-03,
         1.98893937e-01, -3.76621766e-02,  1.39562656e-02,
         7.43349929e-02, -5.96054683e-02,  1.02008100e-01],
       [ 1.54438310e-01, -2.26675251e-01, -5.19943789e-02,
         2.26733725e-02, -6.62903120e-02,  2.04590829e-02,
        -1.44634869e-01,  1.10335851e-01, -2.43208496e-01,
         1.58532083e-02, -1.92724707e-01,  1.36598309e-01,
        -3.76621766e-02,  1.13327387e-01,  4.17508159e-02,
        -3.29798779e-03,  6.83185823e-02,  1.90673102e-02],
       [ 2.03194390e-01,  2.29032192e-03, -4.49103349e-01,
         1.49849323e-01,  3.72698358e-02, -1.52265509e-01,
         7.17977405e-01,  8.80703981e-01, -5.05093825e-01,
        -1.16689568e-01, -2.97677116e-01, -4.02421920e-02,
         1.39562656e-02,  4.17508159e-02,  1.50366001e-01,
        -3.69995331e-02, -9.01806459e-04,  1.00105503e-01],
       [-1.94525572e-01,  7.05277808e-02,  1.00324841e-01,
        -8.28744837e-02,  4.59517840e-02,  1.01167564e-02,
        -3.30807338e-01, -1.47262844e-01, -4.03147861e-02,
        -2.02700357e-02,  7.89631184e-02,  5.59849012e-02,
         7.43349929e-02, -3.29798779e-03, -3.69995331e-02,
         7.05492993e-02, -1.50124972e-02,  5.92412213e-03],
       [ 2.25908716e-01, -1.58132579e-01,  2.18536964e-01,
         2.81686408e-02, -7.52229445e-02,  1.26926534e-01,
        -2.43913979e-01, -2.11745399e-01,  1.95180086e-01,
        -3.03786615e-03,  2.43210458e-03,  5.64385561e-02,
        -5.96054683e-02,  6.83185823e-02, -9.01806459e-04,
        -1.50124972e-02,  8.81551106e-02, -1.47237263e-02],
       [-1.23288997e-01,  9.72585852e-02, -4.93591499e-01,
         4.30710833e-02,  7.03468421e-02, -2.47121603e-01,
         7.91571561e-01,  5.69202191e-01, -7.32833166e-01,
        -2.62164322e-01, -1.76673421e-01,  2.50182357e-02,
         1.02008100e-01,  1.90673102e-02,  1.00105503e-01,
         5.92412213e-03, -1.47237263e-02,  1.37635322e-01]])
      jac: array([-2.36736556e-05, -2.78059057e-05, -7.47379936e-05,  1.09378802e-04,
        5.94409707e-05,  2.03207821e-04, -2.68933024e-06,  6.81306863e-07,
       -5.87122943e-06,  1.89330033e-06,  4.40869563e-06, -4.68939702e-05,
        7.61983069e-05,  5.07320112e-05, -1.55632914e-04, -1.07434432e-04,
        3.03801428e-05,  1.63228690e-05])
  message: 'Desired error not necessarily achieved due to precision loss.'
     nfev: 2158
      nit: 65
     njev: 113
   status: 2
  success: False
        x: array([ 1.05260752e+00, -1.27973102e+00,  4.77282791e-01,  1.34191258e+00,
       -1.26094416e+00,  1.21096815e-01,  1.15495094e+00, -1.70084266e+00,
       -8.14482458e-01,  8.22201548e-02,  5.49948573e-01,  1.13888186e+00,
        2.53924568e-03,  2.38725623e-01, -2.74245712e-01, -1.23559092e+00,
       -6.10589147e-02, -4.16120857e-04])
