Program Begingeth
      fun: 0.39422373816876355
 hess_inv: array([[ 1.63361015e+00, -5.08773154e-02,  4.97399539e-02,
         2.22374120e-01, -3.43433989e-01,  3.56683479e-01,
         5.05364361e-01, -2.97613490e-01,  2.46000099e-01,
         5.83028111e-01, -1.21619934e+00,  5.85568265e-02,
        -6.38376682e-01, -6.13723915e-02,  5.58333456e-02,
        -2.95652443e-02, -4.91576107e-02, -3.51730174e-01],
       [-5.08773154e-02,  6.89583440e-01, -9.74536430e-02,
        -3.30874747e-01,  2.40456830e-02, -2.61339727e-01,
        -1.10468564e+00,  4.85961488e-02, -5.37855040e-01,
        -9.93317759e-01, -7.44469178e-02, -8.26046676e-02,
         2.05439150e-02, -2.48474610e-01, -2.52828043e-01,
         4.67588731e-02,  1.30095380e-03, -1.28696825e-01],
       [ 4.97399539e-02, -9.74536430e-02,  4.33154082e-01,
         1.49643994e-01,  1.30976943e-01,  1.07190089e-01,
         6.09011710e-02, -4.02336371e-02,  6.47209380e-01,
         6.41702278e-01,  2.05809350e-01, -7.07973412e-02,
         4.27828595e-02,  1.57638612e-01, -5.48215496e-02,
         8.35231063e-02,  4.37786225e-02,  6.58057205e-02],
       [ 2.22374120e-01, -3.30874747e-01,  1.49643994e-01,
         5.14988683e-01,  8.42823765e-02,  2.56085014e-01,
         1.21119964e+00,  3.25594893e-01,  1.34679545e+00,
         1.50558121e+00,  2.40519268e-01, -8.76308275e-02,
         2.00793085e-02,  1.40231164e-01,  1.61992418e-01,
         3.05426858e-02, -9.83357153e-03,  5.98889039e-02],
       [-3.43433989e-01,  2.40456830e-02,  1.30976943e-01,
         8.42823765e-02,  3.96479950e-01, -5.14341940e-02,
        -1.84100260e-01,  7.07747980e-01,  7.64723729e-01,
         3.20353103e-01,  1.04412294e+00, -1.28011425e-01,
         2.29219491e-01,  1.13508541e-01, -6.17599913e-02,
         8.74636191e-02,  1.90849585e-02,  9.91135435e-02],
       [ 3.56683479e-01, -2.61339727e-01,  1.07190089e-01,
         2.56085014e-01, -5.14341940e-02,  4.27132068e-01,
         1.09283632e+00, -2.38983632e-01,  1.32426550e+00,
         9.17523647e-01, -5.67460253e-02,  4.78269482e-01,
        -1.97762044e-01,  1.42754929e-01,  1.74816464e-01,
        -3.45035526e-02,  7.55608028e-02, -8.80301576e-03],
       [ 5.05364361e-01, -1.10468564e+00,  6.09011710e-02,
         1.21119964e+00, -1.84100260e-01,  1.09283632e+00,
         8.55689370e+00, -1.00615017e+00,  5.10008369e+00,
         3.47996003e+00,  9.73660663e-01,  4.95095568e-01,
        -5.58180605e-01,  4.09535099e-01,  6.15525058e-01,
        -2.65431149e-01,  4.02980537e-01,  1.23968118e-02],
       [-2.97613490e-01,  4.85961488e-02, -4.02336371e-02,
         3.25594893e-01,  7.07747980e-01, -2.38983632e-01,
        -1.00615017e+00,  3.11155751e+00,  9.51135255e-01,
         7.41689307e-01,  1.40701931e+00, -7.85256330e-01,
         4.58817642e-01,  8.43354261e-02, -4.25763257e-03,
         1.51167220e-01, -9.96112921e-02,  1.55811814e-01],
       [ 2.46000099e-01, -5.37855040e-01,  6.47209380e-01,
         1.34679545e+00,  7.64723729e-01,  1.32426550e+00,
         5.10008369e+00,  9.51135255e-01,  9.17148997e+00,
         4.73984403e+00,  2.80732251e+00,  6.44541973e-01,
        -1.70100231e-01,  5.69837060e-01,  4.46589040e-01,
         9.04434718e-04,  3.76575440e-01,  2.43496217e-01],
       [ 5.83028111e-01, -9.93317759e-01,  6.41702278e-01,
         1.50558121e+00,  3.20353103e-01,  9.17523647e-01,
         3.47996003e+00,  7.41689307e-01,  4.73984403e+00,
         4.81127568e+00,  9.32675159e-01, -3.64365316e-03,
        -1.30240145e-02,  5.18480117e-01,  4.65098642e-01,
         6.14765320e-02,  5.73897740e-02,  2.02878486e-01],
       [-1.21619934e+00, -7.44469178e-02,  2.05809350e-01,
         2.40519268e-01,  1.04412294e+00, -5.67460253e-02,
         9.73660663e-01,  1.40701931e+00,  2.80732251e+00,
         9.32675159e-01,  3.37819105e+00, -2.03955931e-01,
         5.51069107e-01,  3.12959403e-01, -8.65343833e-02,
         1.18875063e-01,  1.39344856e-01,  2.92435854e-01],
       [ 5.85568265e-02, -8.26046676e-02, -7.07973412e-02,
        -8.76308275e-02, -1.28011425e-01,  4.78269482e-01,
         4.95095568e-01, -7.85256330e-01,  6.44541973e-01,
        -3.64365316e-03, -2.03955931e-01,  1.30658494e+00,
        -1.87851066e-01,  1.06692068e-01,  1.45479282e-01,
        -5.14658704e-02,  1.35233404e-01, -2.98692722e-02],
       [-6.38376682e-01,  2.05439150e-02,  4.27828595e-02,
         2.00793085e-02,  2.29219491e-01, -1.97762044e-01,
        -5.58180605e-01,  4.58817642e-01, -1.70100231e-01,
        -1.30240145e-02,  5.51069107e-01, -1.87851066e-01,
         3.97087892e-01,  3.28710485e-02, -3.92134398e-02,
         1.04382641e-01, -4.35829427e-02,  1.73482294e-01],
       [-6.13723915e-02, -2.48474610e-01,  1.57638612e-01,
         1.40231164e-01,  1.13508541e-01,  1.42754929e-01,
         4.09535099e-01,  8.43354261e-02,  5.69837060e-01,
         5.18480117e-01,  3.12959403e-01,  1.06692068e-01,
         3.28710485e-02,  1.82806628e-01,  6.77055427e-02,
         1.44460085e-02,  5.81154820e-02,  7.96341516e-02],
       [ 5.58333456e-02, -2.52828043e-01, -5.48215496e-02,
         1.61992418e-01, -6.17599913e-02,  1.74816464e-01,
         6.15525058e-01, -4.25763257e-03,  4.46589040e-01,
         4.65098642e-01, -8.65343833e-02,  1.45479282e-01,
        -3.92134398e-02,  6.77055427e-02,  1.76820362e-01,
        -4.32794113e-02,  4.34661134e-03,  6.02594185e-02],
       [-2.95652443e-02,  4.67588731e-02,  8.35231063e-02,
         3.05426858e-02,  8.74636191e-02, -3.45035526e-02,
        -2.65431149e-01,  1.51167220e-01,  9.04434718e-04,
         6.14765320e-02,  1.18875063e-01, -5.14658704e-02,
         1.04382641e-01,  1.44460085e-02, -4.32794113e-02,
         8.68365183e-02, -2.08604000e-02,  2.08355732e-02],
       [-4.91576107e-02,  1.30095380e-03,  4.37786225e-02,
        -9.83357153e-03,  1.90849585e-02,  7.55608028e-02,
         4.02980537e-01, -9.96112921e-02,  3.76575440e-01,
         5.73897740e-02,  1.39344856e-01,  1.35233404e-01,
        -4.35829427e-02,  5.81154820e-02,  4.34661134e-03,
        -2.08604000e-02,  9.27363305e-02,  5.19030039e-03],
       [-3.51730174e-01, -1.28696825e-01,  6.58057205e-02,
         5.98889039e-02,  9.91135435e-02, -8.80301576e-03,
         1.23968118e-02,  1.55811814e-01,  2.43496217e-01,
         2.02878486e-01,  2.92435854e-01, -2.98692722e-02,
         1.73482294e-01,  7.96341516e-02,  6.02594185e-02,
         2.08355732e-02,  5.19030039e-03,  1.51912356e-01]])
      jac: array([ 8.49283606e-06,  1.02706732e-05, -1.05008594e-05, -8.03505410e-06,
       -2.80087065e-05, -4.94197276e-06, -4.45569507e-07,  1.97138602e-06,
       -5.47710026e-07,  5.74725453e-06,  6.75052607e-06,  1.12280555e-06,
        1.39503224e-05,  1.75744604e-05, -7.07582141e-06, -3.91871720e-06,
        2.48060831e-06,  1.50109554e-05])
  message: 'Desired error not necessarily achieved due to precision loss.'
     nfev: 2615
      nit: 81
     njev: 137
   status: 2
  success: False
        x: array([ 0.07837894,  0.01480013,  0.82588022,  1.38462924, -1.07606405,
        0.32965542,  0.68386915, -2.21166462,  0.72221078,  1.74966296,
       -1.00621119,  0.93649702,  0.05720113, -0.04255267, -0.2347975 ,
       -1.26792673, -0.70442216,  0.05054986])
