Program Begingeth
      fun: 0.23709943542893905
 hess_inv: array([[ 1.29320761e+00, -2.22916204e-01,  6.35006322e-02,
         1.44175653e-01,  2.80168625e-01,  6.30200845e-01,
        -3.67645579e-01, -3.29683279e-01,  2.26707987e+00,
         7.38417247e-01,  1.15767188e+00,  1.07101172e+00,
        -5.30074817e-01,  8.72220267e-02,  1.27648386e-02,
         2.03436112e-03, -6.61631969e-02, -2.71897369e-01],
       [-2.22916204e-01,  4.16688984e-01, -7.04101608e-02,
        -5.83129566e-02, -8.21505569e-02, -4.72216920e-01,
         4.35057024e-01,  3.22694437e-01, -1.83432113e+00,
        -3.67399714e-01, -4.75381531e-01, -8.14757573e-01,
         1.03498805e-01, -1.39252558e-01, -1.52374579e-01,
         2.39189195e-02,  4.22050050e-02, -2.96689343e-02],
       [ 6.35006322e-02, -7.04101608e-02,  2.80878177e-01,
         1.45717529e-01,  1.71668103e-01,  2.98340133e-01,
        -2.08217975e-01,  6.14181690e-02,  1.50042304e+00,
         6.28130493e-01,  5.24040742e-01,  6.09349619e-01,
         2.78336604e-02,  8.10032534e-02, -3.67753332e-02,
         5.03661399e-02,  7.01916805e-03,  2.85078853e-02],
       [ 1.44175653e-01, -5.83129566e-02,  1.45717529e-01,
         4.55542128e-01,  1.73597373e-01,  5.10364541e-01,
        -2.53422869e-01, -3.48638044e-01,  2.95628240e+00,
         1.65532503e+00,  7.17787115e-01,  1.13494827e+00,
         8.22351193e-02,  5.86402818e-03, -8.94686124e-03,
         5.95028679e-02, -7.43264467e-02, -2.99412130e-03],
       [ 2.80168625e-01, -8.21505569e-02,  1.71668103e-01,
         1.73597373e-01,  2.58993630e-01,  4.11492466e-01,
        -3.26529598e-01,  6.44626392e-02,  2.08020308e+00,
         8.11196613e-01,  8.65297228e-01,  7.59687142e-01,
        -8.53914312e-02,  8.51716969e-02,  8.11612258e-03,
         2.48475758e-02, -7.95480451e-03, -2.72660980e-02],
       [ 6.30200845e-01, -4.72216920e-01,  2.98340133e-01,
         5.10364541e-01,  4.11492466e-01,  1.40188555e+00,
        -1.54293457e+00, -8.45751855e-01,  6.62458319e+00,
         2.41962594e+00,  1.92944772e+00,  2.78541596e+00,
        -1.84397351e-01,  1.49582582e-01,  1.75647807e-01,
         3.58102097e-03, -1.13555924e-01, -3.12679740e-02],
       [-3.67645579e-01,  4.35057024e-01, -2.08217975e-01,
        -2.53422869e-01, -3.26529598e-01, -1.54293457e+00,
         3.62002819e+00,  8.12510338e-01, -7.38352491e+00,
        -2.37752568e+00, -1.94376781e+00, -3.26637231e+00,
         2.53718628e-01, -6.44466347e-02, -1.99468636e-01,
         1.05505490e-01,  8.86039492e-02,  2.71133483e-02],
       [-3.29683279e-01,  3.22694437e-01,  6.14181690e-02,
        -3.48638044e-01,  6.44626392e-02, -8.45751855e-01,
         8.12510338e-01,  2.15251428e+00, -3.69222446e+00,
        -1.30343516e+00, -7.34114921e-01, -1.77470864e+00,
         2.55018429e-02,  4.76687266e-02, -2.19928150e-01,
         5.70448972e-03,  1.45511132e-01,  1.19531162e-03],
       [ 2.26707987e+00, -1.83432113e+00,  1.50042304e+00,
         2.95628240e+00,  2.08020308e+00,  6.62458319e+00,
        -7.38352491e+00, -3.69222446e+00,  3.39026335e+01,
         1.34593813e+01,  9.34318356e+00,  1.33280054e+01,
        -4.27383686e-01,  6.08408374e-01,  6.45975073e-01,
         9.91513729e-02, -5.23576404e-01, -5.93835174e-02],
       [ 7.38417247e-01, -3.67399714e-01,  6.28130493e-01,
         1.65532503e+00,  8.11196613e-01,  2.41962594e+00,
        -2.37752568e+00, -1.30343516e+00,  1.34593813e+01,
         6.77144269e+00,  3.44374812e+00,  5.23403260e+00,
         9.26014150e-02,  8.68353216e-02,  2.76897556e-02,
         1.42157526e-01, -2.60047863e-01, -5.16963254e-02],
       [ 1.15767188e+00, -4.75381531e-01,  5.24040742e-01,
         7.17787115e-01,  8.65297228e-01,  1.92944772e+00,
        -1.94376781e+00, -7.34114921e-01,  9.34318356e+00,
         3.44374812e+00,  3.49338664e+00,  3.69845264e+00,
        -3.77460806e-01,  2.37993854e-01,  1.66006693e-01,
         3.58713172e-02, -1.18363664e-01, -1.09553212e-01],
       [ 1.07101172e+00, -8.14757573e-01,  6.09349619e-01,
         1.13494827e+00,  7.59687142e-01,  2.78541596e+00,
        -3.26637231e+00, -1.77470864e+00,  1.33280054e+01,
         5.23403260e+00,  3.69845264e+00,  5.83112284e+00,
        -2.34953107e-01,  2.02239365e-01,  2.69005870e-01,
         2.91431445e-02, -2.58383324e-01, -5.94521058e-02],
       [-5.30074817e-01,  1.03498805e-01,  2.78336604e-02,
         8.22351193e-02, -8.53914312e-02, -1.84397351e-01,
         2.53718628e-01,  2.55018429e-02, -4.27383686e-01,
         9.26014150e-02, -3.77460806e-01, -2.34953107e-01,
         2.97350771e-01, -4.30626943e-02, -2.55119349e-02,
         4.82258496e-02,  3.84421231e-03,  1.22494366e-01],
       [ 8.72220267e-02, -1.39252558e-01,  8.10032534e-02,
         5.86402818e-03,  8.51716969e-02,  1.49582582e-01,
        -6.44466347e-02,  4.76687266e-02,  6.08408374e-01,
         8.68353216e-02,  2.37993854e-01,  2.02239365e-01,
        -4.30626943e-02,  1.01341103e-01,  3.85775641e-02,
         3.64791880e-03,  2.18361859e-02,  1.55410121e-02],
       [ 1.27648386e-02, -1.52374579e-01, -3.67753332e-02,
        -8.94686124e-03,  8.11612258e-03,  1.75647807e-01,
        -1.99468636e-01, -2.19928150e-01,  6.45975073e-01,
         2.76897556e-02,  1.66006693e-01,  2.69005870e-01,
        -2.55119349e-02,  3.85775641e-02,  1.17298734e-01,
        -2.66160349e-02, -1.63140162e-02,  4.41807662e-02],
       [ 2.03436112e-03,  2.39189195e-02,  5.03661399e-02,
         5.95028679e-02,  2.48475758e-02,  3.58102097e-03,
         1.05505490e-01,  5.70448972e-03,  9.91513729e-02,
         1.42157526e-01,  3.58713172e-02,  2.91431445e-02,
         4.82258496e-02,  3.64791880e-03, -2.66160349e-02,
         4.33819480e-02, -2.07268949e-03,  5.31799358e-03],
       [-6.61631969e-02,  4.22050050e-02,  7.01916805e-03,
        -7.43264467e-02, -7.95480451e-03, -1.13555924e-01,
         8.86039492e-02,  1.45511132e-01, -5.23576404e-01,
        -2.60047863e-01, -1.18363664e-01, -2.58383324e-01,
         3.84421231e-03,  2.18361859e-02, -1.63140162e-02,
        -2.07268949e-03,  4.43406105e-02,  8.76266380e-03],
       [-2.71897369e-01, -2.96689343e-02,  2.85078853e-02,
        -2.99412130e-03, -2.72660980e-02, -3.12679740e-02,
         2.71133483e-02,  1.19531162e-03, -5.93835174e-02,
        -5.16963254e-02, -1.09553212e-01, -5.94521058e-02,
         1.22494366e-01,  1.55410121e-02,  4.41807662e-02,
         5.31799358e-03,  8.76266380e-03,  9.90526055e-02]])
      jac: array([ 1.91568983e-06, -5.74355378e-07,  1.26898492e-06, -4.11134090e-06,
       -1.80281716e-06, -5.98280684e-06,  5.48080100e-07,  1.47289588e-07,
        5.46969877e-07,  7.80301749e-07,  6.71869967e-07,  1.58077255e-06,
        3.02683804e-06, -1.50971828e-06,  2.87640282e-06, -1.84815126e-06,
        2.02097598e-06, -5.57702033e-07])
  message: 'Optimization terminated successfully.'
     nfev: 2166
      nit: 98
     njev: 114
   status: 0
  success: True
        x: array([ 0.10972965,  0.28756569,  0.72349472,  1.71031458, -0.86305554,
       -0.13705045,  2.7223118 , -0.55150912,  0.37836506,  2.06235632,
       -0.88610956, -0.73608475,  0.16082476,  0.16487166, -0.26207991,
       -1.2749397 , -0.05421789,  0.05003745])
