Program Begingeth
      fun: 0.35192685876611646
 hess_inv: array([[ 7.05280158e-01, -1.03515003e-01, -2.84279445e-02,
        -5.15856544e-03,  1.65922138e-01, -2.77002940e-01,
         8.02591180e-02,  6.02953083e-01, -1.59789397e+00,
        -3.21377698e-02,  1.59904838e-01,  7.36157018e-01,
        -3.53425226e-01,  1.02776585e-01, -4.10786388e-01,
        -8.67838989e-02, -3.64427745e-02, -1.32462354e-01],
       [-1.03515003e-01,  1.05043338e+00, -8.50040902e-02,
        -2.32266690e-01, -1.72947633e-01, -2.13948607e-01,
        -9.13466383e-01,  1.18047241e-01,  4.00252711e-01,
         3.02823961e-02,  2.69243706e-01, -1.01190291e-01,
        -1.15516191e-01, -8.04545212e-01, -4.47271094e-02,
         2.06875506e-02, -1.98476725e-01,  1.90240493e-01],
       [-2.84279445e-02, -8.50040902e-02,  6.21189258e-01,
         1.12244555e-01,  1.71417177e-01, -5.53219417e-02,
         7.86683331e-01,  1.16910429e-01,  1.54538529e-01,
        -5.89932922e-01, -9.35662666e-02, -1.25174752e-01,
         2.27673132e-01,  2.03916516e-01, -4.04203083e-01,
         4.06857501e-02, -1.57530726e-02, -1.57969439e-01],
       [-5.15856544e-03, -2.32266690e-01,  1.12244555e-01,
         2.29335528e-01, -1.09195018e-02, -1.07796702e-02,
         5.68278855e-01, -6.17351743e-01, -2.17811546e-01,
        -1.38623502e-01,  1.14420730e-01,  2.43457251e-02,
         2.66730049e-01,  1.10338584e-01, -8.83923795e-02,
         6.77612424e-02,  1.35463972e-02, -5.84765471e-02],
       [ 1.65922138e-01, -1.72947633e-01,  1.71417177e-01,
        -1.09195018e-02,  2.51367586e-01, -1.24082417e-03,
         4.66488950e-01,  7.93741598e-01, -1.52782526e-01,
        -1.40016501e-01, -2.18394922e-01,  1.78273728e-01,
        -9.74714509e-02,  3.68907183e-01, -1.72609365e-01,
        -2.39804728e-02,  8.61219882e-02, -9.85763376e-02],
       [-2.77002940e-01, -2.13948607e-01, -5.53219417e-02,
        -1.07796702e-02, -1.24082417e-03,  3.38481682e-01,
         1.20344829e-01, -9.80555161e-02,  1.19515781e+00,
         6.43626546e-02, -4.01443701e-01, -2.68334833e-01,
         1.03891085e-01,  2.49870653e-01,  3.73383092e-01,
         3.26804608e-02,  9.82811888e-02,  5.77142943e-02],
       [ 8.02591180e-02, -9.13466383e-01,  7.86683331e-01,
         5.68278855e-01,  4.66488950e-01,  1.20344829e-01,
         3.63595660e+00, -8.78366432e-02, -4.53377192e-03,
        -5.77161975e-01, -4.40221266e-01,  2.10006643e-01,
         4.62577592e-01,  1.08942579e+00, -4.92154644e-01,
         8.07601715e-02,  2.17788588e-01, -3.38887827e-01],
       [ 6.02953083e-01,  1.18047241e-01,  1.16910429e-01,
        -6.17351743e-01,  7.93741598e-01, -9.80555161e-02,
        -8.78366432e-02,  5.51340506e+00, -5.60833258e-01,
         1.03569517e-01, -4.03681263e-01,  5.17694773e-01,
        -1.09423132e+00,  5.19779839e-01, -2.79234530e-01,
        -3.04709001e-01,  1.10386329e-01, -7.89492401e-02],
       [-1.59789397e+00,  4.00252711e-01,  1.54538529e-01,
        -2.17811546e-01, -1.52782526e-01,  1.19515781e+00,
        -4.53377192e-03, -5.60833258e-01,  7.98353804e+00,
        -3.08387454e-01, -1.45968657e+00, -1.29760030e+00,
         6.92841342e-01,  1.49357449e-01,  1.03318141e+00,
         2.61813615e-01,  1.47847972e-01,  2.44377469e-01],
       [-3.21377698e-02,  3.02823961e-02, -5.89932922e-01,
        -1.38623502e-01, -1.40016501e-01,  6.43626546e-02,
        -5.77161975e-01,  1.03569517e-01, -3.08387454e-01,
         8.22437793e-01,  5.70310510e-02,  3.76852572e-02,
        -3.20519541e-01, -1.30580495e-01,  4.28479609e-01,
        -8.28635272e-02,  5.26244800e-02,  1.53501462e-01],
       [ 1.59904838e-01,  2.69243706e-01, -9.35662666e-02,
         1.14420730e-01, -2.18394922e-01, -4.01443701e-01,
        -4.40221266e-01, -4.03681263e-01, -1.45968657e+00,
         5.70310510e-02,  1.39953430e+00,  8.17361987e-02,
        -8.82957581e-03, -7.52016308e-01, -1.84065186e-01,
        -1.02383900e-01, -2.12569506e-01,  1.25895309e-01],
       [ 7.36157018e-01, -1.01190291e-01, -1.25174752e-01,
         2.43457251e-02,  1.78273728e-01, -2.68334833e-01,
         2.10006643e-01,  5.17694773e-01, -1.29760030e+00,
         3.76852572e-02,  8.17361987e-02,  1.07124682e+00,
        -3.40773103e-01,  1.40383770e-01, -4.82311132e-01,
        -5.37664610e-02, -3.21890224e-02, -1.72962297e-01],
       [-3.53425226e-01, -1.15516191e-01,  2.27673132e-01,
         2.66730049e-01, -9.74714509e-02,  1.03891085e-01,
         4.62577592e-01, -1.09423132e+00,  6.92841342e-01,
        -3.20519541e-01, -8.82957581e-03, -3.40773103e-01,
         5.74504372e-01,  2.94538642e-02,  2.41230182e-02,
         1.81363588e-01,  3.23777470e-03, -1.95354410e-02],
       [ 1.02776585e-01, -8.04545212e-01,  2.03916516e-01,
         1.10338584e-01,  3.68907183e-01,  2.49870653e-01,
         1.08942579e+00,  5.19779839e-01,  1.49357449e-01,
        -1.30580495e-01, -7.52016308e-01,  1.40383770e-01,
         2.94538642e-02,  1.01958261e+00, -3.15937359e-02,
         1.23511833e-02,  2.86771393e-01, -2.11862158e-01],
       [-4.10786388e-01, -4.47271094e-02, -4.04203083e-01,
        -8.83923795e-02, -1.72609365e-01,  3.73383092e-01,
        -4.92154644e-01, -2.79234530e-01,  1.03318141e+00,
         4.28479609e-01, -1.84065186e-01, -4.82311132e-01,
         2.41230182e-02, -3.15937359e-02,  7.53184063e-01,
         3.88957943e-03,  8.54738197e-02,  2.58580899e-01],
       [-8.67838989e-02,  2.06875506e-02,  4.06857501e-02,
         6.77612424e-02, -2.39804728e-02,  3.26804608e-02,
         8.07601715e-02, -3.04709001e-01,  2.61813615e-01,
        -8.28635272e-02, -1.02383900e-01, -5.37664610e-02,
         1.81363588e-01,  1.23511833e-02,  3.88957943e-03,
         9.51732453e-02,  1.94108918e-03, -8.36470683e-03],
       [-3.64427745e-02, -1.98476725e-01, -1.57530726e-02,
         1.35463972e-02,  8.61219882e-02,  9.82811888e-02,
         2.17788588e-01,  1.10386329e-01,  1.47847972e-01,
         5.26244800e-02, -2.12569506e-01, -3.21890224e-02,
         3.23777470e-03,  2.86771393e-01,  8.54738197e-02,
         1.94108918e-03,  1.20785192e-01, -2.17896442e-02],
       [-1.32462354e-01,  1.90240493e-01, -1.57969439e-01,
        -5.84765471e-02, -9.85763376e-02,  5.77142943e-02,
        -3.38887827e-01, -7.89492401e-02,  2.44377469e-01,
         1.53501462e-01,  1.25895309e-01, -1.72962297e-01,
        -1.95354410e-02, -2.11862158e-01,  2.58580899e-01,
        -8.36470683e-03, -2.17896442e-02,  1.63668229e-01]])
      jac: array([ 4.13373040e-07,  6.32827124e-07, -5.03671179e-07, -1.32227562e-06,
       -1.21347377e-06,  1.34744068e-06,  1.81706502e-07,  1.32116540e-07,
       -9.43689571e-08,  3.78956126e-07,  2.82366723e-07, -1.82816725e-07,
        1.40073138e-06,  1.31820480e-06, -1.26306373e-06, -1.02510593e-06,
       -8.25265782e-07,  1.24789068e-06])
  message: 'Optimization terminated successfully.'
     nfev: 760
      nit: 31
     njev: 40
   status: 0
  success: True
        x: array([ 0.68858865, -0.08246503,  0.47674784,  0.22128118, -1.14471511,
       -0.84938863,  1.31212315, -1.65572148, -1.04632754, -0.99996202,
        0.01512734,  0.59230346,  0.12181312,  0.03719447, -0.65137711,
        0.08009131,  1.4355793 , -0.93173928])
