Program Begingeth
      fun: 0.2336477213681818
 hess_inv: array([[ 4.03088171e+00,  1.63191708e+00,  1.09151983e+00,
         1.07755817e+00,  5.23070869e-01, -6.32051174e-01,
         2.67362867e+00, -2.83923131e+00, -1.18779470e-01,
        -5.93744105e-01,  1.12549237e+00, -1.40288985e+00,
        -7.81992721e-01, -5.50281907e-01, -5.70567690e-01,
        -1.71060413e-01, -4.66376570e-01,  2.60484772e-01],
       [ 1.63191708e+00,  2.80368761e+00,  9.55780440e-01,
         2.79269629e-01,  9.35751867e-01, -1.68231132e-01,
         1.79497869e+00,  8.50262833e-01,  2.31335422e+00,
         1.06983702e-01,  2.28588854e-01, -1.72854028e+00,
        -5.22884677e-01, -4.82212774e-01, -2.53993826e-01,
         3.22655055e-02, -1.84596930e-01,  1.16478913e-01],
       [ 1.09151983e+00,  9.55780440e-01,  3.52779129e+00,
         9.20840906e-01,  2.60325053e-01,  9.02160017e-01,
         7.60449673e+00, -4.72536421e+00,  4.92243654e+00,
        -4.15461031e-01,  2.00109240e+00, -1.54654339e+00,
        -2.01317104e-01, -4.20079957e-01, -7.74841063e-01,
        -3.31757173e-01, -2.26932140e-01, -3.01920922e-01],
       [ 1.07755817e+00,  2.79269629e-01,  9.20840906e-01,
         5.08078557e-01,  1.02381109e-01,  7.16003978e-02,
         2.72946534e+00, -1.81657136e+00,  6.52825720e-01,
        -3.10469598e-01,  6.73366348e-01, -4.14840581e-01,
        -1.45889592e-01, -1.34824868e-01, -2.96608136e-01,
        -1.15697888e-01, -1.32558883e-01, -4.91327166e-02],
       [ 5.23070869e-01,  9.35751867e-01,  2.60325053e-01,
         1.02381109e-01,  4.40660515e-01, -1.79267000e-02,
         1.36583876e+00,  1.18768793e+00,  4.31696178e-01,
        -8.45839720e-02, -5.59161965e-02, -4.65014011e-01,
        -2.02064122e-01, -8.07308585e-02, -1.97775391e-02,
        -1.78157419e-02, -8.16000721e-02,  4.52167795e-02],
       [-6.32051174e-01, -1.68231132e-01,  9.02160017e-01,
         7.16003978e-02, -1.79267000e-02,  5.51362909e-01,
         2.52996098e+00, -5.29891240e-01,  1.89474212e+00,
        -1.66323092e-01,  2.90982793e-01, -7.39386846e-02,
         1.57944090e-01,  2.40012377e-02, -6.39530681e-02,
        -5.69000072e-02, -9.02638351e-04, -1.72275395e-01],
       [ 2.67362867e+00,  1.79497869e+00,  7.60449673e+00,
         2.72946534e+00,  1.36583876e+00,  2.52996098e+00,
         3.02062097e+01, -6.52598926e+00,  1.03416229e+01,
        -2.32943658e+00,  3.62564285e+00, -2.32073897e+00,
        -6.14125508e-01, -4.92902746e-01, -1.51283749e+00,
        -9.35635095e-01, -1.04917546e+00, -9.61175869e-01],
       [-2.83923131e+00,  8.50262833e-01, -4.72536421e+00,
        -1.81657136e+00,  1.18768793e+00, -5.29891240e-01,
        -6.52598926e+00,  1.82011716e+01, -5.46492175e+00,
         4.16000235e-01, -4.08960614e+00,  1.28911633e+00,
         2.14905875e-01,  7.41333312e-01,  1.87340535e+00,
         6.74486149e-01,  3.51892698e-01,  5.03973289e-01],
       [-1.18779470e-01,  2.31335422e+00,  4.92243654e+00,
         6.52825720e-01,  4.31696178e-01,  1.89474212e+00,
         1.03416229e+01, -5.46492175e+00,  1.44814505e+01,
        -4.91704270e-01,  2.50999269e+00, -2.48045885e+00,
        -3.57944137e-02, -1.05374539e+00, -1.04171717e+00,
        -1.87637030e-01, -4.70256405e-01, -6.19372519e-01],
       [-5.93744105e-01,  1.06983702e-01, -4.15461031e-01,
        -3.10469598e-01, -8.45839720e-02, -1.66323092e-01,
        -2.32943658e+00,  4.16000235e-01, -4.91704270e-01,
         9.15822800e-01, -3.84480967e-01,  3.82018105e-02,
        -3.23589648e-02,  7.00305684e-02,  1.54395615e-01,
         9.80587467e-02,  1.95781410e-01,  1.69974237e-01],
       [ 1.12549237e+00,  2.28588854e-01,  2.00109240e+00,
         6.73366348e-01, -5.59161965e-02,  2.90982793e-01,
         3.62564285e+00, -4.08960614e+00,  2.50999269e+00,
        -3.84480967e-01,  1.89482595e+00, -8.94235172e-01,
        -1.43552972e-01, -4.09471469e-01, -6.91640990e-01,
        -2.52418942e-01, -1.72007522e-01, -2.51220423e-01],
       [-1.40288985e+00, -1.72854028e+00, -1.54654339e+00,
        -4.14840581e-01, -4.65014011e-01, -7.39386846e-02,
        -2.32073897e+00,  1.28911633e+00, -2.48045885e+00,
         3.82018105e-02, -8.94235172e-01,  1.72332210e+00,
         3.43901444e-01,  5.15842146e-01,  3.65218024e-01,
         3.26829744e-02,  2.08656281e-01,  1.34603094e-02],
       [-7.81992721e-01, -5.22884677e-01, -2.01317104e-01,
        -1.45889592e-01, -2.02064122e-01,  1.57944090e-01,
        -6.14125508e-01,  2.14905875e-01, -3.57944137e-02,
        -3.23589648e-02, -1.43552972e-01,  3.43901444e-01,
         2.81008729e-01,  1.21791376e-01,  9.11432915e-02,
         7.38248337e-02,  1.23480741e-01, -1.04535824e-01],
       [-5.50281907e-01, -4.82212774e-01, -4.20079957e-01,
        -1.34824868e-01, -8.07308585e-02,  2.40012377e-02,
        -4.92902746e-01,  7.41333312e-01, -1.05374539e+00,
         7.00305684e-02, -4.09471469e-01,  5.15842146e-01,
         1.21791376e-01,  2.47829933e-01,  1.66553390e-01,
         1.10136176e-02,  1.22490867e-01,  1.61709938e-02],
       [-5.70567690e-01, -2.53993826e-01, -7.74841063e-01,
        -2.96608136e-01, -1.97775391e-02, -6.39530681e-02,
        -1.51283749e+00,  1.87340535e+00, -1.04171717e+00,
         1.54395615e-01, -6.91640990e-01,  3.65218024e-01,
         9.11432915e-02,  1.66553390e-01,  3.25498373e-01,
         1.10062480e-01,  7.70907920e-02,  1.09182327e-01],
       [-1.71060413e-01,  3.22655055e-02, -3.31757173e-01,
        -1.15697888e-01, -1.78157419e-02, -5.69000072e-02,
        -9.35635095e-01,  6.74486149e-01, -1.87637030e-01,
         9.80587467e-02, -2.52418942e-01,  3.26829744e-02,
         7.38248337e-02,  1.10136176e-02,  1.10062480e-01,
         1.08473054e-01,  4.56020537e-02,  3.30002439e-02],
       [-4.66376570e-01, -1.84596930e-01, -2.26932140e-01,
        -1.32558883e-01, -8.16000721e-02, -9.02638351e-04,
        -1.04917546e+00,  3.51892698e-01, -4.70256405e-01,
         1.95781410e-01, -1.72007522e-01,  2.08656281e-01,
         1.23480741e-01,  1.22490867e-01,  7.70907920e-02,
         4.56020537e-02,  1.59205073e-01, -2.19074150e-03],
       [ 2.60484772e-01,  1.16478913e-01, -3.01920922e-01,
        -4.91327166e-02,  4.52167795e-02, -1.72275395e-01,
        -9.61175869e-01,  5.03973289e-01, -6.19372519e-01,
         1.69974237e-01, -2.51220423e-01,  1.34603094e-02,
        -1.04535824e-01,  1.61709938e-02,  1.09182327e-01,
         3.30002439e-02, -2.19074150e-03,  1.62290426e-01]])
      jac: array([ 1.14593520e-06,  2.03838798e-05, -5.75215801e-05,  3.64541730e-06,
       -3.18430467e-05,  1.66076412e-04, -1.15851773e-06,  3.03405449e-06,
       -1.37473366e-05,  3.49054119e-06,  1.58169774e-06, -2.53001324e-05,
        1.81347530e-05,  2.27464344e-05, -1.69664653e-04,  3.13934064e-06,
       -3.23829852e-05,  1.19141919e-04])
  message: 'Desired error not necessarily achieved due to precision loss.'
     nfev: 1853
      nit: 58
     njev: 97
   status: 2
  success: False
        x: array([-4.08270896e-01, -5.54841201e-01,  6.27590062e-01, -8.83714164e-01,
       -7.42283267e-01,  8.23690905e-02, -5.78160369e-01, -1.30726975e+00,
       -6.71684168e-01,  1.19181440e-01,  7.04053361e-01,  1.05222899e+00,
        6.05885991e-02,  2.05952303e-01, -3.64915638e-01,  1.11608338e+00,
       -3.25485576e-01, -4.73071004e-04])
