Program Begingeth
      fun: 0.260259871654127
 hess_inv: array([[ 8.15279932e+00,  1.24656444e+00, -5.60407333e-01,
         1.56571412e+00,  8.35244979e-01, -6.16016157e-01,
         1.50210902e+00,  6.00357210e-01, -2.98567164e+00,
        -1.08067558e+00, -1.84315178e-01, -6.41859700e-01,
        -1.82860664e+00, -2.41854579e-01,  9.10782031e-02,
        -1.74185961e-01, -7.78947993e-01,  1.74139745e-01],
       [ 1.24656444e+00,  4.00867994e+00, -3.37840264e-01,
        -1.15043109e-01,  1.21022289e+00, -5.65772823e-03,
        -1.08919192e+00,  2.89986819e+00,  7.44843069e-01,
        -3.72971832e-01, -6.73527663e-01, -1.56453245e+00,
        -3.35010606e-01, -6.25079122e-01,  4.59443291e-01,
         2.06667708e-01, -1.55782314e-01,  4.36643465e-02],
       [-5.60407333e-01, -3.37840264e-01,  8.18401559e+00,
         7.50040603e-01, -4.69455310e-01,  2.20515671e+00,
         8.15486693e+00, -3.34813147e+00,  3.25002625e+00,
         2.82419404e-01,  3.14517045e+00, -1.25563910e+00,
         3.56167695e-01, -6.59574405e-01, -1.16151952e+00,
        -8.57548469e-03,  1.88772070e-01, -1.58460152e-02],
       [ 1.56571412e+00, -1.15043109e-01,  7.50040603e-01,
         4.98282671e-01,  4.14359825e-02,  1.27694391e-01,
         1.84593024e+00, -3.28062749e-01, -4.59428290e-01,
        -2.00456765e-01,  2.56106405e-01, -8.86077410e-02,
        -2.67104169e-01, -2.00964847e-02, -1.05830582e-01,
        -3.82506783e-02, -1.04564026e-01,  3.79229691e-02],
       [ 8.35244979e-01,  1.21022289e+00, -4.69455310e-01,
         4.14359825e-02,  4.55918701e-01, -1.09328408e-01,
        -4.21594660e-01,  1.35441873e+00, -1.16988324e-01,
        -2.63136073e-01, -3.23570234e-01, -3.75054519e-01,
        -1.95207649e-01, -1.34743624e-01,  1.92896896e-01,
         3.68718507e-02, -8.76060749e-02,  2.22096541e-02],
       [-6.16016157e-01, -5.65772823e-03,  2.20515671e+00,
         1.27694391e-01, -1.09328408e-01,  7.01832973e-01,
         2.36015862e+00, -5.72473164e-01,  1.33035553e+00,
        -2.89489164e-02,  7.13135567e-01, -3.30398699e-01,
         2.46678453e-01, -1.63228353e-01, -2.45034276e-01,
         2.60543983e-02,  8.71679928e-02, -1.23015297e-02],
       [ 1.50210902e+00, -1.08919192e+00,  8.15486693e+00,
         1.84593024e+00, -4.21594660e-01,  2.36015862e+00,
         1.47252885e+01, -2.89110274e+00,  1.75748790e+00,
         9.91346449e-03,  2.35610401e+00, -7.06565075e-01,
         1.61110824e-01, -1.91473643e-01, -8.91388925e-01,
        -5.89730600e-02,  1.41484977e-01,  1.51108791e-01],
       [ 6.00357210e-01,  2.89986819e+00, -3.34813147e+00,
        -3.28062749e-01,  1.35441873e+00, -5.72473164e-01,
        -2.89110274e+00,  7.30770418e+00, -2.82175321e-01,
        -1.35567718e+00, -1.49129247e+00, -4.73957740e-01,
         2.62996915e-02, -1.39816192e-01,  9.16129208e-01,
         1.57176208e-01, -1.56282818e-01, -4.15560247e-02],
       [-2.98567164e+00,  7.44843069e-01,  3.25002625e+00,
        -4.59428290e-01, -1.16988324e-01,  1.33035553e+00,
         1.75748790e+00, -2.82175321e-01,  5.32792238e+00,
        -7.79336317e-02,  1.06681663e+00, -6.11735188e-01,
         7.62063331e-01, -5.07630469e-01, -3.59855381e-01,
         1.19964213e-01,  1.91404207e-01, -1.46617802e-01],
       [-1.08067558e+00, -3.72971832e-01,  2.82419404e-01,
        -2.00456765e-01, -2.63136073e-01, -2.89489164e-02,
         9.91346449e-03, -1.35567718e+00, -7.79336317e-02,
         1.55271641e+00, -6.12631783e-02,  1.88718206e-01,
        -8.94540040e-02,  1.12724785e-01, -3.42753353e-02,
         1.78889855e-03,  1.61291358e-01,  2.08596218e-01],
       [-1.84315178e-01, -6.73527663e-01,  3.14517045e+00,
         2.56106405e-01, -3.23570234e-01,  7.13135567e-01,
         2.35610401e+00, -1.49129247e+00,  1.06681663e+00,
        -6.12631783e-02,  2.02032252e+00, -3.44349447e-01,
         1.39096931e-01, -3.48905688e-01, -6.97761482e-01,
        -6.77819561e-02,  5.14686158e-02, -1.48367767e-01],
       [-6.41859700e-01, -1.56453245e+00, -1.25563910e+00,
        -8.86077410e-02, -3.75054519e-01, -3.30398699e-01,
        -7.06565075e-01, -4.73957740e-01, -6.11735188e-01,
         1.88718206e-01, -3.44349447e-01,  1.21096781e+00,
         1.04882044e-01,  4.55018705e-01, -2.35070826e-02,
        -1.16519055e-01,  9.92696703e-02,  9.83387709e-03],
       [-1.82860664e+00, -3.35010606e-01,  3.56167695e-01,
        -2.67104169e-01, -1.95207649e-01,  2.46678453e-01,
         1.61110824e-01,  2.62996915e-02,  7.62063331e-01,
        -8.94540040e-02,  1.39096931e-01,  1.04882044e-01,
         5.56444356e-01,  4.69089783e-02, -4.49759664e-02,
         7.32642139e-02,  1.88467914e-01, -9.40209081e-02],
       [-2.41854579e-01, -6.25079122e-01, -6.59574405e-01,
        -2.00964847e-02, -1.34743624e-01, -1.63228353e-01,
        -1.91473643e-01, -1.39816192e-01, -5.07630469e-01,
         1.12724785e-01, -3.48905688e-01,  4.55018705e-01,
         4.69089783e-02,  2.54437676e-01,  7.14957933e-02,
        -3.19507625e-02,  5.89195824e-02,  3.61934591e-02],
       [ 9.10782031e-02,  4.59443291e-01, -1.16151952e+00,
        -1.05830582e-01,  1.92896896e-01, -2.45034276e-01,
        -8.91388925e-01,  9.16129208e-01, -3.59855381e-01,
        -3.42753353e-02, -6.97761482e-01, -2.35070826e-02,
        -4.49759664e-02,  7.14957933e-02,  3.10607320e-01,
         4.39617294e-02, -2.97327168e-02,  5.91363515e-02],
       [-1.74185961e-01,  2.06667708e-01, -8.57548469e-03,
        -3.82506783e-02,  3.68718507e-02,  2.60543983e-02,
        -5.89730600e-02,  1.57176208e-01,  1.19964213e-01,
         1.78889855e-03, -6.77819561e-02, -1.16519055e-01,
         7.32642139e-02, -3.19507625e-02,  4.39617294e-02,
         5.28276205e-02,  1.78409410e-02, -3.79176185e-03],
       [-7.78947993e-01, -1.55782314e-01,  1.88772070e-01,
        -1.04564026e-01, -8.76060749e-02,  8.71679928e-02,
         1.41484977e-01, -1.56282818e-01,  1.91404207e-01,
         1.61291358e-01,  5.14686158e-02,  9.92696703e-02,
         1.88467914e-01,  5.89195824e-02, -2.97327168e-02,
         1.78409410e-02,  1.17143455e-01, -4.18832926e-03],
       [ 1.74139745e-01,  4.36643465e-02, -1.58460152e-02,
         3.79229691e-02,  2.22096541e-02, -1.23015297e-02,
         1.51108791e-01, -4.15560247e-02, -1.46617802e-01,
         2.08596218e-01, -1.48367767e-01,  9.83387709e-03,
        -9.40209081e-02,  3.61934591e-02,  5.91363515e-02,
        -3.79176185e-03, -4.18832926e-03,  8.09548402e-02]])
      jac: array([ 3.46056517e-06,  2.05354252e-06, -5.01080658e-07, -1.12787557e-05,
       -6.88634335e-06,  1.26047321e-06,  9.01131022e-07,  2.06501483e-07,
        1.48029737e-09, -9.49980835e-07,  1.40258175e-07, -3.13452967e-07,
        1.97619698e-06,  3.67187762e-06, -2.44249065e-06,  1.19497005e-06,
        2.32406687e-06,  1.19163938e-06])
  message: 'Desired error not necessarily achieved due to precision loss.'
     nfev: 1931
      nit: 63
     njev: 101
   status: 2
  success: False
        x: array([-0.5338713 , -0.55040499,  0.09372866, -1.29309219, -0.67308818,
       -0.06178071, -1.73995143, -0.89653827, -0.9860024 ,  0.16924358,
        0.44556979,  1.01920805,  0.05102372,  0.21459037, -0.22946651,
        1.46816944, -0.33292165,  0.03998882])
