Program Begingeth
      fun: 0.25322762216979633
 hess_inv: array([[ 5.57007021e+00,  9.58016894e-01, -1.23680512e+00,
         2.26359887e+00,  5.45627241e-01, -5.93280566e-01,
         4.00059041e+00,  9.08183998e-01,  6.65067622e+00,
         5.72477677e-01,  4.33874541e-01, -4.27763989e-01,
        -5.05927860e-01, -2.34244857e-01,  7.40077145e-03,
        -5.35086217e-02, -3.03143279e-01,  6.13701313e-01],
       [ 9.58016894e-01,  3.17415465e+00,  1.70784350e-01,
         6.85937790e-02,  1.34166382e+00, -6.43607187e-01,
        -6.85996793e-01,  6.77765126e-01, -2.04838988e+00,
         3.31720763e-01,  5.84840921e-01, -1.08070049e+00,
        -4.71580950e-01, -3.00182431e-01, -2.65285747e-01,
        -1.54334740e-01, -1.87003559e-01,  9.21050840e-02],
       [-1.23680512e+00,  1.70784350e-01,  1.42938651e+00,
        -5.48235086e-01,  1.96134040e-01,  5.18764374e-01,
        -2.16423663e+00,  6.86084744e-01, -1.59325286e+00,
        -1.23969610e-01,  2.91844864e-01, -2.74037617e-02,
         6.25731722e-02,  1.35553413e-01, -7.42490973e-02,
        -1.18084035e-01,  1.64161817e-01, -1.48911673e-01],
       [ 2.26359887e+00,  6.85937790e-02, -5.48235086e-01,
         1.06373516e+00,  9.44576416e-02, -1.98190260e-01,
         2.33921406e+00,  7.31801640e-01,  3.07607102e+00,
         3.08965791e-01,  1.67658697e-01, -6.40937071e-02,
        -9.59565509e-02, -4.09999471e-02, -5.81513870e-03,
         2.42943213e-02, -2.38766465e-02,  2.21118073e-01],
       [ 5.45627241e-01,  1.34166382e+00,  1.96134040e-01,
         9.44576416e-02,  6.32834491e-01, -2.13896044e-01,
        -3.33802398e-01,  6.98932628e-01, -5.41779283e-01,
         1.71174152e-01,  2.99320265e-01, -4.03778004e-01,
        -2.25150213e-01, -9.40247621e-02, -1.28587065e-01,
        -1.06604880e-01, -6.71417038e-02,  5.51338845e-02],
       [-5.93280566e-01, -6.43607187e-01,  5.18764374e-01,
        -1.98190260e-01, -2.13896044e-01,  3.89318388e-01,
        -6.98016538e-01,  6.67063438e-02,  1.77825599e-01,
        -1.42222517e-01, -9.00832719e-02,  2.51520798e-01,
         1.21722495e-01,  1.42452567e-01,  5.77313882e-02,
        -1.24496742e-02,  9.77590980e-02, -6.00389314e-02],
       [ 4.00059041e+00, -6.85996793e-01, -2.16423663e+00,
         2.33921406e+00, -3.33802398e-01, -6.98016538e-01,
         8.23240872e+00,  1.62972340e+00,  6.27280699e+00,
         9.49991202e-01, -7.64121109e-02, -2.83731005e-03,
         8.75777915e-02, -7.64396229e-02,  5.25554282e-02,
         2.78512119e-01,  1.06348011e-01,  3.81148989e-01],
       [ 9.08183998e-01,  6.77765126e-01,  6.86084744e-01,
         7.31801640e-01,  6.98932628e-01,  6.67063438e-02,
         1.62972340e+00,  4.89020100e+00,  1.25147160e+00,
         7.27001551e-01,  6.23931471e-01, -7.66088641e-02,
        -7.33041261e-03,  1.22783012e-01, -2.95343934e-01,
        -1.28949855e-01,  2.61244446e-01, -6.42456856e-03],
       [ 6.65067622e+00, -2.04838988e+00, -1.59325286e+00,
         3.07607102e+00, -5.41779283e-01,  1.77825599e-01,
         6.27280699e+00,  1.25147160e+00,  1.36217759e+01,
         7.80783841e-01, -1.29768729e-01,  6.62702717e-01,
        -2.96977823e-01,  1.56815570e-01,  3.24844857e-01,
         2.15044019e-03, -1.34365007e-01,  7.82360863e-01],
       [ 5.72477677e-01,  3.31720763e-01, -1.23969610e-01,
         3.08965791e-01,  1.71174152e-01, -1.42222517e-01,
         9.49991202e-01,  7.27001551e-01,  7.80783841e-01,
         6.95586287e-01,  3.37097077e-02, -9.80337563e-02,
        -1.61990452e-01,  1.95667179e-02,  3.37291696e-02,
        -1.93822354e-02,  6.35553294e-02,  2.16002353e-01],
       [ 4.33874541e-01,  5.84840921e-01,  2.91844864e-01,
         1.67658697e-01,  2.99320265e-01, -9.00832719e-02,
        -7.64121109e-02,  6.23931471e-01, -1.29768729e-01,
         3.37097077e-02,  6.86674701e-01, -2.67653897e-01,
        -6.30204689e-02, -1.24118424e-01, -2.08122472e-01,
        -6.79581716e-02,  1.64761997e-02, -9.65154353e-02],
       [-4.27763989e-01, -1.08070049e+00, -2.74037617e-02,
        -6.40937071e-02, -4.03778004e-01,  2.51520798e-01,
        -2.83731005e-03, -7.66088641e-02,  6.62702717e-01,
        -9.80337563e-02, -2.67653897e-01,  6.49392905e-01,
         1.26752816e-01,  1.93371723e-01,  6.57370864e-02,
        -1.46868919e-02,  1.14546177e-01, -1.01854553e-02],
       [-5.05927860e-01, -4.71580950e-01,  6.25731722e-02,
        -9.59565509e-02, -2.25150213e-01,  1.21722495e-01,
         8.75777915e-02, -7.33041261e-03, -2.96977823e-01,
        -1.61990452e-01, -6.30204689e-02,  1.26752816e-01,
         2.08222329e-01,  5.56675498e-02, -3.91129353e-03,
         8.87971296e-02,  9.51371392e-02, -1.26385508e-01],
       [-2.34244857e-01, -3.00182431e-01,  1.35553413e-01,
        -4.09999471e-02, -9.40247621e-02,  1.42452567e-01,
        -7.64396229e-02,  1.22783012e-01,  1.56815570e-01,
         1.95667179e-02, -1.24118424e-01,  1.93371723e-01,
         5.56675498e-02,  1.15915808e-01,  3.32519682e-02,
        -2.84073607e-03,  9.09658525e-02,  4.10949081e-03],
       [ 7.40077145e-03, -2.65285747e-01, -7.42490973e-02,
        -5.81513870e-03, -1.28587065e-01,  5.77313882e-02,
         5.25554282e-02, -2.95343934e-01,  3.24844857e-01,
         3.37291696e-02, -2.08122472e-01,  6.57370864e-02,
        -3.91129353e-03,  3.32519682e-02,  1.13560814e-01,
         2.28566583e-02, -2.13075853e-02,  8.66846137e-02],
       [-5.35086217e-02, -1.54334740e-01, -1.18084035e-01,
         2.42943213e-02, -1.06604880e-01, -1.24496742e-02,
         2.78512119e-01, -1.28949855e-01,  2.15044019e-03,
        -1.93822354e-02, -6.79581716e-02, -1.46868919e-02,
         8.87971296e-02, -2.84073607e-03,  2.28566583e-02,
         8.28864742e-02,  2.00438798e-02, -2.36340704e-02],
       [-3.03143279e-01, -1.87003559e-01,  1.64161817e-01,
        -2.38766465e-02, -6.71417038e-02,  9.77590980e-02,
         1.06348011e-01,  2.61244446e-01, -1.34365007e-01,
         6.35553294e-02,  1.64761997e-02,  1.14546177e-01,
         9.51371392e-02,  9.09658525e-02, -2.13075853e-02,
         2.00438798e-02,  1.41761746e-01, -4.67451042e-02],
       [ 6.13701313e-01,  9.21050840e-02, -1.48911673e-01,
         2.21118073e-01,  5.51338845e-02, -6.00389314e-02,
         3.81148989e-01, -6.42456856e-03,  7.82360863e-01,
         2.16002353e-01, -9.65154353e-02, -1.01854553e-02,
        -1.26385508e-01,  4.10949081e-03,  8.66846137e-02,
        -2.36340704e-02, -4.67451042e-02,  1.90491867e-01]])
      jac: array([-1.73946043e-05,  1.14483608e-04, -5.35279228e-05,  1.30669549e-05,
       -2.20009196e-04,  1.15381408e-04, -7.02327085e-06,  1.52552045e-05,
        8.99909776e-06, -1.69331216e-05,  1.32556928e-05, -6.22835117e-06,
        8.20262377e-05, -6.32645788e-05,  7.48138588e-05, -1.49564435e-04,
        9.11237752e-05,  3.54694052e-05])
  message: 'Maximum number of iterations has been exceeded.'
     nfev: 2185
      nit: 100
     njev: 115
   status: 1
  success: False
        x: array([-0.707153  , -1.07660586,  0.74946995, -0.97681372, -1.08376831,
        0.32594969, -1.94585097, -0.83604983,  0.81347921,  0.04308511,
        0.59852787,  1.24195546,  0.07716305,  0.15923509, -0.336249  ,
        1.02760172, -0.37030461, -0.02772909])
