Program Begingeth
      fun: 0.3871769844361656
 hess_inv: array([[ 6.83187090e-01, -8.94905231e-02,  2.68583441e-04,
         2.57116826e-02,  1.46143021e-01, -3.41300769e-01,
         5.32095625e-02,  5.06420989e-01, -1.93003885e+00,
        -1.10824116e-01,  2.71336750e-01,  6.70518812e-01,
        -2.86458854e-01,  4.22015039e-02, -4.51742825e-01,
        -7.54631216e-02, -6.41473463e-02, -1.39282034e-01],
       [-8.94905231e-02,  1.08106005e+00, -9.32464080e-02,
        -2.49980361e-01, -2.03139193e-01, -2.49953886e-01,
        -1.06311863e+00,  7.03581987e-02,  3.82908073e-01,
         6.59467068e-02,  2.62497792e-01, -7.09093667e-02,
        -1.31987761e-01, -8.64470273e-01, -6.38276588e-02,
         2.54957605e-02, -2.31571730e-01,  2.17943220e-01],
       [ 2.68583441e-04, -9.32464080e-02,  5.85321263e-01,
         1.18463423e-01,  1.67407790e-01, -4.86554240e-02,
         7.99679007e-01,  3.33567775e-02,  1.78646922e-01,
        -5.72912779e-01, -9.41716840e-02, -1.11559538e-01,
         2.15977012e-01,  2.16357767e-01, -3.88244433e-01,
         4.19205111e-02, -1.11053704e-02, -1.63051543e-01],
       [ 2.57116826e-02, -2.49980361e-01,  1.18463423e-01,
         2.49712691e-01,  5.37468242e-03, -1.79972639e-02,
         6.84607159e-01, -5.86128797e-01, -3.26879945e-01,
        -1.39362797e-01,  1.20487214e-01,  4.69914374e-02,
         2.64477090e-01,  1.36181578e-01, -1.04431234e-01,
         6.76933603e-02,  1.92238939e-02, -6.98091787e-02],
       [ 1.46143021e-01, -2.03139193e-01,  1.67407790e-01,
         5.37468242e-03,  2.62168497e-01,  1.58166264e-02,
         5.09615631e-01,  7.45503335e-01, -1.11632092e-01,
        -1.59065525e-01, -2.12953007e-01,  1.45771559e-01,
        -7.01565897e-02,  4.06102581e-01, -1.57904181e-01,
        -2.12854983e-02,  1.05056329e-01, -1.11071701e-01],
       [-3.41300769e-01, -2.49953886e-01, -4.86554240e-02,
        -1.79972639e-02,  1.58166264e-02,  4.57129538e-01,
         2.17105173e-01, -1.08326337e-01,  1.71437302e+00,
         7.69003722e-02, -5.43230445e-01, -3.05938144e-01,
         1.20605316e-01,  3.44296846e-01,  4.62185653e-01,
         4.12103474e-02,  1.43249549e-01,  6.20461980e-02],
       [ 5.32095625e-02, -1.06311863e+00,  7.99679007e-01,
         6.84607159e-01,  5.09615631e-01,  2.17105173e-01,
         4.16800068e+00, -3.26777851e-01,  2.11192850e-01,
        -5.96509597e-01, -5.13067049e-01,  1.67258652e-01,
         5.74201408e-01,  1.28138379e+00, -4.44077148e-01,
         1.09790272e-01,  2.98795568e-01, -3.91351913e-01],
       [ 5.06420989e-01,  7.03581987e-02,  3.33567775e-02,
        -5.86128797e-01,  7.45503335e-01, -1.08326337e-01,
        -3.26777851e-01,  5.21552266e+00, -6.52453613e-01,
         9.65528735e-02, -1.99421221e-01,  4.20994586e-01,
        -9.96173302e-01,  4.52660903e-01, -2.13579497e-01,
        -2.97247760e-01,  9.80300904e-02, -5.79547205e-02],
       [-1.93003885e+00,  3.82908073e-01,  1.78646922e-01,
        -3.26879945e-01, -1.11632092e-01,  1.71437302e+00,
         2.11192850e-01, -6.52453613e-01,  1.08884138e+01,
        -2.45782319e-01, -2.18626974e+00, -1.53943218e+00,
         7.26387728e-01,  4.61827248e-01,  1.41255554e+00,
         3.03068806e-01,  2.91367793e-01,  2.79834577e-01],
       [-1.10824116e-01,  6.59467068e-02, -5.72912779e-01,
        -1.39362797e-01, -1.59065525e-01,  7.69003722e-02,
        -5.96509597e-01,  9.65528735e-02, -2.45782319e-01,
         8.51432810e-01,  1.89191515e-02, -1.25258968e-02,
        -2.83092637e-01, -1.56475048e-01,  4.52160907e-01,
        -7.19220239e-02,  5.51552968e-02,  1.75129887e-01],
       [ 2.71336750e-01,  2.62497792e-01, -9.41716840e-02,
         1.20487214e-01, -2.12953007e-01, -5.43230445e-01,
        -5.13067049e-01, -1.99421221e-01, -2.18626974e+00,
         1.89191515e-02,  1.57175400e+00,  1.75449596e-01,
        -5.60586700e-02, -8.28210953e-01, -2.95198600e-01,
        -1.28555513e-01, -2.68219128e-01,  1.25927729e-01],
       [ 6.70518812e-01, -7.09093667e-02, -1.11559538e-01,
         4.69914374e-02,  1.45771559e-01, -3.05938144e-01,
         1.67258652e-01,  4.20994586e-01, -1.53943218e+00,
        -1.25258968e-02,  1.75449596e-01,  9.66198852e-01,
        -2.70479438e-01,  7.08551153e-02, -4.74292914e-01,
        -4.08202263e-02, -5.63842344e-02, -1.60694010e-01],
       [-2.86458854e-01, -1.31987761e-01,  2.15977012e-01,
         2.64477090e-01, -7.01565897e-02,  1.20605316e-01,
         5.74201408e-01, -9.96173302e-01,  7.26387728e-01,
        -2.83092637e-01, -5.60586700e-02, -2.70479438e-01,
         5.23578174e-01,  7.92346233e-02,  2.11159489e-02,
         1.76946429e-01,  1.75615680e-02, -2.73932639e-02],
       [ 4.22015039e-02, -8.64470273e-01,  2.16357767e-01,
         1.36181578e-01,  4.06102581e-01,  3.44296846e-01,
         1.28138379e+00,  4.52660903e-01,  4.61827248e-01,
        -1.56475048e-01, -8.28210953e-01,  7.08551153e-02,
         7.92346233e-02,  1.14391309e+00,  3.08579932e-02,
         2.20696893e-02,  3.51058930e-01, -2.41023282e-01],
       [-4.51742825e-01, -6.38276588e-02, -3.88244433e-01,
        -1.04431234e-01, -1.57904181e-01,  4.62185653e-01,
        -4.44077148e-01, -2.13579497e-01,  1.41255554e+00,
         4.52160907e-01, -2.95198600e-01, -4.74292914e-01,
         2.11159489e-02,  3.08579932e-02,  8.15879452e-01,
         6.72102127e-03,  1.18517098e-01,  2.76838978e-01],
       [-7.54631216e-02,  2.54957605e-02,  4.19205111e-02,
         6.76933603e-02, -2.12854983e-02,  4.12103474e-02,
         1.09790272e-01, -2.97247760e-01,  3.03068806e-01,
        -7.19220239e-02, -1.28555513e-01, -4.08202263e-02,
         1.76946429e-01,  2.20696893e-02,  6.72102127e-03,
         1.02776515e-01,  5.36883157e-03, -7.27756934e-03],
       [-6.41473463e-02, -2.31571730e-01, -1.11053704e-02,
         1.92238939e-02,  1.05056329e-01,  1.43249549e-01,
         2.98795568e-01,  9.80300904e-02,  2.91367793e-01,
         5.51552968e-02, -2.68219128e-01, -5.63842344e-02,
         1.75615680e-02,  3.51058930e-01,  1.18517098e-01,
         5.36883157e-03,  1.52338060e-01, -2.79725167e-02],
       [-1.39282034e-01,  2.17943220e-01, -1.63051543e-01,
        -6.98091787e-02, -1.11071701e-01,  6.20461980e-02,
        -3.91351913e-01, -5.79547205e-02,  2.79834577e-01,
         1.75129887e-01,  1.25927729e-01, -1.60694010e-01,
        -2.73932639e-02, -2.41023282e-01,  2.76838978e-01,
        -7.27756934e-03, -2.79725167e-02,  1.90192532e-01]])
      jac: array([-1.08394775e-06, -7.72785539e-05,  4.44459284e-07, -4.00050363e-06,
        1.55197707e-04,  1.89152397e-05, -9.63303511e-07, -1.22524213e-05,
        4.01160586e-06, -3.30550402e-06, -1.27553523e-05,  9.69224701e-07,
       -2.56787184e-05, -1.50303103e-04, -6.28793314e-06,  5.43724325e-05,
        1.03695201e-04,  1.83186799e-07])
  message: 'Desired error not necessarily achieved due to precision loss.'
     nfev: 1608
      nit: 30
     njev: 84
   status: 2
  success: False
        x: array([ 0.70987351, -0.07847765,  0.45397475,  0.22306758, -1.13172865,
       -0.95322142,  1.32007734, -1.65072963, -1.14292316, -1.03184285,
        0.01034962,  0.58016322,  0.12230962,  0.04403252, -0.77757112,
        0.08177229,  1.42903897, -1.04069138])
