Program Begingeth
      fun: 0.36210041341321375
 hess_inv: array([[ 1.28478545e+00, -8.10299888e-02,  3.26964092e-02,
        -2.52341585e-02,  2.17160684e-01, -3.44900277e-01,
         5.39096299e-02,  8.16040640e-01, -2.09220311e+00,
        -3.89135710e-02,  1.61688818e-01,  1.38193962e+00,
        -6.22380476e-01,  9.89806083e-02, -6.27231457e-01,
        -1.07508782e-01, -8.00561859e-02, -1.55375049e-01],
       [-8.10299888e-02,  2.04223876e+00, -1.38657095e-01,
        -2.96339203e-01, -2.04072821e-01, -3.66407852e-01,
        -1.24896600e+00,  1.64918534e-01,  4.55996146e-01,
         4.14061881e-02,  7.89481388e-01, -3.18819303e-02,
        -1.68427041e-01, -1.41377653e+00, -1.38887879e-01,
         2.09581308e-02, -2.76958898e-01,  2.61093093e-01],
       [ 3.26964092e-02, -1.38657095e-01,  1.08480736e+00,
         1.23587264e-01,  2.37536935e-01, -1.04933124e-01,
         1.01300489e+00,  3.09541833e-01, -1.41023427e-01,
        -1.05226036e+00, -1.16064120e-01, -4.89836116e-02,
         2.94355860e-01,  2.60310033e-01, -6.65187952e-01,
         3.17740173e-02, -4.83724478e-02, -1.93582228e-01],
       [-2.52341585e-02, -2.96339203e-01,  1.23587264e-01,
         1.94220737e-01, -1.74995362e-02,  1.78561680e-03,
         5.14551669e-01, -5.55411291e-01, -2.16314351e-01,
        -1.47427079e-01,  1.59070622e-01,  5.51810809e-03,
         2.28604535e-01,  1.16379741e-01, -6.21621728e-02,
         4.29515125e-02,  1.37833576e-02, -3.74279183e-02],
       [ 2.17160684e-01, -2.04072821e-01,  2.37536935e-01,
        -1.74995362e-02,  2.19096484e-01, -3.45676359e-03,
         4.17778225e-01,  7.75688923e-01, -1.82804489e-01,
        -1.95960194e-01, -3.18586086e-01,  2.43229939e-01,
        -1.03212238e-01,  3.51966494e-01, -2.09340086e-01,
        -1.59508327e-02,  5.51011142e-02, -9.24873253e-02],
       [-3.44900277e-01, -3.66407852e-01, -1.04933124e-01,
         1.78561680e-03, -3.45676359e-03,  3.06146706e-01,
         1.21425510e-01, -1.14192126e-01,  1.10679775e+00,
         8.32928772e-02, -5.35688245e-01, -3.43930007e-01,
         1.43765337e-01,  3.41633259e-01,  3.56591480e-01,
         3.79568707e-02,  1.00790667e-01,  2.01557573e-02],
       [ 5.39096299e-02, -1.24896600e+00,  1.01300489e+00,
         5.14551669e-01,  4.17778225e-01,  1.21425510e-01,
         3.61460969e+00,  1.32658870e-01, -2.56884133e-01,
        -7.13339303e-01, -5.56485740e-01,  2.75906992e-01,
         4.28399901e-01,  1.16101634e+00, -5.51495175e-01,
         4.83642394e-02,  1.76213159e-01, -2.97258039e-01],
       [ 8.16040640e-01,  1.64918534e-01,  3.09541833e-01,
        -5.55411291e-01,  7.75688923e-01, -1.14192126e-01,
         1.32658870e-01,  5.60542718e+00, -7.59517128e-01,
         3.74606836e-02, -6.46192729e-01,  7.30942021e-01,
        -1.07823777e+00,  4.91983139e-01, -4.20685135e-01,
        -2.46145256e-01,  4.76292867e-02, -9.68449796e-02],
       [-2.09220311e+00,  4.55996146e-01, -1.41023427e-01,
        -2.16314351e-01, -1.82804489e-01,  1.10679775e+00,
        -2.56884133e-01, -7.59517128e-01,  8.04968442e+00,
        -2.50543480e-01, -1.90145567e+00, -1.65729620e+00,
         9.23952626e-01,  2.14039274e-01,  1.08858892e+00,
         2.93948071e-01,  1.62075495e-01,  1.74280877e-01],
       [-3.89135710e-02,  4.14061881e-02, -1.05226036e+00,
        -1.47427079e-01, -1.95960194e-01,  8.32928772e-02,
        -7.13339303e-01,  3.74606836e-02, -2.50543480e-01,
         1.40547782e+00,  1.03043477e-01, -3.71777859e-03,
        -4.48520057e-01, -1.69711075e-01,  6.66374135e-01,
        -8.67004048e-02,  9.04116510e-02,  1.86339428e-01],
       [ 1.61688818e-01,  7.89481388e-01, -1.16064120e-01,
         1.59070622e-01, -3.18586086e-01, -5.35688245e-01,
        -5.56485740e-01, -6.46192729e-01, -1.90145567e+00,
         1.03043477e-01,  2.70823961e+00, -1.24298004e-02,
        -9.72775101e-03, -1.38437941e+00, -1.54999238e-01,
        -1.62800161e-01, -2.86059502e-01,  2.66744914e-01],
       [ 1.38193962e+00, -3.18819303e-02, -4.89836116e-02,
         5.51810809e-03,  2.43229939e-01, -3.43930007e-01,
         2.75906992e-01,  7.30942021e-01, -1.65729620e+00,
        -3.71777859e-03, -1.24298004e-02,  1.91076859e+00,
        -6.27726320e-01,  1.44096093e-01, -7.74378069e-01,
        -6.51916685e-02, -8.70006205e-02, -2.10660482e-01],
       [-6.22380476e-01, -1.68427041e-01,  2.94355860e-01,
         2.28604535e-01, -1.03212238e-01,  1.43765337e-01,
         4.28399901e-01, -1.07823777e+00,  9.23952626e-01,
        -4.48520057e-01, -9.72775101e-03, -6.27726320e-01,
         6.61215316e-01,  5.63903698e-02,  9.57758362e-02,
         1.57518317e-01,  2.03241764e-02, -8.14324535e-04],
       [ 9.89806083e-02, -1.41377653e+00,  2.60310033e-01,
         1.16379741e-01,  3.51966494e-01,  3.41633259e-01,
         1.16101634e+00,  4.91983139e-01,  2.14039274e-01,
        -1.69711075e-01, -1.38437941e+00,  1.44096093e-01,
         5.63903698e-02,  1.40091153e+00, -8.01903568e-03,
         3.36458887e-02,  2.98346970e-01, -2.64430648e-01],
       [-6.27231457e-01, -1.38887879e-01, -6.65187952e-01,
        -6.21621728e-02, -2.09340086e-01,  3.56591480e-01,
        -5.51495175e-01, -4.20685135e-01,  1.08858892e+00,
         6.66374135e-01, -1.54999238e-01, -7.74378069e-01,
         9.57758362e-02, -8.01903568e-03,  8.83979761e-01,
         1.16499823e-02,  1.12282703e-01,  2.32281071e-01],
       [-1.07508782e-01,  2.09581308e-02,  3.17740173e-02,
         4.29515125e-02, -1.59508327e-02,  3.79568707e-02,
         4.83642394e-02, -2.46145256e-01,  2.93948071e-01,
        -8.67004048e-02, -1.62800161e-01, -6.51916685e-02,
         1.57518317e-01,  3.36458887e-02,  1.16499823e-02,
         7.98482765e-02,  8.15887356e-03, -1.01438381e-02],
       [-8.00561859e-02, -2.76958898e-01, -4.83724478e-02,
         1.37833576e-02,  5.51011142e-02,  1.00790667e-01,
         1.76213159e-01,  4.76292867e-02,  1.62075495e-01,
         9.04116510e-02, -2.86059502e-01, -8.70006205e-02,
         2.03241764e-02,  2.98346970e-01,  1.12282703e-01,
         8.15887356e-03,  1.06335701e-01, -2.10046784e-02],
       [-1.55375049e-01,  2.61093093e-01, -1.93582228e-01,
        -3.74279183e-02, -9.24873253e-02,  2.01557573e-02,
        -2.97258039e-01, -9.68449796e-02,  1.74280877e-01,
         1.86339428e-01,  2.66744914e-01, -2.10660482e-01,
        -8.14324535e-04, -2.64430648e-01,  2.32281071e-01,
        -1.01438381e-02, -2.10046784e-02,  1.40725465e-01]])
      jac: array([ 4.51749749e-06,  4.70142443e-06,  2.53500924e-06, -6.62433071e-08,
       -9.45317898e-06, -1.12365672e-05,  1.49287989e-06,  7.09432513e-07,
        1.83741911e-06,  8.14163552e-07,  1.17461596e-06,  3.09826239e-06,
        5.61772850e-06,  9.32439311e-06,  1.19385983e-05, -1.01466983e-05,
       -5.91859895e-06, -8.30520837e-06])
  message: 'Desired error not necessarily achieved due to precision loss.'
     nfev: 1759
      nit: 34
     njev: 92
   status: 2
  success: False
        x: array([ 0.59775304, -0.11043476,  0.44621803,  0.2065048 , -1.28552017,
       -0.68441758,  1.29708962, -1.7626727 , -0.84207902, -0.87396855,
        0.01113053,  0.52121942,  0.11232011,  0.01510886, -0.44002727,
        0.07192934,  1.57170253, -0.76939741])
