Program Begingeth
      fun: 0.24127271635111722
 hess_inv: array([[ 7.33061925e+00,  2.47712691e+00, -3.66422306e+00,
         8.37236121e-01,  9.48360015e-01, -2.32365394e+00,
        -5.34273487e+00,  9.10597006e-01, -5.37827079e+00,
        -7.74327302e-01, -7.18640088e-01, -6.03849054e-01,
        -1.63687262e+00, -6.64076116e-01,  4.43347339e-02,
         7.09010848e-02, -9.46348252e-01,  4.58029301e-01],
       [ 2.47712691e+00,  4.16857473e+00, -3.72691028e+00,
        -5.85921718e-01,  1.38420982e+00, -1.75424390e+00,
        -8.42958796e+00,  4.88933859e+00, -2.77844701e+00,
         1.33670248e-01, -1.60241866e+00, -1.15236520e+00,
        -8.23336579e-01, -6.38572198e-01,  4.60183952e-01,
         3.45045630e-01, -4.23813565e-01,  2.94317378e-01],
       [-3.66422306e+00, -3.72691028e+00,  1.56663058e+01,
         2.25856931e+00, -1.25097801e+00,  6.06697774e+00,
         2.87291463e+01, -8.87694845e+00,  1.25728124e+01,
         2.01569283e-01,  5.05598978e+00, -1.62972401e+00,
         1.21004052e+00,  5.32911730e-01, -1.35782932e+00,
        -7.86866573e-01,  1.03318970e+00, -5.36492186e-01],
       [ 8.37236121e-01, -5.85921718e-01,  2.25856931e+00,
         7.46654751e-01, -1.37324883e-01,  7.29043247e-01,
         5.42040571e+00, -1.78432336e+00,  1.02554778e+00,
        -1.97649833e-01,  8.03544505e-01, -2.08454558e-01,
        -4.42714718e-02,  7.47603463e-02, -2.52113310e-01,
        -1.55197009e-01,  3.28289641e-02, -2.26070628e-02],
       [ 9.48360015e-01,  1.38420982e+00, -1.25097801e+00,
        -1.37324883e-01,  5.24792306e-01, -5.71094871e-01,
        -2.38160897e+00,  2.03748451e+00, -1.12901399e+00,
        -4.42219943e-02, -5.82063155e-01, -3.27268165e-01,
        -2.91470266e-01, -1.68698094e-01,  1.82641390e-01,
         9.52574346e-02, -1.45574755e-01,  1.12943901e-01],
       [-2.32365394e+00, -1.75424390e+00,  6.06697774e+00,
         7.29043247e-01, -5.71094871e-01,  2.55847867e+00,
         1.14712200e+01, -3.03318998e+00,  5.37810494e+00,
         3.72971052e-02,  1.77786459e+00, -4.15910116e-01,
         7.00346384e-01,  3.24255714e-01, -4.36122539e-01,
        -2.84318304e-01,  4.88346588e-01, -2.55795493e-01],
       [-5.34273487e+00, -8.42958796e+00,  2.87291463e+01,
         5.42040571e+00, -2.38160897e+00,  1.14712200e+01,
         6.31072883e+01, -1.63354492e+01,  2.10290818e+01,
        -3.07437716e-01,  8.47785338e+00, -1.67793046e+00,
         2.20637464e+00,  1.72313451e+00, -2.24965638e+00,
        -1.65592700e+00,  1.88731026e+00, -9.23572871e-01],
       [ 9.10597006e-01,  4.88933859e+00, -8.87694845e+00,
        -1.78432336e+00,  2.03748451e+00, -3.03318998e+00,
        -1.63354492e+01,  1.37672785e+01, -6.34825408e+00,
        -4.08521533e-01, -3.75418588e+00, -2.06550651e-01,
        -4.59291676e-01, -4.62522577e-01,  1.41283120e+00,
         6.87623937e-01, -4.87202646e-01,  3.67005046e-01],
       [-5.37827079e+00, -2.77844701e+00,  1.25728124e+01,
         1.02554778e+00, -1.12901399e+00,  5.37810494e+00,
         2.10290818e+01, -6.34825408e+00,  1.49122243e+01,
         1.84754725e-01,  3.98852618e+00, -1.29341247e+00,
         1.42479193e+00,  2.04229830e-01, -1.09222198e+00,
        -5.04522846e-01,  8.74150066e-01, -6.78158060e-01],
       [-7.74327302e-01,  1.33670248e-01,  2.01569283e-01,
        -1.97649833e-01, -4.42219943e-02,  3.72971052e-02,
        -3.07437716e-01, -4.08521533e-01,  1.84754725e-01,
         1.00290648e+00, -1.27782209e-01, -2.36055058e-02,
        -6.53151191e-02,  6.82546822e-02,  4.32508242e-02,
         1.16022357e-02,  1.57208071e-01,  1.38150882e-01],
       [-7.18640088e-01, -1.60241866e+00,  5.05598978e+00,
         8.03544505e-01, -5.82063155e-01,  1.77786459e+00,
         8.47785338e+00, -3.75418588e+00,  3.98852618e+00,
        -1.27782209e-01,  2.43820350e+00, -5.30130260e-01,
         3.26878369e-01, -1.07903317e-02, -6.95315492e-01,
        -3.10675902e-01,  2.54804219e-01, -2.95085046e-01],
       [-6.03849054e-01, -1.15236520e+00, -1.62972401e+00,
        -2.08454558e-01, -3.27268165e-01, -4.15910116e-01,
        -1.67793046e+00, -2.06550651e-01, -1.29341247e+00,
        -2.36055058e-02, -5.30130260e-01,  1.24403489e+00,
         1.38479226e-01,  3.16538804e-01,  8.46786749e-02,
        -3.58700243e-02,  4.89671446e-02,  9.79791509e-03],
       [-1.63687262e+00, -8.23336579e-01,  1.21004052e+00,
        -4.42714718e-02, -2.91470266e-01,  7.00346384e-01,
         2.20637464e+00, -4.59291676e-01,  1.42479193e+00,
        -6.53151191e-02,  3.26878369e-01,  1.38479226e-01,
         4.96946816e-01,  1.80565693e-01, -5.33509395e-02,
        -5.95933331e-03,  2.36312003e-01, -1.65763754e-01],
       [-6.64076116e-01, -6.38572198e-01,  5.32911730e-01,
         7.47603463e-02, -1.68698094e-01,  3.24255714e-01,
         1.72313451e+00, -4.62522577e-01,  2.04229830e-01,
         6.82546822e-02, -1.07903317e-02,  3.16538804e-01,
         1.80565693e-01,  2.37464543e-01,  8.34270971e-03,
        -5.32107828e-02,  1.48370410e-01, -1.09312220e-02],
       [ 4.43347339e-02,  4.60183952e-01, -1.35782932e+00,
        -2.52113310e-01,  1.82641390e-01, -4.36122539e-01,
        -2.24965638e+00,  1.41283120e+00, -1.09222198e+00,
         4.32508242e-02, -6.95315492e-01,  8.46786749e-02,
        -5.33509395e-02,  8.34270971e-03,  2.55240054e-01,
         1.01258599e-01, -5.57089765e-02,  9.76222829e-02],
       [ 7.09010848e-02,  3.45045630e-01, -7.86866573e-01,
        -1.55197009e-01,  9.52574346e-02, -2.84318304e-01,
        -1.65592700e+00,  6.87623937e-01, -5.04522846e-01,
         1.16022357e-02, -3.10675902e-01, -3.58700243e-02,
        -5.95933331e-03, -5.32107828e-02,  1.01258599e-01,
         9.77369152e-02, -3.79009900e-02,  2.09757377e-02],
       [-9.46348252e-01, -4.23813565e-01,  1.03318970e+00,
         3.28289641e-02, -1.45574755e-01,  4.88346588e-01,
         1.88731026e+00, -4.87202646e-01,  8.74150066e-01,
         1.57208071e-01,  2.54804219e-01,  4.89671446e-02,
         2.36312003e-01,  1.48370410e-01, -5.57089765e-02,
        -3.79009900e-02,  1.97059444e-01, -5.77204945e-02],
       [ 4.58029301e-01,  2.94317378e-01, -5.36492186e-01,
        -2.26070628e-02,  1.12943901e-01, -2.55795493e-01,
        -9.23572871e-01,  3.67005046e-01, -6.78158060e-01,
         1.38150882e-01, -2.95085046e-01,  9.79791509e-03,
        -1.65763754e-01, -1.09312220e-02,  9.76222829e-02,
         2.09757377e-02, -5.77204945e-02,  1.20586308e-01]])
      jac: array([ 1.96694513e-06, -2.76464037e-06, -3.56566628e-07, -3.40227846e-06,
        7.43016759e-06,  1.58558352e-06,  1.10097117e-07, -3.23074900e-07,
        6.51330841e-08,  1.57966233e-06, -9.36473121e-07, -6.32827124e-08,
        3.83563551e-06, -3.27737837e-06, -1.13612823e-06, -5.91193761e-07,
        2.26318964e-06, -3.78586051e-07])
  message: 'Optimization terminated successfully.'
     nfev: 1444
      nit: 65
     njev: 76
   status: 0
  success: True
        x: array([-0.51286087, -0.58746359,  0.36591048, -1.10297399, -0.74003175,
        0.01032599, -1.22223556, -1.09911509, -0.90107118,  0.14423418,
        0.58429743,  1.04910116,  0.05977255,  0.22531779, -0.29209177,
        1.29431613, -0.26662282,  0.02723664])
