Program Begingeth
      fun: 0.2845301454465006
 hess_inv: array([[ 6.20247605e+00, -1.58647641e+00,  1.25372272e-01,
         1.87564588e+00, -8.71802508e-01,  4.68428808e-01,
         2.02622601e+00,  2.29294754e-01,  2.41767050e+00,
        -1.73369410e-01, -1.26255607e-01,  1.81669059e-01,
        -1.01360888e+00,  1.78711532e-01,  9.65362722e-02,
        -2.72497923e-01,  5.28299465e-01, -1.54868929e-01],
       [-1.58647641e+00,  3.21305910e+00, -7.65233877e-01,
        -1.24832836e-01,  1.32053878e+00, -2.99397402e-01,
         1.35859404e+00,  2.39313539e+00,  3.09998913e-01,
         1.39101375e-01, -3.08085948e-01, -8.96846777e-01,
         3.85147630e-01, -3.19996291e-01,  2.40506306e-01,
        -4.22689068e-02, -2.78868457e-01,  5.87986849e-02],
       [ 1.25372272e-01, -7.65233877e-01,  1.46460296e+01,
        -1.83806880e+00, -8.40549537e-01,  5.47221383e+00,
        -1.83436213e+01, -7.02988696e+00,  6.08211023e+00,
        -3.02796645e-02,  3.89418621e+00, -1.43468261e+00,
        -6.22218474e-01, -5.41421621e-01, -8.73534240e-01,
         1.58529625e-02,  4.97093912e-01, -1.64424862e-01],
       [ 1.87564588e+00, -1.24832836e-01, -1.83806880e+00,
         8.91529546e-01, -7.28198092e-02, -5.72134271e-01,
         3.55139484e+00,  1.03817966e+00,  1.72890884e-01,
        -5.96390360e-02, -4.71859095e-01,  1.27877116e-01,
        -1.81420513e-01,  5.40597132e-02,  1.34744684e-01,
        -8.10382113e-02,  5.92722416e-02, -2.92500876e-02],
       [-8.71802508e-01,  1.32053878e+00, -8.40549537e-01,
        -7.28198092e-02,  6.13269095e-01, -3.22607340e-01,
         9.64304692e-01,  1.50936937e+00, -2.58709532e-01,
         1.21767806e-01, -2.72232999e-01, -2.53672164e-01,
         2.04278639e-01, -8.20344490e-02,  1.31142482e-01,
         6.45382667e-03, -1.36934330e-01,  3.86934016e-02],
       [ 4.68428808e-01, -2.99397402e-01,  5.47221383e+00,
        -5.72134271e-01, -3.22607340e-01,  2.12730906e+00,
        -6.94253803e+00, -2.34859846e+00,  2.63996886e+00,
         6.36772697e-02,  1.32633448e+00, -5.29594207e-01,
        -3.26753062e-01, -1.73373979e-01, -2.73047188e-01,
        -2.54801989e-02,  2.17535827e-01, -6.34926275e-02],
       [ 2.02622601e+00,  1.35859404e+00, -1.83436213e+01,
         3.55139484e+00,  9.64304692e-01, -6.94253803e+00,
         2.93850167e+01,  8.44152236e+00, -5.85600729e+00,
        -4.27895228e-02, -4.04611688e+00,  1.29314990e+00,
         6.22884978e-01,  2.59708377e-01,  8.79900972e-01,
        -1.18012740e-01, -6.26660080e-01,  5.01987430e-02],
       [ 2.29294754e-01,  2.39313539e+00, -7.02988696e+00,
         1.03817966e+00,  1.50936937e+00, -2.34859846e+00,
         8.44152236e+00,  8.96478212e+00, -1.94423280e+00,
         8.63711753e-01, -2.05933178e+00,  1.24378222e-01,
         1.04779506e-01,  1.44979700e-01,  7.44817084e-01,
        -1.06927544e-01, -2.82801481e-01,  6.03208361e-02],
       [ 2.41767050e+00,  3.09998913e-01,  6.08211023e+00,
         1.72890884e-01, -2.58709532e-01,  2.63996886e+00,
        -5.85600729e+00, -1.94423280e+00,  6.25755207e+00,
         2.00287770e-01,  1.47339457e+00, -8.53997928e-01,
        -5.86252192e-01, -4.20451660e-01, -2.77378308e-01,
        -1.51178238e-01,  2.22553554e-01, -1.84856545e-01],
       [-1.73369410e-01,  1.39101375e-01, -3.02796645e-02,
        -5.96390360e-02,  1.21767806e-01,  6.36772697e-02,
        -4.27895228e-02,  8.63711753e-01,  2.00287770e-01,
         1.04647938e+00,  9.13949155e-02, -8.11370508e-02,
        -2.26204829e-01, -5.11196179e-02, -6.11480498e-02,
        -1.71524888e-02, -4.89582921e-02, -1.97527286e-01],
       [-1.26255607e-01, -3.08085948e-01,  3.89418621e+00,
        -4.71859095e-01, -2.72232999e-01,  1.32633448e+00,
        -4.04611688e+00, -2.05933178e+00,  1.47339457e+00,
         9.13949155e-02,  1.70828384e+00, -4.23645727e-01,
        -1.35296598e-01, -3.07850639e-01, -4.24756470e-01,
         3.73259673e-02,  9.94986162e-02, -1.67527946e-01],
       [ 1.81669059e-01, -8.96846777e-01, -1.43468261e+00,
         1.27877116e-01, -2.53672164e-01, -5.29594207e-01,
         1.29314990e+00,  1.24378222e-01, -8.53997928e-01,
        -8.11370508e-02, -4.23645727e-01,  7.77329182e-01,
         3.75872775e-02,  2.40116892e-01, -8.64679690e-03,
         7.92476329e-02,  4.85446944e-02,  4.65152267e-02],
       [-1.01360888e+00,  3.85147630e-01, -6.22218474e-01,
        -1.81420513e-01,  2.04278639e-01, -3.26753062e-01,
         6.22884978e-01,  1.04779506e-01, -5.86252192e-01,
        -2.26204829e-01, -1.35296598e-01,  3.75872775e-02,
         3.10789776e-01, -2.20221610e-02,  2.60359961e-02,
         8.52031970e-02, -1.22967010e-01,  8.37529040e-02],
       [ 1.78711532e-01, -3.19996291e-01, -5.41421621e-01,
         5.40597132e-02, -8.20344490e-02, -1.73373979e-01,
         2.59708377e-01,  1.44979700e-01, -4.20451660e-01,
        -5.11196179e-02, -3.07850639e-01,  2.40116892e-01,
        -2.20221610e-02,  1.49277164e-01,  5.63883513e-02,
         7.74862361e-03,  5.45887096e-02,  4.04848270e-02],
       [ 9.65362722e-02,  2.40506306e-01, -8.73534240e-01,
         1.34744684e-01,  1.31142482e-01, -2.73047188e-01,
         8.79900972e-01,  7.44817084e-01, -2.77378308e-01,
        -6.11480498e-02, -4.24756470e-01, -8.64679690e-03,
         2.60359961e-02,  5.63883513e-02,  1.62852153e-01,
        -3.00167916e-02, -2.35788333e-02,  6.96288010e-02],
       [-2.72497923e-01, -4.22689068e-02,  1.58529625e-02,
        -8.10382113e-02,  6.45382667e-03, -2.54801989e-02,
        -1.18012740e-01, -1.06927544e-01, -1.51178238e-01,
        -1.71524888e-02,  3.73259673e-02,  7.92476329e-02,
         8.52031970e-02,  7.74862361e-03, -3.00167916e-02,
         5.91917472e-02, -2.04786926e-02,  1.22874675e-02],
       [ 5.28299465e-01, -2.78868457e-01,  4.97093912e-01,
         5.92722416e-02, -1.36934330e-01,  2.17535827e-01,
        -6.26660080e-01, -2.82801481e-01,  2.22553554e-01,
        -4.89582921e-02,  9.94986162e-02,  4.85446944e-02,
        -1.22967010e-01,  5.45887096e-02, -2.35788333e-02,
        -2.04786926e-02,  1.10254844e-01, -9.23686602e-03],
       [-1.54868929e-01,  5.87986849e-02, -1.64424862e-01,
        -2.92500876e-02,  3.86934016e-02, -6.34926275e-02,
         5.01987430e-02,  6.03208361e-02, -1.84856545e-01,
        -1.97527286e-01, -1.67527946e-01,  4.65152267e-02,
         8.37529040e-02,  4.04848270e-02,  6.96288010e-02,
         1.22874675e-02, -9.23686602e-03,  8.88032713e-02]])
      jac: array([ 6.56881956e-07,  2.22710739e-06, -9.10382880e-07, -3.96053560e-06,
       -7.16648963e-06,  2.64048043e-06,  4.80726570e-07,  7.32377122e-07,
        7.36447940e-08, -3.28996090e-07,  7.02771175e-07, -1.82890740e-06,
        1.07321559e-07,  6.18209188e-06, -3.19892261e-06,  2.10572300e-06,
       -3.65263375e-06,  9.31107043e-07])
  message: 'Optimization terminated successfully.'
     nfev: 1577
      nit: 70
     njev: 83
   status: 0
  success: True
        x: array([ 1.00346377, -0.96911366,  0.13697513,  1.47685335, -0.98062544,
       -0.03315886,  1.81505235, -1.22527223, -0.99730474, -0.01784477,
        0.46726857,  1.10576019,  0.01061877,  0.2145024 , -0.24791629,
       -1.34831343, -0.24368483,  0.02523354])
