Program Begingeth
      fun: 0.37862885625775766
 hess_inv: array([[ 1.50971562e+01,  5.93364835e+00,  4.13684422e+00,
         5.20632945e+00,  3.34254385e+00,  1.26910576e+00,
         9.67407873e+00, -1.29233698e+00, -2.29225167e+00,
        -7.88732987e-01,  3.39220582e-01,  1.28885960e-01,
        -2.04265455e+00, -7.06284595e-02, -9.52908942e-02,
        -5.99061179e-01, -1.33866816e+00,  3.20964406e-01],
       [ 5.93364835e+00,  4.86945925e+00,  1.20176019e+00,
         1.70163627e+00,  2.49136545e+00,  5.08241372e-01,
         2.36884784e+00,  1.98698195e+00,  2.94516507e-01,
        -5.75344037e-01,  2.29244558e-02, -5.50430507e-01,
        -9.70343900e-01, -9.16589045e-02,  2.27303660e-01,
        -2.10222306e-01, -5.74212695e-01,  1.63761818e-01],
       [ 4.13684422e+00,  1.20176019e+00,  3.78593286e+00,
         1.71970914e+00,  4.76693547e-01,  1.43421975e+00,
         5.36497665e+00, -2.59848118e+00,  5.53376294e-01,
        -3.40395219e-01,  6.04144435e-01,  1.08054575e-03,
        -3.86212481e-01, -2.23529686e-01, -9.22824193e-02,
        -1.11034350e-01, -3.40071817e-01,  1.37585491e-01],
       [ 5.20632945e+00,  1.70163627e+00,  1.71970914e+00,
         1.93517490e+00,  9.76854640e-01,  5.50893525e-01,
         4.16781269e+00, -8.19919597e-01, -9.05899492e-01,
        -2.77794855e-01,  1.42577644e-01,  1.44714976e-01,
        -6.03952982e-01, -1.34908098e-03, -5.98060546e-02,
        -1.79458937e-01, -4.10205631e-01,  1.06704349e-01],
       [ 3.34254385e+00,  2.49136545e+00,  4.76693547e-01,
         9.76854640e-01,  1.36695728e+00,  2.01850907e-01,
         1.27348189e+00,  1.48766967e+00, -1.03077671e-01,
        -3.66488462e-01, -4.21027096e-02, -1.73720070e-01,
        -5.33125134e-01,  6.16818824e-03,  1.11673252e-01,
        -1.44122837e-01, -3.17167231e-01,  8.59315867e-02],
       [ 1.26910576e+00,  5.08241372e-01,  1.43421975e+00,
         5.50893525e-01,  2.01850907e-01,  6.30701168e-01,
         1.96622738e+00, -6.09054164e-01,  6.36225969e-01,
        -2.72053076e-01,  1.28228855e-01, -3.67957607e-02,
        -6.58789434e-02, -7.47507066e-02,  2.84543461e-02,
        -1.22035020e-02, -1.08314924e-01,  5.01573164e-02],
       [ 9.67407873e+00,  2.36884784e+00,  5.36497665e+00,
         4.16781269e+00,  1.27348189e+00,  1.96622738e+00,
         1.27750183e+01, -3.48112769e+00, -1.27334119e+00,
        -4.88992543e-01,  3.01414286e-01,  4.17755122e-01,
        -8.50909629e-01,  1.86051051e-02, -7.56670568e-02,
        -2.73263167e-01, -6.10216733e-01,  2.83917007e-01],
       [-1.29233698e+00,  1.98698195e+00, -2.59848118e+00,
        -8.19919597e-01,  1.48766967e+00, -6.09054164e-01,
        -3.48112769e+00,  8.69766656e+00,  4.99530213e-01,
        -1.02725516e+00, -6.66743220e-01, -2.02444735e-01,
         2.25189774e-01,  2.53451394e-01,  4.69265515e-01,
         5.75380575e-02,  6.55611680e-02, -2.64970071e-02],
       [-2.29225167e+00,  2.94516507e-01,  5.53376294e-01,
        -9.05899492e-01, -1.03077671e-01,  6.36225969e-01,
        -1.27334119e+00,  4.99530213e-01,  3.98852526e+00,
        -4.39895173e-01,  1.40120363e-02, -3.32370139e-01,
         3.43742332e-01, -2.17295528e-01,  1.47906561e-01,
         1.59630360e-01,  6.95145036e-02, -7.56519824e-02],
       [-7.88732987e-01, -5.75344037e-01, -3.40395219e-01,
        -2.77794855e-01, -3.66488462e-01, -2.72053076e-01,
        -4.88992543e-01, -1.02725516e+00, -4.39895173e-01,
         1.22903601e+00, -1.93340204e-01,  7.88909846e-02,
        -1.83317602e-01,  7.20134212e-02,  2.31504721e-02,
        -6.11986743e-04,  1.15139990e-01,  2.01071615e-01],
       [ 3.39220582e-01,  2.29244558e-02,  6.04144435e-01,
         1.42577644e-01, -4.21027096e-02,  1.28228855e-01,
         3.01414286e-01, -6.66743220e-01,  1.40120363e-02,
        -1.93340204e-01,  8.10811663e-01, -3.51055413e-02,
         1.11975962e-02, -2.16546208e-01, -2.11860893e-01,
        -1.68623086e-02, -4.36654688e-02, -1.40419516e-01],
       [ 1.28885960e-01, -5.50430507e-01,  1.08054575e-03,
         1.44714976e-01, -1.73720070e-01, -3.67957607e-02,
         4.17755122e-01, -2.02444735e-01, -3.32370139e-01,
         7.88909846e-02, -3.51055413e-02,  5.21400625e-01,
        -3.15163962e-03,  1.08466802e-01, -1.17576022e-01,
        -6.71607851e-02,  5.02142920e-02,  1.26632203e-02],
       [-2.04265455e+00, -9.70343900e-01, -3.86212481e-01,
        -6.03952982e-01, -5.33125134e-01, -6.58789434e-02,
        -8.50909629e-01,  2.25189774e-01,  3.43742332e-01,
        -1.83317602e-01,  1.11975962e-02, -3.15163962e-03,
         4.53430038e-01,  5.44328952e-03, -3.38766999e-03,
         1.45922093e-01,  2.13803957e-01, -1.04292455e-01],
       [-7.06284595e-02, -9.16589045e-02, -2.23529686e-01,
        -1.34908098e-03,  6.16818824e-03, -7.47507066e-02,
         1.86051051e-02,  2.53451394e-01, -2.17295528e-01,
         7.20134212e-02, -2.16546208e-01,  1.08466802e-01,
         5.44328952e-03,  1.13846138e-01,  3.49175027e-02,
        -8.23998907e-03,  5.48458485e-02,  3.75274460e-02],
       [-9.52908942e-02,  2.27303660e-01, -9.22824193e-02,
        -5.98060546e-02,  1.11673252e-01,  2.84543461e-02,
        -7.56670568e-02,  4.69265515e-01,  1.47906561e-01,
         2.31504721e-02, -2.11860893e-01, -1.17576022e-01,
        -3.38766999e-03,  3.49175027e-02,  1.30809229e-01,
         2.35955879e-02,  2.58760341e-03,  6.86116076e-02],
       [-5.99061179e-01, -2.10222306e-01, -1.11034350e-01,
        -1.79458937e-01, -1.44122837e-01, -1.22035020e-02,
        -2.73263167e-01,  5.75380575e-02,  1.59630360e-01,
        -6.11986743e-04, -1.68623086e-02, -6.71607851e-02,
         1.45922093e-01, -8.23998907e-03,  2.35955879e-02,
         8.40456960e-02,  6.50420348e-02, -1.84042013e-02],
       [-1.33866816e+00, -5.74212695e-01, -3.40071817e-01,
        -4.10205631e-01, -3.17167231e-01, -1.08314924e-01,
        -6.10216733e-01,  6.55611680e-02,  6.95145036e-02,
         1.15139990e-01, -4.36654688e-02,  5.02142920e-02,
         2.13803957e-01,  5.48458485e-02,  2.58760341e-03,
         6.50420348e-02,  1.82041079e-01, -1.93394473e-02],
       [ 3.20964406e-01,  1.63761818e-01,  1.37585491e-01,
         1.06704349e-01,  8.59315867e-02,  5.01573164e-02,
         2.83917007e-01, -2.64970071e-02, -7.56519824e-02,
         2.01071615e-01, -1.40419516e-01,  1.26632203e-02,
        -1.04292455e-01,  3.75274460e-02,  6.86116076e-02,
        -1.84042013e-02, -1.93394473e-02,  1.06760695e-01]])
      jac: array([ 1.30969309e-06,  2.23154828e-06, -2.38327876e-07, -7.34967642e-07,
       -8.16458012e-06,  4.91088651e-07, -2.80516351e-07,  7.81226935e-07,
       -2.16863564e-07, -4.25585493e-07, -5.92489021e-07,  5.07001848e-07,
       -3.11787633e-06,  1.03620816e-07, -2.02060591e-07,  1.30525220e-06,
        2.88694994e-06, -2.31555516e-06])
  message: 'Optimization terminated successfully.'
     nfev: 1558
      nit: 74
     njev: 82
   status: 0
  success: True
        x: array([-0.86481842, -1.38916593, -0.0832322 , -1.30693063, -1.23856256,
       -0.1326698 , -1.96477512, -1.42044504, -1.0700526 ,  0.14907634,
        0.3394271 ,  1.17957488,  0.11500691,  0.03008067, -0.27959584,
        1.41038079, -0.66906732,  0.00656873])
