Program Begingeth
      fun: 0.25678205766330914
 hess_inv: array([[ 2.85625397e+00, -1.08311141e+00,  4.04765896e-01,
         9.92973287e-01, -5.15605298e-01,  6.56241643e-01,
         7.98594133e-01,  5.71877513e-01,  2.19597238e+00,
         3.81266877e-02, -6.33514820e-01,  8.98862485e-02,
        -4.06540654e-01,  2.08565728e-01,  2.58967558e-01,
        -1.90014583e-01,  2.44317357e-01, -7.76024573e-02],
       [-1.08311141e+00,  2.60536949e+00,  2.84659357e-01,
        -2.25470103e-01,  1.14154960e+00, -1.12752002e-01,
        -6.78342644e-01,  1.61798265e+00,  7.21340120e-01,
        -4.31205543e-01,  3.54249093e-01, -7.24382349e-01,
         4.28829515e-01, -2.88362224e-01, -3.63135587e-02,
         8.21468760e-02, -2.09469704e-01,  1.19562715e-01],
       [ 4.04765896e-01,  2.84659357e-01,  4.07692205e+00,
        -4.42160101e-01,  2.33017017e-02,  1.92052128e+00,
        -6.61733019e+00, -2.86725656e+00,  5.34810989e+00,
         3.41900750e-01,  1.02577036e+00, -3.48641226e-01,
        -1.52491065e-01, -3.15264709e-02, -3.06460928e-01,
         1.15533022e-01,  1.34700031e-01, -3.21975659e-01],
       [ 9.92973287e-01, -2.25470103e-01, -4.42160101e-01,
         4.80257414e-01, -1.08726957e-01, -5.27253817e-02,
         1.55134727e+00,  7.87657832e-01,  1.63689526e-01,
        -9.28520596e-02, -3.49899330e-01, -4.04149230e-03,
        -8.12788863e-02,  3.76892764e-02,  1.50076556e-01,
        -8.00585456e-02,  4.26218402e-02,  4.08106853e-02],
       [-5.15605298e-01,  1.14154960e+00,  2.33017017e-02,
        -1.08726957e-01,  5.53505567e-01, -7.98791348e-02,
        -3.81317326e-01,  1.22112005e+00,  4.65035499e-02,
        -1.33382016e-01,  7.48857646e-02, -2.73981988e-01,
         1.96758918e-01, -9.53476372e-02,  1.53350945e-02,
         4.70451013e-02, -9.79959174e-02,  6.74559106e-02],
       [ 6.56241643e-01, -1.12752002e-01,  1.92052128e+00,
        -5.27253817e-02, -7.98791348e-02,  1.02786901e+00,
        -3.11576745e+00, -1.02437824e+00,  2.91558077e+00,
         2.57668362e-01,  2.63963391e-01, -1.00860847e-01,
        -1.62408064e-01,  4.27458725e-02, -7.10624811e-02,
         1.21874272e-02,  9.16542950e-02, -1.62198619e-01],
       [ 7.98594133e-01, -6.78342644e-01, -6.61733019e+00,
         1.55134727e+00, -3.81317326e-01, -3.11576745e+00,
         1.59919711e+01,  3.81986380e+00, -7.76073644e+00,
        -9.55125523e-01, -1.36800261e+00,  1.77202804e-01,
         7.82094421e-02, -9.94047195e-02,  5.64107648e-01,
        -3.47854656e-01, -6.50714341e-02,  5.88584520e-01],
       [ 5.71877513e-01,  1.61798265e+00, -2.86725656e+00,
         7.87657832e-01,  1.22112005e+00, -1.02437824e+00,
         3.81986380e+00,  9.94780986e+00, -3.16130725e+00,
        -2.39956879e-02, -1.47410918e+00, -3.85922493e-01,
         1.53813493e-01,  5.55606209e-02,  7.69031939e-01,
        -1.94640521e-01, -1.94547902e-01,  4.15631865e-01],
       [ 2.19597238e+00,  7.21340120e-01,  5.34810989e+00,
         1.63689526e-01,  4.65035499e-02,  2.91558077e+00,
        -7.76073644e+00, -3.16130725e+00,  1.13429651e+01,
         4.52367221e-01,  1.03419425e+00, -5.97182784e-01,
        -3.36224052e-01, -2.12263974e-01, -3.28419450e-01,
        -2.05309875e-02,  9.31870666e-02, -5.02769027e-01],
       [ 3.81266877e-02, -4.31205543e-01,  3.41900750e-01,
        -9.28520596e-02, -1.33382016e-01,  2.57668362e-01,
        -9.55125523e-01, -2.39956879e-02,  4.52367221e-01,
         8.81064375e-01,  3.88689160e-02,  8.77597162e-02,
        -2.39068960e-01,  2.87194532e-02, -1.02250476e-01,
        -2.92710313e-03, -1.47569035e-02, -2.31645336e-01],
       [-6.33514820e-01,  3.54249093e-01,  1.02577036e+00,
        -3.49899330e-01,  7.48857646e-02,  2.63963391e-01,
        -1.36800261e+00, -1.47410918e+00,  1.03419425e+00,
         3.88689160e-02,  1.00122422e+00, -2.14428053e-01,
         6.34441798e-02, -2.03516130e-01, -2.96383054e-01,
         8.78571556e-02, -1.90996920e-02, -1.53859875e-01],
       [ 8.98862485e-02, -7.24382349e-01, -3.48641226e-01,
        -4.04149230e-03, -2.73981988e-01, -1.00860847e-01,
         1.77202804e-01, -3.85922493e-01, -5.97182784e-01,
         8.77597162e-02, -2.14428053e-01,  5.18862807e-01,
        -4.06495305e-02,  1.44365795e-01, -2.07232471e-02,
         4.65867377e-02,  6.05597808e-02,  1.00528432e-02],
       [-4.06540654e-01,  4.28829515e-01, -1.52491065e-01,
        -8.12788863e-02,  1.96758918e-01, -1.62408064e-01,
         7.82094421e-02,  1.53813493e-01, -3.36224052e-01,
        -2.39068960e-01,  6.34441798e-02, -4.06495305e-02,
         1.88127054e-01, -5.55978210e-02, -6.16835019e-03,
         7.29868296e-02, -6.61851715e-02,  8.39875214e-02],
       [ 2.08565728e-01, -2.88362224e-01, -3.15264709e-02,
         3.76892764e-02, -9.53476372e-02,  4.27458725e-02,
        -9.94047195e-02,  5.55606209e-02, -2.12263974e-01,
         2.87194532e-02, -2.03516130e-01,  1.44365795e-01,
        -5.55978210e-02,  1.18261045e-01,  4.78358805e-02,
        -8.51629983e-03,  7.20145426e-02,  1.34901931e-02],
       [ 2.58967558e-01, -3.63135587e-02, -3.06460928e-01,
         1.50076556e-01,  1.53350945e-02, -7.10624811e-02,
         5.64107648e-01,  7.69031939e-01, -3.28419450e-01,
        -1.02250476e-01, -2.96383054e-01, -2.07232471e-02,
        -6.16835019e-03,  4.78358805e-02,  1.51633244e-01,
        -4.43419401e-02,  5.93812151e-03,  9.49182863e-02],
       [-1.90014583e-01,  8.21468760e-02,  1.15533022e-01,
        -8.00585456e-02,  4.70451013e-02,  1.21874272e-02,
        -3.47854656e-01, -1.94640521e-01, -2.05309875e-02,
        -2.92710313e-03,  8.78571556e-02,  4.65867377e-02,
         7.29868296e-02, -8.51629983e-03, -4.43419401e-02,
         7.26338775e-02, -1.91613937e-02,  4.79359873e-04],
       [ 2.44317357e-01, -2.09469704e-01,  1.34700031e-01,
         4.26218402e-02, -9.79959174e-02,  9.16542950e-02,
        -6.50714341e-02, -1.94547902e-01,  9.31870666e-02,
        -1.47569035e-02, -1.90996920e-02,  6.05597808e-02,
        -6.61851715e-02,  7.20145426e-02,  5.93812151e-03,
        -1.91613937e-02,  9.04833854e-02, -1.37566116e-02],
       [-7.76024573e-02,  1.19562715e-01, -3.21975659e-01,
         4.08106853e-02,  6.74559106e-02, -1.62198619e-01,
         5.88584520e-01,  4.15631865e-01, -5.02769027e-01,
        -2.31645336e-01, -1.53859875e-01,  1.00528432e-02,
         8.39875214e-02,  1.34901931e-02,  9.49182863e-02,
         4.79359873e-04, -1.37566116e-02,  1.27753382e-01]])
      jac: array([-1.62277599e-06, -5.06950038e-05, -2.46125342e-05,  2.57630954e-05,
        1.21300747e-04,  3.71306689e-05, -2.00321241e-06, -8.27893310e-06,
        2.70302299e-06, -1.43107748e-06, -1.32460709e-05, -3.06580687e-05,
       -3.52529117e-05, -4.51327864e-05, -8.98188931e-05,  2.34878783e-05,
        1.24574425e-05,  8.36234785e-05])
  message: 'Desired error not necessarily achieved due to precision loss.'
     nfev: 2025
      nit: 65
     njev: 106
   status: 2
  success: False
        x: array([ 0.98569817, -1.18887607,  0.51642357,  1.27224998, -1.19803684,
        0.13194395,  1.04111258, -1.63380342, -0.79845069,  0.09064408,
        0.5922047 ,  1.13829598,  0.01134435,  0.26576116, -0.28439969,
       -1.17050758, -0.01873625, -0.00564115])
