Program Begingeth
      fun: 0.2564621676926656
 hess_inv: array([[ 5.06697967e+00, -2.14764026e+00, -1.59691380e-01,
         1.19288116e+00, -8.26358926e-01,  6.88267839e-01,
         4.31939550e+00,  8.84040669e-01,  1.67874992e+00,
         1.03339787e+00,  3.36909454e-01,  1.16841812e+00,
        -1.22728497e+00,  1.92989039e-01,  6.09816824e-02,
         3.06742632e-01,  3.62226491e-01, -4.38830545e-01],
       [-2.14764026e+00,  1.47543709e+00,  2.54807156e-01,
        -4.88891669e-01,  5.12318162e-01, -2.97228523e-01,
        -4.30495186e-01,  4.27981934e-01, -1.84088886e-01,
        -4.82784225e-01,  1.95659099e-02, -1.05876246e+00,
         5.56243741e-01, -1.76816074e-01, -7.48632255e-02,
         1.64255619e-02, -5.69862714e-02,  1.10119767e-01],
       [-1.59691380e-01,  2.54807156e-01,  1.32986769e+00,
        -1.12521324e-01,  7.02506762e-02,  3.49171143e-01,
        -3.65265697e-01,  7.01418124e-01,  1.64353177e-01,
        -7.55819064e-02,  6.65389155e-01, -8.40715537e-01,
        -4.82395185e-02, -1.44357408e-01, -4.05234391e-02,
        -6.09223456e-02,  1.17515173e-01, -1.16299204e-02],
       [ 1.19288116e+00, -4.88891669e-01, -1.12521324e-01,
         3.03417815e-01, -1.88850660e-01,  1.32888867e-01,
         1.12040875e+00,  2.16854220e-01,  4.30660883e-01,
         2.07445927e-01,  4.32035670e-02,  2.73293917e-01,
        -2.50135605e-01,  4.52241167e-02,  1.92504059e-02,
         9.56455766e-02,  7.66101301e-02, -9.67569797e-02],
       [-8.26358926e-01,  5.12318162e-01,  7.02506762e-02,
        -1.88850660e-01,  1.98419406e-01, -1.11313333e-01,
        -3.47469173e-01,  9.84147679e-02, -8.17817172e-02,
        -1.39845752e-01, -3.24210125e-02, -3.10991711e-01,
         2.07983198e-01, -3.27991083e-02, -2.45910919e-02,
        -3.43481878e-03, -2.40993498e-02,  5.64923935e-02],
       [ 6.88267839e-01, -2.97228523e-01,  3.49171143e-01,
         1.32888867e-01, -1.11313333e-01,  2.36391749e-01,
         2.62750452e-01,  3.23774727e-01,  1.99689662e-01,
         2.76823621e-01,  1.24672346e-01,  1.32775615e-02,
        -2.41708200e-01,  2.35441262e-02,  3.15735623e-02,
        -1.20377629e-02,  8.39183512e-02, -5.62583971e-02],
       [ 4.31939550e+00, -4.30495186e-01, -3.65265697e-01,
         1.12040875e+00, -3.47469173e-01,  2.62750452e-01,
         1.39187649e+01,  1.66708377e+00,  2.77656701e+00,
         5.99824461e-01,  1.72585718e+00, -6.17913456e-01,
        -7.86801954e-01, -4.78764634e-01, -3.72501529e-01,
         1.36278159e+00,  2.57060178e-01, -1.02065306e+00],
       [ 8.84040669e-01,  4.27981934e-01,  7.01418124e-01,
         2.16854220e-01,  9.84147679e-02,  3.23774727e-01,
         1.66708377e+00,  4.28609377e+00,  2.67605054e-02,
         8.01252499e-01, -2.26401080e-01, -9.55388059e-01,
        -4.20097152e-01,  1.69330022e-02, -5.13596089e-03,
         2.80846603e-02,  4.71990267e-01, -3.35980097e-01],
       [ 1.67874992e+00, -1.84088886e-01,  1.64353177e-01,
         4.30660883e-01, -8.17817172e-02,  1.99689662e-01,
         2.77656701e+00,  2.67605054e-02,  3.40585843e+00,
        -1.51862948e-01,  6.01107798e-01, -4.50841457e-01,
        -2.18186558e-01, -4.01828694e-02,  5.80121347e-02,
         2.91794964e-01,  1.39049261e-01,  8.51567663e-02],
       [ 1.03339787e+00, -4.82784225e-01, -7.55819064e-02,
         2.07445927e-01, -1.39845752e-01,  2.76823621e-01,
         5.99824461e-01,  8.01252499e-01, -1.51862948e-01,
         1.56804548e+00, -2.07330380e-01,  3.63120056e-01,
        -6.36721238e-01,  1.12423393e-01,  4.82186460e-02,
        -3.86609945e-02,  8.48527442e-02, -2.62223968e-01],
       [ 3.36909454e-01,  1.95659099e-02,  6.65389155e-01,
         4.32035670e-02, -3.24210125e-02,  1.24672346e-01,
         1.72585718e+00, -2.26401080e-01,  6.01107798e-01,
        -2.07330380e-01,  1.29976747e+00, -5.85821696e-01,
        -2.97749871e-02, -3.13316489e-01, -1.90759424e-01,
         1.96623157e-01, -5.31875598e-03, -1.77542330e-01],
       [ 1.16841812e+00, -1.05876246e+00, -8.40715537e-01,
         2.73293917e-01, -3.10991711e-01,  1.32775615e-02,
        -6.17913456e-01, -9.55388059e-01, -4.50841457e-01,
         3.63120056e-01, -5.85821696e-01,  1.62214281e+00,
        -2.99921175e-01,  3.07966766e-01,  3.86303935e-02,
        -6.31673281e-02, -1.92081842e-02,  3.08526880e-03],
       [-1.22728497e+00,  5.56243741e-01, -4.82395185e-02,
        -2.50135605e-01,  2.07983198e-01, -2.41708200e-01,
        -7.86801954e-01, -4.20097152e-01, -2.18186558e-01,
        -6.36721238e-01, -2.97749871e-02, -2.99921175e-01,
         4.55058866e-01, -6.61256871e-02, -2.73562215e-02,
        -3.29420935e-04, -1.07921394e-01,  1.54672285e-01],
       [ 1.92989039e-01, -1.76816074e-01, -1.44357408e-01,
         4.52241167e-02, -3.27991083e-02,  2.35441262e-02,
        -4.78764634e-01,  1.69330022e-02, -4.01828694e-02,
         1.12423393e-01, -3.13316489e-01,  3.07966766e-01,
        -6.61256871e-02,  1.34084497e-01,  5.05798006e-02,
        -5.31476853e-02,  3.52112460e-02,  4.56867803e-02],
       [ 6.09816824e-02, -7.48632255e-02, -4.05234391e-02,
         1.92504059e-02, -2.45910919e-02,  3.15735623e-02,
        -3.72501529e-01, -5.13596089e-03,  5.80121347e-02,
         4.82186460e-02, -1.90759424e-01,  3.86303935e-02,
        -2.73562215e-02,  5.05798006e-02,  7.82868931e-02,
        -5.12129409e-02,  2.02348586e-03,  5.90165965e-02],
       [ 3.06742632e-01,  1.64255619e-02, -6.09223456e-02,
         9.56455766e-02, -3.43481878e-03, -1.20377629e-02,
         1.36278159e+00,  2.80846603e-02,  2.91794964e-01,
        -3.86609945e-02,  1.96623157e-01, -6.31673281e-02,
        -3.29420935e-04, -5.31476853e-02, -5.12129409e-02,
         1.66584316e-01,  4.44945833e-03, -8.22484984e-02],
       [ 3.62226491e-01, -5.69862714e-02,  1.17515173e-01,
         7.66101301e-02, -2.40993498e-02,  8.39183512e-02,
         2.57060178e-01,  4.71990267e-01,  1.39049261e-01,
         8.48527442e-02, -5.31875598e-03, -1.92081842e-02,
        -1.07921394e-01,  3.52112460e-02,  2.02348586e-03,
         4.44945833e-03,  9.40425108e-02, -3.74222869e-02],
       [-4.38830545e-01,  1.10119767e-01, -1.16299204e-02,
        -9.67569797e-02,  5.64923935e-02, -5.62583971e-02,
        -1.02065306e+00, -3.35980097e-01,  8.51567663e-02,
        -2.62223968e-01, -1.77542330e-01,  3.08526880e-03,
         1.54672285e-01,  4.56867803e-02,  5.90165965e-02,
        -8.22484984e-02, -3.74222869e-02,  1.63571318e-01]])
      jac: array([-4.40410671e-04, -8.73135268e-04, -1.18677031e-03, -1.84451306e-03,
       -8.46633504e-04,  1.28537255e-03, -6.18764299e-07, -1.15747042e-04,
        1.57781196e-04,  2.71133856e-04, -1.17293212e-04, -6.65167551e-04,
        7.86162617e-04,  9.44102204e-04, -8.66782572e-04,  7.84540581e-04,
        3.45266149e-03, -1.37150402e-03])
  message: 'Maximum number of iterations has been exceeded.'
     nfev: 2147
      nit: 100
     njev: 113
   status: 1
  success: False
        x: array([ 1.03641978, -0.47850958,  0.50241232,  1.4474603 , -0.45377995,
        0.15443021, -1.49212827, -0.59813156,  1.11873728,  0.01202157,
        0.63066402,  0.88183373,  0.05023579,  0.1615342 , -0.23827548,
       -1.44791377, -0.59263449,  0.12113971])
