Program Begingeth
      fun: 0.36335682846981476
 hess_inv: array([[ 4.61217698e-01, -6.18798863e-02, -1.31019181e-01,
        -2.33610485e-02,  1.12604062e-01, -3.59541392e-01,
        -1.99521703e-01,  5.95512161e-01, -2.17567567e+00,
         1.34812359e-02,  2.31630226e-01,  4.46950454e-01,
        -2.55750306e-01,  1.46804905e-02, -3.24025971e-01,
        -7.99790965e-02, -4.27328674e-02, -9.95935708e-02],
       [-6.18798863e-02,  5.86381708e-01, -5.94496604e-02,
        -2.27938274e-01, -1.81810628e-01, -1.90304179e-01,
        -9.92098443e-01,  1.90764160e-01,  7.59137420e-02,
         1.88182246e-02,  1.55645625e-01, -7.80351189e-02,
        -1.32792511e-01, -5.90827688e-01, -2.25713795e-02,
         5.32065194e-03, -1.79396401e-01,  1.78923454e-01],
       [-1.31019181e-01, -5.94496604e-02,  3.94272138e-01,
         1.27201688e-01,  1.07921570e-01,  1.18600814e-01,
         8.43163811e-01, -2.52915659e-01,  1.20749953e+00,
        -3.46591837e-01, -2.00283934e-01, -2.26032011e-01,
         2.41415778e-01,  2.12024168e-01, -1.66693926e-01,
         6.05651443e-02,  2.96053957e-02, -1.28992947e-01],
       [-2.33610485e-02, -2.27938274e-01,  1.27201688e-01,
         3.45483591e-01,  1.87414743e-02,  5.65700942e-02,
         1.09538199e+00, -8.65237808e-01,  2.37871473e-01,
        -1.23480087e-01,  2.21538795e-03,  1.30844747e-02,
         3.85919151e-01,  2.07500492e-01, -8.38632830e-02,
         1.19770419e-01,  5.38107069e-02, -9.60641900e-02],
       [ 1.12604062e-01, -1.81810628e-01,  1.07921570e-01,
         1.87414743e-02,  3.21579644e-01,  4.52224916e-02,
         6.29452440e-01,  7.76091855e-01, -2.23560478e-02,
        -9.77278760e-02, -1.99588956e-01,  1.24385923e-01,
        -6.53834353e-02,  4.91781232e-01, -1.16033885e-01,
        -2.23244905e-02,  1.61092907e-01, -1.25105432e-01],
       [-3.59541392e-01, -1.90304179e-01,  1.18600814e-01,
         5.65700942e-02,  4.52224916e-02,  6.33329143e-01,
         6.67781057e-01, -4.02671329e-01,  2.73820562e+00,
        -4.25474868e-02, -5.47992424e-01, -3.14056807e-01,
         2.23291056e-01,  3.83785264e-01,  4.97226898e-01,
         8.03122995e-02,  1.61661894e-01,  5.91466076e-02],
       [-1.99521703e-01, -9.92098443e-01,  8.43163811e-01,
         1.09538199e+00,  6.29452440e-01,  6.67781057e-01,
         6.29677128e+00, -1.64445725e+00,  3.20533605e+00,
        -5.74619045e-01, -8.10783067e-01, -6.78599601e-05,
         1.04942276e+00,  1.66960670e+00, -2.63197343e-01,
         2.68991433e-01,  5.01198923e-01, -5.04852151e-01],
       [ 5.95512161e-01,  1.90764160e-01, -2.52915659e-01,
        -8.65237808e-01,  7.76091855e-01, -4.02671329e-01,
        -1.64445725e+00,  6.29224002e+00, -2.81570614e+00,
         2.43113562e-01,  2.19388626e-01,  4.89202821e-01,
        -1.35039376e+00,  2.45303484e-01, -1.75481631e-01,
        -4.33682784e-01,  5.29806163e-02,  5.38416598e-02],
       [-2.17567567e+00,  7.59137420e-02,  1.20749953e+00,
         2.37871473e-01, -2.23560478e-02,  2.73820562e+00,
         3.20533605e+00, -2.81570614e+00,  1.77102566e+01,
        -9.69455488e-01, -2.51981134e+00, -1.82115382e+00,
         1.52199735e+00,  9.76495818e-01,  1.45696576e+00,
         5.75756454e-01,  4.07011138e-01,  7.38766397e-02],
       [ 1.34812359e-02,  1.88182246e-02, -3.46591837e-01,
        -1.23480087e-01, -9.77278760e-02, -4.25474868e-02,
        -5.74619045e-01,  2.43113562e-01, -9.69455488e-01,
         4.98363948e-01,  1.36605304e-01,  1.00564123e-01,
        -2.51485949e-01, -1.33695406e-01,  2.42404086e-01,
        -8.02322791e-02,  2.14492472e-02,  1.37499810e-01],
       [ 2.31630226e-01,  1.55645625e-01, -2.00283934e-01,
         2.21538795e-03, -1.99588956e-01, -5.47992424e-01,
        -8.10783067e-01,  2.19388626e-01, -2.51981134e+00,
         1.36605304e-01,  1.06312807e+00,  1.59320410e-01,
        -1.60652150e-01, -6.67751278e-01, -2.19507406e-01,
        -1.31043966e-01, -2.29308759e-01,  1.43078906e-01],
       [ 4.46950454e-01, -7.80351189e-02, -2.26032011e-01,
         1.30844747e-02,  1.24385923e-01, -3.14056807e-01,
        -6.78599601e-05,  4.89202821e-01, -1.82115382e+00,
         1.00564123e-01,  1.59320410e-01,  6.71051863e-01,
        -2.27564662e-01,  7.29430317e-02, -3.24685605e-01,
        -4.84886118e-02, -1.83935047e-02, -1.19799450e-01],
       [-2.55750306e-01, -1.32792511e-01,  2.41415778e-01,
         3.85919151e-01, -6.53834353e-02,  2.23291056e-01,
         1.04942276e+00, -1.35039376e+00,  1.52199735e+00,
        -2.51485949e-01, -1.60652150e-01, -2.27564662e-01,
         6.38633503e-01,  1.44737695e-01,  2.46859043e-02,
         2.42875698e-01,  4.09185033e-02, -6.10395010e-02],
       [ 1.46804905e-02, -5.90827688e-01,  2.12024168e-01,
         2.07500492e-01,  4.91781232e-01,  3.83785264e-01,
         1.66960670e+00,  2.45303484e-01,  9.76495818e-01,
        -1.33695406e-01, -6.67751278e-01,  7.29430317e-02,
         1.44737695e-01,  1.13874565e+00,  1.99511279e-02,
         4.28777216e-02,  4.06953694e-01, -2.63391672e-01],
       [-3.24025971e-01, -2.25713795e-02, -1.66693926e-01,
        -8.38632830e-02, -1.16033885e-01,  4.97226898e-01,
        -2.63197343e-01, -1.75481631e-01,  1.45696576e+00,
         2.42404086e-01, -2.19507406e-01, -3.24685605e-01,
         2.46859043e-02,  1.99511279e-02,  7.38884738e-01,
         1.46155613e-02,  9.07889803e-02,  2.98477867e-01],
       [-7.99790965e-02,  5.32065194e-03,  6.05651443e-02,
         1.19770419e-01, -2.23244905e-02,  8.03122995e-02,
         2.68991433e-01, -4.33682784e-01,  5.75756454e-01,
        -8.02322791e-02, -1.31043966e-01, -4.84886118e-02,
         2.42875698e-01,  4.28777216e-02,  1.46155613e-02,
         1.34164466e-01,  1.30163402e-02, -1.54716207e-02],
       [-4.27328674e-02, -1.79396401e-01,  2.96053957e-02,
         5.38107069e-02,  1.61092907e-01,  1.61661894e-01,
         5.01198923e-01,  5.29806163e-02,  4.07011138e-01,
         2.14492472e-02, -2.29308759e-01, -1.83935047e-02,
         4.09185033e-02,  4.06953694e-01,  9.07889803e-02,
         1.30163402e-02,  1.86093910e-01, -4.65626102e-02],
       [-9.95935708e-02,  1.78923454e-01, -1.28992947e-01,
        -9.60641900e-02, -1.25105432e-01,  5.91466076e-02,
        -5.04852151e-01,  5.38416598e-02,  7.38766397e-02,
         1.37499810e-01,  1.43078906e-01, -1.19799450e-01,
        -6.10395010e-02, -2.63391672e-01,  2.98477867e-01,
        -1.54716207e-02, -4.65626102e-02,  2.37931528e-01]])
      jac: array([-3.17893859e-07, -4.46679730e-07, -1.07062507e-06, -1.43773882e-06,
        1.48621856e-06, -2.96059473e-08,  2.47579735e-07, -1.73934941e-08,
        9.99200722e-09, -2.52390701e-07,  9.62193288e-09, -4.44089210e-08,
        8.74855743e-07, -4.27435864e-07, -3.63413003e-07,  2.77555756e-07,
       -5.48820249e-07,  5.86937906e-07])
  message: 'Optimization terminated successfully.'
     nfev: 931
      nit: 42
     njev: 49
   status: 0
  success: True
        x: array([ 0.78606603, -0.03401004,  0.44698732,  0.22417271, -0.98167192,
       -1.17840798,  1.20662876, -1.48852688, -1.46464324, -1.12453679,
        0.04596478,  0.61846876,  0.12473101,  0.03736445, -1.05193601,
        0.08852827,  1.26425846, -1.23283931])
