Program Begingeth
      fun: 0.24577735675993329
 hess_inv: array([[ 4.07847781e+00,  3.99223407e-01,  8.12382477e-01,
         2.02724834e+00,  2.55479980e-01, -1.93563606e-01,
         6.57615814e+00,  2.30841348e+00, -2.19991775e+00,
         4.42628879e-01,  8.05138187e-01, -7.28280335e-01,
        -1.77209060e-01, -3.72169835e-01, -1.53113194e-01,
         5.36830448e-02, -1.75472899e-01,  9.42337367e-02],
       [ 3.99223407e-01,  1.54445125e+00, -1.23030772e-01,
         2.42457417e-01,  7.84371870e-01, -1.75400611e-01,
         1.19327234e+00,  9.61275779e-01,  1.07629307e+00,
         4.20931990e-01,  4.55316894e-01, -1.42820803e-01,
        -1.57058686e-01, -1.23908848e-02, -1.58116218e-01,
        -8.42205424e-02,  2.91609190e-02,  1.10191109e-02],
       [ 8.12382477e-01, -1.23030772e-01,  1.61754479e+00,
         4.82768499e-01, -8.44944236e-02,  6.72231243e-01,
         1.80160094e+00, -1.50234979e+00, -1.07572520e+00,
         5.48924502e-02, -4.57201758e-02,  2.68105887e-01,
        -6.47551183e-04,  1.04383091e-01,  6.03789732e-02,
        -1.73624149e-02,  3.12622088e-02,  7.59974536e-02],
       [ 2.02724834e+00,  2.42457417e-01,  4.82768499e-01,
         1.02501392e+00,  1.48267623e-01, -6.02277376e-02,
         3.43234541e+00,  1.04058033e+00, -1.01892768e+00,
         2.05541421e-01,  4.37260209e-01, -3.38714162e-01,
        -8.09015125e-02, -1.78002788e-01, -8.56786263e-02,
         2.51124990e-02, -7.98203414e-02,  4.33711450e-02],
       [ 2.55479980e-01,  7.84371870e-01, -8.44944236e-02,
         1.48267623e-01,  4.28632134e-01, -1.24898447e-01,
         1.11654330e+00,  9.08258291e-01,  6.31197472e-01,
         2.10175539e-01,  2.97216395e-01, -1.46635433e-01,
        -1.19928105e-01, -3.56041053e-02, -8.79642387e-02,
        -5.52444770e-02, -6.78054998e-03,  1.65197302e-02],
       [-1.93563606e-01, -1.75400611e-01,  6.72231243e-01,
        -6.02277376e-02, -1.24898447e-01,  3.90321789e-01,
        -5.41074318e-01, -1.34015819e+00, -2.39115959e-01,
        -9.97335775e-02, -2.16504377e-01,  2.81206238e-01,
         8.09789927e-02,  1.33684387e-01,  6.72005273e-02,
         1.67261896e-03,  6.27840079e-02,  9.83303494e-03],
       [ 6.57615814e+00,  1.19327234e+00,  1.80160094e+00,
         3.43234541e+00,  1.11654330e+00, -5.41074318e-01,
         2.23465627e+01,  8.98864968e+00, -1.37601782e+00,
         6.59194914e-01,  2.71795321e+00, -2.23827848e+00,
        -1.13001399e+00, -1.16417447e+00, -4.03212288e-01,
        -2.15190606e-01, -7.94707172e-01,  4.06112751e-01],
       [ 2.30841348e+00,  9.61275779e-01, -1.50234979e+00,
         1.04058033e+00,  9.08258291e-01, -1.34015819e+00,
         8.98864968e+00,  1.00291805e+01,  1.64222755e+00,
         5.81389365e-01,  1.45347623e+00, -2.23393406e+00,
        -7.10415098e-01, -8.26898759e-01, -1.91329604e-01,
        -6.19945191e-02, -4.52981432e-01,  1.80674608e-01],
       [-2.19991775e+00,  1.07629307e+00, -1.07572520e+00,
        -1.01892768e+00,  6.31197472e-01, -2.39115959e-01,
        -1.37601782e+00,  1.64222755e+00,  5.74920532e+00,
        -3.36074801e-01,  9.34773251e-01, -5.46038021e-01,
        -2.37834635e-02, -8.40653630e-02, -1.55694182e-01,
        -1.19381597e-01,  7.78145732e-02, -1.34783089e-01],
       [ 4.42628879e-01,  4.20931990e-01,  5.48924502e-02,
         2.05541421e-01,  2.10175539e-01, -9.97335775e-02,
         6.59194914e-01,  5.81389365e-01, -3.36074801e-01,
         1.01126124e+00,  3.84835431e-02, -2.67221276e-02,
        -2.69197620e-01, -6.88626393e-03,  5.61852161e-02,
        -3.33085740e-02,  9.65525804e-03,  2.12819511e-01],
       [ 8.05138187e-01,  4.55316894e-01, -4.57201758e-02,
         4.37260209e-01,  2.97216395e-01, -2.16504377e-01,
         2.71795321e+00,  1.45347623e+00,  9.34773251e-01,
         3.84835431e-02,  9.91056652e-01, -4.63328604e-01,
        -1.27965131e-01, -2.65105709e-01, -1.93182188e-01,
        -5.02556673e-02, -7.55825879e-02, -5.37660973e-02],
       [-7.28280335e-01, -1.42820803e-01,  2.68105887e-01,
        -3.38714162e-01, -1.46635433e-01,  2.81206238e-01,
        -2.23827848e+00, -2.23393406e+00, -5.46038021e-01,
        -2.67221276e-02, -4.63328604e-01,  7.86109351e-01,
         1.05875726e-01,  2.63954229e-01,  2.60731673e-02,
        -2.64329362e-02,  1.35503200e-01, -7.09404712e-03],
       [-1.77209060e-01, -1.57058686e-01, -6.47551183e-04,
        -8.09015125e-02, -1.19928105e-01,  8.09789927e-02,
        -1.13001399e+00, -7.10415098e-01, -2.37834635e-02,
        -2.69197620e-01, -1.27965131e-01,  1.05875726e-01,
         1.67473794e-01,  5.71450243e-02,  3.66187240e-03,
         5.40162394e-02,  4.83588517e-02, -7.82593066e-02],
       [-3.72169835e-01, -1.23908848e-02,  1.04383091e-01,
        -1.78002788e-01, -3.56041053e-02,  1.33684387e-01,
        -1.16417447e+00, -8.26898759e-01, -8.40653630e-02,
        -6.88626393e-03, -2.65105709e-01,  2.63954229e-01,
         5.71450243e-02,  1.40819907e-01,  3.77444569e-02,
        -9.99049205e-04,  7.84181509e-02,  2.51082004e-03],
       [-1.53113194e-01, -1.58116218e-01,  6.03789732e-02,
        -8.56786263e-02, -8.79642387e-02,  6.72005273e-02,
        -4.03212288e-01, -1.91329604e-01, -1.55694182e-01,
         5.61852161e-02, -1.93182188e-01,  2.60731673e-02,
         3.66187240e-03,  3.77444569e-02,  8.17597111e-02,
         1.53870287e-02,  4.64802367e-03,  4.97489047e-02],
       [ 5.36830448e-02, -8.42205424e-02, -1.73624149e-02,
         2.51124990e-02, -5.52444770e-02,  1.67261896e-03,
        -2.15190606e-01, -6.19945191e-02, -1.19381597e-01,
        -3.33085740e-02, -5.02556673e-02, -2.64329362e-02,
         5.40162394e-02, -9.99049205e-04,  1.53870287e-02,
         4.40680724e-02,  4.82034777e-03, -1.10261082e-02],
       [-1.75472899e-01,  2.91609190e-02,  3.12622088e-02,
        -7.98203414e-02, -6.78054998e-03,  6.27840079e-02,
        -7.94707172e-01, -4.52981432e-01,  7.78145732e-02,
         9.65525804e-03, -7.55825879e-02,  1.35503200e-01,
         4.83588517e-02,  7.84181509e-02,  4.64802367e-03,
         4.82034777e-03,  7.07105223e-02, -1.28728598e-02],
       [ 9.42337367e-02,  1.10191109e-02,  7.59974536e-02,
         4.33711450e-02,  1.65197302e-02,  9.83303494e-03,
         4.06112751e-01,  1.80674608e-01, -1.34783089e-01,
         2.12819511e-01, -5.37660973e-02, -7.09404712e-03,
        -7.82593066e-02,  2.51082004e-03,  4.97489047e-02,
        -1.10261082e-02, -1.28728598e-02,  8.75161703e-02]])
      jac: array([-2.56992575e-05, -1.72650783e-05, -1.53958328e-05,  6.98772521e-05,
        3.01336733e-05,  2.38814524e-05,  7.08692364e-08, -5.97318491e-06,
       -4.20774526e-07,  2.83106871e-06, -2.20009196e-05, -1.89529873e-05,
       -4.48469040e-05, -2.06501483e-07, -3.49481555e-05,  2.10176321e-05,
        2.89586873e-05, -9.02629823e-06])
  message: 'Desired error not necessarily achieved due to precision loss.'
     nfev: 2347
      nit: 73
     njev: 123
   status: 2
  success: False
        x: array([-1.78478044, -1.01084949,  0.54460626, -1.58803324, -1.04807417,
        0.29611546, -0.3912424 , -1.16705309,  1.1473923 ,  0.04106738,
        0.56746644,  1.10868772,  0.11787574,  0.27678202, -0.2421137 ,
        1.39531884, -0.00284165,  0.01717474])
