Program Begingeth
      fun: 0.35162032905261165
 hess_inv: array([[ 1.98316674e+00, -1.03914642e-01,  1.64668122e-01,
         2.27774616e-01, -2.76285904e-01,  3.97379440e-01,
         2.72226272e-01, -3.85277765e-01,  5.47732849e-01,
         7.38843235e-01, -1.00750361e+00,  1.49879212e-01,
        -8.06637686e-01,  9.89274905e-03,  3.68077103e-02,
        -4.74497789e-02, -1.75164797e-02, -3.06858972e-01],
       [-1.03914642e-01,  7.61100519e-01, -1.06942398e-01,
        -2.95660152e-01,  4.80320379e-02, -2.31320456e-01,
        -1.12018213e+00,  2.24208409e-01, -2.50287147e-01,
        -8.52447119e-01, -7.76913957e-02, -1.16051668e-01,
         3.80194861e-02, -2.54281660e-01, -2.19370505e-01,
         3.24481270e-02,  1.28266862e-02, -1.13525999e-01],
       [ 1.64668122e-01, -1.06942398e-01,  4.25815924e-01,
         9.39946509e-02,  2.19001311e-02,  1.04283404e-01,
        -1.11447796e-01, -2.83773629e-01,  2.90980260e-01,
         4.62355087e-01, -2.66114740e-02, -2.43973061e-03,
        -3.47005982e-02,  1.15080534e-01, -7.49142476e-02,
         4.83472014e-02,  3.39213414e-02,  2.37646475e-02],
       [ 2.27774616e-01, -2.95660152e-01,  9.39946509e-02,
         3.99023982e-01,  6.90681372e-02,  1.86835844e-01,
         1.00120569e+00,  2.85677351e-01,  1.10459207e+00,
         1.15895439e+00,  2.48165103e-01, -1.26353820e-01,
        -1.73065705e-02,  1.04376024e-01,  1.30460904e-01,
         1.18760385e-02, -1.83435144e-02,  4.17765651e-02],
       [-2.76285904e-01,  4.80320379e-02,  2.19001311e-02,
         6.90681372e-02,  3.02153359e-01, -4.46586660e-02,
        -1.71008208e-02,  7.31897313e-01,  8.18986520e-01,
         2.18487193e-01,  8.23894487e-01, -1.94138322e-01,
         1.70407157e-01,  5.95101710e-02, -3.22751109e-02,
         4.99745230e-02,  1.88866912e-02,  4.81877701e-02],
       [ 3.97379440e-01, -2.31320456e-01,  1.04283404e-01,
         1.86835844e-01, -4.46586660e-02,  3.28984408e-01,
         6.18794179e-01, -3.61035312e-01,  9.88672020e-01,
         6.91467627e-01, -3.26163432e-02,  3.81881929e-01,
        -2.00526501e-01,  1.06285633e-01,  1.30289256e-01,
        -3.69113124e-02,  3.00993986e-02, -5.09742375e-05],
       [ 2.72226272e-01, -1.12018213e+00, -1.11447796e-01,
         1.00120569e+00, -1.71008208e-02,  6.18794179e-01,
         6.28699760e+00, -4.88367340e-01,  3.44959970e+00,
         2.51958721e+00,  1.13436054e+00, -2.21113396e-02,
        -2.42800962e-01,  2.73774652e-01,  5.19127892e-01,
        -1.88044090e-01,  7.79209759e-02,  1.19219481e-01],
       [-3.85277765e-01,  2.24208409e-01, -2.83773629e-01,
         2.85677351e-01,  7.31897313e-01, -3.61035312e-01,
        -4.88367340e-01,  4.03167582e+00,  1.33949606e+00,
         5.34248662e-01,  1.44564043e+00, -1.22131629e+00,
         4.54003965e-01, -1.17110307e-02, -1.28724892e-02,
         1.32498540e-01, -7.30026583e-02,  6.50641646e-02],
       [ 5.47732849e-01, -2.50287147e-01,  2.90980260e-01,
         1.10459207e+00,  8.18986520e-01,  9.88672020e-01,
         3.44959970e+00,  1.33949606e+00,  8.64953737e+00,
         3.72257025e+00,  2.88113687e+00,  6.76906558e-02,
        -2.04574716e-01,  3.02425170e-01,  3.34208206e-01,
        -1.59052318e-02,  1.48905846e-01,  1.06548643e-01],
       [ 7.38843235e-01, -8.52447119e-01,  4.62355087e-01,
         1.15895439e+00,  2.18487193e-01,  6.91467627e-01,
         2.51958721e+00,  5.34248662e-01,  3.72257025e+00,
         3.70875307e+00,  7.39522302e-01, -1.22952248e-01,
        -1.37206906e-01,  3.67943099e-01,  3.58430413e-01,
         1.79482757e-02, -7.53287611e-03,  1.19472649e-01],
       [-1.00750361e+00, -7.76913957e-02, -2.66114740e-02,
         2.48165103e-01,  8.23894487e-01, -3.26163432e-02,
         1.13436054e+00,  1.44564043e+00,  2.88113687e+00,
         7.39522302e-01,  2.76115383e+00, -3.95774344e-01,
         4.67006471e-01,  1.87176429e-01, -5.52472566e-03,
         6.85343451e-02,  7.35622201e-02,  1.77515554e-01],
       [ 1.49879212e-01, -1.16051668e-01, -2.43973061e-03,
        -1.26353820e-01, -1.94138322e-01,  3.81881929e-01,
        -2.21113396e-02, -1.22131629e+00,  6.76906558e-02,
        -1.22952248e-01, -3.95774344e-01,  1.13865643e+00,
        -2.15719909e-01,  7.97689372e-02,  1.16044236e-01,
        -7.65629117e-02,  7.38789385e-02, -6.03176641e-03],
       [-8.06637686e-01,  3.80194861e-02, -3.47005982e-02,
        -1.73065705e-02,  1.70407157e-01, -2.00526501e-01,
        -2.42800962e-01,  4.54003965e-01, -2.04574716e-01,
        -1.37206906e-01,  4.67006471e-01, -2.15719909e-01,
         4.13787036e-01,  2.55839721e-03, -2.10321017e-02,
         7.38985469e-02, -2.14501807e-02,  1.42274995e-01],
       [ 9.89274905e-03, -2.54281660e-01,  1.15080534e-01,
         1.04376024e-01,  5.95101710e-02,  1.06285633e-01,
         2.73774652e-01, -1.17110307e-02,  3.02425170e-01,
         3.67943099e-01,  1.87176429e-01,  7.97689372e-02,
         2.55839721e-03,  1.46995572e-01,  5.34288733e-02,
         5.02080264e-03,  3.26943391e-02,  5.03002601e-02],
       [ 3.68077103e-02, -2.19370505e-01, -7.49142476e-02,
         1.30460904e-01, -3.22751109e-02,  1.30289256e-01,
         5.19127892e-01, -1.28724892e-02,  3.34208206e-01,
         3.58430413e-01, -5.52472566e-03,  1.16044236e-01,
        -2.10321017e-02,  5.34288733e-02,  1.53065535e-01,
        -2.91245556e-02, -1.13965226e-02,  5.67610782e-02],
       [-4.74497789e-02,  3.24481270e-02,  4.83472014e-02,
         1.18760385e-02,  4.99745230e-02, -3.69113124e-02,
        -1.88044090e-01,  1.32498540e-01, -1.59052318e-02,
         1.79482757e-02,  6.85343451e-02, -7.65629117e-02,
         7.38985469e-02,  5.02080264e-03, -2.91245556e-02,
         5.19951545e-02, -9.19536873e-03,  1.31398016e-02],
       [-1.75164797e-02,  1.28266862e-02,  3.39213414e-02,
        -1.83435144e-02,  1.88866912e-02,  3.00993986e-02,
         7.79209759e-02, -7.30026583e-02,  1.48905846e-01,
        -7.53287611e-03,  7.35622201e-02,  7.38789385e-02,
        -2.14501807e-02,  3.26943391e-02, -1.13965226e-02,
        -9.19536873e-03,  4.54721141e-02, -6.11595018e-04],
       [-3.06858972e-01, -1.13525999e-01,  2.37646475e-02,
         4.17765651e-02,  4.81877701e-02, -5.09742375e-05,
         1.19219481e-01,  6.50641646e-02,  1.06548643e-01,
         1.19472649e-01,  1.77515554e-01, -6.03176641e-03,
         1.42274995e-01,  5.03002601e-02,  5.67610782e-02,
         1.31398016e-02, -6.11595018e-04,  1.03706426e-01]])
      jac: array([-8.35257789e-07, -4.86388707e-06,  5.67286958e-06,  1.56652469e-06,
        9.20670947e-06, -1.35299179e-05, -3.55271368e-07, -5.94709467e-07,
        1.22457600e-06, -4.20774526e-07, -2.32517709e-06,  2.82514752e-06,
       -2.08610906e-06, -1.03506093e-05,  1.30177350e-05,  1.94066985e-06,
        8.00433793e-06, -9.90689012e-06])
  message: 'Desired error not necessarily achieved due to precision loss.'
     nfev: 2309
      nit: 68
     njev: 121
   status: 2
  success: False
        x: array([ 0.10814743,  0.07224969,  0.74051236,  1.62146364, -0.95085666,
        0.3498374 ,  1.09535445, -2.07153596,  0.75228784,  1.95790721,
       -0.87109539,  0.97807964,  0.03272148,  0.05065631, -0.18880956,
       -1.4905767 , -0.47890399,  0.05352766])
