Program Begingeth
      fun: 0.2629325746324234
 hess_inv: array([[ 4.43396111e+00, -1.37251981e+00, -6.92356899e-01,
         9.73172763e-01, -5.92681502e-01,  9.48419008e-01,
         1.15399143e+00,  2.17627154e+00,  1.02531970e+00,
        -9.39685150e-01, -8.86644743e-01,  1.27926093e+00,
        -7.99138063e-01,  3.97626262e-01,  5.13010340e-01,
        -6.40294438e-02,  5.15725049e-01, -5.03274287e-01],
       [-1.37251981e+00,  3.01163753e+00,  1.11841966e+00,
        -2.05971058e-01,  9.13629579e-01, -1.86499623e-01,
        -2.12251619e+00, -1.32862782e-01,  2.89123640e+00,
         3.31045805e-02,  2.30196808e-01, -1.94328011e+00,
         4.46126743e-01, -4.74774682e-01, -3.27036010e-01,
        -7.95676324e-02, -1.21202369e-01,  1.20520547e-01],
       [-6.92356899e-01,  1.11841966e+00,  2.05052583e+00,
        -4.22052905e-01,  3.23331239e-01,  2.55889480e-01,
        -2.50415248e+00, -2.55300735e+00,  1.76843445e+00,
         1.16771882e-01,  1.12493640e+00, -1.33010004e+00,
         1.48603459e-01, -2.92838200e-01, -4.36185598e-01,
         1.92061978e-01, -1.05139290e-01, -1.86443802e-02],
       [ 9.73172763e-01, -2.05971058e-01, -4.22052905e-01,
         3.31890091e-01, -1.11803201e-01,  1.31826274e-01,
         9.24009974e-01,  1.00993091e+00,  2.83443428e-01,
        -2.68455611e-01, -3.97327019e-01,  2.76166308e-01,
        -1.14460767e-01,  7.27563450e-02,  1.90504730e-01,
        -4.70301835e-02,  1.10492636e-01, -4.77833594e-02],
       [-5.92681502e-01,  9.13629579e-01,  3.23331239e-01,
        -1.11803201e-01,  4.57737610e-01, -5.25372352e-02,
        -1.94491647e+00,  4.79175125e-01,  4.84847404e-01,
         2.34935062e-01,  3.03928033e-02, -5.00446486e-01,
         2.35204600e-01, -7.46363071e-02, -8.19310290e-02,
         2.78706248e-02, -1.51545038e-01,  3.61712132e-02],
       [ 9.48419008e-01, -1.86499623e-01,  2.55889480e-01,
         1.31826274e-01, -5.25372352e-02,  3.90315717e-01,
        -8.01120718e-01,  2.31649895e-01,  7.97505103e-01,
        -3.14435266e-02, -9.70398758e-02,  1.30854546e-01,
        -2.07089770e-01,  7.56695277e-02,  1.01463745e-01,
        -5.81737218e-03,  6.39776048e-02, -1.32119540e-01],
       [ 1.15399143e+00, -2.12251619e+00, -2.50415248e+00,
         9.24009974e-01, -1.94491647e+00, -8.01120718e-01,
         2.02628472e+01, -1.77469489e-01, -2.28898858e+00,
        -2.01242406e+00, -1.00523706e+00,  1.36805147e+00,
        -7.50461759e-01,  2.28229393e-01,  4.88775641e-01,
        -3.57840960e-01,  1.45605611e+00,  5.47690344e-01],
       [ 2.17627154e+00, -1.32862782e-01, -2.55300735e+00,
         1.00993091e+00,  4.79175125e-01,  2.31649895e-01,
        -1.77469489e-01,  9.86128612e+00, -9.75605212e-01,
        -1.36990315e-01, -2.27214217e+00,  1.16893471e+00,
        -1.86088268e-01,  5.50291007e-01,  1.09203425e+00,
        -4.54922162e-01,  2.65991451e-01, -2.61281470e-03],
       [ 1.02531970e+00,  2.89123640e+00,  1.76843445e+00,
         2.83443428e-01,  4.84847404e-01,  7.97505103e-01,
        -2.28898858e+00, -9.75605212e-01,  9.10713562e+00,
        -4.06663634e-01,  2.87952145e-01, -1.96330786e+00,
        -6.12918066e-02, -7.61645506e-01, -1.74950671e-01,
        -2.25425989e-01, -5.50434478e-02, -6.03803690e-02],
       [-9.39685150e-01,  3.31045805e-02,  1.16771882e-01,
        -2.68455611e-01,  2.34935062e-01, -3.14435266e-02,
        -2.01242406e+00, -1.36990315e-01, -4.06663634e-01,
         1.00514146e+00,  1.99030709e-01, -9.27432155e-02,
         7.10327213e-02, -4.09673375e-02, -8.79741070e-02,
         3.95082284e-02, -3.11636517e-01, -7.75934522e-02],
       [-8.86644743e-01,  2.30196808e-01,  1.12493640e+00,
        -3.97327019e-01,  3.03928033e-02, -9.70398758e-02,
        -1.00523706e+00, -2.27214217e+00,  2.87952145e-01,
         1.99030709e-01,  1.38524444e+00, -7.62876855e-01,
         1.36674083e-01, -3.22819892e-01, -4.65629263e-01,
         1.92593942e-01, -1.52923543e-01, -7.59640750e-02],
       [ 1.27926093e+00, -1.94328011e+00, -1.33010004e+00,
         2.76166308e-01, -5.00446486e-01,  1.30854546e-01,
         1.36805147e+00,  1.16893471e+00, -1.96330786e+00,
        -9.27432155e-02, -7.62876855e-01,  1.91049308e+00,
        -3.17010426e-01,  5.18516180e-01,  3.36897703e-01,
         1.97932238e-02,  1.70106361e-01, -7.82101037e-02],
       [-7.99138063e-01,  4.46126743e-01,  1.48603459e-01,
        -1.14460767e-01,  2.35204600e-01, -2.07089770e-01,
        -7.50461759e-01, -1.86088268e-01, -6.12918066e-02,
         7.10327213e-02,  1.36674083e-01, -3.17010426e-01,
         3.11624610e-01, -9.15661608e-02, -9.44684099e-02,
         8.16155183e-02, -1.71680009e-01,  1.36382785e-01],
       [ 3.97626262e-01, -4.74774682e-01, -2.92838200e-01,
         7.27563450e-02, -7.46363071e-02,  7.56695277e-02,
         2.28229393e-01,  5.50291007e-01, -7.61645506e-01,
        -4.09673375e-02, -3.22819892e-01,  5.18516180e-01,
        -9.15661608e-02,  2.27389305e-01,  1.27775661e-01,
         1.27074170e-02,  9.89297763e-02, -7.27465591e-03],
       [ 5.13010340e-01, -3.27036010e-01, -4.36185598e-01,
         1.90504730e-01, -8.19310290e-02,  1.01463745e-01,
         4.88775641e-01,  1.09203425e+00, -1.74950671e-01,
        -8.79741070e-02, -4.65629263e-01,  3.36897703e-01,
        -9.44684099e-02,  1.27775661e-01,  2.41360237e-01,
        -7.90016466e-02,  6.26824130e-02,  3.22133415e-02],
       [-6.40294438e-02, -7.95676324e-02,  1.92061978e-01,
        -4.70301835e-02,  2.78706248e-02, -5.81737218e-03,
        -3.57840960e-01, -4.54922162e-01, -2.25425989e-01,
         3.95082284e-02,  1.92593942e-01,  1.97932238e-02,
         8.16155183e-02,  1.27074170e-02, -7.90016466e-02,
         1.23815835e-01, -5.03679944e-02, -7.05819304e-03],
       [ 5.15725049e-01, -1.21202369e-01, -1.05139290e-01,
         1.10492636e-01, -1.51545038e-01,  6.39776048e-02,
         1.45605611e+00,  2.65991451e-01, -5.50434478e-02,
        -3.11636517e-01, -1.52923543e-01,  1.70106361e-01,
        -1.71680009e-01,  9.89297763e-02,  6.26824130e-02,
        -5.03679944e-02,  2.58064989e-01, -1.49196519e-02],
       [-5.03274287e-01,  1.20520547e-01, -1.86443802e-02,
        -4.77833594e-02,  3.61712132e-02, -1.32119540e-01,
         5.47690344e-01, -2.61281470e-03, -6.03803690e-02,
        -7.75934522e-02, -7.59640750e-02, -7.82101037e-02,
         1.36382785e-01, -7.27465591e-03,  3.22133415e-02,
        -7.05819304e-03, -1.49196519e-02,  1.88841736e-01]])
      jac: array([ 1.88460358e-05, -1.70789309e-05,  4.78102743e-05, -4.21011374e-05,
        1.30195854e-05, -1.31947046e-04,  3.06458562e-06, -8.35627863e-07,
        1.55460829e-05,  6.02295991e-06,  1.36416804e-05,  1.10977894e-05,
        9.33719768e-05,  8.23870601e-05,  1.45017702e-04, -8.91190825e-05,
       -6.35084578e-06, -1.23414982e-04])
  message: 'Desired error not necessarily achieved due to precision loss.'
     nfev: 1873
      nit: 58
     njev: 98
   status: 2
  success: False
        x: array([ 0.39867535, -0.57038436,  0.66800704,  0.91266145, -0.74388265,
        0.07415894,  0.34114271, -1.59538386, -0.543167  ,  0.01808947,
        0.69361325,  1.0631821 ,  0.06922751,  0.10833564, -0.40741479,
       -0.91791712, -0.61990642, -0.0100345 ])
