Program Begingeth
      fun: 0.3249412256581187
 hess_inv: array([[ 6.80796168e+00,  1.33432141e-02, -5.56677561e-01,
        -7.05135770e-02, -9.41340753e-01,  2.26101721e-01,
         3.47623339e-01, -5.59215366e-01,  8.18113252e-01,
        -1.60056324e+00, -8.11162401e-01, -1.76865623e-01,
        -1.87064504e+00, -3.01656027e-01,  3.68818110e-01,
         9.86316523e-01,  5.72206970e-01, -9.52514968e-02],
       [ 1.33432141e-02,  2.91899026e+00,  7.45616347e-02,
         3.82949216e-01,  2.56521627e-01,  2.62313792e-01,
         8.00815572e-01,  1.79671517e+00,  1.61435854e+00,
         4.19686635e-01, -2.23833163e-01, -1.41373468e+00,
         1.10423231e-01, -6.59638527e-01,  4.33089328e-01,
        -1.58159513e-01,  5.17243618e-01,  3.11576927e-03],
       [-5.56677561e-01,  7.45616347e-02,  2.76809001e+00,
        -1.60613466e-01, -1.30872139e-01,  1.72960667e-01,
        -1.42691770e+00, -1.36556544e+00,  6.42900541e-01,
         5.23918595e-01,  1.50039771e+00, -5.14211427e-01,
         3.82289971e-03, -4.26197108e-01, -5.95697502e-01,
        -6.94214311e-02, -3.60278593e-02,  4.36018052e-01],
       [-7.05135770e-02,  3.82949216e-01, -1.60613466e-01,
         1.76393831e-01,  4.29582870e-02, -4.65113814e-02,
         8.06437609e-01,  1.81740720e-01,  2.69977883e-01,
        -1.02946555e-01, -9.03180577e-03, -1.98072550e-01,
         1.65360133e-01, -1.02308109e-01,  3.10582028e-02,
        -6.15020593e-03,  3.37512353e-02, -2.05727153e-02],
       [-9.41340753e-01,  2.56521627e-01, -1.30872139e-01,
         4.29582870e-02,  2.35109807e-01,  1.15987255e-02,
         2.70206254e-02,  7.52987176e-01,  5.44937513e-03,
         3.56074426e-01, -7.58949206e-03, -3.72089109e-03,
         2.55655710e-01,  5.12254232e-02,  4.98143026e-02,
        -1.37963777e-01, -3.19982574e-02, -2.36194848e-02],
       [ 2.26101721e-01,  2.62313792e-01,  1.72960667e-01,
        -4.65113814e-02,  1.15987255e-02,  1.93799774e-01,
        -4.89518621e-01,  3.72128017e-01,  4.53487016e-01,
         3.66228230e-01, -1.38291579e-01, -1.28209621e-01,
        -1.83415895e-01, -4.75138079e-02,  1.31889729e-01,
         5.56913636e-03,  6.21721539e-02,  2.15892322e-02],
       [ 3.47623339e-01,  8.00815572e-01, -1.42691770e+00,
         8.06437609e-01,  2.70206254e-02, -4.89518621e-01,
         5.61050959e+00,  4.39817278e-01,  5.58554516e-01,
        -8.88532135e-01,  1.88425649e-02, -3.50380135e-01,
         5.21776983e-01, -2.91867050e-01, -3.31206386e-02,
         7.26568331e-02,  6.07391069e-02, -2.47241605e-01],
       [-5.59215366e-01,  1.79671517e+00, -1.36556544e+00,
         1.81740720e-01,  7.52987176e-01,  3.72128017e-01,
         4.39817278e-01,  6.08601252e+00,  8.42672494e-01,
         1.47696297e+00, -5.11454126e-01, -4.95969004e-01,
        -8.35147353e-02, -1.41733380e-01,  7.82852927e-01,
        -1.91689997e-01,  2.23495142e-01, -2.90854676e-01],
       [ 8.18113252e-01,  1.61435854e+00,  6.42900541e-01,
         2.69977883e-01,  5.44937513e-03,  4.53487016e-01,
         5.58554516e-01,  8.42672494e-01,  3.30544622e+00,
         6.23399735e-01,  1.12718307e-01, -6.74122684e-01,
        -1.91709205e-01, -5.50088456e-01,  1.28768831e-01,
         7.40979941e-02,  2.73381690e-01,  3.21874159e-02],
       [-1.60056324e+00,  4.19686635e-01,  5.23918595e-01,
        -1.02946555e-01,  3.56074426e-01,  3.66228230e-01,
        -8.88532135e-01,  1.47696297e+00,  6.23399735e-01,
         2.17970107e+00,  2.74821387e-01, -2.00935218e-01,
        -5.45522959e-02, -5.31536307e-02,  9.86629982e-02,
        -2.77093717e-01, -9.62693062e-02, -6.75482254e-02],
       [-8.11162401e-01, -2.23833163e-01,  1.50039771e+00,
        -9.03180577e-03, -7.58949206e-03, -1.38291579e-01,
         1.88425649e-02, -5.11454126e-01,  1.12718307e-01,
         2.74821387e-01,  1.73255997e+00, -1.86745985e-01,
         2.21076693e-01, -3.55900872e-01, -6.21171907e-01,
        -6.21369336e-02, -1.32054678e-01,  1.40012140e-01],
       [-1.76865623e-01, -1.41373468e+00, -5.14211427e-01,
        -1.98072550e-01, -3.72089109e-03, -1.28209621e-01,
        -3.50380135e-01, -4.95969004e-01, -6.74122684e-01,
        -2.00935218e-01, -1.86745985e-01,  1.19627383e+00,
         8.16950919e-03,  4.93291644e-01, -1.80115873e-01,
         8.01024868e-02, -2.25295865e-01, -7.09932220e-02],
       [-1.87064504e+00,  1.10423231e-01,  3.82289971e-03,
         1.65360133e-01,  2.55655710e-01, -1.83415895e-01,
         5.21776983e-01, -8.35147353e-02, -1.91709205e-01,
        -5.45522959e-02,  2.21076693e-01,  8.16950919e-03,
         7.52746319e-01,  5.09963090e-02, -1.40822779e-01,
        -2.32719991e-01, -1.53377454e-01,  4.25857637e-02],
       [-3.01656027e-01, -6.59638527e-01, -4.26197108e-01,
        -1.02308109e-01,  5.12254232e-02, -4.75138079e-02,
        -2.91867050e-01, -1.41733380e-01, -5.50088456e-01,
        -5.31536307e-02, -3.55900872e-01,  4.93291644e-01,
         5.09963090e-02,  3.30884182e-01,  3.00586950e-02,
        -9.60184179e-03, -1.13298072e-01, -3.83441865e-02],
       [ 3.68818110e-01,  4.33089328e-01, -5.95697502e-01,
         3.10582028e-02,  4.98143026e-02,  1.31889729e-01,
        -3.31206386e-02,  7.82852927e-01,  1.28768831e-01,
         9.86629982e-02, -6.21171907e-01, -1.80115873e-01,
        -1.40822779e-01,  3.00586950e-02,  3.60593833e-01,
         3.34289207e-03,  1.05547989e-01, -6.71015577e-02],
       [ 9.86316523e-01, -1.58159513e-01, -6.94214311e-02,
        -6.15020593e-03, -1.37963777e-01,  5.56913636e-03,
         7.26568331e-02, -1.91689997e-01,  7.40979941e-02,
        -2.77093717e-01, -6.21369336e-02,  8.01024868e-02,
        -2.32719991e-01, -9.60184179e-03,  3.34289207e-03,
         1.81720717e-01,  4.85233222e-02, -1.18050757e-02],
       [ 5.72206970e-01,  5.17243618e-01, -3.60278593e-02,
         3.37512353e-02, -3.19982574e-02,  6.21721539e-02,
         6.07391069e-02,  2.23495142e-01,  2.73381690e-01,
        -9.62693062e-02, -1.32054678e-01, -2.25295865e-01,
        -1.53377454e-01, -1.13298072e-01,  1.05547989e-01,
         4.85233222e-02,  1.67311199e-01, -2.58531499e-03],
       [-9.52514968e-02,  3.11576927e-03,  4.36018052e-01,
        -2.05727153e-02, -2.36194848e-02,  2.15892322e-02,
        -2.47241605e-01, -2.90854676e-01,  3.21874159e-02,
        -6.75482254e-02,  1.40012140e-01, -7.09932220e-02,
         4.25857637e-02, -3.83441865e-02, -6.71015577e-02,
        -1.18050757e-02, -2.58531499e-03,  1.12436749e-01]])
      jac: array([-3.85802501e-06,  8.54501655e-07, -9.25185854e-08,  3.00537373e-06,
       -1.50990331e-06, -2.13384865e-06,  8.47470242e-08,  1.33966912e-07,
        2.37957802e-07, -1.45402209e-06,  2.47949809e-07, -3.57861888e-07,
       -7.87629221e-06,  2.50503322e-06,  1.21791466e-06,  8.58720502e-06,
        5.11072666e-07,  1.26195350e-06])
  message: 'Optimization terminated successfully.'
     nfev: 1729
      nit: 79
     njev: 91
   status: 0
  success: True
        x: array([-0.25328316, -0.62721097,  0.02836745,  1.39533315, -0.44950013,
       -0.1168464 ,  1.99058251, -0.56123245, -1.14997988,  0.09353431,
        0.41561945,  1.02503586,  0.27920857,  0.15943501, -0.24694493,
       -1.42255752, -0.86489064,  0.03983488])
