Program Begingeth
      fun: 0.35909317191947043
 hess_inv: array([[ 6.37553027e+00, -8.21819199e-01,  1.34111944e+00,
         2.04956420e+00, -5.95876508e-01,  1.82565528e+00,
        -6.46448004e-01,  4.56450897e-01,  6.90020755e+00,
         2.08691713e-02, -1.09852688e+00,  2.81020463e-01,
        -8.62351342e-01,  3.26600849e-01,  5.50091456e-01,
        -3.83986093e-01,  5.20215786e-01, -2.47710513e-01],
       [-8.21819199e-01,  6.02264609e+00,  1.60304381e+00,
        -2.27696226e-01,  2.57381098e+00,  5.18351564e-01,
        -6.01361869e+00,  1.20440039e+00,  6.51988733e+00,
        -6.23689101e-01,  5.21270693e-01, -1.64611911e+00,
         7.28809035e-01, -4.40493776e-01, -1.59385268e-01,
         9.49785490e-02, -4.13121046e-01,  1.05737647e-01],
       [ 1.34111944e+00,  1.60304381e+00,  2.47033794e+00,
         1.84238573e-01,  5.55522368e-01,  1.27355221e+00,
        -3.23091347e+00, -1.31134626e+00,  4.52847328e+00,
        -4.20399141e-02,  5.14329010e-01, -5.23317216e-01,
        -1.68000166e-01, -6.75354822e-02, -5.06499780e-02,
        -2.54405626e-02,  1.02540278e-01, -1.34225037e-01],
       [ 2.04956420e+00, -2.27696226e-01,  1.84238573e-01,
         7.43297676e-01, -1.79614702e-01,  4.79321284e-01,
         3.06489071e-01,  4.05343659e-01,  2.15457038e+00,
        -4.89728952e-02, -4.47019736e-01,  3.80335004e-02,
        -2.17912577e-01,  8.56856864e-02,  2.17313950e-01,
        -1.23594569e-01,  1.39618692e-01, -3.89753959e-02],
       [-5.95876508e-01,  2.57381098e+00,  5.55522368e-01,
        -1.79614702e-01,  1.21125888e+00,  1.39773338e-01,
        -3.14925794e+00,  1.08572691e+00,  2.33271846e+00,
        -1.88229844e-01,  1.83424626e-01, -6.24385713e-01,
         3.93655739e-01, -1.50004930e-01, -7.08594646e-02,
         9.57050013e-02, -2.34532708e-01,  5.94959614e-02],
       [ 1.82565528e+00,  5.18351564e-01,  1.27355221e+00,
         4.79321284e-01,  1.39773338e-01,  9.36648500e-01,
        -1.76184429e+00, -2.81559128e-01,  3.50479297e+00,
         7.30058873e-02, -9.93856405e-02, -1.31729746e-01,
        -2.56322731e-01,  4.93226473e-02,  1.22451261e-01,
        -1.02681909e-01,  1.21282794e-01, -9.55791173e-02],
       [-6.46448004e-01, -6.01361869e+00, -3.23091347e+00,
         3.06489071e-01, -3.14925794e+00, -1.76184429e+00,
         1.63720100e+01, -3.13124057e+00, -9.37507155e+00,
        -2.58880582e-01, -3.00282859e-01,  1.02702960e+00,
        -6.77464850e-01,  1.82918630e-01,  8.72344394e-02,
        -2.71828833e-01,  7.51180483e-01,  1.24935465e-01],
       [ 4.56450897e-01,  1.20440039e+00, -1.31134626e+00,
         4.05343659e-01,  1.08572691e+00, -2.81559128e-01,
        -3.13124057e+00,  6.61492300e+00,  6.96386948e-01,
         6.06945029e-02, -9.82497589e-01, -1.21752779e-01,
         4.16465012e-01,  1.67780851e-01,  3.99033955e-01,
         9.61422055e-03, -2.55030868e-01,  2.13503318e-01],
       [ 6.90020755e+00,  6.51988733e+00,  4.52847328e+00,
         2.15457038e+00,  2.33271846e+00,  3.50479297e+00,
        -9.37507155e+00,  6.96386948e-01,  2.05767319e+01,
        -5.30938055e-01, -2.96861196e-01, -1.74028352e+00,
        -3.03087653e-01, -3.84540853e-01,  4.74522316e-01,
        -4.42929895e-01,  1.61389015e-03, -1.45515398e-01],
       [ 2.08691713e-02, -6.23689101e-01, -4.20399141e-02,
        -4.89728952e-02, -1.88229844e-01,  7.30058873e-02,
        -2.58880582e-01,  6.06945029e-02, -5.30938055e-01,
         8.17392893e-01,  6.42103135e-03,  2.27775494e-01,
        -2.17739861e-01,  3.39802927e-02, -4.76499736e-02,
         2.43716556e-03, -4.43180846e-02, -1.73598696e-01],
       [-1.09852688e+00,  5.21270693e-01,  5.14329010e-01,
        -4.47019736e-01,  1.83424626e-01, -9.93856405e-02,
        -3.00282859e-01, -9.82497589e-01, -2.96861196e-01,
         6.42103135e-03,  1.04313455e+00, -2.68427826e-01,
         1.12298502e-01, -2.45931234e-01, -3.00244678e-01,
         1.11526804e-01, -6.81650424e-02, -1.00353135e-01],
       [ 2.81020463e-01, -1.64611911e+00, -5.23317216e-01,
         3.80335004e-02, -6.24385713e-01, -1.31729746e-01,
         1.02702960e+00, -1.21752779e-01, -1.74028352e+00,
         2.27775494e-01, -2.68427826e-01,  8.46307596e-01,
        -1.76068778e-01,  2.25701947e-01, -8.48524141e-03,
         3.17294563e-02,  1.34934090e-01, -4.13457025e-02],
       [-8.62351342e-01,  7.28809035e-01, -1.68000166e-01,
        -2.17912577e-01,  3.93655739e-01, -2.56322731e-01,
        -6.77464850e-01,  4.16465012e-01, -3.03087653e-01,
        -2.17739861e-01,  1.12298502e-01, -1.76068778e-01,
         3.27774478e-01, -8.02596315e-02, -5.37714562e-02,
         1.26572064e-01, -1.62594952e-01,  9.99374440e-02],
       [ 3.26600849e-01, -4.40493776e-01, -6.75354822e-02,
         8.56856864e-02, -1.50004930e-01,  4.93226473e-02,
         1.82918630e-01,  1.67780851e-01, -3.84540853e-01,
         3.39802927e-02, -2.45931234e-01,  2.25701947e-01,
        -8.02596315e-02,  1.47002784e-01,  5.51660082e-02,
        -1.33125945e-02,  9.71610215e-02,  3.23720422e-03],
       [ 5.50091456e-01, -1.59385268e-01, -5.06499780e-02,
         2.17313950e-01, -7.08594646e-02,  1.22451261e-01,
         8.72344394e-02,  3.99033955e-01,  4.74522316e-01,
        -4.76499736e-02, -3.00244678e-01, -8.48524141e-03,
        -5.37714562e-02,  5.51660082e-02,  1.55098067e-01,
        -6.23157224e-02,  2.69746471e-02,  5.92771834e-02],
       [-3.83986093e-01,  9.49785490e-02, -2.54405626e-02,
        -1.23594569e-01,  9.57050013e-02, -1.02681909e-01,
        -2.71828833e-01,  9.61422055e-03, -4.42929895e-01,
         2.43716556e-03,  1.11526804e-01,  3.17294563e-02,
         1.26572064e-01, -1.33125945e-02, -6.23157224e-02,
         1.03504029e-01, -6.00897258e-02,  7.25886285e-03],
       [ 5.20215786e-01, -4.13121046e-01,  1.02540278e-01,
         1.39618692e-01, -2.34532708e-01,  1.21282794e-01,
         7.51180483e-01, -2.55030868e-01,  1.61389015e-03,
        -4.43180846e-02, -6.81650424e-02,  1.34934090e-01,
        -1.62594952e-01,  9.71610215e-02,  2.69746471e-02,
        -6.00897258e-02,  1.79420365e-01, -2.88340751e-02],
       [-2.47710513e-01,  1.05737647e-01, -1.34225037e-01,
        -3.89753959e-02,  5.94959614e-02, -9.55791173e-02,
         1.24935465e-01,  2.13503318e-01, -1.45515398e-01,
        -1.73598696e-01, -1.00353135e-01, -4.13457025e-02,
         9.99374440e-02,  3.23720422e-03,  5.92771834e-02,
         7.25886285e-03, -2.88340751e-02,  1.13584288e-01]])
      jac: array([ 3.33066907e-07, -2.55869400e-06,  1.75341223e-06,  8.04911693e-07,
        5.54112312e-06, -3.90983542e-06, -1.67643677e-07, -5.49560397e-07,
        1.53580852e-07,  4.70364488e-07, -1.29414997e-06,  2.39808173e-07,
        1.04694031e-06, -4.92494934e-06,  5.06261699e-07, -1.75563268e-06,
        4.00827519e-06,  2.38697950e-07])
  message: 'Optimization terminated successfully.'
     nfev: 1406
      nit: 65
     njev: 74
   status: 0
  success: True
        x: array([ 0.92659305, -1.22752354,  0.56114689,  1.19336834, -1.22870594,
        0.15762052,  0.72461296, -2.08125253, -0.39659605,  0.02768474,
        0.48730331,  1.18531072, -0.01543806,  0.00426438, -0.32904618,
       -1.13951697, -0.68751373, -0.02607881])
