Program Begingeth
      fun: 0.2561067766928151
 hess_inv: array([[ 3.95973237e+00,  2.25543677e+00,  4.24470514e-01,
         1.40696970e+00,  8.70721450e-01, -8.10643130e-01,
         2.33566462e+00, -1.81843703e+00, -2.21910771e+00,
         6.42219004e-03,  1.05841808e+00, -1.00565826e+00,
        -5.86739433e-01, -4.51127699e-01, -4.74156060e-01,
        -2.42156719e-01, -3.74878071e-01,  1.86108810e-01],
       [ 2.25543677e+00,  4.01672162e+00,  1.21393642e+00,
         8.29969434e-01,  1.77640479e+00, -9.97000817e-02,
         4.97354724e+00,  1.55283665e+00,  1.97475417e+00,
         2.94728306e-01,  6.53709110e-01, -1.39244087e+00,
        -6.50696497e-01, -4.43621161e-01, -3.53618213e-01,
        -1.86376778e-01, -3.98509632e-01,  9.91685783e-02],
       [ 4.24470514e-01,  1.21393642e+00,  2.70730071e+00,
         5.51944631e-01,  3.61119423e-01,  1.04498310e+00,
         4.23787320e+00, -2.73923386e+00,  4.66832882e+00,
        -4.50893786e-02,  1.15018551e+00, -8.01460568e-01,
         3.79204970e-03, -2.42528963e-01, -3.77023045e-01,
        -1.26783087e-01, -3.90814106e-02, -2.06801175e-01],
       [ 1.40696970e+00,  8.29969434e-01,  5.51944631e-01,
         5.96996321e-01,  2.73769211e-01, -1.16517804e-01,
         1.38737771e+00, -1.38352285e+00, -1.08736096e-01,
        -1.70274590e-02,  5.67174001e-01, -4.12162106e-01,
        -1.47139751e-01, -1.74063763e-01, -2.44328189e-01,
        -8.65517240e-02, -9.69365568e-02,  3.09974930e-03],
       [ 8.70721450e-01,  1.77640479e+00,  3.61119423e-01,
         2.73769211e-01,  8.62474212e-01, -7.61234054e-02,
         2.00120433e+00,  1.54008159e+00,  6.23480891e-01,
         1.15694030e-01,  1.45277445e-01, -5.44840783e-01,
        -3.12764973e-01, -1.45657077e-01, -8.92337887e-02,
        -8.48541719e-02, -1.74349817e-01,  7.83877038e-02],
       [-8.10643130e-01, -9.97000817e-02,  1.04498310e+00,
        -1.16517804e-01, -7.61234054e-02,  7.09603999e-01,
         1.30192228e+00, -5.74051474e-01,  2.86159221e+00,
        -1.05765491e-01,  1.51171436e-01, -5.87367619e-02,
         1.80741304e-01,  1.55531654e-02, -5.17211815e-03,
         3.33773259e-02,  6.21302406e-02, -1.28935369e-01],
       [ 2.33566462e+00,  4.97354724e+00,  4.23787320e+00,
         1.38737771e+00,  2.00120433e+00,  1.30192228e+00,
         1.10356666e+01, -1.81042663e+00,  8.58880489e+00,
         9.07531135e-02,  1.84779927e+00, -2.11981824e+00,
        -5.34166249e-01, -7.36146636e-01, -7.38324594e-01,
        -2.38775320e-01, -5.15372561e-01, -2.22717939e-01],
       [-1.81843703e+00,  1.55283665e+00, -2.73923386e+00,
        -1.38352285e+00,  1.54008159e+00, -5.74051474e-01,
        -1.81042663e+00,  1.38373891e+01, -1.89744663e+00,
         2.01698907e-01, -2.25778737e+00,  1.89100021e-01,
        -3.45737182e-01,  3.71147065e-01,  1.01268470e+00,
         2.69191229e-01, -1.01315254e-01,  4.90459377e-01],
       [-2.21910771e+00,  1.97475417e+00,  4.66832882e+00,
        -1.08736096e-01,  6.23480891e-01,  2.86159221e+00,
         8.58880489e+00, -1.89744663e+00,  1.57563836e+01,
        -2.89396977e-01,  1.09958625e+00, -9.66941919e-01,
         3.55025894e-01, -4.64516109e-01, -3.36094520e-01,
         8.05535887e-02, -2.00182009e-01, -5.37793416e-01],
       [ 6.42219004e-03,  2.94728306e-01, -4.50893786e-02,
        -1.70274590e-02,  1.15694030e-01, -1.05765491e-01,
         9.07531135e-02,  2.01698907e-01, -2.89396977e-01,
         5.93998335e-01, -1.12917799e-01, -3.95637416e-02,
        -1.63811709e-01,  3.60753716e-02,  6.78963995e-02,
        -1.01865195e-02,  4.34974148e-02,  1.75437433e-01],
       [ 1.05841808e+00,  6.53709110e-01,  1.15018551e+00,
         5.67174001e-01,  1.45277445e-01,  1.51171436e-01,
         1.84779927e+00, -2.25778737e+00,  1.09958625e+00,
        -1.12917799e-01,  1.16950277e+00, -5.28374924e-01,
        -7.33321775e-02, -2.91067540e-01, -4.08588386e-01,
        -1.34680279e-01, -8.20212382e-02, -1.73899975e-01],
       [-1.00565826e+00, -1.39244087e+00, -8.01460568e-01,
        -4.12162106e-01, -5.44840783e-01, -5.87367619e-02,
        -2.11981824e+00,  1.89100021e-01, -9.66941919e-01,
        -3.95637416e-02, -5.28374924e-01,  8.41145137e-01,
         1.93079448e-01,  2.71715513e-01,  1.69618242e-01,
         4.49585211e-02,  1.83054728e-01,  2.10758767e-02],
       [-5.86739433e-01, -6.50696497e-01,  3.79204970e-03,
        -1.47139751e-01, -3.12764973e-01,  1.80741304e-01,
        -5.34166249e-01, -3.45737182e-01,  3.55025894e-01,
        -1.63811709e-01, -7.33321775e-02,  1.93079448e-01,
         2.36552970e-01,  7.70704199e-02,  3.53491230e-02,
         9.24229022e-02,  1.07982149e-01, -1.04525958e-01],
       [-4.51127699e-01, -4.43621161e-01, -2.42528963e-01,
        -1.74063763e-01, -1.45657077e-01,  1.55531654e-02,
        -7.36146636e-01,  3.71147065e-01, -4.64516109e-01,
         3.60753716e-02, -2.91067540e-01,  2.71715513e-01,
         7.70704199e-02,  1.65270045e-01,  1.08118432e-01,
         2.88245724e-02,  1.19786587e-01,  3.01880925e-02],
       [-4.74156060e-01, -3.53618213e-01, -3.77023045e-01,
        -2.44328189e-01, -8.92337887e-02, -5.17211815e-03,
        -7.38324594e-01,  1.01268470e+00, -3.36094520e-01,
         6.78963995e-02, -4.08588386e-01,  1.69618242e-01,
         3.53491230e-02,  1.08118432e-01,  2.05577352e-01,
         6.40541239e-02,  3.81965896e-02,  9.65237930e-02],
       [-2.42156719e-01, -1.86376778e-01, -1.26783087e-01,
        -8.65517240e-02, -8.48541719e-02,  3.33773259e-02,
        -2.38775320e-01,  2.69191229e-01,  8.05535887e-02,
        -1.01865195e-02, -1.34680279e-01,  4.49585211e-02,
         9.24229022e-02,  2.88245724e-02,  6.40541239e-02,
         8.45316494e-02,  3.24789033e-02, -8.23181960e-03],
       [-3.74878071e-01, -3.98509632e-01, -3.90814106e-02,
        -9.69365568e-02, -1.74349817e-01,  6.21302406e-02,
        -5.15372561e-01, -1.01315254e-01, -2.00182009e-01,
         4.34974148e-02, -8.20212382e-02,  1.83054728e-01,
         1.07982149e-01,  1.19786587e-01,  3.81965896e-02,
         3.24789033e-02,  1.43245754e-01, -1.69635019e-02],
       [ 1.86108810e-01,  9.91685783e-02, -2.06801175e-01,
         3.09974930e-03,  7.83877038e-02, -1.28935369e-01,
        -2.22717939e-01,  4.90459377e-01, -5.37793416e-01,
         1.75437433e-01, -1.73899975e-01,  2.10758767e-02,
        -1.04525958e-01,  3.01880925e-02,  9.65237930e-02,
        -8.23181960e-03, -1.69635019e-02,  1.50714206e-01]])
      jac: array([-8.22305187e-07,  2.85068265e-06, -1.10541206e-06,  1.19793064e-06,
       -1.84074978e-06,  4.39278243e-06, -1.01252340e-06, -1.95769327e-07,
       -2.93839027e-07,  4.29286236e-08,  9.96610202e-07,  8.24525633e-07,
       -1.10171131e-06,  1.19904087e-06, -2.52094641e-06,  3.74848301e-06,
       -2.58496928e-06,  2.33294865e-06])
  message: 'Optimization terminated successfully.'
     nfev: 1197
      nit: 56
     njev: 63
   status: 0
  success: True
        x: array([-0.62501362, -0.92708236,  0.63649054, -0.88403051, -1.03662177,
        0.15074548, -0.53270256, -1.6807302 , -0.52327801,  0.07685074,
        0.66482932,  1.16583615,  0.10285255,  0.17697244, -0.36157678,
        1.09318184, -0.31484725, -0.03598195])
