Program Begingeth
      fun: 0.37567936827992277
 hess_inv: array([[ 6.76702401e+00, -5.50607956e-01,  1.30167352e-02,
         3.12803176e+00, -3.30542201e-01,  9.86442219e-01,
         7.87896850e+00, -1.35435236e+00,  6.53063676e+00,
         8.15179397e-01, -8.20691566e-01,  8.26946829e-01,
        -4.24154136e-01,  4.21638945e-01,  3.49059403e-01,
         1.67145805e-02,  3.45811561e-01,  5.90338939e-04],
       [-5.50607956e-01,  2.60344677e+00, -1.07104831e-01,
        -3.00955226e-01,  1.30881339e+00, -2.61798864e-01,
        -2.65858704e+00,  1.42317597e+00,  1.68441757e+00,
        -1.01165112e+00,  2.38193413e-01, -1.00894959e-01,
         4.54665178e-01,  2.64592213e-02, -1.90476880e-01,
         1.70160679e-01, -4.92096068e-02,  1.65033573e-01],
       [ 1.30167352e-02, -1.07104831e-01,  1.61014701e+00,
        -9.42269727e-02, -1.55384664e-01,  7.97234136e-01,
         1.20237790e+00, -2.22097315e+00,  3.26338669e-01,
        -1.43753006e-01, -2.92922598e-02,  1.87684206e-01,
        -1.62338685e-01,  1.74340704e-01,  5.32530772e-02,
        -1.16487690e-02,  1.76416752e-01, -3.20821154e-03],
       [ 3.12803176e+00, -3.00955226e-01, -9.42269727e-02,
         1.47160962e+00, -1.80878276e-01,  4.12912096e-01,
         3.90327076e+00, -5.46982773e-01,  2.91532115e+00,
         4.06309684e-01, -3.95155278e-01,  3.48081823e-01,
        -1.95103249e-01,  1.77873431e-01,  1.70666432e-01,
         1.00977301e-02,  1.50524539e-01, -5.89132030e-03],
       [-3.30542201e-01,  1.30881339e+00, -1.55384664e-01,
        -1.80878276e-01,  7.72507502e-01, -2.27670059e-01,
        -3.21080434e+00,  1.64901359e+00,  7.44086940e-01,
        -4.83476558e-01,  1.91133697e-01, -1.23772548e-01,
         3.72599419e-01, -2.04123524e-02, -9.55471181e-02,
         1.25384678e-01, -1.19892551e-01,  1.25279887e-01],
       [ 9.86442219e-01, -2.61798864e-01,  7.97234136e-01,
         4.12912096e-01, -2.27670059e-01,  5.84927742e-01,
         2.64468913e+00, -1.60394008e+00,  1.17134219e+00,
         1.71610311e-01, -1.84451272e-01,  2.33834863e-01,
        -2.45037257e-01,  1.62339968e-01,  9.50410074e-02,
        -3.40978492e-02,  1.81542650e-01, -2.93373843e-02],
       [ 7.87896850e+00, -2.65858704e+00,  1.20237790e+00,
         3.90327076e+00, -3.21080434e+00,  2.64468913e+00,
         4.56164845e+01, -1.65921437e+01,  7.16248746e+00,
         1.79421741e+00, -2.16778944e+00,  2.19876056e+00,
        -3.41961644e+00,  1.12328004e+00,  4.35432859e-01,
        -7.21425142e-01,  2.27143571e+00, -1.01571058e+00],
       [-1.35435236e+00,  1.42317597e+00, -2.22097315e+00,
        -5.46982773e-01,  1.64901359e+00, -1.60394008e+00,
        -1.65921437e+01,  1.21001512e+01, -2.48828641e-01,
        -1.22192163e-01,  9.75913107e-01, -1.60125618e+00,
         1.33549245e+00, -6.15610007e-01, -2.97983414e-02,
         2.25787795e-01, -8.83976829e-01,  3.66737833e-01],
       [ 6.53063676e+00,  1.68441757e+00,  3.26338669e-01,
         2.91532115e+00,  7.44086940e-01,  1.17134219e+00,
         7.16248746e+00, -2.48828641e-01,  1.25131570e+01,
         3.02467296e-01,  3.09540843e-01,  6.12573631e-01,
        -2.73351672e-01,  3.08377546e-01,  1.26933475e-01,
         1.57664028e-01,  4.47377664e-01,  1.14552643e-01],
       [ 8.15179397e-01, -1.01165112e+00, -1.43753006e-01,
         4.06309684e-01, -4.83476558e-01,  1.71610311e-01,
         1.79421741e+00, -1.22192163e-01,  3.02467296e-01,
         1.50856896e+00,  3.05186978e-02, -1.18828683e-02,
        -4.48853483e-01, -5.67230425e-02,  1.89158496e-02,
        -8.79030739e-02, -2.20304784e-03, -2.77301668e-01],
       [-8.20691566e-01,  2.38193413e-01, -2.92922598e-02,
        -3.95155278e-01,  1.91133697e-01, -1.84451272e-01,
        -2.16778944e+00,  9.75913107e-01,  3.09540843e-01,
         3.05186978e-02,  8.82253411e-01, -2.58778160e-01,
         1.25788624e-01, -2.44388978e-01, -1.81745877e-01,
         5.39367893e-02, -1.10058049e-01, -7.45332330e-02],
       [ 8.26946829e-01, -1.00894959e-01,  1.87684206e-01,
         3.48081823e-01, -1.23772548e-01,  2.33834863e-01,
         2.19876056e+00, -1.60125618e+00,  6.12573631e-01,
        -1.18828683e-02, -2.58778160e-01,  6.88388299e-01,
        -1.13223067e-01,  1.97614799e-01, -4.26818029e-02,
         4.26848318e-02,  1.65324460e-01, -5.20743522e-03],
       [-4.24154136e-01,  4.54665178e-01, -1.62338685e-01,
        -1.95103249e-01,  3.72599419e-01, -2.45037257e-01,
        -3.41961644e+00,  1.33549245e+00, -2.73351672e-01,
        -4.48853483e-01,  1.25788624e-01, -1.13223067e-01,
         4.00260013e-01, -6.41197229e-02, -2.92581561e-02,
         1.22400895e-01, -1.76419929e-01,  1.46137642e-01],
       [ 4.21638945e-01,  2.64592213e-02,  1.74340704e-01,
         1.77873431e-01, -2.04123524e-02,  1.62339968e-01,
         1.12328004e+00, -6.15610007e-01,  3.08377546e-01,
        -5.67230425e-02, -2.44388978e-01,  1.97614799e-01,
        -6.41197229e-02,  1.43407395e-01,  3.66631010e-02,
        -3.60534708e-03,  1.11849429e-01,  2.04259833e-02],
       [ 3.49059403e-01, -1.90476880e-01,  5.32530772e-02,
         1.70666432e-01, -9.55471181e-02,  9.50410074e-02,
         4.35432859e-01, -2.97983414e-02,  1.26933475e-01,
         1.89158496e-02, -1.81745877e-01, -4.26818029e-02,
        -2.92581561e-02,  3.66631010e-02,  1.06574614e-01,
        -2.58819992e-02,  1.27433671e-02,  4.74862426e-02],
       [ 1.67145805e-02,  1.70160679e-01, -1.16487690e-02,
         1.00977301e-02,  1.25384678e-01, -3.40978492e-02,
        -7.21425142e-01,  2.25787795e-01,  1.57664028e-01,
        -8.79030739e-02,  5.39367893e-02,  4.26848318e-02,
         1.22400895e-01, -3.60534708e-03, -2.58819992e-02,
         7.60673754e-02, -3.93247713e-02,  3.28726574e-02],
       [ 3.45811561e-01, -4.92096068e-02,  1.76416752e-01,
         1.50524539e-01, -1.19892551e-01,  1.81542650e-01,
         2.27143571e+00, -8.83976829e-01,  4.47377664e-01,
        -2.20304784e-03, -1.10058049e-01,  1.65324460e-01,
        -1.76419929e-01,  1.11849429e-01,  1.27433671e-02,
        -3.93247713e-02,  1.80624090e-01, -3.77467520e-02],
       [ 5.90338939e-04,  1.65033573e-01, -3.20821154e-03,
        -5.89132030e-03,  1.25279887e-01, -2.93373843e-02,
        -1.01571058e+00,  3.66737833e-01,  1.14552643e-01,
        -2.77301668e-01, -7.45332330e-02, -5.20743522e-03,
         1.46137642e-01,  2.04259833e-02,  4.74862426e-02,
         3.28726574e-02, -3.77467520e-02,  1.18369270e-01]])
      jac: array([ 2.92614081e-05,  5.36718818e-06,  1.39821488e-05, -6.59997982e-05,
       -8.75114796e-06, -3.14207919e-05,  4.53822165e-06,  1.28008715e-06,
        6.00260582e-07,  1.49809794e-05,  1.55061149e-07,  9.18635538e-06,
        3.91379521e-05, -1.96398453e-06,  2.77252295e-05, -9.96166113e-06,
       -1.61252493e-05,  3.18485978e-06])
  message: 'Desired error not necessarily achieved due to precision loss.'
     nfev: 2671
      nit: 84
     njev: 140
   status: 2
  success: False
        x: array([ 1.76474772, -1.02003441,  0.61432692,  1.65201646, -1.08527493,
        0.30042692,  0.48873797, -1.66943478,  0.66512202, -0.02334775,
        0.35263073,  1.17348509, -0.02729838,  0.06732076, -0.24535589,
       -1.3365522 , -0.60021476,  0.02138149])
