Program Begingeth
      fun: 0.29159057003634764
 hess_inv: array([[ 4.41955010e+00,  1.76544425e+00, -1.08561122e-01,
         1.46186549e+00,  8.92551033e-01, -1.00110126e+00,
         2.05997984e+00, -6.76990914e-01, -3.09720037e+00,
        -2.41184681e-01,  8.51722073e-01, -5.95794860e-01,
        -6.47508739e-01, -3.46981278e-01, -3.98536488e-01,
        -2.32238642e-01, -5.01553753e-01,  2.87311376e-01],
       [ 1.76544425e+00,  4.33206110e+00,  1.13356836e+00,
         5.20284714e-01,  1.88511354e+00, -3.66504384e-02,
         3.94687989e+00,  1.29881787e+00,  2.51456247e+00,
         2.07859045e-01,  5.08186142e-01, -1.41238334e+00,
        -6.03346582e-01, -3.95520137e-01, -2.72164895e-01,
        -9.93748721e-02, -3.70945076e-01,  1.25124543e-01],
       [-1.08561122e-01,  1.13356836e+00,  2.20706181e+00,
         2.68827765e-01,  4.18913223e-01,  8.61509633e-01,
         3.01422773e+00, -1.31072925e+00,  2.75473033e+00,
         3.21745053e-02,  7.03987597e-01, -5.90151408e-01,
         1.82104833e-02, -1.00970620e-01, -1.89263590e-01,
        -1.17029736e-01,  2.74319109e-02, -9.61339707e-02],
       [ 1.46186549e+00,  5.20284714e-01,  2.68827765e-01,
         5.90025678e-01,  2.71529149e-01, -1.99071214e-01,
         1.38419732e+00, -5.55000175e-01, -8.55401340e-01,
        -1.36849377e-01,  4.09966626e-01, -1.77537991e-01,
        -1.53823166e-01, -9.76671418e-02, -1.81809137e-01,
        -8.93177583e-02, -1.38125122e-01,  4.10258895e-02],
       [ 8.92551033e-01,  1.88511354e+00,  4.18913223e-01,
         2.71529149e-01,  9.34545808e-01, -4.38787835e-02,
         2.36565385e+00,  1.16863545e+00,  7.33787566e-01,
        -8.57965973e-03,  1.46533046e-01, -5.19078117e-01,
        -3.27493876e-01, -1.27499437e-01, -1.06083236e-01,
        -9.35817481e-02, -2.22495955e-01,  6.16693722e-02],
       [-1.00110126e+00, -3.66504384e-02,  8.61509633e-01,
        -1.99071214e-01, -4.38787835e-02,  6.16937039e-01,
         9.88479009e-01, -1.62934009e-01,  1.95315076e+00,
        -4.25372061e-02, -1.01695331e-02, -4.78986569e-02,
         1.85156888e-01,  5.44135759e-02,  5.90830556e-02,
         3.17741472e-02,  9.75918120e-02, -9.91743700e-02],
       [ 2.05997984e+00,  3.94687989e+00,  3.01422773e+00,
         1.38419732e+00,  2.36565385e+00,  9.88479009e-01,
         1.53219617e+01,  2.26965180e+00,  3.48747852e+00,
        -8.22459368e-01,  8.71737597e-01, -9.87790457e-01,
        -6.45693860e-01, -2.63050081e-01, -4.59642341e-01,
        -4.22833905e-01, -8.89994392e-01, -2.49416017e-01],
       [-6.76990914e-01,  1.29881787e+00, -1.31072925e+00,
        -5.55000175e-01,  1.16863545e+00, -1.62934009e-01,
         2.26965180e+00,  7.54368951e+00,  5.07299825e-02,
        -2.32356589e-01, -1.21587703e+00, -3.01130901e-03,
        -2.85285980e-01,  1.90773416e-01,  4.70059966e-01,
         1.17859149e-01, -2.60955218e-01,  1.19421692e-01],
       [-3.09720037e+00,  2.51456247e+00,  2.75473033e+00,
        -8.55401340e-01,  7.33787566e-01,  1.95315076e+00,
         3.48747852e+00,  5.07299825e-02,  1.10287628e+01,
         2.30687944e-01,  1.69192195e-01, -1.03466246e+00,
         3.56518730e-01, -3.07952178e-01,  1.05959108e-01,
         2.88265869e-01,  8.00945366e-02, -2.34494354e-01],
       [-2.41184681e-01,  2.07859045e-01,  3.21745053e-02,
        -1.36849377e-01, -8.57965973e-03, -4.25372061e-02,
        -8.22459368e-01, -2.32356589e-01,  2.30687944e-01,
         6.22652897e-01, -5.73456638e-02, -8.45915431e-02,
        -9.76930700e-02,  1.50342103e-02,  6.01045084e-02,
         2.34316627e-02,  1.11586650e-01,  1.57453748e-01],
       [ 8.51722073e-01,  5.08186142e-01,  7.03987597e-01,
         4.09966626e-01,  1.46533046e-01, -1.01695331e-02,
         8.71737597e-01, -1.21587703e+00,  1.69192195e-01,
        -5.73456638e-02,  9.64317728e-01, -3.56144613e-01,
        -6.52324171e-02, -2.36232877e-01, -3.10310846e-01,
        -9.59930623e-02, -5.67519984e-02, -1.07517528e-01],
       [-5.95794860e-01, -1.41238334e+00, -5.90151408e-01,
        -1.77537991e-01, -5.19078117e-01, -4.78986569e-02,
        -9.87790457e-01, -3.01130901e-03, -1.03466246e+00,
        -8.45915431e-02, -3.56144613e-01,  8.19690735e-01,
         1.30641775e-01,  2.39741772e-01,  7.56749372e-02,
        -3.78272122e-02,  1.28433232e-01, -1.71139421e-02],
       [-6.47508739e-01, -6.03346582e-01,  1.82104833e-02,
        -1.53823166e-01, -3.27493876e-01,  1.85156888e-01,
        -6.45693860e-01, -2.85285980e-01,  3.56518730e-01,
        -9.76930700e-02, -6.52324171e-02,  1.30641775e-01,
         2.61380660e-01,  6.21346105e-02,  4.67818013e-02,
         1.10876007e-01,  1.44652896e-01, -1.05295965e-01],
       [-3.46981278e-01, -3.95520137e-01, -1.00970620e-01,
        -9.76671418e-02, -1.27499437e-01,  5.44135759e-02,
        -2.63050081e-01,  1.90773416e-01, -3.07952178e-01,
         1.50342103e-02, -2.36232877e-01,  2.39741772e-01,
         6.21346105e-02,  1.47630821e-01,  6.89428626e-02,
        -1.46858109e-03,  9.78926566e-02,  8.18249002e-03],
       [-3.98536488e-01, -2.72164895e-01, -1.89263590e-01,
        -1.81809137e-01, -1.06083236e-01,  5.90830556e-02,
        -4.59642341e-01,  4.70059966e-01,  1.05959108e-01,
         6.01045084e-02, -3.10310846e-01,  7.56749372e-02,
         4.67818013e-02,  6.89428626e-02,  1.57573001e-01,
         5.97405653e-02,  3.36327694e-02,  6.21125490e-02],
       [-2.32238642e-01, -9.93748721e-02, -1.17029736e-01,
        -8.93177583e-02, -9.35817481e-02,  3.17741472e-02,
        -4.22833905e-01,  1.17859149e-01,  2.88265869e-01,
         2.34316627e-02, -9.59930623e-02, -3.78272122e-02,
         1.10876007e-01, -1.46858109e-03,  5.97405653e-02,
         1.13540306e-01,  5.12614074e-02, -1.21308935e-02],
       [-5.01553753e-01, -3.70945076e-01,  2.74319109e-02,
        -1.38125122e-01, -2.22495955e-01,  9.75918120e-02,
        -8.89994392e-01, -2.60955218e-01,  8.00945366e-02,
         1.11586650e-01, -5.67519984e-02,  1.28433232e-01,
         1.44652896e-01,  9.78926566e-02,  3.36327694e-02,
         5.12614074e-02,  1.90176941e-01, -2.39560830e-02],
       [ 2.87311376e-01,  1.25124543e-01, -9.61339707e-02,
         4.10258895e-02,  6.16693722e-02, -9.91743700e-02,
        -2.49416017e-01,  1.19421692e-01, -2.34494354e-01,
         1.57453748e-01, -1.07517528e-01, -1.71139421e-02,
        -1.05295965e-01,  8.18249002e-03,  6.21125490e-02,
        -1.21308935e-02, -2.39560830e-02,  1.42126004e-01]])
      jac: array([-2.21970590e-06, -2.27077616e-06,  1.54839105e-06,  3.76402613e-06,
        4.40758541e-06,  6.88338275e-08, -5.06261699e-07, -2.16493490e-07,
       -4.13743114e-07, -2.72596760e-06, -7.97140132e-07,  9.79216708e-07,
       -9.85248919e-06, -5.57294951e-06, -1.82927747e-06,  9.92428362e-06,
        4.18258021e-06,  1.21384384e-06])
  message: 'Optimization terminated successfully.'
     nfev: 1387
      nit: 64
     njev: 73
   status: 0
  success: True
        x: array([-0.59657986, -1.03831436,  0.60071545, -0.86619147, -1.12407335,
        0.1393899 , -0.42196684, -1.93130284, -0.47389014,  0.08349395,
        0.59907997,  1.19293424,  0.10395562,  0.07756468, -0.36803222,
        1.08762771, -0.53983965, -0.03727969])
