Program Begingeth
      fun: 0.29584059591115797
 hess_inv: array([[ 1.51327328e+00, -1.55387842e-01,  1.71705986e-01,
         3.08196938e-01, -2.07557833e-01,  3.19830792e-01,
         7.06414431e-01, -2.51589251e-01,  6.27476592e-01,
         8.88754335e-01, -7.40310673e-01, -5.34293864e-02,
        -5.74792567e-01,  1.22698973e-02,  2.78106469e-02,
        -1.93579305e-02, -4.01922909e-02, -2.65693453e-01],
       [-1.55387842e-01,  6.85861356e-01, -1.63260312e-01,
        -3.25531977e-01,  4.68026175e-02, -2.64112569e-01,
        -1.42219228e+00,  2.95562989e-01, -4.49381384e-01,
        -9.14163825e-01, -1.03866479e-01, -6.63804393e-02,
         6.63537710e-02, -2.38523964e-01, -2.20452616e-01,
         3.22995852e-02, -8.97282023e-03, -1.05374636e-01],
       [ 1.71705986e-01, -1.63260312e-01,  3.68128842e-01,
         1.74470206e-01,  3.73593451e-02,  1.63088810e-01,
         2.69424767e-01, -3.43179889e-01,  5.49486642e-01,
         6.75106599e-01,  6.20336558e-02,  2.82119061e-02,
        -3.57570432e-02,  1.39876015e-01, -9.64545502e-03,
         4.34287918e-02,  3.76293050e-02,  3.53854764e-02],
       [ 3.08196938e-01, -3.25531977e-01,  1.74470206e-01,
         5.03132305e-01,  9.47143376e-02,  2.17997603e-01,
         1.38129675e+00,  3.08286363e-01,  1.39690787e+00,
         1.43476811e+00,  3.03973287e-01, -2.67181560e-01,
        -2.19802245e-02,  1.36789601e-01,  1.35036447e-01,
         3.09810622e-02, -6.14044937e-03,  3.91706097e-02],
       [-2.07557833e-01,  4.68026175e-02,  3.73593451e-02,
         9.47143376e-02,  2.92411948e-01, -4.46196299e-02,
         2.01912889e-02,  7.42350784e-01,  8.42447714e-01,
         2.98920230e-01,  7.61894123e-01, -2.37572960e-01,
         1.50321472e-01,  6.27487064e-02, -3.01875907e-02,
         5.45994754e-02,  1.85001155e-02,  4.98806466e-02],
       [ 3.19830792e-01, -2.64112569e-01,  1.63088810e-01,
         2.17997603e-01, -4.46196299e-02,  3.45320817e-01,
         8.74884539e-01, -5.07434659e-01,  9.77912746e-01,
         7.65230634e-01, -1.30309526e-02,  3.65880101e-01,
        -1.63600915e-01,  1.31490483e-01,  1.34359238e-01,
        -2.40836544e-02,  4.00782008e-02,  1.31050488e-02],
       [ 7.06414431e-01, -1.42219228e+00,  2.69424767e-01,
         1.38129675e+00,  2.01912889e-02,  8.74884539e-01,
         8.42161601e+00, -5.59294103e-01,  4.69960905e+00,
         3.58106415e+00,  1.36502972e+00, -4.00497409e-01,
        -4.20200655e-01,  4.51796922e-01,  5.86432991e-01,
        -1.71430135e-01,  1.64297244e-01,  9.39825202e-02],
       [-2.51589251e-01,  2.95562989e-01, -3.43179889e-01,
         3.08286363e-01,  7.42350784e-01, -5.07434659e-01,
        -5.59294103e-01,  4.45041903e+00,  1.34484928e+00,
         5.07004498e-01,  1.40332422e+00, -1.57760183e+00,
         4.39572093e-01, -5.73366193e-02, -7.72305951e-02,
         1.38234197e-01, -8.47009848e-02,  3.73693020e-02],
       [ 6.27476592e-01, -4.49381384e-01,  5.49486642e-01,
         1.39690787e+00,  8.42447714e-01,  9.77912746e-01,
         4.69960905e+00,  1.34484928e+00,  8.82529845e+00,
         4.46678422e+00,  2.80599924e+00, -4.89488209e-01,
        -1.44208217e-01,  4.39926853e-01,  3.39741277e-01,
         6.56886624e-02,  1.78984733e-01,  1.40997798e-01],
       [ 8.88754335e-01, -9.14163825e-01,  6.75106599e-01,
         1.43476811e+00,  2.98920230e-01,  7.65230634e-01,
         3.58106415e+00,  5.07004498e-01,  4.46678422e+00,
         4.40667949e+00,  9.13535294e-01, -4.98862275e-01,
        -1.12380606e-01,  4.60213964e-01,  3.74759696e-01,
         8.33165573e-02,  2.78275615e-02,  1.30004001e-01],
       [-7.40310673e-01, -1.03866479e-01,  6.20336558e-02,
         3.03973287e-01,  7.61894123e-01, -1.30309526e-02,
         1.36502972e+00,  1.40332422e+00,  2.80599924e+00,
         9.13535294e-01,  2.48221318e+00, -5.19767559e-01,
         3.59364229e-01,  2.09990519e-01,  3.87785791e-03,
         7.41536662e-02,  8.66024375e-02,  1.74413267e-01],
       [-5.34293864e-02, -6.63804393e-02,  2.82119061e-02,
        -2.67181560e-01, -2.37572960e-01,  3.65880101e-01,
        -4.00497409e-01, -1.57760183e+00, -4.89488209e-01,
        -4.98862275e-01, -5.19767559e-01,  1.34971070e+00,
        -1.53419365e-01,  6.86438397e-02,  9.39886400e-02,
        -6.56600430e-02,  7.46145753e-02,  1.34779292e-02],
       [-5.74792567e-01,  6.63537710e-02, -3.57570432e-02,
        -2.19802245e-02,  1.50321472e-01, -1.63600915e-01,
        -4.20200655e-01,  4.39572093e-01, -1.44208217e-01,
        -1.12380606e-01,  3.59364229e-01, -1.53419365e-01,
         3.14668713e-01,  2.59300953e-03, -1.89839350e-02,
         6.67062479e-02, -1.33245758e-02,  1.19196053e-01],
       [ 1.22698973e-02, -2.38523964e-01,  1.39876015e-01,
         1.36789601e-01,  6.27487064e-02,  1.31490483e-01,
         4.51796922e-01, -5.73366193e-02,  4.39926853e-01,
         4.60213964e-01,  2.09990519e-01,  6.86438397e-02,
         2.59300953e-03,  1.46052908e-01,  6.74715848e-02,
         8.16272236e-03,  3.93352850e-02,  5.91083536e-02],
       [ 2.78106469e-02, -2.20452616e-01, -9.64545502e-03,
         1.35036447e-01, -3.01875907e-02,  1.34359238e-01,
         5.86432991e-01, -7.72305951e-02,  3.39741277e-01,
         3.74759696e-01,  3.87785791e-03,  9.39886400e-02,
        -1.89839350e-02,  6.74715848e-02,  1.35114625e-01,
        -2.41230307e-02,  2.25730794e-03,  5.89513274e-02],
       [-1.93579305e-02,  3.22995852e-02,  4.34287918e-02,
         3.09810622e-02,  5.45994754e-02, -2.40836544e-02,
        -1.71430135e-01,  1.38234197e-01,  6.56886624e-02,
         8.33165573e-02,  7.41536662e-02, -6.56600430e-02,
         6.67062479e-02,  8.16272236e-03, -2.41230307e-02,
         5.24774216e-02, -9.07063139e-03,  1.03543054e-02],
       [-4.01922909e-02, -8.97282023e-03,  3.76293050e-02,
        -6.14044937e-03,  1.85001155e-02,  4.00782008e-02,
         1.64297244e-01, -8.47009848e-02,  1.78984733e-01,
         2.78275615e-02,  8.66024375e-02,  7.46145753e-02,
        -1.33245758e-02,  3.93352850e-02,  2.25730794e-03,
        -9.07063139e-03,  4.53431579e-02,  1.04297247e-02],
       [-2.65693453e-01, -1.05374636e-01,  3.53854764e-02,
         3.91706097e-02,  4.98806466e-02,  1.31050488e-02,
         9.39825202e-02,  3.73693020e-02,  1.40997798e-01,
         1.30004001e-01,  1.74413267e-01,  1.34779292e-02,
         1.19196053e-01,  5.91083536e-02,  5.89513274e-02,
         1.03543054e-02,  1.04297247e-02,  1.05110849e-01]])
      jac: array([-9.16600129e-06, -5.45674617e-06,  6.09549448e-06,  9.07015204e-06,
       -8.89584702e-06,  3.74959323e-06, -2.56942615e-06,  1.35114142e-06,
       -6.30606678e-07, -7.86407976e-07,  3.08382949e-06, -1.88108788e-06,
       -9.61490147e-06, -1.67847218e-05,  1.70807812e-05,  1.35499019e-05,
        1.72735900e-05, -1.89925853e-05])
  message: 'Desired error not necessarily achieved due to precision loss.'
     nfev: 2064
      nit: 64
     njev: 108
   status: 2
  success: False
        x: array([ 0.11128162,  0.16281165,  0.79788659,  1.53445429, -0.84445496,
        0.33951588,  0.96901944, -1.84515831,  0.85412127,  1.90414199,
       -0.76005816,  0.91237203,  0.04313845,  0.12483158, -0.21689618,
       -1.37430592, -0.38579878,  0.05090987])
