Program Begingeth
      fun: 0.28734988044773097
 hess_inv: array([[ 2.75321728e+00, -5.47040876e-01,  1.32881422e+00,
         9.19779962e-01, -3.42429036e-01,  1.02418453e+00,
        -6.24443011e-01, -1.77218088e-01,  3.56699521e+00,
         1.21010295e-01, -3.91987989e-01, -2.00611581e-01,
        -3.44962344e-01,  1.03829043e-01,  1.95562357e-01,
        -1.72912411e-01,  1.76560574e-01, -9.20033669e-02],
       [-5.47040876e-01,  2.57123815e+00,  1.00344580e+00,
        -1.50811031e-01,  1.11349730e+00,  3.41812135e-01,
        -1.51837269e+00,  8.32974441e-01,  2.10230256e+00,
        -3.12821387e-01,  4.51610538e-01, -6.46694298e-01,
         3.05032154e-01, -2.21125910e-01, -5.88034693e-02,
         7.24261029e-02, -1.43131748e-01,  2.97103762e-02],
       [ 1.32881422e+00,  1.00344580e+00,  7.84035423e+00,
        -5.80396884e-01,  8.65202932e-02,  3.86940132e+00,
        -1.21936016e+01, -6.61167149e+00,  1.13865763e+01,
         8.39083956e-01,  1.69936174e+00, -4.69885565e-01,
        -4.22407955e-01, -1.02322371e-01, -5.48986852e-01,
         9.02031290e-02,  2.20900573e-01, -6.42518382e-01],
       [ 9.19779962e-01, -1.50811031e-01, -5.80396884e-01,
         5.01341612e-01, -6.59553104e-02, -1.50766320e-01,
         1.80729102e+00,  9.96669460e-01, -3.64412045e-02,
        -1.14476631e-01, -3.55346149e-01, -1.06860241e-01,
        -4.32033233e-02,  1.32530900e-02,  1.65038436e-01,
        -8.11682426e-02,  1.16367744e-02,  7.06196382e-02],
       [-3.42429036e-01,  1.11349730e+00,  8.65202932e-02,
        -6.59553104e-02,  5.48374327e-01, -1.42500426e-02,
        -3.67538419e-01,  1.09773286e+00,  2.79500303e-01,
        -1.23717747e-01,  8.16214407e-02, -2.19875856e-01,
         1.65228999e-01, -6.11290634e-02,  1.34967478e-02,
         4.79136838e-02, -6.92150312e-02,  4.83293065e-02],
       [ 1.02418453e+00,  3.41812135e-01,  3.86940132e+00,
        -1.50766320e-01, -1.42500426e-02,  1.99997808e+00,
        -6.00238804e+00, -2.98364082e+00,  5.97834291e+00,
         4.77225269e-01,  6.52696683e-01, -2.03903036e-01,
        -2.64955011e-01, -1.11007859e-02, -2.09239671e-01,
         1.26230733e-02,  1.24627340e-01, -3.11829018e-01],
       [-6.24443011e-01, -1.51837269e+00, -1.21936016e+01,
         1.80729102e+00, -3.67538419e-01, -6.00238804e+00,
         2.45665533e+01,  9.60870095e+00, -1.64658468e+01,
        -1.48992441e+00, -2.33149668e+00,  5.23268128e-02,
         4.50557964e-01, -8.07254460e-02,  9.39790047e-01,
        -3.68066057e-01, -2.90441403e-01,  1.02616275e+00],
       [-1.77218088e-01,  8.32974441e-01, -6.61167149e+00,
         9.96669460e-01,  1.09773286e+00, -2.98364082e+00,
         9.60870095e+00,  1.25994278e+01, -8.80845417e+00,
        -5.43148003e-01, -2.05564501e+00, -7.33399928e-02,
         4.64907195e-01,  1.64914637e-01,  9.21043190e-01,
        -9.78744893e-02, -2.53917195e-01,  7.27339981e-01],
       [ 3.56699521e+00,  2.10230256e+00,  1.13865763e+01,
        -3.64412045e-02,  2.79500303e-01,  5.97834291e+00,
        -1.64658468e+01, -8.80845417e+00,  2.08748286e+01,
         1.24783955e+00,  2.22455627e+00, -9.69445989e-01,
        -7.06505683e-01, -3.70125503e-01, -6.96508422e-01,
        -3.86542666e-02,  1.80209391e-01, -9.57884595e-01],
       [ 1.21010295e-01, -3.12821387e-01,  8.39083956e-01,
        -1.14476631e-01, -1.23717747e-01,  4.77225269e-01,
        -1.48992441e+00, -5.43148003e-01,  1.24783955e+00,
         9.94224396e-01,  2.22774525e-01,  6.61393778e-02,
        -2.79695816e-01, -1.19491681e-03, -1.80782876e-01,
         8.92994827e-04,  8.56439566e-03, -2.91555915e-01],
       [-3.91987989e-01,  4.51610538e-01,  1.69936174e+00,
        -3.55346149e-01,  8.16214407e-02,  6.52696683e-01,
        -2.33149668e+00, -2.05564501e+00,  2.22455627e+00,
         2.22774525e-01,  1.16902209e+00, -1.81877445e-01,
        -2.47829654e-02, -2.27350132e-01, -3.36877510e-01,
         7.96290530e-02, -6.35308135e-03, -2.36824011e-01],
       [-2.00611581e-01, -6.46694298e-01, -4.69885565e-01,
        -1.06860241e-01, -2.19875856e-01, -2.03903036e-01,
         5.23268128e-02, -7.33399928e-02, -9.69445989e-01,
         6.61393778e-02, -1.81877445e-01,  5.26278160e-01,
         1.14856924e-03,  1.29174067e-01, -4.00450857e-02,
         5.99453376e-02,  5.17562328e-02,  2.01552670e-02],
       [-3.44962344e-01,  3.05032154e-01, -4.22407955e-01,
        -4.32033233e-02,  1.65228999e-01, -2.64955011e-01,
         4.50557964e-01,  4.64907195e-01, -7.06505683e-01,
        -2.79695816e-01, -2.47829654e-02,  1.14856924e-03,
         1.73875207e-01, -2.55871779e-02,  3.10525549e-02,
         5.93937652e-02, -5.18157191e-02,  9.94526448e-02],
       [ 1.03829043e-01, -2.21125910e-01, -1.02322371e-01,
         1.32530900e-02, -6.11290634e-02, -1.11007859e-02,
        -8.07254460e-02,  1.64914637e-01, -3.70125503e-01,
        -1.19491681e-03, -2.27350132e-01,  1.29174067e-01,
        -2.55871779e-02,  1.16578745e-01,  4.82242979e-02,
        -1.84873554e-03,  6.51063506e-02,  2.75036632e-02],
       [ 1.95562357e-01, -5.88034693e-02, -5.48986852e-01,
         1.65038436e-01,  1.34967478e-02, -2.09239671e-01,
         9.39790047e-01,  9.21043190e-01, -6.96508422e-01,
        -1.80782876e-01, -3.36877510e-01, -4.00450857e-02,
         3.10525549e-02,  4.82242979e-02,  1.66244949e-01,
        -3.84825993e-02, -2.85033152e-03,  1.26024907e-01],
       [-1.72912411e-01,  7.24261029e-02,  9.02031290e-02,
        -8.11682426e-02,  4.79136838e-02,  1.26230733e-02,
        -3.68066057e-01, -9.78744893e-02, -3.86542666e-02,
         8.92994827e-04,  7.96290530e-02,  5.99453376e-02,
         5.93937652e-02, -1.84873554e-03, -3.84825993e-02,
         6.34349185e-02, -1.05822657e-02, -4.64311533e-03],
       [ 1.76560574e-01, -1.43131748e-01,  2.20900573e-01,
         1.16367744e-02, -6.92150312e-02,  1.24627340e-01,
        -2.90441403e-01, -2.53917195e-01,  1.80209391e-01,
         8.56439566e-03, -6.35308135e-03,  5.17562328e-02,
        -5.18157191e-02,  6.51063506e-02, -2.85033152e-03,
        -1.05822657e-02,  7.99352187e-02, -1.61556959e-02],
       [-9.20033669e-02,  2.97103762e-02, -6.42518382e-01,
         7.06196382e-02,  4.83293065e-02, -3.11829018e-01,
         1.02616275e+00,  7.27339981e-01, -9.57884595e-01,
        -2.91555915e-01, -2.36824011e-01,  2.01552670e-02,
         9.94526448e-02,  2.75036632e-02,  1.26024907e-01,
        -4.64311533e-03, -1.61556959e-02,  1.53476869e-01]])
      jac: array([-1.10260319e-04,  3.61899399e-05,  1.07053995e-04,  3.53184149e-04,
       -8.06917496e-05, -2.09052035e-04, -3.10362847e-05,  4.07488858e-06,
        9.43023437e-06, -3.68253576e-05,  6.62973380e-05,  8.63831229e-05,
       -4.11134090e-05,  1.79142997e-04,  2.36860901e-04, -1.21599027e-04,
       -1.39749693e-04, -2.42925680e-04])
  message: 'Desired error not necessarily achieved due to precision loss.'
     nfev: 2195
      nit: 75
     njev: 115
   status: 2
  success: False
        x: array([ 1.07495062, -1.40958702,  0.49118541,  1.34895243, -1.3734744 ,
        0.13257639,  1.12258913, -1.83915809, -0.8107551 ,  0.10629036,
        0.53108184,  1.14118599,  0.00322746,  0.23036752, -0.27067808,
       -1.24801816, -0.02393913, -0.00214291])
