Program Begingeth
      fun: 0.24788272509396428
 hess_inv: array([[ 3.32665549e+00,  3.92489238e-01,  1.12392086e+00,
         1.73447637e+00,  1.58398530e-01,  8.39050620e-02,
         4.40025140e+00,  2.48322352e-01, -2.61847868e+00,
         4.15363439e-01,  6.45587049e-01, -1.95091709e-01,
        -2.04990248e-02, -2.05399832e-01, -1.33840135e-01,
         3.92280315e-02, -5.73714062e-02,  4.73947162e-02],
       [ 3.92489238e-01,  1.20423919e+00,  6.79936336e-02,
         2.49576839e-01,  6.10474041e-01, -7.49364732e-02,
         9.98730707e-01,  7.19312800e-01,  5.75166646e-01,
         4.14692465e-01,  4.27532534e-01, -3.01633335e-02,
        -1.20056979e-01, -1.22609966e-02, -1.24878992e-01,
        -6.74910698e-02,  4.23904541e-02,  1.60398135e-02],
       [ 1.12392086e+00,  6.79936336e-02,  1.58945972e+00,
         6.64259663e-01, -1.23303998e-02,  6.30587313e-01,
         2.08232167e+00, -1.41438705e+00, -1.10979185e+00,
         9.83763230e-02,  1.88504428e-02,  2.21135821e-01,
         3.38031281e-02,  1.02531994e-01,  2.95905617e-02,
        -4.73297293e-03,  7.00198626e-02,  5.76705994e-02],
       [ 1.73447637e+00,  2.49576839e-01,  6.64259663e-01,
         9.23210914e-01,  1.06474432e-01,  7.84986562e-02,
         2.48778966e+00,  6.61170057e-02, -1.29963664e+00,
         2.07656532e-01,  3.68297779e-01, -7.79854118e-02,
        -5.49547376e-03, -9.81924709e-02, -7.96839357e-02,
         1.81183288e-02, -2.07062688e-02,  2.16776347e-02],
       [ 1.58398530e-01,  6.10474041e-01, -1.23303998e-02,
         1.06474432e-01,  3.39275798e-01, -7.05006416e-02,
         7.41368385e-01,  7.11149992e-01,  3.94901950e-01,
         2.06480219e-01,  2.75574045e-01, -4.77098938e-02,
        -9.13012203e-02, -2.27546629e-02, -7.37855938e-02,
        -5.14772633e-02,  9.26370007e-03,  1.12297740e-02],
       [ 8.39050620e-02, -7.49364732e-02,  6.30587313e-01,
         7.84986562e-02, -7.05006416e-02,  3.29259709e-01,
         1.22188258e-01, -9.58057809e-01, -1.59493016e-01,
        -6.64789866e-02, -1.55866995e-01,  1.58578586e-01,
         5.85686657e-02,  1.02240035e-01,  4.92763843e-02,
         8.45195703e-03,  5.76620206e-02,  1.46998154e-02],
       [ 4.40025140e+00,  9.98730707e-01,  2.08232167e+00,
         2.48778966e+00,  7.41368385e-01,  1.22188258e-01,
         1.21212722e+01,  3.16468636e+00, -2.73802086e+00,
         5.98217604e-01,  1.88242278e+00, -4.12334521e-01,
        -4.39360562e-01, -5.16725959e-01, -3.68078088e-01,
        -1.81599207e-01, -2.92625236e-01,  1.48116611e-01],
       [ 2.48322352e-01,  7.19312800e-01, -1.41438705e+00,
         6.61170057e-02,  7.11149992e-01, -9.58057809e-01,
         3.16468636e+00,  6.77444055e+00,  1.34029463e+00,
         4.65731702e-01,  1.12752668e+00, -1.11956675e+00,
        -4.43015341e-01, -4.86557160e-01, -1.71458009e-01,
        -1.20700242e-01, -2.53026875e-01,  5.00870627e-02],
       [-2.61847868e+00,  5.75166646e-01, -1.10979185e+00,
        -1.29963664e+00,  3.94901950e-01, -1.59493016e-01,
        -2.73802086e+00,  1.34029463e+00,  4.75035912e+00,
        -3.04051831e-01,  3.50168720e-01, -2.33104481e-01,
        -1.26951883e-02,  6.68171475e-02, -4.70045375e-02,
        -8.61544391e-02,  1.16301067e-01, -1.10266336e-01],
       [ 4.15363439e-01,  4.14692465e-01,  9.83763230e-02,
         2.07656532e-01,  2.06480219e-01, -6.64789866e-02,
         5.98217604e-01,  4.65731702e-01, -3.04051831e-01,
         9.15007263e-01,  1.56698966e-01, -2.33992314e-02,
        -2.31886947e-01, -2.30473072e-02,  6.16363169e-02,
        -3.68246792e-02,  1.74441974e-02,  2.00372474e-01],
       [ 6.45587049e-01,  4.27532534e-01,  1.88504428e-02,
         3.68297779e-01,  2.75574045e-01, -1.55866995e-01,
         1.88242278e+00,  1.12752668e+00,  3.50168720e-01,
         1.56698966e-01,  8.47956208e-01, -2.44539396e-01,
        -1.05303151e-01, -1.96848661e-01, -1.57269278e-01,
        -5.51940446e-02, -4.25053164e-02, -3.54162787e-02],
       [-1.95091709e-01, -3.01633335e-02,  2.21135821e-01,
        -7.79854118e-02, -4.77098938e-02,  1.58578586e-01,
        -4.12334521e-01, -1.11956675e+00, -2.33104481e-01,
        -2.33992314e-02, -2.44539396e-01,  4.62340523e-01,
         7.34161770e-03,  1.38701991e-01, -6.51925150e-03,
        -4.25650485e-02,  6.28112182e-02,  1.97901265e-02],
       [-2.04990248e-02, -1.20056979e-01,  3.38031281e-02,
        -5.49547376e-03, -9.13012203e-02,  5.85686657e-02,
        -4.39360562e-01, -4.43015341e-01, -1.26951883e-02,
        -2.31886947e-01, -1.05303151e-01,  7.34161770e-03,
         1.22807527e-01,  2.90257523e-02,  1.51200607e-03,
         5.56982427e-02,  2.17903990e-02, -5.88396157e-02],
       [-2.05399832e-01, -1.22609966e-02,  1.02531994e-01,
        -9.81924709e-02, -2.27546629e-02,  1.02240035e-01,
        -5.16725959e-01, -4.86557160e-01,  6.68171475e-02,
        -2.30473072e-02, -1.96848661e-01,  1.38701991e-01,
         2.90257523e-02,  1.02731598e-01,  2.93171779e-02,
        -8.16834235e-04,  6.11797867e-02,  8.30735360e-03],
       [-1.33840135e-01, -1.24878992e-01,  2.95905617e-02,
        -7.96839357e-02, -7.37855938e-02,  4.92763843e-02,
        -3.68078088e-01, -1.71458009e-01, -4.70045375e-02,
         6.16363169e-02, -1.57269278e-01, -6.51925150e-03,
         1.51200607e-03,  2.93171779e-02,  7.79255248e-02,
         1.86096027e-02,  6.18641445e-03,  5.03731685e-02],
       [ 3.92280315e-02, -6.74910698e-02, -4.73297293e-03,
         1.81183288e-02, -5.14772633e-02,  8.45195703e-03,
        -1.81599207e-01, -1.20700242e-01, -8.61544391e-02,
        -3.68246792e-02, -5.51940446e-02, -4.25650485e-02,
         5.56982427e-02, -8.16834235e-04,  1.86096027e-02,
         5.03842003e-02,  1.82400453e-03, -1.02031810e-02],
       [-5.73714062e-02,  4.23904541e-02,  7.00198626e-02,
        -2.07062688e-02,  9.26370007e-03,  5.76620206e-02,
        -2.92625236e-01, -2.53026875e-01,  1.16301067e-01,
         1.74441974e-02, -4.25053164e-02,  6.28112182e-02,
         2.17903990e-02,  6.11797867e-02,  6.18641445e-03,
         1.82400453e-03,  6.13191628e-02, -6.30953605e-05],
       [ 4.73947162e-02,  1.60398135e-02,  5.76705994e-02,
         2.16776347e-02,  1.12297740e-02,  1.46998154e-02,
         1.48116611e-01,  5.00870627e-02, -1.10266336e-01,
         2.00372474e-01, -3.54162787e-02,  1.97901265e-02,
        -5.88396157e-02,  8.30735360e-03,  5.03731685e-02,
        -1.02031810e-02, -6.30953605e-05,  8.05247672e-02]])
      jac: array([-1.26246421e-04, -5.34644551e-05, -1.30503941e-04,  2.58747468e-04,
        1.88274951e-04,  2.80963216e-04,  2.57738275e-06, -2.51132448e-05,
       -1.90758520e-05, -1.30540023e-05, -8.15262672e-05, -6.69290549e-05,
       -5.74044516e-05, -4.08548750e-04, -2.30752824e-04, -6.56589598e-05,
        2.74178643e-04,  1.93084992e-04])
  message: 'Desired error not necessarily achieved due to precision loss.'
     nfev: 2139
      nit: 67
     njev: 112
   status: 2
  success: False
        x: array([-1.82890458, -1.30177501,  0.58756912, -1.58494507, -1.33737162,
        0.33796548, -0.60934227, -1.55818034,  1.18870043, -0.02619309,
        0.51054323,  1.14831383,  0.10277496,  0.29797845, -0.2347227 ,
        1.35169125,  0.1685374 ,  0.01089159])
