Program Begingeth
      fun: 0.3531604928309066
 hess_inv: array([[ 8.59664355e-01, -2.15944385e-01,  5.41603367e-02,
        -2.27853333e-01,  1.36607589e-01,  4.18951389e-01,
        -5.84951039e-01,  8.29607914e-02,  2.93912662e-02,
        -8.31052085e-01,  2.64561366e-01,  8.99825185e-01,
        -3.41023286e-01,  1.02046052e-01,  2.43570785e-02,
         2.41548355e-02, -7.75687425e-02, -2.34085294e-01],
       [-2.15944385e-01,  6.36782479e-01, -1.66478669e-01,
         4.36227517e-01,  2.72526064e-02, -5.32295608e-01,
         1.39885914e+00,  8.52036681e-01,  4.69420374e-01,
         1.50014907e+00,  3.98125616e-02, -1.40306826e+00,
         1.15347604e-01, -2.30573900e-01, -2.14221723e-01,
         2.54614373e-02,  1.00208783e-01, -5.18727911e-02],
       [ 5.41603367e-02, -1.66478669e-01,  3.23307236e-01,
        -2.76621359e-01,  1.15807426e-02,  2.08146009e-01,
        -6.47143930e-01, -5.07823083e-01, -4.01118170e-01,
        -9.55898692e-01, -1.16116861e-01,  7.26651988e-01,
         3.16966378e-03,  1.33692015e-01, -4.49636573e-02,
         6.07203408e-02, -4.88328333e-03,  2.18142007e-02],
       [-2.27853333e-01,  4.36227517e-01, -2.76621359e-01,
         8.54755850e-01,  2.10313915e-01, -6.05081561e-01,
         2.42491139e+00,  1.64635827e+00,  1.53457663e+00,
         2.58465245e+00,  6.22555022e-01, -2.22907864e+00,
         2.36542667e-01, -1.63880780e-01, -5.85177377e-02,
         5.10830289e-02,  7.27181869e-02,  5.09341261e-02],
       [ 1.36607589e-01,  2.72526064e-02,  1.15807426e-02,
         2.10313915e-01,  3.65831588e-01, -8.38207802e-02,
         7.39212454e-01,  1.07679981e+00,  7.32338217e-01,
         4.90091626e-01,  8.79015920e-01, -7.66784988e-01,
         4.18672037e-02,  1.07466496e-01,  3.50731300e-02,
         6.60925757e-02,  3.58280398e-02,  1.48473523e-03],
       [ 4.18951389e-01, -5.32295608e-01,  2.08146009e-01,
        -6.05081561e-01, -8.38207802e-02,  7.80735020e-01,
        -2.04337181e+00, -1.28814711e+00, -6.55524753e-01,
        -2.03719160e+00, -1.11483285e-01,  2.34949451e+00,
        -2.09411327e-01,  1.35854883e-01,  1.87826794e-01,
        -3.65368470e-02, -1.53600998e-01, -3.02276292e-02],
       [-5.84951039e-01,  1.39885914e+00, -6.47143930e-01,
         2.42491139e+00,  7.39212454e-01, -2.04337181e+00,
         8.32759394e+00,  4.96594769e+00,  4.28345918e+00,
         7.06384969e+00,  1.80097453e+00, -7.30949965e+00,
         6.53195329e-01, -3.56431226e-01, -4.04420001e-01,
         1.96938041e-01,  2.89414123e-01,  3.09459834e-02],
       [ 8.29607914e-02,  8.52036681e-01, -5.07823083e-01,
         1.64635827e+00,  1.07679981e+00, -1.28814711e+00,
         4.96594769e+00,  7.27576949e+00,  3.84221654e+00,
         5.81205389e+00,  2.25192760e+00, -6.02942447e+00,
         9.07739315e-03,  2.42086821e-02,  1.38703293e-02,
         5.69833169e-02,  4.14403895e-01,  1.59833201e-03],
       [ 2.93912662e-02,  4.69420374e-01, -4.01118170e-01,
         1.53457663e+00,  7.32338217e-01, -6.55524753e-01,
         4.28345918e+00,  3.84221654e+00,  4.51100492e+00,
         4.53184647e+00,  2.18333283e+00, -3.77091288e+00,
         2.66514793e-01, -1.31298881e-01,  7.56958188e-02,
         7.74293946e-02,  9.69907994e-02,  3.89303727e-02],
       [-8.31052085e-01,  1.50014907e+00, -9.55898692e-01,
         2.58465245e+00,  4.90091626e-01, -2.03719160e+00,
         7.06384969e+00,  5.81205389e+00,  4.53184647e+00,
         8.72696999e+00,  1.40125538e+00, -7.38572991e+00,
         5.02186770e-01, -5.22148267e-01, -1.85280812e-01,
         2.35611950e-02,  4.20880301e-01,  1.53584385e-01],
       [ 2.64561366e-01,  3.98125616e-02, -1.16116861e-01,
         6.22555022e-01,  8.79015920e-01, -1.11483285e-01,
         1.80097453e+00,  2.25192760e+00,  2.18333283e+00,
         1.40125538e+00,  2.52905029e+00, -1.65762101e+00,
         1.59463392e-01,  1.61491014e-01,  1.96817498e-01,
         1.14969055e-01,  2.43899770e-02,  4.87551874e-02],
       [ 8.99825185e-01, -1.40306826e+00,  7.26651988e-01,
        -2.22907864e+00, -7.66784988e-01,  2.34949451e+00,
        -7.30949965e+00, -6.02942447e+00, -3.77091288e+00,
        -7.38572991e+00, -1.65762101e+00,  8.45497309e+00,
        -5.35104143e-01,  1.94508180e-01,  3.32612266e-01,
        -1.22598512e-01, -5.37250582e-01, -1.02867146e-01],
       [-3.41023286e-01,  1.15347604e-01,  3.16966378e-03,
         2.36542667e-01,  4.18672037e-02, -2.09411327e-01,
         6.53195329e-01,  9.07739315e-03,  2.66514793e-01,
         5.02186770e-01,  1.59463392e-01, -5.35104143e-01,
         2.73074584e-01, -5.18077972e-02, -2.92748425e-02,
         7.52594406e-02, -1.45872077e-02,  1.10015699e-01],
       [ 1.02046052e-01, -2.30573900e-01,  1.33692015e-01,
        -1.63880780e-01,  1.07466496e-01,  1.35854883e-01,
        -3.56431226e-01,  2.42086821e-02, -1.31298881e-01,
        -5.22148267e-01,  1.61491014e-01,  1.94508180e-01,
        -5.18077972e-02,  1.94645316e-01,  5.82842745e-02,
         1.73559965e-02,  4.07282636e-02,  2.06854611e-02],
       [ 2.43570785e-02, -2.14221723e-01, -4.49636573e-02,
        -5.85177377e-02,  3.50731300e-02,  1.87826794e-01,
        -4.04420001e-01,  1.38703293e-02,  7.56958188e-02,
        -1.85280812e-01,  1.96817498e-01,  3.32612266e-01,
        -2.92748425e-02,  5.82842745e-02,  1.78198782e-01,
        -3.92097695e-02, -3.11415008e-02,  7.32588675e-02],
       [ 2.41548355e-02,  2.54614373e-02,  6.07203408e-02,
         5.10830289e-02,  6.60925757e-02, -3.65368470e-02,
         1.96938041e-01,  5.69833169e-02,  7.74293946e-02,
         2.35611950e-02,  1.14969055e-01, -1.22598512e-01,
         7.52594406e-02,  1.73559965e-02, -3.92097695e-02,
         7.93476158e-02, -1.02263557e-02, -3.81195846e-04],
       [-7.75687425e-02,  1.00208783e-01, -4.88328333e-03,
         7.27181869e-02,  3.58280398e-02, -1.53600998e-01,
         2.89414123e-01,  4.14403895e-01,  9.69907994e-02,
         4.20880301e-01,  2.43899770e-02, -5.37250582e-01,
        -1.45872077e-02,  4.07282636e-02, -3.11415008e-02,
        -1.02263557e-02,  1.11418384e-01,  1.03936745e-02],
       [-2.34085294e-01, -5.18727911e-02,  2.18142007e-02,
         5.09341261e-02,  1.48473523e-03, -3.02276292e-02,
         3.09459834e-02,  1.59833201e-03,  3.89303727e-02,
         1.53584385e-01,  4.87551874e-02, -1.02867146e-01,
         1.10015699e-01,  2.06854611e-02,  7.32588675e-02,
        -3.81195846e-04,  1.03936745e-02,  1.30843421e-01]])
      jac: array([ 2.10757338e-06, -9.50350909e-07, -7.69014482e-07, -5.24506364e-06,
        2.83439938e-06,  2.13347858e-06,  3.48239955e-07, -1.16943492e-07,
       -2.58681965e-07,  1.26528417e-06, -5.73985304e-07, -4.21884749e-07,
        5.39679412e-06, -2.47209660e-06, -2.03762932e-06, -4.09635289e-06,
        1.68679885e-06,  1.49880108e-06])
  message: 'Optimization terminated successfully.'
     nfev: 1539
      nit: 69
     njev: 81
   status: 0
  success: True
        x: array([ 0.04908139,  0.21253847,  0.76348388,  1.21503519, -1.26303749,
       -0.30568697,  2.20584756, -1.10760914, -1.30238398,  0.95940258,
       -1.7875417 , -0.71451839,  0.11871472, -0.01077653, -0.36160062,
       -1.15743278, -0.37861829,  0.01477331])
