Program Begingeth
      fun: 0.2650995466053835
 hess_inv: array([[ 4.34978871e+00,  3.51753545e-01,  1.14666837e+00,
         2.18878335e+00,  1.31457311e-01, -8.24485492e-02,
         5.04282801e+00,  6.71541554e-01, -3.74477397e+00,
         6.81911983e-01,  5.52560715e-01, -4.93367658e-01,
        -7.44539941e-02, -2.34613881e-01, -1.24853843e-01,
         7.56239236e-02, -6.33522185e-02,  1.03536862e-01],
       [ 3.51753545e-01,  1.54796725e+00, -1.03604366e-01,
         2.19212020e-01,  7.73339155e-01, -1.67526913e-01,
         8.04499848e-01,  9.57592847e-01,  1.06978517e+00,
         4.95768606e-01,  4.73081786e-01, -1.22863713e-01,
        -1.49634412e-01, -1.31040139e-02, -1.67976954e-01,
        -8.55725692e-02,  4.97601177e-02,  4.31462791e-03],
       [ 1.14666837e+00, -1.03604366e-01,  1.64650423e+00,
         6.62880217e-01, -7.54333650e-02,  6.24832507e-01,
         2.28491545e+00, -1.28489343e+00, -1.40018124e+00,
         2.43666063e-01, -6.43228270e-02,  1.65566644e-01,
        -3.53820309e-02,  9.86409674e-02,  7.22461640e-02,
        -1.40720830e-02,  4.03115944e-02,  1.16850588e-01],
       [ 2.18878335e+00,  2.19212020e-01,  6.62880217e-01,
         1.12330306e+00,  9.01423459e-02, -5.25915620e-03,
         2.77532312e+00,  2.68961719e-01, -1.81287660e+00,
         3.44048091e-01,  3.18176880e-01, -2.21825427e-01,
        -3.52452460e-02, -1.11332891e-01, -7.45217647e-02,
         3.53962291e-02, -2.53538029e-02,  5.06142406e-02],
       [ 1.31457311e-01,  7.73339155e-01, -7.54333650e-02,
         9.01423459e-02,  4.25754481e-01, -1.08939206e-01,
         7.90708575e-01,  8.74065015e-01,  6.49740003e-01,
         2.41621905e-01,  3.00782269e-01, -9.66453900e-02,
        -1.16229071e-01, -2.26900354e-02, -9.28866452e-02,
        -6.41138887e-02,  6.22777971e-03,  1.11190633e-02],
       [-8.24485492e-02, -1.67526913e-01,  6.24832507e-01,
        -5.25915620e-03, -1.08939206e-01,  3.49856615e-01,
        -6.61594780e-02, -9.71432747e-01, -9.67907177e-02,
        -6.07032548e-02, -1.91824967e-01,  1.73832819e-01,
         5.04490494e-02,  1.07619588e-01,  7.35032520e-02,
         3.54306654e-03,  5.19704055e-02,  2.87703466e-02],
       [ 5.04282801e+00,  8.04499848e-01,  2.28491545e+00,
         2.77532312e+00,  7.90708575e-01, -6.61594780e-02,
         1.54896275e+01,  4.50075358e+00, -3.77436491e+00,
         1.10035614e+00,  1.83616755e+00, -8.35388717e-01,
        -8.06480169e-01, -6.05828246e-01, -3.30922803e-01,
        -2.32783075e-01, -4.85254578e-01,  3.51182605e-01],
       [ 6.71541554e-01,  9.57592847e-01, -1.28489343e+00,
         2.68961719e-01,  8.74065015e-01, -9.71432747e-01,
         4.50075358e+00,  7.34972667e+00,  1.42672302e+00,
         4.86000376e-01,  1.16552592e+00, -1.28405516e+00,
        -5.09766480e-01, -4.82135962e-01, -1.87047952e-01,
        -1.16163415e-01, -2.72768821e-01,  7.87370193e-02],
       [-3.74477397e+00,  1.06978517e+00, -1.40018124e+00,
        -1.81287660e+00,  6.49740003e-01, -9.67907177e-02,
        -3.77436491e+00,  1.42672302e+00,  7.07729482e+00,
        -5.45052093e-01,  6.39506659e-01, -8.97126378e-02,
         3.23781626e-02,  7.51371049e-02, -1.16016769e-01,
        -1.44762148e-01,  1.48604029e-01, -1.93956497e-01],
       [ 6.81911983e-01,  4.95768606e-01,  2.43666063e-01,
         3.44048091e-01,  2.41621905e-01, -6.07032548e-02,
         1.10035614e+00,  4.86000376e-01, -5.45052093e-01,
         1.02482060e+00,  8.96563406e-02, -6.48804615e-02,
        -2.71557208e-01, -1.07348079e-02,  5.23961205e-02,
        -4.47330653e-02,  1.16852770e-02,  2.28580873e-01],
       [ 5.52560715e-01,  4.73081786e-01, -6.43228270e-02,
         3.18176880e-01,  3.00782269e-01, -1.91824967e-01,
         1.83616755e+00,  1.16552592e+00,  6.39506659e-01,
         8.96563406e-02,  8.86349246e-01, -2.87225628e-01,
        -9.70496491e-02, -2.05451235e-01, -2.00408513e-01,
        -5.30959175e-02, -4.78511632e-02, -7.97633059e-02],
       [-4.93367658e-01, -1.22863713e-01,  1.65566644e-01,
        -2.21825427e-01, -9.66453900e-02,  1.73832819e-01,
        -8.35388717e-01, -1.28405516e+00, -8.97126378e-02,
        -6.48804615e-02, -2.87225628e-01,  5.18569264e-01,
         2.71659896e-02,  1.51405688e-01,  7.80343332e-03,
        -4.26930351e-02,  6.57340301e-02,  1.48789784e-02],
       [-7.44539941e-02, -1.49634412e-01, -3.53820309e-02,
        -3.52452460e-02, -1.16229071e-01,  5.04490494e-02,
        -8.06480169e-01, -5.09766480e-01,  3.23781626e-02,
        -2.71557208e-01, -9.70496491e-02,  2.71659896e-02,
         1.57640001e-01,  2.99481466e-02,  1.32960697e-03,
         6.75081267e-02,  3.80933899e-02, -7.78000298e-02],
       [-2.34613881e-01, -1.31040139e-02,  9.86409674e-02,
        -1.11332891e-01, -2.26900354e-02,  1.07619588e-01,
        -6.05828246e-01, -4.82135962e-01,  7.51371049e-02,
        -1.07348079e-02, -2.05451235e-01,  1.51405688e-01,
         2.99481466e-02,  1.06014946e-01,  3.88103385e-02,
        -2.58615952e-03,  6.29257569e-02,  1.70084729e-02],
       [-1.24853843e-01, -1.67976954e-01,  7.22461640e-02,
        -7.45217647e-02, -9.28866452e-02,  7.35032520e-02,
        -3.30922803e-01, -1.87047952e-01, -1.16016769e-01,
         5.23961205e-02, -2.00408513e-01,  7.80343332e-03,
         1.32960697e-03,  3.88103385e-02,  9.50086392e-02,
         1.68141198e-02,  5.63749193e-03,  6.35217596e-02],
       [ 7.56239236e-02, -8.55725692e-02, -1.40720830e-02,
         3.53962291e-02, -6.41138887e-02,  3.54306654e-03,
        -2.32783075e-01, -1.16163415e-01, -1.44762148e-01,
        -4.47330653e-02, -5.30959175e-02, -4.26930351e-02,
         6.75081267e-02, -2.58615952e-03,  1.68141198e-02,
         5.74731449e-02,  7.50241938e-03, -1.69203573e-02],
       [-6.33522185e-02,  4.97601177e-02,  4.03115944e-02,
        -2.53538029e-02,  6.22777971e-03,  5.19704055e-02,
        -4.85254578e-01, -2.72768821e-01,  1.48604029e-01,
         1.16852770e-02, -4.78511632e-02,  6.57340301e-02,
         3.80933899e-02,  6.29257569e-02,  5.63749193e-03,
         7.50241938e-03,  6.90050525e-02, -6.11434016e-03],
       [ 1.03536862e-01,  4.31462791e-03,  1.16850588e-01,
         5.06142406e-02,  1.11190633e-02,  2.87703466e-02,
         3.51182605e-01,  7.87370193e-02, -1.93956497e-01,
         2.28580873e-01, -7.97633059e-02,  1.48789784e-02,
        -7.78000298e-02,  1.70084729e-02,  6.35217596e-02,
        -1.69203573e-02, -6.11434016e-03,  1.04537065e-01]])
      jac: array([-1.19104726e-05, -1.38648352e-05, -6.61248834e-06,  1.79700699e-05,
        8.02928095e-05, -3.55974509e-06,  3.16169313e-05, -9.92206317e-06,
        1.11903079e-05,  3.72524234e-05, -7.85042402e-05, -7.47957252e-06,
        4.67714756e-05, -1.35015702e-04,  1.26624267e-04, -5.52776343e-05,
        1.90834015e-04, -1.65663039e-04])
  message: 'Desired error not necessarily achieved due to precision loss.'
     nfev: 2175
      nit: 63
     njev: 114
   status: 2
  success: False
        x: array([-1.74125459, -1.11176269,  0.61034561, -1.52772386, -1.16569884,
        0.33587158, -0.53644621, -1.46510855,  1.13638902,  0.02992299,
        0.5169729 ,  1.17578371,  0.11672837,  0.25380973, -0.24952215,
        1.35535044, -0.06222865,  0.00965641])
