Program Begingeth
      fun: 0.3468637555592465
 hess_inv: array([[ 8.39624937e-01, -1.79940696e-01, -5.29611225e-02,
        -1.24298786e-01,  1.33162161e-01,  2.52307015e-01,
        -1.84581229e-01,  3.92777739e-01, -3.86021311e-03,
        -3.71628483e-01,  2.39169033e-01,  3.98631433e-01,
        -3.70112917e-01,  8.47277707e-02, -2.13963690e-02,
         3.92884759e-03, -5.80367213e-02, -2.87752378e-01],
       [-1.79940696e-01,  6.39892521e-01, -6.95981523e-02,
         4.32458437e-01,  1.32775675e-02, -4.06782965e-01,
         1.22072336e+00,  4.14753770e-01,  7.53903803e-01,
         1.29703657e+00,  3.86227228e-02, -9.40907083e-01,
         1.84162995e-01, -2.64226109e-01, -2.34325001e-01,
         7.45442173e-02,  3.05212000e-02, -2.78446824e-02],
       [-5.29611225e-02, -6.95981523e-02,  2.81010496e-01,
        -9.77879320e-02,  8.67943525e-02,  2.63755208e-02,
        -8.07409923e-02,  2.18835021e-02, -1.36373688e-01,
        -3.49822248e-01,  5.52133810e-02,  6.25839996e-02,
         6.16311277e-02,  1.34774765e-01, -5.32378071e-02,
         7.50318043e-02,  5.14807703e-02,  5.49146031e-02],
       [-1.24298786e-01,  4.32458437e-01, -9.77879320e-02,
         1.10365235e+00,  3.99914546e-01, -4.18111302e-01,
         2.90463591e+00,  1.42010329e+00,  2.94499070e+00,
         2.91964284e+00,  1.20187584e+00, -1.92562826e+00,
         4.11961549e-01, -1.89460597e-01, -5.56406110e-02,
         1.57338428e-01, -6.81722549e-02,  1.29498387e-01],
       [ 1.33162161e-01,  1.32775675e-02,  8.67943525e-02,
         3.99914546e-01,  4.66090065e-01, -6.34527063e-02,
         1.21955290e+00,  1.09008648e+00,  1.49519737e+00,
         9.38167002e-01,  1.18429173e+00, -9.00511730e-01,
         1.37695828e-01,  1.20902278e-01,  3.53752001e-02,
         1.20594324e-01,  3.14151867e-03,  4.92914311e-02],
       [ 2.52307015e-01, -4.06782965e-01,  2.63755208e-02,
        -4.18111302e-01, -6.34527063e-02,  4.28834800e-01,
        -1.31783566e+00, -4.72072376e-01, -7.60548676e-01,
        -1.20079002e+00, -1.05294567e-01,  1.18292736e+00,
        -2.20356020e-01,  1.26031096e-01,  1.70556092e-01,
        -8.31257472e-02, -4.45620491e-02, -4.43470416e-02],
       [-1.84581229e-01,  1.22072336e+00, -8.07409923e-02,
         2.90463591e+00,  1.21955290e+00, -1.31783566e+00,
         8.97122968e+00,  4.02341514e+00,  7.88595342e+00,
         7.40590244e+00,  3.25957995e+00, -5.83020287e+00,
         1.05794573e+00, -3.45655646e-01, -3.45320393e-01,
         4.98086443e-01, -1.02053867e-01,  2.40647465e-01],
       [ 3.92777739e-01,  4.14753770e-01,  2.18835021e-02,
         1.42010329e+00,  1.09008648e+00, -4.72072376e-01,
         4.02341514e+00,  4.78179213e+00,  4.71200400e+00,
         4.27941235e+00,  2.48413290e+00, -3.32265038e+00,
         1.65602572e-01,  9.13895583e-02,  9.67002255e-03,
         1.93845024e-01,  7.53460594e-02,  9.49166561e-02],
       [-3.86021311e-03,  7.53903803e-01, -1.36373688e-01,
         2.94499070e+00,  1.49519737e+00, -7.60548676e-01,
         7.88595342e+00,  4.71200400e+00,  9.66646850e+00,
         7.80520953e+00,  4.41225461e+00, -5.24609987e+00,
         9.52290139e-01, -2.27273266e-01,  4.43985618e-02,
         4.03051120e-01, -1.56616987e-01,  3.31342854e-01],
       [-3.71628483e-01,  1.29703657e+00, -3.49822248e-01,
         2.91964284e+00,  9.38167002e-01, -1.20079002e+00,
         7.40590244e+00,  4.27941235e+00,  7.80520953e+00,
         8.38271696e+00,  2.83399776e+00, -5.32614011e+00,
         9.09629871e-01, -5.44543675e-01, -1.57602688e-01,
         3.09201327e-01, -4.22681196e-02,  3.38312665e-01],
       [ 2.39169033e-01,  3.86227228e-02,  5.52133810e-02,
         1.20187584e+00,  1.18429173e+00, -1.05294567e-01,
         3.25957995e+00,  2.48413290e+00,  4.41225461e+00,
         2.83399776e+00,  3.44196259e+00, -2.27442351e+00,
         4.31351696e-01,  1.83262829e-01,  2.12309078e-01,
         2.61259867e-01, -6.26538679e-02,  1.87736847e-01],
       [ 3.98631433e-01, -9.40907083e-01,  6.25839996e-02,
        -1.92562826e+00, -9.00511730e-01,  1.18292736e+00,
        -5.83020287e+00, -3.32265038e+00, -5.24609987e+00,
        -5.32614011e+00, -2.27442351e+00,  4.89652475e+00,
        -7.34756245e-01,  1.30252977e-01,  2.46909448e-01,
        -3.34368803e-01, -1.14423634e-01, -2.37242749e-01],
       [-3.70112917e-01,  1.84162995e-01,  6.16311277e-02,
         4.11961549e-01,  1.37695828e-01, -2.20356020e-01,
         1.05794573e+00,  1.65602572e-01,  9.52290139e-01,
         9.09629871e-01,  4.31351696e-01, -7.34756245e-01,
         3.76154767e-01, -7.04990239e-02, -2.74547406e-02,
         1.26047688e-01, -3.30485191e-02,  1.64975883e-01],
       [ 8.47277707e-02, -2.64226109e-01,  1.34774765e-01,
        -1.89460597e-01,  1.20902278e-01,  1.26031096e-01,
        -3.45655646e-01,  9.13895583e-02, -2.27273266e-01,
        -5.44543675e-01,  1.83262829e-01,  1.30252977e-01,
        -7.04990239e-02,  2.34502199e-01,  7.20509963e-02,
         9.43053844e-03,  7.36208867e-02,  2.39457816e-02],
       [-2.13963690e-02, -2.34325001e-01, -5.32378071e-02,
        -5.56406110e-02,  3.53752001e-02,  1.70556092e-01,
        -3.45320393e-01,  9.67002255e-03,  4.43985618e-02,
        -1.57602688e-01,  2.12309078e-01,  2.46909448e-01,
        -2.74547406e-02,  7.20509963e-02,  1.97826852e-01,
        -5.70901847e-02, -1.83212611e-02,  9.10528013e-02],
       [ 3.92884759e-03,  7.45442173e-02,  7.50318043e-02,
         1.57338428e-01,  1.20594324e-01, -8.31257472e-02,
         4.98086443e-01,  1.93845024e-01,  4.03051120e-01,
         3.09201327e-01,  2.61259867e-01, -3.34368803e-01,
         1.26047688e-01,  9.43053844e-03, -5.70901847e-02,
         1.08030546e-01, -9.88485377e-03,  1.32945853e-02],
       [-5.80367213e-02,  3.05212000e-02,  5.14807703e-02,
        -6.81722549e-02,  3.14151867e-03, -4.45620491e-02,
        -1.02053867e-01,  7.53460594e-02, -1.56616987e-01,
        -4.22681196e-02, -6.26538679e-02, -1.14423634e-01,
        -3.30485191e-02,  7.36208867e-02, -1.83212611e-02,
        -9.88485377e-03,  1.05469865e-01,  1.58393248e-02],
       [-2.87752378e-01, -2.78446824e-02,  5.49146031e-02,
         1.29498387e-01,  4.92914311e-02, -4.43470416e-02,
         2.40647465e-01,  9.49166561e-02,  3.31342854e-01,
         3.38312665e-01,  1.87736847e-01, -2.37242749e-01,
         1.64975883e-01,  2.39457816e-02,  9.10528013e-02,
         1.32945853e-02,  1.58393248e-02,  1.80899262e-01]])
      jac: array([-2.10942375e-07, -1.70271205e-06, -2.52945812e-06, -3.61525624e-06,
        9.99200722e-07,  4.34689322e-06,  2.33886984e-07, -3.98570066e-07,
       -7.35707791e-07,  1.45476224e-06,  7.13873405e-07, -5.31426755e-07,
        7.08322290e-07, -1.36298380e-06, -6.52145005e-06,  5.98780285e-07,
        5.65473594e-07,  3.26479584e-06])
  message: 'Optimization terminated successfully.'
     nfev: 1501
      nit: 66
     njev: 79
   status: 0
  success: True
        x: array([ 0.06851104,  0.27711121,  0.76261554,  1.17035841, -1.2975696 ,
       -0.3519927 ,  2.27404936, -1.09487068, -1.19736511,  0.9932246 ,
       -1.76733756, -0.90552665,  0.13115431,  0.02264496, -0.37198889,
       -1.08629113, -0.21745794,  0.01458343])
