Program Begingeth
      fun: 0.3165488454585473
 hess_inv: array([[ 6.02061501e+00, -7.81900075e-01, -3.06255613e-01,
         8.84895025e-01, -6.24455837e-01,  1.12751045e+00,
        -1.76855561e+00,  1.26949785e+00,  9.44539051e-01,
        -1.36496062e+00, -7.47550257e-01,  7.24087844e-01,
        -1.12130832e+00,  1.52918372e-01,  4.85447335e-01,
         1.30695575e-01,  5.14962160e-01, -7.43362295e-01],
       [-7.81900075e-01,  3.21306975e+00,  8.79412958e-01,
         5.30011297e-02,  7.70282845e-01, -7.07504564e-02,
        -1.75034527e+00, -7.18218797e-01,  3.48144677e+00,
         1.69852160e-01, -1.00764980e-01, -1.91934371e+00,
         3.36168894e-01, -5.00556675e-01, -1.97890975e-01,
        -1.69197171e-01,  4.76466213e-03,  6.99553938e-02],
       [-3.06255613e-01,  8.79412958e-01,  2.03203456e+00,
        -2.54704382e-01,  1.61884153e-01,  2.04060165e-01,
        -3.01903359e-01, -2.49470049e+00,  7.20989652e-01,
        -2.64980966e-02,  1.03163544e+00, -1.15152201e+00,
         1.95818907e-02, -2.25078814e-01, -3.83989358e-01,
         1.69043193e-01,  4.81591895e-02,  7.38704798e-02],
       [ 8.84895025e-01,  5.30011297e-02, -2.54704382e-01,
         2.27555649e-01, -5.02870626e-02,  1.28221728e-01,
        -1.36591912e-01,  5.45661750e-01,  4.43575505e-01,
        -2.16990866e-01, -2.85621314e-01,  4.26861026e-02,
        -8.93347883e-02, -6.77586850e-03,  1.34464751e-01,
        -1.54652089e-03,  5.40536161e-02, -8.11316780e-02],
       [-6.24455837e-01,  7.70282845e-01,  1.61884153e-01,
        -5.02870626e-02,  4.92989466e-01, -3.04960509e-02,
        -3.08905848e+00,  8.38598452e-02,  4.79347092e-01,
         4.67954537e-01, -2.05256137e-02, -3.48742025e-01,
         3.03102902e-01, -2.01682786e-02, -4.64522205e-02,
        -1.95557930e-02, -2.59463910e-01,  9.46034810e-03],
       [ 1.12751045e+00, -7.07504564e-02,  2.04060165e-01,
         1.28221728e-01, -3.04960509e-02,  3.44931374e-01,
        -1.33182656e+00,  1.18938437e-01,  3.99938661e-01,
        -5.79586179e-02, -1.22526429e-01,  5.13995234e-02,
        -2.30630418e-01,  4.60946387e-02,  1.16623789e-01,
         1.39606885e-02,  3.86189449e-02, -1.39780052e-01],
       [-1.76855561e+00, -1.75034527e+00, -3.01903359e-01,
        -1.36591912e-01, -3.08905848e+00, -1.33182656e+00,
         3.90587595e+01, -1.12983157e+00, -1.91356423e+00,
        -3.39298408e+00,  2.53978596e-01,  1.12746402e-01,
        -1.25799909e+00, -2.99731888e-01, -2.78193027e-01,
         7.28176990e-02,  2.80667605e+00,  1.13717841e+00],
       [ 1.26949785e+00, -7.18218797e-01, -2.49470049e+00,
         5.45661750e-01,  8.38598452e-02,  1.18938437e-01,
        -1.12983157e+00,  6.69790009e+00, -6.97821592e-01,
         8.11275839e-02, -1.73185475e+00,  1.13769070e+00,
        -1.65146953e-01,  4.32185009e-01,  8.53413608e-01,
        -3.27360974e-01,  1.72414213e-01, -1.22507899e-01],
       [ 9.44539051e-01,  3.48144677e+00,  7.20989652e-01,
         4.43575505e-01,  4.79347092e-01,  3.99938661e-01,
        -1.91356423e+00, -6.97821592e-01,  8.08369486e+00,
        -3.09110528e-01, -3.74918663e-01, -1.99820359e+00,
         2.09028848e-02, -8.36135001e-01,  5.35304597e-02,
        -3.07694559e-01,  2.32444796e-02,  9.25669093e-02],
       [-1.36496062e+00,  1.69852160e-01, -2.64980966e-02,
        -2.16990866e-01,  4.67954537e-01, -5.79586179e-02,
        -3.39298408e+00,  8.11275839e-02, -3.09110528e-01,
         1.33102324e+00,  9.25959620e-02, -3.23214962e-02,
         2.51926564e-01,  4.02818336e-02, -3.76033061e-02,
        -5.69586967e-02, -4.58396026e-01, -2.81720746e-02],
       [-7.47550257e-01, -1.00764980e-01,  1.03163544e+00,
        -2.85621314e-01, -2.05256137e-02, -1.22526429e-01,
         2.53978596e-01, -1.73185475e+00, -3.74918663e-01,
         9.25959620e-02,  1.34342710e+00, -4.55921686e-01,
         1.10959155e-01, -2.27307495e-01, -4.20349829e-01,
         1.68013799e-01, -1.02394024e-01, -1.05293208e-03],
       [ 7.24087844e-01, -1.91934371e+00, -1.15152201e+00,
         4.26861026e-02, -3.48742025e-01,  5.13995234e-02,
         1.12746402e-01,  1.13769070e+00, -1.99820359e+00,
        -3.23214962e-02, -4.55921686e-01,  1.77948958e+00,
        -2.04292852e-01,  4.73194093e-01,  2.03226029e-01,
         7.63805310e-02,  1.89531509e-03, -9.68619493e-02],
       [-1.12130832e+00,  3.36168894e-01,  1.95818907e-02,
        -8.93347883e-02,  3.03102902e-01, -2.30630418e-01,
        -1.25799909e+00, -1.65146953e-01,  2.09028848e-02,
         2.51926564e-01,  1.10959155e-01, -2.04292852e-01,
         4.28220385e-01, -3.67866987e-02, -8.42003576e-02,
         2.61634753e-02, -2.57143314e-01,  1.50735508e-01],
       [ 1.52918372e-01, -5.00556675e-01, -2.25078814e-01,
        -6.77586850e-03, -2.01682786e-02,  4.60946387e-02,
        -2.99731888e-01,  4.32185009e-01, -8.36135001e-01,
         4.02818336e-02, -2.27307495e-01,  4.73194093e-01,
        -3.67866987e-02,  2.20698087e-01,  8.39604601e-02,
         3.10833890e-02,  1.60013742e-02, -7.98398479e-03],
       [ 4.85447335e-01, -1.97890975e-01, -3.83989358e-01,
         1.34464751e-01, -4.64522205e-02,  1.16623789e-01,
        -2.78193027e-01,  8.53413608e-01,  5.35304597e-02,
        -3.76033061e-02, -4.20349829e-01,  2.03226029e-01,
        -8.42003576e-02,  8.39604601e-02,  2.17738447e-01,
        -5.90025293e-02,  1.78837378e-02, -1.10451118e-02],
       [ 1.30695575e-01, -1.69197171e-01,  1.69043193e-01,
        -1.54652089e-03, -1.95557930e-02,  1.39606885e-02,
         7.28176990e-02, -3.27360974e-01, -3.07694559e-01,
        -5.69586967e-02,  1.68013799e-01,  7.63805310e-02,
         2.61634753e-02,  3.10833890e-02, -5.90025293e-02,
         1.07004429e-01, -6.82773448e-03, -1.03744733e-02],
       [ 5.14962160e-01,  4.76466213e-03,  4.81591895e-02,
         5.40536161e-02, -2.59463910e-01,  3.86189449e-02,
         2.80667605e+00,  1.72414213e-01,  2.32444796e-02,
        -4.58396026e-01, -1.02394024e-01,  1.89531509e-03,
        -2.57143314e-01,  1.60013742e-02,  1.78837378e-02,
        -6.82773448e-03,  3.71183071e-01,  4.60185440e-03],
       [-7.43362295e-01,  6.99553938e-02,  7.38704798e-02,
        -8.11316780e-02,  9.46034810e-03, -1.39780052e-01,
         1.13717841e+00, -1.22507899e-01,  9.25669093e-02,
        -2.81720746e-02, -1.05293208e-03, -9.68619493e-02,
         1.50735508e-01, -7.98398479e-03, -1.10451118e-02,
        -1.03744733e-02,  4.60185440e-03,  2.02080106e-01]])
      jac: array([-1.66274402e-06,  1.54098956e-06,  8.21565038e-08,  3.46389584e-06,
       -4.33875158e-06,  7.59392549e-07, -2.67933823e-07,  3.11232521e-07,
       -7.77156117e-09, -6.96109836e-07,  5.98040136e-07, -3.58972111e-08,
       -3.05163302e-06,  3.91131572e-06, -7.88998496e-07,  2.48986017e-06,
       -2.37994809e-06, -4.45199433e-07])
  message: 'Optimization terminated successfully.'
     nfev: 1368
      nit: 60
     njev: 72
   status: 0
  success: True
        x: array([ 0.29518852, -0.65482159,  0.58860375,  0.99776596, -0.73231811,
        0.05130515,  0.15448556, -1.75044632, -0.48435719,  0.05345519,
        0.61480188,  1.06824976,  0.0958337 ,  0.03440636, -0.38841444,
       -1.01358445, -0.88590284,  0.00907743])
