Program Begingeth
      fun: 0.25923324087842586
 hess_inv: array([[ 3.64669801e+00, -1.73286990e+00, -4.44000963e-01,
         1.20002249e+00, -6.95830614e-01,  7.11693428e-01,
         2.46568503e+00,  1.94753711e+00,  9.78884445e-01,
        -4.47967447e-01, -7.90942916e-01,  8.92766337e-01,
        -5.22134511e-01,  4.14750723e-01,  4.63777168e-01,
        -1.70775024e-01,  4.80270390e-01, -2.22959544e-01],
       [-1.73286990e+00,  3.63688314e+00,  1.05967192e+00,
        -4.91267647e-01,  1.41616279e+00, -1.73920959e-01,
        -2.92547861e+00,  5.83992880e-01,  2.48436559e+00,
        -2.41820738e-01,  4.04481688e-01, -1.59047342e+00,
         5.15064745e-01, -4.19445215e-01, -3.34558740e-01,
         3.71807659e-02, -2.52789963e-01,  1.28791684e-01],
       [-4.44000963e-01,  1.05967192e+00,  2.06226926e+00,
        -4.67897001e-01,  3.66465951e-01,  6.17249289e-01,
        -3.00668729e+00, -1.80397249e+00,  2.39482218e+00,
         1.77842480e-02,  8.67851763e-01, -8.11899001e-01,
         3.61111992e-02, -1.64705032e-01, -3.11850956e-01,
         1.62935461e-01, -2.59605415e-02, -1.15414616e-01],
       [ 1.20002249e+00, -4.91267647e-01, -4.67897001e-01,
         5.13108840e-01, -1.99439052e-01,  9.98193673e-02,
         1.57061637e+00,  1.08215801e+00,  1.48431292e-01,
        -2.12195010e-01, -4.18649158e-01,  2.89416456e-01,
        -1.07633052e-01,  1.22796583e-01,  2.16131190e-01,
        -7.72911559e-02,  1.36867392e-01, -3.69215384e-03],
       [-6.95830614e-01,  1.41616279e+00,  3.66465951e-01,
        -1.99439052e-01,  6.81583308e-01, -5.02862340e-02,
        -1.87313833e+00,  9.36122619e-01,  7.10514553e-01,
         2.44590553e-02,  6.79582010e-02, -5.29178594e-01,
         2.54500792e-01, -1.07945468e-01, -9.33626584e-02,
         5.49781498e-02, -1.61740826e-01,  5.33949489e-02],
       [ 7.11693428e-01, -1.73920959e-01,  6.17249289e-01,
         9.98193673e-02, -5.02862340e-02,  4.72663490e-01,
        -7.92916251e-01,  7.75474882e-02,  1.21355826e+00,
         2.15009679e-02,  1.19944447e-02,  7.86408607e-03,
        -1.58310006e-01,  7.68390097e-02,  5.99425932e-02,
        -1.35850209e-02,  8.78708273e-02, -9.15103164e-02],
       [ 2.46568503e+00, -2.92547861e+00, -3.00668729e+00,
         1.57061637e+00, -1.87313833e+00, -7.92916251e-01,
         1.56663192e+01, -3.08796421e-01, -2.94804692e+00,
        -1.07280128e+00, -1.19306154e+00,  1.29486248e+00,
        -6.14582895e-01,  3.74114623e-01,  6.28092918e-01,
        -4.43781335e-01,  1.03199897e+00,  3.65180486e-01],
       [ 1.94753711e+00,  5.83992880e-01, -1.80397249e+00,
         1.08215801e+00,  9.36122619e-01,  7.75474882e-02,
        -3.08796421e-01,  9.94177657e+00, -4.04216124e-01,
        -9.25436146e-03, -1.89028774e+00,  4.79970873e-01,
         4.85496666e-02,  4.84267684e-01,  8.83683878e-01,
        -3.37547495e-01,  7.62073057e-02,  1.91714972e-01],
       [ 9.78884445e-01,  2.48436559e+00,  2.39482218e+00,
         1.48431292e-01,  7.10514553e-01,  1.21355826e+00,
        -2.94804692e+00, -4.04216124e-01,  8.56676116e+00,
        -5.25318795e-01,  5.43813163e-01, -1.38020888e+00,
        -4.65326251e-02, -4.38407732e-01, -1.25740133e-01,
        -1.43435797e-01, -1.32729620e-02, -7.78176360e-02],
       [-4.47967447e-01, -2.41820738e-01,  1.77842480e-02,
        -2.12195010e-01,  2.44590553e-02,  2.15009679e-02,
        -1.07280128e+00, -9.25436146e-03, -5.25318795e-01,
         6.65357369e-01,  1.11666440e-01,  1.01237834e-01,
        -6.09209963e-02, -3.55373571e-03, -7.01134517e-02,
         4.90892194e-02, -1.48059977e-01, -1.37236881e-01],
       [-7.90942916e-01,  4.04481688e-01,  8.67851763e-01,
        -4.18649158e-01,  6.79582010e-02,  1.19944447e-02,
        -1.19306154e+00, -1.89028774e+00,  5.43813163e-01,
         1.11666440e-01,  1.03320015e+00, -4.55648913e-01,
         8.07835910e-02, -2.64481335e-01, -3.84596311e-01,
         1.56702394e-01, -9.22991178e-02, -1.45319389e-01],
       [ 8.92766337e-01, -1.59047342e+00, -8.11899001e-01,
         2.89416456e-01, -5.29178594e-01,  7.86408607e-03,
         1.29486248e+00,  4.79970873e-01, -1.38020888e+00,
         1.01237834e-01, -4.55648913e-01,  1.07544612e+00,
        -1.90306512e-01,  3.07640280e-01,  1.87803072e-01,
         6.03915585e-03,  1.44174770e-01, -1.87354752e-02],
       [-5.22134511e-01,  5.15064745e-01,  3.61111992e-02,
        -1.07633052e-01,  2.54500792e-01, -1.58310006e-01,
        -6.14582895e-01,  4.85496666e-02, -4.65326251e-02,
        -6.09209963e-02,  8.07835910e-02, -1.90306512e-01,
         2.36697958e-01, -8.67378692e-02, -5.94269716e-02,
         9.91338002e-02, -1.45044008e-01,  9.07293953e-02],
       [ 4.14750723e-01, -4.19445215e-01, -1.64705032e-01,
         1.22796583e-01, -1.07945468e-01,  7.68390097e-02,
         3.74114623e-01,  4.84267684e-01, -4.38407732e-01,
        -3.55373571e-03, -2.64481335e-01,  3.07640280e-01,
        -8.67378692e-02,  1.74043233e-01,  1.10110986e-01,
        -1.65881469e-02,  1.12572888e-01,  8.27770809e-03],
       [ 4.63777168e-01, -3.34558740e-01, -3.11850956e-01,
         2.16131190e-01, -9.33626584e-02,  5.99425932e-02,
         6.28092918e-01,  8.83683878e-01, -1.25740133e-01,
        -7.01134517e-02, -3.84596311e-01,  1.87803072e-01,
        -5.94269716e-02,  1.10110986e-01,  2.08579559e-01,
        -7.50601143e-02,  5.49238668e-02,  7.51173986e-02],
       [-1.70775024e-01,  3.71807659e-02,  1.62935461e-01,
        -7.72911559e-02,  5.49781498e-02, -1.35850209e-02,
        -4.43781335e-01, -3.37547495e-01, -1.43435797e-01,
         4.90892194e-02,  1.56702394e-01,  6.03915585e-03,
         9.91338002e-02, -1.65881469e-02, -7.50601143e-02,
         1.22058527e-01, -6.09631463e-02, -5.73152606e-03],
       [ 4.80270390e-01, -2.52789963e-01, -2.59605415e-02,
         1.36867392e-01, -1.61740826e-01,  8.78708273e-02,
         1.03199897e+00,  7.62073057e-02, -1.32729620e-02,
        -1.48059977e-01, -9.22991178e-02,  1.44174770e-01,
        -1.45044008e-01,  1.12572888e-01,  5.49238668e-02,
        -6.09631463e-02,  2.15115168e-01, -1.33609270e-02],
       [-2.22959544e-01,  1.28791684e-01, -1.15414616e-01,
        -3.69215384e-03,  5.33949489e-02, -9.15103164e-02,
         3.65180486e-01,  1.91714972e-01, -7.78176360e-02,
        -1.37236881e-01, -1.45319389e-01, -1.87354752e-02,
         9.07293953e-02,  8.27770809e-03,  7.51173986e-02,
        -5.73152606e-03, -1.33609270e-02,  1.53813454e-01]])
      jac: array([ 1.07432581e-06, -1.19422990e-06, -4.65109433e-06, -1.67125573e-06,
        5.27281922e-06,  9.96832246e-06,  1.88737914e-07, -7.17204074e-07,
       -2.12052598e-07,  5.59552404e-07, -5.15883632e-07, -1.49102952e-06,
       -2.36884586e-06, -3.26294547e-06, -7.59059482e-06, -7.60502772e-07,
       -6.03221177e-08,  7.26529947e-06])
  message: 'Optimization terminated successfully.'
     nfev: 1653
      nit: 73
     njev: 87
   status: 0
  success: True
        x: array([ 0.59140051, -0.7858361 ,  0.6456783 ,  0.90216685, -0.93618428,
        0.11973556,  0.46763705, -1.7060369 , -0.52817068,  0.02019674,
        0.67126895,  1.15302102,  0.03159441,  0.11830748, -0.39546854,
       -0.88279788, -0.5100956 , -0.03989548])
