Program Begingeth
      fun: 0.32991989244506226
 hess_inv: array([[ 2.10542385e+00, -6.42773874e-02,  2.20922479e-01,
         3.16290981e-01, -2.90593576e-01,  4.33526976e-01,
         5.30650357e-01, -4.97530416e-01,  7.15231215e-01,
         9.94582464e-01, -1.02011587e+00,  1.30922465e-01,
        -8.37476897e-01, -2.11767313e-02,  3.93888270e-02,
        -3.75908411e-02, -2.86028377e-02, -3.12935099e-01],
       [-6.42773874e-02,  6.65780068e-01, -9.42487436e-02,
        -2.86596689e-01,  1.74618127e-02, -1.93919930e-01,
        -1.28152661e+00,  1.31815190e-01, -2.91941797e-01,
        -7.92443384e-01, -1.90252937e-01, -5.84165655e-02,
         2.56332173e-02, -2.17396013e-01, -1.91872943e-01,
         2.89515706e-02,  9.17207931e-03, -1.02777241e-01],
       [ 2.20922479e-01, -9.42487436e-02,  4.64754751e-01,
         8.97152253e-02,  1.85456330e-02,  1.14276137e-01,
        -1.30014386e-01, -4.04983775e-01,  2.35601981e-01,
         4.79339626e-01, -3.48281599e-02,  2.18022818e-02,
        -6.48285784e-02,  1.23822231e-01, -9.07437227e-02,
         5.01198790e-02,  4.88433459e-02,  1.32382226e-02],
       [ 3.16290981e-01, -2.86596689e-01,  8.97152253e-02,
         4.22950201e-01,  6.47964677e-02,  2.17263894e-01,
         1.22454806e+00,  2.34377777e-01,  1.24085486e+00,
         1.22295575e+00,  2.79257930e-01, -1.16194788e-01,
        -6.52970508e-02,  9.87888494e-02,  1.42188765e-01,
         5.06008233e-03, -1.10014846e-02,  2.95902315e-02],
       [-2.90593576e-01,  1.74618127e-02,  1.85456330e-02,
         6.47964677e-02,  2.97185783e-01, -4.67268599e-02,
         2.28103057e-03,  7.41519628e-01,  7.95652089e-01,
         1.99155716e-01,  8.22087232e-01, -2.09273366e-01,
         1.71734192e-01,  6.95096444e-02, -2.58933313e-02,
         4.52839726e-02,  2.21671100e-02,  5.18044878e-02],
       [ 4.33526976e-01, -1.93919930e-01,  1.14276137e-01,
         2.17263894e-01, -4.67268599e-02,  3.42472043e-01,
         8.22873262e-01, -4.13437794e-01,  1.05076204e+00,
         7.73213642e-01, -1.56153681e-02,  3.90485416e-01,
        -2.16769215e-01,  8.78938201e-02,  1.25887977e-01,
        -3.60944612e-02,  3.09557877e-02, -1.06523736e-02],
       [ 5.30650357e-01, -1.28152661e+00, -1.30014386e-01,
         1.22454806e+00,  2.28103057e-03,  8.22873262e-01,
         8.30466540e+00, -5.96705064e-01,  4.49985384e+00,
         3.05563911e+00,  1.54780891e+00,  2.25241845e-02,
        -4.27805776e-01,  2.99558534e-01,  6.39017156e-01,
        -2.47465055e-01,  1.07737741e-01,  1.07491802e-01],
       [-4.97530416e-01,  1.31815190e-01, -4.04983775e-01,
         2.34377777e-01,  7.41519628e-01, -4.13437794e-01,
        -5.96705064e-01,  4.27676497e+00,  1.34254065e+00,
         2.89728426e-01,  1.50687482e+00, -1.33388255e+00,
         5.05402480e-01,  6.34459171e-03,  3.54622484e-02,
         1.25865755e-01, -7.71007136e-02,  1.04176175e-01],
       [ 7.15231215e-01, -2.91941797e-01,  2.35601981e-01,
         1.24085486e+00,  7.95652089e-01,  1.05076204e+00,
         4.49985384e+00,  1.34254065e+00,  8.95661224e+00,
         3.99780971e+00,  2.97092836e+00, -2.19058417e-04,
        -2.83334955e-01,  2.65321811e-01,  3.87051152e-01,
        -3.62077755e-02,  1.37809547e-01,  7.26526706e-02],
       [ 9.94582464e-01, -7.92443384e-01,  4.79339626e-01,
         1.22295575e+00,  1.99155716e-01,  7.73213642e-01,
         3.05563911e+00,  2.89728426e-01,  3.99780971e+00,
         3.89853798e+00,  7.77184696e-01, -7.54273067e-02,
        -2.70465429e-01,  3.46011030e-01,  3.75253869e-01,
         5.11968502e-03,  1.26443176e-02,  8.20509960e-02],
       [-1.02011587e+00, -1.90252937e-01, -3.48281599e-02,
         2.79257930e-01,  8.22087232e-01, -1.56153681e-02,
         1.54780891e+00,  1.50687482e+00,  2.97092836e+00,
         7.77184696e-01,  2.83909109e+00, -4.56134068e-01,
         4.53169101e-01,  2.17406966e-01,  2.51618066e-02,
         4.87360945e-02,  8.01206837e-02,  1.82940694e-01],
       [ 1.30922465e-01, -5.84165655e-02,  2.18022818e-02,
        -1.16194788e-01, -2.09273366e-01,  3.90485416e-01,
         2.25241845e-02, -1.33388255e+00, -2.19058417e-04,
        -7.54273067e-02, -4.56134068e-01,  1.20282545e+00,
        -2.03844930e-01,  5.90138019e-02,  1.01002544e-01,
        -6.77954596e-02,  7.14812346e-02, -1.22863299e-02],
       [-8.37476897e-01,  2.56332173e-02, -6.48285784e-02,
        -6.52970508e-02,  1.71734192e-01, -2.16769215e-01,
        -4.27805776e-01,  5.05402480e-01, -2.83334955e-01,
        -2.70465429e-01,  4.53169101e-01, -2.03844930e-01,
         4.18785528e-01,  1.55614012e-02, -2.41589836e-02,
         7.02320468e-02, -1.39369501e-02,  1.40178635e-01],
       [-2.11767313e-02, -2.17396013e-01,  1.23822231e-01,
         9.87888494e-02,  6.95096444e-02,  8.78938201e-02,
         2.99558534e-01,  6.34459171e-03,  2.65321811e-01,
         3.46011030e-01,  2.17406966e-01,  5.90138019e-02,
         1.55614012e-02,  1.34921953e-01,  3.70046410e-02,
         8.72455968e-03,  3.51524454e-02,  4.72592654e-02],
       [ 3.93888270e-02, -1.91872943e-01, -9.07437227e-02,
         1.42188765e-01, -2.58933313e-02,  1.25887977e-01,
         6.39017156e-01,  3.54622484e-02,  3.87051152e-01,
         3.75253869e-01,  2.51618066e-02,  1.01002544e-01,
        -2.41589836e-02,  3.70046410e-02,  1.49890247e-01,
        -3.12089302e-02, -1.40687491e-02,  4.91246200e-02],
       [-3.75908411e-02,  2.89515706e-02,  5.01198790e-02,
         5.06008233e-03,  4.52839726e-02, -3.60944612e-02,
        -2.47465055e-01,  1.25865755e-01, -3.62077755e-02,
         5.11968502e-03,  4.87360945e-02, -6.77954596e-02,
         7.02320468e-02,  8.72455968e-03, -3.12089302e-02,
         5.21542150e-02, -6.46177029e-03,  1.07634794e-02],
       [-2.86028377e-02,  9.17207931e-03,  4.88433459e-02,
        -1.10014846e-02,  2.21671100e-02,  3.09557877e-02,
         1.07737741e-01, -7.71007136e-02,  1.37809547e-01,
         1.26443176e-02,  8.01206837e-02,  7.14812346e-02,
        -1.39369501e-02,  3.51524454e-02, -1.40687491e-02,
        -6.46177029e-03,  4.44679849e-02,  1.45548606e-03],
       [-3.12935099e-01, -1.02777241e-01,  1.32382226e-02,
         2.95902315e-02,  5.18044878e-02, -1.06523736e-02,
         1.07491802e-01,  1.04176175e-01,  7.26526706e-02,
         8.20509960e-02,  1.82940694e-01, -1.22863299e-02,
         1.40178635e-01,  4.72592654e-02,  4.91246200e-02,
         1.07634794e-02,  1.45548606e-03,  9.64000822e-02]])
      jac: array([-1.21458399e-06,  4.27805939e-07,  1.62425629e-06,  2.49911203e-06,
       -1.39777079e-06, -2.32591724e-06, -1.97989773e-07,  1.28785871e-07,
        1.36557432e-07, -7.21644966e-07,  2.99390142e-07,  4.37427872e-07,
       -2.07500683e-06,  7.47920244e-07,  4.26547686e-06,  2.35256259e-06,
       -1.20903287e-06, -3.56529621e-06])
  message: 'Optimization terminated successfully.'
     nfev: 1482
      nit: 67
     njev: 78
   status: 0
  success: True
        x: array([ 0.10275916,  0.10940591,  0.73711673,  1.65324993, -0.83110655,
        0.33691571,  1.18031228, -1.9097794 ,  0.73683287,  1.97971048,
       -0.74477935,  0.93402621,  0.02299727,  0.08290196, -0.18970031,
       -1.50841828, -0.47614107,  0.05310124])
