Program Begingeth
      fun: 0.336763343186845
 hess_inv: array([[ 8.91349463e-01, -1.28009787e-01,  1.07432311e-01,
        -2.38487697e-01,  1.28648372e-01,  4.70315833e-01,
        -5.55346773e-01, -1.58917211e-01,  2.06284459e-01,
        -1.02810199e+00,  2.58061886e-01,  1.12554233e+00,
        -3.13763605e-01,  3.61983023e-02, -1.63168420e-02,
         3.67998089e-02, -1.31423704e-01, -2.38542680e-01],
       [-1.28009787e-01,  5.82576070e-01, -1.78518434e-01,
         3.68155751e-01,  2.66303622e-02, -4.64432653e-01,
         1.30738130e+00,  8.61961352e-01,  2.99048194e-01,
         1.30568384e+00,  4.87339315e-02, -1.22201369e+00,
         5.04442307e-02, -2.10402887e-01, -2.13364364e-01,
         1.34053025e-02,  9.99881048e-02, -1.15400417e-01],
       [ 1.07432311e-01, -1.78518434e-01,  4.20832788e-01,
        -4.22403959e-01,  3.43739351e-02,  3.60608328e-01,
        -1.07355140e+00, -8.53119774e-01, -3.95071898e-01,
        -1.55265816e+00, -7.61451554e-02,  1.24850806e+00,
         7.67145988e-03,  1.47915666e-01, -4.42395944e-02,
         7.64576271e-02, -4.68599284e-02,  3.23024528e-02],
       [-2.38487697e-01,  3.68155751e-01, -4.22403959e-01,
         9.49604717e-01,  1.42504498e-01, -7.68494596e-01,
         2.74519853e+00,  2.20827887e+00,  1.22604620e+00,
         3.21025088e+00,  4.25328741e-01, -2.82387782e+00,
         1.41253424e-01, -1.51537702e-01, -4.63137403e-02,
         2.04722731e-03,  1.42796389e-01, -2.19581528e-03],
       [ 1.28648372e-01,  2.66303622e-02,  3.43739351e-02,
         1.42504498e-01,  3.37267002e-01, -5.26266600e-02,
         5.97008583e-01,  9.12529170e-01,  5.36769695e-01,
         1.87905881e-01,  7.97866008e-01, -5.62082152e-01,
         5.46058517e-02,  9.19819354e-02,  7.97782145e-03,
         6.66376539e-02,  9.36319915e-03, -2.13434964e-02],
       [ 4.70315833e-01, -4.64432653e-01,  3.60608328e-01,
        -7.68494596e-01, -5.26266600e-02,  9.88911839e-01,
        -2.54602256e+00, -1.98215112e+00, -5.12911967e-01,
        -2.84354131e+00, -1.19528158e-02,  3.17591344e+00,
        -1.52296988e-01,  1.08789539e-01,  1.67554956e-01,
        -1.32161120e-03, -2.31626863e-01,  1.13742122e-02],
       [-5.55346773e-01,  1.30738130e+00, -1.07355140e+00,
         2.74519853e+00,  5.97008583e-01, -2.54602256e+00,
         9.71647324e+00,  6.68546155e+00,  3.58325461e+00,
         8.70897286e+00,  1.34425707e+00, -9.13390018e+00,
         4.17048056e-01, -3.81586978e-01, -4.22640954e-01,
         8.45535259e-02,  4.36095897e-01, -1.66310895e-01],
       [-1.58917211e-01,  8.61961352e-01, -8.53119774e-01,
         2.20827887e+00,  9.12529170e-01, -1.98215112e+00,
         6.68546155e+00,  9.06974325e+00,  3.46995830e+00,
         8.28615250e+00,  1.76687132e+00, -8.41555014e+00,
        -5.57538475e-02, -2.40261264e-02, -7.86030000e-02,
        -3.18570580e-02,  6.03340547e-01, -1.36301926e-01],
       [ 2.06284459e-01,  2.99048194e-01, -3.95071898e-01,
         1.22604620e+00,  5.36769695e-01, -5.12911967e-01,
         3.58325461e+00,  3.46995830e+00,  3.53784364e+00,
         3.75533442e+00,  1.63306103e+00, -3.12560118e+00,
         7.28669915e-02, -1.36373792e-01,  2.70885848e-02,
         1.50456397e-02,  7.90065246e-02, -1.01736547e-01],
       [-1.02810199e+00,  1.30568384e+00, -1.55265816e+00,
         3.21025088e+00,  1.87905881e-01, -2.84354131e+00,
         8.70897286e+00,  8.28615250e+00,  3.75533442e+00,
         1.22368852e+01,  5.77347991e-01, -1.03449428e+01,
         1.83933325e-01, -4.99160716e-01, -1.37865218e-01,
        -1.68331358e-01,  7.64466550e-01,  4.95308025e-03],
       [ 2.58061886e-01,  4.87339315e-02, -7.61451554e-02,
         4.25328741e-01,  7.97866008e-01, -1.19528158e-02,
         1.34425707e+00,  1.76687132e+00,  1.63306103e+00,
         5.77347991e-01,  2.33500278e+00, -1.01772917e+00,
         1.72054945e-01,  1.15578446e-01,  1.31838946e-01,
         1.01449567e-01, -3.45566453e-02, -1.20482412e-02],
       [ 1.12554233e+00, -1.22201369e+00,  1.24850806e+00,
        -2.82387782e+00, -5.62082152e-01,  3.17591344e+00,
        -9.13390018e+00, -8.41555014e+00, -3.12560118e+00,
        -1.03449428e+01, -1.01772917e+00,  1.15218571e+01,
        -3.37034241e-01,  1.58342851e-01,  3.36019896e-01,
         1.55474308e-02, -8.11127733e-01,  6.41978677e-02],
       [-3.13763605e-01,  5.04442307e-02,  7.67145988e-03,
         1.41253424e-01,  5.46058517e-02, -1.52296988e-01,
         4.17048056e-01, -5.57538475e-02,  7.28669915e-02,
         1.83933325e-01,  1.72054945e-01, -3.37034241e-01,
         2.51225189e-01, -1.29210402e-02, -9.28213274e-03,
         7.14561322e-02, -1.91554381e-02,  1.02000909e-01],
       [ 3.61983023e-02, -2.10402887e-01,  1.47915666e-01,
        -1.51537702e-01,  9.19819354e-02,  1.08789539e-01,
        -3.81586978e-01, -2.40261264e-02, -1.36373792e-01,
        -4.99160716e-01,  1.15578446e-01,  1.58342851e-01,
        -1.29210402e-02,  1.78206601e-01,  5.09494061e-02,
         2.21146353e-02,  3.26222427e-02,  4.54020349e-02],
       [-1.63168420e-02, -2.13364364e-01, -4.42395944e-02,
        -4.63137403e-02,  7.97782145e-03,  1.67554956e-01,
        -4.22640954e-01, -7.86030000e-02,  2.70885848e-02,
        -1.37865218e-01,  1.31838946e-01,  3.36019896e-01,
        -9.28213274e-03,  5.09494061e-02,  1.75162642e-01,
        -4.22984493e-02, -3.08713338e-02,  9.30289876e-02],
       [ 3.67998089e-02,  1.34053025e-02,  7.64576271e-02,
         2.04722731e-03,  6.66376539e-02, -1.32161120e-03,
         8.45535259e-02, -3.18570580e-02,  1.50456397e-02,
        -1.68331358e-01,  1.01449567e-01,  1.55474308e-02,
         7.14561322e-02,  2.21146353e-02, -4.22984493e-02,
         7.85072504e-02, -2.36964165e-02, -6.54336061e-03],
       [-1.31423704e-01,  9.99881048e-02, -4.68599284e-02,
         1.42796389e-01,  9.36319915e-03, -2.31626863e-01,
         4.36095897e-01,  6.03340547e-01,  7.90065246e-02,
         7.64466550e-01, -3.45566453e-02, -8.11127733e-01,
        -1.91554381e-02,  3.26222427e-02, -3.08713338e-02,
        -2.36964165e-02,  1.38844233e-01,  8.10237198e-03],
       [-2.38542680e-01, -1.15400417e-01,  3.23024528e-02,
        -2.19581528e-03, -2.13434964e-02,  1.13742122e-02,
        -1.66310895e-01, -1.36301926e-01, -1.01736547e-01,
         4.95308025e-03, -1.20482412e-02,  6.41978677e-02,
         1.02000909e-01,  4.54020349e-02,  9.30289876e-02,
        -6.54336061e-03,  8.10237198e-03,  1.44349772e-01]])
      jac: array([ 1.00560301e-05,  9.86766224e-06, -1.84504264e-05, -6.88449298e-05,
        8.00766860e-06,  3.70074342e-08,  9.82436355e-06,  1.02029496e-06,
        6.19430433e-06,  9.28849590e-06, -4.18035976e-06,  4.29952370e-06,
        2.30408285e-05,  1.07406676e-05,  1.57703480e-05,  1.32160949e-05,
        6.46038778e-06,  1.38481819e-05])
  message: 'Desired error not necessarily achieved due to precision loss.'
     nfev: 2235
      nit: 69
     njev: 117
   status: 2
  success: False
        x: array([ 0.03957944,  0.19630092,  0.78830385,  1.22634321, -1.16109874,
       -0.26622467,  2.15038039, -1.05474259, -1.28907961,  0.92430639,
       -1.6924295 , -0.57659063,  0.10582889, -0.00352975, -0.36471121,
       -1.16377629, -0.4888742 ,  0.0140401 ])
