Program Begingeth
      fun: 0.4097944883697912
 hess_inv: array([[ 3.70741688e+00,  1.98429848e+00,  1.86179876e+00,
         4.06674650e-02,  6.13539501e-01, -9.77674037e-01,
         5.53095848e-01,  1.76156937e+00, -4.38328831e+00,
        -1.29563962e+00,  1.20029387e+00,  3.66905993e+00,
        -1.40856748e+00, -8.78494431e-01, -2.50572310e+00,
        -2.37091046e-01, -3.91597113e-01, -3.85044379e-01],
       [ 1.98429848e+00,  1.08660145e+01,  2.27986483e+00,
        -5.99418598e-01,  4.37201884e-01, -2.04940471e+00,
        -2.05438287e+00,  1.87308641e+00, -1.26045524e+00,
        -1.53858591e+00,  5.47740588e+00,  2.26121301e+00,
        -1.06354107e+00, -6.27980773e+00, -3.22472698e+00,
        -1.90143832e-01, -1.30040833e+00,  1.68968177e-01],
       [ 1.86179876e+00,  2.27986483e+00,  3.49498147e+00,
         1.12206046e-01,  6.87544334e-01, -8.16998754e-01,
         1.75904573e+00,  1.67072723e+00, -2.56895348e+00,
        -2.84844194e+00,  1.27162359e+00,  1.77980379e+00,
        -2.18306078e-01, -9.48921656e-01, -2.72475130e+00,
        -1.00511090e-01, -4.10420533e-01, -3.83756606e-01],
       [ 4.06674650e-02, -5.99418598e-01,  1.12206046e-01,
         2.14957215e-01, -3.33812377e-02, -5.17002860e-03,
         5.49602035e-01, -4.91564370e-01, -5.48718076e-01,
        -1.28036342e-01,  5.34906464e-01,  4.49595263e-02,
         1.86120367e-01,  1.44530049e-01, -3.63049697e-02,
         1.19206559e-03,  2.18579131e-02, -1.58731166e-02],
       [ 6.13539501e-01,  4.37201884e-01,  6.87544334e-01,
        -3.33812377e-02,  2.50245814e-01, -1.59751803e-01,
         3.88573086e-01,  9.22703350e-01, -5.54775201e-01,
        -5.12115589e-01, -1.38852444e-01,  6.37281543e-01,
        -2.19720248e-01, -1.66092596e-03, -6.16547690e-01,
        -2.75162389e-02, -4.26493943e-02, -1.04203750e-01],
       [-9.77674037e-01, -2.04940471e+00, -8.16998754e-01,
        -5.17002860e-03, -1.59751803e-01,  6.64042368e-01,
         7.36519609e-02, -5.39994211e-01,  1.88596597e+00,
         4.64840756e-01, -1.96457627e+00, -8.90220584e-01,
         3.77320335e-01,  1.37021905e+00,  1.08109748e+00,
         1.22664258e-01,  3.07045460e-01,  4.23911470e-02],
       [ 5.53095848e-01, -2.05438287e+00,  1.75904573e+00,
         5.49602035e-01,  3.88573086e-01,  7.36519609e-02,
         3.78975337e+00,  5.04693080e-01, -1.40327005e+00,
        -1.25896089e+00, -2.42035093e-01,  6.64510622e-01,
         3.13918740e-01,  1.35533498e+00, -9.15958374e-01,
        -2.38207090e-02,  1.58724951e-01, -2.98840475e-01],
       [ 1.76156937e+00,  1.87308641e+00,  1.67072723e+00,
        -4.91564370e-01,  9.22703350e-01, -5.39994211e-01,
         5.04693080e-01,  5.95329455e+00, -1.75569161e+00,
        -7.22684238e-01, -7.13013036e-01,  1.60233140e+00,
        -1.23139764e+00, -2.43733968e-01, -1.63149438e+00,
        -1.94435303e-01, -1.82247799e-01, -2.57058292e-01],
       [-4.38328831e+00, -1.26045524e+00, -2.56895348e+00,
        -5.48718076e-01, -5.54775201e-01,  1.88596597e+00,
        -1.40327005e+00, -1.75569161e+00,  1.17685444e+01,
         1.00732520e+00, -5.66106666e+00, -3.03706806e+00,
         1.54547307e+00,  1.69784961e+00,  3.02802690e+00,
         5.70162345e-01,  5.06992826e-01,  3.58312489e-01],
       [-1.29563962e+00, -1.53858591e+00, -2.84844194e+00,
        -1.28036342e-01, -5.12115589e-01,  4.64840756e-01,
        -1.25896089e+00, -7.22684238e-01,  1.00732520e+00,
         3.04990342e+00, -4.17165469e-01, -1.44650792e+00,
        -1.96575889e-01,  5.04931469e-01,  2.10582361e+00,
        -2.76335377e-02,  3.24460248e-01,  3.20866380e-01],
       [ 1.20029387e+00,  5.47740588e+00,  1.27162359e+00,
         5.34906464e-01, -1.38852444e-01, -1.96457627e+00,
        -2.42035093e-01, -7.13013036e-01, -5.66106666e+00,
        -4.17165469e-01,  1.05917817e+01,  7.88259320e-01,
        -2.31267632e-01, -5.37474317e+00, -1.98504195e+00,
        -5.26241270e-01, -1.01626452e+00,  3.49086637e-01],
       [ 3.66905993e+00,  2.26121301e+00,  1.77980379e+00,
         4.49595263e-02,  6.37281543e-01, -8.90220584e-01,
         6.64510622e-01,  1.60233140e+00, -3.03706806e+00,
        -1.44650792e+00,  7.88259320e-01,  4.35462912e+00,
        -1.30875855e+00, -8.83440576e-01, -2.64685426e+00,
        -1.56690853e-01, -4.13435201e-01, -4.17186567e-01],
       [-1.40856748e+00, -1.06354107e+00, -2.18306078e-01,
         1.86120367e-01, -2.19720248e-01,  3.77320335e-01,
         3.13918740e-01, -1.23139764e+00,  1.54547307e+00,
        -1.96575889e-01, -2.31267632e-01, -1.30875855e+00,
         9.06149677e-01,  4.50778057e-01,  7.07421954e-01,
         1.68420430e-01,  1.33466335e-01,  9.39380258e-02],
       [-8.78494431e-01, -6.27980773e+00, -9.48921656e-01,
         1.44530049e-01, -1.66092596e-03,  1.37021905e+00,
         1.35533498e+00, -2.43733968e-01,  1.69784961e+00,
         5.04931469e-01, -5.37474317e+00, -8.83440576e-01,
         4.50778057e-01,  4.38981748e+00,  1.63990592e+00,
         2.12524669e-01,  8.80381640e-01, -2.31287704e-01],
       [-2.50572310e+00, -3.22472698e+00, -2.72475130e+00,
        -3.63049697e-02, -6.16547690e-01,  1.08109748e+00,
        -9.15958374e-01, -1.63149438e+00,  3.02802690e+00,
         2.10582361e+00, -1.98504195e+00, -2.64685426e+00,
         7.07421954e-01,  1.63990592e+00,  2.80559701e+00,
         1.58597712e-01,  5.23322614e-01,  3.55908631e-01],
       [-2.37091046e-01, -1.90143832e-01, -1.00511090e-01,
         1.19206559e-03, -2.75162389e-02,  1.22664258e-01,
        -2.38207090e-02, -1.94435303e-01,  5.70162345e-01,
        -2.76335377e-02, -5.26241270e-01, -1.56690853e-01,
         1.68420430e-01,  2.12524669e-01,  1.58597712e-01,
         8.89820906e-02,  4.60857692e-02,  1.89200482e-03],
       [-3.91597113e-01, -1.30040833e+00, -4.10420533e-01,
         2.18579131e-02, -4.26493943e-02,  3.07045460e-01,
         1.58724951e-01, -1.82247799e-01,  5.06992826e-01,
         3.24460248e-01, -1.01626452e+00, -4.13435201e-01,
         1.33466335e-01,  8.80381640e-01,  5.23322614e-01,
         4.60857692e-02,  2.22237093e-01, -2.04928974e-03],
       [-3.85044379e-01,  1.68968177e-01, -3.83756606e-01,
        -1.58731166e-02, -1.04203750e-01,  4.23911470e-02,
        -2.98840475e-01, -2.57058292e-01,  3.58312489e-01,
         3.20866380e-01,  3.49086637e-01, -4.17186567e-01,
         9.39380258e-02, -2.31287704e-01,  3.55908631e-01,
         1.89200482e-03, -2.04928974e-03,  1.27741957e-01]])
      jac: array([-4.01382631e-05, -4.57171338e-05,  7.03696361e-06,  1.09160829e-05,
       -7.28520947e-05, -4.85630055e-05, -5.07445937e-06,  1.29400194e-05,
        4.27620902e-06, -1.96498373e-05, -1.65719290e-06,  1.59335508e-05,
       -5.32784927e-05, -5.45300842e-05, -9.93945667e-06,  8.12723962e-05,
        9.36280683e-05,  6.75041504e-05])
  message: 'Desired error not necessarily achieved due to precision loss.'
     nfev: 1588
      nit: 45
     njev: 83
   status: 2
  success: False
        x: array([ 0.46898734, -0.22737343,  0.33464935,  0.19558824, -1.42212164,
       -0.58990352,  1.2932475 , -1.88057479, -0.65873218, -0.71265946,
       -0.06956821,  0.38058394,  0.11759582,  0.0593904 , -0.29259378,
        0.0694388 ,  1.7200132 , -0.70621396])
