Program Begingeth
      fun: 0.32829411529532865
 hess_inv: array([[ 9.59003264e+00, -2.79047116e+00, -7.59463764e+00,
         4.10544898e+00, -1.19969850e+00, -2.71687100e+00,
         1.08785486e+01,  4.46478001e+00,  1.53612864e+00,
        -3.85377104e-01, -1.14043252e+00, -2.01622951e-01,
        -8.41386186e-01,  3.01058875e-01,  2.80980397e-01,
        -3.74488416e-01,  5.56588049e-01, -1.66279155e-01],
       [-2.79047116e+00,  3.79282934e+00,  1.66721034e+00,
        -8.91905470e-01,  1.62842857e+00,  7.07498265e-01,
        -1.87898033e+00,  6.56216102e-01,  7.51554846e-01,
         1.58268501e-01,  1.88474406e-01, -6.04165140e-01,
         4.27588906e-01, -2.16501825e-01,  1.73304398e-01,
         7.43270103e-02, -2.48772511e-01,  1.12417001e-01],
       [-7.59463764e+00,  1.66721034e+00,  1.45710100e+01,
        -4.09493715e+00,  1.67905636e-01,  5.59613011e+00,
        -1.69762535e+01, -8.70245676e+00,  1.13277191e+00,
         7.09364978e-01,  2.59996017e+00, -2.34784815e-01,
         2.08875367e-01, -7.37529208e-01, -4.68341400e-01,
         1.62940653e-01, -3.26491950e-01,  9.01319764e-02],
       [ 4.10544898e+00, -8.91905470e-01, -4.09493715e+00,
         1.91307956e+00, -3.39913163e-01, -1.50562383e+00,
         5.90219604e+00,  2.44712700e+00,  6.06612116e-01,
        -2.18493834e-01, -6.10026116e-01, -1.15090820e-01,
        -2.60506974e-01,  1.34862832e-01,  1.45814753e-01,
        -1.33316095e-01,  1.92013413e-01, -6.42604013e-02],
       [-1.19969850e+00,  1.62842857e+00,  1.67905636e-01,
        -3.39913163e-01,  7.69453079e-01,  9.18805483e-02,
        -3.26589621e-01,  8.67470678e-01,  1.36668541e-01,
         1.02488339e-01, -3.00458667e-02, -1.87281477e-01,
         2.00171485e-01, -3.88797468e-02,  8.93883234e-02,
         5.04424361e-02, -1.06052262e-01,  4.82954329e-02],
       [-2.71687100e+00,  7.07498265e-01,  5.59613011e+00,
        -1.50562383e+00,  9.18805483e-02,  2.21008534e+00,
        -6.54492066e+00, -3.10529217e+00,  7.68975358e-01,
         3.80319499e-01,  9.19095644e-01, -1.19577843e-01,
         2.57836572e-02, -2.76133699e-01, -1.38356872e-01,
         4.00949302e-02, -1.15768575e-01,  3.14651131e-02],
       [ 1.08785486e+01, -1.87898033e+00, -1.69762535e+01,
         5.90219604e+00, -3.26589621e-01, -6.54492066e+00,
         2.41061523e+01,  9.97161621e+00,  1.74920167e-01,
        -7.35841216e-01, -2.38787075e+00, -6.93371167e-02,
        -3.29618314e-01,  5.60003570e-01,  4.02413300e-01,
        -2.57660623e-01,  3.58803458e-01, -2.25133809e-01],
       [ 4.46478001e+00,  6.56216102e-01, -8.70245676e+00,
         2.44712700e+00,  8.67470678e-01, -3.10529217e+00,
         9.97161621e+00,  9.29750994e+00,  1.75967865e-01,
         3.58900750e-01, -1.58830393e+00, -7.57400505e-02,
        -2.91834704e-01,  4.45310164e-01,  4.99687716e-01,
        -1.54953996e-01,  1.89874926e-01, -6.81881844e-02],
       [ 1.53612864e+00,  7.51554846e-01,  1.13277191e+00,
         6.06612116e-01,  1.36668541e-01,  7.68975358e-01,
         1.74920167e-01,  1.75967865e-01,  3.54606963e+00,
         4.57485970e-01,  1.84458888e-01, -3.60283750e-01,
        -2.35842330e-01, -2.46063700e-01,  7.01487036e-02,
        -1.25886288e-01, -1.88934847e-02, -8.47249074e-02],
       [-3.85377104e-01,  1.58268501e-01,  7.09364978e-01,
        -2.18493834e-01,  1.02488339e-01,  3.80319499e-01,
        -7.35841216e-01,  3.58900750e-01,  4.57485970e-01,
         1.14403867e+00,  2.11616045e-01, -4.94838593e-02,
        -2.76794966e-01, -6.48457916e-02, -9.47821311e-02,
        -2.37198617e-02, -4.18641368e-02, -2.21526558e-01],
       [-1.14043252e+00,  1.88474406e-01,  2.59996017e+00,
        -6.10026116e-01, -3.00458667e-02,  9.19095644e-01,
        -2.38787075e+00, -1.58830393e+00,  1.84458888e-01,
         2.11616045e-01,  1.07493170e+00, -7.60855156e-02,
         3.99359189e-03, -2.77808058e-01, -2.36875869e-01,
         2.82499473e-02, -5.95002134e-02, -1.02449651e-01],
       [-2.01622951e-01, -6.04165140e-01, -2.34784815e-01,
        -1.15090820e-01, -1.87281477e-01, -1.19577843e-01,
        -6.93371167e-02, -7.57400505e-02, -3.60283750e-01,
        -4.94838593e-02, -7.60855156e-02,  4.82266526e-01,
         3.41187429e-02,  1.09382787e-01, -9.13633997e-02,
         7.13119955e-02,  3.40540458e-02,  1.45543647e-02],
       [-8.41386186e-01,  4.27588906e-01,  2.08875367e-01,
        -2.60506974e-01,  2.00171485e-01,  2.57836572e-02,
        -3.29618314e-01, -2.91834704e-01, -2.35842330e-01,
        -2.76794966e-01,  3.99359189e-03,  3.41187429e-02,
         2.38418677e-01, -1.42722576e-02,  4.93192733e-03,
         8.82311531e-02, -7.78207230e-02,  8.06813201e-02],
       [ 3.01058875e-01, -2.16501825e-01, -7.37529208e-01,
         1.34862832e-01, -3.88797468e-02, -2.76133699e-01,
         5.60003570e-01,  4.45310164e-01, -2.46063700e-01,
        -6.48457916e-02, -2.77808058e-01,  1.09382787e-01,
        -1.42722576e-02,  1.21933506e-01,  4.42265535e-02,
         9.90229739e-04,  5.53276590e-02,  2.69416805e-02],
       [ 2.80980397e-01,  1.73304398e-01, -4.68341400e-01,
         1.45814753e-01,  8.93883234e-02, -1.38356872e-01,
         4.02413300e-01,  4.99687716e-01,  7.01487036e-02,
        -9.47821311e-02, -2.36875869e-01, -9.13633997e-02,
         4.93192733e-03,  4.42265535e-02,  1.17819255e-01,
        -2.43402152e-02,  1.27468026e-02,  6.18125289e-02],
       [-3.74488416e-01,  7.43270103e-02,  1.62940653e-01,
        -1.33316095e-01,  5.04424361e-02,  4.00949302e-02,
        -2.57660623e-01, -1.54953996e-01, -1.25886288e-01,
        -2.37198617e-02,  2.82499473e-02,  7.13119955e-02,
         8.82311531e-02,  9.90229739e-04, -2.43402152e-02,
         6.33215358e-02, -3.05028445e-02,  1.47926101e-02],
       [ 5.56588049e-01, -2.48772511e-01, -3.26491950e-01,
         1.92013413e-01, -1.06052262e-01, -1.15768575e-01,
         3.58803458e-01,  1.89874926e-01, -1.88934847e-02,
        -4.18641368e-02, -5.95002134e-02,  3.40540458e-02,
        -7.78207230e-02,  5.53276590e-02,  1.27468026e-02,
        -3.05028445e-02,  8.34288476e-02, -2.36858408e-03],
       [-1.66279155e-01,  1.12417001e-01,  9.01319764e-02,
        -6.42604013e-02,  4.82954329e-02,  3.14651131e-02,
        -2.25133809e-01, -6.81881844e-02, -8.47249074e-02,
        -2.21526558e-01, -1.02449651e-01,  1.45543647e-02,
         8.06813201e-02,  2.69416805e-02,  6.18125289e-02,
         1.47926101e-02, -2.36858408e-03,  9.30614095e-02]])
      jac: array([-3.78289992e-05, -1.79219602e-05,  2.25045908e-05,  1.05027098e-04,
        2.83902531e-05, -5.58978789e-05, -1.08972091e-05,  2.30334270e-06,
        4.13410047e-06,  6.66170822e-06, -1.08753747e-05, -2.93728005e-06,
       -1.08002496e-05, -3.98355423e-05, -2.50425606e-05, -2.65472829e-05,
        4.03858428e-05,  3.29869465e-05])
  message: 'Desired error not necessarily achieved due to precision loss.'
     nfev: 2596
      nit: 85
     njev: 136
   status: 2
  success: False
        x: array([ 1.18291379, -1.33592111, -0.06693095,  1.53411971, -1.23168182,
       -0.11157502,  2.07562   , -1.36883358, -1.08322132,  0.00220072,
        0.38432896,  1.15478551, -0.00600086,  0.15085619, -0.25307942,
       -1.35693597, -0.33894626,  0.01518399])
