Program Begingeth
      fun: 0.30850729653370895
 hess_inv: array([[ 2.33445982e+00, -3.00508302e-01,  1.03214571e+00,
         5.90279067e-01, -2.09579812e-01,  3.33990194e-01,
         6.37025551e-02, -1.28894019e+00, -1.76944634e-02,
        -5.82124144e-02,  2.49107432e-01, -2.32985562e-01,
        -4.16613515e-01, -9.91273649e-02, -1.22602249e-01,
        -5.56552031e-02, -6.77555433e-02, -1.08760895e-01],
       [-3.00508302e-01,  9.98498180e-01, -2.59885591e-01,
        -2.49157950e-02,  3.33115024e-01, -9.82149216e-02,
         5.13330309e-01,  4.85047841e-01, -1.59917112e-01,
        -1.67121980e-01, -3.85843942e-01, -1.86658566e-01,
         1.64203910e-01,  2.39432996e-02,  1.00733728e-01,
         8.87887194e-02,  8.20664430e-02,  5.11948631e-02],
       [ 1.03214571e+00, -2.59885591e-01,  2.16957158e+00,
         2.16675992e-01, -2.19099546e-01,  5.67171901e-01,
         7.16650036e-01, -4.28328038e-01,  1.81555952e+00,
        -4.23388998e-01,  4.94714346e-01, -3.47681348e-01,
        -1.90424502e-01, -2.05363152e-01, -1.78373699e-01,
        -2.76648828e-02, -2.24558154e-02,  2.88156756e-01],
       [ 5.90279067e-01, -2.49157950e-02,  2.16675992e-01,
         1.70835241e-01, -3.05886436e-02,  7.14155470e-02,
         1.04301954e-01, -3.52192537e-01, -5.12297702e-02,
        -1.28512540e-02,  2.53355525e-02, -8.92638956e-02,
        -7.35551633e-02, -2.35865833e-02, -1.33830331e-02,
         1.23435985e-02, -3.13409575e-02, -2.43207475e-02],
       [-2.09579812e-01,  3.33115024e-01, -2.19099546e-01,
        -3.05886436e-02,  1.39596386e-01, -6.25958432e-02,
         2.36197017e-01,  2.06670504e-01, -1.70957753e-01,
         9.84521105e-03, -1.70211231e-01, -2.71888926e-03,
         7.83224496e-02,  4.54225804e-02,  4.82843001e-02,
         5.63544696e-02,  3.34456600e-02,  9.53018672e-03],
       [ 3.33990194e-01, -9.82149216e-02,  5.67171901e-01,
         7.14155470e-02, -6.25958432e-02,  1.82689940e-01,
         2.06085689e-01, -1.48872071e-01,  4.07565071e-01,
         9.31413427e-03,  3.52832851e-02, -7.54109395e-02,
        -9.14577734e-02, -2.13183313e-02, -1.37747147e-02,
        -1.13239205e-02, -3.38239545e-03,  7.39018304e-02],
       [ 6.37025551e-02,  5.13330309e-01,  7.16650036e-01,
         1.04301954e-01,  2.36197017e-01,  2.06085689e-01,
         5.85481846e+00,  1.50434881e+00, -4.03212113e-02,
        -6.52697433e-01, -5.82944398e-01, -1.34745346e-02,
         4.03846706e-01,  1.70847200e-01,  3.00763550e-01,
         8.01731036e-01,  1.76444262e-01,  5.36410849e-01],
       [-1.28894019e+00,  4.85047841e-01, -4.28328038e-01,
        -3.52192537e-01,  2.06670504e-01, -1.48872071e-01,
         1.50434881e+00,  3.92253460e+00,  3.09910867e-01,
        -5.70299810e-01, -1.25661833e-01,  5.34363409e-02,
         3.87838177e-01,  5.47371175e-02,  2.29202979e-01,
         2.43798483e-01,  4.02331398e-01,  3.17143795e-01],
       [-1.76944634e-02, -1.59917112e-01,  1.81555952e+00,
        -5.12297702e-02, -1.70957753e-01,  4.07565071e-01,
        -4.03212113e-02,  3.09910867e-01,  3.14689820e+00,
        -5.87320055e-01,  6.73721449e-01, -1.41541244e-01,
         1.99351600e-02, -2.84502528e-01, -2.56031601e-01,
        -8.43281699e-02, -1.52533399e-02,  3.82729602e-01],
       [-5.82124144e-02, -1.67121980e-01, -4.23388998e-01,
        -1.28512540e-02,  9.84521105e-03,  9.31413427e-03,
        -6.52697433e-01, -5.70299810e-01, -5.87320055e-01,
         1.17590404e+00, -1.29901615e-01,  1.94054376e-01,
        -2.47714935e-01,  1.05748100e-01,  1.27924833e-02,
        -6.26545328e-02, -5.52734834e-02, -2.34065577e-01],
       [ 2.49107432e-01, -3.85843942e-01,  4.94714346e-01,
         2.53355525e-02, -1.70211231e-01,  3.52832851e-02,
        -5.82944398e-01, -1.25661833e-01,  6.73721449e-01,
        -1.29901615e-01,  8.63727320e-01, -5.39873990e-02,
        -7.26743323e-02, -2.12934971e-01, -2.42966470e-01,
        -8.10410047e-02, -3.27336468e-02, -6.08420111e-02],
       [-2.32985562e-01, -1.86658566e-01, -3.47681348e-01,
        -8.92638956e-02, -2.71888926e-03, -7.54109395e-02,
        -1.34745346e-02,  5.34363409e-02, -1.41541244e-01,
         1.94054376e-01, -5.39873990e-02,  4.72762983e-01,
        -3.49018407e-03,  1.02037123e-01, -5.52711209e-02,
         4.16749671e-02,  3.00673016e-02, -4.30851276e-02],
       [-4.16613515e-01,  1.64203910e-01, -1.90424502e-01,
        -7.35551633e-02,  7.83224496e-02, -9.14577734e-02,
         4.03846706e-01,  3.87838177e-01,  1.99351600e-02,
        -2.47714935e-01, -7.26743323e-02, -3.49018407e-03,
         1.95803242e-01,  8.46328957e-03,  4.54144759e-02,
         9.67119490e-02,  1.26981790e-02,  7.96258225e-02],
       [-9.91273649e-02,  2.39432996e-02, -2.05363152e-01,
        -2.35865833e-02,  4.54225804e-02, -2.13183313e-02,
         1.70847200e-01,  5.47371175e-02, -2.84502528e-01,
         1.05748100e-01, -2.12934971e-01,  1.02037123e-01,
         8.46328957e-03,  9.87846832e-02,  5.99513117e-02,
         3.40289867e-02,  2.80546488e-02,  6.75374811e-04],
       [-1.22602249e-01,  1.00733728e-01, -1.78373699e-01,
        -1.33830331e-02,  4.82843001e-02, -1.37747147e-02,
         3.00763550e-01,  2.29202979e-01, -2.56031601e-01,
         1.27924833e-02, -2.42966470e-01, -5.52711209e-02,
         4.54144759e-02,  5.99513117e-02,  1.19568000e-01,
         4.04819052e-02,  2.10465254e-02,  4.13899510e-02],
       [-5.56552031e-02,  8.87887194e-02, -2.76648828e-02,
         1.23435985e-02,  5.63544696e-02, -1.13239205e-02,
         8.01731036e-01,  2.43798483e-01, -8.43281699e-02,
        -6.26545328e-02, -8.10410047e-02,  4.16749671e-02,
         9.67119490e-02,  3.40289867e-02,  4.04819052e-02,
         1.45532302e-01,  2.08452876e-02,  6.01263797e-02],
       [-6.77555433e-02,  8.20664430e-02, -2.24558154e-02,
        -3.13409575e-02,  3.34456600e-02, -3.38239545e-03,
         1.76444262e-01,  4.02331398e-01, -1.52533399e-02,
        -5.52734834e-02, -3.27336468e-02,  3.00673016e-02,
         1.26981790e-02,  2.80546488e-02,  2.10465254e-02,
         2.08452876e-02,  7.08188976e-02,  2.84408236e-02],
       [-1.08760895e-01,  5.11948631e-02,  2.88156756e-01,
        -2.43207475e-02,  9.53018672e-03,  7.39018304e-02,
         5.36410849e-01,  3.17143795e-01,  3.82729602e-01,
        -2.34065577e-01, -6.08420111e-02, -4.30851276e-02,
         7.96258225e-02,  6.75374811e-04,  4.13899510e-02,
         6.01263797e-02,  2.84408236e-02,  1.46901385e-01]])
      jac: array([ 0.02307767, -0.01609806,  0.01757653, -0.07243646,  0.06474283,
       -0.16164897, -0.00558325, -0.00105532,  0.0023364 ,  0.01122818,
       -0.01595655, -0.00405344, -0.09172472, -0.01860246,  0.01673244,
        0.06093639, -0.09533826,  0.09337305])
  message: 'Maximum number of iterations has been exceeded.'
     nfev: 2052
      nit: 100
     njev: 108
   status: 1
  success: False
        x: array([ 1.03239984, -0.60817068,  0.17106075,  1.44013062, -0.58359529,
        0.06849737, -1.98964049, -0.88800532, -0.90293942,  0.10397945,
        0.43199024,  1.03319623,  0.02231116,  0.12844227, -0.24465869,
       -1.49353549, -0.72739915, -0.10432072])
