Program Begingeth
      fun: 0.30925524495893897
 hess_inv: array([[ 1.43516926e+01, -4.02744985e+00, -1.07822570e+01,
         5.63589062e+00, -1.77764073e+00, -3.57032667e+00,
         1.50110492e+01,  4.65550319e+00,  2.80809140e+00,
        -3.73481703e-01, -1.26307855e+00,  4.84796534e-01,
        -1.51267277e+00,  6.30277210e-01,  3.12166101e-01,
        -2.76530433e-01,  1.06699328e+00, -4.65334202e-01],
       [-4.02744985e+00,  4.38131040e+00,  3.47503417e+00,
        -1.35905677e+00,  1.78348782e+00,  1.32632435e+00,
        -4.06143721e+00,  5.02068920e-01,  3.45675575e-01,
         1.96361111e-01,  2.32703647e-01, -8.89112307e-01,
         5.41561293e-01, -3.61526427e-01,  2.05864238e-01,
        -2.49645014e-02, -3.14902324e-01,  2.36105323e-01],
       [-1.07822570e+01,  3.47503417e+00,  1.80708725e+01,
        -5.17204398e+00,  8.69021665e-01,  6.51584973e+00,
        -2.08660589e+01, -8.11032350e+00,  7.98095477e-01,
         2.97493375e-01,  2.82089173e+00, -9.79288313e-01,
         7.02640549e-01, -1.14212829e+00, -4.80308327e-01,
        -6.49434069e-04, -6.85228980e-01,  5.57802976e-01],
       [ 5.63589062e+00, -1.35905677e+00, -5.17204398e+00,
         2.38533198e+00, -5.56987913e-01, -1.76496004e+00,
         7.24675066e+00,  2.32305262e+00,  1.00210309e+00,
        -1.50636548e-01, -6.47363807e-01,  1.58415498e-01,
        -4.94327683e-01,  2.58337723e-01,  1.57132903e-01,
        -7.95295665e-02,  3.67313393e-01, -1.93167367e-01],
       [-1.77764073e+00,  1.78348782e+00,  8.69021665e-01,
        -5.56987913e-01,  8.15416956e-01,  3.36557417e-01,
        -1.24400715e+00,  7.96374412e-01, -1.13770035e-01,
         1.42099425e-01, -3.03528949e-02, -2.72561959e-01,
         2.56440196e-01, -7.91323041e-02,  9.91136649e-02,
         2.40362912e-02, -1.37104108e-01,  8.66735718e-02],
       [-3.57032667e+00,  1.32632435e+00,  6.51584973e+00,
        -1.76496004e+00,  3.36557417e-01,  2.42628360e+00,
        -7.52186927e+00, -2.65357052e+00,  6.92275655e-01,
         2.02567008e-01,  9.27308151e-01, -3.75359510e-01,
         1.77674960e-01, -3.99871014e-01, -1.22023849e-01,
        -3.06014456e-02, -2.22208454e-01,  1.97621144e-01],
       [ 1.50110492e+01, -4.06143721e+00, -2.08660589e+01,
         7.24675066e+00, -1.24400715e+00, -7.52186927e+00,
         2.84825822e+01,  9.06727429e+00,  8.71025997e-01,
        -3.05708158e-01, -2.66790925e+00,  8.09859788e-01,
        -9.59290517e-01,  9.96361277e-01,  4.41265044e-01,
        -6.31176492e-02,  8.02145573e-01, -7.31431878e-01],
       [ 4.65550319e+00,  5.02068920e-01, -8.11032350e+00,
         2.32305262e+00,  7.96374412e-01, -2.65357052e+00,
         9.06727429e+00,  8.41071011e+00,  3.17723373e-01,
         6.09408006e-01, -1.45604350e+00,  2.08254934e-01,
        -4.14408398e-01,  5.36843546e-01,  4.92492076e-01,
        -3.97591345e-02,  2.93783728e-01, -2.40957861e-01],
       [ 2.80809140e+00,  3.45675575e-01,  7.98095477e-01,
         1.00210309e+00, -1.13770035e-01,  6.92275655e-01,
         8.71025997e-01,  3.17723373e-01,  4.07521456e+00,
         2.74574234e-01,  1.53693738e-01, -2.53988532e-01,
        -4.22250409e-01, -2.37909525e-01,  6.94038860e-02,
        -1.95419502e-01,  1.08480725e-01, -9.69550794e-02],
       [-3.73481703e-01,  1.96361111e-01,  2.97493375e-01,
        -1.50636548e-01,  1.42099425e-01,  2.02567008e-01,
        -3.05708158e-01,  6.09408006e-01,  2.74574234e-01,
         8.71004096e-01,  1.44326095e-01, -7.15979651e-02,
        -1.78118940e-01, -5.48520197e-02, -5.40446992e-02,
        -1.61847400e-02, -6.07116187e-02, -1.84293786e-01],
       [-1.26307855e+00,  2.32703647e-01,  2.82089173e+00,
        -6.47363807e-01, -3.03528949e-02,  9.27308151e-01,
        -2.66790925e+00, -1.45604350e+00,  1.53693738e-01,
         1.44326095e-01,  1.06001247e+00, -1.95524005e-01,
         3.73489100e-02, -3.36445386e-01, -2.58264468e-01,
         3.02985860e-03, -1.01313952e-01, -6.04554774e-02],
       [ 4.84796534e-01, -8.89112307e-01, -9.79288313e-01,
         1.58415498e-01, -2.72561959e-01, -3.75359510e-01,
         8.09859788e-01,  2.08254934e-01, -2.53988532e-01,
        -7.15979651e-02, -1.95524005e-01,  5.44621000e-01,
        -2.79449838e-02,  1.92767797e-01, -7.92505315e-02,
         7.75473604e-02,  9.40452105e-02, -1.94342003e-02],
       [-1.51267277e+00,  5.41561293e-01,  7.02640549e-01,
        -4.94327683e-01,  2.56440196e-01,  1.77674960e-01,
        -9.59290517e-01, -4.14408398e-01, -4.22250409e-01,
        -1.78118940e-01,  3.73489100e-02, -2.79449838e-02,
         3.06571208e-01, -5.11551448e-02, -1.22820833e-02,
         8.90253107e-02, -1.39332315e-01,  9.85216908e-02],
       [ 6.30277210e-01, -3.61526427e-01, -1.14212829e+00,
         2.58337723e-01, -7.91323041e-02, -3.99871014e-01,
         9.96361277e-01,  5.36843546e-01, -2.37909525e-01,
        -5.48520197e-02, -3.36445386e-01,  1.92767797e-01,
        -5.11551448e-02,  1.79361103e-01,  5.28850125e-02,
         1.59294758e-02,  9.64834439e-02,  2.75223861e-03],
       [ 3.12166101e-01,  2.05864238e-01, -4.80308327e-01,
         1.57132903e-01,  9.91136649e-02, -1.22023849e-01,
         4.41265044e-01,  4.92492076e-01,  6.94038860e-02,
        -5.40446992e-02, -2.58264468e-01, -7.92505315e-02,
        -1.22820833e-02,  5.28850125e-02,  1.32658541e-01,
        -2.64304842e-02,  2.22431201e-02,  5.71820649e-02],
       [-2.76530433e-01, -2.49645014e-02, -6.49434069e-04,
        -7.95295665e-02,  2.40362912e-02, -3.06014456e-02,
        -6.31176492e-02, -3.97591345e-02, -1.95419502e-01,
        -1.61847400e-02,  3.02985860e-03,  7.75473604e-02,
         8.90253107e-02,  1.59294758e-02, -2.64304842e-02,
         6.70979885e-02, -2.66583018e-02,  1.02000986e-02],
       [ 1.06699328e+00, -3.14902324e-01, -6.85228980e-01,
         3.67313393e-01, -1.37104108e-01, -2.22208454e-01,
         8.02145573e-01,  2.93783728e-01,  1.08480725e-01,
        -6.07116187e-02, -1.01313952e-01,  9.40452105e-02,
        -1.39332315e-01,  9.64834439e-02,  2.22431201e-02,
        -2.66583018e-02,  1.40731377e-01, -2.06078123e-02],
       [-4.65334202e-01,  2.36105323e-01,  5.57802976e-01,
        -1.93167367e-01,  8.66735718e-02,  1.97621144e-01,
        -7.31431878e-01, -2.40957861e-01, -9.69550794e-02,
        -1.84293786e-01, -6.04554774e-02, -1.94342003e-02,
         9.85216908e-02,  2.75223861e-03,  5.71820649e-02,
         1.02000986e-02, -2.06078123e-02,  1.16478918e-01]])
      jac: array([-7.66423961e-07, -7.06841992e-07,  3.58972111e-08,  2.35589326e-06,
        3.74108152e-06,  1.66903528e-07, -1.66533454e-08, -7.88258348e-07,
        2.70154269e-08, -1.71418435e-06,  2.60532336e-06,  9.51831207e-07,
       -6.15063556e-06,  6.22168983e-06,  6.27053964e-06,  3.18226926e-06,
       -8.39957733e-06, -3.00796425e-06])
  message: 'Optimization terminated successfully.'
     nfev: 1995
      nit: 93
     njev: 105
   status: 0
  success: True
        x: array([ 0.95248681, -1.15032701, -0.0982478 ,  1.35864995, -1.10105599,
       -0.13454067,  1.96808595, -1.28669734, -1.06590618,  0.01317065,
        0.4322405 ,  1.18992766,  0.0173542 ,  0.14648882, -0.28063582,
       -1.20291091, -0.43738476,  0.00248794])
