Program Begingeth
      fun: 0.2890063661636267
 hess_inv: array([[ 5.26761862e+00,  1.54035756e+00, -4.41329793e-01,
         1.64693309e+00,  7.03251427e-01, -1.22639116e+00,
         1.08291649e+00, -1.61903560e+00, -4.32569561e+00,
        -6.98888846e-02,  9.41871697e-01, -5.41323902e-01,
        -8.24951274e-01, -3.68534903e-01, -4.40070088e-01,
        -2.83123638e-01, -4.64384748e-01,  2.48704763e-01],
       [ 1.54035756e+00,  3.90135410e+00,  2.83847688e+00,
         7.99450396e-01,  1.54202977e+00,  8.89871280e-01,
         6.99004872e+00, -7.52448214e-01,  5.56873690e+00,
         2.46424652e-01,  1.04767469e+00, -1.47639928e+00,
        -4.85039575e-01, -4.47491640e-01, -4.01268637e-01,
        -1.50158889e-01, -2.41651271e-01, -8.05193795e-02],
       [-4.41329793e-01,  2.83847688e+00,  7.64137414e+00,
         1.13764288e+00,  8.68387029e-01,  3.34284391e+00,
         1.53389502e+01, -6.86644478e+00,  1.30143532e+01,
        -3.00051420e-01,  2.51298012e+00, -1.39224691e+00,
         1.50041090e-01, -4.22697566e-01, -8.91359697e-01,
        -2.66618942e-01, -2.16093174e-02, -6.46088890e-01],
       [ 1.64693309e+00,  7.99450396e-01,  1.13764288e+00,
         7.88560651e-01,  3.17821083e-01,  1.77434839e-01,
         3.34933876e+00, -1.81398410e+00,  6.06185255e-01,
        -1.29842076e-01,  7.16927300e-01, -2.96331695e-01,
        -2.03464334e-01, -1.52799011e-01, -3.07853198e-01,
        -1.37231032e-01, -1.41568593e-01, -5.24109865e-02],
       [ 7.03251427e-01,  1.54202977e+00,  8.68387029e-01,
         3.17821083e-01,  7.11586885e-01,  2.54851807e-01,
         2.86545590e+00,  6.32433123e-01,  1.59657377e+00,
         3.17460729e-02,  2.72555993e-01, -4.95196068e-01,
        -2.37518117e-01, -1.18187030e-01, -1.04011718e-01,
        -8.12512441e-02, -1.09809033e-01,  8.44776404e-04],
       [-1.22639116e+00,  8.89871280e-01,  3.34284391e+00,
         1.77434839e-01,  2.54851807e-01,  1.73063769e+00,
         6.68989460e+00, -2.31692604e+00,  6.66322600e+00,
        -2.28995059e-01,  8.00260654e-01, -4.41826005e-01,
         2.53174216e-01, -9.16282993e-02, -2.57013208e-01,
        -4.36495488e-02,  6.34164750e-02, -3.23645218e-01],
       [ 1.08291649e+00,  6.99004872e+00,  1.53389502e+01,
         3.34933876e+00,  2.86545590e+00,  6.68989460e+00,
         4.08811308e+01, -1.06341025e+01,  2.55110312e+01,
        -1.21347646e+00,  4.68430632e+00, -2.48578220e+00,
        -2.05310521e-01, -7.41090208e-01, -1.84479728e+00,
        -7.98860066e-01, -5.15345432e-01, -1.32456160e+00],
       [-1.61903560e+00, -7.52448214e-01, -6.86644478e+00,
        -1.81398410e+00,  6.32433123e-01, -2.31692604e+00,
        -1.06341025e+01,  1.64555765e+01, -9.24805178e+00,
         7.93414969e-03, -3.39261393e+00,  8.09148896e-01,
        -1.29987050e-01,  6.22583546e-01,  1.50666870e+00,
         3.90482415e-01,  6.56497122e-02,  7.06188937e-01],
       [-4.32569561e+00,  5.56873690e+00,  1.30143532e+01,
         6.06185255e-01,  1.59657377e+00,  6.66322600e+00,
         2.55110312e+01, -9.24805178e+00,  3.05913796e+01,
        -4.70600392e-01,  3.57857553e+00, -2.50457381e+00,
         7.03232737e-01, -9.02016730e-01, -1.20025594e+00,
        -1.00856125e-01, -3.75744195e-05, -1.24675909e+00],
       [-6.98888846e-02,  2.46424652e-01, -3.00051420e-01,
        -1.29842076e-01,  3.17460729e-02, -2.28995059e-01,
        -1.21347646e+00,  7.93414969e-03, -4.70600392e-01,
         8.24423319e-01, -1.79024538e-01, -1.01277095e-01,
        -1.79868862e-01,  1.81548210e-02,  9.22695592e-02,
         2.74595384e-02,  7.17279224e-02,  1.97693937e-01],
       [ 9.41871697e-01,  1.04767469e+00,  2.51298012e+00,
         7.16927300e-01,  2.72555993e-01,  8.00260654e-01,
         4.68430632e+00, -3.39261393e+00,  3.57857553e+00,
        -1.79024538e-01,  1.60667942e+00, -6.24121806e-01,
        -7.87721972e-02, -3.63671260e-01, -5.56558556e-01,
        -1.67477058e-01, -1.03815367e-01, -2.88338321e-01],
       [-5.41323902e-01, -1.47639928e+00, -1.39224691e+00,
        -2.96331695e-01, -4.95196068e-01, -4.41826005e-01,
        -2.48578220e+00,  8.09148896e-01, -2.50457381e+00,
        -1.01277095e-01, -6.24121806e-01,  9.22980058e-01,
         1.27666668e-01,  2.80956428e-01,  1.56093425e-01,
         6.86824381e-03,  1.09208179e-01,  7.02498887e-02],
       [-8.24951274e-01, -4.85039575e-01,  1.50041090e-01,
        -2.03464334e-01, -2.37518117e-01,  2.53174216e-01,
        -2.05310521e-01, -1.29987050e-01,  7.03232737e-01,
        -1.79868862e-01, -7.87721972e-02,  1.27666668e-01,
         2.60286721e-01,  6.15247438e-02,  4.23393500e-02,
         9.13448640e-02,  9.77973695e-02, -9.77122915e-02],
       [-3.68534903e-01, -4.47491640e-01, -4.22697566e-01,
        -1.52799011e-01, -1.18187030e-01, -9.16282993e-02,
        -7.41090208e-01,  6.22583546e-01, -9.02016730e-01,
         1.81548210e-02, -3.63671260e-01,  2.80956428e-01,
         6.15247438e-02,  1.71935647e-01,  1.16400372e-01,
         1.90178710e-02,  9.05690866e-02,  4.71613996e-02],
       [-4.40070088e-01, -4.01268637e-01, -8.91359697e-01,
        -3.07853198e-01, -1.04011718e-01, -2.57013208e-01,
        -1.84479728e+00,  1.50666870e+00, -1.20025594e+00,
         9.22695592e-02, -5.56558556e-01,  1.56093425e-01,
         4.23393500e-02,  1.16400372e-01,  2.52549668e-01,
         8.41004067e-02,  4.36419948e-02,  1.27110786e-01],
       [-2.83123638e-01, -1.50158889e-01, -2.66618942e-01,
        -1.37231032e-01, -8.12512441e-02, -4.36495488e-02,
        -7.98860066e-01,  3.90482415e-01, -1.00856125e-01,
         2.74595384e-02, -1.67477058e-01,  6.86824381e-03,
         9.13448640e-02,  1.90178710e-02,  8.41004067e-02,
         8.95524629e-02,  3.69143691e-02,  1.64114905e-02],
       [-4.64384748e-01, -2.41651271e-01, -2.16093174e-02,
        -1.41568593e-01, -1.09809033e-01,  6.34164750e-02,
        -5.15345432e-01,  6.56497122e-02, -3.75744195e-05,
         7.17279224e-02, -1.03815367e-01,  1.09208179e-01,
         9.77973695e-02,  9.05690866e-02,  4.36419948e-02,
         3.69143691e-02,  1.15299197e-01, -4.75189569e-03],
       [ 2.48704763e-01, -8.05193795e-02, -6.46088890e-01,
        -5.24109865e-02,  8.44776404e-04, -3.23645218e-01,
        -1.32456160e+00,  7.06188937e-01, -1.24675909e+00,
         1.97693937e-01, -2.88338321e-01,  7.02498887e-02,
        -9.77122915e-02,  4.71613996e-02,  1.27110786e-01,
         1.64114905e-02, -4.75189569e-03,  1.56857690e-01]])
      jac: array([ 1.54369110e-05, -5.38384152e-06,  1.38067335e-05, -2.10864659e-05,
        1.33704159e-05, -2.60254781e-05,  2.85697392e-07, -6.85007606e-07,
        2.70709381e-06,  1.18249854e-05, -8.63827528e-06,  8.97800353e-06,
        3.89699384e-05, -2.06327548e-05,  5.00081458e-05, -4.01730501e-05,
        1.38929609e-05, -4.43027096e-05])
  message: 'Desired error not necessarily achieved due to precision loss.'
     nfev: 1854
      nit: 62
     njev: 97
   status: 2
  success: False
        x: array([-0.71911843, -0.95366214,  0.54463978, -1.06856974, -1.01880557,
        0.12253809, -0.78255827, -1.61205308, -0.58541257,  0.10680666,
        0.59452222,  1.14034804,  0.10882421,  0.16007812, -0.32235477,
        1.26069911, -0.37486064, -0.00896688])
