Program Begingeth
      fun: 0.29007653577363196
 hess_inv: array([[ 4.76897203e+00, -6.80956814e-01, -6.78961461e-01,
         6.25586310e-01, -4.03130115e-01,  9.32494743e-01,
        -1.76627637e+00,  1.81818862e+00,  6.62243806e-01,
        -1.31280180e+00, -9.07460694e-01,  9.93563228e-01,
        -9.24971674e-01,  2.03017822e-01,  5.16958321e-01,
         4.40746122e-02,  3.38958333e-01, -5.87643419e-01],
       [-6.80956814e-01,  3.36837078e+00,  1.33658368e+00,
         4.11651668e-02,  7.29017574e-01, -3.17912769e-02,
        -2.91001624e+00, -7.85562406e-01,  4.15592208e+00,
         1.30226313e-01, -2.92430188e-02, -2.55212758e+00,
         3.80264176e-01, -5.95783987e-01, -2.70873852e-01,
        -1.54917050e-01,  2.73715385e-02,  4.24152588e-02],
       [-6.78961461e-01,  1.33658368e+00,  2.75346640e+00,
        -3.77899293e-01,  1.89805231e-01,  1.40561445e-01,
        -1.36877969e+00, -4.17519345e+00,  2.14412904e+00,
         9.31877299e-02,  1.63737553e+00, -2.06089440e+00,
         1.22024330e-01, -4.74515309e-01, -6.41543247e-01,
         1.99070613e-01, -4.46632314e-02,  6.80804962e-02],
       [ 6.25586310e-01,  4.11651668e-02, -3.77899293e-01,
         1.92625515e-01, -2.31681778e-02,  8.05715714e-02,
         1.18761670e-01,  9.21276907e-01,  2.36465307e-01,
        -2.11952981e-01, -3.89372473e-01,  1.24824073e-01,
        -5.23461286e-02,  2.01514832e-02,  1.62519028e-01,
        -2.76683728e-02,  5.02765679e-02, -4.08762855e-02],
       [-4.03130115e-01,  7.29017574e-01,  1.89805231e-01,
        -2.31681778e-02,  4.15763392e-01, -2.68311225e-04,
        -3.22322549e+00,  2.47695304e-01,  5.78009277e-01,
         4.16464399e-01, -7.43937416e-02, -4.15890065e-01,
         2.54174443e-01, -2.41702536e-02, -2.90352805e-02,
        -2.39843632e-02, -1.84133592e-01, -4.72837739e-03],
       [ 9.32494743e-01, -3.17912769e-02,  1.40561445e-01,
         8.05715714e-02, -2.68311225e-04,  3.06808081e-01,
        -1.45118713e+00,  1.53342077e-01,  5.30687771e-01,
        -5.32065558e-02, -1.22116590e-01,  5.75175254e-02,
        -1.97226246e-01,  3.41786742e-02,  1.10096301e-01,
         6.02682970e-04,  6.37822851e-03, -1.19137796e-01],
       [-1.76627637e+00, -2.91001624e+00, -1.36877969e+00,
         1.18761670e-01, -3.22322549e+00, -1.45118713e+00,
         4.46337536e+01, -5.03925247e-01, -4.33783650e+00,
        -3.51849985e+00, -1.67977996e-02,  1.25374599e+00,
        -1.37193595e+00, -9.67355945e-02, -7.42105044e-02,
         3.87732007e-02,  2.58641245e+00,  1.09380461e+00],
       [ 1.81818862e+00, -7.85562406e-01, -4.17519345e+00,
         9.21276907e-01,  2.47695304e-01,  1.53342077e-01,
        -5.03925247e-01,  1.17727529e+01, -2.07691257e+00,
        -9.03284773e-02, -3.24596229e+00,  2.16905488e+00,
        -2.00757144e-01,  7.02562083e-01,  1.49445630e+00,
        -5.74640303e-01,  3.03252973e-01, -6.47859660e-02],
       [ 6.62243806e-01,  4.15592208e+00,  2.14412904e+00,
         2.36465307e-01,  5.78009277e-01,  5.30687771e-01,
        -4.33783650e+00, -2.07691257e+00,  1.04736984e+01,
        -1.95151172e-01,  4.47330406e-01, -3.30522036e+00,
         1.53037767e-01, -1.15921683e+00, -3.41856115e-01,
        -2.06731560e-01, -7.84178323e-02,  7.74149325e-03],
       [-1.31280180e+00,  1.30226313e-01,  9.31877299e-02,
        -2.11952981e-01,  4.16464399e-01, -5.32065558e-02,
        -3.51849985e+00, -9.03284773e-02, -1.95151172e-01,
         1.42376195e+00,  1.80970130e-01, -7.78848942e-02,
         2.40292298e-01,  3.68257601e-02, -7.25180871e-02,
        -3.18790487e-02, -4.02284959e-01, -1.78556301e-02],
       [-9.07460694e-01, -2.92430188e-02,  1.63737553e+00,
        -3.89372473e-01, -7.43937416e-02, -1.22116590e-01,
        -1.67977996e-02, -3.24596229e+00,  4.47330406e-01,
         1.80970130e-01,  1.93960657e+00, -8.96720383e-01,
         1.13498964e-01, -3.66682263e-01, -6.28262837e-01,
         2.23289755e-01, -1.40493201e-01, -1.32345737e-03],
       [ 9.93563228e-01, -2.55212758e+00, -2.06089440e+00,
         1.24824073e-01, -4.15890065e-01,  5.75175254e-02,
         1.25374599e+00,  2.16905488e+00, -3.30522036e+00,
        -7.78848942e-02, -8.96720383e-01,  2.87576374e+00,
        -3.23169249e-01,  7.06940359e-01,  4.21228943e-01,
         4.57104596e-02,  1.83506452e-02, -1.07382798e-01],
       [-9.24971674e-01,  3.80264176e-01,  1.22024330e-01,
        -5.23461286e-02,  2.54174443e-01, -1.97226246e-01,
        -1.37193595e+00, -2.00757144e-01,  1.53037767e-01,
         2.40292298e-01,  1.13498964e-01, -3.23169249e-01,
         3.92235196e-01, -5.63998730e-02, -9.24292040e-02,
         2.79957148e-02, -1.94855936e-01,  1.28828826e-01],
       [ 2.03017822e-01, -5.95783987e-01, -4.74515309e-01,
         2.01514832e-02, -2.41702536e-02,  3.41786742e-02,
        -9.67355945e-02,  7.02562083e-01, -1.15921683e+00,
         3.68257601e-02, -3.66682263e-01,  7.06940359e-01,
        -5.63998730e-02,  2.67165594e-01,  1.46308628e-01,
         1.30623848e-02,  1.63362130e-02, -7.44494677e-03],
       [ 5.16958321e-01, -2.70873852e-01, -6.41543247e-01,
         1.62519028e-01, -2.90352805e-02,  1.10096301e-01,
        -7.42105044e-02,  1.49445630e+00, -3.41856115e-01,
        -7.25180871e-02, -6.28262837e-01,  4.21228943e-01,
        -9.24292040e-02,  1.46308628e-01,  3.00813364e-01,
        -8.28449374e-02,  3.59915129e-02, -4.84528706e-03],
       [ 4.40746122e-02, -1.54917050e-01,  1.99070613e-01,
        -2.76683728e-02, -2.39843632e-02,  6.02682970e-04,
         3.87732007e-02, -5.74640303e-01, -2.06731560e-01,
        -3.18790487e-02,  2.23289755e-01,  4.57104596e-02,
         2.79957148e-02,  1.30623848e-02, -8.28449374e-02,
         1.00265934e-01, -2.33881575e-02, -6.95948196e-03],
       [ 3.38958333e-01,  2.73715385e-02, -4.46632314e-02,
         5.02765679e-02, -1.84133592e-01,  6.37822851e-03,
         2.58641245e+00,  3.03252973e-01, -7.84178323e-02,
        -4.02284959e-01, -1.40493201e-01,  1.83506452e-02,
        -1.94855936e-01,  1.63362130e-02,  3.59915129e-02,
        -2.33881575e-02,  2.81725051e-01,  1.41215894e-02],
       [-5.87643419e-01,  4.24152588e-02,  6.80804962e-02,
        -4.08762855e-02, -4.72837739e-03, -1.19137796e-01,
         1.09380461e+00, -6.47859660e-02,  7.74149325e-03,
        -1.78556301e-02, -1.32345737e-03, -1.07382798e-01,
         1.28828826e-01, -7.44494677e-03, -4.84528706e-03,
        -6.95948196e-03,  1.41215894e-02,  1.67359510e-01]])
      jac: array([-2.60162262e-07, -6.14323407e-08, -4.28916162e-07, -5.60292553e-07,
        2.32036612e-07,  7.89738645e-07,  2.81256500e-08,  1.77635684e-08,
        1.44328993e-08, -2.79776202e-07,  1.48029737e-09, -3.48239955e-07,
       -3.16043488e-07,  2.90878432e-07, -3.91908728e-07,  7.42369129e-07,
       -5.08112071e-07, -2.62382708e-07])
  message: 'Optimization terminated successfully.'
     nfev: 1349
      nit: 59
     njev: 71
   status: 0
  success: True
        x: array([ 0.25968596, -0.46470753,  0.65387254,  1.02897436, -0.59002902,
        0.05021639,  0.17889544, -1.52739191, -0.44158875,  0.05621206,
        0.67654138,  0.96839898,  0.10961137,  0.09391431, -0.38953956,
       -1.05803335, -0.76084202,  0.02015091])
