Program Begingeth
      fun: 0.3593203497001321
 hess_inv: array([[ 7.85358420e+00,  7.92508062e-01,  1.52370034e-01,
         3.64528571e+00,  4.00697452e-01, -1.09149071e+00,
         9.23906156e+00,  1.43568121e+00, -7.62009868e+00,
         9.36001562e-01,  9.54977731e-01, -9.91680628e-01,
        -4.22691321e-01, -5.16710418e-01, -4.08931953e-01,
         9.05473775e-02, -3.84146946e-01,  3.33770423e-03],
       [ 7.92508062e-01,  2.58360830e+00, -9.01160524e-02,
         4.15493981e-01,  1.28969192e+00, -2.90318251e-01,
         2.67512660e+00,  1.42734017e+00,  1.39859195e+00,
         9.74763605e-01,  4.11761583e-01, -1.99401439e-01,
        -4.09067850e-01, -2.08528810e-02, -2.13711375e-01,
        -1.29528528e-01, -4.34611626e-02,  1.31761840e-01],
       [ 1.52370034e-01, -9.01160524e-02,  1.70221238e+00,
         1.86836723e-01, -1.24432220e-01,  8.08082414e-01,
        -4.85927836e-01, -2.29019370e+00, -2.05269272e-02,
         1.98268735e-01, -1.03625637e-01,  2.31894547e-01,
         1.10741086e-01,  2.04031051e-01,  5.62599668e-02,
        -1.14062593e-02,  1.55731934e-01,  2.33910507e-02],
       [ 3.64528571e+00,  4.15493981e-01,  1.86836723e-01,
         1.72078262e+00,  2.12101958e-01, -4.55217636e-01,
         4.56502420e+00,  5.28372654e-01, -3.42620680e+00,
         4.44462164e-01,  4.78186209e-01, -4.19019249e-01,
        -1.91226408e-01, -2.26677250e-01, -2.02193212e-01,
         4.00629086e-02, -1.70517118e-01,  3.93715808e-03],
       [ 4.00697452e-01,  1.28969192e+00, -1.24432220e-01,
         2.12101958e-01,  7.44956673e-01, -2.23160024e-01,
         2.99212190e+00,  1.55484243e+00,  6.57798136e-01,
         4.56689712e-01,  2.61489154e-01, -1.53365310e-01,
        -3.30918197e-01, -4.20009819e-02, -1.03722199e-01,
        -9.76619972e-02, -1.08428580e-01,  1.11950106e-01],
       [-1.09149071e+00, -2.90318251e-01,  8.08082414e-01,
        -4.55217636e-01, -2.23160024e-01,  6.07651193e-01,
        -2.54058703e+00, -1.64594060e+00,  1.20711576e+00,
        -1.58782429e-01, -2.38691638e-01,  2.72635543e-01,
         2.20564005e-01,  1.91717593e-01,  1.06713261e-01,
         1.05206185e-02,  1.79763034e-01, -2.16145478e-02],
       [ 9.23906156e+00,  2.67512660e+00, -4.85927836e-01,
         4.56502420e+00,  2.99212190e+00, -2.54058703e+00,
         4.57516360e+01,  1.49353481e+01, -8.92791016e+00,
         1.49524062e+00,  2.30919601e+00, -1.96546171e+00,
        -3.13262378e+00, -1.26274812e+00, -5.47520020e-01,
        -5.38880549e-01, -2.25074474e+00,  1.03011595e+00],
       [ 1.43568121e+00,  1.42734017e+00, -2.29019370e+00,
         5.28372654e-01,  1.55484243e+00, -1.64594060e+00,
         1.49353481e+01,  1.20698038e+01, -2.57390687e-02,
         2.06927983e-01,  8.71942695e-01, -1.67831758e+00,
        -1.21918986e+00, -6.52441479e-01, -3.10531917e-02,
        -1.13833167e-01, -8.31261887e-01,  3.92157122e-01],
       [-7.62009868e+00,  1.39859195e+00, -2.05269272e-02,
        -3.42620680e+00,  6.57798136e-01,  1.20711576e+00,
        -8.92791016e+00, -2.57390687e-02,  1.36255021e+01,
        -5.65494124e-01,  3.61758122e-01,  5.78415197e-01,
         3.86301526e-01,  3.83797558e-01,  1.52538637e-01,
        -1.65912435e-01,  5.50172990e-01,  5.47369353e-03],
       [ 9.36001562e-01,  9.74763605e-01,  1.98268735e-01,
         4.44462164e-01,  4.56689712e-01, -1.58782429e-01,
         1.49524062e+00,  2.06927983e-01, -5.65494124e-01,
         1.42926479e+00, -3.69518692e-02, -6.93528117e-02,
        -4.02696755e-01,  4.46771749e-02, -2.65766203e-03,
        -5.25060030e-02,  2.70956379e-03,  2.64026575e-01],
       [ 9.54977731e-01,  4.11761583e-01, -1.03625637e-01,
         4.78186209e-01,  2.61489154e-01, -2.38691638e-01,
         2.30919601e+00,  8.71942695e-01,  3.61758122e-01,
        -3.69518692e-02,  9.64445833e-01, -2.29997953e-01,
        -9.77881257e-02, -2.40818787e-01, -2.32568822e-01,
        -4.31174917e-02, -8.31400546e-02, -9.72951783e-02],
       [-9.91680628e-01, -1.99401439e-01,  2.31894547e-01,
        -4.19019249e-01, -1.53365310e-01,  2.72635543e-01,
        -1.96546171e+00, -1.67831758e+00,  5.78415197e-01,
        -6.93528117e-02, -2.29997953e-01,  6.80615432e-01,
         9.94088862e-02,  1.88834952e-01, -1.97441491e-02,
        -6.49228772e-02,  1.33412474e-01, -8.30197436e-03],
       [-4.22691321e-01, -4.09067850e-01,  1.10741086e-01,
        -1.91226408e-01, -3.30918197e-01,  2.20564005e-01,
        -3.13262378e+00, -1.21918986e+00,  3.86301526e-01,
        -4.02696755e-01, -9.77881257e-02,  9.94088862e-02,
         3.53918220e-01,  6.16228666e-02,  2.27348300e-02,
         9.34346720e-02,  1.61882421e-01, -1.43882353e-01],
       [-5.16710418e-01, -2.08528810e-02,  2.04031051e-01,
        -2.26677250e-01, -4.20009819e-02,  1.91717593e-01,
        -1.26274812e+00, -6.52441479e-01,  3.83797558e-01,
         4.46771749e-02, -2.40818787e-01,  1.88834952e-01,
         6.16228666e-02,  1.37847102e-01,  5.07015227e-02,
        -5.01578606e-03,  1.02871655e-01,  2.03941355e-02],
       [-4.08931953e-01, -2.13711375e-01,  5.62599668e-02,
        -2.02193212e-01, -1.03722199e-01,  1.06713261e-01,
        -5.47520020e-01, -3.10531917e-02,  1.52538637e-01,
        -2.65766203e-03, -2.32568822e-01, -1.97441491e-02,
         2.27348300e-02,  5.07015227e-02,  1.18622845e-01,
         2.30501715e-02,  1.53891193e-02,  5.82505749e-02],
       [ 9.05473775e-02, -1.29528528e-01, -1.14062593e-02,
         4.00629086e-02, -9.76619972e-02,  1.05206185e-02,
        -5.38880549e-01, -1.13833167e-01, -1.65912435e-01,
        -5.25060030e-02, -4.31174917e-02, -6.49228772e-02,
         9.34346720e-02, -5.01578606e-03,  2.30501715e-02,
         6.45590556e-02,  2.69037154e-02, -2.45688331e-02],
       [-3.84146946e-01, -4.34611626e-02,  1.55731934e-01,
        -1.70517118e-01, -1.08428580e-01,  1.79763034e-01,
        -2.25074474e+00, -8.31261887e-01,  5.50172990e-01,
         2.70956379e-03, -8.31400546e-02,  1.33412474e-01,
         1.61882421e-01,  1.02871655e-01,  1.53891193e-02,
         2.69037154e-02,  1.67184621e-01, -4.33970214e-02],
       [ 3.33770423e-03,  1.31761840e-01,  2.33910507e-02,
         3.93715808e-03,  1.11950106e-01, -2.16145478e-02,
         1.03011595e+00,  3.92157122e-01,  5.47369353e-03,
         2.64026575e-01, -9.72951783e-02, -8.30197436e-03,
        -1.43882353e-01,  2.03941355e-02,  5.82505749e-02,
        -2.45688331e-02, -4.33970214e-02,  1.25724405e-01]])
      jac: array([-1.30784272e-06,  4.14483263e-07,  2.82736797e-07,  2.71005440e-06,
       -1.34077934e-06, -3.63413003e-07, -2.00950367e-07,  8.69674703e-08,
       -5.95819690e-08, -5.02190881e-07,  6.70204633e-07, -1.66163379e-07,
       -2.56498526e-06,  1.79152989e-06, -2.03910962e-07,  1.67310610e-06,
       -1.54135963e-06,  2.25745348e-08])
  message: 'Optimization terminated successfully.'
     nfev: 1501
      nit: 70
     njev: 79
   status: 0
  success: True
        x: array([-1.61398938, -1.04694067,  0.61143597, -1.49395534, -1.11440628,
        0.29821841, -0.29164275, -1.60432919,  0.71306375,  0.13390002,
        0.38038207,  1.17760534,  0.13126242,  0.08847456, -0.24983857,
        1.43075947, -0.5226181 ,  0.02233433])
