Program Begingeth
      fun: 0.34237663247010014
 hess_inv: array([[ 7.23698690e+00, -1.06038612e+00,  2.83175429e-01,
         1.80827704e+00, -5.33125803e-01,  1.52077783e+00,
        -1.65343194e+00,  2.66217312e+00,  4.56787619e+00,
        -6.75271816e-01, -1.17917867e+00,  8.56593450e-01,
        -1.17699855e+00,  4.55456390e-01,  5.99273927e-01,
        -3.02445411e-01,  6.57398524e-01, -4.09168086e-01],
       [-1.06038612e+00,  5.09926645e+00,  1.56993887e+00,
        -2.77780972e-01,  1.91398499e+00,  3.85654912e-01,
        -7.51659293e+00,  1.44292790e-01,  6.06739940e+00,
        -2.28492718e-01,  1.17038746e-01, -1.97728094e+00,
         7.32172323e-01, -5.40500337e-01, -1.97350910e-01,
         1.37269183e-02, -3.93591552e-01,  6.55364957e-02],
       [ 2.83175429e-01,  1.56993887e+00,  2.55361696e+00,
        -2.87039788e-01,  5.45942936e-01,  8.18083104e-01,
        -4.96070850e+00, -2.26248300e+00,  2.68235531e+00,
        -1.66647080e-01,  9.40962229e-01, -8.76209343e-01,
         5.30536812e-02, -1.93742779e-01, -3.29250235e-01,
         1.12441195e-01, -4.19718948e-02, -1.28983310e-01],
       [ 1.80827704e+00, -2.77780972e-01, -2.87039788e-01,
         5.69152017e-01, -1.66172452e-01,  2.59093246e-01,
         6.84412780e-01,  1.03226607e+00,  1.07967298e+00,
        -2.32300242e-01, -4.61127890e-01,  2.01187117e-01,
        -2.51229652e-01,  9.89862778e-02,  2.19237725e-01,
        -9.09557173e-02,  1.64811078e-01, -5.42700347e-02],
       [-5.33125803e-01,  1.91398499e+00,  5.45942936e-01,
        -1.66172452e-01,  8.85485890e-01,  1.57148480e-01,
        -4.33464326e+00,  7.35549206e-01,  2.04045049e+00,
         1.06615940e-01, -3.50116712e-02, -6.35379957e-01,
         3.71630777e-01, -1.35708405e-01, -5.04539596e-02,
         6.38415805e-02, -2.44226483e-01,  2.57099683e-02],
       [ 1.52077783e+00,  3.85654912e-01,  8.18083104e-01,
         2.59093246e-01,  1.57148480e-01,  6.39924168e-01,
        -2.69649106e+00,  1.82028565e-01,  2.24917983e+00,
        -5.39305886e-03, -8.26405788e-02, -8.66230166e-02,
        -2.24019569e-01,  4.54972199e-02,  7.94706564e-02,
        -4.67341045e-02,  6.24344038e-02, -1.13091090e-01],
       [-1.65343194e+00, -7.51659293e+00, -4.96070850e+00,
         6.84412780e-01, -4.33464326e+00, -2.69649106e+00,
         3.79023353e+01, -4.01480440e+00, -1.25756013e+01,
        -1.53932759e+00,  3.58881228e-02,  1.92439008e+00,
        -1.17317174e+00,  1.92181677e-01,  1.49824768e-01,
        -4.52748690e-01,  1.55397846e+00,  4.76412386e-01],
       [ 2.66217312e+00,  1.44292790e-01, -2.26248300e+00,
         1.03226607e+00,  7.35549206e-01,  1.82028565e-01,
        -4.01480440e+00,  9.83761744e+00,  1.43861714e+00,
         3.77546090e-01, -2.02739646e+00,  5.15813908e-01,
        -9.18151858e-02,  4.37779320e-01,  9.37927197e-01,
        -2.67084025e-01, -1.54110590e-02,  4.62622472e-02],
       [ 4.56787619e+00,  6.06739940e+00,  2.68235531e+00,
         1.07967298e+00,  2.04045049e+00,  2.24917983e+00,
        -1.25756013e+01,  1.43861714e+00,  1.71647687e+01,
        -4.48893871e-01, -5.06739625e-01, -1.93775331e+00,
        -1.16797751e-01, -6.19887412e-01,  2.72841590e-01,
        -3.31799126e-01, -1.86488589e-01, -1.52577417e-01],
       [-6.75271816e-01, -2.28492718e-01, -1.66647080e-01,
        -2.32300242e-01,  1.06615940e-01, -5.39305886e-03,
        -1.53932759e+00,  3.77546090e-01, -4.48893871e-01,
         1.06368901e+00,  7.75679868e-02,  1.43369084e-01,
        -4.33737333e-02, -5.89273337e-03, -2.71596119e-02,
         4.35946747e-02, -2.28293692e-01, -1.26653246e-01],
       [-1.17917867e+00,  1.17038746e-01,  9.40962229e-01,
        -4.61127890e-01, -3.50116712e-02, -8.26405788e-02,
         3.58881228e-02, -2.02739646e+00, -5.06739625e-01,
         7.75679868e-02,  1.36795891e+00, -3.94894281e-01,
         1.09495739e-01, -2.90500248e-01, -4.22555323e-01,
         1.33353245e-01, -6.43176601e-02, -1.09178362e-01],
       [ 8.56593450e-01, -1.97728094e+00, -8.76209343e-01,
         2.01187117e-01, -6.35379957e-01, -8.66230166e-02,
         1.92439008e+00,  5.15813908e-01, -1.93775331e+00,
         1.43369084e-01, -3.94894281e-01,  1.30933175e+00,
        -2.93237234e-01,  3.70341736e-01,  1.00645170e-01,
         3.41152916e-02,  1.81894283e-01, -2.98275849e-02],
       [-1.17699855e+00,  7.32172323e-01,  5.30536812e-02,
        -2.51229652e-01,  3.71630777e-01, -2.24019569e-01,
        -1.17317174e+00, -9.18151858e-02, -1.16797751e-01,
        -4.33737333e-02,  1.09495739e-01, -2.93237234e-01,
         4.21964358e-01, -1.02433453e-01, -8.62725853e-02,
         1.31938512e-01, -2.10754603e-01,  1.19361427e-01],
       [ 4.55456390e-01, -5.40500337e-01, -1.93742779e-01,
         9.89862778e-02, -1.35708405e-01,  4.54972199e-02,
         1.92181677e-01,  4.37779320e-01, -6.19887412e-01,
        -5.89273337e-03, -2.90500248e-01,  3.70341736e-01,
        -1.02433453e-01,  1.91618252e-01,  8.78333366e-02,
        -1.27074481e-03,  9.47652594e-02,  4.62691657e-03],
       [ 5.99273927e-01, -1.97350910e-01, -3.29250235e-01,
         2.19237725e-01, -5.04539596e-02,  7.94706564e-02,
         1.49824768e-01,  9.37927197e-01,  2.72841590e-01,
        -2.71596119e-02, -4.22555323e-01,  1.00645170e-01,
        -8.62725853e-02,  8.78333366e-02,  2.03853705e-01,
        -7.06481929e-02,  3.63106968e-02,  4.18289636e-02],
       [-3.02445411e-01,  1.37269183e-02,  1.12441195e-01,
        -9.09557173e-02,  6.38415805e-02, -4.67341045e-02,
        -4.52748690e-01, -2.67084025e-01, -3.31799126e-01,
         4.35946747e-02,  1.33353245e-01,  3.41152916e-02,
         1.31938512e-01, -1.27074481e-03, -7.06481929e-02,
         1.08876268e-01, -6.59735004e-02,  9.55019925e-03],
       [ 6.57398524e-01, -3.93591552e-01, -4.19718948e-02,
         1.64811078e-01, -2.44226483e-01,  6.24344038e-02,
         1.55397846e+00, -1.54110590e-02, -1.86488589e-01,
        -2.28293692e-01, -6.43176601e-02,  1.81894283e-01,
        -2.10754603e-01,  9.47652594e-02,  3.63106968e-02,
        -6.59735004e-02,  2.25305553e-01, -2.15760632e-02],
       [-4.09168086e-01,  6.55364957e-02, -1.28983310e-01,
        -5.42700347e-02,  2.57099683e-02, -1.13091090e-01,
         4.76412386e-01,  4.62622472e-02, -1.52577417e-01,
        -1.26653246e-01, -1.09178362e-01, -2.98275849e-02,
         1.19361427e-01,  4.62691657e-03,  4.18289636e-02,
         9.55019925e-03, -2.15760632e-02,  1.20008278e-01]])
      jac: array([ 2.45433303e-06,  3.09234120e-06, -8.11943105e-07, -5.44305342e-06,
       -8.82331245e-06, -3.03127893e-06,  1.87257617e-07,  7.29046453e-07,
        5.64733445e-07,  2.05539289e-06,  1.62277599e-06, -1.06729440e-06,
        3.11269529e-06,  7.62982270e-06, -4.35947574e-07,  1.44106949e-06,
       -2.53722969e-06,  3.58379992e-06])
  message: 'Optimization terminated successfully.'
     nfev: 1463
      nit: 69
     njev: 77
   status: 0
  success: True
        x: array([ 0.69274096, -0.86649354,  0.54953558,  1.15146407, -0.94172605,
        0.10929691,  0.59742948, -1.76944834, -0.41370679, -0.0092261 ,
        0.54797883,  1.11962845,  0.02375122,  0.03670188, -0.34393183,
       -1.12629606, -0.73279238, -0.00867324])
