Program Begingeth
      fun: 0.23680000885727737
 hess_inv: array([[ 3.73816835e+00, -1.91114896e+00, -8.30657152e-01,
         1.23259256e+00, -7.27034006e-01,  7.29933379e-01,
         3.26665122e+00,  2.23276407e+00,  9.20360257e-01,
        -4.82083662e-01, -8.83239920e-01,  1.27726010e+00,
        -5.93975810e-01,  4.57915012e-01,  5.04403032e-01,
        -2.05514781e-01,  4.77702805e-01, -2.98650597e-01],
       [-1.91114896e+00,  3.55765668e+00,  1.24328749e+00,
        -5.36625412e-01,  1.31775223e+00, -2.74376841e-01,
        -2.86171507e+00,  5.51459248e-01,  2.12891173e+00,
        -2.00132862e-01,  4.04873418e-01, -1.86188707e+00,
         5.40590566e-01, -4.63225326e-01, -3.94674503e-01,
         5.56634459e-02, -2.26620889e-01,  1.67174200e-01],
       [-8.30657152e-01,  1.24328749e+00,  2.09464312e+00,
        -5.67830553e-01,  4.22899707e-01,  4.61550373e-01,
        -3.49770449e+00, -2.08243050e+00,  2.50648723e+00,
         3.25085352e-02,  9.69195769e-01, -1.15395218e+00,
         1.60987030e-01, -2.50482531e-01, -3.95211203e-01,
         2.10410379e-01, -1.08266924e-01, -1.00219791e-01],
       [ 1.23259256e+00, -5.36625412e-01, -5.67830553e-01,
         5.30198729e-01, -2.12538654e-01,  1.18730727e-01,
         1.93459563e+00,  1.23627355e+00,  1.38426084e-01,
        -2.23145215e-01, -4.63156467e-01,  4.23516613e-01,
        -1.41847784e-01,  1.33652257e-01,  2.38985721e-01,
        -1.01913311e-01,  1.42484027e-01, -1.26430529e-02],
       [-7.27034006e-01,  1.31775223e+00,  4.22899707e-01,
        -2.12538654e-01,  6.42005528e-01, -7.81562302e-02,
        -1.97648094e+00,  1.00885289e+00,  4.08373579e-01,
         5.41641832e-02,  5.88547834e-02, -5.85686849e-01,
         2.65916883e-01, -1.07596810e-01, -1.05713950e-01,
         7.33669987e-02, -1.59043058e-01,  6.04095348e-02],
       [ 7.29933379e-01, -2.74376841e-01,  4.61550373e-01,
         1.18730727e-01, -7.81562302e-02,  4.44523621e-01,
        -7.44164890e-01,  8.24668576e-02,  1.26617561e+00,
         3.53165574e-02,  9.75229263e-03,  5.93225504e-02,
        -1.52485475e-01,  6.18031204e-02,  5.54906928e-02,
        -1.32030740e-02,  4.82356815e-02, -1.30643735e-01],
       [ 3.26665122e+00, -2.86171507e+00, -3.49770449e+00,
         1.93459563e+00, -1.97648094e+00, -7.44164890e-01,
         1.90165166e+01,  7.03489880e-01, -2.64884871e+00,
        -1.50192904e+00, -1.46361491e+00,  1.77878438e+00,
        -8.45714654e-01,  4.74941132e-01,  8.04953329e-01,
        -6.30463295e-01,  1.34305633e+00,  4.45057426e-01],
       [ 2.23276407e+00,  5.51459248e-01, -2.08243050e+00,
         1.23627355e+00,  1.00885289e+00,  8.24668576e-02,
         7.03489880e-01,  1.19456211e+01, -1.47795577e+00,
        -1.18929414e-01, -2.09127779e+00,  7.85316938e-01,
        -2.77139089e-02,  5.39214827e-01,  1.00751148e+00,
        -4.26983745e-01,  1.50356927e-01,  1.90864177e-01],
       [ 9.20360257e-01,  2.12891173e+00,  2.50648723e+00,
         1.38426084e-01,  4.08373579e-01,  1.26617561e+00,
        -2.64884871e+00, -1.47795577e+00,  1.01522963e+01,
        -3.81588950e-01,  7.26449421e-01, -1.61863165e+00,
        -1.17679454e-01, -6.34128410e-01, -2.68575338e-01,
        -1.93174471e-01, -1.16006638e-01, -2.18104772e-01],
       [-4.82083662e-01, -2.00132862e-01,  3.25085352e-02,
        -2.23145215e-01,  5.41641832e-02,  3.53165574e-02,
        -1.50192904e+00, -1.18929414e-01, -3.81588950e-01,
         7.09248950e-01,  1.36039390e-01,  4.82851220e-02,
        -3.42144396e-02, -3.67360577e-02, -7.22964118e-02,
         5.61779588e-02, -2.11391905e-01, -1.52078653e-01],
       [-8.83239920e-01,  4.04873418e-01,  9.69195769e-01,
        -4.63156467e-01,  5.88547834e-02,  9.75229263e-03,
        -1.46361491e+00, -2.09127779e+00,  7.26449421e-01,
         1.36039390e-01,  1.04685582e+00, -6.18423834e-01,
         9.32309318e-02, -2.63321962e-01, -3.91584121e-01,
         1.64033077e-01, -8.70070024e-02, -1.25826287e-01],
       [ 1.27726010e+00, -1.86188707e+00, -1.15395218e+00,
         4.23516613e-01, -5.85686849e-01,  5.93225504e-02,
         1.77878438e+00,  7.85316938e-01, -1.61863165e+00,
         4.82851220e-02, -6.18423834e-01,  1.43817258e+00,
        -2.59807207e-01,  4.00216555e-01,  2.94115706e-01,
        -2.37060269e-02,  1.73994070e-01, -4.45351005e-02],
       [-5.93975810e-01,  5.40590566e-01,  1.60987030e-01,
        -1.41847784e-01,  2.65916883e-01, -1.52485475e-01,
        -8.45714654e-01, -2.77139089e-02, -1.17679454e-01,
        -3.42144396e-02,  9.32309318e-02, -2.59807207e-01,
         2.51715270e-01, -8.49572113e-02, -7.12530397e-02,
         1.13114661e-01, -1.47127494e-01,  1.12305723e-01],
       [ 4.57915012e-01, -4.63225326e-01, -2.50482531e-01,
         1.33652257e-01, -1.07596810e-01,  6.18031204e-02,
         4.74941132e-01,  5.39214827e-01, -6.34128410e-01,
        -3.67360577e-02, -2.63321962e-01,  4.00216555e-01,
        -8.49572113e-02,  1.93529322e-01,  1.17670357e-01,
        -4.05326528e-03,  1.19030287e-01, -4.78368082e-04],
       [ 5.04403032e-01, -3.94674503e-01, -3.95211203e-01,
         2.38985721e-01, -1.05713950e-01,  5.54906928e-02,
         8.04953329e-01,  1.00751148e+00, -2.68575338e-01,
        -7.22964118e-02, -3.91584121e-01,  2.94115706e-01,
        -7.12530397e-02,  1.17670357e-01,  2.19571530e-01,
        -8.47809123e-02,  5.41823346e-02,  6.72447938e-02],
       [-2.05514781e-01,  5.56634459e-02,  2.10410379e-01,
        -1.01913311e-01,  7.33669987e-02, -1.32030740e-02,
        -6.30463295e-01, -4.26983745e-01, -1.93174471e-01,
         5.61779588e-02,  1.64033077e-01, -2.37060269e-02,
         1.13114661e-01, -4.05326528e-03, -8.47809123e-02,
         1.40167022e-01, -6.33359802e-02, -3.73334389e-03],
       [ 4.77702805e-01, -2.26620889e-01, -1.08266924e-01,
         1.42484027e-01, -1.59043058e-01,  4.82356815e-02,
         1.34305633e+00,  1.50356927e-01, -1.16006638e-01,
        -2.11391905e-01, -8.70070024e-02,  1.73994070e-01,
        -1.47127494e-01,  1.19030287e-01,  5.41823346e-02,
        -6.33359802e-02,  2.43690383e-01, -9.68106039e-03],
       [-2.98650597e-01,  1.67174200e-01, -1.00219791e-01,
        -1.26430529e-02,  6.04095348e-02, -1.30643735e-01,
         4.45057426e-01,  1.90864177e-01, -2.18104772e-01,
        -1.52078653e-01, -1.25826287e-01, -4.45351005e-02,
         1.12305723e-01, -4.78368082e-04,  6.72447938e-02,
        -3.73334389e-03, -9.68106039e-03,  1.83570393e-01]])
      jac: array([-1.58243788e-05,  2.03174514e-05, -5.91378798e-06,  3.55719158e-05,
       -4.23875749e-05,  9.94056689e-06, -3.54568227e-06,  2.44896696e-06,
       -5.46599803e-07, -8.09722659e-06,  1.17641082e-05,  1.49898612e-06,
       -4.16853589e-05,  3.24181422e-05,  8.57536264e-06,  3.99021557e-05,
       -2.23948637e-05,  1.12484096e-06])
  message: 'Desired error not necessarily achieved due to precision loss.'
     nfev: 2291
      nit: 67
     njev: 120
   status: 2
  success: False
        x: array([ 0.51809356, -0.65622884,  0.67554689,  0.84026506, -0.85280476,
        0.10759078,  0.43377337, -1.56465351, -0.56900697,  0.01553216,
        0.70881299,  1.12364198,  0.04048384,  0.14779568, -0.41067131,
       -0.83072481, -0.45150339, -0.03999206])
