Program Begingeth
      fun: 0.2875204122555714
 hess_inv: array([[ 4.00440452e-01,  7.02870162e-02, -8.79692317e-02,
        -3.31377945e-03, -2.58747569e-02, -1.66960017e-01,
        -1.77956402e-01, -2.09616863e-01, -7.37086503e-01,
         4.17826668e-02,  1.60745061e-01,  4.22661540e-01,
        -1.93663803e-01, -1.24399176e-01, -2.00945164e-01,
        -4.23255007e-02, -6.95090009e-02, -4.04857057e-02],
       [ 7.02870162e-02,  8.12899901e-01, -6.71835823e-02,
        -2.23532539e-01, -8.06687275e-02, -2.32200171e-01,
        -6.84742573e-01,  5.00916596e-01, -9.46612050e-02,
         5.46881134e-02,  2.78300096e-01,  6.76579305e-02,
        -2.32291742e-01, -6.23712629e-01, -1.19091719e-01,
        -2.46281264e-02, -1.65568481e-01,  1.27061082e-01],
       [-8.79692317e-02, -6.71835823e-02,  5.62993152e-01,
         9.48573915e-02,  1.45313658e-01, -5.26339404e-02,
         6.37423460e-01,  9.16386843e-02,  1.98273798e-01,
        -5.10630548e-01, -1.06443266e-01, -1.34635557e-01,
         2.29730526e-01,  1.81481791e-01, -3.69334203e-01,
         4.30361092e-02, -8.46586792e-03, -1.45862911e-01],
       [-3.31377945e-03, -2.23532539e-01,  9.48573915e-02,
         1.94390023e-01,  2.46053071e-02,  8.28105378e-04,
         5.29398837e-01, -3.83773533e-01, -1.97739735e-01,
        -1.03121312e-01,  2.50564238e-02,  4.31844560e-02,
         2.22419430e-01,  1.59052566e-01, -7.46221527e-02,
         6.12980032e-02,  3.25999587e-02, -5.69410066e-02],
       [-2.58747569e-02, -8.06687275e-02,  1.45313658e-01,
         2.46053071e-02,  1.17689042e-01,  4.34703072e-02,
         2.98499461e-01,  1.69362826e-01,  2.64678751e-01,
        -1.41351840e-01, -1.58483951e-01, -1.49257495e-02,
         5.96953476e-02,  2.10223492e-01, -6.22812787e-02,
         1.99778592e-02,  5.65849051e-02, -4.24405837e-02],
       [-1.66960017e-01, -2.32200171e-01, -5.26339404e-02,
         8.28105378e-04,  4.34703072e-02,  2.66459990e-01,
         1.68378099e-01,  1.40347768e-01,  7.68366763e-01,
         3.33893098e-02, -2.75398152e-01, -1.82271104e-01,
         6.12653982e-02,  2.51024564e-01,  3.04029948e-01,
         1.51194073e-02,  8.79623568e-02,  4.86494216e-02],
       [-1.77956402e-01, -6.84742573e-01,  6.37423460e-01,
         5.29398837e-01,  2.98499461e-01,  1.68378099e-01,
         2.96809633e+00, -5.06766910e-01,  6.01178825e-01,
        -4.72583395e-01, -3.45856992e-01,  2.82716345e-03,
         5.82817438e-01,  8.13258347e-01, -2.92512648e-01,
         1.21277028e-01,  1.78570762e-01, -2.19205888e-01],
       [-2.09616863e-01,  5.00916596e-01,  9.16386843e-02,
        -3.83773533e-01,  1.69362826e-01,  1.40347768e-01,
        -5.06766910e-01,  2.12851885e+00,  1.42255489e+00,
        -5.37436094e-02, -1.54207726e-01, -3.09861656e-01,
        -3.02782188e-01, -1.80997029e-01,  1.77589855e-01,
        -7.52300972e-02, -4.64313250e-02,  1.45924939e-01],
       [-7.37086503e-01, -9.46612050e-02,  1.98273798e-01,
        -1.97739735e-01,  2.64678751e-01,  7.68366763e-01,
         6.01178825e-01,  1.42255489e+00,  4.54391924e+00,
        -2.41355486e-01, -1.01684854e+00, -5.52718470e-01,
         1.69437463e-01,  5.59215626e-01,  5.26040515e-01,
         7.23265098e-02,  1.87841746e-01,  5.57780793e-02],
       [ 4.17826668e-02,  5.46881134e-02, -5.10630548e-01,
        -1.03121312e-01, -1.41351840e-01,  3.33893098e-02,
        -4.72583395e-01, -5.37436094e-02, -2.41355486e-01,
         6.56643867e-01,  1.14145733e-01,  9.16219151e-02,
        -2.79202760e-01, -1.65831588e-01,  3.28886051e-01,
        -7.04381581e-02,  2.30377962e-02,  1.25538597e-01],
       [ 1.60745061e-01,  2.78300096e-01, -1.06443266e-01,
         2.50564238e-02, -1.58483951e-01, -2.75398152e-01,
        -3.45856992e-01, -1.54207726e-01, -1.01684854e+00,
         1.14145733e-01,  9.19124551e-01,  1.08448048e-01,
        -1.17944499e-01, -5.71182277e-01, -9.82375070e-02,
        -1.04844345e-01, -1.57534969e-01,  1.15300168e-01],
       [ 4.22661540e-01,  6.76579305e-02, -1.34635557e-01,
         4.31844560e-02, -1.49257495e-02, -1.82271104e-01,
         2.82716345e-03, -3.09861656e-01, -5.52718470e-01,
         9.16219151e-02,  1.08448048e-01,  7.01369165e-01,
        -1.55639766e-01, -9.19704339e-02, -3.02146877e-01,
        -4.91089238e-03, -6.63779803e-02, -8.83043416e-02],
       [-1.93663803e-01, -2.32291742e-01,  2.29730526e-01,
         2.22419430e-01,  5.96953476e-02,  6.12653982e-02,
         5.82817438e-01, -3.02782188e-01,  1.69437463e-01,
        -2.79202760e-01, -1.17944499e-01, -1.55639766e-01,
         4.20778848e-01,  2.38558690e-01, -5.99904357e-02,
         1.41908963e-01,  5.53592890e-02, -6.87416320e-02],
       [-1.24399176e-01, -6.23712629e-01,  1.81481791e-01,
         1.59052566e-01,  2.10223492e-01,  2.51024564e-01,
         8.13258347e-01, -1.80997029e-01,  5.59215626e-01,
        -1.65831588e-01, -5.71182277e-01, -9.19704339e-02,
         2.38558690e-01,  7.61809661e-01,  5.71665441e-02,
         6.92688577e-02,  2.31457194e-01, -1.36088837e-01],
       [-2.00945164e-01, -1.19091719e-01, -3.69334203e-01,
        -7.46221527e-02, -6.22812787e-02,  3.04029948e-01,
        -2.92512648e-01,  1.77589855e-01,  5.26040515e-01,
         3.28886051e-01, -9.82375070e-02, -3.02146877e-01,
        -5.99904357e-02,  5.71665441e-02,  6.36845559e-01,
        -2.32838915e-02,  8.46891280e-02,  2.21627568e-01],
       [-4.23255007e-02, -2.46281264e-02,  4.30361092e-02,
         6.12980032e-02,  1.99778592e-02,  1.51194073e-02,
         1.21277028e-01, -7.52300972e-02,  7.23265098e-02,
        -7.04381581e-02, -1.04844345e-01, -4.91089238e-03,
         1.41908963e-01,  6.92688577e-02, -2.32838915e-02,
         8.14006140e-02,  1.65980530e-02, -2.32561684e-02],
       [-6.95090009e-02, -1.65568481e-01, -8.46586792e-03,
         3.25999587e-02,  5.65849051e-02,  8.79623568e-02,
         1.78570762e-01, -4.64313250e-02,  1.87841746e-01,
         2.30377962e-02, -1.57534969e-01, -6.63779803e-02,
         5.53592890e-02,  2.31457194e-01,  8.46891280e-02,
         1.65980530e-02,  1.02386730e-01, -1.04642731e-02],
       [-4.04857057e-02,  1.27061082e-01, -1.45862911e-01,
        -5.69410066e-02, -4.24405837e-02,  4.86494216e-02,
        -2.19205888e-01,  1.45924939e-01,  5.57780793e-02,
         1.25538597e-01,  1.15300168e-01, -8.83043416e-02,
        -6.87416320e-02, -1.36088837e-01,  2.21627568e-01,
        -2.32561684e-02, -1.04642731e-02,  1.40997498e-01]])
      jac: array([ 4.09157893e-05, -3.73001630e-05, -1.15023546e-04, -1.45692347e-04,
       -1.93800531e-05,  2.02523183e-04,  1.07473290e-05, -1.20573921e-05,
       -6.94629539e-06,  2.73718085e-05,  8.88733531e-06, -3.47318470e-05,
        1.34894318e-04,  1.18061116e-05, -1.79897208e-04, -6.13261294e-05,
        3.34432482e-05,  1.01623524e-04])
  message: 'Desired error not necessarily achieved due to precision loss.'
     nfev: 1245
      nit: 24
     njev: 65
   status: 2
  success: False
        x: array([ 0.69421297, -0.06940751,  0.51575555,  0.22527933, -1.06604507,
       -0.75849146,  1.27585872, -1.57592793, -0.99052642, -1.00624578,
        0.03252417,  0.63270859,  0.12936089,  0.03537547, -0.54359093,
        0.08275565,  1.34396945, -0.8256412 ])
