Program Begingeth
      fun: 0.2513674238297705
 hess_inv: array([[ 3.76744219e+00,  1.66327031e+00, -3.92239650e-01,
         1.20740988e+00,  6.75962602e-01, -8.93028916e-01,
         7.83166787e-01, -1.14562935e+00, -2.71611065e+00,
         7.61868837e-02,  7.93581262e-01, -5.02280792e-01,
        -5.81417368e-01, -3.67075272e-01, -3.15803537e-01,
        -1.95190665e-01, -3.48583875e-01,  1.57277718e-01],
       [ 1.66327031e+00,  3.07273974e+00,  3.13305351e-01,
         3.87666365e-01,  1.30937191e+00, -2.31116060e-01,
         8.77040304e-01,  1.82000606e+00,  5.45668908e-01,
         4.44604996e-01,  2.90680478e-01, -9.99532132e-01,
        -5.13839286e-01, -3.24558788e-01, -5.35971584e-02,
        -6.50297197e-02, -2.19283041e-01,  1.65063439e-01],
       [-3.92239650e-01,  3.13305351e-01,  3.58001724e+00,
         4.07772924e-01,  2.10072935e-02,  1.66085183e+00,
         5.74192488e+00, -2.90238342e+00,  5.42590572e+00,
        -2.82228316e-01,  1.10606564e+00, -4.46049862e-01,
         1.75980305e-01, -8.62254094e-02, -3.47614539e-01,
        -8.77549468e-02,  1.01659005e-01, -3.31539596e-01],
       [ 1.20740988e+00,  3.87666365e-01,  4.07772924e-01,
         5.25944156e-01,  1.50918113e-01, -3.04658661e-02,
         1.53062364e+00, -1.01615311e+00, -2.31020600e-01,
        -7.97859174e-02,  4.14095067e-01, -1.22004758e-01,
        -1.26388525e-01, -9.34498805e-02, -1.74922770e-01,
        -7.97549023e-02, -8.19539732e-02, -2.44210950e-02],
       [ 6.75962602e-01,  1.30937191e+00,  2.10072935e-02,
         1.50918113e-01,  6.24896305e-01, -1.19697107e-01,
         5.50632828e-01,  1.41943732e+00, -6.22779397e-02,
         1.44970111e-01,  1.62952767e-02, -3.61360212e-01,
        -2.30383399e-01, -9.22254235e-02,  2.03239688e-02,
        -3.99690692e-02, -9.21865644e-02,  8.71352715e-02],
       [-8.93028916e-01, -2.31116060e-01,  1.66085183e+00,
        -3.04658661e-02, -1.19697107e-01,  9.56563009e-01,
         2.70726419e+00, -8.96882173e-01,  3.08638429e+00,
        -2.23594230e-01,  2.49974752e-01, -4.72958463e-02,
         2.11076165e-01,  5.28043942e-02, -6.81754413e-02,
         7.20180832e-03,  1.00062326e-01, -1.77463182e-01],
       [ 7.83166787e-01,  8.77040304e-01,  5.74192488e+00,
         1.53062364e+00,  5.50632828e-01,  2.70726419e+00,
         1.63724833e+01, -3.16376150e+00,  7.79341674e+00,
        -8.73509547e-01,  1.38687806e+00, -2.27723277e-01,
         2.27989137e-02,  2.53918843e-02, -6.09977269e-01,
        -3.41422623e-01, -8.05656954e-02, -6.02711737e-01],
       [-1.14562935e+00,  1.82000606e+00, -2.90238342e+00,
        -1.01615311e+00,  1.41943732e+00, -8.96882173e-01,
        -3.16376150e+00,  1.18901839e+01, -3.44765432e+00,
         2.29878993e-01, -1.92728792e+00, -2.13889904e-01,
        -2.27349651e-01,  2.19779558e-01,  9.57428668e-01,
         1.96607016e-01, -7.12840241e-02,  5.01782880e-01],
       [-2.71611065e+00,  5.45668908e-01,  5.42590572e+00,
        -2.31020600e-01, -6.22779397e-02,  3.08638429e+00,
         7.79341674e+00, -3.44765432e+00,  1.34859023e+01,
        -4.14774461e-01,  1.19509631e+00, -6.04368069e-01,
         5.11944697e-01, -2.32011223e-01, -3.93857209e-01,
         7.76752662e-02,  1.32053608e-01, -5.90566562e-01],
       [ 7.61868837e-02,  4.44604996e-01, -2.82228316e-01,
        -7.97859174e-02,  1.44970111e-01, -2.23594230e-01,
        -8.73509547e-01,  2.29878993e-01, -4.14774461e-01,
         7.80227924e-01, -1.24060603e-01, -1.10898652e-01,
        -2.19914236e-01, -1.42587221e-02,  1.02841146e-01,
         7.04496421e-03,  1.53557132e-02,  2.15583318e-01],
       [ 7.93581262e-01,  2.90680478e-01,  1.10606564e+00,
         4.14095067e-01,  1.62952767e-02,  2.49974752e-01,
         1.38687806e+00, -1.92728792e+00,  1.19509631e+00,
        -1.24060603e-01,  1.12000190e+00, -3.34055025e-01,
        -5.35406367e-02, -2.52437797e-01, -3.45769972e-01,
        -9.49584551e-02, -4.46409907e-02, -1.76928287e-01],
       [-5.02280792e-01, -9.99532132e-01, -4.46049862e-01,
        -1.22004758e-01, -3.61360212e-01, -4.72958463e-02,
        -2.27723277e-01, -2.13889904e-01, -6.04368069e-01,
        -1.10898652e-01, -3.34055025e-01,  6.72044295e-01,
         1.08831059e-01,  2.05937358e-01,  2.77951324e-02,
        -2.69239636e-02,  8.83083745e-02, -5.66269120e-03],
       [-5.81417368e-01, -5.13839286e-01,  1.75980305e-01,
        -1.26388525e-01, -2.30383399e-01,  2.11076165e-01,
         2.27989137e-02, -2.27349651e-01,  5.11944697e-01,
        -2.19914236e-01, -5.35406367e-02,  1.08831059e-01,
         2.12563102e-01,  6.86998706e-02,  1.01229249e-02,
         6.83629899e-02,  8.01770846e-02, -9.38745476e-02],
       [-3.67075272e-01, -3.24558788e-01, -8.62254094e-02,
        -9.34498805e-02, -9.22254235e-02,  5.28043942e-02,
         2.53918843e-02,  2.19779558e-01, -2.32011223e-01,
        -1.42587221e-02, -2.52437797e-01,  2.05937358e-01,
         6.86998706e-02,  1.42487283e-01,  6.69166445e-02,
         1.01776652e-02,  8.16970116e-02,  1.21394095e-02],
       [-3.15803537e-01, -5.35971584e-02, -3.47614539e-01,
        -1.74922770e-01,  2.03239688e-02, -6.81754413e-02,
        -6.09977269e-01,  9.57428668e-01, -3.93857209e-01,
         1.02841146e-01, -3.45769972e-01,  2.77951324e-02,
         1.01229249e-02,  6.69166445e-02,  1.66372591e-01,
         4.74236410e-02,  1.67213230e-02,  9.61947706e-02],
       [-1.95190665e-01, -6.50297197e-02, -8.77549468e-02,
        -7.97549023e-02, -3.99690692e-02,  7.20180832e-03,
        -3.41422623e-01,  1.96607016e-01,  7.76752662e-02,
         7.04496421e-03, -9.49584551e-02, -2.69239636e-02,
         6.83629899e-02,  1.01776652e-02,  4.74236410e-02,
         6.53220269e-02,  2.02873002e-02,  4.36423492e-03],
       [-3.48583875e-01, -2.19283041e-01,  1.01659005e-01,
        -8.19539732e-02, -9.21865644e-02,  1.00062326e-01,
        -8.05656954e-02, -7.12840241e-02,  1.32053608e-01,
         1.53557132e-02, -4.46409907e-02,  8.83083745e-02,
         8.01770846e-02,  8.16970116e-02,  1.67213230e-02,
         2.02873002e-02,  9.55639984e-02, -1.68177664e-02],
       [ 1.57277718e-01,  1.65063439e-01, -3.31539596e-01,
        -2.44210950e-02,  8.71352715e-02, -1.77463182e-01,
        -6.02711737e-01,  5.01782880e-01, -5.90566562e-01,
         2.15583318e-01, -1.76928287e-01, -5.66269120e-03,
        -9.38745476e-02,  1.21394095e-02,  9.61947706e-02,
         4.36423492e-03, -1.68177664e-02,  1.31012459e-01]])
      jac: array([ 5.94339393e-07, -1.35410202e-06, -2.33849976e-06, -3.69852297e-06,
        4.33986180e-06,  3.27885867e-06,  4.42238838e-07, -5.59552404e-07,
       -2.90508358e-07,  4.18184006e-07,  1.71714495e-07, -1.16721447e-06,
        3.37396777e-06, -2.29816166e-06, -3.54753264e-06, -1.48658863e-06,
        1.76673491e-06,  4.58374079e-06])
  message: 'Optimization terminated successfully.'
     nfev: 1368
      nit: 61
     njev: 72
   status: 0
  success: True
        x: array([-0.77950637, -1.02866884,  0.52128621, -1.0900437 , -1.08045426,
        0.12012681, -0.88525576, -1.52990433, -0.75744967,  0.06619731,
        0.61287871,  1.1381164 ,  0.10240257,  0.24798965, -0.30018685,
        1.25082605, -0.11236155, -0.00484821])
