Program Begingeth
      fun: 0.3577029963216449
 hess_inv: array([[ 2.84816919e+00, -5.26773051e-02,  7.38183574e-01,
         8.07741910e-01, -2.00658061e-01,  3.90151321e-01,
         5.04476505e-01, -1.04660085e+00, -1.47956364e+00,
        -1.24796764e-01,  5.04869891e-03, -3.57753269e-01,
        -4.53534351e-01, -2.18701122e-02,  5.55591392e-02,
        -8.51685612e-02,  1.20904773e-01, -2.84358777e-01],
       [-5.26773051e-02,  1.32567740e+00,  7.49707936e-02,
         5.62775208e-02,  4.47952229e-01, -1.94642197e-02,
        -5.03495692e-01, -5.35141725e-01, -2.03062647e-01,
         1.53045447e-02, -1.72018224e-01, -5.37427633e-01,
         3.34703868e-02, -6.76916935e-02,  2.81324586e-02,
        -1.05960735e-01, -4.92851897e-02, -7.52118410e-02],
       [ 7.38183574e-01,  7.49707936e-02,  1.61412667e+00,
         1.37901402e-01, -2.37946415e-02,  5.43446347e-01,
         1.78528850e+00, -1.57221789e-01,  8.12586749e-01,
        -7.09543815e-02,  2.81867911e-01, -4.07589038e-01,
        -1.83048876e-01, -4.46754530e-02,  2.00637371e-02,
         1.33665698e-01,  8.49634530e-02,  1.61653520e-01],
       [ 8.07741910e-01,  5.62775208e-02,  1.37901402e-01,
         2.59193578e-01, -2.78258054e-02,  8.20252091e-02,
         1.03733077e-01, -2.96296447e-01, -4.27064324e-01,
        -4.97940031e-02, -2.72407474e-02, -1.35239416e-01,
        -8.90459567e-02, -1.37395503e-02,  2.71285998e-02,
        -1.56313337e-02,  1.50399681e-02, -7.85853387e-02],
       [-2.00658061e-01,  4.47952229e-01, -2.37946415e-02,
        -2.78258054e-02,  1.82485535e-01, -3.24530227e-02,
        -1.40931312e-01, -7.37116388e-02,  3.38246183e-02,
         3.47169977e-02, -6.45299374e-02, -1.13395997e-01,
         5.24314798e-02,  4.72275545e-04, -8.23466157e-04,
        -7.21279111e-03, -1.69727519e-02, -1.77076302e-03],
       [ 3.90151321e-01, -1.94642197e-02,  5.43446347e-01,
         8.20252091e-02, -3.24530227e-02,  2.28067887e-01,
         6.70053311e-01, -1.18645261e-01,  2.52985584e-01,
         8.07707582e-02, -1.22286373e-02, -1.11540857e-01,
        -1.20629540e-01,  1.14857679e-02,  4.31390030e-02,
         3.38306179e-02,  3.47800257e-02,  5.06869114e-02],
       [ 5.04476505e-01, -5.03495692e-01,  1.78528850e+00,
         1.03733077e-01, -1.40931312e-01,  6.70053311e-01,
         8.61712263e+00,  6.18161177e-01,  4.30641194e+00,
        -3.00011708e-01, -6.15296779e-01,  3.19913023e-01,
         3.69847340e-02,  1.70705987e-01,  2.74203934e-01,
         9.33536298e-01,  1.78069212e-02,  9.92289258e-01],
       [-1.04660085e+00, -5.35141725e-01, -1.57221789e-01,
        -2.96296447e-01, -7.37116388e-02, -1.18645261e-01,
         6.18161177e-01,  4.60387839e+00,  2.17400227e+00,
        -2.32279634e-01,  2.80277435e-01,  2.91595070e-01,
         2.80245493e-01, -1.60816944e-02,  1.29706767e-02,
         1.79210766e-01,  2.92145365e-01,  3.81629997e-01],
       [-1.47956364e+00, -2.03062647e-01,  8.12586749e-01,
        -4.27064324e-01,  3.38246183e-02,  2.52985584e-01,
         4.30641194e+00,  2.17400227e+00,  7.32224592e+00,
        -4.24711159e-01, -4.63822708e-01,  4.43758207e-01,
         3.77137236e-01,  1.43574674e-02,  2.14019739e-01,
         5.47442906e-01, -8.26610843e-02,  1.24683301e+00],
       [-1.24796764e-01,  1.53045447e-02, -7.09543815e-02,
        -4.97940031e-02,  3.47169977e-02,  8.07707582e-02,
        -3.00011708e-01, -2.32279634e-01, -4.24711159e-01,
         9.93369962e-01,  3.38158622e-02,  6.56617306e-02,
        -2.31465517e-01,  8.38441138e-03, -2.22830116e-02,
        -5.05603269e-02, -3.87128719e-02, -2.00682115e-01],
       [ 5.04869891e-03, -1.72018224e-01,  2.81867911e-01,
        -2.72407474e-02, -6.45299374e-02, -1.22286373e-02,
        -6.15296779e-01,  2.80277435e-01, -4.63822708e-01,
         3.38158622e-02,  9.40285617e-01, -1.35031678e-01,
        -2.31424474e-02, -1.93968212e-01, -2.05012075e-01,
        -3.94723643e-02,  2.97574649e-02, -1.96037771e-01],
       [-3.57753269e-01, -5.37427633e-01, -4.07589038e-01,
        -1.35239416e-01, -1.13395997e-01, -1.11540857e-01,
         3.19913023e-01,  2.91595070e-01,  4.43758207e-01,
         6.56617306e-02, -1.35031678e-01,  6.76465303e-01,
         5.58444449e-02,  1.31265243e-01, -4.58681085e-02,
         1.08328460e-01,  1.95080077e-02,  1.04026789e-01],
       [-4.53534351e-01,  3.34703868e-02, -1.83048876e-01,
        -8.90459567e-02,  5.24314798e-02, -1.20629540e-01,
         3.69847340e-02,  2.80245493e-01,  3.77137236e-01,
        -2.31465517e-01, -2.31424474e-02,  5.58444449e-02,
         1.96460688e-01,  2.40969714e-03, -1.49814269e-03,
         6.83418268e-02, -3.06016815e-02,  1.09440068e-01],
       [-2.18701122e-02, -6.76916935e-02, -4.46754530e-02,
        -1.37395503e-02,  4.72275545e-04,  1.14857679e-02,
         1.70705987e-01, -1.60816944e-02,  1.43574674e-02,
         8.38441138e-03, -1.93968212e-01,  1.31265243e-01,
         2.40969714e-03,  8.93600279e-02,  2.87202518e-02,
         2.86735424e-02,  2.45967617e-02,  4.20928954e-02],
       [ 5.55591392e-02,  2.81324586e-02,  2.00637371e-02,
         2.71285998e-02, -8.23466157e-04,  4.31390030e-02,
         2.74203934e-01,  1.29706767e-02,  2.14019739e-01,
        -2.22830116e-02, -2.05012075e-01, -4.58681085e-02,
        -1.49814269e-03,  2.87202518e-02,  8.51146618e-02,
         1.11802685e-02, -4.74078518e-03,  7.62131737e-02],
       [-8.51685612e-02, -1.05960735e-01,  1.33665698e-01,
        -1.56313337e-02, -7.21279111e-03,  3.38306179e-02,
         9.33536298e-01,  1.79210766e-01,  5.47442906e-01,
        -5.05603269e-02, -3.94723643e-02,  1.08328460e-01,
         6.83418268e-02,  2.86735424e-02,  1.11802685e-02,
         1.46390081e-01, -4.25158350e-03,  1.30248121e-01],
       [ 1.20904773e-01, -4.92851897e-02,  8.49634530e-02,
         1.50399681e-02, -1.69727519e-02,  3.47800257e-02,
         1.78069212e-02,  2.92145365e-01, -8.26610843e-02,
        -3.87128719e-02,  2.97574649e-02,  1.95080077e-02,
        -3.06016815e-02,  2.45967617e-02, -4.74078518e-03,
        -4.25158350e-03,  6.94014042e-02, -6.41908021e-03],
       [-2.84358777e-01, -7.52118410e-02,  1.61653520e-01,
        -7.85853387e-02, -1.77076302e-03,  5.06869114e-02,
         9.92289258e-01,  3.81629997e-01,  1.24683301e+00,
        -2.00682115e-01, -1.96037771e-01,  1.04026789e-01,
         1.09440068e-01,  4.20928954e-02,  7.62131737e-02,
         1.30248121e-01, -6.41908021e-03,  2.80632307e-01]])
      jac: array([-5.83876092e-02, -1.92592387e-03, -3.41127608e-03,  1.40347276e-01,
       -8.47230138e-03, -1.05323528e-04,  1.22491036e-02,  7.90351858e-04,
       -7.34686386e-05, -1.93974203e-02,  2.07065994e-03,  3.83520697e-03,
       -7.58899366e-02,  4.78514265e-03, -4.10585196e-02, -4.48946606e-02,
        3.26786972e-02, -3.82298822e-03])
  message: 'Maximum number of iterations has been exceeded.'
     nfev: 2223
      nit: 100
     njev: 117
   status: 1
  success: False
        x: array([ 1.03350978, -0.91859803,  0.13861425,  1.34671037, -0.83556852,
        0.05353361, -1.96884764, -0.96274794, -0.91209491,  0.07254103,
        0.42039103,  1.10462188,  0.01152303,  0.01673717, -0.27464339,
       -1.37965799, -0.88935033, -0.12378151])
