Program Begingeth
      fun: 0.2716256782724386
 hess_inv: array([[ 8.67425404e+00, -7.92306672e-01, -9.98532198e+00,
         3.79564298e+00, -3.35182139e-01, -5.22347992e+00,
        -6.11995594e+00, -3.79853900e+00, -1.17066501e+01,
         5.53405618e-01, -1.00704962e-01,  3.87490711e-01,
         7.98255801e-01, -1.68097596e-01, -1.60846493e-01,
         4.73269154e-01, -6.29080337e-01,  2.33820689e-01],
       [-7.92306672e-01,  1.32074173e+00,  1.40476683e+00,
        -3.05526354e-01,  7.16844485e-01,  6.41660003e-01,
         1.46272142e+00,  1.12670253e+00,  1.10817254e+00,
        -1.85843889e-01,  3.97886418e-02,  1.99048258e-01,
        -5.19985370e-03,  1.30100426e-01, -9.90061717e-02,
         4.42347667e-02,  8.11236983e-02, -4.35124468e-02],
       [-9.98532198e+00,  1.40476683e+00,  1.76934743e+01,
        -3.76022133e+00,  1.00104361e+00,  9.29066548e+00,
         1.36524112e+01,  7.58433532e+00,  1.89732792e+01,
        -5.46207156e-01, -5.64200463e-01, -3.24691278e-01,
        -6.75165105e-01,  4.77920956e-01,  4.87252873e-01,
        -3.85509848e-01,  6.45197057e-01, -2.32314049e-01],
       [ 3.79564298e+00, -3.05526354e-01, -3.76022133e+00,
         1.76128716e+00, -9.23309444e-02, -1.96911156e+00,
        -1.76420840e+00, -1.39725796e+00, -4.46853948e+00,
         2.41759265e-01, -8.40786375e-02,  1.58740741e-01,
         4.10272896e-01, -7.46256731e-02, -4.87540154e-02,
         2.41106587e-01, -3.16317777e-01,  1.05801149e-01],
       [-3.35182139e-01,  7.16844485e-01,  1.00104361e+00,
        -9.23309444e-02,  4.33857432e-01,  4.81211972e-01,
         1.07255890e+00,  9.15216737e-01,  7.73905617e-01,
        -5.09699170e-02, -1.40859847e-02,  1.39701069e-01,
         1.75175309e-02,  9.36380992e-02, -3.71160640e-02,
         4.74137682e-02,  3.30593833e-02, -2.02517466e-02],
       [-5.22347992e+00,  6.41660003e-01,  9.29066548e+00,
        -1.96911156e+00,  4.81211972e-01,  4.91372202e+00,
         7.07444239e+00,  4.01910860e+00,  1.01026601e+01,
        -2.20991099e-01, -3.60713751e-01, -1.78218847e-01,
        -3.75761793e-01,  2.51896028e-01,  2.85478794e-01,
        -2.16462318e-01,  3.29612268e-01, -1.17714595e-01],
       [-6.11995594e+00,  1.46272142e+00,  1.36524112e+01,
        -1.76420840e+00,  1.07255890e+00,  7.07444239e+00,
         1.38466130e+01,  5.94958091e+00,  1.45692322e+01,
        -3.54727518e-01, -2.99550768e-01, -1.93871234e-01,
        -1.19426116e-01,  2.70106079e-01,  2.63459951e-01,
        -6.10040512e-02,  2.08264541e-01, -1.92349517e-01],
       [-3.79853900e+00,  1.12670253e+00,  7.58433532e+00,
        -1.39725796e+00,  9.15216737e-01,  4.01910860e+00,
         5.94958091e+00,  5.43876756e+00,  7.79367937e+00,
         1.10555748e-01, -2.71295762e-01,  8.33167693e-02,
        -3.22782395e-01,  2.89781820e-01,  2.04290901e-01,
        -1.08407815e-01,  2.28982517e-01, -1.22251928e-01],
       [-1.17066501e+01,  1.10817254e+00,  1.89732792e+01,
        -4.46853948e+00,  7.73905617e-01,  1.01026601e+01,
         1.45692322e+01,  7.79367937e+00,  2.23692028e+01,
        -4.82923284e-01, -5.41370131e-01, -5.02441590e-01,
        -8.28598135e-01,  3.34405383e-01,  5.08312289e-01,
        -5.09018030e-01,  6.18030979e-01, -3.20191412e-01],
       [ 5.53405618e-01, -1.85843889e-01, -5.46207156e-01,
         2.41759265e-01, -5.09699170e-02, -2.20991099e-01,
        -3.54727518e-01,  1.10555748e-01, -4.82923284e-01,
         6.76811420e-01,  7.69292579e-02, -4.34399581e-02,
        -1.11017861e-01, -5.37607588e-02, -6.70062146e-02,
         9.32689540e-03, -8.10118041e-02, -1.64739931e-01],
       [-1.00704962e-01,  3.97886418e-02, -5.64200463e-01,
        -8.40786375e-02, -1.40859847e-02, -3.60713751e-01,
        -2.99550768e-01, -2.71295762e-01, -5.41370131e-01,
         7.69292579e-02,  4.82992267e-01, -4.94918532e-02,
        -2.72263619e-02, -1.17141724e-01, -1.64396235e-01,
         1.33603330e-02,  5.78572105e-04, -1.30045966e-01],
       [ 3.87490711e-01,  1.99048258e-01, -3.24691278e-01,
         1.58740741e-01,  1.39701069e-01, -1.78218847e-01,
        -1.93871234e-01,  8.33167693e-02, -5.02441590e-01,
        -4.34399581e-02, -4.94918532e-02,  2.77067139e-01,
         7.10597417e-02,  7.98996258e-02, -3.86565207e-02,
         7.19013487e-02,  2.82528107e-02,  4.37055488e-02],
       [ 7.98255801e-01, -5.19985370e-03, -6.75165105e-01,
         4.10272896e-01,  1.75175309e-02, -3.75761793e-01,
        -1.19426116e-01, -3.22782395e-01, -8.28598135e-01,
        -1.11017861e-01, -2.72263619e-02,  7.10597417e-02,
         1.85665642e-01, -9.98316170e-03, -1.48878157e-03,
         1.06868045e-01, -7.99162080e-02,  7.00902959e-02],
       [-1.68097596e-01,  1.30100426e-01,  4.77920956e-01,
        -7.46256731e-02,  9.36380992e-02,  2.51896028e-01,
         2.70106079e-01,  2.89781820e-01,  3.34405383e-01,
        -5.37607588e-02, -1.17141724e-01,  7.98996258e-02,
        -9.98316170e-03,  9.10825703e-02,  3.19146963e-02,
         8.12543182e-04,  6.42839588e-02,  3.13405834e-02],
       [-1.60846493e-01, -9.90061717e-02,  4.87252873e-01,
        -4.87540154e-02, -3.71160640e-02,  2.85478794e-01,
         2.63459951e-01,  2.04290901e-01,  5.08312289e-01,
        -6.70062146e-02, -1.64396235e-01, -3.86565207e-02,
        -1.48878157e-03,  3.19146963e-02,  1.04833070e-01,
        -2.42031877e-02,  6.65973954e-03,  6.97463887e-02],
       [ 4.73269154e-01,  4.42347667e-02, -3.85509848e-01,
         2.41106587e-01,  4.74137682e-02, -2.16462318e-01,
        -6.10040512e-02, -1.08407815e-01, -5.09018030e-01,
         9.32689540e-03,  1.33603330e-02,  7.19013487e-02,
         1.06868045e-01,  8.12543182e-04, -2.42031877e-02,
         8.93550371e-02, -4.44132539e-02,  1.61660846e-02],
       [-6.29080337e-01,  8.11236983e-02,  6.45197057e-01,
        -3.16317777e-01,  3.30593833e-02,  3.29612268e-01,
         2.08264541e-01,  2.28982517e-01,  6.18030979e-01,
        -8.10118041e-02,  5.78572105e-04,  2.82528107e-02,
        -7.99162080e-02,  6.42839588e-02,  6.65973954e-03,
        -4.44132539e-02,  1.14633374e-01, -4.96153399e-03],
       [ 2.33820689e-01, -4.35124468e-02, -2.32314049e-01,
         1.05801149e-01, -2.02517466e-02, -1.17714595e-01,
        -1.92349517e-01, -1.22251928e-01, -3.20191412e-01,
        -1.64739931e-01, -1.30045966e-01,  4.37055488e-02,
         7.00902959e-02,  3.13405834e-02,  6.97463887e-02,
         1.61660846e-02, -4.96153399e-03,  1.11639061e-01]])
      jac: array([-4.01745304e-05,  4.44233539e-05,  5.66494999e-05,  8.67491264e-05,
       -7.29105665e-05, -7.81360162e-05, -2.21937283e-05,  1.31624341e-05,
       -2.68303898e-06,  4.09653792e-05,  9.22225259e-07, -1.72802513e-05,
        9.82440055e-05,  5.67583018e-05, -6.37508565e-05, -8.52506954e-05,
       -2.33017309e-05,  6.61023088e-05])
  message: 'Desired error not necessarily achieved due to precision loss.'
     nfev: 2405
      nit: 86
     njev: 126
   status: 2
  success: False
        x: array([ 1.96283098, -1.00165033,  0.20361368,  1.69157265, -1.04948138,
        0.0062966 ,  2.27657054, -1.19750823, -0.93476921,  0.05196285,
        0.45213085,  1.25293768,  0.04373481,  0.17525546, -0.30012506,
       -1.0267231 , -0.39123426, -0.01304209])
