Program Begingeth
      fun: 0.36081838976863584
 hess_inv: array([[ 9.26334471e+00, -1.47449883e+00, -9.12829073e-01,
         1.24618455e+00, -8.73471839e-01,  1.40101727e+00,
        -8.93814516e+00,  1.49795058e+00, -5.58386210e-01,
        -1.46809635e+00, -1.05635450e+00,  7.82209200e-01,
        -1.59204023e+00,  5.43004599e-02,  7.63973904e-01,
         1.51529113e-01,  2.49216380e-01, -1.20683035e+00],
       [-1.47449883e+00,  3.30931207e+00,  7.71161993e-01,
         1.67495451e-02,  5.50600666e-01, -2.64962701e-01,
         2.84900835e+00, -9.87241139e-01,  3.30470679e+00,
        -6.33887610e-02, -1.59033042e-01, -1.78636116e+00,
         3.42077913e-01, -4.74034493e-01, -1.93103535e-01,
        -1.52242709e-01,  3.55399822e-01,  3.04760149e-01],
       [-9.12829073e-01,  7.71161993e-01,  2.45450891e+00,
        -3.95346610e-01,  5.10843647e-03,  8.14179216e-02,
         3.90908689e+00, -2.96305510e+00, -1.30320261e-01,
        -9.38916523e-02,  1.27226773e+00, -1.01966412e+00,
        -6.33485627e-02, -2.10370647e-01, -5.33391189e-01,
         2.70074351e-01,  2.53772340e-01,  2.40157633e-01],
       [ 1.24618455e+00,  1.67495451e-02, -3.95346610e-01,
         2.82847319e-01, -3.64615944e-02,  1.55429734e-01,
        -1.74899047e+00,  5.64635838e-01,  3.20152907e-01,
        -1.78272037e-01, -3.55061672e-01,  9.28082378e-03,
        -9.65469866e-02, -1.97194092e-02,  1.89203013e-01,
        -1.73754123e-02, -2.41848796e-02, -1.45959255e-01],
       [-8.73471839e-01,  5.50600666e-01,  5.10843647e-03,
        -3.64615944e-02,  3.90423974e-01, -1.00244583e-01,
        -2.12202084e+00, -9.43618007e-02,  2.45027850e-01,
         4.33808274e-01, -1.99691808e-02, -2.25111582e-01,
         3.24235606e-01,  1.09503558e-02, -3.79789256e-02,
        -7.30269093e-02, -2.16547807e-01,  4.33752858e-02],
       [ 1.40101727e+00, -2.64962701e-01,  8.14179216e-02,
         1.55429734e-01, -1.00244583e-01,  3.25496263e-01,
        -1.91323954e+00,  7.21702280e-02, -8.82627218e-02,
        -3.47083653e-02, -1.49449641e-01,  9.40515183e-02,
        -2.84382333e-01,  3.85381856e-02,  1.45793380e-01,
         1.19635061e-02,  4.44752828e-04, -1.75813615e-01],
       [-8.93814516e+00,  2.84900835e+00,  3.90908689e+00,
        -1.74899047e+00, -2.12202084e+00, -1.91323954e+00,
         6.02584953e+01, -1.97502727e+00,  3.40558298e+00,
        -3.46474939e+00,  1.61764936e+00, -1.82876080e+00,
        -6.08827563e-01, -5.88469548e-01, -1.46993774e+00,
         1.02005149e+00,  4.05261373e+00,  2.60197506e+00],
       [ 1.49795058e+00, -9.87241139e-01, -2.96305510e+00,
         5.64635838e-01, -9.43618007e-02,  7.21702280e-02,
        -1.97502727e+00,  7.25325599e+00,  7.01636452e-02,
        -1.61210209e-01, -1.79662368e+00,  1.09570529e+00,
        -1.94744982e-01,  3.92894093e-01,  9.53801242e-01,
        -4.20413411e-01,  2.44604945e-01, -1.37504617e-01],
       [-5.58386210e-01,  3.30470679e+00, -1.30320261e-01,
         3.20152907e-01,  2.45027850e-01, -8.82627218e-02,
         3.40558298e+00,  7.01636452e-02,  7.41517393e+00,
        -4.33613849e-01, -7.16586231e-01, -1.57435698e+00,
         1.95606795e-01, -7.00097937e-01,  1.58408300e-01,
        -3.04731707e-01,  3.92350590e-01,  4.84860333e-01],
       [-1.46809635e+00, -6.33887610e-02, -9.38916523e-02,
        -1.78272037e-01,  4.33808274e-01, -3.47083653e-02,
        -3.46474939e+00, -1.61210209e-01, -4.33613849e-01,
         1.40637219e+00,  1.13004930e-01,  8.88370837e-02,
         2.69937946e-01,  9.47531270e-02, -2.25343484e-02,
        -1.27027532e-01, -4.83117267e-01, -5.09374507e-02],
       [-1.05635450e+00, -1.59033042e-01,  1.27226773e+00,
        -3.55061672e-01, -1.99691808e-02, -1.49449641e-01,
         1.61764936e+00, -1.79662368e+00, -7.16586231e-01,
         1.13004930e-01,  1.54279465e+00, -3.41081878e-01,
         9.25258210e-02, -2.12097760e-01, -5.19445252e-01,
         1.93567808e-01, -6.10914971e-02,  4.02005158e-02],
       [ 7.82209200e-01, -1.78636116e+00, -1.01966412e+00,
         9.28082378e-03, -2.25111582e-01,  9.40515183e-02,
        -1.82876080e+00,  1.09570529e+00, -1.57435698e+00,
         8.88370837e-02, -3.41081878e-01,  1.55851963e+00,
        -1.71876984e-01,  4.07186798e-01,  1.46970492e-01,
         5.36513623e-02, -1.45135362e-01, -1.87175293e-01],
       [-1.59204023e+00,  3.42077913e-01, -6.33485627e-02,
        -9.65469866e-02,  3.24235606e-01, -2.84382333e-01,
        -6.08827563e-01, -1.94744982e-01,  1.95606795e-01,
         2.69937946e-01,  9.25258210e-02, -1.71876984e-01,
         5.29987021e-01, -1.14511726e-02, -8.84491709e-02,
        -2.76207204e-02, -2.55987052e-01,  1.97929458e-01],
       [ 5.43004599e-02, -4.74034493e-01, -2.10370647e-01,
        -1.97194092e-02,  1.09503558e-02,  3.85381856e-02,
        -5.88469548e-01,  3.92894093e-01, -7.00097937e-01,
         9.47531270e-02, -2.12097760e-01,  4.07186798e-01,
        -1.14511726e-02,  2.05852410e-01,  6.93028098e-02,
         1.57817238e-02, -2.85694409e-02, -1.71597398e-02],
       [ 7.63973904e-01, -1.93103535e-01, -5.33391189e-01,
         1.89203013e-01, -3.79789256e-02,  1.45793380e-01,
        -1.46993774e+00,  9.53801242e-01,  1.58408300e-01,
        -2.25343484e-02, -5.19445252e-01,  1.46970492e-01,
        -8.84491709e-02,  6.93028098e-02,  2.78967591e-01,
        -8.64198591e-02, -3.37145458e-02, -6.04004557e-02],
       [ 1.51529113e-01, -1.52242709e-01,  2.70074351e-01,
        -1.73754123e-02, -7.30269093e-02,  1.19635061e-02,
         1.02005149e+00, -4.20413411e-01, -3.04731707e-01,
        -1.27027532e-01,  1.93567808e-01,  5.36513623e-02,
        -2.76207204e-02,  1.57817238e-02, -8.64198591e-02,
         1.35624032e-01,  5.65520310e-02,  6.54714559e-03],
       [ 2.49216380e-01,  3.55399822e-01,  2.53772340e-01,
        -2.41848796e-02, -2.16547807e-01,  4.44752828e-04,
         4.05261373e+00,  2.44604945e-01,  3.92350590e-01,
        -4.83117267e-01, -6.10914971e-02, -1.45135362e-01,
        -2.55987052e-01, -2.85694409e-02, -3.37145458e-02,
         5.65520310e-02,  4.73289565e-01,  9.11249028e-02],
       [-1.20683035e+00,  3.04760149e-01,  2.40157633e-01,
        -1.45959255e-01,  4.33752858e-02, -1.75813615e-01,
         2.60197506e+00, -1.37504617e-01,  4.84860333e-01,
        -5.09374507e-02,  4.02005158e-02, -1.87175293e-01,
         1.97929458e-01, -1.71597398e-02, -6.04004557e-02,
         6.54714559e-03,  9.11249028e-02,  2.88038811e-01]])
      jac: array([-1.19393384e-05,  2.66083452e-06,  1.42027131e-05,  5.23392441e-05,
       -2.84398431e-05,  1.28907995e-05, -2.99353135e-06,  4.60039414e-06,
       -4.97379915e-07, -5.27651996e-06,  6.88782365e-06,  7.38261304e-06,
       -4.65220455e-06,  1.19237953e-05, -5.06779803e-06, -1.40739272e-05,
        3.70962520e-06,  5.01080658e-07])
  message: 'Desired error not necessarily achieved due to precision loss.'
     nfev: 2443
      nit: 80
     njev: 128
   status: 2
  success: False
        x: array([ 0.26543288, -0.76309474,  0.49541166,  1.06599492, -0.75047046,
        0.04613104, -0.11966786, -1.83788903, -0.44215988,  0.08839714,
        0.53548547,  1.09423237,  0.11451939, -0.01248244, -0.3629523 ,
       -1.08378162, -1.05677586,  0.00984733])
