Program Begingeth
      fun: 0.25668646867060124
 hess_inv: array([[ 1.20974370e+00, -2.52402358e-01,  7.44330441e-02,
         9.94388482e-02,  2.63661263e-01,  4.76044949e-01,
        -2.24721449e-01,  1.18397854e-01,  1.63091981e+00,
         5.55300615e-01,  9.10149975e-01,  7.63321908e-01,
        -5.04103180e-01,  1.25736033e-01, -3.28223045e-02,
         9.11709751e-03, -4.16693292e-02, -2.67230153e-01],
       [-2.52402358e-01,  4.41304195e-01, -7.17151637e-02,
        -5.26601274e-02, -8.22507247e-02, -4.68315037e-01,
         4.37624424e-01,  3.10194671e-01, -1.75264381e+00,
        -3.47100567e-01, -4.90853675e-01, -8.24569059e-01,
         1.17950514e-01, -1.43532351e-01, -1.45279291e-01,
         2.64795357e-02,  4.33712757e-02, -1.91628846e-02],
       [ 7.44330441e-02, -7.17151637e-02,  2.95666870e-01,
         1.41648150e-01,  1.75720575e-01,  3.03005963e-01,
        -2.20933088e-01,  5.72175331e-02,  1.48332503e+00,
         6.21516639e-01,  5.40067504e-01,  6.27431549e-01,
         2.02566276e-02,  8.53551227e-02, -4.33186416e-02,
         4.86426762e-02,  9.47505575e-03,  2.33062527e-02],
       [ 9.94388482e-02, -5.26601274e-02,  1.41648150e-01,
         4.13440820e-01,  1.50294676e-01,  4.42705157e-01,
        -2.41821606e-01, -2.53427064e-01,  2.56796965e+00,
         1.50067724e+00,  5.91421787e-01,  1.01024813e+00,
         9.27433875e-02,  8.61848833e-03, -1.87212429e-02,
         5.76475544e-02, -6.79451382e-02, -1.76213120e-03],
       [ 2.63661263e-01, -8.22507247e-02,  1.75720575e-01,
         1.50294676e-01,  2.56335626e-01,  3.75473538e-01,
        -3.20375458e-01,  1.33905029e-01,  1.89702064e+00,
         7.36421696e-01,  8.21769373e-01,  6.88850526e-01,
        -8.60495009e-02,  9.50639584e-02, -6.25784985e-04,
         2.25947236e-02,  2.36962478e-03, -2.81135766e-02],
       [ 4.76044949e-01, -4.68315037e-01,  3.03005963e-01,
         4.42705157e-01,  3.75473538e-01,  1.22714604e+00,
        -1.37781097e+00, -5.33446708e-01,  5.77467071e+00,
         2.12556507e+00,  1.67046839e+00,  2.46688482e+00,
        -1.35017463e-01,  1.63882460e-01,  1.44545281e-01,
         3.79366872e-04, -9.14859973e-02, -1.14335259e-02],
       [-2.24721449e-01,  4.37624424e-01, -2.20933088e-01,
        -2.41821606e-01, -3.20375458e-01, -1.37781097e+00,
         3.31100829e+00,  4.33236574e-01, -6.69160218e+00,
        -2.21097898e+00, -1.74432620e+00, -2.97595801e+00,
         1.83306671e-01, -7.53786078e-02, -1.54041647e-01,
         9.34161129e-02,  8.50730924e-02,  8.90581107e-03],
       [ 1.18397854e-01,  3.10194671e-01,  5.72175331e-02,
        -2.53427064e-01,  1.33905029e-01, -5.33446708e-01,
         4.33236574e-01,  1.58132603e+00, -2.28320839e+00,
        -8.40382444e-01, -2.39271549e-01, -1.18131341e+00,
        -1.34028615e-01,  1.91527852e-02, -2.05297397e-01,
         2.39414023e-02,  1.01954055e-01, -9.24730509e-02],
       [ 1.63091981e+00, -1.75264381e+00,  1.48332503e+00,
         2.56796965e+00,  1.89702064e+00,  5.77467071e+00,
        -6.69160218e+00, -2.28320839e+00,  2.95989522e+01,
         1.18800569e+01,  8.10051531e+00,  1.17672665e+01,
        -2.54272979e-01,  6.57949447e-01,  4.99629547e-01,
         7.37555444e-02, -4.15988493e-01, -2.46746204e-04],
       [ 5.55300615e-01, -3.47100567e-01,  6.21516639e-01,
         1.50067724e+00,  7.36421696e-01,  2.12556507e+00,
        -2.21097898e+00, -8.40382444e-01,  1.18800569e+01,
         6.17013574e+00,  2.97506528e+00,  4.69314827e+00,
         1.39811291e-01,  1.03181800e-01, -2.65510854e-02,
         1.38580304e-01, -2.33174576e-01, -4.43925175e-02],
       [ 9.10149975e-01, -4.90853675e-01,  5.40067504e-01,
         5.91421787e-01,  8.21769373e-01,  1.67046839e+00,
        -1.74432620e+00, -2.39271549e-01,  8.10051531e+00,
         2.97506528e+00,  3.12073367e+00,  3.18972093e+00,
        -3.18447504e-01,  2.86416695e-01,  1.32022867e-01,
         1.78278683e-02, -6.86984975e-02, -6.91742126e-02],
       [ 7.63321908e-01, -8.24569059e-01,  6.27431549e-01,
         1.01024813e+00,  6.88850526e-01,  2.46688482e+00,
        -2.97595801e+00, -1.18131341e+00,  1.17672665e+01,
         4.69314827e+00,  3.18972093e+00,  5.25030818e+00,
        -1.31927007e-01,  2.31424007e-01,  2.11225001e-01,
         2.57571686e-02, -2.24390169e-01, -1.90262528e-02],
       [-5.04103180e-01,  1.17950514e-01,  2.02566276e-02,
         9.27433875e-02, -8.60495009e-02, -1.35017463e-01,
         1.83306671e-01, -1.34028615e-01, -2.54272979e-01,
         1.39811291e-01, -3.18447504e-01, -1.31927007e-01,
         2.90507218e-01, -5.92263793e-02, -9.88668789e-03,
         4.63099946e-02, -6.33583392e-03,  1.18078765e-01],
       [ 1.25736033e-01, -1.43532351e-01,  8.53551227e-02,
         8.61848833e-03,  9.50639584e-02,  1.63882460e-01,
        -7.53786078e-02,  1.91527852e-02,  6.57949447e-01,
         1.03181800e-01,  2.86416695e-01,  2.31424007e-01,
        -5.92263793e-02,  1.06602028e-01,  3.54351066e-02,
         3.32187785e-03,  2.60969890e-02,  5.68763657e-03],
       [-3.28223045e-02, -1.45279291e-01, -4.33186416e-02,
        -1.87212429e-02, -6.25784985e-04,  1.44545281e-01,
        -1.54041647e-01, -2.05297397e-01,  4.99629547e-01,
        -2.65510854e-02,  1.32022867e-01,  2.11225001e-01,
        -9.88668789e-03,  3.54351066e-02,  1.21852257e-01,
        -3.03352942e-02, -1.16637014e-02,  5.66696660e-02],
       [ 9.11709751e-03,  2.64795357e-02,  4.86426762e-02,
         5.76475544e-02,  2.25947236e-02,  3.79366872e-04,
         9.34161129e-02,  2.39414023e-02,  7.37555444e-02,
         1.38580304e-01,  1.78278683e-02,  2.57571686e-02,
         4.63099946e-02,  3.32187785e-03, -3.03352942e-02,
         4.52292815e-02, -2.52000210e-03,  1.09272538e-04],
       [-4.16693292e-02,  4.33712757e-02,  9.47505575e-03,
        -6.79451382e-02,  2.36962478e-03, -9.14859973e-02,
         8.50730924e-02,  1.01954055e-01, -4.15988493e-01,
        -2.33174576e-01, -6.86984975e-02, -2.24390169e-01,
        -6.33583392e-03,  2.60969890e-02, -1.16637014e-02,
        -2.52000210e-03,  4.85253731e-02,  6.31144826e-03],
       [-2.67230153e-01, -1.91628846e-02,  2.33062527e-02,
        -1.76213120e-03, -2.81135766e-02, -1.14335259e-02,
         8.90581107e-03, -9.24730509e-02, -2.46746204e-04,
        -4.43925175e-02, -6.91742126e-02, -1.90262528e-02,
         1.18078765e-01,  5.68763657e-03,  5.66696660e-02,
         1.09272538e-04,  6.31144826e-03,  1.02349942e-01]])
      jac: array([ 3.92500847e-06,  2.63137660e-05, -6.76262750e-05, -2.57830794e-05,
       -7.77304147e-06,  1.15782199e-04, -2.03022784e-06, -8.42585261e-06,
       -5.29576383e-06,  4.05268411e-06, -4.48530102e-07, -2.87847524e-05,
       -1.94422256e-05,  4.96576854e-05, -1.49852723e-04,  2.68444526e-05,
       -6.11829106e-05,  1.28011305e-04])
  message: 'Desired error not necessarily achieved due to precision loss.'
     nfev: 2898
      nit: 96
     njev: 152
   status: 2
  success: False
        x: array([ 0.12582391,  0.27307525,  0.71332806,  1.72523099, -0.95532028,
       -0.13776292,  2.76322378, -0.64565664,  0.40195555,  2.08489376,
       -0.97467962, -0.75394059,  0.16579843,  0.14532883, -0.25653111,
       -1.28590232, -0.01522538,  0.04962223])
