Program Begingeth
      fun: 0.19587344434880058
 hess_inv: array([[ 2.50857733e+00,  1.08234609e-01,  2.22795701e-01,
         5.00392237e-02,  8.11042405e-02,  7.15690961e-01,
        -6.26869261e+00, -1.37084421e-01,  1.86310887e+00,
        -4.92438434e-01,  9.11838086e-02,  8.64401376e-02,
        -3.90430052e-01, -5.52889944e-02,  8.00236824e-02,
         9.91789318e-02, -1.10789075e-01, -5.44442669e-01],
       [ 1.08234609e-01,  2.91428236e+00,  1.84512030e+00,
        -2.07232891e-02,  4.74807928e-01,  1.53099043e-01,
        -6.16729225e+00, -9.51356185e-01,  7.43481771e+00,
         3.59069657e-01,  7.86961922e-01, -3.81698173e+00,
         2.56775009e-01, -9.29525154e-01, -4.36410186e-01,
        -2.16762359e-02, -1.17309279e-01, -2.32637998e-01],
       [ 2.22795701e-01,  1.84512030e+00,  3.22788722e+00,
        -4.67627108e-01,  2.23636065e-01,  2.28334394e-01,
        -7.87998065e+00, -6.49528639e+00,  7.17305653e+00,
         2.97222668e-01,  2.80870352e+00, -3.89884636e+00,
         1.43091768e-01, -9.64384076e-01, -9.56357104e-01,
         3.21346076e-01, -3.39070960e-01, -3.15105528e-01],
       [ 5.00392237e-02, -2.07232891e-02, -4.67627108e-01,
         1.73629123e-01, -5.38804795e-02, -3.69305400e-02,
         2.15151357e+00,  1.51696903e+00, -4.97025141e-01,
        -1.68579803e-01, -5.41254290e-01,  2.51072762e-01,
        -4.20584633e-03,  4.27300285e-02,  1.84450462e-01,
        -6.29027153e-02,  9.84952749e-02,  6.96455403e-02],
       [ 8.11042405e-02,  4.74807928e-01,  2.23636065e-01,
        -5.38804795e-02,  3.92668469e-01,  1.53184156e-01,
        -5.47556153e+00,  5.37440970e-01,  6.82444509e-01,
         5.08726963e-01, -4.36399310e-02, -3.71070124e-01,
         1.76656629e-01,  3.12563951e-02,  2.05093137e-02,
         6.85736805e-03, -1.85740115e-01, -1.04534789e-01],
       [ 7.15690961e-01,  1.53099043e-01,  2.28334394e-01,
        -3.69305400e-02,  1.53184156e-01,  3.19557869e-01,
        -3.99616615e+00, -2.93902045e-02,  1.02146188e+00,
         1.61971148e-01,  4.37695545e-02, -1.21828256e-01,
        -8.88211667e-02, -9.01353759e-03,  4.82077537e-02,
         1.37655611e-02, -1.24238178e-01, -1.82132800e-01],
       [-6.26869261e+00, -6.16729225e+00, -7.87998065e+00,
         2.15151357e+00, -5.47556153e+00, -3.99616615e+00,
         1.12644756e+02,  1.06603679e+01, -2.25730225e+01,
        -6.93347944e+00, -5.66839451e+00,  7.45705352e+00,
        -2.02883438e+00,  8.86171207e-01,  1.49337825e+00,
        -9.26158846e-01,  4.48741807e+00,  3.23436328e+00],
       [-1.37084421e-01, -9.51356185e-01, -6.49528639e+00,
         1.51696903e+00,  5.37440970e-01, -2.93902045e-02,
         1.06603679e+01,  2.54369011e+01, -1.13213280e+01,
         8.30625454e-02, -7.24474935e+00,  4.70479823e+00,
        -2.39480211e-02,  1.44279055e+00,  2.86544165e+00,
        -1.17672095e+00,  8.98179968e-01,  6.85915271e-01],
       [ 1.86310887e+00,  7.43481771e+00,  7.17305653e+00,
        -4.97025141e-01,  6.82444509e-01,  1.02146188e+00,
        -2.25730225e+01, -1.13213280e+01,  3.09751096e+01,
         5.55830508e-01,  5.74830672e+00, -1.15003784e+01,
         3.86228593e-01, -3.61344815e+00, -2.25515797e+00,
         3.42133769e-01, -9.97101898e-01, -1.04650404e+00],
       [-4.92438434e-01,  3.59069657e-01,  2.97222668e-01,
        -1.68579803e-01,  5.08726963e-01,  1.61971148e-01,
        -6.93347944e+00,  8.30625454e-02,  5.55830508e-01,
         1.56230129e+00,  1.31190116e-01, -3.40776117e-01,
         1.54650690e-01,  5.50657707e-02, -1.85004065e-02,
        -1.35966721e-02, -3.72159460e-01, -1.30814621e-01],
       [ 9.11838086e-02,  7.86961922e-01,  2.80870352e+00,
        -5.41254290e-01, -4.36399310e-02,  4.37695545e-02,
        -5.66839451e+00, -7.24474935e+00,  5.74830672e+00,
         1.31190116e-01,  3.52954110e+00, -2.86801942e+00,
         7.41403720e-02, -9.22461178e-01, -1.11188286e+00,
         4.08035671e-01, -3.76184436e-01, -3.37430627e-01],
       [ 8.64401376e-02, -3.81698173e+00, -3.89884636e+00,
         2.51072762e-01, -3.71070124e-01, -1.21828256e-01,
         7.45705352e+00,  4.70479823e+00, -1.15003784e+01,
        -3.40776117e-01, -2.86801942e+00,  6.71159497e+00,
        -3.25097001e-01,  1.72493489e+00,  1.01154358e+00,
        -1.52105578e-01,  2.78697331e-01,  3.14496816e-01],
       [-3.90430052e-01,  2.56775009e-01,  1.43091768e-01,
        -4.20584633e-03,  1.76656629e-01, -8.88211667e-02,
        -2.02883438e+00, -2.39480211e-02,  3.86228593e-01,
         1.54650690e-01,  7.41403720e-02, -3.25097001e-01,
         2.87059870e-01, -3.42991581e-02, -4.90911879e-02,
         3.72408713e-02, -1.22568033e-01,  7.15663887e-02],
       [-5.52889944e-02, -9.29525154e-01, -9.64384076e-01,
         4.27300285e-02,  3.12563951e-02, -9.01353759e-03,
         8.86171207e-01,  1.44279055e+00, -3.61344815e+00,
         5.50657707e-02, -9.22461178e-01,  1.72493489e+00,
        -3.42991581e-02,  5.72411196e-01,  3.23864970e-01,
        -3.88973720e-02,  7.26136452e-02,  9.95341131e-02],
       [ 8.00236824e-02, -4.36410186e-01, -9.56357104e-01,
         1.84450462e-01,  2.05093137e-02,  4.82077537e-02,
         1.49337825e+00,  2.86544165e+00, -2.25515797e+00,
        -1.85004065e-02, -1.11188286e+00,  1.01154358e+00,
        -4.90911879e-02,  3.23864970e-01,  4.50413438e-01,
        -1.41372015e-01,  1.01774269e-01,  1.10884667e-01],
       [ 9.91789318e-02, -2.16762359e-02,  3.21346076e-01,
        -6.29027153e-02,  6.85736805e-03,  1.37655611e-02,
        -9.26158846e-01, -1.17672095e+00,  3.42133769e-01,
        -1.35966721e-02,  4.08035671e-01, -1.52105578e-01,
         3.72408713e-02, -3.88973720e-02, -1.41372015e-01,
         1.07082523e-01, -6.21670267e-02, -4.68071964e-02],
       [-1.10789075e-01, -1.17309279e-01, -3.39070960e-01,
         9.84952749e-02, -1.85740115e-01, -1.24238178e-01,
         4.48741807e+00,  8.98179968e-01, -9.97101898e-01,
        -3.72159460e-01, -3.76184436e-01,  2.78697331e-01,
        -1.22568033e-01,  7.26136452e-02,  1.01774269e-01,
        -6.21670267e-02,  2.60672780e-01,  1.10713463e-01],
       [-5.44442669e-01, -2.32637998e-01, -3.15105528e-01,
         6.96455403e-02, -1.04534789e-01, -1.82132800e-01,
         3.23436328e+00,  6.85915271e-01, -1.04650404e+00,
        -1.30814621e-01, -3.37430627e-01,  3.14496816e-01,
         7.15663887e-02,  9.95341131e-02,  1.10884667e-01,
        -4.68071964e-02,  1.10713463e-01,  2.23877181e-01]])
      jac: array([ 9.47889915e-06, -4.34543142e-05, -1.04893871e-05, -5.71333721e-05,
        1.22846363e-04, -1.28584180e-05,  4.62407890e-06, -6.60027588e-06,
        4.19775326e-06,  2.52113145e-06, -4.43513744e-05, -1.69249799e-05,
       -2.32602826e-05, -6.60220027e-05, -1.13013302e-05,  2.34240405e-05,
        4.89552843e-06, -1.08814809e-05])
  message: 'Desired error not necessarily achieved due to precision loss.'
     nfev: 1987
      nit: 67
     njev: 104
   status: 2
  success: False
        x: array([ 0.15290137, -0.13346532,  0.77502318,  1.00311978, -0.29790108,
        0.03254213,  0.28941434, -0.98063896, -0.43621344,  0.07562894,
        0.81375686,  0.72068711,  0.12971143,  0.20868743, -0.38942669,
       -1.0436146 , -0.48997086,  0.03912612])
