Program Begingeth
      fun: 0.3354186179869951
 hess_inv: array([[ 1.21222598e+00, -9.47648822e-02,  1.28902479e-01,
         2.63828645e-01, -2.48844809e-01,  3.23086815e-01,
         8.02552287e-01, -3.17713132e-01,  5.00212980e-01,
         7.60972703e-01, -8.14643459e-01,  3.12345442e-02,
        -4.80962315e-01, -1.52130044e-02,  5.76442664e-02,
        -2.65674207e-02, -1.43847677e-02, -2.39931629e-01],
       [-9.47648822e-02,  6.39535843e-01, -1.48717929e-01,
        -3.06024160e-01,  5.27427327e-02, -2.74866263e-01,
        -1.35633867e+00,  2.44267412e-01, -4.29538185e-01,
        -8.99950941e-01, -6.68633125e-02, -1.33782769e-01,
         6.01084086e-02, -2.25803528e-01, -2.31092052e-01,
         4.52019066e-02, -1.82041001e-02, -1.14271336e-01],
       [ 1.28902479e-01, -1.48717929e-01,  4.04338198e-01,
         1.62225416e-01,  6.61500184e-02,  1.67909724e-01,
         2.75473425e-01, -2.84374915e-01,  5.74473133e-01,
         6.70217977e-01,  1.21167512e-01,  5.33867561e-02,
        -1.71446773e-02,  1.55433434e-01, -1.96600456e-02,
         6.12147561e-02,  5.21348861e-02,  4.29869628e-02],
       [ 2.63828645e-01, -3.06024160e-01,  1.62225416e-01,
         5.14381018e-01,  9.09515618e-02,  2.49396228e-01,
         1.42109048e+00,  2.88457898e-01,  1.36759044e+00,
         1.49576803e+00,  2.94403606e-01, -1.46768776e-01,
        -1.37077222e-02,  1.30164674e-01,  1.49265832e-01,
         2.32962597e-02, -3.50257084e-03,  4.04827919e-02],
       [-2.48844809e-01,  5.27427327e-02,  6.61500184e-02,
         9.09515618e-02,  3.60832413e-01, -6.24664639e-02,
        -1.67236198e-01,  8.01082484e-01,  8.13837630e-01,
         3.06927287e-01,  9.11576798e-01, -2.07876655e-01,
         1.91086153e-01,  8.85979935e-02, -4.77171530e-02,
         7.68825613e-02,  1.55553262e-02,  7.27814927e-02],
       [ 3.23086815e-01, -2.74866263e-01,  1.67909724e-01,
         2.49396228e-01, -6.24664639e-02,  4.20889926e-01,
         1.21149710e+00, -4.78934792e-01,  1.17082119e+00,
         8.98766266e-01, -2.36726117e-02,  4.77725163e-01,
        -2.00814597e-01,  1.43629442e-01,  1.63252263e-01,
        -4.47985307e-02,  7.55041717e-02,  2.45467693e-03],
       [ 8.02552287e-01, -1.35633867e+00,  2.75473425e-01,
         1.42109048e+00, -1.67236198e-01,  1.21149710e+00,
         1.07007117e+01, -1.43188876e+00,  5.36919511e+00,
         3.91622594e+00,  1.38624934e+00,  2.53222942e-01,
        -7.50679923e-01,  4.47711076e-01,  6.39569950e-01,
        -3.14759954e-01,  3.77339498e-01, -4.43509764e-02],
       [-3.17713132e-01,  2.44267412e-01, -2.84374915e-01,
         2.88457898e-01,  8.01082484e-01, -4.78934792e-01,
        -1.43188876e+00,  4.08004081e+00,  1.04627743e+00,
         5.21478280e-01,  1.44828431e+00, -1.34204283e+00,
         5.06841348e-01,  2.88433180e-03, -4.55277092e-02,
         1.45381577e-01, -1.28123620e-01,  1.29536382e-01],
       [ 5.00212980e-01, -4.29538185e-01,  5.74473133e-01,
         1.36759044e+00,  8.13837630e-01,  1.17082119e+00,
         5.36919511e+00,  1.04627743e+00,  8.81079526e+00,
         4.58278789e+00,  2.89816386e+00,  1.69634857e-01,
        -2.31155191e-01,  4.87472200e-01,  3.78142154e-01,
         2.29319317e-03,  3.04139913e-01,  1.31622680e-01],
       [ 7.60972703e-01, -8.99950941e-01,  6.70217977e-01,
         1.49576803e+00,  3.06927287e-01,  8.98766266e-01,
         3.91622594e+00,  5.21478280e-01,  4.58278789e+00,
         4.71652486e+00,  9.57337962e-01, -1.21782937e-01,
        -1.06942013e-01,  4.75695572e-01,  4.27314645e-01,
         5.62728879e-02,  6.36122120e-02,  1.34903765e-01],
       [-8.14643459e-01, -6.68633125e-02,  1.21167512e-01,
         2.94403606e-01,  9.11576798e-01, -2.36726117e-02,
         1.38624934e+00,  1.44828431e+00,  2.89816386e+00,
         9.57337962e-01,  2.93527722e+00, -3.82715155e-01,
         3.92722209e-01,  2.65056092e-01, -4.65177275e-02,
         1.01993729e-01,  1.22428358e-01,  1.99147006e-01],
       [ 3.12345442e-02, -1.33782769e-01,  5.33867561e-02,
        -1.46768776e-01, -2.07876655e-01,  4.77725163e-01,
         2.53222942e-01, -1.34204283e+00,  1.69634857e-01,
        -1.21782937e-01, -3.82715155e-01,  1.37317149e+00,
        -2.08437296e-01,  1.14568427e-01,  1.32064718e-01,
        -7.94626720e-02,  1.22699725e-01, -2.16918003e-03],
       [-4.80962315e-01,  6.01084086e-02, -1.71446773e-02,
        -1.37077222e-02,  1.91086153e-01, -2.00814597e-01,
        -7.50679923e-01,  5.06841348e-01, -2.31155191e-01,
        -1.06942013e-01,  3.92722209e-01, -2.08437296e-01,
         3.23903991e-01,  5.85941446e-03, -4.27492626e-02,
         9.10867956e-02, -5.24256513e-02,  1.23593231e-01],
       [-1.52130044e-02, -2.25803528e-01,  1.55433434e-01,
         1.30164674e-01,  8.85979935e-02,  1.43629442e-01,
         4.47711076e-01,  2.88433180e-03,  4.87472200e-01,
         4.75695572e-01,  2.65056092e-01,  1.14568427e-01,
         5.85941446e-03,  1.62644171e-01,  6.60372071e-02,
         8.85103788e-03,  5.60902221e-02,  6.67626613e-02],
       [ 5.76442664e-02, -2.31092052e-01, -1.96600456e-02,
         1.49265832e-01, -4.77171530e-02,  1.63252263e-01,
         6.39569950e-01, -4.55277092e-02,  3.78142154e-01,
         4.27314645e-01, -4.65177275e-02,  1.32064718e-01,
        -4.27492626e-02,  6.60372071e-02,  1.57626276e-01,
        -4.01527908e-02,  5.99284046e-03,  5.90628605e-02],
       [-2.65674207e-02,  4.52019066e-02,  6.12147561e-02,
         2.32962597e-02,  7.68825613e-02, -4.47985307e-02,
        -3.14759954e-01,  1.45381577e-01,  2.29319317e-03,
         5.62728879e-02,  1.01993729e-01, -7.94626720e-02,
         9.10867956e-02,  8.85103788e-03, -4.01527908e-02,
         7.18907757e-02, -2.17756896e-02,  1.61867615e-02],
       [-1.43847677e-02, -1.82041001e-02,  5.21348861e-02,
        -3.50257084e-03,  1.55553262e-02,  7.55041717e-02,
         3.77339498e-01, -1.28123620e-01,  3.04139913e-01,
         6.36122120e-02,  1.22428358e-01,  1.22699725e-01,
        -5.24256513e-02,  5.60902221e-02,  5.99284046e-03,
        -2.17756896e-02,  7.43689895e-02,  7.23589169e-04],
       [-2.39931629e-01, -1.14271336e-01,  4.29869628e-02,
         4.04827919e-02,  7.27814927e-02,  2.45467693e-03,
        -4.43509764e-02,  1.29536382e-01,  1.31622680e-01,
         1.34903765e-01,  1.99147006e-01, -2.16918003e-03,
         1.23593231e-01,  6.67626613e-02,  5.90628605e-02,
         1.61867615e-02,  7.23589169e-04,  1.18314028e-01]])
      jac: array([-1.37515925e-05, -2.88598774e-05,  2.17352062e-05, -4.63185046e-06,
        1.36811673e-04,  2.68407518e-05,  1.19700546e-05, -5.30279524e-06,
       -7.40444743e-06,  2.59311091e-06, -2.54840593e-05,  3.33362967e-06,
       -6.74978592e-06, -6.00941519e-05, -4.39174623e-05, -6.24578167e-05,
       -2.47102339e-05, -2.83191988e-05])
  message: 'Desired error not necessarily achieved due to precision loss.'
     nfev: 2158
      nit: 66
     njev: 113
   status: 2
  success: False
        x: array([ 0.0833499 ,  0.11885733,  0.8416839 ,  1.4276994 , -0.88356934,
        0.32336027,  0.77868265, -1.93324208,  0.76505971,  1.7937315 ,
       -0.81241072,  0.89662664,  0.04459999,  0.05552309, -0.24323206,
       -1.281762  , -0.59693912,  0.04834387])
