Program Begingeth
      fun: 0.3490837063330843
 hess_inv: array([[ 8.77600209e-01, -1.72760461e-01,  2.04365823e-02,
        -1.34377820e-01,  1.67972419e-01,  3.06463240e-01,
        -2.24404913e-01,  3.15376337e-01,  8.01234957e-02,
        -4.77484329e-01,  3.46493324e-01,  5.32309959e-01,
        -3.54825324e-01,  9.10639115e-02, -2.30271533e-02,
         2.52550691e-02, -6.82079165e-02, -2.75077107e-01],
       [-1.72760461e-01,  6.60899526e-01, -1.13017433e-01,
         4.89562521e-01,  7.12722180e-02, -4.78804285e-01,
         1.43087758e+00,  7.61814742e-01,  7.82625873e-01,
         1.53047984e+00,  1.65138636e-01, -1.25696133e+00,
         1.65329478e-01, -2.42427058e-01, -2.31201340e-01,
         6.38303064e-02,  6.50598743e-02, -4.76904014e-02],
       [ 2.04365823e-02, -1.13017433e-01,  2.78205972e-01,
        -1.96138092e-01,  3.11384151e-02,  1.14781707e-01,
        -3.85651548e-01, -2.23265784e-01, -3.42741820e-01,
        -6.48557621e-01, -7.53964038e-02,  3.86460411e-01,
         1.35964205e-02,  1.31542067e-01, -4.14250540e-02,
         6.32411523e-02,  3.42373006e-02,  3.06510154e-02],
       [-1.34377820e-01,  4.89562521e-01, -1.96138092e-01,
         1.03665554e+00,  3.73442193e-01, -5.46914686e-01,
         2.76857624e+00,  1.73563049e+00,  2.41023789e+00,
         2.92767325e+00,  1.09777070e+00, -2.23698521e+00,
         3.23759894e-01, -1.89028775e-01, -7.23806767e-02,
         1.13596912e-01,  8.34830220e-04,  7.34414839e-02],
       [ 1.67972419e-01,  7.12722180e-02,  3.11384151e-02,
         3.73442193e-01,  4.51962369e-01, -1.13170116e-01,
         1.15199919e+00,  1.26415521e+00,  1.26678992e+00,
         9.30535376e-01,  1.12008059e+00, -9.95403447e-01,
         9.23993434e-02,  1.03442535e-01,  1.96072811e-02,
         1.05716032e-01,  2.58945630e-02,  9.20699712e-03],
       [ 3.06463240e-01, -4.78804285e-01,  1.14781707e-01,
        -5.46914686e-01, -1.13170116e-01,  5.92149346e-01,
        -1.72376992e+00, -9.04199796e-01, -8.61062540e-01,
        -1.66799017e+00, -2.18078024e-01,  1.76806951e+00,
        -2.29349757e-01,  1.29418847e-01,  1.75969849e-01,
        -7.15688019e-02, -8.99666434e-02, -3.57149560e-02],
       [-2.24404913e-01,  1.43087758e+00, -3.85651548e-01,
         2.76857624e+00,  1.15199919e+00, -1.72376992e+00,
         8.76034536e+00,  4.91175608e+00,  6.47026976e+00,
         7.57060281e+00,  3.02406889e+00, -6.87008226e+00,
         8.18070799e-01, -3.71788883e-01, -3.90100746e-01,
         3.69021404e-01,  9.71549020e-02,  8.75781670e-02],
       [ 3.15376337e-01,  7.61814742e-01, -2.23265784e-01,
         1.73563049e+00,  1.26415521e+00, -9.04199796e-01,
         4.91175608e+00,  6.14655575e+00,  4.96182539e+00,
         5.42077225e+00,  2.91981081e+00, -4.87807686e+00,
         1.92495613e-01,  3.17778404e-02, -2.90075320e-02,
         1.96927857e-01,  2.09690178e-01,  2.16799428e-02],
       [ 8.01234957e-02,  7.82625873e-01, -3.42741820e-01,
         2.41023789e+00,  1.26678992e+00, -8.61062540e-01,
         6.47026976e+00,  4.96182539e+00,  7.46928539e+00,
         6.77405407e+00,  3.73858652e+00, -5.14383948e+00,
         5.96206893e-01, -2.30911340e-01,  2.24486348e-02,
         2.51980948e-01, -8.37551511e-03,  1.36818687e-01],
       [-4.77484329e-01,  1.53047984e+00, -6.48557621e-01,
         2.92767325e+00,  9.30535376e-01, -1.66799017e+00,
         7.57060281e+00,  5.42077225e+00,  6.77405407e+00,
         8.91273712e+00,  2.72877413e+00, -6.66307386e+00,
         7.55589465e-01, -5.69440506e-01, -2.15235381e-01,
         2.13415895e-01,  1.44027512e-01,  2.01801687e-01],
       [ 3.46493324e-01,  1.65138636e-01, -7.53964038e-02,
         1.09777070e+00,  1.12008059e+00, -2.18078024e-01,
         3.02406889e+00,  2.91981081e+00,  3.73858652e+00,
         2.72877413e+00,  3.16634642e+00, -2.41862769e+00,
         2.89912146e-01,  1.44645034e-01,  1.51940355e-01,
         2.14521152e-01, -4.89186135e-03,  6.75550968e-02],
       [ 5.32309959e-01, -1.25696133e+00,  3.86460411e-01,
        -2.23698521e+00, -9.95403447e-01,  1.76806951e+00,
        -6.87008226e+00, -4.87807686e+00, -5.14383948e+00,
        -6.66307386e+00, -2.41862769e+00,  6.83999386e+00,
        -6.81255855e-01,  1.74685599e-01,  3.08845734e-01,
        -2.76670323e-01, -2.99179981e-01, -1.45613673e-01],
       [-3.54825324e-01,  1.65329478e-01,  1.35964205e-02,
         3.23759894e-01,  9.23993434e-02, -2.29349757e-01,
         8.18070799e-01,  1.92495613e-01,  5.96206893e-01,
         7.55589465e-01,  2.89912146e-01, -6.81255855e-01,
         3.11033956e-01, -6.16309842e-02, -2.31110915e-02,
         9.39063234e-02, -1.02614806e-02,  1.37450292e-01],
       [ 9.10639115e-02, -2.42427058e-01,  1.31542067e-01,
        -1.89028775e-01,  1.03442535e-01,  1.29418847e-01,
        -3.71788883e-01,  3.17778404e-02, -2.30911340e-01,
        -5.69440506e-01,  1.44645034e-01,  1.74685599e-01,
        -6.16309842e-02,  2.10961449e-01,  6.73000558e-02,
         1.56026026e-02,  5.86096982e-02,  2.43342975e-02],
       [-2.30271533e-02, -2.31201340e-01, -4.14250540e-02,
        -7.23806767e-02,  1.96072811e-02,  1.75969849e-01,
        -3.90100746e-01, -2.90075320e-02,  2.24486348e-02,
        -2.15235381e-01,  1.51940355e-01,  3.08845734e-01,
        -2.31110915e-02,  6.73000558e-02,  1.82810383e-01,
        -5.02704310e-02, -2.48314010e-02,  8.70429086e-02],
       [ 2.52550691e-02,  6.38303064e-02,  6.32411523e-02,
         1.13596912e-01,  1.05716032e-01, -7.15688019e-02,
         3.69021404e-01,  1.96927857e-01,  2.51980948e-01,
         2.13415895e-01,  2.14521152e-01, -2.76670323e-01,
         9.39063234e-02,  1.56026026e-02, -5.02704310e-02,
         9.24758212e-02, -1.33562190e-03,  2.08229204e-03],
       [-6.82079165e-02,  6.50598743e-02,  3.42373006e-02,
         8.34830220e-04,  2.58945630e-02, -8.99666434e-02,
         9.71549020e-02,  2.09690178e-01, -8.37551511e-03,
         1.44027512e-01, -4.89186135e-03, -2.99179981e-01,
        -1.02614806e-02,  5.86096982e-02, -2.48314010e-02,
        -1.33562190e-03,  1.02125174e-01,  1.56909725e-02],
       [-2.75077107e-01, -4.76904014e-02,  3.06510154e-02,
         7.34414839e-02,  9.20699712e-03, -3.57149560e-02,
         8.75781670e-02,  2.16799428e-02,  1.36818687e-01,
         2.01801687e-01,  6.75550968e-02, -1.45613673e-01,
         1.37450292e-01,  2.43342975e-02,  8.70429086e-02,
         2.08229204e-03,  1.56909725e-02,  1.60318971e-01]])
      jac: array([-1.11540407e-06,  4.61852778e-07, -1.90366241e-06,  5.85235564e-06,
        2.74225087e-07,  6.62803146e-06, -3.45649435e-07, -1.72084569e-07,
       -6.64653518e-07, -9.12233252e-07, -4.45569507e-07, -1.29970109e-06,
        2.84550161e-06,  2.76667578e-06, -3.58824082e-06, -2.79036054e-06,
        1.00105109e-06, -2.31333471e-06])
  message: 'Optimization terminated successfully.'
     nfev: 1501
      nit: 67
     njev: 79
   status: 0
  success: True
        x: array([ 0.05645563,  0.24873436,  0.76117754,  1.19761233, -1.27912826,
       -0.33486564,  2.25362369, -1.08803885, -1.24919815,  0.99156303,
       -1.77527682, -0.82856133,  0.12641393,  0.00572511, -0.36808647,
       -1.12249872, -0.29542342,  0.01446074])
