Program Begingeth
      fun: 0.3780936674477465
 hess_inv: array([[ 2.75120783e+01,  1.05204259e+01,  8.54100241e+00,
         8.98924796e+00,  6.51971825e+00,  2.77927969e+00,
         1.73915234e+01, -5.19861963e+00, -3.86995667e+00,
        -1.53841941e+00,  1.76893661e-01,  7.81758304e-01,
        -3.97811167e+00, -8.40758019e-02, -1.36404939e-01,
        -8.30115314e-01, -3.52462774e+00,  7.86447657e-01],
       [ 1.05204259e+01,  5.82253139e+00,  3.28222769e+00,
         3.20396581e+00,  3.42183784e+00,  1.25838681e+00,
         6.08402260e+00,  4.14383643e-02, -3.04585354e-01,
        -8.79826272e-01, -8.60115631e-03,  9.13865225e-03,
        -1.65634118e+00, -8.08598192e-03,  1.46166022e-01,
        -3.27684373e-01, -1.38778385e+00,  3.39192622e-01],
       [ 8.54100241e+00,  3.28222769e+00,  4.98410895e+00,
         2.99141888e+00,  1.74954689e+00,  1.91447962e+00,
         7.79801504e+00, -3.70958807e+00,  2.18526395e-01,
        -4.47903614e-01,  1.76079378e-01,  1.43000131e-01,
        -1.14103897e+00, -1.71885873e-01,  9.68034980e-02,
        -1.64001731e-01, -1.06655624e+00,  4.41628956e-01],
       [ 8.98924796e+00,  3.20396581e+00,  2.99141888e+00,
         3.05730815e+00,  1.98614266e+00,  9.90791432e-01,
         6.33488205e+00, -2.05548704e+00, -1.34173763e+00,
        -4.82666272e-01,  4.15415349e-02,  3.16639774e-01,
        -1.20779762e+00, -3.13950619e-03, -5.41864073e-02,
        -2.37741670e-01, -1.09049909e+00,  2.56939566e-01],
       [ 6.51971825e+00,  3.42183784e+00,  1.74954689e+00,
         1.98614266e+00,  2.11641976e+00,  6.50590216e-01,
         3.52680744e+00,  4.82477205e-01, -4.92397202e-01,
        -5.85646479e-01, -4.48804524e-02,  1.02661296e-01,
        -1.02064876e+00,  4.28906749e-02,  6.41752447e-02,
        -2.32260857e-01, -8.63406718e-01,  1.87160266e-01],
       [ 2.77927969e+00,  1.25838681e+00,  1.91447962e+00,
         9.90791432e-01,  6.50590216e-01,  8.35490732e-01,
         2.86203067e+00, -1.00275300e+00,  5.92066912e-01,
        -2.79465820e-01, -2.87177633e-02,  1.38416799e-02,
        -3.27503586e-01, -4.90312752e-02,  1.07405847e-01,
        -2.50126402e-02, -3.47114572e-01,  1.65471088e-01],
       [ 1.73915234e+01,  6.08402260e+00,  7.79801504e+00,
         6.33488205e+00,  3.52680744e+00,  2.86203067e+00,
         1.65292631e+01, -6.00960269e+00, -1.61793953e+00,
        -7.72944853e-01, -5.58863253e-02,  5.94040542e-01,
        -2.18203220e+00, -1.23519307e-02,  6.04762007e-02,
        -3.74500834e-01, -1.97625321e+00,  6.70072161e-01],
       [-5.19861963e+00,  4.14383643e-02, -3.70958807e+00,
        -2.05548704e+00,  4.82477205e-01, -1.00275300e+00,
        -6.00960269e+00,  9.34839971e+00,  1.10279122e+00,
        -8.11250685e-01, -4.73397751e-01, -1.65537801e-01,
         7.77860954e-01,  3.53321091e-01,  2.90733165e-01,
         8.43363773e-02,  5.93293388e-01, -3.10641243e-01],
       [-3.86995667e+00, -3.04585354e-01,  2.18526395e-01,
        -1.34173763e+00, -4.92397202e-01,  5.92066912e-01,
        -1.61793953e+00,  1.10279122e+00,  4.13718381e+00,
        -2.62994335e-01, -5.56587497e-02, -3.71056425e-01,
         5.90906017e-01, -1.64701229e-01,  2.56101466e-01,
         2.09975479e-01,  3.73630341e-01, -5.83434538e-02],
       [-1.53841941e+00, -8.79826272e-01, -4.47903614e-01,
        -4.82666272e-01, -5.85646479e-01, -2.79465820e-01,
        -7.72944853e-01, -8.11250685e-01, -2.62994335e-01,
         9.53978694e-01, -9.86242096e-02, -2.00923429e-03,
         2.96428180e-02,  2.92009396e-02,  3.22141990e-02,
         3.38196617e-02,  2.40312679e-01,  1.47311328e-01],
       [ 1.76893661e-01, -8.60115631e-03,  1.76079378e-01,
         4.15415349e-02, -4.48804524e-02, -2.87177633e-02,
        -5.58863253e-02, -4.73397751e-01, -5.56587497e-02,
        -9.86242096e-02,  6.38607574e-01, -6.19336892e-02,
        -2.17936348e-02, -1.88591559e-01, -1.74274024e-01,
        -2.20663567e-02, -5.44282162e-02, -1.28344145e-01],
       [ 7.81758304e-01,  9.13865225e-03,  1.43000131e-01,
         3.16639774e-01,  1.02661296e-01,  1.38416799e-02,
         5.94040542e-01, -1.65537801e-01, -3.71056425e-01,
        -2.00923429e-03, -6.19336892e-02,  3.69766103e-01,
        -1.05297108e-01,  9.00393739e-02, -8.10238918e-02,
        -7.58001504e-02, -4.23664979e-02,  2.57471860e-02],
       [-3.97811167e+00, -1.65634118e+00, -1.14103897e+00,
        -1.20779762e+00, -1.02064876e+00, -3.27503586e-01,
        -2.18203220e+00,  7.77860954e-01,  5.90906017e-01,
         2.96428180e-02, -2.17936348e-02, -1.05297108e-01,
         7.35062316e-01,  2.38307611e-02,  1.07302681e-02,
         1.90220781e-01,  5.58127450e-01, -1.68685241e-01],
       [-8.40758019e-02, -8.08598192e-03, -1.71885873e-01,
        -3.13950619e-03,  4.28906749e-02, -4.90312752e-02,
        -1.23519307e-02,  3.53321091e-01, -1.64701229e-01,
         2.92009396e-02, -1.88591559e-01,  9.00393739e-02,
         2.38307611e-02,  1.13364992e-01,  3.50546094e-02,
        -3.30938587e-03,  6.80039379e-02,  3.00177756e-02],
       [-1.36404939e-01,  1.46166022e-01,  9.68034980e-02,
        -5.41864073e-02,  6.41752447e-02,  1.07405847e-01,
         6.04762007e-02,  2.90733165e-01,  2.56101466e-01,
         3.22141990e-02, -1.74274024e-01, -8.10238918e-02,
         1.07302681e-02,  3.50546094e-02,  1.22737794e-01,
         2.72017863e-02,  1.67101731e-02,  7.71464746e-02],
       [-8.30115314e-01, -3.27684373e-01, -1.64001731e-01,
        -2.37741670e-01, -2.32260857e-01, -2.50126402e-02,
        -3.74500834e-01,  8.43363773e-02,  2.09975479e-01,
         3.38196617e-02, -2.20663567e-02, -7.58001504e-02,
         1.90220781e-01, -3.30938587e-03,  2.72017863e-02,
         9.17723470e-02,  1.27720820e-01, -2.49586404e-02],
       [-3.52462774e+00, -1.38778385e+00, -1.06655624e+00,
        -1.09049909e+00, -8.63406718e-01, -3.47114572e-01,
        -1.97625321e+00,  5.93293388e-01,  3.73630341e-01,
         2.40312679e-01, -5.44282162e-02, -4.23664979e-02,
         5.58127450e-01,  6.80039379e-02,  1.67101731e-02,
         1.27720820e-01,  5.32196989e-01, -9.10839531e-02],
       [ 7.86447657e-01,  3.39192622e-01,  4.41628956e-01,
         2.56939566e-01,  1.87160266e-01,  1.65471088e-01,
         6.70072161e-01, -3.10641243e-01, -5.83434538e-02,
         1.47311328e-01, -1.28344145e-01,  2.57471860e-02,
        -1.68685241e-01,  3.00177756e-02,  7.71464746e-02,
        -2.49586404e-02, -9.10839531e-02,  1.38636612e-01]])
      jac: array([ 1.01252340e-06, -6.22835117e-07, -1.47585647e-06, -2.65713377e-06,
        1.79375033e-06,  3.07531778e-06,  3.55271368e-07, -3.58972111e-08,
       -8.65973959e-08,  6.49110395e-07, -3.45649435e-07, -1.04508994e-06,
        3.32807855e-06, -1.26787469e-06, -4.88979228e-06, -1.76673491e-06,
        8.21565038e-08,  3.35805458e-06])
  message: 'Optimization terminated successfully.'
     nfev: 1615
      nit: 75
     njev: 85
   status: 0
  success: True
        x: array([-0.66560914, -1.5736831 , -0.1536347 , -1.1361083 , -1.36190663,
       -0.17907986, -1.86888188, -1.5849616 , -1.11155292,  0.12484908,
        0.33427532,  1.21850488,  0.08537241, -0.04935319, -0.31568469,
        1.25859088, -0.82669855, -0.01286727])
