Program Begingeth
      fun: 0.22349757945090254
 hess_inv: array([[ 3.30351300e+00,  1.94517319e-01, -1.15337441e+00,
        -1.78407607e+00,  1.04206222e+00, -7.90169108e-01,
        -5.59832944e-01,  6.21113786e+00, -3.26818355e+00,
         1.56015827e+00, -2.53650728e-01,  1.98270626e+00,
        -4.45630131e+00,  9.20030037e-01, -6.44013985e-01,
        -1.44514038e+00,  4.71626430e-01, -1.68737692e-01],
       [ 1.94517319e-01,  6.64165957e-01, -1.46340427e-01,
        -2.50683330e-01, -1.54440122e-01, -2.30422718e-01,
        -7.47115957e-01,  2.57398411e-01, -2.98633052e-01,
         1.31538510e-01,  1.80849268e-01,  9.03791324e-02,
        -3.91010013e-01, -6.00268454e-01, -9.64861229e-02,
        -1.19823815e-01, -1.66942442e-01,  9.76442632e-02],
       [-1.15337441e+00, -1.46340427e-01,  1.28106959e+00,
         8.90459859e-01, -1.11771280e-01,  1.94956831e-02,
         1.09262271e+00, -2.17721267e+00,  1.39091918e+00,
        -1.07789598e+00, -4.52071668e-02, -5.22540922e-01,
         2.02124924e+00, -4.40241170e-02, -7.27282763e-01,
         7.07548043e-01, -2.11531707e-01, -3.40737416e-01],
       [-1.78407607e+00, -2.50683330e-01,  8.90459859e-01,
         1.34056461e+00, -5.95375776e-01,  2.82344288e-01,
         8.44746741e-01, -4.17926066e+00,  1.45427903e+00,
        -1.03875781e+00,  2.39934695e-01, -8.63256269e-01,
         2.92581103e+00, -4.80606149e-01, -5.42694750e-02,
         9.78278398e-01, -3.16454551e-01, -8.31570013e-02],
       [ 1.04206222e+00, -1.54440122e-01, -1.11771280e-01,
        -5.95375776e-01,  7.87358673e-01, -1.59407214e-01,
         6.48368115e-01,  3.24944209e+00, -6.00989527e-01,
         3.55057998e-01, -3.35905657e-01,  6.17751059e-01,
        -1.44744071e+00,  9.52240382e-01, -2.68989158e-01,
        -4.32012863e-01,  3.62624235e-01, -8.55348843e-02],
       [-7.90169108e-01, -2.30422718e-01,  1.94956831e-02,
         2.82344288e-01, -1.59407214e-01,  5.11653796e-01,
         1.94235113e-01, -9.24481212e-01,  1.26969014e+00,
        -2.58035780e-01, -9.03053555e-02, -5.91282272e-01,
         8.20975249e-01,  1.16557902e-02,  7.00047567e-01,
         2.43293290e-01, -1.22186203e-02,  2.24644010e-01],
       [-5.59832944e-01, -7.47115957e-01,  1.09262271e+00,
         8.44746741e-01,  6.48368115e-01,  1.94235113e-01,
         3.66385265e+00,  3.66590972e-01,  1.13877982e+00,
        -7.05032687e-01, -2.27999695e-01, -9.23830315e-02,
         1.27657134e+00,  1.12904300e+00, -4.80865992e-01,
         4.33549585e-01,  2.14097824e-01, -2.34849698e-01],
       [ 6.21113786e+00,  2.57398411e-01, -2.17721267e+00,
        -4.17926066e+00,  3.24944209e+00, -9.24481212e-01,
         3.66590972e-01,  1.82306944e+01, -4.53616322e+00,
         3.04527548e+00, -9.76509007e-01,  3.24033829e+00,
        -9.60478259e+00,  3.08929725e+00, -3.31382480e-01,
        -3.12032909e+00,  1.40905272e+00,  1.36254200e-01],
       [-3.26818355e+00, -2.98633052e-01,  1.39091918e+00,
         1.45427903e+00, -6.00989527e-01,  1.26969014e+00,
         1.13877982e+00, -4.53616322e+00,  6.31870617e+00,
        -1.75168282e+00, -3.85788953e-01, -1.87533166e+00,
         4.05589913e+00, -3.15067784e-01,  7.34029658e-01,
         1.35757150e+00, -3.34020498e-01,  9.08051789e-02],
       [ 1.56015827e+00,  1.31538510e-01, -1.07789598e+00,
        -1.03875781e+00,  3.55057998e-01, -2.58035780e-01,
        -7.05032687e-01,  3.04527548e+00, -1.75168282e+00,
         1.20932776e+00, -5.23164099e-02,  8.33164249e-01,
        -2.48456795e+00,  3.07976138e-01,  2.13088984e-01,
        -8.41388024e-01,  2.88956621e-01,  1.26362873e-01],
       [-2.53650728e-01,  1.80849268e-01, -4.52071668e-02,
         2.39934695e-01, -3.35905657e-01, -9.03053555e-02,
        -2.27999695e-01, -9.76509007e-01, -3.85788953e-01,
        -5.23164099e-02,  6.20881231e-01, -1.85476181e-01,
         3.83524254e-01, -6.18403128e-01,  8.99196496e-02,
         2.12039735e-02, -1.99756692e-01,  1.31043571e-01],
       [ 1.98270626e+00,  9.03791324e-02, -5.22540922e-01,
        -8.63256269e-01,  6.17751059e-01, -5.91282272e-01,
        -9.23830315e-02,  3.24033829e+00, -1.87533166e+00,
         8.33164249e-01, -1.85476181e-01,  1.49982473e+00,
        -2.34324008e+00,  5.66461252e-01, -7.69321760e-01,
        -6.96804493e-01,  2.42250224e-01, -2.76957555e-01],
       [-4.45630131e+00, -3.91010013e-01,  2.02124924e+00,
         2.92581103e+00, -1.44744071e+00,  8.20975249e-01,
         1.27657134e+00, -9.60478259e+00,  4.05589913e+00,
        -2.48456795e+00,  3.83524254e-01, -2.34324008e+00,
         6.83247836e+00, -1.23716639e+00,  1.68234239e-01,
         2.31368796e+00, -7.49271476e-01, -7.70180688e-02],
       [ 9.20030037e-01, -6.00268454e-01, -4.40241170e-02,
        -4.80606149e-01,  9.52240382e-01,  1.16557902e-02,
         1.12904300e+00,  3.08929725e+00, -3.15067784e-01,
         3.07976138e-01, -6.18403128e-01,  5.66461252e-01,
        -1.23716639e+00,  1.51576279e+00, -1.85816427e-01,
        -3.35057049e-01,  5.65500211e-01, -1.54985535e-01],
       [-6.44013985e-01, -9.64861229e-02, -7.27282763e-01,
        -5.42694750e-02, -2.68989158e-01,  7.00047567e-01,
        -4.80865992e-01, -3.31382480e-01,  7.34029658e-01,
         2.13088984e-01,  8.99196496e-02, -7.69321760e-01,
         1.68234239e-01, -1.85816427e-01,  1.57934830e+00,
        -4.12722025e-02,  5.08967073e-02,  6.61910013e-01],
       [-1.44514038e+00, -1.19823815e-01,  7.07548043e-01,
         9.78278398e-01, -4.32012863e-01,  2.43293290e-01,
         4.33549585e-01, -3.12032909e+00,  1.35757150e+00,
        -8.41388024e-01,  2.12039735e-02, -6.96804493e-01,
         2.31368796e+00, -3.35057049e-01, -4.12722025e-02,
         8.38604145e-01, -2.30547872e-01, -7.39341246e-02],
       [ 4.71626430e-01, -1.66942442e-01, -2.11531707e-01,
        -3.16454551e-01,  3.62624235e-01, -1.22186203e-02,
         2.14097824e-01,  1.40905272e+00, -3.34020498e-01,
         2.88956621e-01, -1.99756692e-01,  2.42250224e-01,
        -7.49271476e-01,  5.65500211e-01,  5.08967073e-02,
        -2.30547872e-01,  2.68805666e-01,  9.87210833e-03],
       [-1.68737692e-01,  9.76442632e-02, -3.40737416e-01,
        -8.31570013e-02, -8.55348843e-02,  2.24644010e-01,
        -2.34849698e-01,  1.36254200e-01,  9.08051789e-02,
         1.26362873e-01,  1.31043571e-01, -2.76957555e-01,
        -7.70180688e-02, -1.54985535e-01,  6.61910013e-01,
        -7.39341246e-02,  9.87210833e-03,  3.46392062e-01]])
      jac: array([ 9.18154442e-07,  3.42133729e-07,  2.05576297e-06,  5.94709467e-07,
       -1.85370238e-06, -5.32759022e-06,  1.86887543e-08,  2.22414679e-07,
        4.03936144e-07,  1.03620816e-08, -9.43689571e-09,  5.46044691e-07,
        2.69229084e-07,  9.61268102e-07,  4.67292871e-06,  2.77555756e-08,
       -1.70789309e-07, -2.90249306e-06])
  message: 'Optimization terminated successfully.'
     nfev: 817
      nit: 35
     njev: 43
   status: 0
  success: True
        x: array([ 0.67381713, -0.04195056,  0.55892385,  0.30440888, -0.80006089,
       -0.67951283,  1.22522287, -1.45796127, -0.97751821, -1.12222106,
        0.07538867,  0.64323579,  0.2851007 ,  0.0395841 , -0.42951435,
        0.13911874,  1.02190081, -0.71632774])
