Program Begingeth
      fun: 0.33776827151405375
 hess_inv: array([[ 7.62138848e+00, -1.72541694e+00,  3.18552637e-01,
         1.91585281e+00, -1.09915383e+00,  1.53133694e+00,
         1.28645659e+00,  1.45170233e+00,  3.55297503e+00,
        -7.86972734e-01, -9.91112200e-01,  8.61871965e-01,
        -1.31890479e+00,  4.34667261e-01,  5.41638320e-01,
        -1.62817673e-01,  9.62339857e-01, -5.73659614e-01],
       [-1.72541694e+00,  4.80991817e+00,  1.20753325e+00,
        -3.64279778e-01,  1.87196277e+00,  5.65139694e-02,
        -5.61942594e+00, -1.17676603e-01,  4.00291143e+00,
         2.85784301e-03,  2.55510901e-01, -1.81625150e+00,
         6.98326670e-01, -4.84353483e-01, -2.57761800e-01,
        -6.39009348e-02, -4.08743399e-01,  8.16832401e-02],
       [ 3.18552637e-01,  1.20753325e+00,  2.29609537e+00,
        -1.87324431e-01,  4.22299419e-01,  7.40514741e-01,
        -3.16619948e+00, -1.89803122e+00,  1.85560893e+00,
        -8.16517642e-02,  8.51128825e-01, -7.11722970e-01,
         8.90880829e-03, -1.49221681e-01, -2.41275208e-01,
         1.33477095e-01, -1.26204454e-02, -7.42311243e-02],
       [ 1.91585281e+00, -3.64279778e-01, -1.87324431e-01,
         5.82644703e-01, -2.65437534e-01,  2.92513277e-01,
         9.14555781e-01,  6.79647142e-01,  9.65254571e-01,
        -2.53542356e-01, -3.85425973e-01,  1.74159063e-01,
        -2.68214651e-01,  8.91036324e-02,  1.92486110e-01,
        -5.12483311e-02,  2.26256669e-01, -9.91690690e-02],
       [-1.09915383e+00,  1.87196277e+00,  4.22299419e-01,
        -2.65437534e-01,  9.29245527e-01, -2.97088634e-02,
        -3.61461952e+00,  4.52214426e-01,  1.11095597e+00,
         2.09720874e-01,  9.31814798e-02, -6.16602570e-01,
         4.31549890e-01, -1.41749916e-01, -1.07764403e-01,
         4.95997317e-02, -3.26910794e-01,  4.95103508e-02],
       [ 1.53133694e+00,  5.65139694e-02,  7.40514741e-01,
         2.92513277e-01, -2.97088634e-02,  5.95815356e-01,
        -1.30463615e+00, -2.40893174e-02,  1.54398111e+00,
        -1.44205827e-02, -5.40134670e-02, -2.46205524e-02,
        -2.73590381e-01,  5.92580945e-02,  9.15409831e-02,
        -2.07924520e-02,  1.37385745e-01, -1.27106018e-01],
       [ 1.28645659e+00, -5.61942594e+00, -3.16619948e+00,
         9.14555781e-01, -3.61461952e+00, -1.30463615e+00,
         2.65144475e+01, -2.36732830e+00, -5.67579634e+00,
        -1.73040624e+00, -5.81211951e-01,  1.57880800e+00,
        -1.30655699e+00,  3.28748573e-01,  3.12982905e-01,
        -3.60899986e-01,  1.81585196e+00,  3.72568676e-01],
       [ 1.45170233e+00, -1.17676603e-01, -1.89803122e+00,
         6.79647142e-01,  4.52214426e-01, -2.40893174e-02,
        -2.36732830e+00,  6.57306297e+00,  2.49637694e-01,
         3.58183514e-01, -1.44491073e+00,  4.34097264e-01,
        -7.74169977e-03,  3.46307870e-01,  6.49358168e-01,
        -2.17226734e-01, -4.43371243e-02, -6.21639931e-03],
       [ 3.55297503e+00,  4.00291143e+00,  1.85560893e+00,
         9.65254571e-01,  1.11095597e+00,  1.54398111e+00,
        -5.67579634e+00,  2.49637694e-01,  1.06077985e+01,
        -3.27609001e-01, -2.93551215e-01, -1.43891396e+00,
        -2.96527943e-01, -4.64440294e-01,  2.24476395e-01,
        -3.26799606e-01,  7.48605759e-02, -1.81287322e-01],
       [-7.86972734e-01,  2.85784301e-03, -8.16517642e-02,
        -2.53542356e-01,  2.09720874e-01, -1.44205827e-02,
        -1.73040624e+00,  3.58183514e-01, -3.27609001e-01,
         8.75355187e-01,  6.47946311e-02,  3.63307080e-02,
         1.63112179e-02, -1.90186047e-02, -4.28653274e-02,
         2.06689160e-02, -2.62746619e-01, -1.09561049e-01],
       [-9.91112200e-01,  2.55510901e-01,  8.51128825e-01,
        -3.85425973e-01,  9.31814798e-02, -5.40134670e-02,
        -5.81211951e-01, -1.44491073e+00, -2.93551215e-01,
         6.47946311e-02,  1.14873354e+00, -3.55371526e-01,
         1.51306815e-01, -2.60631042e-01, -3.54444622e-01,
         1.32707594e-01, -1.31178752e-01, -7.13553608e-02],
       [ 8.61871965e-01, -1.81625150e+00, -7.11722970e-01,
         1.74159063e-01, -6.16602570e-01, -2.46205524e-02,
         1.57880800e+00,  4.34097264e-01, -1.43891396e+00,
         3.63307080e-02, -3.55371526e-01,  1.11684892e+00,
        -2.57473825e-01,  3.19740019e-01,  9.00839844e-02,
         6.29925420e-02,  1.82450258e-01, -4.46601287e-02],
       [-1.31890479e+00,  6.98326670e-01,  8.90880829e-03,
        -2.68214651e-01,  4.31549890e-01, -2.73590381e-01,
        -1.30655699e+00, -7.74169977e-03, -2.96527943e-01,
         1.63112179e-02,  1.51306815e-01, -2.57473825e-01,
         4.54815725e-01, -1.05886329e-01, -9.22002546e-02,
         1.17936962e-01, -2.95195899e-01,  1.46326279e-01],
       [ 4.34667261e-01, -4.84353483e-01, -1.49221681e-01,
         8.91036324e-02, -1.41749916e-01,  5.92580945e-02,
         3.28748573e-01,  3.46307870e-01, -4.64440294e-01,
        -1.90186047e-02, -2.60631042e-01,  3.19740019e-01,
        -1.05886329e-01,  1.76760559e-01,  7.72869363e-02,
         7.57671872e-03,  1.14223069e-01, -3.59524167e-03],
       [ 5.41638320e-01, -2.57761800e-01, -2.41275208e-01,
         1.92486110e-01, -1.07764403e-01,  9.15409831e-02,
         3.12982905e-01,  6.49358168e-01,  2.24476395e-01,
        -4.28653274e-02, -3.54444622e-01,  9.00839844e-02,
        -9.22002546e-02,  7.72869363e-02,  1.85499932e-01,
        -6.21506464e-02,  5.83838503e-02,  4.10782975e-02],
       [-1.62817673e-01, -6.39009348e-02,  1.33477095e-01,
        -5.12483311e-02,  4.95997317e-02, -2.07924520e-02,
        -3.60899986e-01, -2.17226734e-01, -3.26799606e-01,
         2.06689160e-02,  1.32707594e-01,  6.29925420e-02,
         1.17936962e-01,  7.57671872e-03, -6.21506464e-02,
         1.16794023e-01, -7.36546663e-02,  7.58953517e-03],
       [ 9.62339857e-01, -4.08743399e-01, -1.26204454e-02,
         2.26256669e-01, -3.26910794e-01,  1.37385745e-01,
         1.81585196e+00, -4.43371243e-02,  7.48605759e-02,
        -2.62746619e-01, -1.31178752e-01,  1.82450258e-01,
        -2.95195899e-01,  1.14223069e-01,  5.83838503e-02,
        -7.36546663e-02,  3.34095060e-01, -4.96202823e-02],
       [-5.73659614e-01,  8.16832401e-02, -7.42311243e-02,
        -9.91690690e-02,  4.95103508e-02, -1.27106018e-01,
         3.72568676e-01, -6.21639931e-03, -1.81287322e-01,
        -1.09561049e-01, -7.13553608e-02, -4.46601287e-02,
         1.46326279e-01, -3.59524167e-03,  4.10782975e-02,
         7.58953517e-03, -4.96202823e-02,  1.61526257e-01]])
      jac: array([-9.66634180e-07,  2.46469512e-06, -7.10542736e-08,  1.46512432e-06,
       -4.77839990e-06,  1.48029737e-07,  9.47390314e-08,  5.71394783e-07,
        1.31006317e-07, -1.48547841e-06,  1.00845258e-06, -3.77475828e-08,
       -5.74540415e-06,  6.16025749e-06,  3.30476387e-07,  5.33980267e-06,
       -6.19578463e-06, -8.51170986e-07])
  message: 'Optimization terminated successfully.'
     nfev: 1387
      nit: 64
     njev: 73
   status: 0
  success: True
        x: array([ 0.60547184, -0.96740708,  0.53780837,  1.04411397, -1.01832467,
        0.09545135,  0.46889762, -1.9379092 , -0.49216027,  0.01416223,
        0.54049059,  1.16366106,  0.03269155, -0.00374504, -0.36325984,
       -1.02290014, -0.81976269, -0.01740349])
