Program Begingeth
      fun: 0.3488867693049852
 hess_inv: array([[ 6.64937494e+00,  7.44110985e-01,  5.58588431e-02,
         3.04821590e+00,  5.14629878e-01, -9.29767944e-01,
         1.06473884e+01,  3.07579865e+00, -6.14590389e+00,
         7.10134273e-01,  6.24638397e-01, -9.74285148e-01,
        -5.77872743e-01, -4.78521777e-01, -2.47286983e-01,
         6.83884557e-02, -4.55302584e-01,  9.57247385e-02],
       [ 7.44110985e-01,  2.46213180e+00, -3.41059156e-02,
         3.68921487e-01,  1.15856310e+00, -2.22195161e-01,
         1.78274589e+00,  9.20448471e-01,  1.46601092e+00,
         1.17361773e+00,  2.84950603e-01, -2.45488785e-01,
        -3.82982073e-01, -1.84282659e-03, -1.37099550e-01,
        -8.88217668e-02,  3.29894048e-03,  1.63298052e-01],
       [ 5.58588431e-02, -3.41059156e-02,  1.15219503e+00,
         9.90384502e-02, -6.84116361e-02,  5.24888371e-01,
        -1.63955399e-01, -1.77944411e+00, -3.86193741e-01,
         2.19359420e-01, -8.23704234e-02,  2.09032991e-01,
         3.50134858e-02,  1.39436395e-01,  3.92256238e-02,
        -9.07044511e-03,  7.31230959e-02,  2.96571733e-02],
       [ 3.04821590e+00,  3.68921487e-01,  9.90384502e-02,
         1.41996561e+00,  2.50216326e-01, -3.94885425e-01,
         5.11924239e+00,  1.27448446e+00, -2.74029257e+00,
         3.26334133e-01,  3.26096393e-01, -4.16431712e-01,
        -2.60217571e-01, -2.14858655e-01, -1.24401996e-01,
         3.28226545e-02, -2.05867122e-01,  4.38937881e-02],
       [ 5.14629878e-01,  1.15856310e+00, -6.84116361e-02,
         2.50216326e-01,  6.54671498e-01, -1.95772935e-01,
         3.13972695e+00,  1.55836625e+00,  6.12695108e-01,
         5.18492384e-01,  2.38545785e-01, -2.63500018e-01,
        -3.39421093e-01, -6.64152317e-02, -5.75009170e-02,
        -6.67065042e-02, -1.01691755e-01,  1.29560221e-01],
       [-9.29767944e-01, -2.22195161e-01,  5.24888371e-01,
        -3.94885425e-01, -1.95772935e-01,  4.22915714e-01,
        -2.68346952e+00, -1.69146273e+00,  7.31488698e-01,
        -1.08806830e-01, -1.82910349e-01,  2.88674643e-01,
         2.08543402e-01,  1.59462958e-01,  5.95463124e-02,
         8.38269283e-03,  1.46297313e-01, -3.66080219e-02],
       [ 1.06473884e+01,  1.78274589e+00, -1.63955399e-01,
         5.11924239e+00,  3.13972695e+00, -2.68346952e+00,
         6.50783199e+01,  2.41301974e+01, -7.99681730e+00,
         8.09754645e-01,  3.07702272e+00, -4.07183547e+00,
        -4.29043873e+00, -2.06226275e+00, -1.53263336e-01,
        -4.67766791e-01, -2.97121948e+00,  1.39847800e+00],
       [ 3.07579865e+00,  9.20448471e-01, -1.77944411e+00,
         1.27448446e+00,  1.55836625e+00, -1.69146273e+00,
         2.41301974e+01,  1.66387961e+01, -7.55568819e-01,
         4.49445268e-02,  1.08254861e+00, -2.84594365e+00,
        -1.69315547e+00, -1.00992265e+00,  1.40570991e-01,
        -3.91334670e-02, -1.12638311e+00,  5.53868835e-01],
       [-6.14590389e+00,  1.46601092e+00, -3.86193741e-01,
        -2.74029257e+00,  6.12695108e-01,  7.31488698e-01,
        -7.99681730e+00, -7.55568819e-01,  1.24006045e+01,
        -3.30430065e-01,  9.33395266e-01,  2.41509055e-01,
         3.53772250e-01,  1.52406180e-01, -4.35247316e-02,
        -1.44558877e-01,  4.24954045e-01, -4.71739045e-02],
       [ 7.10134273e-01,  1.17361773e+00,  2.19359420e-01,
         3.26334133e-01,  5.18492384e-01, -1.08806830e-01,
         8.09754645e-01,  4.49445268e-02, -3.30430065e-01,
         1.73306529e+00, -2.10645925e-01, -4.63652986e-02,
        -4.37439361e-01,  9.89093172e-02,  4.81236231e-02,
        -4.53269306e-02,  4.51602808e-02,  3.01307453e-01],
       [ 6.24638397e-01,  2.84950603e-01, -8.23704234e-02,
         3.26096393e-01,  2.38545785e-01, -1.82910349e-01,
         3.07702272e+00,  1.08254861e+00,  9.33395266e-01,
        -2.10645925e-01,  9.80589886e-01, -2.56806471e-01,
        -1.33345304e-01, -2.62357445e-01, -2.02958646e-01,
        -4.90400328e-02, -1.25300821e-01, -7.04093849e-02],
       [-9.74285148e-01, -2.45488785e-01,  2.09032991e-01,
        -4.16431712e-01, -2.63500018e-01,  2.88674643e-01,
        -4.07183547e+00, -2.84594365e+00,  2.41509055e-01,
        -4.63652986e-02, -2.56806471e-01,  8.63595185e-01,
         2.44120436e-01,  2.48576335e-01, -5.50866073e-02,
        -5.05022817e-02,  2.23840130e-01, -6.96608596e-02],
       [-5.77872743e-01, -3.82982073e-01,  3.50134858e-02,
        -2.60217571e-01, -3.39421093e-01,  2.08543402e-01,
        -4.29043873e+00, -1.69315547e+00,  3.53772250e-01,
        -4.37439361e-01, -1.33345304e-01,  2.44120436e-01,
         4.26119603e-01,  1.04857297e-01, -8.56289360e-03,
         8.06532709e-02,  1.92661371e-01, -1.73040816e-01],
       [-4.78521777e-01, -1.84282659e-03,  1.39436395e-01,
        -2.14858655e-01, -6.64152317e-02,  1.59462958e-01,
        -2.06226275e+00, -1.00992265e+00,  1.52406180e-01,
         9.89093172e-02, -2.62357445e-01,  2.48576335e-01,
         1.04857297e-01,  1.55719829e-01,  3.46102916e-02,
         1.43962385e-04,  1.30899283e-01, -2.44607274e-04],
       [-2.47286983e-01, -1.37099550e-01,  3.92256238e-02,
        -1.24401996e-01, -5.75009170e-02,  5.95463124e-02,
        -1.53263336e-01,  1.40570991e-01, -4.35247316e-02,
         4.81236231e-02, -2.02958646e-01, -5.50866073e-02,
        -8.56289360e-03,  3.46102916e-02,  9.94249103e-02,
         1.75400429e-02, -2.06299600e-03,  5.76607224e-02],
       [ 6.83884557e-02, -8.88217668e-02, -9.07044511e-03,
         3.28226545e-02, -6.67065042e-02,  8.38269283e-03,
        -4.67766791e-01, -3.91334670e-02, -1.44558877e-01,
        -4.53269306e-02, -4.90400328e-02, -5.05022817e-02,
         8.06532709e-02,  1.43962385e-04,  1.75400429e-02,
         5.40601677e-02,  2.15660158e-02, -2.26042620e-02],
       [-4.55302584e-01,  3.29894048e-03,  7.31230959e-02,
        -2.05867122e-01, -1.01691755e-01,  1.46297313e-01,
        -2.97121948e+00, -1.12638311e+00,  4.24954045e-01,
         4.51602808e-02, -1.25300821e-01,  2.23840130e-01,
         1.92661371e-01,  1.30899283e-01, -2.06299600e-03,
         2.15660158e-02,  1.83069318e-01, -5.43396809e-02],
       [ 9.57247385e-02,  1.63298052e-01,  2.96571733e-02,
         4.38937881e-02,  1.29560221e-01, -3.66080219e-02,
         1.39847800e+00,  5.53868835e-01, -4.71739045e-02,
         3.01307453e-01, -7.04093849e-02, -6.96608596e-02,
        -1.73040816e-01, -2.44607274e-04,  5.76607224e-02,
        -2.26042620e-02, -5.43396809e-02,  1.24768001e-01]])
      jac: array([ 1.82113584e-06,  1.62832710e-07, -4.24253225e-06, -3.39543208e-06,
       -8.49320614e-07,  8.91990186e-06,  4.69994414e-08, -1.55061149e-07,
       -6.02110954e-07,  9.42579348e-07,  2.01024382e-06, -1.53395815e-06,
        1.02880667e-06,  2.25375274e-07, -1.06137321e-06, -2.74114065e-06,
       -8.51170986e-08,  2.11460479e-06])
  message: 'Optimization terminated successfully.'
     nfev: 1653
      nit: 78
     njev: 87
   status: 0
  success: True
        x: array([-1.68937345, -1.0069533 ,  0.59847439, -1.58527053, -1.06149744,
        0.29190676, -0.25306936, -1.43441967,  0.71235519,  0.13828419,
        0.40284804,  1.13550568,  0.1364217 ,  0.12523023, -0.23659213,
        1.51531353, -0.42666854,  0.02920712])
