Program Begingeth
      fun: 0.24880787412071473
 hess_inv: array([[ 4.83073736e+00, -1.07039727e+00,  8.51719129e-01,
         1.92989202e+00, -5.67275887e-01,  4.85776235e-01,
         3.26935956e+00, -7.18553491e-01, -5.28656096e+00,
         3.74090433e-01, -7.44250654e-01,  5.03039165e-01,
        -4.85860517e-01,  3.09389797e-01,  1.13372634e-01,
        -1.22650158e-01,  2.99087969e-01, -3.62806960e-01],
       [-1.07039727e+00,  2.50179690e+00,  1.53394222e-01,
        -1.41853179e-01,  1.06750880e+00, -5.13623834e-01,
         6.55797138e-01,  6.69291261e-01, -1.43028657e+00,
        -4.63331058e-01,  5.40050740e-01, -8.94984783e-01,
         4.66518358e-01, -2.63745500e-01, -2.04222027e-01,
         1.44608497e-01, -1.60201909e-01,  1.02169380e-01],
       [ 8.51719129e-01,  1.53394222e-01,  1.14172793e+00,
         3.97444960e-01,  1.89023923e-01,  3.97014869e-01,
         1.75933933e+00,  7.58695986e-01, -1.13584771e+00,
         6.61860177e-02,  2.87454811e-01, -4.10895921e-02,
        -3.42372828e-02,  1.13078301e-01, -6.02440253e-02,
         8.56915187e-02,  1.43388077e-01, -9.02120104e-02],
       [ 1.92989202e+00, -1.41853179e-01,  3.97444960e-01,
         8.78916616e-01, -1.09574055e-01,  1.52300759e-01,
         1.90381330e+00, -4.40924193e-01, -2.46118248e+00,
         1.49530096e-01, -2.69848462e-01,  1.05024330e-01,
        -9.75898464e-02,  8.11628765e-02,  4.01749318e-02,
        -5.60026778e-03,  5.68489545e-02, -1.23236854e-01],
       [-5.67275887e-01,  1.06750880e+00,  1.89023923e-01,
        -1.09574055e-01,  5.20813948e-01, -1.69117683e-01,
         3.51679615e-01,  6.81700363e-01, -3.95139996e-01,
        -2.12364219e-01,  3.09208824e-01, -3.25932196e-01,
         2.23458981e-01, -8.21688920e-02, -1.12347640e-01,
         1.02563829e-01, -5.27334326e-02,  4.84087437e-02],
       [ 4.85776235e-01, -5.13623834e-01,  3.97014869e-01,
         1.52300759e-01, -1.69117683e-01,  3.11734929e-01,
         4.78615038e-01,  8.02279353e-02,  2.35280054e-01,
         1.39611285e-01, -8.93721901e-02,  2.03797196e-01,
        -1.15683880e-01,  1.29543668e-01,  5.57980572e-02,
        -1.38896247e-03,  9.52905076e-02, -3.68062438e-02],
       [ 3.26935956e+00,  6.55797138e-01,  1.75933933e+00,
         1.90381330e+00,  3.51679615e-01,  4.78615038e-01,
         7.06060092e+00, -5.18697668e-01, -5.27769231e+00,
         4.51142113e-01, -1.96636923e-03,  1.89777828e-02,
         9.94924979e-02,  1.24344240e-01, -6.07404075e-02,
         2.10647623e-01,  1.36510697e-02, -2.15142052e-01],
       [-7.18553491e-01,  6.69291261e-01,  7.58695986e-01,
        -4.40924193e-01,  6.81700363e-01,  8.02279353e-02,
        -5.18697668e-01,  3.86206595e+00,  4.98422971e-01,
        -4.71297553e-01,  7.53780624e-01, -4.97753204e-02,
         1.09256096e-01,  7.43325974e-02, -2.75726604e-01,
         1.60608729e-01,  1.55085657e-01, -2.38147549e-02],
       [-5.28656096e+00, -1.43028657e+00, -1.13584771e+00,
        -2.46118248e+00, -3.95139996e-01,  2.35280054e-01,
        -5.27769231e+00,  4.98422971e-01,  1.09724137e+01,
        -2.86526277e-01,  1.44303299e-01,  4.17699797e-01,
         2.08415409e-01,  6.14361036e-02,  1.99773129e-01,
         5.14933454e-02, -1.10689885e-01,  4.59288660e-01],
       [ 3.74090433e-01, -4.63331058e-01,  6.61860177e-02,
         1.49530096e-01, -2.12364219e-01,  1.39611285e-01,
         4.51142113e-01, -4.71297553e-01, -2.86526277e-01,
         7.10619226e-01, -6.33213875e-02,  1.26122100e-01,
        -2.14721786e-01,  7.30226671e-03, -3.32067123e-02,
        -3.37302458e-02, -2.99409132e-02, -1.89495806e-01],
       [-7.44250654e-01,  5.40050740e-01,  2.87454811e-01,
        -2.69848462e-01,  3.09208824e-01, -8.93721901e-02,
        -1.96636923e-03,  7.53780624e-01,  1.44303299e-01,
        -6.33213875e-02,  7.44717096e-01, -2.85559542e-01,
         1.14825788e-01, -1.48589336e-01, -1.97380432e-01,
         8.57154329e-02, -2.45779345e-02, -6.16301218e-02],
       [ 5.03039165e-01, -8.94984783e-01, -4.10895921e-02,
         1.05024330e-01, -3.25932196e-01,  2.03797196e-01,
         1.89777828e-02, -4.97753204e-02,  4.17699797e-01,
         1.26122100e-01, -2.85559542e-01,  6.18463983e-01,
        -1.25532383e-01,  1.88355118e-01,  4.93257284e-02,
         1.34216786e-02,  1.05733022e-01, -6.90871694e-03],
       [-4.85860517e-01,  4.66518358e-01, -3.42372828e-02,
        -9.75898464e-02,  2.23458981e-01, -1.15683880e-01,
         9.94924979e-02,  1.09256096e-01,  2.08415409e-01,
        -2.14721786e-01,  1.14825788e-01, -1.25532383e-01,
         2.13026734e-01, -5.97330686e-02, -1.46429449e-02,
         9.60123769e-02, -7.59172706e-02,  1.00709553e-01],
       [ 3.09389797e-01, -2.63745500e-01,  1.13078301e-01,
         8.11628765e-02, -8.21688920e-02,  1.29543668e-01,
         1.24344240e-01,  7.43325974e-02,  6.14361036e-02,
         7.30226671e-03, -1.48589336e-01,  1.88355118e-01,
        -5.97330686e-02,  1.19611998e-01,  3.70109630e-02,
        -2.34512347e-03,  8.96855027e-02,  2.28907169e-03],
       [ 1.13372634e-01, -2.04222027e-01, -6.02440253e-02,
         4.01749318e-02, -1.12347640e-01,  5.57980572e-02,
        -6.07404075e-02, -2.75726604e-01,  1.99773129e-01,
        -3.32067123e-02, -1.97380432e-01,  4.93257284e-02,
        -1.46429449e-02,  3.70109630e-02,  1.00189366e-01,
        -2.70461177e-02,  8.51244170e-04,  6.11847223e-02],
       [-1.22650158e-01,  1.44608497e-01,  8.56915187e-02,
        -5.60026778e-03,  1.02563829e-01, -1.38896247e-03,
         2.10647623e-01,  1.60608729e-01,  5.14933454e-02,
        -3.37302458e-02,  8.57154329e-02,  1.34216786e-02,
         9.60123769e-02, -2.34512347e-03, -2.70461177e-02,
         8.42021862e-02, -1.87215917e-02,  2.30819462e-02],
       [ 2.99087969e-01, -1.60201909e-01,  1.43388077e-01,
         5.68489545e-02, -5.27334326e-02,  9.52905076e-02,
         1.36510697e-02,  1.55085657e-01, -1.10689885e-01,
        -2.99409132e-02, -2.45779345e-02,  1.05733022e-01,
        -7.59172706e-02,  8.96855027e-02,  8.51244170e-04,
        -1.87215917e-02,  1.14200576e-01, -2.55010715e-02],
       [-3.62806960e-01,  1.02169380e-01, -9.02120104e-02,
        -1.23236854e-01,  4.84087437e-02, -3.68062438e-02,
        -2.15142052e-01, -2.38147549e-02,  4.59288660e-01,
        -1.89495806e-01, -6.16301218e-02, -6.90871694e-03,
         1.00709553e-01,  2.28907169e-03,  6.11847223e-02,
         2.30819462e-02, -2.55010715e-02,  1.26427108e-01]])
      jac: array([ 3.69630252e-06,  1.17097073e-05, -3.82582854e-06, -1.13668334e-05,
       -2.78699286e-05,  5.92692562e-06,  1.23049719e-06,  1.81428946e-06,
       -9.50165872e-07,  6.00815693e-07,  5.98613751e-06, -4.14483263e-07,
        8.58368931e-06,  2.72174875e-05, -4.57874479e-06, -2.33387384e-06,
       -1.79082675e-05,  1.20644235e-07])
  message: 'Desired error not necessarily achieved due to precision loss.'
     nfev: 2308
      nit: 85
     njev: 121
   status: 2
  success: False
        x: array([ 0.9590641 , -1.05712968,  0.76274846,  1.24394764, -1.05043792,
        0.34150209,  2.18240323, -0.83951317,  0.81047787,  0.09413682,
        0.61749041,  1.20109314,  0.02825164,  0.21292176, -0.3115497 ,
       -1.0217784 , -0.24374191, -0.01970384])
