Program Begingeth
      fun: 0.4084815580769284
 hess_inv: array([[ 9.69861381e+00, -4.59509906e-08, -5.26146386e-01,
         2.49551316e+00, -1.68472091e+00, -4.38103161e-02,
        -3.48781167e+00,  6.82837040e+00,  2.19261385e-01,
        -1.82755992e+00, -1.68752348e-01, -1.35199953e+00,
        -1.53211702e+00, -5.17277369e-01,  4.76163865e-01,
        -8.37371600e-01,  2.20590301e+00,  1.47290047e-02],
       [-4.59510694e-08,  1.80798389e+00, -1.44895793e-01,
         1.60110905e-01,  5.64276609e-01, -5.39843558e-02,
        -9.46455437e-01,  2.86833726e+00,  9.94150740e-01,
        -4.62444573e-01,  3.71969444e-02, -5.01985232e-01,
         1.79720617e-01, -1.95421653e-02,  2.45708436e-01,
        -2.01535515e-01,  5.19528978e-01,  2.69343141e-01],
       [-5.26146386e-01, -1.44895793e-01,  2.15778059e+00,
        -1.44667549e-01,  8.53324590e-02,  7.17742902e-01,
         3.24770104e+00, -2.88096140e+00,  8.97200926e-01,
         6.73936147e-01,  3.15430904e-01,  1.26836457e-01,
         1.69834021e-02, -1.05773634e-01, -3.35130671e-02,
         4.30472907e-01, -5.20365306e-01,  3.39497767e-01],
       [ 2.49551316e+00,  1.60110905e-01, -1.44667549e-01,
         6.91014928e-01, -3.72439525e-01, -1.88727407e-02,
        -9.02489171e-01,  1.94139538e+00,  1.57776175e-01,
        -5.18776103e-01, -5.37961107e-02, -4.33243140e-01,
        -3.28357151e-01, -1.41856755e-01,  1.59213801e-01,
        -2.01953132e-01,  5.76325324e-01,  4.33281558e-02],
       [-1.68472091e+00,  5.64276609e-01,  8.53324590e-02,
        -3.72439525e-01,  5.14918393e-01,  1.09056984e-02,
         5.98190239e-01, -5.80137716e-01,  1.32702601e-01,
         2.63329490e-01,  6.31506125e-03,  1.25298105e-01,
         3.44590820e-01,  1.23159805e-01, -1.31784912e-02,
         1.54135025e-01, -2.65820408e-01,  6.84504924e-02],
       [-4.38103161e-02, -5.39843558e-02,  7.17742902e-01,
        -1.88727407e-02,  1.09056984e-02,  2.93285009e-01,
         1.01702764e+00, -8.59264941e-01,  1.82268826e-01,
         3.45242653e-01, -1.76315204e-02,  4.39851232e-02,
        -5.71119652e-02, -3.00473772e-03,  3.74377554e-02,
         1.21381631e-01, -1.35795366e-01,  9.74554331e-02],
       [-3.48781167e+00, -9.46455437e-01,  3.24770104e+00,
        -9.02489171e-01,  5.98190239e-01,  1.01702764e+00,
         1.22422075e+01, -9.02319222e+00,  5.43776335e-01,
         1.97387142e+00, -1.54018181e-01,  9.94723205e-01,
         6.81701488e-01,  2.77628835e-01, -1.81253213e-01,
         1.93560847e+00, -1.87312798e+00,  5.80931405e-01],
       [ 6.82837040e+00,  2.86833726e+00, -2.88096140e+00,
         1.94139538e+00, -5.80137716e-01, -8.59264941e-01,
        -9.02319222e+00,  2.10869672e+01,  2.22739065e+00,
        -4.01380733e+00, -3.38775937e-01, -1.67914606e+00,
        -5.74024485e-01, -2.35668444e-01,  1.06315005e+00,
        -1.60289163e+00,  4.01132798e+00,  6.67747252e-01],
       [ 2.19261385e-01,  9.94150740e-01,  8.97200926e-01,
         1.57776175e-01,  1.32702601e-01,  1.82268826e-01,
         5.43776335e-01,  2.22739065e+00,  4.93526460e+00,
        -8.18107213e-01,  2.02567594e-01, -1.82528255e-01,
         1.41487283e-01, -2.36862372e-01,  2.00052682e-01,
        -7.77568919e-02,  3.37441013e-01,  9.51546349e-01],
       [-1.82755992e+00, -4.62444573e-01,  6.73936147e-01,
        -5.18776103e-01,  2.63329490e-01,  3.45242653e-01,
         1.97387142e+00, -4.01380733e+00, -8.18107213e-01,
         1.70219142e+00, -4.84614361e-02,  4.48609799e-01,
        -1.78754306e-02,  1.41808875e-01, -1.75280098e-01,
         3.36133896e-01, -8.27251247e-01, -2.60601384e-01],
       [-1.68752348e-01,  3.71969444e-02,  3.15430904e-01,
        -5.37961107e-02,  6.31506125e-03, -1.76315204e-02,
        -1.54018181e-01, -3.38775937e-01,  2.02567594e-01,
        -4.84614361e-02,  8.14437890e-01, -7.24691929e-02,
         1.97968634e-02, -2.35500571e-01, -1.88308851e-01,
        -2.21932538e-02, -9.93789447e-02, -6.74555599e-02],
       [-1.35199953e+00, -5.01985232e-01,  1.26836457e-01,
        -4.33243140e-01,  1.25298105e-01,  4.39851232e-02,
         9.94723205e-01, -1.67914606e+00, -1.82528255e-01,
         4.48609799e-01, -7.24691929e-02,  7.45742931e-01,
         1.43395710e-01,  1.82219216e-01, -2.00288346e-01,
         2.45560942e-01, -3.84264766e-01, -5.42678606e-02],
       [-1.53211702e+00,  1.79720617e-01,  1.69834021e-02,
        -3.28357151e-01,  3.44590820e-01, -5.71119652e-02,
         6.81701488e-01, -5.74024485e-01,  1.41487283e-01,
        -1.78754306e-02,  1.97968634e-02,  1.43395710e-01,
         4.18048656e-01,  8.32194377e-02, -3.39496035e-02,
         2.08272077e-01, -3.05434819e-01,  9.85193921e-02],
       [-5.17277369e-01, -1.95421653e-02, -1.05773634e-01,
        -1.41856755e-01,  1.23159805e-01, -3.00473772e-03,
         2.77628835e-01, -2.35668444e-01, -2.36862372e-01,
         1.41808875e-01, -2.35500571e-01,  1.82219216e-01,
         8.32194377e-02,  1.51285936e-01,  8.53589481e-03,
         7.94805311e-02, -6.55122156e-02, -8.39442409e-03],
       [ 4.76163865e-01,  2.45708436e-01, -3.35130671e-02,
         1.59213801e-01, -1.31784912e-02,  3.74377554e-02,
        -1.81253213e-01,  1.06315005e+00,  2.00052682e-01,
        -1.75280098e-01, -1.88308851e-01, -2.00288346e-01,
        -3.39496035e-02,  8.53589481e-03,  1.65249226e-01,
        -6.31285930e-02,  2.13310379e-01,  1.15319710e-01],
       [-8.37371600e-01, -2.01535515e-01,  4.30472907e-01,
        -2.01953132e-01,  1.54135025e-01,  1.21381631e-01,
         1.93560847e+00, -1.60289163e+00, -7.77568919e-02,
         3.36133896e-01, -2.21932538e-02,  2.45560942e-01,
         2.08272077e-01,  7.94805311e-02, -6.31285930e-02,
         3.74594584e-01, -3.73666290e-01,  6.23132175e-02],
       [ 2.20590301e+00,  5.19528978e-01, -5.20365306e-01,
         5.76325324e-01, -2.65820408e-01, -1.35795366e-01,
        -1.87312798e+00,  4.01132798e+00,  3.37441013e-01,
        -8.27251247e-01, -9.93789447e-02, -3.84264766e-01,
        -3.05434819e-01, -6.55122156e-02,  2.13310379e-01,
        -3.73666290e-01,  9.27071631e-01,  9.24263609e-02],
       [ 1.47290047e-02,  2.69343141e-01,  3.39497767e-01,
         4.33281558e-02,  6.84504924e-02,  9.74554331e-02,
         5.80931405e-01,  6.67747252e-01,  9.51546349e-01,
        -2.60601384e-01, -6.74555599e-02, -5.42678606e-02,
         9.85193921e-02, -8.39442409e-03,  1.15319710e-01,
         6.23132175e-02,  9.24263609e-02,  2.96522466e-01]])
      jac: array([ 4.04972352e-06, -1.37334588e-05,  1.22875784e-05, -4.52193838e-06,
        1.44525133e-05, -1.29500114e-05, -4.93087053e-06, -4.08599081e-06,
       -5.47821048e-06,  1.81525165e-05, -1.79186295e-05,  9.56087062e-06,
        2.94275715e-05, -7.84672327e-05,  3.17105601e-05,  2.18950783e-05,
        4.57149133e-05,  1.57444428e-05])
  message: 'Desired error not necessarily achieved due to precision loss.'
     nfev: 2728
      nit: 96
     njev: 143
   status: 2
  success: False
        x: array([ 0.70493855, -1.30170997,  0.00906496,  1.18768673, -1.02675859,
        0.00684525, -1.83361093, -1.38506806, -0.97111055,  0.10280992,
        0.31248743,  1.17836289,  0.03305569, -0.08662772, -0.29425633,
       -1.26125664, -1.1824747 , -0.14483432])
