Program Begingeth
      fun: 0.30240283703856874
 hess_inv: array([[ 1.79106222e+00, -1.09639294e-01,  1.98545663e-01,
         3.72858737e-01, -2.32152307e-01,  4.08563075e-01,
         9.62377959e-01, -3.37603385e-01,  9.66909502e-01,
         1.12074601e+00, -7.93651444e-01,  2.44848669e-03,
        -7.10551186e-01,  2.48380421e-03,  6.25729419e-02,
        -4.10095268e-02, -1.65374934e-02, -2.72291484e-01],
       [-1.09639294e-01,  6.79345427e-01, -1.16799401e-01,
        -3.09935522e-01,  3.44228118e-02, -2.19875486e-01,
        -1.44482315e+00,  1.66535997e-01, -2.87086279e-01,
        -8.27522040e-01, -1.46776788e-01, -6.28294767e-02,
         4.44096968e-02, -2.19976032e-01, -2.12385146e-01,
         3.47402969e-02,  6.53606140e-03, -1.07056184e-01],
       [ 1.98545663e-01, -1.16799401e-01,  3.79747031e-01,
         1.23889570e-01,  1.84324137e-02,  1.25095311e-01,
         9.43674933e-02, -3.69119642e-01,  3.16232733e-01,
         5.34288376e-01,  1.09705312e-02,  1.14452731e-02,
        -5.44963065e-02,  1.11371827e-01, -4.30823999e-02,
         4.10073540e-02,  3.21607557e-02,  2.01211280e-02],
       [ 3.72858737e-01, -3.09935522e-01,  1.23889570e-01,
         4.98595369e-01,  8.23249236e-02,  2.32407950e-01,
         1.47534471e+00,  3.08164623e-01,  1.41677436e+00,
         1.41640067e+00,  3.13589660e-01, -2.07348190e-01,
        -6.71032380e-02,  1.11680944e-01,  1.48402009e-01,
         1.28632542e-02, -1.34259202e-02,  2.65168620e-02],
       [-2.32152307e-01,  3.44228118e-02,  1.84324137e-02,
         8.23249236e-02,  3.14902750e-01, -3.70066517e-02,
        -4.19577917e-02,  7.85589158e-01,  9.38607846e-01,
         2.71043155e-01,  8.53447760e-01, -2.28369118e-01,
         1.55015304e-01,  6.80676117e-02, -2.61685100e-02,
         4.95098475e-02,  1.78086003e-02,  4.55607379e-02],
       [ 4.08563075e-01, -2.19875486e-01,  1.25095311e-01,
         2.32407950e-01, -3.70066517e-02,  3.37644627e-01,
         1.02405777e+00, -3.80891113e-01,  1.08236100e+00,
         7.81839369e-01,  3.04089565e-02,  3.33177959e-01,
        -2.06626450e-01,  9.83389835e-02,  1.29914189e-01,
        -3.68408840e-02,  3.49897204e-02, -6.07655075e-03],
       [ 9.62377959e-01, -1.44482315e+00,  9.43674933e-02,
         1.47534471e+00, -4.19577917e-02,  1.02405777e+00,
         9.49575696e+00, -8.91168081e-01,  4.98895583e+00,
         3.72996444e+00,  1.43491117e+00,  1.50767919e-02,
        -5.79662772e-01,  3.77966490e-01,  6.72930538e-01,
        -2.34277244e-01,  1.17218866e-01,  5.10042938e-02],
       [-3.37603385e-01,  1.66535997e-01, -3.69119642e-01,
         3.08164623e-01,  7.85589158e-01, -3.80891113e-01,
        -8.91168081e-01,  4.38542660e+00,  1.73405253e+00,
         5.90378166e-01,  1.54366894e+00, -1.37116382e+00,
         4.72396789e-01,  1.22544110e-02,  1.79936396e-02,
         1.33793599e-01, -8.91105797e-02,  8.72695663e-02],
       [ 9.66909502e-01, -2.87086279e-01,  3.16232733e-01,
         1.41677436e+00,  9.38607846e-01,  1.08236100e+00,
         4.98895583e+00,  1.73405253e+00,  9.86118497e+00,
         4.48749449e+00,  3.27720111e+00, -3.70436121e-01,
        -3.31886701e-01,  3.21335143e-01,  3.72754756e-01,
        -8.51527741e-03,  1.52014865e-01,  3.08516151e-02],
       [ 1.12074601e+00, -8.27522040e-01,  5.34288376e-01,
         1.41640067e+00,  2.71043155e-01,  7.81839369e-01,
         3.72996444e+00,  5.90378166e-01,  4.48749449e+00,
         4.34720170e+00,  9.36583210e-01, -3.81247283e-01,
        -2.52102777e-01,  3.70662133e-01,  3.88989405e-01,
         3.74710752e-02,  2.94196983e-03,  7.53799330e-02],
       [-7.93651444e-01, -1.46776788e-01,  1.09705312e-02,
         3.13589660e-01,  8.53447760e-01,  3.04089565e-02,
         1.43491117e+00,  1.54366894e+00,  3.27720111e+00,
         9.36583210e-01,  2.85069413e+00, -4.75297864e-01,
         3.75339207e-01,  2.27893334e-01,  1.71396446e-02,
         6.29004649e-02,  8.06487196e-02,  1.55043461e-01],
       [ 2.44848669e-03, -6.28294767e-02,  1.14452731e-02,
        -2.07348190e-01, -2.28369118e-01,  3.33177959e-01,
         1.50767919e-02, -1.37116382e+00, -3.70436121e-01,
        -3.81247283e-01, -4.75297864e-01,  1.20083573e+00,
        -1.76983763e-01,  5.06300689e-02,  8.34129433e-02,
        -7.41210994e-02,  7.66069901e-02,  1.86878834e-03],
       [-7.10551186e-01,  4.44096968e-02, -5.44963065e-02,
        -6.71032380e-02,  1.55015304e-01, -2.06626450e-01,
        -5.79662772e-01,  4.72396789e-01, -3.31886701e-01,
        -2.52102777e-01,  3.75339207e-01, -1.76983763e-01,
         3.70383449e-01,  6.19089623e-03, -3.05784520e-02,
         6.94437057e-02, -2.04627200e-02,  1.26411052e-01],
       [ 2.48380421e-03, -2.19976032e-01,  1.11371827e-01,
         1.11680944e-01,  6.80676117e-02,  9.83389835e-02,
         3.77966490e-01,  1.22544110e-02,  3.21335143e-01,
         3.70662133e-01,  2.27893334e-01,  5.06300689e-02,
         6.19089623e-03,  1.29055240e-01,  5.23214098e-02,
         6.47146977e-03,  3.01141829e-02,  4.88035427e-02],
       [ 6.25729419e-02, -2.12385146e-01, -4.30823999e-02,
         1.48402009e-01, -2.61685100e-02,  1.29914189e-01,
         6.72930538e-01,  1.79936396e-02,  3.72754756e-01,
         3.88989405e-01,  1.71396446e-02,  8.34129433e-02,
        -3.05784520e-02,  5.23214098e-02,  1.39473456e-01,
        -2.85914294e-02, -6.73124902e-03,  5.01359388e-02],
       [-4.10095268e-02,  3.47402969e-02,  4.10073540e-02,
         1.28632542e-02,  4.95098475e-02, -3.68408840e-02,
        -2.34277244e-01,  1.33793599e-01, -8.51527741e-03,
         3.74710752e-02,  6.29004649e-02, -7.41210994e-02,
         6.94437057e-02,  6.47146977e-03, -2.85914294e-02,
         4.88166930e-02, -7.17244942e-03,  1.13122676e-02],
       [-1.65374934e-02,  6.53606140e-03,  3.21607557e-02,
        -1.34259202e-02,  1.78086003e-02,  3.49897204e-02,
         1.17218866e-01, -8.91105797e-02,  1.52014865e-01,
         2.94196983e-03,  8.06487196e-02,  7.66069901e-02,
        -2.04627200e-02,  3.01141829e-02, -6.73124902e-03,
        -7.17244942e-03,  3.92691130e-02, -3.25720672e-04],
       [-2.72291484e-01, -1.07056184e-01,  2.01211280e-02,
         2.65168620e-02,  4.55607379e-02, -6.07655075e-03,
         5.10042938e-02,  8.72695663e-02,  3.08516151e-02,
         7.53799330e-02,  1.55043461e-01,  1.86878834e-03,
         1.26411052e-01,  4.88035427e-02,  5.01359388e-02,
         1.13122676e-02, -3.25720672e-04,  9.51763858e-02]])
      jac: array([ 1.01622414e-06, -1.09912079e-07, -2.43138842e-06, -3.12342744e-07,
        3.51570625e-07,  9.17932397e-06, -1.99470070e-07, -3.20114305e-07,
       -4.63703150e-07, -2.97539771e-07,  7.03141249e-08, -1.76747506e-06,
        4.01937742e-06, -3.37507799e-07, -5.74429393e-06, -2.71042448e-06,
       -4.44089210e-07,  2.57719771e-06])
  message: 'Optimization terminated successfully.'
     nfev: 1444
      nit: 67
     njev: 76
   status: 0
  success: True
        x: array([ 0.10254846,  0.15394506,  0.76391206,  1.60662222, -0.77827413,
        0.32857245,  1.09968822, -1.79179957,  0.77687917,  1.94625756,
       -0.69080831,  0.89511657,  0.02993543,  0.11774334, -0.20385598,
       -1.44978576, -0.43286509,  0.05204392])
