Program Begingeth
      fun: 0.2890453100505006
 hess_inv: array([[ 4.06507934e+00, -4.72542025e-02,  4.27366682e-01,
         4.90321086e-01, -3.89227498e-01,  8.69103802e-01,
        -1.36655271e+00, -5.79903295e-01,  1.53069483e+00,
        -1.16004484e+00, -5.23232957e-02,  1.96468698e-03,
        -7.13050456e-01, -1.02544888e-01,  1.50508899e-01,
         2.11373899e-01,  2.96432655e-01, -5.95627566e-01],
       [-4.72542025e-02,  2.14380394e+00,  4.74069933e-02,
         1.99727204e-01,  6.55227797e-01,  9.01488468e-04,
        -2.54062386e+00,  1.36545174e+00,  1.76263941e+00,
         2.19429959e-01, -6.48384712e-01, -1.02939696e+00,
         2.10751990e-01, -1.49772385e-01,  4.09101195e-02,
        -1.85266008e-01,  6.14113058e-02, -6.96290908e-02],
       [ 4.27366682e-01,  4.74069933e-02,  8.03567822e-01,
        -7.70569279e-02,  1.51250716e-01,  2.40821836e-01,
        -2.08292976e+00, -4.03661916e-01, -2.66677770e-01,
         4.87780300e-02,  3.33587604e-01, -3.09192010e-01,
        -4.22147124e-02,  5.59451262e-02, -6.10019323e-02,
         1.13528477e-01, -3.72894871e-02, -6.94762218e-02],
       [ 4.90321086e-01,  1.99727204e-01, -7.70569279e-02,
         1.61815314e-01, -1.17237136e-02,  7.56251130e-02,
         1.02755034e-01,  2.51657183e-01,  5.29140885e-01,
        -1.70107822e-01, -1.54449092e-01, -1.10740261e-01,
        -1.27200566e-02, -5.58238874e-02,  6.79855439e-02,
         5.23602751e-03,  2.91990827e-02, -3.87942293e-02],
       [-3.89227498e-01,  6.55227797e-01,  1.51250716e-01,
        -1.17237136e-02,  4.10474528e-01, -1.17043215e-02,
        -2.33564322e+00,  3.10387931e-01,  3.41272719e-01,
         3.85154857e-01, -4.53150945e-02, -3.05293932e-01,
         2.13466119e-01,  6.82643099e-03, -3.33773098e-02,
        -1.58048413e-02, -1.60172682e-01, -5.61039784e-03],
       [ 8.69103802e-01,  9.01488468e-04,  2.40821836e-01,
         7.56251130e-02, -1.17043215e-02,  3.14181284e-01,
        -1.21922471e+00, -9.65197212e-02,  5.59566576e-01,
        -4.26355680e-02, -4.54191388e-02, -2.72102752e-02,
        -1.81173536e-01,  7.52424692e-03,  8.56814384e-02,
         1.87316060e-02,  4.52445246e-03, -1.27908827e-01],
       [-1.36655271e+00, -2.54062386e+00, -2.08292976e+00,
         1.02755034e-01, -2.33564322e+00, -1.21922471e+00,
         2.81013775e+01,  2.33652235e+00, -3.83462617e+00,
        -2.35368133e+00, -1.01870524e+00,  1.64013607e+00,
        -7.94167147e-01,  2.63396935e-01,  2.61170077e-01,
        -1.00757413e-01,  2.03462837e+00,  9.86978058e-01],
       [-5.79903295e-01,  1.36545174e+00, -4.03661916e-01,
         2.51657183e-01,  3.10387931e-01, -9.65197212e-02,
         2.33652235e+00,  3.81899291e+00,  1.38830181e+00,
         4.69215735e-02, -6.25789993e-01, -7.22233843e-01,
         9.52219899e-02, -1.17203859e-01,  3.09326826e-01,
        -3.15617175e-01,  3.62852184e-01,  2.37981084e-01],
       [ 1.53069483e+00,  1.76263941e+00, -2.66677770e-01,
         5.29140885e-01,  3.41272719e-01,  5.59566576e-01,
        -3.83462617e+00,  1.38830181e+00,  5.39614662e+00,
         1.00377390e-02, -9.69531451e-01, -7.05040241e-01,
        -6.19119026e-02, -3.62517669e-01,  3.49378910e-01,
        -2.86654504e-01, -1.14263109e-01, -1.45956226e-01],
       [-1.16004484e+00,  2.19429959e-01,  4.87780300e-02,
        -1.70107822e-01,  3.85154857e-01, -4.26355680e-02,
        -2.35368133e+00,  4.69215735e-02,  1.00377390e-02,
         1.19471004e+00,  8.49194587e-02, -8.46604799e-02,
         1.62600729e-01,  2.80475535e-02, -4.21103285e-02,
        -7.45763481e-02, -3.34466801e-01,  2.03019229e-03],
       [-5.23232957e-02, -6.48384712e-01,  3.33587604e-01,
        -1.54449092e-01, -4.53150945e-02, -4.54191388e-02,
        -1.01870524e+00, -6.25789993e-01, -9.69531451e-01,
         8.49194587e-02,  9.05026362e-01,  8.34850049e-02,
         2.74835667e-02, -4.21761575e-02, -2.11770643e-01,
         1.52464219e-01, -1.54414293e-01, -1.06376343e-01],
       [ 1.96468698e-03, -1.02939696e+00, -3.09192010e-01,
        -1.10740261e-01, -3.05293932e-01, -2.72102752e-02,
         1.64013607e+00, -7.22233843e-01, -7.05040241e-01,
        -8.46604799e-02,  8.34850049e-02,  1.00562511e+00,
        -1.30064095e-01,  1.77850511e-01, -4.88708370e-02,
         1.01718019e-01,  3.43514668e-02,  3.11621671e-02],
       [-7.13050456e-01,  2.10751990e-01, -4.22147124e-02,
        -1.27200566e-02,  2.13466119e-01, -1.81173536e-01,
        -7.94167147e-01,  9.52219899e-02, -6.19119026e-02,
         1.62600729e-01,  2.74835667e-02, -1.30064095e-01,
         3.14663223e-01, -1.23423304e-02, -4.16693368e-02,
         1.86706895e-02, -1.72916522e-01,  1.20585132e-01],
       [-1.02544888e-01, -1.49772385e-01,  5.59451262e-02,
        -5.58238874e-02,  6.82643099e-03,  7.52424692e-03,
         2.63396935e-01, -1.17203859e-01, -3.62517669e-01,
         2.80475535e-02, -4.21761575e-02,  1.77850511e-01,
        -1.23423304e-02,  1.15145477e-01, -2.76725761e-03,
         3.30741410e-02,  4.09929017e-02,  3.97442594e-02],
       [ 1.50508899e-01,  4.09101195e-02, -6.10019323e-02,
         6.79855439e-02, -3.33773098e-02,  8.56814384e-02,
         2.61170077e-01,  3.09326826e-01,  3.49378910e-01,
        -4.21103285e-02, -2.11770643e-01, -4.88708370e-02,
        -4.16693368e-02, -2.76725761e-03,  1.28555435e-01,
        -5.27297543e-02,  2.85292431e-02,  4.37373264e-02],
       [ 2.11373899e-01, -1.85266008e-01,  1.13528477e-01,
         5.23602751e-03, -1.58048413e-02,  1.87316060e-02,
        -1.00757413e-01, -3.15617175e-01, -2.86654504e-01,
        -7.45763481e-02,  1.52464219e-01,  1.01718019e-01,
         1.86706895e-02,  3.30741410e-02, -5.27297543e-02,
         1.13681456e-01, -2.06099190e-02, -2.95416490e-02],
       [ 2.96432655e-01,  6.14113058e-02, -3.72894871e-02,
         2.91990827e-02, -1.60172682e-01,  4.52445246e-03,
         2.03462837e+00,  3.62852184e-01, -1.14263109e-01,
        -3.34466801e-01, -1.54414293e-01,  3.43514668e-02,
        -1.72916522e-01,  4.09929017e-02,  2.85292431e-02,
        -2.06099190e-02,  3.04718429e-01,  1.27697046e-02],
       [-5.95627566e-01, -6.96290908e-02, -6.94762218e-02,
        -3.87942293e-02, -5.61039784e-03, -1.27908827e-01,
         9.86978058e-01,  2.37981084e-01, -1.45956226e-01,
         2.03019229e-03, -1.06376343e-01,  3.11621671e-02,
         1.20585132e-01,  3.97442594e-02,  4.37373264e-02,
        -2.95416490e-02,  1.27697046e-02,  1.95030028e-01]])
      jac: array([ 1.14830367e-05, -1.75826020e-05,  4.46309656e-07, -1.29496414e-05,
        1.34880995e-05, -2.22455387e-05, -2.20120218e-06,  5.28170100e-06,
       -6.24315414e-07,  5.25357535e-06, -9.00427881e-06,  5.27355937e-07,
        1.94374146e-05, -9.41802192e-06,  4.33949173e-06, -1.34285176e-05,
        2.13462581e-05, -1.02610513e-05])
  message: 'Desired error not necessarily achieved due to precision loss.'
     nfev: 1531
      nit: 53
     njev: 80
   status: 2
  success: False
        x: array([ 0.23423079, -0.55952954,  0.63775198,  0.94313371, -0.66234466,
        0.04258478,  0.1300763 , -1.67736027, -0.51265516,  0.06308475,
        0.66513752,  1.04106319,  0.10342526,  0.0677034 , -0.40714334,
       -0.9634658 , -0.83040827,  0.01234258])
