Program Begingeth
      fun: 0.30949359422819067
 hess_inv: array([[ 4.37635593e+00,  3.09325949e-01, -1.33263091e+00,
         1.56165456e+00,  2.47826662e-01, -1.56914943e+00,
        -3.25561093e-01, -4.87198633e-01, -7.08668374e+00,
        -7.58071868e-02,  9.50384083e-01, -7.79561249e-02,
        -4.54090458e-01, -2.61667168e-01, -4.37358605e-01,
        -3.00228830e-01, -2.86231284e-01,  9.74543629e-02],
       [ 3.09325949e-01,  4.54744902e+00,  1.17022312e+00,
         9.62595073e-02,  2.04329357e+00,  4.15227806e-01,
         3.85363446e+00,  1.88854540e+00,  5.45663675e+00,
         7.33765998e-01,  4.29538171e-01, -1.00061517e+00,
        -5.37249214e-01, -2.99645695e-01, -1.63261043e-01,
        -1.02666766e-01, -2.86304006e-01,  8.32580546e-02],
       [-1.33263091e+00,  1.17022312e+00,  2.64216074e+00,
        -1.48527796e-01,  3.95464571e-01,  1.51289965e+00,
         3.26044811e+00, -1.66302251e+00,  6.21447116e+00,
         5.19885230e-02,  4.36829290e-01, -2.80740651e-01,
         1.96329406e-01,  3.62163714e-03, -5.89449399e-02,
         2.43897414e-02,  1.18729992e-01, -1.49473273e-01],
       [ 1.56165456e+00,  9.62595073e-02, -1.48527796e-01,
         6.50756657e-01,  7.29683425e-02, -3.99068211e-01,
         5.31340902e-01, -5.82577833e-01, -2.13047320e+00,
        -7.40526908e-02,  4.40310780e-01,  9.69870739e-03,
        -1.03966063e-01, -7.50500253e-02, -1.97871659e-01,
        -1.07409796e-01, -7.07432154e-02, -7.95872918e-03],
       [ 2.47826662e-01,  2.04329357e+00,  3.95464571e-01,
         7.29683425e-02,  1.00835549e+00,  1.20912455e-01,
         2.06904574e+00,  1.52302641e+00,  2.03375418e+00,
         2.53857219e-01,  1.35797412e-01, -3.75427073e-01,
        -2.90856808e-01, -1.01295437e-01, -6.48819659e-02,
        -8.47618954e-02, -1.60878135e-01,  4.75612408e-02],
       [-1.56914943e+00,  4.15227806e-01,  1.51289965e+00,
        -3.99068211e-01,  1.20912455e-01,  1.09399189e+00,
         1.74279932e+00, -5.20406435e-01,  4.65361272e+00,
        -5.85318105e-02, -8.12769681e-02, -6.79611460e-02,
         2.19717509e-01,  7.35281919e-02,  9.52644549e-02,
         9.15156266e-02,  1.05069866e-01, -8.80521441e-02],
       [-3.25561093e-01,  3.85363446e+00,  3.26044811e+00,
         5.31340902e-01,  2.06904574e+00,  1.74279932e+00,
         1.21233997e+01,  1.74026980e+00,  8.48578446e+00,
        -1.15130538e-01,  6.02292169e-01, -2.84391977e-01,
        -3.18860961e-01, -8.67022895e-02, -2.86074811e-01,
        -2.59607340e-01, -4.05739361e-01, -2.18628758e-01],
       [-4.87198633e-01,  1.88854540e+00, -1.66302251e+00,
        -5.82577833e-01,  1.52302641e+00, -5.20406435e-01,
         1.74026980e+00,  9.10116631e+00, -6.95047357e-02,
        -5.88407245e-03, -1.08689033e+00, -1.33184187e-01,
        -5.29476769e-01,  1.21042324e-01,  3.85196437e-01,
        -3.49252633e-02, -3.23066186e-01,  2.44639105e-01],
       [-7.08668374e+00,  5.45663675e+00,  6.21447116e+00,
        -2.13047320e+00,  2.03375418e+00,  4.65361272e+00,
         8.48578446e+00, -6.95047357e-02,  2.60135563e+01,
         5.27404249e-01, -2.42507382e-01, -1.18877669e+00,
         4.75384938e-01, -1.46361364e-01,  3.90696083e-01,
         4.59136036e-01,  8.72206128e-02, -2.13230383e-01],
       [-7.58071868e-02,  7.33765998e-01,  5.19885230e-02,
        -7.40526908e-02,  2.53857219e-01, -5.85318105e-02,
        -1.15130538e-01, -5.88407245e-03,  5.27404249e-01,
         8.94858186e-01, -7.25060878e-02, -2.03039498e-01,
        -2.32981222e-01, -5.47904198e-03,  8.31017254e-02,
         2.32596892e-03,  4.41517045e-02,  2.23099797e-01],
       [ 9.50384083e-01,  4.29538171e-01,  4.36829290e-01,
         4.40310780e-01,  1.35797412e-01, -8.12769681e-02,
         6.02292169e-01, -1.08689033e+00, -2.42507382e-01,
        -7.25060878e-02,  9.75662318e-01, -2.09035617e-01,
        -5.28856839e-02, -2.26679780e-01, -2.95586331e-01,
        -1.02042915e-01, -5.95879755e-02, -1.41156728e-01],
       [-7.79561249e-02, -1.00061517e+00, -2.80740651e-01,
         9.69870739e-03, -3.75427073e-01, -6.79611460e-02,
        -2.84391977e-01, -1.33184187e-01, -1.18877669e+00,
        -2.03039498e-01, -2.09035617e-01,  5.46780700e-01,
         8.04879224e-02,  1.59762247e-01,  8.46058112e-03,
        -4.01917161e-02,  8.42562620e-02,  7.28819806e-04],
       [-4.54090458e-01, -5.37249214e-01,  1.96329406e-01,
        -1.03966063e-01, -2.90856808e-01,  2.19717509e-01,
        -3.18860961e-01, -5.29476769e-01,  4.75384938e-01,
        -2.32981222e-01, -5.28856839e-02,  8.04879224e-02,
         2.29341839e-01,  5.08178474e-02,  2.31680516e-02,
         9.80915145e-02,  9.56781420e-02, -9.00286505e-02],
       [-2.61667168e-01, -2.99645695e-01,  3.62163714e-03,
        -7.50500253e-02, -1.01295437e-01,  7.35281919e-02,
        -8.67022895e-02,  1.21042324e-01, -1.46361364e-01,
        -5.47904198e-03, -2.26679780e-01,  1.59762247e-01,
         5.08178474e-02,  1.31695135e-01,  6.01471883e-02,
         1.36387915e-02,  9.03944789e-02,  2.20811617e-02],
       [-4.37358605e-01, -1.63261043e-01, -5.89449399e-02,
        -1.97871659e-01, -6.48819659e-02,  9.52644549e-02,
        -2.86074811e-01,  3.85196437e-01,  3.90696083e-01,
         8.31017254e-02, -2.95586331e-01,  8.46058112e-03,
         2.31680516e-02,  6.01471883e-02,  1.47031436e-01,
         5.27852095e-02,  2.46869384e-02,  7.80841873e-02],
       [-3.00228830e-01, -1.02666766e-01,  2.43897414e-02,
        -1.07409796e-01, -8.47618954e-02,  9.15156266e-02,
        -2.59607340e-01, -3.49252633e-02,  4.59136036e-01,
         2.32596892e-03, -1.02042915e-01, -4.01917161e-02,
         9.80915145e-02,  1.36387915e-02,  5.27852095e-02,
         9.23094947e-02,  4.14584791e-02, -7.40973263e-03],
       [-2.86231284e-01, -2.86304006e-01,  1.18729992e-01,
        -7.07432154e-02, -1.60878135e-01,  1.05069866e-01,
        -4.05739361e-01, -3.23066186e-01,  8.72206128e-02,
         4.41517045e-02, -5.95879755e-02,  8.42562620e-02,
         9.56781420e-02,  9.03944789e-02,  2.46869384e-02,
         4.14584791e-02,  1.35150336e-01, -6.15236143e-03],
       [ 9.74543629e-02,  8.32580546e-02, -1.49473273e-01,
        -7.95872918e-03,  4.75612408e-02, -8.80521441e-02,
        -2.18628758e-01,  2.44639105e-01, -2.13230383e-01,
         2.23099797e-01, -1.41156728e-01,  7.28819806e-04,
        -9.00286505e-02,  2.20811617e-02,  7.80841873e-02,
        -7.40973263e-03, -6.15236143e-03,  1.27007262e-01]])
      jac: array([ 2.11978583e-06, -1.89663100e-06,  2.91359529e-06, -4.67921998e-06,
        4.29323244e-06, -7.60835839e-06,  2.57201667e-07, -3.86357613e-07,
        6.69464484e-07,  1.12243548e-06,  9.65894032e-08,  1.82113584e-06,
        4.73362090e-06, -9.56272099e-07,  8.67676301e-06, -3.49609231e-06,
       -2.51650552e-08, -6.48740321e-06])
  message: 'Optimization terminated successfully.'
     nfev: 1273
      nit: 60
     njev: 67
   status: 0
  success: True
        x: array([-0.83173237, -1.27395072,  0.64145977, -1.02786827, -1.29820526,
        0.20063962, -0.56910963, -2.07576687, -0.36446228,  0.04437078,
        0.55767962,  1.18871563,  0.12878302,  0.10569708, -0.32869531,
        1.22967995, -0.38765926, -0.03404717])
