Program Begingeth
      fun: 0.34221351659244637
 hess_inv: array([[ 1.79331213e+00, -1.61676680e-01,  2.27042424e-01,
         2.31912735e-01, -1.46014424e-01,  4.55308337e-01,
         1.16965849e+00, -7.17732595e-01, -9.98579069e-02,
         5.61153372e-01, -3.89162923e-01,  7.29364086e-01,
        -7.58912544e-01,  5.93917376e-02,  7.75701284e-03,
        -6.00502535e-02,  2.07951029e-03, -2.75941700e-01],
       [-1.61676680e-01,  5.85148052e-01, -6.44865011e-02,
        -2.00456717e-01,  1.38298523e-01, -1.19346257e-01,
        -4.14013282e-01,  2.17314738e-01, -1.26635443e-02,
        -7.23008905e-01,  2.38407634e-01,  1.06175509e-01,
         8.05283502e-02, -1.66652450e-01, -1.61106458e-01,
         3.43125298e-02,  4.92041906e-03, -6.96949725e-02],
       [ 2.27042424e-01, -6.44865011e-02,  4.72186954e-01,
        -9.76400339e-02, -9.88698975e-02,  5.82047345e-02,
         1.72859616e-01, -4.64462794e-01,  3.07123080e-01,
        -3.44584591e-01, -5.23485261e-01, -1.86158974e-01,
        -1.02625250e-01,  1.02090156e-01, -1.26805527e-01,
         3.32624926e-02,  3.95350754e-02, -1.47614102e-02],
       [ 2.31912735e-01, -2.00456717e-01, -9.76400339e-02,
         3.58648230e-01,  3.97491037e-02,  2.22726497e-01,
         1.08470471e+00,  5.39112156e-01, -5.03579702e-01,
         1.07808141e+00,  2.26970437e-01,  7.15145619e-01,
        -7.29685963e-02,  3.92548322e-02,  1.46181250e-01,
        -2.00861947e-02,  7.05656932e-03,  1.09873657e-02],
       [-1.46014424e-01,  1.38298523e-01, -9.88698975e-02,
         3.97491037e-02,  3.07243380e-01, -1.61836020e-02,
         3.00514871e-01,  8.93270376e-01, -4.97749888e-01,
        -1.22052210e-01,  8.08639585e-01,  4.10862999e-01,
         1.43499281e-01,  1.45475440e-02, -2.26393329e-02,
         5.51581911e-02,  1.07503197e-02,  1.52426214e-02],
       [ 4.55308337e-01, -1.19346257e-01,  5.82047345e-02,
         2.22726497e-01, -1.61836020e-02,  3.73082204e-01,
         1.04449217e+00,  4.64657108e-01, -1.21585762e-02,
         7.38621486e-01, -1.29502358e-01,  9.89094492e-01,
        -2.35868193e-01,  5.88184504e-02,  1.10231786e-01,
        -4.61617836e-02,  3.88932630e-02, -2.32294844e-02],
       [ 1.16965849e+00, -4.14013282e-01,  1.72859616e-01,
         1.08470471e+00,  3.00514871e-01,  1.04449217e+00,
         5.48520139e+00,  1.89676724e+00, -1.51915434e+00,
         2.56033288e+00,  7.50376522e-01,  3.28009861e+00,
        -3.66777876e-01,  2.24971618e-01,  3.49927804e-01,
        -1.12015431e-02,  6.57134389e-02,  4.66634188e-03],
       [-7.17732595e-01,  2.17314738e-01, -4.64462794e-01,
         5.39112156e-01,  8.93270376e-01,  4.64657108e-01,
         1.89676724e+00,  5.56123842e+00, -1.76967383e+00,
         1.82736971e+00,  2.03674630e+00,  3.19925595e+00,
         3.01040420e-01,  6.33580511e-02,  1.44286902e-01,
         2.13709797e-02,  1.37344234e-01,  1.18506516e-01],
       [-9.98579069e-02, -1.26635443e-02,  3.07123080e-01,
        -5.03579702e-01, -4.97749888e-01, -1.21585762e-02,
        -1.51915434e+00, -1.76967383e+00,  2.71089564e+00,
        -1.13585973e+00, -1.73067749e+00, -1.18533228e+00,
        -1.36405341e-01,  3.91909632e-02, -6.30682065e-02,
        -5.03417329e-02,  3.35754054e-02, -6.69630112e-04],
       [ 5.61153372e-01, -7.23008905e-01, -3.44584591e-01,
         1.07808141e+00, -1.22052210e-01,  7.38621486e-01,
         2.56033288e+00,  1.82736971e+00, -1.13585973e+00,
         4.05157324e+00,  6.69084960e-03,  2.19012415e+00,
        -3.73114984e-01,  1.03826729e-01,  4.91940673e-01,
        -1.78817272e-01,  8.22552355e-02,  2.92592292e-02],
       [-3.89162923e-01,  2.38407634e-01, -5.23485261e-01,
         2.26970437e-01,  8.08639585e-01, -1.29502358e-01,
         7.50376522e-01,  2.03674630e+00, -1.73067749e+00,
         6.69084960e-03,  2.55744755e+00,  8.87368556e-01,
         4.12521736e-01, -1.64610722e-02,  4.20956697e-02,
         1.18548172e-01, -2.26960335e-02,  5.02326258e-02],
       [ 7.29364086e-01,  1.06175509e-01, -1.86158974e-01,
         7.15145619e-01,  4.10862999e-01,  9.89094492e-01,
         3.28009861e+00,  3.19925595e+00, -1.18533228e+00,
         2.19012415e+00,  8.87368556e-01,  3.83016917e+00,
        -3.62770026e-01,  3.96550215e-02,  2.61386582e-01,
        -7.74134000e-02,  1.20373214e-01, -3.97270174e-02],
       [-7.58912544e-01,  8.05283502e-02, -1.02625250e-01,
        -7.29685963e-02,  1.43499281e-01, -2.35868193e-01,
        -3.66777876e-01,  3.01040420e-01, -1.36405341e-01,
        -3.73114984e-01,  4.12521736e-01, -3.62770026e-01,
         4.02903450e-01, -1.86103502e-02, -1.41785007e-02,
         7.79234416e-02, -2.00340246e-02,  1.24439040e-01],
       [ 5.93917376e-02, -1.66652450e-01,  1.02090156e-01,
         3.92548322e-02,  1.45475440e-02,  5.88184504e-02,
         2.24971618e-01,  6.33580511e-02,  3.91909632e-02,
         1.03826729e-01, -1.64610722e-02,  3.96550215e-02,
        -1.86103502e-02,  1.05634078e-01,  2.11303539e-02,
         8.19704709e-03,  3.17362907e-02,  2.43066871e-02],
       [ 7.75701284e-03, -1.61106458e-01, -1.26805527e-01,
         1.46181250e-01, -2.26393329e-02,  1.10231786e-01,
         3.49927804e-01,  1.44286902e-01, -6.30682065e-02,
         4.91940673e-01,  4.20956697e-02,  2.61386582e-01,
        -1.41785007e-02,  2.11303539e-02,  1.47182770e-01,
        -3.29125427e-02, -6.63610843e-03,  5.40964126e-02],
       [-6.00502535e-02,  3.43125298e-02,  3.32624926e-02,
        -2.00861947e-02,  5.51581911e-02, -4.61617836e-02,
        -1.12015431e-02,  2.13709797e-02, -5.03417329e-02,
        -1.78817272e-01,  1.18548172e-01, -7.74134000e-02,
         7.79234416e-02,  8.19704709e-03, -3.29125427e-02,
         5.20984263e-02, -3.81826605e-03,  8.66605999e-03],
       [ 2.07951029e-03,  4.92041906e-03,  3.95350754e-02,
         7.05656932e-03,  1.07503197e-02,  3.88932630e-02,
         6.57134389e-02,  1.37344234e-01,  3.35754054e-02,
         8.22552355e-02, -2.26960335e-02,  1.20373214e-01,
        -2.00340246e-02,  3.17362907e-02, -6.63610843e-03,
        -3.81826605e-03,  4.01678675e-02, -3.35530886e-04],
       [-2.75941700e-01, -6.96949725e-02, -1.47614102e-02,
         1.09873657e-02,  1.52426214e-02, -2.32294844e-02,
         4.66634188e-03,  1.18506516e-01, -6.69630112e-04,
         2.92592292e-02,  5.02326258e-02, -3.97270174e-02,
         1.24439040e-01,  2.43066871e-02,  5.40964126e-02,
         8.66605999e-03, -3.35530886e-04,  8.94684401e-02]])
      jac: array([-2.58867002e-06,  9.35177861e-07,  2.15716334e-06,  3.96090568e-06,
       -1.43292785e-06, -5.84495415e-06, -2.69414121e-07, -3.29736238e-07,
        5.34017275e-07, -6.90188647e-07,  8.78556487e-07,  1.52285592e-06,
       -6.74978592e-06,  1.87775721e-06,  5.22433948e-06,  5.32685007e-06,
       -7.11282885e-07, -3.76883709e-06])
  message: 'Optimization terminated successfully.'
     nfev: 1596
      nit: 71
     njev: 84
   status: 0
  success: True
        x: array([ 0.15932749,  0.13774124,  0.7454637 ,  1.59081403, -0.98252507,
        0.30633841,  2.30289967, -0.74501389,  1.35991929,  1.29538444,
       -1.53386475,  0.62147848,  0.01820404,  0.05076736, -0.20293052,
       -1.52490059, -0.43478833,  0.04401477])
