Program Begingeth
      fun: 0.311927175797606
 hess_inv: array([[ 5.64806355e-01, -4.78992207e-02, -6.02397775e-02,
        -3.54819974e-02,  1.43396842e-01, -2.24866367e-01,
         5.89752145e-02,  5.86715959e-01, -1.27604984e+00,
         6.05546479e-02,  1.11177078e-01,  5.96573150e-01,
        -3.47795049e-01,  7.48789420e-02, -3.14785425e-01,
        -9.11607582e-02, -3.10022180e-02, -9.76130234e-02],
       [-4.78992207e-02,  7.43553150e-01, -4.53172869e-02,
        -1.64556284e-01, -1.57098025e-01, -1.94754571e-01,
        -7.14060953e-01,  1.60575998e-02,  1.70264480e-01,
        -2.81725802e-04,  2.47754918e-01, -3.51434390e-02,
        -8.26577104e-02, -6.37821372e-01, -7.60859256e-02,
         1.66351151e-02, -1.76523878e-01,  1.42339962e-01],
       [-6.02397775e-02, -4.53172869e-02,  5.15745137e-01,
         8.34824300e-02,  1.52553073e-01, -4.31931276e-02,
         6.26391744e-01,  1.44815496e-01,  2.73591151e-01,
        -4.92878499e-01, -9.46077956e-02, -1.52388238e-01,
         1.99998033e-01,  1.69906525e-01, -3.35123174e-01,
         3.71359819e-02, -1.34149704e-02, -1.38105592e-01],
       [-3.54819974e-02, -1.64556284e-01,  8.34824300e-02,
         2.23090340e-01, -3.06544764e-02, -2.86439641e-03,
         4.76857568e-01, -6.37158770e-01, -9.81535777e-02,
        -1.24695590e-01,  9.17171757e-02, -8.16261780e-03,
         2.88946654e-01,  6.55279282e-02, -5.78859477e-02,
         8.44994347e-02,  6.50485121e-03, -4.20260338e-02],
       [ 1.43396842e-01, -1.57098025e-01,  1.52553073e-01,
        -3.06544764e-02,  2.77152219e-01,  1.24105004e-02,
         4.88647528e-01,  9.08561769e-01, -7.06229924e-02,
        -1.00452234e-01, -2.17594394e-01,  1.50931422e-01,
        -1.27615902e-01,  3.92644984e-01, -1.46956885e-01,
        -3.73610665e-02,  1.02907990e-01, -9.33600222e-02],
       [-2.24866367e-01, -1.94754571e-01, -4.31931276e-02,
        -2.86439641e-03,  1.24105004e-02,  3.27351586e-01,
         1.35186886e-01, -6.79508641e-02,  1.09523728e+00,
         3.01147693e-02, -3.33031899e-01, -2.28302719e-01,
         9.53219954e-02,  2.39234651e-01,  3.58943943e-01,
         3.00845128e-02,  9.81600525e-02,  6.25372441e-02],
       [ 5.89752145e-02, -7.14060953e-01,  6.26391744e-01,
         4.76857568e-01,  4.88647528e-01,  1.35186886e-01,
         3.27702838e+00,  3.40555693e-01,  2.97720494e-01,
        -4.47432521e-01, -3.82571089e-01,  1.62795926e-01,
         3.63550882e-01,  9.97091605e-01, -3.78941726e-01,
         5.99595784e-02,  2.25646796e-01, -2.83509420e-01],
       [ 5.86715959e-01,  1.60575998e-02,  1.44815496e-01,
        -6.37158770e-01,  9.08561769e-01, -6.79508641e-02,
         3.40555693e-01,  5.74363245e+00, -5.62405931e-01,
         1.71685048e-01, -3.86735245e-01,  5.25880286e-01,
        -1.19753486e+00,  6.90293319e-01, -2.78399593e-01,
        -3.65816847e-01,  1.60674944e-01, -9.45966270e-02],
       [-1.27604984e+00,  1.70264480e-01,  2.73591151e-01,
        -9.81535777e-02, -7.06229924e-02,  1.09523728e+00,
         2.97720494e-01, -5.62405931e-01,  7.08768949e+00,
        -4.48745162e-01, -1.21938114e+00, -1.04960945e+00,
         6.87924267e-01,  2.75899721e-01,  8.23575755e-01,
         2.60681798e-01,  1.52349267e-01,  1.47213209e-01],
       [ 6.05546479e-02, -2.81725802e-04, -4.92878499e-01,
        -1.24695590e-01, -1.00452234e-01,  3.01147693e-02,
        -4.47432521e-01,  1.71685048e-01, -4.48745162e-01,
         6.78445621e-01,  5.94785014e-02,  1.33464252e-01,
        -3.27602021e-01, -8.67886523e-02,  3.16102135e-01,
        -8.79601848e-02,  5.26502499e-02,  1.17083490e-01],
       [ 1.11177078e-01,  2.47754918e-01, -9.46077956e-02,
         9.17171757e-02, -2.17594394e-01, -3.33031899e-01,
        -3.82571089e-01, -3.86735245e-01, -1.21938114e+00,
         5.94785014e-02,  1.05407549e+00,  5.60727678e-02,
         2.72245434e-03, -6.58953939e-01, -1.28731677e-01,
        -7.72973722e-02, -1.98049930e-01,  1.28524352e-01],
       [ 5.96573150e-01, -3.51434390e-02, -1.52388238e-01,
        -8.16261780e-03,  1.50931422e-01, -2.28302719e-01,
         1.62795926e-01,  5.25880286e-01, -1.04960945e+00,
         1.33464252e-01,  5.60727678e-02,  8.81775716e-01,
        -3.37740736e-01,  9.58497819e-02, -3.81552075e-01,
        -5.87165816e-02, -2.67713684e-02, -1.33511575e-01],
       [-3.47795049e-01, -8.26577104e-02,  1.99998033e-01,
         2.88946654e-01, -1.27615902e-01,  9.53219954e-02,
         3.63550882e-01, -1.19753486e+00,  6.87924267e-01,
        -3.27602021e-01,  2.72245434e-03, -3.37740736e-01,
         6.25378355e-01, -1.67555996e-02,  3.25535440e-02,
         2.11487264e-01, -8.78362580e-03, -1.32430790e-02],
       [ 7.48789420e-02, -6.37821372e-01,  1.69906525e-01,
         6.55279282e-02,  3.92644984e-01,  2.39234651e-01,
         9.97091605e-01,  6.90293319e-01,  2.75899721e-01,
        -8.67886523e-02, -6.58953939e-01,  9.58497819e-02,
        -1.67555996e-02,  9.50036897e-01, -6.51240585e-03,
        -2.59562289e-03,  2.93543596e-01, -1.85811296e-01],
       [-3.14785425e-01, -7.60859256e-02, -3.35123174e-01,
        -5.78859477e-02, -1.46956885e-01,  3.58943943e-01,
        -3.78941726e-01, -2.78399593e-01,  8.23575755e-01,
         3.16102135e-01, -1.28731677e-01, -3.81552075e-01,
         3.25535440e-02, -6.51240585e-03,  6.97615101e-01,
         4.19372400e-03,  8.34308715e-02,  2.53529089e-01],
       [-9.11607582e-02,  1.66351151e-02,  3.71359819e-02,
         8.44994347e-02, -3.73610665e-02,  3.00845128e-02,
         5.99595784e-02, -3.65816847e-01,  2.60681798e-01,
        -8.79601848e-02, -7.72973722e-02, -5.87165816e-02,
         2.11487264e-01, -2.59562289e-03,  4.19372400e-03,
         1.08022326e-01, -1.41305084e-03, -8.47743070e-03],
       [-3.10022180e-02, -1.76523878e-01, -1.34149704e-02,
         6.50485121e-03,  1.02907990e-01,  9.81600525e-02,
         2.25646796e-01,  1.60674944e-01,  1.52349267e-01,
         5.26502499e-02, -1.98049930e-01, -2.67713684e-02,
        -8.78362580e-03,  2.93543596e-01,  8.34308715e-02,
        -1.41305084e-03,  1.27759834e-01, -2.07175027e-02],
       [-9.76130234e-02,  1.42339962e-01, -1.38105592e-01,
        -4.20260338e-02, -9.33600222e-02,  6.25372441e-02,
        -2.83509420e-01, -9.45966270e-02,  1.47213209e-01,
         1.17083490e-01,  1.28524352e-01, -1.33511575e-01,
        -1.32430790e-02, -1.85811296e-01,  2.53529089e-01,
        -8.47743070e-03, -2.07175027e-02,  1.66462931e-01]])
      jac: array([ 5.01147272e-05,  6.96120939e-05, -9.38693567e-06, -1.59685968e-04,
       -2.08463247e-04,  6.28970949e-05,  1.70134277e-05,  9.07681338e-06,
       -8.10388793e-06,  4.81226170e-05,  2.40059824e-05, -6.08550247e-06,
        1.94888180e-04,  1.76252346e-04, -7.75546294e-05, -1.57807841e-04,
       -1.11383125e-04,  8.58050668e-05])
  message: 'Desired error not necessarily achieved due to precision loss.'
     nfev: 1513
      nit: 27
     njev: 79
   status: 2
  success: False
        x: array([ 0.71547962, -0.06517641,  0.50241721,  0.22675314, -1.05988082,
       -0.86267401,  1.28405864, -1.57839846, -1.08731773, -1.03684329,
        0.02736606,  0.63094974,  0.12933098,  0.04060433, -0.67201104,
        0.08449893,  1.34379298, -0.93465648])
