Program Begingeth
      fun: 0.25956958229633037
 hess_inv: array([[ 2.77561481e+00, -8.85353088e-01,  2.61183731e-01,
         8.86056809e-01, -4.17077179e-01,  4.78200699e-01,
         6.42930879e-01,  8.10125068e-01,  1.27480220e+00,
         1.31689154e-01, -4.34231396e-01,  6.09487813e-02,
        -4.70153699e-01,  1.78201072e-01,  1.96048805e-01,
        -1.71342604e-01,  2.55353277e-01, -1.04212472e-01],
       [-8.85353088e-01,  2.71375203e+00,  4.64627386e-01,
        -8.78540459e-02,  1.04960017e+00,  8.33807287e-03,
         7.15812850e-02,  9.01672714e-01,  1.39096676e+00,
        -4.55125804e-01,  3.33248772e-01, -9.16723637e-01,
         3.83941125e-01, -3.53757381e-01, -1.57529147e-02,
         8.37918059e-03, -1.78689704e-01,  8.88104008e-02],
       [ 2.61183731e-01,  4.64627386e-01,  5.67769733e+00,
        -6.87842894e-01,  6.22781523e-02,  2.51809252e+00,
        -8.91549342e+00, -3.36666930e+00,  6.14342603e+00,
         5.19866667e-01,  1.49704338e+00, -5.88189147e-01,
        -2.07872146e-01, -1.09892946e-01, -4.10454088e-01,
         1.27049016e-01,  1.68970582e-01, -3.70557087e-01],
       [ 8.86056809e-01, -8.78540459e-02, -6.87842894e-01,
         4.55735666e-01, -5.40812866e-02, -2.08905501e-01,
         1.93263506e+00,  8.52588944e-01, -2.32174524e-01,
        -8.20972581e-02, -2.78212746e-01, -2.89670562e-02,
        -8.41921086e-02,  8.86481774e-03,  1.20652471e-01,
        -7.53289993e-02,  3.20150784e-02,  2.81493250e-02],
       [-4.17077179e-01,  1.04960017e+00,  6.22781523e-02,
        -5.40812866e-02,  4.42603616e-01, -4.13244010e-02,
         4.30864963e-03,  6.36877808e-01,  3.34470244e-01,
        -1.57793853e-01,  7.30391378e-02, -3.02798548e-01,
         1.67782825e-01, -1.11205047e-01,  1.55412098e-02,
         1.77135427e-02, -7.18690576e-02,  5.44937789e-02],
       [ 4.78200699e-01,  8.33807287e-03,  2.51809252e+00,
        -2.08905501e-01, -4.13244010e-02,  1.20983919e+00,
        -4.10616717e+00, -1.24231623e+00,  2.95651873e+00,
         3.40320813e-01,  4.95395042e-01, -1.95558954e-01,
        -1.80673707e-01,  5.08073365e-03, -1.28028100e-01,
         2.85687648e-02,  1.02509968e-01, -1.75979767e-01],
       [ 6.42930879e-01,  7.15812850e-02, -8.91549342e+00,
         1.93263506e+00,  4.30864963e-03, -4.10616717e+00,
         2.03735018e+01,  5.42491725e+00, -8.61873959e+00,
        -1.03142258e+00, -1.55896176e+00,  1.12473113e-01,
         2.39038640e-01, -2.37777938e-01,  5.62436751e-01,
        -3.52502132e-01, -2.59322823e-01,  5.39594397e-01],
       [ 8.10125068e-01,  9.01672714e-01, -3.36666930e+00,
         8.52588944e-01,  6.36877808e-01, -1.24231623e+00,
         5.42491725e+00,  6.43796168e+00, -2.73320856e+00,
        -2.20683335e-01, -1.24533223e+00, -1.33591974e-01,
         6.00252306e-02,  2.23936399e-02,  6.42416875e-01,
        -1.89440234e-01, -9.47369645e-02,  3.59728263e-01],
       [ 1.27480220e+00,  1.39096676e+00,  6.14342603e+00,
        -2.32174524e-01,  3.34470244e-01,  2.95651873e+00,
        -8.61873959e+00, -2.73320856e+00,  1.00773737e+01,
         7.21943594e-01,  1.63977571e+00, -9.77335120e-01,
        -3.08548322e-01, -3.91449700e-01, -4.47808564e-01,
         2.47945029e-02,  4.53269044e-02, -5.05984777e-01],
       [ 1.31689154e-01, -4.55125804e-01,  5.19866667e-01,
        -8.20972581e-02, -1.57793853e-01,  3.40320813e-01,
        -1.03142258e+00, -2.20683335e-01,  7.21943594e-01,
         9.98190866e-01,  1.24211304e-01,  7.11582219e-02,
        -2.90983357e-01,  1.66210228e-02, -1.27168969e-01,
        -6.39020621e-03, -4.89558245e-03, -2.57382117e-01],
       [-4.34231396e-01,  3.33248772e-01,  1.49704338e+00,
        -2.78212746e-01,  7.30391378e-02,  4.95395042e-01,
        -1.55896176e+00, -1.24533223e+00,  1.63977571e+00,
         1.24211304e-01,  1.14727480e+00, -2.80345730e-01,
         4.00086457e-02, -2.45124464e-01, -3.07525272e-01,
         7.76677404e-02, -1.38658561e-02, -1.81496902e-01],
       [ 6.09487813e-02, -9.16723637e-01, -5.88189147e-01,
        -2.89670562e-02, -3.02798548e-01, -1.95558954e-01,
         1.12473113e-01, -1.33591974e-01, -9.77335120e-01,
         7.11582219e-02, -2.80345730e-01,  6.71668656e-01,
        -3.77484202e-02,  1.96446577e-01, -1.78442407e-03,
         5.90078565e-02,  6.47522411e-02,  3.68252572e-02],
       [-4.70153699e-01,  3.83941125e-01, -2.07872146e-01,
        -8.41921086e-02,  1.67782825e-01, -1.80673707e-01,
         2.39038640e-01,  6.00252306e-02, -3.08548322e-01,
        -2.90983357e-01,  4.00086457e-02, -3.77484202e-02,
         2.06239972e-01, -5.25172069e-02,  2.14511107e-03,
         6.49558060e-02, -6.28939257e-02,  9.35173772e-02],
       [ 1.78201072e-01, -3.53757381e-01, -1.09892946e-01,
         8.86481774e-03, -1.11205047e-01,  5.08073365e-03,
        -2.37777938e-01,  2.23936399e-02, -3.91449700e-01,
         1.66210228e-02, -2.45124464e-01,  1.96446577e-01,
        -5.25172069e-02,  1.41476000e-01,  5.24223794e-02,
         1.35377730e-03,  7.20723583e-02,  2.53505566e-02],
       [ 1.96048805e-01, -1.57529147e-02, -4.10454088e-01,
         1.20652471e-01,  1.55412098e-02, -1.28028100e-01,
         5.62436751e-01,  6.42416875e-01, -4.47808564e-01,
        -1.27168969e-01, -3.07525272e-01, -1.78442407e-03,
         2.14511107e-03,  5.24223794e-02,  1.42588697e-01,
        -3.68490857e-02,  7.88243965e-03,  9.48166721e-02],
       [-1.71342604e-01,  8.37918059e-03,  1.27049016e-01,
        -7.53289993e-02,  1.77135427e-02,  2.85687648e-02,
        -3.52502132e-01, -1.89440234e-01,  2.47945029e-02,
        -6.39020621e-03,  7.76677404e-02,  5.90078565e-02,
         6.49558060e-02,  1.35377730e-03, -3.68490857e-02,
         6.34803403e-02, -9.69162601e-03,  3.04957842e-03],
       [ 2.55353277e-01, -1.78689704e-01,  1.68970582e-01,
         3.20150784e-02, -7.18690576e-02,  1.02509968e-01,
        -2.59322823e-01, -9.47369645e-02,  4.53269044e-02,
        -4.89558245e-03, -1.38658561e-02,  6.47522411e-02,
        -6.28939257e-02,  7.20723583e-02,  7.88243965e-03,
        -9.69162601e-03,  8.46844832e-02, -1.07186925e-02],
       [-1.04212472e-01,  8.88104008e-02, -3.70557087e-01,
         2.81493250e-02,  5.44937789e-02, -1.75979767e-01,
         5.39594397e-01,  3.59728263e-01, -5.05984777e-01,
        -2.57382117e-01, -1.81496902e-01,  3.68252572e-02,
         9.35173772e-02,  2.53505566e-02,  9.48166721e-02,
         3.04957842e-03, -1.07186925e-02,  1.26376058e-01]])
      jac: array([-6.32793817e-05,  7.01760872e-05, -3.80284693e-05,  1.71681928e-04,
       -1.33506539e-04,  7.27580958e-05, -1.30495614e-05,  5.45193520e-06,
       -4.68033020e-06, -4.83431813e-05,  5.29261820e-05, -1.00090306e-05,
       -1.98226620e-04,  1.95113925e-04, -2.56790885e-05,  1.42089303e-04,
       -1.44748287e-04,  2.91929444e-05])
  message: 'Desired error not necessarily achieved due to precision loss.'
     nfev: 2082
      nit: 71
     njev: 109
   status: 2
  success: False
        x: array([ 1.01649091, -1.11414539,  0.43906135,  1.35959218, -1.12347922,
        0.09678944,  1.22146915, -1.51039449, -0.85471792,  0.05090319,
        0.56388544,  1.11627676,  0.00831369,  0.26057786, -0.26824453,
       -1.24800206, -0.05226436,  0.00870997])
