Program Begingeth
      fun: 0.32188477700809043
 hess_inv: array([[ 8.68059153e-01, -1.51234131e-01, -8.42419852e-02,
        -7.18362194e-02,  1.92184449e-01, -2.30610189e-01,
        -1.76349161e-02,  8.83540366e-01, -1.59605691e+00,
         1.25164788e-01,  5.88681598e-02,  8.92365443e-01,
        -5.33751881e-01,  1.60771261e-01, -3.65454713e-01,
        -1.12992384e-01, -2.06141784e-02, -1.17499070e-01],
       [-1.51234131e-01,  1.31516004e+00, -1.08190495e-01,
        -2.41951409e-01, -1.84249018e-01, -2.31590281e-01,
        -9.79448765e-01,  1.05129008e-01,  2.67329813e-01,
         5.27573989e-02,  4.58598494e-01, -1.87818756e-01,
        -1.09268484e-01, -9.68452700e-01, -4.51829955e-03,
         1.68799901e-02, -1.98000165e-01,  2.17756138e-01],
       [-8.42419852e-02, -1.08190495e-01,  8.03342488e-01,
         1.28142252e-01,  1.87740892e-01, -4.96478707e-02,
         9.37551232e-01,  1.35166242e-01,  2.06893205e-01,
        -7.61399719e-01, -1.33053790e-01, -1.25296927e-01,
         2.96989303e-01,  2.34589532e-01, -4.79843923e-01,
         4.54546303e-02, -1.89838970e-02, -1.63056267e-01],
       [-7.18362194e-02, -2.41951409e-01,  1.28142252e-01,
         2.08205846e-01, -2.62258092e-02,  9.08635438e-03,
         4.98092537e-01, -6.21257581e-01, -9.64363713e-02,
        -1.69549393e-01,  1.27462391e-01, -3.07294621e-02,
         2.81207957e-01,  9.46898313e-02, -5.75124862e-02,
         6.17875023e-02,  1.00503619e-02, -3.81597153e-02],
       [ 1.92184449e-01, -1.84249018e-01,  1.87740892e-01,
        -2.62258092e-02,  2.37321968e-01, -5.51984137e-04,
         4.30514244e-01,  8.39270900e-01, -1.43019890e-01,
        -1.24681699e-01, -2.89523303e-01,  2.17262464e-01,
        -1.23667319e-01,  3.63061348e-01, -1.82195427e-01,
        -2.37877541e-02,  7.16288736e-02, -9.12844731e-02],
       [-2.30610189e-01, -2.31590281e-01, -4.96478707e-02,
         9.08635438e-03, -5.51984137e-04,  2.55512353e-01,
         1.07409401e-01, -1.23028981e-01,  9.56003620e-01,
         1.55680700e-02, -3.89954232e-01, -2.17687917e-01,
         1.19727460e-01,  2.40659016e-01,  2.72026556e-01,
         3.79811812e-02,  7.28877563e-02,  2.60827983e-02],
       [-1.76349161e-02, -9.79448765e-01,  9.37551232e-01,
         4.98092537e-01,  4.30514244e-01,  1.07409401e-01,
         3.36312897e+00,  1.28755135e-01,  1.51758785e-02,
        -6.90697869e-01, -5.37209714e-01,  1.55971357e-01,
         4.72536805e-01,  1.06533977e+00, -5.25636322e-01,
         7.32378396e-02,  1.79549420e-01, -2.98131477e-01],
       [ 8.83540366e-01,  1.05129008e-01,  1.35166242e-01,
        -6.21257581e-01,  8.39270900e-01, -1.23028981e-01,
         1.28755135e-01,  5.87297968e+00, -8.28779633e-01,
         2.66961240e-01, -5.83410416e-01,  7.77456778e-01,
        -1.25791921e+00,  5.81015034e-01, -3.64035894e-01,
        -2.98857301e-01,  9.60271576e-02, -9.74639659e-02],
       [-1.59605691e+00,  2.67329813e-01,  2.06893205e-01,
        -9.64363713e-02, -1.43019890e-01,  9.56003620e-01,
         1.51758785e-02, -8.28779633e-01,  6.85170648e+00,
        -5.69243155e-01, -1.40600807e+00, -1.25592147e+00,
         8.82218876e-01,  1.90347628e-01,  7.59487153e-01,
         2.83790933e-01,  1.07107997e-01,  1.27477239e-01],
       [ 1.25164788e-01,  5.27573989e-02, -7.61399719e-01,
        -1.69549393e-01, -1.24681699e-01,  1.55680700e-02,
        -6.90697869e-01,  2.66961240e-01, -5.69243155e-01,
         1.02909705e+00,  8.99052186e-02,  1.28811553e-01,
        -4.68331875e-01, -1.38706392e-01,  4.40596148e-01,
        -1.02867344e-01,  5.79463065e-02,  1.41660582e-01],
       [ 5.88681598e-02,  4.58598494e-01, -1.33053790e-01,
         1.27462391e-01, -2.89523303e-01, -3.89954232e-01,
        -5.37209714e-01, -5.83410416e-01, -1.40600807e+00,
         8.99052186e-02,  1.89558897e+00, -7.96015609e-02,
         3.68924210e-02, -1.00194258e+00, -6.54334118e-02,
        -1.16273755e-01, -2.22557829e-01,  2.12020796e-01],
       [ 8.92365443e-01, -1.87818756e-01, -1.25296927e-01,
        -3.07294621e-02,  2.17262464e-01, -2.17687917e-01,
         1.55971357e-01,  7.77456778e-01, -1.25592147e+00,
         1.28811553e-01, -7.96015609e-02,  1.24629844e+00,
        -4.86488105e-01,  2.43523945e-01, -4.73630480e-01,
        -6.76708027e-02, -1.11270859e-02, -1.72694057e-01],
       [-5.33751881e-01, -1.09268484e-01,  2.96989303e-01,
         2.81207957e-01, -1.23667319e-01,  1.19727460e-01,
         4.72536805e-01, -1.25791921e+00,  8.82218876e-01,
        -4.68331875e-01,  3.68924210e-02, -4.86488105e-01,
         6.98955558e-01, -2.97508140e-03,  3.99574991e-02,
         1.85487688e-01, -4.69511117e-03, -4.58267419e-03],
       [ 1.60771261e-01, -9.68452700e-01,  2.34589532e-01,
         9.46898313e-02,  3.63061348e-01,  2.40659016e-01,
         1.06533977e+00,  5.81015034e-01,  1.90347628e-01,
        -1.38706392e-01, -1.00194258e+00,  2.43523945e-01,
        -2.97508140e-03,  1.11468016e+00, -9.43074284e-02,
         1.67433019e-02,  2.59005123e-01, -2.34878621e-01],
       [-3.65454713e-01, -4.51829955e-03, -4.79843923e-01,
        -5.75124862e-02, -1.82195427e-01,  2.72026556e-01,
        -5.25636322e-01, -3.64035894e-01,  7.59487153e-01,
         4.40596148e-01, -6.54334118e-02, -4.73630480e-01,
         3.99574991e-02, -9.43074284e-02,  6.74350651e-01,
         9.84656494e-03,  5.80008815e-02,  2.21668666e-01],
       [-1.12992384e-01,  1.68799901e-02,  4.54546303e-02,
         6.17875023e-02, -2.37877541e-02,  3.79811812e-02,
         7.32378396e-02, -2.98857301e-01,  2.83790933e-01,
        -1.02867344e-01, -1.16273755e-01, -6.76708027e-02,
         1.85487688e-01,  1.67433019e-02,  9.84656494e-03,
         8.67962077e-02,  2.45326687e-03, -6.53834874e-03],
       [-2.06141784e-02, -1.98000165e-01, -1.89838970e-02,
         1.00503619e-02,  7.16288736e-02,  7.28877563e-02,
         1.79549420e-01,  9.60271576e-02,  1.07107997e-01,
         5.79463065e-02, -2.22557829e-01, -1.11270859e-02,
        -4.69511117e-03,  2.59005123e-01,  5.80008815e-02,
         2.45326687e-03,  9.56844377e-02, -2.40721472e-02],
       [-1.17499070e-01,  2.17756138e-01, -1.63056267e-01,
        -3.81597153e-02, -9.12844731e-02,  2.60827983e-02,
        -2.98131477e-01, -9.74639659e-02,  1.27477239e-01,
         1.41660582e-01,  2.12020796e-01, -1.72694057e-01,
        -4.58267419e-03, -2.34878621e-01,  2.21668666e-01,
        -6.53834874e-03, -2.40721472e-02,  1.42297802e-01]])
      jac: array([ 1.38629848e-06,  2.53759976e-06, -1.74712097e-06, -1.13760853e-05,
       -2.85993451e-06,  5.58997293e-06,  1.20348176e-06,  5.21804822e-08,
       -9.15563921e-07,  9.19264665e-07,  3.09086090e-06, -4.54081217e-07,
        6.85229651e-06,  6.02444021e-06, -8.62273216e-07, -2.00839345e-06,
       -5.58257144e-06, -2.96281518e-06])
  message: 'Desired error not necessarily achieved due to precision loss.'
     nfev: 1456
      nit: 33
     njev: 76
   status: 2
  success: False
        x: array([ 0.64023893, -0.09059609,  0.48436462,  0.213191  , -1.19753591,
       -0.69962289,  1.28766566, -1.68558994, -0.89485875, -0.92997055,
        0.02414133,  0.57584646,  0.11679002,  0.01968065, -0.46647496,
        0.07528598,  1.47882606, -0.77521449])
