Program Begingeth
      fun: 0.24830290621435053
 hess_inv: array([[ 3.02006362e+00, -1.16254527e-02, -1.04248128e-01,
         3.02512219e-01, -2.52640112e-01,  6.89750399e-01,
        -2.08859630e+00, -2.76521990e-01,  9.76357826e-02,
        -8.69968044e-01, -2.19368421e-01,  7.42376020e-02,
        -4.79348771e-01, -1.31927686e-01,  2.14719606e-01,
         2.04196452e-01,  6.56312613e-02, -6.78989156e-01],
       [-1.16254527e-02,  2.27600422e+00,  9.78770285e-01,
         9.10732935e-02,  3.45769780e-01, -1.68292333e-02,
        -7.01572730e-01, -1.47334906e-01,  2.52483597e+00,
         2.35820938e-01, -3.42739705e-03, -1.81020969e+00,
         2.94937934e-02, -3.96393586e-01, -2.45661422e-01,
        -8.49541409e-02,  2.73526497e-01, -7.38808708e-02],
       [-1.04248128e-01,  9.78770285e-01,  1.93600675e+00,
        -2.24942958e-01,  2.22278801e-02, -5.90922631e-03,
         1.04784488e+00, -2.63599883e+00,  1.73102993e+00,
        -5.64051463e-02,  1.08351666e+00, -1.63871479e+00,
        -5.98831466e-02, -3.35705203e-01, -4.56791662e-01,
         2.48412358e-01,  1.53632201e-01,  1.48041455e-01],
       [ 3.02512219e-01,  9.10732935e-02, -2.24942958e-01,
         1.46746634e-01,  2.31572289e-02,  6.53158710e-02,
        -3.51755540e-01,  5.48811912e-01,  1.45373934e-01,
        -4.18023199e-02, -2.40970395e-01,  1.84230522e-02,
         3.62017866e-02, -1.31189880e-02,  1.08198751e-01,
        -2.05002765e-02, -2.05007111e-02, -4.88628097e-02],
       [-2.52640112e-01,  3.45769780e-01,  2.22278801e-02,
         2.31572289e-02,  3.14605583e-01,  3.77558306e-03,
        -2.08534452e+00,  2.30534362e-01,  4.78807403e-02,
         3.94096624e-01, -8.30404473e-02, -1.17953362e-01,
         1.54932086e-01,  6.89300567e-02, -4.22019622e-03,
        -3.86039749e-02, -1.39544911e-01, -2.97591004e-02],
       [ 6.89750399e-01, -1.68292333e-02, -5.90922631e-03,
         6.53158710e-02,  3.77558306e-03,  2.70571821e-01,
        -1.28567645e+00, -8.41337329e-03,  1.86284828e-01,
        -1.37435119e-02, -1.72789908e-01,  6.76077399e-02,
        -1.28831948e-01,  1.49309289e-02,  1.30461136e-01,
         4.44402890e-03, -4.68817006e-02, -1.54788329e-01],
       [-2.08859630e+00, -7.01572730e-01,  1.04784488e+00,
        -3.51755540e-01, -2.08534452e+00, -1.28567645e+00,
         3.01660929e+01,  1.19290030e+00,  2.11516214e-02,
        -2.51139299e+00,  5.53245823e-01, -5.66070207e-01,
        -6.53919594e-01, -3.00699704e-01, -4.39612333e-01,
         4.45168618e-01,  2.32817003e+00,  1.59379105e+00],
       [-2.76521990e-01, -1.47334906e-01, -2.63599883e+00,
         5.48811912e-01,  2.30534362e-01, -8.41337329e-03,
         1.19290030e+00,  8.96406061e+00, -1.92834885e+00,
         1.90375619e-02, -2.29374310e+00,  1.43778359e+00,
         1.35375310e-01,  5.34140497e-01,  1.02044834e+00,
        -6.10701296e-01,  4.86028977e-01,  1.73807470e-01],
       [ 9.76357826e-02,  2.52483597e+00,  1.73102993e+00,
         1.45373934e-01,  4.78807403e-02,  1.86284828e-01,
         2.11516214e-02, -1.92834885e+00,  7.35445323e+00,
         1.61428971e-01,  5.58330957e-01, -2.49062800e+00,
        -1.21487018e-02, -9.17480526e-01, -3.44828956e-01,
        -1.06943470e-01,  1.06424823e-01,  1.91417182e-01],
       [-8.69968044e-01,  2.35820938e-01, -5.64051463e-02,
        -4.18023199e-02,  3.94096624e-01, -1.37435119e-02,
        -2.51139299e+00,  1.90375619e-02,  1.61428971e-01,
         1.07576875e+00, -1.02729238e-01, -1.42830799e-02,
         1.64620278e-01,  9.79929276e-02,  4.68430628e-03,
        -1.27526265e-01, -3.00566077e-01,  2.64848347e-03],
       [-2.19368421e-01, -3.42739705e-03,  1.08351666e+00,
        -2.40970395e-01, -8.30404473e-02, -1.72789908e-01,
         5.53245823e-01, -2.29374310e+00,  5.58330957e-01,
        -1.02729238e-01,  1.41879521e+00, -7.55062875e-01,
         1.03242232e-02, -2.86899542e-01, -4.72379067e-01,
         2.40794546e-01, -6.95659289e-02,  1.99233690e-02],
       [ 7.42376020e-02, -1.81020969e+00, -1.63871479e+00,
         1.84230522e-02, -1.17953362e-01,  6.76077399e-02,
        -5.66070207e-01,  1.43778359e+00, -2.49062800e+00,
        -1.42830799e-02, -7.55062875e-01,  2.27792930e+00,
        -1.19092465e-02,  5.52550709e-01,  3.74577691e-01,
        -5.73308572e-02, -2.07881124e-01, -5.10894115e-02],
       [-4.79348771e-01,  2.94937934e-02, -5.98831466e-02,
         3.62017866e-02,  1.54932086e-01, -1.28831948e-01,
        -6.53919594e-01,  1.35375310e-01, -1.21487018e-02,
         1.64620278e-01,  1.03242232e-02, -1.19092465e-02,
         2.38528557e-01,  3.37093600e-02, -1.68717914e-02,
        -6.02769168e-03, -1.33753594e-01,  1.15437103e-01],
       [-1.31927686e-01, -3.96393586e-01, -3.35705203e-01,
        -1.31189880e-02,  6.89300567e-02,  1.49309289e-02,
        -3.00699704e-01,  5.34140497e-01, -9.17480526e-01,
         9.79929276e-02, -2.86899542e-01,  5.52550709e-01,
         3.37093600e-02,  2.38551739e-01,  1.17025057e-01,
        -9.99437609e-03, -2.89596971e-02,  3.41094307e-02],
       [ 2.14719606e-01, -2.45661422e-01, -4.56791662e-01,
         1.08198751e-01, -4.22019622e-03,  1.30461136e-01,
        -4.39612333e-01,  1.02044834e+00, -3.44828956e-01,
         4.68430628e-03, -4.72379067e-01,  3.74577691e-01,
        -1.68717914e-02,  1.17025057e-01,  2.54174638e-01,
        -8.84540251e-02, -2.25208648e-02, -5.78179770e-03],
       [ 2.04196452e-01, -8.49541409e-02,  2.48412358e-01,
        -2.05002765e-02, -3.86039749e-02,  4.44402890e-03,
         4.45168618e-01, -6.10701296e-01, -1.06943470e-01,
        -1.27526265e-01,  2.40794546e-01, -5.73308572e-02,
        -6.02769168e-03, -9.99437609e-03, -8.84540251e-02,
         1.43825252e-01,  7.76042504e-03, -1.35736228e-02],
       [ 6.56312613e-02,  2.73526497e-01,  1.53632201e-01,
        -2.05007111e-02, -1.39544911e-01, -4.68817006e-02,
         2.32817003e+00,  4.86028977e-01,  1.06424823e-01,
        -3.00566077e-01, -6.95659289e-02, -2.07881124e-01,
        -1.33753594e-01, -2.89596971e-02, -2.25208648e-02,
         7.76042504e-03,  3.36936034e-01,  6.80650334e-02],
       [-6.78989156e-01, -7.38808708e-02,  1.48041455e-01,
        -4.88628097e-02, -2.97591004e-02, -1.54788329e-01,
         1.59379105e+00,  1.73807470e-01,  1.91417182e-01,
         2.64848347e-03,  1.99233690e-02, -5.10894115e-02,
         1.15437103e-01,  3.41094307e-02, -5.78179770e-03,
        -1.35736228e-02,  6.80650334e-02,  2.95665227e-01]])
      jac: array([-1.04786550e-06,  1.94590640e-05,  2.93633636e-05,  5.09233396e-05,
       -8.32408217e-05, -4.58931041e-05, -6.08161669e-06,  3.26942177e-06,
        4.11707705e-06,  9.21503614e-06,  1.15792561e-05,  3.04639647e-05,
        1.69679086e-05,  4.33098002e-05,  2.86985250e-05, -1.95499172e-05,
        3.70888505e-06, -3.35339164e-05])
  message: 'Desired error not necessarily achieved due to precision loss.'
     nfev: 2178
      nit: 64
     njev: 114
   status: 2
  success: False
        x: array([ 0.08044311, -0.4101229 ,  0.70548431,  0.85615708, -0.4917844 ,
        0.01544498, -0.00533887, -1.52857507, -0.56636465,  0.10652844,
        0.73683807,  0.99257712,  0.1223541 ,  0.12598686, -0.43684441,
       -0.88241833, -0.81457335,  0.02751313])
