Program Begingeth
      fun: 0.28391772175735214
 hess_inv: array([[ 1.02834421e+01,  2.40507481e+00, -6.19887920e+00,
         2.11865947e+00,  1.58931247e+00, -2.99245773e+00,
        -3.76548990e+00,  2.27139867e+00, -6.51580957e+00,
        -8.30732149e-01, -1.23589183e+00,  2.14085705e-01,
        -1.90437323e+00, -1.96868489e-01,  2.10556184e-01,
        -2.23675200e-01, -1.26301567e+00,  2.92130860e-01],
       [ 2.40507481e+00,  4.07730854e+00, -1.25169298e+00,
         2.00245354e-01,  1.69535957e+00, -5.80701448e-01,
        -1.85230183e+00,  3.39953550e+00, -4.46098410e-01,
        -1.14154480e-01, -5.04535942e-01, -9.91454757e-01,
        -5.77139810e-01, -3.49088753e-01,  2.95743018e-01,
         1.07098973e-01, -3.04010307e-01,  1.43957841e-01],
       [-6.19887920e+00, -1.25169298e+00,  3.25130795e+01,
         2.46271625e+00, -1.87247090e+00,  1.22612696e+01,
         3.76991373e+01, -1.35389016e+01,  1.73024370e+01,
         1.39333874e+00,  7.30637418e+00, -2.98091514e+00,
         2.07257650e+00, -6.98396262e-01, -1.82273633e+00,
        -1.38360316e-01,  1.88284140e+00,  3.81076186e-02],
       [ 2.11865947e+00,  2.00245354e-01,  2.46271625e+00,
         1.02201044e+00,  1.00716517e-01,  7.57218646e-01,
         4.47389095e+00, -1.30518504e+00,  1.85826078e-01,
        -7.33414516e-02,  5.61010357e-01, -1.93262052e-01,
        -2.19161371e-01, -6.84113177e-02, -1.84535007e-01,
        -8.71826409e-02, -7.15930272e-02,  7.76299395e-02],
       [ 1.58931247e+00,  1.69535957e+00, -1.87247090e+00,
         1.00716517e-01,  8.29023189e-01, -7.59447124e-01,
        -1.99727065e+00,  2.21642452e+00, -1.13518868e+00,
        -1.80761214e-01, -5.24556789e-01, -2.14792703e-01,
        -3.74637742e-01, -7.93879527e-02,  2.00534981e-01,
         1.79833191e-02, -2.27782186e-01,  7.27367888e-02],
       [-2.99245773e+00, -5.80701448e-01,  1.22612696e+01,
         7.57218646e-01, -7.59447124e-01,  4.73692901e+00,
         1.41829772e+01, -4.84649325e+00,  7.00661379e+00,
         4.59722913e-01,  2.62855357e+00, -1.08598432e+00,
         9.23071948e-01, -2.19967904e-01, -6.33310138e-01,
        -2.06074789e-02,  7.68332822e-01, -8.53539379e-03],
       [-3.76548990e+00, -1.85230183e+00,  3.76991373e+01,
         4.47389095e+00, -1.99727065e+00,  1.41829772e+01,
         5.07707744e+01, -1.57871652e+01,  1.77938983e+01,
         1.35848683e+00,  7.87529443e+00, -2.91520358e+00,
         2.04109706e+00, -4.10031212e-01, -2.01211490e+00,
        -3.24905721e-01,  2.06903826e+00,  1.79029665e-01],
       [ 2.27139867e+00,  3.39953550e+00, -1.35389016e+01,
        -1.30518504e+00,  2.21642452e+00, -4.84649325e+00,
        -1.57871652e+01,  1.18537872e+01, -6.49262226e+00,
        -1.06390339e+00, -3.37321412e+00,  4.63818134e-01,
        -8.06285681e-01,  1.74565501e-01,  1.18877343e+00,
         1.89154596e-01, -7.80637114e-01,  5.37296892e-02],
       [-6.51580957e+00, -4.46098410e-01,  1.73024370e+01,
         1.85826078e-01, -1.13518868e+00,  7.00661379e+00,
         1.77938983e+01, -6.49262226e+00,  1.34048984e+01,
         5.88286239e-01,  3.69036435e+00, -1.68657531e+00,
         1.64037234e+00, -5.24857467e-01, -8.93056110e-01,
         1.08326383e-01,  1.12698943e+00, -1.73920909e-01],
       [-8.30732149e-01, -1.14154480e-01,  1.39333874e+00,
        -7.33414516e-02, -1.80761214e-01,  4.59722913e-01,
         1.35848683e+00, -1.06390339e+00,  5.88286239e-01,
         8.50435111e-01,  2.48870512e-01, -1.07062350e-01,
        -1.23264249e-02,  1.55817082e-02, -3.64461202e-02,
        -1.03749507e-02,  1.83103075e-01,  1.46242661e-01],
       [-1.23589183e+00, -5.04535942e-01,  7.30637418e+00,
         5.61010357e-01, -5.24556789e-01,  2.62855357e+00,
         7.87529443e+00, -3.37321412e+00,  3.69036435e+00,
         2.48870512e-01,  2.24835262e+00, -7.03775365e-01,
         4.41561365e-01, -3.06235259e-01, -5.89860977e-01,
        -5.90567826e-02,  3.81275939e-01, -9.95585856e-02],
       [ 2.14085705e-01, -9.91454757e-01, -2.98091514e+00,
        -1.93262052e-01, -2.14792703e-01, -1.08598432e+00,
        -2.91520358e+00,  4.63818134e-01, -1.68657531e+00,
        -1.07062350e-01, -7.03775365e-01,  9.14460804e-01,
        -1.15477537e-01,  2.69692524e-01,  6.55002849e-02,
        -7.79125963e-02, -7.32932156e-02, -1.09615481e-02],
       [-1.90437323e+00, -5.77139810e-01,  2.07257650e+00,
        -2.19161371e-01, -3.74637742e-01,  9.23071948e-01,
         2.04109706e+00, -8.06285681e-01,  1.64037234e+00,
        -1.23264249e-02,  4.41561365e-01, -1.15477537e-01,
         4.90572952e-01,  2.84723639e-02, -1.00482194e-01,
         7.16469401e-02,  2.86085566e-01, -9.85996205e-02],
       [-1.96868489e-01, -3.49088753e-01, -6.98396262e-01,
        -6.84113177e-02, -7.93879527e-02, -2.19967904e-01,
        -4.10031212e-01,  1.74565501e-01, -5.24857467e-01,
         1.55817082e-02, -3.06235259e-01,  2.69692524e-01,
         2.84723639e-02,  1.62339449e-01,  6.08241962e-02,
        -1.40232861e-02,  5.54152368e-02,  1.91224611e-02],
       [ 2.10556184e-01,  2.95743018e-01, -1.82273633e+00,
        -1.84535007e-01,  2.00534981e-01, -6.33310138e-01,
        -2.01211490e+00,  1.18877343e+00, -8.93056110e-01,
        -3.64461202e-02, -5.89860977e-01,  6.55002849e-02,
        -1.00482194e-01,  6.08241962e-02,  2.12671501e-01,
         3.67781545e-02, -9.17640480e-02,  5.28611293e-02],
       [-2.23675200e-01,  1.07098973e-01, -1.38360316e-01,
        -8.71826409e-02,  1.79833191e-02, -2.06074789e-02,
        -3.24905721e-01,  1.89154596e-01,  1.08326383e-01,
        -1.03749507e-02, -5.90567826e-02, -7.79125963e-02,
         7.16469401e-02, -1.40232861e-02,  3.67781545e-02,
         6.05323239e-02,  1.65177647e-02, -1.44613857e-02],
       [-1.26301567e+00, -3.04010307e-01,  1.88284140e+00,
        -7.15930272e-02, -2.27782186e-01,  7.68332822e-01,
         2.06903826e+00, -7.80637114e-01,  1.12698943e+00,
         1.83103075e-01,  3.81275939e-01, -7.32932156e-02,
         2.86085566e-01,  5.54152368e-02, -9.17640480e-02,
         1.65177647e-02,  2.62885898e-01, -1.65516379e-02],
       [ 2.92130860e-01,  1.43957841e-01,  3.81076186e-02,
         7.76299395e-02,  7.27367888e-02, -8.53539379e-03,
         1.79029665e-01,  5.37296892e-02, -1.73920909e-01,
         1.46242661e-01, -9.95585856e-02, -1.09615481e-02,
        -9.85996205e-02,  1.91224611e-02,  5.28611293e-02,
        -1.44613857e-02, -1.65516379e-02,  8.98385383e-02]])
      jac: array([ 2.94653191e-05,  5.92855394e-05,  3.50478905e-05, -4.54473496e-05,
       -1.94888920e-04,  2.00439665e-05, -3.42577818e-06,  2.03318843e-05,
       -1.90802929e-05, -1.83823327e-05, -2.85368026e-05,  8.92652619e-05,
       -1.28156744e-06, -1.51609096e-04,  6.95958106e-05,  2.18099612e-05,
        6.74519699e-05, -3.91716289e-05])
  message: 'Desired error not necessarily achieved due to precision loss.'
     nfev: 2310
      nit: 77
     njev: 121
   status: 2
  success: False
        x: array([-0.67385418, -0.9151612 ,  0.12703286, -1.16287867, -0.97588909,
       -0.05639467, -1.55011364, -1.28120994, -1.01153589,  0.11791879,
        0.49783839,  1.15034623,  0.08402244,  0.17788855, -0.28315173,
        1.3090766 , -0.35313472,  0.0144991 ])
