Program Begingeth
      fun: 0.3115121847417533
 hess_inv: array([[ 2.10643261e+00, -1.78947165e-02,  2.05340122e-01,
         3.89116540e-01, -2.74109790e-01,  4.34448002e-01,
         7.01073839e-01, -3.27858432e-01,  7.64744716e-01,
         1.17907179e+00, -9.99341409e-01,  7.11988247e-02,
        -8.24581734e-01, -4.35419617e-02,  6.84105291e-02,
        -4.28229140e-02, -3.29666047e-02, -2.95267654e-01],
       [-1.78947165e-02,  6.84224267e-01, -4.38720030e-02,
        -2.83421732e-01,  2.53091505e-02, -1.45658511e-01,
        -1.37764249e+00,  9.61753204e-02, -5.23797120e-05,
        -6.98237140e-01, -1.91143082e-01, -1.55421855e-02,
        -6.37668881e-03, -2.02928230e-01, -2.04561696e-01,
         2.70598849e-02,  2.63289523e-02, -1.16107804e-01],
       [ 2.05340122e-01, -4.38720030e-02,  3.72000499e-01,
         9.12811965e-02,  7.15483711e-03,  1.10729512e-01,
        -1.23123182e-01, -4.62509187e-01,  2.11104736e-01,
         4.65337537e-01, -3.63273860e-02,  5.10102222e-02,
        -6.15588323e-02,  8.10950474e-02, -6.58922495e-02,
         3.73832587e-02,  2.57655212e-02,  4.91121233e-03],
       [ 3.89116540e-01, -2.83421732e-01,  9.12811965e-02,
         4.67429051e-01,  6.05900535e-02,  2.07821451e-01,
         1.38847046e+00,  3.16873699e-01,  1.22031525e+00,
         1.33419098e+00,  2.51766330e-01, -1.88977161e-01,
        -8.65327886e-02,  8.86692619e-02,  1.46984404e-01,
         2.67391702e-03, -1.76550561e-02,  2.48121342e-02],
       [-2.74109790e-01,  2.53091505e-02,  7.15483711e-03,
         6.05900535e-02,  3.33354059e-01, -4.13022390e-02,
        -5.47636167e-02,  8.23800227e-01,  9.54421936e-01,
         1.99067650e-01,  9.30410002e-01, -2.26127033e-01,
         1.66170256e-01,  7.13481012e-02, -2.86497851e-02,
         4.83203867e-02,  2.02187683e-02,  4.51603531e-02],
       [ 4.34448002e-01, -1.45658511e-01,  1.10729512e-01,
         2.07821451e-01, -4.13022390e-02,  3.26193531e-01,
         8.56003852e-01, -4.64039019e-01,  1.00006155e+00,
         7.18213904e-01,  1.80234397e-02,  3.93787884e-01,
        -2.16889006e-01,  6.51809426e-02,  1.11757303e-01,
        -3.59870414e-02,  2.51539034e-02, -1.20091452e-02],
       [ 7.01073839e-01, -1.37764249e+00, -1.23123182e-01,
         1.38847046e+00, -5.47636167e-02,  8.56003852e-01,
         9.81474024e+00, -6.45614084e-01,  4.46473564e+00,
         3.25414374e+00,  1.51501720e+00, -6.49426643e-04,
        -4.78120719e-01,  2.58271659e-01,  6.85934112e-01,
        -2.52031205e-01,  5.56265033e-02,  1.17972665e-01],
       [-3.27858432e-01,  9.61753204e-02, -4.62509187e-01,
         3.16873699e-01,  8.23800227e-01, -4.64039019e-01,
        -6.45614084e-01,  5.13602396e+00,  1.62881115e+00,
         5.09912099e-01,  1.59102096e+00, -1.70287423e+00,
         4.71096251e-01,  3.06785211e-02,  5.12393309e-02,
         1.28845342e-01, -6.95689513e-02,  7.56178559e-02],
       [ 7.64744716e-01, -5.23797120e-05,  2.11104736e-01,
         1.22031525e+00,  9.54421936e-01,  1.00006155e+00,
         4.46473564e+00,  1.62881115e+00,  9.87864790e+00,
         3.95274841e+00,  3.42916266e+00, -2.22785529e-01,
        -3.13289997e-01,  1.80088029e-01,  3.19200297e-01,
        -4.13375555e-02,  1.35966987e-01,  5.86566435e-02],
       [ 1.17907179e+00, -6.98237140e-01,  4.65337537e-01,
         1.33419098e+00,  1.99067650e-01,  7.18213904e-01,
         3.25414374e+00,  5.09912099e-01,  3.95274841e+00,
         4.18726112e+00,  7.07998894e-01, -3.12807806e-01,
        -3.06900054e-01,  2.85676240e-01,  3.72752907e-01,
         5.34907005e-03, -1.80994289e-02,  6.52479356e-02],
       [-9.99341409e-01, -1.91143082e-01, -3.63273860e-02,
         2.51766330e-01,  9.30410002e-01,  1.80234397e-02,
         1.51501720e+00,  1.59102096e+00,  3.42916266e+00,
         7.07998894e-01,  3.20761471e+00, -4.21330192e-01,
         4.43650433e-01,  2.33320723e-01,  1.27583713e-02,
         6.24959030e-02,  7.38700178e-02,  1.76987725e-01],
       [ 7.11988247e-02, -1.55421855e-02,  5.10102222e-02,
        -1.88977161e-01, -2.26127033e-01,  3.93787884e-01,
        -6.49426643e-04, -1.70287423e+00, -2.22785529e-01,
        -3.12807806e-01, -4.21330192e-01,  1.38219736e+00,
        -1.98766348e-01,  4.08965636e-02,  6.44895416e-02,
        -6.51328760e-02,  7.06176691e-02, -1.17057213e-02],
       [-8.24581734e-01, -6.37668881e-03, -6.15588323e-02,
        -8.65327886e-02,  1.66170256e-01, -2.16889006e-01,
        -4.78120719e-01,  4.71096251e-01, -3.13289997e-01,
        -3.06900054e-01,  4.43650433e-01, -1.98766348e-01,
         4.02947889e-01,  3.11703888e-02, -3.13718349e-02,
         6.76264029e-02, -7.96029559e-03,  1.30139318e-01],
       [-4.35419617e-02, -2.02928230e-01,  8.10950474e-02,
         8.86692619e-02,  7.13481012e-02,  6.51809426e-02,
         2.58271659e-01,  3.06785211e-02,  1.80088029e-01,
         2.85676240e-01,  2.33320723e-01,  4.08965636e-02,
         3.11703888e-02,  1.16265818e-01,  4.44892865e-02,
         9.15323016e-03,  2.09544312e-02,  5.05545579e-02],
       [ 6.84105291e-02, -2.04561696e-01, -6.58922495e-02,
         1.46984404e-01, -2.86497851e-02,  1.11757303e-01,
         6.85934112e-01,  5.12393309e-02,  3.19200297e-01,
         3.72752907e-01,  1.27583713e-02,  6.44895416e-02,
        -3.13718349e-02,  4.44892865e-02,  1.37498716e-01,
        -2.78881330e-02, -9.27051614e-03,  4.86522014e-02],
       [-4.28229140e-02,  2.70598849e-02,  3.73832587e-02,
         2.67391702e-03,  4.83203867e-02, -3.59870414e-02,
        -2.52031205e-01,  1.28845342e-01, -4.13375555e-02,
         5.34907005e-03,  6.24959030e-02, -6.51328760e-02,
         6.76264029e-02,  9.15323016e-03, -2.78881330e-02,
         4.88918948e-02, -6.06543618e-03,  8.27821792e-03],
       [-3.29666047e-02,  2.63289523e-02,  2.57655212e-02,
        -1.76550561e-02,  2.02187683e-02,  2.51539034e-02,
         5.56265033e-02, -6.95689513e-02,  1.35966987e-01,
        -1.80994289e-02,  7.38700178e-02,  7.06176691e-02,
        -7.96029559e-03,  2.09544312e-02, -9.27051614e-03,
        -6.06543618e-03,  3.45578317e-02,  2.44838688e-03],
       [-2.95267654e-01, -1.16107804e-01,  4.91121233e-03,
         2.48121342e-02,  4.51603531e-02, -1.20091452e-02,
         1.17972665e-01,  7.56178559e-02,  5.86566435e-02,
         6.52479356e-02,  1.76987725e-01, -1.17057213e-02,
         1.30139318e-01,  5.05545579e-02,  4.86522014e-02,
         8.27821792e-03,  2.44838688e-03,  9.15684562e-02]])
      jac: array([ 1.23171843e-05,  1.56452629e-05,  1.08757448e-05, -1.56763491e-05,
       -1.68457840e-05, -2.54374299e-05,  2.56054437e-06,  1.98951966e-06,
        1.71492450e-06,  2.53796983e-06,  3.09530179e-06,  8.88363457e-06,
        2.23273252e-05,  3.80514139e-05,  1.53999036e-05, -2.92606680e-05,
       -3.22682621e-05,  1.01918474e-06])
  message: 'Desired error not necessarily achieved due to precision loss.'
     nfev: 2406
      nit: 66
     njev: 126
   status: 2
  success: False
        x: array([ 0.09664   ,  0.1424743 ,  0.72918034,  1.67845615, -0.70455312,
        0.32159169,  1.26365917, -1.73161078,  0.715133  ,  1.99257108,
       -0.61247562,  0.88242447,  0.01364925,  0.11103457, -0.18891382,
       -1.52451484, -0.48376459,  0.05277999])
