Program Begingeth
      fun: 0.26494430920236084
 hess_inv: array([[ 4.12714120e+00, -1.69561546e+00,  4.52191357e-01,
         1.27795811e+00, -7.53857576e-01,  8.90072233e-01,
         6.46702027e-01,  5.56824528e-01,  2.39542821e+00,
         1.89799460e-02, -7.70803672e-01,  4.81598097e-01,
        -6.47446072e-01,  3.64570751e-01,  3.12630156e-01,
        -2.07176294e-01,  3.93432367e-01, -1.58119342e-01],
       [-1.69561546e+00,  2.72077562e+00,  3.09675372e-01,
        -4.28494442e-01,  1.15699385e+00, -1.68837688e-01,
        -1.02409113e+00,  1.55020506e+00,  4.99196736e-01,
        -3.22917599e-01,  2.32066820e-01, -9.07468376e-01,
         4.56007608e-01, -3.06928392e-01, -3.19600079e-02,
         4.38943894e-02, -2.41396964e-01,  1.38982627e-01],
       [ 4.52191357e-01,  3.09675372e-01,  6.98509887e+00,
        -9.43484345e-01, -6.67894270e-02,  3.14003947e+00,
        -1.18861550e+01, -6.01767844e+00,  9.12764289e+00,
         5.71949403e-01,  2.16268710e+00, -5.87667002e-01,
        -2.45414055e-01, -1.18758231e-01, -7.16558074e-01,
         2.95449253e-01,  2.00131402e-01, -6.11811222e-01],
       [ 1.27795811e+00, -4.28494442e-01, -9.43484345e-01,
         6.23555811e-01, -1.82069221e-01, -2.24932643e-01,
         2.50377569e+00,  1.17190145e+00, -5.53686412e-01,
        -1.45540666e-01, -5.63089857e-01,  1.46547614e-01,
        -1.30776680e-01,  9.12894379e-02,  2.20241502e-01,
        -1.12319116e-01,  7.14542832e-02,  6.68250919e-02],
       [-7.53857576e-01,  1.15699385e+00, -6.67894270e-02,
        -1.82069221e-01,  5.68563111e-01, -1.31961454e-01,
        -4.89903219e-01,  1.43141867e+00, -1.92020175e-01,
        -7.44055666e-02, -3.28418506e-02, -3.07974901e-01,
         2.04534749e-01, -7.94605580e-02,  4.00673755e-02,
         2.90338518e-02, -1.04575433e-01,  8.65486342e-02],
       [ 8.90072233e-01, -1.68837688e-01,  3.14003947e+00,
        -2.24932643e-01, -1.31961454e-01,  1.58514531e+00,
        -5.50543315e+00, -2.25500250e+00,  4.55424439e+00,
         3.58398296e-01,  7.06645918e-01, -1.27497886e-01,
        -2.42933696e-01,  3.96222866e-02, -2.26486459e-01,
         8.58475304e-02,  1.43953400e-01, -2.97648378e-01],
       [ 6.46702027e-01, -1.02409113e+00, -1.18861550e+01,
         2.50377569e+00, -4.89903219e-01, -5.50543315e+00,
         2.75607915e+01,  7.72790104e+00, -1.52233709e+01,
        -1.47082520e+00, -3.13256195e+00,  5.93080020e-01,
         2.25992535e-01, -2.32161106e-02,  1.12624545e+00,
        -6.50645173e-01, -1.73456286e-01,  1.06186558e+00],
       [ 5.56824528e-01,  1.55020506e+00, -6.01767844e+00,
         1.17190145e+00,  1.43141867e+00, -2.25500250e+00,
         7.72790104e+00,  1.43924599e+01, -7.79834910e+00,
        -1.63984472e-01, -2.98748228e+00,  1.13073319e-01,
         1.88799405e-01,  3.44289601e-01,  1.30667213e+00,
        -3.69320932e-01, -1.74529581e-01,  7.40172715e-01],
       [ 2.39542821e+00,  4.99196736e-01,  9.12764289e+00,
        -5.53686412e-01, -1.92020175e-01,  4.55424439e+00,
        -1.52233709e+01, -7.79834910e+00,  1.59089275e+01,
         7.75191478e-01,  2.36669053e+00, -7.36274287e-01,
        -5.37868089e-01, -2.55785080e-01, -8.51187596e-01,
         2.12790064e-01,  1.95052375e-01, -9.13160366e-01],
       [ 1.89799460e-02, -3.22917599e-01,  5.71949403e-01,
        -1.45540666e-01, -7.44055666e-02,  3.58398296e-01,
        -1.47082520e+00, -1.63984472e-01,  7.75191478e-01,
         8.77540508e-01,  1.94381842e-01,  7.60330001e-02,
        -2.29175433e-01,  1.83304456e-02, -1.31174345e-01,
         2.42010455e-02, -1.66018230e-02, -2.53870223e-01],
       [-7.70803672e-01,  2.32066820e-01,  2.16268710e+00,
        -5.63089857e-01, -3.28418506e-02,  7.06645918e-01,
        -3.13256195e+00, -2.98748228e+00,  2.36669053e+00,
         1.94381842e-01,  1.44660315e+00, -3.39699105e-01,
         4.27875848e-02, -2.56712997e-01, -4.80042467e-01,
         1.59703072e-01, -1.79837456e-02, -2.74633940e-01],
       [ 4.81598097e-01, -9.07468376e-01, -5.87667002e-01,
         1.46547614e-01, -3.07974901e-01, -1.27497886e-01,
         5.93080020e-01,  1.13073319e-01, -7.36274287e-01,
         7.60330001e-02, -3.39699105e-01,  6.66948585e-01,
        -9.39391449e-02,  2.07945464e-01,  3.84203759e-02,
         2.78714998e-02,  1.00618439e-01,  2.25087716e-02],
       [-6.47446072e-01,  4.56007608e-01, -2.45414055e-01,
        -1.30776680e-01,  2.04534749e-01, -2.42933696e-01,
         2.25992535e-01,  1.88799405e-01, -5.37868089e-01,
        -2.29175433e-01,  4.27875848e-02, -9.39391449e-02,
         2.23702520e-01, -7.25487162e-02, -7.90410830e-03,
         6.85360368e-02, -8.89109275e-02,  1.05284282e-01],
       [ 3.64570751e-01, -3.06928392e-01, -1.18758231e-01,
         9.12894379e-02, -7.94605580e-02,  3.96222866e-02,
        -2.32161106e-02,  3.44289601e-01, -2.55785080e-01,
         1.83304456e-02, -2.56712997e-01,  2.07945464e-01,
        -7.25487162e-02,  1.43842416e-01,  7.74508535e-02,
        -1.08327937e-02,  8.59553080e-02,  2.32457613e-02],
       [ 3.12630156e-01, -3.19600079e-02, -7.16558074e-01,
         2.20241502e-01,  4.00673755e-02, -2.26486459e-01,
         1.12624545e+00,  1.30667213e+00, -8.51187596e-01,
        -1.31174345e-01, -4.80042467e-01,  3.84203759e-02,
        -7.90410830e-03,  7.74508535e-02,  2.16447688e-01,
        -6.98146115e-02,  9.02488072e-03,  1.29376369e-01],
       [-2.07176294e-01,  4.38943894e-02,  2.95449253e-01,
        -1.12319116e-01,  2.90338518e-02,  8.58475304e-02,
        -6.50645173e-01, -3.69320932e-01,  2.12790064e-01,
         2.42010455e-02,  1.59703072e-01,  2.78714998e-02,
         6.85360368e-02, -1.08327937e-02, -6.98146115e-02,
         8.20848619e-02, -1.45847148e-02, -1.53508879e-02],
       [ 3.93432367e-01, -2.41396964e-01,  2.00131402e-01,
         7.14542832e-02, -1.04575433e-01,  1.43953400e-01,
        -1.73456286e-01, -1.74529581e-01,  1.95052375e-01,
        -1.66018230e-02, -1.79837456e-02,  1.00618439e-01,
        -8.89109275e-02,  8.59553080e-02,  9.02488072e-03,
        -1.45847148e-02,  1.04227359e-01, -2.15629916e-02],
       [-1.58119342e-01,  1.38982627e-01, -6.11811222e-01,
         6.68250919e-02,  8.65486342e-02, -2.97648378e-01,
         1.06186558e+00,  7.40172715e-01, -9.13160366e-01,
        -2.53870223e-01, -2.74633940e-01,  2.25087716e-02,
         1.05284282e-01,  2.32457613e-02,  1.29376369e-01,
        -1.53508879e-02, -2.15629916e-02,  1.60011373e-01]])
      jac: array([ 6.23945340e-07, -1.76895535e-07, -1.16055314e-06, -9.28516523e-07,
        2.96022466e-06,  3.37914881e-06, -6.55031585e-08, -5.50670620e-07,
       -7.99730652e-07, -9.54421727e-07,  4.88498131e-08,  4.22624898e-07,
       -4.28287035e-06, -7.10172661e-07, -7.19054446e-07,  1.74971149e-06,
       -3.95091367e-06,  1.83482859e-06])
  message: 'Optimization terminated successfully.'
     nfev: 1748
      nit: 82
     njev: 92
   status: 0
  success: True
        x: array([ 0.9390244 , -1.00843041,  0.49309804,  1.26445993, -1.04014117,
        0.10942898,  1.11126855, -1.48330769, -0.76831107,  0.035131  ,
        0.59408532,  1.13415416,  0.00720518,  0.22998847, -0.29548503,
       -1.17344925, -0.19149042, -0.00207285])
