Program Begingeth
      fun: 0.29209305536477426
 hess_inv: array([[ 6.84090469e+00, -1.73190358e+00, -1.86674093e-01,
         2.14534502e+00, -9.92334291e-01,  3.44714909e-01,
         2.71495017e+00,  1.34541900e-01,  2.46133831e+00,
        -1.69498052e-01, -1.07966525e-01,  1.23288732e-01,
        -1.07271360e+00,  1.48459547e-01,  9.53955891e-02,
        -2.81799867e-01,  5.61503150e-01, -1.87222944e-01],
       [-1.73190358e+00,  3.71477037e+00, -2.51345316e-01,
        -1.98401540e-01,  1.51341281e+00, -1.05000577e-01,
         7.53086210e-01,  2.32975928e+00,  5.28894801e-01,
         6.95375272e-02, -2.35098755e-01, -9.94334729e-01,
         4.25042283e-01, -3.34583113e-01,  2.64098069e-01,
        -5.00761567e-02, -2.65659556e-01,  1.09641438e-01],
       [-1.86674093e-01, -2.51345316e-01,  1.51977907e+01,
        -1.93067081e+00, -7.02540396e-01,  5.68790059e+00,
        -1.83505561e+01, -7.22147058e+00,  5.76083924e+00,
        -6.27781793e-02,  3.69056481e+00, -1.30583638e+00,
        -5.85514582e-01, -5.87727489e-01, -8.10963341e-01,
         1.08649712e-03,  4.66515148e-01, -5.39645002e-02],
       [ 2.14534502e+00, -1.98401540e-01, -1.93067081e+00,
         9.95638932e-01, -1.14997139e-01, -6.05307107e-01,
         3.69156858e+00,  1.03136382e+00,  2.71571733e-01,
        -5.70658534e-02, -4.35771607e-01,  7.71633274e-02,
        -2.04661181e-01,  4.67453640e-02,  1.33557188e-01,
        -8.30336176e-02,  7.24883474e-02, -4.70714341e-02],
       [-9.92334291e-01,  1.51341281e+00, -7.02540396e-01,
        -1.14997139e-01,  6.96778939e-01, -2.70899009e-01,
         7.83329115e-01,  1.51224175e+00, -1.82860216e-01,
         9.66250658e-02, -2.53328819e-01, -2.92081773e-01,
         2.30254681e-01, -8.47029426e-02,  1.41686097e-01,
         5.95641814e-03, -1.40998625e-01,  5.75081740e-02],
       [ 3.44714909e-01, -1.05000577e-01,  5.68790059e+00,
        -6.05307107e-01, -2.70899009e-01,  2.21309535e+00,
        -6.92092474e+00, -2.42930304e+00,  2.56389664e+00,
         6.79716371e-02,  1.26952031e+00, -4.85750134e-01,
        -3.12193145e-01, -1.98032088e-01, -2.55122792e-01,
        -2.75934721e-02,  2.02296535e-01, -2.95613262e-02],
       [ 2.71495017e+00,  7.53086210e-01, -1.83505561e+01,
         3.69156858e+00,  7.83329115e-01, -6.92092474e+00,
         2.82821576e+01,  8.52937325e+00, -5.17880576e+00,
         2.03565121e-02, -3.69647178e+00,  1.06130715e+00,
         5.44447378e-01,  2.95837575e-01,  8.23571561e-01,
        -9.80671665e-02, -5.76584888e-01, -6.97758778e-02],
       [ 1.34541900e-01,  2.32975928e+00, -7.22147058e+00,
         1.03136382e+00,  1.51224175e+00, -2.42930304e+00,
         8.52937325e+00,  8.76469461e+00, -1.83918867e+00,
         7.67765409e-01, -2.03075127e+00,  7.89096185e-02,
         1.53629140e-01,  1.80877138e-01,  7.43759374e-01,
        -9.82028274e-02, -2.86739183e-01,  6.14306499e-02],
       [ 2.46133831e+00,  5.28894801e-01,  5.76083924e+00,
         2.71571733e-01, -1.82860216e-01,  2.56389664e+00,
        -5.17880576e+00, -1.83918867e+00,  6.22024598e+00,
         3.14195456e-01,  1.28439829e+00, -7.38316946e-01,
        -5.74824330e-01, -4.31300304e-01, -2.31009811e-01,
        -1.41207742e-01,  1.86492969e-01, -1.74676478e-01],
       [-1.69498052e-01,  6.95375272e-02, -6.27781793e-02,
        -5.70658534e-02,  9.66250658e-02,  6.79716371e-02,
         2.03565121e-02,  7.67765409e-01,  3.14195456e-01,
         1.01598031e+00,  9.12100744e-02, -3.65631206e-02,
        -2.16587873e-01, -4.61734408e-02, -6.79584316e-02,
        -1.05452747e-02, -5.88302411e-02, -2.08569870e-01],
       [-1.07966525e-01, -2.35098755e-01,  3.69056481e+00,
        -4.35771607e-01, -2.53328819e-01,  1.26952031e+00,
        -3.69647178e+00, -2.03075127e+00,  1.28439829e+00,
         9.12100744e-02,  1.52021025e+00, -3.29940066e-01,
        -1.37621642e-01, -2.87465109e-01, -3.81114619e-01,
         2.56716005e-02,  8.79294094e-02, -1.33817879e-01],
       [ 1.23288732e-01, -9.94334729e-01, -1.30583638e+00,
         7.71633274e-02, -2.92081773e-01, -4.85750134e-01,
         1.06130715e+00,  7.89096185e-02, -7.38316946e-01,
        -3.65631206e-02, -3.29940066e-01,  7.28891369e-01,
         1.60114962e-02,  2.21000095e-01, -3.96716918e-02,
         7.76187248e-02,  4.52618706e-02,  1.42982553e-02],
       [-1.07271360e+00,  4.25042283e-01, -5.85514582e-01,
        -2.04661181e-01,  2.30254681e-01, -3.12193145e-01,
         5.44447378e-01,  1.53629140e-01, -5.74824330e-01,
        -2.16587873e-01, -1.37621642e-01,  1.60114962e-02,
         3.14905948e-01, -2.02253270e-02,  3.23091018e-02,
         8.45135541e-02, -1.28921627e-01,  8.96717683e-02],
       [ 1.48459547e-01, -3.34583113e-01, -5.87727489e-01,
         4.67453640e-02, -8.47029426e-02, -1.98032088e-01,
         2.95837575e-01,  1.80877138e-01, -4.31300304e-01,
        -4.61734408e-02, -2.87465109e-01,  2.21000095e-01,
        -2.02253270e-02,  1.44791772e-01,  4.88954880e-02,
         8.20310081e-03,  5.38970085e-02,  3.02241255e-02],
       [ 9.53955891e-02,  2.64098069e-01, -8.10963341e-01,
         1.33557188e-01,  1.41686097e-01, -2.55122792e-01,
         8.23571561e-01,  7.43759374e-01, -2.31009811e-01,
        -6.79584316e-02, -3.81114619e-01, -3.96716918e-02,
         3.23091018e-02,  4.88954880e-02,  1.57880360e-01,
        -2.68194258e-02, -2.19916650e-02,  6.81989761e-02],
       [-2.81799867e-01, -5.00761567e-02,  1.08649712e-03,
        -8.30336176e-02,  5.95641814e-03, -2.75934721e-02,
        -9.80671665e-02, -9.82028274e-02, -1.41207742e-01,
        -1.05452747e-02,  2.56716005e-02,  7.76187248e-02,
         8.45135541e-02,  8.20310081e-03, -2.68194258e-02,
         5.99986363e-02, -2.59143523e-02,  1.22464789e-02],
       [ 5.61503150e-01, -2.65659556e-01,  4.66515148e-01,
         7.24883474e-02, -1.40998625e-01,  2.02296535e-01,
        -5.76584888e-01, -2.86739183e-01,  1.86492969e-01,
        -5.88302411e-02,  8.79294094e-02,  4.52618706e-02,
        -1.28921627e-01,  5.38970085e-02, -2.19916650e-02,
        -2.59143523e-02,  1.19019329e-01, -8.64595717e-03],
       [-1.87222944e-01,  1.09641438e-01, -5.39645002e-02,
        -4.70714341e-02,  5.75081740e-02, -2.95613262e-02,
        -6.97758778e-02,  6.14306499e-02, -1.74676478e-01,
        -2.08569870e-01, -1.33817879e-01,  1.42982553e-02,
         8.96717683e-02,  3.02241255e-02,  6.81989761e-02,
         1.22464789e-02, -8.64595717e-03,  9.39052829e-02]])
      jac: array([-1.84297022e-07, -2.37402690e-06, -5.44083297e-06,  2.34072021e-06,
        5.84865489e-06,  1.23545618e-05, -2.78295905e-07, -5.23655193e-07,
       -7.39778609e-07,  3.09382150e-07,  1.31413399e-06, -2.08573899e-06,
        1.92993769e-06, -1.29118938e-06, -1.05848663e-05, -4.40832556e-06,
        1.28896893e-06,  9.15193847e-06])
  message: 'Desired error not necessarily achieved due to precision loss.'
     nfev: 2273
      nit: 72
     njev: 119
   status: 2
  success: False
        x: array([ 0.98234492, -1.00193795,  0.10266191,  1.44442183, -1.00536476,
       -0.04962284,  1.8356403 , -1.24495291, -1.01577064, -0.00982119,
        0.46223153,  1.12669286,  0.01269815,  0.19740834, -0.2563795 ,
       -1.31445057, -0.29465334,  0.02092149])
