Program Begingeth
      fun: 0.27172769468282165
 hess_inv: array([[ 4.99280837e+00,  6.15280804e-01,  1.36029908e+00,
         2.51724502e+00,  3.32242299e-01, -4.26946190e-02,
         7.14024919e+00,  1.21100095e+00, -4.13702507e+00,
         7.17420194e-01,  7.77248770e-01, -3.68596123e-01,
        -1.89844477e-01, -2.87083830e-01, -1.85184008e-01,
         2.97393145e-02, -1.40550597e-01,  8.77515460e-02],
       [ 6.15280804e-01,  1.45321666e+00, -1.97252017e-02,
         3.55789257e-01,  7.26523852e-01, -1.57353851e-01,
         1.48014790e+00,  8.93738922e-01,  5.61275493e-01,
         5.80119537e-01,  4.46308521e-01, -9.33296332e-02,
        -1.85111314e-01, -3.34767679e-02, -1.43838487e-01,
        -7.68136255e-02,  1.82011766e-02,  3.48196232e-02],
       [ 1.36029908e+00, -1.97252017e-02,  1.88191912e+00,
         7.75945892e-01, -4.76652639e-02,  7.14009586e-01,
         2.57099821e+00, -1.66220803e+00, -1.56148019e+00,
         2.04586156e-01,  1.02717261e-02,  2.46472195e-01,
        -1.39595573e-02,  1.00595065e-01,  3.48780915e-02,
        -7.37882773e-03,  4.21664088e-02,  8.29063471e-02],
       [ 2.51724502e+00,  3.55789257e-01,  7.75945892e-01,
         1.29068669e+00,  1.92779112e-01,  1.66787961e-02,
         3.85176204e+00,  5.28946800e-01, -2.00110126e+00,
         3.55264771e-01,  4.36677366e-01, -1.57633852e-01,
        -9.40176333e-02, -1.38578110e-01, -1.06737378e-01,
         1.10728154e-02, -6.45525056e-02,  4.19830275e-02],
       [ 3.32242299e-01,  7.26523852e-01, -4.76652639e-02,
         1.92779112e-01,  4.00311898e-01, -1.18453766e-01,
         1.22384891e+00,  9.01696897e-01,  3.30853973e-01,
         2.97866921e-01,  2.87702903e-01, -9.74207994e-02,
        -1.34681972e-01, -3.98003241e-02, -8.10518601e-02,
        -5.48056104e-02, -1.02147274e-02,  2.65974886e-02],
       [-4.26946190e-02, -1.57353851e-01,  7.14009586e-01,
         1.66787961e-02, -1.18453766e-01,  3.79778015e-01,
        -1.62679697e-01, -1.22033634e+00, -1.32112986e-01,
        -8.12821330e-02, -1.65595255e-01,  1.87418916e-01,
         7.21852831e-02,  1.07631133e-01,  5.65838687e-02,
         1.06131807e-02,  5.63337250e-02,  1.46946686e-02],
       [ 7.14024919e+00,  1.48014790e+00,  2.57099821e+00,
         3.85176204e+00,  1.22384891e+00, -1.62679697e-01,
         2.06834248e+01,  6.24571743e+00, -4.98051987e+00,
         1.25418750e+00,  2.39000345e+00, -8.18916620e-01,
        -1.01853124e+00, -7.70834764e-01, -4.88386945e-01,
        -2.88145729e-01, -5.79182385e-01,  3.14824070e-01],
       [ 1.21100095e+00,  8.93738922e-01, -1.66220803e+00,
         5.28946800e-01,  9.01696897e-01, -1.22033634e+00,
         6.24571743e+00,  9.13297040e+00,  7.91136315e-01,
         7.80335772e-01,  1.10266632e+00, -1.53001341e+00,
        -6.56915771e-01, -5.90545194e-01, -1.27401200e-01,
        -1.10755132e-01, -3.48811196e-01,  1.47434460e-01],
       [-4.13702507e+00,  5.61275493e-01, -1.56148019e+00,
        -2.00110126e+00,  3.30853973e-01, -1.32112986e-01,
        -4.98051987e+00,  7.91136315e-01,  7.32228770e+00,
        -5.79030767e-01,  4.86386634e-01, -2.40088284e-01,
         1.21778543e-01,  6.38635818e-02, -4.65276163e-02,
        -8.98846764e-02,  1.70096003e-01, -1.63387169e-01],
       [ 7.17420194e-01,  5.80119537e-01,  2.04586156e-01,
         3.55264771e-01,  2.97866921e-01, -8.12821330e-02,
         1.25418750e+00,  7.80335772e-01, -5.79030767e-01,
         1.24411587e+00,  1.20794037e-01, -7.61206921e-02,
        -3.35710823e-01, -2.32671819e-02,  6.17108833e-02,
        -4.47652561e-02,  4.39926880e-03,  2.39234950e-01],
       [ 7.77248770e-01,  4.46308521e-01,  1.02717261e-02,
         4.36677366e-01,  2.87702903e-01, -1.65595255e-01,
         2.39000345e+00,  1.10266632e+00,  4.86386634e-01,
         1.20794037e-01,  9.12338077e-01, -2.49793704e-01,
        -1.20745054e-01, -2.13439297e-01, -1.82700793e-01,
        -6.09614408e-02, -5.36954113e-02, -5.02246724e-02],
       [-3.68596123e-01, -9.33296332e-02,  2.46472195e-01,
        -1.57633852e-01, -9.74207994e-02,  1.87418916e-01,
        -8.18916620e-01, -1.53001341e+00, -2.40088284e-01,
        -7.61206921e-02, -2.49793704e-01,  5.54683728e-01,
         4.46396124e-02,  1.48555055e-01, -1.83812199e-02,
        -3.67700847e-02,  6.83626512e-02,  4.63639239e-03],
       [-1.89844477e-01, -1.85111314e-01, -1.39595573e-02,
        -9.40176333e-02, -1.34681972e-01,  7.21852831e-02,
        -1.01853124e+00, -6.56915771e-01,  1.21778543e-01,
        -3.35710823e-01, -1.20745054e-01,  4.46396124e-02,
         1.69927676e-01,  4.20345647e-02,  4.05626700e-03,
         5.84584172e-02,  3.81145877e-02, -7.67384664e-02],
       [-2.87083830e-01, -3.34767679e-02,  1.00595065e-01,
        -1.38578110e-01, -3.98003241e-02,  1.07631133e-01,
        -7.70834764e-01, -5.90545194e-01,  6.38635818e-02,
        -2.32671819e-02, -2.13439297e-01,  1.48555055e-01,
         4.20345647e-02,  1.05360513e-01,  3.30708905e-02,
         3.92356555e-03,  6.05320237e-02,  7.17616631e-03],
       [-1.85184008e-01, -1.43838487e-01,  3.48780915e-02,
        -1.06737378e-01, -8.10518601e-02,  5.65838687e-02,
        -4.88386945e-01, -1.27401200e-01, -4.65276163e-02,
         6.17108833e-02, -1.82700793e-01, -1.83812199e-02,
         4.05626700e-03,  3.30708905e-02,  8.48832677e-02,
         1.95805538e-02,  6.66186707e-03,  4.89382030e-02],
       [ 2.97393145e-02, -7.68136255e-02, -7.37882773e-03,
         1.10728154e-02, -5.48056104e-02,  1.06131807e-02,
        -2.88145729e-01, -1.10755132e-01, -8.98846764e-02,
        -4.47652561e-02, -6.09614408e-02, -3.67700847e-02,
         5.84584172e-02,  3.92356555e-03,  1.95805538e-02,
         4.59146002e-02,  7.42474234e-03, -1.12852882e-02],
       [-1.40550597e-01,  1.82011766e-02,  4.21664088e-02,
        -6.45525056e-02, -1.02147274e-02,  5.63337250e-02,
        -5.79182385e-01, -3.48811196e-01,  1.70096003e-01,
         4.39926880e-03, -5.36954113e-02,  6.83626512e-02,
         3.81145877e-02,  6.05320237e-02,  6.66186707e-03,
         7.42474234e-03,  6.04957760e-02, -7.29391185e-03],
       [ 8.77515460e-02,  3.48196232e-02,  8.29063471e-02,
         4.19830275e-02,  2.65974886e-02,  1.46946686e-02,
         3.14824070e-01,  1.47434460e-01, -1.63387169e-01,
         2.39234950e-01, -5.02246724e-02,  4.63639239e-03,
        -7.67384664e-02,  7.17616631e-03,  4.89382030e-02,
        -1.12852882e-02, -7.29391185e-03,  8.28184389e-02]])
      jac: array([ 1.43477822e-06, -1.39184960e-06, -1.09542005e-06, -3.08753023e-06,
        4.05305419e-06,  2.75187280e-06,  2.11312449e-07, -1.91328435e-07,
       -1.69494048e-07,  3.26405569e-07, -3.82656869e-07,  8.91879163e-08,
        1.64905127e-06, -3.56270569e-06, -3.44539212e-07, -2.34997207e-07,
        1.76118379e-06,  7.41258906e-07])
  message: 'Optimization terminated successfully.'
     nfev: 1387
      nit: 65
     njev: 73
   status: 0
  success: True
        x: array([-1.87956731, -1.15968271,  0.5830631 , -1.6735008 , -1.20346698,
        0.32377411, -0.63002748, -1.47335793,  1.0452179 ,  0.04001125,
        0.47899567,  1.12692989,  0.12996486,  0.256393  , -0.22516   ,
        1.47544276,  0.01057718,  0.0210828 ])
