Program Begingeth
      fun: 0.4010518177236998
 hess_inv: array([[ 1.66099872e+00, -1.69597161e-01,  9.53561728e-02,
         2.63802219e-01, -4.01130356e-01,  4.55515297e-01,
         7.80671237e-01, -4.16441096e-01,  3.44591493e-01,
         7.29228018e-01, -1.34036641e+00,  1.65371658e-01,
        -6.80927838e-01, -2.52701736e-02,  1.06523530e-01,
        -6.09147977e-02, -3.25189433e-02, -3.42148796e-01],
       [-1.69597161e-01,  8.38423502e-01, -1.63892358e-01,
        -3.46305574e-01,  1.03914132e-01, -3.52764727e-01,
        -1.27113953e+00,  2.46004605e-01, -3.99410652e-01,
        -1.04573485e+00,  1.28767878e-01, -1.99702437e-01,
         8.69709872e-02, -2.95610940e-01, -2.97735299e-01,
         5.99838640e-02, -1.14517342e-02, -1.32647935e-01],
       [ 9.53561728e-02, -1.63892358e-01,  4.99985151e-01,
         1.78035302e-01,  9.33576823e-02,  1.60660143e-01,
         1.64974442e-01, -1.94104587e-01,  6.18909488e-01,
         7.52915420e-01,  1.11369813e-01,  6.19613204e-03,
         1.54692611e-02,  1.85667347e-01, -3.81953643e-02,
         8.08472804e-02,  5.77324782e-02,  7.08127877e-02],
       [ 2.63802219e-01, -3.46305574e-01,  1.78035302e-01,
         5.28201717e-01,  7.42473139e-02,  2.62033341e-01,
         1.21978166e+00,  3.04523754e-01,  1.27930320e+00,
         1.54924463e+00,  1.70942787e-01, -1.07436586e-01,
         7.70606059e-03,  1.50297461e-01,  1.55767379e-01,
         3.22688129e-02, -1.37707901e-02,  4.75790371e-02],
       [-4.01130356e-01,  1.03914132e-01,  9.33576823e-02,
         7.42473139e-02,  4.61747714e-01, -1.43044886e-01,
        -3.70359685e-01,  9.05646034e-01,  7.05145645e-01,
         2.47955676e-01,  1.15985535e+00, -2.63923666e-01,
         2.89716836e-01,  9.26642237e-02, -9.15292597e-02,
         1.11174179e-01, -4.38501507e-03,  1.10027704e-01],
       [ 4.55515297e-01, -3.52764727e-01,  1.60660143e-01,
         2.62033341e-01, -1.43044886e-01,  5.25574357e-01,
         1.21219766e+00, -4.43344066e-01,  1.29670663e+00,
         9.89166165e-01, -3.00552268e-01,  6.13763032e-01,
        -2.83307889e-01,  1.73148239e-01,  2.18713870e-01,
        -7.13800620e-02,  9.96125004e-02, -1.25918230e-02],
       [ 7.80671237e-01, -1.27113953e+00,  1.64974442e-01,
         1.21978166e+00, -3.70359685e-01,  1.21219766e+00,
         9.24939427e+00, -1.21348174e+00,  4.84627097e+00,
         3.57640971e+00,  6.09644552e-01,  5.12882405e-01,
        -7.82053196e-01,  4.60208875e-01,  6.24189409e-01,
        -3.39441052e-01,  5.08078281e-01, -8.75836714e-02],
       [-4.16441096e-01,  2.46004605e-01, -1.94104587e-01,
         3.04523754e-01,  9.05646034e-01, -4.43344066e-01,
        -1.21348174e+00,  3.89533552e+00,  1.03660936e+00,
         5.58249929e-01,  1.76957496e+00, -1.12935846e+00,
         5.65945391e-01,  6.07099413e-02, -6.40993091e-02,
         1.77141985e-01, -1.23078338e-01,  1.72340570e-01],
       [ 3.44591493e-01, -3.99410652e-01,  6.18909488e-01,
         1.27930320e+00,  7.05145645e-01,  1.29670663e+00,
         4.84627097e+00,  1.03660936e+00,  8.91247998e+00,
         4.60034175e+00,  2.53579023e+00,  6.30894341e-01,
        -2.56464137e-01,  5.07765810e-01,  4.07691860e-01,
        -3.46113561e-02,  3.71418929e-01,  1.78373605e-01],
       [ 7.29228018e-01, -1.04573485e+00,  7.52915420e-01,
         1.54924463e+00,  2.47955676e-01,  9.89166165e-01,
         3.57640971e+00,  5.58249929e-01,  4.60034175e+00,
         4.99412275e+00,  6.20401526e-01,  4.27653937e-02,
        -8.67269084e-02,  5.58664725e-01,  4.62633584e-01,
         5.17377659e-02,  7.13933795e-02,  1.65768547e-01],
       [-1.34036641e+00,  1.28767878e-01,  1.11369813e-01,
         1.70942787e-01,  1.15985535e+00, -3.00552268e-01,
         6.09644552e-01,  1.76957496e+00,  2.53579023e+00,
         6.20401526e-01,  3.63372858e+00, -5.60934613e-01,
         6.62072611e-01,  2.36834572e-01, -1.82781123e-01,
         1.66003775e-01,  9.24410403e-02,  2.94787826e-01],
       [ 1.65371658e-01, -1.99702437e-01,  6.19613204e-03,
        -1.07436586e-01, -2.63923666e-01,  6.13763032e-01,
         5.12882405e-01, -1.12935846e+00,  6.30894341e-01,
         4.27653937e-02, -5.60934613e-01,  1.51391599e+00,
        -3.07128119e-01,  1.45344258e-01,  2.18773390e-01,
        -1.13710262e-01,  1.70157845e-01, -1.08684792e-02],
       [-6.80927838e-01,  8.69709872e-02,  1.54692611e-02,
         7.70606059e-03,  2.89716836e-01, -2.83307889e-01,
        -7.82053196e-01,  5.65945391e-01, -2.56464137e-01,
        -8.67269084e-02,  6.62072611e-01, -3.07128119e-01,
         4.58552055e-01,  1.10780399e-02, -7.27762836e-02,
         1.36444039e-01, -7.70347908e-02,  1.79088344e-01],
       [-2.52701736e-02, -2.95610940e-01,  1.85667347e-01,
         1.50297461e-01,  9.26642237e-02,  1.73148239e-01,
         4.60208875e-01,  6.07099413e-02,  5.07765810e-01,
         5.58664725e-01,  2.36834572e-01,  1.45344258e-01,
         1.10780399e-02,  2.07397187e-01,  8.74662250e-02,
         8.66849841e-03,  6.96615372e-02,  8.67393693e-02],
       [ 1.06523530e-01, -2.97735299e-01, -3.81953643e-02,
         1.55767379e-01, -9.15292597e-02,  2.18713870e-01,
         6.24189409e-01, -6.40993091e-02,  4.07691860e-01,
         4.62633584e-01, -1.82781123e-01,  2.18773390e-01,
        -7.27762836e-02,  8.74662250e-02,  1.95912387e-01,
        -5.37838914e-02,  1.13454493e-02,  5.83478623e-02],
       [-6.09147977e-02,  5.99838640e-02,  8.08472804e-02,
         3.22688129e-02,  1.11174179e-01, -7.13800620e-02,
        -3.39441052e-01,  1.77141985e-01, -3.46113561e-02,
         5.17377659e-02,  1.66003775e-01, -1.13710262e-01,
         1.36444039e-01,  8.66849841e-03, -5.37838914e-02,
         9.91260078e-02, -3.69629954e-02,  2.98942595e-02],
       [-3.25189433e-02, -1.14517342e-02,  5.77324782e-02,
        -1.37707901e-02, -4.38501507e-03,  9.96125004e-02,
         5.08078281e-01, -1.23078338e-01,  3.71418929e-01,
         7.13933795e-02,  9.24410403e-02,  1.70157845e-01,
        -7.70347908e-02,  6.96615372e-02,  1.13454493e-02,
        -3.69629954e-02,  1.17350055e-01, -1.02232131e-03],
       [-3.42148796e-01, -1.32647935e-01,  7.08127877e-02,
         4.75790371e-02,  1.10027704e-01, -1.25918230e-02,
        -8.75836714e-02,  1.72340570e-01,  1.78373605e-01,
         1.65768547e-01,  2.94787826e-01, -1.08684792e-02,
         1.79088344e-01,  8.67393693e-02,  5.83478623e-02,
         2.98942595e-02, -1.02232131e-03,  1.57469005e-01]])
      jac: array([ 6.60952774e-07, -6.06699876e-06, -5.34202312e-06, -6.42375042e-06,
        1.02599410e-05,  2.81219492e-05,  4.89238280e-07, -2.62012634e-07,
       -1.83889940e-06,  5.68434189e-07, -1.75748305e-06, -5.90860694e-06,
        1.10171131e-05, -1.55634764e-05, -1.62262796e-05, -2.19898174e-06,
        1.11292457e-05,  3.31364565e-06])
  message: 'Desired error not necessarily achieved due to precision loss.'
     nfev: 2653
      nit: 85
     njev: 139
   status: 2
  success: False
        x: array([ 0.07140258,  0.00256306,  0.84151359,  1.33685276, -1.0974309 ,
        0.32279888,  0.61104602, -2.23346384,  0.72740781,  1.71065028,
       -1.02060037,  0.91786023,  0.06417035, -0.06208368, -0.24418496,
       -1.21793364, -0.74677647,  0.0506107 ])
