Program Begingeth
      fun: 0.3878846444321284
 hess_inv: array([[ 1.18698546e+01, -4.43528521e+00, -2.88839052e+00,
         1.98535027e+00, -1.36154859e+00,  1.50765166e+00,
        -2.06917101e+01,  2.39523091e+00, -3.21051980e+00,
        -1.95256749e-01, -1.80737437e+00,  1.70117765e+00,
        -1.75597727e+00,  3.29189598e-01,  1.14525768e+00,
        -3.05494203e-01, -5.37605265e-01, -1.93021945e+00],
       [-4.43528521e+00,  6.43864244e+00,  3.50189827e+00,
        -6.83137318e-01,  6.98059302e-01, -5.03321052e-01,
         2.05262372e+01, -2.55702245e+00,  6.46970621e+00,
        -1.42584835e+00,  1.13761376e+00, -2.78616789e+00,
         3.48458040e-01, -8.12107910e-01, -7.40336726e-01,
         3.67198123e-01,  1.73144417e+00,  1.43722831e+00],
       [-2.88839052e+00,  3.50189827e+00,  4.66176673e+00,
        -8.40103528e-01,  1.63835386e-02, -2.35217725e-02,
         1.86084137e+01, -3.69619652e+00,  2.44767961e+00,
        -1.27412659e+00,  1.90320429e+00, -1.84946936e+00,
        -1.19665230e-01, -5.55852995e-01, -9.21197715e-01,
         6.93697760e-01,  1.44822169e+00,  1.10458845e+00],
       [ 1.98535027e+00, -6.83137318e-01, -8.40103528e-01,
         4.44280994e-01, -1.25889258e-01,  2.17154222e-01,
        -4.73354102e+00,  6.78763806e-01, -2.76029931e-01,
         6.85573959e-02, -4.75682950e-01,  2.56683321e-01,
        -1.58804156e-01,  5.56352903e-02,  2.82284765e-01,
        -1.03883417e-01, -2.23043463e-01, -3.37646378e-01],
       [-1.36154859e+00,  6.98059302e-01,  1.63835386e-02,
        -1.25889258e-01,  4.74184118e-01, -1.59392727e-01,
        -1.51498269e+00, -4.38693761e-01,  3.31104640e-01,
         3.95564755e-01,  1.03631249e-01, -2.20416684e-01,
         4.09777980e-01, -2.18396908e-03, -7.15916210e-02,
        -6.91024965e-02, -2.60447052e-01,  9.40653062e-02],
       [ 1.50765166e+00, -5.03321052e-01, -2.35217725e-02,
         2.17154222e-01, -1.59392727e-01,  3.15038876e-01,
        -2.65723086e+00,  1.09684674e-02, -3.67967738e-01,
         1.04533778e-01, -1.84868861e-01,  1.45069931e-01,
        -2.80703978e-01,  4.26366826e-02,  1.54201013e-01,
        -3.45463058e-02, -6.63405708e-02, -2.20242889e-01],
       [-2.06917101e+01,  2.05262372e+01,  1.86084137e+01,
        -4.73354102e+00, -1.51498269e+00, -2.65723086e+00,
         1.45782340e+02, -5.02155201e+00,  2.18668633e+01,
        -1.06889248e+01,  6.31564673e+00, -8.83622111e+00,
        -8.74418991e-01, -2.70254591e+00, -4.09610952e+00,
         3.86958151e+00,  1.15806020e+01,  8.03310483e+00],
       [ 2.39523091e+00, -2.55702245e+00, -3.69619652e+00,
         6.78763806e-01, -4.38693761e-01,  1.09684674e-02,
        -5.02155201e+00,  8.16116320e+00, -1.18576409e+00,
         3.95337342e-02, -1.98706307e+00,  1.30931451e+00,
        -3.32188989e-01,  5.74404175e-01,  1.05244680e+00,
        -4.78077448e-01,  9.41641746e-02, -3.91908352e-01],
       [-3.21051980e+00,  6.46970621e+00,  2.44767961e+00,
        -2.76029931e-01,  3.31104640e-01, -3.67967738e-01,
         2.18668633e+01, -1.18576409e+00,  1.10304489e+01,
        -1.78547888e+00,  4.06825709e-01, -2.67044338e+00,
         1.12502122e-01, -1.00784667e+00, -3.42444667e-01,
         2.07540935e-01,  1.89246144e+00,  1.66732314e+00],
       [-1.95256749e-01, -1.42584835e+00, -1.27412659e+00,
         6.85573959e-02,  3.95564755e-01,  1.04533778e-01,
        -1.06889248e+01,  3.95337342e-02, -1.78547888e+00,
         1.76258013e+00, -2.80818035e-01,  6.76873051e-01,
         2.58695686e-01,  2.39070037e-01,  2.13787123e-01,
        -3.26786452e-01, -1.11692951e+00, -5.40868581e-01],
       [-1.80737437e+00,  1.13761376e+00,  1.90320429e+00,
        -4.75682950e-01,  1.03631249e-01, -1.84868861e-01,
         6.31564673e+00, -1.98706307e+00,  4.06825709e-01,
        -2.80818035e-01,  1.51532103e+00, -6.93651552e-01,
         1.35704904e-01, -3.32820068e-01, -6.12249022e-01,
         3.08487810e-01,  3.19652582e-01,  3.18734158e-01],
       [ 1.70117765e+00, -2.78616789e+00, -1.84946936e+00,
         2.56683321e-01, -2.20416684e-01,  1.45069931e-01,
        -8.83622111e+00,  1.30931451e+00, -2.67044338e+00,
         6.76873051e-01, -6.93651552e-01,  1.64279508e+00,
        -1.02249854e-01,  4.75173787e-01,  2.91735739e-01,
        -1.42659998e-01, -7.24975517e-01, -6.09799242e-01],
       [-1.75597727e+00,  3.48458040e-01, -1.19665230e-01,
        -1.58804156e-01,  4.09777980e-01, -2.80703978e-01,
        -8.74418991e-01, -3.32188989e-01,  1.12502122e-01,
         2.58695686e-01,  1.35704904e-01, -1.02249854e-01,
         5.68156721e-01,  1.16908033e-02, -8.94466776e-02,
        -1.18254408e-02, -3.38386095e-01,  1.73065730e-01],
       [ 3.29189598e-01, -8.12107910e-01, -5.55852995e-01,
         5.56352903e-02, -2.18396908e-03,  4.26366826e-02,
        -2.70254591e+00,  5.74404175e-01, -1.00784667e+00,
         2.39070037e-01, -3.32820068e-01,  4.75173787e-01,
         1.16908033e-02,  2.18500721e-01,  1.29027061e-01,
        -5.34548903e-02, -2.08546006e-01, -1.46558608e-01],
       [ 1.14525768e+00, -7.40336726e-01, -9.21197715e-01,
         2.82284765e-01, -7.15916210e-02,  1.54201013e-01,
        -4.09610952e+00,  1.05244680e+00, -3.42444667e-01,
         2.13787123e-01, -6.12249022e-01,  2.91735739e-01,
        -8.94466776e-02,  1.29027061e-01,  3.39288792e-01,
        -1.71942118e-01, -2.36427779e-01, -2.13517339e-01],
       [-3.05494203e-01,  3.67198123e-01,  6.93697760e-01,
        -1.03883417e-01, -6.91024965e-02, -3.45463058e-02,
         3.86958151e+00, -4.78077448e-01,  2.07540935e-01,
        -3.26786452e-01,  3.08487810e-01, -1.42659998e-01,
        -1.18254408e-02, -5.34548903e-02, -1.71942118e-01,
         2.22104068e-01,  2.81705071e-01,  1.83799170e-01],
       [-5.37605265e-01,  1.73144417e+00,  1.44822169e+00,
        -2.23043463e-01, -2.60447052e-01, -6.63405708e-02,
         1.15806020e+01,  9.41641746e-02,  1.89246144e+00,
        -1.11692951e+00,  3.19652582e-01, -7.24975517e-01,
        -3.38386095e-01, -2.08546006e-01, -2.36427779e-01,
         2.81705071e-01,  1.17632876e+00,  5.52836998e-01],
       [-1.93021945e+00,  1.43722831e+00,  1.10458845e+00,
        -3.37646378e-01,  9.40653062e-02, -2.20242889e-01,
         8.03310483e+00, -3.91908352e-01,  1.66732314e+00,
        -5.40868581e-01,  3.18734158e-01, -6.09799242e-01,
         1.73065730e-01, -1.46558608e-01, -2.13517339e-01,
         1.83799170e-01,  5.52836998e-01,  6.16590193e-01]])
      jac: array([-7.25345710e-08,  6.49480470e-07, -6.15803704e-07, -1.98581892e-06,
       -2.08018787e-06,  2.58311890e-06,  3.33066907e-08,  1.80226204e-07,
        1.69123974e-07, -6.03221177e-08,  2.96799622e-07, -6.29496455e-07,
        1.41109346e-06,  2.34405088e-06, -4.00790512e-07,  1.50324198e-06,
       -8.00100727e-07, -1.88182803e-06])
  message: 'Optimization terminated successfully.'
     nfev: 1805
      nit: 80
     njev: 95
   status: 0
  success: True
        x: array([ 0.34035375, -0.95423722,  0.41983885,  1.07290234, -0.8660682 ,
        0.05176543, -0.27582272, -1.96651747, -0.47568997,  0.09371539,
        0.46524015,  1.14972203,  0.10161453, -0.0641438 , -0.34792762,
       -1.07631586, -1.16298226, -0.00686249])
