Program Begingeth
      fun: 0.30113650123459823
 hess_inv: array([[ 4.21815356e+00,  1.53734599e+00, -3.98617826e-01,
         1.48758452e+00,  7.74573387e-01, -1.06586886e+00,
         1.61329897e+00, -6.81361964e-01, -3.80095534e+00,
        -8.93867146e-02,  8.99418820e-01, -4.04559996e-01,
        -5.76624880e-01, -3.25428268e-01, -4.21223926e-01,
        -2.81881221e-01, -4.31471737e-01,  1.72797941e-01],
       [ 1.53734599e+00,  4.68615067e+00,  1.14769875e+00,
         4.99317382e-01,  2.09942332e+00,  9.75391094e-02,
         4.15951670e+00,  1.60335684e+00,  3.67939655e+00,
         4.30423174e-01,  6.95509823e-01, -1.22700349e+00,
        -6.60987628e-01, -4.10001844e-01, -2.84799713e-01,
        -1.91586781e-01, -3.87815142e-01,  9.77590802e-02],
       [-3.98617826e-01,  1.14769875e+00,  2.50478270e+00,
         2.35043388e-01,  4.00217639e-01,  1.18513475e+00,
         3.83638891e+00, -1.85864380e+00,  4.25537058e+00,
        -8.14365591e-02,  7.02560103e-01, -3.53323256e-01,
         9.69188958e-02, -9.12848383e-02, -2.20855451e-01,
        -8.57366741e-02,  2.64782668e-02, -2.05069339e-01],
       [ 1.48758452e+00,  4.99317382e-01,  2.35043388e-01,
         6.38963918e-01,  2.43555976e-01, -1.98611150e-01,
         1.37323406e+00, -7.34433575e-01, -9.81615408e-01,
        -9.63484685e-02,  4.40469867e-01, -9.63896949e-02,
        -1.38655231e-01, -9.73054285e-02, -2.07352517e-01,
        -1.09179631e-01, -1.20387358e-01, -3.46801263e-04],
       [ 7.74573387e-01,  2.09942332e+00,  4.00217639e-01,
         2.43555976e-01,  1.03973834e+00, -4.74617150e-03,
         2.24846820e+00,  1.38946018e+00,  1.26610623e+00,
         1.22366629e-01,  2.37642286e-01, -4.75771640e-01,
        -3.47776401e-01, -1.42983525e-01, -1.08557384e-01,
        -1.20733012e-01, -2.13205895e-01,  5.81313547e-02],
       [-1.06586886e+00,  9.75391094e-02,  1.18513475e+00,
        -1.98611150e-01, -4.74617150e-03,  8.03173869e-01,
         1.50281285e+00, -5.36298911e-01,  2.87811611e+00,
        -1.07172718e-01,  3.41482927e-02, -2.61429372e-02,
         2.00885412e-01,  4.78612749e-02,  2.73436764e-02,
         4.43356987e-02,  9.22067816e-02, -1.22323637e-01],
       [ 1.61329897e+00,  4.15951670e+00,  3.83638891e+00,
         1.37323406e+00,  2.24846820e+00,  1.50281285e+00,
         1.42202225e+01,  5.76353777e-01,  5.92982014e+00,
        -4.24792549e-01,  1.23129164e+00, -6.12897223e-01,
        -5.12904972e-01, -2.34638269e-01, -5.80522791e-01,
        -4.63391189e-01, -6.05644485e-01, -3.03863308e-01],
       [-6.81361964e-01,  1.60335684e+00, -1.85864380e+00,
        -7.34433575e-01,  1.38946018e+00, -5.36298911e-01,
         5.76353777e-01,  9.13868069e+00, -5.98157978e-01,
        -6.54602022e-03, -1.16894282e+00, -2.13273837e-01,
        -4.40134325e-01,  1.64607212e-01,  5.45287747e-01,
         6.26015584e-02, -2.60361201e-01,  3.01253440e-01],
       [-3.80095534e+00,  3.67939655e+00,  4.25537058e+00,
        -9.81615408e-01,  1.26610623e+00,  2.87811611e+00,
         5.92982014e+00, -5.98157978e-01,  1.58978060e+01,
         1.98137388e-01,  3.51603867e-01, -1.04137690e+00,
         3.31627648e-01, -3.04939819e-01,  4.08384797e-02,
         2.36015518e-01,  2.82237866e-02, -2.85500587e-01],
       [-8.93867146e-02,  4.30423174e-01, -8.14365591e-02,
        -9.63484685e-02,  1.22366629e-01, -1.07172718e-01,
        -4.24792549e-01, -6.54602022e-03,  1.98137388e-01,
         6.72586265e-01, -7.89686487e-02, -1.28239212e-01,
        -1.72560194e-01, -7.93024057e-03,  7.05482327e-02,
         4.17681464e-03,  4.49175322e-02,  1.78728155e-01],
       [ 8.99418820e-01,  6.95509823e-01,  7.02560103e-01,
         4.40469867e-01,  2.37642286e-01,  3.41482927e-02,
         1.23129164e+00, -1.16894282e+00,  3.51603867e-01,
        -7.89686487e-02,  9.30594968e-01, -2.95179300e-01,
        -8.33545085e-02, -2.40317964e-01, -3.15984164e-01,
        -1.11291574e-01, -8.74663327e-02, -1.43459695e-01],
       [-4.04559996e-01, -1.22700349e+00, -3.53323256e-01,
        -9.63896949e-02, -4.75771640e-01, -2.61429372e-02,
        -6.12897223e-01, -2.13273837e-01, -1.04137690e+00,
        -1.28239212e-01, -2.95179300e-01,  6.46593223e-01,
         1.33658264e-01,  2.06247047e-01,  3.65146448e-02,
        -1.25042209e-02,  1.25959511e-01, -1.44364795e-02],
       [-5.76624880e-01, -6.60987628e-01,  9.69188958e-02,
        -1.38655231e-01, -3.47776401e-01,  2.00885412e-01,
        -5.12904972e-01, -4.40134325e-01,  3.31627648e-01,
        -1.72560194e-01, -8.33545085e-02,  1.33658264e-01,
         2.51143303e-01,  6.97717523e-02,  4.00947953e-02,
         1.06641456e-01,  1.29076208e-01, -9.25540900e-02],
       [-3.25428268e-01, -4.10001844e-01, -9.12848383e-02,
        -9.73054285e-02, -1.42983525e-01,  4.78612749e-02,
        -2.34638269e-01,  1.64607212e-01, -3.04939819e-01,
        -7.93024057e-03, -2.40317964e-01,  2.06247047e-01,
         6.97717523e-02,  1.40725640e-01,  6.82802706e-02,
         1.82672794e-02,  9.81177575e-02,  1.29173846e-02],
       [-4.21223926e-01, -2.84799713e-01, -2.20855451e-01,
        -2.07352517e-01, -1.08557384e-01,  2.73436764e-02,
        -5.80522791e-01,  5.45287747e-01,  4.08384797e-02,
         7.05482327e-02, -3.15984164e-01,  3.65146448e-02,
         4.00947953e-02,  6.82802706e-02,  1.66061133e-01,
         6.46746803e-02,  3.40319611e-02,  7.96335366e-02],
       [-2.81881221e-01, -1.91586781e-01, -8.57366741e-02,
        -1.09179631e-01, -1.20733012e-01,  4.43356987e-02,
        -4.63391189e-01,  6.26015584e-02,  2.36015518e-01,
         4.17681464e-03, -1.11291574e-01, -1.25042209e-02,
         1.06641456e-01,  1.82672794e-02,  6.46746803e-02,
         9.68061061e-02,  5.30153251e-02, -2.33804073e-03],
       [-4.31471737e-01, -3.87815142e-01,  2.64782668e-02,
        -1.20387358e-01, -2.13205895e-01,  9.22067816e-02,
        -6.05644485e-01, -2.60361201e-01,  2.82237866e-02,
         4.49175322e-02, -8.74663327e-02,  1.25959511e-01,
         1.29076208e-01,  9.81177575e-02,  3.40319611e-02,
         5.30153251e-02,  1.58753644e-01, -2.19985075e-02],
       [ 1.72797941e-01,  9.77590802e-02, -2.05069339e-01,
        -3.46801263e-04,  5.81313547e-02, -1.22323637e-01,
        -3.03863308e-01,  3.01253440e-01, -2.85500587e-01,
         1.78728155e-01, -1.43459695e-01, -1.44364795e-02,
        -9.25540900e-02,  1.29173846e-02,  7.96335366e-02,
        -2.33804073e-03, -2.19985075e-02,  1.31216079e-01]])
      jac: array([-2.75890422e-06,  1.15463195e-07, -3.08086889e-06,  5.38236122e-06,
        2.10535293e-06,  1.28685951e-05, -9.22595334e-07,  4.13002965e-07,
       -1.49658064e-06,  1.37297581e-06,  3.70074342e-06, -2.71264492e-06,
        1.89626093e-06,  9.95611001e-06, -1.14090219e-05,  3.69334193e-06,
       -1.01274544e-05,  1.14486198e-05])
  message: 'Desired error not necessarily achieved due to precision loss.'
     nfev: 1912
      nit: 58
     njev: 100
   status: 2
  success: False
        x: array([-0.72433024, -1.16715836,  0.61683225, -0.95099385, -1.21550758,
        0.17066115, -0.51699542, -2.00268164, -0.42447768,  0.06523469,
        0.57903271,  1.19621947,  0.11921233,  0.09274399, -0.34765477,
        1.16133553, -0.46310294, -0.03685537])
