Program Begingeth
      fun: 0.2584135862777416
 hess_inv: array([[ 6.70055100e-01, -4.33898483e-03, -1.30055587e-01,
        -1.92682161e-01,  2.26740887e-01, -2.49831831e-01,
        -3.48381145e-02,  1.15497009e+00, -1.24457170e+00,
         1.98132646e-01,  1.83031152e-02,  6.80477714e-01,
        -6.41402045e-01,  1.46105746e-01, -3.46807470e-01,
        -1.91487449e-01,  2.87082068e-03, -1.24123582e-01],
       [-4.33898483e-03,  6.01506266e-01, -3.97256505e-02,
        -1.65624837e-01, -1.35151554e-01, -1.63330435e-01,
        -6.35579432e-01,  1.10479068e-01,  6.91697052e-02,
         9.09051552e-03,  2.01309326e-01, -8.49973189e-04,
        -1.19889973e-01, -5.47811141e-01, -6.50052436e-02,
         2.53767330e-03, -1.67752026e-01,  1.17120008e-01],
       [-1.30055587e-01, -3.97256505e-02,  5.39649843e-01,
         1.58309610e-01,  1.21457420e-01, -8.20482570e-02,
         6.58157706e-01, -1.39634142e-01,  3.08792842e-01,
        -5.07689610e-01, -6.81062563e-02, -1.49542285e-01,
         3.46217135e-01,  1.47789369e-01, -4.17767525e-01,
         9.79947636e-02, -1.78051900e-02, -1.81020530e-01],
       [-1.92682161e-01, -1.65624837e-01,  1.58309610e-01,
         3.69100891e-01, -1.09155337e-01,  5.51429881e-03,
         5.67296029e-01, -1.22311275e+00,  9.84947879e-02,
        -2.35043286e-01,  9.85077515e-02, -1.15498513e-01,
         5.88863206e-01,  1.67279788e-02, -8.20717862e-02,
         1.87847023e-01, -6.65287039e-03, -5.75108070e-02],
       [ 2.26740887e-01, -1.35151554e-01,  1.21457420e-01,
        -1.09155337e-01,  3.58628742e-01, -1.99695268e-02,
         4.88201359e-01,  1.30540644e+00, -1.68610744e-01,
        -2.70858076e-02, -2.22788757e-01,  2.23092669e-01,
        -2.93776828e-01,  4.61757601e-01, -1.80170841e-01,
        -9.22862619e-02,  1.32840530e-01, -1.01408418e-01],
       [-2.49831831e-01, -1.63330435e-01, -8.20482570e-02,
         5.51429881e-03, -1.99695268e-02,  3.51415605e-01,
         9.15843859e-02, -1.07911451e-01,  1.00807234e+00,
         4.66055152e-02, -2.26183770e-01, -2.74014569e-01,
         1.10972949e-01,  1.61884542e-01,  4.62454900e-01,
         2.74160721e-02,  8.07514065e-02,  1.29531272e-01],
       [-3.48381145e-02, -6.35579432e-01,  6.58157706e-01,
         5.67296029e-01,  4.88201359e-01,  9.15843859e-02,
         3.31499594e+00,  1.29479967e-01,  3.82620625e-01,
        -4.44267261e-01, -2.99544560e-01,  1.33626800e-01,
         5.32310223e-01,  9.70495905e-01, -4.40096607e-01,
         1.23654900e-01,  2.38769061e-01, -2.88923633e-01],
       [ 1.15497009e+00,  1.10479068e-01, -1.39634142e-01,
        -1.22311275e+00,  1.30540644e+00, -1.07911451e-01,
         1.29479967e-01,  8.23407896e+00, -1.02081974e+00,
         6.34932461e-01, -4.93485703e-01,  9.28780927e-01,
        -2.37533417e+00,  9.76610881e-01, -2.11752547e-01,
        -7.64227518e-01,  2.59646827e-01, -3.63421618e-02],
       [-1.24457170e+00,  6.91697052e-02,  3.08792842e-01,
         9.84947879e-02, -1.68610744e-01,  1.00807234e+00,
         3.82620625e-01, -1.02081974e+00,  5.79963506e+00,
        -5.03305344e-01, -7.55303174e-01, -1.06443692e+00,
         9.12383537e-01,  9.27607685e-02,  8.56301769e-01,
         3.13196986e-01,  7.00721819e-02,  2.08423305e-01],
       [ 1.98132646e-01,  9.09051552e-03, -5.07689610e-01,
        -2.35043286e-01, -2.70858076e-02,  4.66055152e-02,
        -4.44267261e-01,  6.34932461e-01, -5.03305344e-01,
         6.76687469e-01,  3.01881084e-02,  2.11415290e-01,
        -5.55704326e-01, -4.11944791e-02,  3.44322193e-01,
        -1.76835330e-01,  5.47316557e-02,  1.42496785e-01],
       [ 1.83031152e-02,  2.01309326e-01, -6.81062563e-02,
         9.85077515e-02, -2.22788757e-01, -2.26183770e-01,
        -2.99544560e-01, -4.93485703e-01, -7.55303174e-01,
         3.01881084e-02,  7.50829930e-01, -1.32239525e-02,
         7.64811136e-02, -5.53490187e-01, -6.05819007e-02,
        -3.64537424e-02, -1.72558097e-01,  1.12390845e-01],
       [ 6.80477714e-01, -8.49973189e-04, -1.49542285e-01,
        -1.15498513e-01,  2.23092669e-01, -2.74014569e-01,
         1.33626800e-01,  9.28780927e-01, -1.06443692e+00,
         2.11415290e-01, -1.32239525e-02,  9.14917996e-01,
        -5.43273786e-01,  1.58927192e-01, -4.67315295e-01,
        -1.30579199e-01, -4.07713109e-03, -1.85096929e-01],
       [-6.41402045e-01, -1.19889973e-01,  3.46217135e-01,
         5.88863206e-01, -2.93776828e-01,  1.10972949e-01,
         5.32310223e-01, -2.37533417e+00,  9.12383537e-01,
        -5.55704326e-01,  7.64811136e-02, -5.43273786e-01,
         1.22911398e+00, -1.31133291e-01,  2.45044913e-03,
         4.21627009e-01, -4.77631320e-02, -3.11506931e-02],
       [ 1.46105746e-01, -5.47811141e-01,  1.47789369e-01,
         1.67279788e-02,  4.61757601e-01,  1.61884542e-01,
         9.70495905e-01,  9.76610881e-01,  9.27607685e-02,
        -4.11944791e-02, -5.53490187e-01,  1.58927192e-01,
        -1.31133291e-01,  9.58456088e-01, -7.10828831e-02,
        -4.47578886e-02,  3.19139528e-01, -1.79591009e-01],
       [-3.46807470e-01, -6.50052436e-02, -4.17767525e-01,
        -8.20717862e-02, -1.80170841e-01,  4.62454900e-01,
        -4.40096607e-01, -2.11752547e-01,  8.56301769e-01,
         3.44322193e-01, -6.05819007e-02, -4.67315295e-01,
         2.45044913e-03, -7.10828831e-02,  9.44811479e-01,
        -1.90720965e-02,  7.29715792e-02,  3.86345142e-01],
       [-1.91487449e-01,  2.53767330e-03,  9.79947636e-02,
         1.87847023e-01, -9.22862619e-02,  2.74160721e-02,
         1.23654900e-01, -7.64227518e-01,  3.13196986e-01,
        -1.76835330e-01, -3.64537424e-02, -1.30579199e-01,
         4.21627009e-01, -4.47578886e-02, -1.90720965e-02,
         1.80771125e-01, -1.75901766e-02, -1.92007176e-02],
       [ 2.87082068e-03, -1.67752026e-01, -1.78051900e-02,
        -6.65287039e-03,  1.32840530e-01,  8.07514065e-02,
         2.38769061e-01,  2.59646827e-01,  7.00721819e-02,
         5.47316557e-02, -1.72558097e-01, -4.07713109e-03,
        -4.77631320e-02,  3.19139528e-01,  7.29715792e-02,
        -1.75901766e-02,  1.43285100e-01, -1.43742619e-02],
       [-1.24123582e-01,  1.17120008e-01, -1.81020530e-01,
        -5.75108070e-02, -1.01408418e-01,  1.29531272e-01,
        -2.88923633e-01, -3.63421618e-02,  2.08423305e-01,
         1.42496785e-01,  1.12390845e-01, -1.85096929e-01,
        -3.11506931e-02, -1.79591009e-01,  3.86345142e-01,
        -1.92007176e-02, -1.43742619e-02,  2.24360762e-01]])
      jac: array([ 9.78328529e-06, -2.70857411e-05, -1.43803488e-05, -1.74197693e-05,
        3.72261481e-05,  2.43083331e-05,  3.41541610e-06, -4.91458726e-07,
        1.03990890e-06,  3.46981703e-06, -5.78019114e-06, -1.57041047e-05,
        2.04510483e-05, -3.28500190e-05, -4.16899848e-05, -1.06729440e-06,
        1.22242957e-05,  5.53220433e-05])
  message: 'Desired error not necessarily achieved due to precision loss.'
     nfev: 1494
      nit: 29
     njev: 78
   status: 2
  success: False
        x: array([ 0.73316708, -0.04891113,  0.53244068,  0.23624957, -0.93674327,
       -0.81412868,  1.24198782, -1.45972513, -1.07713617, -1.06346347,
        0.04197693,  0.67021829,  0.14532766,  0.0484573 , -0.61279566,
        0.09163103,  1.20914715, -0.87043806])
