Program Begingeth
      fun: 0.2835371923293715
 hess_inv: array([[ 4.30922216e+00, -1.69524192e+00, -1.67591503e-01,
         1.35382515e+00, -7.08453210e-01,  9.45305094e-01,
         1.61933939e+00,  2.00988098e+00,  2.39109386e+00,
        -2.48336322e-01, -8.58336574e-01,  8.06462322e-01,
        -6.63981240e-01,  3.89673944e-01,  4.86893793e-01,
        -2.09271370e-01,  4.68487865e-01, -2.48029872e-01],
       [-1.69524192e+00,  3.88615721e+00,  1.34621989e+00,
        -4.92462188e-01,  1.53426121e+00,  3.60009667e-02,
        -3.66766147e+00,  2.24659176e-01,  3.19220597e+00,
        -2.72031466e-01,  5.13229007e-01, -1.58323295e+00,
         5.79591928e-01, -4.47935829e-01, -3.25372310e-01,
         6.75862054e-02, -3.10994258e-01,  8.80417566e-02],
       [-1.67591503e-01,  1.34621989e+00,  2.07950552e+00,
        -3.54861202e-01,  4.81863075e-01,  6.97006603e-01,
        -3.49647473e+00, -1.85160265e+00,  2.85783086e+00,
        -4.41103057e-02,  8.29263472e-01, -7.28439952e-01,
         5.30839108e-02, -1.76068249e-01, -3.05902081e-01,
         1.22302586e-01, -5.36366639e-02, -1.37813345e-01],
       [ 1.35382515e+00, -4.92462188e-01, -3.54861202e-01,
         5.33607398e-01, -2.08908814e-01,  1.77731247e-01,
         1.26422377e+00,  1.08573557e+00,  5.86638808e-01,
        -1.25227935e-01, -4.21495643e-01,  2.34925494e-01,
        -1.57194065e-01,  1.09156183e-01,  2.16905821e-01,
        -8.52884318e-02,  1.29396219e-01, -2.03395222e-02],
       [-7.08453210e-01,  1.53426121e+00,  4.81863075e-01,
        -2.08908814e-01,  7.33132073e-01,  1.66276332e-02,
        -2.20957175e+00,  7.79497670e-01,  9.53931258e-01,
        -1.73259263e-02,  1.10073500e-01, -5.28789394e-01,
         2.96121555e-01, -1.13333000e-01, -9.68067579e-02,
         7.31773876e-02, -1.72639990e-01,  4.64399266e-02],
       [ 9.45305094e-01,  3.60009667e-02,  6.97006603e-01,
         1.77731247e-01,  1.66276332e-02,  5.36726207e-01,
        -1.17372119e+00,  2.14254851e-02,  1.78338933e+00,
         3.54366386e-02, -4.38107471e-03, -2.33274522e-02,
        -1.66496608e-01,  5.12905957e-02,  5.57305786e-02,
        -2.80763783e-02,  6.89247281e-02, -9.73080336e-02],
       [ 1.61933939e+00, -3.66766147e+00, -3.49647473e+00,
         1.26422377e+00, -2.20957175e+00, -1.17372119e+00,
         1.71035520e+01, -5.29889229e-01, -4.32740157e+00,
        -7.05090136e-01, -1.03981031e+00,  1.15683493e+00,
        -7.85512701e-01,  2.62345929e-01,  5.47118887e-01,
        -4.94992190e-01,  9.35587160e-01,  3.17286605e-01],
       [ 2.00988098e+00,  2.24659176e-01, -1.85160265e+00,
         1.08573557e+00,  7.79497670e-01,  2.14254851e-02,
        -5.29889229e-01,  9.66325884e+00, -3.43193420e-01,
         6.77401533e-02, -1.82172298e+00,  4.36083289e-01,
         8.84421752e-02,  4.60763210e-01,  8.76755954e-01,
        -2.43161147e-01,  4.62773407e-02,  2.16216242e-01],
       [ 2.39109386e+00,  3.19220597e+00,  2.85783086e+00,
         5.86638808e-01,  9.53931258e-01,  1.78338933e+00,
        -4.32740157e+00, -3.43193420e-01,  1.14862037e+01,
        -4.06922323e-01,  4.31951748e-01, -1.40969444e+00,
        -1.88932261e-01, -4.76926075e-01, -1.17286815e-02,
        -2.17868438e-01, -3.18170011e-02, -1.71132176e-01],
       [-2.48336322e-01, -2.72031466e-01, -4.41103057e-02,
        -1.25227935e-01, -1.73259263e-02,  3.54366386e-02,
        -7.05090136e-01,  6.77401533e-02, -4.06922323e-01,
         6.74537879e-01,  6.12491299e-02,  1.01686216e-01,
        -1.01270818e-01, -7.82278836e-03, -3.70310403e-02,
         2.82782720e-02, -1.22687271e-01, -1.34256206e-01],
       [-8.58336574e-01,  5.13229007e-01,  8.29263472e-01,
        -4.21495643e-01,  1.10073500e-01, -4.38107471e-03,
        -1.03981031e+00, -1.82172298e+00,  4.31951748e-01,
         6.12491299e-02,  1.08034516e+00, -4.58200951e-01,
         7.95398128e-02, -2.83749118e-01, -3.80076440e-01,
         1.17916231e-01, -9.42279883e-02, -1.45511091e-01],
       [ 8.06462322e-01, -1.58323295e+00, -7.28439952e-01,
         2.34925494e-01, -5.28789394e-01, -2.33274522e-02,
         1.15683493e+00,  4.36083289e-01, -1.40969444e+00,
         1.01686216e-01, -4.58200951e-01,  1.01571911e+00,
        -1.87279344e-01,  3.19542292e-01,  1.53396616e-01,
         2.47084114e-02,  1.64434782e-01,  3.28170194e-03],
       [-6.63981240e-01,  5.79591928e-01,  5.30839108e-02,
        -1.57194065e-01,  2.96121555e-01, -1.66496608e-01,
        -7.85512701e-01,  8.84421752e-02, -1.88932261e-01,
        -1.01270818e-01,  7.95398128e-02, -1.87279344e-01,
         2.70531767e-01, -7.29577671e-02, -6.78502729e-02,
         1.02683513e-01, -1.41500977e-01,  8.96931470e-02],
       [ 3.89673944e-01, -4.47935829e-01, -1.76068249e-01,
         1.09156183e-01, -1.13333000e-01,  5.12905957e-02,
         2.62345929e-01,  4.60763210e-01, -4.76926075e-01,
        -7.82278836e-03, -2.83749118e-01,  3.19542292e-01,
        -7.29577671e-02,  1.82984003e-01,  9.84056520e-02,
        -4.65806987e-03,  1.09466589e-01,  1.82770381e-02],
       [ 4.86893793e-01, -3.25372310e-01, -3.05902081e-01,
         2.16905821e-01, -9.68067579e-02,  5.57305786e-02,
         5.47118887e-01,  8.76755954e-01, -1.17286815e-02,
        -3.70310403e-02, -3.80076440e-01,  1.53396616e-01,
        -6.78502729e-02,  9.84056520e-02,  1.98815737e-01,
        -7.15401433e-02,  4.77210641e-02,  6.83099167e-02],
       [-2.09271370e-01,  6.75862054e-02,  1.22302586e-01,
        -8.52884318e-02,  7.31773876e-02, -2.80763783e-02,
        -4.94992190e-01, -2.43161147e-01, -2.17868438e-01,
         2.82782720e-02,  1.17916231e-01,  2.47084114e-02,
         1.02683513e-01, -4.65806987e-03, -7.15401433e-02,
         1.04692470e-01, -5.40980132e-02, -3.38606239e-03],
       [ 4.68487865e-01, -3.10994258e-01, -5.36366639e-02,
         1.29396219e-01, -1.72639990e-01,  6.89247281e-02,
         9.35587160e-01,  4.62773407e-02, -3.18170011e-02,
        -1.22687271e-01, -9.42279883e-02,  1.64434782e-01,
        -1.41500977e-01,  1.09466589e-01,  4.77210641e-02,
        -5.40980132e-02,  1.89645007e-01, -1.12658096e-02],
       [-2.48029872e-01,  8.80417566e-02, -1.37813345e-01,
        -2.03395222e-02,  4.64399266e-02, -9.73080336e-02,
         3.17286605e-01,  2.16216242e-01, -1.71132176e-01,
        -1.34256206e-01, -1.45511091e-01,  3.28170194e-03,
         8.96931470e-02,  1.82770381e-02,  6.83099167e-02,
        -3.38606239e-03, -1.12658096e-02,  1.36084946e-01]])
      jac: array([ 5.21915844e-06, -2.68525942e-06, -6.29496455e-07, -9.29626746e-06,
        1.01122814e-05,  2.16049401e-06,  1.01807451e-06, -1.08505797e-06,
       -4.37057797e-07,  2.52686760e-06, -7.93809463e-07,  7.07212067e-07,
        1.03058303e-05, -4.23031980e-06, -2.03429866e-06, -1.01785247e-05,
        1.01067303e-06,  1.20903287e-06])
  message: 'Desired error not necessarily achieved due to precision loss.'
     nfev: 2425
      nit: 72
     njev: 127
   status: 2
  success: False
        x: array([ 0.69369043, -0.88469845,  0.62131707,  1.01196565, -0.98939127,
        0.13245311,  0.57010761, -1.76339551, -0.49195112,  0.01882247,
        0.63488887,  1.15952358,  0.02041358,  0.1066008 , -0.3712813 ,
       -0.98127034, -0.52886804, -0.03228609])
