Program Begingeth
      fun: 0.31384986739046455
 hess_inv: array([[ 5.62558161e+00, -1.19759574e+00, -3.90699462e-01,
         1.39718906e+00, -6.55586417e-01,  1.10775664e+00,
         9.01368552e-01,  2.57734897e+00,  2.73232874e+00,
        -9.43846257e-01, -1.07259281e+00,  9.19359949e-01,
        -9.44484520e-01,  3.99339966e-01,  5.83567529e-01,
        -1.79761603e-01,  6.87499083e-01, -3.96616663e-01],
       [-1.19759574e+00,  3.25602261e+00,  1.07977594e+00,
        -2.57794869e-01,  1.17520324e+00,  1.88621338e-02,
        -3.86165734e+00, -2.89104282e-01,  2.88623059e+00,
         4.21524738e-02,  2.14250583e-01, -1.50874505e+00,
         4.76655020e-01, -3.89687815e-01, -2.58457086e-01,
        -2.85847123e-02, -2.39701310e-01,  4.13198303e-02],
       [-3.90699462e-01,  1.07977594e+00,  2.25460891e+00,
        -3.89188121e-01,  4.06076236e-01,  5.02952977e-01,
        -3.36249457e+00, -2.40117683e+00,  1.32246207e+00,
         5.55292494e-02,  1.02603522e+00, -9.09797462e-01,
         1.43637125e-01, -1.82562263e-01, -3.62003411e-01,
         2.15287767e-01, -1.07005872e-01, -4.93017499e-02],
       [ 1.39718906e+00, -2.57794869e-01, -3.89188121e-01,
         4.48411115e-01, -1.70150140e-01,  1.83617048e-01,
         9.84908832e-01,  1.01198711e+00,  7.05393882e-01,
        -2.90360740e-01, -4.28823175e-01,  2.31076954e-01,
        -1.92602438e-01,  8.82051624e-02,  2.07277076e-01,
        -7.03781529e-02,  1.74255908e-01, -5.13292357e-02],
       [-6.55586417e-01,  1.17520324e+00,  4.06076236e-01,
        -1.70150140e-01,  6.07119398e-01,  1.31740924e-02,
        -2.84121644e+00,  3.97186536e-01,  7.55050327e-01,
         2.40764851e-01,  7.42960625e-02, -4.50221323e-01,
         2.80668911e-01, -8.16667304e-02, -9.34077973e-02,
         4.96153228e-02, -2.10646557e-01,  1.53372413e-02],
       [ 1.10775664e+00,  1.88621338e-02,  5.02952977e-01,
         1.83617048e-01,  1.31740924e-02,  4.63409887e-01,
        -1.33307165e+00,  1.71654366e-01,  1.23450085e+00,
        -1.51563691e-02, -9.47662278e-02,  5.06396930e-03,
        -1.94575015e-01,  6.60332767e-02,  9.56181491e-02,
        -1.16282253e-02,  7.10840440e-02, -9.41661339e-02],
       [ 9.01368552e-01, -3.86165734e+00, -3.36249457e+00,
         9.84908832e-01, -2.84121644e+00, -1.33307165e+00,
         2.55401809e+01, -1.70866661e+00, -4.73998439e+00,
        -2.08683857e+00, -8.81636663e-01,  1.37806317e+00,
        -9.62240469e-01,  2.24342959e-01,  4.27885181e-01,
        -4.01798325e-01,  1.58338582e+00,  4.88793957e-01],
       [ 2.57734897e+00, -2.89104282e-01, -2.40117683e+00,
         1.01198711e+00,  3.97186536e-01,  1.71654366e-01,
        -1.70866661e+00,  8.64639226e+00,  3.93757213e-01,
         1.31645749e-01, -1.96777915e+00,  8.84683449e-01,
        -2.46474962e-01,  4.85439893e-01,  9.10535666e-01,
        -3.76943201e-01,  1.75080646e-01, -5.34412968e-02],
       [ 2.73232874e+00,  2.88623059e+00,  1.32246207e+00,
         7.05393882e-01,  7.55050327e-01,  1.23450085e+00,
        -4.73998439e+00,  3.93757213e-01,  9.36795149e+00,
        -4.22451415e-01, -4.10599436e-01, -1.08247693e+00,
        -2.05686377e-01, -4.01936589e-01,  1.87079094e-01,
        -2.50344680e-01, -6.13847007e-03, -1.17242058e-01],
       [-9.43846257e-01,  4.21524738e-02,  5.55292494e-02,
        -2.90360740e-01,  2.40764851e-01, -1.51563691e-02,
        -2.08683857e+00,  1.31645749e-01, -4.22451415e-01,
         9.86179473e-01,  1.37924163e-01, -5.84606515e-02,
         5.78893322e-02, -3.68529372e-02, -5.92171166e-02,
         3.59629881e-02, -3.08425300e-01, -9.14504760e-02],
       [-1.07259281e+00,  2.14250583e-01,  1.02603522e+00,
        -4.28823175e-01,  7.42960625e-02, -9.47662278e-02,
        -8.81636663e-01, -1.96777915e+00, -4.10599436e-01,
         1.37924163e-01,  1.28648298e+00, -4.83403636e-01,
         1.89487811e-01, -2.66605110e-01, -4.37807538e-01,
         1.98218203e-01, -1.43105680e-01, -7.87091979e-02],
       [ 9.19359949e-01, -1.50874505e+00, -9.09797462e-01,
         2.31076954e-01, -4.50221323e-01,  5.06396930e-03,
         1.37806317e+00,  8.84683449e-01, -1.08247693e+00,
        -5.84606515e-02, -4.83403636e-01,  1.19783399e+00,
        -2.12573647e-01,  3.33218432e-01,  1.79410633e-01,
         3.16751025e-02,  1.50034470e-01, -1.42680878e-02],
       [-9.44484520e-01,  4.76655020e-01,  1.43637125e-01,
        -1.92602438e-01,  2.80668911e-01, -1.94575015e-01,
        -9.62240469e-01, -2.46474962e-01, -2.05686377e-01,
         5.78893322e-02,  1.89487811e-01, -2.12573647e-01,
         3.30718028e-01, -8.31316192e-02, -1.14891148e-01,
         1.05580930e-01, -1.92215035e-01,  1.03700304e-01],
       [ 3.99339966e-01, -3.89687815e-01, -1.82562263e-01,
         8.82051624e-02, -8.16667304e-02,  6.60332767e-02,
         2.24342959e-01,  4.85439893e-01, -4.01936589e-01,
        -3.68529372e-02, -2.66605110e-01,  3.33218432e-01,
        -8.31316192e-02,  1.75776201e-01,  9.84466644e-02,
         3.92163486e-03,  9.42826300e-02,  7.08090020e-03],
       [ 5.83567529e-01, -2.58457086e-01, -3.62003411e-01,
         2.07277076e-01, -9.34077973e-02,  9.56181491e-02,
         4.27885181e-01,  9.10535666e-01,  1.87079094e-01,
        -5.92171166e-02, -4.37807538e-01,  1.79410633e-01,
        -1.14891148e-01,  9.84466644e-02,  2.18328469e-01,
        -8.73092814e-02,  6.78952498e-02,  3.62857490e-02],
       [-1.79761603e-01, -2.85847123e-02,  2.15287767e-01,
        -7.03781529e-02,  4.96153228e-02, -1.16282253e-02,
        -4.01798325e-01, -3.76943201e-01, -2.50344680e-01,
         3.59629881e-02,  1.98218203e-01,  3.16751025e-02,
         1.05580930e-01,  3.92163486e-03, -8.73092814e-02,
         1.17341571e-01, -5.35325963e-02,  2.92869324e-03],
       [ 6.87499083e-01, -2.39701310e-01, -1.07005872e-01,
         1.74255908e-01, -2.10646557e-01,  7.10840440e-02,
         1.58338582e+00,  1.75080646e-01, -6.13847007e-03,
        -3.08425300e-01, -1.43105680e-01,  1.50034470e-01,
        -1.92215035e-01,  9.42826300e-02,  6.78952498e-02,
        -5.35325963e-02,  2.58713178e-01, -1.69128614e-02],
       [-3.96616663e-01,  4.13198303e-02, -4.93017499e-02,
        -5.13292357e-02,  1.53372413e-02, -9.41661339e-02,
         4.88793957e-01, -5.34412968e-02, -1.17242058e-01,
        -9.14504760e-02, -7.87091979e-02, -1.42680878e-02,
         1.03700304e-01,  7.08090020e-03,  3.62857490e-02,
         2.92869324e-03, -1.69128614e-02,  1.38832281e-01]])
      jac: array([ 4.80356495e-07, -9.09272657e-07, -4.80874599e-06, -2.10831352e-06,
        1.09875072e-06,  8.28559443e-06, -1.79486056e-07,  6.66133815e-09,
       -4.84057239e-07, -6.03591251e-07, -2.10165219e-06, -3.10418358e-06,
       -3.31956684e-07, -1.71048361e-06, -1.05819057e-05,  2.99464157e-06,
        2.21193434e-06,  6.55771733e-06])
  message: 'Desired error not necessarily achieved due to precision loss.'
     nfev: 2140
      nit: 59
     njev: 112
   status: 2
  success: False
        x: array([ 0.55713196, -0.79759453,  0.58587909,  1.03486694, -0.89836581,
        0.09456844,  0.44937384, -1.7799908 , -0.48205473,  0.00744443,
        0.59981658,  1.12121505,  0.04467746,  0.04814989, -0.37204685,
       -1.02354446, -0.72732395, -0.01265352])
