Program Begingeth
      fun: 0.23252459694694394
 hess_inv: array([[ 5.73191641e-01, -6.76679231e-03, -1.84141691e-01,
        -3.54698142e-01,  2.88376377e-01, -1.87833400e-01,
        -2.18964431e-01,  1.62347787e+00, -1.16047696e+00,
         2.60079557e-01, -3.11689038e-02,  5.09271916e-01,
        -8.29012527e-01,  2.17904082e-01, -1.85775100e-01,
        -2.84694891e-01,  4.87205964e-02, -5.81902503e-02],
       [-6.76679231e-03,  4.45118812e-01, -3.65287184e-02,
        -1.77665710e-01, -1.08332929e-01, -1.31111197e-01,
        -5.96423609e-01,  2.63825070e-01, -1.32618362e-02,
         3.02171747e-02,  1.35438079e-01, -3.34332974e-02,
        -1.54941245e-01, -4.36375148e-01, -1.96883171e-02,
        -2.16494849e-02, -1.40487519e-01,  1.21661753e-01],
       [-1.84141691e-01, -3.65287184e-02,  4.79410115e-01,
         2.72554522e-01,  4.78006970e-02, -9.77378352e-02,
         6.43226410e-01, -6.04107807e-01,  4.49721080e-01,
        -4.66421562e-01, -4.18554917e-02, -1.55823261e-01,
         5.34218674e-01,  9.28641294e-02, -4.42245697e-01,
         1.85201333e-01, -2.67456376e-02, -2.15161729e-01],
       [-3.54698142e-01, -1.77665710e-01,  2.72554522e-01,
         6.88941920e-01, -2.79290315e-01, -4.18401868e-02,
         7.76257447e-01, -2.46791314e+00,  2.88913464e-01,
        -4.15626408e-01,  1.17775507e-01, -1.83708423e-01,
         1.16112500e+00, -1.01859078e-01, -2.43046557e-01,
         4.18281570e-01, -5.68942637e-02, -1.55753675e-01],
       [ 2.88376377e-01, -1.08332929e-01,  4.78006970e-02,
        -2.79290315e-01,  5.14714838e-01,  1.53235140e-02,
         4.43947613e-01,  2.05607775e+00, -1.23110151e-01,
         6.92142684e-02, -2.44841770e-01,  2.36901471e-01,
        -5.82975727e-01,  6.11985603e-01, -8.93734820e-02,
        -2.01361778e-01,  2.06205676e-01, -5.64780073e-02],
       [-1.87833400e-01, -1.31111197e-01, -9.77378352e-02,
        -4.18401868e-02,  1.53235140e-02,  4.18730937e-01,
         1.86747727e-01,  1.91072749e-01,  1.08404690e+00,
         7.58347524e-02, -1.83332385e-01, -2.23848899e-01,
        -6.97997265e-03,  1.53045685e-01,  5.64437695e-01,
        -2.05921339e-02,  7.75726312e-02,  1.92494573e-01],
       [-2.18964431e-01, -5.96423609e-01,  6.43226410e-01,
         7.76257447e-01,  4.43947613e-01,  1.86747727e-01,
         3.61048624e+00, -6.34985479e-01,  1.03966545e+00,
        -5.29476377e-01, -3.23446098e-01, -1.46889425e-03,
         9.21836874e-01,  9.97399772e-01, -3.64799686e-01,
         2.76399288e-01,  2.77780795e-01, -3.04839773e-01],
       [ 1.62347787e+00,  2.63825070e-01, -6.04107807e-01,
        -2.46791314e+00,  2.05607775e+00,  1.91072749e-01,
        -6.34985479e-01,  1.32427303e+01, -9.70668670e-01,
         1.23673167e+00, -6.76470699e-01,  1.03355306e+00,
        -4.45294657e+00,  1.52750366e+00,  5.30526433e-01,
        -1.57000574e+00,  4.97080615e-01,  3.61276786e-01],
       [-1.16047696e+00, -1.32618362e-02,  4.49721080e-01,
         2.88913464e-01, -1.23110151e-01,  1.08404690e+00,
         1.03966545e+00, -9.70668670e-01,  5.93424738e+00,
        -5.65716432e-01, -5.44736865e-01, -9.69128574e-01,
         1.08303721e+00,  1.08839433e-01,  8.55948845e-01,
         3.74991957e-01,  5.39641275e-02,  2.29302819e-01],
       [ 2.60079557e-01,  3.02171747e-02, -4.66421562e-01,
        -4.15626408e-01,  6.92142684e-02,  7.58347524e-02,
        -5.29476377e-01,  1.23673167e+00, -5.65716432e-01,
         6.23436958e-01, -1.85292501e-02,  2.09286358e-01,
        -8.28456441e-01,  2.90909979e-02,  3.95005756e-01,
        -2.99439969e-01,  7.34980015e-02,  1.88484685e-01],
       [-3.11689038e-02,  1.35438079e-01, -4.18554917e-02,
         1.17775507e-01, -2.44841770e-01, -1.83332385e-01,
        -3.23446098e-01, -6.76470699e-01, -5.44736865e-01,
        -1.85292501e-02,  5.20730412e-01, -4.49609023e-02,
         1.58091912e-01, -4.79244322e-01, -6.26501516e-02,
         6.38226631e-03, -1.62558525e-01,  7.51107951e-02],
       [ 5.09271916e-01, -3.34332974e-02, -1.55823261e-01,
        -1.83708423e-01,  2.36901471e-01, -2.23848899e-01,
        -1.46889425e-03,  1.03355306e+00, -9.69128574e-01,
         2.09286358e-01, -4.49609023e-02,  6.38630018e-01,
        -5.51010316e-01,  2.15924209e-01, -3.30983707e-01,
        -1.60967058e-01,  4.19701205e-02, -1.40835008e-01],
       [-8.29012527e-01, -1.54941245e-01,  5.34218674e-01,
         1.16112500e+00, -5.82975727e-01, -6.97997265e-03,
         9.21836874e-01, -4.45294657e+00,  1.08303721e+00,
        -8.28456441e-01,  1.58091912e-01, -5.51010316e-01,
         2.19064249e+00, -3.50856483e-01, -3.30537043e-01,
         8.22424598e-01, -1.49033608e-01, -2.13436267e-01],
       [ 2.17904082e-01, -4.36375148e-01,  9.28641294e-02,
        -1.01859078e-01,  6.11985603e-01,  1.53045685e-01,
         9.97399772e-01,  1.52750366e+00,  1.08839433e-01,
         2.90909979e-02, -4.79244322e-01,  2.15924209e-01,
        -3.50856483e-01,  1.06010292e+00, -4.90796350e-02,
        -1.23662073e-01,  3.89791697e-01, -1.50105604e-01],
       [-1.85775100e-01, -1.96883171e-02, -4.42245697e-01,
        -2.43046557e-01, -8.93734820e-02,  5.64437695e-01,
        -3.64799686e-01,  5.30526433e-01,  8.55948845e-01,
         3.95005756e-01, -6.26501516e-02, -3.30983707e-01,
        -3.30537043e-01, -4.90796350e-02,  1.11206321e+00,
        -1.50296432e-01,  7.02936935e-02,  5.05036996e-01],
       [-2.84694891e-01, -2.16494849e-02,  1.85201333e-01,
         4.18281570e-01, -2.01361778e-01, -2.05921339e-02,
         2.76399288e-01, -1.57000574e+00,  3.74991957e-01,
        -2.99439969e-01,  6.38226631e-03, -1.60967058e-01,
         8.22424598e-01, -1.23662073e-01, -1.50296432e-01,
         3.45843997e-01, -5.41949459e-02, -8.94122466e-02],
       [ 4.87205964e-02, -1.40487519e-01, -2.67456376e-02,
        -5.68942637e-02,  2.06205676e-01,  7.75726312e-02,
         2.77780795e-01,  4.97080615e-01,  5.39641275e-02,
         7.34980015e-02, -1.62558525e-01,  4.19701205e-02,
        -1.49033608e-01,  3.89791697e-01,  7.02936935e-02,
        -5.41949459e-02,  1.80711200e-01, -7.49448514e-03],
       [-5.81902503e-02,  1.21661753e-01, -2.15161729e-01,
        -1.55753675e-01, -5.64780073e-02,  1.92494573e-01,
        -3.04839773e-01,  3.61276786e-01,  2.29302819e-01,
         1.88484685e-01,  7.51107951e-02, -1.40835008e-01,
        -2.13436267e-01, -1.50105604e-01,  5.05036996e-01,
        -8.94122466e-02, -7.49448514e-03,  2.98353556e-01]])
      jac: array([-1.17811316e-05, -1.08808333e-04, -3.28757392e-05, -6.30847226e-05,
        8.58757510e-05, -2.98348383e-05,  2.37521114e-05, -6.98145245e-07,
        1.08907328e-05, -4.42616314e-05,  8.27911813e-06, -9.65523957e-06,
       -6.97823281e-05, -1.49744661e-04, -1.76893685e-05,  2.26300460e-04,
        1.10815616e-04,  6.73285502e-05])
  message: 'Desired error not necessarily achieved due to precision loss.'
     nfev: 1532
      nit: 39
     njev: 80
   status: 2
  success: False
        x: array([ 0.76211041, -0.02715242,  0.53767056,  0.2419362 , -0.80892725,
       -0.86922723,  1.1788841 , -1.32110006, -1.16450745, -1.10351912,
        0.05208667,  0.69457543,  0.15801623,  0.0578532 , -0.67662327,
        0.099928  ,  1.07442219, -0.91031311])
