Program Begingeth
      fun: 0.40795391919882634
 hess_inv: array([[ 1.46910873e+00, -2.94421627e-02,  1.57356824e-01,
         2.64655710e-02,  2.26040180e-01, -4.37126372e-01,
         3.20792172e-02,  8.20839019e-01, -2.65240437e+00,
        -2.51013814e-01,  4.25336611e-01,  1.50076530e+00,
        -6.04494139e-01,  3.53699366e-03, -7.68308947e-01,
        -1.13905505e-01, -1.17587368e-01, -1.72089394e-01],
       [-2.94421627e-02,  2.87318529e+00, -2.25457756e-01,
        -3.47767532e-01, -2.53469556e-01, -5.47700722e-01,
        -1.59521358e+00,  1.32375131e-01,  5.35650692e-01,
         7.74897006e-02,  1.35983644e+00,  9.46451281e-02,
        -2.33835662e-01, -2.02472757e+00, -2.50706682e-01,
         7.80865939e-03, -4.18214357e-01,  3.49417300e-01],
       [ 1.57356824e-01, -2.25457756e-01,  1.16542046e+00,
         1.66643448e-01,  2.41002080e-01, -1.14771245e-01,
         1.11385568e+00,  2.36828427e-01, -4.28141574e-01,
        -1.19860168e+00, -9.50893921e-03,  5.07422504e-02,
         3.08114816e-01,  2.76337813e-01, -7.18529910e-01,
         3.13657114e-02, -5.80917590e-02, -2.03613162e-01],
       [ 2.64655710e-02, -3.47767532e-01,  1.66643448e-01,
         2.04658369e-01, -4.25966516e-03, -2.24907907e-02,
         5.58990943e-01, -4.95971136e-01, -4.27422083e-01,
        -1.77327140e-01,  2.40086521e-01,  3.35780415e-02,
         2.14122319e-01,  1.29626942e-01, -1.03883862e-01,
         3.36645831e-02,  1.38981878e-02, -4.94101202e-02],
       [ 2.26040180e-01, -2.53469556e-01,  2.41002080e-01,
        -4.25966516e-03,  2.03361122e-01,  1.20098955e-02,
         3.80293935e-01,  6.82539194e-01, -2.17937336e-01,
        -2.39947198e-01, -3.35211383e-01,  2.40063919e-01,
        -7.73357629e-02,  3.68060529e-01, -1.90456168e-01,
        -9.40107597e-03,  5.80266636e-02, -8.96614547e-02],
       [-4.37126372e-01, -5.47700722e-01, -1.14771245e-01,
        -2.24907907e-02,  1.20098955e-02,  4.09218089e-01,
         2.06359757e-01, -1.24555130e-01,  1.49837331e+00,
         1.12347726e-01, -9.40294934e-01, -4.04832797e-01,
         1.58878311e-01,  5.57741633e-01,  4.32327959e-01,
         5.62746234e-02,  1.54363656e-01, -2.81564601e-03],
       [ 3.20792172e-02, -1.59521358e+00,  1.11385568e+00,
         5.58990943e-01,  3.80293935e-01,  2.06359757e-01,
         3.63837791e+00, -2.00917619e-01, -3.79530755e-01,
        -8.95334343e-01, -6.70933062e-01,  1.66688551e-01,
         5.35275944e-01,  1.34681015e+00, -4.88893718e-01,
         7.08903387e-02,  2.14507801e-01, -3.13250438e-01],
       [ 8.20839019e-01,  1.32375131e-01,  2.36828427e-01,
        -4.95971136e-01,  6.82539194e-01, -1.24555130e-01,
        -2.00917619e-01,  5.19813364e+00, -8.98498693e-01,
        -6.83366775e-02, -5.15577809e-01,  7.16589386e-01,
        -9.53029195e-01,  3.79255123e-01, -3.80078236e-01,
        -2.17358860e-01,  8.30609628e-03, -8.20767855e-02],
       [-2.65240437e+00,  5.35650692e-01, -4.28141574e-01,
        -4.27422083e-01, -2.17937336e-01,  1.49837331e+00,
        -3.79530755e-01, -8.98498693e-01,  1.05581869e+01,
         1.14191663e-02, -3.30571227e+00, -1.98390698e+00,
         9.55346255e-01,  5.38903428e-01,  1.51947405e+00,
         3.75602870e-01,  2.72315406e-01,  2.11076007e-01],
       [-2.51013814e-01,  7.74897006e-02, -1.19860168e+00,
        -1.77327140e-01, -2.39947198e-01,  1.12347726e-01,
        -8.95334343e-01, -6.83366775e-02,  1.14191663e-02,
         1.66726506e+00,  4.07362486e-02, -2.09454104e-01,
        -4.29550466e-01, -1.92158038e-01,  8.02058001e-01,
        -8.17714868e-02,  1.12641180e-01,  2.16403751e-01],
       [ 4.25336611e-01,  1.35983644e+00, -9.50893921e-03,
         2.40086521e-01, -3.35211383e-01, -9.40294934e-01,
        -6.70933062e-01, -5.15577809e-01, -3.30571227e+00,
         4.07362486e-02,  4.15201776e+00,  1.78735776e-01,
        -6.61005409e-02, -2.07681851e+00, -5.16715201e-01,
        -2.30751485e-01, -4.56986865e-01,  3.06350114e-01],
       [ 1.50076530e+00,  9.46451281e-02,  5.07422504e-02,
         3.35780415e-02,  2.40063919e-01, -4.04832797e-01,
         1.66688551e-01,  7.16589386e-01, -1.98390698e+00,
        -2.09454104e-01,  1.78735776e-01,  1.97970313e+00,
        -5.96554661e-01,  2.59228129e-02, -8.66248295e-01,
        -6.41553401e-02, -1.20855124e-01, -2.09278288e-01],
       [-6.04494139e-01, -2.33835662e-01,  3.08114816e-01,
         2.14122319e-01, -7.73357629e-02,  1.58878311e-01,
         5.35275944e-01, -9.53029195e-01,  9.55346255e-01,
        -4.29550466e-01, -6.61005409e-02, -5.96554661e-01,
         6.21224138e-01,  1.21677764e-01,  8.90100184e-02,
         1.48883953e-01,  3.37786988e-02, -1.14900488e-02],
       [ 3.53699366e-03, -2.02472757e+00,  2.76337813e-01,
         1.29626942e-01,  3.68060529e-01,  5.57741633e-01,
         1.34681015e+00,  3.79255123e-01,  5.38903428e-01,
        -1.92158038e-01, -2.07681851e+00,  2.59228129e-02,
         1.21677764e-01,  1.91065825e+00,  1.66742783e-01,
         6.25610318e-02,  4.20087340e-01, -3.13473056e-01],
       [-7.68308947e-01, -2.50706682e-01, -7.18529910e-01,
        -1.03883862e-01, -1.90456168e-01,  4.32327959e-01,
        -4.88893718e-01, -3.80078236e-01,  1.51947405e+00,
         8.02058001e-01, -5.16715201e-01, -8.66248295e-01,
         8.90100184e-02,  1.66742783e-01,  9.59054388e-01,
         2.36281163e-02,  1.62289921e-01,  2.14684169e-01],
       [-1.13905505e-01,  7.80865939e-03,  3.13657114e-02,
         3.36645831e-02, -9.40107597e-03,  5.62746234e-02,
         7.08903387e-02, -2.17358860e-01,  3.75602870e-01,
        -8.17714868e-02, -2.30751485e-01, -6.41553401e-02,
         1.48883953e-01,  6.25610318e-02,  2.36281163e-02,
         8.08616503e-02,  1.49100516e-02, -1.11100395e-02],
       [-1.17587368e-01, -4.18214357e-01, -5.80917590e-02,
         1.38981878e-02,  5.80266636e-02,  1.54363656e-01,
         2.14507801e-01,  8.30609628e-03,  2.72315406e-01,
         1.12641180e-01, -4.56986865e-01, -1.20855124e-01,
         3.37786988e-02,  4.20087340e-01,  1.62289921e-01,
         1.49100516e-02,  1.37699832e-01, -3.03046406e-02],
       [-1.72089394e-01,  3.49417300e-01, -2.03613162e-01,
        -4.94101202e-02, -8.96614547e-02, -2.81564601e-03,
        -3.13250438e-01, -8.20767855e-02,  2.11076007e-01,
         2.16403751e-01,  3.06350114e-01, -2.09278288e-01,
        -1.14900488e-02, -3.13473056e-01,  2.14684169e-01,
        -1.11100395e-02, -3.03046406e-02,  1.46188765e-01]])
      jac: array([ 9.25185854e-08, -1.30303176e-06,  9.28886597e-08,  6.70574707e-07,
        2.71375515e-06, -5.65843668e-07,  2.38327876e-07, -1.70974346e-07,
        1.48399811e-07,  1.58391818e-07, -6.99440506e-07,  7.14243479e-08,
       -3.70814490e-07, -2.77296704e-06,  1.73934941e-08, -9.32587341e-08,
        1.80670294e-06,  4.20034378e-07])
  message: 'Optimization terminated successfully.'
     nfev: 912
      nit: 39
     njev: 48
   status: 0
  success: True
        x: array([ 0.5782178 , -0.13489215,  0.41027948,  0.20567855, -1.32659727,
       -0.71214764,  1.32256507, -1.80783454, -0.83405647, -0.85216839,
       -0.01710829,  0.48193214,  0.11289672,  0.02966059, -0.46694547,
        0.07187702,  1.62244332, -0.81208243])
