Program Begingeth
      fun: 0.29943168511673096
 hess_inv: array([[ 3.91005341e+00, -1.30828523e+00,  6.01843874e-01,
         1.39488859e+00, -6.78159075e-01,  1.07822616e+00,
         1.24975458e+00,  6.13642989e-01,  4.03651561e+00,
         9.08763898e-02, -8.00581213e-01,  3.00675673e-01,
        -5.61434049e-01,  2.58833509e-01,  3.75070683e-01,
        -2.87969738e-01,  3.53432572e-01, -1.42184561e-01],
       [-1.30828523e+00,  3.87842306e+00,  1.24145524e+00,
        -5.27345391e-01,  1.64957754e+00,  2.41904053e-01,
        -3.74214169e+00,  7.01825771e-01,  3.60216286e+00,
        -4.99481416e-01,  7.28001474e-01, -1.11578849e+00,
         4.90706811e-01, -3.45828048e-01, -2.64616494e-01,
         1.44187742e-01, -2.29092503e-01,  1.67072930e-02],
       [ 6.01843874e-01,  1.24145524e+00,  2.85155831e+00,
        -1.90335498e-01,  3.69473678e-01,  1.38623538e+00,
        -3.97685756e+00, -2.48384918e+00,  5.41804667e+00,
        -1.70511616e-02,  8.85791521e-01, -4.68935861e-01,
        -1.36987432e-01, -1.21245120e-01, -2.27137889e-01,
         4.47195087e-02,  7.82683283e-02, -2.11146532e-01],
       [ 1.39488859e+00, -5.27345391e-01, -1.90335498e-01,
         6.04270007e-01, -2.55186848e-01,  1.92491648e-01,
         1.37626450e+00,  7.32020464e-01,  8.75209836e-01,
        -1.23206413e-02, -4.15648773e-01,  9.09223520e-02,
        -1.55574967e-01,  8.28805197e-02,  1.89816976e-01,
        -1.11932753e-01,  1.04141252e-01,  8.59551045e-04],
       [-6.78159075e-01,  1.64957754e+00,  3.69473678e-01,
        -2.55186848e-01,  7.90192525e-01,  2.22319831e-02,
        -1.86560570e+00,  1.01860318e+00,  1.01095951e+00,
        -1.54408789e-01,  2.37248310e-01, -4.17539213e-01,
         2.58705593e-01, -1.10833142e-01, -9.11698457e-02,
         9.52071127e-02, -1.22797799e-01,  2.51255874e-02],
       [ 1.07822616e+00,  2.41904053e-01,  1.38623538e+00,
         1.92491648e-01,  2.22319831e-02,  8.88347528e-01,
        -1.72003213e+00, -8.11245066e-01,  3.45048713e+00,
         1.11640658e-01,  1.53889183e-01, -1.21861625e-01,
        -2.07913034e-01,  8.52057882e-03,  3.06005835e-03,
        -5.62102310e-02,  9.31913569e-02, -1.29030199e-01],
       [ 1.24975458e+00, -3.74214169e+00, -3.97685756e+00,
         1.37626450e+00, -1.86560570e+00, -1.72003213e+00,
         1.45211660e+01,  6.36650082e-01, -6.88125014e+00,
        -3.09775080e-01, -1.26192747e+00,  6.44973636e-01,
        -3.42977485e-01,  1.85918592e-01,  5.40264783e-01,
        -3.75310448e-01,  3.57813558e-01,  3.77584270e-01],
       [ 6.13642989e-01,  7.01825771e-01, -2.48384918e+00,
         7.32020464e-01,  1.01860318e+00, -8.11245066e-01,
         6.36650082e-01,  1.03413608e+01, -2.56760357e+00,
         1.90506007e-01, -1.44846071e+00, -6.20707335e-02,
         3.33540478e-01,  2.06851406e-01,  6.34554323e-01,
        -6.99769384e-02, -1.95563250e-01,  3.07827545e-01],
       [ 4.03651561e+00,  3.60216286e+00,  5.41804667e+00,
         8.75209836e-01,  1.01095951e+00,  3.45048713e+00,
        -6.88125014e+00, -2.56760357e+00,  1.85287127e+01,
        -3.44364706e-02,  1.11055006e+00, -1.33329578e+00,
        -5.40173014e-01, -4.81696163e-01, -1.58804406e-01,
        -2.82539971e-01,  1.19167704e-01, -5.02269215e-01],
       [ 9.08763898e-02, -4.99481416e-01, -1.70511616e-02,
        -1.23206413e-02, -1.54408789e-01,  1.11640658e-01,
        -3.09775080e-01,  1.90506007e-01, -3.44364706e-02,
         7.85255364e-01,  5.58623962e-03,  1.37071893e-01,
        -2.12648646e-01, -2.85434754e-05, -4.94033020e-02,
        -1.52343540e-02, -5.21363208e-02, -1.95123827e-01],
       [-8.00581213e-01,  7.28001474e-01,  8.85791521e-01,
        -4.15648773e-01,  2.37248310e-01,  1.53889183e-01,
        -1.26192747e+00, -1.44846071e+00,  1.11055006e+00,
         5.58623962e-03,  1.06723867e+00, -3.11898246e-01,
         8.41003725e-02, -2.57648925e-01, -3.13880799e-01,
         1.07301711e-01, -7.43899437e-02, -1.36671334e-01],
       [ 3.00675673e-01, -1.11578849e+00, -4.68935861e-01,
         9.09223520e-02, -4.17539213e-01, -1.21861625e-01,
         6.44973636e-01, -6.20707335e-02, -1.33329578e+00,
         1.37071893e-01, -3.11898246e-01,  6.45993080e-01,
        -9.25699086e-02,  1.94476774e-01,  2.66486874e-02,
         2.38336077e-02,  1.02909689e-01,  5.26689732e-03],
       [-5.61434049e-01,  4.90706811e-01, -1.36987432e-01,
        -1.55574967e-01,  2.58705593e-01, -2.07913034e-01,
        -3.42977485e-01,  3.33540478e-01, -5.40173014e-01,
        -2.12648646e-01,  8.41003725e-02, -9.25699086e-02,
         2.21349845e-01, -4.70886671e-02, -3.31128665e-02,
         9.94910048e-02, -8.31693229e-02,  8.28229062e-02],
       [ 2.58833509e-01, -3.45828048e-01, -1.21245120e-01,
         8.28805197e-02, -1.10833142e-01,  8.52057882e-03,
         1.85918592e-01,  2.06851406e-01, -4.81696163e-01,
        -2.85434754e-05, -2.57648925e-01,  1.94476774e-01,
        -4.70886671e-02,  1.40072563e-01,  6.56469886e-02,
        -1.10987620e-02,  8.80105541e-02,  2.57719944e-02],
       [ 3.75070683e-01, -2.64616494e-01, -2.27137889e-01,
         1.89816976e-01, -9.11698457e-02,  3.06005835e-03,
         5.40264783e-01,  6.34554323e-01, -1.58804406e-01,
        -4.94033020e-02, -3.13880799e-01,  2.66486874e-02,
        -3.31128665e-02,  6.56469886e-02,  1.55836953e-01,
        -5.46271388e-02,  2.66562675e-02,  7.57597506e-02],
       [-2.87969738e-01,  1.44187742e-01,  4.47195087e-02,
        -1.11932753e-01,  9.52071127e-02, -5.62102310e-02,
        -3.75310448e-01, -6.99769384e-02, -2.82539971e-01,
        -1.52343540e-02,  1.07301711e-01,  2.38336077e-02,
         9.94910048e-02, -1.10987620e-02, -5.46271388e-02,
         8.95334659e-02, -3.57771740e-02,  8.22032128e-03],
       [ 3.53432572e-01, -2.29092503e-01,  7.82683283e-02,
         1.04141252e-01, -1.22797799e-01,  9.31913569e-02,
         3.57813558e-01, -1.95563250e-01,  1.19167704e-01,
        -5.21363208e-02, -7.43899437e-02,  1.02909689e-01,
        -8.31693229e-02,  8.80105541e-02,  2.66562675e-02,
        -3.57771740e-02,  1.20601196e-01, -3.03427419e-03],
       [-1.42184561e-01,  1.67072930e-02, -2.11146532e-01,
         8.59551045e-04,  2.51255874e-02, -1.29030199e-01,
         3.77584270e-01,  3.07827545e-01, -5.02269215e-01,
        -1.95123827e-01, -1.36671334e-01,  5.26689732e-03,
         8.28229062e-02,  2.57719944e-02,  7.57597506e-02,
         8.22032128e-03, -3.03427419e-03,  1.18631648e-01]])
      jac: array([-1.06211336e-06, -4.97979436e-05,  1.49680268e-05,  3.54827279e-06,
        1.10137085e-04, -3.31505194e-05,  1.00475184e-06, -8.05503812e-06,
        4.95751588e-06,  5.32277925e-06, -9.54236690e-06,  4.56042611e-06,
        3.63113243e-05, -5.00344210e-05,  3.07931458e-05, -5.01991041e-05,
        3.27475084e-05, -1.74830520e-05])
  message: 'Desired error not necessarily achieved due to precision loss.'
     nfev: 2140
      nit: 66
     njev: 112
   status: 2
  success: False
        x: array([ 0.95840931, -1.1507238 ,  0.62633126,  1.18672915, -1.17819348,
        0.18434443,  0.78925896, -1.89221908, -0.43644506,  0.05737552,
        0.58721731,  1.17335294, -0.01029814,  0.13916365, -0.32805441,
       -1.12358457, -0.36987611, -0.03088969])
