Program Begingeth
      fun: 0.338895496903052
 hess_inv: array([[ 5.89728310e+00,  3.56846928e-01,  5.08325402e-01,
         2.80193111e+00,  8.14843102e-02, -6.50173124e-01,
         5.20865441e+00,  2.19866598e-01, -6.23522463e+00,
         7.99241986e-01,  6.66994513e-01, -7.26138364e-01,
        -1.33761827e-01, -3.49324892e-01, -2.90561950e-01,
         1.04005260e-01, -1.59650856e-01, -2.12313759e-02],
       [ 3.56846928e-01,  2.44020380e+00, -1.09193099e-01,
         2.25068844e-01,  1.19646462e+00, -2.04687322e-01,
         1.23225485e+00,  1.30648305e+00,  1.81542455e+00,
         8.30707962e-01,  3.91357378e-01, -1.30280433e-01,
        -2.69369835e-01,  1.78153312e-02, -2.07915360e-01,
        -1.10530255e-01,  3.55654146e-02,  6.78119762e-02],
       [ 5.08325402e-01, -1.09193099e-01,  1.57162051e+00,
         3.54134245e-01, -1.56104471e-01,  7.10379326e-01,
         6.15694968e-02, -2.24894612e+00, -5.23609636e-01,
         2.38106498e-01, -1.67144680e-01,  1.84537464e-01,
         8.58022430e-02,  1.76746683e-01,  7.78313323e-02,
        -2.80631426e-03,  1.34874587e-01,  5.12263618e-02],
       [ 2.80193111e+00,  2.25068844e-01,  3.54134245e-01,
         1.35980680e+00,  6.45714054e-02, -2.56889480e-01,
         2.67380722e+00, -3.48186777e-02, -2.85401961e+00,
         4.01113485e-01,  3.37659192e-01, -3.05396683e-01,
        -5.47915602e-02, -1.48920028e-01, -1.47099824e-01,
         4.98523602e-02, -6.17755973e-02, -6.92663762e-03],
       [ 8.14843102e-02,  1.19646462e+00, -1.56104471e-01,
         6.45714054e-02,  6.68355061e-01, -1.66094220e-01,
         1.53241495e+00,  1.37247520e+00,  1.00727891e+00,
         3.71035828e-01,  2.66150818e-01, -9.87707406e-02,
        -2.18194133e-01, -1.34236132e-02, -1.06281412e-01,
        -8.77691797e-02, -3.38949385e-02,  5.87447485e-02],
       [-6.50173124e-01, -2.04687322e-01,  7.10379326e-01,
        -2.56889480e-01, -1.66094220e-01,  4.99992423e-01,
        -1.35185767e+00, -1.41168122e+00,  7.84557862e-01,
        -1.11167045e-01, -2.44311283e-01,  2.13053731e-01,
         1.42527738e-01,  1.56509538e-01,  1.02667204e-01,
         1.09592253e-02,  1.19985246e-01,  7.30020051e-03],
       [ 5.20865441e+00,  1.23225485e+00,  6.15694968e-02,
         2.67380722e+00,  1.53241495e+00, -1.35185767e+00,
         2.25583353e+01,  8.60892492e+00, -5.14909713e+00,
         1.06631328e+00,  1.83716266e+00, -1.07417041e+00,
        -1.58333158e+00, -7.28129200e-01, -4.09361250e-01,
        -4.00926321e-01, -1.05059162e+00,  5.18228204e-01],
       [ 2.19866598e-01,  1.30648305e+00, -2.24894612e+00,
        -3.48186777e-02,  1.37247520e+00, -1.41168122e+00,
         8.60892492e+00,  1.06855010e+01,  1.43769580e+00,
         1.18562702e-01,  1.08197419e+00, -1.27217295e+00,
        -8.57613406e-01, -5.16517443e-01, -1.33534689e-01,
        -1.56902137e-01, -5.22788191e-01,  2.05615197e-01],
       [-6.23522463e+00,  1.81542455e+00, -5.23609636e-01,
        -2.85401961e+00,  1.00727891e+00,  7.84557862e-01,
        -5.14909713e+00,  1.43769580e+00,  1.22455553e+01,
        -5.23321118e-01,  3.97596767e-01,  4.55474264e-01,
         1.06761081e-01,  2.82895817e-01,  7.64303082e-02,
        -1.80677936e-01,  3.03530172e-01,  2.58703413e-02],
       [ 7.99241986e-01,  8.30707962e-01,  2.38106498e-01,
         4.01113485e-01,  3.71035828e-01, -1.11167045e-01,
         1.06631328e+00,  1.18562702e-01, -5.23321118e-01,
         1.23074908e+00,  5.21719030e-02, -7.17261838e-02,
        -3.06385233e-01,  2.16138206e-02, -1.09500973e-02,
        -4.08744976e-02,  2.57347991e-02,  2.12408698e-01],
       [ 6.66994513e-01,  3.91357378e-01, -1.67144680e-01,
         3.37659192e-01,  2.66150818e-01, -2.44311283e-01,
         1.83716266e+00,  1.08197419e+00,  3.97596767e-01,
         5.21719030e-02,  8.75860415e-01, -2.10809641e-01,
        -1.18792308e-01, -2.13924440e-01, -2.04245598e-01,
        -5.79870469e-02, -6.97598273e-02, -7.45721655e-02],
       [-7.26138364e-01, -1.30280433e-01,  1.84537464e-01,
        -3.05396683e-01, -9.87707406e-02,  2.13053731e-01,
        -1.07417041e+00, -1.27217295e+00,  4.55474264e-01,
        -7.17261838e-02, -2.10809641e-01,  5.81686675e-01,
         5.58973448e-02,  1.54073392e-01, -1.87068397e-02,
        -5.06170495e-02,  9.36825195e-02,  7.01701554e-03],
       [-1.33761827e-01, -2.69369835e-01,  8.58022430e-02,
        -5.47915602e-02, -2.18194133e-01,  1.42527738e-01,
        -1.58333158e+00, -8.57613406e-01,  1.06761081e-01,
        -3.06385233e-01, -1.18792308e-01,  5.58973448e-02,
         2.36844034e-01,  4.33519525e-02,  2.08557169e-02,
         8.49318837e-02,  8.99724084e-02, -9.27531946e-02],
       [-3.49324892e-01,  1.78153312e-02,  1.76746683e-01,
        -1.48920028e-01, -1.34236132e-02,  1.56509538e-01,
        -7.28129200e-01, -5.16517443e-01,  2.82895817e-01,
         2.16138206e-02, -2.13924440e-01,  1.54073392e-01,
         4.33519525e-02,  1.19908978e-01,  4.10793918e-02,
         3.37885110e-04,  8.06566047e-02,  1.87449987e-02],
       [-2.90561950e-01, -2.07915360e-01,  7.78313323e-02,
        -1.47099824e-01, -1.06281412e-01,  1.02667204e-01,
        -4.09361250e-01, -1.33534689e-01,  7.64303082e-02,
        -1.09500973e-02, -2.04245598e-01, -1.87068397e-02,
         2.08557169e-02,  4.10793918e-02,  1.07147486e-01,
         2.29743511e-02,  6.89988205e-03,  5.40170363e-02],
       [ 1.04005260e-01, -1.10530255e-01, -2.80631426e-03,
         4.98523602e-02, -8.77691797e-02,  1.09592253e-02,
        -4.00926321e-01, -1.56902137e-01, -1.80677936e-01,
        -4.08744976e-02, -5.79870469e-02, -5.06170495e-02,
         8.49318837e-02,  3.37885110e-04,  2.29743511e-02,
         6.44584529e-02,  2.48409719e-02, -1.80649565e-02],
       [-1.59650856e-01,  3.55654146e-02,  1.34874587e-01,
        -6.17755973e-02, -3.38949385e-02,  1.19985246e-01,
        -1.05059162e+00, -5.22788191e-01,  3.03530172e-01,
         2.57347991e-02, -6.97598273e-02,  9.36825195e-02,
         8.99724084e-02,  8.06566047e-02,  6.89988205e-03,
         2.48409719e-02,  1.11100006e-01, -2.01040165e-02],
       [-2.12313759e-02,  6.78119762e-02,  5.12263618e-02,
        -6.92663762e-03,  5.87447485e-02,  7.30020051e-03,
         5.18228204e-01,  2.05615197e-01,  2.58703413e-02,
         2.12408698e-01, -7.45721655e-02,  7.01701554e-03,
        -9.27531946e-02,  1.87449987e-02,  5.40170363e-02,
        -1.80649565e-02, -2.01040165e-02,  1.03268550e-01]])
      jac: array([-1.85721808e-05, -1.05097412e-05,  6.13916325e-05,  2.62282788e-05,
        1.72898732e-05, -1.47946840e-04, -3.06199510e-06, -4.27768931e-06,
        3.69149156e-06, -1.43818291e-05,  4.58448094e-06, -4.36391664e-06,
        2.76719388e-05,  2.37865283e-05,  4.31184718e-05, -3.59590136e-05,
        8.60496859e-06,  3.95520653e-05])
  message: 'Desired error not necessarily achieved due to precision loss.'
     nfev: 1987
      nit: 69
     njev: 104
   status: 2
  success: False
        x: array([-1.63289676, -1.08720317,  0.63983984, -1.47973517, -1.16008956,
        0.32418833, -0.43793785, -1.67195854,  0.82990721,  0.10770323,
        0.40064082,  1.19666856,  0.13017261,  0.11919155, -0.25211859,
        1.39838528, -0.43087518,  0.01662707])
