Program Begingeth
      fun: 0.26315261133991347
 hess_inv: array([[ 2.52679319e+00,  1.36354953e+00,  1.24826259e-01,
         9.94237289e-01,  6.37288463e-01, -5.31784650e-01,
         2.04031892e+00, -2.99279735e-01, -2.24199996e+00,
         2.35300104e-02,  7.18600530e-01, -4.52539826e-01,
        -3.46859506e-01, -2.15198939e-01, -2.80769937e-01,
        -1.90207011e-01, -2.00601484e-01,  6.63590662e-02],
       [ 1.36354953e+00,  3.60123813e+00,  1.11501940e+00,
         4.84792622e-01,  1.57587435e+00,  1.12950917e-01,
         3.10655241e+00,  1.32407596e+00,  2.92528360e+00,
         4.01380222e-01,  6.91454900e-01, -1.11179443e+00,
        -4.85967611e-01, -3.80649072e-01, -2.54426155e-01,
        -1.37017136e-01, -2.78348211e-01,  7.23297396e-02],
       [ 1.24826259e-01,  1.11501940e+00,  2.96869826e+00,
         5.12728524e-01,  2.99504266e-01,  1.30152364e+00,
         4.60673980e+00, -3.16745240e+00,  5.48113523e+00,
        -3.86439621e-02,  1.14939554e+00, -5.81574265e-01,
         8.04651131e-02, -2.10115518e-01, -3.63472045e-01,
        -1.03231209e-01, -3.47641768e-03, -2.44006959e-01],
       [ 9.94237289e-01,  4.84792622e-01,  5.12728524e-01,
         5.22724237e-01,  2.00640449e-01,  1.41895084e-02,
         1.80590052e+00, -8.75179351e-01, -1.70261729e-01,
        -5.82992665e-02,  4.56003961e-01, -1.61818467e-01,
        -6.69584199e-02, -7.80247259e-02, -1.88361604e-01,
        -8.39531770e-02, -4.79567252e-02, -5.06706578e-02],
       [ 6.37288463e-01,  1.57587435e+00,  2.99504266e-01,
         2.00640449e-01,  7.98142709e-01, -2.44609773e-02,
         1.64272904e+00,  1.52135683e+00,  7.48095468e-01,
         1.21004552e-01,  1.82387646e-01, -4.00101518e-01,
        -2.69276049e-01, -1.17537924e-01, -7.01320935e-02,
        -8.94908734e-02, -1.51074826e-01,  5.89449431e-02],
       [-5.31784650e-01,  1.12950917e-01,  1.30152364e+00,
         1.41895084e-02, -2.44609773e-02,  7.58149027e-01,
         1.81370859e+00, -1.19599437e+00,  3.15506309e+00,
        -1.11420461e-01,  2.77991987e-01, -1.10155191e-01,
         1.47413346e-01, -2.95361434e-02, -7.17981481e-02,
         1.42343209e-02,  3.27138698e-02, -1.27345949e-01],
       [ 2.04031892e+00,  3.10655241e+00,  4.60673980e+00,
         1.80590052e+00,  1.64272904e+00,  1.81370859e+00,
         1.60125908e+01, -1.45449430e+00,  7.19816299e+00,
        -4.67694430e-01,  1.84004137e+00, -7.07221422e-01,
        -3.73494840e-01, -3.26198889e-01, -7.70826189e-01,
        -4.65272284e-01, -4.99575275e-01, -4.43602243e-01],
       [-2.99279735e-01,  1.32407596e+00, -3.16745240e+00,
        -8.75179351e-01,  1.52135683e+00, -1.19599437e+00,
        -1.45449430e+00,  1.27779325e+01, -4.23181453e+00,
        -4.89304035e-02, -1.76551288e+00,  1.50553977e-01,
        -6.08621238e-01,  2.33639793e-01,  7.46841231e-01,
         3.93133949e-02, -3.53085299e-01,  5.09210897e-01],
       [-2.24199996e+00,  2.92528360e+00,  5.48113523e+00,
        -1.70261729e-01,  7.48095468e-01,  3.15506309e+00,
         7.19816299e+00, -4.23181453e+00,  1.77872268e+01,
         3.70547053e-02,  1.51081505e+00, -1.28672717e+00,
         3.76000694e-01, -6.10597711e-01, -4.06709591e-01,
         1.54770761e-01, -1.05422826e-01, -4.60089452e-01],
       [ 2.35300104e-02,  4.01380222e-01, -3.86439621e-02,
        -5.82992665e-02,  1.21004552e-01, -1.11420461e-01,
        -4.67694430e-01, -4.89304035e-02,  3.70547053e-02,
         6.23460794e-01, -2.91976824e-02, -1.28206245e-01,
        -1.83201501e-01, -1.59468419e-02,  5.82410845e-02,
        -1.54911945e-02,  3.10704327e-02,  1.75225490e-01],
       [ 7.18600530e-01,  6.91454900e-01,  1.14939554e+00,
         4.56003961e-01,  1.82387646e-01,  2.77991987e-01,
         1.84004137e+00, -1.76551288e+00,  1.51081505e+00,
        -2.91976824e-02,  1.07962648e+00, -4.13794213e-01,
        -3.08710092e-02, -2.53083098e-01, -3.36328751e-01,
        -9.31091924e-02, -3.96534801e-02, -1.74483950e-01],
       [-4.52539826e-01, -1.11179443e+00, -5.81574265e-01,
        -1.61818467e-01, -4.00101518e-01, -1.10155191e-01,
        -7.07221422e-01,  1.50553977e-01, -1.28672717e+00,
        -1.28206245e-01, -4.13794213e-01,  6.58735074e-01,
         9.83628642e-02,  2.23960015e-01,  8.33259094e-02,
        -8.40664810e-03,  1.09549900e-01,  1.14308491e-02],
       [-3.46859506e-01, -4.85967611e-01,  8.04651131e-02,
        -6.69584199e-02, -2.69276049e-01,  1.47413346e-01,
        -3.73494840e-01, -6.08621238e-01,  3.76000694e-01,
        -1.83201501e-01, -3.08710092e-02,  9.83628642e-02,
         2.06290371e-01,  4.36187753e-02,  1.47925634e-04,
         8.84202894e-02,  8.42795202e-02, -9.15631413e-02],
       [-2.15198939e-01, -3.80649072e-01, -2.10115518e-01,
        -7.80247259e-02, -1.17537924e-01, -2.95361434e-02,
        -3.26198889e-01,  2.33639793e-01, -6.10597711e-01,
        -1.59468419e-02, -2.53083098e-01,  2.23960015e-01,
         4.36187753e-02,  1.41512090e-01,  6.64931802e-02,
         8.47318030e-03,  8.34486305e-02,  2.35080138e-02],
       [-2.80769937e-01, -2.54426155e-01, -3.63472045e-01,
        -1.88361604e-01, -7.01320935e-02, -7.17981481e-02,
        -7.70826189e-01,  7.46841231e-01, -4.06709591e-01,
         5.82410845e-02, -3.36328751e-01,  8.33259094e-02,
         1.47925634e-04,  6.64931802e-02,  1.58298016e-01,
         4.31786610e-02,  8.38325098e-03,  9.59228730e-02],
       [-1.90207011e-01, -1.37017136e-01, -1.03231209e-01,
        -8.39531770e-02, -8.94908734e-02,  1.42343209e-02,
        -4.65272284e-01,  3.93133949e-02,  1.54770761e-01,
        -1.54911945e-02, -9.31091924e-02, -8.40664810e-03,
         8.84202894e-02,  8.47318030e-03,  4.31786610e-02,
         8.30404552e-02,  3.05226900e-02, -7.45012606e-03],
       [-2.00601484e-01, -2.78348211e-01, -3.47641768e-03,
        -4.79567252e-02, -1.51074826e-01,  3.27138698e-02,
        -4.99575275e-01, -3.53085299e-01, -1.05422826e-01,
         3.10704327e-02, -3.96534801e-02,  1.09549900e-01,
         8.42795202e-02,  8.34486305e-02,  8.38325098e-03,
         3.05226900e-02,  1.20693254e-01, -1.25742493e-02],
       [ 6.63590662e-02,  7.23297396e-02, -2.44006959e-01,
        -5.06706578e-02,  5.89449431e-02, -1.27345949e-01,
        -4.43602243e-01,  5.09210897e-01, -4.60089452e-01,
         1.75225490e-01, -1.74483950e-01,  1.14308491e-02,
        -9.15631413e-02,  2.35080138e-02,  9.59228730e-02,
        -7.45012606e-03, -1.25742493e-02,  1.29409373e-01]])
      jac: array([ 5.38398955e-05,  5.81016716e-08,  6.90695649e-05, -1.01280095e-04,
       -4.84823293e-05, -1.60710704e-04,  7.03918405e-06,  2.46802578e-06,
        1.80226204e-05,  1.10800258e-06, -5.11368725e-06,  2.15209332e-05,
       -2.38109532e-05,  5.38757927e-05,  1.29726970e-04,  3.82545847e-06,
       -8.86291041e-06, -1.42141854e-04])
  message: 'Desired error not necessarily achieved due to precision loss.'
     nfev: 2007
      nit: 64
     njev: 105
   status: 2
  success: False
        x: array([-0.72981235, -1.07497677,  0.62926641, -0.96047747, -1.13875574,
        0.17022374, -0.61541287, -1.76501487, -0.52125215,  0.05110606,
        0.63952695,  1.17491081,  0.11258068,  0.19260255, -0.34005269,
        1.15447096, -0.24022883, -0.03386736])
