Program Begingeth
      fun: 0.37575128291943966
 hess_inv: array([[ 9.17219317e+00,  7.37551688e-01,  3.47407501e-01,
         2.46068707e+00, -9.36820681e-01,  2.21384957e-01,
        -2.00312581e+00,  4.51381604e+00,  2.49775331e-01,
        -1.69816786e+00,  1.24310279e-01, -1.02791787e+00,
        -1.31804080e+00, -4.91793444e-01,  3.27736233e-01,
        -6.20199377e-01,  1.50768891e+00,  5.45187871e-02],
       [ 7.37551688e-01,  1.35670346e+00, -2.00796364e-01,
         3.29068756e-01,  3.44586738e-01, -9.39037909e-02,
        -6.40800021e-01,  5.91394194e-01,  4.60627472e-01,
        -1.91916853e-01, -2.53240148e-02, -5.29826627e-01,
        -4.05159316e-03, -1.07919819e-01,  1.14483876e-01,
        -1.50267705e-01,  2.08036347e-01,  4.76804557e-02],
       [ 3.47407501e-01, -2.00796364e-01,  2.39260326e+00,
         5.87002885e-02, -1.13438456e-01,  7.29104500e-01,
         2.11195389e+00, -1.60429086e+00,  9.17418077e-01,
         2.35875525e-01,  6.33248849e-01, -9.01685584e-02,
        -1.00993987e-01, -2.23362345e-01, -1.28617319e-01,
         2.53640794e-01, -2.25010677e-01,  2.59348094e-01],
       [ 2.46068707e+00,  3.29068756e-01,  5.87002885e-02,
         7.02392118e-01, -2.02407036e-01,  4.23256409e-02,
        -5.29982576e-01,  1.30806692e+00,  1.16183884e-01,
        -4.99375566e-01,  1.10060424e-02, -3.52054392e-01,
        -2.94496545e-01, -1.40429563e-01,  1.16082282e-01,
        -1.51310730e-01,  4.01495852e-01,  3.86386771e-02],
       [-9.36820681e-01,  3.44586738e-01, -1.13438456e-01,
        -2.02407036e-01,  2.67423892e-01, -5.23384049e-02,
         2.38701615e-01, -4.33837364e-01, -1.42168172e-02,
         1.88060849e-01, -5.96808188e-02,  5.79466565e-03,
         1.90861439e-01,  6.99356399e-02, -2.62850659e-03,
         8.21661096e-02, -1.30208993e-01,  2.20241613e-03],
       [ 2.21384957e-01, -9.39037909e-02,  7.29104500e-01,
         4.23256409e-02, -5.23384049e-02,  2.67673713e-01,
         6.36209283e-01, -5.40942460e-01,  1.92891780e-01,
         1.92074163e-01,  8.62269941e-02, -1.60338588e-02,
        -8.94446900e-02, -3.89993989e-02, -2.05298517e-03,
         6.41760608e-02, -5.95080871e-02,  6.54872540e-02],
       [-2.00312581e+00, -6.40800021e-01,  2.11195389e+00,
        -5.29982576e-01,  2.38701615e-01,  6.36209283e-01,
         8.63495637e+00, -2.61763015e+00,  1.02234167e-01,
         6.01328541e-01, -1.36474525e-01,  4.72617523e-01,
         5.69298690e-01,  2.56381650e-01,  9.73468703e-03,
         1.36671845e+00, -6.28300276e-01,  5.08320183e-01],
       [ 4.51381604e+00,  5.91394194e-01, -1.60429086e+00,
         1.30806692e+00, -4.33837364e-01, -5.40942460e-01,
        -2.61763015e+00,  8.17787308e+00,  6.80865688e-01,
        -2.00198509e+00, -2.75662723e-01, -2.54720006e-01,
        -2.61244401e-01, -6.91319021e-02,  3.12902598e-01,
        -4.13849309e-01,  1.53899239e+00,  2.22010956e-01],
       [ 2.49775331e-01,  4.60627472e-01,  9.17418077e-01,
         1.16183884e-01, -1.42168172e-02,  1.92891780e-01,
         1.02234167e-01,  6.80865688e-01,  4.14057578e+00,
        -5.58655983e-01,  1.36010669e-01, -1.22241719e-01,
         3.74316191e-02, -2.36983597e-01,  3.88570629e-02,
        -1.13383225e-01,  6.70576906e-02,  6.73076510e-01],
       [-1.69816786e+00, -1.91916853e-01,  2.35875525e-01,
        -4.99375566e-01,  1.88060849e-01,  1.92074163e-01,
         6.01328541e-01, -2.00198509e+00, -5.58655983e-01,
         1.35755665e+00, -4.55673062e-02,  1.97170029e-01,
        -5.93674399e-02,  1.04346138e-01, -7.23878613e-02,
         9.18683363e-02, -4.29751312e-01, -2.15803627e-01],
       [ 1.24310279e-01, -2.53240148e-02,  6.33248849e-01,
         1.10060424e-02, -5.96808188e-02,  8.62269941e-02,
        -1.36474525e-01, -2.75662723e-01,  1.36010669e-01,
        -4.55673062e-02,  9.28987103e-01, -1.05023495e-01,
        -3.47568080e-02, -2.71915029e-01, -2.17233415e-01,
        -1.81876953e-02, -5.60339178e-02, -8.21873301e-02],
       [-1.02791787e+00, -5.29826627e-01, -9.01685584e-02,
        -3.52054392e-01,  5.79466565e-03, -1.60338588e-02,
         4.72617523e-01, -2.54720006e-01, -1.22241719e-01,
         1.97170029e-01, -1.05023495e-01,  6.58504476e-01,
         1.15916902e-01,  1.89004137e-01, -1.23391782e-01,
         1.53749787e-01, -1.01734939e-01, -1.15962695e-02],
       [-1.31804080e+00, -4.05159316e-03, -1.00993987e-01,
        -2.94496545e-01,  1.90861439e-01, -8.94446900e-02,
         5.69298690e-01, -2.61244401e-01,  3.74316191e-02,
        -5.93674399e-02, -3.47568080e-02,  1.15916902e-01,
         3.67403443e-01,  8.02862928e-02, -1.94883727e-02,
         1.91362730e-01, -1.90979056e-01,  7.64338413e-02],
       [-4.91793444e-01, -1.07919819e-01, -2.23362345e-01,
        -1.40429563e-01,  6.99356399e-02, -3.89993989e-02,
         2.56381650e-01, -6.91319021e-02, -2.36983597e-01,
         1.04346138e-01, -2.71915029e-01,  1.89004137e-01,
         8.02862928e-02,  1.59706685e-01,  2.66287933e-02,
         7.58134863e-02, -2.53419242e-02, -5.16040133e-04],
       [ 3.27736233e-01,  1.14483876e-01, -1.28617319e-01,
         1.16082282e-01, -2.62850659e-03, -2.05298517e-03,
         9.73468703e-03,  3.12902598e-01,  3.88570629e-02,
        -7.23878613e-02, -2.17233415e-01, -1.23391782e-01,
        -1.94883727e-02,  2.66287933e-02,  1.16072837e-01,
        -1.82055101e-02,  6.94972966e-02,  5.57010813e-02],
       [-6.20199377e-01, -1.50267705e-01,  2.53640794e-01,
        -1.51310730e-01,  8.21661096e-02,  6.41760608e-02,
         1.36671845e+00, -4.13849309e-01, -1.13383225e-01,
         9.18683363e-02, -1.81876953e-02,  1.53749787e-01,
         1.91362730e-01,  7.58134863e-02, -1.82055101e-02,
         2.77200997e-01, -1.38071663e-01,  6.87313375e-02],
       [ 1.50768891e+00,  2.08036347e-01, -2.25010677e-01,
         4.01495852e-01, -1.30208993e-01, -5.95080871e-02,
        -6.28300276e-01,  1.53899239e+00,  6.70576906e-02,
        -4.29751312e-01, -5.60339178e-02, -1.01734939e-01,
        -1.90979056e-01, -2.53419242e-02,  6.94972966e-02,
        -1.38071663e-01,  3.98481609e-01,  2.06275613e-02],
       [ 5.45187871e-02,  4.76804557e-02,  2.59348094e-01,
         3.86386771e-02,  2.20241613e-03,  6.54872540e-02,
         5.08320183e-01,  2.22010956e-01,  6.73076510e-01,
        -2.15803627e-01, -8.21873301e-02, -1.15962695e-02,
         7.64338413e-02, -5.16040133e-04,  5.57010813e-02,
         6.87313375e-02,  2.06275613e-02,  1.98952710e-01]])
      jac: array([-2.05835349e-05,  5.91563835e-04, -6.51423360e-04, -5.69584010e-04,
        3.74067444e-05,  2.18638922e-03, -1.30655116e-04,  2.57100637e-04,
       -1.57345618e-04, -5.34173446e-04,  3.79355066e-04,  1.22685195e-04,
       -8.10553106e-04, -6.39048074e-05, -4.90988731e-04,  1.13964134e-03,
       -1.06089508e-03,  1.06632185e-03])
  message: 'Maximum number of iterations has been exceeded.'
     nfev: 2109
      nit: 100
     njev: 111
   status: 1
  success: False
        x: array([ 0.82042886, -1.02598967,  0.04608098,  1.2682821 , -0.85454316,
        0.02211229, -1.89580115, -1.17780703, -0.97924799,  0.09032367,
        0.37006434,  1.13879237,  0.0288649 , -0.00691508, -0.27749688,
       -1.32772964, -1.03460088, -0.13374952])
