Program Begingeth
      fun: 0.2291257930286792
 hess_inv: array([[ 1.93889741e+00,  2.66051186e-01, -6.82276118e-01,
        -1.53899458e+00,  9.96752210e-01, -2.20713478e-01,
        -4.45755675e-01,  6.45179508e+00, -1.70792824e+00,
         1.33747231e+00, -3.30123220e-01,  1.41940852e+00,
        -3.40520728e+00,  6.45924396e-01, -8.53568148e-02,
        -1.15617336e+00,  1.87980652e-01,  6.69142061e-02],
       [ 2.66051186e-01,  5.94983169e-01, -1.37376662e-01,
        -3.74563108e-01, -7.69754512e-03, -1.66173591e-01,
        -6.38656489e-01,  9.33869386e-01, -1.77018809e-01,
         2.14993334e-01,  1.06223636e-01,  1.64792911e-01,
        -6.09921768e-01, -4.33300529e-01, -4.57060456e-02,
        -1.76970138e-01, -1.32419233e-01,  1.23056192e-01],
       [-6.82276118e-01, -1.37376662e-01,  8.64218583e-01,
         7.24042248e-01, -1.33558219e-01, -1.30494265e-01,
         9.53773969e-01, -2.14475122e+00,  6.29849406e-01,
        -9.71540434e-01,  4.23111584e-02, -4.23129989e-01,
         1.50503394e+00,  1.12942242e-03, -6.54232547e-01,
         5.04814931e-01, -7.82018945e-02, -3.11484897e-01],
       [-1.53899458e+00, -3.74563108e-01,  7.24042248e-01,
         1.68999851e+00, -9.07304257e-01, -2.58198204e-02,
         8.46874001e-01, -6.53987374e+00,  6.92726592e-01,
        -1.33867310e+00,  4.50320520e-01, -9.58794963e-01,
         3.36345054e+00, -5.42965847e-01, -3.23700948e-01,
         1.15374303e+00, -2.00739117e-01, -2.28818465e-01],
       [ 9.96752210e-01, -7.69754512e-03, -1.33558219e-01,
        -9.07304257e-01,  9.41608409e-01, -4.81096025e-03,
         4.83605351e-01,  4.83843427e+00, -3.46420638e-01,
         6.00986786e-01, -4.53133351e-01,  7.14820752e-01,
        -1.93926223e+00,  9.08435767e-01, -8.37061596e-02,
        -6.55537724e-01,  2.87234819e-01, -2.26218828e-03],
       [-2.20713478e-01, -1.66173591e-01, -1.30494265e-01,
        -2.58198204e-02, -4.81096025e-03,  3.80302314e-01,
         8.66713050e-02,  1.03403766e-01,  9.70306349e-01,
         3.84492553e-02, -1.77792751e-01, -2.67617938e-01,
         5.70483090e-02,  1.47129154e-01,  5.43734244e-01,
         8.57033913e-03,  6.88911571e-02,  1.73515213e-01],
       [-4.45755675e-01, -6.38656489e-01,  9.53773969e-01,
         8.46874001e-01,  4.83605351e-01,  8.66713050e-02,
         3.62781195e+00, -3.79873186e-01,  9.96368499e-01,
        -7.94105333e-01, -2.69529034e-01, -1.11059214e-01,
         1.20774636e+00,  9.97405489e-01, -5.92252450e-01,
         3.59337640e-01,  2.40664868e-01, -3.41950193e-01],
       [ 6.45179508e+00,  9.33869386e-01, -2.14475122e+00,
        -6.53987374e+00,  4.83843427e+00,  1.03403766e-01,
        -3.79873186e-01,  3.05350136e+01, -2.45864643e+00,
         4.91907645e+00, -2.08818921e+00,  4.28846491e+00,
        -1.34489199e+01,  3.61253238e+00,  6.56787532e-01,
        -4.58926975e+00,  1.15484337e+00,  6.22212266e-01],
       [-1.70792824e+00, -1.77018809e-01,  6.29849406e-01,
         6.92726592e-01, -3.46420638e-01,  9.70306349e-01,
         9.96368499e-01, -2.45864643e+00,  5.21700455e+00,
        -1.05075599e+00, -4.61022310e-01, -1.34785407e+00,
         2.03904059e+00, -1.78080844e-02,  7.44049033e-01,
         6.85175025e-01, -2.36074897e-02,  1.53284784e-01],
       [ 1.33747231e+00,  2.14993334e-01, -9.71540434e-01,
        -1.33867310e+00,  6.00986786e-01,  3.84492553e-02,
        -7.94105333e-01,  4.91907645e+00, -1.05075599e+00,
         1.51621846e+00, -2.41979668e-01,  9.00981916e-01,
        -2.84661263e+00,  3.69163825e-01,  5.03976293e-01,
        -9.75224917e-01,  1.96315633e-01,  2.69001012e-01],
       [-3.30123220e-01,  1.06223636e-01,  4.23111584e-02,
         4.50320520e-01, -4.53133351e-01, -1.77792751e-01,
        -2.69529034e-01, -2.08818921e+00, -4.61022310e-01,
        -2.41979668e-01,  6.74457630e-01, -2.35458003e-01,
         8.07224930e-01, -6.38968887e-01, -7.95263420e-02,
         2.16287615e-01, -1.98318690e-01,  4.46596900e-02],
       [ 1.41940852e+00,  1.64792911e-01, -4.23129989e-01,
        -9.58794963e-01,  7.14820752e-01, -2.67617938e-01,
        -1.11059214e-01,  4.28846491e+00, -1.34785407e+00,
         9.00981916e-01, -2.35458003e-01,  1.27597769e+00,
        -2.24062758e+00,  4.81014392e-01, -3.27844190e-01,
        -7.27965402e-01,  1.14108040e-01, -7.10742818e-02],
       [-3.40520728e+00, -6.09921768e-01,  1.50503394e+00,
         3.36345054e+00, -1.93926223e+00,  5.70483090e-02,
         1.20774636e+00, -1.34489199e+01,  2.03904059e+00,
        -2.84661263e+00,  8.07224930e-01, -2.24062758e+00,
         7.00791457e+00, -1.24937726e+00, -4.90149519e-01,
         2.43841377e+00, -4.40632440e-01, -3.91951652e-01],
       [ 6.45924396e-01, -4.33300529e-01,  1.12942242e-03,
        -5.42965847e-01,  9.08435767e-01,  1.47129154e-01,
         9.97405489e-01,  3.61253238e+00, -1.78080844e-02,
         3.69163825e-01, -6.38968887e-01,  4.81014392e-01,
        -1.24937726e+00,  1.28078552e+00, -2.08097608e-02,
        -4.18631591e-01,  4.35285986e-01, -8.96878706e-02],
       [-8.53568148e-02, -4.57060456e-02, -6.54232547e-01,
        -3.23700948e-01, -8.37061596e-02,  5.43734244e-01,
        -5.92252450e-01,  6.56787532e-01,  7.44049033e-01,
         5.03976293e-01, -7.95263420e-02, -3.27844190e-01,
        -4.90149519e-01, -2.08097608e-02,  1.18005345e+00,
        -1.88959574e-01,  9.08903693e-02,  4.98725261e-01],
       [-1.15617336e+00, -1.76970138e-01,  5.04814931e-01,
         1.15374303e+00, -6.55537724e-01,  8.57033913e-03,
         3.59337640e-01, -4.58926975e+00,  6.85175025e-01,
        -9.75224917e-01,  2.16287615e-01, -7.27965402e-01,
         2.43841377e+00, -4.18631591e-01, -1.88959574e-01,
         8.87589095e-01, -1.48395647e-01, -1.43720413e-01],
       [ 1.87980652e-01, -1.32419233e-01, -7.82018945e-02,
        -2.00739117e-01,  2.87234819e-01,  6.88911571e-02,
         2.40664868e-01,  1.15484337e+00, -2.36074897e-02,
         1.96315633e-01, -1.98318690e-01,  1.14108040e-01,
        -4.40632440e-01,  4.35285986e-01,  9.08903693e-02,
        -1.48395647e-01,  1.86117979e-01,  1.81597634e-02],
       [ 6.69142061e-02,  1.23056192e-01, -3.11484897e-01,
        -2.28818465e-01, -2.26218828e-03,  1.73515213e-01,
        -3.41950193e-01,  6.22212266e-01,  1.53284784e-01,
         2.69001012e-01,  4.46596900e-02, -7.10742818e-02,
        -3.91951652e-01, -8.96878706e-02,  4.98725261e-01,
        -1.43720413e-01,  1.81597634e-02,  2.75667632e-01]])
      jac: array([ 4.25881552e-05, -1.13894079e-05,  4.48215539e-06, -1.22567327e-04,
        4.28283335e-05,  5.25914497e-05,  1.45548388e-05,  1.85592282e-07,
        4.25289433e-06,  4.17662201e-05, -4.07248309e-06, -1.03095310e-05,
        1.24124229e-04, -1.05769097e-05, -4.09191200e-05, -8.91020591e-05,
       -2.03984977e-05,  3.80858308e-05])
  message: 'Desired error not necessarily achieved due to precision loss.'
     nfev: 1551
      nit: 37
     njev: 81
   status: 2
  success: False
        x: array([ 0.74439288, -0.03641151,  0.5377542 ,  0.24625755, -0.81182646,
       -0.74731716,  1.2102383 , -1.31782489, -1.05954779, -1.07823282,
        0.05596225,  0.68479679,  0.16044031,  0.0597665 , -0.51519286,
        0.09770906,  1.07697691, -0.78427904])
