Program Begingeth
      fun: 0.34374387301459924
 hess_inv: array([[ 9.56178661e-01, -1.59985906e-01,  8.67974822e-02,
         1.40948717e-01, -1.87926266e-01,  3.64446378e-01,
         6.09037041e-01, -9.48186055e-01,  3.01113977e-02,
         4.82788762e-01, -3.51961564e-01,  4.61007877e-01,
        -4.32807222e-01,  2.70977338e-02,  6.01007010e-02,
        -4.09004751e-02,  5.29569670e-03, -2.26966441e-01],
       [-1.59985906e-01,  6.28429984e-01, -1.51108161e-01,
        -2.04415496e-01,  1.41951769e-01, -2.57707461e-01,
        -8.21121205e-01,  2.20642571e-01,  7.42894315e-02,
        -7.27624008e-01,  3.03492191e-01, -1.56986044e-01,
         1.17279867e-01, -2.28964825e-01, -2.27173605e-01,
         5.26880747e-02, -3.91969235e-02, -8.93201245e-02],
       [ 8.67974822e-02, -1.51108161e-01,  4.00523841e-01,
         3.17339035e-03, -4.93071161e-02,  1.61066109e-01,
         5.28771010e-01, -1.88930297e-01,  1.07666721e-01,
         2.74142854e-02, -3.72142003e-01,  1.78637778e-01,
        -4.05438117e-02,  1.46966749e-01, -2.12662755e-02,
         4.73263888e-02,  5.66686764e-02,  4.37632534e-02],
       [ 1.40948717e-01, -2.04415496e-01,  3.17339035e-03,
         3.70271316e-01,  1.95061971e-02,  2.67711038e-01,
         1.37418882e+00,  4.93639629e-01, -5.13580990e-01,
         1.12781765e+00,  1.15369810e-01,  7.98491824e-01,
        -3.49735997e-02,  8.06959463e-02,  1.38312716e-01,
         2.42212344e-03,  4.93867463e-02,  2.14432462e-02],
       [-1.87926266e-01,  1.41951769e-01, -4.93071161e-02,
         1.95061971e-02,  3.63284175e-01, -1.25617585e-01,
         2.49429181e-01,  8.39387748e-01, -3.47196928e-01,
        -4.52768648e-01,  8.46191540e-01,  1.07839897e-01,
         2.45488450e-01,  2.08464375e-02, -5.74575673e-02,
         8.88373121e-02, -4.78647233e-02,  6.97820756e-02],
       [ 3.64446378e-01, -2.57707461e-01,  1.61066109e-01,
         2.67711038e-01, -1.25617585e-01,  5.54003965e-01,
         1.36136013e+00,  1.91576379e-01,  1.41052115e-01,
         1.19096936e+00, -3.78343924e-01,  1.24046014e+00,
        -2.79724749e-01,  1.59482268e-01,  1.84024772e-01,
        -5.14749916e-02,  1.48784801e-01, -1.86875389e-02],
       [ 6.09037041e-01, -8.21121205e-01,  5.28771010e-01,
         1.37418882e+00,  2.49429181e-01,  1.36136013e+00,
         7.26649241e+00,  2.02970056e+00, -1.71091264e+00,
         3.53466289e+00,  3.90589631e-01,  3.93032126e+00,
        -1.24093790e-01,  5.31054002e-01,  5.07952056e-01,
         6.05520343e-02,  2.29298085e-01,  1.82012967e-01],
       [-9.48186055e-01,  2.20642571e-01, -1.88930297e-01,
         4.93639629e-01,  8.39387748e-01,  1.91576379e-01,
         2.02970056e+00,  5.56751626e+00, -1.37092378e+00,
         1.73282843e+00,  1.55932160e+00,  2.34668566e+00,
         4.34379409e-01,  1.59917202e-01, -1.05749793e-02,
         1.07219106e-01,  2.06701910e-01,  2.23272058e-01],
       [ 3.01113977e-02,  7.42894315e-02,  1.07666721e-01,
        -5.13580990e-01, -3.47196928e-01,  1.41052115e-01,
        -1.71091264e+00, -1.37092378e+00,  2.67505764e+00,
        -9.97890342e-01, -1.16485292e+00, -6.08564074e-01,
        -2.32273047e-01,  2.95894113e-02, -2.05641815e-03,
        -6.02762644e-02,  7.42757989e-02, -6.86643305e-02],
       [ 4.82788762e-01, -7.27624008e-01,  2.74142854e-02,
         1.12781765e+00, -4.52768648e-01,  1.19096936e+00,
         3.53466289e+00,  1.73282843e+00, -9.97890342e-01,
         5.32781771e+00, -9.01757466e-01,  3.11464807e+00,
        -6.58700824e-01,  2.85632990e-01,  4.88783507e-01,
        -2.08928610e-01,  4.95670209e-01, -8.66480185e-02],
       [-3.51961564e-01,  3.03492191e-01, -3.72142003e-01,
         1.15369810e-01,  8.46191540e-01, -3.78343924e-01,
         3.90589631e-01,  1.55932160e+00, -1.16485292e+00,
        -9.01757466e-01,  2.46441889e+00,  5.61024653e-02,
         5.37443908e-01, -3.10427883e-02, -6.88230957e-02,
         1.40969460e-01, -1.29281788e-01,  1.25407719e-01],
       [ 4.61007877e-01, -1.56986044e-01,  1.78637778e-01,
         7.98491824e-01,  1.07839897e-01,  1.24046014e+00,
         3.93032126e+00,  2.34668566e+00, -6.08564074e-01,
         3.11464807e+00,  5.61024653e-02,  3.96900701e+00,
        -3.89795601e-01,  2.67357375e-01,  3.28947476e-01,
        -4.09236709e-02,  3.72247810e-01,  2.01731362e-02],
       [-4.32807222e-01,  1.17279867e-01, -4.05438117e-02,
        -3.49735997e-02,  2.45488450e-01, -2.79724749e-01,
        -1.24093790e-01,  4.34379409e-01, -2.32273047e-01,
        -6.58700824e-01,  5.37443908e-01, -3.89795601e-01,
         3.83738984e-01, -3.12499567e-02, -5.85130335e-02,
         1.18110103e-01, -1.06666653e-01,  1.40991673e-01],
       [ 2.70977338e-02, -2.28964825e-01,  1.46966749e-01,
         8.06959463e-02,  2.08464375e-02,  1.59482268e-01,
         5.31054002e-01,  1.59917202e-01,  2.95894113e-02,
         2.85632990e-01, -3.10427883e-02,  2.67357375e-01,
        -3.12499567e-02,  1.65665331e-01,  7.44000341e-02,
        -1.60470902e-03,  7.49663086e-02,  5.52821078e-02],
       [ 6.01007010e-02, -2.27173605e-01, -2.12662755e-02,
         1.38312716e-01, -5.74575673e-02,  1.84024772e-01,
         5.07952056e-01, -1.05749793e-02, -2.05641815e-03,
         4.88783507e-01, -6.88230957e-02,  3.28947476e-01,
        -5.85130335e-02,  7.44000341e-02,  1.62450931e-01,
        -3.86386642e-02,  2.87147583e-02,  5.91003733e-02],
       [-4.09004751e-02,  5.26880747e-02,  4.73263888e-02,
         2.42212344e-03,  8.88373121e-02, -5.14749916e-02,
         6.05520343e-02,  1.07219106e-01, -6.02762644e-02,
        -2.08928610e-01,  1.40969460e-01, -4.09236709e-02,
         1.18110103e-01, -1.60470902e-03, -3.86386642e-02,
         8.25106685e-02, -3.84745997e-02,  2.65238352e-02],
       [ 5.29569670e-03, -3.91969235e-02,  5.66686764e-02,
         4.93867463e-02, -4.78647233e-02,  1.48784801e-01,
         2.29298085e-01,  2.06701910e-01,  7.42757989e-02,
         4.95670209e-01, -1.29281788e-01,  3.72247810e-01,
        -1.06666653e-01,  7.49663086e-02,  2.87147583e-02,
        -3.84745997e-02,  1.29507354e-01, -1.03609276e-02],
       [-2.26966441e-01, -8.93201245e-02,  4.37632534e-02,
         2.14432462e-02,  6.97820756e-02, -1.86875389e-02,
         1.82012967e-01,  2.23272058e-01, -6.86643305e-02,
        -8.66480185e-02,  1.25407719e-01,  2.01731362e-02,
         1.40991673e-01,  5.52821078e-02,  5.91003733e-02,
         2.65238352e-02, -1.03609276e-02,  1.35123314e-01]])
      jac: array([ 3.26923673e-06,  2.30667337e-06, -2.40548322e-07, -2.41569727e-05,
       -8.02913292e-06,  1.36002321e-06,  2.40215255e-06, -5.01820807e-07,
       -2.53500924e-07,  4.82984023e-06,  4.09635289e-06,  4.18184006e-08,
        8.33222380e-06,  6.00630656e-06, -6.25425637e-06, -6.57918164e-06,
       -5.27726011e-06,  6.64838555e-06])
  message: 'Desired error not necessarily achieved due to precision loss.'
     nfev: 2538
      nit: 70
     njev: 133
   status: 2
  success: False
        x: array([ 0.12797591,  0.14283361,  0.88464695,  1.20683495, -1.09737961,
        0.29393797,  2.03089077, -0.9346655 ,  1.33372235,  0.77245538,
       -1.63060417,  0.6323169 ,  0.05923318,  0.00729765, -0.27645497,
       -1.18591818, -0.57483579,  0.039356  ])
