Program Begingeth
      fun: 0.30744703154478875
 hess_inv: array([[ 9.09800969e-01, -1.80118845e-01,  1.60483688e-01,
         2.49509932e-01, -2.31348235e-01,  3.57537701e-01,
         7.52697557e-01, -4.51791870e-01,  5.21071540e-01,
         6.89795356e-01, -7.47758881e-01,  5.95606629e-02,
        -3.43709920e-01,  4.02109576e-02,  8.25237910e-02,
        -2.08519603e-02, -4.15385156e-03, -2.20288534e-01],
       [-1.80118845e-01,  4.91365785e-01, -1.24760294e-01,
        -2.65680987e-01,  1.09459160e-01, -2.24207407e-01,
        -9.98957294e-01,  2.87493586e-01, -1.34934857e-01,
        -6.71072818e-01,  2.04290932e-01, -3.01705645e-02,
         6.37840983e-02, -1.42366881e-01, -1.98555719e-01,
         5.05697463e-02,  2.51507147e-02, -6.43270368e-02],
       [ 1.60483688e-01, -1.24760294e-01,  3.75730300e-01,
         2.22079559e-01,  8.86198806e-02,  1.84458080e-01,
         5.98284549e-01, -1.87332132e-01,  7.79987043e-01,
         8.00896227e-01,  1.25643785e-01, -4.04599305e-02,
        -1.22829531e-02,  1.67782568e-01, -4.47277844e-03,
         7.13348413e-02,  6.25863486e-02,  1.53964980e-02],
       [ 2.49509932e-01, -2.65680987e-01,  2.22079559e-01,
         4.50410370e-01,  2.45500412e-02,  2.26103478e-01,
         1.07081321e+00,  3.55183700e-02,  9.13838357e-01,
         1.24048694e+00, -3.08072060e-02, -1.46082654e-01,
         3.28897264e-02,  1.21910091e-01,  1.24401327e-01,
         5.46904667e-02, -2.61673818e-02,  3.17684333e-02],
       [-2.31348235e-01,  1.09459160e-01,  8.86198806e-02,
         2.45500412e-02,  3.69926803e-01, -8.24962292e-02,
        -2.10501036e-01,  7.41279775e-01,  6.94573388e-01,
         1.73764593e-01,  8.78856409e-01, -1.46234616e-01,
         1.68043447e-01,  9.69929130e-02, -8.50546391e-02,
         1.02962433e-01,  3.17166383e-02,  6.91166313e-02],
       [ 3.57537701e-01, -2.24207407e-01,  1.84458080e-01,
         2.26103478e-01, -8.24962292e-02,  4.08102876e-01,
         1.13993649e+00, -4.68728414e-01,  1.04156578e+00,
         7.81745982e-01, -1.63004837e-01,  3.58667418e-01,
        -1.98650039e-01,  1.41084515e-01,  1.32088415e-01,
        -3.51455584e-02,  8.49593009e-02, -6.20013477e-02],
       [ 7.52697557e-01, -9.98957294e-01,  5.98284549e-01,
         1.07081321e+00, -2.10501036e-01,  1.13993649e+00,
         8.60554297e+00, -1.52190988e+00,  4.35917916e+00,
         3.03985463e+00,  6.96534019e-01,  5.78810694e-02,
        -6.31966461e-01,  5.04283811e-01,  4.18440114e-01,
        -1.73792062e-01,  4.92088818e-01, -2.14967194e-01],
       [-4.51791870e-01,  2.87493586e-01, -1.87332132e-01,
         3.55183700e-02,  7.41279775e-01, -4.68728414e-01,
        -1.52190988e+00,  3.46639218e+00,  7.34337042e-01,
        -5.15206870e-02,  1.33655925e+00, -8.38170440e-01,
         4.55745657e-01,  4.89593121e-02, -1.15813854e-01,
         1.73548309e-01, -5.25778969e-02,  1.96109730e-01],
       [ 5.21071540e-01, -1.34934857e-01,  7.79987043e-01,
         9.13838357e-01,  6.94573388e-01,  1.04156578e+00,
         4.35917916e+00,  7.34337042e-01,  7.28224955e+00,
         3.38446532e+00,  2.02956082e+00,  9.70282392e-02,
        -2.52862836e-01,  5.80256718e-01,  1.52691091e-01,
         1.38957159e-01,  4.58269748e-01, -5.03257273e-02],
       [ 6.89795356e-01, -6.71072818e-01,  8.00896227e-01,
         1.24048694e+00,  1.73764593e-01,  7.81745982e-01,
         3.03985463e+00, -5.15206870e-02,  3.38446532e+00,
         3.79381496e+00,  1.99204572e-01, -2.01515632e-01,
         3.21111042e-03,  4.47977456e-01,  3.00018072e-01,
         1.49480897e-01,  4.68875952e-02,  6.13468505e-02],
       [-7.47758881e-01,  2.04290932e-01,  1.25643785e-01,
        -3.08072060e-02,  8.78856409e-01, -1.63004837e-01,
         6.96534019e-01,  1.33655925e+00,  2.02956082e+00,
         1.99204572e-01,  2.66100185e+00, -2.76373157e-01,
         2.87283748e-01,  2.31725522e-01, -2.02882045e-01,
         1.45610287e-01,  1.80460915e-01,  1.26911941e-01],
       [ 5.95606629e-02, -3.01705645e-02, -4.04599305e-02,
        -1.46082654e-01, -1.46234616e-01,  3.58667418e-01,
         5.78810694e-02, -8.38170440e-01,  9.70282392e-02,
        -2.01515632e-01, -2.76373157e-01,  1.06324304e+00,
        -1.89022134e-01,  5.90155816e-02,  7.75816106e-02,
        -8.01799575e-02,  1.01561013e-01, -7.11916046e-02],
       [-3.43709920e-01,  6.37840983e-02, -1.22829531e-02,
         3.28897264e-02,  1.68043447e-01, -1.98650039e-01,
        -6.31966461e-01,  4.55745657e-01, -2.52862836e-01,
         3.21111042e-03,  2.87283748e-01, -1.89022134e-01,
         2.88960912e-01, -1.50651687e-02, -3.22847361e-02,
         1.02867283e-01, -8.40309464e-02,  1.40860314e-01],
       [ 4.02109576e-02, -1.42366881e-01,  1.67782568e-01,
         1.21910091e-01,  9.69929130e-02,  1.41084515e-01,
         5.04283811e-01,  4.89593121e-02,  5.80256718e-01,
         4.47977456e-01,  2.31725522e-01,  5.90155816e-02,
        -1.50651687e-02,  1.51921236e-01,  3.83945698e-02,
         2.01298148e-02,  7.12705826e-02,  2.98565439e-02],
       [ 8.25237910e-02, -1.98555719e-01, -4.47277844e-03,
         1.24401327e-01, -8.50546391e-02,  1.32088415e-01,
         4.18440114e-01, -1.15813854e-01,  1.52691091e-01,
         3.00018072e-01, -2.02882045e-01,  7.75816106e-02,
        -3.22847361e-02,  3.83945698e-02,  1.38777752e-01,
        -3.72020256e-02, -1.84611197e-02,  4.74188062e-02],
       [-2.08519603e-02,  5.05697463e-02,  7.13348413e-02,
         5.46904667e-02,  1.02962433e-01, -3.51455584e-02,
        -1.73792062e-01,  1.73548309e-01,  1.38957159e-01,
         1.49480897e-01,  1.45610287e-01, -8.01799575e-02,
         1.02867283e-01,  2.01298148e-02, -3.72020256e-02,
         8.85787197e-02, -2.22058222e-02,  2.58349059e-02],
       [-4.15385156e-03,  2.51507147e-02,  6.25863486e-02,
        -2.61673818e-02,  3.17166383e-02,  8.49593009e-02,
         4.92088818e-01, -5.25778969e-02,  4.58269748e-01,
         4.68875952e-02,  1.80460915e-01,  1.01561013e-01,
        -8.40309464e-02,  7.12705826e-02, -1.84611197e-02,
        -2.22058222e-02,  1.23380067e-01, -3.28941724e-02],
       [-2.20288534e-01, -6.43270368e-02,  1.53964980e-02,
         3.17684333e-02,  6.91166313e-02, -6.20013477e-02,
        -2.14967194e-01,  1.96109730e-01, -5.03257273e-02,
         6.13468505e-02,  1.26911941e-01, -7.11916046e-02,
         1.40860314e-01,  2.98565439e-02,  4.74188062e-02,
         2.58349059e-02, -3.28941724e-02,  1.37056987e-01]])
      jac: array([ 6.17857617e-05,  3.48920892e-05,  3.37837166e-05, -1.27182709e-04,
       -1.50842302e-05, -8.39043650e-05,  1.14301161e-05,  2.42398694e-07,
        5.34498372e-06,  2.79757699e-05,  4.43978188e-06,  1.92338738e-05,
        1.42822791e-04,  4.76615044e-05,  9.54969437e-05, -1.14997271e-04,
       -3.53835479e-05, -5.88458911e-05])
  message: 'Desired error not necessarily achieved due to precision loss.'
     nfev: 2215
      nit: 84
     njev: 116
   status: 2
  success: False
        x: array([ 0.08656451,  0.16106473,  0.93937561,  1.22481488, -0.91053001,
        0.33476141,  0.60229999, -1.89892049,  0.98988647,  1.67337044,
       -0.81372473,  0.87511104,  0.05989122,  0.07642455, -0.29040624,
       -1.06119693, -0.56160789,  0.03747981])
