Program Begingeth
      fun: 0.24768707117894553
 hess_inv: array([[ 6.16837768e+00, -2.07947879e+00,  1.59835502e+00,
         1.17642221e+00, -8.04291973e-01,  1.69108934e+00,
        -2.25288033e+00,  5.09871393e-01,  3.70768828e+00,
        -3.69468348e-01, -3.10540552e-01,  9.43770806e-01,
        -1.20801164e+00,  6.17293700e-01,  2.40032308e-01,
        -6.08676753e-02,  7.24830389e-01, -4.41653633e-01],
       [-2.07947879e+00,  3.14171429e+00, -1.32463147e+00,
         3.32340422e-02,  1.15074697e+00, -9.47854824e-01,
         3.59890799e+00,  3.43969374e+00, -1.39032021e+00,
        -3.69216130e-01, -6.78659379e-01, -1.20849582e+00,
         6.04094384e-01, -4.29715428e-01,  1.98242036e-01,
        -1.89064475e-01, -2.54102127e-01,  3.18670758e-01],
       [ 1.59835502e+00, -1.32463147e+00,  1.03255428e+01,
        -1.67456701e+00, -5.64386382e-01,  4.30655312e+00,
        -2.12527034e+01, -8.55835499e+00,  1.11359390e+01,
         3.89962151e-01,  3.55146717e+00, -1.10488711e+00,
        -5.10884222e-01,  1.10061532e-01, -1.07571316e+00,
         6.49433086e-01,  4.51674701e-01, -7.77346732e-01],
       [ 1.17642221e+00,  3.32340422e-02, -1.67456701e+00,
         7.21160298e-01, -1.38055071e-02, -4.90551756e-01,
         4.52421584e+00,  1.99999181e+00, -1.12326675e+00,
        -2.58963763e-01, -7.66010522e-01,  2.70934289e-01,
        -1.35013212e-01,  4.98608489e-02,  2.76081302e-01,
        -1.55315725e-01,  6.11861943e-02,  7.37777997e-02],
       [-8.04291973e-01,  1.15074697e+00, -5.64386382e-01,
        -1.38055071e-02,  5.02354550e-01, -3.40933399e-01,
         9.30764359e-01,  1.91731483e+00, -7.11762309e-01,
        -4.11012908e-02, -3.36470614e-01, -3.62188750e-01,
         2.30969437e-01, -1.10662602e-01,  1.18576603e-01,
        -5.22134469e-02, -1.02408254e-01,  1.31582856e-01],
       [ 1.69108934e+00, -9.47854824e-01,  4.30655312e+00,
        -4.90551756e-01, -3.40933399e-01,  2.05596688e+00,
        -9.27819471e+00, -2.92725207e+00,  5.16841623e+00,
         2.49862797e-01,  1.22589510e+00, -1.88225467e-01,
        -4.46123171e-01,  1.84195217e-01, -3.33701535e-01,
         2.38537083e-01,  2.81167950e-01, -3.89439400e-01],
       [-2.25288033e+00,  3.59890799e+00, -2.12527034e+01,
         4.52421584e+00,  9.30764359e-01, -9.27819471e+00,
         5.48293027e+01,  1.61306127e+01, -2.18464671e+01,
        -1.77373029e+00, -6.51459564e+00,  1.19552569e+00,
         9.89989163e-01, -7.71762707e-01,  2.01190187e+00,
        -1.56479124e+00, -7.63159844e-01,  1.66914327e+00],
       [ 5.09871393e-01,  3.43969374e+00, -8.55835499e+00,
         1.99999181e+00,  1.91731483e+00, -2.92725207e+00,
         1.61306127e+01,  1.83639025e+01, -8.61779263e+00,
        -1.04859957e-01, -4.20975238e+00,  1.36701958e-01,
         1.24301055e-01, -7.25164266e-03,  1.75207303e+00,
        -8.24255259e-01, -2.27389283e-01,  7.66687355e-01],
       [ 3.70768828e+00, -1.39032021e+00,  1.11359390e+01,
        -1.12326675e+00, -7.11762309e-01,  5.16841623e+00,
        -2.18464671e+01, -8.61779263e+00,  1.65175660e+01,
         5.91025254e-01,  3.64374765e+00, -9.80151642e-01,
        -8.64182395e-01, -2.59108491e-02, -1.17001386e+00,
         6.12201064e-01,  4.49112322e-01, -1.08470867e+00],
       [-3.69468348e-01, -3.69216130e-01,  3.89962151e-01,
        -2.58963763e-01, -4.11012908e-02,  2.49862797e-01,
        -1.77373029e+00, -1.04859957e-01,  5.91025254e-01,
         1.02673820e+00,  3.29095381e-01,  5.64475532e-02,
        -1.71667857e-01, -3.42495600e-02, -1.26422476e-01,
         5.07842707e-02, -1.13401813e-01, -2.25078149e-01],
       [-3.10540552e-01, -6.78659379e-01,  3.55146717e+00,
        -7.66010522e-01, -3.36470614e-01,  1.22589510e+00,
        -6.51459564e+00, -4.20975238e+00,  3.64374765e+00,
         3.29095381e-01,  2.07959362e+00, -4.83897956e-01,
        -5.97125730e-02, -1.89629810e-01, -6.56663270e-01,
         2.85888590e-01,  4.67949769e-02, -3.67139761e-01],
       [ 9.43770806e-01, -1.20849582e+00, -1.10488711e+00,
         2.70934289e-01, -3.62188750e-01, -1.88225467e-01,
         1.19552569e+00,  1.36701958e-01, -9.80151642e-01,
         5.64475532e-02, -4.83897956e-01,  1.10174141e+00,
        -1.97804037e-01,  3.18266678e-01,  9.81181427e-02,
         2.78375523e-02,  1.13625406e-01,  3.95046365e-03],
       [-1.20801164e+00,  6.04094384e-01, -5.10884222e-01,
        -1.35013212e-01,  2.30969437e-01, -4.46123171e-01,
         9.89989163e-01,  1.24301055e-01, -8.64182395e-01,
        -1.71667857e-01, -5.97125730e-02, -1.97804037e-01,
         3.69299442e-01, -1.34490343e-01, -1.25645943e-02,
         4.41654793e-02, -1.63349197e-01,  1.63240501e-01],
       [ 6.17293700e-01, -4.29715428e-01,  1.10061532e-01,
         4.98608489e-02, -1.10662602e-01,  1.84195217e-01,
        -7.71762707e-01, -7.25164266e-03, -2.59108491e-02,
        -3.42495600e-02, -1.89629810e-01,  3.18266678e-01,
        -1.34490343e-01,  1.97755532e-01,  6.06071663e-02,
         1.84475151e-02,  1.22800352e-01, -1.08456123e-02],
       [ 2.40032308e-01,  1.98242036e-01, -1.07571316e+00,
         2.76081302e-01,  1.18576603e-01, -3.33701535e-01,
         2.01190187e+00,  1.75207303e+00, -1.17001386e+00,
        -1.26422476e-01, -6.56663270e-01,  9.81181427e-02,
        -1.25645943e-02,  6.06071663e-02,  2.70120143e-01,
        -1.10808397e-01, -1.29806972e-03,  1.35738650e-01],
       [-6.08676753e-02, -1.89064475e-01,  6.49433086e-01,
        -1.55315725e-01, -5.22134469e-02,  2.38537083e-01,
        -1.56479124e+00, -8.24255259e-01,  6.12201064e-01,
         5.07842707e-02,  2.85888590e-01,  2.78375523e-02,
         4.41654793e-02,  1.84475151e-02, -1.10808397e-01,
         1.13579616e-01,  3.82538814e-04, -4.22811917e-02],
       [ 7.24830389e-01, -2.54102127e-01,  4.51674701e-01,
         6.11861943e-02, -1.02408254e-01,  2.81167950e-01,
        -7.63159844e-01, -2.27389283e-01,  4.49112322e-01,
        -1.13401813e-01,  4.67949769e-02,  1.13625406e-01,
        -1.63349197e-01,  1.22800352e-01, -1.29806972e-03,
         3.82538814e-04,  1.61253634e-01, -5.29091270e-02],
       [-4.41653633e-01,  3.18670758e-01, -7.77346732e-01,
         7.37777997e-02,  1.31582856e-01, -3.89439400e-01,
         1.66914327e+00,  7.66687355e-01, -1.08470867e+00,
        -2.25078149e-01, -3.67139761e-01,  3.95046365e-03,
         1.63240501e-01, -1.08456123e-02,  1.35738650e-01,
        -4.22811917e-02, -5.29091270e-02,  1.79485166e-01]])
      jac: array([-7.36077865e-07, -2.39364084e-06, -1.49176967e-06, -7.88628422e-07,
        1.58706381e-06,  6.23760303e-07, -8.71525074e-08,  2.98094882e-07,
        6.47074986e-07, -1.51915517e-07, -2.46710060e-06, -3.04349139e-06,
       -2.13514391e-06, -7.74843153e-06, -4.32172816e-06,  3.29699231e-06,
        1.14982098e-05,  4.79949414e-06])
  message: 'Desired error not necessarily achieved due to precision loss.'
     nfev: 2292
      nit: 72
     njev: 120
   status: 2
  success: False
        x: array([ 0.71203349, -0.67112235,  0.47677054,  1.18815819, -0.78401227,
        0.06232652,  1.11982419, -1.19943783, -0.80440311, -0.01573637,
        0.62275869,  1.07682203,  0.03770133,  0.22429739, -0.30979206,
       -1.13216601, -0.28930449,  0.01237405])
