Program Begingeth
      fun: 0.3225682560211793
 hess_inv: array([[ 1.40167667e+00,  3.36111274e-03, -1.09779561e-01,
        -1.79285256e-01,  2.57099135e-01, -2.74247015e-01,
        -3.14600295e-01,  1.42358079e+00, -1.74843836e+00,
         2.46038425e-01, -1.67891050e-01,  1.46825240e+00,
        -8.72196947e-01,  1.52978257e-01, -5.18057473e-01,
        -1.22295563e-01, -5.39146323e-02, -1.22987473e-01],
       [ 3.36111274e-03,  2.00157827e+00, -1.77800963e-02,
        -2.14826257e-01, -2.50055145e-01, -4.05847317e-01,
        -1.17767458e+00, -3.68051940e-01, -2.13711163e-01,
        -9.64173740e-02,  1.03086275e+00, -3.44518131e-02,
        -9.59632065e-02, -1.45497568e+00, -2.00682855e-01,
         2.22813551e-02, -2.67793529e-01,  2.34713707e-01],
       [-1.09779561e-01, -1.77800963e-02,  1.17470001e+00,
         6.46843055e-02,  2.76694515e-01, -6.32057133e-02,
         1.03026153e+00,  8.08598855e-01,  2.91744667e-01,
        -1.09572469e+00, -2.14291676e-01, -1.24215874e-01,
         2.96054644e-01,  2.37504013e-01, -6.51781928e-01,
         2.26692739e-02, -4.74828262e-02, -1.62345080e-01],
       [-1.79285256e-01, -2.14826257e-01,  6.46843055e-02,
         1.16418693e-01,  2.15917819e-03,  7.12408010e-02,
         3.63424384e-01, -2.02500003e-01,  2.90750602e-01,
        -1.10155076e-01,  1.03600254e-02, -1.40551159e-01,
         2.13597323e-01,  1.20185613e-01,  4.87831469e-02,
         3.75021024e-02,  2.66820212e-02, -7.05394951e-03],
       [ 2.57099135e-01, -2.50055145e-01,  2.76694515e-01,
         2.15917819e-03,  2.13348780e-01, -2.34386737e-02,
         4.68836604e-01,  7.39779365e-01, -3.19248072e-01,
        -1.87232936e-01, -3.04264355e-01,  2.94680362e-01,
        -1.05098422e-01,  3.59075354e-01, -2.46710314e-01,
        -1.46156125e-02,  4.69746975e-02, -9.32209055e-02],
       [-2.74247015e-01, -4.05847317e-01, -6.32057133e-02,
         7.12408010e-02, -2.34386737e-02,  2.16808504e-01,
         2.68751548e-01, -4.09611909e-01,  7.11398468e-01,
         9.62904892e-03, -3.49356537e-01, -2.47395174e-01,
         1.89385481e-01,  2.98245476e-01,  2.42762510e-01,
         3.77630132e-02,  7.15574526e-02, -2.39225860e-03],
       [-3.14600295e-01, -1.17767458e+00,  1.03026153e+00,
         3.63424384e-01,  4.68836604e-01,  2.68751548e-01,
         3.35618825e+00,  9.93286359e-01,  7.53869358e-01,
        -7.16884488e-01, -9.63585966e-01, -5.54484397e-02,
         4.54330622e-01,  1.22110053e+00, -3.55797006e-01,
         5.42057632e-02,  1.86394298e-01, -2.21791241e-01],
       [ 1.42358079e+00, -3.68051940e-01,  8.08598855e-01,
        -2.02500003e-01,  7.39779365e-01, -4.09611909e-01,
         9.93286359e-01,  4.34689320e+00, -2.91277436e+00,
        -2.50475045e-01, -1.69124501e-01,  1.33440088e+00,
        -9.55394139e-01,  6.15186948e-01, -1.00673145e+00,
        -2.18424054e-01, -7.03717046e-03, -2.47047177e-01],
       [-1.74843836e+00, -2.13711163e-01,  2.91744667e-01,
         2.90750602e-01, -3.19248072e-01,  7.11398468e-01,
         7.53869358e-01, -2.91277436e+00,  5.29261282e+00,
        -8.61571622e-01, -8.34329144e-01, -1.27144792e+00,
         1.34776253e+00,  2.08594562e-01,  5.10321741e-01,
         2.88879357e-01,  7.66218357e-02,  1.10376864e-02],
       [ 2.46038425e-01, -9.64173740e-02, -1.09572469e+00,
        -1.10155076e-01, -1.87232936e-01,  9.62904892e-03,
        -7.16884488e-01, -2.50475045e-01, -8.61571622e-01,
         1.43996785e+00,  1.29370007e-01,  2.23711495e-01,
        -5.34214966e-01, -9.50118393e-02,  5.62612539e-01,
        -8.35489503e-02,  8.41207693e-02,  1.28321909e-01],
       [-1.67891050e-01,  1.03086275e+00, -2.14291676e-01,
         1.03600254e-02, -3.04264355e-01, -3.49356537e-01,
        -9.63585966e-01, -1.69124501e-01, -8.34329144e-01,
         1.29370007e-01,  2.45057894e+00, -4.24028291e-01,
         9.75352270e-03, -1.40463323e+00,  1.18579760e-01,
        -1.50144129e-01, -2.24824642e-01,  3.17639893e-01],
       [ 1.46825240e+00, -3.44518131e-02, -1.24215874e-01,
        -1.40551159e-01,  2.94680362e-01, -2.47395174e-01,
        -5.54484397e-02,  1.33440088e+00, -1.27144792e+00,
         2.23711495e-01, -4.24028291e-01,  1.97036263e+00,
        -8.40383121e-01,  2.67462223e-01, -6.71623733e-01,
        -7.16745336e-02, -5.37181444e-02, -1.87008682e-01],
       [-8.72196947e-01, -9.59632065e-02,  2.96054644e-01,
         2.13597323e-01, -1.05098422e-01,  1.89385481e-01,
         4.54330622e-01, -9.55394139e-01,  1.34776253e+00,
        -5.34214966e-01,  9.75352270e-03, -8.40383121e-01,
         7.61677834e-01,  1.40316953e-02,  1.75790755e-01,
         1.49880805e-01,  2.25372186e-02,  2.60725349e-02],
       [ 1.52978257e-01, -1.45497568e+00,  2.37504013e-01,
         1.20185613e-01,  3.59075354e-01,  2.98245476e-01,
         1.22110053e+00,  6.15186948e-01,  2.08594562e-01,
        -9.50118393e-02, -1.40463323e+00,  2.67462223e-01,
         1.40316953e-02,  1.39953619e+00, -5.89845380e-02,
         2.93467801e-02,  2.64734407e-01, -2.54755453e-01],
       [-5.18057473e-01, -2.00682855e-01, -6.51781928e-01,
         4.87831469e-02, -2.46710314e-01,  2.42762510e-01,
        -3.55797006e-01, -1.00673145e+00,  5.10321741e-01,
         5.62612539e-01,  1.18579760e-01, -6.71623733e-01,
         1.75790755e-01, -5.89845380e-02,  7.52135521e-01,
         1.95179151e-02,  8.25463529e-02,  1.86145067e-01],
       [-1.22295563e-01,  2.22813551e-02,  2.26692739e-02,
         3.75021024e-02, -1.46156125e-02,  3.77630132e-02,
         5.42057632e-02, -2.18424054e-01,  2.88879357e-01,
        -8.35489503e-02, -1.50144129e-01, -7.16745336e-02,
         1.49880805e-01,  2.93467801e-02,  1.95179151e-02,
         6.90314063e-02,  7.39042185e-03, -6.19432122e-03],
       [-5.39146323e-02, -2.67793529e-01, -4.74828262e-02,
         2.66820212e-02,  4.69746975e-02,  7.15574526e-02,
         1.86394298e-01, -7.03717046e-03,  7.66218357e-02,
         8.41207693e-02, -2.24824642e-01, -5.37181444e-02,
         2.25372186e-02,  2.64734407e-01,  8.25463529e-02,
         7.39042185e-03,  8.78008681e-02, -2.05724429e-02],
       [-1.22987473e-01,  2.34713707e-01, -1.62345080e-01,
        -7.05394951e-03, -9.32209055e-02, -2.39225860e-03,
        -2.21791241e-01, -2.47047177e-01,  1.10376864e-02,
         1.28321909e-01,  3.17639893e-01, -1.87008682e-01,
         2.60725349e-02, -2.54755453e-01,  1.86145067e-01,
        -6.19432122e-03, -2.05724429e-02,  1.15736499e-01]])
      jac: array([ 7.61946062e-06, -1.22613031e-05, -1.17346873e-05, -5.74444196e-05,
       -4.31177316e-05,  6.89903690e-05,  2.10779542e-05,  6.13361214e-06,
       -1.16392081e-05,  2.31714648e-05,  3.90650475e-06,  7.40185691e-06,
        7.27654973e-05, -1.99436763e-05, -2.54255876e-05, -2.57442216e-05,
        3.26697928e-05,  5.75765361e-05])
  message: 'Desired error not necessarily achieved due to precision loss.'
     nfev: 1340
      nit: 35
     njev: 70
   status: 2
  success: False
        x: array([ 0.57584015, -0.09942482,  0.45777227,  0.20180817, -1.28588018,
       -0.60207667,  1.25705431, -1.74797733, -0.7696996 , -0.84489606,
        0.03337232,  0.51855512,  0.11187714, -0.00245074, -0.34161984,
        0.07013179,  1.56170889, -0.67543943])
