Program Begingeth
      fun: 0.2655486419929015
 hess_inv: array([[ 2.95604596e+00,  1.16982415e+00, -2.42841721e-01,
         1.10522413e+00,  5.14862197e-01, -6.44624955e-01,
         1.40550890e+00, -8.76205946e-01, -2.15164303e+00,
        -9.24608559e-02,  7.24384627e-01, -2.26805216e-01,
        -3.39803681e-01, -2.60490943e-01, -3.30998443e-01,
        -1.79715924e-01, -2.63121377e-01,  1.87059244e-02],
       [ 1.16982415e+00,  2.93015112e+00,  1.06176232e+00,
         4.00579126e-01,  1.24911263e+00,  2.09743457e-01,
         2.18427358e+00,  8.82053862e-01,  2.41005048e+00,
         2.24239766e-01,  6.77807107e-01, -8.91357649e-01,
        -3.50690000e-01, -3.46121847e-01, -2.25814633e-01,
        -8.68378870e-02, -2.21723011e-01, -3.22218352e-02],
       [-2.42841721e-01,  1.06176232e+00,  5.12270428e+00,
         6.86758818e-01,  1.89336831e-01,  2.46585173e+00,
         8.19924578e+00, -4.94888371e+00,  9.15118575e+00,
        -5.42148956e-01,  1.60375474e+00, -6.07167990e-01,
         2.81355645e-01, -2.32956912e-01, -5.72294025e-01,
        -8.86495082e-02,  5.03839171e-02, -5.57020288e-01],
       [ 1.10522413e+00,  4.00579126e-01,  6.86758818e-01,
         5.84582036e-01,  1.45064897e-01,  1.40775060e-01,
         2.11669291e+00, -1.26429677e+00,  3.98709414e-01,
        -1.71562060e-01,  5.02929597e-01, -8.31291318e-02,
        -4.60122852e-02, -9.59620711e-02, -2.29115452e-01,
        -8.08411826e-02, -6.95271935e-02, -1.02928851e-01],
       [ 5.14862197e-01,  1.24911263e+00,  1.89336831e-01,
         1.45064897e-01,  6.19086994e-01, -1.89932860e-02,
         8.61188985e-01,  1.28855774e+00,  3.98520019e-01,
         7.37555546e-02,  1.39628058e-01, -3.08166035e-01,
        -1.84215982e-01, -9.34501827e-02, -4.20576625e-02,
        -5.36321766e-02, -9.75115814e-02,  2.18215361e-02],
       [-6.44624955e-01,  2.09743457e-01,  2.46585173e+00,
         1.40775060e-01, -1.89932860e-02,  1.33029648e+00,
         3.83833725e+00, -2.02199799e+00,  4.87838875e+00,
        -3.33520629e-01,  5.48258377e-01, -1.93555436e-01,
         2.21325629e-01, -4.66804478e-02, -1.89121429e-01,
         1.42944296e-03,  5.94683454e-02, -2.70194536e-01],
       [ 1.40550890e+00,  2.18427358e+00,  8.19924578e+00,
         2.11669291e+00,  8.61188985e-01,  3.83833725e+00,
         1.97215122e+01, -6.35092855e+00,  1.34022457e+01,
        -1.34301322e+00,  2.54607883e+00, -5.28539762e-01,
         2.09313348e-01, -3.16053828e-01, -1.12494070e+00,
        -3.62523432e-01, -1.95453693e-01, -1.01904506e+00],
       [-8.76205946e-01,  8.82053862e-01, -4.94888371e+00,
        -1.26429677e+00,  1.28855774e+00, -2.02199799e+00,
        -6.35092855e+00,  1.42400367e+01, -8.00448572e+00,
         4.89686361e-01, -2.42486755e+00,  1.74903873e-01,
        -4.75468088e-01,  4.10780418e-01,  1.09613708e+00,
         1.30330213e-01, -1.00401255e-01,  7.53974570e-01],
       [-2.15164303e+00,  2.41005048e+00,  9.15118575e+00,
         3.98709414e-01,  3.98520019e-01,  4.87838875e+00,
         1.34022457e+01, -8.00448572e+00,  2.17464131e+01,
        -9.20405034e-01,  2.59066545e+00, -1.24294544e+00,
         6.15806326e-01, -6.68749478e-01, -9.02702664e-01,
         5.14633834e-02, -4.41091945e-02, -1.02350834e+00],
       [-9.24608559e-02,  2.24239766e-01, -5.42148956e-01,
        -1.71562060e-01,  7.37555546e-02, -3.33520629e-01,
        -1.34301322e+00,  4.89686361e-01, -9.20405034e-01,
         8.35473265e-01, -2.01692602e-01, -7.24327863e-02,
        -2.15478430e-01,  1.33576089e-02,  1.55067800e-01,
         1.35488389e-02,  2.92794339e-02,  2.54174336e-01],
       [ 7.24384627e-01,  6.77807107e-01,  1.60375474e+00,
         5.02929597e-01,  1.39628058e-01,  5.48258377e-01,
         2.54607883e+00, -2.42486755e+00,  2.59066545e+00,
        -2.01692602e-01,  1.22169189e+00, -3.60870269e-01,
         4.69134479e-03, -2.89408318e-01, -4.11570514e-01,
        -9.02846180e-02, -5.98710281e-02, -2.70738747e-01],
       [-2.26805216e-01, -8.91357649e-01, -6.07167990e-01,
        -8.31291318e-02, -3.08166035e-01, -1.93555436e-01,
        -5.28539762e-01,  1.74903873e-01, -1.24294544e+00,
        -7.24327863e-02, -3.60870269e-01,  5.84354648e-01,
         3.78751072e-02,  1.77798482e-01,  4.59209489e-02,
        -3.78270542e-02,  6.61906810e-02,  3.90966134e-02],
       [-3.39803681e-01, -3.50690000e-01,  2.81355645e-01,
        -4.60122852e-02, -1.84215982e-01,  2.21325629e-01,
         2.09313348e-01, -4.75468088e-01,  6.15806326e-01,
        -2.15478430e-01,  4.69134479e-03,  3.78751072e-02,
         1.75095259e-01,  3.79228475e-02, -1.27837053e-02,
         6.48393616e-02,  6.15381789e-02, -9.08835020e-02],
       [-2.60490943e-01, -3.46121847e-01, -2.32956912e-01,
        -9.59620711e-02, -9.34501827e-02, -4.66804478e-02,
        -3.16053828e-01,  4.10780418e-01, -6.68749478e-01,
         1.33576089e-02, -2.89408318e-01,  1.77798482e-01,
         3.79228475e-02,  1.48045583e-01,  8.51393699e-02,
         8.65828804e-03,  8.43270932e-02,  4.07632490e-02],
       [-3.30998443e-01, -2.25814633e-01, -5.72294025e-01,
        -2.29115452e-01, -4.20576625e-02, -1.89121429e-01,
        -1.12494070e+00,  1.09613708e+00, -9.02702664e-01,
         1.55067800e-01, -4.11570514e-01,  4.59209489e-02,
        -1.27837053e-02,  8.51393699e-02,  2.02697843e-01,
         4.89272298e-02,  2.23287717e-02,  1.40190123e-01],
       [-1.79715924e-01, -8.68378870e-02, -8.86495082e-02,
        -8.08411826e-02, -5.36321766e-02,  1.42944296e-03,
        -3.62523432e-01,  1.30330213e-01,  5.14633834e-02,
         1.35488389e-02, -9.02846180e-02, -3.78270542e-02,
         6.48393616e-02,  8.65828804e-03,  4.89272298e-02,
         7.10338206e-02,  1.99519458e-02,  8.53574642e-03],
       [-2.63121377e-01, -2.21723011e-01,  5.03839171e-02,
        -6.95271935e-02, -9.75115814e-02,  5.94683454e-02,
        -1.95453693e-01, -1.00401255e-01, -4.41091945e-02,
         2.92794339e-02, -5.98710281e-02,  6.61906810e-02,
         6.15381789e-02,  8.43270932e-02,  2.23287717e-02,
         1.99519458e-02,  9.68551210e-02, -4.87418802e-03],
       [ 1.87059244e-02, -3.22218352e-02, -5.57020288e-01,
        -1.02928851e-01,  2.18215361e-02, -2.70194536e-01,
        -1.01904506e+00,  7.53974570e-01, -1.02350834e+00,
         2.54174336e-01, -2.70738747e-01,  3.90966134e-02,
        -9.08835020e-02,  4.07632490e-02,  1.40190123e-01,
         8.53574642e-03, -4.87418802e-03,  1.62207403e-01]])
      jac: array([ 4.93727281e-05, -3.04800629e-05, -1.00969603e-04, -9.52959933e-05,
        1.59127526e-04,  2.27664554e-04,  5.57665025e-06, -1.44784185e-05,
       -9.96573194e-06,  3.04981966e-05,  3.73812092e-05,  6.54328443e-06,
        9.34941013e-05,  3.03612691e-05, -1.40657856e-05, -3.60408000e-05,
       -2.38960703e-05,  3.94358620e-05])
  message: 'Desired error not necessarily achieved due to precision loss.'
     nfev: 2025
      nit: 61
     njev: 106
   status: 2
  success: False
        x: array([-0.82046066, -1.19614488,  0.57441999, -1.06920625, -1.21949899,
        0.15753492, -0.77776215, -1.75487444, -0.6519648 ,  0.03202186,
        0.60270019,  1.16290616,  0.11190679,  0.2256454 , -0.30748284,
        1.23902006, -0.11985957, -0.01840171])
