Program Begingeth
      fun: 0.26965900989174685
 hess_inv: array([[ 4.65311570e+00,  1.98971972e+00,  3.44072963e-01,
         1.54760582e+00,  7.97247322e-01, -9.69774518e-01,
         2.36296411e+00, -2.02440383e+00, -2.87223245e+00,
        -1.71753709e-01,  1.09056974e+00, -1.05386051e+00,
        -6.91599664e-01, -4.62108868e-01, -4.99343180e-01,
        -2.27925930e-01, -4.55126925e-01,  2.42630019e-01],
       [ 1.98971972e+00,  4.07172989e+00,  1.20672257e+00,
         5.91382290e-01,  1.67190325e+00, -5.50916910e-02,
         4.01614097e+00,  1.26201660e+00,  2.87801834e+00,
         2.87197107e-01,  5.07384076e-01, -1.66018795e+00,
        -6.36714358e-01, -4.79612447e-01, -2.94819433e-01,
        -7.85099510e-02, -3.44260075e-01,  1.19831287e-01],
       [ 3.44072963e-01,  1.20672257e+00,  2.43093900e+00,
         4.77606188e-01,  4.11427431e-01,  8.55814695e-01,
         4.06431161e+00, -2.09333332e+00,  3.50084533e+00,
        -5.81926897e-03,  1.00669733e+00, -7.75325762e-01,
        -4.11207244e-02, -1.99533300e-01, -3.39208903e-01,
        -1.39617828e-01, -3.57416268e-02, -1.57154107e-01],
       [ 1.54760582e+00,  5.91382290e-01,  4.77606188e-01,
         6.33537286e-01,  2.31883144e-01, -1.69356418e-01,
         1.64986589e+00, -1.23536481e+00, -6.27047930e-01,
        -1.15865338e-01,  5.33000410e-01, -3.34718654e-01,
        -1.73272563e-01, -1.41390771e-01, -2.37257527e-01,
        -9.62290591e-02, -1.29324869e-01,  1.58204336e-02],
       [ 7.97247322e-01,  1.67190325e+00,  4.11427431e-01,
         2.31883144e-01,  7.98577115e-01, -1.85123618e-02,
         2.18778083e+00,  1.34952986e+00,  9.28125726e-01,
         3.48837130e-02,  9.76789218e-02, -5.89539453e-01,
        -3.03185357e-01, -1.39021051e-01, -7.62890657e-02,
        -6.13697381e-02, -1.70328445e-01,  6.12808938e-02],
       [-9.69774518e-01, -5.50916910e-02,  8.55814695e-01,
        -1.69356418e-01, -1.85123618e-02,  6.33200014e-01,
         1.33979300e+00, -5.33795852e-02,  2.30308228e+00,
        -7.49579054e-02,  3.92932094e-02, -1.27263350e-03,
         1.77380409e-01,  4.89307403e-02,  3.35859424e-02,
         2.14686981e-02,  7.02141850e-02, -1.13995659e-01],
       [ 2.36296411e+00,  4.01614097e+00,  4.06431161e+00,
         1.64986589e+00,  2.18778083e+00,  1.33979300e+00,
         1.74417368e+01,  5.07270097e-01,  6.02185707e+00,
        -7.28936345e-01,  1.41155764e+00, -1.46035750e+00,
        -6.92867569e-01, -4.18707751e-01, -6.73769127e-01,
        -4.45253767e-01, -8.08754499e-01, -3.30554702e-01],
       [-2.02440383e+00,  1.26201660e+00, -2.09333332e+00,
        -1.23536481e+00,  1.34952986e+00, -5.33795852e-02,
         5.07270097e-01,  1.25842547e+01,  9.64997141e-02,
        -1.43585748e-01, -2.13550373e+00,  1.57204991e-01,
        -2.04260678e-01,  3.78905294e-01,  9.74176513e-01,
         2.61151922e-01, -7.54354563e-02,  2.74779014e-01],
       [-2.87223245e+00,  2.87801834e+00,  3.50084533e+00,
        -6.27047930e-01,  9.28125726e-01,  2.30308228e+00,
         6.02185707e+00,  9.64997141e-02,  1.42225906e+01,
         8.79060591e-02,  5.52793397e-01, -1.27011327e+00,
         2.72804508e-01, -4.93766368e-01, -1.17461837e-01,
         1.87745368e-01, -1.16274129e-01, -3.65429957e-01],
       [-1.71753709e-01,  2.87197107e-01, -5.81926897e-03,
        -1.15865338e-01,  3.48837130e-02, -7.49579054e-02,
        -7.28936345e-01, -1.43585748e-01,  8.79060591e-02,
         6.65765592e-01, -1.03168661e-01, -1.16322373e-01,
        -1.27427705e-01,  1.47365268e-02,  6.22067451e-02,
         1.69274820e-02,  9.36429787e-02,  1.60749859e-01],
       [ 1.09056974e+00,  5.07384076e-01,  1.00669733e+00,
         5.33000410e-01,  9.76789218e-02,  3.92932094e-02,
         1.41155764e+00, -2.13550373e+00,  5.52793397e-01,
        -1.03168661e-01,  1.17549206e+00, -5.04035149e-01,
        -9.12098066e-02, -2.87098895e-01, -4.10533975e-01,
        -1.30724368e-01, -8.35894161e-02, -1.51312375e-01],
       [-1.05386051e+00, -1.66018795e+00, -7.75325762e-01,
        -3.34718654e-01, -5.89539453e-01, -1.27263350e-03,
        -1.46035750e+00,  1.57204991e-01, -1.27011327e+00,
        -1.16322373e-01, -5.04035149e-01,  1.06497008e+00,
         2.29367522e-01,  3.26133136e-01,  1.58560272e-01,
        -5.72443465e-03,  1.69319663e-01, -1.62991138e-02],
       [-6.91599664e-01, -6.36714358e-01, -4.11207244e-02,
        -1.73272563e-01, -3.03185357e-01,  1.77380409e-01,
        -6.92867569e-01, -2.04260678e-01,  2.72804508e-01,
        -1.27427705e-01, -9.12098066e-02,  2.29367522e-01,
         2.54213717e-01,  8.45994733e-02,  5.14189949e-02,
         8.82684911e-02,  1.21783237e-01, -9.96936081e-02],
       [-4.62108868e-01, -4.79612447e-01, -1.99533300e-01,
        -1.41390771e-01, -1.39021051e-01,  4.89307403e-02,
        -4.18707751e-01,  3.78905294e-01, -4.93766368e-01,
         1.47365268e-02, -2.87098895e-01,  3.26133136e-01,
         8.45994733e-02,  1.79851337e-01,  1.03453559e-01,
         8.96211913e-03,  1.12399315e-01,  1.64440689e-02],
       [-4.99343180e-01, -2.94819433e-01, -3.39208903e-01,
        -2.37257527e-01, -7.62890657e-02,  3.35859424e-02,
        -6.73769127e-01,  9.74176513e-01, -1.17461837e-01,
         6.22067451e-02, -4.10533975e-01,  1.58560272e-01,
         5.14189949e-02,  1.03453559e-01,  2.05775264e-01,
         6.58164783e-02,  4.45023165e-02,  8.17098719e-02],
       [-2.27925930e-01, -7.85099510e-02, -1.39617828e-01,
        -9.62290591e-02, -6.13697381e-02,  2.14686981e-02,
        -4.45253767e-01,  2.61151922e-01,  1.87745368e-01,
         1.69274820e-02, -1.30724368e-01, -5.72443465e-03,
         8.82684911e-02,  8.96211913e-03,  6.58164783e-02,
         9.05016496e-02,  3.58357209e-02, -2.25607580e-03],
       [-4.55126925e-01, -3.44260075e-01, -3.57416268e-02,
        -1.29324869e-01, -1.70328445e-01,  7.02141850e-02,
        -8.08754499e-01, -7.54354563e-02, -1.16274129e-01,
         9.36429787e-02, -8.35894161e-02,  1.69319663e-01,
         1.21783237e-01,  1.12399315e-01,  4.45023165e-02,
         3.58357209e-02,  1.61995572e-01, -1.32795577e-02],
       [ 2.42630019e-01,  1.19831287e-01, -1.57154107e-01,
         1.58204336e-02,  6.12808938e-02, -1.13995659e-01,
        -3.30554702e-01,  2.74779014e-01, -3.65429957e-01,
         1.60749859e-01, -1.51312375e-01, -1.62991138e-02,
        -9.96936081e-02,  1.64440689e-02,  8.17098719e-02,
        -2.25607580e-03, -1.32795577e-02,  1.42267526e-01]])
      jac: array([-2.60680366e-06, -2.07796743e-06,  1.45735276e-06,  9.99200722e-06,
        2.97317726e-06, -4.64295269e-06, -6.72055004e-07,  3.50830476e-07,
        2.51650552e-07, -1.63572859e-07, -5.48080100e-07,  5.61772851e-07,
       -8.27597250e-06, -2.07833750e-06,  9.65190890e-06,  3.12083692e-06,
        2.65713377e-06, -9.84545778e-06])
  message: 'Optimization terminated successfully.'
     nfev: 1254
      nit: 56
     njev: 66
   status: 0
  success: True
        x: array([-0.58679662, -0.87094261,  0.62207223, -0.90458747, -0.98878621,
        0.13385907, -0.51259019, -1.67698043, -0.5187627 ,  0.09668253,
        0.65148261,  1.1499817 ,  0.09652899,  0.14833658, -0.36245157,
        1.12113501, -0.40639791, -0.02677589])
