Program Begingeth
      fun: 0.265719665659692
 hess_inv: array([[ 4.52423398e+00,  1.83418887e+00,  3.81513442e-01,
         1.41697525e+00,  7.67145261e-01, -8.06982128e-01,
         2.38351219e+00, -1.78052088e+00, -2.45915569e+00,
        -3.17247993e-01,  9.59939726e-01, -9.08811753e-01,
        -7.53208468e-01, -4.28983861e-01, -4.53198248e-01,
        -2.50736116e-01, -4.75476417e-01,  1.92306675e-01],
       [ 1.83418887e+00,  3.34455777e+00,  1.72274916e+00,
         6.34385946e-01,  1.34034298e+00,  2.94107753e-01,
         4.52238090e+00,  3.65685262e-01,  3.24792649e+00,
         1.48178700e-01,  5.81697870e-01, -1.46131743e+00,
        -5.50043582e-01, -4.07010930e-01, -2.96476276e-01,
        -1.05199424e-01, -2.72555858e-01,  3.44512561e-02],
       [ 3.81513442e-01,  1.72274916e+00,  5.49296316e+00,
         1.05755507e+00,  5.50342373e-01,  2.15689949e+00,
         1.09946479e+01, -4.99244575e+00,  8.26099759e+00,
        -2.61157442e-01,  2.11043009e+00, -1.27664742e+00,
        -6.11857655e-03, -3.38983992e-01, -7.48345814e-01,
        -2.93019888e-01, -6.28952096e-02, -4.61469345e-01],
       [ 1.41697525e+00,  6.34385946e-01,  1.05755507e+00,
         6.73535689e-01,  2.53558705e-01,  1.43076109e-01,
         3.00534068e+00, -1.60522725e+00,  4.53191154e-01,
        -1.99999589e-01,  6.63659647e-01, -3.62206421e-01,
        -1.76105548e-01, -1.43255906e-01, -2.85950376e-01,
        -1.29088965e-01, -1.32554714e-01, -5.42055310e-02],
       [ 7.67145261e-01,  1.34034298e+00,  5.50342373e-01,
         2.53558705e-01,  6.34324866e-01,  8.44038390e-02,
         2.12871065e+00,  9.50078319e-01,  8.90294140e-01,
        -2.33474732e-02,  1.14852206e-01, -5.02924570e-01,
        -2.54621663e-01, -1.08086456e-01, -7.04447590e-02,
        -6.57625823e-02, -1.26226768e-01,  3.32706449e-02],
       [-8.06982128e-01,  2.94107753e-01,  2.15689949e+00,
         1.43076109e-01,  8.44038390e-02,  1.11770782e+00,
         4.30702146e+00, -1.35497042e+00,  4.13368439e+00,
        -1.49634889e-01,  5.57382143e-01, -2.84893540e-01,
         1.84429714e-01, -2.92479070e-02, -1.64363592e-01,
        -4.88877039e-02,  5.50962268e-02, -2.23803004e-01],
       [ 2.38351219e+00,  4.52238090e+00,  1.09946479e+01,
         3.00534068e+00,  2.12871065e+00,  4.30702146e+00,
         3.17851128e+01, -6.87767277e+00,  1.55682464e+01,
        -1.26266339e+00,  3.78465902e+00, -2.33936380e+00,
        -4.81156713e-01, -5.67013725e-01, -1.52682133e+00,
        -8.25766669e-01, -6.19557617e-01, -9.83430826e-01],
       [-1.78052088e+00,  3.65685262e-01, -4.99244575e+00,
        -1.60522725e+00,  9.50078319e-01, -1.35497042e+00,
        -6.87767277e+00,  1.47008874e+01, -5.44527175e+00,
         2.37261549e-02, -3.08928627e+00,  6.38908478e-01,
        -8.39831631e-02,  4.94249888e-01,  1.35834713e+00,
         4.29197474e-01,  2.43419512e-02,  5.68617649e-01],
       [-2.45915569e+00,  3.24792649e+00,  8.26099759e+00,
         4.53191154e-01,  8.90294140e-01,  4.13368439e+00,
         1.55682464e+01, -5.44527175e+00,  2.02086732e+01,
        -1.53301133e-01,  2.46570640e+00, -1.98528927e+00,
         3.88816728e-01, -6.78725272e-01, -8.33778656e-01,
        -8.72810595e-02, -5.52314690e-02, -8.03777158e-01],
       [-3.17247993e-01,  1.48178700e-01, -2.61157442e-01,
        -1.99999589e-01, -2.33474732e-02, -1.49634889e-01,
        -1.26266339e+00,  2.37261549e-02, -1.53301133e-01,
         7.83339529e-01, -2.17748590e-01, -2.20531352e-02,
        -1.17974969e-01,  3.00162841e-02,  9.67994119e-02,
         4.83442659e-02,  9.78109909e-02,  1.70640207e-01],
       [ 9.59939726e-01,  5.81697870e-01,  2.11043009e+00,
         6.63659647e-01,  1.14852206e-01,  5.57382143e-01,
         3.78465902e+00, -3.08928627e+00,  2.46570640e+00,
        -2.17748590e-01,  1.57872386e+00, -6.16737479e-01,
        -8.38631979e-02, -3.32940738e-01, -5.46082839e-01,
        -1.89605985e-01, -9.53924947e-02, -2.69456454e-01],
       [-9.08811753e-01, -1.46131743e+00, -1.27664742e+00,
        -3.62206421e-01, -5.02924570e-01, -2.84893540e-01,
        -2.33936380e+00,  6.38908478e-01, -1.98528927e+00,
        -2.20531352e-02, -6.16737479e-01,  1.04339760e+00,
         1.97531988e-01,  3.09431201e-01,  1.85146223e-01,
         1.98173196e-02,  1.57096719e-01,  4.49681379e-02],
       [-7.53208468e-01, -5.50043582e-01, -6.11857655e-03,
        -1.76105548e-01, -2.54621663e-01,  1.84429714e-01,
        -4.81156713e-01, -8.39831631e-02,  3.88816728e-01,
        -1.17974969e-01, -8.38631979e-02,  1.97531988e-01,
         2.62621870e-01,  8.19177979e-02,  4.95695408e-02,
         9.02387317e-02,  1.14429916e-01, -9.20451759e-02],
       [-4.28983861e-01, -4.07010930e-01, -3.38983992e-01,
        -1.43255906e-01, -1.08086456e-01, -2.92479070e-02,
        -5.67013725e-01,  4.94249888e-01, -6.78725272e-01,
         3.00162841e-02, -3.32940738e-01,  3.09431201e-01,
         8.19177979e-02,  1.74122577e-01,  1.11190175e-01,
         1.89155291e-02,  1.02264780e-01,  3.07987292e-02],
       [-4.53198248e-01, -2.96476276e-01, -7.48345814e-01,
        -2.85950376e-01, -7.04447590e-02, -1.64363592e-01,
        -1.52682133e+00,  1.35834713e+00, -8.33778656e-01,
         9.67994119e-02, -5.46082839e-01,  1.85146223e-01,
         4.95695408e-02,  1.11190175e-01,  2.48115712e-01,
         8.81490850e-02,  4.07812145e-02,  1.18259229e-01],
       [-2.50736116e-01, -1.05199424e-01, -2.93019888e-01,
        -1.29088965e-01, -6.57625823e-02, -4.88877039e-02,
        -8.25766669e-01,  4.29197474e-01, -8.72810595e-02,
         4.83442659e-02, -1.89605985e-01,  1.98173196e-02,
         9.02387317e-02,  1.89155291e-02,  8.81490850e-02,
         9.78940366e-02,  3.75357122e-02,  1.90869721e-02],
       [-4.75476417e-01, -2.72555858e-01, -6.28952096e-02,
        -1.32554714e-01, -1.26226768e-01,  5.50962268e-02,
        -6.19557617e-01,  2.43419512e-02, -5.52314690e-02,
         9.78109909e-02, -9.53924947e-02,  1.57096719e-01,
         1.14429916e-01,  1.02264780e-01,  4.07812145e-02,
         3.75357122e-02,  1.35396697e-01, -1.18482675e-02],
       [ 1.92306675e-01,  3.44512561e-02, -4.61469345e-01,
        -5.42055310e-02,  3.32706449e-02, -2.23803004e-01,
        -9.83430826e-01,  5.68617649e-01, -8.03777158e-01,
         1.70640207e-01, -2.69456454e-01,  4.49681379e-02,
        -9.20451759e-02,  3.07987292e-02,  1.18259229e-01,
         1.90869721e-02, -1.18482675e-02,  1.46580173e-01]])
      jac: array([ 8.68934554e-07, -4.03381032e-07, -3.48980104e-07, -1.24604031e-06,
        6.76125822e-07,  6.29496455e-07,  2.70154269e-08, -2.50910404e-07,
        1.76525461e-07, -2.96059473e-09, -2.81256500e-08,  8.14163552e-08,
       -1.35225164e-06,  5.68064114e-07, -9.54791801e-08,  2.17788750e-06,
        2.27595720e-07, -1.26750462e-06])
  message: 'Optimization terminated successfully.'
     nfev: 1292
      nit: 59
     njev: 68
   status: 0
  success: True
        x: array([-0.63694946, -0.84298071,  0.56905936, -1.00205481, -0.943467  ,
        0.1154959 , -0.7198521 , -1.50942683, -0.62486185,  0.10693547,
        0.63690755,  1.12740121,  0.09577559,  0.18737769, -0.33463223,
        1.20141701, -0.3271223 , -0.01000758])
