Program Begingeth
      fun: 0.2978460918807713
 hess_inv: array([[ 5.97303505e+00,  1.94372448e+00,  4.61296091e-02,
         1.48595524e+00,  9.91981534e-01, -1.24876834e+00,
         1.62025368e+00, -1.51597027e+00, -2.62166701e+00,
        -8.26481263e-01,  8.18062254e-01, -9.88618750e-01,
        -1.01292604e+00, -4.45580421e-01, -4.92318047e-01,
        -9.32630020e-02, -7.66634211e-01,  5.07236778e-01],
       [ 1.94372448e+00,  3.79310993e+00,  1.19938346e+00,
         4.56017631e-01,  1.49259994e+00, -9.47143006e-02,
         4.10658361e+00,  7.42432019e-02,  2.49500885e+00,
        -1.57944614e-01,  3.60254365e-01, -1.56975725e+00,
        -6.17920890e-01, -4.13067443e-01, -3.32377073e-01,
        -1.90587629e-02, -3.22073888e-01,  1.08896960e-01],
       [ 4.61296091e-02,  1.19938346e+00,  2.08739112e+00,
         2.85912593e-01,  4.46575345e-01,  6.01935582e-01,
         2.98687966e+00, -1.55967802e+00,  1.81658644e+00,
         2.20157640e-02,  7.58230876e-01, -7.71802692e-01,
        -6.21081997e-02, -1.21190410e-01, -2.55821716e-01,
        -1.68859291e-01, -5.01898844e-03, -4.38404477e-02],
       [ 1.48595524e+00,  4.56017631e-01,  2.85912593e-01,
         4.73031148e-01,  2.49445610e-01, -2.18024672e-01,
         1.06072574e+00, -7.07675372e-01, -6.28362468e-01,
        -2.39500902e-01,  3.41943792e-01, -2.37448216e-01,
        -2.03983654e-01, -9.47595697e-02, -1.78778364e-01,
        -4.51258274e-02, -1.75695349e-01,  8.34507030e-02],
       [ 9.91981534e-01,  1.49259994e+00,  4.46575345e-01,
         2.49445610e-01,  7.64321241e-01, -4.03657285e-02,
         2.81163412e+00,  5.98908781e-01,  6.41184107e-01,
        -2.68086859e-01,  9.75120800e-02, -5.17334878e-01,
        -3.44606200e-01, -1.04147226e-01, -1.19311568e-01,
        -6.43003766e-02, -2.49088707e-01,  4.69587731e-02],
       [-1.24876834e+00, -9.47143006e-02,  6.01935582e-01,
        -2.18024672e-01, -4.03657285e-02,  5.27887630e-01,
         1.08468560e+00,  1.66418946e-01,  1.30358110e+00,
         4.78989306e-02, -6.76951952e-02,  2.64434101e-02,
         2.16713510e-01,  8.78733895e-02,  9.16808582e-02,
        -5.33699776e-03,  1.20604475e-01, -1.17849658e-01],
       [ 1.62025368e+00,  4.10658361e+00,  2.98687966e+00,
         1.06072574e+00,  2.81163412e+00,  1.08468560e+00,
         2.09070903e+01,  2.39824320e+00,  3.74597046e+00,
        -1.66131256e+00,  5.79524073e-01, -1.27770118e+00,
        -9.46648458e-01, -2.00610063e-01, -3.94025233e-01,
        -3.70959451e-01, -1.38153823e+00, -3.67931002e-01],
       [-1.51597027e+00,  7.42432019e-02, -1.55967802e+00,
        -7.07675372e-01,  5.98908781e-01,  1.66418946e-01,
         2.39824320e+00,  7.00622968e+00,  1.98141801e-01,
        -3.85875478e-01, -1.41717628e+00,  5.07984718e-01,
         3.63033095e-03,  3.63575510e-01,  6.65856966e-01,
         2.12847716e-01, -5.11395229e-02, -3.08223126e-02],
       [-2.62166701e+00,  2.49500885e+00,  1.81658644e+00,
        -6.28362468e-01,  6.41184107e-01,  1.30358110e+00,
         3.74597046e+00,  1.98141801e-01,  8.01207944e+00,
         3.69704619e-01, -5.87214788e-02, -1.11204587e+00,
         2.55402114e-01, -3.37677994e-01,  8.12304560e-02,
         1.74084982e-01,  1.06025315e-01, -2.16786308e-01],
       [-8.26481263e-01, -1.57944614e-01,  2.20157640e-02,
        -2.39500902e-01, -2.68086859e-01,  4.78989306e-02,
        -1.66131256e+00, -3.85875478e-01,  3.69704619e-01,
         7.68083833e-01, -8.87797827e-02,  1.07882542e-02,
         8.67760854e-02,  3.03338147e-02,  6.24053272e-02,
         4.66385501e-02,  2.60851978e-01,  7.38977760e-02],
       [ 8.18062254e-01,  3.60254365e-01,  7.58230876e-01,
         3.41943792e-01,  9.75120800e-02, -6.76951952e-02,
         5.79524073e-01, -1.41717628e+00, -5.87214788e-02,
        -8.87797827e-02,  9.67433491e-01, -3.91955666e-01,
        -1.13158028e-01, -2.28869668e-01, -3.31817684e-01,
        -1.27741968e-01, -8.36309295e-02, -6.25616454e-02],
       [-9.88618750e-01, -1.56975725e+00, -7.71802692e-01,
        -2.37448216e-01, -5.17334878e-01,  2.64434101e-02,
        -1.27770118e+00,  5.07984718e-01, -1.11204587e+00,
         1.07882542e-02, -3.91955666e-01,  1.04614999e+00,
         2.38263308e-01,  2.99484803e-01,  1.41525775e-01,
        -3.13831545e-02,  1.53528461e-01, -6.86802278e-02],
       [-1.01292604e+00, -6.17920890e-01, -6.21081997e-02,
        -2.03983654e-01, -3.44606200e-01,  2.16713510e-01,
        -9.46648458e-01,  3.63033095e-03,  2.55402114e-01,
         8.67760854e-02, -1.13158028e-01,  2.38263308e-01,
         3.21293863e-01,  9.15531954e-02,  8.75472161e-02,
         7.95903155e-02,  2.12421367e-01, -1.14403766e-01],
       [-4.45580421e-01, -4.13067443e-01, -1.21190410e-01,
        -9.47595697e-02, -1.04147226e-01,  8.78733895e-02,
        -2.00610063e-01,  3.63575510e-01, -3.37677994e-01,
         3.03338147e-02, -2.28869668e-01,  2.99484803e-01,
         9.15531954e-02,  1.67009488e-01,  8.54838512e-02,
        -1.06407594e-02,  1.01301060e-01, -9.23028183e-03],
       [-4.92318047e-01, -3.32377073e-01, -2.55821716e-01,
        -1.78778364e-01, -1.19311568e-01,  9.16808582e-02,
        -3.94025233e-01,  6.65856966e-01,  8.12304560e-02,
         6.24053272e-02, -3.31817684e-01,  1.41525775e-01,
         8.75472161e-02,  8.54838512e-02,  1.85397830e-01,
         6.44027367e-02,  5.23306952e-02,  3.60939172e-02],
       [-9.32630020e-02, -1.90587629e-02, -1.68859291e-01,
        -4.51258274e-02, -6.43003766e-02, -5.33699776e-03,
        -3.70959451e-01,  2.12847716e-01,  1.74084982e-01,
         4.66385501e-02, -1.27741968e-01, -3.13831545e-02,
         7.95903155e-02, -1.06407594e-02,  6.44027367e-02,
         1.01781711e-01,  4.28695124e-02,  6.12652535e-03],
       [-7.66634211e-01, -3.22073888e-01, -5.01898844e-03,
        -1.75695349e-01, -2.49088707e-01,  1.20604475e-01,
        -1.38153823e+00, -5.11395229e-02,  1.06025315e-01,
         2.60851978e-01, -8.36309295e-02,  1.53528461e-01,
         2.12421367e-01,  1.01301060e-01,  5.23306952e-02,
         4.28695124e-02,  2.71593766e-01, -3.70867176e-02],
       [ 5.07236778e-01,  1.08896960e-01, -4.38404477e-02,
         8.34507030e-02,  4.69587731e-02, -1.17849658e-01,
        -3.67931002e-01, -3.08223126e-02, -2.16786308e-01,
         7.38977760e-02, -6.25616454e-02, -6.86802278e-02,
        -1.14403766e-01, -9.23028183e-03,  3.60939172e-02,
         6.12652535e-03, -3.70867176e-02,  1.48359004e-01]])
      jac: array([ 3.16339547e-06, -3.58491015e-06, -2.32073620e-06, -7.17796193e-06,
        6.26165786e-06,  5.42936066e-06,  8.40438830e-07, -5.37347944e-07,
       -4.10042370e-07,  1.38296781e-06, -1.69901130e-06, -2.10054196e-06,
        8.18641451e-06, -6.12991139e-06, -7.09025431e-06, -5.43824245e-06,
        4.74287276e-06,  5.25579580e-06])
  message: 'Optimization terminated successfully.'
     nfev: 1406
      nit: 64
     njev: 74
   status: 0
  success: True
        x: array([-0.39773983, -0.83214256,  0.58751167, -0.83322211, -0.95438611,
        0.08993776, -0.27976449, -1.8281589 , -0.52246003,  0.09963901,
        0.61046224,  1.14581659,  0.07125582,  0.05079985, -0.3838702 ,
        1.07789894, -0.68198823, -0.01807715])
