Program Begingeth
      fun: 0.39561214380504994
 hess_inv: array([[ 4.74856665e+00,  1.33629209e-01,  1.22451829e-02,
        -8.65627324e-02, -5.63377474e-01,  3.52947374e-01,
         1.43782315e+00,  2.61402727e-01, -5.31097989e-01,
        -8.62199624e-01, -6.47677682e-01, -1.74429926e-01,
        -1.36636288e+00, -2.13799027e-01,  2.06268613e-01,
         8.51759205e-01,  3.68345702e-01, -2.96047658e-01],
       [ 1.33629209e-01,  1.79854273e+00,  8.41855111e-02,
         2.23770285e-01,  1.53221219e-02,  5.04010892e-02,
         3.00147110e-01,  5.02731468e-02, -8.90470845e-01,
         6.22858243e-01, -7.63394023e-01, -1.14450143e+00,
        -5.92043571e-02, -2.89224877e-01,  3.18681027e-01,
        -8.92692298e-02,  3.89368517e-01, -1.27896071e-02],
       [ 1.22451829e-02,  8.41855111e-02,  1.51330471e+00,
         1.42456014e-02,  1.05862098e-01, -3.65755718e-02,
         4.74465309e-01,  1.20517715e+00,  3.10193440e-01,
        -1.88389500e-01,  1.05511017e+00, -7.47364699e-01,
         6.41240310e-02, -2.21957817e-01, -3.03211209e-01,
         6.22661580e-02,  3.10381317e-02,  3.07868823e-01],
       [-8.65627324e-02,  2.23770285e-01,  1.42456014e-02,
         1.22147869e-01,  3.62652519e-02,  1.85210598e-02,
         5.00453542e-01,  9.36469488e-02, -2.61125131e-01,
         7.89018290e-02, -2.50091705e-01, -1.07502911e-01,
         9.37192276e-02,  8.95986197e-03,  7.45997427e-02,
        -8.98369641e-03,  2.43648202e-02,  2.95790915e-02],
       [-5.63377474e-01,  1.53221219e-02,  1.05862098e-01,
         3.62652519e-02,  1.50097950e-01, -5.91503852e-02,
        -8.19960199e-02,  5.43885801e-01,  3.63770830e-02,
        -7.79739961e-03, -1.42405518e-03, -1.68852316e-02,
         2.21104095e-01,  8.20534212e-02, -5.10770984e-02,
        -7.88750498e-02, -2.87291421e-02,  7.14094356e-02],
       [ 3.52947374e-01,  5.04010892e-02, -3.65755718e-02,
         1.85210598e-02, -5.91503852e-02,  1.88044471e-01,
         6.17221889e-01, -4.44195419e-01,  6.37139628e-02,
         4.50200652e-01, -2.79787688e-01,  8.34820692e-02,
        -2.42606413e-01,  3.60841675e-02,  1.52809671e-01,
         3.57723630e-02,  3.15908741e-02, -3.40597073e-02],
       [ 1.43782315e+00,  3.00147110e-01,  4.74465309e-01,
         5.00453542e-01, -8.19960199e-02,  6.17221889e-01,
         5.84119202e+00, -1.67558855e-01, -8.77461617e-01,
         6.55866350e-01, -1.44600318e+00,  3.33701157e-01,
        -4.88856863e-01,  2.26851481e-01,  4.66063411e-01,
         2.20846808e-01,  1.32784341e-01,  1.00581193e-01],
       [ 2.61402727e-01,  5.02731468e-02,  1.20517715e+00,
         9.36469488e-02,  5.43885801e-01, -4.44195419e-01,
        -1.67558855e-01,  6.66592884e+00,  1.24932103e-01,
        -2.57226850e+00, -7.66958010e-02, -1.08581974e+00,
         6.83825912e-01,  1.42390381e-01, -4.52580296e-01,
         1.79073483e-01,  8.91913240e-02,  3.70213894e-01],
       [-5.31097989e-01, -8.90470845e-01,  3.10193440e-01,
        -2.61125131e-01,  3.63770830e-02,  6.37139628e-02,
        -8.77461617e-01,  1.24932103e-01,  2.99085374e+00,
        -5.13679581e-01,  1.19639080e+00, -1.50711830e-01,
         8.92018102e-02,  1.39022039e-02, -1.98753467e-01,
        -6.97357359e-02, -1.70841208e-01,  5.26405568e-02],
       [-8.62199624e-01,  6.22858243e-01, -1.88389500e-01,
         7.89018290e-02, -7.79739961e-03,  4.50200652e-01,
         6.55866350e-01, -2.57226850e+00, -5.13679581e-01,
         3.45286889e+00, -4.56581375e-01,  2.12745147e-01,
        -5.46704716e-01,  3.41971278e-03,  4.01520257e-01,
        -2.55248875e-01, -3.83295833e-03, -1.55309929e-01],
       [-6.47677682e-01, -7.63394023e-01,  1.05511017e+00,
        -2.50091705e-01, -1.42405518e-03, -2.79787688e-01,
        -1.44600318e+00, -7.66958010e-02,  1.19639080e+00,
        -4.56581375e-01,  2.56331432e+00, -3.11044116e-01,
         2.18305976e-01, -3.87124887e-01, -6.20998212e-01,
        -4.75018586e-03, -2.03205005e-01,  1.43385996e-01],
       [-1.74429926e-01, -1.14450143e+00, -7.47364699e-01,
        -1.07502911e-01, -1.68852316e-02,  8.34820692e-02,
         3.33701157e-01, -1.08581974e+00, -1.50711830e-01,
         2.12745147e-01, -3.11044116e-01,  1.81795202e+00,
        -8.16968745e-02,  4.31974828e-01, -7.83199526e-02,
         2.20892484e-02, -2.33836447e-01, -1.15207398e-01],
       [-1.36636288e+00, -5.92043571e-02,  6.41240310e-02,
         9.37192276e-02,  2.21104095e-01, -2.42606413e-01,
        -4.88856863e-01,  6.83825912e-01,  8.92018102e-02,
        -5.46704716e-01,  2.18305976e-01, -8.16968745e-02,
         6.78365328e-01,  6.53215192e-02, -1.43541970e-01,
        -1.86918935e-01, -1.11260137e-01,  1.55371469e-01],
       [-2.13799027e-01, -2.89224877e-01, -2.21957817e-01,
         8.95986197e-03,  8.20534212e-02,  3.60841675e-02,
         2.26851481e-01,  1.42390381e-01,  1.39022039e-02,
         3.41971278e-03, -3.87124887e-01,  4.31974828e-01,
         6.53215192e-02,  2.36345470e-01,  3.41831340e-02,
        -2.50741990e-02, -5.65616964e-02,  5.57299602e-03],
       [ 2.06268613e-01,  3.18681027e-01, -3.03211209e-01,
         7.45997427e-02, -5.10770984e-02,  1.52809671e-01,
         4.66063411e-01, -4.52580296e-01, -1.98753467e-01,
         4.01520257e-01, -6.20998212e-01, -7.83199526e-02,
        -1.43541970e-01,  3.41831340e-02,  2.69237472e-01,
        -1.57562638e-02,  6.80395541e-02, -5.51734337e-02],
       [ 8.51759205e-01, -8.92692298e-02,  6.22661580e-02,
        -8.98369641e-03, -7.88750498e-02,  3.57723630e-02,
         2.20846808e-01,  1.79073483e-01, -6.97357359e-02,
        -2.55248875e-01, -4.75018586e-03,  2.20892484e-02,
        -1.86918935e-01, -2.50741990e-02, -1.57562638e-02,
         1.97344550e-01,  3.70677097e-02, -3.49750457e-02],
       [ 3.68345702e-01,  3.89368517e-01,  3.10381317e-02,
         2.43648202e-02, -2.87291421e-02,  3.15908741e-02,
         1.32784341e-01,  8.91913240e-02, -1.70841208e-01,
        -3.83295833e-03, -2.03205005e-01, -2.33836447e-01,
        -1.11260137e-01, -5.65616964e-02,  6.80395541e-02,
         3.70677097e-02,  1.33687933e-01, -1.81415560e-02],
       [-2.96047658e-01, -1.27896071e-02,  3.07868823e-01,
         2.95790915e-02,  7.14094356e-02, -3.40597073e-02,
         1.00581193e-01,  3.70213894e-01,  5.26405568e-02,
        -1.55309929e-01,  1.43385996e-01, -1.15207398e-01,
         1.55371469e-01,  5.57299602e-03, -5.51734337e-02,
        -3.49750457e-02, -1.81415560e-02,  1.21163825e-01]])
      jac: array([ 1.51064346e-06,  2.02208620e-06,  4.04121181e-07, -4.47752946e-06,
       -5.19140286e-06, -2.70672373e-06,  9.39988828e-08,  3.28996090e-07,
        9.84397749e-08,  8.72265223e-07,  3.58231963e-07,  5.10702591e-08,
        3.39506201e-06,  4.24031181e-06,  7.56802028e-07, -3.04275124e-06,
       -3.40135327e-06,  1.24715053e-07])
  message: 'Optimization terminated successfully.'
     nfev: 1881
      nit: 85
     njev: 99
   status: 0
  success: True
        x: array([-0.44649247, -0.6924683 ,  0.31372607,  1.49512865, -0.44894337,
        0.11943177,  1.8159697 , -0.39747477,  1.33305749,  0.20566116,
        0.51285825,  0.88910493,  0.32975213,  0.09620887, -0.23062321,
       -1.58046548, -0.92947553,  0.09366895])
