Program Begingeth
      fun: 0.364058948869123
 hess_inv: array([[ 2.57443652e+01, -1.50790809e+01, -1.56531663e+01,
         4.70778710e+00, -1.84817247e+00,  2.83729816e+00,
        -8.09468048e+01,  1.61668589e+01, -1.56669426e+01,
         1.21025193e+00, -6.89556408e+00,  9.14408007e+00,
        -2.84785936e+00,  2.30787786e+00,  4.59083187e+00,
        -2.82716717e+00, -3.49171245e+00, -5.20188607e+00],
       [-1.50790809e+01,  1.52779834e+01,  1.37961014e+01,
        -2.89164888e+00,  1.02570605e+00, -1.57907263e+00,
         7.14438175e+01, -1.27387559e+01,  1.79131701e+01,
        -3.39379486e+00,  4.80434856e+00, -9.03037634e+00,
         1.06194404e+00, -2.50534236e+00, -3.47234268e+00,
         2.47011924e+00,  4.16356947e+00,  4.20419586e+00],
       [-1.56531663e+01,  1.37961014e+01,  1.67099512e+01,
        -3.50654156e+00,  5.84991778e-01, -1.28021587e+00,
         7.75115971e+01, -1.61877379e+01,  1.50096393e+01,
        -3.43160343e+00,  6.67238797e+00, -9.00845148e+00,
         7.25963887e-01, -2.41978952e+00, -4.13021629e+00,
         3.08088778e+00,  4.26864152e+00,  4.29725682e+00],
       [ 4.70778710e+00, -2.89164888e+00, -3.50654156e+00,
         9.94839600e-01, -2.29050967e-01,  4.66233204e-01,
        -1.74380093e+01,  3.58419626e+00, -2.94813892e+00,
         4.36491424e-01, -1.54761277e+00,  1.79036129e+00,
        -3.47863883e-01,  4.59398572e-01,  9.88821172e-01,
        -6.42014823e-01, -8.42132557e-01, -1.01426993e+00],
       [-1.84817247e+00,  1.02570605e+00,  5.84991778e-01,
        -2.29050967e-01,  3.71223339e-01, -2.11158162e-01,
         1.49191345e+00, -8.96627685e-01,  7.68963616e-01,
         3.31074763e-01,  2.76256813e-01, -5.32608142e-01,
         3.97883930e-01, -9.39445488e-02, -2.14322837e-01,
         4.18033230e-02, -4.81879735e-02,  2.37459384e-01],
       [ 2.83729816e+00, -1.57907263e+00, -1.28021587e+00,
         4.66233204e-01, -2.11158162e-01,  4.33726898e-01,
        -8.32011638e+00,  1.42542167e+00, -1.66091692e+00,
         2.22511732e-01, -6.76916900e-01,  8.86720474e-01,
        -4.02734009e-01,  2.51369287e-01,  4.90216215e-01,
        -2.78498424e-01, -3.38692858e-01, -5.33152943e-01],
       [-8.09468048e+01,  7.14438175e+01,  7.75115971e+01,
        -1.74380093e+01,  1.49191345e+00, -8.32011638e+00,
         4.32135060e+02, -6.63388676e+01,  8.46293691e+01,
        -2.12724342e+01,  2.88500613e+01, -4.32955582e+01,
         3.11493504e+00, -1.18820147e+01, -1.97596446e+01,
         1.59476113e+01,  2.50355332e+01,  2.32972088e+01],
       [ 1.61668589e+01, -1.27387559e+01, -1.61877379e+01,
         3.58419626e+00, -8.96627685e-01,  1.42542167e+00,
        -6.63388676e+01,  2.24069713e+01, -1.27976371e+01,
         2.18612849e+00, -7.16152084e+00,  8.30632205e+00,
        -1.24772690e+00,  2.37729482e+00,  4.47431573e+00,
        -2.93645234e+00, -2.85112390e+00, -3.71992666e+00],
       [-1.56669426e+01,  1.79131701e+01,  1.50096393e+01,
        -2.94813892e+00,  7.68963616e-01, -1.66091692e+00,
         8.46293691e+01, -1.27976371e+01,  2.62254532e+01,
        -4.90114985e+00,  5.01170165e+00, -1.02377153e+01,
         8.57249069e-01, -3.19089697e+00, -3.66076011e+00,
         2.70727975e+00,  5.14214583e+00,  5.17040940e+00],
       [ 1.21025193e+00, -3.39379486e+00, -3.43160343e+00,
         4.36491424e-01,  3.31074763e-01,  2.22511732e-01,
        -2.12724342e+01,  2.18612849e+00, -4.90114985e+00,
         2.53007928e+00, -1.05219508e+00,  2.06561540e+00,
         2.50312904e-01,  6.61910016e-01,  7.62726620e-01,
        -8.00337143e-01, -1.59926658e+00, -1.04914652e+00],
       [-6.89556408e+00,  4.80434856e+00,  6.67238797e+00,
        -1.54761277e+00,  2.76256813e-01, -6.76916900e-01,
         2.88500613e+01, -7.16152084e+00,  5.01170165e+00,
        -1.05219508e+00,  3.63825749e+00, -3.39638003e+00,
         4.98895313e-01, -1.04187565e+00, -1.90292729e+00,
         1.24722956e+00,  1.36112967e+00,  1.55334872e+00],
       [ 9.14408007e+00, -9.03037634e+00, -9.00845148e+00,
         1.79036129e+00, -5.32608142e-01,  8.86720474e-01,
        -4.32955582e+01,  8.30632205e+00, -1.02377153e+01,
         2.06561540e+00, -3.39638003e+00,  6.01371901e+00,
        -6.33074472e-01,  1.64147906e+00,  2.15673449e+00,
        -1.53021460e+00, -2.42823225e+00, -2.53326198e+00],
       [-2.84785936e+00,  1.06194404e+00,  7.25963887e-01,
        -3.47863883e-01,  3.97883930e-01, -4.02734009e-01,
         3.11493504e+00, -1.24772690e+00,  8.57249069e-01,
         2.50312904e-01,  4.98895313e-01, -6.33074472e-01,
         6.65488830e-01, -1.39965232e-01, -3.31302921e-01,
         1.27317079e-01, -9.81933543e-02,  3.96288466e-01],
       [ 2.30787786e+00, -2.50534236e+00, -2.41978952e+00,
         4.59398572e-01, -9.39445488e-02,  2.51369287e-01,
        -1.18820147e+01,  2.37729482e+00, -3.19089697e+00,
         6.61910016e-01, -1.04187565e+00,  1.64147906e+00,
        -1.39965232e-01,  5.36426024e-01,  6.19689232e-01,
        -4.16895160e-01, -6.59391601e-01, -6.73578017e-01],
       [ 4.59083187e+00, -3.47234268e+00, -4.13021629e+00,
         9.88821172e-01, -2.14322837e-01,  4.90216215e-01,
        -1.97596446e+01,  4.47431573e+00, -3.66076011e+00,
         7.62726620e-01, -1.90292729e+00,  2.15673449e+00,
        -3.31302921e-01,  6.19689232e-01,  1.19394620e+00,
        -8.04933919e-01, -9.97436282e-01, -1.07546663e+00],
       [-2.82716717e+00,  2.47011924e+00,  3.08088778e+00,
        -6.42014823e-01,  4.18033230e-02, -2.78498424e-01,
         1.59476113e+01, -2.93645234e+00,  2.70727975e+00,
        -8.00337143e-01,  1.24722956e+00, -1.53021460e+00,
         1.27317079e-01, -4.16895160e-01, -8.04933919e-01,
         6.96971700e-01,  8.86840493e-01,  8.23224489e-01],
       [-3.49171245e+00,  4.16356947e+00,  4.26864152e+00,
        -8.42132557e-01, -4.81879735e-02, -3.38692858e-01,
         2.50355332e+01, -2.85112390e+00,  5.14214583e+00,
        -1.59926658e+00,  1.36112967e+00, -2.42823225e+00,
        -9.81933543e-02, -6.59391601e-01, -9.97436282e-01,
         8.86840493e-01,  1.69371078e+00,  1.27675057e+00],
       [-5.20188607e+00,  4.20419586e+00,  4.29725682e+00,
        -1.01426993e+00,  2.37459384e-01, -5.33152943e-01,
         2.32972088e+01, -3.71992666e+00,  5.17040940e+00,
        -1.04914652e+00,  1.55334872e+00, -2.53326198e+00,
         3.96288466e-01, -6.73578017e-01, -1.07546663e+00,
         8.23224489e-01,  1.27675057e+00,  1.42536463e+00]])
      jac: array([ 1.81736108e-05, -6.98885394e-06, -2.50022225e-06, -4.10793621e-05,
        4.95422222e-05,  5.04892424e-06,  5.56554802e-06, -4.75915603e-07,
       -2.63863006e-07, -9.83657600e-07, -1.16421687e-05,  2.47579735e-06,
        2.18003393e-05, -2.53308485e-05, -3.30513394e-06, -1.71773706e-05,
       -2.20001795e-05, -4.61186644e-06])
  message: 'Desired error not necessarily achieved due to precision loss.'
     nfev: 1949
      nit: 70
     njev: 102
   status: 2
  success: False
        x: array([ 0.33355681, -0.71757787,  0.46553576,  1.123011  , -0.70246027,
        0.05680414, -0.37400859, -1.71629993, -0.4157958 ,  0.09550618,
        0.52148645,  1.07675786,  0.11751076,  0.00810814, -0.3431168 ,
       -1.14262483, -1.030396  ,  0.00276315])
