Program Begingeth
      fun: 0.22265837376112477
 hess_inv: array([[ 3.97445222e+00, -1.26250059e+00, -9.36984913e-01,
         8.84187025e-01, -3.42424952e-01,  7.96228763e-01,
         1.33349558e+00,  3.25402255e+00,  2.32221737e-01,
        -8.37594938e-01, -1.17141194e+00,  1.54038332e+00,
        -7.71417994e-01,  5.54039004e-01,  6.00168771e-01,
        -1.26318443e-01,  4.63657776e-01, -3.04169896e-01],
       [-1.26250059e+00,  2.22712481e+00,  1.07096324e+00,
        -1.94145553e-01,  6.33338501e-01, -1.18674014e-01,
        -1.31956885e+00,  2.61230369e-01,  2.32859076e+00,
         1.42261363e-03,  3.26619893e-01, -1.76337135e+00,
         3.98988864e-01, -4.58038100e-01, -2.77329913e-01,
        -3.24868280e-02, -1.01371048e-01,  6.91224840e-02],
       [-9.36984913e-01,  1.07096324e+00,  4.10848900e+00,
        -9.59022128e-01,  2.39529268e-01,  9.06329011e-01,
        -8.48587611e+00, -5.81734046e+00,  5.82971336e+00,
         5.14170776e-01,  2.60483187e+00, -2.25328104e+00,
         2.13441475e-01, -5.73874870e-01, -9.81454784e-01,
         4.36632927e-01, -2.63013447e-01, -3.93730514e-01],
       [ 8.84187025e-01, -1.94145553e-01, -9.59022128e-01,
         4.45196370e-01, -7.73870986e-02, -7.69633747e-02,
         2.70227020e+00,  1.93229294e+00, -7.99299790e-01,
        -3.63031695e-01, -7.57352961e-01,  4.96667228e-01,
        -1.24309543e-01,  1.34990963e-01,  3.14664026e-01,
        -1.30169338e-01,  1.32897914e-01,  7.02888171e-02],
       [-3.42424952e-01,  6.33338501e-01,  2.39529268e-01,
        -7.73870986e-02,  3.19925470e-01,  1.77670654e-02,
        -1.35940511e+00,  9.75785663e-01,  2.92857357e-01,
         1.18160693e-01, -6.71547637e-02, -3.66904270e-01,
         1.43383438e-01, -3.43323202e-02, -3.18509741e-04,
         1.51247757e-02, -5.15401504e-02,  2.70722791e-02],
       [ 7.96228763e-01, -1.18674014e-01,  9.06329011e-01,
        -7.69633747e-02,  1.77670654e-02,  5.78822597e-01,
        -2.90951971e+00, -3.85563442e-01,  1.88279212e+00,
         1.09286471e-01,  3.08514050e-01, -1.22406948e-01,
        -1.78374032e-01,  2.68272425e-02, -5.05666295e-02,
         7.61710466e-02,  2.18138327e-03, -2.05294393e-01],
       [ 1.33349558e+00, -1.31956885e+00, -8.48587611e+00,
         2.70227020e+00, -1.35940511e+00, -2.90951971e+00,
         3.44751597e+01,  7.97542196e+00, -1.15843884e+01,
        -2.77182291e+00, -4.58217312e+00,  3.07773195e+00,
        -4.66098540e-01,  5.03673746e-01,  1.68730833e+00,
        -1.19655631e+00,  1.17229895e+00,  1.33695781e+00],
       [ 3.25402255e+00,  2.61230369e-01, -5.81734046e+00,
         1.93229294e+00,  9.75785663e-01, -3.85563442e-01,
         7.97542196e+00,  2.00357659e+01, -7.34511233e+00,
        -8.96290562e-01, -5.42052144e+00,  2.61864573e+00,
        -4.41889355e-01,  1.12480725e+00,  2.39028396e+00,
        -9.38643827e-01,  6.00118486e-01,  6.28004084e-01],
       [ 2.32221737e-01,  2.32859076e+00,  5.82971336e+00,
        -7.99299790e-01,  2.92857357e-01,  1.88279212e+00,
        -1.15843884e+01, -7.34511233e+00,  1.54899820e+01,
         5.16299515e-01,  3.50207440e+00, -3.52580850e+00,
         5.23101944e-02, -1.31322746e+00, -1.39942507e+00,
         3.72307953e-01, -5.05547406e-01, -8.11906034e-01],
       [-8.37594938e-01,  1.42261363e-03,  5.14170776e-01,
        -3.63031695e-01,  1.18160693e-01,  1.09286471e-01,
        -2.77182291e+00, -8.96290562e-01,  5.16299515e-01,
         9.91003004e-01,  4.90358035e-01, -2.63432144e-01,
         2.61124481e-02, -1.13183787e-01, -2.02733466e-01,
         9.76130770e-02, -2.54269605e-01, -1.68939232e-01],
       [-1.17141194e+00,  3.26619893e-01,  2.60483187e+00,
        -7.57352961e-01, -6.71547637e-02,  3.08514050e-01,
        -4.58217312e+00, -5.42052144e+00,  3.50207440e+00,
         4.90358035e-01,  2.48708809e+00, -1.45522245e+00,
         1.88774900e-01, -5.54797062e-01, -9.25266078e-01,
         3.52667433e-01, -2.40487495e-01, -3.32032451e-01],
       [ 1.54038332e+00, -1.76337135e+00, -2.25328104e+00,
         4.96667228e-01, -3.66904270e-01, -1.22406948e-01,
         3.07773195e+00,  2.61864573e+00, -3.52580850e+00,
        -2.63432144e-01, -1.45522245e+00,  2.40196517e+00,
        -3.64628716e-01,  6.90979721e-01,  5.84028930e-01,
        -9.38543887e-02,  2.52888726e-01,  8.87804606e-02],
       [-7.71417994e-01,  3.98988864e-01,  2.13441475e-01,
        -1.24309543e-01,  1.43383438e-01, -1.78374032e-01,
        -4.66098540e-01, -4.41889355e-01,  5.23101944e-02,
         2.61124481e-02,  1.88774900e-01, -3.64628716e-01,
         2.75124875e-01, -1.21005831e-01, -1.09728042e-01,
         7.34178515e-02, -1.20401486e-01,  1.07942943e-01],
       [ 5.54039004e-01, -4.58038100e-01, -5.73874870e-01,
         1.34990963e-01, -3.43323202e-02,  2.68272425e-02,
         5.03673746e-01,  1.12480725e+00, -1.31322746e+00,
        -1.13183787e-01, -5.54797062e-01,  6.90979721e-01,
        -1.21005831e-01,  2.94026007e-01,  2.29147296e-01,
        -2.22226888e-02,  1.27827601e-01,  4.04512347e-02],
       [ 6.00168771e-01, -2.77329913e-01, -9.81454784e-01,
         3.14664026e-01, -3.18509741e-04, -5.05666295e-02,
         1.68730833e+00,  2.39028396e+00, -1.39942507e+00,
        -2.02733466e-01, -9.25266078e-01,  5.84028930e-01,
        -1.09728042e-01,  2.29147296e-01,  4.18123901e-01,
        -1.44865355e-01,  1.00921929e-01,  1.34943876e-01],
       [-1.26318443e-01, -3.24868280e-02,  4.36632927e-01,
        -1.30169338e-01,  1.51247757e-02,  7.61710466e-02,
        -1.19655631e+00, -9.38643827e-01,  3.72307953e-01,
         9.76130770e-02,  3.52667433e-01, -9.38543887e-02,
         7.34178515e-02, -2.22226888e-02, -1.44865355e-01,
         1.29344429e-01, -5.09209270e-02, -4.95987958e-02],
       [ 4.63657776e-01, -1.01371048e-01, -2.63013447e-01,
         1.32897914e-01, -5.15401504e-02,  2.18138327e-03,
         1.17229895e+00,  6.00118486e-01, -5.05547406e-01,
        -2.54269605e-01, -2.40487495e-01,  2.52888726e-01,
        -1.20401486e-01,  1.27827601e-01,  1.00921929e-01,
        -5.09209270e-02,  1.75055754e-01,  1.62903794e-02],
       [-3.04169896e-01,  6.91224840e-02, -3.93730514e-01,
         7.02888171e-02,  2.70722791e-02, -2.05294393e-01,
         1.33695781e+00,  6.28004084e-01, -8.11906034e-01,
        -1.68939232e-01, -3.32032451e-01,  8.87804606e-02,
         1.07942943e-01,  4.04512347e-02,  1.34943876e-01,
        -4.95987958e-02,  1.62903794e-02,  1.96059781e-01]])
      jac: array([ 2.30119627e-05,  6.27379630e-05, -6.44419703e-05, -2.50122145e-05,
       -1.20664589e-05,  1.96832920e-04, -5.88325685e-06, -8.33277891e-06,
       -2.17516745e-05, -3.56677650e-06,  1.46310741e-05,  2.32919239e-05,
        1.72021656e-05, -5.37407156e-05, -1.20796151e-04, -5.50487434e-05,
       -4.26222021e-05,  1.90216916e-04])
  message: 'Desired error not necessarily achieved due to precision loss.'
     nfev: 2577
      nit: 83
     njev: 135
   status: 2
  success: False
        x: array([ 4.36782425e-01, -4.33799114e-01,  6.71810053e-01,  9.66983840e-01,
       -6.37563391e-01,  7.00495158e-02,  6.29364865e-01, -1.23032715e+00,
       -6.63981849e-01, -1.14290483e-04,  7.35349358e-01,  1.00088811e+00,
        7.21464381e-02,  2.06965493e-01, -3.81644257e-01, -9.64703484e-01,
       -3.63876556e-01,  3.55707419e-03])
