Program Begingeth
      fun: 0.22671856786489636
 hess_inv: array([[ 6.19709027e+00,  1.96335530e+00, -1.75699728e+00,
         9.14779141e-01,  7.47486268e-01, -1.40276674e+00,
        -2.47056630e+00,  8.19343223e-02, -3.01031614e+00,
        -6.71737785e-01, -4.99778747e-02, -7.17918868e-01,
        -1.38941115e+00, -5.82331665e-01, -9.11960574e-02,
        -4.60427892e-02, -7.22880868e-01,  2.93289444e-01],
       [ 1.96335530e+00,  3.31259232e+00, -1.26820071e+00,
        -1.14034316e-01,  1.05998921e+00, -7.15300167e-01,
        -3.17919412e+00,  2.80212614e+00, -5.90465930e-01,
         1.76059872e-01, -8.76696120e-01, -1.29063760e+00,
        -6.18600952e-01, -5.10791331e-01,  2.72117926e-01,
         1.92659415e-01, -2.65523749e-01,  1.85311503e-01],
       [-1.75699728e+00, -1.26820071e+00,  8.32207896e+00,
         1.01538523e+00, -4.79656775e-01,  2.92389218e+00,
         1.35194728e+01, -4.36933119e+00,  5.48460303e+00,
         3.18235324e-01,  2.84052267e+00, -1.39693205e+00,
         5.31256766e-01,  8.85028046e-02, -7.74697340e-01,
        -3.10716624e-01,  5.15582517e-01, -2.26387915e-01],
       [ 9.14779141e-01, -1.14034316e-01,  1.01538523e+00,
         4.50851541e-01,  8.25550116e-03,  2.44963784e-01,
         2.58525251e+00, -8.05906806e-01,  7.89071493e-02,
        -1.45835110e-01,  4.08270332e-01, -1.73932259e-01,
        -1.29150874e-01,  9.44967848e-05, -1.34207252e-01,
        -7.18483698e-02, -2.81604377e-02,  1.41868140e-02],
       [ 7.47486268e-01,  1.05998921e+00, -4.79656775e-01,
         8.25550116e-03,  3.96227219e-01, -2.40612969e-01,
        -7.43569097e-01,  1.27053206e+00, -3.97241307e-01,
        -3.61029671e-02, -3.29105588e-01, -3.51490612e-01,
        -2.12211711e-01, -1.25274536e-01,  1.13579697e-01,
         4.63481256e-02, -8.93839767e-02,  6.87422697e-02],
       [-1.40276674e+00, -7.15300167e-01,  2.92389218e+00,
         2.44963784e-01, -2.40612969e-01,  1.19998128e+00,
         5.17941516e+00, -1.19332959e+00,  2.26712023e+00,
         6.70310216e-02,  8.02309357e-01, -2.97610466e-01,
         3.97520267e-01,  1.47618501e-01, -1.88330712e-01,
        -8.82186384e-02,  2.60190532e-01, -1.09342420e-01],
       [-2.47056630e+00, -3.17919412e+00,  1.35194728e+01,
         2.58525251e+00, -7.43569097e-01,  5.17941516e+00,
         3.14366340e+01, -6.40691774e+00,  7.17440771e+00,
         9.04908258e-02,  3.45203771e+00, -1.13890762e+00,
         9.79569133e-01,  9.22612435e-01, -8.91102962e-01,
        -6.47630661e-01,  9.37535603e-01, -2.74901653e-01],
       [ 8.19343223e-02,  2.80212614e+00, -4.36933119e+00,
        -8.05906806e-01,  1.27053206e+00, -1.19332959e+00,
        -6.40691774e+00,  9.03977515e+00, -2.28340165e+00,
        -5.37669887e-01, -2.22865627e+00, -1.41642451e-01,
        -3.22090369e-02, -1.65674360e-01,  9.19893912e-01,
         3.54603191e-01, -1.96283114e-01,  1.52525972e-01],
       [-3.01031614e+00, -5.90465930e-01,  5.48460303e+00,
         7.89071493e-02, -3.97241307e-01,  2.26712023e+00,
         7.17440771e+00, -2.28340165e+00,  7.02209794e+00,
         2.05081777e-01,  1.76217216e+00, -9.46494688e-01,
         7.28446996e-01, -1.07906167e-01, -5.15610369e-01,
        -9.27048928e-02,  3.88900145e-01, -3.11355643e-01],
       [-6.71737785e-01,  1.76059872e-01,  3.18235324e-01,
        -1.45835110e-01, -3.61029671e-02,  6.70310216e-02,
         9.04908258e-02, -5.37669887e-01,  2.05081777e-01,
         1.13589246e+00, -9.73828947e-02, -1.18301356e-01,
        -1.02157422e-01,  4.30744960e-02,  5.61804123e-02,
         2.33988677e-02,  1.32111779e-01,  1.55864996e-01],
       [-4.99778747e-02, -8.76696120e-01,  2.84052267e+00,
         4.08270332e-01, -3.29105588e-01,  8.02309357e-01,
         3.45203771e+00, -2.22865627e+00,  1.76217216e+00,
        -9.73828947e-02,  1.84416464e+00, -4.21051198e-01,
         8.79183356e-02, -1.41243824e-01, -5.37122351e-01,
        -1.77578427e-01,  1.06848710e-01, -1.82771878e-01],
       [-7.17918868e-01, -1.29063760e+00, -1.39693205e+00,
        -1.73932259e-01, -3.51490612e-01, -2.97610466e-01,
        -1.13890762e+00, -1.41642451e-01, -9.46494688e-01,
        -1.18301356e-01, -4.21051198e-01,  1.27149691e+00,
         1.96126566e-01,  3.37084539e-01,  5.81328270e-02,
        -4.91195115e-02,  6.62881698e-02, -1.53357275e-02],
       [-1.38941115e+00, -6.18600952e-01,  5.31256766e-01,
        -1.29150874e-01, -2.12211711e-01,  3.97520267e-01,
         9.79569133e-01, -3.22090369e-02,  7.28446996e-01,
        -1.02157422e-01,  8.79183356e-02,  1.96126566e-01,
         4.25827505e-01,  1.54063507e-01, -2.09775814e-03,
         2.93050027e-02,  1.75570123e-01, -1.17345625e-01],
       [-5.82331665e-01, -5.10791331e-01,  8.85028046e-02,
         9.44967848e-05, -1.25274536e-01,  1.47618501e-01,
         9.22612435e-01, -1.65674360e-01, -1.07906167e-01,
         4.30744960e-02, -1.41243824e-01,  3.37084539e-01,
         1.54063507e-01,  2.08608160e-01,  4.20290289e-02,
        -2.36767261e-02,  1.09197183e-01, -1.10797957e-03],
       [-9.11960574e-02,  2.72117926e-01, -7.74697340e-01,
        -1.34207252e-01,  1.13579697e-01, -1.88330712e-01,
        -8.91102962e-01,  9.19893912e-01, -5.15610369e-01,
         5.61804123e-02, -5.37122351e-01,  5.81328270e-02,
        -2.09775814e-03,  4.20290289e-02,  2.09245426e-01,
         6.37427972e-02, -1.92808308e-02,  7.38193745e-02],
       [-4.60427892e-02,  1.92659415e-01, -3.10716624e-01,
        -7.18483698e-02,  4.63481256e-02, -8.82186384e-02,
        -6.47630661e-01,  3.54603191e-01, -9.27048928e-02,
         2.33988677e-02, -1.77578427e-01, -4.91195115e-02,
         2.93050027e-02, -2.36767261e-02,  6.37427972e-02,
         6.30121159e-02, -6.87764484e-03,  7.98016216e-03],
       [-7.22880868e-01, -2.65523749e-01,  5.15582517e-01,
        -2.81604377e-02, -8.93839767e-02,  2.60190532e-01,
         9.37535603e-01, -1.96283114e-01,  3.88900145e-01,
         1.32111779e-01,  1.06848710e-01,  6.62881698e-02,
         1.75570123e-01,  1.09197183e-01, -1.92808308e-02,
        -6.87764484e-03,  1.38202920e-01, -3.16608461e-02],
       [ 2.93289444e-01,  1.85311503e-01, -2.26387915e-01,
         1.41868140e-02,  6.87422697e-02, -1.09342420e-01,
        -2.74901653e-01,  1.52525972e-01, -3.11355643e-01,
         1.55864996e-01, -1.82771878e-01, -1.53357275e-02,
        -1.17345625e-01, -1.10797957e-03,  7.38193745e-02,
         7.98016216e-03, -3.16608461e-02,  9.09492515e-02]])
      jac: array([-3.27145718e-07,  5.71239352e-05, -2.99280970e-05,  1.92333186e-05,
       -1.41268848e-04,  3.97169334e-05,  4.89700873e-06,  5.40049487e-06,
        5.30501569e-07, -5.01487740e-06,  1.78538665e-05, -2.84272605e-06,
       -8.48358421e-06,  4.35886512e-05,  1.00068102e-06, -4.20417405e-05,
        1.30802776e-05,  2.21202686e-05])
  message: 'Desired error not necessarily achieved due to precision loss.'
     nfev: 2102
      nit: 68
     njev: 110
   status: 2
  success: False
        x: array([-0.54060113, -0.55188134,  0.33790557, -1.17109881, -0.70093758,
        0.00860619, -1.28968587, -1.0358601 , -0.90863323,  0.15356705,
        0.56769569,  1.01139488,  0.05595206,  0.25060223, -0.26805646,
        1.35584858, -0.18572605,  0.03479046])
