Program Begingeth
      fun: 0.31718946574077095
 hess_inv: array([[ 7.24081646e-01, -1.19795982e-01,  9.03492603e-02,
        -2.00465758e-01,  1.53563002e-01,  3.97297016e-01,
        -4.69706769e-01,  1.24831346e-01,  1.98844537e-01,
        -8.37725026e-01,  2.58748636e-01,  8.30033362e-01,
        -2.58698015e-01,  7.63139744e-02,  3.40401511e-02,
         2.67400827e-02, -8.54276716e-02, -1.71306000e-01],
       [-1.19795982e-01,  4.91977073e-01, -1.63486866e-01,
         3.59903122e-01, -2.05962706e-03, -4.01118671e-01,
         1.09282387e+00,  6.83336624e-01,  2.86233891e-01,
         1.30666572e+00,  4.07536132e-02, -1.03330506e+00,
         5.15295641e-02, -2.05380766e-01, -1.83267402e-01,
         1.46682341e-02,  7.66910431e-02, -9.27650116e-02],
       [ 9.03492603e-02, -1.63486866e-01,  3.61415688e-01,
        -3.83038471e-01,  3.26346918e-02,  2.92904214e-01,
        -9.24754838e-01, -6.78644492e-01, -4.13809843e-01,
        -1.38786960e+00, -1.20051856e-01,  1.01383611e+00,
         2.48123126e-03,  1.48059236e-01, -3.62174992e-02,
         7.01622842e-02, -3.06483174e-02,  2.55513801e-02],
       [-2.00465758e-01,  3.59903122e-01, -3.83038471e-01,
         9.32305620e-01,  1.32150847e-01, -7.07427999e-01,
         2.61752347e+00,  1.98086109e+00,  1.26297598e+00,
         3.12989831e+00,  4.71459572e-01, -2.56748655e+00,
         1.35831049e-01, -1.66297766e-01, -6.74560647e-02,
         5.39969334e-03,  1.19819985e-01, -9.93531456e-03],
       [ 1.53563002e-01, -2.05962706e-03,  3.26346918e-02,
         1.32150847e-01,  3.78168650e-01, -4.86408518e-02,
         5.84267067e-01,  1.04752626e+00,  5.86199127e-01,
         1.60581143e-01,  8.77533548e-01, -6.37647014e-01,
         4.18998659e-02,  1.24057131e-01,  3.21122579e-02,
         7.10437516e-02,  1.79588924e-02, -1.18784706e-02],
       [ 3.97297016e-01, -4.01118671e-01,  2.92904214e-01,
        -7.07427999e-01, -4.86408518e-02,  8.90795477e-01,
        -2.28282812e+00, -1.70134741e+00, -4.54561703e-01,
        -2.61530933e+00, -5.64238100e-02,  2.81859593e+00,
        -1.37585602e-01,  1.05495211e-01,  1.73554562e-01,
        -1.54342410e-02, -1.91788584e-01,  1.03151827e-02],
       [-4.69706769e-01,  1.09282387e+00, -9.24754838e-01,
         2.61752347e+00,  5.84267067e-01, -2.28282812e+00,
         8.89479610e+00,  5.94406362e+00,  3.46153353e+00,
         8.26255037e+00,  1.48203524e+00, -8.20818928e+00,
         4.30085004e-01, -3.33265152e-01, -3.85871693e-01,
         1.16812085e-01,  3.55724918e-01, -1.19933957e-01],
       [ 1.24831346e-01,  6.83336624e-01, -6.78644492e-01,
         1.98086109e+00,  1.04752626e+00, -1.70134741e+00,
         5.94406362e+00,  8.82667300e+00,  3.47153782e+00,
         7.47253235e+00,  2.13844872e+00, -7.67266581e+00,
        -1.61267637e-01,  7.56126045e-02, -3.56346135e-02,
        -1.49194244e-03,  5.31079768e-01, -1.35956079e-01],
       [ 1.98844537e-01,  2.86233891e-01, -4.13809843e-01,
         1.26297598e+00,  5.86199127e-01, -4.54561703e-01,
         3.46153353e+00,  3.47153782e+00,  3.77915617e+00,
         3.92356520e+00,  1.89749435e+00, -3.01939715e+00,
         6.78245163e-02, -1.21438821e-01,  6.78127011e-02,
        -2.20446508e-03,  9.37870447e-02, -8.55665114e-02],
       [-8.37725026e-01,  1.30666572e+00, -1.38786960e+00,
         3.12989831e+00,  1.60581143e-01, -2.61530933e+00,
         8.26255037e+00,  7.47253235e+00,  3.92356520e+00,
         1.19076335e+01,  7.92829725e-01, -9.38864902e+00,
         1.22313513e-01, -5.73007471e-01, -2.41712703e-01,
        -1.65986415e-01,  6.74621921e-01, -4.78929067e-02],
       [ 2.58748636e-01,  4.07536132e-02, -1.20051856e-01,
         4.71459572e-01,  8.77533548e-01, -5.64238100e-02,
         1.48203524e+00,  2.13844872e+00,  1.89749435e+00,
         7.92829725e-01,  2.52478756e+00, -1.35977606e+00,
         1.52214221e-01,  1.61137497e-01,  1.70544153e-01,
         9.50425482e-02,  1.26078571e-02,  2.91990680e-03],
       [ 8.30033362e-01, -1.03330506e+00,  1.01383611e+00,
        -2.56748655e+00, -6.37647014e-01,  2.81859593e+00,
        -8.20818928e+00, -7.67266581e+00, -3.01939715e+00,
        -9.38864902e+00, -1.35977606e+00,  1.03581964e+01,
        -2.55670105e-01,  1.02336956e-01,  3.31987187e-01,
        -2.63282706e-02, -6.97683912e-01,  6.77972138e-02],
       [-2.58698015e-01,  5.15295641e-02,  2.48123126e-03,
         1.35831049e-01,  4.18998659e-02, -1.37585602e-01,
         4.30085004e-01, -1.61267637e-01,  6.78245163e-02,
         1.22313513e-01,  1.52214221e-01, -2.55670105e-01,
         2.39178254e-01, -2.68941567e-02, -2.86639841e-02,
         7.79823348e-02, -3.54030107e-02,  7.76178254e-02],
       [ 7.63139744e-02, -2.05380766e-01,  1.48059236e-01,
        -1.66297766e-01,  1.24057131e-01,  1.05495211e-01,
        -3.33265152e-01,  7.56126045e-02, -1.21438821e-01,
        -5.73007471e-01,  1.61137497e-01,  1.02336956e-01,
        -2.68941567e-02,  1.93156420e-01,  5.40042224e-02,
         2.81280231e-02,  3.49734198e-02,  3.74918247e-02],
       [ 3.40401511e-02, -1.83267402e-01, -3.62174992e-02,
        -6.74560647e-02,  3.21122579e-02,  1.73554562e-01,
        -3.85871693e-01, -3.56346135e-02,  6.78127011e-02,
        -2.41712703e-01,  1.70544153e-01,  3.31987187e-01,
        -2.86639841e-02,  5.40042224e-02,  1.55986664e-01,
        -4.00987784e-02, -2.71607741e-02,  6.63640494e-02],
       [ 2.67400827e-02,  1.46682341e-02,  7.01622842e-02,
         5.39969334e-03,  7.10437516e-02, -1.54342410e-02,
         1.16812085e-01, -1.49194244e-03, -2.20446508e-03,
        -1.65986415e-01,  9.50425482e-02, -2.63282706e-02,
         7.79823348e-02,  2.81280231e-02, -4.00987784e-02,
         8.12180236e-02, -2.17662713e-02, -2.96308875e-03],
       [-8.54276716e-02,  7.66910431e-02, -3.06483174e-02,
         1.19819985e-01,  1.79588924e-02, -1.91788584e-01,
         3.55724918e-01,  5.31079768e-01,  9.37870447e-02,
         6.74621921e-01,  1.26078571e-02, -6.97683912e-01,
        -3.54030107e-02,  3.49734198e-02, -2.71607741e-02,
        -2.17662713e-02,  1.24519301e-01,  3.41861523e-03],
       [-1.71306000e-01, -9.27650116e-02,  2.55513801e-02,
        -9.93531456e-03, -1.18784706e-02,  1.03151827e-02,
        -1.19933957e-01, -1.35956079e-01, -8.55665114e-02,
        -4.78929067e-02,  2.91990680e-03,  6.77972138e-02,
         7.76178254e-02,  3.74918247e-02,  6.63640494e-02,
        -2.96308875e-03,  3.41861523e-03,  1.07689074e-01]])
      jac: array([ 1.98951966e-06,  7.15723777e-07, -2.13643917e-06, -3.09715216e-06,
       -4.21662705e-06,  3.93611070e-06,  2.74225087e-07,  3.24185123e-07,
       -4.15223411e-07,  5.44749431e-07,  1.38370796e-06, -8.02691247e-07,
        1.63831911e-06,  1.97286631e-06, -4.94604358e-06,  1.13242749e-07,
       -1.56023342e-06,  4.89423317e-06])
  message: 'Optimization terminated successfully.'
     nfev: 1805
      nit: 84
     njev: 95
   status: 0
  success: True
        x: array([ 0.0307751 ,  0.21822457,  0.80351762,  1.22565346, -1.07502619,
       -0.26709819,  2.16130227, -0.95770927, -1.23830514,  0.94721964,
       -1.58742701, -0.58508503,  0.10172765,  0.01913607, -0.37482479,
       -1.13760588, -0.512672  ,  0.01201899])
