Program Begingeth
      fun: 0.3481960550950766
 hess_inv: array([[ 1.74039109e+00, -5.56871287e-02,  2.11852355e-01,
         3.29303270e-01, -2.81985832e-01,  4.13447684e-01,
         5.92704506e-01, -4.71436308e-01,  7.71444954e-01,
         1.04998559e+00, -9.94702293e-01,  7.01765545e-02,
        -6.86938264e-01, -2.67048238e-02,  6.30547917e-02,
        -2.74556150e-02, -3.11246119e-02, -2.68739176e-01],
       [-5.56871287e-02,  7.24156446e-01, -1.15328432e-01,
        -3.18630609e-01,  4.82493723e-02, -2.35388120e-01,
        -1.28798865e+00,  2.39346590e-01, -2.17050284e-01,
        -9.13975235e-01, -9.60420252e-02, -1.23236146e-01,
         2.42111085e-02, -2.39349309e-01, -2.30156960e-01,
         3.66098057e-02,  7.40421336e-03, -1.24077680e-01],
       [ 2.11852355e-01, -1.15328432e-01,  4.88881219e-01,
         1.17842762e-01,  3.39175176e-02,  1.40110643e-01,
        -9.49097753e-03, -4.68170038e-01,  4.05611572e-01,
         5.76336961e-01,  2.49321742e-02,  1.99676303e-02,
        -5.44604539e-02,  1.35688394e-01, -7.41990452e-02,
         6.11355537e-02,  4.49155411e-02,  2.94591368e-02],
       [ 3.29303270e-01, -3.18630609e-01,  1.17842762e-01,
         4.67739510e-01,  3.59347823e-02,  2.35814653e-01,
         1.25529216e+00,  1.72227668e-01,  1.16859822e+00,
         1.35764770e+00,  1.67281604e-01, -1.05562729e-01,
        -5.48753051e-02,  1.07702091e-01,  1.52458677e-01,
         9.04781385e-03, -1.58144734e-02,  3.18171299e-02],
       [-2.81985832e-01,  4.82493723e-02,  3.39175176e-02,
         3.59347823e-02,  3.29031931e-01, -7.60043440e-02,
        -2.44889228e-01,  7.45165768e-01,  6.28078853e-01,
         1.24515656e-01,  8.68490924e-01, -1.91028795e-01,
         1.85240243e-01,  7.23286195e-02, -5.59022106e-02,
         6.31891417e-02,  1.37015261e-02,  4.92511732e-02],
       [ 4.13447684e-01, -2.35388120e-01,  1.40110643e-01,
         2.35814653e-01, -7.60043440e-02,  3.95399295e-01,
         9.25348050e-01, -5.08523609e-01,  1.10195928e+00,
         8.56501873e-01, -9.04096137e-02,  4.71991863e-01,
        -2.20335206e-01,  1.07262343e-01,  1.54106157e-01,
        -3.97735936e-02,  4.49330720e-02,  3.58472969e-04],
       [ 5.92704506e-01, -1.28798865e+00, -9.49097753e-03,
         1.25529216e+00, -2.44889228e-01,  9.25348050e-01,
         8.40585908e+00, -1.30054181e+00,  4.12446302e+00,
         3.28338109e+00,  8.41475480e-01,  2.12305088e-01,
        -4.94625233e-01,  2.91832726e-01,  6.60541917e-01,
        -2.65439874e-01,  1.49448805e-01,  9.46232146e-02],
       [-4.71436308e-01,  2.39346590e-01, -4.68170038e-01,
         1.72227668e-01,  7.45165768e-01, -5.08523609e-01,
        -1.30054181e+00,  4.48259166e+00,  6.72240840e-01,
         7.69136660e-02,  1.33159967e+00, -1.31197544e+00,
         5.26574987e-01, -2.81664663e-02, -2.82553918e-03,
         1.17774607e-01, -1.09049905e-01,  8.30875596e-02],
       [ 7.71444954e-01, -2.17050284e-01,  4.05611572e-01,
         1.16859822e+00,  6.28078853e-01,  1.10195928e+00,
         4.12446302e+00,  6.72240840e-01,  8.55055788e+00,
         3.96214200e+00,  2.39958001e+00,  2.10668320e-01,
        -3.44764369e-01,  2.66602321e-01,  3.56463388e-01,
        -2.91485561e-02,  1.87553845e-01,  8.60105954e-02],
       [ 1.04998559e+00, -9.13975235e-01,  5.76336961e-01,
         1.35764770e+00,  1.24515656e-01,  8.56501873e-01,
         3.28338109e+00,  7.69136660e-02,  3.96214200e+00,
         4.32369891e+00,  5.18216797e-01, -2.60165427e-02,
        -2.61562478e-01,  3.86259915e-01,  4.16262745e-01,
         1.50770832e-02,  8.58686930e-03,  9.27538814e-02],
       [-9.94702293e-01, -9.60420252e-02,  2.49321742e-02,
         1.67281604e-01,  8.68490924e-01, -9.04096137e-02,
         8.41475480e-01,  1.33159967e+00,  2.39958001e+00,
         5.18216797e-01,  2.88800928e+00, -3.58078309e-01,
         4.63244008e-01,  2.23548171e-01, -6.51441055e-02,
         8.89662491e-02,  7.55129058e-02,  1.74790765e-01],
       [ 7.01765545e-02, -1.23236146e-01,  1.99676303e-02,
        -1.05562729e-01, -1.91028795e-01,  4.71991863e-01,
         2.12305088e-01, -1.31197544e+00,  2.10668320e-01,
        -2.60165427e-02, -3.58078309e-01,  1.36778275e+00,
        -1.99204623e-01,  9.81548765e-02,  1.42424327e-01,
        -6.96254991e-02,  9.75380478e-02,  2.29952561e-03],
       [-6.86938264e-01,  2.42111085e-02, -5.44604539e-02,
        -5.48753051e-02,  1.85240243e-01, -2.20335206e-01,
        -4.94625233e-01,  5.26574987e-01, -3.44764369e-01,
        -2.61562478e-01,  4.63244008e-01, -1.99204623e-01,
         3.74821295e-01,  2.03813136e-02, -4.09790587e-02,
         7.56271500e-02, -2.13337482e-02,  1.22691348e-01],
       [-2.67048238e-02, -2.39349309e-01,  1.35688394e-01,
         1.07702091e-01,  7.23286195e-02,  1.07262343e-01,
         2.91832726e-01, -2.81664663e-02,  2.66602321e-01,
         3.86259915e-01,  2.23548171e-01,  9.81548765e-02,
         2.03813136e-02,  1.48734664e-01,  5.06134265e-02,
         1.24221345e-02,  3.61249515e-02,  5.81052304e-02],
       [ 6.30547917e-02, -2.30156960e-01, -7.41990452e-02,
         1.52458677e-01, -5.59022106e-02,  1.54106157e-01,
         6.60541917e-01, -2.82553918e-03,  3.56463388e-01,
         4.16262745e-01, -6.51441055e-02,  1.42424327e-01,
        -4.09790587e-02,  5.06134265e-02,  1.68876522e-01,
        -4.09559048e-02, -5.77190236e-03,  5.58195203e-02],
       [-2.74556150e-02,  3.66098057e-02,  6.11355537e-02,
         9.04781385e-03,  6.31891417e-02, -3.97735936e-02,
        -2.65439874e-01,  1.17774607e-01, -2.91485561e-02,
         1.50770832e-02,  8.89662491e-02, -6.96254991e-02,
         7.56271500e-02,  1.24221345e-02, -4.09559048e-02,
         6.19761076e-02, -8.61295282e-03,  9.39703660e-03],
       [-3.11246119e-02,  7.40421336e-03,  4.49155411e-02,
        -1.58144734e-02,  1.37015261e-02,  4.49330720e-02,
         1.49448805e-01, -1.09049905e-01,  1.87553845e-01,
         8.58686930e-03,  7.55129058e-02,  9.75380478e-02,
        -2.13337482e-02,  3.61249515e-02, -5.77190236e-03,
        -8.61295282e-03,  5.07788577e-02,  4.09572243e-03],
       [-2.68739176e-01, -1.24077680e-01,  2.94591368e-02,
         3.18171299e-02,  4.92511732e-02,  3.58472969e-04,
         9.46232146e-02,  8.30875596e-02,  8.60105954e-02,
         9.27538814e-02,  1.74790765e-01,  2.29952561e-03,
         1.22691348e-01,  5.81052304e-02,  5.58195203e-02,
         9.39703660e-03,  4.09572243e-03,  1.04996686e-01]])
      jac: array([-3.81361609e-06,  4.98231086e-06,  1.40258175e-07,  3.93278003e-06,
       -7.47143088e-06,  6.80381677e-06, -5.99520433e-07,  6.22094968e-07,
       -1.02880667e-06, -4.78506124e-07,  1.89811130e-06, -1.56578454e-06,
       -2.93913042e-06,  9.68299515e-06,  3.18930068e-06,  1.68346818e-06,
       -8.13571433e-06, -6.53144205e-06])
  message: 'Optimization terminated successfully.'
     nfev: 1425
      nit: 64
     njev: 75
   status: 0
  success: True
        x: array([ 0.09243748,  0.08996544,  0.77559593,  1.56229853, -0.88869403,
        0.33352173,  1.00315086, -1.98211115,  0.71787651,  1.90002712,
       -0.81546551,  0.93411397,  0.03065256,  0.04990272, -0.20889358,
       -1.42535818, -0.56409828,  0.0513569 ])
