Program Begingeth
      fun: 0.2459244263978899
 hess_inv: array([[ 4.74069679e+00,  2.10725364e+00,  7.52411602e-01,
         1.56366661e+00,  7.80755469e-01, -8.14863534e-01,
         3.63210570e+00, -2.71414819e+00, -1.53031233e+00,
        -3.10705077e-01,  1.15733873e+00, -1.21552621e+00,
        -7.69616503e-01, -5.40697324e-01, -5.70680195e-01,
        -2.29498393e-01, -5.17416539e-01,  2.41620150e-01],
       [ 2.10725364e+00,  3.25476182e+00,  1.11511050e+00,
         6.12124356e-01,  1.26234805e+00, -1.16860941e-01,
         3.16300884e+00,  7.89322218e-01,  2.15274615e+00,
         2.03068968e-01,  4.63216869e-01, -1.53358871e+00,
        -5.62930758e-01, -4.58816104e-01, -2.97735916e-01,
        -4.29964454e-02, -2.80649456e-01,  1.21870800e-01],
       [ 7.52411602e-01,  1.11511050e+00,  3.37684163e+00,
         8.25369963e-01,  3.77209109e-01,  1.14648709e+00,
         7.01569421e+00, -3.35254507e+00,  4.88515787e+00,
        -2.31344692e-01,  1.52343392e+00, -1.08481970e+00,
        -9.84244131e-02, -2.91436063e-01, -5.60291691e-01,
        -2.49861884e-01, -1.31907667e-01, -2.85368152e-01],
       [ 1.56366661e+00,  6.12124356e-01,  8.25369963e-01,
         6.95121298e-01,  2.32882881e-01, -2.20847236e-02,
         2.85795597e+00, -1.65850894e+00,  1.94344359e-01,
        -2.09324798e-01,  6.50895373e-01, -4.26461045e-01,
        -1.99839665e-01, -1.70553479e-01, -2.97223671e-01,
        -1.22445222e-01, -1.62763397e-01, -2.18967421e-02],
       [ 7.80755469e-01,  1.26234805e+00,  3.77209109e-01,
         2.32882881e-01,  5.94001992e-01, -2.46911083e-02,
         1.72517815e+00,  1.10838265e+00,  5.32082966e-01,
        -8.45801668e-03,  7.77858270e-02, -5.08771001e-01,
        -2.40428719e-01, -1.15466579e-01, -6.69373890e-02,
        -4.28671119e-02, -1.20571596e-01,  5.22774299e-02],
       [-8.14863534e-01, -1.16860941e-01,  1.14648709e+00,
        -2.20847236e-02, -2.46911083e-02,  7.22011651e-01,
         2.30588852e+00, -3.79292595e-01,  2.55236303e+00,
        -1.64014274e-01,  2.39713285e-01, -9.25264520e-02,
         1.82702899e-01,  2.53886809e-02, -4.56672082e-02,
        -2.15019018e-02,  3.96717363e-02, -1.83949196e-01],
       [ 3.63210570e+00,  3.16300884e+00,  7.01569421e+00,
         2.85795597e+00,  1.72517815e+00,  2.30588852e+00,
         2.57675588e+01, -4.82310318e+00,  8.95677984e+00,
        -1.51349219e+00,  3.07842039e+00, -2.04851037e+00,
        -6.48003352e-01, -6.00052930e-01, -1.35161174e+00,
        -7.72626908e-01, -9.06966003e-01, -8.10040631e-01],
       [-2.71414819e+00,  7.89322218e-01, -3.35254507e+00,
        -1.65850894e+00,  1.10838265e+00, -3.79292595e-01,
        -4.82310318e+00,  1.51931470e+01, -3.01876029e+00,
         1.59805591e-01, -2.88967892e+00,  5.69756182e-01,
         1.67558712e-01,  5.55085454e-01,  1.37705324e+00,
         5.48342185e-01,  2.47374760e-01,  3.97371294e-01],
       [-1.53031233e+00,  2.15274615e+00,  4.88515787e+00,
         1.94344359e-01,  5.32082966e-01,  2.55236303e+00,
         8.95677984e+00, -3.01876029e+00,  1.52599642e+01,
        -4.12826083e-01,  1.77113535e+00, -1.70455457e+00,
         3.34875454e-01, -7.42251407e-01, -6.86826375e-01,
         2.36458267e-02, -2.58414438e-01, -7.45554421e-01],
       [-3.10705077e-01,  2.03068968e-01, -2.31344692e-01,
        -2.09324798e-01, -8.45801668e-03, -1.64014274e-01,
        -1.51349219e+00,  1.59805591e-01, -4.12826083e-01,
         8.14650172e-01, -2.57452357e-01, -5.63619338e-02,
        -1.15411989e-01,  5.65108253e-02,  1.26808759e-01,
         5.55581910e-02,  1.43014350e-01,  2.15249905e-01],
       [ 1.15733873e+00,  4.63216869e-01,  1.52343392e+00,
         6.50895373e-01,  7.77858270e-02,  2.39713285e-01,
         3.07842039e+00, -2.88967892e+00,  1.77113535e+00,
        -2.57452357e-01,  1.43415988e+00, -6.09979206e-01,
        -1.26002055e-01, -3.40095386e-01, -5.30843083e-01,
        -1.89151537e-01, -1.46422189e-01, -2.16806522e-01],
       [-1.21552621e+00, -1.53358871e+00, -1.08481970e+00,
        -4.26461045e-01, -5.08771001e-01, -9.25264520e-02,
        -2.04851037e+00,  5.69756182e-01, -1.70455457e+00,
        -5.63619338e-02, -6.09979206e-01,  1.13505443e+00,
         2.40930186e-01,  3.60222904e-01,  2.15829812e-01,
         4.52089353e-03,  1.86402116e-01, -1.06558541e-02],
       [-7.69616503e-01, -5.62930758e-01, -9.84244131e-02,
        -1.99839665e-01, -2.40428719e-01,  1.82702899e-01,
        -6.48003352e-01,  1.67558712e-01,  3.34875454e-01,
        -1.15411989e-01, -1.26002055e-01,  2.40930186e-01,
         2.57029152e-01,  9.24314781e-02,  7.27905895e-02,
         9.18728877e-02,  1.13658379e-01, -1.01981188e-01],
       [-5.40697324e-01, -4.58816104e-01, -2.91436063e-01,
        -1.70553479e-01, -1.15466579e-01,  2.53886809e-02,
        -6.00052930e-01,  5.55085454e-01, -7.42251407e-01,
         5.65108253e-02, -3.40095386e-01,  3.60222904e-01,
         9.24314781e-02,  2.04704311e-01,  1.34935699e-01,
         1.01848875e-02,  1.27078884e-01,  2.73772553e-02],
       [-5.70680195e-01, -2.97735916e-01, -5.60291691e-01,
        -2.97223671e-01, -6.69373890e-02, -4.56672082e-02,
        -1.35161174e+00,  1.37705324e+00, -6.86826375e-01,
         1.26808759e-01, -5.30843083e-01,  2.15829812e-01,
         7.27905895e-02,  1.34935699e-01,  2.63770636e-01,
         9.26087877e-02,  7.37354456e-02,  1.09183048e-01],
       [-2.29498393e-01, -4.29964454e-02, -2.49861884e-01,
        -1.22445222e-01, -4.28671119e-02, -2.15019018e-02,
        -7.72626908e-01,  5.48342185e-01,  2.36458267e-02,
         5.55581910e-02, -1.89151537e-01,  4.52089353e-03,
         9.18728877e-02,  1.01848875e-02,  9.26087877e-02,
         1.11769552e-01,  4.17749998e-02,  1.79088271e-02],
       [-5.17416539e-01, -2.80649456e-01, -1.31907667e-01,
        -1.62763397e-01, -1.20571596e-01,  3.96717363e-02,
        -9.06966003e-01,  2.47374760e-01, -2.58414438e-01,
         1.43014350e-01, -1.46422189e-01,  1.86402116e-01,
         1.13658379e-01,  1.27078884e-01,  7.37354456e-02,
         4.17749998e-02,  1.61791269e-01,  5.96456302e-03],
       [ 2.41620150e-01,  1.21870800e-01, -2.85368152e-01,
        -2.18967421e-02,  5.22774299e-02, -1.83949196e-01,
        -8.10040631e-01,  3.97371294e-01, -7.45554421e-01,
         2.15249905e-01, -2.16806522e-01, -1.06558541e-02,
        -1.01981188e-01,  2.73772553e-02,  1.09183048e-01,
         1.79088271e-02,  5.96456302e-03,  1.69210673e-01]])
      jac: array([-1.28856370e-04,  3.71924713e-08,  1.27824603e-04,  2.98249573e-04,
        4.00133630e-05, -2.90100536e-04, -1.48699571e-05, -2.15531297e-06,
        1.80994109e-05, -5.90683058e-05, -5.50938924e-05,  6.50483371e-05,
       -2.11640520e-04, -6.11440528e-05,  2.27000641e-04,  1.30187527e-04,
        3.34804406e-05, -1.98403331e-04])
  message: 'Desired error not necessarily achieved due to precision loss.'
     nfev: 1703
      nit: 57
     njev: 89
   status: 2
  success: False
        x: array([-0.53268728, -0.73879536,  0.62411382, -0.88810173, -0.88722215,
        0.11588828, -0.56544675, -1.47335567, -0.6136506 ,  0.10333875,
        0.6852238 ,  1.11827822,  0.08440372,  0.19464017, -0.3620603 ,
        1.10458084, -0.31679022, -0.01889593])
