Program Begingeth
      fun: 0.3344860340185809
 hess_inv: array([[ 6.52044825e+00,  1.91639836e+00, -6.16227551e-01,
         1.94190425e+00,  1.02323656e+00, -1.52381780e+00,
         1.07998808e+00, -1.00788244e+00, -4.38755473e+00,
        -1.44947138e-01,  1.09419965e+00, -6.47459266e-01,
        -1.06251169e+00, -4.48277593e-01, -5.40226629e-01,
        -3.11533690e-01, -6.99272930e-01,  3.81610777e-01],
       [ 1.91639836e+00,  5.48821669e+00,  1.72341811e+00,
         6.44299980e-01,  2.30591368e+00,  3.22471275e-01,
         6.75130089e+00,  5.34535324e-01,  4.70163721e+00,
         1.13386508e-01,  5.84077114e-01, -1.71113560e+00,
        -7.11828643e-01, -5.04683605e-01, -3.07203415e-01,
        -9.49263248e-02, -4.75621141e-01,  3.60860637e-02],
       [-6.16227551e-01,  1.72341811e+00,  2.80677290e+00,
         1.84489279e-01,  6.37113344e-01,  1.16623250e+00,
         4.64260981e+00, -1.63659900e+00,  3.68872447e+00,
         3.15876637e-02,  7.97131598e-01, -6.79305321e-01,
         5.11799759e-02, -1.29643518e-01, -2.13926855e-01,
        -9.76015962e-02,  2.83341523e-02, -1.45753333e-01],
       [ 1.94190425e+00,  6.44299980e-01,  1.84489279e-01,
         6.87633839e-01,  3.46675678e-01, -3.07041852e-01,
         1.27328795e+00, -5.97839361e-01, -1.04676300e+00,
        -8.00939825e-02,  4.60735240e-01, -1.80912026e-01,
        -2.77010725e-01, -1.22276799e-01, -2.19124239e-01,
        -1.08059392e-01, -1.94834292e-01,  7.02146780e-02],
       [ 1.02323656e+00,  2.30591368e+00,  6.37113344e-01,
         3.46675678e-01,  1.10157020e+00,  9.46493400e-02,
         3.65756907e+00,  8.77842707e-01,  1.59751940e+00,
        -7.43431339e-02,  1.88262926e-01, -6.21960852e-01,
        -3.81453456e-01, -1.63980978e-01, -1.19456558e-01,
        -9.27993990e-02, -2.71966270e-01,  2.82649752e-02],
       [-1.52381780e+00,  3.22471275e-01,  1.16623250e+00,
        -3.07041852e-01,  9.46493400e-02,  8.12131564e-01,
         2.00309479e+00, -1.02152166e-01,  2.63041625e+00,
        -8.24970199e-02, -3.36018492e-02, -1.05910127e-01,
         2.46509782e-01,  5.47301909e-02,  7.36433390e-02,
         4.46695581e-02,  1.14422080e-01, -1.27410438e-01],
       [ 1.07998808e+00,  6.75130089e+00,  4.64260981e+00,
         1.27328795e+00,  3.65756907e+00,  2.00309479e+00,
         2.33130903e+01,  2.76934467e+00,  8.75421847e+00,
        -9.28422023e-01,  8.17652963e-01, -1.40350933e+00,
        -8.87737432e-01, -3.04087523e-01, -4.50550280e-01,
        -4.47664994e-01, -1.06852522e+00, -3.29499134e-01],
       [-1.00788244e+00,  5.34535324e-01, -1.63659900e+00,
        -5.97839361e-01,  8.77842707e-01, -1.02152166e-01,
         2.76934467e+00,  7.54773022e+00,  1.62849968e-01,
        -5.83677080e-01, -1.35218826e+00,  1.69237137e-01,
        -1.47496090e-01,  2.70463648e-01,  5.82401775e-01,
         1.20850493e-01, -2.27350595e-01,  6.50295735e-02],
       [-4.38755473e+00,  4.70163721e+00,  3.68872447e+00,
        -1.04676300e+00,  1.59751940e+00,  2.63041625e+00,
         8.75421847e+00,  1.62849968e-01,  1.43453856e+01,
        -1.80564977e-01, -2.48505435e-02, -1.49480703e+00,
         4.56296590e-01, -4.09957521e-01,  1.43593287e-01,
         3.03124900e-01, -2.07601912e-02, -4.11561326e-01],
       [-1.44947138e-01,  1.13386508e-01,  3.15876637e-02,
        -8.00939825e-02, -7.43431339e-02, -8.24970199e-02,
        -9.28422023e-01, -5.83677080e-01, -1.80564977e-01,
         6.95342034e-01, -5.19457400e-02, -9.08121412e-02,
        -9.60670172e-02,  6.58990943e-03,  3.72318907e-02,
         1.51726486e-02,  1.11403178e-01,  1.38849115e-01],
       [ 1.09419965e+00,  5.84077114e-01,  7.97131598e-01,
         4.60735240e-01,  1.88262926e-01, -3.36018492e-02,
         8.17652963e-01, -1.35218826e+00, -2.48505435e-02,
        -5.19457400e-02,  1.11773409e+00, -3.69008826e-01,
        -1.20797461e-01, -2.75805503e-01, -3.50411299e-01,
        -1.08438329e-01, -9.11575523e-02, -1.03072953e-01],
       [-6.47459266e-01, -1.71113560e+00, -6.79305321e-01,
        -1.80912026e-01, -6.21960852e-01, -1.05910127e-01,
        -1.40350933e+00,  1.69237137e-01, -1.49480703e+00,
        -9.08121412e-02, -3.69008826e-01,  9.19313679e-01,
         1.85280379e-01,  2.77387212e-01,  6.75015088e-02,
        -3.12907104e-02,  1.59640819e-01, -1.11968232e-02],
       [-1.06251169e+00, -7.11828643e-01,  5.11799759e-02,
        -2.77010725e-01, -3.81453456e-01,  2.46509782e-01,
        -8.87737432e-01, -1.47496090e-01,  4.56296590e-01,
        -9.60670172e-02, -1.20797461e-01,  1.85280379e-01,
         3.34362874e-01,  8.83440029e-02,  7.34936050e-02,
         1.18915251e-01,  1.87476133e-01, -1.08014675e-01],
       [-4.48277593e-01, -5.04683605e-01, -1.29643518e-01,
        -1.22276799e-01, -1.63980978e-01,  5.47301909e-02,
        -3.04087523e-01,  2.70463648e-01, -4.09957521e-01,
         6.58990943e-03, -2.75805503e-01,  2.77387212e-01,
         8.83440029e-02,  1.66782074e-01,  7.89138768e-02,
         4.55013263e-03,  1.06387332e-01,  8.35450489e-03],
       [-5.40226629e-01, -3.07203415e-01, -2.13926855e-01,
        -2.19124239e-01, -1.19456558e-01,  7.36433390e-02,
        -4.50550280e-01,  5.82401775e-01,  1.43593287e-01,
         3.72318907e-02, -3.50411299e-01,  6.75015088e-02,
         7.34936050e-02,  7.89138768e-02,  1.75879683e-01,
         6.03540322e-02,  4.45130633e-02,  5.33609325e-02],
       [-3.11533690e-01, -9.49263248e-02, -9.76015962e-02,
        -1.08059392e-01, -9.27993990e-02,  4.46695581e-02,
        -4.47664994e-01,  1.20850493e-01,  3.03124900e-01,
         1.51726486e-02, -1.08438329e-01, -3.12907104e-02,
         1.18915251e-01,  4.55013263e-03,  6.03540322e-02,
         1.00426639e-01,  5.72053468e-02, -1.51716569e-02],
       [-6.99272930e-01, -4.75621141e-01,  2.83341523e-02,
        -1.94834292e-01, -2.71966270e-01,  1.14422080e-01,
        -1.06852522e+00, -2.27350595e-01, -2.07601912e-02,
         1.11403178e-01, -9.11575523e-02,  1.59640819e-01,
         1.87476133e-01,  1.06387332e-01,  4.45130633e-02,
         5.72053468e-02,  2.02825850e-01, -3.15477383e-02],
       [ 3.81610777e-01,  3.60860637e-02, -1.45753333e-01,
         7.02146780e-02,  2.82649752e-02, -1.27410438e-01,
        -3.29499134e-01,  6.50295735e-02, -4.11561326e-01,
         1.38849115e-01, -1.03072953e-01, -1.11968232e-02,
        -1.08014675e-01,  8.35450489e-03,  5.33609325e-02,
        -1.51716569e-02, -3.15477383e-02,  1.25068782e-01]])
      jac: array([ 3.29699231e-06, -1.55283194e-06, -7.04991621e-07, -8.78852546e-06,
        6.22131976e-06,  8.37589257e-06,  1.86887543e-07, -9.85878046e-07,
       -1.43255778e-06, -1.75637282e-06, -2.03762932e-06,  2.00247226e-06,
       -3.83545048e-06, -1.16588221e-05,  2.19787151e-06,  6.49036380e-06,
        8.78260427e-06, -2.17677728e-06])
  message: 'Desired error not necessarily achieved due to precision loss.'
     nfev: 1722
      nit: 60
     njev: 90
   status: 2
  success: False
        x: array([-0.64999224, -1.07280166,  0.55402165, -0.9901771 , -1.12653597,
        0.1285071 , -0.51127327, -1.9484514 , -0.44816515,  0.10234779,
        0.53708417,  1.1730534 ,  0.10905648,  0.03430376, -0.3445532 ,
        1.20936363, -0.64834788, -0.0202155 ])
