Program Begingeth
      fun: 0.3359332553854527
 hess_inv: array([[ 3.96120814e+00,  1.88852630e-01, -1.36663192e+00,
         1.44629390e+00,  2.61490355e-01, -1.39315315e+00,
        -3.32527900e-01,  1.12141262e-01, -5.63374263e+00,
         1.56603038e-02,  6.98687377e-01,  1.77183553e-01,
        -4.05646124e-01, -1.64536837e-01, -3.62749204e-01,
        -2.83940824e-01, -2.65394052e-01,  1.54632203e-01],
       [ 1.88852630e-01,  5.17831856e+00,  1.33248578e+00,
         3.56314250e-04,  2.35007537e+00,  4.47462739e-01,
         3.46880040e+00,  1.68095036e+00,  5.23920672e+00,
         6.11552859e-01,  6.62366088e-01, -1.03821294e+00,
        -5.72291782e-01, -3.01004092e-01, -1.66489714e-01,
        -1.74333542e-01, -3.02065696e-01,  1.00821454e-01],
       [-1.36663192e+00,  1.33248578e+00,  2.61052872e+00,
        -2.13913081e-01,  4.63451901e-01,  1.45159198e+00,
         2.82356502e+00, -1.24065156e+00,  4.89770809e+00,
        -3.46298777e-02,  3.75465498e-01, -3.86115499e-01,
         2.04585898e-01,  1.34960567e-02, -5.72522468e-03,
         4.15847025e-02,  1.48319790e-01, -1.56644226e-01],
       [ 1.44629390e+00,  3.56314250e-04, -2.13913081e-01,
         6.20294441e-01,  5.20777415e-02, -3.68591864e-01,
         3.77765749e-01, -2.95467857e-01, -1.86166443e+00,
        -3.42675096e-02,  3.31266945e-01,  1.10791204e-01,
        -7.56534022e-02, -3.52358563e-02, -1.67378231e-01,
        -9.23743616e-02, -5.00456061e-02,  1.16683614e-02],
       [ 2.61490355e-01,  2.35007537e+00,  4.63451901e-01,
         5.20777415e-02,  1.15016094e+00,  1.21824500e-01,
         1.82216003e+00,  1.27345429e+00,  1.97531856e+00,
         2.23132833e-01,  2.55561255e-01, -3.88839094e-01,
        -3.18747405e-01, -1.09866684e-01, -7.84814574e-02,
        -1.25261460e-01, -1.79656894e-01,  5.91004552e-02],
       [-1.39315315e+00,  4.47462739e-01,  1.45159198e+00,
        -3.68591864e-01,  1.21824500e-01,  9.87129689e-01,
         1.44386774e+00, -4.84327886e-01,  3.48516987e+00,
        -1.05083485e-01, -6.90913883e-02, -1.54435139e-01,
         2.06805590e-01,  6.58386016e-02,  1.06519511e-01,
         9.21656420e-02,  1.17813477e-01, -9.21132216e-02],
       [-3.32527900e-01,  3.46880040e+00,  2.82356502e+00,
         3.77765749e-01,  1.82216003e+00,  1.44386774e+00,
         8.96713843e+00,  1.27410052e+00,  5.86071645e+00,
        -1.30643061e-01,  5.23333103e-01, -2.95065180e-01,
        -2.11946646e-01, -3.62084474e-02, -2.11850798e-01,
        -1.98013068e-01, -2.89856373e-01, -1.93228459e-01],
       [ 1.12141262e-01,  1.68095036e+00, -1.24065156e+00,
        -2.95467857e-01,  1.27345429e+00, -4.84327886e-01,
         1.27410052e+00,  5.92914327e+00,  8.05997034e-02,
        -1.41373811e-02, -5.10494252e-01, -1.22923884e-01,
        -5.11488359e-01,  1.99506196e-02,  2.09879279e-01,
        -1.26400833e-01, -3.59919170e-01,  2.08116820e-01],
       [-5.63374263e+00,  5.23920672e+00,  4.89770809e+00,
        -1.86166443e+00,  1.97531856e+00,  3.48516987e+00,
         5.86071645e+00,  8.05997034e-02,  1.80912243e+01,
         2.82911012e-01, -2.98161158e-02, -1.33653925e+00,
         3.04905202e-01, -1.51854996e-01,  3.75929768e-01,
         3.67979033e-01,  1.07781115e-01, -1.56462321e-01],
       [ 1.56603038e-02,  6.11552859e-01, -3.46298777e-02,
        -3.42675096e-02,  2.23132833e-01, -1.05083485e-01,
        -1.30643061e-01, -1.41373811e-02,  2.82911012e-01,
         7.22740554e-01, -1.85676737e-02, -1.21681513e-01,
        -1.99242265e-01,  3.01105755e-03,  4.82155792e-02,
        -1.28005684e-02,  4.34652021e-02,  1.85699216e-01],
       [ 6.98687377e-01,  6.62366088e-01,  3.75465498e-01,
         3.31266945e-01,  2.55561255e-01, -6.90913883e-02,
         5.23333103e-01, -5.10494252e-01, -2.98161158e-02,
        -1.85676737e-02,  9.04112704e-01, -2.07748416e-01,
        -4.87244038e-02, -2.17251248e-01, -2.68182868e-01,
        -7.72369711e-02, -5.02514389e-02, -1.31185020e-01],
       [ 1.77183553e-01, -1.03821294e+00, -3.86115499e-01,
         1.10791204e-01, -3.88839094e-01, -1.54435139e-01,
        -2.95065180e-01, -1.22923884e-01, -1.33653925e+00,
        -1.21681513e-01, -2.07748416e-01,  5.83322718e-01,
         5.24727237e-02,  1.50184570e-01, -2.94869365e-02,
        -4.77914760e-02,  7.67106417e-02, -1.16460230e-04],
       [-4.05646124e-01, -5.72291782e-01,  2.04585898e-01,
        -7.56534022e-02, -3.18747405e-01,  2.06805590e-01,
        -2.11946646e-01, -5.11488359e-01,  3.04905202e-01,
        -1.99242265e-01, -4.87244038e-02,  5.24727237e-02,
         2.30817405e-01,  4.42335076e-02,  2.46920389e-02,
         1.10655557e-01,  1.08060285e-01, -8.93818266e-02],
       [-1.64536837e-01, -3.01004092e-01,  1.34960567e-02,
        -3.52358563e-02, -1.09866684e-01,  6.58386016e-02,
        -3.62084474e-02,  1.99506196e-02, -1.51854996e-01,
         3.01105755e-03, -2.17251248e-01,  1.50184570e-01,
         4.42335076e-02,  1.20971400e-01,  5.07721729e-02,
         1.06160222e-02,  8.32015926e-02,  2.06286294e-02],
       [-3.62749204e-01, -1.66489714e-01, -5.72522468e-03,
        -1.67378231e-01, -7.84814574e-02,  1.06519511e-01,
        -2.11850798e-01,  2.09879279e-01,  3.75929768e-01,
         4.82155792e-02, -2.68182868e-01, -2.94869365e-02,
         2.46920389e-02,  5.07721729e-02,  1.41416659e-01,
         5.05214061e-02,  1.97995878e-02,  7.19025809e-02],
       [-2.83940824e-01, -1.74333542e-01,  4.15847025e-02,
        -9.23743616e-02, -1.25261460e-01,  9.21656420e-02,
        -1.98013068e-01, -1.26400833e-01,  3.67979033e-01,
        -1.28005684e-02, -7.72369711e-02, -4.77914760e-02,
         1.10655557e-01,  1.06160222e-02,  5.05214061e-02,
         9.87827812e-02,  5.00847143e-02, -1.31032692e-02],
       [-2.65394052e-01, -3.02065696e-01,  1.48319790e-01,
        -5.00456061e-02, -1.79656894e-01,  1.17813477e-01,
        -2.89856373e-01, -3.59919170e-01,  1.07781115e-01,
         4.34652021e-02, -5.02514389e-02,  7.67106417e-02,
         1.08060285e-01,  8.32015926e-02,  1.97995878e-02,
         5.00847143e-02,  1.43557018e-01, -1.50532786e-02],
       [ 1.54632203e-01,  1.00821454e-01, -1.56644226e-01,
         1.16683614e-02,  5.91004552e-02, -9.21132216e-02,
        -1.93228459e-01,  2.08116820e-01, -1.56462321e-01,
         1.85699216e-01, -1.31185020e-01, -1.16460230e-04,
        -8.93818266e-02,  2.06286294e-02,  7.19025809e-02,
        -1.31032692e-02, -1.50532786e-02,  1.24236576e-01]])
      jac: array([-2.14191627e-05, -2.05487479e-05, -1.36165153e-05,  5.28562379e-05,
        4.74294678e-05,  2.14817053e-05,  5.37718018e-07, -5.96559839e-07,
        6.51330841e-07,  1.19145434e-05,  8.53021357e-07, -1.69442238e-05,
        1.84419147e-05,  2.31629530e-05, -1.87316829e-05, -1.67436435e-05,
       -2.07922568e-05,  7.08692364e-06])
  message: 'Desired error not necessarily achieved due to precision loss.'
     nfev: 2176
      nit: 64
     njev: 114
   status: 2
  success: False
        x: array([-0.77972768, -1.44098098,  0.60611515, -0.96552846, -1.42803048,
        0.18655267, -0.49199659, -2.29255361, -0.41292565,  0.03049423,
        0.49810421,  1.21549827,  0.12821556,  0.02423282, -0.33419113,
        1.19413144, -0.53350046, -0.03934537])
