Program Begingeth
      fun: 0.4358875961142932
 hess_inv: array([[ 1.11611999e+01,  8.19763198e-01,  1.01776537e+00,
         4.75171624e+00,  5.35112262e-01,  1.23120199e+00,
         1.04611533e+00, -4.40268482e-01,  6.19509089e+00,
        -6.28159317e-02, -1.58367993e+00,  7.82377769e-01,
         1.87407760e-01,  6.25848311e-01,  6.52583445e-01,
         2.34553491e-01,  7.43908091e-02,  6.19099671e-01],
       [ 8.19763198e-01,  4.78642873e+00,  4.30033884e-01,
         3.47386887e-01,  2.13919593e+00,  2.46635951e-02,
        -3.97152689e-01, -8.10424904e-01,  2.85812923e+00,
        -1.96653932e+00, -7.67325307e-01,  2.25994744e-01,
         6.05299503e-01,  4.06355576e-01, -7.80823123e-02,
         2.03345699e-01,  7.28852724e-02,  4.58373178e-01],
       [ 1.01776537e+00,  4.30033884e-01,  2.93575682e+00,
         2.89160420e-01,  1.66282441e-01,  1.34752379e+00,
         2.92815599e+00, -1.43356764e+00,  1.50354552e-01,
        -5.21360648e-01, -2.39448666e-01,  1.97866650e-01,
        -1.15834623e-01,  3.03679809e-01,  7.63071758e-02,
         1.57625591e-01,  2.33435193e-01,  2.73174993e-02],
       [ 4.75171624e+00,  3.47386887e-01,  2.89160420e-01,
         2.05577514e+00,  2.42109525e-01,  4.55816399e-01,
        -9.18878495e-02, -3.23543229e-02,  2.73481909e+00,
        -2.79256494e-02, -6.92573981e-01,  2.56177076e-01,
         1.40544385e-01,  2.45768740e-01,  3.03237200e-01,
         9.13708127e-02, -9.83634514e-03,  2.95539129e-01],
       [ 5.35112262e-01,  2.13919593e+00,  1.66282441e-01,
         2.42109524e-01,  9.92013402e-01,  9.72023316e-03,
        -8.37991117e-01, -2.61349223e-01,  1.56837908e+00,
        -8.61087288e-01, -3.61075353e-01,  8.19604411e-02,
         3.20229511e-01,  1.93493277e-01, -5.83263559e-03,
         8.12157573e-02,  5.16673037e-03,  2.53442992e-01],
       [ 1.23120199e+00,  2.46635951e-02,  1.34752379e+00,
         4.55816399e-01,  9.72023316e-03,  7.09036022e-01,
         1.53880615e+00, -5.48694622e-01,  4.15753439e-01,
        -4.04338626e-02, -2.20213957e-01,  1.35503181e-01,
        -1.06198782e-01,  1.70760658e-01,  1.03042061e-01,
         7.15963988e-02,  1.18356690e-01,  2.90028098e-02],
       [ 1.04611533e+00, -3.97152689e-01,  2.92815599e+00,
        -9.18878495e-02, -8.37991117e-01,  1.53880615e+00,
         2.95855747e+01, -2.24492584e+00, -6.64811238e+00,
        -3.23878602e-02,  5.92990527e-03,  2.31081642e+00,
        -1.68888093e+00,  6.40742587e-01, -8.34152926e-01,
         1.19499395e+00,  1.61363893e+00, -1.49421167e+00],
       [-4.40268482e-01, -8.10424904e-01, -1.43356764e+00,
        -3.23543229e-02, -2.61349223e-01, -5.48694622e-01,
        -2.24492584e+00,  8.28645806e+00,  2.76539236e+00,
         1.12003014e+00,  8.16304283e-01, -1.77258806e+00,
        -2.41754272e-01, -4.38667651e-01,  2.61766038e-01,
        -4.33178622e-01,  3.15485415e-01,  8.70082679e-04],
       [ 6.19509089e+00,  2.85812923e+00,  1.50354552e-01,
         2.73481909e+00,  1.56837908e+00,  4.15753439e-01,
        -6.64811238e+00,  2.76539236e+00,  1.45559398e+01,
        -9.92124222e-01,  5.36247989e-01, -6.40810493e-01,
         7.93778346e-01,  1.75982360e-02,  4.62009923e-01,
        -3.83491217e-02, -7.24280661e-02,  1.33190760e+00],
       [-6.28159317e-02, -1.96653932e+00, -5.21360648e-01,
        -2.79256494e-02, -8.61087288e-01, -4.04338626e-02,
        -3.23878602e-02,  1.12003014e+00, -9.92124222e-01,
         2.19602956e+00,  5.71154434e-01, -2.27764278e-01,
        -5.86224083e-01, -2.61455298e-01,  1.38478996e-03,
        -1.48577573e-01, -3.74301746e-02, -4.17240857e-01],
       [-1.58367993e+00, -7.67325307e-01, -2.39448666e-01,
        -6.92573981e-01, -3.61075353e-01, -2.20213957e-01,
         5.92990527e-03,  8.16304283e-01,  5.36247989e-01,
         5.71154434e-01,  1.42856109e+00, -3.17321748e-01,
        -1.82399029e-01, -3.98785420e-01, -2.47765665e-01,
        -4.07176449e-02,  1.29450623e-02, -2.38731977e-01],
       [ 7.82377769e-01,  2.25994744e-01,  1.97866650e-01,
         2.56177076e-01,  8.19604411e-02,  1.35503181e-01,
         2.31081642e+00, -1.77258806e+00, -6.40810493e-01,
        -2.27764278e-01, -3.17321748e-01,  9.85800387e-01,
        -3.06038943e-02,  2.38751602e-01, -1.58439618e-01,
         2.10905962e-01,  9.05431861e-02, -5.20244824e-02],
       [ 1.87407760e-01,  6.05299503e-01, -1.15834623e-01,
         1.40544385e-01,  3.20229511e-01, -1.06198782e-01,
        -1.68888093e+00, -2.41754272e-01,  7.93778346e-01,
        -5.86224083e-01, -1.82399029e-01, -3.06038943e-02,
         3.25446944e-01,  4.24236990e-02,  5.15716888e-02,
         3.12483617e-02, -1.10669405e-01,  2.19265249e-01],
       [ 6.25848311e-01,  4.06355576e-01,  3.03679809e-01,
         2.45768740e-01,  1.93493277e-01,  1.70760658e-01,
         6.40742587e-01, -4.38667651e-01,  1.75982360e-02,
        -2.61455298e-01, -3.98785420e-01,  2.38751602e-01,
         4.24236990e-02,  1.90125820e-01,  3.61039029e-02,
         6.46029252e-02,  6.86417186e-02,  6.92601914e-02],
       [ 6.52583445e-01, -7.80823123e-02,  7.63071758e-02,
         3.03237200e-01, -5.83263559e-03,  1.03042061e-01,
        -8.34152926e-01,  2.61766038e-01,  4.62009923e-01,
         1.38478996e-03, -2.47765665e-01, -1.58439618e-01,
         5.15716888e-02,  3.61039029e-02,  1.66222157e-01,
        -5.08710882e-02, -3.94988784e-02,  1.27136472e-01],
       [ 2.34553491e-01,  2.03345699e-01,  1.57625591e-01,
         9.13708127e-02,  8.12157573e-02,  7.15963988e-02,
         1.19499395e+00, -4.33178622e-01, -3.83491217e-02,
        -1.48577573e-01, -4.07176449e-02,  2.10905962e-01,
         3.12483617e-02,  6.46029252e-02, -5.08710882e-02,
         1.29986820e-01,  4.42107758e-02, -1.58605240e-02],
       [ 7.43908091e-02,  7.28852724e-02,  2.33435193e-01,
        -9.83634514e-03,  5.16673037e-03,  1.18356690e-01,
         1.61363893e+00,  3.15485415e-01, -7.24280661e-02,
        -3.74301746e-02,  1.29450623e-02,  9.05431861e-02,
        -1.10669405e-01,  6.86417186e-02, -3.94988784e-02,
         4.42107758e-02,  1.68481169e-01, -6.16009220e-02],
       [ 6.19099671e-01,  4.58373178e-01,  2.73174993e-02,
         2.95539129e-01,  2.53442992e-01,  2.90028098e-02,
        -1.49421167e+00,  8.70082679e-04,  1.33190760e+00,
        -4.17240857e-01, -2.38731977e-01, -5.20244824e-02,
         2.19265249e-01,  6.92601914e-02,  1.27136472e-01,
        -1.58605240e-02, -6.16009220e-02,  2.66174661e-01]])
      jac: array([ 6.41257418e-05, -2.95578377e-06,  2.48819484e-05, -1.57676465e-04,
       -1.66096766e-05, -7.30956036e-05,  6.58325246e-06,  3.46167539e-06,
        5.85901698e-06,  1.66148576e-05, -5.68249152e-06,  2.53241872e-06,
        9.30093040e-05,  5.34376247e-05,  3.38059210e-05, -8.42733291e-06,
       -1.76077671e-05, -6.78938387e-06])
  message: 'Desired error not necessarily achieved due to precision loss.'
     nfev: 2481
      nit: 96
     njev: 130
   status: 2
  success: False
        x: array([ 1.68322178, -0.84903268,  0.4368582 ,  1.64392831, -0.89364052,
        0.19601253, -0.54853795, -1.61046702,  0.55397581, -0.07415006,
        0.28005851,  1.11463388, -0.00319633, -0.0396315 , -0.23200377,
       -1.3397362 , -0.98089536,  0.05247356])
