Program Begingeth
      fun: 0.3003024537051155
 hess_inv: array([[ 1.38023676e+00, -3.62116719e-03, -4.21631372e-02,
         8.19054773e-02, -1.55184572e-02,  1.51889491e-01,
        -2.43877645e-01,  6.15753177e-01, -1.73187071e-03,
         3.84666059e-01, -3.05720349e-01, -1.35383853e-01,
        -5.51380573e-01, -1.89508520e-02,  8.10506295e-04,
         9.45519835e-03, -4.48499178e-02, -2.77513589e-01],
       [-3.62116719e-03,  3.90422498e-01, -9.99489157e-03,
         1.24720903e-02,  4.19641761e-02, -3.17223757e-01,
        -1.30333282e-01, -2.07942574e-01, -7.44372471e-01,
         1.13182559e-01,  1.91591567e-01, -6.75488404e-01,
         9.32373398e-03, -1.33537307e-01, -1.65387790e-01,
         1.52268477e-02,  2.01280200e-02, -7.90307929e-02],
       [-4.21631372e-02, -9.99489157e-03,  2.92013072e-01,
         4.46446717e-02,  1.49764725e-01, -1.28909055e-02,
         1.87468686e-02,  2.17523776e-01, -9.23443536e-02,
         2.23089423e-01,  3.00703623e-01, -5.22307615e-02,
         4.87061992e-02,  9.90762587e-02, -9.13139307e-02,
         5.47251031e-02,  4.21245016e-02,  3.41341648e-02],
       [ 8.19054773e-02,  1.24720903e-02,  4.46446717e-02,
         2.67052583e-01,  2.63794434e-02, -8.20793270e-02,
         3.16333310e-01, -1.99485984e-01, -2.91909644e-01,
         6.92152666e-01, -1.05474684e-02, -2.50284316e-01,
         1.01299385e-01,  9.08143482e-03, -1.98961868e-02,
         6.68238016e-02, -4.06353358e-02,  5.61330003e-03],
       [-1.55184572e-02,  4.19641761e-02,  1.49764725e-01,
         2.63794434e-02,  1.86843898e-01, -2.62674442e-02,
         9.67226846e-02,  3.02803843e-01, -1.86205866e-01,
         1.36669796e-01,  4.27511482e-01, -2.19652576e-03,
         2.11468076e-02,  7.15172274e-02, -7.63736394e-02,
         3.84836488e-02,  3.14042591e-02, -1.87862892e-03],
       [ 1.51889491e-01, -3.17223757e-01, -1.28909055e-02,
        -8.20793270e-02, -2.62674442e-02,  7.03554751e-01,
         8.51713146e-01,  1.05713551e+00,  1.92188456e+00,
        -5.65997612e-01, -4.25565387e-01,  1.73595496e+00,
        -9.44428474e-02,  1.28859066e-01,  2.01877909e-01,
        -2.44100304e-02,  2.00125534e-03,  2.19351744e-02],
       [-2.43877645e-01, -1.30333282e-01,  1.87468686e-02,
         3.16333310e-01,  9.67226846e-02,  8.51713146e-01,
         4.02256104e+00,  1.15389553e+00,  3.09028871e+00,
        -4.51214794e-01, -3.15372427e-01,  2.72266434e+00,
         3.09858105e-01,  1.21936541e-01,  4.92269706e-02,
         9.91944278e-02, -3.19442068e-02,  3.93552955e-02],
       [ 6.15753177e-01, -2.07942574e-01,  2.17523776e-01,
        -1.99485984e-01,  3.02803843e-01,  1.05713551e+00,
         1.15389553e+00,  3.44149973e+00,  2.64312779e+00,
        -8.33715010e-01, -1.47283540e-01,  2.60116541e+00,
        -3.55010417e-01,  2.27224613e-01,  1.44977480e-01,
        -8.24532177e-03,  6.47632635e-02, -8.12008144e-02],
       [-1.73187071e-03, -7.44372471e-01, -9.23443536e-02,
        -2.91909644e-01, -1.86205866e-01,  1.92188456e+00,
         3.09028871e+00,  2.64312779e+00,  6.60913181e+00,
        -2.23106161e+00, -1.36525326e+00,  4.87331179e+00,
        -3.34941184e-02,  2.19708745e-01,  4.70253791e-01,
        -4.73830385e-02, -3.42105816e-02,  8.01413240e-02],
       [ 3.84666059e-01,  1.13182559e-01,  2.23089423e-01,
         6.92152666e-01,  1.36669796e-01, -5.65997612e-01,
        -4.51214794e-01, -8.33715010e-01, -2.23106161e+00,
         2.41342740e+00,  2.76924940e-01, -1.73519004e+00,
         1.30474036e-01,  3.68157066e-02, -1.28569126e-01,
         1.54419976e-01, -7.00771924e-02, -1.80129101e-02],
       [-3.05720349e-01,  1.91591567e-01,  3.00703623e-01,
        -1.05474684e-02,  4.27511482e-01, -4.25565387e-01,
        -3.15372427e-01, -1.47283540e-01, -1.36525326e+00,
         2.76924940e-01,  1.40629917e+00, -8.33548373e-01,
         1.14574223e-01,  8.48216712e-02, -2.61610574e-01,
         6.29369220e-02,  6.86040617e-02,  1.20348239e-02],
       [-1.35383853e-01, -6.75488404e-01, -5.22307615e-02,
        -2.50284316e-01, -2.19652576e-03,  1.73595496e+00,
         2.72266434e+00,  2.60116541e+00,  4.87331179e+00,
        -1.73519004e+00, -8.33548373e-01,  4.73145363e+00,
        -3.55073199e-02,  3.14360791e-01,  4.34049601e-01,
        -5.61488440e-02,  4.09778722e-02,  1.03811200e-01],
       [-5.51380573e-01,  9.32373398e-03,  4.87061992e-02,
         1.01299385e-01,  2.11468076e-02, -9.44428474e-02,
         3.09858105e-01, -3.55010417e-01, -3.34941184e-02,
         1.30474036e-01,  1.14574223e-01, -3.55073199e-02,
         3.16049641e-01,  9.01535449e-03, -1.48678406e-02,
         5.40384546e-02, -8.24017474e-03,  1.23805453e-01],
       [-1.89508520e-02, -1.33537307e-01,  9.90762587e-02,
         9.08143482e-03,  7.15172274e-02,  1.28859066e-01,
         1.21936541e-01,  2.27224613e-01,  2.19708745e-01,
         3.68157066e-02,  8.48216712e-02,  3.14360791e-01,
         9.01535449e-03,  1.15746929e-01,  2.76569443e-02,
         1.27456853e-02,  3.32453137e-02,  3.68513295e-02],
       [ 8.10506295e-04, -1.65387790e-01, -9.13139307e-02,
        -1.98961868e-02, -7.63736394e-02,  2.01877909e-01,
         4.92269706e-02,  1.44977480e-01,  4.70253791e-01,
        -1.28569126e-01, -2.61610574e-01,  4.34049601e-01,
        -1.48678406e-02,  2.76569443e-02,  1.46522359e-01,
        -2.79800225e-02, -1.86606388e-02,  4.97623441e-02],
       [ 9.45519835e-03,  1.52268477e-02,  5.47251031e-02,
         6.68238016e-02,  3.84836488e-02, -2.44100304e-02,
         9.91944278e-02, -8.24532177e-03, -4.73830385e-02,
         1.54419976e-01,  6.29369220e-02, -5.61488440e-02,
         5.40384546e-02,  1.27456853e-02, -2.79800225e-02,
         5.02664044e-02, -6.15896932e-03,  3.55533211e-03],
       [-4.48499178e-02,  2.01280200e-02,  4.21245016e-02,
        -4.06353358e-02,  3.14042591e-02,  2.00125534e-03,
        -3.19442068e-02,  6.47632635e-02, -3.42105816e-02,
        -7.00771924e-02,  6.86040617e-02,  4.09778722e-02,
        -8.24017474e-03,  3.32453137e-02, -1.86606388e-02,
        -6.15896932e-03,  4.33856507e-02,  5.40361730e-03],
       [-2.77513589e-01, -7.90307929e-02,  3.41341648e-02,
         5.61330003e-03, -1.87862892e-03,  2.19351744e-02,
         3.93552955e-02, -8.12008144e-02,  8.01413240e-02,
        -1.80129101e-02,  1.20348239e-02,  1.03811200e-01,
         1.23805453e-01,  3.68513295e-02,  4.97623441e-02,
         3.55533211e-03,  5.40361730e-03,  9.97588742e-02]])
      jac: array([-5.96152757e-06,  2.77518749e-06, -5.68064114e-06,  1.23101529e-05,
       -4.75434507e-06,  1.15300362e-05, -9.40728976e-07,  3.74145159e-07,
       -4.72584934e-07, -2.56868601e-06,  8.60052770e-07, -2.81700589e-06,
       -1.35343588e-05,  7.22200077e-06, -1.05763546e-05,  1.14941390e-05,
       -4.25104396e-06,  6.66355859e-06])
  message: 'Desired error not necessarily achieved due to precision loss.'
     nfev: 2273
      nit: 71
     njev: 119
   status: 2
  success: False
        x: array([ 0.07408173,  0.15031301,  0.75934097,  1.76764543, -0.76983084,
        0.06544569,  2.58529159, -0.62084153, -0.93283057,  2.27837312,
       -0.58224454,  0.48297465,  0.14829362,  0.0962185 , -0.25449395,
       -1.33156708, -0.41382568,  0.05393849])
