Program Begingeth
      fun: 0.4415937618841202
 hess_inv: array([[ 6.87826461e+00, -3.20469377e-01, -3.06697604e+00,
         2.02152449e+00, -3.69690697e-01, -1.22656931e+00,
         2.03404668e-01, -2.45518017e+00, -4.08061049e+00,
        -1.02564143e+00, -3.82229686e+00,  8.66048165e-01,
        -4.58444169e-01,  6.99388037e-01,  1.10622003e-01,
         2.63344399e-01, -1.02657805e-01, -5.54336589e-02],
       [-3.20469377e-01,  1.23815992e+01,  4.04537909e+00,
         2.17017561e-01,  4.22621301e+00,  8.53391351e-01,
         3.50846914e+00,  5.97177411e+00,  2.64360403e+00,
         3.43609812e+00, -1.48471630e+00, -5.14221774e-01,
        -6.75861102e-01, -1.10891390e+00, -1.44645564e+00,
        -3.87429813e-02, -5.77888269e-02, -7.96753420e-01],
       [-3.06697604e+00,  4.04537909e+00,  1.10222854e+01,
        -2.86498348e-01,  1.60724820e+00,  3.48825279e+00,
         5.41214726e+00,  1.62461868e+00,  5.83312084e+00,
         2.34526659e+00,  2.07027658e+00, -1.53311933e+00,
         4.43564799e-02, -3.97936265e-01, -1.51430092e+00,
        -8.75681715e-02,  3.95263009e-01, -4.67250359e-01],
       [ 2.02152449e+00,  2.17017561e-01, -2.86498348e-01,
         7.17714815e-01, -2.33854106e-02, -2.01016141e-01,
         8.01736888e-01, -9.09483197e-01, -1.25949449e+00,
        -1.35879344e-01, -7.03398008e-01,  2.11838343e-01,
        -1.15012526e-01,  8.93378255e-02, -6.83451333e-02,
         5.52400699e-02, -1.65920200e-02, -4.04938132e-02],
       [-3.69690697e-01,  4.22621301e+00,  1.60724820e+00,
        -2.33854106e-02,  1.54807322e+00,  3.88902020e-01,
         1.35829162e+00,  2.83727834e+00,  1.33035347e+00,
         1.22247493e+00, -5.58710493e-01, -2.26870901e-01,
        -2.35744017e-01, -2.90575607e-01, -4.98601942e-01,
        -4.33926580e-03,  2.16262692e-02, -2.55228431e-01],
       [-1.22656931e+00,  8.53391351e-01,  3.48825279e+00,
        -2.01016141e-01,  3.88902020e-01,  1.20005504e+00,
         1.50368842e+00,  4.72795766e-01,  2.56270689e+00,
         5.72599932e-01,  5.33285152e-01, -3.34377910e-01,
         8.58562649e-02, -3.95882858e-02, -4.41959778e-01,
         6.62222991e-03,  1.20740682e-01, -1.10148131e-01],
       [ 2.03404668e-01,  3.50846914e+00,  5.41214726e+00,
         8.01736888e-01,  1.35829162e+00,  1.50368842e+00,
         6.97486966e+00,  1.53042242e+00,  1.36704527e+00,
         1.77788299e+00,  5.58052669e-01, -3.80953180e-01,
        -1.61450108e-01, -1.67329680e-01, -9.46168058e-01,
        -9.39252936e-03,  2.52212300e-01, -2.58932158e-01],
       [-2.45518017e+00,  5.97177411e+00,  1.62461868e+00,
        -9.09483197e-01,  2.83727834e+00,  4.72795766e-01,
         1.53042242e+00,  1.08101103e+01,  3.36542238e+00,
         2.01684521e+00, -6.25156065e-01, -9.23797855e-01,
        -5.15552611e-01, -1.75812180e-01, -3.95652166e-01,
        -1.03873101e-01,  1.37236251e-01, -2.35961715e-01],
       [-4.08061049e+00,  2.64360403e+00,  5.83312084e+00,
        -1.25949449e+00,  1.33035347e+00,  2.56270689e+00,
         1.36704527e+00,  3.36542238e+00,  1.14197698e+01,
         1.08519690e+00, -1.79401944e+00,  9.40648764e-01,
         3.78762515e-01,  4.93550904e-01, -1.03965068e+00,
         3.89901702e-01,  1.64696834e-01, -2.38378222e-01],
       [-1.02564143e+00,  3.43609812e+00,  2.34526659e+00,
        -1.35879344e-01,  1.22247493e+00,  5.72599932e-01,
         1.77788299e+00,  2.01684521e+00,  1.08519690e+00,
         1.81269391e+00,  1.78690255e-01, -3.86252424e-01,
        -2.50079311e-01, -3.39724152e-01, -5.93677853e-01,
        -3.49538778e-02,  8.69009661e-02, -2.90785809e-01],
       [-3.82229686e+00, -1.48471630e+00,  2.07027658e+00,
        -7.03398008e-01, -5.58710493e-01,  5.33285152e-01,
         5.58052669e-01, -6.25156065e-01, -1.79401944e+00,
         1.78690255e-01,  8.28397496e+00, -2.18830261e+00,
         2.10356434e-01, -1.66927852e+00,  4.19132008e-01,
        -8.70579567e-01,  6.74417896e-02,  2.17763730e-01],
       [ 8.66048165e-01, -5.14221774e-01, -1.53311933e+00,
         2.11838343e-01, -2.26870901e-01, -3.34377910e-01,
        -3.80953180e-01, -9.23797855e-01,  9.40648764e-01,
        -3.86252424e-01, -2.18830261e+00,  1.88803025e+00,
         2.23470468e-01,  4.67206154e-01, -1.45285839e-01,
         3.81996026e-01, -9.92928835e-02,  3.59537890e-02],
       [-4.58444169e-01, -6.75861102e-01,  4.43564799e-02,
        -1.15012526e-01, -2.35744017e-01,  8.58562649e-02,
        -1.61450108e-01, -5.15552611e-01,  3.78762515e-01,
        -2.50079311e-01,  2.10356434e-01,  2.23470468e-01,
         1.83007832e-01,  2.95128740e-02,  2.81213740e-02,
         5.74029843e-02, -1.11121592e-02,  5.48328787e-02],
       [ 6.99388037e-01, -1.10891390e+00, -3.97936265e-01,
         8.93378255e-02, -2.90575607e-01, -3.95882858e-02,
        -1.67329680e-01, -1.75812180e-01,  4.93550904e-01,
        -3.39724152e-01, -1.66927852e+00,  4.67206154e-01,
         2.95128740e-02,  5.97733633e-01,  2.31455136e-02,
         2.08997309e-01,  6.21519811e-02,  4.91814716e-02],
       [ 1.10622003e-01, -1.44645564e+00, -1.51430092e+00,
        -6.83451333e-02, -4.98601942e-01, -4.41959778e-01,
        -9.46168058e-01, -3.95652166e-01, -1.03965068e+00,
        -5.93677853e-01,  4.19132008e-01, -1.45285839e-01,
         2.81213740e-02,  2.31455136e-02,  4.07268079e-01,
        -7.76435396e-02, -3.31307212e-02,  1.62524975e-01],
       [ 2.63344399e-01, -3.87429813e-02, -8.75681715e-02,
         5.52400699e-02, -4.33926580e-03,  6.62222991e-03,
        -9.39252936e-03, -1.03873101e-01,  3.89901702e-01,
        -3.49538778e-02, -8.70579567e-01,  3.81996026e-01,
         5.74029843e-02,  2.08997309e-01, -7.76435396e-02,
         1.50773081e-01, -2.27170738e-03, -1.41084854e-02],
       [-1.02657805e-01, -5.77888269e-02,  3.95263009e-01,
        -1.65920200e-02,  2.16262692e-02,  1.20740682e-01,
         2.52212300e-01,  1.37236251e-01,  1.64696834e-01,
         8.69009661e-02,  6.74417896e-02, -9.92928835e-02,
        -1.11121592e-02,  6.21519811e-02, -3.31307212e-02,
        -2.27170738e-03,  6.49884141e-02,  5.29753209e-04],
       [-5.54336589e-02, -7.96753420e-01, -4.67250359e-01,
        -4.04938132e-02, -2.55228431e-01, -1.10148131e-01,
        -2.58932158e-01, -2.35961715e-01, -2.38378222e-01,
        -2.90785809e-01,  2.17763730e-01,  3.59537890e-02,
         5.48328787e-02,  4.91814716e-02,  1.62524975e-01,
        -1.41084854e-02,  5.29753209e-04,  1.02270886e-01]])
      jac: array([-3.11417558e-06,  5.05891625e-07, -2.79961239e-06,  7.55506768e-06,
        3.89651274e-06,  8.96764145e-06, -6.84637532e-07, -9.04831765e-07,
       -5.67694040e-07,  1.60760294e-06,  2.09721129e-06,  1.27231559e-06,
       -5.42380955e-06,  9.97683417e-06,  8.58720502e-06,  2.88806016e-06,
       -8.79555688e-06, -7.48586378e-06])
  message: 'Optimization terminated successfully.'
     nfev: 1824
      nit: 89
     njev: 96
   status: 0
  success: True
        x: array([ 0.03174045, -1.23278553, -0.37636476,  0.15457109, -1.66947477,
       -0.66656244,  0.98285585, -2.21497769, -0.62932636, -0.77750717,
        0.32394068,  0.1890166 ,  0.29779125,  0.19066887,  0.01365292,
        0.07662227,  1.74895352, -0.68688152])
