Program Begingeth
      fun: 0.3427744696289249
 hess_inv: array([[ 8.44436891e+00, -1.13905194e+00,  5.13843386e-01,
         2.04941863e+00, -6.15928218e-01,  1.78430166e+00,
        -2.01975242e+00,  2.44633445e+00,  5.93216000e+00,
        -6.73188364e-01, -1.26920889e+00,  1.03289067e+00,
        -1.42596112e+00,  5.23779513e-01,  6.29844849e-01,
        -3.08178280e-01,  7.73653276e-01, -4.10921873e-01],
       [-1.13905194e+00,  5.68360487e+00,  2.41248548e+00,
        -5.14052492e-01,  2.13630713e+00,  7.39878828e-01,
        -1.03114165e+01, -3.48499533e-01,  7.58099292e+00,
        -2.76495898e-01,  4.06153496e-01, -2.19875576e+00,
         7.54888182e-01, -5.97444282e-01, -3.08836400e-01,
         3.46428161e-02, -4.03916246e-01, -2.05057708e-02],
       [ 5.13843386e-01,  2.41248548e+00,  3.76495051e+00,
        -4.36474496e-01,  8.01586848e-01,  1.28181237e+00,
        -8.29444056e+00, -3.72206180e+00,  4.71051346e+00,
        -2.10690623e-01,  1.30591403e+00, -1.24519885e+00,
         8.96832357e-02, -2.88977037e-01, -4.76025744e-01,
         1.82238686e-01, -7.04093332e-02, -1.98529684e-01],
       [ 2.04941863e+00, -5.14052492e-01, -4.36474496e-01,
         6.52361109e-01, -2.63650429e-01,  2.42405978e-01,
         1.44199986e+00,  1.21048040e+00,  9.72295116e-01,
        -2.22293054e-01, -5.32815513e-01,  3.17881398e-01,
        -3.38113758e-01,  1.36660843e-01,  2.55142699e-01,
        -1.10910536e-01,  2.11078005e-01, -4.08224399e-02],
       [-6.15928218e-01,  2.13630713e+00,  8.01586848e-01,
        -2.63650429e-01,  9.65290324e-01,  2.64244859e-01,
        -5.24240845e+00,  7.45149611e-01,  2.58050743e+00,
         7.89739790e-02,  6.26956789e-02, -7.33205567e-01,
         3.79138203e-01, -1.60762369e-01, -7.77563519e-02,
         6.11306080e-02, -2.32086894e-01,  6.78608540e-03],
       [ 1.78430166e+00,  7.39878828e-01,  1.28181237e+00,
         2.42405978e-01,  2.64244859e-01,  8.44965405e-01,
        -3.99824296e+00, -2.24454774e-01,  3.29163197e+00,
        -2.78090169e-02,  1.87631855e-02, -2.12598008e-01,
        -2.41680276e-01,  1.59631423e-02,  3.30810932e-02,
        -2.08322699e-02,  6.95755299e-02, -1.33287637e-01],
       [-2.01975242e+00, -1.03114165e+01, -8.29444056e+00,
         1.44199986e+00, -5.24240845e+00, -3.99824296e+00,
         4.94798115e+01, -1.67145750e+00, -1.93521724e+01,
        -1.15667109e+00, -1.09040170e+00,  2.91008209e+00,
        -1.27644342e+00,  4.61470654e-01,  6.16643093e-01,
        -6.21562575e-01,  1.45379710e+00,  6.75777291e-01],
       [ 2.44633445e+00, -3.48499533e-01, -3.72206180e+00,
         1.21048040e+00,  7.45149611e-01, -2.24454774e-01,
        -1.67145750e+00,  1.38993854e+01,  5.08680089e-01,
         5.82979084e-01, -2.58800657e+00,  7.70171932e-01,
        -8.41175969e-02,  5.04191627e-01,  1.26863490e+00,
        -3.62742854e-01, -1.12374002e-02,  2.14822372e-01],
       [ 5.93216000e+00,  7.58099292e+00,  4.71051346e+00,
         9.72295116e-01,  2.58050743e+00,  3.29163197e+00,
        -1.93521724e+01,  5.08680089e-01,  2.25138422e+01,
        -5.56944314e-01,  8.34092014e-02, -2.32691192e+00,
        -2.61136661e-01, -7.70100390e-01, -8.74526271e-03,
        -2.70194522e-01, -1.68304001e-01, -4.23176401e-01],
       [-6.73188364e-01, -2.76495898e-01, -2.10690623e-01,
        -2.22293054e-01,  7.89739790e-02, -2.78090169e-02,
        -1.15667109e+00,  5.82979084e-01, -5.56944314e-01,
         1.09395709e+00,  4.90560303e-02,  1.40649416e-01,
        -7.28179355e-02,  6.99413601e-03, -3.00593144e-02,
         3.99303801e-02, -1.91279476e-01, -1.34008061e-01],
       [-1.26920889e+00,  4.06153496e-01,  1.30591403e+00,
        -5.32815513e-01,  6.26956789e-02,  1.87631855e-02,
        -1.09040170e+00, -2.58800657e+00,  8.34092014e-02,
         4.90560303e-02,  1.57450700e+00, -5.24397476e-01,
         1.79707772e-01, -3.50570039e-01, -5.12129746e-01,
         1.63332240e-01, -1.04696208e-01, -1.46044969e-01],
       [ 1.03289067e+00, -2.19875576e+00, -1.24519885e+00,
         3.17881398e-01, -7.33205567e-01, -2.12598008e-01,
         2.91008209e+00,  7.70171932e-01, -2.32691192e+00,
         1.40649416e-01, -5.24397476e-01,  1.40916169e+00,
        -3.38810743e-01,  3.90210033e-01,  1.45751053e-01,
         6.53133294e-03,  2.03118149e-01, -8.25918784e-03],
       [-1.42596112e+00,  7.54888182e-01,  8.96832357e-02,
        -3.38113758e-01,  3.79138203e-01, -2.41680276e-01,
        -1.27644342e+00, -8.41175969e-02, -2.61136661e-01,
        -7.28179355e-02,  1.79707772e-01, -3.38810743e-01,
         4.46824612e-01, -1.20030057e-01, -9.91571201e-02,
         1.20148889e-01, -2.09259453e-01,  1.16773950e-01],
       [ 5.23779513e-01, -5.97444282e-01, -2.88977037e-01,
         1.36660843e-01, -1.60762369e-01,  1.59631423e-02,
         4.61470654e-01,  5.04191627e-01, -7.70100390e-01,
         6.99413601e-03, -3.50570039e-01,  3.90210033e-01,
        -1.20030057e-01,  2.04521618e-01,  1.13960246e-01,
        -6.19925425e-03,  1.01629010e-01,  1.86797027e-02],
       [ 6.29844849e-01, -3.08836400e-01, -4.76025744e-01,
         2.55142699e-01, -7.77563519e-02,  3.30810932e-02,
         6.16643093e-01,  1.26863490e+00, -8.74526271e-03,
        -3.00593144e-02, -5.12129746e-01,  1.45751053e-01,
        -9.91571201e-02,  1.13960246e-01,  2.48915406e-01,
        -7.55794472e-02,  4.93740468e-02,  6.99705612e-02],
       [-3.08178280e-01,  3.46428161e-02,  1.82238686e-01,
        -1.10910536e-01,  6.11306080e-02, -2.08322699e-02,
        -6.21562575e-01, -3.62742854e-01, -2.70194522e-01,
         3.99303801e-02,  1.63332240e-01,  6.53133294e-03,
         1.20148889e-01, -6.19925425e-03, -7.55794472e-02,
         1.00709593e-01, -5.66501062e-02,  3.71481425e-03],
       [ 7.73653276e-01, -4.03916246e-01, -7.04093332e-02,
         2.11078005e-01, -2.32086894e-01,  6.95755299e-02,
         1.45379710e+00, -1.12374002e-02, -1.68304001e-01,
        -1.91279476e-01, -1.04696208e-01,  2.03118149e-01,
        -2.09259453e-01,  1.01629010e-01,  4.93740468e-02,
        -5.66501062e-02,  1.99911678e-01, -2.04928164e-02],
       [-4.10921873e-01, -2.05057708e-02, -1.98529684e-01,
        -4.08224399e-02,  6.78608540e-03, -1.33287637e-01,
         6.75777291e-01,  2.14822372e-01, -4.23176401e-01,
        -1.34008061e-01, -1.46044969e-01, -8.25918784e-03,
         1.16773950e-01,  1.86797027e-02,  6.99705612e-02,
         3.71481425e-03, -2.04928164e-02,  1.26321706e-01]])
      jac: array([ 7.82929277e-06,  7.88998496e-06, -1.64201985e-06,  2.69247587e-05,
       -5.44116604e-05,  1.57847809e-05, -6.01296790e-06, -5.31500769e-06,
        5.81349783e-06,  3.49968203e-05, -4.48456087e-06,  9.61675184e-06,
        1.37357533e-04, -3.52625336e-05,  4.67981209e-05, -1.11655500e-04,
        1.28426899e-04, -2.96688600e-06])
  message: 'Desired error not necessarily achieved due to precision loss.'
     nfev: 2235
      nit: 61
     njev: 117
   status: 2
  success: False
        x: array([ 0.73944794, -0.82999694,  0.53903481,  1.20648634, -0.90778332,
        0.11186055,  0.69705644, -1.66784763, -0.39499566, -0.02111882,
        0.54367529,  1.10161202,  0.01786826,  0.05790814, -0.33090664,
       -1.17663602, -0.68907626, -0.00374891])
