Program Begingeth
      fun: 0.29051820262543904
 hess_inv: array([[ 4.20168369e+00,  1.41826844e+00,  2.98225114e+00,
         1.84018506e+00,  6.75411095e-01,  1.95390405e+00,
        -1.76096539e+00,  1.27189785e-01,  9.41756945e+00,
        -5.33785602e-02, -1.27543096e-01,  1.28459344e-01,
         2.92088951e-01, -6.53672289e-02,  5.30353133e-02,
         1.18766630e-01, -2.31305312e-01,  3.30525647e-02],
       [ 1.41826844e+00,  1.50912417e+00,  1.57648853e+00,
         5.02891164e-01,  7.40008745e-01,  1.13523433e+00,
        -1.38806244e+00,  5.69927633e-01,  5.06764225e+00,
         1.92371541e-01, -2.28113516e-01,  1.82040919e-01,
        -3.31708979e-02,  1.12773923e-01,  9.32182986e-02,
         1.22428051e-02, -1.89993581e-03,  8.08960012e-03],
       [ 2.98225114e+00,  1.57648853e+00,  3.76836256e+00,
         1.12181675e+00,  6.31385143e-01,  2.45908496e+00,
        -3.17834658e+00, -4.04564525e-01,  9.50228918e+00,
         3.05637679e-01, -6.02462170e-01,  8.42881059e-02,
        -1.65696571e-02,  1.15415321e-02,  2.04570975e-01,
        -5.64450423e-02, -1.63998660e-01, -6.03689259e-03],
       [ 1.84018506e+00,  5.02891164e-01,  1.12181675e+00,
         8.44800625e-01,  2.48786615e-01,  7.24598500e-01,
        -4.74088105e-01,  5.24254632e-02,  3.72024239e+00,
        -7.56357241e-02, -1.51216061e-03,  4.23982520e-02,
         1.74263201e-01, -4.77369000e-02,  6.45551969e-03,
         7.68943737e-02, -1.16098968e-01,  2.34667350e-02],
       [ 6.75411095e-01,  7.40008745e-01,  6.31385143e-01,
         2.48786615e-01,  4.00327273e-01,  4.68470337e-01,
        -5.08237381e-01,  5.33345791e-01,  2.26318067e+00,
         8.49210187e-02, -8.46963094e-02,  1.39499474e-01,
        -5.57888228e-04,  7.53817028e-02,  1.85443379e-02,
         2.68454082e-02,  9.79051000e-03,  8.84026347e-04],
       [ 1.95390405e+00,  1.13523433e+00,  2.45908496e+00,
         7.24598500e-01,  4.68470337e-01,  1.64252755e+00,
        -2.09393076e+00, -2.09934889e-01,  6.49116054e+00,
         2.21288281e-01, -4.40059490e-01,  6.25045363e-02,
        -3.04160740e-02,  3.93455205e-02,  1.55328940e-01,
        -4.38685583e-02, -8.89063158e-02,  4.97029163e-03],
       [-1.76096539e+00, -1.38806244e+00, -3.17834658e+00,
        -4.74088105e-01, -5.08237381e-01, -2.09393076e+00,
         3.81954949e+00,  5.49439091e-01, -7.38054428e+00,
        -3.22008660e-01,  6.15228910e-01, -4.24272725e-02,
         1.65438506e-01, -4.20413330e-02, -2.35904592e-01,
         1.32092126e-01,  7.30809633e-02,  1.69240821e-02],
       [ 1.27189785e-01,  5.69927633e-01, -4.04564525e-01,
         5.24254632e-02,  5.33345791e-01, -2.09934889e-01,
         5.49439091e-01,  2.46867871e+00, -1.49453386e-01,
         1.01869269e-01,  8.99007329e-02,  3.78308972e-01,
        -1.60879469e-02,  1.37330304e-01, -1.55710329e-01,
         6.61798309e-02,  5.61829835e-02, -5.73954545e-02],
       [ 9.41756945e+00,  5.06764225e+00,  9.50228918e+00,
         3.72024239e+00,  2.26318067e+00,  6.49116054e+00,
        -7.38054428e+00, -1.49453386e-01,  2.84604146e+01,
         4.26890812e-01, -1.39502451e+00,  3.99926522e-01,
         1.74588339e-01,  1.95499806e-01,  5.34975551e-01,
        -8.10793665e-03, -3.61774648e-01,  9.27373830e-02],
       [-5.33785602e-02,  1.92371541e-01,  3.05637679e-01,
        -7.56357241e-02,  8.49210187e-02,  2.21288281e-01,
        -3.22008660e-01,  1.01869269e-01,  4.26890812e-01,
         8.35738983e-01, -2.87163878e-02, -5.78600326e-02,
        -2.45412433e-01,  6.82512135e-04, -7.81865775e-02,
        -4.37917810e-02, -1.75499703e-03, -2.15492869e-01],
       [-1.27543096e-01, -2.28113516e-01, -6.02462170e-01,
        -1.51216061e-03, -8.46963094e-02, -4.40059490e-01,
         6.15228910e-01,  8.99007329e-02, -1.39502451e+00,
        -2.87163878e-02,  5.27841999e-01, -3.67818398e-02,
         5.29287694e-02, -1.12115177e-01, -1.35570315e-01,
         5.46223567e-02, -3.03487832e-03, -7.57118287e-02],
       [ 1.28459344e-01,  1.82040919e-01,  8.42881059e-02,
         4.23982520e-02,  1.39499474e-01,  6.25045363e-02,
        -4.24272725e-02,  3.78308972e-01,  3.99926522e-01,
        -5.78600326e-02, -3.67818398e-02,  3.21628885e-01,
         4.63930631e-02,  7.97807385e-02, -5.21532152e-02,
         6.24946441e-02,  4.90311594e-02,  2.60358086e-02],
       [ 2.92088951e-01, -3.31708979e-02, -1.65696571e-02,
         1.74263201e-01, -5.57888228e-04, -3.04160740e-02,
         1.65438506e-01, -1.60879469e-02,  1.74588339e-01,
        -2.45412433e-01,  5.29287694e-02,  4.63930631e-02,
         1.44603684e-01, -1.80451901e-02,  6.11738847e-05,
         7.18993726e-02, -2.88605743e-02,  6.37328118e-02],
       [-6.53672289e-02,  1.12773923e-01,  1.15415321e-02,
        -4.77369000e-02,  7.53817028e-02,  3.93455205e-02,
        -4.20413330e-02,  1.37330304e-01,  1.95499806e-01,
         6.82512135e-04, -1.12115177e-01,  7.97807385e-02,
        -1.80451901e-02,  7.88269497e-02,  1.83083893e-02,
        -9.32180018e-04,  4.90354694e-02,  2.21428013e-02],
       [ 5.30353133e-02,  9.32182986e-02,  2.04570975e-01,
         6.45551969e-03,  1.85443379e-02,  1.55328940e-01,
        -2.35904592e-01, -1.55710329e-01,  5.34975551e-01,
        -7.81865775e-02, -1.35570315e-01, -5.21532152e-02,
         6.11738847e-05,  1.83083893e-02,  9.02668576e-02,
        -2.51819003e-02, -2.90533231e-03,  6.33906852e-02],
       [ 1.18766630e-01,  1.22428051e-02, -5.64450423e-02,
         7.68943737e-02,  2.68454082e-02, -4.38685583e-02,
         1.32092126e-01,  6.61798309e-02, -8.10793665e-03,
        -4.37917810e-02,  5.46223567e-02,  6.24946441e-02,
         7.18993726e-02, -9.32180018e-04, -2.51819003e-02,
         6.70572915e-02, -7.30884420e-03,  1.13844044e-02],
       [-2.31305312e-01, -1.89993581e-03, -1.63998660e-01,
        -1.16098968e-01,  9.79051000e-03, -8.89063158e-02,
         7.30809633e-02,  5.61829835e-02, -3.61774648e-01,
        -1.75499703e-03, -3.03487832e-03,  4.90311594e-02,
        -2.88605743e-02,  4.90354694e-02, -2.90533231e-03,
        -7.30884420e-03,  5.86725260e-02,  5.08102529e-03],
       [ 3.30525647e-02,  8.08960012e-03, -6.03689259e-03,
         2.34667350e-02,  8.84026347e-04,  4.97029163e-03,
         1.69240821e-02, -5.73954545e-02,  9.27373830e-02,
        -2.15492869e-01, -7.57118287e-02,  2.60358086e-02,
         6.37328118e-02,  2.21428013e-02,  6.33906852e-02,
         1.13844044e-02,  5.08102529e-03,  9.67115929e-02]])
      jac: array([-1.71714495e-06, -1.09859899e-04,  1.26072116e-04,  1.15552012e-05,
        2.30140351e-04, -2.48793208e-04, -1.89011769e-05,  7.94327567e-06,
        2.19402274e-05, -2.51776378e-05, -1.08337783e-04, -1.82809323e-05,
       -3.24766140e-05, -2.08100204e-04, -2.97038690e-04, -1.25144339e-05,
        7.96314866e-05,  1.04463845e-04])
  message: 'Desired error not necessarily achieved due to precision loss.'
     nfev: 2652
      nit: 93
     njev: 139
   status: 2
  success: False
        x: array([ 2.04913946, -1.28539274, -0.59519304,  1.84260876, -1.24689055,
       -0.23976319,  2.68432697, -0.99560772,  0.34247926,  0.05957372,
        0.42024179,  1.19294568,  0.04005359,  0.16140879, -0.27167185,
       -1.19386117, -0.27870502,  0.00655974])
