Program Begingeth
      fun: 0.2517080149874973
 hess_inv: array([[ 4.24228397e+00,  4.25454304e-01,  1.20392234e+00,
         2.14515123e+00,  2.34732496e-01,  4.75045859e-03,
         6.00580804e+00,  1.34265939e+00, -2.93638233e+00,
         5.37284550e-01,  6.84695268e-01, -4.31679668e-01,
        -1.24186088e-01, -2.73234226e-01, -1.42326115e-01,
         5.77993102e-02, -1.11386199e-01,  8.41910640e-02],
       [ 4.25454304e-01,  1.44191375e+00, -2.19622844e-02,
         2.53413885e-01,  7.20032497e-01, -1.30649739e-01,
         1.05191498e+00,  8.08352176e-01,  8.23432084e-01,
         5.23964604e-01,  4.11740121e-01, -1.03733137e-01,
        -1.69938372e-01, -2.56553769e-04, -1.40378635e-01,
        -8.07664399e-02,  4.68894867e-02,  2.07024828e-02],
       [ 1.20392234e+00, -2.19622844e-02,  1.89484854e+00,
         6.92649245e-01, -3.45814607e-02,  7.57931266e-01,
         2.36161326e+00, -1.44032290e+00, -1.28136028e+00,
         1.46469199e-01, -5.42565883e-02,  2.30903452e-01,
        -1.14371587e-02,  1.23494044e-01,  6.03862016e-02,
        -1.21720108e-02,  5.16834345e-02,  8.73813050e-02],
       [ 2.14515123e+00,  2.53413885e-01,  6.92649245e-01,
         1.10241507e+00,  1.39063461e-01,  3.98640579e-02,
         3.22401877e+00,  5.93952124e-01, -1.40626338e+00,
         2.59165359e-01,  3.82979613e-01, -1.97157572e-01,
        -5.79987763e-02, -1.30770148e-01, -8.22866966e-02,
         2.66519954e-02, -4.91106313e-02,  3.89370116e-02],
       [ 2.34732496e-01,  7.20032497e-01, -3.45814607e-02,
         1.39063461e-01,  3.91805888e-01, -9.83394330e-02,
         9.69343011e-01,  8.07877330e-01,  4.70499500e-01,
         2.62302151e-01,  2.65207314e-01, -1.05021485e-01,
        -1.22930413e-01, -2.28872110e-02, -7.90710233e-02,
        -5.53850617e-02,  5.10086925e-03,  1.88310793e-02],
       [ 4.75045859e-03, -1.30649739e-01,  7.57931266e-01,
         3.98640579e-02, -9.83394330e-02,  4.01667006e-01,
        -9.67021718e-02, -1.16936273e+00, -2.22601837e-01,
        -7.57737951e-02, -1.87941980e-01,  2.09432779e-01,
         6.63451732e-02,  1.22232722e-01,  6.28112219e-02,
         4.93953421e-03,  6.01163129e-02,  1.71059690e-02],
       [ 6.00580804e+00,  1.05191498e+00,  2.36161326e+00,
         3.22401877e+00,  9.69343011e-01, -9.67021718e-02,
         1.85139284e+01,  6.37905309e+00, -2.97771679e+00,
         8.46827365e-01,  2.19804370e+00, -1.19828385e+00,
        -9.09900205e-01, -8.04966201e-01, -3.75241094e-01,
        -2.31139762e-01, -5.68035073e-01,  3.28914081e-01],
       [ 1.34265939e+00,  8.08352176e-01, -1.44032290e+00,
         5.93952124e-01,  8.07877330e-01, -1.16936273e+00,
         6.37905309e+00,  8.64237875e+00,  8.66412519e-01,
         7.14168553e-01,  1.12038917e+00, -1.62819387e+00,
        -6.22603540e-01, -6.25919751e-01, -1.55506706e-01,
        -7.91870079e-02, -3.51609804e-01,  1.45374253e-01],
       [-2.93638233e+00,  8.23432084e-01, -1.28136028e+00,
        -1.40626338e+00,  4.70499500e-01, -2.22601837e-01,
        -2.97771679e+00,  8.66412519e-01,  5.74965591e+00,
        -3.68827183e-01,  7.70401343e-01, -2.75224144e-01,
         3.40917324e-02, -1.24367782e-02, -1.30501196e-01,
        -1.16927651e-01,  1.14655071e-01, -1.53200325e-01],
       [ 5.37284550e-01,  5.23964604e-01,  1.46469199e-01,
         2.59165359e-01,  2.62302151e-01, -7.57737951e-02,
         8.46827365e-01,  7.14168553e-01, -3.68827183e-01,
         1.14077588e+00,  5.21632833e-02, -7.42010833e-02,
        -3.03983232e-01, -1.53489806e-03,  7.59920902e-02,
        -3.90978041e-02,  2.39419780e-02,  2.37906269e-01],
       [ 6.84695268e-01,  4.11740121e-01, -5.42565883e-02,
         3.82979613e-01,  2.65207314e-01, -1.87941980e-01,
         2.19804370e+00,  1.12038917e+00,  7.70401343e-01,
         5.21632833e-02,  9.50074003e-01, -3.23338666e-01,
        -1.01596536e-01, -2.34872430e-01, -1.85749349e-01,
        -5.30930031e-02, -6.09052268e-02, -5.78368584e-02],
       [-4.31679668e-01, -1.03733137e-01,  2.30903452e-01,
        -1.97157572e-01, -1.05021485e-01,  2.09432779e-01,
        -1.19828385e+00, -1.62819387e+00, -2.75224144e-01,
        -7.42010833e-02, -3.23338666e-01,  5.74674099e-01,
         5.78267697e-02,  1.79782020e-01,  6.48379240e-03,
        -3.40843792e-02,  8.45488593e-02,  2.22157518e-03],
       [-1.24186088e-01, -1.69938372e-01, -1.14371587e-02,
        -5.79987763e-02, -1.22930413e-01,  6.63451732e-02,
        -9.09900205e-01, -6.22603540e-01,  3.40917324e-02,
        -3.03983232e-01, -1.01596536e-01,  5.78267697e-02,
         1.64802915e-01,  3.91075044e-02, -2.20132679e-03,
         5.92992225e-02,  3.49170121e-02, -8.00440077e-02],
       [-2.73234226e-01, -2.56553769e-04,  1.23494044e-01,
        -1.30770148e-01, -2.28872110e-02,  1.22232722e-01,
        -8.04966201e-01, -6.25919751e-01, -1.24367782e-02,
        -1.53489806e-03, -2.34872430e-01,  1.79782020e-01,
         3.91075044e-02,  1.21323351e-01,  3.66427055e-02,
         1.71889283e-04,  6.93031192e-02,  8.19643111e-03],
       [-1.42326115e-01, -1.40378635e-01,  6.03862016e-02,
        -8.22866966e-02, -7.90710233e-02,  6.28112219e-02,
        -3.75241094e-01, -1.55506706e-01, -1.30501196e-01,
         7.59920902e-02, -1.85749349e-01,  6.48379240e-03,
        -2.20132679e-03,  3.66427055e-02,  8.50668142e-02,
         1.66378428e-02,  7.28759243e-03,  5.52426945e-02],
       [ 5.77993102e-02, -8.07664399e-02, -1.21720108e-02,
         2.66519954e-02, -5.53850617e-02,  4.93953421e-03,
        -2.31139762e-01, -7.91870079e-02, -1.16927651e-01,
        -3.90978041e-02, -5.30930031e-02, -3.40843792e-02,
         5.92992225e-02,  1.71889283e-04,  1.66378428e-02,
         4.95709594e-02,  5.76349495e-03, -1.21162739e-02],
       [-1.11386199e-01,  4.68894867e-02,  5.16834345e-02,
        -4.91106313e-02,  5.10086925e-03,  6.01163129e-02,
        -5.68035073e-01, -3.51609804e-01,  1.14655071e-01,
         2.39419780e-02, -6.09052268e-02,  8.45488593e-02,
         3.49170121e-02,  6.93031192e-02,  7.28759243e-03,
         5.76349495e-03,  6.59649658e-02, -5.90003042e-03],
       [ 8.41910640e-02,  2.07024828e-02,  8.73813050e-02,
         3.89370116e-02,  1.88310793e-02,  1.71059690e-02,
         3.28914081e-01,  1.45374253e-01, -1.53200325e-01,
         2.37906269e-01, -5.78368584e-02,  2.22157518e-03,
        -8.00440077e-02,  8.19643111e-03,  5.52426945e-02,
        -1.21162739e-02, -5.90003042e-03,  9.08822691e-02]])
      jac: array([ 3.86357613e-07, -1.62462636e-07, -9.80697005e-08, -4.06341627e-07,
       -1.50990331e-07,  1.47659662e-07, -3.62672855e-08, -8.51170986e-09,
        1.33966912e-07,  3.21964677e-08,  1.01770444e-07, -1.42848696e-07,
       -1.48843900e-06,  1.65682283e-06,  4.23735121e-07,  8.17494221e-07,
       -1.14945090e-06, -1.56356409e-06])
  message: 'Optimization terminated successfully.'
     nfev: 1444
      nit: 67
     njev: 76
   status: 0
  success: True
        x: array([-1.83498656, -1.12321641,  0.56330274, -1.61784287, -1.16193004,
        0.31518613, -0.54754279, -1.35614233,  1.13370252,  0.02280405,
        0.5290141 ,  1.12879172,  0.11917098,  0.27998132, -0.23554012,
        1.40613528,  0.04743821,  0.01584141])
