Program Begingeth
      fun: 0.19673023624810707
 hess_inv: array([[ 6.97782855e-01,  4.65135525e-02, -1.18830052e-01,
        -1.10011898e-01,  1.33388430e-01,  2.86306506e-01,
        -3.22419552e-01,  2.94236821e-02,  5.01104160e-01,
        -7.90879348e-01,  6.16508304e-01,  5.28000141e-01,
        -2.11952066e-01, -8.20750574e-02,  5.18671925e-02,
        -1.47402036e-02, -8.08643635e-02, -1.81461570e-01],
       [ 4.65135525e-02,  3.39336002e-01, -3.92016159e-02,
         2.29319118e-01, -4.54962398e-02, -1.55336210e-01,
         6.22636525e-01,  6.72647305e-01,  2.11193035e-01,
         1.17035172e+00, -3.21681674e-01, -2.28586004e-01,
        -9.35948830e-02, -1.15952761e-01, -1.59368030e-01,
         5.95474824e-04,  6.08993190e-02, -8.32584736e-02],
       [-1.18830052e-01, -3.92016159e-02,  1.85415764e-01,
        -9.50341742e-02, -3.60321988e-02,  1.43209687e-03,
        -1.98726265e-01, -1.94683551e-01, -2.19303299e-01,
        -2.80597615e-01, -3.33275438e-01,  1.04683277e-01,
         5.55055888e-02,  8.64776561e-02, -5.19229963e-02,
         3.48534684e-02,  2.75681347e-02,  4.37306071e-02],
       [-1.10011898e-01,  2.29319118e-01, -9.50341742e-02,
         1.17419158e+00, -1.17063709e-01, -6.87381049e-01,
         3.23507811e+00,  2.78273515e+00,  2.32223069e+00,
         5.59496862e+00, -8.03942648e-01, -2.92510418e+00,
        -2.52185319e-01, -5.77700388e-02, -1.73077044e-01,
        -4.33586898e-03,  2.27566572e-01, -3.24575294e-02],
       [ 1.33388430e-01, -4.54962398e-02, -3.60321988e-02,
        -1.17063709e-01,  2.15793615e-01,  1.08730092e-01,
        -1.55921302e-01,  4.08293905e-02,  1.41658769e-01,
        -1.01994682e+00,  7.80362362e-01,  5.88834735e-02,
         8.02485287e-02,  2.81469286e-02,  9.32757702e-02,
         2.12295800e-02, -4.00065726e-02, -8.88326682e-03],
       [ 2.86306506e-01, -1.55336210e-01,  1.43209687e-03,
        -6.87381049e-01,  1.08730092e-01,  6.20741293e-01,
        -2.20991862e+00, -1.74211714e+00, -7.60549658e-01,
        -3.37782988e+00,  9.10052418e-01,  2.21521199e+00,
         8.22479294e-02, -4.19296026e-02,  1.66439578e-01,
        -2.17104983e-02, -1.81908205e-01, -9.97235430e-03],
       [-3.22419552e-01,  6.22636525e-01, -1.98726265e-01,
         3.23507811e+00, -1.55921302e-01, -2.20991862e+00,
         1.22246162e+01,  7.44399896e+00,  5.90756351e+00,
         1.33661643e+01, -2.27199898e+00, -9.14625352e+00,
        -3.73032750e-01, -3.91961398e-02, -6.04965479e-01,
         1.02787284e-01,  5.17555561e-01, -1.74567050e-01],
       [ 2.94236821e-02,  6.72647305e-01, -1.94683551e-01,
         2.78273515e+00,  4.08293905e-02, -1.74211714e+00,
         7.44399896e+00,  9.41058319e+00,  5.99104248e+00,
         1.36435814e+01, -1.95520575e+00, -8.12489505e+00,
        -7.71658154e-01,  2.74836704e-02, -3.55171683e-01,
         9.71452329e-03,  6.52186473e-01, -1.54556133e-01],
       [ 5.01104160e-01,  2.11193035e-01, -2.19303299e-01,
         2.32223069e+00,  1.41658769e-01, -7.60549658e-01,
         5.90756351e+00,  5.99104248e+00,  8.12980677e+00,
         1.04350898e+01,  3.35851069e-01, -5.69314016e+00,
        -6.49473033e-01, -1.78349161e-01, -8.45288956e-02,
        -5.36348686e-02,  3.44617500e-01, -1.85979333e-01],
       [-7.90879348e-01,  1.17035172e+00, -2.80597615e-01,
         5.59496862e+00, -1.01994682e+00, -3.37782988e+00,
         1.33661643e+01,  1.36435814e+01,  1.04350898e+01,
         2.94881064e+01, -5.49689018e+00, -1.37692719e+01,
        -1.68001176e+00, -2.30194643e-01, -9.55457790e-01,
        -1.69924019e-01,  1.35581451e+00, -1.08342611e-01],
       [ 6.16508304e-01, -3.21681674e-01, -3.33275438e-01,
        -8.03942648e-01,  7.80362362e-01,  9.10052418e-01,
        -2.27199898e+00, -1.95520575e+00,  3.35851069e-01,
        -5.49689018e+00,  4.22913002e+00,  2.06826554e+00,
         2.86618205e-01, -1.10376390e-01,  5.38977925e-01,
        -4.61167534e-02, -2.97329939e-01, -2.16374823e-02],
       [ 5.28000141e-01, -2.28586004e-01,  1.04683277e-01,
        -2.92510418e+00,  5.88834735e-02,  2.21521199e+00,
        -9.14625352e+00, -8.12489505e+00, -5.69314016e+00,
        -1.37692719e+01,  2.06826554e+00,  1.00268282e+01,
         5.12571416e-01, -2.57081015e-01,  3.23837690e-01,
        -4.99279569e-02, -6.97991461e-01,  1.56058633e-02],
       [-2.11952066e-01, -9.35948830e-02,  5.55055888e-02,
        -2.52185319e-01,  8.02485287e-02,  8.22479294e-02,
        -3.73032750e-01, -7.71658154e-01, -6.49473033e-01,
        -1.68001176e+00,  2.86618205e-01,  5.12571416e-01,
         2.77646148e-01,  4.67237875e-02,  4.65955622e-02,
         6.06104147e-02, -8.30959513e-02,  8.20751607e-02],
       [-8.20750574e-02, -1.15952761e-01,  8.64776561e-02,
        -5.77700388e-02,  2.81469286e-02, -4.19296026e-02,
        -3.91961398e-02,  2.74836704e-02, -1.78349161e-01,
        -2.30194643e-01, -1.10376390e-01, -2.57081015e-01,
         4.67237875e-02,  1.20778145e-01,  2.43073595e-02,
         2.25647626e-02,  3.07265096e-02,  4.56200467e-02],
       [ 5.18671925e-02, -1.59368030e-01, -5.19229963e-02,
        -1.73077044e-01,  9.32757702e-02,  1.66439578e-01,
        -6.04965479e-01, -3.55171683e-01, -8.45288956e-02,
        -9.55457790e-01,  5.38977925e-01,  3.23837690e-01,
         4.65955622e-02,  2.43073595e-02,  1.49849516e-01,
        -1.84407029e-02, -5.42857552e-02,  4.16767783e-02],
       [-1.47402036e-02,  5.95474824e-04,  3.48534684e-02,
        -4.33586898e-03,  2.12295800e-02, -2.17104983e-02,
         1.02787284e-01,  9.71452329e-03, -5.36348686e-02,
        -1.69924019e-01, -4.61167534e-02, -4.99279569e-02,
         6.06104147e-02,  2.25647626e-02, -1.84407029e-02,
         4.20485450e-02, -1.00090520e-02,  4.43644977e-03],
       [-8.08643635e-02,  6.08993190e-02,  2.75681347e-02,
         2.27566572e-01, -4.00065726e-02, -1.81908205e-01,
         5.17555561e-01,  6.52186473e-01,  3.44617500e-01,
         1.35581451e+00, -2.97329939e-01, -6.97991461e-01,
        -8.30959513e-02,  3.07265096e-02, -5.42857552e-02,
        -1.00090520e-02,  1.04224107e-01,  7.26805857e-03],
       [-1.81461570e-01, -8.32584736e-02,  4.37306071e-02,
        -3.24575294e-02, -8.88326682e-03, -9.97235430e-03,
        -1.74567050e-01, -1.54556133e-01, -1.85979333e-01,
        -1.08342611e-01, -2.16374823e-02,  1.56058633e-02,
         8.20751607e-02,  4.56200467e-02,  4.16767783e-02,
         4.43644977e-03,  7.26805857e-03,  8.56806404e-02]])
      jac: array([ 0.02525507, -0.04342187,  0.08518157, -0.17560355, -0.17462501,
        0.12647133,  0.02564897,  0.02605059, -0.03154578,  0.03084939,
        0.03665063, -0.01976128,  0.13444312, -0.08629999,  0.00848275,
        0.01474388,  0.00836215, -0.09971686])
  message: 'Maximum number of iterations has been exceeded.'
     nfev: 2052
      nit: 100
     njev: 108
   status: 1
  success: False
        x: array([-0.00252321,  0.29814993,  0.78263475,  1.34274952, -0.48601936,
       -0.17720453,  2.1532547 , -0.38225034, -0.87408863,  1.04247632,
       -0.75769542, -0.5195776 ,  0.10838191,  0.26261897, -0.2903407 ,
       -1.19477752, -0.28536966,  0.04869234])
