Program Begingeth
      fun: 0.2784757602897529
 hess_inv: array([[ 5.80573173e+00,  1.83879968e+00, -1.97303026e+00,
         1.56577072e+00,  9.33369286e-01, -1.40919665e+00,
        -5.32043093e-01,  6.87898030e-02, -3.82932334e+00,
        -6.47143183e-02,  8.34146265e-02, -7.77236880e-02,
        -9.81510832e-01, -2.58764882e-01, -1.63421306e-01,
        -2.35495377e-01, -5.65714774e-01,  1.92361552e-01],
       [ 1.83879968e+00,  3.65375264e+00, -1.06066012e+00,
         9.21077334e-02,  1.50786590e+00, -6.41687986e-01,
        -2.28356872e+00,  2.73455383e+00, -3.43659614e-01,
         2.69513292e-01, -2.29630603e-01, -9.86001640e-01,
        -5.54407934e-01, -3.71027870e-01,  1.55672269e-01,
         3.80236395e-02, -2.98678568e-01,  1.54455800e-01],
       [-1.97303026e+00, -1.06066012e+00,  1.72885737e+01,
         1.99543246e+00, -8.02463258e-01,  7.36974375e+00,
         2.62987214e+01, -7.93919474e+00,  1.26356646e+01,
        -3.95064569e-01,  3.67385682e+00, -1.30379569e+00,
         9.61101895e-01, -3.61017412e-04, -7.43967926e-01,
        -2.07788059e-01,  8.79606832e-01, -4.27593332e-01],
       [ 1.56577072e+00,  9.21077334e-02,  1.99543246e+00,
         9.00146991e-01,  6.52827357e-02,  6.91517690e-01,
         4.48530803e+00, -1.31665981e+00,  4.70928797e-01,
        -1.26929852e-01,  5.27423065e-01, -7.17175198e-02,
        -1.14392049e-01, -5.27657938e-03, -1.67458949e-01,
        -1.11164331e-01, -9.00890966e-03, -1.33379570e-02],
       [ 9.33369286e-01,  1.50786590e+00, -8.02463258e-01,
         6.52827357e-02,  6.84998277e-01, -4.12600272e-01,
        -1.17138077e+00,  1.64070918e+00, -5.83738576e-01,
         4.69292347e-02, -1.94064154e-01, -3.17307368e-01,
        -2.55453449e-01, -1.14318971e-01,  8.99039558e-02,
         3.92577964e-04, -1.37003017e-01,  7.79314452e-02],
       [-1.40919665e+00, -6.41687986e-01,  7.36974375e+00,
         6.91517690e-01, -4.12600272e-01,  3.25652533e+00,
         1.12510964e+01, -3.06579430e+00,  5.81260693e+00,
        -2.62582561e-01,  1.40275969e+00, -4.98801727e-01,
         5.31412522e-01,  5.34278828e-02, -2.56101568e-01,
        -5.26422198e-02,  4.18262642e-01, -1.97244715e-01],
       [-5.32043093e-01, -2.28356872e+00,  2.62987214e+01,
         4.48530803e+00, -1.17138077e+00,  1.12510964e+01,
         4.76761779e+01, -1.19231123e+01,  1.70358990e+01,
        -8.24684427e-01,  4.90994206e+00, -1.19856680e+00,
         1.27194277e+00,  4.68515313e-01, -1.04078381e+00,
        -5.07532061e-01,  1.33333994e+00, -5.52954953e-01],
       [ 6.87898030e-02,  2.73455383e+00, -7.93919474e+00,
        -1.31665981e+00,  1.64070918e+00, -3.06579430e+00,
        -1.19231123e+01,  1.05114600e+01, -4.95864624e+00,
        -3.37840383e-01, -2.15906314e+00, -3.65292551e-02,
        -2.86758389e-01, -1.36566609e-02,  7.82819194e-01,
         2.36825771e-01, -3.75500461e-01,  2.51349337e-01],
       [-3.82932334e+00, -3.43659614e-01,  1.26356646e+01,
         4.70928797e-01, -5.83738576e-01,  5.81260693e+00,
         1.70358990e+01, -4.95864624e+00,  1.34721557e+01,
        -4.52237533e-01,  2.43408175e+00, -1.15251217e+00,
         1.02731893e+00, -1.83018645e-01, -4.56342102e-01,
         3.68478297e-02,  6.46038720e-01, -4.39950721e-01],
       [-6.47143183e-02,  2.69513292e-01, -3.95064569e-01,
        -1.26929852e-01,  4.69292347e-02, -2.62582561e-01,
        -8.24684427e-01, -3.37840383e-01, -4.52237533e-01,
         9.90542523e-01, -1.43035369e-01, -2.24948839e-02,
        -2.67160407e-01,  4.00849035e-03,  9.45040269e-02,
        -1.02087951e-02,  2.21876351e-02,  2.15989498e-01],
       [ 8.34146265e-02, -2.29630603e-01,  3.67385682e+00,
         5.27423065e-01, -1.94064154e-01,  1.40275969e+00,
         4.90994206e+00, -2.15906314e+00,  2.43408175e+00,
        -1.43035369e-01,  1.46604018e+00, -3.42049441e-01,
         1.22705280e-01, -1.79575840e-01, -3.56431794e-01,
        -9.25545034e-02,  1.31413171e-01, -1.88459088e-01],
       [-7.77236880e-02, -9.86001640e-01, -1.30379569e+00,
        -7.17175198e-02, -3.17307368e-01, -4.98801727e-01,
        -1.19856680e+00, -3.65292551e-02, -1.15251217e+00,
        -2.24948839e-02, -3.42049441e-01,  7.50526989e-01,
         1.02384610e-02,  1.94658673e-01, -1.93679165e-02,
        -5.40179858e-02,  3.29918961e-02,  2.68259243e-02],
       [-9.81510832e-01, -5.54407934e-01,  9.61101895e-01,
        -1.14392049e-01, -2.55453449e-01,  5.31412522e-01,
         1.27194277e+00, -2.86758389e-01,  1.02731893e+00,
        -2.67160407e-01,  1.22705280e-01,  1.02384610e-02,
         3.13353044e-01,  6.61856803e-02, -2.08662004e-02,
         6.45500284e-02,  1.36665518e-01, -1.07279430e-01],
       [-2.58764882e-01, -3.71027870e-01, -3.61017412e-04,
        -5.27657938e-03, -1.14318971e-01,  5.34278828e-02,
         4.68515313e-01, -1.36566609e-02, -1.83018645e-01,
         4.00849035e-03, -1.79575840e-01,  1.94658673e-01,
         6.61856803e-02,  1.38861130e-01,  3.64896646e-02,
        -5.77900571e-03,  8.04747185e-02,  1.94176422e-02],
       [-1.63421306e-01,  1.55672269e-01, -7.43967926e-01,
        -1.67458949e-01,  8.99039558e-02, -2.56101568e-01,
        -1.04078381e+00,  7.82819194e-01, -4.56342102e-01,
         9.45040269e-02, -3.56431794e-01, -1.93679165e-02,
        -2.08662004e-02,  3.64896646e-02,  1.46112882e-01,
         3.91180247e-02, -1.95753043e-02,  7.80738977e-02],
       [-2.35495377e-01,  3.80236395e-02, -2.07788059e-01,
        -1.11164331e-01,  3.92577964e-04, -5.26422198e-02,
        -5.07532061e-01,  2.36825771e-01,  3.68478297e-02,
        -1.02087951e-02, -9.25545034e-02, -5.40179858e-02,
         6.45500284e-02, -5.77900571e-03,  3.91180247e-02,
         5.95321795e-02,  7.24468988e-03, -5.77326361e-03],
       [-5.65714774e-01, -2.98678568e-01,  8.79606832e-01,
        -9.00890966e-03, -1.37003017e-01,  4.18262642e-01,
         1.33333994e+00, -3.75500461e-01,  6.46038720e-01,
         2.21876351e-02,  1.31413171e-01,  3.29918961e-02,
         1.36665518e-01,  8.04747185e-02, -1.95753043e-02,
         7.24468988e-03,  1.36512227e-01, -2.59108754e-02],
       [ 1.92361552e-01,  1.54455800e-01, -4.27593332e-01,
        -1.33379570e-02,  7.79314452e-02, -1.97244715e-01,
        -5.52954953e-01,  2.51349337e-01, -4.39950721e-01,
         2.15989498e-01, -1.88459088e-01,  2.68259243e-02,
        -1.07279430e-01,  1.94176422e-02,  7.80738977e-02,
        -5.77326361e-03, -2.59108754e-02,  1.01976041e-01]])
      jac: array([-1.97434661e-06,  1.07136522e-06, -2.39179047e-06,  5.28466160e-06,
       -1.81077375e-06,  1.07321559e-08,  3.69334193e-07,  3.95609471e-07,
        6.46149800e-07,  1.02140518e-07,  1.65312208e-06, -3.01092484e-06,
        4.25141404e-06,  4.42275846e-06, -3.83063951e-06, -7.39889631e-06,
       -5.47599003e-06,  7.96066916e-06])
  message: 'Optimization terminated successfully.'
     nfev: 1501
      nit: 69
     njev: 79
   status: 0
  success: True
        x: array([-0.84209609, -1.03134997,  0.26285092, -1.2588194 , -1.06045072,
        0.01332605, -1.42364442, -1.38913546, -0.94493501,  0.11521513,
        0.51070541,  1.1225108 ,  0.10512551,  0.21357603, -0.26600923,
        1.39444971, -0.20394823,  0.01860467])
