Program Begingeth
      fun: 0.3595238122193073
 hess_inv: array([[ 8.23127066e+00,  8.05033216e-01,  1.87169338e+00,
         2.71493312e+00,  1.77942778e-01,  2.48009632e+00,
        -3.70358712e+00,  2.08280082e+00,  1.19680583e+01,
        -1.40397657e-01, -1.59257178e+00,  1.24709905e-01,
        -7.85215266e-01,  3.40292323e-01,  7.41195036e-01,
        -4.48050765e-01,  4.19259856e-01, -1.43441068e-01],
       [ 8.05033216e-01,  6.93431875e+00,  2.12186967e+00,
         1.52630002e-01,  3.06592553e+00,  1.21400169e+00,
        -9.71131234e+00,  2.55670122e+00,  1.06692653e+01,
        -6.19502456e-01,  1.14037938e-01, -1.59833995e+00,
         6.51043223e-01, -3.37258832e-01,  3.83664440e-03,
         5.58802535e-02, -4.17477361e-01,  6.97074528e-02],
       [ 1.87169338e+00,  2.12186967e+00,  2.98893612e+00,
         2.67723241e-01,  7.64481556e-01,  1.60924540e+00,
        -5.02776635e+00, -1.62690632e+00,  6.36239491e+00,
        -5.92605463e-02,  5.30340550e-01, -5.76280080e-01,
        -1.86884205e-01, -6.74946860e-02, -7.25047088e-02,
        -3.20756299e-02,  8.36001117e-02, -1.71341090e-01],
       [ 2.71493312e+00,  1.52630002e-01,  2.67723241e-01,
         9.88096932e-01,  1.27815846e-02,  6.71355262e-01,
        -3.63960080e-01,  1.03072415e+00,  3.63279319e+00,
        -8.83590892e-02, -6.52487479e-01,  3.87662267e-02,
        -2.18988278e-01,  1.11691939e-01,  2.96832388e-01,
        -1.49428739e-01,  1.29374705e-01, -4.09772553e-03],
       [ 1.77942778e-01,  3.06592553e+00,  7.64481556e-01,
         1.27815846e-02,  1.46342719e+00,  4.51237990e-01,
        -4.89356523e+00,  1.84882433e+00,  4.32745533e+00,
        -2.00004612e-01, -5.50826608e-03, -6.34818439e-01,
         3.64056918e-01, -1.16518179e-01,  1.24685270e-02,
         6.88013229e-02, -2.37629820e-01,  4.74135498e-02],
       [ 2.48009632e+00,  1.21400169e+00,  1.60924540e+00,
         6.71355262e-01,  4.51237990e-01,  1.23244529e+00,
        -3.28401990e+00,  7.64365459e-02,  5.61029895e+00,
         2.53852904e-02, -1.90802006e-01, -2.28594701e-01,
        -2.40606794e-01,  4.27557857e-02,  1.60158588e-01,
        -1.23180310e-01,  9.02202946e-02, -8.84588223e-02],
       [-3.70358712e+00, -9.71131234e+00, -5.02776635e+00,
        -3.63960080e-01, -4.89356523e+00, -3.28401990e+00,
         2.71640023e+01, -5.83131582e+00, -1.93722324e+01,
         1.32357566e-03,  2.02203312e-02,  1.49252510e+00,
        -8.25429002e-01,  2.24573402e-01, -5.74600731e-02,
        -2.30169817e-01,  9.26015916e-01,  2.00019574e-01],
       [ 2.08280082e+00,  2.55670122e+00, -1.62690632e+00,
         1.03072415e+00,  1.84882433e+00,  7.64365459e-02,
        -5.83131582e+00,  1.04461455e+01,  4.65710256e+00,
         4.57744157e-02, -1.59154984e+00, -2.99973933e-01,
         4.75353769e-01,  1.66508237e-01,  7.09693892e-01,
        -9.45502689e-02, -3.50566012e-01,  2.79410792e-01],
       [ 1.19680583e+01,  1.06692653e+01,  6.36239491e+00,
         3.63279319e+00,  4.32745533e+00,  5.61029895e+00,
        -1.93722324e+01,  4.65710256e+00,  3.47615227e+01,
        -6.03951636e-01, -1.39159705e+00, -2.13102924e+00,
        -3.92211584e-01, -2.50105354e-01,  9.45486272e-01,
        -6.24511816e-01, -1.14942015e-01, -1.25308438e-01],
       [-1.40397657e-01, -6.19502456e-01, -5.92605463e-02,
        -8.83590892e-02, -2.00004612e-01,  2.53852904e-02,
         1.32357566e-03,  4.57744157e-02, -6.03951636e-01,
         7.90278052e-01,  1.17280636e-01,  1.79844824e-01,
        -1.99567388e-01,  2.50635812e-03, -6.37588056e-02,
         5.42593474e-04, -3.96535920e-02, -1.60889018e-01],
       [-1.59257178e+00,  1.14037938e-01,  5.30340550e-01,
        -6.52487479e-01, -5.50826608e-03, -1.90802006e-01,
         2.02203312e-02, -1.59154984e+00, -1.39159705e+00,
         1.17280636e-01,  1.19320174e+00, -2.36069239e-01,
         8.14152246e-02, -2.53898506e-01, -3.59065261e-01,
         1.28376703e-01, -7.31830173e-02, -1.35291139e-01],
       [ 1.24709905e-01, -1.59833995e+00, -5.76280080e-01,
         3.87662267e-02, -6.34818439e-01, -2.28594701e-01,
         1.49252510e+00, -2.99973933e-01, -2.13102924e+00,
         1.79844824e-01, -2.36069239e-01,  7.53024857e-01,
        -1.31768558e-01,  1.84648127e-01, -1.75752592e-02,
         3.29324137e-02,  1.15002439e-01, -1.36650345e-02],
       [-7.85215266e-01,  6.51043223e-01, -1.86884205e-01,
        -2.18988278e-01,  3.64056918e-01, -2.40606794e-01,
        -8.25429002e-01,  4.75353769e-01, -3.92211584e-01,
        -1.99567388e-01,  8.14152246e-02, -1.31768558e-01,
         2.98742226e-01, -5.92571198e-02, -4.60207094e-02,
         1.25320830e-01, -1.40692405e-01,  8.10986656e-02],
       [ 3.40292323e-01, -3.37258832e-01, -6.74946860e-02,
         1.11691939e-01, -1.16518179e-01,  4.27557857e-02,
         2.24573402e-01,  1.66508237e-01, -2.50105354e-01,
         2.50635812e-03, -2.53898506e-01,  1.84648127e-01,
        -5.92571198e-02,  1.28452453e-01,  6.07418992e-02,
        -1.71137937e-02,  8.33171068e-02,  2.06955145e-02],
       [ 7.41195036e-01,  3.83664440e-03, -7.25047088e-02,
         2.96832388e-01,  1.24685270e-02,  1.60158588e-01,
        -5.74600731e-02,  7.09693892e-01,  9.45486272e-01,
        -6.37588056e-02, -3.59065261e-01, -1.75752592e-02,
        -4.60207094e-02,  6.07418992e-02,  1.78576772e-01,
        -6.89415207e-02,  2.73837616e-02,  6.81317014e-02],
       [-4.48050765e-01,  5.58802535e-02, -3.20756299e-02,
        -1.49428739e-01,  6.88013229e-02, -1.23180310e-01,
        -2.30169817e-01, -9.45502689e-02, -6.24511816e-01,
         5.42593474e-04,  1.28376703e-01,  3.29324137e-02,
         1.25320830e-01, -1.71137937e-02, -6.89415207e-02,
         1.04376878e-01, -5.59126020e-02,  5.49320531e-03],
       [ 4.19259856e-01, -4.17477361e-01,  8.36001117e-02,
         1.29374705e-01, -2.37629820e-01,  9.02202946e-02,
         9.26015916e-01, -3.50566012e-01, -1.14942015e-01,
        -3.96535920e-02, -7.31830173e-02,  1.15002439e-01,
        -1.40692405e-01,  8.33171068e-02,  2.73837616e-02,
        -5.59126020e-02,  1.50868753e-01, -1.16319583e-02],
       [-1.43441068e-01,  6.97074528e-02, -1.71341090e-01,
        -4.09772553e-03,  4.74135498e-02, -8.84588223e-02,
         2.00019574e-01,  2.79410792e-01, -1.25308438e-01,
        -1.60889018e-01, -1.35291139e-01, -1.36650345e-02,
         8.10986656e-02,  2.06955145e-02,  6.81317014e-02,
         5.49320531e-03, -1.16319583e-02,  1.03669611e-01]])
      jac: array([ 6.88708350e-07, -7.32007048e-07, -1.06174329e-06, -1.11762451e-06,
        2.29742151e-06,  3.61747669e-06,  1.16573418e-07, -1.21384384e-07,
       -3.88578059e-07,  1.38037729e-06, -7.51250913e-08, -1.01030295e-06,
        1.35780276e-06, -1.24715053e-06, -2.66638563e-06, -1.73083770e-06,
       -8.91879163e-08,  4.30803541e-06])
  message: 'Optimization terminated successfully.'
     nfev: 1501
      nit: 69
     njev: 79
   status: 0
  success: True
        x: array([ 0.99458462, -1.17596106,  0.57227534,  1.25569546, -1.18854404,
        0.17007819,  0.77389124, -1.99881163, -0.33536738,  0.01827298,
        0.48892218,  1.1673948 , -0.02162741,  0.02774165, -0.3182692 ,
       -1.19023865, -0.64168759, -0.02141983])
