Program Begingeth
      fun: 0.3332365981666897
 hess_inv: array([[ 2.04485977e+00, -1.37609537e-01,  2.01587611e-01,
         2.32886760e-01, -1.01983291e-01,  5.35525185e-01,
         1.30695224e+00, -7.32751000e-01, -2.12637582e-02,
         5.30244711e-01, -2.97146533e-01,  9.43605666e-01,
        -8.76455900e-01,  8.58855297e-02,  3.08735167e-02,
        -7.76176563e-02,  1.82634209e-02, -2.93674861e-01],
       [-1.37609537e-01,  6.47607142e-01, -3.16673204e-02,
        -2.14363518e-01,  1.05542260e-01, -1.21630300e-01,
        -4.62851706e-01,  3.23865717e-02,  4.64812810e-02,
        -7.64427920e-01,  1.60154135e-01,  6.96903000e-02,
         7.52252530e-02, -1.93191770e-01, -1.74061696e-01,
         4.01023919e-02,  7.41991352e-03, -7.12804263e-02],
       [ 2.01587611e-01, -3.16673204e-02,  4.39548668e-01,
        -9.46421095e-02, -9.67518231e-02,  1.84014582e-02,
         1.30065131e-01, -5.11350874e-01,  3.19057567e-01,
        -3.55473450e-01, -4.80497466e-01, -2.84450264e-01,
        -7.68295071e-02,  8.30480560e-02, -1.35661307e-01,
         4.34283880e-02,  3.69740824e-02, -1.94025249e-02],
       [ 2.32886760e-01, -2.14363518e-01, -9.46421095e-02,
         3.75416836e-01,  8.29705045e-02,  2.38756274e-01,
         1.19125923e+00,  7.23168203e-01, -6.24062683e-01,
         1.09733166e+00,  3.20846796e-01,  8.21225263e-01,
        -6.37270362e-02,  5.09340461e-02,  1.50368495e-01,
        -1.44907479e-02,  2.81814867e-04,  1.77606403e-02],
       [-1.01983291e-01,  1.05542260e-01, -9.67518231e-02,
         8.29705045e-02,  2.95302998e-01,  3.51896799e-02,
         4.63006180e-01,  9.59374311e-01, -5.81955061e-01,
         3.49295414e-02,  7.80633057e-01,  5.58349026e-01,
         1.15816273e-01,  2.12262669e-02,  4.90603054e-03,
         4.50100953e-02,  1.39159488e-02,  2.01613722e-02],
       [ 5.35525185e-01, -1.21630300e-01,  1.84014582e-02,
         2.38756274e-01,  3.51896799e-02,  4.08497865e-01,
         1.12377336e+00,  6.08918511e-01, -8.12571093e-02,
         7.63831849e-01,  5.01855285e-03,  1.14662838e+00,
        -2.66966477e-01,  7.26501670e-02,  1.26572878e-01,
        -4.90499052e-02,  4.04178144e-02, -2.90785151e-02],
       [ 1.30695224e+00, -4.62851706e-01,  1.30065131e-01,
         1.19125923e+00,  4.63006180e-01,  1.12377336e+00,
         5.96873148e+00,  2.60574784e+00, -1.98802136e+00,
         2.76008119e+00,  1.12314531e+00,  3.73834480e+00,
        -3.82453201e-01,  2.72203569e-01,  3.82512077e-01,
         6.86030021e-03,  6.16799081e-02,  1.59324252e-02],
       [-7.32751000e-01,  3.23865717e-02, -5.11350874e-01,
         7.23168203e-01,  9.59374311e-01,  6.08918511e-01,
         2.60574784e+00,  6.19487365e+00, -2.32314790e+00,
         2.30681509e+00,  2.19397426e+00,  3.73540389e+00,
         3.28677147e-01,  1.03449880e-01,  2.58339542e-01,
         8.17945575e-03,  1.00667570e-01,  1.64743703e-01],
       [-2.12637582e-02,  4.64812810e-02,  3.19057567e-01,
        -6.24062683e-01, -5.81955061e-01, -8.12571093e-02,
        -1.98802136e+00, -2.32314790e+00,  3.11382437e+00,
        -1.46699711e+00, -1.92905640e+00, -1.55853944e+00,
        -1.87353259e-01,  1.53970810e-02, -1.14376486e-01,
        -5.52664287e-02,  3.99300350e-02, -4.57516702e-02],
       [ 5.30244711e-01, -7.64427920e-01, -3.55473450e-01,
         1.09733166e+00,  3.49295414e-02,  7.63831849e-01,
         2.76008119e+00,  2.30681509e+00, -1.46699711e+00,
         3.96519227e+00,  3.77112655e-01,  2.44943085e+00,
        -3.19553201e-01,  1.41841631e-01,  5.02208843e-01,
        -1.57570116e-01,  4.82458374e-02,  5.33744145e-02],
       [-2.97146533e-01,  1.60154135e-01, -4.80497466e-01,
         3.20846796e-01,  7.80633057e-01,  5.01855285e-03,
         1.12314531e+00,  2.19397426e+00, -1.92905640e+00,
         3.77112655e-01,  2.47145924e+00,  1.27712436e+00,
         3.45176338e-01,  9.66036185e-03,  1.02084284e-01,
         9.61611120e-02, -8.38540868e-03,  6.97111149e-02],
       [ 9.43605666e-01,  6.96903000e-02, -2.84450264e-01,
         8.21225263e-01,  5.58349026e-01,  1.14662838e+00,
         3.73834480e+00,  3.73540389e+00, -1.55853944e+00,
         2.44943085e+00,  1.27712436e+00,  4.47752372e+00,
        -4.43177953e-01,  8.03732847e-02,  3.42662222e-01,
        -8.86189075e-02,  1.19786758e-01, -3.38126460e-02],
       [-8.76455900e-01,  7.52252530e-02, -7.68295071e-02,
        -6.37270362e-02,  1.15816273e-01, -2.66966477e-01,
        -3.82453201e-01,  3.28677147e-01, -1.87353259e-01,
        -3.19553201e-01,  3.45176338e-01, -4.43177953e-01,
         4.57660149e-01, -3.32585156e-02, -2.54073981e-02,
         8.86743819e-02, -2.47294680e-02,  1.34530649e-01],
       [ 8.58855297e-02, -1.93191770e-01,  8.30480560e-02,
         5.09340461e-02,  2.12262669e-02,  7.26501670e-02,
         2.72203569e-01,  1.03449880e-01,  1.53970810e-02,
         1.41841631e-01,  9.66036185e-03,  8.03732847e-02,
        -3.32585156e-02,  1.15796388e-01,  3.27198813e-02,
         3.41936626e-03,  3.28559885e-02,  2.17931635e-02],
       [ 3.08735167e-02, -1.74061696e-01, -1.35661307e-01,
         1.50368495e-01,  4.90603054e-03,  1.26572878e-01,
         3.82512077e-01,  2.58339542e-01, -1.14376486e-01,
         5.02208843e-01,  1.02084284e-01,  3.42662222e-01,
        -2.54073981e-02,  3.27198813e-02,  1.48705950e-01,
        -3.36273299e-02, -5.86513429e-03,  4.95210293e-02],
       [-7.76176563e-02,  4.01023919e-02,  4.34283880e-02,
        -1.44907479e-02,  4.50100953e-02, -4.90499052e-02,
         6.86030021e-03,  8.17945575e-03, -5.52664287e-02,
        -1.57570116e-01,  9.61611120e-02, -8.86189075e-02,
         8.86743819e-02,  3.41936626e-03, -3.36273299e-02,
         5.75671692e-02, -3.16802704e-03,  1.24189684e-02],
       [ 1.82634209e-02,  7.41991352e-03,  3.69740824e-02,
         2.81814867e-04,  1.39159488e-02,  4.04178144e-02,
         6.16799081e-02,  1.00667570e-01,  3.99300350e-02,
         4.82458374e-02, -8.38540868e-03,  1.19786758e-01,
        -2.47294680e-02,  3.28559885e-02, -5.86513429e-03,
        -3.16802704e-03,  3.88084992e-02, -1.39320794e-03],
       [-2.93674861e-01, -7.12804263e-02, -1.94025249e-02,
         1.77606403e-02,  2.01613722e-02, -2.90785151e-02,
         1.59324252e-02,  1.64743703e-01, -4.57516702e-02,
         5.33744145e-02,  6.97111149e-02, -3.38126460e-02,
         1.34530649e-01,  2.17931635e-02,  4.95210293e-02,
         1.24189684e-02, -1.39320794e-03,  8.59780002e-02]])
      jac: array([ 2.98724008e-06, -4.82280882e-06,  2.58533935e-06, -1.01096909e-05,
        9.90577990e-06, -1.90625293e-06,  6.43559280e-07, -5.42158910e-07,
       -2.66823600e-07,  2.38105831e-06, -1.78264810e-06,  3.94869322e-07,
        9.08939590e-06, -1.34810681e-05,  6.29755507e-06, -1.21643436e-06,
        7.64203515e-06, -5.82645043e-06])
  message: 'Desired error not necessarily achieved due to precision loss.'
     nfev: 1836
      nit: 64
     njev: 96
   status: 2
  success: False
        x: array([ 0.16638674,  0.14738905,  0.72527483,  1.64062198, -0.95504729,
        0.30936529,  2.34441235, -0.69449223,  1.34319478,  1.37012286,
       -1.49709548,  0.63617921,  0.0145959 ,  0.0672775 , -0.19311263,
       -1.56276835, -0.38417733,  0.04489061])
