Program Begingeth
      fun: 0.42690236773785356
 hess_inv: array([[ 1.59746594e+01,  6.26695429e+00,  9.31636881e+00,
         3.47091272e+00,  1.57464878e+00,  6.60551819e+00,
        -2.35868994e+01, -3.70703220e+00,  2.18663664e+01,
         1.36377840e+00, -9.47785180e-02, -1.35157106e+00,
        -2.27985770e+00,  6.35250540e-02,  6.16039755e-01,
        -4.97966190e-01,  1.18068354e+00, -1.24927130e+00],
       [ 6.26695429e+00,  1.53454896e+01,  9.84234128e+00,
         6.73397811e-01,  6.09604893e+00,  5.58080387e+00,
        -3.36791680e+01, -3.90222729e+00,  2.45445194e+01,
         1.16595848e+00,  1.25175478e+00, -3.25585616e+00,
         1.71168395e-01, -6.27882377e-01, -1.49963273e-02,
         1.28152498e-01, -4.11220349e-01, -7.46416656e-01],
       [ 9.31636881e+00,  9.84234128e+00,  1.10757437e+01,
         1.23371644e+00,  3.48546154e+00,  6.25071117e+00,
        -2.85245405e+01, -6.15421194e+00,  2.05097990e+01,
         1.32971856e+00,  1.53061556e+00, -1.96327222e+00,
        -1.01032244e+00, -2.91965055e-01, -4.75987317e-02,
         2.00103572e-02,  3.61687821e-01, -9.75800361e-01],
       [ 3.47091272e+00,  6.73397811e-01,  1.23371644e+00,
         9.31653371e-01,  3.45026161e-02,  1.08939848e+00,
        -2.67474366e+00, -2.54779131e-01,  3.86397122e+00,
         1.63835929e-01, -2.46575532e-01, -2.41144362e-01,
        -4.85283114e-01,  2.89848512e-02,  2.15867164e-01,
        -1.45054639e-01,  2.87883842e-01, -2.03509727e-01],
       [ 1.57464878e+00,  6.09604893e+00,  3.48546154e+00,
         3.45026161e-02,  2.60503491e+00,  1.93782469e+00,
        -1.35649769e+01, -7.77114407e-01,  8.90894607e+00,
         5.40747481e-01,  4.53210744e-01, -1.20662570e+00,
         2.75693780e-01, -2.15048015e-01, -2.80820723e-02,
         1.37134868e-01, -3.10689242e-01, -2.39231982e-01],
       [ 6.60551819e+00,  5.58080387e+00,  6.25071117e+00,
         1.08939848e+00,  1.93782469e+00,  3.86008731e+00,
        -1.70502299e+01, -2.85687998e+00,  1.31646940e+01,
         9.72610321e-01,  4.91952822e-01, -1.11738444e+00,
        -8.00260232e-01, -1.08964270e-01,  1.46819880e-01,
        -9.43959026e-02,  2.83232102e-01, -6.20175842e-01],
       [-2.35868994e+01, -3.36791680e+01, -2.85245405e+01,
        -2.67474366e+00, -1.35649769e+01, -1.70502299e+01,
         9.79412183e+01,  9.67987216e+00, -6.38892102e+01,
        -4.92614448e+00, -2.73882989e+00,  6.18247076e+00,
         1.38178750e+00,  8.21425334e-01, -1.87255245e-01,
        -3.36889753e-01,  4.98356268e-01,  2.72500394e+00],
       [-3.70703220e+00, -3.90222729e+00, -6.15421194e+00,
        -2.54779131e-01, -7.77114407e-01, -2.85687998e+00,
         9.67987216e+00,  8.86907123e+00, -8.12376186e+00,
         9.68688595e-02, -1.49963716e+00,  7.70096947e-01,
         5.76341213e-01,  3.18046292e-01,  4.27798062e-01,
        -6.43013987e-02, -3.74768604e-01,  4.62410484e-01],
       [ 2.18663664e+01,  2.45445194e+01,  2.05097990e+01,
         3.86397122e+00,  8.90894607e+00,  1.31646940e+01,
        -6.38892102e+01, -8.12376186e+00,  5.35099563e+01,
         3.01390084e+00,  1.38220974e+00, -5.10912534e+00,
        -1.90408819e+00, -8.62235650e-01,  6.58465900e-01,
        -4.01356873e-01,  3.50394304e-01, -1.96914950e+00],
       [ 1.36377840e+00,  1.16595848e+00,  1.32971856e+00,
         1.63835929e-01,  5.40747481e-01,  9.72610321e-01,
        -4.92614448e+00,  9.68688595e-02,  3.01390084e+00,
         1.22267601e+00,  1.29775159e-01, -1.93142117e-01,
        -3.49486252e-01, -2.25149752e-02,  1.91870544e-02,
        -1.26615053e-02, -5.96394000e-02, -3.28337611e-01],
       [-9.47785180e-02,  1.25175478e+00,  1.53061556e+00,
        -2.46575532e-01,  4.53210744e-01,  4.91952822e-01,
        -2.73882989e+00, -1.49963716e+00,  1.38220974e+00,
         1.29775159e-01,  1.22631483e+00, -2.55906303e-01,
         2.56796932e-02, -2.60106062e-01, -3.37203398e-01,
         1.08635246e-01, -3.48340453e-02, -2.26039095e-01],
       [-1.35157106e+00, -3.25585616e+00, -1.96327222e+00,
        -2.41144362e-01, -1.20662570e+00, -1.11738444e+00,
         6.18247076e+00,  7.70096947e-01, -5.10912534e+00,
        -1.93142117e-01, -2.55906303e-01,  1.16465687e+00,
        -4.76932943e-03,  2.33409904e-01, -1.06141255e-01,
         6.90160666e-02,  1.10128918e-01,  1.36232182e-01],
       [-2.27985770e+00,  1.71168395e-01, -1.01032244e+00,
        -4.85283114e-01,  2.75693780e-01, -8.00260232e-01,
         1.38178750e+00,  5.76341213e-01, -1.90408819e+00,
        -3.49486252e-01,  2.56796932e-02, -4.76932943e-03,
         5.77224802e-01, -4.80371422e-02, -8.37005463e-02,
         1.76327067e-01, -2.90241964e-01,  2.24033758e-01],
       [ 6.35250540e-02, -6.27882377e-01, -2.91965055e-01,
         2.89848512e-02, -2.15048015e-01, -1.08964270e-01,
         8.21425334e-01,  3.18046292e-01, -8.62235650e-01,
        -2.25149752e-02, -2.60106062e-01,  2.33409904e-01,
        -4.80371422e-02,  1.39723360e-01,  4.69201675e-02,
         3.75042214e-04,  7.84233726e-02,  4.14200471e-02],
       [ 6.16039755e-01, -1.49963273e-02, -4.75987317e-02,
         2.15867164e-01, -2.80820723e-02,  1.46819880e-01,
        -1.87255245e-01,  4.27798062e-01,  6.58465900e-01,
         1.91870544e-02, -3.37203398e-01, -1.06141255e-01,
        -8.37005463e-02,  4.69201675e-02,  1.77221100e-01,
        -7.13249677e-02,  3.14874593e-02,  4.78193474e-02],
       [-4.97966190e-01,  1.28152498e-01,  2.00103572e-02,
        -1.45054639e-01,  1.37134868e-01, -9.43959026e-02,
        -3.36889753e-01, -6.43013987e-02, -4.01356873e-01,
        -1.26615053e-02,  1.08635246e-01,  6.90160666e-02,
         1.76327067e-01,  3.75042214e-04, -7.13249677e-02,
         1.29342349e-01, -8.69203296e-02,  2.41112007e-02],
       [ 1.18068354e+00, -4.11220349e-01,  3.61687821e-01,
         2.87883842e-01, -3.10689242e-01,  2.83232102e-01,
         4.98356268e-01, -3.74768604e-01,  3.50394304e-01,
        -5.96394000e-02, -3.48340453e-02,  1.10128918e-01,
        -2.90241964e-01,  7.84233726e-02,  3.14874593e-02,
        -8.69203296e-02,  2.60727843e-01, -7.04817670e-02],
       [-1.24927130e+00, -7.46416656e-01, -9.75800361e-01,
        -2.03509727e-01, -2.39231982e-01, -6.20175842e-01,
         2.72500394e+00,  4.62410484e-01, -1.96914950e+00,
        -3.28337611e-01, -2.26039095e-01,  1.36232182e-01,
         2.24033758e-01,  4.14200471e-02,  4.78193474e-02,
         2.41112007e-02, -7.04817670e-02,  2.21581594e-01]])
      jac: array([ 2.88732001e-06, -2.59422113e-07, -3.28181926e-06, -8.56463049e-06,
        3.83026944e-07,  8.98836561e-06,  1.04583009e-06, -1.34336986e-07,
       -1.40628250e-07,  1.14649031e-06,  2.97983860e-06, -6.40228611e-07,
        6.26905935e-06,  6.06773890e-06, -1.09764050e-06, -2.39512114e-06,
       -1.78745907e-06,  1.26935499e-07])
  message: 'Optimization terminated successfully.'
     nfev: 1596
      nit: 74
     njev: 84
   status: 0
  success: True
        x: array([ 0.8313282 , -1.37853193,  0.42298475,  1.21350462, -1.29485945,
        0.09391545,  0.84486218, -2.17659407, -0.50958515,  0.00370162,
        0.37111362,  1.19009128, -0.01715806, -0.11474103, -0.31859441,
       -1.16630546, -0.96112861, -0.01292582])
