Program Begingeth
      fun: 0.37091241967997135
 hess_inv: array([[ 1.00549809e+01,  5.87253251e-01,  1.09082563e+00,
         2.62087006e+00,  7.70674691e-02,  2.36279988e+00,
        -6.93974265e+00,  3.20738115e+00,  1.04096968e+01,
        -4.79645874e-01, -1.60111038e+00,  5.81731793e-01,
        -1.30253489e+00,  4.36407574e-01,  7.46430829e-01,
        -3.98058509e-01,  6.70316752e-01, -4.34405312e-01],
       [ 5.87253251e-01,  6.08604096e+00,  2.01204867e+00,
         1.33122972e-02,  2.42279006e+00,  9.81578847e-01,
        -1.11951419e+01,  7.84786380e-01,  8.49176650e+00,
        -3.03702419e-01, -1.26555368e-01, -1.83254072e+00,
         5.82130576e-01, -4.04186012e-01, -4.24407627e-02,
        -2.47532592e-02, -3.48756868e-01, -1.42354961e-02],
       [ 1.09082563e+00,  2.01204867e+00,  2.98595896e+00,
        -8.42048282e-02,  6.78624803e-01,  1.18030051e+00,
        -5.73067819e+00, -2.44996728e+00,  3.90439069e+00,
        -2.13027033e-01,  8.15273587e-01, -7.71148672e-01,
        -4.30009440e-02, -1.49123823e-01, -2.59394306e-01,
         8.72572377e-02,  3.90463981e-02, -1.30273233e-01],
       [ 2.62087006e+00,  1.33122972e-02, -8.42048282e-02,
         7.88927822e-01, -5.85167122e-02,  4.79614518e-01,
        -6.03680297e-01,  1.14105975e+00,  2.49563283e+00,
        -1.63491058e-01, -5.36317498e-01,  1.57479080e-01,
        -3.18460670e-01,  1.05069829e-01,  2.49037709e-01,
        -1.16716270e-01,  1.82198267e-01, -8.10766832e-02],
       [ 7.70674691e-02,  2.42279006e+00,  6.78624803e-01,
        -5.85167122e-02,  1.13192029e+00,  3.67525643e-01,
        -5.81537159e+00,  1.12096223e+00,  3.10719883e+00,
         4.36560093e-02, -1.50568145e-01, -6.15934934e-01,
         3.30029796e-01, -9.10945084e-02,  1.05936696e-02,
         4.66622560e-02, -2.26439702e-01,  3.04661581e-03],
       [ 2.36279988e+00,  9.81578847e-01,  1.18030051e+00,
         4.79614518e-01,  3.67525643e-01,  9.41149525e-01,
        -4.19214007e+00,  2.26960367e-01,  3.93734409e+00,
        -1.85977232e-02, -1.90626023e-01, -1.47159049e-01,
        -2.71623687e-01,  4.89102680e-02,  1.22694927e-01,
        -7.09833364e-02,  9.53525967e-02, -1.17727320e-01],
       [-6.93974265e+00, -1.11951419e+01, -5.73067819e+00,
        -6.03680297e-01, -5.81537159e+00, -4.19214007e+00,
         4.66677368e+01, -7.10396397e+00, -2.19854234e+01,
        -7.22133263e-01,  1.34161876e+00,  1.84403065e+00,
        -8.88090672e-01, -3.12521667e-02, -3.71808291e-01,
        -2.38097961e-01,  1.26354272e+00,  4.58076470e-01],
       [ 3.20738115e+00,  7.84786380e-01, -2.44996728e+00,
         1.14105975e+00,  1.12096223e+00,  2.26960367e-01,
        -7.10396397e+00,  1.04211365e+01,  3.38418922e+00,
         6.84038653e-01, -2.08433990e+00,  4.03483743e-01,
        -3.35843501e-02,  4.13969114e-01,  9.24942668e-01,
        -2.34876123e-01, -1.57780199e-01,  1.87648424e-03],
       [ 1.04096968e+01,  8.49176650e+00,  3.90439069e+00,
         2.49563283e+00,  3.10719883e+00,  3.93734409e+00,
        -2.19854234e+01,  3.38418922e+00,  2.55134536e+01,
        -6.19857367e-01, -1.42817332e+00, -1.74436126e+00,
        -6.02411036e-01, -3.61462943e-01,  6.90481381e-01,
        -5.23666911e-01,  2.03305177e-02, -3.49605186e-01],
       [-4.79645874e-01, -3.03702419e-01, -2.13027033e-01,
        -1.63491058e-01,  4.36560093e-02, -1.85977232e-02,
        -7.22133263e-01,  6.84038653e-01, -6.19857367e-01,
         9.73984180e-01,  2.09862364e-02,  1.21181685e-01,
        -1.15086429e-01,  1.94182902e-02, -1.12633783e-02,
         1.51615536e-02, -1.42818255e-01, -1.33098739e-01],
       [-1.60111038e+00, -1.26555368e-01,  8.15273587e-01,
        -5.36317498e-01, -1.50568145e-01, -1.90626023e-01,
         1.34161876e+00, -2.08433990e+00, -1.42817332e+00,
         2.09862364e-02,  1.36237904e+00, -3.20120742e-01,
         1.28519985e-01, -2.85271805e-01, -4.21724652e-01,
         1.25742788e-01, -5.05457769e-02, -9.14180417e-02],
       [ 5.81731793e-01, -1.83254072e+00, -7.71148672e-01,
         1.57479080e-01, -6.15934934e-01, -1.47159049e-01,
         1.84403065e+00,  4.03483743e-01, -1.74436126e+00,
         1.21181685e-01, -3.20120742e-01,  1.07390378e+00,
        -2.12939482e-01,  2.89459873e-01,  5.60618858e-02,
         4.06225109e-02,  1.37817117e-01, -3.24945137e-03],
       [-1.30253489e+00,  5.82130576e-01, -4.30009440e-02,
        -3.18460670e-01,  3.30029796e-01, -2.71623687e-01,
        -8.88090672e-01, -3.35843501e-02, -6.02411036e-01,
        -1.15086429e-01,  1.28519985e-01, -2.12939482e-01,
         4.09232630e-01, -7.86598714e-02, -8.44736010e-02,
         1.35095436e-01, -1.95925714e-01,  1.09375319e-01],
       [ 4.36407574e-01, -4.04186012e-01, -1.49123823e-01,
         1.05069829e-01, -9.10945084e-02,  4.89102680e-02,
        -3.12521667e-02,  4.13969114e-01, -3.61462943e-01,
         1.94182902e-02, -2.85271805e-01,  2.89459873e-01,
        -7.86598714e-02,  1.64855540e-01,  7.76807169e-02,
         3.29939242e-03,  7.52121984e-02,  1.11726546e-02],
       [ 7.46430829e-01, -4.24407627e-02, -2.59394306e-01,
         2.49037709e-01,  1.05936696e-02,  1.22694927e-01,
        -3.71808291e-01,  9.24942668e-01,  6.90481381e-01,
        -1.12633783e-02, -4.21724652e-01,  5.60618858e-02,
        -8.44736010e-02,  7.76807169e-02,  2.00217344e-01,
        -6.92428434e-02,  2.82539402e-02,  4.15499211e-02],
       [-3.98058509e-01, -2.47532592e-02,  8.72572377e-02,
        -1.16716270e-01,  4.66622560e-02, -7.09833364e-02,
        -2.38097961e-01, -2.34876123e-01, -5.23666911e-01,
         1.51615536e-02,  1.25742788e-01,  4.06225109e-02,
         1.35095436e-01,  3.29939242e-03, -6.92428434e-02,
         1.06307010e-01, -5.89956951e-02,  1.43739473e-02],
       [ 6.70316752e-01, -3.48756868e-01,  3.90463981e-02,
         1.82198267e-01, -2.26439702e-01,  9.53525967e-02,
         1.26354272e+00, -1.57780199e-01,  2.03305177e-02,
        -1.42818255e-01, -5.05457769e-02,  1.37817117e-01,
        -1.95925714e-01,  7.52121984e-02,  2.82539402e-02,
        -5.89956951e-02,  1.91495968e-01, -2.44116326e-02],
       [-4.34405312e-01, -1.42354961e-02, -1.30273233e-01,
        -8.10766832e-02,  3.04661581e-03, -1.17727320e-01,
         4.58076470e-01,  1.87648424e-03, -3.49605186e-01,
        -1.33098739e-01, -9.14180417e-02, -3.24945137e-03,
         1.09375319e-01,  1.11726546e-02,  4.15499211e-02,
         1.43739473e-02, -2.44116326e-02,  1.13340807e-01]])
      jac: array([-1.75740903e-05, -1.99988174e-05, -2.06712425e-05,  4.46128320e-05,
        5.15006556e-05,  4.57252754e-05, -2.30630330e-06, -7.00513721e-06,
       -1.56282394e-06, -2.82551760e-06, -2.84180087e-06, -6.53551287e-07,
        4.12447854e-06, -3.69545135e-05, -2.11797246e-05, -2.02267832e-05,
        3.95516953e-05,  9.31995222e-06])
  message: 'Desired error not necessarily achieved due to precision loss.'
     nfev: 2291
      nit: 77
     njev: 120
   status: 2
  success: False
        x: array([ 0.8157776 , -0.96972708,  0.52168362,  1.22264506, -1.01853778,
        0.12375798,  0.66367732, -1.83923811, -0.34503909, -0.01495881,
        0.4893681 ,  1.13201045,  0.00252681,  0.00470886, -0.32606268,
       -1.17939554, -0.7767557 , -0.00951635])
