Program Begingeth
      fun: 0.316667810839798
 hess_inv: array([[ 6.72019628e+00,  5.36750702e-01, -2.94626002e-01,
         2.50736877e+00,  3.86300209e-01, -7.41292015e-01,
         7.06422944e+00,  2.36951480e+00,  6.18877581e-01,
        -1.17640191e-01,  1.14675474e+00, -6.95653246e-02,
        -4.90763569e-01, -2.79324450e-01, -3.33285189e-01,
         3.89389985e-01, -4.22843133e-02,  4.26877548e-01],
       [ 5.36750702e-01,  1.86633107e+00,  1.48912153e-01,
         1.58806860e-01,  7.48421554e-01, -1.22699517e-01,
        -4.59228725e-01, -6.18198914e-01,  5.49374411e-02,
         9.39471217e-01,  1.75678788e-01, -5.04909318e-01,
        -2.99111639e-01, -4.70314306e-02, -5.26872130e-02,
        -8.19753986e-02, -2.26027427e-02,  3.46237357e-02],
       [-2.94626002e-01,  1.48912153e-01,  1.29715138e+00,
        -6.67886983e-02,  6.27342610e-02,  5.43984095e-01,
        -1.20767149e-01,  4.40489319e-01,  4.12786180e-01,
        -8.92037480e-02,  2.44914136e-01, -5.42141259e-01,
         1.01608988e-01, -5.06928961e-03,  9.55682041e-02,
         2.05948755e-02,  1.05001383e-01,  8.35504309e-03],
       [ 2.50736877e+00,  1.58806860e-01, -6.67886983e-02,
         9.53068956e-01,  1.26749458e-01, -2.54630310e-01,
         2.40802865e+00,  9.22896552e-01,  2.27628465e-01,
        -1.10197192e-01,  4.69458084e-01, -2.84557877e-02,
        -1.43730805e-01, -1.07332469e-01, -1.39808302e-01,
         1.37420566e-01, -2.93696609e-03,  1.31342672e-01],
       [ 3.86300209e-01,  7.48421554e-01,  6.27342610e-02,
         1.26749458e-01,  3.18134643e-01, -5.96426433e-02,
         9.23787656e-02, -1.18719868e-01,  1.04036044e-01,
         3.29967861e-01,  8.49431507e-02, -1.76078819e-01,
        -1.30545252e-01, -7.10218551e-03, -3.02080786e-02,
        -2.35847105e-02,  9.39601108e-04,  3.32245608e-02],
       [-7.41292015e-01, -1.22699517e-01,  5.43984095e-01,
        -2.54630310e-01, -5.96426433e-02,  3.15442744e-01,
        -5.09913093e-01,  1.23095200e-01,  6.77644440e-02,
        -1.62816446e-01, -1.24539207e-01, -1.63165130e-01,
         1.27645147e-01,  5.39023965e-02,  9.54433053e-02,
         5.11371434e-04,  5.91272183e-02, -2.88203847e-02],
       [ 7.06422944e+00, -4.59228725e-01, -1.20767149e-01,
         2.40802865e+00,  9.23787656e-02, -5.09913093e-01,
         3.08803624e+01,  2.99660347e+00, -7.80679030e-01,
         1.08013287e+00, -2.22223840e+00,  1.27176109e+00,
        -1.13721780e+00,  4.79435358e-01,  9.13049916e-01,
         2.43834222e+00, -1.28296510e-01,  2.22048682e+00],
       [ 2.36951480e+00, -6.18198914e-01,  4.40489319e-01,
         9.22896552e-01, -1.18719868e-01,  1.23095200e-01,
         2.99660347e+00,  9.20014860e+00,  1.13342499e+00,
        -2.04857049e+00, -7.86892447e-01, -8.93469312e-01,
         4.24021125e-01,  2.18417629e-01,  7.00085637e-02,
         3.45740830e-01,  7.39514405e-01,  1.89986905e-02],
       [ 6.18877581e-01,  5.49374411e-02,  4.12786180e-01,
         2.27628465e-01,  1.04036044e-01,  6.77644440e-02,
        -7.80679030e-01,  1.13342499e+00,  5.19849873e+00,
        -3.19764183e-01,  1.11453874e+00, -9.47650403e-01,
        -9.20413896e-02, -1.78752141e-01,  2.12882191e-03,
        -2.53729318e-01,  8.51915713e-02,  3.48952034e-01],
       [-1.17640191e-01,  9.39471217e-01, -8.92037480e-02,
        -1.10197192e-01,  3.29967861e-01, -1.62816446e-01,
         1.08013287e+00, -2.04857049e+00, -3.19764183e-01,
         1.98847004e+00, -6.46435083e-02, -4.49464583e-03,
        -5.42828006e-01, -1.64143784e-02,  1.16470940e-01,
         3.80952253e-02, -1.46773155e-01,  3.08609896e-01],
       [ 1.14675474e+00,  1.75678788e-01,  2.44914136e-01,
         4.69458084e-01,  8.49431507e-02, -1.24539207e-01,
        -2.22223840e+00, -7.86892447e-01,  1.11453874e+00,
        -6.46435083e-02,  1.73107258e+00, -3.34612355e-01,
        -6.25538826e-02, -3.83718853e-01, -3.48628574e-01,
        -3.01072267e-01, -9.91342640e-02, -1.76329464e-01],
       [-6.95653246e-02, -5.04909318e-01, -5.42141259e-01,
        -2.84557877e-02, -1.76078819e-01, -1.63165130e-01,
         1.27176109e+00, -8.93469312e-01, -9.47650403e-01,
        -4.49464583e-03, -3.34612355e-01,  9.60963713e-01,
        -2.72498021e-02,  1.15397943e-01, -5.81933428e-02,
         8.07223485e-02, -7.00358251e-02,  3.31058678e-02],
       [-4.90763569e-01, -2.99111639e-01,  1.01608988e-01,
        -1.43730805e-01, -1.30545252e-01,  1.27645147e-01,
        -1.13721780e+00,  4.24021125e-01, -9.20413896e-02,
        -5.42828006e-01, -6.25538826e-02, -2.72498021e-02,
         2.35078000e-01,  2.36616527e-02, -1.38269632e-02,
        -3.09569880e-02,  6.09435518e-02, -1.54583501e-01],
       [-2.79324450e-01, -4.70314306e-02, -5.06928961e-03,
        -1.07332469e-01, -7.10218551e-03,  5.39023965e-02,
         4.79435358e-01,  2.18417629e-01, -1.78752141e-01,
        -1.64143784e-02, -3.83718853e-01,  1.15397943e-01,
         2.36616527e-02,  1.18106652e-01,  7.10016613e-02,
         5.91603341e-02,  5.07850383e-02,  4.16355400e-02],
       [-3.33285189e-01, -5.26872130e-02,  9.55682041e-02,
        -1.39808302e-01, -3.02080786e-02,  9.54433053e-02,
         9.13049916e-01,  7.00085637e-02,  2.12882191e-03,
         1.16470940e-01, -3.48628574e-01, -5.81933428e-02,
        -1.38269632e-02,  7.10016613e-02,  1.53177484e-01,
         1.02693860e-01,  9.69313736e-03,  1.19552894e-01],
       [ 3.89389985e-01, -8.19753986e-02,  2.05948755e-02,
         1.37420566e-01, -2.35847105e-02,  5.11371434e-04,
         2.43834222e+00,  3.45740830e-01, -2.53729318e-01,
         3.80952253e-02, -3.01072267e-01,  8.07223485e-02,
        -3.09569880e-02,  5.91603341e-02,  1.02693860e-01,
         2.39478700e-01,  7.12350574e-03,  1.55405808e-01],
       [-4.22843133e-02, -2.26027427e-02,  1.05001383e-01,
        -2.93696609e-03,  9.39601108e-04,  5.91272183e-02,
        -1.28296510e-01,  7.39514405e-01,  8.51915713e-02,
        -1.46773155e-01, -9.91342640e-02, -7.00358251e-02,
         6.09435518e-02,  5.07850383e-02,  9.69313736e-03,
         7.12350574e-03,  9.82406515e-02, -2.01571285e-02],
       [ 4.26877548e-01,  3.46237357e-02,  8.35504309e-03,
         1.31342672e-01,  3.32245608e-02, -2.88203847e-02,
         2.22048682e+00,  1.89986905e-02,  3.48952034e-01,
         3.08609896e-01, -1.76329464e-01,  3.31058678e-02,
        -1.54583501e-01,  4.16355400e-02,  1.19552894e-01,
         1.55405808e-01, -2.01571285e-02,  2.56866355e-01]])
      jac: array([ 2.75401924e-05, -7.20682773e-06,  2.84598271e-05, -9.41768885e-05,
        2.48275474e-05, -6.24496751e-05, -6.41153797e-06, -4.48049005e-06,
       -3.80695475e-06, -2.62985929e-05,  1.32216460e-05, -3.38914082e-06,
       -1.31250566e-05,  3.34587913e-05, -2.65435821e-05,  1.08231572e-04,
        2.23850568e-05,  3.49464901e-05])
  message: 'Desired error not necessarily achieved due to precision loss.'
     nfev: 2710
      nit: 97
     njev: 142
   status: 2
  success: False
        x: array([-1.33114066, -0.93316441,  0.52748668, -1.50390713, -0.90796517,
        0.21299036,  1.5813854 , -0.50843436,  1.00454989,  0.03645057,
        0.50575804,  0.93054294,  0.08135597,  0.11095324, -0.20433823,
        1.6417334 , -0.41030879,  0.10639101])
