Program Begingeth
      fun: 0.3122327712999716
 hess_inv: array([[ 1.25716868e+00, -1.81799441e-01,  1.00042438e-01,
         2.93360159e-01, -2.31541310e-01,  2.94404267e-01,
         7.04969302e-01, -2.44400483e-01,  4.53507865e-01,
         8.16249562e-01, -7.77037325e-01, -6.08538450e-02,
        -4.87146541e-01,  9.16166022e-03,  6.64944330e-02,
        -4.53098534e-02, -3.66900194e-02, -2.34060906e-01],
       [-1.81799441e-01,  6.53537180e-01, -1.38019769e-01,
        -3.05100122e-01,  9.30924218e-02, -2.65246652e-01,
        -1.34442116e+00,  3.01954275e-01, -3.12402715e-01,
        -8.48732859e-01,  5.11450629e-02, -8.32241668e-02,
         8.49236549e-02, -2.12460514e-01, -2.34190749e-01,
         4.67864042e-02, -2.37851229e-03, -9.70880248e-02],
       [ 1.00042438e-01, -1.38019769e-01,  3.33693429e-01,
         1.48813487e-01,  2.34414710e-02,  1.31025402e-01,
         1.91313505e-01, -3.01401634e-01,  3.87570002e-01,
         5.93296019e-01,  1.39968975e-03,  2.12154775e-02,
        -7.37858140e-03,  1.25572903e-01, -1.05918020e-02,
         4.31181473e-02,  3.55696650e-02,  3.91599442e-02],
       [ 2.93360159e-01, -3.05100122e-01,  1.48813487e-01,
         5.06886279e-01,  8.77932935e-02,  2.14828595e-01,
         1.36114089e+00,  3.59647419e-01,  1.32970328e+00,
         1.43531475e+00,  2.56640135e-01, -2.49776763e-01,
        -1.68197036e-02,  1.26837606e-01,  1.42210279e-01,
         2.01798393e-02, -1.09971047e-02,  3.47595807e-02],
       [-2.31541310e-01,  9.30924218e-02,  2.34414710e-02,
         8.77932935e-02,  3.34332743e-01, -6.91946352e-02,
        -2.23186241e-02,  8.20791749e-01,  8.57750351e-01,
         2.81472554e-01,  8.60811270e-01, -2.38121935e-01,
         1.67307422e-01,  6.00672485e-02, -4.82609267e-02,
         6.48728813e-02,  2.03541712e-02,  4.94173619e-02],
       [ 2.94404267e-01, -2.65246652e-01,  1.31025402e-01,
         2.14828595e-01, -6.91946352e-02,  3.46743759e-01,
         9.43381789e-01, -4.43252851e-01,  9.26432853e-01,
         7.49472287e-01, -7.74315679e-02,  3.62530585e-01,
        -1.68888043e-01,  1.26396524e-01,  1.52285808e-01,
        -4.14216352e-02,  5.01039087e-02,  9.71030002e-03],
       [ 7.04969302e-01, -1.34442116e+00,  1.91313505e-01,
         1.36114089e+00, -2.23186241e-02,  9.43381789e-01,
         8.89446382e+00, -5.70513859e-01,  4.84229973e+00,
         3.62771227e+00,  1.35905403e+00, -2.67449242e-01,
        -5.43010930e-01,  4.58656378e-01,  6.10203808e-01,
        -2.66575980e-01,  2.61703180e-01,  2.73820041e-02],
       [-2.44400483e-01,  3.01954275e-01, -3.01401634e-01,
         3.59647419e-01,  8.20791749e-01, -4.43252851e-01,
        -5.70513859e-01,  4.33118887e+00,  1.66436988e+00,
         6.92310016e-01,  1.60816138e+00, -1.42053504e+00,
         4.53846846e-01, -2.31307128e-02, -5.56925197e-02,
         1.48894057e-01, -8.51048652e-02,  7.75638868e-02],
       [ 4.53507865e-01, -3.12402715e-01,  3.87570002e-01,
         1.32970328e+00,  8.57750351e-01,  9.26432853e-01,
         4.84229973e+00,  1.66436988e+00,  8.51784496e+00,
         4.29374365e+00,  2.84257031e+00, -3.72807749e-01,
        -1.48739077e-01,  4.25480464e-01,  3.46184746e-01,
         5.11273387e-03,  2.46362873e-01,  1.14943860e-01],
       [ 8.16249562e-01, -8.48732859e-01,  5.93296019e-01,
         1.43531475e+00,  2.81472554e-01,  7.49472287e-01,
         3.62771227e+00,  6.92310016e-01,  4.29374365e+00,
         4.39068043e+00,  8.07028479e-01, -4.64043731e-01,
        -1.01875712e-01,  4.32795467e-01,  3.90427066e-01,
         4.74064587e-02,  2.90215064e-02,  1.11011643e-01],
       [-7.77037325e-01,  5.11450629e-02,  1.39968975e-03,
         2.56640135e-01,  8.60811270e-01, -7.74315679e-02,
         1.35905403e+00,  1.60816138e+00,  2.84257031e+00,
         8.07028479e-01,  2.75682195e+00, -5.06172048e-01,
         3.56523457e-01,  1.94866221e-01, -5.08602473e-02,
         7.82406471e-02,  1.17757501e-01,  1.49344743e-01],
       [-6.08538450e-02, -8.32241668e-02,  2.12154775e-02,
        -2.49776763e-01, -2.38121935e-01,  3.62530585e-01,
        -2.67449242e-01, -1.42053504e+00, -3.72807749e-01,
        -4.64043731e-01, -5.06172048e-01,  1.26580048e+00,
        -1.50360808e-01,  7.18680964e-02,  1.04093179e-01,
        -6.35022813e-02,  8.83116950e-02,  1.53914731e-02],
       [-4.87146541e-01,  8.49236549e-02, -7.37858140e-03,
        -1.68197036e-02,  1.67307422e-01, -1.68888043e-01,
        -5.43010930e-01,  4.53846846e-01, -1.48739077e-01,
        -1.01875712e-01,  3.56523457e-01, -1.50360808e-01,
         3.05609847e-01, -1.16170338e-03, -3.73490755e-02,
         8.81088606e-02, -3.17532733e-02,  1.16865706e-01],
       [ 9.16166022e-03, -2.12460514e-01,  1.25572903e-01,
         1.26837606e-01,  6.00672485e-02,  1.26396524e-01,
         4.58656378e-01, -2.31307128e-02,  4.25480464e-01,
         4.32795467e-01,  1.94866221e-01,  7.18680964e-02,
        -1.16170338e-03,  1.38520899e-01,  6.63541602e-02,
         5.73280352e-03,  4.40717614e-02,  5.39446193e-02],
       [ 6.64944330e-02, -2.34190749e-01, -1.05918020e-02,
         1.42210279e-01, -4.82609267e-02,  1.52285808e-01,
         6.10203808e-01, -5.56925197e-02,  3.46184746e-01,
         3.90427066e-01, -5.08602473e-02,  1.04093179e-01,
        -3.73490755e-02,  6.63541602e-02,  1.52680823e-01,
        -3.26104025e-02,  7.76876162e-04,  6.05701984e-02],
       [-4.53098534e-02,  4.67864042e-02,  4.31181473e-02,
         2.01798393e-02,  6.48728813e-02, -4.14216352e-02,
        -2.66575980e-01,  1.48894057e-01,  5.11273387e-03,
         4.74064587e-02,  7.82406471e-02, -6.35022813e-02,
         8.81088606e-02,  5.73280352e-03, -3.26104025e-02,
         6.21522270e-02, -1.64777386e-02,  1.73075124e-02],
       [-3.66900194e-02, -2.37851229e-03,  3.55696650e-02,
        -1.09971047e-02,  2.03541712e-02,  5.01039087e-02,
         2.61703180e-01, -8.51048652e-02,  2.46362873e-01,
         2.90215064e-02,  1.17757501e-01,  8.83116950e-02,
        -3.17532733e-02,  4.40717614e-02,  7.76876162e-04,
        -1.64777386e-02,  6.26844237e-02,  3.09808287e-03],
       [-2.34060906e-01, -9.70880248e-02,  3.91599442e-02,
         3.47595807e-02,  4.94173619e-02,  9.71030002e-03,
         2.73820041e-02,  7.75638868e-02,  1.14943860e-01,
         1.11011643e-01,  1.49344743e-01,  1.53914731e-02,
         1.16865706e-01,  5.39446193e-02,  6.05701984e-02,
         1.73075124e-02,  3.09808287e-03,  1.10764480e-01]])
      jac: array([-1.42423110e-05,  4.72355488e-05,  2.25985897e-05,  2.10102306e-05,
       -1.43327572e-04, -2.27007302e-05, -4.01086571e-06,  1.11588516e-05,
       -2.00432263e-06,  1.29266968e-06,  3.76047341e-05,  5.62290955e-06,
       -2.73225886e-05,  1.03840640e-04,  2.93694698e-05,  1.60486439e-05,
       -6.61041592e-05, -3.28392868e-05])
  message: 'Desired error not necessarily achieved due to precision loss.'
     nfev: 2197
      nit: 60
     njev: 115
   status: 2
  success: False
        x: array([ 0.1009233 ,  0.14667849,  0.83689108,  1.44468269, -0.88990864,
        0.33939184,  0.82827178, -1.91144545,  0.85135055,  1.82551974,
       -0.81276423,  0.91976832,  0.04789176,  0.09548282, -0.23624575,
       -1.29544841, -0.46963811,  0.04853105])
