Program Begingeth
      fun: 0.30853637344592716
 hess_inv: array([[ 1.26595889e+01, -1.92548190e+00, -1.79033200e+00,
         3.25278568e+00, -1.55167691e+00, -9.74330914e-03,
         5.52082545e+00,  1.11828759e-01,  3.82507982e+00,
        -1.10098315e+00, -2.80357376e-01,  5.04202840e-01,
        -2.34971680e+00,  2.71117645e-01,  1.41793644e-01,
        -2.30492164e-01,  1.34399944e+00, -2.98044832e-01],
       [-1.92548190e+00,  3.31655400e+00,  2.17932460e-01,
        -1.95023484e-01,  1.23699365e+00,  1.26212821e-01,
         4.96269856e-02,  2.08728796e+00,  4.75537808e-01,
         2.30191287e-01, -1.36965245e-01, -1.08914075e+00,
         4.45514301e-01, -3.75704482e-01,  3.19618853e-01,
        -1.52802187e-01, -1.64033841e-01,  1.09512558e-01],
       [-1.79033200e+00,  2.17932460e-01,  5.11746973e+00,
        -9.93065280e-01, -1.96238031e-01,  1.49372267e+00,
        -5.57315592e+00, -3.06427381e+00,  9.08225056e-01,
        -1.05813083e-02,  1.48941039e+00, -6.46093287e-01,
         1.09700850e-01, -4.82752650e-01, -4.48534982e-01,
        -5.03438996e-02, -1.06868591e-01,  1.62637414e-01],
       [ 3.25278568e+00, -1.95023484e-01, -9.93065280e-01,
         1.01079613e+00, -2.61767313e-01, -1.85572833e-01,
         2.57569232e+00,  4.54428758e-01,  9.93755255e-01,
        -3.00973479e-01, -1.65104278e-01,  4.84999009e-02,
        -4.94178589e-01,  3.89108414e-02,  9.11626108e-02,
        -4.23268352e-02,  2.96345182e-01, -7.90041079e-02],
       [-1.55167691e+00,  1.23699365e+00, -1.96238031e-01,
        -2.61767313e-01,  6.05228091e-01, -6.01061630e-02,
        -4.44994091e-02,  1.28396579e+00, -2.46970780e-01,
         2.42956614e-01, -1.60908778e-01, -3.00323145e-01,
         3.26976788e-01, -7.48205020e-02,  1.42194143e-01,
        -1.28655846e-02, -1.54000978e-01,  5.16658439e-02],
       [-9.74330914e-03,  1.26212821e-01,  1.49372267e+00,
        -1.85572833e-01, -6.01061630e-02,  5.42023852e-01,
        -1.70577599e+00, -5.98884598e-01,  7.26772265e-01,
         9.33133779e-02,  3.07771956e-01, -1.87136251e-01,
        -1.18682251e-01, -1.18175146e-01, -6.42539844e-02,
        -4.91156218e-02,  2.89162093e-02,  3.98272076e-02],
       [ 5.52082545e+00,  4.96269856e-02, -5.57315592e+00,
         2.57569232e+00, -4.44994091e-02, -1.70577599e+00,
         1.19313493e+01,  2.94414472e+00,  8.03603910e-01,
        -4.52310910e-01, -8.25605482e-01,  2.39939943e-01,
        -4.36914804e-01,  1.32778739e-01,  3.16814637e-01,
         2.54694269e-02,  3.00590488e-01, -2.71066178e-01],
       [ 1.11828759e-01,  2.08728796e+00, -3.06427381e+00,
         4.54428758e-01,  1.28396579e+00, -5.98884598e-01,
         2.94414472e+00,  7.01189944e+00,  4.41918398e-02,
         9.39645864e-01, -1.12448824e+00, -1.59640773e-01,
        -8.12655264e-02,  1.80405344e-01,  6.74872493e-01,
        -1.03461760e-01, -2.07990167e-03, -5.50977504e-02],
       [ 3.82507982e+00,  4.75537808e-01,  9.08225056e-01,
         9.93755255e-01, -2.46970780e-01,  7.26772265e-01,
         8.03603910e-01,  4.41918398e-02,  4.25291032e+00,
         2.52878874e-03,  2.15287318e-01, -2.22233114e-01,
        -7.79407884e-01, -2.52197401e-01,  6.82684071e-03,
        -1.70948737e-01,  3.33389694e-01, -1.27185317e-01],
       [-1.10098315e+00,  2.30191287e-01, -1.05813083e-02,
        -3.00973479e-01,  2.42956614e-01,  9.33133779e-02,
        -4.52310910e-01,  9.39645864e-01,  2.52878874e-03,
         1.03530882e+00, -1.22260232e-03, -5.41234028e-02,
        -4.26598318e-02, -2.38560961e-02,  9.44325242e-03,
        -9.18057189e-03, -1.49602710e-01, -1.40843292e-01],
       [-2.80357376e-01, -1.36965245e-01,  1.48941039e+00,
        -1.65104278e-01, -1.60908778e-01,  3.07771956e-01,
        -8.25605482e-01, -1.12448824e+00,  2.15287318e-01,
        -1.22260232e-03,  1.10681064e+00, -2.37196733e-01,
         1.99267663e-02, -3.01333829e-01, -3.30812408e-01,
         1.15717079e-02, -4.08807987e-02, -8.15379215e-02],
       [ 5.04202840e-01, -1.08914075e+00, -6.46093287e-01,
         4.84999009e-02, -3.00323145e-01, -1.87136251e-01,
         2.39939943e-01, -1.59640773e-01, -2.22233114e-01,
        -5.41234028e-02, -2.37196733e-01,  7.69859623e-01,
        -9.59434939e-02,  2.75713689e-01, -8.84734726e-02,
         1.00361030e-01,  8.47505086e-02, -2.33758321e-02],
       [-2.34971680e+00,  4.45514301e-01,  1.09700850e-01,
        -4.94178589e-01,  3.26976788e-01, -1.18682251e-01,
        -4.36914804e-01, -8.12655264e-02, -7.79407884e-01,
        -4.26598318e-02,  1.99267663e-02, -9.59434939e-02,
         5.97110727e-01, -5.98147335e-02, -1.75832215e-02,
         9.64715040e-02, -2.81520189e-01,  9.91163749e-02],
       [ 2.71117645e-01, -3.75704482e-01, -4.82752650e-01,
         3.89108414e-02, -7.48205020e-02, -1.18175146e-01,
         1.32778739e-01,  1.80405344e-01, -2.52197401e-01,
        -2.38560961e-02, -3.01333829e-01,  2.75713689e-01,
        -5.98147335e-02,  1.83433879e-01,  4.91345849e-02,
         2.70655441e-02,  6.65030909e-02,  1.43904440e-02],
       [ 1.41793644e-01,  3.19618853e-01, -4.48534982e-01,
         9.11626108e-02,  1.42194143e-01, -6.42539844e-02,
         3.16814637e-01,  6.74872493e-01,  6.82684071e-03,
         9.44325242e-03, -3.30812408e-01, -8.84734726e-02,
        -1.75832215e-02,  4.91345849e-02,  1.76009200e-01,
        -3.42034295e-02,  1.69277863e-02,  4.74469121e-02],
       [-2.30492164e-01, -1.52802187e-01, -5.03438996e-02,
        -4.23268352e-02, -1.28655846e-02, -4.91156218e-02,
         2.54694269e-02, -1.03461760e-01, -1.70948737e-01,
        -9.18057189e-03,  1.15717079e-02,  1.00361030e-01,
         9.64715040e-02,  2.70655441e-02, -3.42034295e-02,
         6.22233553e-02, -3.84544503e-02,  5.91170999e-03],
       [ 1.34399944e+00, -1.64033841e-01, -1.06868591e-01,
         2.96345182e-01, -1.54000978e-01,  2.89162093e-02,
         3.00590488e-01, -2.07990167e-03,  3.33389694e-01,
        -1.49602710e-01, -4.08807987e-02,  8.47505086e-02,
        -2.81520189e-01,  6.65030909e-02,  1.69277863e-02,
        -3.84544503e-02,  2.01447530e-01, -1.90578135e-02],
       [-2.98044832e-01,  1.09512558e-01,  1.62637414e-01,
        -7.90041079e-02,  5.16658439e-02,  3.98272076e-02,
        -2.71066178e-01, -5.50977504e-02, -1.27185317e-01,
        -1.40843292e-01, -8.15379215e-02, -2.33758321e-02,
         9.91163749e-02,  1.43904440e-02,  4.74469121e-02,
         5.91170999e-03, -1.90578135e-02,  8.83095839e-02]])
      jac: array([ 1.98089693e-05, -1.35280676e-05,  1.00678725e-05, -4.22883950e-05,
        2.95974356e-05, -3.23481982e-05,  2.16715534e-06, -2.07907765e-06,
        3.01166499e-06,  1.61700283e-05, -5.12886030e-06,  7.05361695e-07,
        5.07512551e-05, -2.58678264e-05,  2.31736852e-05, -3.19181718e-05,
        2.75827509e-05, -7.85630820e-06])
  message: 'Desired error not necessarily achieved due to precision loss.'
     nfev: 2576
      nit: 91
     njev: 135
   status: 2
  success: False
        x: array([ 0.68903045, -0.86096419, -0.01287998,  1.34489612, -0.87043248,
       -0.10679809,  1.93897276, -1.07055544, -1.04982994, -0.01341623,
        0.42973861,  1.13666917,  0.05355484,  0.14234309, -0.2671652 ,
       -1.24763552, -0.54123504,  0.0176347 ])
