Program Begingeth
      fun: 0.2833125653311508
 hess_inv: array([[ 3.65493186e+00, -4.99550511e-01, -8.95504816e+00,
         1.13773673e+00, -4.32917683e-01, -4.63429269e+00,
        -8.14356217e+00, -4.33443099e+00, -7.67364203e+00,
         1.52001992e-01,  8.28867839e-01,  4.54990892e-02,
         3.10748541e-01, -2.18012008e-01, -3.74246886e-01,
         2.56506628e-01, -1.55611023e-01, -1.34381566e-02],
       [-4.99550511e-01,  1.23388258e+00,  3.26516515e+00,
         2.00308967e-02,  7.65462413e-01,  1.62103676e+00,
         3.57802582e+00,  2.08782062e+00,  2.16286236e+00,
        -3.65680431e-02, -3.18515105e-01,  2.86531153e-01,
         1.69015550e-02,  1.98306999e-01,  4.29396680e-02,
         3.62946524e-02,  4.15233783e-02,  9.92359266e-04],
       [-8.95504816e+00,  3.26516515e+00,  4.10587306e+01,
        -9.37232243e-01,  3.01756488e+00,  2.10992653e+01,
         4.18404905e+01,  2.08925416e+01,  3.22398779e+01,
        -3.93516154e-01, -4.44350395e+00,  7.68610083e-01,
        -2.04966485e-01,  1.34094065e+00,  1.73753570e+00,
        -3.35734625e-01,  2.08461297e-01,  3.18642363e-01],
       [ 1.13773673e+00,  2.00308967e-02, -9.37232243e-01,
         5.69552381e-01,  3.94281377e-02, -5.03997267e-01,
        -1.56546746e-01, -4.20107735e-01, -9.77261159e-01,
         3.49171919e-02,  5.36621359e-02,  7.67334230e-02,
         1.80535501e-01, -1.74213837e-02, -4.32938174e-02,
         1.20658741e-01, -9.21850895e-02,  2.43694280e-02],
       [-4.32917683e-01,  7.65462413e-01,  3.01756488e+00,
         3.94281377e-02,  5.33553412e-01,  1.52121269e+00,
         3.24091913e+00,  1.93770405e+00,  2.09476503e+00,
        -4.35892328e-04, -3.10137988e-01,  2.10306940e-01,
         1.81904404e-02,  1.61896823e-01,  7.65068936e-02,
         2.86782494e-02,  2.57455989e-02,  1.24976686e-02],
       [-4.63429269e+00,  1.62103676e+00,  2.10992653e+01,
        -5.03997267e-01,  1.52121269e+00,  1.08694692e+01,
         2.13935193e+01,  1.07536719e+01,  1.66932661e+01,
        -1.39645180e-01, -2.33508213e+00,  3.85522897e-01,
        -1.28110750e-01,  6.91076874e-01,  9.10037347e-01,
        -1.84327322e-01,  1.03579199e-01,  1.61252940e-01],
       [-8.14356217e+00,  3.57802582e+00,  4.18404905e+01,
        -1.56546746e-01,  3.24091913e+00,  2.13935193e+01,
         4.56684436e+01,  2.10934529e+01,  3.30512859e+01,
        -3.85688087e-01, -4.25619303e+00,  7.94921143e-01,
         8.79432072e-02,  1.23111899e+00,  1.63588278e+00,
        -1.76845367e-01,  6.12653513e-03,  3.02021166e-01],
       [-4.33443099e+00,  2.08782062e+00,  2.08925416e+01,
        -4.20107735e-01,  1.93770405e+00,  1.07536719e+01,
         2.10934529e+01,  1.26786445e+01,  1.60629098e+01,
         1.10426322e-01, -2.19357374e+00,  5.91645148e-01,
        -1.79212686e-01,  7.57969972e-01,  8.53056877e-01,
        -1.41243642e-01,  1.21458756e-01,  1.14731706e-01],
       [-7.67364203e+00,  2.16286236e+00,  3.22398779e+01,
        -9.77261159e-01,  2.09476503e+00,  1.66932661e+01,
         3.30512859e+01,  1.60629098e+01,  2.70108659e+01,
        -1.14110240e-01, -3.50785025e+00,  4.52692439e-01,
        -2.25814161e-01,  8.99444807e-01,  1.35432824e+00,
        -3.27602393e-01,  6.27380918e-02,  1.83404636e-01],
       [ 1.52001992e-01, -3.65680431e-02, -3.93516154e-01,
         3.49171919e-02, -4.35892328e-04, -1.39645180e-01,
        -3.85688087e-01,  1.10426322e-01, -1.14110240e-01,
         8.33746393e-01,  6.45604251e-02, -5.22444792e-02,
        -1.96948068e-01, -2.82802379e-02, -1.07537656e-01,
        -2.13422372e-02, -2.73380250e-02, -2.09286774e-01],
       [ 8.28867839e-01, -3.18515105e-01, -4.44350395e+00,
         5.36621359e-02, -3.10137988e-01, -2.33508213e+00,
        -4.25619303e+00, -2.19357374e+00, -3.50785025e+00,
         6.45604251e-02,  8.82201437e-01, -1.28548394e-01,
         1.39123276e-02, -2.37075990e-01, -2.84916969e-01,
         4.32700317e-02, -2.34666561e-02, -1.19370599e-01],
       [ 4.54990892e-02,  2.86531153e-01,  7.68610083e-01,
         7.67334230e-02,  2.10306940e-01,  3.85522897e-01,
         7.94921143e-01,  5.91645148e-01,  4.52692439e-01,
        -5.22444792e-02, -1.28548394e-01,  3.29019857e-01,
         6.12133172e-02,  1.06237023e-01, -1.57055784e-02,
         6.98265960e-02,  4.00950229e-02,  3.40774760e-02],
       [ 3.10748541e-01,  1.69015550e-02, -2.04966485e-01,
         1.80535501e-01,  1.81904404e-02, -1.28110750e-01,
         8.79432072e-02, -1.79212686e-01, -2.25814161e-01,
        -1.96948068e-01,  1.39123276e-02,  6.12133172e-02,
         1.44069641e-01, -6.01161832e-03,  5.61557279e-03,
         7.97361572e-02, -3.57901100e-02,  6.33465600e-02],
       [-2.18012008e-01,  1.98306999e-01,  1.34094065e+00,
        -1.74213837e-02,  1.61896823e-01,  6.91076874e-01,
         1.23111899e+00,  7.57969972e-01,  8.99444807e-01,
        -2.82802379e-02, -2.37075990e-01,  1.06237023e-01,
        -6.01161832e-03,  1.18631517e-01,  6.68477168e-02,
        -2.77072634e-05,  5.37257515e-02,  3.29640622e-02],
       [-3.74246886e-01,  4.29396680e-02,  1.73753570e+00,
        -4.32938174e-02,  7.65068936e-02,  9.10037347e-01,
         1.63588278e+00,  8.53056877e-01,  1.35432824e+00,
        -1.07537656e-01, -2.84916969e-01, -1.57055784e-02,
         5.61557279e-03,  6.68477168e-02,  1.48178418e-01,
        -2.74991942e-02,  4.55154743e-03,  7.69775258e-02],
       [ 2.56506628e-01,  3.62946524e-02, -3.35734625e-01,
         1.20658741e-01,  2.86782494e-02, -1.84327322e-01,
        -1.76845367e-01, -1.41243642e-01, -3.27602393e-01,
        -2.13422372e-02,  4.32700317e-02,  6.98265960e-02,
         7.97361572e-02, -2.77072634e-05, -2.74991942e-02,
         7.28971345e-02, -1.71941847e-02,  1.27007934e-02],
       [-1.55611023e-01,  4.15233783e-02,  2.08461297e-01,
        -9.21850895e-02,  2.57455989e-02,  1.03579199e-01,
         6.12653513e-03,  1.21458756e-01,  6.27380918e-02,
        -2.73380250e-02, -2.34666561e-02,  4.00950229e-02,
        -3.57901100e-02,  5.37257515e-02,  4.55154743e-03,
        -1.71941847e-02,  6.73150946e-02,  2.40301245e-03],
       [-1.34381566e-02,  9.92359266e-04,  3.18642363e-01,
         2.43694280e-02,  1.24976686e-02,  1.61252940e-01,
         3.02021166e-01,  1.14731706e-01,  1.83404636e-01,
        -2.09286774e-01, -1.19370599e-01,  3.40774760e-02,
         6.33465600e-02,  3.29640622e-02,  7.69775258e-02,
         1.27007934e-02,  2.40301245e-03,  9.77308674e-02]])
      jac: array([ 4.76718665e-05,  1.05568147e-04, -6.76384874e-05, -1.09194505e-04,
       -2.01475503e-04,  2.73429427e-04, -1.50179869e-05,  1.95495472e-05,
       -3.83741187e-05,  1.14780777e-04,  1.30311317e-04, -7.50928949e-05,
        2.68605138e-04,  3.59204148e-04, -4.37234323e-04, -2.85833209e-04,
       -3.05962663e-04,  4.17479014e-04])
  message: 'Desired error not necessarily achieved due to precision loss.'
     nfev: 3014
      nit: 84
     njev: 158
   status: 2
  success: False
        x: array([ 2.13340417e+00, -1.13153794e+00,  8.06445344e-02,  1.81861327e+00,
       -1.18736130e+00, -5.00720865e-02,  2.22368998e+00, -1.34810538e+00,
       -1.10430987e+00,  7.69079496e-02,  4.25555985e-01,  1.21966179e+00,
        4.28293260e-02,  1.95231079e-01, -2.76525630e-01, -1.13918162e+00,
       -2.37276905e-01,  5.55713068e-04])
