Program Begingeth
      fun: 0.26869888300103356
 hess_inv: array([[ 4.27984299e+00,  2.31167777e+00,  2.56996094e-01,
         1.43957501e+00,  1.03053889e+00, -9.08767302e-01,
         3.35237742e+00, -9.03021011e-01, -2.25656084e+00,
        -1.67243410e-01,  8.91389945e-01, -9.90507668e-01,
        -7.03905053e-01, -4.79179647e-01, -4.15887026e-01,
        -2.17191273e-01, -5.72816776e-01,  2.99161480e-01],
       [ 2.31167777e+00,  4.58799226e+00,  1.15756108e+00,
         7.02211409e-01,  1.92566358e+00, -2.37279232e-01,
         4.38286402e+00,  1.22513064e+00,  2.36082134e+00,
         3.39893198e-01,  6.94028978e-01, -1.72698580e+00,
        -7.13026680e-01, -5.50068636e-01, -3.67191473e-01,
        -1.06951484e-01, -4.39737948e-01,  1.68074631e-01],
       [ 2.56996094e-01,  1.15756108e+00,  2.07207321e+00,
         3.82973633e-01,  4.32380118e-01,  7.40423970e-01,
         3.38974109e+00, -1.29820411e+00,  2.73370888e+00,
         4.57736716e-02,  7.90553579e-01, -7.06673197e-01,
        -6.08826170e-02, -1.76561300e-01, -2.27811322e-01,
        -1.33647966e-01, -5.70237925e-02, -1.00962668e-01],
       [ 1.43957501e+00,  7.02211409e-01,  3.82973633e-01,
         5.94971868e-01,  3.18763642e-01, -1.73911106e-01,
         1.88856349e+00, -6.76463308e-01, -5.70835232e-01,
        -1.07619397e-01,  4.31181302e-01, -3.09522506e-01,
        -1.82290831e-01, -1.44010525e-01, -1.95899539e-01,
        -9.27056584e-02, -1.69248356e-01,  3.66505953e-02],
       [ 1.03053889e+00,  1.92566358e+00,  4.32380118e-01,
         3.18763642e-01,  9.31766304e-01, -1.05773356e-01,
         2.52929030e+00,  1.20645260e+00,  6.63692033e-01,
         4.09452883e-02,  2.21918494e-01, -6.38179302e-01,
        -3.56225652e-01, -1.82216796e-01, -1.31970614e-01,
        -8.90717015e-02, -2.41988157e-01,  7.44269706e-02],
       [-9.08767302e-01, -2.37279232e-01,  7.40423970e-01,
        -1.73911106e-01, -1.05773356e-01,  5.80916524e-01,
         7.60017745e-01, -1.18324303e-01,  1.78704548e+00,
        -7.31302984e-02,  3.21087154e-03,  2.83122953e-02,
         1.90629178e-01,  6.80601796e-02,  5.74385093e-02,
         2.64468754e-02,  9.40347602e-02, -1.12177272e-01],
       [ 3.35237742e+00,  4.38286402e+00,  3.38974109e+00,
         1.88856349e+00,  2.52929030e+00,  7.60017745e-01,
         1.67913226e+01,  1.30933609e+00,  3.14486959e+00,
        -8.00842162e-01,  1.43353734e+00, -1.47670867e+00,
        -8.47197293e-01, -4.84938754e-01, -7.13369605e-01,
        -5.07368578e-01, -1.07987294e+00, -2.55567909e-01],
       [-9.03021011e-01,  1.22513064e+00, -1.29820411e+00,
        -6.76463308e-01,  1.20645260e+00, -1.18324303e-01,
         1.30933609e+00,  8.77895891e+00, -3.41776011e-01,
        -2.06820480e-01, -1.27432455e+00,  3.17827352e-02,
        -2.07477713e-01,  2.83394972e-01,  5.73787463e-01,
         1.73688483e-01, -1.18616682e-01,  1.88306899e-01],
       [-2.25656084e+00,  2.36082134e+00,  2.73370888e+00,
        -5.70835232e-01,  6.63692033e-01,  1.78704548e+00,
         3.14486959e+00, -3.41776011e-01,  1.08979239e+01,
         2.47838341e-01,  4.14070850e-01, -1.10600395e+00,
         2.72620602e-01, -3.93701822e-01, -3.35433815e-02,
         2.31380749e-01,  5.77444463e-03, -2.36220444e-01],
       [-1.67243410e-01,  3.39893198e-01,  4.57736716e-02,
        -1.07619397e-01,  4.09452883e-02, -7.31302984e-02,
        -8.00842162e-01, -2.06820480e-01,  2.47838341e-01,
         6.43159363e-01, -3.71635501e-02, -1.33894154e-01,
        -1.05382480e-01,  7.89833798e-03,  3.75133992e-02,
         2.34176264e-02,  1.20810678e-01,  1.58754549e-01],
       [ 8.91389945e-01,  6.94028978e-01,  7.90553579e-01,
         4.31181302e-01,  2.21918494e-01,  3.21087154e-03,
         1.43353734e+00, -1.27432455e+00,  4.14070850e-01,
        -3.71635501e-02,  9.31012423e-01, -4.66423596e-01,
        -1.23476620e-01, -2.61105701e-01, -3.22588936e-01,
        -1.26471475e-01, -1.08945257e-01, -1.06353204e-01],
       [-9.90507668e-01, -1.72698580e+00, -7.06673197e-01,
        -3.09522506e-01, -6.38179302e-01,  2.83122953e-02,
        -1.47670867e+00,  3.17827352e-02, -1.10600395e+00,
        -1.33894154e-01, -4.66423596e-01,  1.00389256e+00,
         2.29011508e-01,  3.22944541e-01,  1.33798789e-01,
        -8.20531257e-03,  1.94850373e-01, -5.38721143e-02],
       [-7.03905053e-01, -7.13026680e-01, -6.08826170e-02,
        -1.82290831e-01, -3.56225652e-01,  1.90629178e-01,
        -8.47197293e-01, -2.07477713e-01,  2.72620602e-01,
        -1.05382480e-01, -1.23476620e-01,  2.29011508e-01,
         2.67546125e-01,  9.57216505e-02,  6.70866679e-02,
         1.04108315e-01,  1.55215084e-01, -1.06429251e-01],
       [-4.79179647e-01, -5.50068636e-01, -1.76561300e-01,
        -1.44010525e-01, -1.82216796e-01,  6.80601796e-02,
        -4.84938754e-01,  2.83394972e-01, -3.93701822e-01,
         7.89833798e-03, -2.61105701e-01,  3.22944541e-01,
         9.57216505e-02,  1.77274923e-01,  9.23150385e-02,
         1.02263176e-02,  1.27022412e-01, -3.60864172e-03],
       [-4.15887026e-01, -3.67191473e-01, -2.27811322e-01,
        -1.95899539e-01, -1.31970614e-01,  5.74385093e-02,
        -7.13369605e-01,  5.73787463e-01, -3.35433815e-02,
         3.75133992e-02, -3.22588936e-01,  1.33798789e-01,
         6.70866679e-02,  9.23150385e-02,  1.73177796e-01,
         6.61315699e-02,  5.42309530e-02,  6.93283027e-02],
       [-2.17191273e-01, -1.06951484e-01, -1.33647966e-01,
        -9.27056584e-02, -8.90717015e-02,  2.64468754e-02,
        -5.07368578e-01,  1.73688483e-01,  2.31380749e-01,
         2.34176264e-02, -1.26471475e-01, -8.20531257e-03,
         1.04108315e-01,  1.02263176e-02,  6.61315699e-02,
         1.08540493e-01,  5.19893001e-02, -1.63099222e-03],
       [-5.72816776e-01, -4.39737948e-01, -5.70237925e-02,
        -1.69248356e-01, -2.41988157e-01,  9.40347602e-02,
        -1.07987294e+00, -1.18616682e-01,  5.77444463e-03,
         1.20810678e-01, -1.08945257e-01,  1.94850373e-01,
         1.55215084e-01,  1.27022412e-01,  5.42309530e-02,
         5.19893001e-02,  2.13755088e-01, -2.57246046e-02],
       [ 2.99161480e-01,  1.68074631e-01, -1.00962668e-01,
         3.66505953e-02,  7.44269706e-02, -1.12177272e-01,
        -2.55567909e-01,  1.88306899e-01, -2.36220444e-01,
         1.58754549e-01, -1.06353204e-01, -5.38721143e-02,
        -1.06429251e-01, -3.60864172e-03,  6.93283027e-02,
        -1.63099222e-03, -2.57246046e-02,  1.55207707e-01]])
      jac: array([-1.59527946e-05, -1.00127314e-05,  8.98799553e-06,  2.21881772e-05,
        2.44400796e-05, -4.63033315e-05,  1.85074178e-06, -2.28002802e-06,
        1.73601874e-06, -9.41247080e-06, -9.34067638e-07, -7.38446341e-06,
        3.46278561e-06,  3.89355215e-06,  1.77794816e-05,  1.33385895e-05,
        5.57146921e-06,  1.17557815e-05])
  message: 'Desired error not necessarily achieved due to precision loss.'
     nfev: 2024
      nit: 60
     njev: 106
   status: 2
  success: False
        x: array([-0.53406471, -0.91555984,  0.62568924, -0.80936541, -1.04268359,
        0.1328832 , -0.38603562, -1.81175319, -0.49603866,  0.08879317,
        0.64354826,  1.17791832,  0.09609497,  0.11028125, -0.38214135,
        1.03571657, -0.4821493 , -0.04023717])
