Program Begingeth
      fun: 0.4094975634341183
 hess_inv: array([[ 1.34454560e+00, -2.72946174e-01,  2.72172370e-01,
         6.38584639e-02,  2.35452633e-01, -4.17895712e-01,
         2.33151010e-01,  1.07368331e+00, -3.00638003e+00,
        -1.57243697e-01,  8.12683823e-01,  1.18821962e+00,
        -5.76535838e-01,  3.64747509e-02, -6.65288157e-01,
        -1.51704700e-01, -7.53764400e-02, -1.17284231e-01],
       [-2.72946174e-01,  4.32767082e+00, -1.67706956e-01,
        -4.03177451e-01, -3.20965529e-01, -8.15094386e-01,
        -2.14895971e+00,  2.33385003e-01,  2.78909042e-01,
         4.27354843e-02,  2.88218537e+00, -2.82401684e-01,
        -1.70755875e-01, -3.13693476e+00, -3.35485622e-01,
        -3.57825548e-02, -5.77203122e-01,  4.89279377e-01],
       [ 2.72172370e-01, -1.67706956e-01,  1.64102988e+00,
         1.82892088e-01,  3.12644741e-01, -2.10618156e-01,
         1.38819548e+00,  4.88745903e-01, -8.93809818e-01,
        -1.55634523e+00,  1.77032149e-01,  1.57446540e-01,
         3.15795834e-01,  2.43815869e-01, -1.01752257e+00,
         2.01363660e-03, -8.10823318e-02, -2.33073593e-01],
       [ 6.38584639e-02, -4.03177451e-01,  1.82892088e-01,
         1.98551517e-01,  1.85101624e-03, -1.04320620e-02,
         5.95416222e-01, -4.83874019e-01, -3.96794537e-01,
        -1.90332157e-01,  1.90586134e-01,  1.01718698e-01,
         1.88950762e-01,  1.68827484e-01, -1.19594573e-01,
         2.75324842e-02,  1.60937242e-02, -5.31234763e-02],
       [ 2.35452633e-01, -3.20965529e-01,  3.12644741e-01,
         1.85101624e-03,  2.14350367e-01,  7.88004970e-03,
         4.79179788e-01,  7.55176223e-01, -2.86046413e-01,
        -2.65850988e-01, -3.85544669e-01,  2.45687560e-01,
        -7.84355960e-02,  4.16193669e-01, -2.22684929e-01,
        -1.21033899e-02,  6.60249658e-02, -9.26682245e-02],
       [-4.17895712e-01, -8.15094386e-01, -2.10618156e-01,
        -1.04320620e-02,  7.88004970e-03,  4.47873935e-01,
         2.44215823e-01, -1.94912995e-01,  1.56486659e+00,
         1.44833671e-01, -1.28000898e+00, -3.32581790e-01,
         1.60960172e-01,  7.57582111e-01,  4.70641782e-01,
         7.01173275e-02,  1.73922050e-01, -2.93741965e-02],
       [ 2.33151010e-01, -2.14895971e+00,  1.38819548e+00,
         5.95416222e-01,  4.79179788e-01,  2.44215823e-01,
         4.36934543e+00,  1.13747369e-01, -5.88634141e-01,
        -9.67011536e-01, -1.30501511e+00,  5.38179905e-01,
         4.43319336e-01,  1.82405878e+00, -6.92069719e-01,
         5.91371878e-02,  2.75967498e-01, -3.99189719e-01],
       [ 1.07368331e+00,  2.33385003e-01,  4.88745903e-01,
        -4.83874019e-01,  7.55176223e-01, -1.94912995e-01,
         1.13747369e-01,  5.44441048e+00, -1.18626245e+00,
        -1.69098939e-01, -7.99418955e-01,  1.00499538e+00,
        -1.02721925e+00,  4.70313275e-01, -6.27431715e-01,
        -1.88777988e-01,  3.14551325e-02, -1.34898018e-01],
       [-3.00638003e+00,  2.78909042e-01, -8.93809818e-01,
        -3.96794537e-01, -2.86046413e-01,  1.56486659e+00,
        -5.88634141e-01, -1.18626245e+00,  1.10481815e+01,
         1.45072499e-01, -3.68906311e+00, -2.13888971e+00,
         1.11730601e+00,  6.98423936e-01,  1.77790198e+00,
         3.90180515e-01,  2.89145189e-01,  2.07012719e-01],
       [-1.57243697e-01,  4.27354843e-02, -1.55634523e+00,
        -1.90332157e-01, -2.65850988e-01,  1.44833671e-01,
        -9.67011536e-01, -1.69098939e-01,  1.45072499e-01,
         1.99485743e+00, -2.12423622e-01, -9.50369017e-02,
        -5.30645284e-01, -1.32537767e-01,  9.35959191e-01,
        -6.04255424e-02,  1.20129502e-01,  2.01786162e-01],
       [ 8.12683823e-01,  2.88218537e+00,  1.77032149e-01,
         1.90586134e-01, -3.85544669e-01, -1.28000898e+00,
        -1.30501511e+00, -7.99418955e-01, -3.68906311e+00,
        -2.12423622e-01,  5.81300637e+00,  6.15418951e-01,
        -2.01928242e-01, -3.24468575e+00, -9.36129126e-01,
        -2.75083210e-01, -6.67010314e-01,  3.87056742e-01],
       [ 1.18821962e+00, -2.82401684e-01,  1.57446540e-01,
         1.01718698e-01,  2.45687560e-01, -3.32581790e-01,
         5.38179905e-01,  1.00499538e+00, -2.13888971e+00,
        -9.50369017e-02,  6.15418951e-01,  1.50277209e+00,
        -4.80417449e-01,  1.10289571e-01, -6.71287962e-01,
        -1.04560619e-01, -5.88663315e-02, -1.35420400e-01],
       [-5.76535838e-01, -1.70755875e-01,  3.15795834e-01,
         1.88950762e-01, -7.84355960e-02,  1.60960172e-01,
         4.43319336e-01, -1.02721925e+00,  1.11730601e+00,
        -5.30645284e-01, -2.01928242e-01, -4.80417449e-01,
         6.13279957e-01,  1.17838616e-01,  3.92674909e-02,
         1.49869762e-01,  1.64038327e-02, -2.62584790e-02],
       [ 3.64747509e-02, -3.13693476e+00,  2.43815869e-01,
         1.68827484e-01,  4.16193669e-01,  7.57582111e-01,
         1.82405878e+00,  4.70313275e-01,  6.98423936e-01,
        -1.32537767e-01, -3.24468575e+00,  1.10289571e-01,
         1.17838616e-01,  2.74858158e+00,  2.82072344e-01,
         9.00039626e-02,  5.44283938e-01, -4.01415590e-01],
       [-6.65288157e-01, -3.35485622e-01, -1.01752257e+00,
        -1.19594573e-01, -2.22684929e-01,  4.70641782e-01,
        -6.92069719e-01, -6.27431715e-01,  1.77790198e+00,
         9.35959191e-01, -9.36129126e-01, -6.71287962e-01,
         3.92674909e-02,  2.82072344e-01,  1.03356214e+00,
         5.84581223e-02,  1.60660860e-01,  1.80432738e-01],
       [-1.51704700e-01, -3.57825548e-02,  2.01363660e-03,
         2.75324842e-02, -1.21033899e-02,  7.01173275e-02,
         5.91371878e-02, -1.88777988e-01,  3.90180515e-01,
        -6.04255424e-02, -2.75083210e-01, -1.04560619e-01,
         1.49869762e-01,  9.00039626e-02,  5.84581223e-02,
         7.49719786e-02,  2.04522308e-02, -8.10252716e-03],
       [-7.53764400e-02, -5.77203122e-01, -8.10823318e-02,
         1.60937242e-02,  6.60249658e-02,  1.73922050e-01,
         2.75967498e-01,  3.14551325e-02,  2.89145189e-01,
         1.20129502e-01, -6.67010314e-01, -5.88663315e-02,
         1.64038327e-02,  5.44283938e-01,  1.60660860e-01,
         2.04522308e-02,  1.47683888e-01, -5.05317650e-02],
       [-1.17284231e-01,  4.89279377e-01, -2.33073593e-01,
        -5.31234763e-02, -9.26682245e-02, -2.93741965e-02,
        -3.99189719e-01, -1.34898018e-01,  2.07012719e-01,
         2.01786162e-01,  3.87056742e-01, -1.35420400e-01,
        -2.62584790e-02, -4.01415590e-01,  1.80432738e-01,
        -8.10252716e-03, -5.05317650e-02,  1.40018442e-01]])
      jac: array([-7.32155077e-06,  6.71906974e-06,  2.87103674e-06,  2.78965739e-05,
        9.70482953e-06,  6.67281045e-06,  4.47678931e-06,  1.43884904e-06,
       -4.36206626e-06,  7.73825448e-06, -7.67275132e-06, -2.77000645e-06,
       -3.62561832e-06, -1.01511392e-06, -4.48345065e-06, -1.29070828e-05,
       -4.44348262e-06, -4.29286236e-08])
  message: 'Desired error not necessarily achieved due to precision loss.'
     nfev: 1395
      nit: 38
     njev: 73
   status: 2
  success: False
        x: array([ 0.53251811, -0.15621763,  0.38389115,  0.19997921, -1.37391336,
       -0.65522718,  1.30579475, -1.84169306, -0.75470443, -0.79191115,
       -0.02638897,  0.44109366,  0.11265827,  0.02884892, -0.38872976,
        0.06993312,  1.66839187, -0.75816283])
