Program Begingeth
      fun: 0.36767379951347007
 hess_inv: array([[ 1.18199253e+01, -1.17944026e+00,  1.61877251e+00,
         4.79063580e+00, -5.13488390e-01,  1.76460170e+00,
         1.13284560e-01,  3.72297908e-01, -8.06061084e-01,
         1.78906300e+00, -2.70031504e+00,  4.93633336e-01,
        -7.22512714e-01,  6.96487866e-01,  1.11006954e+00,
        -2.24250634e-01,  2.19112933e-01,  1.04242051e-01],
       [-1.17944026e+00,  2.60097742e+00,  4.71352084e-02,
        -4.14751614e-01,  1.09915270e+00, -1.91275891e-01,
         6.27235373e-01,  4.43439105e-01, -1.70172158e-01,
        -1.23608145e+00, -4.48306214e-01, -5.32399370e-01,
         4.16036398e-01,  1.39184631e-01,  6.31711333e-03,
         1.51410285e-01,  9.04777613e-02,  1.19668499e-01],
       [ 1.61877251e+00,  4.71352084e-02,  2.39181370e+00,
         5.77712144e-01,  2.19336503e-02,  1.15787065e+00,
        -3.54876712e-01,  2.82698324e-01, -4.54844816e-01,
         3.66648504e-01,  5.86694874e-02, -4.93817272e-01,
        -2.56054758e-01,  6.77871844e-02,  2.45541631e-01,
        -1.34530476e-01,  1.37849904e-01, -7.39630064e-02],
       [ 4.79063580e+00, -4.14751614e-01,  5.77712144e-01,
         1.96075201e+00, -1.79702971e-01,  6.78543707e-01,
         1.71359493e-01,  1.41600749e-01, -3.44062067e-01,
         6.74035631e-01, -1.15192130e+00,  1.81058559e-01,
        -2.51934877e-01,  2.90472736e-01,  4.62672425e-01,
        -6.06522353e-02,  7.84595523e-02,  5.77154589e-02],
       [-5.13488390e-01,  1.09915270e+00,  2.19336503e-02,
        -1.79702971e-01,  4.76667920e-01, -7.73051535e-02,
         3.22762904e-01,  1.68721944e-01, -1.13745061e-01,
        -4.97286712e-01, -1.92862343e-01, -2.05676579e-01,
         1.78524085e-01,  7.35351170e-02,  1.81121590e-03,
         7.81937739e-02,  4.09357693e-02,  4.76074803e-02],
       [ 1.76460170e+00, -1.91275891e-01,  1.15787065e+00,
         6.78543707e-01, -7.73051535e-02,  6.79192370e-01,
        -9.11918989e-02,  4.16928140e-02, -2.80401940e-01,
         4.97564126e-01, -2.61067203e-01, -1.41379174e-01,
        -2.22750583e-01,  9.97180372e-02,  2.26151588e-01,
        -8.14796530e-02,  6.09111948e-02, -2.53548995e-02],
       [ 1.13284560e-01,  6.27235373e-01, -3.54876712e-01,
         1.71359493e-01,  3.22762904e-01, -9.11918989e-02,
         5.70565315e+00,  4.53280184e-02, -5.94335889e-01,
        -5.36828019e-01, -1.17440102e+00, -3.03403012e-01,
         4.36048499e-01,  2.78671671e-01,  4.21170040e-01,
         8.22108625e-01, -4.78928739e-02,  3.56801685e-01],
       [ 3.72297908e-01,  4.43439105e-01,  2.82698324e-01,
         1.41600749e-01,  1.68721944e-01,  4.16928140e-02,
         4.53280184e-02,  4.97430726e+00,  6.73092761e-01,
        -1.64188123e+00,  2.44102996e-01,  3.55226555e-01,
         4.26159472e-01,  8.87045858e-02,  3.34973870e-02,
         1.15994292e-01,  6.99700947e-01,  3.15104444e-01],
       [-8.06061084e-01, -1.70172158e-01, -4.54844816e-01,
        -3.44062067e-01, -1.13745061e-01, -2.80401940e-01,
        -5.94335889e-01,  6.73092761e-01,  3.13829587e+00,
        -4.45648500e-01, -7.45027341e-02,  4.55736673e-01,
         4.01558537e-02, -2.47392390e-02, -1.10017597e-01,
        -1.04304197e-01,  6.12333432e-02,  4.07905244e-01],
       [ 1.78906300e+00, -1.23608145e+00,  3.66648504e-01,
         6.74035631e-01, -4.97286712e-01,  4.97564126e-01,
        -5.36828019e-01, -1.64188123e+00, -4.45648500e-01,
         2.51797225e+00, -7.08659417e-02,  1.67885851e-01,
        -7.42319601e-01, -2.26343467e-02,  1.17166900e-01,
        -2.11427688e-01, -2.35579256e-01, -3.03033949e-01],
       [-2.70031504e+00, -4.48306214e-01,  5.86694874e-02,
        -1.15192130e+00, -1.92862343e-01, -2.61067203e-01,
        -1.17440102e+00,  2.44102996e-01, -7.45027341e-02,
        -7.08659417e-02,  1.81451001e+00, -6.90419031e-02,
         3.42511108e-03, -4.25227051e-01, -4.49008322e-01,
        -1.01541034e-01, -1.43822608e-02, -2.61902179e-01],
       [ 4.93633336e-01, -5.32399370e-01, -4.93817272e-01,
         1.81058559e-01, -2.05676579e-01, -1.41379174e-01,
        -3.03403012e-01,  3.55226555e-01,  4.55736673e-01,
         1.67885851e-01, -6.90419031e-02,  7.19640886e-01,
        -5.82301531e-02,  6.12488192e-02, -9.06105029e-02,
        -2.44859079e-02,  7.81025824e-02,  4.65574004e-02],
       [-7.22512714e-01,  4.16036398e-01, -2.56054758e-01,
        -2.51934877e-01,  1.78524085e-01, -2.22750583e-01,
         4.36048499e-01,  4.26159472e-01,  4.01558537e-02,
        -7.42319601e-01,  3.42511108e-03, -5.82301531e-02,
         2.78943474e-01,  5.48459636e-03, -3.72228839e-02,
         1.33787986e-01,  4.28402850e-02,  9.38182290e-02],
       [ 6.96487866e-01,  1.39184631e-01,  6.77871844e-02,
         2.90472736e-01,  7.35351170e-02,  9.97180372e-02,
         2.78671671e-01,  8.87045858e-02, -2.47392390e-02,
        -2.26343467e-02, -4.25227051e-01,  6.12488192e-02,
         5.48459636e-03,  1.36927876e-01,  1.05373788e-01,
         2.93259706e-02,  5.00859672e-02,  6.47268701e-02],
       [ 1.11006954e+00,  6.31711333e-03,  2.45541631e-01,
         4.62672425e-01,  1.81121590e-03,  2.26151588e-01,
         4.21170040e-01,  3.34973870e-02, -1.10017597e-01,
         1.17166900e-01, -4.49008322e-01, -9.06105029e-02,
        -3.72228839e-02,  1.05373788e-01,  2.04255025e-01,
         2.81112581e-02,  1.39302857e-02,  7.34482427e-02],
       [-2.24250634e-01,  1.51410285e-01, -1.34530476e-01,
        -6.06522353e-02,  7.81937739e-02, -8.14796530e-02,
         8.22108625e-01,  1.15994292e-01, -1.04304197e-01,
        -2.11427688e-01, -1.01541034e-01, -2.44859079e-02,
         1.33787986e-01,  2.93259706e-02,  2.81112581e-02,
         1.59417982e-01,  1.67926239e-03,  5.60771677e-02],
       [ 2.19112933e-01,  9.04777613e-02,  1.37849904e-01,
         7.84595523e-02,  4.09357693e-02,  6.09111948e-02,
        -4.78928739e-02,  6.99700947e-01,  6.12333432e-02,
        -2.35579256e-01, -1.43822608e-02,  7.81025824e-02,
         4.28402850e-02,  5.00859672e-02,  1.39302857e-02,
         1.67926239e-03,  1.32175128e-01,  4.29834891e-02],
       [ 1.04242051e-01,  1.19668499e-01, -7.39630064e-02,
         5.77154589e-02,  4.76074803e-02, -2.53548995e-02,
         3.56801685e-01,  3.15104444e-01,  4.07905244e-01,
        -3.03033949e-01, -2.61902179e-01,  4.65574004e-02,
         9.38182290e-02,  6.47268701e-02,  7.34482427e-02,
         5.60771677e-02,  4.29834891e-02,  1.49095764e-01]])
      jac: array([-6.13805303e-06, -1.61426428e-06,  8.55907937e-06,  2.22555308e-05,
        1.65560158e-05, -8.68453457e-06,  8.92249238e-07,  4.42275846e-06,
       -6.90595729e-06,  7.72567195e-06, -4.48567109e-06, -7.68274333e-06,
        5.91267775e-06, -1.76506957e-05, -4.86636657e-05, -1.02440278e-05,
       -2.05779838e-05,  4.97361411e-05])
  message: 'Desired error not necessarily achieved due to precision loss.'
     nfev: 2519
      nit: 79
     njev: 132
   status: 2
  success: False
        x: array([ 1.69657069, -0.68183224,  0.47457133,  1.75243797, -0.65605077,
        0.20996507, -2.26310205, -0.79887866, -0.99301846,  0.01130345,
        0.40954272,  0.92794792, -0.04257909,  0.03064936, -0.20646721,
       -1.65532901, -0.83976724, -0.11179035])
