Program Begingeth
      fun: 0.4333965011731996
 hess_inv: array([[ 7.93401246e-01, -1.86108360e-01, -3.15884120e-03,
         7.70521822e-02,  1.55244095e-01, -3.95314032e-01,
         1.18532681e-01,  4.94232287e-01, -2.45279284e+00,
        -1.34542897e-01,  3.89350009e-01,  7.36428672e-01,
        -2.80498674e-01,  5.71446586e-02, -4.98279952e-01,
        -7.88488943e-02, -7.36025767e-02, -1.59415495e-01],
       [-1.86108360e-01,  1.30892354e+00, -8.09340873e-02,
        -3.14216431e-01, -2.04877152e-01, -2.60797437e-01,
        -1.21943337e+00,  1.71974450e-01,  7.84994387e-01,
         3.61157130e-02,  2.18316242e-01, -1.41032241e-01,
        -1.33034433e-01, -9.69486833e-01, -7.34684423e-02,
         3.41792931e-02, -2.49553570e-01,  2.40612527e-01],
       [-3.15884120e-03, -8.09340873e-02,  5.74322975e-01,
         9.92560125e-02,  1.68447490e-01, -3.57237108e-02,
         8.04403050e-01,  9.49930009e-02,  1.76484474e-01,
        -5.54370541e-01, -1.60306738e-01, -1.50041001e-01,
         1.92147390e-01,  2.23333981e-01, -3.63684806e-01,
         3.52701034e-02, -5.08456150e-03, -1.62503104e-01],
       [ 7.70521822e-02, -3.14216431e-01,  9.92560125e-02,
         2.64921496e-01,  7.43208301e-03, -2.93272289e-02,
         7.30384442e-01, -5.72281725e-01, -5.38885467e-01,
        -1.06834695e-01,  1.61303134e-01,  7.63805585e-02,
         2.42833078e-01,  1.53702009e-01, -1.03188577e-01,
         5.88216494e-02,  1.98798996e-02, -7.43258820e-02],
       [ 1.55244095e-01, -2.04877152e-01,  1.68447490e-01,
         7.43208301e-03,  2.60520535e-01,  1.58567965e-02,
         5.08619056e-01,  7.17466463e-01, -1.55804430e-01,
        -1.69117359e-01, -2.39839438e-01,  1.47031281e-01,
        -6.58981962e-02,  4.14030765e-01, -1.58037182e-01,
        -1.72586933e-02,  1.07402240e-01, -1.13604772e-01],
       [-3.95314032e-01, -2.60797437e-01, -3.57237108e-02,
        -2.93272289e-02,  1.58567965e-02,  5.18746717e-01,
         2.40055598e-01, -1.79655185e-01,  2.08322798e+00,
         7.20568881e-02, -6.68185820e-01, -3.23865670e-01,
         1.39111382e-01,  3.94761236e-01,  4.96547269e-01,
         5.57716827e-02,  1.63671604e-01,  6.26114280e-02],
       [ 1.18532681e-01, -1.21943337e+00,  8.04403050e-01,
         7.30384442e-01,  5.08619056e-01,  2.40055598e-01,
         4.46563929e+00, -4.41138011e-01, -1.32282804e-01,
        -5.44885955e-01, -6.26662485e-01,  1.87638546e-01,
         5.64434364e-01,  1.39273086e+00, -4.29852145e-01,
         1.12666631e-01,  3.16956443e-01, -4.22886508e-01],
       [ 4.94232287e-01,  1.71974450e-01,  9.49930009e-02,
        -5.72281725e-01,  7.17466463e-01, -1.79655185e-01,
        -4.41138011e-01,  5.05845444e+00, -8.13671146e-01,
        -7.69439774e-03, -1.65311313e-01,  4.06498281e-01,
        -9.38260913e-01,  3.86590564e-01, -3.00533800e-01,
        -2.84753337e-01,  9.04044650e-02, -7.15518094e-02],
       [-2.45279284e+00,  7.84994387e-01,  1.76484474e-01,
        -5.38885467e-01, -1.55804430e-01,  2.08322798e+00,
        -1.32282804e-01, -8.13671146e-01,  1.39969066e+01,
        -2.54290706e-01, -2.89771618e+00, -1.81924058e+00,
         8.06609850e-01,  4.55354263e-01,  1.69537083e+00,
         3.89153057e-01,  3.45788573e-01,  3.76055439e-01],
       [-1.34542897e-01,  3.61157130e-02, -5.54370541e-01,
        -1.06834695e-01, -1.69117359e-01,  7.20568881e-02,
        -5.44885955e-01, -7.69439774e-03, -2.54290706e-01,
         8.66924692e-01,  8.58216345e-02, -9.83394960e-03,
        -2.44373170e-01, -1.55369736e-01,  4.43741791e-01,
        -6.35697941e-02,  5.93777983e-02,  1.75901205e-01],
       [ 3.89350009e-01,  2.18316242e-01, -1.60306738e-01,
         1.61303134e-01, -2.39839438e-01, -6.68185820e-01,
        -6.26662485e-01, -1.65311313e-01, -2.89771618e+00,
         8.58216345e-02,  2.01057999e+00,  2.33333758e-01,
        -9.38405270e-02, -9.64685728e-01, -3.28020518e-01,
        -1.65581270e-01, -3.05305601e-01,  1.61881819e-01],
       [ 7.36428672e-01, -1.41032241e-01, -1.50041001e-01,
         7.63805585e-02,  1.47031281e-01, -3.23865670e-01,
         1.87638546e-01,  4.06498281e-01, -1.81924058e+00,
        -9.83394960e-03,  2.33333758e-01,  1.01938347e+00,
        -2.65662683e-01,  8.35617692e-02, -4.76282146e-01,
        -3.88956179e-02, -5.59164048e-02, -1.68590895e-01],
       [-2.80498674e-01, -1.33034433e-01,  1.92147390e-01,
         2.42833078e-01, -6.58981962e-02,  1.39111382e-01,
         5.64434364e-01, -9.38260913e-01,  8.06609850e-01,
        -2.44373170e-01, -9.38405270e-02, -2.65662683e-01,
         4.85816274e-01,  8.85786900e-02,  4.55906846e-02,
         1.68458344e-01,  2.07136572e-02, -2.26616389e-02],
       [ 5.71446586e-02, -9.69486833e-01,  2.23333981e-01,
         1.53702009e-01,  4.14030765e-01,  3.94761236e-01,
         1.39273086e+00,  3.86590564e-01,  4.55354263e-01,
        -1.55369736e-01, -9.64685728e-01,  8.35617692e-02,
         8.85786900e-02,  1.24695883e+00,  5.91956677e-02,
         3.02040344e-02,  3.76486004e-01, -2.60419299e-01],
       [-4.98279952e-01, -7.34684423e-02, -3.63684806e-01,
        -1.03188577e-01, -1.58037182e-01,  4.96547269e-01,
        -4.29852145e-01, -3.00533800e-01,  1.69537083e+00,
         4.43741791e-01, -3.28020518e-01, -4.76282146e-01,
         4.55906846e-02,  5.91956677e-02,  8.26128131e-01,
         1.73416093e-02,  1.31225105e-01,  2.82365335e-01],
       [-7.88488943e-02,  3.41792931e-02,  3.52701034e-02,
         5.88216494e-02, -1.72586933e-02,  5.57716827e-02,
         1.12666631e-01, -2.84753337e-01,  3.89153057e-01,
        -6.35697941e-02, -1.65581270e-01, -3.88956179e-02,
         1.68458344e-01,  3.02040344e-02,  1.73416093e-02,
         1.04781498e-01,  7.70983021e-03, -6.80820957e-03],
       [-7.36025767e-02, -2.49553570e-01, -5.08456150e-03,
         1.98798996e-02,  1.07402240e-01,  1.63671604e-01,
         3.16956443e-01,  9.04044650e-02,  3.45788573e-01,
         5.93777983e-02, -3.05305601e-01, -5.59164048e-02,
         2.07136572e-02,  3.76486004e-01,  1.31225105e-01,
         7.70983021e-03,  1.60925013e-01, -2.92264348e-02],
       [-1.59415495e-01,  2.40612527e-01, -1.62503104e-01,
        -7.43258820e-02, -1.13604772e-01,  6.26114280e-02,
        -4.22886508e-01, -7.15518094e-02,  3.76055439e-01,
         1.75901205e-01,  1.61881819e-01, -1.68590895e-01,
        -2.26616389e-02, -2.60419299e-01,  2.82365335e-01,
        -6.80820957e-03, -2.92264348e-02,  2.03811804e-01]])
      jac: array([-1.05545202e-06,  4.46309656e-07, -7.68644408e-07,  1.24048919e-06,
       -3.21964677e-06,  4.51120622e-06, -6.06921920e-08,  3.87097761e-07,
       -5.93969318e-07, -3.52680848e-07, -5.80646642e-07, -8.51170986e-08,
       -6.20984745e-07, -1.94659104e-07, -4.28509080e-06, -2.44249065e-08,
        1.53617859e-06,  2.00025182e-06])
  message: 'Optimization terminated successfully.'
     nfev: 779
      nit: 33
     njev: 41
   status: 0
  success: True
        x: array([ 0.70476569, -0.08772158,  0.42340161,  0.22162842, -1.16397887,
       -0.99350259,  1.34008426, -1.68284227, -1.16172453, -1.02732709,
       -0.00202442,  0.54725079,  0.11981912,  0.0493136 , -0.82367388,
        0.08079082,  1.4693899 , -1.09060372])
