Program Begingeth
      fun: 0.2670637017694525
 hess_inv: array([[ 5.59694397e-01,  1.20717803e-02,  9.94581756e-02,
        -4.09759797e-02,  7.75196858e-02,  1.75359555e-01,
        -1.23667973e+00,  4.61058886e-01,  1.15203921e-01,
        -8.24939902e-03, -2.48387848e-01,  3.04136422e-02,
        -1.64181908e-01,  1.62689658e-02, -1.44719692e-03,
         3.45533212e-02, -1.11617828e-01, -1.66821218e-01],
       [ 1.20717803e-02,  8.66204381e-01, -2.91797678e-01,
        -4.30240740e-01,  1.46782289e-01, -2.06101087e-01,
        -7.39705765e-01, -1.51848413e+00, -6.45419067e-02,
        -1.64407238e+00,  4.50482743e-01,  1.10104011e+00,
         1.06320718e-01, -2.47841914e-01, -4.06893918e-01,
         1.78404978e-01, -5.62648370e-02, -1.23995690e-01],
       [ 9.94581756e-02, -2.91797678e-01,  7.46991184e-01,
         9.59684029e-03, -3.84636189e-01,  5.91983471e-02,
         6.41642444e-01, -5.92565891e-02, -1.85521469e+00,
         6.87769292e-01, -1.94597564e+00, -7.62817417e-01,
        -1.98392931e-01,  2.80435103e-01,  4.65140034e-02,
         4.01975272e-02,  1.50768807e-01,  3.95661060e-03],
       [-4.09759797e-02, -4.30240740e-01,  9.59684029e-03,
         4.71103173e-01, -9.32818258e-02,  3.25160776e-01,
         5.59568083e-01,  8.86749136e-01,  1.76161813e+00,
         1.92814456e+00,  1.76465360e-01, -3.46840809e-01,
        -9.74242486e-02,  1.39608327e-02,  2.78007246e-01,
        -1.62496682e-01,  4.04313704e-02,  5.21767668e-03],
       [ 7.75196858e-02,  1.46782289e-01, -3.84636189e-01,
        -9.32818258e-02,  6.68741094e-01, -1.33860588e-01,
        -2.38050496e+00,  1.13675784e+00,  1.04191286e+00,
        -1.12373445e+00,  1.88499889e+00,  2.37302988e-01,
         3.52797509e-01, -6.52970979e-02, -5.53056783e-02,
         9.54400011e-02, -2.40557463e-01,  5.67407536e-02],
       [ 1.75359555e-01, -2.06101087e-01,  5.91983471e-02,
         3.25160776e-01, -1.33860588e-01,  8.08272964e-01,
        -1.30949777e+00, -3.19143712e-01,  3.42944448e+00,
         2.54691300e+00,  1.45891972e-01,  8.52828940e-01,
        -3.52647367e-01, -1.70690533e-02,  2.33770145e-01,
        -1.79373571e-01,  5.95516549e-02, -1.68047306e-01],
       [-1.23667973e+00, -7.39705765e-01,  6.41642444e-01,
         5.59568083e-01, -2.38050496e+00, -1.30949777e+00,
         2.11650737e+01, -1.67360249e+00, -9.10738664e+00,
         1.85197168e-01, -5.61282445e+00, -3.48771095e+00,
        -6.43889504e-01,  2.01625487e-01,  1.53883322e-01,
        -3.33050808e-01,  1.26358824e+00,  4.63500751e-01],
       [ 4.61058886e-01, -1.51848413e+00, -5.92565891e-02,
         8.86749136e-01,  1.13675784e+00, -3.19143712e-01,
        -1.67360249e+00,  1.15018570e+01, -1.09917803e+00,
         4.83153849e-01,  1.40690896e+00, -3.91125972e+00,
         5.14576963e-01,  4.13288583e-01,  9.40358907e-01,
        -2.54790674e-01, -3.47715907e-01,  4.12069168e-01],
       [ 1.15203921e-01, -6.45419067e-02, -1.85521469e+00,
         1.76161813e+00,  1.04191286e+00,  3.42944448e+00,
        -9.10738664e+00, -1.09917803e+00,  2.70643631e+01,
         9.80497419e+00,  8.92643658e+00,  5.27459130e+00,
        -5.01237135e-01, -1.15384506e+00,  7.79046198e-01,
        -9.07325552e-01, -4.17507036e-01, -5.41306639e-01],
       [-8.24939902e-03, -1.64407238e+00,  6.87769292e-01,
         1.92814456e+00, -1.12373445e+00,  2.54691300e+00,
         1.85197168e-01,  4.83153849e-01,  9.80497419e+00,
         1.17242181e+01, -1.18334823e+00,  4.51534378e-01,
        -1.28893008e+00,  1.72160306e-01,  1.15049586e+00,
        -8.40914371e-01,  5.40650133e-01, -4.46834163e-01],
       [-2.48387848e-01,  4.50482743e-01, -1.94597564e+00,
         1.76465360e-01,  1.88499889e+00,  1.45891972e-01,
        -5.61282445e+00,  1.40690896e+00,  8.92643658e+00,
        -1.18334823e+00,  8.01548143e+00,  2.08194258e+00,
         8.77475065e-01, -6.19288796e-01, -4.25672759e-02,
        -5.94078084e-02, -5.97853898e-01,  9.90915812e-02],
       [ 3.04136422e-02,  1.10104011e+00, -7.62817417e-01,
        -3.46840809e-01,  2.37302988e-01,  8.52828940e-01,
        -3.48771095e+00, -3.91125972e+00,  5.27459130e+00,
         4.51534378e-01,  2.08194258e+00,  4.02113072e+00,
        -1.84909455e-01, -4.30428691e-01, -3.17969914e-01,
         5.30718762e-02, -2.28561226e-02, -3.27779024e-01],
       [-1.64181908e-01,  1.06320718e-01, -1.98392931e-01,
        -9.74242486e-02,  3.52797509e-01, -3.52647367e-01,
        -6.43889504e-01,  5.14576963e-01, -5.01237135e-01,
        -1.28893008e+00,  8.77475065e-01, -1.84909455e-01,
         3.97210304e-01, -3.29806678e-02, -8.19032532e-02,
         1.36747343e-01, -1.54585221e-01,  1.54332288e-01],
       [ 1.62689658e-02, -2.47841914e-01,  2.80435103e-01,
         1.39608327e-02, -6.52970979e-02, -1.70690533e-02,
         2.01625487e-01,  4.13288583e-01, -1.15384506e+00,
         1.72160306e-01, -6.19288796e-01, -4.30428691e-01,
        -3.29806678e-02,  1.99572727e-01,  7.53411449e-02,
         1.47141801e-02,  7.40108455e-02,  5.09384338e-02],
       [-1.44719692e-03, -4.06893918e-01,  4.65140034e-02,
         2.78007246e-01, -5.53056783e-02,  2.33770145e-01,
         1.53883322e-01,  9.40358907e-01,  7.79046198e-01,
         1.15049586e+00, -4.25672759e-02, -3.17969914e-01,
        -8.19032532e-02,  7.53411449e-02,  2.69544745e-01,
        -1.32126212e-01,  2.28440644e-02,  5.65620668e-02],
       [ 3.45533212e-02,  1.78404978e-01,  4.01975272e-02,
        -1.62496682e-01,  9.54400011e-02, -1.79373571e-01,
        -3.33050808e-01, -2.54790674e-01, -9.07325552e-01,
        -8.40914371e-01, -5.94078084e-02,  5.30718762e-02,
         1.36747343e-01,  1.47141801e-02, -1.32126212e-01,
         1.49091190e-01, -5.11640098e-02,  1.67527009e-02],
       [-1.11617828e-01, -5.62648370e-02,  1.50768807e-01,
         4.04313704e-02, -2.40557463e-01,  5.95516549e-02,
         1.26358824e+00, -3.47715907e-01, -4.17507036e-01,
         5.40650133e-01, -5.97853898e-01, -2.28561226e-02,
        -1.54585221e-01,  7.40108455e-02,  2.28440644e-02,
        -5.11640098e-02,  1.89676691e-01, -1.00498300e-02],
       [-1.66821218e-01, -1.23995690e-01,  3.95661060e-03,
         5.21767668e-03,  5.67407536e-02, -1.68047306e-01,
         4.63500751e-01,  4.12069168e-01, -5.41306639e-01,
        -4.46834163e-01,  9.90915812e-02, -3.27779024e-01,
         1.54332288e-01,  5.09384338e-02,  5.65620668e-02,
         1.67527009e-02, -1.00498300e-02,  1.63029101e-01]])
      jac: array([ 1.36757272e-05,  1.46401410e-05, -1.07225340e-05, -8.89466279e-05,
       -1.38504023e-05,  1.50264986e-05,  4.39204229e-06,  3.94869322e-06,
       -2.67193675e-07,  1.91328435e-05,  5.63290155e-06, -8.02691247e-06,
        2.58548738e-05,  1.88079182e-05, -2.11571501e-06,  7.46439947e-06,
       -3.18519285e-05,  2.06819747e-05])
  message: 'Desired error not necessarily achieved due to precision loss.'
     nfev: 2671
      nit: 86
     njev: 140
   status: 2
  success: False
        x: array([ 0.07115269,  0.3969317 ,  0.85195576,  0.99721235, -0.71190016,
        0.10705555,  0.52488286, -1.544076  , -0.4410551 ,  0.68856674,
       -0.86704621,  0.77897951,  0.05046944,  0.11338988, -0.39090689,
       -1.02470211, -0.51365942, -0.00388849])
