Program Begingeth
      fun: 0.3131901518129917
 hess_inv: array([[ 1.82615268e+00, -1.88967969e-01,  1.98597496e-01,
         3.04735533e-01, -2.02973437e-01,  3.80852520e-01,
         7.39125422e-01, -3.51797561e-01,  7.77947985e-01,
         9.22444522e-01, -7.07576787e-01,  3.24552417e-02,
        -7.37018425e-01,  4.53517435e-02,  2.96776817e-02,
        -4.23643039e-02, -1.28889863e-02, -2.88762527e-01],
       [-1.88967969e-01,  6.52042519e-01, -1.11321649e-01,
        -3.11509510e-01,  3.39393604e-02, -2.12160736e-01,
        -1.22815966e+00,  8.06355238e-02, -3.73376799e-01,
        -8.68648136e-01, -7.15958853e-02, -1.58667168e-02,
         6.24515800e-02, -2.19668837e-01, -1.97024347e-01,
         2.70592126e-02,  9.07488826e-03, -8.68946078e-02],
       [ 1.98597496e-01, -1.11321649e-01,  4.40417952e-01,
         1.19471828e-01,  1.29394257e-02,  1.31651112e-01,
         7.48702274e-03, -4.24379452e-01,  3.33336233e-01,
         5.50025596e-01, -2.87056146e-02,  2.95422826e-02,
        -5.33321655e-02,  1.22610647e-01, -6.56642513e-02,
         4.75426500e-02,  4.48396817e-02,  1.99565667e-02],
       [ 3.04735533e-01, -3.11509510e-01,  1.19471828e-01,
         4.51648830e-01,  9.34788096e-02,  1.95746286e-01,
         1.27117746e+00,  3.50505500e-01,  1.35505580e+00,
         1.30285699e+00,  3.43507247e-01, -2.28726954e-01,
        -4.78154790e-02,  1.12222162e-01,  1.26013716e-01,
         1.18185318e-02, -1.49341578e-02,  2.92308547e-02],
       [-2.02973437e-01,  3.39393604e-02,  1.29394257e-02,
         9.34788096e-02,  2.86393933e-01, -4.97506430e-02,
         5.44689137e-02,  7.90957429e-01,  8.83521734e-01,
         2.87484214e-01,  7.82605218e-01, -2.70367102e-01,
         1.39831228e-01,  5.50897307e-02, -2.75755486e-02,
         4.15254092e-02,  1.81450773e-02,  3.86863517e-02],
       [ 3.80852520e-01, -2.12160736e-01,  1.31651112e-01,
         1.95746286e-01, -4.97506430e-02,  3.20587566e-01,
         7.61877743e-01, -4.59925859e-01,  1.00722304e+00,
         7.07560392e-01, -2.52372411e-02,  3.48714362e-01,
        -1.97632700e-01,  1.00039403e-01,  1.13661946e-01,
        -3.21827232e-02,  3.53651000e-02, -5.40166122e-03],
       [ 7.39125422e-01, -1.22815966e+00,  7.48702274e-03,
         1.27117746e+00,  5.44689137e-02,  7.61877743e-01,
         7.81196397e+00, -3.53629917e-01,  4.74363602e+00,
         3.22858224e+00,  1.45660574e+00, -3.45435955e-01,
        -4.31472062e-01,  3.18097742e-01,  5.55864273e-01,
        -1.94216530e-01,  8.25346728e-02,  6.27674438e-02],
       [-3.51797561e-01,  8.06355238e-02, -4.24379452e-01,
         3.50505500e-01,  7.90957429e-01, -4.59925859e-01,
        -3.53629917e-01,  4.67160770e+00,  1.53462151e+00,
         6.45339861e-01,  1.66702323e+00, -1.57827144e+00,
         4.58348663e-01,  2.33730600e-03,  1.39374780e-02,
         1.09913050e-01, -9.78724864e-02,  7.08489149e-02],
       [ 7.77947985e-01, -3.73376799e-01,  3.33336233e-01,
         1.35505580e+00,  8.83521734e-01,  1.00722304e+00,
         4.74363602e+00,  1.53462151e+00,  9.68201793e+00,
         4.42458067e+00,  3.22575728e+00, -4.12710352e-01,
        -3.16890380e-01,  3.20103601e-01,  3.39932809e-01,
        -3.46344534e-02,  1.50469011e-01,  6.16115065e-02],
       [ 9.22444522e-01, -8.68648136e-01,  5.50025596e-01,
         1.30285699e+00,  2.87484214e-01,  7.07560392e-01,
         3.22858224e+00,  6.45339861e-01,  4.42458067e+00,
         4.10388470e+00,  1.00153578e+00, -4.15581621e-01,
        -2.04471291e-01,  3.84931899e-01,  3.37166384e-01,
         2.71805864e-02,  5.92555289e-03,  9.08974245e-02],
       [-7.07576787e-01, -7.15958853e-02, -2.87056146e-02,
         3.43507247e-01,  7.82605218e-01, -2.52372411e-02,
         1.45660574e+00,  1.66702323e+00,  3.22575728e+00,
         1.00153578e+00,  2.60545758e+00, -6.45255513e-01,
         3.50527726e-01,  1.66822912e-01,  8.19368597e-03,
         4.98391766e-02,  7.19769497e-02,  1.38517491e-01],
       [ 3.24552417e-02, -1.58667168e-02,  2.95422826e-02,
        -2.28726954e-01, -2.70367102e-01,  3.48714362e-01,
        -3.45435955e-01, -1.57827144e+00, -4.12710352e-01,
        -4.15581621e-01, -6.45255513e-01,  1.25971771e+00,
        -1.72677333e-01,  4.28263671e-02,  8.10483704e-02,
        -5.86399408e-02,  7.60661876e-02, -7.76671519e-04],
       [-7.37018425e-01,  6.24515800e-02, -5.33321655e-02,
        -4.78154790e-02,  1.39831228e-01, -1.97632700e-01,
        -4.31472062e-01,  4.58348663e-01, -3.16890380e-01,
        -2.04471291e-01,  3.50527726e-01, -1.72677333e-01,
         3.78530532e-01, -9.18439189e-03, -2.00935988e-02,
         6.65917539e-02, -2.07417718e-02,  1.31560006e-01],
       [ 4.53517435e-02, -2.19668837e-01,  1.22610647e-01,
         1.12222162e-01,  5.50897307e-02,  1.00039403e-01,
         3.18097742e-01,  2.33730600e-03,  3.20103601e-01,
         3.84931899e-01,  1.66822912e-01,  4.28263671e-02,
        -9.18439189e-03,  1.33232175e-01,  4.52922879e-02,
         6.68095349e-03,  3.44063190e-02,  3.98090262e-02],
       [ 2.96776817e-02, -1.97024347e-01, -6.56642513e-02,
         1.26013716e-01, -2.75755486e-02,  1.13661946e-01,
         5.55864273e-01,  1.39374780e-02,  3.39932809e-01,
         3.37166384e-01,  8.19368597e-03,  8.10483704e-02,
        -2.00935988e-02,  4.52922879e-02,  1.35139489e-01,
        -2.75407153e-02, -1.04074393e-02,  4.96209033e-02],
       [-4.23643039e-02,  2.70592126e-02,  4.75426500e-02,
         1.18185318e-02,  4.15254092e-02, -3.21827232e-02,
        -1.94216530e-01,  1.09913050e-01, -3.46344534e-02,
         2.71805864e-02,  4.98391766e-02, -5.86399408e-02,
         6.65917539e-02,  6.68095349e-03, -2.75407153e-02,
         4.66815806e-02, -5.85114768e-03,  1.19485579e-02],
       [-1.28889863e-02,  9.07488826e-03,  4.48396817e-02,
        -1.49341578e-02,  1.81450773e-02,  3.53651000e-02,
         8.25346728e-02, -9.78724864e-02,  1.50469011e-01,
         5.92555289e-03,  7.19769497e-02,  7.60661876e-02,
        -2.07417718e-02,  3.44063190e-02, -1.04074393e-02,
        -5.85114768e-03,  4.37846320e-02,  2.33580952e-04],
       [-2.88762527e-01, -8.68946078e-02,  1.99565667e-02,
         2.92308547e-02,  3.86863517e-02, -5.40166122e-03,
         6.27674438e-02,  7.08489149e-02,  6.16115065e-02,
         9.08974245e-02,  1.38517491e-01, -7.76671519e-04,
         1.31560006e-01,  3.98090262e-02,  4.96209033e-02,
         1.19485579e-02,  2.33580952e-04,  9.54643694e-02]])
      jac: array([ 1.23430895e-05,  3.24629212e-06,  4.25696515e-06, -1.03247041e-05,
       -6.97405097e-06, -2.06986280e-05,  7.00920803e-07, -2.66453526e-07,
        2.17455683e-06,  1.86998565e-06,  7.21274892e-07,  2.78332912e-06,
        2.42591132e-05,  8.34221581e-06,  1.17465297e-05, -2.11771341e-05,
        5.46192721e-06, -2.92210700e-06])
  message: 'Desired error not necessarily achieved due to precision loss.'
     nfev: 2045
      nit: 66
     njev: 107
   status: 2
  success: False
        x: array([ 0.11320105,  0.12809253,  0.7505648 ,  1.62255207, -0.87340993,
        0.34340026,  1.10317201, -1.92440601,  0.8021914 ,  1.96714395,
       -0.7854784 ,  0.93999158,  0.03603532,  0.10370935, -0.1943987 ,
       -1.47185369, -0.3862243 ,  0.05336693])
