Program Begingeth
      fun: 0.23024621011132032
 hess_inv: array([[ 4.86710133e+00, -1.61621023e+00, -7.95150195e-01,
         1.25877759e+00, -5.09183966e-01,  7.97638257e-01,
         1.94437760e+00,  3.22208324e+00,  9.04300897e-01,
        -4.75912899e-01, -1.06983013e+00,  1.25761166e+00,
        -9.58557498e-01,  5.61913811e-01,  5.46858963e-01,
        -2.14980523e-01,  5.27205476e-01, -3.28495853e-01],
       [-1.61621023e+00,  2.63720792e+00,  3.00855727e-01,
        -1.59825684e-01,  8.93217594e-01, -3.37066100e-01,
         2.66563509e-01,  1.67945493e+00,  8.30318900e-01,
        -2.35288720e-01, -1.08243588e-01, -1.39836848e+00,
         4.87917164e-01, -4.09939218e-01, -6.53266425e-02,
        -8.84455908e-02, -1.50093940e-01,  1.97815838e-01],
       [-7.95150195e-01,  3.00855727e-01,  5.03010142e+00,
        -1.16590309e+00,  8.28844944e-02,  1.71835416e+00,
        -1.10331000e+01, -5.53011578e+00,  6.58754494e+00,
         6.05081057e-01,  2.50291336e+00, -1.36733714e+00,
         1.33803902e-01, -3.12133567e-01, -8.85011812e-01,
         4.85159162e-01, -1.29944508e-01, -4.97595068e-01],
       [ 1.25877759e+00, -1.59825684e-01, -1.16590309e+00,
         6.10684961e-01, -7.11302121e-02, -1.94822712e-01,
         3.37487566e+00,  2.06149476e+00, -8.33250782e-01,
        -3.23481239e-01, -7.41002285e-01,  3.61952466e-01,
        -1.92358123e-01,  1.13075070e-01,  3.10285126e-01,
        -1.61182977e-01,  1.30463323e-01,  6.05719500e-02],
       [-5.09183966e-01,  8.93217594e-01,  8.28844944e-02,
        -7.11302121e-02,  4.09206238e-01, -5.95728630e-02,
        -6.28709488e-01,  1.39387474e+00,  3.68098193e-02,
         2.11045022e-02, -1.49750798e-01, -3.83688617e-01,
         1.75574358e-01, -6.97416998e-02,  4.31985758e-02,
        -6.28848926e-03, -5.78881282e-02,  7.56865760e-02],
       [ 7.97638257e-01, -3.37066100e-01,  1.71835416e+00,
        -1.94822712e-01, -5.95728630e-02,  9.21300332e-01,
        -4.42889385e+00, -9.97547450e-01,  2.84677953e+00,
         2.90434151e-01,  5.95699176e-01, -1.42518581e-01,
        -1.98169979e-01,  4.43368780e-02, -1.57663243e-01,
         1.28299261e-01,  3.82088491e-02, -2.74760860e-01],
       [ 1.94437760e+00,  2.66563509e-01, -1.10331000e+01,
         3.37487566e+00, -6.28709488e-01, -4.42889385e+00,
         3.68998218e+01,  9.25742709e+00, -1.34739175e+01,
        -2.55926092e+00, -4.63552493e+00,  1.70113353e+00,
        -3.39963515e-01,  9.53792936e-02,  1.66913780e+00,
        -1.31734005e+00,  6.10180909e-01,  1.32930781e+00],
       [ 3.22208324e+00,  1.67945493e+00, -5.53011578e+00,
         2.06149476e+00,  1.39387474e+00, -9.97547450e-01,
         9.25742709e+00,  1.92247223e+01, -6.26501046e+00,
        -4.49716065e-01, -4.23153162e+00,  8.18949369e-01,
        -4.25798658e-01,  5.22686734e-01,  1.97053146e+00,
        -8.38070773e-01,  2.92923224e-01,  5.81582115e-01],
       [ 9.04300897e-01,  8.30318900e-01,  6.58754494e+00,
        -8.33250782e-01,  3.68098193e-02,  2.84677953e+00,
        -1.34739175e+01, -6.26501046e+00,  1.48133076e+01,
         7.49415470e-01,  3.15960949e+00, -1.93280836e+00,
        -1.63927986e-01, -7.74845871e-01, -1.16467020e+00,
         4.07118701e-01, -2.61866472e-01, -9.50708611e-01],
       [-4.75912899e-01, -2.35288720e-01,  6.05081057e-01,
        -3.23481239e-01,  2.11045022e-02,  2.90434151e-01,
        -2.55926092e+00, -4.49716065e-01,  7.49415470e-01,
         9.56534019e-01,  4.40024766e-01, -6.55141278e-02,
        -9.44841026e-02, -6.08817745e-02, -1.62306811e-01,
         9.35348078e-02, -1.56630484e-01, -2.29727411e-01],
       [-1.06983013e+00, -1.08243588e-01,  2.50291336e+00,
        -7.41002285e-01, -1.49750798e-01,  5.95699176e-01,
        -4.63552493e+00, -4.23153162e+00,  3.15960949e+00,
         4.40024766e-01,  2.07959260e+00, -7.75895718e-01,
         1.46942628e-01, -3.82958172e-01, -7.24804168e-01,
         3.09718499e-01, -1.53137824e-01, -3.27705151e-01],
       [ 1.25761166e+00, -1.39836848e+00, -1.36733714e+00,
         3.61952466e-01, -3.83688617e-01, -1.42518581e-01,
         1.70113353e+00,  8.18949369e-01, -1.93280836e+00,
        -6.55141278e-02, -7.75895718e-01,  1.42575101e+00,
        -2.76704989e-01,  4.43604847e-01,  2.66032896e-01,
        -1.67294942e-02,  1.81156246e-01,  3.29006679e-02],
       [-9.58557498e-01,  4.87917164e-01,  1.33803902e-01,
        -1.92358123e-01,  1.75574358e-01, -1.98169979e-01,
        -3.39963515e-01, -4.25798658e-01, -1.63927986e-01,
        -9.44841026e-02,  1.46942628e-01, -2.76704989e-01,
         3.13368942e-01, -1.19884137e-01, -8.65398435e-02,
         8.66671656e-02, -1.22340846e-01,  1.30683159e-01],
       [ 5.61913811e-01, -4.09939218e-01, -3.12133567e-01,
         1.13075070e-01, -6.97416998e-02,  4.43368780e-02,
         9.53792936e-02,  5.22686734e-01, -7.74845871e-01,
        -6.08817745e-02, -3.82958172e-01,  4.43604847e-01,
        -1.19884137e-01,  2.36801114e-01,  1.41510771e-01,
        -8.07508522e-03,  1.20415749e-01,  2.00073688e-02],
       [ 5.46858963e-01, -6.53266425e-02, -8.85011812e-01,
         3.10285126e-01,  4.31985758e-02, -1.57663243e-01,
         1.66913780e+00,  1.97053146e+00, -1.16467020e+00,
        -1.62306811e-01, -7.24804168e-01,  2.66032896e-01,
        -8.65398435e-02,  1.41510771e-01,  3.23975772e-01,
        -1.24446793e-01,  6.25779229e-02,  1.28612035e-01],
       [-2.14980523e-01, -8.84455908e-02,  4.85159162e-01,
        -1.61182977e-01, -6.28848926e-03,  1.28299261e-01,
        -1.31734005e+00, -8.38070773e-01,  4.07118701e-01,
         9.35348078e-02,  3.09718499e-01, -1.67294942e-02,
         8.66671656e-02, -8.07508522e-03, -1.24446793e-01,
         1.26860966e-01, -3.74056690e-02, -3.67877240e-02],
       [ 5.27205476e-01, -1.50093940e-01, -1.29944508e-01,
         1.30463323e-01, -5.78881282e-02,  3.82088491e-02,
         6.10180909e-01,  2.92923224e-01, -2.61866472e-01,
        -1.56630484e-01, -1.53137824e-01,  1.81156246e-01,
        -1.22340846e-01,  1.20415749e-01,  6.25779229e-02,
        -3.74056690e-02,  1.42830375e-01, -8.11199410e-03],
       [-3.28495853e-01,  1.97815838e-01, -4.97595068e-01,
         6.05719500e-02,  7.56865760e-02, -2.74760860e-01,
         1.32930781e+00,  5.81582115e-01, -9.50708611e-01,
        -2.29727411e-01, -3.27705151e-01,  3.29006679e-02,
         1.30683159e-01,  2.00073688e-02,  1.28612035e-01,
        -3.67877240e-02, -8.11199410e-03,  1.93584368e-01]])
      jac: array([-4.69570679e-05, -1.83786320e-05, -1.44774933e-05,  1.46516503e-04,
        4.88955173e-05,  4.18387547e-05, -1.28116036e-05, -5.73300666e-06,
       -5.43509682e-06, -1.63469238e-05, -7.20756788e-06,  5.15976151e-06,
       -7.21524692e-05, -6.10012041e-05, -3.52249711e-05,  6.98737364e-06,
        4.53520555e-05,  4.09746311e-06])
  message: 'Desired error not necessarily achieved due to precision loss.'
     nfev: 2348
      nit: 72
     njev: 123
   status: 2
  success: False
        x: array([ 0.60788291, -0.5784709 ,  0.58966797,  1.06504589, -0.73487466,
        0.08333054,  0.85024697, -1.21839712, -0.73784252, -0.00514367,
        0.68858431,  1.05932104,  0.04975212,  0.23007953, -0.34362224,
       -1.03155853, -0.2803872 ,  0.0021183 ])
