Program Begingeth
      fun: 0.3496934954829136
 hess_inv: array([[ 8.99757694e+00,  1.73528786e+00,  2.19687927e+00,
         3.38375774e+00,  9.01213769e-01,  4.69214503e-01,
         6.34307316e+00, -1.42374494e+00, -2.80604628e+00,
         2.28545003e-01,  2.25672675e-01, -9.19955817e-02,
        -1.13533475e+00, -4.98464534e-02, -1.12238605e-01,
        -3.70379503e-01, -3.92191867e-01,  1.70751811e-01],
       [ 1.73528786e+00,  5.56000206e+00, -6.23686129e-02,
         2.66720943e-01,  2.25177516e+00,  9.92058285e-02,
        -1.79859314e-01,  3.44193749e+00,  1.33722545e+00,
         8.02251536e-03, -2.59776677e-01, -1.55469956e+00,
        -4.12170542e-01, -4.30851656e-01,  4.60600821e-01,
         6.06076895e-02, -2.51759881e-01,  1.18170405e-01],
       [ 2.19687927e+00, -6.23686129e-02,  6.76803995e+00,
         1.40243617e+00, -2.71383303e-01,  2.53365676e+00,
         7.66129710e+00, -3.43901791e+00,  1.88314513e+00,
        -3.09126646e-01,  1.68915938e+00, -3.96016710e-01,
         4.48455931e-03, -4.20936635e-01, -4.25304523e-01,
        -2.75359859e-02, -5.45858546e-02, -1.19455049e-01],
       [ 3.38375774e+00,  2.66720943e-01,  1.40243617e+00,
         1.42068404e+00,  1.69732552e-01,  4.12831426e-01,
         3.61640472e+00, -9.15769307e-01, -9.80824295e-01,
        -7.12941759e-03,  1.80506752e-01,  6.31428641e-02,
        -3.31519642e-01,  4.19016626e-03, -8.77517090e-02,
        -1.21329258e-01, -1.09436126e-01,  4.37508200e-02],
       [ 9.01213769e-01,  2.25177516e+00, -2.71383303e-01,
         1.69732552e-01,  9.78164292e-01, -5.27158792e-02,
        -1.42001811e-01,  1.88435071e+00,  3.38107496e-01,
        -9.00137864e-02, -1.43085833e-01, -5.51494532e-01,
        -1.77679374e-01, -1.34430648e-01,  1.92444116e-01,
         3.56309605e-03, -1.01583818e-01,  4.62058019e-02],
       [ 4.69214503e-01,  9.92058285e-02,  2.53365676e+00,
         4.12831426e-01, -5.27158792e-02,  1.03759153e+00,
         2.94011662e+00, -9.46689282e-01,  1.28238225e+00,
        -2.91348867e-01,  5.34134492e-01, -1.74507473e-01,
         9.14992728e-02, -1.57548389e-01, -1.11876548e-01,
         1.99515637e-02, -1.40887138e-02, -5.43946190e-02],
       [ 6.34307316e+00, -1.79859314e-01,  7.66129710e+00,
         3.61640472e+00, -1.42001811e-01,  2.94011662e+00,
         1.67786906e+01, -3.75594359e+00,  2.40632008e-01,
        -4.45914502e-01,  9.35496134e-01,  9.10211764e-02,
        -1.66269080e-01, -6.04141940e-02, -2.69754035e-01,
        -1.10963988e-01, -5.67445195e-02,  3.26004999e-02],
       [-1.42374494e+00,  3.44193749e+00, -3.43901791e+00,
        -9.15769307e-01,  1.88435071e+00, -9.46689282e-01,
        -3.75594359e+00,  8.80185896e+00,  9.94709492e-01,
        -1.33320024e+00, -6.16575055e-01, -6.62269193e-01,
         3.20428586e-01, -5.32115227e-02,  5.29384436e-01,
         1.29918110e-01, -4.11282090e-02, -5.97051640e-02],
       [-2.80604628e+00,  1.33722545e+00,  1.88314513e+00,
        -9.80824295e-01,  3.38107496e-01,  1.28238225e+00,
         2.40632008e-01,  9.94709492e-01,  6.19183666e+00,
        -7.20035714e-01,  1.75255704e-01, -4.49387514e-01,
         4.61648093e-01, -3.48290143e-01,  7.56885689e-02,
         1.92824597e-01, -2.40213681e-02, -1.29647056e-01],
       [ 2.28545003e-01,  8.02251536e-03, -3.09126646e-01,
        -7.12941759e-03, -9.00137864e-02, -2.91348867e-01,
        -4.45914502e-01, -1.33320024e+00, -7.20035714e-01,
         1.98289275e+00, -3.43740689e-01,  7.68514961e-02,
        -5.38618842e-01,  8.53968834e-02,  1.08448642e-01,
        -4.68372991e-02,  2.08030655e-02,  3.38565876e-01],
       [ 2.25672675e-01, -2.59776677e-01,  1.68915938e+00,
         1.80506752e-01, -1.43085833e-01,  5.34134492e-01,
         9.35496134e-01, -6.16575055e-01,  1.75255704e-01,
        -3.43740689e-01,  1.18320037e+00, -1.24406004e-01,
         8.26127456e-02, -2.50860643e-01, -2.81664006e-01,
        -2.18273608e-02,  1.84144123e-03, -1.79795410e-01],
       [-9.19955817e-02, -1.55469956e+00, -3.96016710e-01,
         6.31428641e-02, -5.51494532e-01, -1.74507473e-01,
         9.10211764e-02, -6.62269193e-01, -4.49387514e-01,
         7.68514961e-02, -1.24406004e-01,  8.96848398e-01,
         2.33203282e-02,  2.33992382e-01, -1.67183803e-01,
        -8.20507715e-02,  9.14426732e-02,  1.01308542e-02],
       [-1.13533475e+00, -4.12170542e-01,  4.48455931e-03,
        -3.31519642e-01, -1.77679374e-01,  9.14992728e-02,
        -1.66269080e-01,  3.20428586e-01,  4.61648093e-01,
        -5.38618842e-01,  8.26127456e-02,  2.33203282e-02,
         3.35004189e-01,  9.43368764e-04, -2.62008100e-02,
         8.79131135e-02,  6.58364703e-02, -1.11249675e-01],
       [-4.98464534e-02, -4.30851656e-01, -4.20936635e-01,
         4.19016626e-03, -1.34430648e-01, -1.57548389e-01,
        -6.04141940e-02, -5.32115227e-02, -3.48290143e-01,
         8.53968834e-02, -2.50860643e-01,  2.33992382e-01,
         9.43368764e-04,  1.37845699e-01,  1.63370986e-02,
        -1.46198394e-02,  4.60767629e-02,  3.69768077e-02],
       [-1.12238605e-01,  4.60600821e-01, -4.25304523e-01,
        -8.77517090e-02,  1.92444116e-01, -1.11876548e-01,
        -2.69754035e-01,  5.29384436e-01,  7.56885689e-02,
         1.08448642e-01, -2.81664006e-01, -1.67183803e-01,
        -2.62008100e-02,  1.63370986e-02,  1.48862905e-01,
         2.83180270e-02, -1.31132221e-02,  7.14799065e-02],
       [-3.70379503e-01,  6.06076895e-02, -2.75359859e-02,
        -1.21329258e-01,  3.56309605e-03,  1.99515637e-02,
        -1.10963988e-01,  1.29918110e-01,  1.92824597e-01,
        -4.68372991e-02, -2.18273608e-02, -8.20507715e-02,
         8.79131135e-02, -1.46198394e-02,  2.83180270e-02,
         5.64379575e-02,  1.53640944e-02, -1.03748626e-02],
       [-3.92191867e-01, -2.51759881e-01, -5.45858546e-02,
        -1.09436126e-01, -1.01583818e-01, -1.40887138e-02,
        -5.67445195e-02, -4.11282090e-02, -2.40213681e-02,
         2.08030655e-02,  1.84144123e-03,  9.14426732e-02,
         6.58364703e-02,  4.60767629e-02, -1.31132221e-02,
         1.53640944e-02,  5.83699433e-02, -4.30615488e-03],
       [ 1.70751811e-01,  1.18170405e-01, -1.19455049e-01,
         4.37508200e-02,  4.62058019e-02, -5.43946190e-02,
         3.26004999e-02, -5.97051640e-02, -1.29647056e-01,
         3.38565876e-01, -1.79795410e-01,  1.01308542e-02,
        -1.11249675e-01,  3.69768077e-02,  7.14799065e-02,
        -1.03748626e-02, -4.30615488e-03,  9.96270808e-02]])
      jac: array([ 7.09802587e-07, -3.70074342e-10,  1.69234996e-06, -1.03324756e-06,
       -4.91828800e-07, -3.66669658e-06, -2.44249065e-08,  7.03141249e-08,
        3.28255941e-07,  1.17794663e-06, -6.68724335e-07,  8.65973959e-07,
        3.36175532e-06, -1.91106390e-06,  6.12473035e-06, -4.72806979e-06,
        2.45618341e-06, -5.20879636e-06])
  message: 'Optimization terminated successfully.'
     nfev: 2033
      nit: 89
     njev: 107
   status: 0
  success: True
        x: array([-1.17708269, -1.01505978,  0.01413733, -1.60297751, -0.98980458,
       -0.06095779, -2.09186163, -1.13128294, -0.93541827,  0.21193568,
        0.33886818,  1.05452924,  0.15392856,  0.15884293, -0.20916709,
        1.67525792, -0.35560751,  0.03715254])
