Program Begingeth
      fun: 0.29368286230289326
 hess_inv: array([[ 4.32510244e+00, -1.47896287e-01, -7.95611640e+00,
         1.55998584e+00, -1.95295956e-01, -4.15755736e+00,
        -6.68286367e+00, -3.71425014e+00, -8.09463981e+00,
         4.15931847e-01,  5.92113765e-01,  2.68526904e-01,
         3.07034784e-01, -1.54525762e-01, -3.43358116e-01,
         2.71644615e-01, -2.05825005e-01, -1.85095858e-02],
       [-1.47896287e-01,  9.63858740e-01,  7.35742963e-01,
        -1.41456921e-02,  5.41462840e-01,  3.17332791e-01,
         1.04776738e+00,  8.64053130e-01,  2.68646027e-01,
        -6.06326880e-02, -3.40739549e-02,  2.05258236e-01,
         1.81234422e-02,  1.20093658e-01, -6.93662746e-02,
         4.87414508e-02,  5.62846457e-02, -1.69305786e-02],
       [-7.95611640e+00,  7.35742963e-01,  2.59248904e+01,
        -1.73983124e+00,  1.17311788e+00,  1.34548351e+01,
         2.49927130e+01,  1.26562871e+01,  2.40579180e+01,
        -1.07147863e+00, -2.57814209e+00, -2.00134165e-01,
        -9.96210735e-02,  7.42119537e-01,  1.14959565e+00,
        -2.97335465e-01,  2.51630276e-01,  2.39837039e-01],
       [ 1.55998584e+00, -1.41456921e-02, -1.73983124e+00,
         7.15815655e-01,  4.72230646e-03, -9.28925562e-01,
        -8.51339515e-01, -8.15728663e-01, -1.90862635e+00,
         9.95767665e-02,  1.03406075e-01,  1.17955803e-01,
         1.94462952e-01, -3.62185037e-02, -8.80835571e-02,
         1.37776062e-01, -1.13192531e-01,  1.12655098e-02],
       [-1.95295956e-01,  5.41462840e-01,  1.17311788e+00,
         4.72230646e-03,  3.55163224e-01,  5.78014336e-01,
         1.34732332e+00,  1.00401290e+00,  8.14649929e-01,
        -2.12585559e-02, -1.09644624e-01,  1.37230400e-01,
         2.15188452e-02,  1.03269339e-01, -1.19414376e-03,
         3.62124365e-02,  3.40055830e-02, -1.92131594e-04],
       [-4.15755736e+00,  3.17332791e-01,  1.34548351e+01,
        -9.28925562e-01,  5.78014336e-01,  7.01480880e+00,
         1.28096880e+01,  6.60563996e+00,  1.26143550e+01,
        -4.97556807e-01, -1.39623463e+00, -1.08051331e-01,
        -7.63235272e-02,  3.88667045e-01,  6.22019012e-01,
        -1.67699746e-01,  1.26523430e-01,  1.27169505e-01],
       [-6.68286367e+00,  1.04776738e+00,  2.49927130e+01,
        -8.51339515e-01,  1.34732332e+00,  1.28096880e+01,
         2.74207598e+01,  1.19851546e+01,  2.31917835e+01,
        -1.10425342e+00, -2.13867802e+00, -7.47840165e-02,
         2.45863503e-01,  6.01509440e-01,  8.84199381e-01,
        -7.79297266e-02,  6.06840369e-02,  1.76763302e-01],
       [-3.71425014e+00,  8.64053130e-01,  1.26562871e+01,
        -8.15728663e-01,  1.00401290e+00,  6.60563996e+00,
         1.19851546e+01,  8.16697592e+00,  1.14441412e+01,
        -1.47546539e-01, -1.28663016e+00,  1.10355100e-01,
        -1.46708225e-01,  4.72459882e-01,  5.50838655e-01,
        -1.27295032e-01,  1.57510952e-01,  8.31517955e-02],
       [-8.09463981e+00,  2.68646027e-01,  2.40579180e+01,
        -1.90862635e+00,  8.14649929e-01,  1.26143550e+01,
         2.31917835e+01,  1.14441412e+01,  2.41314694e+01,
        -9.20496209e-01, -2.34206457e+00, -2.35905611e-01,
        -1.33864245e-01,  5.23526329e-01,  1.05130380e+00,
        -3.24602062e-01,  1.33512069e-01,  1.73849704e-01],
       [ 4.15931847e-01, -6.06326880e-02, -1.07147863e+00,
         9.95767665e-02, -2.12585559e-02, -4.97556807e-01,
        -1.10425342e+00, -1.47546539e-01, -9.20496209e-01,
         8.18336219e-01,  1.04301547e-01, -4.14090906e-02,
        -1.82285017e-01, -2.70363163e-02, -1.17589695e-01,
        -2.82279226e-03, -2.65846096e-02, -1.97834609e-01],
       [ 5.92113765e-01, -3.40739549e-02, -2.57814209e+00,
         1.03406075e-01, -1.09644624e-01, -1.39623463e+00,
        -2.13867802e+00, -1.28663016e+00, -2.34206457e+00,
         1.04301547e-01,  6.79525646e-01, -3.01716265e-02,
         4.58265257e-03, -1.70951656e-01, -2.23712083e-01,
         3.50883981e-02, -1.93002786e-02, -1.11097543e-01],
       [ 2.68526904e-01,  2.05258236e-01, -2.00134165e-01,
         1.17955803e-01,  1.37230400e-01, -1.08051331e-01,
        -7.47840165e-02,  1.10355100e-01, -2.35905611e-01,
        -4.14090906e-02, -3.01716265e-02,  3.37083193e-01,
         7.63023777e-02,  6.41941251e-02, -6.14917389e-02,
         7.85153086e-02,  2.31316597e-02,  2.68957682e-02],
       [ 3.07034784e-01,  1.81234422e-02, -9.96210735e-02,
         1.94462952e-01,  2.15188452e-02, -7.63235272e-02,
         2.45863503e-01, -1.46708225e-01, -1.33864245e-01,
        -1.82285017e-01,  4.58265257e-03,  7.63023777e-02,
         1.47216509e-01, -8.03034899e-03, -1.91601347e-03,
         8.13249699e-02, -4.07948170e-02,  5.53982175e-02],
       [-1.54525762e-01,  1.20093658e-01,  7.42119537e-01,
        -3.62185037e-02,  1.03269339e-01,  3.88667045e-01,
         6.01509440e-01,  4.72459882e-01,  5.23526329e-01,
        -2.70363163e-02, -1.70951656e-01,  6.41941251e-02,
        -8.03034899e-03,  9.82027440e-02,  4.57950402e-02,
        -1.28426447e-03,  5.50145855e-02,  2.79475220e-02],
       [-3.43358116e-01, -6.93662746e-02,  1.14959565e+00,
        -8.80835571e-02, -1.19414376e-03,  6.22019012e-01,
         8.84199381e-01,  5.50838655e-01,  1.05130380e+00,
        -1.17589695e-01, -2.23712083e-01, -6.14917389e-02,
        -1.91601347e-03,  4.57950402e-02,  1.36624732e-01,
        -3.29955117e-02,  8.34918103e-03,  7.68760126e-02],
       [ 2.71644615e-01,  4.87414508e-02, -2.97335465e-01,
         1.37776062e-01,  3.62124365e-02, -1.67699746e-01,
        -7.79297266e-02, -1.27295032e-01, -3.24602062e-01,
        -2.82279226e-03,  3.50883981e-02,  7.85153086e-02,
         8.13249699e-02, -1.28426447e-03, -3.29955117e-02,
         7.56158999e-02, -2.18752124e-02,  6.22289646e-03],
       [-2.05825005e-01,  5.62846457e-02,  2.51630276e-01,
        -1.13192531e-01,  3.40055830e-02,  1.26523430e-01,
         6.06840369e-02,  1.57510952e-01,  1.33512069e-01,
        -2.65846096e-02, -1.93002786e-02,  2.31316597e-02,
        -4.07948170e-02,  5.50145855e-02,  8.34918103e-03,
        -2.18752124e-02,  7.22947310e-02,  3.45407620e-03],
       [-1.85095858e-02, -1.69305786e-02,  2.39837039e-01,
         1.12655098e-02, -1.92131594e-04,  1.27169505e-01,
         1.76763302e-01,  8.31517955e-02,  1.73849704e-01,
        -1.97834609e-01, -1.11097543e-01,  2.68957682e-02,
         5.53982175e-02,  2.79475220e-02,  7.68760126e-02,
         6.22289646e-03,  3.45407620e-03,  9.70900466e-02]])
      jac: array([-8.99709936e-05, -1.03168955e-04, -4.68776869e-05,  2.28298861e-04,
        2.22340294e-04,  1.81121784e-04, -2.78388423e-05, -9.97757432e-06,
       -1.97038682e-05,  1.63850415e-05, -4.27583894e-06, -4.54728847e-05,
       -2.36063021e-05, -8.18578538e-05, -3.23662208e-04, -4.15108688e-05,
        1.54776192e-05,  2.76552115e-04])
  message: 'Desired error not necessarily achieved due to precision loss.'
     nfev: 2273
      nit: 77
     njev: 119
   status: 2
  success: False
        x: array([ 2.13387052e+00, -1.19563551e+00,  1.50417289e-01,  1.82632671e+00,
       -1.26005929e+00, -1.47431461e-02,  2.29487156e+00, -1.38267068e+00,
       -1.07759506e+00,  9.16706066e-02,  4.01219435e-01,  1.21372991e+00,
        4.72996332e-02,  1.86002410e-01, -2.69952138e-01, -1.15641898e+00,
       -2.07672648e-01,  1.98552793e-03])
