Program Begingeth
      fun: 0.3764317188935838
 hess_inv: array([[ 1.07779392e+01, -2.75126658e-02, -1.37773725e-01,
         1.97317027e+00, -3.16987749e-01,  1.81560275e+00,
        -1.04014328e+01,  2.47637925e+00,  4.11959639e+00,
        -1.35135055e+00, -1.57538651e+00,  5.75104939e-01,
        -1.60410093e+00,  2.77503121e-01,  8.07011068e-01,
        -9.05271609e-02,  5.76426355e-01, -8.86318043e-01],
       [-2.75126658e-02,  4.20250178e+00,  7.79667485e-01,
         1.67029558e-01,  1.30653728e+00,  2.08766946e-01,
        -6.52279733e+00, -8.18235552e-01,  4.69778783e+00,
         1.17100283e-01, -1.21779760e-01, -1.79939297e+00,
         4.47808603e-01, -5.52706513e-01, -5.40627112e-02,
        -2.14884977e-01, -2.53652915e-01, -1.97080928e-02],
       [-1.37773725e-01,  7.79667485e-01,  2.37229519e+00,
        -2.80742128e-01,  5.75950988e-02,  3.44133823e-01,
         3.56954718e-01, -2.96349642e+00, -1.73546152e-01,
        -2.30233440e-01,  1.19958830e+00, -8.78523603e-01,
        -7.52542521e-02, -2.27832045e-01, -4.35631556e-01,
         1.70796198e-01,  1.44179339e-01,  4.64488546e-03],
       [ 1.97317027e+00,  1.67029558e-01, -2.80742128e-01,
         4.61043343e-01, -2.01071240e-02,  2.79229018e-01,
        -1.52868205e+00,  8.34523805e-01,  1.13818098e+00,
        -2.92189078e-01, -4.62166627e-01,  3.76693838e-02,
        -2.23906568e-01,  2.43094888e-02,  2.18670884e-01,
        -3.35290798e-02,  9.72627291e-02, -1.24346876e-01],
       [-3.16987749e-01,  1.30653728e+00,  5.75950988e-02,
        -2.01071240e-02,  8.58054290e-01,  1.01862084e-01,
        -7.30835822e+00,  4.48116447e-01,  1.27563040e+00,
         6.44444137e-01, -9.36626783e-02, -3.88093091e-01,
         4.50734855e-01, -6.68852089e-02,  2.37077106e-02,
        -2.51935039e-02, -5.07171815e-01, -7.34022557e-02],
       [ 1.81560275e+00,  2.08766946e-01,  3.44133823e-01,
         2.79229018e-01,  1.01862084e-01,  4.71679275e-01,
        -3.55054097e+00,  2.23110192e-01,  9.96079557e-01,
         1.74532035e-02, -2.08388373e-01, -3.55114485e-02,
        -2.58891619e-01,  4.31247894e-02,  1.45108302e-01,
        -2.13535839e-02,  1.58959540e-04, -1.62198048e-01],
       [-1.04014328e+01, -6.52279733e+00,  3.56954718e-01,
        -1.52868205e+00, -7.30835822e+00, -3.55054097e+00,
         1.00980627e+02, -7.60556395e+00, -1.14966021e+01,
        -6.44021602e+00,  2.29169227e+00,  4.67469358e-01,
        -2.45999849e+00, -3.87001032e-01, -1.32325119e+00,
         2.25086202e-01,  5.76211416e+00,  2.30745714e+00],
       [ 2.47637925e+00, -8.18235552e-01, -2.96349642e+00,
         8.34523805e-01,  4.48116447e-01,  2.23110192e-01,
        -7.60556395e+00,  8.24578244e+00,  9.93094472e-01,
         5.72033014e-01, -1.96781484e+00,  9.95101332e-01,
        -6.02732919e-02,  4.86280264e-01,  1.06442876e+00,
        -3.42303587e-01, -2.42977239e-01, -1.36307003e-01],
       [ 4.11959639e+00,  4.69778783e+00, -1.73546152e-01,
         1.13818098e+00,  1.27563040e+00,  9.96079557e-01,
        -1.14966021e+01,  9.93094472e-01,  1.10033028e+01,
        -2.85115508e-01, -1.25527653e+00, -1.56161968e+00,
        -6.77700607e-02, -6.62763148e-01,  5.57491217e-01,
        -4.63413039e-01, -2.43471207e-01, -1.24519261e-01],
       [-1.35135055e+00,  1.17100283e-01, -2.30233440e-01,
        -2.92189078e-01,  6.44444137e-01,  1.74532035e-02,
        -6.44021602e+00,  5.72033014e-01, -2.85115508e-01,
         1.64357232e+00,  3.21375462e-02,  9.92940255e-02,
         3.46084287e-01,  6.70147282e-02,  1.44182085e-02,
        -7.74844015e-03, -6.70521059e-01, -1.30991765e-01],
       [-1.57538651e+00, -1.21779760e-01,  1.19958830e+00,
        -4.62166627e-01, -9.36626783e-02, -2.08388373e-01,
         2.29169227e+00, -1.96781484e+00, -1.25527653e+00,
         3.21375462e-02,  1.57658044e+00, -3.75608335e-01,
         1.59088484e-01, -2.60150639e-01, -5.27958797e-01,
         1.76097569e-01, -1.13232719e-02,  7.11391459e-03],
       [ 5.75104939e-01, -1.79939297e+00, -8.78523603e-01,
         3.76693838e-02, -3.88093091e-01, -3.55114485e-02,
         4.67469358e-01,  9.95101332e-01, -1.56161968e+00,
         9.92940255e-02, -3.75608335e-01,  1.35415979e+00,
        -1.86186006e-01,  4.02946251e-01,  9.29488901e-02,
         9.92776997e-02,  4.19082137e-02, -6.27071943e-02],
       [-1.60410093e+00,  4.47808603e-01, -7.52542521e-02,
        -2.23906568e-01,  4.50734855e-01, -2.58891619e-01,
        -2.45999849e+00, -6.02732919e-02, -6.77700607e-02,
         3.46084287e-01,  1.59088484e-01, -1.86186006e-01,
         5.86429159e-01, -5.88410101e-02, -9.03722382e-02,
         6.70172025e-02, -4.04186140e-01,  1.19316427e-01],
       [ 2.77503121e-01, -5.52706513e-01, -2.27832045e-01,
         2.43094888e-02, -6.68852089e-02,  4.31247894e-02,
        -3.87001032e-01,  4.86280264e-01, -6.62763148e-01,
         6.70147282e-02, -2.60150639e-01,  4.02946251e-01,
        -5.88410101e-02,  1.97663368e-01,  8.07613570e-02,
         3.00273526e-02,  1.43617402e-02, -1.64803248e-02],
       [ 8.07011068e-01, -5.40627112e-02, -4.35631556e-01,
         2.18670884e-01,  2.37077106e-02,  1.45108302e-01,
        -1.32325119e+00,  1.06442876e+00,  5.57491217e-01,
         1.44182085e-02, -5.27958797e-01,  9.29488901e-02,
        -9.03722382e-02,  8.07613570e-02,  2.59520694e-01,
        -8.04167028e-02, -1.38845215e-02, -9.34167041e-03],
       [-9.05271609e-02, -2.14884977e-01,  1.70796198e-01,
        -3.35290798e-02, -2.51935039e-02, -2.13535839e-02,
         2.25086202e-01, -3.42303587e-01, -4.63413039e-01,
        -7.74844015e-03,  1.76097569e-01,  9.92776997e-02,
         6.70172025e-02,  3.00273526e-02, -8.04167028e-02,
         1.11218556e-01, -2.36134966e-02,  1.11353330e-03],
       [ 5.76426355e-01, -2.53652915e-01,  1.44179339e-01,
         9.72627291e-02, -5.07171815e-01,  1.58959540e-04,
         5.76211416e+00, -2.42977239e-01, -2.43471207e-01,
        -6.70521059e-01, -1.13232719e-02,  4.19082137e-02,
        -4.04186140e-01,  1.43617402e-02, -1.38845215e-02,
        -2.36134966e-02,  5.52111486e-01,  5.61429590e-02],
       [-8.86318043e-01, -1.97080928e-02,  4.64488546e-03,
        -1.24346876e-01, -7.34022557e-02, -1.62198048e-01,
         2.30745714e+00, -1.36307003e-01, -1.24519261e-01,
        -1.30991765e-01,  7.11391459e-03, -6.27071943e-02,
         1.19316427e-01, -1.64803248e-02, -9.34167041e-03,
         1.11353330e-03,  5.61429590e-02,  1.83150676e-01]])
      jac: array([ 1.50139160e-06,  1.34707060e-06, -2.23487895e-06, -8.11202957e-06,
       -3.65929509e-06,  3.60674453e-06,  3.03460960e-08,  8.90028792e-07,
       -2.47949809e-08,  7.89368571e-07, -5.72134932e-07, -1.42108547e-06,
        7.84927678e-07, -1.37889700e-06, -4.52082816e-06,  4.91717778e-06,
       -1.23234756e-07,  2.20416278e-06])
  message: 'Optimization terminated successfully.'
     nfev: 1634
      nit: 78
     njev: 86
   status: 0
  success: True
        x: array([ 0.47129389, -0.84104838,  0.493498  ,  1.1125599 , -0.87584612,
        0.07172803,  0.20342098, -1.85175546, -0.39301273,  0.03006067,
        0.49740707,  1.10584184,  0.06769049, -0.03509769, -0.34834133,
       -1.10866218, -0.9848196 ,  0.00199477])
