Program Begingeth
      fun: 0.32451763895004815
 hess_inv: array([[ 7.70114726e-01, -1.44650303e-01, -1.58445632e-02,
        -8.82245755e-02,  1.53803611e-01,  2.97364819e-01,
        -1.10434497e-01,  3.60107711e-01,  2.15309889e-01,
        -3.59036330e-01,  2.95362109e-01,  4.72508998e-01,
        -3.02940684e-01,  6.13656487e-02, -1.11330733e-02,
         1.89039007e-02, -8.19360805e-02, -2.68923976e-01],
       [-1.44650303e-01,  5.22019184e-01, -8.69770751e-02,
         3.28020066e-01,  8.73302057e-03, -4.06401174e-01,
         1.03907699e+00,  4.58560959e-01,  3.77621934e-01,
         1.04399647e+00, -1.81534045e-02, -9.31874799e-01,
         1.16432912e-01, -1.92188193e-01, -2.20900817e-01,
         5.10072640e-02,  6.15635412e-02, -5.17951022e-02],
       [-1.58445632e-02, -8.69770751e-02,  2.41418480e-01,
        -1.45748730e-01,  5.77393486e-02,  7.28401802e-02,
        -2.60182972e-01, -8.58157298e-02, -1.96634144e-01,
        -4.63348888e-01,  5.38470072e-03,  2.14546904e-01,
         2.64545584e-02,  1.25731946e-01, -3.38054073e-02,
         6.13986399e-02,  4.15091191e-02,  3.67541693e-02],
       [-8.82245755e-02,  3.28020066e-01, -1.45748730e-01,
         8.44305605e-01,  2.79872226e-01, -4.29164298e-01,
         2.28930813e+00,  1.30744069e+00,  1.82251622e+00,
         2.27257976e+00,  7.93482311e-01, -1.67872812e+00,
         2.87315054e-01, -1.45693100e-01, -6.22398879e-02,
         1.06851652e-01, -3.37406249e-02,  7.83388746e-02],
       [ 1.53803611e-01,  8.73302057e-03,  5.77393486e-02,
         2.79872226e-01,  4.27631980e-01, -5.69289372e-02,
         8.95507015e-01,  1.12644787e+00,  1.02387279e+00,
         6.36799076e-01,  1.03011725e+00, -7.55292445e-01,
         8.29741369e-02,  1.24293860e-01,  3.19892746e-02,
         9.91401279e-02,  1.04496310e-02,  1.68546382e-02],
       [ 2.97364819e-01, -4.06401174e-01,  7.28401802e-02,
        -4.29164298e-01, -5.69289372e-02,  5.63715240e-01,
        -1.46116194e+00, -6.94472800e-01, -4.95292274e-01,
        -1.31712219e+00, -3.04600892e-02,  1.52609242e+00,
        -2.07448156e-01,  1.03677682e-01,  1.88385163e-01,
        -7.56768138e-02, -8.67161517e-02, -4.87143835e-02],
       [-1.10434497e-01,  1.03907699e+00, -2.60182972e-01,
         2.28930813e+00,  8.95507015e-01, -1.46116194e+00,
         7.68305350e+00,  3.83457443e+00,  4.92035342e+00,
         5.89103757e+00,  2.12890092e+00, -5.46152325e+00,
         7.42498003e-01, -2.84543513e-01, -4.11814893e-01,
         3.70736937e-01, -1.39354276e-02,  8.15356492e-02],
       [ 3.60107711e-01,  4.58560959e-01, -8.58157298e-02,
         1.30744069e+00,  1.12644787e+00, -6.94472800e-01,
         3.83457443e+00,  5.78012966e+00,  3.89253997e+00,
         4.26246289e+00,  2.37311367e+00, -3.96547280e+00,
         5.51142977e-02,  1.58991083e-01, -1.18574088e-02,
         1.64374026e-01,  2.08607894e-01,  3.09726298e-02],
       [ 2.15309889e-01,  3.77621934e-01, -1.96634144e-01,
         1.82251622e+00,  1.02387279e+00, -4.95292274e-01,
         4.92035342e+00,  3.89253997e+00,  5.82259994e+00,
         4.89746776e+00,  2.88033837e+00, -3.51380354e+00,
         4.54636771e-01, -9.42283882e-02,  4.06698234e-02,
         2.14503985e-01, -7.98754954e-02,  9.73671579e-02],
       [-3.59036330e-01,  1.04399647e+00, -4.63348888e-01,
         2.27257976e+00,  6.36799076e-01, -1.31712219e+00,
         5.89103757e+00,  4.26246289e+00,  4.89746776e+00,
         6.91150701e+00,  1.76094600e+00, -4.99734238e+00,
         5.88183109e-01, -4.01868723e-01, -1.85985037e-01,
         1.76230090e-01,  1.09336354e-01,  2.20969191e-01],
       [ 2.95362109e-01, -1.81534045e-02,  5.38470072e-03,
         7.93482311e-01,  1.03011725e+00, -3.04600892e-02,
         2.12890092e+00,  2.37311367e+00,  2.88033837e+00,
         1.76094600e+00,  2.89693234e+00, -1.60195859e+00,
         2.60983956e-01,  2.03600379e-01,  2.02030379e-01,
         1.83519333e-01, -4.52189495e-02,  9.74477074e-02],
       [ 4.72508998e-01, -9.31874799e-01,  2.14546904e-01,
        -1.67872812e+00, -7.55292445e-01,  1.52609242e+00,
        -5.46152325e+00, -3.96547280e+00, -3.51380354e+00,
        -4.99734238e+00, -1.60195859e+00,  5.49721133e+00,
        -5.62427261e-01,  6.80170561e-02,  3.23810464e-01,
        -2.66065620e-01, -2.61955504e-01, -1.68130012e-01],
       [-3.02940684e-01,  1.16432912e-01,  2.64545584e-02,
         2.87315054e-01,  8.29741369e-02, -2.07448156e-01,
         7.42498003e-01,  5.51142977e-02,  4.54636771e-01,
         5.88183109e-01,  2.60983956e-01, -5.62427261e-01,
         3.01873354e-01, -4.76757157e-02, -2.31822956e-02,
         1.01947181e-01, -3.12298145e-02,  1.38072397e-01],
       [ 6.13656487e-02, -1.92188193e-01,  1.25731946e-01,
        -1.45693100e-01,  1.24293860e-01,  1.03677682e-01,
        -2.84543513e-01,  1.58991083e-01, -9.42283882e-02,
        -4.01868723e-01,  2.03600379e-01,  6.80170561e-02,
        -4.76757157e-02,  1.96409806e-01,  6.31323302e-02,
         1.73863495e-02,  6.65247426e-02,  2.92155954e-02],
       [-1.11330733e-02, -2.20900817e-01, -3.38054073e-02,
        -6.22398879e-02,  3.19892746e-02,  1.88385163e-01,
        -4.11814893e-01, -1.18574088e-02,  4.06698234e-02,
        -1.85985037e-01,  2.02030379e-01,  3.23810464e-01,
        -2.31822956e-02,  6.31323302e-02,  1.91250766e-01,
        -5.18704999e-02, -2.62568081e-02,  9.07930070e-02],
       [ 1.89039007e-02,  5.10072640e-02,  6.13986399e-02,
         1.06851652e-01,  9.91401279e-02, -7.56768138e-02,
         3.70736937e-01,  1.64374026e-01,  2.14503985e-01,
         1.76230090e-01,  1.83519333e-01, -2.66065620e-01,
         1.01947181e-01,  1.73863495e-02, -5.18704999e-02,
         9.77628452e-02, -1.08432669e-02,  4.95593532e-03],
       [-8.19360805e-02,  6.15635412e-02,  4.15091191e-02,
        -3.37406249e-02,  1.04496310e-02, -8.67161517e-02,
        -1.39354276e-02,  2.08607894e-01, -7.98754954e-02,
         1.09336354e-01, -4.52189495e-02, -2.61955504e-01,
        -3.12298145e-02,  6.65247426e-02, -2.62568081e-02,
        -1.08432669e-02,  1.21518993e-01,  1.83929015e-02],
       [-2.68923976e-01, -5.17951022e-02,  3.67541693e-02,
         7.83388746e-02,  1.68546382e-02, -4.87143835e-02,
         8.15356492e-02,  3.09726298e-02,  9.73671579e-02,
         2.20969191e-01,  9.74477074e-02, -1.68130012e-01,
         1.38072397e-01,  2.92155954e-02,  9.07930070e-02,
         4.95593532e-03,  1.83929015e-02,  1.74292423e-01]])
      jac: array([ 1.77931743e-06,  5.15920640e-06, -1.84223007e-06, -9.63451541e-06,
       -1.74501154e-05, -4.28879154e-06,  8.14533626e-07,  1.21384384e-06,
        4.34097203e-07,  2.06649512e-06,  4.17887947e-06,  1.87516669e-06,
        7.94808663e-06,  1.86354635e-05,  1.15426187e-06, -1.56282394e-06,
       -9.97165313e-06, -1.75452245e-06])
  message: 'Desired error not necessarily achieved due to precision loss.'
     nfev: 1758
      nit: 63
     njev: 92
   status: 2
  success: False
        x: array([ 0.05467263,  0.26701584,  0.79729039,  1.13590167, -1.22418817,
       -0.34013957,  2.18622664, -1.04627266, -1.2438634 ,  0.93369724,
       -1.73419557, -0.81545838,  0.11271886,  0.01270032, -0.39842198,
       -1.06138211, -0.3523546 ,  0.00464377])
