Program Begingeth
      fun: 0.24010225549147157
 hess_inv: array([[ 8.30796460e-01,  1.02804443e-02, -3.23678785e-02,
        -6.52532418e-02,  1.18118515e-01,  2.05445849e-01,
        -8.28216603e-02,  9.85110945e-02,  3.62938107e-01,
        -1.24994684e-01,  4.34088365e-01,  2.63255288e-01,
        -3.74178301e-01, -8.13953737e-03, -1.49005752e-02,
         1.11384659e-04, -2.45867051e-02, -2.08468472e-01],
       [ 1.02804443e-02,  2.81645100e-01, -2.13112720e-02,
         1.96270805e-02,  1.68392470e-02, -1.39904287e-01,
         6.58381672e-02,  2.09171937e-01, -3.74702700e-01,
         6.83837325e-02, -2.99382032e-02, -1.82534914e-01,
         7.29348280e-03, -9.57147119e-02, -1.05948840e-01,
         1.74659912e-02,  1.58160964e-02, -6.19864573e-02],
       [-3.23678785e-02, -2.13112720e-02,  1.99648108e-01,
         6.97230355e-03,  7.99092682e-02,  1.08603116e-01,
        -1.69339513e-01,  1.32548430e-01,  5.03679690e-01,
         1.44981306e-01,  1.78208011e-01,  2.36035977e-01,
         1.74406600e-02,  6.39526459e-02, -3.75347894e-02,
         2.53613347e-02,  3.76458963e-02,  3.30880774e-02],
       [-6.52532418e-02,  1.96270805e-02,  6.97230355e-03,
         2.17797067e-01,  2.26037305e-02,  1.10908885e-01,
        -3.27629448e-02, -1.12270769e-01,  8.46650056e-01,
         6.95698679e-01,  6.78683701e-02,  3.35793093e-01,
         1.17704138e-01, -1.92606409e-02, -1.33456535e-02,
         4.09979152e-02, -3.67317412e-02,  1.58361295e-02],
       [ 1.18118515e-01,  1.68392470e-02,  7.99092682e-02,
         2.26037305e-02,  1.40100361e-01,  1.51418413e-01,
        -1.71038493e-01,  1.24459443e-01,  7.42137670e-01,
         1.94207857e-01,  4.05822638e-01,  2.64458098e-01,
        -4.61697490e-02,  4.40597460e-02, -1.78185757e-03,
         1.73551206e-02,  1.61740095e-02, -1.58629060e-02],
       [ 2.05445849e-01, -1.39904287e-01,  1.08603116e-01,
         1.10908885e-01,  1.51418413e-01,  5.35093355e-01,
        -8.47787644e-01, -2.97151178e-01,  2.26706799e+00,
         7.02919146e-01,  6.83626173e-01,  1.14786711e+00,
        -6.99470690e-02,  4.85597454e-02,  5.77144144e-02,
         4.46784506e-03, -3.70244961e-02, -2.69041803e-02],
       [-8.28216603e-02,  6.58381672e-02, -1.69339513e-01,
        -3.27629448e-02, -1.71038493e-01, -8.47787644e-01,
         2.97114561e+00,  4.04846802e-01, -3.70443851e+00,
        -1.26143244e+00, -9.96614598e-01, -2.16822206e+00,
         1.04629058e-01,  2.86308277e-02,  7.22224134e-03,
         3.92942076e-02,  3.90691847e-02,  6.76633406e-02],
       [ 9.85110945e-02,  2.09171937e-01,  1.32548430e-01,
        -1.12270769e-01,  1.24459443e-01, -2.97151178e-01,
         4.04846802e-01,  1.54243792e+00, -1.00640783e+00,
        -2.82342364e-01, -2.33716142e-01, -7.63195052e-01,
        -1.04916353e-01,  4.03241547e-02, -1.45099456e-01,
         2.35106659e-02,  9.35516940e-02, -4.15535033e-02],
       [ 3.62938107e-01, -3.74702700e-01,  5.03679690e-01,
         8.46650056e-01,  7.42137670e-01,  2.26706799e+00,
        -3.70443851e+00, -1.00640783e+00,  1.15254703e+01,
         4.45644458e+00,  2.93227920e+00,  4.95028705e+00,
         4.79608523e-03,  2.25345719e-01,  1.30765500e-01,
         7.71592977e-02, -1.07283893e-01, -4.43547588e-02],
       [-1.24994684e-01,  6.83837325e-02,  1.44981306e-01,
         6.95698679e-01,  1.94207857e-01,  7.02919146e-01,
        -1.26143244e+00, -2.82342364e-01,  4.45644458e+00,
         2.85375754e+00,  6.85139674e-01,  1.88719540e+00,
         2.59405314e-01, -3.27761987e-02, -8.11294012e-02,
         9.42963997e-02, -8.76902456e-02,  2.56506896e-03],
       [ 4.34088365e-01, -2.99382032e-02,  1.78208011e-01,
         6.78683701e-02,  4.05822638e-01,  6.83626173e-01,
        -9.96614598e-01, -2.33716142e-01,  2.93227920e+00,
         6.85139674e-01,  1.56886667e+00,  1.33536727e+00,
        -1.88494772e-01,  7.68608541e-02,  6.62595795e-02,
         1.26085605e-02, -1.21742475e-02, -6.87482512e-02],
       [ 2.63255288e-01, -1.82534914e-01,  2.36035977e-01,
         3.35793093e-01,  2.64458098e-01,  1.14786711e+00,
        -2.16822206e+00, -7.63195052e-01,  4.95028705e+00,
         1.88719540e+00,  1.33536727e+00,  2.78166395e+00,
        -2.31720023e-02,  5.03624623e-03,  4.45228946e-02,
         3.21217302e-02, -1.16528616e-01, -6.21412945e-02],
       [-3.74178301e-01,  7.29348280e-03,  1.74406600e-02,
         1.17704138e-01, -4.61697490e-02, -6.99470690e-02,
         1.04629058e-01, -1.04916353e-01,  4.79608523e-03,
         2.59405314e-01, -1.88494772e-01, -2.31720023e-02,
         2.35152475e-01, -7.89099345e-03, -2.57798703e-04,
         4.13023308e-02, -1.10974796e-02,  9.93727692e-02],
       [-8.13953737e-03, -9.57147119e-02,  6.39526459e-02,
        -1.92606409e-02,  4.40597460e-02,  4.85597454e-02,
         2.86308277e-02,  4.03241547e-02,  2.25345719e-01,
        -3.27761987e-02,  7.68608541e-02,  5.03624623e-03,
        -7.89099345e-03,  9.07226001e-02,  2.92650169e-02,
         3.26201776e-03,  3.73324678e-02,  3.43405850e-02],
       [-1.49005752e-02, -1.05948840e-01, -3.75347894e-02,
        -1.33456535e-02, -1.78185757e-03,  5.77144144e-02,
         7.22224134e-03, -1.45099456e-01,  1.30765500e-01,
        -8.11294012e-02,  6.62595795e-02,  4.45228946e-02,
        -2.57798703e-04,  2.92650169e-02,  8.28323654e-02,
        -1.51664779e-02, -1.28089203e-02,  3.89025733e-02],
       [ 1.11384659e-04,  1.74659912e-02,  2.53613347e-02,
         4.09979152e-02,  1.73551206e-02,  4.46784506e-03,
         3.92942076e-02,  2.35106659e-02,  7.71592977e-02,
         9.42963997e-02,  1.26085605e-02,  3.21217302e-02,
         4.13023308e-02,  3.26201776e-03, -1.51664779e-02,
         3.77897320e-02, -2.65238294e-03,  4.00721414e-03],
       [-2.45867051e-02,  1.58160964e-02,  3.76458963e-02,
        -3.67317412e-02,  1.61740095e-02, -3.70244961e-02,
         3.90691847e-02,  9.35516940e-02, -1.07283893e-01,
        -8.76902456e-02, -1.21742475e-02, -1.16528616e-01,
        -1.10974796e-02,  3.73324678e-02, -1.28089203e-02,
        -2.65238294e-03,  4.53481618e-02,  8.49853863e-03],
       [-2.08468472e-01, -6.19864573e-02,  3.30880774e-02,
         1.58361295e-02, -1.58629060e-02, -2.69041803e-02,
         6.76633406e-02, -4.15535033e-02, -4.43547588e-02,
         2.56506896e-03, -6.87482512e-02, -6.21412945e-02,
         9.93727692e-02,  3.43405850e-02,  3.89025733e-02,
         4.00721414e-03,  8.49853863e-03,  8.83863802e-02]])
      jac: array([ 0.01423191,  0.01466126,  0.00989134, -0.00606774, -0.05814418,
       -0.0268584 ,  0.00102719,  0.00691387,  0.00458799, -0.00137348,
        0.01101187,  0.0054543 ,  0.03011627,  0.03962123,  0.01374965,
       -0.02349393, -0.02492476, -0.01097449])
  message: 'Maximum number of iterations has been exceeded.'
     nfev: 2223
      nit: 100
     njev: 117
   status: 1
  success: False
        x: array([ 0.09057634,  0.27025414,  0.76547443,  1.68811138, -0.71513023,
       -0.09660625,  2.58961168, -0.42278394,  0.59074528,  2.1243969 ,
       -0.68585281, -0.62364933,  0.14654993,  0.15274862, -0.28072365,
       -1.24846062, -0.27739142,  0.04694606])
