Program Begingeth
      fun: 0.2992395436884444
 hess_inv: array([[ 4.81348489e+00,  1.31624673e+00, -8.80716606e-01,
         1.62575100e+00,  6.67548972e-01, -1.43152916e+00,
         7.43502410e-01, -8.96011619e-01, -5.72113573e+00,
         2.90547416e-02,  9.48662304e-01, -3.18620930e-01,
        -6.97649272e-01, -3.24442074e-01, -4.72271401e-01,
        -3.45964140e-01, -4.12661494e-01,  1.77007402e-01],
       [ 1.31624673e+00,  4.70593476e+00,  1.72779897e+00,
         5.38843945e-01,  2.01742443e+00,  4.88032151e-01,
         5.34390190e+00,  1.05514735e+00,  5.37818349e+00,
         4.27347162e-01,  7.28657471e-01, -1.32179225e+00,
        -5.68856921e-01, -4.29070327e-01, -2.86728746e-01,
        -1.33485735e-01, -3.32633587e-01,  2.54179663e-02],
       [-8.80716606e-01,  1.72779897e+00,  3.42405873e+00,
         1.76953871e-01,  5.80320304e-01,  1.71334070e+00,
         5.63363974e+00, -2.40712879e+00,  7.08990933e+00,
        -4.46751190e-04,  9.07375179e-01, -6.24281430e-01,
         1.37338357e-01, -1.49982389e-01, -2.43099530e-01,
        -3.31828136e-02,  4.33363395e-02, -2.45186480e-01],
       [ 1.62575100e+00,  5.38843945e-01,  1.76953871e-01,
         6.71547547e-01,  2.53347725e-01, -2.62192359e-01,
         1.37375995e+00, -8.38915911e-01, -1.23634783e+00,
        -3.99672603e-02,  4.79826048e-01, -1.05402323e-01,
        -1.89194540e-01, -1.10139772e-01, -2.26549451e-01,
        -1.28120596e-01, -1.24686627e-01,  9.83487299e-04],
       [ 6.67548972e-01,  2.01742443e+00,  5.80320304e-01,
         2.53347725e-01,  9.61360029e-01,  1.37636400e-01,
         2.60486197e+00,  1.21859841e+00,  1.82039425e+00,
         1.23506258e-01,  2.19712943e-01, -4.93580052e-01,
        -2.96240286e-01, -1.38426575e-01, -9.45058010e-02,
        -8.93713984e-02, -1.68413299e-01,  3.31211505e-02],
       [-1.43152916e+00,  4.88032151e-01,  1.71334070e+00,
        -2.62192359e-01,  1.37636400e-01,  1.13105228e+00,
         2.59405967e+00, -6.25312946e-01,  4.71460337e+00,
        -9.20989643e-02,  1.12822654e-01, -1.79852333e-01,
         2.37242626e-01,  1.54857894e-02,  3.13291277e-02,
         8.04676133e-02,  9.15911836e-02, -1.37014715e-01],
       [ 7.43502410e-01,  5.34390190e+00,  5.63363974e+00,
         1.37375995e+00,  2.60486197e+00,  2.59405967e+00,
         1.92525069e+01, -3.33384680e-01,  1.16741565e+01,
        -3.21863756e-01,  1.47124457e+00, -1.02234504e+00,
        -4.66858453e-01, -3.34074208e-01, -6.15540573e-01,
        -3.84088273e-01, -5.55626882e-01, -3.97736980e-01],
       [-8.96011619e-01,  1.05514735e+00, -2.40712879e+00,
        -8.38915911e-01,  1.21859841e+00, -6.25312946e-01,
        -3.33384680e-01,  1.10038497e+01, -1.40491868e+00,
        -1.48612908e-01, -1.64788865e+00, -4.85553023e-02,
        -3.14872761e-01,  2.78425876e-01,  7.45874926e-01,
         1.33280990e-01, -1.63764569e-01,  3.56621870e-01],
       [-5.72113573e+00,  5.37818349e+00,  7.08990933e+00,
        -1.23634783e+00,  1.82039425e+00,  4.71460337e+00,
         1.16741565e+01, -1.40491868e+00,  2.59494682e+01,
         1.40170834e-01,  8.05028884e-01, -1.68777482e+00,
         6.34306502e-01, -4.79338082e-01,  2.68062583e-03,
         4.32300398e-01,  5.91398223e-02, -4.88299435e-01],
       [ 2.90547416e-02,  4.27347162e-01, -4.46751190e-04,
        -3.99672603e-02,  1.23506258e-01, -9.20989643e-02,
        -3.21863756e-01, -1.48612908e-01,  1.40170834e-01,
         7.19583216e-01, -3.71725045e-02, -1.44761404e-01,
        -1.92270920e-01, -9.51084863e-03,  5.83066634e-02,
        -6.60675916e-03,  3.75709136e-02,  1.76778745e-01],
       [ 9.48662304e-01,  7.28657471e-01,  9.07375179e-01,
         4.79826048e-01,  2.19712943e-01,  1.12822654e-01,
         1.47124457e+00, -1.64788865e+00,  8.05028884e-01,
        -3.71725045e-02,  1.09312197e+00, -3.42297857e-01,
        -8.98917810e-02, -2.68175488e-01, -3.60241529e-01,
        -1.14350717e-01, -7.84348933e-02, -1.65476430e-01],
       [-3.18620930e-01, -1.32179225e+00, -6.24281430e-01,
        -1.05402323e-01, -4.93580052e-01, -1.79852333e-01,
        -1.02234504e+00, -4.85553023e-02, -1.68777482e+00,
        -1.44761404e-01, -3.42297857e-01,  7.23498605e-01,
         1.09505856e-01,  2.14454622e-01,  4.65834630e-02,
        -2.78035571e-02,  1.07786226e-01,  1.26678083e-02],
       [-6.97649272e-01, -5.68856921e-01,  1.37338357e-01,
        -1.89194540e-01, -2.96240286e-01,  2.37242626e-01,
        -4.66858453e-01, -3.14872761e-01,  6.34306502e-01,
        -1.92270920e-01, -8.98917810e-02,  1.09505856e-01,
         2.54067528e-01,  5.92512720e-02,  4.76203390e-02,
         1.08413424e-01,  1.07052139e-01, -8.93516082e-02],
       [-3.24442074e-01, -4.29070327e-01, -1.49982389e-01,
        -1.10139772e-01, -1.38426575e-01,  1.54857894e-02,
        -3.34074208e-01,  2.78425876e-01, -4.79338082e-01,
        -9.51084863e-03, -2.68175488e-01,  2.14454622e-01,
         5.92512720e-02,  1.45194277e-01,  8.05613475e-02,
         1.26287871e-02,  8.94125223e-02,  2.58507910e-02],
       [-4.72271401e-01, -2.86728746e-01, -2.43099530e-01,
        -2.26549451e-01, -9.45058010e-02,  3.13291277e-02,
        -6.15540573e-01,  7.45874926e-01,  2.68062583e-03,
         5.83066634e-02, -3.60241529e-01,  4.65834630e-02,
         4.76203390e-02,  8.05613475e-02,  1.84571333e-01,
         6.67131470e-02,  3.55974042e-02,  8.77088801e-02],
       [-3.45964140e-01, -1.33485735e-01, -3.31828136e-02,
        -1.28120596e-01, -8.93713984e-02,  8.04676133e-02,
        -3.84088273e-01,  1.33280990e-01,  4.32300398e-01,
        -6.60675916e-03, -1.14350717e-01, -2.78035571e-02,
         1.08413424e-01,  1.26287871e-02,  6.67131470e-02,
         9.29788670e-02,  4.11546276e-02, -5.82629106e-03],
       [-4.12661494e-01, -3.32633587e-01,  4.33363395e-02,
        -1.24686627e-01, -1.68413299e-01,  9.15911836e-02,
        -5.55626882e-01, -1.63764569e-01,  5.91398223e-02,
         3.75709136e-02, -7.84348933e-02,  1.07786226e-01,
         1.07052139e-01,  8.94125223e-02,  3.55974042e-02,
         4.11546276e-02,  1.27726291e-01, -1.34615169e-02],
       [ 1.77007402e-01,  2.54179663e-02, -2.45186480e-01,
         9.83487299e-04,  3.31211505e-02, -1.37014715e-01,
        -3.97736980e-01,  3.56621870e-01, -4.88299435e-01,
         1.76778745e-01, -1.65476430e-01,  1.26678083e-02,
        -8.93516082e-02,  2.58507910e-02,  8.77088801e-02,
        -5.82629106e-03, -1.34615169e-02,  1.29488724e-01]])
      jac: array([-6.56548889e-06, -1.19134332e-05,  1.07058806e-05,  2.68836805e-05,
        5.09370324e-06, -2.18506694e-05,  1.42478622e-07, -3.77105754e-06,
        4.54821366e-06, -1.87812728e-05, -1.89874042e-05,  4.60927592e-06,
       -7.92991598e-05, -6.02921416e-05,  3.28400270e-05,  2.60151160e-05,
        5.99923814e-05, -3.59701158e-05])
  message: 'Desired error not necessarily achieved due to precision loss.'
     nfev: 1855
      nit: 60
     njev: 97
   status: 2
  success: False
        x: array([-0.79318436, -1.11921024,  0.60220557, -1.05260262, -1.16221692,
        0.16719358, -0.66154211, -1.85620495, -0.45828677,  0.07528791,
        0.58201853,  1.16902187,  0.12180337,  0.13478633, -0.32747302,
        1.24520918, -0.37785051, -0.023713  ])
