Program Begingeth
      fun: 0.27034674658000235
 hess_inv: array([[ 3.72754060e+00, -1.57616777e+00, -1.38641984e-01,
         1.30879416e+00, -6.73208626e-01,  5.87969712e-01,
         2.03819473e+00,  1.36366153e+00,  1.45348819e+00,
         6.20431482e-02, -8.68663240e-01,  4.33291842e-01,
        -5.70034317e-01,  3.46814535e-01,  3.64271059e-01,
        -2.30915973e-01,  3.67622309e-01, -1.14454899e-01],
       [-1.57616777e+00,  3.17765349e+00,  9.60820195e-01,
        -4.52430395e-01,  1.34064699e+00,  9.88888468e-02,
        -1.96084298e+00,  1.17902163e+00,  2.04134077e+00,
        -4.03871873e-01,  4.97947873e-01, -1.03618036e+00,
         4.88374922e-01, -3.56148904e-01, -1.45320425e-01,
         8.18873286e-02, -2.44020941e-01,  9.25443024e-02],
       [-1.38641984e-01,  9.60820195e-01,  6.34758314e+00,
        -1.07105673e+00,  1.34031683e-01,  2.82824804e+00,
        -1.10820439e+01, -6.61652097e+00,  9.43027697e+00,
         4.99218847e-01,  2.19943249e+00, -6.53952395e-01,
        -1.70745894e-01, -2.79639395e-01, -7.69283533e-01,
         2.67084492e-01,  2.50747380e-02, -6.20360968e-01],
       [ 1.30879416e+00, -4.52430395e-01, -1.07105673e+00,
         6.98363367e-01, -1.63668545e-01, -2.76773205e-01,
         3.02619201e+00,  1.74349424e+00, -8.39011559e-01,
        -1.28693851e-01, -6.19061060e-01,  1.24476477e-01,
        -1.20250546e-01,  1.10763384e-01,  2.62730306e-01,
        -1.23830628e-01,  9.58725490e-02,  8.89807380e-02],
       [-6.73208626e-01,  1.34064699e+00,  1.34031683e-01,
        -1.63668545e-01,  6.45354262e-01, -5.46655962e-02,
        -7.58769775e-01,  1.38667993e+00,  3.34807735e-01,
        -1.44552684e-01,  4.41224736e-02, -3.58815269e-01,
         2.31834291e-01, -9.88448772e-02,  3.64739575e-03,
         4.24121297e-02, -1.07781557e-01,  7.92555013e-02],
       [ 5.87969712e-01,  9.88888468e-02,  2.82824804e+00,
        -2.76773205e-01, -5.46655962e-02,  1.42680083e+00,
        -4.97649287e+00, -2.51229643e+00,  4.64446245e+00,
         3.40922552e-01,  7.47620655e-01, -1.64478229e-01,
        -2.04444109e-01, -4.31226459e-02, -2.56824455e-01,
         7.03041437e-02,  6.19173217e-02, -3.06038818e-01],
       [ 2.03819473e+00, -1.96084298e+00, -1.10820439e+01,
         3.02619201e+00, -7.58769775e-01, -4.97649287e+00,
         2.84929936e+01,  1.02476568e+01, -1.54241195e+01,
        -1.32902838e+00, -3.35636483e+00,  5.53962617e-01,
        -1.98223081e-02,  2.64734612e-01,  1.39297727e+00,
        -7.29968661e-01,  2.42946836e-01,  1.14181437e+00],
       [ 1.36366153e+00,  1.17902163e+00, -6.61652097e+00,
         1.74349424e+00,  1.38667993e+00, -2.51229643e+00,
         1.02476568e+01,  1.69743509e+01, -8.81266123e+00,
        -4.31229775e-01, -3.30327147e+00,  1.22515893e-01,
         2.67446398e-01,  4.17965240e-01,  1.47057662e+00,
        -4.18913008e-01, -6.52492826e-02,  8.92804760e-01],
       [ 1.45348819e+00,  2.04134077e+00,  9.43027697e+00,
        -8.39011559e-01,  3.34807735e-01,  4.64446245e+00,
        -1.54241195e+01, -8.81266123e+00,  1.90065251e+01,
         8.64575894e-01,  3.04159726e+00, -1.16693857e+00,
        -4.22599442e-01, -6.38853967e-01, -1.08630503e+00,
         2.11135701e-01, -7.09359302e-02, -1.04634260e+00],
       [ 6.20431482e-02, -4.03871873e-01,  4.99218847e-01,
        -1.28693851e-01, -1.44552684e-01,  3.40922552e-01,
        -1.32902838e+00, -4.31229775e-01,  8.64575894e-01,
         8.41374019e-01,  1.95858261e-01,  1.04446879e-01,
        -2.43234845e-01, -1.14302006e-02, -1.36727251e-01,
         2.68796168e-03, -3.37232209e-02, -2.61172792e-01],
       [-8.68663240e-01,  4.97947873e-01,  2.19943249e+00,
        -6.19061060e-01,  4.41224736e-02,  7.47620655e-01,
        -3.35636483e+00, -3.30327147e+00,  3.04159726e+00,
         1.95858261e-01,  1.51010413e+00, -3.77964967e-01,
         4.55779842e-02, -3.26354307e-01, -5.02056776e-01,
         1.60366798e-01, -7.77320220e-02, -2.92225937e-01],
       [ 4.33291842e-01, -1.03618036e+00, -6.53952395e-01,
         1.24476477e-01, -3.58815269e-01, -1.64478229e-01,
         5.53962617e-01,  1.22515893e-01, -1.16693857e+00,
         1.04446879e-01, -3.77964967e-01,  6.87003532e-01,
        -1.02630356e-01,  2.26530608e-01,  5.23727089e-02,
         2.12800001e-02,  1.11233724e-01,  2.21063691e-02],
       [-5.70034317e-01,  4.88374922e-01, -1.70745894e-01,
        -1.20250546e-01,  2.31834291e-01, -2.04444109e-01,
        -1.98223081e-02,  2.67446398e-01, -4.22599442e-01,
        -2.43234845e-01,  4.55779842e-02, -1.02630356e-01,
         2.27868437e-01, -6.31476561e-02, -5.77794017e-03,
         8.05657108e-02, -8.59049492e-02,  1.03521535e-01],
       [ 3.46814535e-01, -3.56148904e-01, -2.79639395e-01,
         1.10763384e-01, -9.88448772e-02, -4.31226459e-02,
         2.64734612e-01,  4.17965240e-01, -6.38853967e-01,
        -1.14302006e-02, -3.26354307e-01,  2.26530608e-01,
        -6.31476561e-02,  1.63372149e-01,  9.37824416e-02,
        -1.90797385e-02,  9.71597484e-02,  3.89714477e-02],
       [ 3.64271059e-01, -1.45320425e-01, -7.69283533e-01,
         2.62730306e-01,  3.64739575e-03, -2.56824455e-01,
         1.39297727e+00,  1.47057662e+00, -1.08630503e+00,
        -1.36727251e-01, -5.02056776e-01,  5.23727089e-02,
        -5.77794017e-03,  9.37824416e-02,  2.28422182e-01,
        -7.04618443e-02,  2.54086876e-02,  1.40840479e-01],
       [-2.30915973e-01,  8.18873286e-02,  2.67084492e-01,
        -1.23830628e-01,  4.24121297e-02,  7.03041437e-02,
        -7.29968661e-01, -4.18913008e-01,  2.11135701e-01,
         2.68796168e-03,  1.60366798e-01,  2.12800001e-02,
         8.05657108e-02, -1.90797385e-02, -7.04618443e-02,
         8.66555226e-02, -2.76835476e-02, -1.57385969e-02],
       [ 3.67622309e-01, -2.44020941e-01,  2.50747380e-02,
         9.58725490e-02, -1.07781557e-01,  6.19173217e-02,
         2.42946836e-01, -6.52492826e-02, -7.09359302e-02,
        -3.37232209e-02, -7.77320220e-02,  1.11233724e-01,
        -8.59049492e-02,  9.71597484e-02,  2.54086876e-02,
        -2.76835476e-02,  1.15271650e-01, -6.60421943e-03],
       [-1.14454899e-01,  9.25443024e-02, -6.20360968e-01,
         8.89807380e-02,  7.92555013e-02, -3.06038818e-01,
         1.14181437e+00,  8.92804760e-01, -1.04634260e+00,
        -2.61172792e-01, -2.92225937e-01,  2.21063691e-02,
         1.03521535e-01,  3.89714477e-02,  1.40840479e-01,
        -1.57385969e-02, -6.60421943e-03,  1.70340840e-01]])
      jac: array([-6.43929354e-06,  1.43588845e-06, -2.04799141e-06,  7.51769018e-06,
       -1.42256577e-05,  2.37550720e-06, -9.77736411e-07,  1.68161781e-06,
        1.23123733e-06,  4.23809136e-06, -6.91779967e-06, -5.31130695e-06,
        1.11510801e-05, -2.15919875e-05,  3.49424193e-06,  8.42548254e-06,
        4.25059987e-05, -8.23785484e-07])
  message: 'Desired error not necessarily achieved due to precision loss.'
     nfev: 2197
      nit: 72
     njev: 115
   status: 2
  success: False
        x: array([ 0.92640766, -1.03092639,  0.54118527,  1.22111999, -1.0637642 ,
        0.13140841,  1.00121106, -1.57163495, -0.68559607,  0.04291007,
        0.60582987,  1.14848326,  0.00377132,  0.21212808, -0.30957033,
       -1.13958765, -0.23443644, -0.01216373])
