Program Begingeth
      fun: 0.21362218249387654
 hess_inv: array([[ 2.44881704e+00,  5.71003354e-02, -3.00114299e-01,
        -5.63077796e-01,  4.50368817e-01, -1.07214241e+00,
         3.49684773e-01,  1.93274435e+00, -2.36704866e+00,
         4.26991114e-01, -1.26859868e-01,  1.51607645e+00,
        -1.99601058e+00,  5.62312988e-01, -1.58208890e+00,
        -4.41694045e-01,  3.40874881e-01, -6.63654465e-01],
       [ 5.71003354e-02,  6.38957928e-01, -1.09602379e-01,
        -7.94817656e-02, -2.64945939e-01, -2.17748085e-01,
        -6.39590371e-01, -3.13846757e-01, -3.60744531e-01,
         4.22885072e-02,  1.05057320e-01, -1.09327909e-02,
        -1.30782381e-01, -6.51157998e-01, -7.10649098e-02,
        -8.81906936e-02, -1.78704043e-01,  1.01787136e-01],
       [-3.00114299e-01, -1.09602379e-01,  8.60882340e-01,
         3.45708275e-01,  1.84102179e-01, -1.59589666e-03,
         6.02631453e-01, -2.81662103e-01,  8.57740729e-01,
        -4.27480594e-01, -9.40726840e-02, -1.18712840e-01,
         7.41037858e-01,  1.81263295e-01, -5.50444283e-01,
         3.13197229e-01, -1.16220299e-01, -2.32313506e-01],
       [-5.63077796e-01, -7.94817656e-02,  3.45708275e-01,
         4.40714239e-01, -1.37664878e-01,  1.56022827e-01,
         3.14290564e-01, -9.70149685e-01,  4.91152249e-01,
        -2.04736278e-01,  1.29547882e-01, -1.97318075e-01,
         8.74023621e-01, -2.03010405e-01,  3.81104682e-02,
         2.58202335e-01, -1.89457908e-01,  2.12234705e-02],
       [ 4.50368817e-01, -2.64945939e-01,  1.84102179e-01,
        -1.37664878e-01,  6.22122150e-01, -8.93905397e-02,
         8.46065305e-01,  1.64902678e+00,  4.82684514e-02,
        -5.68148187e-02, -1.96171743e-01,  2.86902981e-01,
        -3.46596543e-01,  8.74571625e-01, -3.12923344e-01,
         2.74914231e-02,  3.11492788e-01, -1.15285415e-01],
       [-1.07214241e+00, -2.17748085e-01, -1.59589666e-03,
         1.56022827e-01, -8.93905397e-02,  7.01757525e-01,
         1.29825362e-02, -4.51963700e-01,  1.45979946e+00,
        -1.87317374e-01, -4.33968926e-02, -6.73590653e-01,
         7.47104064e-01, -7.76757038e-03,  1.00548434e+00,
         1.55461944e-01, -6.93293577e-02,  3.70741302e-01],
       [ 3.49684773e-01, -6.39590371e-01,  6.02631453e-01,
         3.14290564e-01,  8.46065305e-01,  1.29825362e-02,
         3.02553538e+00,  1.65010267e+00,  5.32394922e-01,
        -1.33725958e-01, -1.31635682e-01,  3.80783386e-01,
         8.70118894e-02,  1.25621826e+00, -5.02271519e-01,
         1.37557026e-01,  3.41173957e-01, -2.10740825e-01],
       [ 1.93274435e+00, -3.13846757e-01, -2.81662103e-01,
        -9.70149685e-01,  1.64902678e+00, -4.51963700e-01,
         1.65010267e+00,  6.61576002e+00, -9.78110405e-01,
         2.43049907e-01, -3.47832188e-01,  9.66299742e-01,
        -2.22853636e+00,  1.99495370e+00, -5.76529644e-01,
        -4.34441249e-01,  8.54418411e-01, -1.36216717e-01],
       [-2.36704866e+00, -3.60744531e-01,  8.57740729e-01,
         4.91152249e-01,  4.82684514e-02,  1.45979946e+00,
         5.32394922e-01, -9.78110405e-01,  5.46551077e+00,
        -7.74461990e-01, -3.83421511e-01, -1.30356403e+00,
         2.02224619e+00,  1.88561746e-01,  1.27297022e+00,
         6.01436899e-01, -2.18732868e-01,  3.72292276e-01],
       [ 4.26991114e-01,  4.22885072e-02, -4.27480594e-01,
        -2.04736278e-01, -5.68148187e-02, -1.87317374e-01,
        -1.33725958e-01,  2.43049907e-01, -7.74461990e-01,
         3.79225198e-01,  2.12639884e-02,  2.51460930e-01,
        -5.85747854e-01, -8.97015131e-03, -3.45230696e-02,
        -1.89044019e-01,  1.18571166e-01, -3.20557113e-02],
       [-1.26859868e-01,  1.05057320e-01, -9.40726840e-02,
         1.29547882e-01, -1.96171743e-01, -4.33968926e-02,
        -1.31635682e-01, -3.47832188e-01, -3.83421511e-01,
         2.12639884e-02,  4.35824357e-01, -9.46673017e-02,
         1.15117659e-01, -3.95957288e-01,  1.35799323e-01,
        -9.83754757e-02, -1.21031935e-01,  1.31622367e-01],
       [ 1.51607645e+00, -1.09327909e-02, -1.18712840e-01,
        -1.97318075e-01,  2.86902981e-01, -6.73590653e-01,
         3.80783386e-01,  9.66299742e-01, -1.30356403e+00,
         2.51460930e-01, -9.46673017e-02,  1.16221022e+00,
        -1.00083548e+00,  3.70856946e-01, -1.12015304e+00,
        -1.40555176e-01,  1.79265494e-01, -4.74339854e-01],
       [-1.99601058e+00, -1.30782381e-01,  7.41037858e-01,
         8.74023621e-01, -3.46596543e-01,  7.47104064e-01,
         8.70118894e-02, -2.22853636e+00,  2.02224619e+00,
        -5.85747854e-01,  1.15117659e-01, -1.00083548e+00,
         2.29344194e+00, -4.72578606e-01,  7.38514026e-01,
         6.81701219e-01, -4.30129093e-01,  3.10174749e-01],
       [ 5.62312988e-01, -6.51157998e-01,  1.81263295e-01,
        -2.03010405e-01,  8.74571625e-01, -7.76757038e-03,
         1.25621826e+00,  1.99495370e+00,  1.88561746e-01,
        -8.97015131e-03, -3.95957288e-01,  3.70856946e-01,
        -4.72578606e-01,  1.47259380e+00, -3.20556345e-01,
         6.01408151e-02,  5.49483846e-01, -2.02110907e-01],
       [-1.58208890e+00, -7.10649098e-02, -5.50444283e-01,
         3.81104682e-02, -3.12923344e-01,  1.00548434e+00,
        -5.02271519e-01, -5.76529644e-01,  1.27297022e+00,
        -3.45230696e-02,  1.35799323e-01, -1.12015304e+00,
         7.38514026e-01, -3.20556345e-01,  1.98669014e+00,
         9.24161447e-03, -7.31419570e-02,  8.57186491e-01],
       [-4.41694045e-01, -8.81906936e-02,  3.13197229e-01,
         2.58202335e-01,  2.74914231e-02,  1.55461944e-01,
         1.37557026e-01, -4.34441249e-01,  6.01436899e-01,
        -1.89044019e-01, -9.83754757e-02, -1.40555176e-01,
         6.81701219e-01,  6.01408151e-02,  9.24161447e-03,
         2.99153369e-01, -7.48561162e-02, -8.80225109e-03],
       [ 3.40874881e-01, -1.78704043e-01, -1.16220299e-01,
        -1.89457908e-01,  3.11492788e-01, -6.93293577e-02,
         3.41173957e-01,  8.54418411e-01, -2.18732868e-01,
         1.18571166e-01, -1.21031935e-01,  1.79265494e-01,
        -4.30129093e-01,  5.49483846e-01, -7.31419570e-02,
        -7.48561162e-02,  2.81988104e-01, -3.91728005e-02],
       [-6.63654465e-01,  1.01787136e-01, -2.32313506e-01,
         2.12234705e-02, -1.15285415e-01,  3.70741302e-01,
        -2.10740825e-01, -1.36216717e-01,  3.72292276e-01,
        -3.20557113e-02,  1.31622367e-01, -4.74339854e-01,
         3.10174749e-01, -2.02110907e-01,  8.57186491e-01,
        -8.80225109e-03, -3.91728005e-02,  4.47943867e-01]])
      jac: array([-7.30452735e-06,  1.29235511e-05, -5.03449134e-06,  1.99795736e-05,
       -2.91357679e-05,  2.08048393e-05, -1.13501801e-06,  2.55517829e-06,
       -1.74045963e-06, -3.48350978e-06,  1.08376271e-06, -2.60569344e-06,
       -1.46445818e-05,  2.61392759e-05, -1.84352533e-05,  1.73583370e-06,
       -1.16281059e-05,  1.42243624e-05])
  message: 'Desired error not necessarily achieved due to precision loss.'
     nfev: 1418
      nit: 41
     njev: 74
   status: 2
  success: False
        x: array([ 0.59264251, -0.033107  ,  0.59543747,  0.36950736, -0.74492999,
       -0.65409401,  1.20842301, -1.5152003 , -0.93863876, -1.17829562,
        0.0887048 ,  0.61025425,  0.43267292,  0.01466235, -0.40396469,
        0.190209  ,  0.91470445, -0.69308762])
