Program Begingeth
      fun: 0.3992486858471695
 hess_inv: array([[ 1.01298516e+00, -1.75942785e-01,  7.76079842e-02,
         4.03020255e-02,  2.23221060e-01, -3.59651190e-01,
         2.10248573e-01,  7.48415278e-01, -2.15803733e+00,
        -1.76957353e-01,  2.69661177e-01,  1.02218654e+00,
        -4.12972171e-01,  1.37922537e-01, -5.89593052e-01,
        -9.37113433e-02, -5.81329561e-02, -1.78651690e-01],
       [-1.75942785e-01,  1.62836038e+00, -1.06576662e-01,
        -3.06774123e-01, -2.25103291e-01, -3.20018661e-01,
        -1.31374073e+00,  1.33589463e-01,  5.61427763e-01,
         2.43560369e-02,  5.18711934e-01, -1.62870866e-01,
        -1.30414165e-01, -1.20623170e+00, -9.13778727e-02,
         2.52800110e-02, -2.83860779e-01,  2.56143588e-01],
       [ 7.76079842e-02, -1.06576662e-01,  7.00160448e-01,
         1.04490497e-01,  1.98036132e-01, -8.62299808e-02,
         8.64926858e-01,  2.89664753e-01, -8.66973956e-02,
        -6.62563580e-01, -4.16437061e-02, -2.40757962e-02,
         1.70311931e-01,  2.09466696e-01, -4.73580952e-01,
         1.42489606e-02, -2.60194467e-02, -1.62694504e-01],
       [ 4.03020255e-02, -3.06774123e-01,  1.04490497e-01,
         2.29971512e-01, -6.46901498e-04, -9.27453873e-03,
         6.25238428e-01, -5.73030175e-01, -3.43744831e-01,
        -1.28442329e-01,  1.54772392e-01,  6.64743223e-02,
         2.31865626e-01,  1.44733310e-01, -8.21803150e-02,
         5.20653454e-02,  2.08335574e-02, -5.45209465e-02],
       [ 2.23221060e-01, -2.25103291e-01,  1.98036132e-01,
        -6.46901498e-04,  2.48714560e-01, -5.37698735e-03,
         4.98701174e-01,  8.19967083e-01, -2.41342086e-01,
        -1.73491436e-01, -2.47085308e-01,  2.37530611e-01,
        -1.04273960e-01,  3.87354740e-01, -1.99107431e-01,
        -2.43764145e-02,  8.15131565e-02, -1.08324310e-01],
       [-3.59651190e-01, -3.20018661e-01, -8.62299808e-02,
        -9.27453873e-03, -5.37698735e-03,  3.93825343e-01,
         1.65120711e-01, -1.90853301e-01,  1.44189004e+00,
         9.86539085e-02, -6.03701347e-01, -3.28762812e-01,
         1.39593843e-01,  3.60814347e-01,  4.23885777e-01,
         4.81888298e-02,  1.28682504e-01,  4.06517693e-02],
       [ 2.10248573e-01, -1.31374073e+00,  8.64926858e-01,
         6.25238428e-01,  4.98701174e-01,  1.65120711e-01,
         4.14390240e+00,  5.17190495e-02, -3.31370897e-01,
        -6.08001641e-01, -5.65218133e-01,  3.88435648e-01,
         4.26956857e-01,  1.33484844e+00, -5.06484371e-01,
         5.59455353e-02,  2.61254911e-01, -3.66020311e-01],
       [ 7.48415278e-01,  1.33589463e-01,  2.89664753e-01,
        -5.73030175e-01,  8.19967083e-01, -1.90853301e-01,
         5.17190495e-02,  5.87669855e+00, -9.39003001e-01,
        -3.44670025e-02, -3.78334960e-01,  6.36917972e-01,
        -1.06820329e+00,  4.84011952e-01, -4.60562499e-01,
        -2.87702234e-01,  7.63519224e-02, -1.22869138e-01],
       [-2.15803733e+00,  5.61427763e-01, -8.66973956e-02,
        -3.43744831e-01, -2.41342086e-01,  1.44189004e+00,
        -3.31370897e-01, -9.39003001e-01,  9.82903715e+00,
        -1.19542592e-01, -2.16175196e+00, -1.70135547e+00,
         8.17268471e-01,  2.16038377e-01,  1.37334965e+00,
         3.18053414e-01,  2.05533200e-01,  2.92809396e-01],
       [-1.76957353e-01,  2.43560369e-02, -6.62563580e-01,
        -1.28442329e-01, -1.73491436e-01,  9.86539085e-02,
        -6.08001641e-01, -3.44670025e-02, -1.19542592e-01,
         9.56296175e-01, -2.35238246e-02, -1.12331972e-01,
        -2.60157527e-01, -1.20311589e-01,  5.14522393e-01,
        -5.58081476e-02,  7.21733008e-02,  1.58251596e-01],
       [ 2.69661177e-01,  5.18711934e-01, -4.16437061e-02,
         1.54772392e-01, -2.47085308e-01, -6.03701347e-01,
        -5.65218133e-01, -3.78334960e-01, -2.16175196e+00,
        -2.35238246e-02,  2.20539851e+00,  1.03690352e-01,
        -1.14481554e-02, -1.11917319e+00, -3.24354188e-01,
        -1.34450756e-01, -3.01544593e-01,  1.81242272e-01],
       [ 1.02218654e+00, -1.62870866e-01, -2.40757962e-02,
         6.64743223e-02,  2.37530611e-01, -3.28762812e-01,
         3.88435648e-01,  6.36917972e-01, -1.70135547e+00,
        -1.12331972e-01,  1.03690352e-01,  1.41087184e+00,
        -3.91185438e-01,  1.97549138e-01, -6.60632390e-01,
        -5.13104002e-02, -4.83618576e-02, -2.21776468e-01],
       [-4.12972171e-01, -1.30414165e-01,  1.70311931e-01,
         2.31865626e-01, -1.04273960e-01,  1.39593843e-01,
         4.26956857e-01, -1.06820329e+00,  8.17268471e-01,
        -2.60157527e-01, -1.14481554e-02, -3.91185438e-01,
         5.36744004e-01,  3.81617536e-02,  1.03692710e-01,
         1.58686249e-01,  1.64856948e-02,  9.43204985e-03],
       [ 1.37922537e-01, -1.20623170e+00,  2.09466696e-01,
         1.44733310e-01,  3.87354740e-01,  3.60814347e-01,
         1.33484844e+00,  4.84011952e-01,  2.16038377e-01,
        -1.20311589e-01, -1.11917319e+00,  1.97549138e-01,
         3.81617536e-02,  1.32285547e+00,  2.59470997e-02,
         1.95216762e-02,  3.45703581e-01, -2.60724742e-01],
       [-5.89593052e-01, -9.13778727e-02, -4.73580952e-01,
        -8.21803150e-02, -1.99107431e-01,  4.23885777e-01,
        -5.06484371e-01, -4.60562499e-01,  1.37334965e+00,
         5.14522393e-01, -3.24354188e-01, -6.60632390e-01,
         1.03692710e-01,  2.59470997e-02,  8.38149125e-01,
         3.09272529e-02,  1.14780713e-01,  2.49886011e-01],
       [-9.37113433e-02,  2.52800110e-02,  1.42489606e-02,
         5.20653454e-02, -2.43764145e-02,  4.81888298e-02,
         5.59455353e-02, -2.87702234e-01,  3.18053414e-01,
        -5.58081476e-02, -1.34450756e-01, -5.13104002e-02,
         1.58686249e-01,  1.95216762e-02,  3.09272529e-02,
         8.74131481e-02,  7.02220674e-03, -1.59727553e-04],
       [-5.81329561e-02, -2.83860779e-01, -2.60194467e-02,
         2.08335574e-02,  8.15131565e-02,  1.28682504e-01,
         2.61254911e-01,  7.63519224e-02,  2.05533200e-01,
         7.21733008e-02, -3.01544593e-01, -4.83618576e-02,
         1.64856948e-02,  3.45703581e-01,  1.14780713e-01,
         7.02220674e-03,  1.32146882e-01, -2.81146746e-02],
       [-1.78651690e-01,  2.56143588e-01, -1.62694504e-01,
        -5.45209465e-02, -1.08324310e-01,  4.06517693e-02,
        -3.66020311e-01, -1.22869138e-01,  2.92809396e-01,
         1.58251596e-01,  1.81242272e-01, -2.21776468e-01,
         9.43204985e-03, -2.60724742e-01,  2.49886011e-01,
        -1.59727553e-04, -2.81146746e-02,  1.63812373e-01]])
      jac: array([-2.21600516e-06, -2.38327876e-07, -5.44231327e-06,  6.01592850e-06,
       -1.79856130e-06,  1.41705166e-05, -2.80146277e-07,  1.75045164e-07,
       -8.12313180e-07, -1.43070740e-06,  5.81016716e-08, -3.12897856e-06,
       -6.82010004e-06, -5.79906493e-07, -1.46009131e-05,  6.00704671e-06,
        2.11571501e-06,  1.04823557e-05])
  message: 'Desired error not necessarily achieved due to precision loss.'
     nfev: 1227
      nit: 33
     njev: 64
   status: 2
  success: False
        x: array([ 0.65208999, -0.10511546,  0.44074581,  0.21548457, -1.23015548,
       -0.8286684 ,  1.33468233, -1.73284524, -0.98892109, -0.9513903 ,
       -0.0034312 ,  0.54121958,  0.11623316,  0.03716508, -0.61917035,
        0.07638278,  1.52807392, -0.92340248])
