Program Begingeth
      fun: 0.29874835769381286
 hess_inv: array([[ 9.07370094e+00,  2.39494155e+00, -2.51456728e+00,
         3.31478593e+00,  1.19134543e+00, -1.22625683e+00,
         7.42045508e+00,  7.77075292e-01,  5.41101644e+00,
         1.92392865e-01,  7.86193744e-01, -7.33796991e-01,
        -1.24221144e+00, -4.85135841e-01, -2.60533630e-01,
        -2.81293154e-01, -6.28620391e-01,  1.64612797e-01],
       [ 2.39494155e+00,  3.10913062e+00, -1.15919455e-01,
         6.27638285e-01,  1.22820113e+00, -4.52195033e-01,
         8.79983939e-01,  1.20669747e+00, -6.62578561e-01,
         9.00025928e-01,  1.87140907e-02, -1.18348790e+00,
        -6.73401221e-01, -3.12324403e-01,  2.32548796e-02,
        -5.31060422e-02, -2.14028472e-01,  1.66950676e-01],
       [-2.51456728e+00, -1.15919455e-01,  2.79529812e+00,
        -1.12188481e+00,  4.58605676e-02,  9.57239628e-01,
        -4.77775427e+00,  1.29010174e+00, -2.22227816e+00,
        -1.13331225e-01,  6.26491191e-01, -1.93271808e-01,
         2.94727390e-01,  2.29261623e-02, -8.88584307e-02,
         1.19919168e-02,  2.16440756e-01, -9.41571854e-02],
       [ 3.31478593e+00,  6.27638285e-01, -1.12188481e+00,
         1.31800975e+00,  3.35362839e-01, -4.95909053e-01,
         3.56638956e+00,  2.88641184e-01,  2.25173645e+00,
         4.00574044e-02,  2.98168055e-01, -1.87020739e-01,
        -3.82279270e-01, -1.61072015e-01, -1.10313459e-01,
        -7.75127508e-02, -2.06835133e-01,  3.89862109e-02],
       [ 1.19134543e+00,  1.22820113e+00,  4.58605676e-02,
         3.35362839e-01,  5.58320270e-01, -1.58445123e-01,
         3.71934716e-01,  1.02464552e+00, -3.73893044e-02,
         4.23179201e-01,  9.65102812e-02, -4.14058229e-01,
        -3.19512013e-01, -1.06644423e-01, -3.11262359e-02,
        -5.24942596e-02, -8.17070771e-02,  7.32648492e-02],
       [-1.22625683e+00, -4.52195033e-01,  9.57239628e-01,
        -4.95909053e-01, -1.58445123e-01,  4.37822094e-01,
        -1.91105331e+00,  1.02637918e-01, -4.17732239e-01,
        -2.23339563e-01,  9.52749179e-02,  9.32984628e-02,
         2.13967125e-01,  8.01506180e-02,  1.31446151e-02,
         2.18550236e-02,  1.08820547e-01, -4.14384419e-02],
       [ 7.42045508e+00,  8.79983939e-01, -4.77775427e+00,
         3.56638956e+00,  3.71934716e-01, -1.91105331e+00,
         1.49911826e+01,  1.14117517e-01,  5.94404422e+00,
         5.35616674e-01,  1.87232812e-01, -3.50579579e-01,
        -7.07803298e-01, -3.62609445e-01, -1.79336169e-01,
        -2.68820655e-02, -4.40374100e-01,  8.94217558e-02],
       [ 7.77075292e-01,  1.20669747e+00,  1.29010174e+00,
         2.88641184e-01,  1.02464552e+00,  1.02637918e-01,
         1.14117517e-01,  6.51361766e+00, -3.95050380e-01,
         1.50502441e+00,  5.67911072e-01, -2.67288758e-01,
        -4.54733796e-01,  4.19992562e-03, -2.73270902e-01,
        -1.24026708e-01,  8.17978974e-02,  1.19086364e-01],
       [ 5.41101644e+00, -6.62578561e-01, -2.22227816e+00,
         2.25173645e+00, -3.73893044e-02, -4.17732239e-01,
         5.94404422e+00, -3.95050380e-01,  8.03457440e+00,
        -1.20261826e-01,  1.58943372e-01,  3.15095577e-01,
        -5.01357579e-01,  5.74900306e-02, -1.34770983e-02,
        -1.51734572e-01, -2.41391327e-01,  1.33358989e-01],
       [ 1.92392865e-01,  9.00025928e-01, -1.13331225e-01,
         4.00574044e-02,  4.23179201e-01, -2.23339563e-01,
         5.35616674e-01,  1.50502441e+00, -1.20261826e-01,
         1.92468293e+00, -2.77296630e-01, -2.22623726e-01,
        -5.20093420e-01,  3.15260572e-02,  1.11684440e-01,
        -3.21692564e-02,  3.69760539e-02,  3.24593536e-01],
       [ 7.86193744e-01,  1.87140907e-02,  6.26491191e-01,
         2.98168055e-01,  9.65102812e-02,  9.52749179e-02,
         1.87232812e-01,  5.67911072e-01,  1.58943372e-01,
        -2.77296630e-01,  1.04859964e+00, -1.57529680e-01,
        -2.47936645e-02, -1.98735603e-01, -2.45487245e-01,
        -5.84640744e-02, -2.50573681e-02, -1.47415508e-01],
       [-7.33796991e-01, -1.18348790e+00, -1.93271808e-01,
        -1.87020739e-01, -4.14058229e-01,  9.32984628e-02,
        -3.50579579e-01, -2.67288758e-01,  3.15095577e-01,
        -2.22623726e-01, -1.57529680e-01,  8.33620659e-01,
         1.69225917e-01,  2.03603971e-01, -4.07769976e-02,
        -3.29268056e-02,  9.94519416e-02, -1.54420589e-02],
       [-1.24221144e+00, -6.73401221e-01,  2.94727390e-01,
        -3.82279270e-01, -3.19512013e-01,  2.13967125e-01,
        -7.07803298e-01, -4.54733796e-01, -5.01357579e-01,
        -5.20093420e-01, -2.47936645e-02,  1.69225917e-01,
         3.60006774e-01,  6.48669162e-02,  4.77510625e-03,
         8.39339692e-02,  9.31255406e-02, -1.14943525e-01],
       [-4.85135841e-01, -3.12324403e-01,  2.29261623e-02,
        -1.61072015e-01, -1.06644423e-01,  8.01506180e-02,
        -3.62609445e-01,  4.19992562e-03,  5.74900306e-02,
         3.15260572e-02, -1.98735603e-01,  2.03603971e-01,
         6.48669162e-02,  1.15247891e-01,  3.74899167e-02,
         5.93662559e-03,  6.63943604e-02,  2.33791561e-02],
       [-2.60533630e-01,  2.32548796e-02, -8.88584307e-02,
        -1.10313459e-01, -3.11262359e-02,  1.31446151e-02,
        -1.79336169e-01, -2.73270902e-01, -1.34770983e-02,
         1.11684440e-01, -2.45487245e-01, -4.07769976e-02,
         4.77510625e-03,  3.74899167e-02,  1.04248618e-01,
         2.62594286e-02,  7.64767690e-03,  6.13733127e-02],
       [-2.81293154e-01, -5.31060422e-02,  1.19919168e-02,
        -7.75127508e-02, -5.24942596e-02,  2.18550236e-02,
        -2.68820655e-02, -1.24026708e-01, -1.51734572e-01,
        -3.21692564e-02, -5.84640744e-02, -3.29268056e-02,
         8.39339692e-02,  5.93662559e-03,  2.62594286e-02,
         5.24521449e-02,  2.02140969e-02, -1.09388512e-02],
       [-6.28620391e-01, -2.14028472e-01,  2.16440756e-01,
        -2.06835133e-01, -8.17070771e-02,  1.08820547e-01,
        -4.40374100e-01,  8.17978974e-02, -2.41391327e-01,
         3.69760539e-02, -2.50573681e-02,  9.94519416e-02,
         9.31255406e-02,  6.63943604e-02,  7.64767690e-03,
         2.02140969e-02,  8.36534679e-02, -6.50071612e-03],
       [ 1.64612797e-01,  1.66950676e-01, -9.41571854e-02,
         3.89862109e-02,  7.32648492e-02, -4.14384419e-02,
         8.94217558e-02,  1.19086364e-01,  1.33358989e-01,
         3.24593536e-01, -1.47415508e-01, -1.54420589e-02,
        -1.14943525e-01,  2.33791561e-02,  6.13733127e-02,
        -1.09388512e-02, -6.50071612e-03,  9.83038104e-02]])
      jac: array([-1.97249624e-07, -2.01098397e-06, -1.29452005e-06,  8.29336600e-07,
        5.26282721e-06,  2.17825757e-06, -1.53580852e-07, -3.74885308e-07,
       -3.97829917e-07,  2.93098878e-07, -1.48769885e-07, -1.19867079e-06,
        1.45957320e-06, -2.03910962e-07, -3.50682446e-06, -6.12843110e-07,
       -3.71924713e-07,  2.53167857e-06])
  message: 'Optimization terminated successfully.'
     nfev: 1596
      nit: 76
     njev: 84
   status: 0
  success: True
        x: array([-1.05498299, -0.96297159,  0.49084194, -1.51028487, -0.95613016,
        0.25470724, -2.18850464, -0.82142908,  0.91329602,  0.13331042,
        0.46381675,  1.05972943,  0.13295231,  0.20443461, -0.22539695,
        1.56610276, -0.22613522,  0.02970167])
