Program Begingeth
      fun: 0.21448449260592736
 hess_inv: array([[ 5.11698849e+00,  1.32157174e+00, -4.79957054e-01,
         5.79983664e-01,  4.07280302e-01, -1.29796241e+00,
        -2.13336820e+00, -6.80335098e-01, -2.93546066e+00,
        -1.00304704e+00,  1.45151286e-01, -1.06093140e+00,
        -1.11707132e+00, -4.58971420e-01, -2.20099664e-01,
         9.22108385e-02, -4.62976925e-01,  6.01537734e-01],
       [ 1.32157174e+00,  2.84508850e+00, -9.07898841e-01,
        -3.98521365e-01,  7.70682484e-01, -7.02273631e-01,
        -4.47502918e+00,  4.08058837e+00, -9.18253519e-01,
         2.25349504e-01, -1.34151419e+00, -1.40084029e+00,
        -4.53100144e-01, -3.85475040e-01,  2.66014042e-01,
         3.30694672e-01,  1.64686441e-02,  2.99016428e-01],
       [-4.79957054e-01, -9.07898841e-01,  8.19116589e+00,
         1.79849187e+00, -1.14605698e-01,  2.61874650e+00,
         1.99686610e+01, -8.82184781e+00,  9.97588318e+00,
        -8.56314795e-01,  4.70549515e+00, -2.53139605e+00,
         1.59595004e-01, -2.12453023e-01, -1.41080092e+00,
        -9.19897586e-01, -5.25013826e-02, -6.98265156e-01],
       [ 5.79983664e-01, -3.98521365e-01,  1.79849187e+00,
         6.38026085e-01, -2.92531227e-02,  4.85060927e-01,
         5.51053679e+00, -2.52515818e+00,  1.58695188e+00,
        -4.54123358e-01,  1.15865068e+00, -4.12068245e-01,
        -4.64441945e-02,  1.78251192e-03, -3.65744514e-01,
        -2.27817986e-01, -7.11459043e-02, -1.20730085e-01],
       [ 4.07280302e-01,  7.70682484e-01, -1.14605698e-01,
        -2.92531227e-02,  3.32756028e-01, -8.96235795e-02,
         5.39731536e-03,  1.75460718e+00, -3.58940925e-01,
        -1.02980562e-01, -3.95198032e-01, -3.35299292e-01,
        -1.40417460e-01, -3.02034555e-02,  1.17299261e-01,
         4.79466410e-02, -1.03341565e-02,  8.40394761e-02],
       [-1.29796241e+00, -7.02273631e-01,  2.61874650e+00,
         4.85060927e-01, -8.96235795e-02,  1.22609526e+00,
         7.60536928e+00, -2.12782128e+00,  3.92795760e+00,
        -2.94144451e-01,  1.31787814e+00, -3.90400469e-01,
         3.52905145e-01,  8.92726679e-02, -3.15044974e-01,
        -3.00603954e-01,  4.61175974e-02, -3.70359112e-01],
       [-2.13336820e+00, -4.47502918e+00,  1.99686610e+01,
         5.51053679e+00,  5.39731536e-03,  7.60536928e+00,
         6.60472887e+01, -1.99685652e+01,  2.32176080e+01,
        -3.58700937e+00,  1.08088903e+01, -3.64857743e+00,
         8.06215962e-01,  5.81993442e-01, -3.02931823e+00,
        -2.58746040e+00, -3.54931650e-01, -2.14914481e+00],
       [-6.80335098e-01,  4.08058837e+00, -8.82184781e+00,
        -2.52515818e+00,  1.75460718e+00, -2.12782128e+00,
        -1.99685652e+01,  2.32490163e+01, -9.90017745e+00,
         5.46335920e-01, -6.92031408e+00,  1.15660187e+00,
        -2.89526188e-02,  1.20709266e-01,  2.54779593e+00,
         1.33392640e+00,  1.75335149e-01,  8.29997389e-01],
       [-2.93546066e+00, -9.18253519e-01,  9.97588318e+00,
         1.58695188e+00, -3.58940925e-01,  3.92795760e+00,
         2.32176080e+01, -9.90017745e+00,  1.88644189e+01,
        -1.10580439e+00,  5.81511781e+00, -3.02048285e+00,
         7.67405804e-01, -6.72607016e-01, -1.79363095e+00,
        -9.60121350e-01, -1.20064327e-01, -1.32250382e+00],
       [-1.00304704e+00,  2.25349504e-01, -8.56314795e-01,
        -4.54123358e-01, -1.02980562e-01, -2.94144451e-01,
        -3.58700937e+00,  5.46335920e-01, -1.10580439e+00,
         1.41999058e+00, -7.20249706e-01,  2.59881037e-01,
        -1.37113103e-02,  1.03098685e-01,  2.01723872e-01,
         1.25108576e-01,  2.49379383e-01,  1.70868352e-01],
       [ 1.45151286e-01, -1.34151419e+00,  4.70549515e+00,
         1.15865068e+00, -3.95198032e-01,  1.31787814e+00,
         1.08088903e+01, -6.92031408e+00,  5.81511781e+00,
        -7.20249706e-01,  3.76767474e+00, -1.23551929e+00,
         7.95012720e-02, -2.86877989e-01, -1.12234398e+00,
        -6.09852034e-01, -1.28584645e-01, -5.05451789e-01],
       [-1.06093140e+00, -1.40084029e+00, -2.53139605e+00,
        -4.12068245e-01, -3.35299292e-01, -3.90400469e-01,
        -3.64857743e+00,  1.15660187e+00, -3.02048285e+00,
         2.59881037e-01, -1.23551929e+00,  2.26875937e+00,
         2.90953322e-01,  5.11809936e-01,  4.06930675e-01,
         9.68810255e-02,  1.01883729e-01,  5.97096620e-02],
       [-1.11707132e+00, -4.53100144e-01,  1.59595004e-01,
        -4.64441945e-02, -1.40417460e-01,  3.52905145e-01,
         8.06215962e-01, -2.89526188e-02,  7.67405804e-01,
        -1.37113103e-02,  7.95012720e-02,  2.90953322e-01,
         3.69369002e-01,  1.07897516e-01,  2.38194918e-02,
         6.54380239e-03,  1.03838180e-01, -1.99442057e-01],
       [-4.58971420e-01, -3.85475040e-01, -2.12453023e-01,
         1.78251192e-03, -3.02034555e-02,  8.92726679e-02,
         5.81993442e-01,  1.20709266e-01, -6.72607016e-01,
         1.03098685e-01, -2.86877989e-01,  5.11809936e-01,
         1.07897516e-01,  2.46081004e-01,  1.08081866e-01,
        -3.15464114e-02,  8.60582012e-02, -2.32681062e-04],
       [-2.20099664e-01,  2.66014042e-01, -1.41080092e+00,
        -3.65744514e-01,  1.17299261e-01, -3.15044974e-01,
        -3.02931823e+00,  2.54779593e+00, -1.79363095e+00,
         2.01723872e-01, -1.12234398e+00,  4.06930675e-01,
         2.38194918e-02,  1.08081866e-01,  4.15331776e-01,
         1.87765843e-01,  3.78844316e-02,  1.57030452e-01],
       [ 9.22108385e-02,  3.30694672e-01, -9.19897586e-01,
        -2.27817986e-01,  4.79466410e-02, -3.00603954e-01,
        -2.58746040e+00,  1.33392640e+00, -9.60121350e-01,
         1.25108576e-01, -6.09852034e-01,  9.68810255e-02,
         6.54380239e-03, -3.15464114e-02,  1.87765843e-01,
         1.74556714e-01,  1.81824262e-02,  8.59299319e-02],
       [-4.62976925e-01,  1.64686441e-02, -5.25013826e-02,
        -7.11459043e-02, -1.03341565e-02,  4.61175974e-02,
        -3.54931650e-01,  1.75335149e-01, -1.20064327e-01,
         2.49379383e-01, -1.28584645e-01,  1.01883729e-01,
         1.03838180e-01,  8.60582012e-02,  3.78844316e-02,
         1.81824262e-02,  1.22669589e-01, -2.04800134e-02],
       [ 6.01537734e-01,  2.99016428e-01, -6.98265156e-01,
        -1.20730085e-01,  8.40394761e-02, -3.70359112e-01,
        -2.14914481e+00,  8.29997389e-01, -1.32250382e+00,
         1.70868352e-01, -5.05451789e-01,  5.97096620e-02,
        -1.99442057e-01, -2.32681062e-04,  1.57030452e-01,
         8.59299319e-02, -2.04800134e-02,  2.22244424e-01]])
      jac: array([-3.84851410e-05, -3.56733162e-06,  1.95277128e-05, -6.86573021e-05,
       -1.52627910e-05, -1.50420417e-05,  9.09901784e-06, -1.66755498e-06,
       -7.62982270e-06, -5.25873789e-05,  2.15375865e-05,  2.03990528e-05,
       -1.74976515e-04,  1.40607896e-05,  5.02394422e-06,  2.03279615e-04,
        8.39026996e-05, -3.00339383e-05])
  message: 'Desired error not necessarily achieved due to precision loss.'
     nfev: 1912
      nit: 60
     njev: 100
   status: 2
  success: False
        x: array([-0.26792185, -0.3671684 ,  0.59808   , -0.92336885, -0.58257301,
        0.03679461, -0.74368823, -1.07744819, -0.75732681,  0.12420485,
        0.69708639,  0.95695143,  0.02754027,  0.22483556, -0.35068729,
        1.16714268, -0.3078278 ,  0.02787785])
