Program Begingeth
      fun: 0.3436102228341347
 hess_inv: array([[ 6.36602343e+00,  9.27932776e-02,  4.75217479e-01,
         3.02936141e+00, -9.36441745e-02, -7.57922294e-01,
         5.56604189e+00,  3.05361703e-03, -7.11531925e+00,
         8.42019281e-01,  6.53982070e-01, -8.53477664e-01,
        -1.08933020e-01, -4.18806561e-01, -2.74621043e-01,
         1.42580180e-01, -1.87364750e-01,  1.14911883e-02],
       [ 9.27932776e-02,  2.43846595e+00, -2.46395289e-01,
         9.31184618e-02,  1.18973377e+00, -2.23108248e-01,
         5.20959361e-01,  1.24441641e+00,  2.02060547e+00,
         7.91042809e-01,  3.43017770e-01, -1.27533852e-03,
        -2.36435187e-01,  4.22908538e-02, -2.11644977e-01,
        -1.15063266e-01,  6.04308281e-02,  6.54487683e-02],
       [ 4.75217479e-01, -2.46395289e-01,  1.57013862e+00,
         3.39150828e-01, -1.97389976e-01,  7.09371440e-01,
         4.01029702e-01, -2.06467205e+00, -5.84523759e-01,
         1.97824468e-01, -1.83408988e-01,  1.82660252e-01,
         7.33767892e-02,  1.67681960e-01,  7.92128068e-02,
        -3.50760641e-04,  1.11000988e-01,  4.72310056e-02],
       [ 3.02936141e+00,  9.31184618e-02,  3.39150828e-01,
         1.47225574e+00, -1.89816356e-02, -3.08354785e-01,
         2.88422159e+00, -1.19965907e-01, -3.27370514e+00,
         4.13227250e-01,  3.37395488e-01, -3.62771718e-01,
        -4.25911715e-02, -1.82116197e-01, -1.42689812e-01,
         6.65128256e-02, -7.51458168e-02,  6.13441163e-03],
       [-9.36441745e-02,  1.18973377e+00, -1.97389976e-01,
        -1.89816356e-02,  6.63996709e-01, -1.60933135e-01,
         1.10732412e+00,  1.27530351e+00,  1.06520920e+00,
         3.57775602e-01,  2.22596929e-01, -4.50532644e-03,
        -2.02439303e-01,  8.80126173e-03, -1.07303060e-01,
        -9.72868398e-02, -2.10356844e-02,  5.87246479e-02],
       [-7.57922294e-01, -2.23108248e-01,  7.09371440e-01,
        -3.08354785e-01, -1.60933135e-01,  5.23176904e-01,
        -1.30613057e+00, -1.32329093e+00,  9.81235246e-01,
        -1.41094651e-01, -2.45298148e-01,  2.31479617e-01,
         1.36465754e-01,  1.65100180e-01,  1.02231556e-01,
         6.66594466e-03,  1.20213803e-01, -1.80873725e-03],
       [ 5.56604189e+00,  5.20959361e-01,  4.01029702e-01,
         2.88422159e+00,  1.10732412e+00, -1.30613057e+00,
         2.18459765e+01,  7.09055131e+00, -7.55557827e+00,
         1.12273664e+00,  1.45744184e+00, -8.88972579e-01,
        -1.46571944e+00, -7.00860019e-01, -3.73454932e-01,
        -3.86862209e-01, -1.08649144e+00,  5.33613652e-01],
       [ 3.05361703e-03,  1.24441641e+00, -2.06467205e+00,
        -1.19965907e-01,  1.27530351e+00, -1.32329093e+00,
         7.09055131e+00,  9.21895517e+00,  7.04114634e-01,
         1.94160543e-01,  8.93665436e-01, -9.34674265e-01,
        -7.86595112e-01, -4.17283728e-01, -1.56367109e-01,
        -1.96907452e-01, -4.75265723e-01,  1.82825526e-01],
       [-7.11531925e+00,  2.02060547e+00, -5.84523759e-01,
        -3.27370514e+00,  1.06520920e+00,  9.81235246e-01,
        -7.55557827e+00,  7.04114634e-01,  1.34234535e+01,
        -6.55333247e-01,  2.18032359e-01,  8.42497004e-01,
         2.25173029e-01,  4.60495832e-01,  6.96532684e-02,
        -2.07655924e-01,  4.60695341e-01, -6.33028477e-02],
       [ 8.42019281e-01,  7.91042809e-01,  1.97824468e-01,
         4.13227250e-01,  3.57775602e-01, -1.41094651e-01,
         1.12273664e+00,  1.94160543e-01, -6.55333247e-01,
         1.30989274e+00, -2.46752264e-02, -4.27834485e-02,
        -3.34480330e-01,  2.84674404e-02,  1.91566412e-02,
        -4.49518954e-02,  1.68655079e-02,  2.68622775e-01],
       [ 6.53982070e-01,  3.43017770e-01, -1.83408988e-01,
         3.37395488e-01,  2.22596929e-01, -2.45298148e-01,
         1.45744184e+00,  8.93665436e-01,  2.18032359e-01,
        -2.46752264e-02,  8.25758444e-01, -1.93158651e-01,
        -6.24147232e-02, -2.04916464e-01, -2.14456242e-01,
        -4.32999806e-02, -5.43898310e-02, -1.08839005e-01],
       [-8.53477664e-01, -1.27533852e-03,  1.82660252e-01,
        -3.62771718e-01, -4.50532644e-03,  2.31479617e-01,
        -8.88972579e-01, -9.34674265e-01,  8.42497004e-01,
        -4.27834485e-02, -1.93158651e-01,  5.48013400e-01,
         1.29944711e-02,  1.69448206e-01, -8.57445802e-03,
        -7.32834598e-02,  9.56479818e-02,  2.06905600e-02],
       [-1.08933020e-01, -2.36435187e-01,  7.33767892e-02,
        -4.25911715e-02, -2.02439303e-01,  1.36465754e-01,
        -1.46571944e+00, -7.86595112e-01,  2.25173029e-01,
        -3.34480330e-01, -6.24147232e-02,  1.29944711e-02,
         2.41065383e-01,  2.98938199e-02,  7.38531037e-03,
         9.24951770e-02,  9.02382236e-02, -1.11749644e-01],
       [-4.18806561e-01,  4.22908538e-02,  1.67681960e-01,
        -1.82116197e-01,  8.80126173e-03,  1.65100180e-01,
        -7.00860019e-01, -4.17283728e-01,  4.60495832e-01,
         2.84674404e-02, -2.04916464e-01,  1.69448206e-01,
         2.98938199e-02,  1.24176493e-01,  4.41088302e-02,
        -7.87172421e-03,  8.19464222e-02,  2.73448700e-02],
       [-2.74621043e-01, -2.11644977e-01,  7.92128068e-02,
        -1.42689812e-01, -1.07303060e-01,  1.02231556e-01,
        -3.73454932e-01, -1.56367109e-01,  6.96532684e-02,
         1.91566412e-02, -2.14456242e-01, -8.57445802e-03,
         7.38531037e-03,  4.41088302e-02,  1.11488262e-01,
         1.85508500e-02,  4.83163950e-03,  6.42123126e-02],
       [ 1.42580180e-01, -1.15063266e-01, -3.50760641e-04,
         6.65128256e-02, -9.72868398e-02,  6.66594466e-03,
        -3.86862209e-01, -1.96907452e-01, -2.07655924e-01,
        -4.49518954e-02, -4.32999806e-02, -7.32834598e-02,
         9.24951770e-02, -7.87172421e-03,  1.85508500e-02,
         7.38244252e-02,  2.35064959e-02, -2.57539680e-02],
       [-1.87364750e-01,  6.04308281e-02,  1.11000988e-01,
        -7.51458168e-02, -2.10356844e-02,  1.20213803e-01,
        -1.08649144e+00, -4.75265723e-01,  4.60695341e-01,
         1.68655079e-02, -5.43898310e-02,  9.56479818e-02,
         9.02382236e-02,  8.19464222e-02,  4.83163950e-03,
         2.35064959e-02,  1.18602228e-01, -2.19926061e-02],
       [ 1.14911883e-02,  6.54487683e-02,  4.72310056e-02,
         6.13441163e-03,  5.87246479e-02, -1.80873725e-03,
         5.33613652e-01,  1.82825526e-01, -6.33028477e-02,
         2.68622775e-01, -1.08839005e-01,  2.06905600e-02,
        -1.11749644e-01,  2.73448700e-02,  6.42123126e-02,
        -2.57539680e-02, -2.19926061e-02,  1.23359817e-01]])
      jac: array([ 7.11171862e-06,  1.33382194e-05, -1.50546242e-06, -9.26851189e-06,
       -3.63239069e-05,  4.29101199e-06,  8.26005930e-07,  1.89663100e-06,
        1.40110146e-06,  3.59453208e-06,  1.10493096e-05, -2.01394457e-06,
       -1.74623279e-05,  5.43872355e-05,  2.47235565e-05,  5.10628577e-06,
       -2.45111339e-05, -3.46593125e-05])
  message: 'Desired error not necessarily achieved due to precision loss.'
     nfev: 2254
      nit: 73
     njev: 118
   status: 2
  success: False
        x: array([-1.58759336, -1.10023317,  0.64275074, -1.42964884, -1.18029838,
        0.32425695, -0.41492084, -1.72639954,  0.83044131,  0.10713406,
        0.39160611,  1.21212947,  0.1251066 ,  0.09890261, -0.25894646,
        1.35598063, -0.47891954,  0.01339541])
