Program Begingeth
      fun: 0.29229325670305306
 hess_inv: array([[ 4.18487373e+00, -1.80574713e+00,  8.09699304e-02,
         1.46485594e+00, -8.90997409e-01,  9.37669035e-01,
         2.29125816e+00,  7.64330959e-01,  3.02327416e+00,
        -7.42856582e-02, -8.41520294e-01,  5.63293554e-01,
        -6.32791414e-01,  3.38139485e-01,  4.12906662e-01,
        -2.81469493e-01,  4.75769388e-01, -2.11615322e-01],
       [-1.80574713e+00,  4.21830926e+00,  1.25031988e+00,
        -6.09520675e-01,  1.85715756e+00,  6.47485194e-02,
        -4.16353155e+00,  1.05601204e+00,  2.90806582e+00,
        -3.28491057e-01,  6.70534546e-01, -1.32786804e+00,
         6.16789261e-01, -4.08843967e-01, -2.95192258e-01,
         1.57989493e-01, -3.86279717e-01,  8.26964091e-02],
       [ 8.09699304e-02,  1.25031988e+00,  2.06508004e+00,
        -2.46831153e-01,  4.43804137e-01,  8.60129322e-01,
        -2.92201120e+00, -1.49696507e+00,  3.26879436e+00,
        -8.40695223e-02,  6.84253553e-01, -5.33853494e-01,
        -7.05239356e-03, -1.20840821e-01, -1.97299145e-01,
         8.15293828e-02,  1.02138475e-02, -1.23947238e-01],
       [ 1.46485594e+00, -6.09520675e-01, -2.46831153e-01,
         6.04803291e-01, -2.96102873e-01,  2.03658243e-01,
         1.45524536e+00,  6.46011212e-01,  8.16902108e-01,
        -7.08885073e-02, -3.95094570e-01,  1.72698469e-01,
        -1.70360830e-01,  1.05573378e-01,  1.93953140e-01,
        -1.04838800e-01,  1.44747984e-01, -2.23518808e-02],
       [-8.90997409e-01,  1.85715756e+00,  4.43804137e-01,
        -2.96102873e-01,  9.22945246e-01, -1.10991652e-02,
        -2.35355228e+00,  1.15102247e+00,  9.21340269e-01,
        -6.35436724e-02,  2.14953624e-01, -5.08342129e-01,
         3.29731086e-01, -1.37429719e-01, -1.04826082e-01,
         1.09371363e-01, -2.15635990e-01,  5.37571823e-02],
       [ 9.37669035e-01,  6.47485194e-02,  8.60129322e-01,
         2.03658243e-01, -1.10991652e-02,  6.13601116e-01,
        -9.42112788e-01, -2.73408495e-01,  2.20240176e+00,
         5.60133122e-02,  1.44175781e-02, -5.54577169e-02,
        -1.72190484e-01,  3.92460084e-02,  4.35369382e-02,
        -4.75152725e-02,  8.65714492e-02, -9.60840098e-02],
       [ 2.29125816e+00, -4.16353155e+00, -2.92201120e+00,
         1.45524536e+00, -2.35355228e+00, -9.42112788e-01,
         1.44620393e+01, -1.46557311e+00, -4.01158598e+00,
        -5.10760814e-01, -9.78931620e-01,  8.89612335e-01,
        -7.13177217e-01,  3.05877396e-01,  5.11499592e-01,
        -4.61751221e-01,  8.40518423e-01,  2.31959670e-01],
       [ 7.64330959e-01,  1.05601204e+00, -1.49696507e+00,
         6.46011212e-01,  1.15102247e+00, -2.73408495e-01,
        -1.46557311e+00,  8.75000450e+00, -5.92367368e-01,
         2.19604580e-01, -1.17731338e+00, -3.10948792e-02,
         3.19196040e-01,  2.28987669e-01,  5.63174548e-01,
        -7.87212565e-02, -1.99351190e-01,  2.29143736e-01],
       [ 3.02327416e+00,  2.90806582e+00,  3.26879436e+00,
         8.16902108e-01,  9.21340269e-01,  2.20240176e+00,
        -4.01158598e+00, -5.92367368e-01,  1.25830248e+01,
        -2.26114424e-01,  4.39272326e-01, -1.06087265e+00,
        -3.00413804e-01, -3.55904614e-01,  1.99491860e-02,
        -2.46292183e-01,  4.13750696e-03, -2.63234462e-01],
       [-7.42856582e-02, -3.28491057e-01, -8.40695223e-02,
        -7.08885073e-02, -6.35436724e-02,  5.60133122e-02,
        -5.10760814e-01,  2.19604580e-01, -2.26114424e-01,
         6.86771818e-01, -1.18192012e-02,  1.14349650e-01,
        -1.60696890e-01,  3.29087935e-03, -4.73152245e-02,
        -8.79911337e-03, -8.05044222e-02, -1.76104610e-01],
       [-8.41520294e-01,  6.70534546e-01,  6.84253553e-01,
        -3.95094570e-01,  2.14953624e-01,  1.44175781e-02,
        -9.78931620e-01, -1.17731338e+00,  4.39272326e-01,
        -1.18192012e-02,  9.04054461e-01, -3.54643486e-01,
         9.78520289e-02, -2.42442979e-01, -2.95569950e-01,
         9.79070018e-02, -8.21007112e-02, -1.08990282e-01],
       [ 5.63293554e-01, -1.32786804e+00, -5.33853494e-01,
         1.72698469e-01, -5.08342129e-01, -5.54577169e-02,
         8.89612335e-01, -3.10948792e-02, -1.06087265e+00,
         1.14349650e-01, -3.54643486e-01,  7.40242109e-01,
        -1.42478408e-01,  2.24730993e-01,  7.52626286e-02,
         8.23534176e-03,  1.37165156e-01, -6.56904496e-04],
       [-6.32791414e-01,  6.16789261e-01, -7.05239356e-03,
        -1.70360830e-01,  3.29731086e-01, -1.72190484e-01,
        -7.13177217e-01,  3.19196040e-01, -3.00413804e-01,
        -1.60696890e-01,  9.78520289e-02, -1.42478408e-01,
         2.60991159e-01, -6.77791096e-02, -4.24618891e-02,
         1.15943255e-01, -1.33431577e-01,  1.00315072e-01],
       [ 3.38139485e-01, -4.08843967e-01, -1.20840821e-01,
         1.05573378e-01, -1.37429719e-01,  3.92460084e-02,
         3.05877396e-01,  2.28987669e-01, -3.55904614e-01,
         3.29087935e-03, -2.42442979e-01,  2.24730993e-01,
        -6.77791096e-02,  1.45421568e-01,  7.44972766e-02,
        -1.38088956e-02,  1.02671504e-01,  1.71354860e-02],
       [ 4.12906662e-01, -2.95192258e-01, -1.97299145e-01,
         1.93953140e-01, -1.04826082e-01,  4.35369382e-02,
         5.11499592e-01,  5.63174548e-01,  1.99491860e-02,
        -4.73152245e-02, -2.95569950e-01,  7.52626286e-02,
        -4.24618891e-02,  7.44972766e-02,  1.58015974e-01,
        -5.34010639e-02,  3.92489859e-02,  7.22025983e-02],
       [-2.81469493e-01,  1.57989493e-01,  8.15293828e-02,
        -1.04838800e-01,  1.09371363e-01, -4.75152725e-02,
        -4.61751221e-01, -7.87212565e-02, -2.46292183e-01,
        -8.79911337e-03,  9.79070018e-02,  8.23534176e-03,
         1.15943255e-01, -1.38088956e-02, -5.34010639e-02,
         1.00036695e-01, -5.53986731e-02,  1.64649402e-02],
       [ 4.75769388e-01, -3.86279717e-01,  1.02138475e-02,
         1.44747984e-01, -2.15635990e-01,  8.65714492e-02,
         8.40518423e-01, -1.99351190e-01,  4.13750696e-03,
        -8.05044222e-02, -8.21007112e-02,  1.37165156e-01,
        -1.33431577e-01,  1.02671504e-01,  3.92489859e-02,
        -5.53986731e-02,  1.75906023e-01, -1.50503408e-02],
       [-2.11615322e-01,  8.26964091e-02, -1.23947238e-01,
        -2.23518808e-02,  5.37571823e-02, -9.60840098e-02,
         2.31959670e-01,  2.29143736e-01, -2.63234462e-01,
        -1.76104610e-01, -1.08990282e-01, -6.56904496e-04,
         1.00315072e-01,  1.71354860e-02,  7.22025983e-02,
         1.64649402e-02, -1.50503408e-02,  1.38559550e-01]])
      jac: array([ 1.22590826e-05, -5.04411328e-06,  5.73911289e-06, -3.33233441e-05,
        1.81765714e-05, -9.83620592e-06,  2.97243711e-06, -1.42811688e-06,
        9.25185854e-08,  3.16857651e-06, -5.60662628e-07,  4.62407890e-06,
        2.23239945e-05, -9.17266263e-06,  2.61161463e-05, -1.94477767e-05,
        1.93104791e-06, -1.57174274e-05])
  message: 'Desired error not necessarily achieved due to precision loss.'
     nfev: 2498
      nit: 67
     njev: 131
   status: 2
  success: False
        x: array([ 0.80853648, -1.05051634,  0.62297187,  1.05479512, -1.11501837,
        0.1607908 ,  0.63636435, -1.8939282 , -0.45056277,  0.04030728,
        0.60784616,  1.18688708,  0.00297881,  0.10367914, -0.358077  ,
       -1.01178399, -0.48891963, -0.03960842])
