Program Begingeth
      fun: 0.2669841607153335
 hess_inv: array([[ 3.34061854e+00, -1.29738466e+00,  4.87116749e-01,
         1.11269062e+00, -5.99317999e-01,  6.95539202e-01,
         7.58122858e-01,  5.86424524e-01,  1.86316312e+00,
         8.15941596e-02, -5.29385711e-01,  1.15468807e-01,
        -4.96938351e-01,  2.17359265e-01,  2.63345973e-01,
        -1.91128379e-01,  2.78479001e-01, -9.83772050e-02],
       [-1.29738466e+00,  2.75399667e+00,  4.48764232e-01,
        -2.88688081e-01,  1.12949240e+00, -6.80106772e-02,
        -6.29825378e-01,  9.55995972e-01,  8.36526708e-01,
        -5.19144329e-01,  3.61726275e-01, -8.63567188e-01,
         4.63693399e-01, -2.97247478e-01, -3.07155661e-02,
         7.52456895e-02, -1.78330342e-01,  1.25886577e-01],
       [ 4.87116749e-01,  4.48764232e-01,  6.16930896e+00,
        -7.08354049e-01,  3.78975119e-02,  2.80886169e+00,
        -9.99871758e+00, -4.37946287e+00,  7.03936089e+00,
         3.88442101e-01,  1.54496516e+00, -5.35122426e-01,
        -1.91957030e-01, -5.23423361e-02, -4.31311205e-01,
         1.78322662e-01,  1.98391454e-01, -4.17101839e-01],
       [ 1.11269062e+00, -2.88688081e-01, -7.08354049e-01,
         5.60036376e-01, -1.37528639e-01, -1.81399189e-01,
         2.18182279e+00,  9.33862945e-01, -2.01404392e-01,
        -1.00508431e-01, -3.47098646e-01, -4.55405663e-03,
        -1.00776235e-01,  2.62880774e-02,  1.60102451e-01,
        -9.24007090e-02,  4.20772075e-02,  4.49738242e-02],
       [-5.99317999e-01,  1.12949240e+00,  3.78975119e-02,
        -1.37528639e-01,  5.11264379e-01, -8.14977587e-02,
        -3.12355997e-01,  8.09963817e-01,  5.59307183e-02,
        -1.71007941e-01,  6.33384255e-02, -2.94522044e-01,
         2.03829197e-01, -8.59688190e-02,  1.59106653e-02,
         4.49156640e-02, -7.52428931e-02,  7.22033711e-02],
       [ 6.95539202e-01, -6.80106772e-02,  2.80886169e+00,
        -1.81399189e-01, -8.14977587e-02,  1.39355378e+00,
        -4.65219455e+00, -1.71939705e+00,  3.49330526e+00,
         2.84885873e-01,  5.15029472e-01, -1.60897633e-01,
        -1.86671796e-01,  3.73541367e-02, -1.32337087e-01,
         4.72640488e-02,  1.24931228e-01, -2.04512510e-01],
       [ 7.58122858e-01, -6.29825378e-01, -9.99871758e+00,
         2.18182279e+00, -3.12355997e-01, -4.65219455e+00,
         2.33896943e+01,  6.53207460e+00, -1.03296873e+01,
        -9.80791932e-01, -1.83436902e+00,  1.79540606e-01,
         1.45750728e-01, -2.65833807e-01,  6.78545127e-01,
        -4.82034974e-01, -2.58489950e-01,  6.76296072e-01],
       [ 5.86424524e-01,  9.55995972e-01, -4.37946287e+00,
         9.33862945e-01,  8.09963817e-01, -1.71939705e+00,
         6.53207460e+00,  8.61403354e+00, -4.53128321e+00,
        -1.64270867e-01, -1.64641456e+00, -7.96910207e-02,
         1.31807367e-01,  8.39451787e-02,  7.70671186e-01,
        -2.00891911e-01, -1.45906896e-01,  4.70648733e-01],
       [ 1.86316312e+00,  8.36526708e-01,  7.03936089e+00,
        -2.01404392e-01,  5.59307183e-02,  3.49330526e+00,
        -1.03296873e+01, -4.53128321e+00,  1.17373428e+01,
         5.66584770e-01,  1.82423716e+00, -7.79760584e-01,
        -3.57786163e-01, -3.18433232e-01, -5.22951819e-01,
         7.02532475e-02,  1.14277830e-01, -6.15793681e-01],
       [ 8.15941596e-02, -5.19144329e-01,  3.88442101e-01,
        -1.00508431e-01, -1.71007941e-01,  2.84885873e-01,
        -9.80791932e-01, -1.64270867e-01,  5.66584770e-01,
         9.64184487e-01,  1.16065977e-01,  1.15475632e-01,
        -2.78423626e-01,  3.11598637e-02, -1.26985271e-01,
         3.26381877e-03,  4.08491216e-03, -2.55312486e-01],
       [-5.29385711e-01,  3.61726275e-01,  1.54496516e+00,
        -3.47098646e-01,  6.33384255e-02,  5.15029472e-01,
        -1.83436902e+00, -1.64641456e+00,  1.82423716e+00,
         1.16065977e-01,  1.15900402e+00, -2.81202147e-01,
         3.84220532e-02, -2.47780153e-01, -3.40302877e-01,
         8.62669574e-02, -2.97349375e-02, -2.12217000e-01],
       [ 1.15468807e-01, -8.63567188e-01, -5.35122426e-01,
        -4.55405663e-03, -2.94522044e-01, -1.60897633e-01,
         1.79540606e-01, -7.96910207e-02, -7.79760584e-01,
         1.15475632e-01, -2.81202147e-01,  6.39912272e-01,
        -6.29177381e-02,  1.79041869e-01, -1.23208415e-02,
         3.90903223e-02,  6.65017599e-02,  1.65564444e-02],
       [-4.96938351e-01,  4.63693399e-01, -1.91957030e-01,
        -1.00776235e-01,  2.03829197e-01, -1.86671796e-01,
         1.45750728e-01,  1.31807367e-01, -3.57786163e-01,
        -2.78423626e-01,  3.84220532e-02, -6.29177381e-02,
         2.05898910e-01, -5.39478464e-02,  1.32492651e-03,
         6.52706194e-02, -6.53743324e-02,  9.47782895e-02],
       [ 2.17359265e-01, -2.97247478e-01, -5.23423361e-02,
         2.62880774e-02, -8.59688190e-02,  3.73541367e-02,
        -2.65833807e-01,  8.39451787e-02, -3.18433232e-01,
         3.11598637e-02, -2.47780153e-01,  1.79041869e-01,
        -5.39478464e-02,  1.41686800e-01,  5.79440779e-02,
        -7.93546602e-05,  7.70319858e-02,  2.45844419e-02],
       [ 2.63345973e-01, -3.07155661e-02, -4.31311205e-01,
         1.60102451e-01,  1.59106653e-02, -1.32337087e-01,
         6.78545127e-01,  7.70671186e-01, -5.22951819e-01,
        -1.26985271e-01, -3.40302877e-01, -1.23208415e-02,
         1.32492651e-03,  5.79440779e-02,  1.61767648e-01,
        -4.14996816e-02,  9.00873188e-03,  1.06153147e-01],
       [-1.91128379e-01,  7.52456895e-02,  1.78322662e-01,
        -9.24007090e-02,  4.49156640e-02,  4.72640488e-02,
        -4.82034974e-01, -2.00891911e-01,  7.02532475e-02,
         3.26381877e-03,  8.62669574e-02,  3.90903223e-02,
         6.52706194e-02, -7.93546602e-05, -4.14996816e-02,
         6.58146962e-02, -1.04674643e-02, -1.92510751e-03],
       [ 2.78479001e-01, -1.78330342e-01,  1.98391454e-01,
         4.20772075e-02, -7.52428931e-02,  1.24931228e-01,
        -2.58489950e-01, -1.45906896e-01,  1.14277830e-01,
         4.08491216e-03, -2.97349375e-02,  6.65017599e-02,
        -6.53743324e-02,  7.70319858e-02,  9.00873188e-03,
        -1.04674643e-02,  8.65149108e-02, -1.41792519e-02],
       [-9.83772050e-02,  1.25886577e-01, -4.17101839e-01,
         4.49738242e-02,  7.22033711e-02, -2.04512510e-01,
         6.76296072e-01,  4.70648733e-01, -6.15793681e-01,
        -2.55312486e-01, -2.12217000e-01,  1.65564444e-02,
         9.47782895e-02,  2.45844419e-02,  1.06153147e-01,
        -1.92510751e-03, -1.41792519e-02,  1.37203786e-01]])
      jac: array([-2.63085849e-06, -2.90286314e-06, -1.94400052e-06,  7.46995059e-06,
        6.71425878e-06,  5.79055322e-06, -3.91908728e-07, -7.30526750e-07,
       -7.90108719e-07, -9.56272099e-07,  5.57331958e-07, -4.55191440e-07,
       -1.44699068e-06, -3.37396777e-06, -1.44662060e-06, -1.14093920e-06,
        1.78782914e-06,  1.13131726e-06])
  message: 'Optimization terminated successfully.'
     nfev: 1691
      nit: 75
     njev: 89
   status: 0
  success: True
        x: array([ 1.01121176, -1.1377254 ,  0.46704218,  1.32627947, -1.14210378,
        0.10884497,  1.17359436, -1.5615743 , -0.8171034 ,  0.05637018,
        0.5689105 ,  1.13199404,  0.0047318 ,  0.24416523, -0.27862951,
       -1.22104065, -0.10200949,  0.00205327])
