Program Begingeth
      fun: 0.22328399894395526
 hess_inv: array([[ 1.44356154e+00,  3.42583028e-01, -7.82286456e-01,
        -1.50032596e+00,  6.98973085e-01, -8.39823182e-02,
        -1.19120490e+00,  5.61764876e+00, -1.69596093e+00,
         1.20403188e+00, -1.18572798e-01,  9.40808154e-01,
        -3.02317347e+00,  2.40513176e-01,  3.63738177e-01,
        -1.07633466e+00,  6.59407014e-02,  3.04388964e-01],
       [ 3.42583028e-01,  4.76828243e-01, -2.37050592e-01,
        -5.85596856e-01,  1.32889086e-01, -5.22577808e-02,
        -6.55597214e-01,  1.93756803e+00, -1.47921936e-01,
         3.79891548e-01,  3.70926450e-02,  1.90542991e-01,
        -9.88857677e-01, -2.64160766e-01,  1.64465962e-01,
        -3.25274176e-01, -8.82682776e-02,  2.11833938e-01],
       [-7.82286456e-01, -2.37050592e-01,  8.90734493e-01,
         1.00291757e+00, -2.49827873e-01, -1.61172791e-01,
         1.18332320e+00, -3.23560467e+00,  9.54215355e-01,
        -1.08158876e+00,  5.66443073e-02, -4.38838117e-01,
         1.96543624e+00,  1.40961020e-02, -8.04805349e-01,
         6.96678983e-01, -6.04091089e-02, -4.38140067e-01],
       [-1.50032596e+00, -5.85596856e-01,  1.00291757e+00,
         2.16182504e+00, -8.68277272e-01, -1.64180493e-01,
         1.85337139e+00, -7.72593864e+00,  1.00818878e+00,
        -1.58605455e+00,  3.03208898e-01, -7.56109355e-01,
         3.99482632e+00, -2.30629236e-01, -8.83553105e-01,
         1.43490370e+00, -9.97400944e-02, -5.69962178e-01],
       [ 6.98973085e-01,  1.32889086e-01, -2.49827873e-01,
        -8.68277272e-01,  6.76159202e-01,  1.58304658e-02,
        -2.53208339e-01,  3.93298044e+00, -4.39409486e-01,
         5.25988242e-01, -2.73771923e-01,  4.23559908e-01,
        -1.65168861e+00,  5.37571874e-01,  1.51893669e-01,
        -5.74808200e-01,  1.90058144e-01,  1.34299992e-01],
       [-8.39823182e-02, -5.22577808e-02, -1.61172791e-01,
        -1.64180493e-01,  1.58304658e-02,  3.43593166e-01,
        -8.62861611e-02,  4.20523186e-01,  7.74855064e-01,
         1.31121767e-01, -1.92557622e-01, -1.79036635e-01,
        -2.11873828e-01,  8.57768279e-02,  5.28577228e-01,
        -8.50219544e-02,  4.99396527e-02,  1.92505662e-01],
       [-1.19120490e+00, -6.55597214e-01,  1.18332320e+00,
         1.85337139e+00, -2.53208339e-01, -8.62861611e-02,
         3.48298315e+00, -5.37040559e+00,  1.49249495e+00,
        -1.48419709e+00, -6.16456975e-02, -5.15006254e-01,
         3.20795467e+00,  4.69573037e-01, -1.00226136e+00,
         1.11786378e+00,  1.07626393e-01, -6.23870038e-01],
       [ 5.61764876e+00,  1.93756803e+00, -3.23560467e+00,
        -7.72593864e+00,  3.93298044e+00,  4.20523186e-01,
        -5.37040559e+00,  3.10411681e+01, -3.78945752e+00,
         5.45177193e+00, -1.22712887e+00,  3.03774106e+00,
        -1.44129385e+01,  1.64001620e+00,  2.64585309e+00,
        -5.11791437e+00,  5.59848430e-01,  1.82983341e+00],
       [-1.69596093e+00, -1.47921936e-01,  9.54215355e-01,
         1.00818878e+00, -4.39409486e-01,  7.74855064e-01,
         1.49249495e+00, -3.78945752e+00,  5.83943188e+00,
        -1.35140357e+00, -5.24342028e-01, -1.15475033e+00,
         2.54230551e+00, -3.10560002e-02,  9.30241957e-02,
         9.23682900e-01, -4.01639934e-02, -1.93271116e-01],
       [ 1.20403188e+00,  3.79891548e-01, -1.08158876e+00,
        -1.58605455e+00,  5.25988242e-01,  1.31121767e-01,
        -1.48419709e+00,  5.45177193e+00, -1.35140357e+00,
         1.57158762e+00, -1.15099746e-01,  6.66355404e-01,
        -3.09553725e+00,  9.16619975e-02,  8.93373615e-01,
        -1.11301148e+00,  1.01708850e-01,  5.24017442e-01],
       [-1.18572798e-01,  3.70926450e-02,  5.66443073e-02,
         3.03208898e-01, -2.73771923e-01, -1.92557622e-01,
        -6.16456975e-02, -1.22712887e+00, -5.24342028e-01,
        -1.15099746e-01,  5.40595543e-01, -6.46366410e-02,
         4.45087698e-01, -4.23493511e-01, -1.68317442e-01,
         9.45109693e-02, -1.45883017e-01, -5.64136121e-03],
       [ 9.40808154e-01,  1.90542991e-01, -4.38838117e-01,
        -7.56109355e-01,  4.23559908e-01, -1.79036635e-01,
        -5.15006254e-01,  3.03774106e+00, -1.15475033e+00,
         6.66355404e-01, -6.46366410e-02,  8.51955935e-01,
        -1.63126509e+00,  1.65084810e-01, -6.79642352e-02,
        -5.43460245e-01,  2.58826010e-02,  4.99597563e-02],
       [-3.02317347e+00, -9.88857677e-01,  1.96543624e+00,
         3.99482632e+00, -1.65168861e+00, -2.11873828e-01,
         3.20795467e+00, -1.44129385e+01,  2.54230551e+00,
        -3.09553725e+00,  4.45087698e-01, -1.63126509e+00,
         7.62337739e+00, -4.88270356e-01, -1.56810957e+00,
         2.77438772e+00, -2.02100505e-01, -1.03259030e+00],
       [ 2.40513176e-01, -2.64160766e-01,  1.40961020e-02,
        -2.30629236e-01,  5.37571874e-01,  8.57768279e-02,
         4.69573037e-01,  1.64001620e+00, -3.10560002e-02,
         9.16619975e-02, -4.23493511e-01,  1.65084810e-01,
        -4.88270356e-01,  8.55121175e-01,  4.65642464e-03,
        -1.54292423e-01,  3.36333349e-01, -5.85904967e-02],
       [ 3.63738177e-01,  1.64465962e-01, -8.04805349e-01,
        -8.83553105e-01,  1.51893669e-01,  5.28577228e-01,
        -1.00226136e+00,  2.64585309e+00,  9.30241957e-02,
         8.93373615e-01, -1.68317442e-01, -6.79642352e-02,
        -1.56810957e+00,  4.65642464e-03,  1.32034412e+00,
        -5.86124806e-01,  9.04296865e-02,  6.45582141e-01],
       [-1.07633466e+00, -3.25274176e-01,  6.96678983e-01,
         1.43490370e+00, -5.74808200e-01, -8.50219544e-02,
         1.11786378e+00, -5.11791437e+00,  9.23682900e-01,
        -1.11301148e+00,  9.45109693e-02, -5.43460245e-01,
         2.77438772e+00, -1.54292423e-01, -5.86124806e-01,
         1.04978395e+00, -6.60494011e-02, -3.82194723e-01],
       [ 6.59407014e-02, -8.82682776e-02, -6.04091089e-02,
        -9.97400944e-02,  1.90058144e-01,  4.99396527e-02,
         1.07626393e-01,  5.59848430e-01, -4.01639934e-02,
         1.01708850e-01, -1.45883017e-01,  2.58826010e-02,
        -2.02100505e-01,  3.36333349e-01,  9.04296865e-02,
        -6.60494011e-02,  1.70013332e-01,  2.56894738e-02],
       [ 3.04388964e-01,  2.11833938e-01, -4.38140067e-01,
        -5.69962178e-01,  1.34299992e-01,  1.92505662e-01,
        -6.23870038e-01,  1.82983341e+00, -1.93271116e-01,
         5.24017442e-01, -5.64136121e-03,  4.99597563e-02,
        -1.03259030e+00, -5.85904967e-02,  6.45582141e-01,
        -3.82194723e-01,  2.56894738e-02,  3.85462076e-01]])
      jac: array([ 3.28546449e-05,  4.76533627e-05,  1.69458891e-05, -1.22866717e-04,
       -6.99566331e-05,  5.12782409e-05,  3.19166915e-05,  1.28338081e-05,
        2.61777637e-05,  4.12866038e-05,  2.72037948e-05, -1.35053080e-05,
        1.10202218e-04,  1.43393630e-04, -4.13443354e-05, -2.15124215e-05,
       -1.28455765e-04,  2.26568764e-05])
  message: 'Desired error not necessarily achieved due to precision loss.'
     nfev: 1662
      nit: 38
     njev: 87
   status: 2
  success: False
        x: array([ 0.76200697, -0.02670103,  0.53755585,  0.24298571, -0.76632706,
       -0.80275667,  1.18269298, -1.25379888, -1.12266139, -1.09493586,
        0.05584052,  0.69729092,  0.15582247,  0.06585119, -0.5846071 ,
        0.09820841,  1.03434629, -0.83567458])
