Program Begingeth
      fun: 0.325924132017864
 hess_inv: array([[ 1.05380832e+01, -3.31195624e+00, -4.91120389e+00,
         4.04204697e+00, -1.66510097e+00, -1.59347821e+00,
         8.68278576e+00,  2.16659457e+00,  1.99789294e+00,
        -4.72941704e-01, -5.30615838e-01, -1.67924271e-02,
        -1.13278173e+00,  1.82761523e-01,  1.65761414e-01,
        -3.65661692e-01,  6.95351931e-01, -2.30896748e-01],
       [-3.31195624e+00,  4.56278159e+00,  1.46997350e+00,
        -9.80304747e-01,  2.00347221e+00,  6.70674970e-01,
        -1.98863455e+00,  1.79382718e+00,  1.00494732e+00,
         3.49755806e-01,  7.64937516e-02, -8.41766541e-01,
         4.99024899e-01, -2.58330455e-01,  2.76445477e-01,
         3.45226049e-02, -2.96226345e-01,  1.42676772e-01],
       [-4.91120389e+00,  1.46997350e+00,  9.79752194e+00,
        -2.57536045e+00,  2.84479359e-01,  3.73537778e+00,
        -1.13995796e+01, -4.76584928e+00,  1.49229400e+00,
         5.15789197e-01,  1.75901092e+00, -4.09256867e-01,
         1.63611460e-01, -5.92373759e-01, -2.79471899e-01,
         2.38496966e-02, -2.67657645e-01,  1.43193610e-01],
       [ 4.04204697e+00, -9.80304747e-01, -2.57536045e+00,
         1.70117321e+00, -4.80762820e-01, -8.84528680e-01,
         4.49203894e+00,  1.26380704e+00,  7.71134468e-01,
        -1.96512010e-01, -2.95299691e-01, -5.49613123e-02,
        -3.39792842e-01,  6.47411747e-02,  9.03090673e-02,
        -1.12147424e-01,  2.18397972e-01, -8.85426346e-02],
       [-1.66510097e+00,  2.00347221e+00,  2.84479359e-01,
        -4.80762820e-01,  9.56393201e-01,  1.51533203e-01,
        -6.51260430e-01,  1.25697232e+00,  2.01407083e-01,
         2.04279555e-01, -5.08256466e-02, -2.81323614e-01,
         2.51954483e-01, -5.75022842e-02,  1.27351802e-01,
         4.56602805e-02, -1.39165392e-01,  6.33567491e-02],
       [-1.59347821e+00,  6.70674970e-01,  3.73537778e+00,
        -8.84528680e-01,  1.51533203e-01,  1.49490287e+00,
        -4.34124846e+00, -1.50585694e+00,  9.52045623e-01,
         2.89988727e-01,  5.81962001e-01, -1.99293045e-01,
         1.48398617e-03, -2.21512582e-01, -5.39232119e-02,
        -1.96059888e-02, -8.94996921e-02,  5.36238174e-02],
       [ 8.68278576e+00, -1.98863455e+00, -1.13995796e+01,
         4.49203894e+00, -6.51260430e-01, -4.34124846e+00,
         1.82905071e+01,  5.28477513e+00,  8.29410421e-02,
        -4.70070639e-01, -1.34569503e+00,  1.54076782e-01,
        -3.57355723e-01,  3.57274371e-01,  1.81726099e-01,
        -9.21897636e-02,  3.21190241e-01, -2.98910153e-01],
       [ 2.16659457e+00,  1.79382718e+00, -4.76584928e+00,
         1.26380704e+00,  1.25697232e+00, -1.50585694e+00,
         5.28477513e+00,  7.63543203e+00,  4.58084738e-01,
         6.28089340e-01, -9.77999514e-01, -1.82401190e-01,
        -1.95453685e-01,  2.64187676e-01,  4.71030442e-01,
        -7.43865553e-02,  8.58159414e-02, -5.09338028e-02],
       [ 1.99789294e+00,  1.00494732e+00,  1.49229400e+00,
         7.71134468e-01,  2.01407083e-01,  9.52045623e-01,
         8.29410421e-02,  4.58084738e-01,  4.04470118e+00,
         3.23970817e-01,  2.26107863e-01, -4.82838508e-01,
        -2.58978162e-01, -3.23948954e-01,  1.12883572e-01,
        -1.68734617e-01, -2.62613036e-02, -6.26135736e-02],
       [-4.72941704e-01,  3.49755806e-01,  5.15789197e-01,
        -1.96512010e-01,  2.04279555e-01,  2.89988727e-01,
        -4.70070639e-01,  6.28089340e-01,  3.23970817e-01,
         1.03908061e+00,  1.94804970e-01, -9.16176723e-02,
        -1.99982210e-01, -7.64988668e-02, -6.66492233e-02,
        -7.06559436e-03, -7.16617971e-02, -1.97087570e-01],
       [-5.30615838e-01,  7.64937516e-02,  1.75901092e+00,
        -2.95299691e-01, -5.08256466e-02,  5.81962001e-01,
        -1.34569503e+00, -9.77999514e-01,  2.26107863e-01,
         1.94804970e-01,  9.44551018e-01, -1.07967366e-01,
        -3.65664329e-03, -2.65046990e-01, -2.18695228e-01,
         2.70463874e-02, -5.56660438e-02, -1.06427103e-01],
       [-1.67924271e-02, -8.41766541e-01, -4.09256867e-01,
        -5.49613123e-02, -2.81323614e-01, -1.99293045e-01,
         1.54076782e-01, -1.82401190e-01, -4.82838508e-01,
        -9.16176723e-02, -1.07967366e-01,  5.35040628e-01,
         1.06161287e-02,  1.49429265e-01, -1.09952384e-01,
         7.28523375e-02,  6.13160691e-02,  3.88617545e-03],
       [-1.13278173e+00,  4.99024899e-01,  1.63611460e-01,
        -3.39792842e-01,  2.51954483e-01,  1.48398617e-03,
        -3.57355723e-01, -1.95453685e-01, -2.58978162e-01,
        -1.99982210e-01, -3.65664329e-03,  1.06161287e-02,
         2.71396230e-01, -1.64759260e-02,  2.30697887e-03,
         9.40374656e-02, -1.03960478e-01,  7.64147556e-02],
       [ 1.82761523e-01, -2.58330455e-01, -5.92373759e-01,
         6.47411747e-02, -5.75022842e-02, -2.21512582e-01,
         3.57274371e-01,  2.64187676e-01, -3.23948954e-01,
        -7.64988668e-02, -2.65046990e-01,  1.49429265e-01,
        -1.64759260e-02,  1.37987625e-01,  3.59466434e-02,
         6.57143364e-03,  6.51206937e-02,  2.99773221e-02],
       [ 1.65761414e-01,  2.76445477e-01, -2.79471899e-01,
         9.03090673e-02,  1.27351802e-01, -5.39232119e-02,
         1.81726099e-01,  4.71030442e-01,  1.12883572e-01,
        -6.66492233e-02, -2.18695228e-01, -1.09952384e-01,
         2.30697887e-03,  3.59466434e-02,  1.27084227e-01,
        -2.98870800e-02,  9.72223900e-03,  6.53357490e-02],
       [-3.65661692e-01,  3.45226049e-02,  2.38496966e-02,
        -1.12147424e-01,  4.56602805e-02, -1.96059888e-02,
        -9.21897636e-02, -7.43865553e-02, -1.68734617e-01,
        -7.06559436e-03,  2.70463874e-02,  7.28523375e-02,
         9.40374656e-02,  6.57143364e-03, -2.98870800e-02,
         6.70394025e-02, -3.25759965e-02,  6.33187291e-03],
       [ 6.95351931e-01, -2.96226345e-01, -2.67657645e-01,
         2.18397972e-01, -1.39165392e-01, -8.94996921e-02,
         3.21190241e-01,  8.58159414e-02, -2.62613036e-02,
        -7.16617971e-02, -5.56660438e-02,  6.13160691e-02,
        -1.03960478e-01,  6.51206937e-02,  9.72223900e-03,
        -3.25759965e-02,  1.06609366e-01, -1.22788994e-03],
       [-2.30896748e-01,  1.42676772e-01,  1.43193610e-01,
        -8.85426346e-02,  6.33567491e-02,  5.36238174e-02,
        -2.98910153e-01, -5.09338028e-02, -6.26135736e-02,
        -1.97087570e-01, -1.06427103e-01,  3.88617545e-03,
         7.64147556e-02,  2.99773221e-02,  6.53357490e-02,
         6.33187291e-03, -1.22788994e-03,  9.78715832e-02]])
      jac: array([ 6.16543853e-07, -1.21014310e-07,  2.94949250e-07, -1.41849495e-06,
        5.77315973e-07, -5.28836234e-07,  1.05471187e-07,  8.69674703e-08,
        5.36607795e-08,  1.72454643e-07,  1.34707060e-07,  4.78506124e-07,
        1.02214533e-06, -2.81626574e-07,  1.93548881e-06, -6.11732887e-07,
       -4.73695157e-08, -1.41960517e-06])
  message: 'Optimization terminated successfully.'
     nfev: 1824
      nit: 82
     njev: 96
   status: 0
  success: True
        x: array([ 1.05954444, -1.21875141, -0.06391518,  1.45896611, -1.14000107,
       -0.11562034,  2.03797852, -1.30259963, -1.06278697, -0.00348651,
        0.40151581,  1.16777588,  0.00366325,  0.13692185, -0.26566861,
       -1.29681564, -0.43390071,  0.01075138])
