Program Begingeth
      fun: 0.3211954945260292
 hess_inv: array([[ 1.79469290e+00, -1.32723340e-01,  3.86686846e-02,
        -9.08425710e-02,  2.62927229e-01, -3.59451192e-01,
        -4.18498303e-02,  1.15893611e+00, -2.40359829e+00,
         1.95338824e-01, -1.17116292e-01,  1.89890526e+00,
        -9.45483444e-01,  2.13567958e-01, -7.42196462e-01,
        -1.09030310e-01, -6.46468300e-02, -1.62236793e-01],
       [-1.32723340e-01,  3.10687003e+00, -2.89380863e-01,
        -3.36553924e-01, -3.03361536e-01, -4.36700011e-01,
        -1.63854355e+00,  1.07417534e-01,  3.75513330e-01,
         1.18774900e-01,  1.69876448e+00, -2.02147392e-01,
        -1.91525109e-01, -2.16986832e+00, -1.00083748e-02,
        -5.46684263e-04, -3.10589475e-01,  3.94161450e-01],
       [ 3.86686846e-02, -2.89380863e-01,  1.52993260e+00,
         1.94078358e-01,  2.84062031e-01, -1.15167031e-01,
         1.44161053e+00,  2.57128515e-01, -1.28026412e-01,
        -1.48384313e+00, -3.31269900e-01,  2.79563775e-01,
         4.47476966e-01,  4.08668538e-01, -9.58036695e-01,
         6.14709251e-02, -6.32772893e-02, -2.30623719e-01],
       [-9.08425710e-02, -3.36553924e-01,  1.94078358e-01,
         1.80607765e-01, -1.12964217e-02,  8.70247161e-03,
         5.11450530e-01, -5.37335792e-01, -1.16819682e-01,
        -2.36890796e-01,  1.22483529e-01, -2.03308458e-02,
         2.58565583e-01,  1.42539482e-01, -8.87426299e-02,
         3.75392300e-02,  8.85708915e-03, -4.16781581e-02],
       [ 2.62927229e-01, -3.03361536e-01,  2.84062031e-01,
        -1.12964217e-02,  2.16107877e-01, -8.42001383e-04,
         4.63870972e-01,  7.93436090e-01, -2.09067887e-01,
        -1.88628489e-01, -4.58809355e-01,  3.41986131e-01,
        -1.14346600e-01,  4.15558727e-01, -2.45618355e-01,
        -6.22608233e-03,  4.90472711e-02, -9.26266531e-02],
       [-3.59451192e-01, -4.36700011e-01, -1.15167031e-01,
         8.70247161e-03, -8.42001383e-04,  2.56786398e-01,
         1.10606259e-01, -1.30829355e-01,  9.69086203e-01,
         5.00324905e-02, -5.51643436e-01, -3.65991212e-01,
         1.62331875e-01,  3.63252222e-01,  3.12582380e-01,
         3.43263829e-02,  7.86720044e-02, -1.66522839e-03],
       [-4.18498303e-02, -1.63854355e+00,  1.44161053e+00,
         5.11450530e-01,  4.63870972e-01,  1.10606259e-01,
         3.75076429e+00,  3.17453342e-01, -2.70886556e-01,
        -1.10643501e+00, -9.15595873e-01,  4.25857004e-01,
         5.53329565e-01,  1.40859198e+00, -7.90875102e-01,
         6.26119268e-02,  1.40190704e-01, -3.27458571e-01],
       [ 1.15893611e+00,  1.07417534e-01,  2.57128515e-01,
        -5.37335792e-01,  7.93436090e-01, -1.30829355e-01,
         3.17453342e-01,  5.96801827e+00, -1.09581795e+00,
         3.28465100e-01, -9.29874706e-01,  1.11916295e+00,
        -1.25006426e+00,  5.77007487e-01, -4.72488595e-01,
        -2.03794583e-01,  5.78067415e-02, -8.88080459e-02],
       [-2.40359829e+00,  3.75513330e-01, -1.28026412e-01,
        -1.16819682e-01, -2.09067887e-01,  9.69086203e-01,
        -2.70886556e-01, -1.09581795e+00,  7.31271252e+00,
        -5.91085108e-01, -1.63076251e+00, -1.98035171e+00,
         1.21432700e+00,  1.50321747e-01,  1.03607844e+00,
         2.72838574e-01,  1.12247213e-01,  1.21976735e-01],
       [ 1.95338824e-01,  1.18774900e-01, -1.48384313e+00,
        -2.36890796e-01, -1.88628489e-01,  5.00324905e-02,
        -1.10643501e+00,  3.28465100e-01, -5.91085108e-01,
         1.90637567e+00,  2.32899234e-01, -4.57818979e-02,
        -7.46166024e-01, -2.34906963e-01,  8.48028284e-01,
        -1.27856569e-01,  1.02262942e-01,  1.93264563e-01],
       [-1.17116292e-01,  1.69876448e+00, -3.31269900e-01,
         1.22483529e-01, -4.58809355e-01, -5.51643436e-01,
        -9.15595873e-01, -9.29874706e-01, -1.63076251e+00,
         2.32899234e-01,  3.78191932e+00, -3.72850318e-01,
         4.61928932e-02, -2.11695307e+00,  8.33289256e-02,
        -1.88154114e-01, -2.92404276e-01,  4.18258960e-01],
       [ 1.89890526e+00, -2.02147392e-01,  2.79563775e-01,
        -2.03308458e-02,  3.41986131e-01, -3.65991212e-01,
         4.25857004e-01,  1.11916295e+00, -1.98035171e+00,
        -4.57818979e-02, -3.72850318e-01,  2.49027742e+00,
        -8.65159051e-01,  3.67516040e-01, -1.07182481e+00,
        -6.16285482e-02, -7.96415831e-02, -2.57948616e-01],
       [-9.45483444e-01, -1.91525109e-01,  4.47476966e-01,
         2.58565583e-01, -1.14346600e-01,  1.62331875e-01,
         5.53329565e-01, -1.25006426e+00,  1.21432700e+00,
        -7.46166024e-01,  4.61928932e-02, -8.65159051e-01,
         8.78823099e-01,  4.46383790e-02,  7.89829550e-02,
         1.52895750e-01,  5.83425771e-03, -6.88148732e-03],
       [ 2.13567958e-01, -2.16986832e+00,  4.08668538e-01,
         1.42539482e-01,  4.15558727e-01,  3.63252222e-01,
         1.40859198e+00,  5.77007487e-01,  1.50321747e-01,
        -2.34906963e-01, -2.11695307e+00,  3.67516040e-01,
         4.46383790e-02,  1.92636997e+00, -1.55153140e-01,
         5.15683589e-02,  2.92257591e-01, -3.54871065e-01],
       [-7.42196462e-01, -1.00083748e-02, -9.58036695e-01,
        -8.87426299e-02, -2.45618355e-01,  3.12582380e-01,
        -7.90875102e-01, -4.72488595e-01,  1.03607844e+00,
         8.48028284e-01,  8.33289256e-02, -1.07182481e+00,
         7.89829550e-02, -1.55153140e-01,  1.03587928e+00,
        -9.46577449e-03,  9.67467877e-02,  2.37954609e-01],
       [-1.09030310e-01, -5.46684263e-04,  6.14709251e-02,
         3.75392300e-02, -6.22608233e-03,  3.43263829e-02,
         6.26119268e-02, -2.03794583e-01,  2.72838574e-01,
        -1.27856569e-01, -1.88154114e-01, -6.16285482e-02,
         1.52895750e-01,  5.15683589e-02, -9.46577449e-03,
         6.78026258e-02,  3.63837318e-03, -1.77801344e-02],
       [-6.46468300e-02, -3.10589475e-01, -6.32772893e-02,
         8.85708915e-03,  4.90472711e-02,  7.86720044e-02,
         1.40190704e-01,  5.78067415e-02,  1.12247213e-01,
         1.02262942e-01, -2.92404276e-01, -7.96415831e-02,
         5.83425771e-03,  2.92257591e-01,  9.67467877e-02,
         3.63837318e-03,  8.41428188e-02, -2.38064486e-02],
       [-1.62236793e-01,  3.94161450e-01, -2.30623719e-01,
        -4.16781581e-02, -9.26266531e-02, -1.66522839e-03,
        -3.27458571e-01, -8.88080459e-02,  1.21976735e-01,
         1.93264563e-01,  4.18258960e-01, -2.57948616e-01,
        -6.88148732e-03, -3.54871065e-01,  2.37954609e-01,
        -1.77801344e-02, -2.38064486e-02,  1.37142702e-01]])
      jac: array([-1.77968751e-06,  2.29964196e-06,  4.17036776e-06,  1.98766929e-06,
        2.70672373e-06,  8.09463607e-06, -3.58898096e-06,  6.13953333e-07,
       -2.05132208e-06, -3.78586051e-07,  9.50350909e-07, -1.08579812e-06,
       -1.09912079e-07,  1.01807451e-06,  1.91994568e-06, -4.04824322e-06,
        8.80406859e-07, -9.20337880e-06])
  message: 'Optimization terminated successfully.'
     nfev: 969
      nit: 41
     njev: 51
   status: 0
  success: True
        x: array([ 0.53720064, -0.10001466,  0.4376488 ,  0.1956995 , -1.32918553,
       -0.55593907,  1.23220371, -1.7772995 , -0.70747602, -0.7964517 ,
        0.04518673,  0.48078976,  0.11106873, -0.01722582, -0.28035055,
        0.06764389,  1.60134697, -0.62680676])
