Program Begingeth
      fun: 0.3246568430151153
 hess_inv: array([[ 5.92809909e+00, -1.70607130e+00, -3.12095559e-02,
         1.71119954e+00, -7.14817848e-01,  1.24161883e+00,
         4.48944977e-01,  2.58261404e+00,  3.58766360e+00,
        -2.21995810e-01, -1.13224739e+00,  9.96087860e-01,
        -9.62029674e-01,  4.97732748e-01,  5.77688439e-01,
        -2.80771243e-01,  5.95417136e-01, -2.79040968e-01],
       [-1.70607130e+00,  4.61353517e+00,  1.42095661e+00,
        -5.24950957e-01,  1.86332179e+00,  1.93532518e-01,
        -6.07838361e+00,  4.23097373e-01,  4.55561767e+00,
        -2.86578274e-01,  4.25802501e-01, -1.70620696e+00,
         7.27402569e-01, -4.91979807e-01, -2.76375250e-01,
         8.20248976e-02, -4.18249398e-01,  7.61221738e-02],
       [-3.12095559e-02,  1.42095661e+00,  2.58739334e+00,
        -4.00940626e-01,  5.08716576e-01,  8.96388668e-01,
        -4.68530726e+00, -2.38866227e+00,  2.95793931e+00,
        -2.83585930e-02,  9.90831571e-01, -7.33745259e-01,
         4.52682877e-02, -1.71000971e-01, -3.26521173e-01,
         1.55187398e-01, -4.08582017e-02, -1.45785522e-01],
       [ 1.71119954e+00, -5.24950957e-01, -4.00940626e-01,
         6.13520281e-01, -2.31149391e-01,  2.13098745e-01,
         1.18536475e+00,  1.21237841e+00,  8.23058596e-01,
        -1.22418039e-01, -4.99954561e-01,  2.77429400e-01,
        -2.35558802e-01,  1.34854836e-01,  2.40100968e-01,
        -1.04306022e-01,  1.65641085e-01, -2.63883467e-02],
       [-7.14817848e-01,  1.86332179e+00,  5.08716576e-01,
        -2.31149391e-01,  8.86398081e-01,  8.68226153e-02,
        -3.50596135e+00,  9.47648930e-01,  1.67141876e+00,
         1.07119247e-02,  9.77072109e-02, -5.90181402e-01,
         3.55737617e-01, -1.41878642e-01, -8.10393918e-02,
         7.04075644e-02, -2.25911010e-01,  3.77511172e-02],
       [ 1.24161883e+00,  1.93532518e-01,  8.96388668e-01,
         2.13098745e-01,  8.68226153e-02,  6.49172598e-01,
        -2.08908165e+00,  4.57904227e-02,  2.20841144e+00,
         6.73287807e-02,  1.34424285e-02, -3.65902721e-02,
        -2.03802991e-01,  5.28847362e-02,  5.70794288e-02,
        -3.09797492e-02,  7.33334511e-02, -9.97711785e-02],
       [ 4.48944977e-01, -6.07838361e+00, -4.68530726e+00,
         1.18536475e+00, -3.50596135e+00, -2.08908165e+00,
         2.79306981e+01, -3.06595457e+00, -9.71587174e+00,
        -1.03493118e+00, -1.01798305e+00,  1.48658957e+00,
        -9.94416047e-01,  2.97261545e-01,  4.49578636e-01,
        -4.50063808e-01,  1.18386115e+00,  3.44765584e-01],
       [ 2.58261404e+00,  4.23097373e-01, -2.38866227e+00,
         1.21237841e+00,  9.47648930e-01,  4.57904227e-02,
        -3.06595457e+00,  1.12598378e+01,  1.44249171e+00,
         3.51753937e-01, -2.02168946e+00,  3.99615772e-01,
         3.48222152e-02,  4.08186665e-01,  9.72622555e-01,
        -3.14578327e-01, -6.80555905e-02,  1.78409150e-01],
       [ 3.58766360e+00,  4.55561767e+00,  2.95793931e+00,
         8.23058596e-01,  1.67141876e+00,  2.20841144e+00,
        -9.71587174e+00,  1.44249171e+00,  1.48977496e+01,
        -1.98026380e-01,  6.64313299e-02, -1.40887029e+00,
        -1.50931984e-01, -4.71636500e-01,  1.26784533e-01,
        -2.49752970e-01, -1.70651917e-01, -1.80770077e-01],
       [-2.21995810e-01, -2.86578274e-01, -2.83585930e-02,
        -1.22418039e-01,  1.07119247e-02,  6.73287807e-02,
        -1.03493118e+00,  3.51753937e-01, -1.98026380e-01,
         8.37506327e-01,  1.05512792e-01,  1.02661256e-01,
        -1.32591310e-01, -1.08028482e-02, -3.87096534e-02,
         1.09708386e-02, -1.35490218e-01, -1.52965414e-01],
       [-1.13224739e+00,  4.25802501e-01,  9.90831571e-01,
        -4.99954561e-01,  9.77072109e-02,  1.34424285e-02,
        -1.01798305e+00, -2.02168946e+00,  6.64313299e-02,
         1.05512792e-01,  1.22199359e+00, -4.11212667e-01,
         1.28920325e-01, -2.82401680e-01, -4.02581836e-01,
         1.49640156e-01, -9.85492963e-02, -1.36238375e-01],
       [ 9.96087860e-01, -1.70620696e+00, -7.33745259e-01,
         2.77429400e-01, -5.90181402e-01, -3.65902721e-02,
         1.48658957e+00,  3.99615772e-01, -1.40887029e+00,
         1.02661256e-01, -4.11212667e-01,  1.10333862e+00,
        -2.55681462e-01,  3.19448323e-01,  1.08461595e-01,
         1.16787958e-02,  1.90161943e-01, -2.02028412e-02],
       [-9.62029674e-01,  7.27402569e-01,  4.52682877e-02,
        -2.35558802e-01,  3.55737617e-01, -2.03802991e-01,
        -9.94416047e-01,  3.48222152e-02, -1.50931984e-01,
        -1.32591310e-01,  1.28920325e-01, -2.55681462e-01,
         3.44454312e-01, -9.87106148e-02, -8.01300613e-02,
         1.12095614e-01, -1.67200780e-01,  1.03214608e-01],
       [ 4.97732748e-01, -4.91979807e-01, -1.71000971e-01,
         1.34854836e-01, -1.41878642e-01,  5.28847362e-02,
         2.97261545e-01,  4.08186665e-01, -4.71636500e-01,
        -1.08028482e-02, -2.82401680e-01,  3.19448323e-01,
        -9.87106148e-02,  1.76776720e-01,  9.18859178e-02,
        -8.99750540e-03,  1.09248656e-01,  1.09731190e-02],
       [ 5.77688439e-01, -2.76375250e-01, -3.26521173e-01,
         2.40100968e-01, -8.10393918e-02,  5.70794288e-02,
         4.49578636e-01,  9.72622555e-01,  1.26784533e-01,
        -3.87096534e-02, -4.02581836e-01,  1.08461595e-01,
        -8.01300613e-02,  9.18859178e-02,  2.03950188e-01,
        -7.67349136e-02,  4.61784066e-02,  6.30193757e-02],
       [-2.80771243e-01,  8.20248976e-02,  1.55187398e-01,
        -1.04306022e-01,  7.04075644e-02, -3.09797492e-02,
        -4.50063808e-01, -3.14578327e-01, -2.49752970e-01,
         1.09708386e-02,  1.49640156e-01,  1.16787958e-02,
         1.12095614e-01, -8.99750540e-03, -7.67349136e-02,
         1.01421941e-01, -4.52593564e-02,  3.93737947e-03],
       [ 5.95417136e-01, -4.18249398e-01, -4.08582017e-02,
         1.65641085e-01, -2.25911010e-01,  7.33334511e-02,
         1.18386115e+00, -6.80555905e-02, -1.70651917e-01,
        -1.35490218e-01, -9.85492963e-02,  1.90161943e-01,
        -1.67200780e-01,  1.09248656e-01,  4.61784066e-02,
        -4.52593564e-02,  1.91744525e-01, -1.80235105e-02],
       [-2.79040968e-01,  7.61221738e-02, -1.45785522e-01,
        -2.63883467e-02,  3.77511172e-02, -9.97711785e-02,
         3.44765584e-01,  1.78409150e-01, -1.80770077e-01,
        -1.52965414e-01, -1.36238375e-01, -2.02028412e-02,
         1.03214608e-01,  1.09731190e-02,  6.30193757e-02,
         3.93737947e-03, -1.80235105e-02,  1.21199616e-01]])
      jac: array([-1.55601458e-05, -1.27720057e-05,  6.39044373e-06,  4.65734858e-05,
        2.06660615e-05, -3.33237142e-05, -5.38569189e-06, -2.47949809e-07,
        2.57793786e-06, -4.34023188e-06, -1.01755641e-05, -6.00408612e-06,
       -6.12325006e-05, -3.29454982e-05, -6.12843110e-06,  4.91336601e-05,
        3.05707311e-05,  2.42487512e-05])
  message: 'Desired error not necessarily achieved due to precision loss.'
     nfev: 2291
      nit: 69
     njev: 120
   status: 2
  success: False
        x: array([ 7.59019243e-01, -9.19939704e-01,  5.72796351e-01,  1.14075922e+00,
       -9.91113923e-01,  1.26374366e-01,  6.57748572e-01, -1.78229768e+00,
       -4.39720661e-01, -8.36327227e-04,  5.70535283e-01,  1.14108177e+00,
        1.32055584e-02,  6.62621000e-02, -3.45437156e-01, -1.10502380e+00,
       -6.36015260e-01, -1.66408117e-02])
