Program Begingeth
      fun: 0.2794129292971176
 hess_inv: array([[ 3.29996014e+00, -1.06869930e+00,  4.61024201e-01,
         1.18598666e+00, -5.06117427e-01,  8.12464033e-01,
         7.42705468e-01,  7.12354380e-01,  2.88673452e+00,
         6.89975764e-02, -7.18525043e-01,  1.93623745e-01,
        -4.05665993e-01,  2.34745770e-01,  3.06947667e-01,
        -1.96375493e-01,  2.59439876e-01, -9.76600840e-02],
       [-1.06869930e+00,  3.12868868e+00,  1.55359391e+00,
        -4.60056131e-01,  1.32572533e+00,  5.02207474e-01,
        -3.59991486e+00,  2.50784734e-01,  3.52054058e+00,
        -2.96418176e-01,  6.45468443e-01, -8.81412185e-01,
         3.83333129e-01, -3.10382732e-01, -2.08527282e-01,
         1.21401852e-01, -2.37462604e-01, -2.48908854e-02],
       [ 4.61024201e-01,  1.55359391e+00,  5.62722734e+00,
        -6.61432795e-01,  3.72970377e-01,  2.68581620e+00,
        -9.51819926e+00, -5.57300739e+00,  1.00168351e+01,
         3.81573038e-01,  1.79497470e+00, -6.23663121e-01,
        -1.71609459e-01, -2.65465273e-01, -6.08108335e-01,
         1.61879387e-01,  3.38453556e-02, -5.42603897e-01],
       [ 1.18598666e+00, -4.60056131e-01, -6.61432795e-01,
         5.97907259e-01, -1.78933960e-01, -1.03785612e-01,
         2.00528835e+00,  1.22168256e+00, -2.51820836e-01,
        -8.34586599e-02, -5.19597297e-01,  8.29258301e-02,
        -8.76697524e-02,  9.16471734e-02,  2.18328445e-01,
        -9.45890122e-02,  6.70554477e-02,  6.56202122e-02],
       [-5.06117427e-01,  1.32572533e+00,  3.72970377e-01,
        -1.78933960e-01,  6.41068992e-01,  9.40182714e-02,
        -1.39423772e+00,  9.95544359e-01,  8.90176420e-01,
        -1.05630253e-01,  1.18408811e-01, -3.14473689e-01,
         1.94796089e-01, -8.55795219e-02, -2.84371668e-02,
         6.16841751e-02, -1.08596350e-01,  3.20889777e-02],
       [ 8.12464033e-01,  5.02207474e-01,  2.68581620e+00,
        -1.03785612e-01,  9.40182714e-02,  1.43709393e+00,
        -4.54756610e+00, -2.22473824e+00,  5.34538756e+00,
         2.87958727e-01,  6.16986416e-01, -2.16675697e-01,
        -1.74327884e-01, -6.34870864e-02, -2.02884915e-01,
         3.09373940e-02,  4.99832872e-02, -2.72976704e-01],
       [ 7.42705468e-01, -3.59991486e+00, -9.51819926e+00,
         2.00528835e+00, -1.39423772e+00, -4.54756610e+00,
         2.28616889e+01,  7.24801001e+00, -1.66373373e+01,
        -9.43866083e-01, -2.66434586e+00,  8.09759982e-01,
         2.08822318e-02,  3.40180880e-01,  1.06168286e+00,
        -4.46600674e-01,  1.97724358e-01,  9.38862214e-01],
       [ 7.12354380e-01,  2.50784734e-01, -5.57300739e+00,
         1.22168256e+00,  9.95544359e-01, -2.22473824e+00,
         7.24801001e+00,  1.42993870e+01, -8.69443124e+00,
        -1.43994201e-01, -2.74491020e+00,  2.17191801e-01,
         2.92675049e-01,  4.36277679e-01,  1.17997825e+00,
        -2.24449850e-01, -1.22939621e-01,  7.25271717e-01],
       [ 2.88673452e+00,  3.52054058e+00,  1.00168351e+01,
        -2.51820836e-01,  8.90176420e-01,  5.34538756e+00,
        -1.66373373e+01, -8.69443124e+00,  2.36670909e+01,
         8.28511794e-01,  2.76223936e+00, -1.27410698e+00,
        -4.30879770e-01, -6.64638233e-01, -9.55934837e-01,
         9.80376844e-02, -9.02865507e-02, -1.06926061e+00],
       [ 6.89975764e-02, -2.96418176e-01,  3.81573038e-01,
        -8.34586599e-02, -1.05630253e-01,  2.87958727e-01,
        -9.43866083e-01, -1.43994201e-01,  8.28511794e-01,
         8.68701342e-01,  1.41216297e-01,  3.81585944e-02,
        -2.55810852e-01, -1.43015484e-02, -1.16821184e-01,
        -2.58499574e-02, -1.54905702e-02, -2.52717165e-01],
       [-7.18525043e-01,  6.45468443e-01,  1.79497470e+00,
        -5.19597297e-01,  1.18408811e-01,  6.16986416e-01,
        -2.66434586e+00, -2.74491020e+00,  2.76223936e+00,
         1.41216297e-01,  1.37032303e+00, -3.29895250e-01,
         1.12411349e-02, -3.03022225e-01, -4.39149891e-01,
         1.05853300e-01, -5.04776937e-02, -2.68222968e-01],
       [ 1.93623745e-01, -8.81412185e-01, -6.23663121e-01,
         8.29258301e-02, -3.14473689e-01, -2.16675697e-01,
         8.09759982e-01,  2.17191801e-01, -1.27410698e+00,
         3.81585944e-02, -3.29895250e-01,  5.46765390e-01,
        -4.40880671e-02,  1.74054438e-01,  5.09143343e-02,
         2.25082930e-02,  9.21364241e-02,  5.69296555e-02],
       [-4.05665993e-01,  3.83333129e-01, -1.71609459e-01,
        -8.76697524e-02,  1.94796089e-01, -1.74327884e-01,
         2.08822318e-02,  2.92675049e-01, -4.30879770e-01,
        -2.55810852e-01,  1.12411349e-02, -4.40880671e-02,
         1.89100466e-01, -3.71620577e-02,  8.10373902e-03,
         7.28687276e-02, -6.62147075e-02,  9.76475900e-02],
       [ 2.34745770e-01, -3.10382732e-01, -2.65465273e-01,
         9.16471734e-02, -8.55795219e-02, -6.34870864e-02,
         3.40180880e-01,  4.36277679e-01, -6.64638233e-01,
        -1.43015484e-02, -3.03022225e-01,  1.74054438e-01,
        -3.71620577e-02,  1.38875371e-01,  8.86317785e-02,
        -1.39512556e-02,  7.92705289e-02,  4.91774014e-02],
       [ 3.06947667e-01, -2.08527282e-01, -6.08108335e-01,
         2.18328445e-01, -2.84371668e-02, -2.02884915e-01,
         1.06168286e+00,  1.17997825e+00, -9.55934837e-01,
        -1.16821184e-01, -4.39149891e-01,  5.09143343e-02,
         8.10373902e-03,  8.86317785e-02,  1.97769997e-01,
        -4.63577180e-02,  1.73918161e-02,  1.28240310e-01],
       [-1.96375493e-01,  1.21401852e-01,  1.61879387e-01,
        -9.45890122e-02,  6.16841751e-02,  3.09373940e-02,
        -4.46600674e-01, -2.24449850e-01,  9.80376844e-02,
        -2.58499574e-02,  1.05853300e-01,  2.25082930e-02,
         7.28687276e-02, -1.39512556e-02, -4.63577180e-02,
         7.07691505e-02, -2.08586496e-02,  9.56656849e-04],
       [ 2.59439876e-01, -2.37462604e-01,  3.38453556e-02,
         6.70554477e-02, -1.08596350e-01,  4.99832872e-02,
         1.97724358e-01, -1.22939621e-01, -9.02865507e-02,
        -1.54905702e-02, -5.04776937e-02,  9.21364241e-02,
        -6.62147075e-02,  7.92705289e-02,  1.73918161e-02,
        -2.08586496e-02,  9.70149158e-02, -4.81491681e-03],
       [-9.76600840e-02, -2.48908854e-02, -5.42603897e-01,
         6.56202122e-02,  3.20889777e-02, -2.72976704e-01,
         9.38862214e-01,  7.25271717e-01, -1.06926061e+00,
        -2.52717165e-01, -2.68222968e-01,  5.69296555e-02,
         9.76475900e-02,  4.91774014e-02,  1.28240310e-01,
         9.56656849e-04, -4.81491681e-03,  1.60666651e-01]])
      jac: array([ 4.63703150e-07,  1.59861013e-05, -4.40351459e-06, -4.27472872e-06,
       -3.73186667e-05,  1.40972419e-05,  7.16834000e-07,  2.74706184e-06,
       -1.06988492e-06, -4.21144601e-07,  4.11448653e-06, -2.27780757e-06,
       -3.19041090e-06,  2.61709173e-05, -9.75367935e-06,  1.01185726e-05,
       -2.19298653e-05,  5.61846865e-06])
  message: 'Desired error not necessarily achieved due to precision loss.'
     nfev: 2214
      nit: 75
     njev: 116
   status: 2
  success: False
        x: array([ 0.98777579, -1.17709763,  0.56662959,  1.24292143, -1.18379994,
        0.15572458,  0.96822956, -1.73729656, -0.64347129,  0.07226784,
        0.58988183,  1.1586723 , -0.00287673,  0.20660754, -0.30504253,
       -1.15950497, -0.19577823, -0.01756092])
