Program Begingeth
      fun: 0.3241234603367698
 hess_inv: array([[ 1.34140080e+00, -4.36590224e-02,  7.15910336e-02,
        -2.12017041e-01,  1.37172525e-01,  4.63849264e-01,
        -7.16634054e-01,  3.89878903e-01,  3.86169517e-01,
        -6.58262104e-01,  2.90382606e-01,  9.73007133e-01,
        -5.54504949e-01,  3.25569986e-02,  1.83514801e-02,
         1.80934424e-02, -4.22944707e-02, -2.40648248e-01],
       [-4.36590224e-02,  3.85581699e-01, -8.23882669e-02,
         1.12372447e-01, -3.16052068e-02, -8.90158653e-02,
         3.97079917e-01,  2.86111886e-02,  4.33479820e-02,
         3.69802215e-01, -2.62429338e-02,  1.19473801e-02,
         1.49145821e-02, -1.76650435e-01, -1.07470038e-01,
        -8.96219446e-03,  1.77053959e-02, -7.12775043e-02],
       [ 7.15910336e-02, -8.23882669e-02,  5.20360660e-01,
        -4.23395225e-01, -7.31708232e-02,  2.49822729e-01,
        -1.06102678e+00, -9.22262211e-01, -5.27908142e-01,
        -1.40941534e+00, -5.06486215e-01,  1.08754100e+00,
        -7.55227261e-03,  1.42991482e-01, -1.48590826e-01,
         7.91228822e-02,  1.51786103e-02,  3.40160622e-02],
       [-2.12017041e-01,  1.12372447e-01, -4.23395225e-01,
         6.74801478e-01,  1.15936994e-01, -4.49114738e-01,
         2.03569481e+00,  1.54909580e+00,  9.35941827e-01,
         2.14904917e+00,  5.04196843e-01, -1.88087957e+00,
         1.05320645e-01, -1.27049940e-01,  7.01982657e-02,
        -4.56266772e-02,  2.69442939e-02, -1.57373338e-02],
       [ 1.37172525e-01, -3.16052068e-02, -7.31708232e-02,
         1.15936994e-01,  3.18929469e-01, -7.24174320e-02,
         5.06295177e-01,  1.11873547e+00,  5.42612781e-01,
         1.34589490e-01,  8.44207674e-01, -7.24527308e-01,
         1.24673581e-02,  7.53452860e-02,  7.48987586e-02,
         2.50920448e-02,  1.27946628e-02, -1.22419306e-02],
       [ 4.63849264e-01, -8.90158653e-02,  2.49822729e-01,
        -4.49114738e-01, -7.24174320e-02,  5.83296122e-01,
        -1.75984547e+00, -1.19981615e+00, -1.79016044e-01,
        -1.42887014e+00, -1.30215830e-01,  2.02582175e+00,
        -1.82352606e-01,  3.00071099e-02,  2.85960647e-02,
         2.29154938e-02, -6.18088089e-02, -1.24207110e-02],
       [-7.16634054e-01,  3.97079917e-01, -1.06102678e+00,
         2.03569481e+00,  5.06295177e-01, -1.75984547e+00,
         8.32644850e+00,  5.13412720e+00,  2.70292236e+00,
         5.70037389e+00,  1.45153646e+00, -6.98311813e+00,
         4.32574700e-01, -2.54896035e-01, -2.68732740e-02,
        -6.71628922e-02,  1.00784424e-01, -1.06053533e-01],
       [ 3.89878903e-01,  2.86111886e-02, -9.22262211e-01,
         1.54909580e+00,  1.11873547e+00, -1.19981615e+00,
         5.13412720e+00,  8.32996376e+00,  2.95767364e+00,
         5.13244628e+00,  2.68823284e+00, -6.60779883e+00,
        -1.88478219e-01,  7.48958534e-02,  3.48171031e-01,
        -1.00276622e-01,  1.87714585e-01, -1.49156583e-01],
       [ 3.86169517e-01,  4.33479820e-02, -5.27908142e-01,
         9.35941827e-01,  5.42612781e-01, -1.79016044e-01,
         2.70292236e+00,  2.95767364e+00,  3.41406233e+00,
         2.60671656e+00,  1.98040531e+00, -2.18699530e+00,
        -9.38199586e-03, -1.41044646e-01,  2.19929577e-01,
        -2.47794427e-02, -3.45306305e-02, -9.42839572e-02],
       [-6.58262104e-01,  3.69802215e-01, -1.40941534e+00,
         2.14904917e+00,  1.34589490e-01, -1.42887014e+00,
         5.70037389e+00,  5.13244628e+00,  2.60671656e+00,
         7.83387194e+00,  9.43041301e-01, -5.93635566e+00,
         8.46171112e-02, -4.41489501e-01,  2.51662332e-01,
        -2.61831331e-01,  1.86247701e-01, -6.60386971e-02],
       [ 2.90382606e-01, -2.62429338e-02, -5.06486215e-01,
         5.04196843e-01,  8.44207674e-01, -1.30215830e-01,
         1.45153646e+00,  2.68823284e+00,  1.98040531e+00,
         9.43041301e-01,  2.80384233e+00, -1.77419929e+00,
         8.02960976e-02,  3.91366879e-02,  3.29133415e-01,
         1.03667801e-02, -1.49200715e-02, -2.19537476e-02],
       [ 9.73007133e-01,  1.19473801e-02,  1.08754100e+00,
        -1.88087957e+00, -7.24527308e-01,  2.02582175e+00,
        -6.98311813e+00, -6.60779883e+00, -2.18699530e+00,
        -5.93635566e+00, -1.77419929e+00,  8.52954426e+00,
        -3.97244819e-01, -5.08099624e-02, -1.74447507e-01,
         1.02677775e-01, -2.24857653e-01,  8.21699579e-03],
       [-5.54504949e-01,  1.49145821e-02, -7.55227261e-03,
         1.05320645e-01,  1.24673581e-02, -1.82352606e-01,
         4.32574700e-01, -1.88478219e-01, -9.38199586e-03,
         8.46171112e-02,  8.02960976e-02, -3.97244819e-01,
         3.13093506e-01, -5.00483845e-03, -1.24038296e-02,
         4.11857620e-02, -9.20673433e-03,  1.07665705e-01],
       [ 3.25569986e-02, -1.76650435e-01,  1.42991482e-01,
        -1.27049940e-01,  7.53452860e-02,  3.00071099e-02,
        -2.54896035e-01,  7.48958534e-02, -1.41044646e-01,
        -4.41489501e-01,  3.91366879e-02, -5.08099624e-02,
        -5.00483845e-03,  1.56654961e-01,  1.46473056e-02,
         2.58427481e-02,  3.07761850e-02,  3.43149719e-02],
       [ 1.83514801e-02, -1.07470038e-01, -1.48590826e-01,
         7.01982657e-02,  7.48987586e-02,  2.85960647e-02,
        -2.68732740e-02,  3.48171031e-01,  2.19929577e-01,
         2.51662332e-01,  3.29133415e-01, -1.74447507e-01,
        -1.24038296e-02,  1.46473056e-02,  1.43526251e-01,
        -2.82254565e-02, -1.45932156e-02,  4.04783818e-02],
       [ 1.80934424e-02, -8.96219446e-03,  7.91228822e-02,
        -4.56266772e-02,  2.50920448e-02,  2.29154938e-02,
        -6.71628922e-02, -1.00276622e-01, -2.47794427e-02,
        -2.61831331e-01,  1.03667801e-02,  1.02677775e-01,
         4.11857620e-02,  2.58427481e-02, -2.82254565e-02,
         4.79822774e-02, -8.67553193e-03,  3.39691508e-03],
       [-4.22944707e-02,  1.77053959e-02,  1.51786103e-02,
         2.69442939e-02,  1.27946628e-02, -6.18088089e-02,
         1.00784424e-01,  1.87714585e-01, -3.45306305e-02,
         1.86247701e-01, -1.49200715e-02, -2.24857653e-01,
        -9.20673433e-03,  3.07761850e-02, -1.45932156e-02,
        -8.67553193e-03,  5.15398442e-02,  1.90516203e-03],
       [-2.40648248e-01, -7.12775043e-02,  3.40160622e-02,
        -1.57373338e-02, -1.22419306e-02, -1.24207110e-02,
        -1.06053533e-01, -1.49156583e-01, -9.42839572e-02,
        -6.60386971e-02, -2.19537476e-02,  8.21699579e-03,
         1.07665705e-01,  3.43149719e-02,  4.04783818e-02,
         3.39691508e-03,  1.90516203e-03,  8.93813342e-02]])
      jac: array([-1.55001937e-05,  1.23541917e-05, -1.46701170e-05,  3.46241554e-06,
        3.09389551e-05,  3.99772807e-05, -1.02547600e-06, -7.12319093e-06,
        7.46069873e-07,  1.41590443e-06, -1.61241391e-06, -1.66252197e-05,
       -4.02614978e-05,  2.73595961e-06,  2.55647355e-06,  5.33550981e-05,
        2.53278879e-06,  1.57274194e-05])
  message: 'Desired error not necessarily achieved due to precision loss.'
     nfev: 2746
      nit: 90
     njev: 144
   status: 2
  success: False
        x: array([-0.00886469,  0.15706447,  0.72021278,  1.51219665, -0.97010507,
       -0.18856402,  2.26136514, -0.85440031, -1.25960887,  1.19863074,
       -1.48171923, -0.39606843,  0.10405661,  0.06698003, -0.27864737,
       -1.42748611, -0.4418489 ,  0.04673524])
