Program Begingeth
      fun: 0.3209579084739177
 hess_inv: array([[ 9.19724971e+00,  1.83864372e+00, -2.16484956e+00,
         3.20632060e+00,  1.15952270e+00, -1.03699207e+00,
         6.76928953e+00,  1.92480788e+00,  5.22807907e+00,
         1.99894448e-01,  7.14591779e-01, -4.40958842e-01,
        -1.41094053e+00, -3.28766334e-01, -2.55661743e-01,
        -3.60187684e-01, -6.11353090e-01,  1.87642244e-01],
       [ 1.83864372e+00,  2.72301084e+00, -2.42607525e-01,
         4.23146809e-01,  1.08364561e+00, -3.59036930e-01,
         6.63777723e-01,  1.45095057e+00, -4.99223166e-01,
         9.26309838e-01, -4.29541508e-01, -8.91801660e-01,
        -6.18039794e-01, -1.80879571e-01,  1.17843344e-01,
        -2.93529043e-02, -1.68926098e-01,  1.98560139e-01],
       [-2.16484956e+00, -2.42607525e-01,  3.21879378e+00,
        -9.96389412e-01,  6.03597633e-02,  1.07000562e+00,
        -5.05430513e+00,  1.79412491e+00, -1.65167916e+00,
         2.68800967e-02,  8.64178117e-01, -1.66435951e-01,
         2.48375964e-01, -1.01416857e-02, -1.80288556e-01,
        -6.31246119e-03,  1.93118173e-01, -7.03822704e-02],
       [ 3.20632060e+00,  4.23146809e-01, -9.96389412e-01,
         1.24282529e+00,  3.05317206e-01, -4.33757321e-01,
         3.43124757e+00,  5.84050739e-01,  2.06521005e+00,
         3.52269138e-02,  2.93282753e-01, -1.03016587e-01,
        -4.16849658e-01, -1.12084079e-01, -1.07197002e-01,
        -9.93572684e-02, -1.91424815e-01,  3.84113721e-02],
       [ 1.15952270e+00,  1.08364561e+00,  6.03597633e-02,
         3.05317206e-01,  5.35763475e-01, -1.17465141e-01,
         2.79696766e-01,  1.36573464e+00,  9.87556819e-02,
         4.91298460e-01, -4.83500476e-02, -3.06814475e-01,
        -3.47130155e-01, -5.42411681e-02, -1.20326660e-02,
        -5.64943489e-02, -7.38578881e-02,  9.63734985e-02],
       [-1.03699207e+00, -3.59036930e-01,  1.07000562e+00,
        -4.33757321e-01, -1.17465141e-01,  4.43611908e-01,
        -1.99481376e+00,  1.53356811e-01, -2.78628446e-01,
        -1.75598138e-01,  2.02505626e-01,  1.56246829e-02,
         1.87739240e-01,  4.05551857e-02, -1.83682081e-02,
         1.61664895e-02,  8.74603150e-02, -3.82096863e-02],
       [ 6.76928953e+00,  6.63777723e-01, -5.05430513e+00,
         3.43124757e+00,  2.79696766e-01, -1.99481376e+00,
         1.65931961e+01,  9.73192062e-03,  5.00528826e+00,
         3.92170598e-01,  1.80207694e-01, -2.85696792e-01,
        -6.60333830e-01, -3.15700067e-01, -1.46089236e-01,
        -3.50212429e-02, -3.79362617e-01,  1.77561258e-02],
       [ 1.92480788e+00,  1.45095057e+00,  1.79412491e+00,
         5.84050739e-01,  1.36573464e+00,  1.53356811e-01,
         9.73192062e-03,  8.88462760e+00,  2.52782834e-01,
         2.25505951e+00,  5.25877685e-01, -3.02413323e-01,
        -8.59404766e-01,  5.49127983e-02, -3.67888393e-01,
        -2.06963244e-01,  2.92158546e-02,  2.53468122e-01],
       [ 5.22807907e+00, -4.99223166e-01, -1.65167916e+00,
         2.06521005e+00,  9.87556819e-02, -2.78628446e-01,
         5.00528826e+00,  2.52782834e-01,  7.45253914e+00,
        -4.03337739e-02,  3.64199674e-01,  5.69903548e-02,
        -5.85464362e-01,  4.33305291e-02, -5.11968727e-02,
        -1.84924995e-01, -2.35678822e-01,  9.18737190e-02],
       [ 1.99894448e-01,  9.26309838e-01,  2.68800967e-02,
         3.52269138e-02,  4.91298460e-01, -1.75598138e-01,
         3.92170598e-01,  2.25505951e+00, -4.03337739e-02,
         2.29822692e+00, -4.53370617e-01, -1.83105675e-01,
        -5.88947183e-01,  9.54816901e-02,  1.24680775e-01,
        -1.49520351e-02,  6.56574571e-02,  3.77565774e-01],
       [ 7.14591779e-01, -4.29541508e-01,  8.64178117e-01,
         2.93282753e-01, -4.83500476e-02,  2.02505626e-01,
         1.80207694e-01,  5.25877685e-01,  3.64199674e-01,
        -4.53370617e-01,  1.29678580e+00, -2.44780004e-02,
         2.98697550e-02, -1.97023173e-01, -3.03728417e-01,
        -7.61567332e-02, -1.38415013e-02, -1.78056977e-01],
       [-4.40958842e-01, -8.91801660e-01, -1.66435951e-01,
        -1.03016587e-01, -3.06814475e-01,  1.56246829e-02,
        -2.85696792e-01, -3.02413323e-01,  5.69903548e-02,
        -1.83105675e-01, -2.44780004e-02,  6.94046937e-01,
         1.09726333e-01,  1.44924179e-01, -8.73511193e-02,
        -4.97062045e-02,  7.90054970e-02, -2.22773918e-02],
       [-1.41094053e+00, -6.18039794e-01,  2.48375964e-01,
        -4.16849658e-01, -3.47130155e-01,  1.87739240e-01,
        -6.60333830e-01, -8.59404766e-01, -5.85464362e-01,
        -5.88947183e-01,  2.98697550e-02,  1.09726333e-01,
         4.13211547e-01,  2.94863962e-02,  6.91504976e-03,
         9.30369621e-02,  9.34113545e-02, -1.30407699e-01],
       [-3.28766334e-01, -1.80879571e-01, -1.01416857e-02,
        -1.12084079e-01, -5.42411681e-02,  4.05551857e-02,
        -3.15700067e-01,  5.49127983e-02,  4.33305291e-02,
         9.54816901e-02, -1.97023173e-01,  1.44924179e-01,
         2.94863962e-02,  9.86178196e-02,  3.17939866e-02,
         3.73661375e-03,  5.30502027e-02,  3.14478124e-02],
       [-2.55661743e-01,  1.17843344e-01, -1.80288556e-01,
        -1.07197002e-01, -1.20326660e-02, -1.83682081e-02,
        -1.46089236e-01, -3.67888393e-01, -5.11968727e-02,
         1.24680775e-01, -3.03728417e-01, -8.73511193e-02,
         6.91504976e-03,  3.17939866e-02,  1.24379842e-01,
         3.70915266e-02,  1.71488108e-03,  6.20232933e-02],
       [-3.60187684e-01, -2.93529043e-02, -6.31246119e-03,
        -9.93572684e-02, -5.64943489e-02,  1.61664895e-02,
        -3.50212429e-02, -2.06963244e-01, -1.84924995e-01,
        -1.49520351e-02, -7.61567332e-02, -4.97062045e-02,
         9.30369621e-02,  3.73661375e-03,  3.70915266e-02,
         5.61378277e-02,  2.30220558e-02, -8.05752689e-03],
       [-6.11353090e-01, -1.68926098e-01,  1.93118173e-01,
        -1.91424815e-01, -7.38578881e-02,  8.74603150e-02,
        -3.79362617e-01,  2.92158546e-02, -2.35678822e-01,
         6.56574571e-02, -1.38415013e-02,  7.90054970e-02,
         9.34113545e-02,  5.30502027e-02,  1.71488108e-03,
         2.30220558e-02,  8.01376288e-02, -5.28046835e-03],
       [ 1.87642244e-01,  1.98560139e-01, -7.03822704e-02,
         3.84113721e-02,  9.63734985e-02, -3.82096863e-02,
         1.77561258e-02,  2.53468122e-01,  9.18737190e-02,
         3.77565774e-01, -1.78056977e-01, -2.22773918e-02,
        -1.30407699e-01,  3.14478124e-02,  6.20232933e-02,
        -8.05752689e-03, -5.28046835e-03,  1.02704140e-01]])
      jac: array([ 7.26826007e-06,  1.80422344e-05,  1.13205741e-06, -1.28215956e-05,
       -4.99374616e-05,  9.86026076e-06,  1.89811130e-06,  5.44379356e-06,
        1.14945091e-06, -1.53728881e-06,  1.25714254e-06,  1.15093120e-05,
       -1.09105317e-05, -7.09062438e-06,  3.81043345e-05,  1.14871076e-06,
        1.14859973e-05, -2.73566355e-05])
  message: 'Desired error not necessarily achieved due to precision loss.'
     nfev: 2442
      nit: 67
     njev: 128
   status: 2
  success: False
        x: array([-1.02507087, -0.89289506,  0.43194625, -1.52467062, -0.88832159,
        0.23105476, -2.12618989, -0.7607664 ,  0.93098227,  0.16402943,
        0.42779013,  1.03958322,  0.138549  ,  0.18117211, -0.21807343,
        1.61097154, -0.32139133,  0.03399798])
