Program Begingeth
      fun: 0.26070216761272486
 hess_inv: array([[ 4.10826284e+00,  6.20843162e-01,  1.00034501e+00,
         2.03623604e+00,  1.45004525e-01, -1.60427644e-01,
         3.24495374e+00,  1.96946723e-01, -3.99518659e+00,
         7.48338635e-01,  3.86110006e-01, -6.10853040e-01,
         4.29642972e-02, -2.01695442e-01, -1.02590791e-01,
         1.58501849e-01,  3.37366053e-02,  1.09895573e-01],
       [ 6.20843162e-01,  1.65319606e+00,  4.14652307e-02,
         3.72219376e-01,  7.82882657e-01, -1.45171690e-01,
         6.22187539e-01,  5.61964941e-01,  6.69979142e-01,
         5.69714426e-01,  3.86259578e-01, -9.27831916e-02,
        -1.15857038e-01,  2.29757953e-02, -1.73515710e-01,
        -8.22034637e-02,  8.60434615e-02,  2.43932293e-02],
       [ 1.00034501e+00,  4.14652307e-02,  1.66516089e+00,
         6.01795935e-01, -5.43159472e-02,  6.54377784e-01,
         1.46073166e+00, -1.82044912e+00, -1.40218947e+00,
         3.30963665e-01, -1.34646915e-01,  1.77901895e-01,
         1.08210212e-02,  1.55208306e-01,  8.76998753e-02,
        -3.58182987e-03,  1.03691122e-01,  1.12138171e-01],
       [ 2.03623604e+00,  3.72219376e-01,  6.01795935e-01,
         1.03752421e+00,  1.00968856e-01, -2.96089304e-02,
         1.76500766e+00, -5.66277821e-02, -1.89081051e+00,
         3.89471032e-01,  2.19343425e-01, -2.61214819e-01,
         3.12170564e-02, -7.75978025e-02, -6.08648781e-02,
         7.50849048e-02,  3.86748654e-02,  5.41265776e-02],
       [ 1.45004525e-01,  7.82882657e-01, -5.43159472e-02,
         1.00968856e-01,  4.27892868e-01, -1.11557266e-01,
         6.60270715e-01,  7.80597510e-01,  5.66699084e-01,
         2.48353069e-01,  2.54362884e-01, -7.53507929e-02,
        -1.13769538e-01, -4.77591959e-03, -9.34869233e-02,
        -7.46965864e-02,  1.09882924e-02,  2.52639776e-02],
       [-1.60427644e-01, -1.45171690e-01,  6.54377784e-01,
        -2.96089304e-02, -1.11557266e-01,  3.90090294e-01,
        -2.48471908e-01, -1.24702317e+00, -2.97242014e-02,
        -2.57369448e-02, -2.10984239e-01,  2.24748126e-01,
         6.06061357e-02,  1.36507978e-01,  7.78824363e-02,
        -8.45996124e-04,  7.60071879e-02,  1.63417540e-02],
       [ 3.24495374e+00,  6.22187539e-01,  1.46073166e+00,
         1.76500766e+00,  6.60270715e-01, -2.48471908e-01,
         1.07409476e+01,  3.88015388e+00, -2.91664584e+00,
         8.52765615e-01,  1.20225466e+00, -8.05256455e-01,
        -6.58446615e-01, -4.30923925e-01, -1.67586590e-01,
        -1.99041092e-01, -4.14345394e-01,  4.48443178e-01],
       [ 1.96946723e-01,  5.61964941e-01, -1.82044912e+00,
        -5.66277821e-02,  7.80597510e-01, -1.24702317e+00,
         3.88015388e+00,  8.26670257e+00,  1.51921115e+00,
         1.28213656e-01,  1.11711355e+00, -1.34066228e+00,
        -5.33430386e-01, -5.36433555e-01, -2.17548305e-01,
        -1.36159602e-01, -3.71444376e-01,  9.77037970e-02],
       [-3.99518659e+00,  6.69979142e-01, -1.40218947e+00,
        -1.89081051e+00,  5.66699084e-01, -2.97242014e-02,
        -2.91664584e+00,  1.51921115e+00,  7.50407150e+00,
        -6.18164008e-01,  6.19725189e-01,  2.57016474e-01,
        -8.35597272e-02,  1.32326905e-01, -1.36836100e-01,
        -2.74373255e-01,  9.87990416e-02, -1.92230892e-01],
       [ 7.48338635e-01,  5.69714426e-01,  3.30963665e-01,
         3.89471032e-01,  2.48353069e-01, -2.57369448e-02,
         8.52765615e-01,  1.28213656e-01, -6.18164008e-01,
         8.49965915e-01,  6.95468013e-02, -6.10837012e-02,
        -1.84862859e-01,  1.76724212e-02,  4.30765158e-02,
        -2.44952566e-02,  4.79523661e-02,  2.13239882e-01],
       [ 3.86110006e-01,  3.86259578e-01, -1.34646915e-01,
         2.19343425e-01,  2.54362884e-01, -2.10984239e-01,
         1.20225466e+00,  1.11711355e+00,  6.19725189e-01,
         6.95468013e-02,  7.50076634e-01, -2.77004611e-01,
        -8.37253511e-02, -1.70531967e-01, -1.77640687e-01,
        -5.97324313e-02, -3.18233458e-02, -6.19385486e-02],
       [-6.10853040e-01, -9.27831916e-02,  1.77901895e-01,
        -2.61214819e-01, -7.53507929e-02,  2.24748126e-01,
        -8.05256455e-01, -1.34066228e+00,  2.57016474e-01,
        -6.10837012e-02, -2.77004611e-01,  5.27249688e-01,
         2.31489905e-02,  1.70253023e-01,  2.30052377e-02,
        -5.63999299e-02,  7.39910584e-02,  6.08906168e-03],
       [ 4.29642972e-02, -1.15857038e-01,  1.08210212e-02,
         3.12170564e-02, -1.13769538e-01,  6.06061357e-02,
        -6.58446615e-01, -5.33430386e-01, -8.35597272e-02,
        -1.84862859e-01, -8.37253511e-02,  2.31489905e-02,
         1.55704233e-01,  2.84026684e-02, -3.32660934e-03,
         7.99373344e-02,  5.44235396e-02, -8.24485153e-02],
       [-2.01695442e-01,  2.29757953e-02,  1.55208306e-01,
        -7.75978025e-02, -4.77591959e-03,  1.36507978e-01,
        -4.30923925e-01, -5.36433555e-01,  1.32326905e-01,
         1.76724212e-02, -1.70531967e-01,  1.70253023e-01,
         2.84026684e-02,  1.14668657e-01,  3.26679640e-02,
        -6.19187362e-03,  7.58210308e-02,  1.15426318e-02],
       [-1.02590791e-01, -1.73515710e-01,  8.76998753e-02,
        -6.08648781e-02, -9.34869233e-02,  7.78824363e-02,
        -1.67586590e-01, -2.17548305e-01, -1.36836100e-01,
         4.30765158e-02, -1.77640687e-01,  2.30052377e-02,
        -3.32660934e-03,  3.26679640e-02,  9.15005544e-02,
         1.74286421e-02, -1.22869825e-03,  6.41585139e-02],
       [ 1.58501849e-01, -8.22034637e-02, -3.58182987e-03,
         7.50849048e-02, -7.46965864e-02, -8.45996124e-04,
        -1.99041092e-01, -1.36159602e-01, -2.74373255e-01,
        -2.44952566e-02, -5.97324313e-02, -5.63999299e-02,
         7.99373344e-02, -6.19187362e-03,  1.74286421e-02,
         7.53415051e-02,  1.70286125e-02, -1.86717122e-02],
       [ 3.37366053e-02,  8.60434615e-02,  1.03691122e-01,
         3.86748654e-02,  1.09882924e-02,  7.60071879e-02,
        -4.14345394e-01, -3.71444376e-01,  9.87990416e-02,
         4.79523661e-02, -3.18233458e-02,  7.39910584e-02,
         5.44235396e-02,  7.58210308e-02, -1.22869825e-03,
         1.70286125e-02,  9.71858549e-02, -1.42840213e-02],
       [ 1.09895573e-01,  2.43932293e-02,  1.12138171e-01,
         5.41265776e-02,  2.52639776e-02,  1.63417540e-02,
         4.48443178e-01,  9.77037970e-02, -1.92230892e-01,
         2.13239882e-01, -6.19385486e-02,  6.08906168e-03,
        -8.24485153e-02,  1.15426318e-02,  6.41585139e-02,
        -1.86717122e-02, -1.42840213e-02,  1.16958567e-01]])
      jac: array([ 1.73823918e-06,  1.03250741e-07,  4.25215418e-07, -3.99754304e-06,
       -1.44180963e-06, -1.91291427e-06,  3.53791071e-07,  7.77156117e-09,
        2.16493490e-07,  1.83297821e-06,  1.56911521e-07, -4.58152035e-07,
        5.63512200e-06,  5.05447536e-06, -4.47789953e-08, -4.29434266e-06,
       -3.77401813e-06, -1.64498045e-06])
  message: 'Optimization terminated successfully.'
     nfev: 1482
      nit: 66
     njev: 78
   status: 0
  success: True
        x: array([-1.53110726, -1.06081656,  0.64308899, -1.31789315, -1.134343  ,
        0.34414478, -0.40488441, -1.46349935,  1.20318567,  0.02967907,
        0.55686623,  1.23368766,  0.10414925,  0.23409004, -0.28608989,
        1.20199482, -0.16345301, -0.00989971])
