Program Begingeth
      fun: 0.25033427265925773
 hess_inv: array([[ 4.90244202e+00, -1.87368620e+00,  5.53736786e-01,
         1.26871546e+00, -7.79393366e-01,  9.94814787e-01,
         3.53035115e-01,  6.87313978e-01,  2.34932269e+00,
        -1.18191807e-01, -5.70754465e-01,  6.78483337e-01,
        -9.14242129e-01,  4.75459064e-01,  2.81451443e-01,
        -1.89516799e-01,  5.46420944e-01, -2.32964307e-01],
       [-1.87368620e+00,  3.29468236e+00, -5.65763895e-01,
        -1.36193390e-01,  1.27242808e+00, -5.81631825e-01,
         1.61108679e+00,  2.80481828e+00, -2.34898630e-01,
        -3.94754054e-01, -2.08439877e-01, -1.26329694e+00,
         5.67823787e-01, -4.51561006e-01,  9.87299064e-02,
        -7.50259602e-02, -2.72153697e-01,  2.08328567e-01],
       [ 5.53736786e-01, -5.65763895e-01,  6.63533279e+00,
        -9.87724495e-01, -3.06380623e-01,  2.80800793e+00,
        -1.19708135e+01, -5.10140590e+00,  6.68587693e+00,
         4.09673258e-01,  2.04861629e+00, -6.48718181e-01,
        -2.73483757e-01,  2.60678454e-02, -6.02822577e-01,
         3.10248436e-01,  2.78141314e-01, -4.48779407e-01],
       [ 1.26871546e+00, -1.36193390e-01, -9.87724495e-01,
         6.11170779e-01, -8.34453540e-02, -2.39476599e-01,
         2.84449321e+00,  1.18869324e+00, -2.63853117e-01,
        -1.86182997e-01, -4.70686855e-01,  1.31167259e-01,
        -1.56369227e-01,  5.00450056e-02,  1.83624517e-01,
        -1.16173918e-01,  7.62413405e-02,  3.17814321e-02],
       [-7.79393366e-01,  1.27242808e+00, -3.06380623e-01,
        -8.34453540e-02,  5.62515325e-01, -2.35291507e-01,
         3.15833210e-01,  1.67668349e+00, -3.76222650e-01,
        -7.10463204e-02, -1.71799659e-01, -4.16391512e-01,
         2.27862067e-01, -1.23705654e-01,  7.96871296e-02,
        -1.13382762e-02, -1.04886576e-01,  9.60046312e-02],
       [ 9.94814787e-01, -5.81631825e-01,  2.80800793e+00,
        -2.39476599e-01, -2.35291507e-01,  1.37344729e+00,
        -5.28412632e+00, -1.69359469e+00,  3.22527507e+00,
         2.79507690e-01,  6.37732769e-01, -9.85628739e-02,
        -2.91826466e-01,  1.21008935e-01, -1.60839809e-01,
         9.10219966e-02,  1.90378094e-01, -2.23179665e-01],
       [ 3.53035115e-01,  1.61108679e+00, -1.19708135e+01,
         2.84449321e+00,  3.15833210e-01, -5.28412632e+00,
         3.04129061e+01,  7.59517635e+00, -1.00188962e+01,
        -1.35808161e+00, -2.87728282e+00,  3.36141358e-01,
         3.77000037e-01, -5.65949117e-01,  8.92736749e-01,
        -7.66344828e-01, -4.38939063e-01,  7.89825396e-01],
       [ 6.87313978e-01,  2.80481828e+00, -5.10140590e+00,
         1.18869324e+00,  1.67668349e+00, -1.69359469e+00,
         7.59517635e+00,  1.34663250e+01, -4.81646853e+00,
        -5.02087614e-03, -2.63835119e+00, -3.08635613e-01,
         7.38926307e-02,  6.65933357e-02,  1.19542217e+00,
        -4.37401099e-01, -1.47275122e-01,  5.00026544e-01],
       [ 2.34932269e+00, -2.34898630e-01,  6.68587693e+00,
        -2.63853117e-01, -3.76222650e-01,  3.22527507e+00,
        -1.00188962e+01, -4.81646853e+00,  1.11384794e+01,
         4.29444452e-01,  1.96270224e+00, -7.93418419e-01,
        -5.63168984e-01, -1.98882219e-01, -5.96975467e-01,
         1.27221098e-01,  2.54050802e-01, -6.12238413e-01],
       [-1.18191807e-01, -3.94754054e-01,  4.09673258e-01,
        -1.86182997e-01, -7.10463204e-02,  2.79507690e-01,
        -1.35808161e+00, -5.02087614e-03,  4.29444452e-01,
         9.60305124e-01,  1.95738557e-01,  1.21265316e-01,
        -2.25763685e-01,  3.01827441e-02, -1.02943474e-01,
         3.99041874e-02, -3.41262827e-02, -2.18951441e-01],
       [-5.70754465e-01, -2.08439877e-01,  2.04861629e+00,
        -4.70686855e-01, -1.71799659e-01,  6.37732769e-01,
        -2.87728282e+00, -2.63835119e+00,  1.96270224e+00,
         1.95738557e-01,  1.42751594e+00, -3.11728947e-01,
         3.07447503e-02, -2.23967280e-01, -4.46106088e-01,
         1.52545916e-01, -3.23270637e-03, -2.29332714e-01],
       [ 6.78483337e-01, -1.26329694e+00, -6.48718181e-01,
         1.31167259e-01, -4.16391512e-01, -9.85628739e-02,
         3.36141358e-01, -3.08635613e-01, -7.93418419e-01,
         1.21265316e-01, -3.11728947e-01,  9.16822852e-01,
        -1.68455587e-01,  2.90003728e-01,  2.36860251e-02,
         4.54373258e-02,  1.21056541e-01, -3.91523143e-03],
       [-9.14242129e-01,  5.67823787e-01, -2.73483757e-01,
        -1.56369227e-01,  2.27862067e-01, -2.91826466e-01,
         3.77000037e-01,  7.38926307e-02, -5.63168984e-01,
        -2.25763685e-01,  3.07447503e-02, -1.68455587e-01,
         2.93845961e-01, -1.09530602e-01, -1.96619422e-02,
         6.22319110e-02, -1.20098670e-01,  1.13710053e-01],
       [ 4.75459064e-01, -4.51561006e-01,  2.60678454e-02,
         5.00450056e-02, -1.23705654e-01,  1.21008935e-01,
        -5.65949117e-01,  6.65933357e-02, -1.98882219e-01,
         3.01827441e-02, -2.23967280e-01,  2.90003728e-01,
        -1.09530602e-01,  1.89351525e-01,  6.07688046e-02,
         1.03127643e-02,  1.08598321e-01,  1.83993355e-03],
       [ 2.81451443e-01,  9.87299064e-02, -6.02822577e-01,
         1.83624517e-01,  7.96871296e-02, -1.60839809e-01,
         8.92736749e-01,  1.19542217e+00, -5.96975467e-01,
        -1.02943474e-01, -4.46106088e-01,  2.36860251e-02,
        -1.96619422e-02,  6.07688046e-02,  1.97906574e-01,
        -6.59285532e-02,  5.97778087e-03,  9.99854461e-02],
       [-1.89516799e-01, -7.50259602e-02,  3.10248436e-01,
        -1.16173918e-01, -1.13382762e-02,  9.10219966e-02,
        -7.66344828e-01, -4.37401099e-01,  1.27221098e-01,
         3.99041874e-02,  1.52545916e-01,  4.54373258e-02,
         6.22319110e-02,  1.03127643e-02, -6.59285532e-02,
         8.02692866e-02, -7.03817777e-03, -1.29692636e-02],
       [ 5.46420944e-01, -2.72153697e-01,  2.78141314e-01,
         7.62413405e-02, -1.04886576e-01,  1.90378094e-01,
        -4.38939063e-01, -1.47275122e-01,  2.54050802e-01,
        -3.41262827e-02, -3.23270637e-03,  1.21056541e-01,
        -1.20098670e-01,  1.08598321e-01,  5.97778087e-03,
        -7.03817777e-03,  1.25175960e-01, -3.28981497e-02],
       [-2.32964307e-01,  2.08328567e-01, -4.48779407e-01,
         3.17814321e-02,  9.60046312e-02, -2.23179665e-01,
         7.89825396e-01,  5.00026544e-01, -6.12238413e-01,
        -2.18951441e-01, -2.29332714e-01, -3.91523143e-03,
         1.13710053e-01,  1.83993355e-03,  9.99854461e-02,
        -1.29692636e-02, -3.28981497e-02,  1.31142829e-01]])
      jac: array([-1.83993561e-05,  3.16002780e-05,  1.20858878e-05,  5.24672898e-05,
       -9.41317395e-05, -4.50750548e-06, -2.50984418e-06,  1.05867167e-05,
       -9.86988269e-07, -6.19430433e-06,  1.58747090e-05,  9.83583585e-06,
        3.42840571e-05,  8.54138982e-05,  1.22997908e-05, -4.38053297e-05,
       -4.87643259e-05, -5.26993264e-05])
  message: 'Desired error not necessarily achieved due to precision loss.'
     nfev: 2328
      nit: 70
     njev: 122
   status: 2
  success: False
        x: array([ 0.84914813, -0.81791285,  0.44909532,  1.2680746 , -0.88920395,
        0.07419782,  1.19415896, -1.28082938, -0.83089375,  0.00175641,
        0.60123311,  1.09459904,  0.02268916,  0.24385893, -0.28954532,
       -1.18638803, -0.19753046,  0.01137732])
