Program Begingeth
      fun: 0.32651468790936083
 hess_inv: array([[ 1.17992543e+00, -1.83443647e-01,  1.09943308e-01,
         2.57173689e-01, -2.19378707e-01,  3.31041711e-01,
         6.68510034e-01, -2.33722584e-01,  4.64834965e-01,
         6.95895700e-01, -7.62464758e-01,  2.31770740e-02,
        -4.54857730e-01,  2.30676170e-02,  6.54536721e-02,
        -3.01156424e-02, -2.79501843e-02, -2.50409356e-01],
       [-1.83443647e-01,  5.88188623e-01, -1.94653529e-01,
        -2.89479360e-01,  1.02730273e-01, -2.74457710e-01,
        -1.09477006e+00,  4.02676719e-01, -3.14755271e-01,
        -8.39082257e-01,  1.22742547e-01, -1.02915624e-01,
         6.92818543e-02, -1.95029056e-01, -2.12844303e-01,
         2.93166405e-02,  2.41121629e-03, -9.37821193e-02],
       [ 1.09943308e-01, -1.94653529e-01,  4.08227790e-01,
         1.80327110e-01,  7.54376847e-02,  2.02619764e-01,
         3.87519735e-01, -2.61741639e-01,  6.63840569e-01,
         7.28263134e-01,  1.39265915e-01,  8.00934130e-02,
        -1.41189674e-02,  1.85280755e-01,  3.42878417e-03,
         5.74646858e-02,  6.29322443e-02,  4.87900579e-02],
       [ 2.57173689e-01, -2.89479360e-01,  1.80327110e-01,
         5.17484787e-01,  9.99273743e-02,  2.17651784e-01,
         1.27144578e+00,  3.28868578e-01,  1.32597042e+00,
         1.46816221e+00,  2.57558076e-01, -2.39907697e-01,
         2.43911528e-02,  1.24029917e-01,  1.29891313e-01,
         4.31116098e-02, -2.45838181e-02,  3.51194527e-02],
       [-2.19378707e-01,  1.02730273e-01,  7.54376847e-02,
         9.99273743e-02,  3.76930444e-01, -6.22336431e-02,
        -1.06763070e-01,  8.17779442e-01,  8.75926005e-01,
         3.50459088e-01,  9.23066737e-01, -2.08098298e-01,
         1.82574108e-01,  7.98086688e-02, -6.58572354e-02,
         8.82885459e-02,  1.43693988e-02,  6.00892913e-02],
       [ 3.31041711e-01, -2.74457710e-01,  2.02619764e-01,
         2.17651784e-01, -6.22336431e-02,  4.22256454e-01,
         9.78664728e-01, -4.79043030e-01,  1.12449663e+00,
         8.12050001e-01, -8.22926830e-02,  4.57124397e-01,
        -1.90524802e-01,  1.60514181e-01,  1.49079684e-01,
        -2.99850939e-02,  7.86476220e-02, -8.47330069e-03],
       [ 6.68510034e-01, -1.09477006e+00,  3.87519735e-01,
         1.27144578e+00, -1.06763070e-01,  9.78664728e-01,
         8.86532343e+00, -1.16053005e+00,  5.01118814e+00,
         3.51442319e+00,  1.20762908e+00, -2.23757501e-01,
        -5.34530300e-01,  4.05050426e-01,  4.87467434e-01,
        -1.89313755e-01,  3.50780503e-01, -5.99627430e-02],
       [-2.33722584e-01,  4.02676719e-01, -2.61741639e-01,
         3.28868578e-01,  8.17779442e-01, -4.79043030e-01,
        -1.16053005e+00,  3.97313584e+00,  1.28789500e+00,
         6.49455750e-01,  1.46068961e+00, -1.28256246e+00,
         4.88553248e-01, -4.34806735e-02, -1.09457906e-01,
         1.77870460e-01, -1.37256231e-01,  9.39189927e-02],
       [ 4.64834965e-01, -3.14755271e-01,  6.63840569e-01,
         1.32597042e+00,  8.75926005e-01,  1.12449663e+00,
         5.01118814e+00,  1.28789500e+00,  8.78867625e+00,
         4.46818260e+00,  2.79074659e+00,  5.36501426e-04,
        -1.46020186e-01,  5.40535186e-01,  3.06388075e-01,
         9.20240415e-02,  3.32421750e-01,  9.12060206e-02],
       [ 6.95895700e-01, -8.39082257e-01,  7.28263134e-01,
         1.46816221e+00,  3.50459088e-01,  8.12050001e-01,
         3.51442319e+00,  6.49455750e-01,  4.46818260e+00,
         4.55373113e+00,  9.07332327e-01, -3.57801569e-01,
        -3.67519225e-03,  4.78435302e-01,  3.60973781e-01,
         1.08537967e-01,  3.09457302e-02,  1.14479183e-01],
       [-7.62464758e-01,  1.22742547e-01,  1.39265915e-01,
         2.57558076e-01,  9.23066737e-01, -8.22926830e-02,
         1.20762908e+00,  1.46068961e+00,  2.79074659e+00,
         9.07332327e-01,  2.85497380e+00, -4.55505847e-01,
         3.85073851e-01,  2.17293297e-01, -1.17821944e-01,
         1.36216933e-01,  1.22662498e-01,  1.59788582e-01],
       [ 2.31770740e-02, -1.02915624e-01,  8.00934130e-02,
        -2.39907697e-01, -2.08098298e-01,  4.57124397e-01,
        -2.23757501e-01, -1.28256246e+00,  5.36501426e-04,
        -3.57801569e-01, -4.55505847e-01,  1.36924130e+00,
        -2.05753944e-01,  1.21498507e-01,  1.08274467e-01,
        -6.72528070e-02,  1.32925472e-01, -6.60820256e-03],
       [-4.54857730e-01,  6.92818543e-02, -1.41189674e-02,
         2.43911528e-02,  1.82574108e-01, -1.90524802e-01,
        -5.34530300e-01,  4.88553248e-01, -1.46020186e-01,
        -3.67519225e-03,  3.85073851e-01, -2.05753944e-01,
         3.17458053e-01, -9.38245741e-03, -3.21260867e-02,
         9.44180890e-02, -6.01339475e-02,  1.33136417e-01],
       [ 2.30676170e-02, -1.95029056e-01,  1.85280755e-01,
         1.24029917e-01,  7.98086688e-02,  1.60514181e-01,
         4.05050426e-01, -4.34806735e-02,  5.40535186e-01,
         4.78435302e-01,  2.17293297e-01,  1.21498507e-01,
        -9.38245741e-03,  1.61120633e-01,  5.46692887e-02,
         1.58784176e-02,  6.30939119e-02,  5.23038028e-02],
       [ 6.54536721e-02, -2.12844303e-01,  3.42878417e-03,
         1.29891313e-01, -6.58572354e-02,  1.49079684e-01,
         4.87467434e-01, -1.09457906e-01,  3.06388075e-01,
         3.60973781e-01, -1.17821944e-01,  1.08274467e-01,
        -3.21260867e-02,  5.46692887e-02,  1.43455932e-01,
        -2.88857798e-02, -4.56135792e-03,  5.73862560e-02],
       [-3.01156424e-02,  2.93166405e-02,  5.74646858e-02,
         4.31116098e-02,  8.82885459e-02, -2.99850939e-02,
        -1.89313755e-01,  1.77870460e-01,  9.20240415e-02,
         1.08537967e-01,  1.36216933e-01, -6.72528070e-02,
         9.44180890e-02,  1.58784176e-02, -2.88857798e-02,
         7.37764184e-02, -2.18858166e-02,  2.25108969e-02],
       [-2.79501843e-02,  2.41121629e-03,  6.29322443e-02,
        -2.45838181e-02,  1.43693988e-02,  7.86476220e-02,
         3.50780503e-01, -1.37256231e-01,  3.32421750e-01,
         3.09457302e-02,  1.22662498e-01,  1.32925472e-01,
        -6.01339475e-02,  6.30939119e-02, -4.56135792e-03,
        -2.18858166e-02,  9.62301005e-02, -6.76624828e-03],
       [-2.50409356e-01, -9.37821193e-02,  4.87900579e-02,
         3.51194527e-02,  6.00892913e-02, -8.47330069e-03,
        -5.99627430e-02,  9.39189927e-02,  9.12060206e-02,
         1.14479183e-01,  1.59788582e-01, -6.60820256e-03,
         1.33136417e-01,  5.23038028e-02,  5.73862560e-02,
         2.25108969e-02, -6.76624828e-03,  1.27926070e-01]])
      jac: array([ 1.00293847e-05,  4.93938224e-05, -1.69197989e-05, -7.80675524e-05,
       -9.60065361e-05,  1.03759223e-04,  1.01818554e-05,  5.38421160e-06,
       -1.14826667e-05,  1.32490315e-05,  3.37681734e-05, -2.38834878e-05,
       -1.44291986e-05,  9.51549950e-05, -8.08945503e-05,  7.72837350e-05,
       -9.00568509e-05,  9.54780699e-05])
  message: 'Desired error not necessarily achieved due to precision loss.'
     nfev: 2291
      nit: 75
     njev: 120
   status: 2
  success: False
        x: array([ 0.09078949,  0.12740918,  0.87420864,  1.35495763, -0.93366789,
        0.33699005,  0.70370857, -1.96917065,  0.86465442,  1.7545107 ,
       -0.85541577,  0.91374569,  0.05412095,  0.06437957, -0.25516425,
       -1.2094492 , -0.54887573,  0.04626698])
