Program Begingeth
      fun: 0.3210510808998442
 hess_inv: array([[ 4.09340358e+00, -5.90907246e-01, -1.48116551e+00,
         1.58930199e+00, -1.43085916e-01, -1.59470899e+00,
        -5.47071109e-01, -4.83682061e-01, -7.94446643e+00,
        -1.56342161e-01,  1.00470971e+00,  1.80744336e-01,
        -2.73359680e-01, -1.75834632e-01, -4.84955262e-01,
        -2.94971038e-01, -1.28381674e-01, -1.27093990e-02],
       [-5.90907246e-01,  4.36143944e+00,  1.18006452e+00,
        -3.21914438e-01,  2.01151791e+00,  5.49562681e-01,
         2.87351750e+00,  2.20190765e+00,  5.68638653e+00,
         6.69392054e-01,  4.01044230e-01, -9.76938186e-01,
        -4.57234582e-01, -2.62864245e-01, -4.33967857e-02,
        -6.48377010e-02, -2.89457648e-01,  9.81348384e-02],
       [-1.48116551e+00,  1.18006452e+00,  2.21444055e+00,
        -3.52759157e-01,  4.18404384e-01,  1.36251267e+00,
         2.08851987e+00, -9.39779246e-01,  5.50108065e+00,
         3.46651127e-02,  1.69071328e-01, -3.21666178e-01,
         1.81211062e-01,  3.56016699e-02,  7.60621627e-02,
         8.48669661e-02,  1.14947558e-01, -7.30204116e-02],
       [ 1.58930199e+00, -3.21914438e-01, -3.52759157e-01,
         6.92039861e-01, -1.11034893e-01, -5.05066517e-01,
         1.57444190e-01, -5.21239372e-01, -2.90552683e+00,
        -1.08621422e-01,  4.53452174e-01,  1.13552622e-01,
        -3.80859290e-02, -4.41716102e-02, -2.16912122e-01,
        -1.01040322e-01, -5.21859568e-03, -4.33406657e-02],
       [-1.43085916e-01,  2.01151791e+00,  4.18404384e-01,
        -1.11034893e-01,  1.01306294e+00,  1.75706972e-01,
         1.62599166e+00,  1.60906041e+00,  2.17620749e+00,
         2.69060943e-01,  1.49793433e-01, -3.78197658e-01,
        -2.72381311e-01, -9.59332448e-02, -2.41586049e-02,
        -7.59589975e-02, -1.70207585e-01,  5.39028888e-02],
       [-1.59470899e+00,  5.49562681e-01,  1.36251267e+00,
        -5.05066517e-01,  1.75706972e-01,  1.03961614e+00,
         1.13533295e+00, -2.95224611e-01,  4.47078230e+00,
        -3.44333443e-02, -2.35576881e-01, -1.37420509e-01,
         1.85578059e-01,  8.00775410e-02,  1.75386224e-01,
         1.26073511e-01,  8.54960202e-02, -2.44741569e-02],
       [-5.47071109e-01,  2.87351750e+00,  2.08851987e+00,
         1.57444190e-01,  1.62599166e+00,  1.13533295e+00,
         7.93078782e+00,  2.34343044e+00,  5.32415979e+00,
         2.46081775e-03,  3.52407465e-01, -2.19316841e-01,
        -2.67236353e-01, -4.36750364e-02, -1.32300195e-01,
        -1.62127855e-01, -3.32392467e-01, -1.15818759e-01],
       [-4.83682061e-01,  2.20190765e+00, -9.39779246e-01,
        -5.21239372e-01,  1.60906041e+00, -2.95224611e-01,
         2.34343044e+00,  7.45541581e+00,  9.53857332e-01,
         1.64609527e-01, -5.92185929e-01, -2.48956529e-01,
        -6.01493294e-01,  1.41969137e-03,  2.39191500e-01,
        -1.29743009e-01, -4.34537142e-01,  2.03397756e-01],
       [-7.94446643e+00,  5.68638653e+00,  5.50108065e+00,
        -2.90552683e+00,  2.17620749e+00,  4.47078230e+00,
         5.32415979e+00,  9.53857332e-01,  2.50786778e+01,
         6.20231995e-01, -9.81087326e-01, -1.34582522e+00,
         3.92785825e-01, -5.13519326e-02,  8.33878149e-01,
         6.33296471e-01,  2.68611744e-03,  9.86508318e-02],
       [-1.56342161e-01,  6.69392054e-01,  3.46651127e-02,
        -1.08621422e-01,  2.69060943e-01, -3.44333443e-02,
         2.46081775e-03,  1.64609527e-01,  6.20231995e-01,
         7.55062234e-01, -2.80122017e-02, -1.25945375e-01,
        -2.20423325e-01, -9.74684581e-03,  8.00992748e-02,
        -1.73053004e-02,  1.17610764e-02,  2.01017895e-01],
       [ 1.00470971e+00,  4.01044230e-01,  1.69071328e-01,
         4.53452174e-01,  1.49793433e-01, -2.35576881e-01,
         3.52407465e-01, -5.92185929e-01, -9.81087326e-01,
        -2.80122017e-02,  9.70221583e-01, -1.83246801e-01,
        -5.53130675e-02, -2.13124933e-01, -2.95961923e-01,
        -9.89140441e-02, -2.93913707e-02, -1.40376844e-01],
       [ 1.80744336e-01, -9.76938186e-01, -3.21666178e-01,
         1.13552622e-01, -3.78197658e-01, -1.37420509e-01,
        -2.19316841e-01, -2.48956529e-01, -1.34582522e+00,
        -1.25945375e-01, -1.83246801e-01,  5.65939985e-01,
         3.79605821e-02,  1.42267264e-01, -3.16051671e-02,
        -5.86879886e-02,  7.79166735e-02,  3.95679239e-03],
       [-2.73359680e-01, -4.57234582e-01,  1.81211062e-01,
        -3.80859290e-02, -2.72381311e-01,  1.85578059e-01,
        -2.67236353e-01, -6.01493294e-01,  3.92785825e-01,
        -2.20423325e-01, -5.53130675e-02,  3.79605821e-02,
         2.20794998e-01,  4.20569366e-02,  1.72443002e-02,
         1.09125289e-01,  9.61791469e-02, -7.93344294e-02],
       [-1.75834632e-01, -2.62864245e-01,  3.56016699e-02,
        -4.41716102e-02, -9.59332448e-02,  8.00775410e-02,
        -4.36750364e-02,  1.41969137e-03, -5.13519326e-02,
        -9.74684581e-03, -2.13124933e-01,  1.42267264e-01,
         4.20569366e-02,  1.18122670e-01,  5.09740136e-02,
         1.14710106e-02,  7.89610407e-02,  2.19668122e-02],
       [-4.84955262e-01, -4.33967857e-02,  7.60621627e-02,
        -2.16912122e-01, -2.41586049e-02,  1.75386224e-01,
        -1.32300195e-01,  2.39191500e-01,  8.33878149e-01,
         8.00992748e-02, -2.95961923e-01, -3.16051671e-02,
         1.72443002e-02,  5.09740136e-02,  1.55786610e-01,
         5.57079304e-02,  1.05545332e-02,  8.63771598e-02],
       [-2.94971038e-01, -6.48377010e-02,  8.48669661e-02,
        -1.01040322e-01, -7.59589975e-02,  1.26073511e-01,
        -1.62127855e-01, -1.29743009e-01,  6.33296471e-01,
        -1.73053004e-02, -9.89140441e-02, -5.86879886e-02,
         1.09125289e-01,  1.14710106e-02,  5.57079304e-02,
         1.02940914e-01,  3.97120200e-02, -6.35720935e-03],
       [-1.28381674e-01, -2.89457648e-01,  1.14947558e-01,
        -5.21859568e-03, -1.70207585e-01,  8.54960202e-02,
        -3.32392467e-01, -4.34537142e-01,  2.68611744e-03,
         1.17610764e-02, -2.93913707e-02,  7.79166735e-02,
         9.61791469e-02,  7.89610407e-02,  1.05545332e-02,
         3.97120200e-02,  1.30203819e-01, -1.08841968e-02],
       [-1.27093990e-02,  9.81348384e-02, -7.30204116e-02,
        -4.33406657e-02,  5.39028888e-02, -2.44741569e-02,
        -1.15818759e-01,  2.03397756e-01,  9.86508318e-02,
         2.01017895e-01, -1.40376844e-01,  3.95679239e-03,
        -7.93344294e-02,  2.19668122e-02,  8.63771598e-02,
        -6.35720935e-03, -1.08841968e-02,  1.23707759e-01]])
      jac: array([ 3.56973710e-06, -5.45859654e-07,  1.07377070e-05, -8.74670706e-06,
        2.40548322e-08, -2.07685720e-05, -2.27595720e-07,  4.25215418e-07,
        1.25233157e-06,  3.10714417e-06,  2.78332912e-06,  3.32104714e-06,
        6.07329002e-06,  1.63039952e-05,  1.85947554e-05,  5.25690602e-06,
       -1.69664283e-05, -1.64982842e-05])
  message: 'Desired error not necessarily achieved due to precision loss.'
     nfev: 1874
      nit: 64
     njev: 98
   status: 2
  success: False
        x: array([-0.83558284, -1.4199924 ,  0.66480219, -0.99124782, -1.42605891,
        0.22219617, -0.48303457, -2.26755732, -0.31607253,  0.01456088,
        0.527356  ,  1.20151439,  0.13070258,  0.0739827 , -0.32824728,
        1.21246913, -0.402703  , -0.0412822 ])
