Program Begingeth
      fun: 0.20320423615391378
 hess_inv: array([[ 1.14007728e+00,  3.66252598e-02, -2.25557092e-03,
        -2.74389089e-02,  1.84566854e-01,  6.22803955e-01,
        -5.01669951e-01, -7.04550636e-01,  1.78507734e+00,
         1.38843984e-01,  1.02877941e+00,  1.06530081e+00,
        -4.97918772e-01, -5.02380316e-02,  9.56865737e-02,
        -5.33086423e-03, -5.24851814e-02, -2.31128390e-01],
       [ 3.66252598e-02,  3.20309191e-01, -4.67152170e-02,
        -3.24461467e-02,  1.16951447e-02, -3.01503480e-01,
         1.95373244e-01,  2.77721628e-01, -1.15094996e+00,
        -1.44853693e-01, -8.81972863e-02, -5.26486299e-01,
        -1.85081984e-02, -1.01094597e-01, -1.51090315e-01,
         1.71413592e-02,  2.68403587e-02, -9.39511245e-02],
       [-2.25557092e-03, -4.67152170e-02,  1.68658224e-01,
        -5.46016535e-03,  9.87592044e-02,  1.38610264e-01,
        -1.61546954e-01,  1.61815684e-01,  6.39490340e-01,
         9.22336692e-02,  2.57077329e-01,  2.46044598e-01,
         9.51064394e-04,  6.83490193e-02, -8.29360011e-04,
         2.02479489e-02,  2.73451516e-02,  4.18500706e-02],
       [-2.74389089e-02, -3.24461467e-02, -5.46016535e-03,
         4.02775629e-01,  7.20493886e-02,  2.67641407e-01,
         7.60680671e-02, -2.63009077e-01,  1.80798071e+00,
         1.26809440e+00,  3.05338066e-01,  6.40478503e-01,
         1.62713435e-01, -7.22484842e-03,  2.17969330e-02,
         5.59703144e-02, -6.08506971e-02,  2.66200345e-02],
       [ 1.84566854e-01,  1.16951447e-02,  9.87592044e-02,
         7.20493886e-02,  2.36881750e-01,  2.98684473e-01,
        -3.45249485e-01,  1.91800964e-01,  1.56235723e+00,
         4.40053864e-01,  7.66425484e-01,  5.15199431e-01,
        -6.54380460e-02,  5.12125138e-02,  2.62187367e-02,
         2.00763484e-02,  7.30610785e-03, -1.25940425e-02],
       [ 6.22803955e-01, -3.01503480e-01,  1.38610264e-01,
         2.67641407e-01,  2.98684473e-01,  1.31676276e+00,
        -1.61958015e+00, -1.12901892e+00,  5.61976519e+00,
         1.50215863e+00,  1.65158073e+00,  2.59374627e+00,
        -2.18252644e-01,  7.13113421e-02,  2.80505602e-01,
        -8.33639126e-03, -8.53308614e-02, -1.71747064e-02],
       [-5.01669951e-01,  1.95373244e-01, -1.61546954e-01,
         7.60680671e-02, -3.45249485e-01, -1.61958015e+00,
         5.31843509e+00,  8.70549049e-01, -7.26127831e+00,
        -1.82639825e+00, -2.12047969e+00, -3.56506881e+00,
         4.06785851e-01,  2.03564617e-02, -1.96124117e-01,
         1.17718159e-01,  4.41828674e-02,  8.89716918e-02],
       [-7.04550636e-01,  2.77721628e-01,  1.61815684e-01,
        -2.63009077e-01,  1.91800964e-01, -1.12901892e+00,
         8.70549049e-01,  3.63972721e+00, -3.78341216e+00,
        -9.04885299e-01, -8.32654035e-01, -2.36352019e+00,
         1.88684114e-01,  1.28295149e-01, -3.74437807e-01,
         3.07586653e-02,  1.68046298e-01,  5.18874950e-02],
       [ 1.78507734e+00, -1.15094996e+00,  6.39490340e-01,
         1.80798071e+00,  1.56235723e+00,  5.61976519e+00,
        -7.26127831e+00, -3.78341216e+00,  2.74497590e+01,
         8.96339636e+00,  7.51509634e+00,  1.11124979e+01,
        -4.00671240e-01,  3.83868580e-01,  1.02302887e+00,
         4.27694738e-02, -3.31980961e-01,  4.96643272e-02],
       [ 1.38843984e-01, -1.44853693e-01,  9.22336692e-02,
         1.26809440e+00,  4.40053864e-01,  1.50215863e+00,
        -1.82639825e+00, -9.04885299e-01,  8.96339636e+00,
         4.95134819e+00,  1.95564158e+00,  3.40220108e+00,
         3.08391698e-01, -8.91149620e-04,  1.11895919e-01,
         1.15721344e-01, -1.79113271e-01,  3.19186982e-02],
       [ 1.02877941e+00, -8.81972863e-02,  2.57077329e-01,
         3.05338066e-01,  7.66425484e-01,  1.65158073e+00,
        -2.12047969e+00, -8.32654035e-01,  7.51509634e+00,
         1.95564158e+00,  3.24566273e+00,  3.08826398e+00,
        -3.99630557e-01,  8.75329454e-02,  2.70874065e-01,
         1.77276185e-02, -6.39709316e-02, -9.75356607e-02],
       [ 1.06530081e+00, -5.26486299e-01,  2.46044598e-01,
         6.40478503e-01,  5.15199431e-01,  2.59374627e+00,
        -3.56506881e+00, -2.36352019e+00,  1.11124979e+01,
         3.40220108e+00,  3.08826398e+00,  5.44128541e+00,
        -3.12268882e-01,  6.16009315e-02,  4.85318290e-01,
         2.12409750e-05, -2.02556111e-01, -3.74600004e-02],
       [-4.97918772e-01, -1.85081984e-02,  9.51064394e-04,
         1.62713435e-01, -6.54380460e-02, -2.18252644e-01,
         4.06785851e-01,  1.88684114e-01, -4.00671240e-01,
         3.08391698e-01, -3.99630557e-01, -3.12268882e-01,
         3.04558706e-01,  1.50470669e-02, -3.91897419e-02,
         4.87841955e-02, -5.57629621e-03,  1.13561716e-01],
       [-5.02380316e-02, -1.01094597e-01,  6.83490193e-02,
        -7.22484842e-03,  5.12125138e-02,  7.13113421e-02,
         2.03564617e-02,  1.28295149e-01,  3.83868580e-01,
        -8.91149620e-04,  8.75329454e-02,  6.16009315e-02,
         1.50470669e-02,  8.32483616e-02,  3.70085790e-02,
         2.69435773e-03,  2.61835016e-02,  4.91508072e-02],
       [ 9.56865737e-02, -1.51090315e-01, -8.29360011e-04,
         2.17969330e-02,  2.62187367e-02,  2.80505602e-01,
        -1.96124117e-01, -3.74437807e-01,  1.02302887e+00,
         1.11895919e-01,  2.70874065e-01,  4.85318290e-01,
        -3.91897419e-02,  3.70085790e-02,  1.29056657e-01,
        -1.49981683e-02, -2.41692491e-02,  3.71051827e-02],
       [-5.33086423e-03,  1.71413592e-02,  2.02479489e-02,
         5.59703144e-02,  2.00763484e-02, -8.33639126e-03,
         1.17718159e-01,  3.07586653e-02,  4.27694738e-02,
         1.15721344e-01,  1.77276185e-02,  2.12409750e-05,
         4.87841955e-02,  2.69435773e-03, -1.49981683e-02,
         3.82048175e-02, -5.47185872e-03,  6.51997676e-03],
       [-5.24851814e-02,  2.68403587e-02,  2.73451516e-02,
        -6.08506971e-02,  7.30610785e-03, -8.53308614e-02,
         4.41828674e-02,  1.68046298e-01, -3.31980961e-01,
        -1.79113271e-01, -6.39709316e-02, -2.02556111e-01,
        -5.57629621e-03,  2.61835016e-02, -2.41692491e-02,
        -5.47185872e-03,  3.94547455e-02,  6.51930075e-03],
       [-2.31128390e-01, -9.39511245e-02,  4.18500706e-02,
         2.66200345e-02, -1.25940425e-02, -1.71747064e-02,
         8.89716918e-02,  5.18874950e-02,  4.96643272e-02,
         3.19186982e-02, -9.75356607e-02, -3.74600004e-02,
         1.13561716e-01,  4.91508072e-02,  3.71051827e-02,
         6.51997676e-03,  6.51930075e-03,  9.40405523e-02]])
      jac: array([ 1.85979380e-04,  7.83521396e-06, -3.29079356e-05, -3.85667609e-04,
       -3.84054640e-04, -1.19096029e-04,  3.77758935e-05,  3.60972363e-05,
        2.55132952e-05,  7.48175596e-05,  8.85543491e-05,  1.80176244e-05,
        3.48064910e-04,  9.38693567e-07, -5.83792274e-06, -1.75261472e-04,
        8.94776845e-05,  1.39768382e-04])
  message: 'Maximum number of iterations has been exceeded.'
     nfev: 2242
      nit: 100
     njev: 118
   status: 1
  success: False
        x: array([ 0.01550811,  0.30472206,  0.74740282,  1.64971983, -0.42452814,
       -0.10599576,  2.45056874, -0.12188185,  0.37137602,  2.00863527,
       -0.43850749, -0.57379556,  0.12801264,  0.21884534, -0.27316426,
       -1.25402137, -0.33424505,  0.05483829])
