Program Begingeth
      fun: 0.24736904980366925
 hess_inv: array([[ 3.45443565e+00, -1.48744236e+00,  1.29679716e-02,
         1.15862103e+00, -6.32791316e-01,  5.95242632e-01,
         1.34839020e+00,  1.20335135e+00,  1.82809317e+00,
         6.88338645e-02, -7.27054293e-01,  3.24270760e-01,
        -5.46409044e-01,  3.07081464e-01,  3.10117524e-01,
        -2.11683317e-01,  3.37822394e-01, -1.10939029e-01],
       [-1.48744236e+00,  2.83353731e+00,  3.28433038e-01,
        -3.37122510e-01,  1.17044556e+00, -1.71957937e-01,
        -6.10180848e-01,  1.32455603e+00,  6.21197856e-01,
        -4.82465386e-01,  2.74828874e-01, -9.41847453e-01,
         4.61173399e-01, -3.11661205e-01, -3.71443443e-02,
         3.89659247e-02, -2.02998793e-01,  1.40527779e-01],
       [ 1.29679716e-02,  3.28433038e-01,  3.76256502e+00,
        -5.29411946e-01,  3.46059649e-02,  1.65510836e+00,
        -5.94314138e+00, -2.92139215e+00,  4.78989928e+00,
         3.26184945e-01,  1.20149627e+00, -4.24928746e-01,
        -1.11570946e-01, -1.10371781e-01, -3.87989658e-01,
         1.25403094e-01,  7.59880724e-02, -3.27239725e-01],
       [ 1.15862103e+00, -3.37122510e-01, -5.29411946e-01,
         5.25750428e-01, -1.49840456e-01, -5.52994137e-02,
         1.76064105e+00,  9.06390936e-01,  1.37105015e-01,
        -8.01007230e-02, -3.66199491e-01,  6.22363669e-02,
        -1.29602045e-01,  6.50286411e-02,  1.60245494e-01,
        -9.15889696e-02,  7.76449065e-02,  2.58667825e-02],
       [-6.32791316e-01,  1.17044556e+00,  3.46059649e-02,
        -1.49840456e-01,  5.43904279e-01, -9.33055384e-02,
        -4.48169317e-01,  1.12023749e+00, -3.67540163e-02,
        -1.40272286e-01,  1.66522949e-02, -3.32362566e-01,
         1.97392153e-01, -8.52095078e-02,  2.42029170e-02,
         2.86466090e-02, -8.12885802e-02,  7.41673707e-02],
       [ 5.95242632e-01, -1.71957937e-01,  1.65510836e+00,
        -5.52994137e-02, -9.33055384e-02,  8.80539154e-01,
        -2.69696026e+00, -8.73335267e-01,  2.52699726e+00,
         2.55777398e-01,  2.99840923e-01, -8.05010800e-02,
        -1.66506344e-01,  3.17199661e-02, -8.62756923e-02,
         1.34869269e-02,  8.18971571e-02, -1.64031887e-01],
       [ 1.34839020e+00, -6.10180848e-01, -5.94314138e+00,
         1.76064105e+00, -4.48169317e-01, -2.69696026e+00,
         1.65256149e+01,  3.15649412e+00, -5.86443201e+00,
        -9.64770491e-01, -1.20669840e+00,  1.52043338e-01,
        -1.14663029e-02, -1.49515175e-01,  5.22349452e-01,
        -3.98361277e-01, -7.78993922e-03,  5.20631469e-01],
       [ 1.20335135e+00,  1.32455603e+00, -2.92139215e+00,
         9.06390936e-01,  1.12023749e+00, -8.73335267e-01,
         3.15649412e+00,  1.06122943e+01, -3.27870935e+00,
        -1.10287148e-02, -1.84114600e+00, -2.20606005e-01,
         1.28916717e-02,  2.37944895e-01,  9.30210914e-01,
        -2.55457109e-01, -1.04788022e-02,  4.23179012e-01],
       [ 1.82809317e+00,  6.21197856e-01,  4.78989928e+00,
         1.37105015e-01, -3.67540163e-02,  2.52699726e+00,
        -5.86443201e+00, -3.27870935e+00,  1.08119936e+01,
         4.56859278e-01,  1.36026577e+00, -7.10522069e-01,
        -3.52900556e-01, -3.41530268e-01, -4.49949621e-01,
        -3.62255056e-02,  4.48411284e-02, -5.35069861e-01],
       [ 6.88338645e-02, -4.82465386e-01,  3.26184945e-01,
        -8.01007230e-02, -1.40272286e-01,  2.55777398e-01,
        -9.64770491e-01, -1.10287148e-02,  4.56859278e-01,
         9.01240550e-01,  1.10597621e-01,  1.04498690e-01,
        -2.26252548e-01,  1.19507642e-02, -1.07322366e-01,
         2.09518910e-02, -3.62966716e-02, -2.36709735e-01],
       [-7.27054293e-01,  2.74828874e-01,  1.20149627e+00,
        -3.66199491e-01,  1.66522949e-02,  2.99840923e-01,
        -1.20669840e+00, -1.84114600e+00,  1.36026577e+00,
         1.10597621e-01,  1.16228406e+00, -2.77756154e-01,
         6.08208998e-02, -2.69149401e-01, -3.70120816e-01,
         9.32999807e-02, -5.93276273e-02, -1.89510634e-01],
       [ 3.24270760e-01, -9.41847453e-01, -4.24928746e-01,
         6.22363669e-02, -3.32362566e-01, -8.05010800e-02,
         1.52043338e-01, -2.20606005e-01, -7.10522069e-01,
         1.04498690e-01, -2.77756154e-01,  6.54823386e-01,
        -7.25310063e-02,  1.96046498e-01,  1.42159211e-02,
         4.92236747e-02,  8.30146965e-02,  1.80640026e-02],
       [-5.46409044e-01,  4.61173399e-01, -1.11570946e-01,
        -1.29602045e-01,  1.97392153e-01, -1.66506344e-01,
        -1.14663029e-02,  1.28916717e-02, -3.52900556e-01,
        -2.26252548e-01,  6.08208998e-02, -7.25310063e-02,
         1.98625281e-01, -5.88231740e-02, -1.68073758e-02,
         7.03660271e-02, -6.84933568e-02,  8.57343078e-02],
       [ 3.07081464e-01, -3.11661205e-01, -1.10371781e-01,
         6.50286411e-02, -8.52095078e-02,  3.17199661e-02,
        -1.49515175e-01,  2.37944895e-01, -3.41530268e-01,
         1.19507642e-02, -2.69149401e-01,  1.96046498e-01,
        -5.88231740e-02,  1.47051496e-01,  7.50535834e-02,
        -5.24909967e-03,  8.25024257e-02,  2.38923399e-02],
       [ 3.10117524e-01, -3.71443443e-02, -3.87989658e-01,
         1.60245494e-01,  2.42029170e-02, -8.62756923e-02,
         5.22349452e-01,  9.30210914e-01, -4.49949621e-01,
        -1.07322366e-01, -3.70120816e-01,  1.42159211e-02,
        -1.68073758e-02,  7.50535834e-02,  1.77631830e-01,
        -5.00307060e-02,  2.39345220e-02,  1.01530880e-01],
       [-2.11683317e-01,  3.89659247e-02,  1.25403094e-01,
        -9.15889696e-02,  2.86466090e-02,  1.34869269e-02,
        -3.98361277e-01, -2.55457109e-01, -3.62255056e-02,
         2.09518910e-02,  9.32999807e-02,  4.92236747e-02,
         7.03660271e-02, -5.24909967e-03, -5.00307060e-02,
         7.49923169e-02, -1.99226105e-02, -4.37569983e-03],
       [ 3.37822394e-01, -2.02998793e-01,  7.59880724e-02,
         7.76449065e-02, -8.12885802e-02,  8.18971571e-02,
        -7.78993922e-03, -1.04788022e-02,  4.48411284e-02,
        -3.62966716e-02, -5.93276273e-02,  8.30146965e-02,
        -6.84933568e-02,  8.25024257e-02,  2.39345220e-02,
        -1.99226105e-02,  9.25477299e-02, -6.41643264e-03],
       [-1.10939029e-01,  1.40527779e-01, -3.27239725e-01,
         2.58667825e-02,  7.41673707e-02, -1.64031887e-01,
         5.20631469e-01,  4.23179012e-01, -5.35069861e-01,
        -2.36709735e-01, -1.89510634e-01,  1.80640026e-02,
         8.57343078e-02,  2.38923399e-02,  1.01530880e-01,
        -4.37569983e-03, -6.41643264e-03,  1.33270288e-01]])
      jac: array([-9.61878725e-06, -1.37020025e-06, -2.38642439e-06,  2.49298730e-05,
        3.85062352e-06,  4.89737880e-06, -2.21896575e-06, -3.63042929e-07,
       -5.46969877e-07, -3.65540931e-06, -2.76926630e-06, -2.41103434e-06,
       -2.77167178e-05, -9.57456337e-06, -1.03258143e-05,  1.90976864e-05,
        9.51590658e-06,  1.35880196e-05])
  message: 'Desired error not necessarily achieved due to precision loss.'
     nfev: 2159
      nit: 73
     njev: 113
   status: 2
  success: False
        x: array([ 0.93885805, -1.04304158,  0.5111148 ,  1.25346418, -1.07719599,
        0.11956645,  1.05144062, -1.49727551, -0.80398375,  0.06347211,
        0.61189752,  1.12754912,  0.01487731,  0.26914604, -0.28949494,
       -1.15577596, -0.05997709, -0.00261324])
