Program Begingeth
      fun: 0.40376706065712337
 hess_inv: array([[ 8.93601458e+00, -4.33227304e-01,  3.90325936e-01,
         3.98353965e+00, -7.50235444e-02,  1.32673291e+00,
         6.33625211e+00,  5.53691435e-01,  8.08836812e+00,
         6.36285338e-01, -1.00988011e+00,  1.03050742e+00,
        -2.42639190e-01,  5.71126044e-01,  5.36668283e-01,
         1.35633909e-01,  3.82319185e-01,  2.25456211e-01],
       [-4.33227304e-01,  3.39155490e+00, -1.45874373e-02,
        -2.44042594e-01,  1.63432874e+00, -1.99986052e-01,
        -2.55969092e+00,  1.25964320e+00,  2.70792751e+00,
        -1.25474698e+00,  1.53968483e-01, -1.27189255e-01,
         4.99654361e-01,  7.80432341e-02, -1.77428954e-01,
         1.56319223e-01, -1.18241962e-02,  2.50253037e-01],
       [ 3.90325936e-01, -1.45874373e-02,  2.02021849e+00,
         4.46146526e-02, -9.91997003e-02,  1.00637147e+00,
         1.57801049e+00, -2.01396201e+00,  9.50941830e-01,
        -2.38583482e-01, -7.29012289e-02,  1.82932274e-01,
        -1.66134921e-01,  2.26931167e-01,  6.42288593e-02,
         1.88915658e-02,  2.29128853e-01,  2.32569031e-02],
       [ 3.98353965e+00, -2.44042594e-01,  4.46146526e-02,
         1.80538571e+00, -5.40991679e-02,  5.32240811e-01,
         2.95178858e+00,  4.10189888e-01,  3.49199780e+00,
         3.04603190e-01, -4.65417526e-01,  4.16318494e-01,
        -8.96597087e-02,  2.36678017e-01,  2.50989342e-01,
         6.62475084e-02,  1.54672595e-01,  9.88920246e-02],
       [-7.50235444e-02,  1.63432874e+00, -9.91997003e-02,
        -5.40991679e-02,  9.01862247e-01, -1.53679134e-01,
        -3.06762945e+00,  1.26834042e+00,  1.39620951e+00,
        -5.52513875e-01,  8.18757289e-02, -9.20120280e-02,
         3.82004286e-01,  2.69430421e-02, -5.89335645e-02,
         1.03751941e-01, -1.13459429e-01,  1.83399998e-01],
       [ 1.32673291e+00, -1.99986052e-01,  1.00637147e+00,
         5.32240811e-01, -1.53679134e-01,  6.89192247e-01,
         2.33196838e+00, -1.06217096e+00,  1.45866543e+00,
         9.86361626e-02, -2.17263126e-01,  2.44839301e-01,
        -2.05245238e-01,  1.94293508e-01,  1.15170009e-01,
         2.57557521e-03,  1.97833719e-01,  1.01556681e-02],
       [ 6.33625211e+00, -2.55969092e+00,  1.57801049e+00,
         2.95178858e+00, -3.06762945e+00,  2.33196838e+00,
         4.61450023e+01, -1.04141873e+01,  4.48477290e+00,
         8.03984274e-01, -1.32705077e+00,  1.83227227e+00,
        -3.30252495e+00,  9.61506153e-01,  8.00647464e-02,
        -3.83121110e-01,  2.73548086e+00, -1.22163225e+00],
       [ 5.53691435e-01,  1.25964320e+00, -2.01396201e+00,
         4.10189888e-01,  1.26834042e+00, -1.06217096e+00,
        -1.04141873e+01,  8.33065289e+00,  1.50728869e+00,
         6.77301242e-02,  1.97414794e-01, -1.03936661e+00,
         8.59402941e-01, -2.86815082e-01,  1.66706322e-01,
        -2.59925659e-02, -5.85877262e-01,  3.61192287e-01],
       [ 8.08836812e+00,  2.70792751e+00,  9.50941830e-01,
         3.49199780e+00,  1.39620951e+00,  1.45866543e+00,
         4.48477290e+00,  1.50728869e+00,  1.33556618e+01,
        -5.00060372e-01, -1.75272930e-01,  9.08703968e-01,
         8.17083987e-02,  5.20461324e-01,  2.81269460e-01,
         2.48300815e-01,  4.32137153e-01,  4.95261108e-01],
       [ 6.36285338e-01, -1.25474698e+00, -2.38583482e-01,
         3.04603190e-01, -5.52513875e-01,  9.86361626e-02,
         8.03984274e-01,  6.77301242e-02, -5.00060372e-01,
         1.68321022e+00,  9.39987461e-02,  2.42664954e-02,
        -4.40947849e-01, -9.45736657e-02,  3.67626389e-05,
        -8.01006459e-02, -6.39079231e-02, -3.14429877e-01],
       [-1.00988011e+00,  1.53968483e-01, -7.29012289e-02,
        -4.65417526e-01,  8.18757289e-02, -2.17263126e-01,
        -1.32705077e+00,  1.97414794e-01, -1.75272930e-01,
         9.39987461e-02,  8.83541951e-01, -1.85174194e-01,
         3.50101982e-02, -2.63276545e-01, -2.32987911e-01,
         7.68228740e-03, -1.08667672e-01, -1.44703165e-01],
       [ 1.03050742e+00, -1.27189255e-01,  1.82932274e-01,
         4.16318494e-01, -9.20120280e-02,  2.44839301e-01,
         1.83227227e+00, -1.03936661e+00,  9.08703968e-01,
         2.42664954e-02, -1.85174194e-01,  6.70245465e-01,
        -8.27666378e-02,  1.81240592e-01, -2.83184828e-02,
         8.64027747e-02,  1.58436279e-01,  1.97591394e-02],
       [-2.42639190e-01,  4.99654361e-01, -1.66134921e-01,
        -8.96597087e-02,  3.82004286e-01, -2.05245238e-01,
        -3.30252495e+00,  8.59402941e-01,  8.17083987e-02,
        -4.40947849e-01,  3.50101982e-02, -8.27666378e-02,
         4.06913670e-01, -3.69462158e-02,  8.86796747e-03,
         1.03932902e-01, -1.98362403e-01,  1.82816632e-01],
       [ 5.71126044e-01,  7.80432341e-02,  2.26931167e-01,
         2.36678017e-01,  2.69430421e-02,  1.94293508e-01,
         9.61506153e-01, -2.86815082e-01,  5.20461324e-01,
        -9.45736657e-02, -2.63276545e-01,  1.81240592e-01,
        -3.69462158e-02,  1.54109557e-01,  5.64916262e-02,
         1.59876806e-02,  1.16381684e-01,  4.93996339e-02],
       [ 5.36668283e-01, -1.77428954e-01,  6.42288593e-02,
         2.50989342e-01, -5.89335645e-02,  1.15170009e-01,
         8.00647464e-02,  1.66706322e-01,  2.81269460e-01,
         3.67626389e-05, -2.32987911e-01, -2.83184828e-02,
         8.86796747e-03,  5.64916262e-02,  1.33833746e-01,
        -1.44081446e-02, -4.00275907e-04,  8.18395296e-02],
       [ 1.35633909e-01,  1.56319223e-01,  1.88915658e-02,
         6.62475084e-02,  1.03751941e-01,  2.57557521e-03,
        -3.83121110e-01, -2.59925659e-02,  2.48300815e-01,
        -8.01006459e-02,  7.68228740e-03,  8.64027747e-02,
         1.03932902e-01,  1.59876806e-02, -1.44081446e-02,
         7.68606532e-02, -2.84867918e-02,  3.79839455e-02],
       [ 3.82319185e-01, -1.18241962e-02,  2.29128853e-01,
         1.54672595e-01, -1.13459429e-01,  1.97833719e-01,
         2.73548086e+00, -5.85877262e-01,  4.32137153e-01,
        -6.39079231e-02, -1.08667672e-01,  1.58436279e-01,
        -1.98362403e-01,  1.16381684e-01, -4.00275907e-04,
        -2.84867918e-02,  2.28378576e-01, -5.06271722e-02],
       [ 2.25456211e-01,  2.50253037e-01,  2.32569031e-02,
         9.88920246e-02,  1.83399998e-01,  1.01556681e-02,
        -1.22163225e+00,  3.61192287e-01,  4.95261108e-01,
        -3.14429877e-01, -1.44703165e-01,  1.97591394e-02,
         1.82816632e-01,  4.93996339e-02,  8.18395296e-02,
         3.79839455e-02, -5.06271722e-02,  1.69584996e-01]])
      jac: array([-1.72676688e-05,  8.68120391e-06, -3.52384788e-06,  4.36461978e-05,
       -1.02455081e-05,  1.21343676e-05, -1.32819681e-06,  2.19084010e-07,
       -1.98655907e-06, -6.74719540e-06, -2.46025422e-06,  1.87257617e-07,
       -2.26914783e-05,  6.84896584e-06, -1.85921648e-05,  7.20127661e-06,
       -1.57944028e-05,  5.78685248e-06])
  message: 'Desired error not necessarily achieved due to precision loss.'
     nfev: 2708
      nit: 96
     njev: 142
   status: 2
  success: False
        x: array([ 1.65920227, -1.03301815,  0.57380336,  1.56501973, -1.10531882,
        0.26927169,  0.27976061, -1.77879562,  0.55900603, -0.03835537,
        0.3057933 ,  1.18557551, -0.01501211, -0.00810992, -0.25510033,
       -1.26322864, -0.78585206,  0.02076457])
