Program Begingeth
      fun: 0.27480101719722094
 hess_inv: array([[ 2.77896257e+00,  1.75635839e-01,  8.88952025e-01,
         1.36487059e+00,  3.18502241e-02,  3.02541361e-01,
         2.75719375e+00, -2.07969280e-01, -3.84472819e+00,
         4.79254739e-01, -3.22232653e-01,  4.76902760e-02,
        -1.02108274e-01,  6.18970750e-02,  1.95014633e-02,
        -1.03766661e-02,  2.28891948e-02, -2.23950901e-01],
       [ 1.75635839e-01,  3.22866081e+00,  3.57812085e-01,
         4.36483693e-01,  1.47098388e+00, -5.16475433e-01,
         1.74356149e+00,  7.21327091e-01, -3.37457239e+00,
        -2.19278759e-01,  7.67255378e-01, -7.45804272e-01,
         4.56677484e-01, -2.70039449e-01, -2.62461950e-01,
         2.28682604e-01, -2.37976519e-01,  8.49100394e-03],
       [ 8.88952025e-01,  3.57812085e-01,  1.30316369e+00,
         4.75629591e-01,  2.75672218e-01,  4.84022436e-01,
         2.03878679e+00,  5.46317884e-01, -1.44400101e+00,
         2.43522618e-01,  2.11600313e-01,  7.47783800e-02,
        -8.69970475e-03,  1.17737637e-01, -5.05116373e-02,
         1.13461098e-01,  1.03632102e-01, -9.02560009e-02],
       [ 1.36487059e+00,  4.36483693e-01,  4.75629591e-01,
         7.69065683e-01,  1.74505492e-01,  9.81151399e-02,
         1.82716649e+00, -2.42900850e-01, -2.21772690e+00,
         2.52531785e-01, -9.00854936e-02, -5.60169625e-02,
         4.73143240e-02, -1.60798079e-02, -3.13920474e-03,
         4.57643121e-02, -6.54576696e-02, -9.20043123e-02],
       [ 3.18502241e-02,  1.47098388e+00,  2.75672218e-01,
         1.74505492e-01,  7.20356527e-01, -1.85570783e-01,
         9.13706424e-01,  6.08793457e-01, -1.43014874e+00,
        -1.18017738e-01,  3.85587261e-01, -2.67501592e-01,
         2.25084314e-01, -9.15656529e-02, -1.37355530e-01,
         1.39217881e-01, -9.26003181e-02,  9.93716792e-03],
       [ 3.02541361e-01, -5.16475433e-01,  4.84022436e-01,
         9.81151399e-02, -1.85570783e-01,  3.49536852e-01,
         4.95433916e-01,  1.88088105e-02,  3.01372667e-01,
         1.57835451e-01, -1.45187057e-01,  1.96121206e-01,
        -9.87961883e-02,  1.28726428e-01,  5.95187393e-02,
        -1.84696449e-03,  9.47505271e-02, -2.62232109e-02],
       [ 2.75719375e+00,  1.74356149e+00,  2.03878679e+00,
         1.82716649e+00,  9.13706424e-01,  4.95433916e-01,
         6.72056082e+00, -1.18568636e-01, -5.43514444e+00,
         6.95760714e-01,  2.53344688e-01,  1.05931720e-02,
         2.69134080e-01,  3.39838477e-02, -1.42553126e-01,
         2.91975510e-01, -1.49668401e-01, -2.13465137e-01],
       [-2.07969280e-01,  7.21327091e-01,  5.46317884e-01,
        -2.42900850e-01,  6.08793457e-01,  1.88088105e-02,
        -1.18568636e-01,  3.29657806e+00, -4.13161572e-01,
        -4.79135359e-01,  4.49402442e-01,  9.26525688e-02,
         3.01231487e-02,  7.66629874e-02, -2.13992014e-01,
         9.99103623e-02,  1.49239741e-01, -4.53152932e-03],
       [-3.84472819e+00, -3.37457239e+00, -1.44400101e+00,
        -2.21772690e+00, -1.43014874e+00,  3.01372667e-01,
        -5.43514444e+00, -4.13161572e-01,  1.00738950e+01,
        -6.88881575e-01, -5.49133104e-01,  6.99760912e-01,
        -1.88777993e-01,  2.74550498e-01,  3.31301376e-01,
        -1.38958744e-01,  2.05529889e-01,  3.81185885e-01],
       [ 4.79254739e-01, -2.19278759e-01,  2.43522618e-01,
         2.52531785e-01, -1.18017738e-01,  1.57835451e-01,
         6.95760714e-01, -4.79135359e-01, -6.88881575e-01,
         6.92886178e-01, -3.66417186e-02,  2.87982609e-02,
        -1.64542865e-01, -7.89149837e-03, -5.71303322e-02,
        -2.12659884e-02, -3.19650737e-02, -2.14124407e-01],
       [-3.22232653e-01,  7.67255378e-01,  2.11600313e-01,
        -9.00854936e-02,  3.85587261e-01, -1.45187057e-01,
         2.53344688e-01,  4.49402442e-01, -5.49133104e-01,
        -3.66417186e-02,  7.48440580e-01, -2.17444939e-01,
         1.09853758e-01, -1.53421708e-01, -2.05689965e-01,
         1.05199283e-01, -3.67644695e-02, -8.55476725e-02],
       [ 4.76902760e-02, -7.45804272e-01,  7.47783800e-02,
        -5.60169625e-02, -2.67501592e-01,  1.96121206e-01,
         1.05931720e-02,  9.26525688e-02,  6.99760912e-01,
         2.87982609e-02, -2.17444939e-01,  4.91796223e-01,
        -6.35237347e-02,  1.65964115e-01,  2.07019814e-02,
         2.49907797e-02,  1.18752946e-01,  1.78399061e-02],
       [-1.02108274e-01,  4.56677484e-01, -8.69970475e-03,
         4.73143240e-02,  2.25084314e-01, -9.87961883e-02,
         2.69134080e-01,  3.01231487e-02, -1.88777993e-01,
        -1.64542865e-01,  1.09853758e-01, -6.35237347e-02,
         1.81644137e-01, -4.70343309e-02, -1.28849493e-02,
         1.04231408e-01, -7.72784820e-02,  7.57497495e-02],
       [ 6.18970750e-02, -2.70039449e-01,  1.17737637e-01,
        -1.60798079e-02, -9.15656529e-02,  1.28726428e-01,
         3.39838477e-02,  7.66629874e-02,  2.74550498e-01,
        -7.89149837e-03, -1.53421708e-01,  1.65964115e-01,
        -4.70343309e-02,  1.12982774e-01,  3.60555968e-02,
        -8.92765414e-03,  8.99829419e-02,  2.04425405e-02],
       [ 1.95014633e-02, -2.62461950e-01, -5.05116373e-02,
        -3.13920474e-03, -1.37355530e-01,  5.95187393e-02,
        -1.42553126e-01, -2.13992014e-01,  3.31301376e-01,
        -5.71303322e-02, -2.05689965e-01,  2.07019814e-02,
        -1.28849493e-02,  3.60555968e-02,  1.07534498e-01,
        -3.37611564e-02,  4.97752478e-03,  7.58307978e-02],
       [-1.03766661e-02,  2.28682604e-01,  1.13461098e-01,
         4.57643121e-02,  1.39217881e-01, -1.84696449e-03,
         2.91975510e-01,  9.99103623e-02, -1.38958744e-01,
        -2.12659884e-02,  1.05199283e-01,  2.49907797e-02,
         1.04231408e-01, -8.92765414e-03, -3.37611564e-02,
         1.01549731e-01, -3.03430374e-02,  1.62994846e-02],
       [ 2.28891948e-02, -2.37976519e-01,  1.03632102e-01,
        -6.54576696e-02, -9.26003181e-02,  9.47505271e-02,
        -1.49668401e-01,  1.49239741e-01,  2.05529889e-01,
        -3.19650737e-02, -3.67644695e-02,  1.18752946e-01,
        -7.72784820e-02,  8.99829419e-02,  4.97752478e-03,
        -3.03430374e-02,  1.21796426e-01, -5.81650935e-03],
       [-2.23950901e-01,  8.49100394e-03, -9.02560009e-02,
        -9.20043123e-02,  9.93716792e-03, -2.62232109e-02,
        -2.13465137e-01, -4.53152932e-03,  3.81185885e-01,
        -2.14124407e-01, -8.55476725e-02,  1.78399061e-02,
         7.57497495e-02,  2.04425405e-02,  7.58307978e-02,
         1.62994846e-02, -5.81650935e-03,  1.32869019e-01]])
      jac: array([ 2.49763173e-06,  7.05953814e-06, -3.48684045e-06,  5.52076903e-06,
       -2.63774188e-05,  9.61527154e-06, -2.09980181e-06,  4.43053002e-06,
        2.23894977e-07,  5.04744394e-06,  6.98108238e-06, -1.39210865e-05,
        2.59843998e-05,  3.74307992e-05, -2.81759801e-05, -1.02369964e-05,
       -4.71881793e-06,  1.05978189e-05])
  message: 'Desired error not necessarily achieved due to precision loss.'
     nfev: 2291
      nit: 78
     njev: 120
   status: 2
  success: False
        x: array([ 0.93023736, -1.40070911,  0.79243092,  1.13742925, -1.31198089,
        0.38574529,  2.11975127, -0.96943891,  0.91093019,  0.13634182,
        0.53389334,  1.27678642,  0.02584782,  0.15650362, -0.31563429,
       -0.95463436, -0.30174105, -0.03666701])
