Program Begingeth
      fun: 0.3598205209199604
 hess_inv: array([[ 6.56122629e+00,  7.91456458e-01, -1.55996121e+00,
         1.93810649e+00,  7.59394216e-01, -1.76164088e+00,
        -5.70728744e-01,  1.51125980e-01, -5.69905053e+00,
        -2.15510851e-01,  7.12177908e-01,  1.02225963e-02,
        -9.67358664e-01, -2.38714457e-01, -4.43503275e-01,
        -3.31127009e-01, -7.01002254e-01,  3.77645316e-01],
       [ 7.91456458e-01,  5.66214139e+00,  1.79162487e+00,
         2.40892240e-01,  2.44477420e+00,  6.13093883e-01,
         6.86449932e+00,  8.52292238e-01,  5.64011287e+00,
         1.41399840e-01,  4.98004964e-01, -1.48155354e+00,
        -6.58312363e-01, -4.06225827e-01, -1.60467730e-01,
        -9.56966001e-02, -4.31072709e-01,  3.96962856e-02],
       [-1.55996121e+00,  1.79162487e+00,  3.23021612e+00,
        -8.68701465e-02,  6.16502364e-01,  1.52733792e+00,
         5.26104925e+00, -1.83037355e+00,  4.36906037e+00,
         1.61140053e-02,  6.53021101e-01, -5.94185744e-01,
         1.61966643e-01, -8.20403053e-02, -1.06508466e-01,
        -5.83663036e-02,  9.46391165e-02, -1.57729468e-01],
       [ 1.93810649e+00,  2.40892240e-01, -8.68701465e-02,
         6.88084368e-01,  2.37341002e-01, -3.64530730e-01,
         7.44386410e-01, -2.83090850e-01, -1.54497916e+00,
        -1.28360721e-01,  3.21314954e-01,  4.35222014e-02,
        -2.28681132e-01, -5.13503664e-02, -1.82843438e-01,
        -1.08423409e-01, -1.91016026e-01,  6.60276328e-02],
       [ 7.59394216e-01,  2.44477420e+00,  6.16502364e-01,
         2.37341002e-01,  1.20321026e+00,  1.71678436e-01,
         3.64875365e+00,  1.03291759e+00,  1.93107795e+00,
        -7.84312740e-02,  1.60904323e-01, -5.28730987e-01,
        -3.86899552e-01, -1.29914811e-01, -6.71942790e-02,
        -1.04299596e-01, -2.81168137e-01,  4.34413681e-02],
       [-1.76164088e+00,  6.13093883e-01,  1.52733792e+00,
        -3.64530730e-01,  1.71678436e-01,  9.84739030e-01,
         2.62424104e+00, -4.02640779e-01,  3.08667287e+00,
        -9.01939597e-02,  7.56880673e-03, -2.10432232e-01,
         2.54156857e-01,  3.12866365e-02,  8.90623438e-02,
         5.60745477e-02,  1.26004207e-01, -1.23502351e-01],
       [-5.70728744e-01,  6.86449932e+00,  5.26104925e+00,
         7.44386410e-01,  3.64875365e+00,  2.62424104e+00,
         2.27156234e+01,  2.12364174e+00,  1.00119747e+01,
        -9.90120967e-01,  6.90758573e-01, -1.18710375e+00,
        -6.32904598e-01, -1.92164722e-01, -2.53097513e-01,
        -3.86138511e-01, -9.44597307e-01, -3.65646617e-01],
       [ 1.51125980e-01,  8.52292238e-01, -1.83037355e+00,
        -2.83090850e-01,  1.03291759e+00, -4.02640779e-01,
         2.12364174e+00,  6.91896386e+00, -1.24399151e-02,
        -4.74802257e-01, -1.06315345e+00,  8.66420676e-02,
        -3.80273628e-01,  2.12055452e-01,  4.79443243e-01,
         4.57185761e-03, -3.16974710e-01,  1.86697684e-01],
       [-5.69905053e+00,  5.64011287e+00,  4.36906037e+00,
        -1.54497916e+00,  1.93107795e+00,  3.08667287e+00,
         1.00119747e+01, -1.24399151e-02,  1.58434643e+01,
         8.03136993e-02, -4.54605002e-02, -1.70285226e+00,
         3.80784051e-01, -3.82055750e-01,  3.31467785e-01,
         3.40091676e-01,  6.82205634e-02, -2.99682507e-01],
       [-2.15510851e-01,  1.41399840e-01,  1.61140053e-02,
        -1.28360721e-01, -7.84312740e-02, -9.01939597e-02,
        -9.90120967e-01, -4.74802257e-01,  8.03136993e-02,
         7.84821192e-01,  2.60827334e-03, -1.48829974e-01,
        -1.25063555e-01, -2.70393449e-02,  4.43916257e-02,
         2.33419243e-02,  1.10350758e-01,  1.59674590e-01],
       [ 7.12177908e-01,  4.98004964e-01,  6.53021101e-01,
         3.21314954e-01,  1.60904323e-01,  7.56880673e-03,
         6.90758573e-01, -1.06315345e+00, -4.54605002e-02,
         2.60827334e-03,  8.89605077e-01, -2.27328496e-01,
        -9.22993149e-02, -2.13439487e-01, -2.76338214e-01,
        -9.31433492e-02, -6.04057498e-02, -9.58294606e-02],
       [ 1.02225963e-02, -1.48155354e+00, -5.94185744e-01,
         4.35222014e-02, -5.28730987e-01, -2.10432232e-01,
        -1.18710375e+00,  8.66420676e-02, -1.70285226e+00,
        -1.48829974e-01, -2.27328496e-01,  7.53531404e-01,
         1.18651460e-01,  2.03638781e-01, -1.56618041e-02,
        -4.83338868e-02,  9.90395272e-02, -4.36721505e-03],
       [-9.67358664e-01, -6.58312363e-01,  1.61966643e-01,
        -2.28681132e-01, -3.86899552e-01,  2.54156857e-01,
        -6.32904598e-01, -3.80273628e-01,  3.80784051e-01,
        -1.25063555e-01, -9.22993149e-02,  1.18651460e-01,
         3.33105593e-01,  7.01117089e-02,  4.98292614e-02,
         1.20272032e-01,  1.89666031e-01, -1.14532538e-01],
       [-2.38714457e-01, -4.06225827e-01, -8.20403053e-02,
        -5.13503664e-02, -1.29914811e-01,  3.12866365e-02,
        -1.92164722e-01,  2.12055452e-01, -3.82055750e-01,
        -2.70393449e-02, -2.13439487e-01,  2.03638781e-01,
         7.01117089e-02,  1.33535299e-01,  5.40239627e-02,
         2.44450467e-03,  8.40032325e-02,  1.25945768e-02],
       [-4.43503275e-01, -1.60467730e-01, -1.06508466e-01,
        -1.82843438e-01, -6.71942790e-02,  8.90623438e-02,
        -2.53097513e-01,  4.79443243e-01,  3.31467785e-01,
         4.43916257e-02, -2.76338214e-01, -1.56618041e-02,
         4.98292614e-02,  5.40239627e-02,  1.54626936e-01,
         5.45571716e-02,  3.48523449e-02,  5.67270109e-02],
       [-3.31127009e-01, -9.56966001e-02, -5.83663036e-02,
        -1.08423409e-01, -1.04299596e-01,  5.60745477e-02,
        -3.86138511e-01,  4.57185761e-03,  3.40091676e-01,
         2.33419243e-02, -9.31433492e-02, -4.83338868e-02,
         1.20272032e-01,  2.44450467e-03,  5.45571716e-02,
         9.97091007e-02,  6.41503860e-02, -1.72693716e-02],
       [-7.01002254e-01, -4.31072709e-01,  9.46391165e-02,
        -1.91016026e-01, -2.81168137e-01,  1.26004207e-01,
        -9.44597307e-01, -3.16974710e-01,  6.82205634e-02,
         1.10350758e-01, -6.04057498e-02,  9.90395272e-02,
         1.89666031e-01,  8.40032325e-02,  3.48523449e-02,
         6.41503860e-02,  2.12330389e-01, -3.24131434e-02],
       [ 3.77645316e-01,  3.96962856e-02, -1.57729468e-01,
         6.60276328e-02,  4.34413681e-02, -1.23502351e-01,
        -3.65646617e-01,  1.86697684e-01, -2.99682507e-01,
         1.59674590e-01, -9.58294606e-02, -4.36721505e-03,
        -1.14532538e-01,  1.25945768e-02,  5.67270109e-02,
        -1.72693716e-02, -3.24131434e-02,  1.30712224e-01]])
      jac: array([ 6.10622664e-07,  3.48610030e-07,  5.60292553e-07, -1.10874273e-06,
       -3.15673413e-07, -9.24075631e-07, -1.19534012e-07,  5.07001848e-08,
        2.16123415e-07,  1.25159142e-06,  6.37268016e-07,  3.80806498e-07,
        1.84037970e-06,  4.18295028e-06,  1.84815126e-06, -1.60686279e-06,
       -2.88620979e-06, -3.30402372e-06])
  message: 'Optimization terminated successfully.'
     nfev: 1520
      nit: 72
     njev: 80
   status: 0
  success: True
        x: array([-0.65709905, -1.24265549,  0.51059223, -0.98559144, -1.24591729,
        0.1192026 , -0.52242199, -2.11357242, -0.48509324,  0.09110062,
        0.47849378,  1.19775783,  0.11471281, -0.02421824, -0.33960247,
        1.20907758, -0.74733806, -0.02161745])
