Program Begingeth
      fun: 0.35657730302718976
 hess_inv: array([[ 8.40669725e-01, -1.47001978e-01, -4.19482065e-02,
        -9.40654661e-03,  1.74636458e-01, -3.07319751e-01,
         2.70923858e-02,  7.24839106e-01, -1.89869759e+00,
         2.61914011e-03,  2.75466758e-01,  8.49473909e-01,
        -4.34876405e-01,  8.77235270e-02, -4.36437192e-01,
        -1.12590834e-01, -4.76592547e-02, -1.27225084e-01],
       [-1.47001978e-01,  1.33363046e+00, -8.40087718e-02,
        -2.43206834e-01, -2.00127984e-01, -2.83355262e-01,
        -9.74545442e-01,  5.17304201e-02,  2.17467580e-01,
         4.83897612e-02,  4.24675461e-01, -1.76601314e-01,
        -1.08500262e-01, -9.95583834e-01, -5.90473026e-02,
         2.09348966e-02, -2.23940947e-01,  2.25741211e-01],
       [-4.19482065e-02, -8.40087718e-02,  7.20643728e-01,
         1.20847409e-01,  1.87091208e-01, -6.57565058e-02,
         8.96760229e-01,  1.46569818e-01,  1.43430829e-01,
        -6.75316593e-01, -8.98823708e-02, -1.27126253e-01,
         2.51509151e-01,  2.15850031e-01, -4.55909029e-01,
         3.73876813e-02, -1.78830484e-02, -1.60565262e-01],
       [-9.40654661e-03, -2.43206834e-01,  1.20847409e-01,
         2.11493481e-01, -8.18703100e-03,  1.66655331e-03,
         5.30484377e-01, -5.77313033e-01, -1.43126177e-01,
        -1.53253852e-01,  1.05146340e-01,  3.07445943e-02,
         2.53495182e-01,  1.18029795e-01, -8.20791671e-02,
         6.25592773e-02,  1.54463337e-02, -5.27849261e-02],
       [ 1.74636458e-01, -2.00127984e-01,  1.87091208e-01,
        -8.18703100e-03,  2.37343957e-01,  1.46351622e-03,
         4.57021507e-01,  7.65515576e-01, -1.58133708e-01,
        -1.51439294e-01, -2.39950287e-01,  1.87233550e-01,
        -9.52786879e-02,  3.67130916e-01, -1.76750007e-01,
        -2.38627433e-02,  7.65510224e-02, -9.78458801e-02],
       [-3.07319751e-01, -2.83355262e-01, -6.57565058e-02,
         1.66655331e-03,  1.46351622e-03,  3.48970924e-01,
         1.75389435e-01, -1.08548871e-01,  1.23488630e+00,
         6.16318122e-02, -4.74556265e-01, -2.93046235e-01,
         1.29577734e-01,  3.04317733e-01,  3.78903648e-01,
         3.88841563e-02,  1.07691323e-01,  4.26042004e-02],
       [ 2.70923858e-02, -9.74545442e-01,  8.96760229e-01,
         5.30484377e-01,  4.57021507e-01,  1.75389435e-01,
         3.60917013e+00, -3.30074413e-02,  2.92253737e-01,
        -6.76356272e-01, -6.75231539e-01,  1.96896345e-01,
         4.75125533e-01,  1.15443135e+00, -4.89411942e-01,
         8.53619792e-02,  2.17016261e-01, -3.27729841e-01],
       [ 7.24839106e-01,  5.17304201e-02,  1.46569818e-01,
        -5.77313033e-01,  7.65515576e-01, -1.08548871e-01,
        -3.30074413e-02,  5.46582720e+00, -7.71923490e-01,
         9.01101797e-02, -4.11217187e-01,  6.10608262e-01,
        -1.09909326e+00,  5.03054143e-01, -3.23620062e-01,
        -2.95713405e-01,  7.18660766e-02, -9.88825164e-02],
       [-1.89869759e+00,  2.17467580e-01,  1.43430829e-01,
        -1.43126177e-01, -1.58133708e-01,  1.23488630e+00,
         2.92253737e-01, -7.71923490e-01,  8.04164340e+00,
        -3.34261440e-01, -1.61118807e+00, -1.62357616e+00,
         8.92970412e-01,  3.00584280e-01,  1.12674433e+00,
         2.90119519e-01,  1.97550426e-01,  2.26613459e-01],
       [ 2.61914011e-03,  4.83897612e-02, -6.75316593e-01,
        -1.53253852e-01, -1.51439294e-01,  6.16318122e-02,
        -6.76356272e-01,  9.01101797e-02, -3.34261440e-01,
         9.22360957e-01, -7.10376647e-03,  6.29128739e-02,
        -3.60695865e-01, -1.35113175e-01,  4.51985173e-01,
        -7.57871457e-02,  5.23250972e-02,  1.45787571e-01],
       [ 2.75466758e-01,  4.24675461e-01, -8.98823708e-02,
         1.05146340e-01, -2.39950287e-01, -4.74556265e-01,
        -6.75231539e-01, -4.11217187e-01, -1.61118807e+00,
        -7.10376647e-03,  1.76472799e+00,  1.94502048e-01,
        -4.05139801e-02, -9.49930861e-01, -2.59078865e-01,
        -1.12496931e-01, -2.61162754e-01,  1.46508614e-01],
       [ 8.49473909e-01, -1.76601314e-01, -1.27126253e-01,
         3.07445943e-02,  1.87233550e-01, -2.93046235e-01,
         1.96896345e-01,  6.10608262e-01, -1.62357616e+00,
         6.29128739e-02,  1.94502048e-01,  1.16604046e+00,
        -4.02843540e-01,  1.46158610e-01, -4.99425020e-01,
        -7.89589096e-02, -3.49965352e-02, -1.63698518e-01],
       [-4.34876405e-01, -1.08500262e-01,  2.51509151e-01,
         2.53495182e-01, -9.52786879e-02,  1.29577734e-01,
         4.75125533e-01, -1.09909326e+00,  8.92970412e-01,
        -3.60695865e-01, -4.05139801e-02, -4.02843540e-01,
         6.03372157e-01,  4.28444782e-02,  4.55684675e-02,
         1.81446389e-01,  1.32588077e-02, -1.08481232e-02],
       [ 8.77235270e-02, -9.95583834e-01,  2.15850031e-01,
         1.18029795e-01,  3.67130916e-01,  3.04317733e-01,
         1.15443135e+00,  5.03054143e-01,  3.00584280e-01,
        -1.35113175e-01, -9.49930861e-01,  1.46158610e-01,
         4.28444782e-02,  1.14911967e+00, -6.59407889e-03,
         1.79459268e-02,  2.97755054e-01, -2.31047291e-01],
       [-4.36437192e-01, -5.90473026e-02, -4.55909029e-01,
        -8.20791671e-02, -1.76750007e-01,  3.78903648e-01,
        -4.89411942e-01, -3.23620062e-01,  1.12674433e+00,
         4.51985173e-01, -2.59078865e-01, -4.99425020e-01,
         4.55684675e-02, -6.59407889e-03,  7.60387788e-01,
         1.87797497e-02,  9.05335529e-02,  2.36783246e-01],
       [-1.12590834e-01,  2.09348966e-02,  3.73876813e-02,
         6.25592773e-02, -2.38627433e-02,  3.88841563e-02,
         8.53619792e-02, -2.95713405e-01,  2.90119519e-01,
        -7.57871457e-02, -1.12496931e-01, -7.89589096e-02,
         1.81446389e-01,  1.79459268e-02,  1.87797497e-02,
         9.03875909e-02,  7.95268689e-03, -2.89027750e-03],
       [-4.76592547e-02, -2.23940947e-01, -1.78830484e-02,
         1.54463337e-02,  7.65510224e-02,  1.07691323e-01,
         2.17016261e-01,  7.18660766e-02,  1.97550426e-01,
         5.23250972e-02, -2.61162754e-01, -3.49965352e-02,
         1.32588077e-02,  2.97755054e-01,  9.05335529e-02,
         7.95268689e-03,  1.15817883e-01, -2.56492090e-02],
       [-1.27225084e-01,  2.25741211e-01, -1.60565262e-01,
        -5.27849261e-02, -9.78458801e-02,  4.26042004e-02,
        -3.27729841e-01, -9.88825164e-02,  2.26613459e-01,
         1.45787571e-01,  1.46508614e-01, -1.63698518e-01,
        -1.08481232e-02, -2.31047291e-01,  2.36783246e-01,
        -2.89027750e-03, -2.56492090e-02,  1.56069787e-01]])
      jac: array([ 1.39836291e-05,  1.68594768e-05,  9.77699403e-06, -5.83892194e-05,
       -2.24050408e-05,  1.04953083e-06,  4.50824563e-06, -1.55801298e-07,
       -5.42158910e-07,  8.77372249e-06,  1.58858112e-05,  6.33308221e-06,
        3.49265061e-05,  3.77753384e-05,  2.15412873e-05, -3.55826479e-06,
       -3.42729548e-05, -2.93465252e-05])
  message: 'Desired error not necessarily achieved due to precision loss.'
     nfev: 1399
      nit: 33
     njev: 73
   status: 2
  success: False
        x: array([ 0.66098772, -0.09285558,  0.46976374,  0.21691565, -1.19255169,
       -0.79189747,  1.31440803, -1.69428271, -0.97647317, -0.96105695,
        0.01190797,  0.57263705,  0.11815041,  0.03109796, -0.57833419,
        0.07718026,  1.4824833 , -0.87618857])
