Program Begingeth
      fun: 0.2694777547856651
 hess_inv: array([[ 9.55957383e+00, -1.89017167e+00,  9.75884825e+00,
         1.13717962e+00, -1.34886369e+00,  4.11991241e+00,
        -9.11237706e+00, -3.32889473e+00,  7.68202909e+00,
        -1.23601892e+00,  2.27892029e+00, -6.94838255e-01,
        -2.02375199e+00,  1.78122479e-01, -5.36687371e-01,
        -8.74774816e-02,  1.41993659e+00, -2.85789091e-01],
       [-1.89017167e+00,  2.98475636e+00, -3.05569207e+00,
         2.41323614e-01,  1.16335595e+00, -1.26538738e+00,
         4.77557398e+00,  2.92861529e+00, -1.43015708e+00,
         5.38131442e-02, -8.82181141e-01, -6.92947839e-01,
         5.97766365e-01, -3.45301238e-01,  3.14489237e-01,
        -1.35689770e-01, -3.57964085e-01,  7.31786893e-02],
       [ 9.75884825e+00, -3.05569207e+00,  2.50322078e+01,
        -1.19196557e+00, -2.06550599e+00,  9.37647222e+00,
        -2.97284323e+01, -9.92308577e+00,  1.46302499e+01,
        -2.01912714e+00,  6.34034229e+00, -2.39819244e+00,
        -2.62175582e+00,  4.30943020e-02, -1.69713618e+00,
         2.41126253e-01,  2.18443984e+00, -1.96015996e-01],
       [ 1.13717962e+00,  2.41323614e-01, -1.19196557e+00,
         6.10620917e-01,  2.82515650e-02, -3.51553865e-01,
         2.85963648e+00,  7.16858902e-01,  7.77700387e-02,
        -9.52677810e-02, -2.87346543e-01,  2.58764299e-02,
        -8.54012586e-02, -4.65808063e-02,  1.05914250e-01,
        -6.20314829e-02,  1.52498015e-02, -4.08684836e-02],
       [-1.34886369e+00,  1.16335595e+00, -2.06550599e+00,
         2.82515650e-02,  5.57201825e-01, -8.17510374e-01,
         2.50899545e+00,  1.75141799e+00, -1.26053236e+00,
         1.92051966e-01, -5.70237658e-01, -9.27386243e-02,
         3.56659453e-01, -9.12435474e-02,  1.87941428e-01,
        -3.06520510e-02, -2.34451289e-01,  5.00337593e-02],
       [ 4.11991241e+00, -1.26538738e+00,  9.37647222e+00,
        -3.51553865e-01, -8.17510374e-01,  3.62240892e+00,
        -1.13150433e+01, -3.46833089e+00,  5.84453147e+00,
        -6.56885714e-01,  2.24214677e+00, -8.28485579e-01,
        -1.10681238e+00,  6.16653834e-02, -5.81981191e-01,
         6.66806760e-02,  8.55513790e-01, -9.39025161e-02],
       [-9.11237706e+00,  4.77557398e+00, -2.97284323e+01,
         2.85963648e+00,  2.50899545e+00, -1.13150433e+01,
         4.32663767e+01,  1.17303339e+01, -1.55120336e+01,
         1.79026790e+00, -6.69045270e+00,  1.98933451e+00,
         3.01017295e+00, -6.15649008e-01,  1.81157805e+00,
        -4.18275510e-01, -2.54038763e+00,  1.09860777e-01],
       [-3.32889473e+00,  2.92861529e+00, -9.92308577e+00,
         7.16858902e-01,  1.75141799e+00, -3.46833089e+00,
         1.17303339e+01,  9.56253633e+00, -5.20343390e+00,
         1.35766159e+00, -2.65964239e+00,  3.71721695e-01,
         8.50300397e-01, -1.56342232e-01,  9.93864911e-01,
        -2.20123559e-01, -8.70702455e-01,  5.95293162e-02],
       [ 7.68202909e+00, -1.43015708e+00,  1.46302499e+01,
         7.77700387e-02, -1.26053236e+00,  5.84453147e+00,
        -1.55120336e+01, -5.20343390e+00,  1.22628042e+01,
        -9.92212081e-01,  3.65326055e+00, -1.49386566e+00,
        -1.83285420e+00, -2.18790891e-01, -9.85452808e-01,
         2.39534769e-02,  1.26263179e+00, -2.86731468e-01],
       [-1.23601892e+00,  5.38131442e-02, -2.01912714e+00,
        -9.52677810e-02,  1.92051966e-01, -6.56885714e-01,
         1.79026790e+00,  1.35766159e+00, -9.92212081e-01,
         1.13200938e+00, -4.07824866e-01,  2.21734213e-01,
         4.07571090e-02, -2.61568498e-02,  7.84661288e-02,
        -1.53598390e-02, -2.72202340e-01, -1.74234939e-01],
       [ 2.27892029e+00, -8.82181141e-01,  6.34034229e+00,
        -2.87346543e-01, -5.70237658e-01,  2.24214677e+00,
        -6.69045270e+00, -2.65964239e+00,  3.65326055e+00,
        -4.07824866e-01,  2.29846227e+00, -6.67738521e-01,
        -6.28692640e-01, -1.64547499e-01, -6.27751381e-01,
         9.06074719e-02,  5.07503091e-01, -1.68348310e-01],
       [-6.94838255e-01, -6.92947839e-01, -2.39819244e+00,
         2.58764299e-02, -9.27386243e-02, -8.28485579e-01,
         1.98933451e+00,  3.71721695e-01, -1.49386566e+00,
         2.21734213e-01, -6.67738521e-01,  9.33283124e-01,
         1.81552209e-01,  2.30141978e-01,  9.83516399e-02,
         6.85043606e-02, -1.23039160e-01,  3.86583093e-02],
       [-2.02375199e+00,  5.97766365e-01, -2.62175582e+00,
        -8.54012586e-02,  3.56659453e-01, -1.10681238e+00,
         3.01017295e+00,  8.50300397e-01, -1.83285420e+00,
         4.07571090e-02, -6.28692640e-01,  1.81552209e-01,
         5.78623201e-01, -5.77195813e-02,  1.58609500e-01,
         4.86551021e-02, -3.42805680e-01,  1.16782530e-01],
       [ 1.78122479e-01, -3.45301238e-01,  4.30943020e-02,
        -4.65808063e-02, -9.12435474e-02,  6.16653834e-02,
        -6.15649008e-01, -1.56342232e-01, -2.18790891e-01,
        -2.61568498e-02, -1.64547499e-01,  2.30141978e-01,
        -5.77195813e-02,  1.56886759e-01,  3.17927865e-02,
         2.11651955e-02,  7.94160716e-02,  3.41700682e-02],
       [-5.36687371e-01,  3.14489237e-01, -1.69713618e+00,
         1.05914250e-01,  1.87941428e-01, -5.81981191e-01,
         1.81157805e+00,  9.93864911e-01, -9.85452808e-01,
         7.84661288e-02, -6.27751381e-01,  9.83516399e-02,
         1.58609500e-01,  3.17927865e-02,  2.24463244e-01,
        -4.20483362e-02, -1.34380633e-01,  7.19805403e-02],
       [-8.74774816e-02, -1.35689770e-01,  2.41126253e-01,
        -6.20314829e-02, -3.06520510e-02,  6.66806760e-02,
        -4.18275510e-01, -2.20123559e-01,  2.39534769e-02,
        -1.53598390e-02,  9.06074719e-02,  6.85043606e-02,
         4.86551021e-02,  2.11651955e-02, -4.20483362e-02,
         6.24108612e-02,  1.37148931e-03,  1.19614520e-02],
       [ 1.41993659e+00, -3.57964085e-01,  2.18443984e+00,
         1.52498015e-02, -2.34451289e-01,  8.55513790e-01,
        -2.54038763e+00, -8.70702455e-01,  1.26263179e+00,
        -2.72202340e-01,  5.07503091e-01, -1.23039160e-01,
        -3.42805680e-01,  7.94160716e-02, -1.34380633e-01,
         1.37148931e-03,  3.05381093e-01, -2.49443742e-02],
       [-2.85789091e-01,  7.31786893e-02, -1.96015996e-01,
        -4.08684836e-02,  5.00337593e-02, -9.39025161e-02,
         1.09860777e-01,  5.95293162e-02, -2.86731468e-01,
        -1.74234939e-01, -1.68348310e-01,  3.86583093e-02,
         1.16782530e-01,  3.41700682e-02,  7.19805403e-02,
         1.19614520e-02, -2.49443742e-02,  1.02903391e-01]])
      jac: array([ 3.84940228e-05,  2.15819955e-05, -6.31535565e-05, -1.36760233e-04,
        5.07371922e-07,  1.10919422e-04,  9.86396150e-06, -3.52569825e-06,
        3.01610588e-07, -5.00229487e-06,  2.31799765e-05, -2.20597614e-05,
       -3.49831275e-05,  2.21097215e-05, -6.26780109e-05,  7.05598543e-05,
       -3.91346215e-05,  9.42279588e-05])
  message: 'Desired error not necessarily achieved due to precision loss.'
     nfev: 2482
      nit: 73
     njev: 130
   status: 2
  success: False
        x: array([ 0.73840208, -0.74815754,  0.19317604,  1.28799745, -0.83688311,
       -0.03726282,  1.63039741, -1.12731448, -0.98451221, -0.01218268,
        0.52342804,  1.11158652,  0.04173   ,  0.19731548, -0.28083188,
       -1.20077865, -0.35029022,  0.02019547])
