Program Begingeth
      fun: 0.20493217703848743
 hess_inv: array([[ 2.15977699e+01, -1.12259595e+00,  8.12638431e-01,
         1.25162931e+00, -3.47556393e+00,  4.57089063e-01,
        -5.02081683e+00, -2.07639223e+01,  7.19810541e+00,
        -2.12452081e+01, -2.53601737e+01,  2.35446110e+01,
         1.39219310e+00,  2.04686135e+00, -5.34322870e+00,
         5.69770519e+00, -2.76771863e+00,  2.72246641e-01],
       [-1.12259595e+00,  1.86239379e+00,  2.30532378e-01,
        -1.83351166e-01,  4.48253703e-01, -4.70026747e-01,
        -9.58998042e-01,  2.57071922e+00, -1.54200530e+00,
         1.48108084e+00, -1.28594717e+00, -2.00570929e+00,
        -6.75341291e-02, -1.99626491e-01, -1.13414949e-02,
        -1.22930676e-01,  2.30752969e-02,  1.32471715e-03],
       [ 8.12638431e-01,  2.30532378e-01,  1.50301822e+00,
         2.58414236e-01,  2.11055606e-02,  1.48649400e-01,
         2.44835465e-02, -7.56345839e-01,  8.95158880e-01,
        -1.36612511e+00, -6.62137798e-01, -8.49266331e-01,
         3.01554592e-01, -3.68501201e-02, -4.22274947e-01,
         1.17958406e-01, -2.20496630e-01, -1.08437707e-01],
       [ 1.25162931e+00, -1.83351166e-01,  2.58414236e-01,
         4.11797543e-01, -2.93880215e-01,  5.14106624e-02,
         6.50546656e-01, -1.85741232e+00, -3.34677909e-02,
        -1.18986844e+00, -2.83067487e-01,  1.17678974e+00,
         2.06733591e-01, -1.13835595e-01, -3.15047578e-01,
         1.39982536e-01, -1.21999687e-01, -3.96379685e-03],
       [-3.47556393e+00,  4.48253703e-01,  2.11055606e-02,
        -2.93880215e-01,  9.39791383e-01, -1.47415533e-01,
         1.22958943e+00,  5.32497994e+00, -1.27760457e+00,
         3.21882135e+00,  3.86612089e+00, -4.15711786e+00,
        -2.99091969e-01, -1.18092962e-01,  8.92534626e-01,
        -9.15624050e-01,  4.91864078e-01,  6.71950981e-02],
       [ 4.57089063e-01, -4.70026747e-01,  1.48649400e-01,
         5.14106624e-02, -1.47415533e-01,  2.23265413e-01,
         7.20248276e-02, -9.82999493e-01,  9.36668106e-01,
        -7.13853494e-01, -1.30161590e-02,  5.93849923e-01,
         7.64277778e-02,  5.22450772e-02, -4.16320213e-02,
         8.65831190e-02, -9.15462500e-02, -7.73879634e-03],
       [-5.02081683e+00, -9.58998042e-01,  2.44835465e-02,
         6.50546656e-01,  1.22958943e+00,  7.20248276e-02,
         7.77121109e+00,  6.93712829e+00, -2.84994937e+00,
         4.60503824e+00,  1.13297741e+01, -5.94616763e+00,
        -3.77646065e-01, -5.77979615e-01,  1.68466630e+00,
        -2.18033961e+00,  1.08210988e+00,  1.79693622e-01],
       [-2.07639223e+01,  2.57071922e+00, -7.56345839e-01,
        -1.85741232e+00,  5.32497994e+00, -9.82999493e-01,
         6.93712829e+00,  3.22848149e+01, -8.44899455e+00,
         1.97468506e+01,  2.29879332e+01, -2.42248521e+01,
        -2.00867398e+00, -9.87147239e-01,  5.41274244e+00,
        -5.52171240e+00,  2.88388644e+00,  2.58129037e-01],
       [ 7.19810541e+00, -1.54200530e+00,  8.95158880e-01,
        -3.34677909e-02, -1.27760457e+00,  9.36668106e-01,
        -2.84994937e+00, -8.44899455e+00,  7.53090205e+00,
        -8.00303020e+00, -9.07664291e+00,  8.15583354e+00,
         5.34187478e-01,  1.14668893e+00, -1.75686252e+00,
         2.22435697e+00, -1.11866338e+00, -1.37162514e-02],
       [-2.12452081e+01,  1.48108084e+00, -1.36612511e+00,
        -1.18986844e+00,  3.21882135e+00, -7.13853494e-01,
         4.60503824e+00,  1.97468506e+01, -8.00303020e+00,
         2.18779384e+01,  2.42434961e+01, -2.25324714e+01,
        -1.40225878e+00, -2.12621783e+00,  5.11700165e+00,
        -5.43834608e+00,  2.77658530e+00, -3.20251215e-01],
       [-2.53601737e+01, -1.28594717e+00, -6.62137798e-01,
        -2.83067487e-01,  3.86612089e+00, -1.30161590e-02,
         1.13297741e+01,  2.29879332e+01, -9.07664291e+00,
         2.42434961e+01,  3.81903955e+01, -2.79707855e+01,
        -1.50457961e+00, -2.93987097e+00,  6.79346228e+00,
        -7.85660904e+00,  3.75516956e+00, -3.01311131e-01],
       [ 2.35446110e+01, -2.00570929e+00, -8.49266331e-01,
         1.17678974e+00, -4.15711786e+00,  5.93849923e-01,
        -5.94616763e+00, -2.42248521e+01,  8.15583354e+00,
        -2.25324714e+01, -2.79707855e+01,  2.87550804e+01,
         1.44454400e+00,  2.41256338e+00, -5.56225108e+00,
         6.51716971e+00, -2.95987209e+00,  5.14643439e-01],
       [ 1.39219310e+00, -6.75341291e-02,  3.01554592e-01,
         2.06733591e-01, -2.99091969e-01,  7.64277778e-02,
        -3.77646065e-01, -2.00867398e+00,  5.34187478e-01,
        -1.40225878e+00, -1.50457961e+00,  1.44454400e+00,
         2.37302102e-01,  3.81100372e-02, -4.05490901e-01,
         3.84396317e-01, -2.25515926e-01, -4.59464911e-03],
       [ 2.04686135e+00, -1.99626491e-01, -3.68501201e-02,
        -1.13835595e-01, -1.18092962e-01,  5.22450772e-02,
        -5.77979615e-01, -9.87147239e-01,  1.14668893e+00,
        -2.12621783e+00, -2.93987097e+00,  2.41256338e+00,
         3.81100372e-02,  5.23315781e-01, -4.59119199e-01,
         6.86144285e-01, -2.20105711e-01,  1.13230638e-01],
       [-5.34322870e+00, -1.13414949e-02, -4.22274947e-01,
        -3.15047578e-01,  8.92534626e-01, -4.16320213e-02,
         1.68466630e+00,  5.41274244e+00, -1.75686252e+00,
         5.11700165e+00,  6.79346228e+00, -5.56225108e+00,
        -4.05490901e-01, -4.59119199e-01,  1.47203639e+00,
        -1.48990770e+00,  7.24246260e-01,  2.55144863e-04],
       [ 5.69770519e+00, -1.22930676e-01,  1.17958406e-01,
         1.39982536e-01, -9.15624050e-01,  8.65831190e-02,
        -2.18033961e+00, -5.52171240e+00,  2.22435697e+00,
        -5.43834608e+00, -7.85660904e+00,  6.51716971e+00,
         3.84396317e-01,  6.86144285e-01, -1.48990770e+00,
         1.76195334e+00, -7.91081849e-01,  7.50656609e-02],
       [-2.76771863e+00,  2.30752969e-02, -2.20496630e-01,
        -1.21999687e-01,  4.91864078e-01, -9.15462500e-02,
         1.08210988e+00,  2.88388644e+00, -1.11866338e+00,
         2.77658530e+00,  3.75516956e+00, -2.95987209e+00,
        -2.25515926e-01, -2.20105711e-01,  7.24246260e-01,
        -7.91081849e-01,  4.57897604e-01, -2.65369714e-03],
       [ 2.72246641e-01,  1.32471715e-03, -1.08437707e-01,
        -3.96379685e-03,  6.71950981e-02, -7.73879634e-03,
         1.79693622e-01,  2.58129037e-01, -1.37162514e-02,
        -3.20251215e-01, -3.01311131e-01,  5.14643439e-01,
        -4.59464911e-03,  1.13230638e-01,  2.55144863e-04,
         7.50656609e-02, -2.65369714e-03,  1.06523830e-01]])
      jac: array([ 7.86037902e-07, -2.23524902e-07, -6.32272013e-07, -8.80406859e-07,
       -1.14667535e-06,  1.53358807e-06,  2.22044605e-09,  2.34997207e-08,
       -5.18104078e-08,  5.80276568e-07,  2.99020068e-07, -8.74300632e-07,
        8.83552491e-07,  2.44434103e-07, -1.37223566e-06,  1.90514271e-06,
       -1.60982339e-08,  2.64029539e-06])
  message: 'Optimization terminated successfully.'
     nfev: 2014
      nit: 91
     njev: 106
   status: 0
  success: True
        x: array([-0.48077253, -0.10371893,  0.44733051,  0.22033144, -0.84591692,
       -0.36650261,  0.94790477, -1.49207427, -0.46874839, -0.7629646 ,
        0.33976349, -0.01347362,  0.55612114, -0.02620397,  0.14679181,
        0.05161245,  1.03588389, -0.46653627])
