Program Begingeth
      fun: 0.2569075534867182
 hess_inv: array([[ 3.50212277e+00, -3.93505306e-01,  7.67249253e-01,
         1.53111920e+00, -2.24255929e-01,  3.29343035e-01,
         2.73565782e+00, -2.30704005e-01, -4.19379082e+00,
         3.93841707e-01, -5.39657741e-01,  2.17513752e-01,
        -2.56627042e-01,  2.02010594e-01,  6.56551652e-02,
        -6.64601091e-02,  1.74019256e-01, -2.48097044e-01],
       [-3.93505306e-01,  2.56256572e+00,  1.53291365e-01,
         9.18457740e-02,  1.12433911e+00, -5.06344334e-01,
         9.33507320e-01,  7.40051529e-01, -2.28199658e+00,
        -4.72260095e-01,  6.06285936e-01, -7.98017300e-01,
         4.01741983e-01, -2.38860625e-01, -2.07422898e-01,
         1.43529231e-01, -1.43115068e-01,  3.71840984e-02],
       [ 7.67249253e-01,  1.53291365e-01,  1.00140720e+00,
         3.61741042e-01,  1.61291632e-01,  3.86313843e-01,
         1.45566336e+00,  5.64076674e-01, -9.55772362e-01,
         9.95381998e-02,  1.66496258e-01, -2.81368332e-03,
        -4.23370839e-02,  1.12952829e-01, -2.56702871e-02,
         5.13446859e-02,  1.28290271e-01, -7.67227286e-02],
       [ 1.53111920e+00,  9.18457740e-02,  3.61741042e-01,
         7.56869882e-01,  1.47743167e-02,  9.98064695e-02,
         1.66054130e+00, -2.24395662e-01, -2.14256662e+00,
         1.72380925e-01, -2.06548703e-01,  2.80990242e-02,
        -3.00589491e-02,  5.18817824e-02,  2.29171253e-02,
         8.96523744e-03,  1.88107992e-02, -9.03416428e-02],
       [-2.24255929e-01,  1.12433911e+00,  1.61291632e-01,
         1.47743167e-02,  5.43163950e-01, -1.77966153e-01,
         4.87694301e-01,  6.35677867e-01, -8.59782372e-01,
        -2.27731002e-01,  3.05132706e-01, -2.88122624e-01,
         1.92287157e-01, -7.52971143e-02, -1.08968742e-01,
         9.13097913e-02, -4.65501571e-02,  1.76962033e-02],
       [ 3.29343035e-01, -5.06344334e-01,  3.86313843e-01,
         9.98064695e-02, -1.77966153e-01,  3.16270469e-01,
         3.47554486e-01,  2.03498961e-02,  4.35743559e-01,
         1.56949198e-01, -1.32478007e-01,  1.85024942e-01,
        -1.01091876e-01,  1.22722899e-01,  6.37795574e-02,
        -7.34306352e-03,  8.48154357e-02, -2.24615506e-02],
       [ 2.73565782e+00,  9.33507320e-01,  1.45566336e+00,
         1.66054130e+00,  4.87694301e-01,  3.47554486e-01,
         5.97474900e+00, -1.88890980e-01, -4.81078743e+00,
         4.19796425e-01, -1.28201873e-02,  5.50777331e-02,
         1.38330579e-01,  1.03406672e-01, -7.03566241e-02,
         1.70142087e-01, -1.25496898e-02, -1.75369336e-01],
       [-2.30704005e-01,  7.40051529e-01,  5.64076674e-01,
        -2.24395662e-01,  6.35677867e-01,  2.03498961e-02,
        -1.88890980e-01,  3.42400582e+00, -2.72169807e-01,
        -5.42252099e-01,  5.01784707e-01,  2.60633238e-02,
         7.69845210e-02,  8.44578491e-02, -2.31237148e-01,
         9.89985998e-02,  1.56832903e-01, -3.73423888e-02],
       [-4.19379082e+00, -2.28199658e+00, -9.55772362e-01,
        -2.14256662e+00, -8.59782372e-01,  4.35743559e-01,
        -4.81078743e+00, -2.72169807e-01,  1.01499170e+01,
        -2.65684848e-01, -1.84561530e-01,  6.32470757e-01,
        -1.06167713e-02,  1.57289682e-01,  2.61054788e-01,
        -9.42163598e-03,  3.80115715e-03,  3.70125119e-01],
       [ 3.93841707e-01, -4.72260095e-01,  9.95381998e-02,
         1.72380925e-01, -2.27731002e-01,  1.56949198e-01,
         4.19796425e-01, -5.42252099e-01, -2.65684848e-01,
         7.86062770e-01, -1.01546276e-01,  9.29423343e-02,
        -2.18095408e-01,  7.65645452e-03, -4.07128814e-02,
        -3.37484930e-02, -3.12995584e-02, -2.13993313e-01],
       [-5.39657741e-01,  6.06285936e-01,  1.66496258e-01,
        -2.06548703e-01,  3.05132706e-01, -1.32478007e-01,
        -1.28201873e-02,  5.01784707e-01, -1.84561530e-01,
        -1.01546276e-01,  6.83784139e-01, -2.45099372e-01,
         8.25071051e-02, -1.42035863e-01, -1.85598400e-01,
         5.48322618e-02, -1.09488794e-02, -7.47942529e-02],
       [ 2.17513752e-01, -7.98017300e-01, -2.81368332e-03,
         2.80990242e-02, -2.88122624e-01,  1.85024942e-01,
         5.50777331e-02,  2.60633238e-02,  6.32470757e-01,
         9.29423343e-02, -2.45099372e-01,  5.50003378e-01,
        -6.84659496e-02,  1.61487944e-01,  3.49047446e-02,
         2.67187201e-02,  9.03445239e-02,  2.00345091e-02],
       [-2.56627042e-01,  4.01741983e-01, -4.23370839e-02,
        -3.00589491e-02,  1.92287157e-01, -1.01091876e-01,
         1.38330579e-01,  7.69845210e-02, -1.06167713e-02,
        -2.18095408e-01,  8.25071051e-02, -6.84659496e-02,
         1.75710400e-01, -4.18408280e-02, -4.50305182e-03,
         8.39186754e-02, -5.84491221e-02,  8.72465197e-02],
       [ 2.02010594e-01, -2.38860625e-01,  1.12952829e-01,
         5.18817824e-02, -7.52971143e-02,  1.22722899e-01,
         1.03406672e-01,  8.44578491e-02,  1.57289682e-01,
         7.65645452e-03, -1.42035863e-01,  1.61487944e-01,
        -4.18408280e-02,  1.06843409e-01,  3.52027369e-02,
        -1.51026437e-03,  7.93013259e-02,  1.07196616e-02],
       [ 6.56551652e-02, -2.07422898e-01, -2.56702871e-02,
         2.29171253e-02, -1.08968742e-01,  6.37795574e-02,
        -7.03566241e-02, -2.31237148e-01,  2.61054788e-01,
        -4.07128814e-02, -1.85598400e-01,  3.49047446e-02,
        -4.50305182e-03,  3.52027369e-02,  9.91047814e-02,
        -1.96411687e-02, -5.74625644e-05,  7.12483485e-02],
       [-6.64601091e-02,  1.43529231e-01,  5.13446859e-02,
         8.96523744e-03,  9.13097913e-02, -7.34306352e-03,
         1.70142087e-01,  9.89985998e-02, -9.42163597e-03,
        -3.37484930e-02,  5.48322618e-02,  2.67187201e-02,
         8.39186754e-02, -1.51026436e-03, -1.96411687e-02,
         7.42010660e-02, -1.81080882e-02,  1.97586363e-02],
       [ 1.74019256e-01, -1.43115068e-01,  1.28290271e-01,
         1.88107992e-02, -4.65501571e-02,  8.48154357e-02,
        -1.25496898e-02,  1.56832903e-01,  3.80115715e-03,
        -3.12995584e-02, -1.09488794e-02,  9.03445239e-02,
        -5.84491221e-02,  7.93013259e-02, -5.74625639e-05,
        -1.81080882e-02,  1.04960288e-01, -1.41529429e-02],
       [-2.48097044e-01,  3.71840984e-02, -7.67227286e-02,
        -9.03416428e-02,  1.76962033e-02, -2.24615506e-02,
        -1.75369336e-01, -3.73423888e-02,  3.70125119e-01,
        -2.13993313e-01, -7.47942529e-02,  2.00345091e-02,
         8.72465197e-02,  1.07196616e-02,  7.12483485e-02,
         1.97586363e-02, -1.41529429e-02,  1.29300077e-01]])
      jac: array([ 5.27133892e-06,  8.68823532e-06,  1.28378789e-06, -1.01985087e-05,
       -2.43838283e-05, -1.44106949e-06,  5.51410769e-07,  1.87664699e-06,
        1.11392377e-07,  5.12367926e-06,  9.12566319e-06, -2.96540570e-06,
        8.98873568e-06,  4.73558230e-05, -1.65005047e-05, -1.35547129e-05,
       -3.58095035e-05,  1.76210898e-05])
  message: 'Desired error not necessarily achieved due to precision loss.'
     nfev: 2823
      nit: 85
     njev: 148
   status: 2
  success: False
        x: array([ 1.01936188, -1.20407216,  0.77914145,  1.27109592, -1.16167375,
        0.36555699,  2.22643265, -0.91616432,  0.83945676,  0.12075045,
        0.58540894,  1.2192292 ,  0.02237266,  0.21126166, -0.30221656,
       -1.04339224, -0.20867187, -0.02203797])
