Program Begingeth
      fun: 0.2782060869821457
 hess_inv: array([[ 3.43887865e+00,  7.96992357e-01,  3.21773214e+00,
         2.15787039e+00,  6.16441305e-01,  1.05686629e+00,
         6.17949238e+00,  3.09037409e+00, -3.98712857e+00,
         6.33052172e-02, -2.40481023e-02,  1.36587586e-01,
         4.42646523e-01, -1.18970227e-01,  2.42281723e-02,
         2.23240325e-01, -2.78765219e-01,  1.06093018e-01],
       [ 7.96992357e-01,  1.22434085e+00,  1.30579828e+00,
         5.18035645e-01,  6.81512271e-01,  5.01250510e-01,
         2.35090335e+00,  1.49173474e+00, -1.68305754e+00,
         2.92392464e-01, -1.16560322e-01,  1.76390016e-01,
        -1.36664192e-02,  8.44386218e-02,  4.00797096e-02,
         3.70393764e-02, -6.20959932e-03,  1.28593334e-02],
       [ 3.21773214e+00,  1.30579828e+00,  5.12207002e+00,
         2.21716405e+00,  9.40267171e-01,  2.04062806e+00,
         8.22401049e+00,  5.22844388e+00, -4.02367796e+00,
         2.30115995e-01, -5.35451834e-01,  1.12308047e-01,
         3.68610646e-01, -5.82146176e-02,  2.86704304e-01,
         1.45665882e-01, -2.97806216e-01,  2.07445588e-01],
       [ 2.15787039e+00,  5.18035645e-01,  2.21716405e+00,
         1.39252969e+00,  3.97603427e-01,  7.56651468e-01,
         4.27253044e+00,  2.13038009e+00, -2.48587139e+00,
         3.19254433e-02, -3.75624218e-02,  6.44938949e-02,
         2.88090204e-01, -9.18510883e-02,  4.13285656e-02,
         1.36838366e-01, -1.91900699e-01,  8.34568751e-02],
       [ 6.16441305e-01,  6.81512271e-01,  9.40267171e-01,
         3.97603427e-01,  4.24439912e-01,  3.69110502e-01,
         1.47063461e+00,  1.29552803e+00, -1.13231101e+00,
         1.57520995e-01, -1.19211567e-01,  1.13684967e-01,
         3.76580102e-02,  6.15716633e-02,  4.80623412e-02,
         4.54673409e-02, -1.77952706e-02,  2.85203159e-02],
       [ 1.05686629e+00,  5.01250510e-01,  2.04062806e+00,
         7.56651468e-01,  3.69110502e-01,  8.75600786e-01,
         2.95420157e+00,  2.19527662e+00, -1.22340494e+00,
         1.43379423e-01, -3.24897228e-01,  3.36289732e-02,
         1.10071972e-01,  5.96994558e-05,  1.58115380e-01,
         3.63212704e-02, -1.12185864e-01,  9.14339929e-02],
       [ 6.17949238e+00,  2.35090335e+00,  8.22401049e+00,
         4.27253044e+00,  1.47063461e+00,  2.95420157e+00,
         1.71969759e+01,  7.01759514e+00, -7.83737338e+00,
         2.72318290e-01, -5.58845509e-02,  9.83265745e-02,
         6.25199483e-01, -3.59078500e-01,  2.01614699e-01,
         2.33833794e-01, -5.31917295e-01,  2.62846734e-01],
       [ 3.09037409e+00,  1.49173474e+00,  5.22844388e+00,
         2.13038009e+00,  1.29552803e+00,  2.19527662e+00,
         7.01759514e+00,  8.28536766e+00, -4.27668462e+00,
         2.88599971e-01, -8.55581560e-01,  9.55811708e-02,
         4.39239948e-01,  1.01471494e-01,  5.05681400e-01,
         1.94953881e-01, -2.71761277e-01,  3.24274087e-01],
       [-3.98712857e+00, -1.68305754e+00, -4.02367796e+00,
        -2.48587139e+00, -1.13231101e+00, -1.22340494e+00,
        -7.83737338e+00, -4.27668462e+00,  6.76475686e+00,
         1.67754736e-02,  4.01344956e-02, -2.36326879e-01,
        -4.78297746e-01, -2.80395286e-02, -6.32109140e-02,
        -2.71843134e-01,  1.72628581e-01, -1.56869078e-01],
       [ 6.33052172e-02,  2.92392464e-01,  2.30115995e-01,
         3.19254433e-02,  1.57520995e-01,  1.43379423e-01,
         2.72318290e-01,  2.88599971e-01,  1.67754736e-02,
         7.39641962e-01, -1.29139084e-02, -2.01248770e-02,
        -1.95525195e-01,  1.23598137e-03, -9.23498821e-02,
        -2.82319582e-02, -2.38828689e-02, -1.96830581e-01],
       [-2.40481023e-02, -1.16560322e-01, -5.35451834e-01,
        -3.75624218e-02, -1.19211567e-01, -3.24897228e-01,
        -5.58845509e-02, -8.55581560e-01,  4.01344956e-02,
        -1.29139084e-02,  5.58318470e-01, -2.22070167e-02,
        -1.87667443e-02, -1.21470320e-01, -1.72236276e-01,
         4.60757584e-03,  1.44127708e-02, -1.09684152e-01],
       [ 1.36587586e-01,  1.76390016e-01,  1.12308047e-01,
         6.44938949e-02,  1.13684967e-01,  3.36289732e-02,
         9.83265745e-02,  9.55811708e-02, -2.36326879e-01,
        -2.01248770e-02, -2.22070167e-02,  2.76643375e-01,
         5.37582530e-02,  6.53892994e-02, -4.13531013e-02,
         6.67616576e-02,  3.99944902e-02,  2.23892984e-02],
       [ 4.42646523e-01, -1.36664192e-02,  3.68610646e-01,
         2.88090204e-01,  3.76580102e-02,  1.10071972e-01,
         6.25199483e-01,  4.39239948e-01, -4.78297746e-01,
        -1.95525195e-01, -1.87667443e-02,  5.37582530e-02,
         1.59007875e-01, -1.55436670e-02,  3.23034568e-02,
         7.80742065e-02, -4.60679945e-02,  7.69363966e-02],
       [-1.18970227e-01,  8.44386218e-02, -5.82146176e-02,
        -9.18510883e-02,  6.15716633e-02,  5.96994557e-05,
        -3.59078500e-01,  1.01471494e-01, -2.80395286e-02,
         1.23598137e-03, -1.21470320e-01,  6.53892994e-02,
        -1.55436670e-02,  8.74456183e-02,  2.57969530e-02,
         2.28701330e-03,  5.73353360e-02,  2.05399555e-02],
       [ 2.42281723e-02,  4.00797096e-02,  2.86704304e-01,
         4.13285656e-02,  4.80623412e-02,  1.58115380e-01,
         2.01614699e-01,  5.05681400e-01, -6.32109140e-02,
        -9.23498821e-02, -1.72236276e-01, -4.13531013e-02,
         3.23034568e-02,  2.57969530e-02,  1.14584805e-01,
        -8.02618063e-03, -1.21606435e-02,  8.80600950e-02],
       [ 2.23240325e-01,  3.70393764e-02,  1.45665882e-01,
         1.36838366e-01,  4.54673409e-02,  3.63212704e-02,
         2.33833794e-01,  1.94953881e-01, -2.71843134e-01,
        -2.82319582e-02,  4.60757584e-03,  6.67616576e-02,
         7.80742065e-02,  2.28701330e-03, -8.02618063e-03,
         6.48934963e-02, -1.83149373e-02,  1.70656758e-02],
       [-2.78765219e-01, -6.20959932e-03, -2.97806216e-01,
        -1.91900699e-01, -1.77952706e-02, -1.12185864e-01,
        -5.31917295e-01, -2.71761277e-01,  1.72628581e-01,
        -2.38828689e-02,  1.44127708e-02,  3.99944902e-02,
        -4.60679945e-02,  5.73353360e-02, -1.21606435e-02,
        -1.83149373e-02,  8.02283003e-02, -5.78722266e-03],
       [ 1.06093018e-01,  1.28593334e-02,  2.07445588e-01,
         8.34568751e-02,  2.85203159e-02,  9.14339929e-02,
         2.62846734e-01,  3.24274087e-01, -1.56869078e-01,
        -1.96830581e-01, -1.09684152e-01,  2.23892984e-02,
         7.69363966e-02,  2.05399555e-02,  8.80600950e-02,
         1.70656758e-02, -5.78722266e-03,  1.09875185e-01]])
      jac: array([ 1.48847601e-05,  1.97849145e-05,  1.79449048e-06, -2.83217894e-05,
       -4.03758508e-05, -7.84224537e-06,  1.47141558e-06,  3.87541851e-06,
        1.25566224e-06,  1.17480100e-05,  6.08772292e-07,  3.74145159e-07,
        1.11329464e-05, -1.12650630e-06, -2.48763972e-06, -9.31477118e-07,
        8.40808904e-06,  2.23591516e-05])
  message: 'Desired error not necessarily achieved due to precision loss.'
     nfev: 2841
      nit: 96
     njev: 149
   status: 2
  success: False
        x: array([ 1.99455739, -1.36805249, -0.58648685,  1.67276912, -1.39661517,
       -0.35526801,  1.2616452 , -1.92803466, -1.20613485,  0.09882276,
        0.50136137,  1.18501491,  0.03223681,  0.21812905, -0.29789138,
       -1.14733045, -0.05982345, -0.01385515])
