Program Begingeth
      fun: 0.2841909157331224
 hess_inv: array([[ 9.63488201e+00,  1.95169924e+00, -7.02024189e-01,
         2.29308792e+00,  1.22008954e+00, -7.74875709e-01,
         2.34569217e+00,  4.59237345e-01, -3.83763187e+00,
        -7.73513015e-01, -3.52878283e-01, -4.44079128e-01,
        -1.88854538e+00, -2.25991050e-01,  7.91950304e-02,
        -2.30421339e-01, -9.48794304e-01,  2.71865586e-01],
       [ 1.95169924e+00,  3.57198910e+00, -5.76754315e-02,
         1.38535201e-01,  1.29150802e+00, -2.13484025e-02,
        -6.86202450e-01,  2.49014483e+00,  3.95267932e-01,
        -2.01497306e-01, -3.05390471e-01, -1.22821649e+00,
        -4.91462646e-01, -4.63427032e-01,  3.25751739e-01,
         1.32970588e-01, -2.22920888e-01,  1.09029416e-01],
       [-7.02024189e-01, -5.76754315e-02,  7.39910200e+00,
         6.53844829e-01, -4.78605509e-01,  2.32296318e+00,
         7.59040976e+00, -3.75864648e+00,  3.05597444e+00,
         4.30293794e-01,  2.35863537e+00, -1.03090574e+00,
         3.60345562e-01, -5.39819439e-01, -7.16177149e-01,
         3.98617834e-02,  2.54345722e-01,  4.57663330e-02],
       [ 2.29308792e+00,  1.38535201e-01,  6.53844829e-01,
         7.47870252e-01,  1.49708394e-01,  8.27300477e-02,
         2.09456853e+00, -4.30405695e-01, -8.31737218e-01,
        -1.52482428e-01,  1.26934096e-01, -7.15132531e-02,
        -3.60529213e-01, -2.69744454e-02, -6.61972430e-02,
        -5.31898561e-02, -1.66910549e-01,  7.01299503e-02],
       [ 1.22008954e+00,  1.29150802e+00, -4.78605509e-01,
         1.49708394e-01,  5.71518316e-01, -1.63212689e-01,
        -4.16724724e-01,  1.43790508e+00, -2.76443213e-01,
        -2.08240890e-01, -2.58825331e-01, -3.21427458e-01,
        -2.74793649e-01, -1.05439716e-01,  1.62483809e-01,
         1.52550746e-02, -1.32735426e-01,  4.95794747e-02],
       [-7.74875709e-01, -2.13484025e-02,  2.32296318e+00,
         8.27300477e-02, -1.63212689e-01,  8.34130218e-01,
         2.43178961e+00, -8.73674886e-01,  1.44494934e+00,
         5.99498516e-02,  6.27198019e-01, -2.98534269e-01,
         2.55279706e-01, -1.43206545e-01, -1.69582065e-01,
         4.08847763e-02,  1.27170578e-01,  1.57732858e-03],
       [ 2.34569217e+00, -6.86202450e-01,  7.59040976e+00,
         2.09456853e+00, -4.16724724e-01,  2.43178961e+00,
         1.43294070e+01, -3.75876024e+00,  1.05747988e+00,
         1.96581483e-01,  1.63301803e+00, -5.56127123e-01,
         5.75674562e-02, -1.30239860e-01, -5.47002824e-01,
        -4.19958409e-02,  1.52123253e-01,  1.96529956e-01],
       [ 4.59237345e-01,  2.49014483e+00, -3.75864648e+00,
        -4.30405695e-01,  1.43790508e+00, -8.73674886e-01,
        -3.75876024e+00,  7.75019330e+00, -5.61659051e-01,
        -1.07064365e+00, -1.38589509e+00, -1.77054502e-01,
        -5.02748344e-02,  5.19065749e-02,  7.65400659e-01,
         1.10715487e-01, -1.71796786e-01, -1.15824194e-02],
       [-3.83763187e+00,  3.95267932e-01,  3.05597444e+00,
        -8.31737218e-01, -2.76443213e-01,  1.44494934e+00,
         1.05747988e+00, -5.61659051e-01,  5.51168609e+00,
         5.83958145e-02,  8.59291377e-01, -5.08491875e-01,
         8.02561689e-01, -3.85744241e-01, -2.00790274e-01,
         1.70031443e-01,  2.93984946e-01, -1.39608044e-01],
       [-7.73513015e-01, -2.01497306e-01,  4.30293794e-01,
        -1.52482428e-01, -2.08240890e-01,  5.99498516e-02,
         1.96581483e-01, -1.07064365e+00,  5.83958145e-02,
         1.03850207e+00,  2.53202282e-02,  2.00015767e-02,
        -6.36916224e-02,  3.88059820e-02, -1.61052268e-02,
         1.15910094e-02,  1.36621933e-01,  1.59049320e-01],
       [-3.52878283e-01, -3.05390471e-01,  2.35863537e+00,
         1.26934096e-01, -2.58825331e-01,  6.27198019e-01,
         1.63301803e+00, -1.38589509e+00,  8.59291377e-01,
         2.53202282e-02,  1.41186438e+00, -3.21321084e-01,
         1.44037282e-01, -2.97031843e-01, -4.23294999e-01,
        -1.78467765e-02,  7.17776383e-02, -1.13797176e-01],
       [-4.44079128e-01, -1.22821649e+00, -1.03090574e+00,
        -7.15132531e-02, -3.21427458e-01, -2.98534269e-01,
        -5.56127123e-01, -1.77054502e-01, -5.08491875e-01,
         2.00015767e-02, -3.21321084e-01,  8.99739395e-01,
         7.98302182e-02,  3.28440043e-01, -3.81712752e-02,
        -9.70120217e-02,  7.83358182e-02, -8.08739974e-03],
       [-1.88854538e+00, -4.91462646e-01,  3.60345562e-01,
        -3.60529213e-01, -2.74793649e-01,  2.55279706e-01,
         5.75674562e-02, -5.02748344e-02,  8.02561689e-01,
        -6.36916224e-02,  1.44037282e-01,  7.98302182e-02,
         4.94295991e-01,  5.02653995e-02, -3.77954293e-02,
         7.96428669e-02,  2.06938731e-01, -9.67851606e-02],
       [-2.25991050e-01, -4.63427032e-01, -5.39819439e-01,
        -2.69744454e-02, -1.05439716e-01, -1.43206545e-01,
        -1.30239860e-01,  5.19065749e-02, -3.85744241e-01,
         3.88059820e-02, -2.97031843e-01,  3.28440043e-01,
         5.02653995e-02,  1.93096286e-01,  4.93118247e-02,
        -2.52692644e-02,  6.01935127e-02,  2.03054614e-02],
       [ 7.91950304e-02,  3.25751739e-01, -7.16177149e-01,
        -6.61972430e-02,  1.62483809e-01, -1.69582065e-01,
        -5.47002824e-01,  7.65400659e-01, -2.00790274e-01,
        -1.61052268e-02, -4.23294999e-01, -3.81712752e-02,
        -3.77954293e-02,  4.93118247e-02,  1.88349070e-01,
         2.88477046e-02, -2.64334649e-02,  5.13211084e-02],
       [-2.30421339e-01,  1.32970588e-01,  3.98617834e-02,
        -5.31898561e-02,  1.52550746e-02,  4.08847763e-02,
        -4.19958409e-02,  1.10715487e-01,  1.70031443e-01,
         1.15910094e-02, -1.78467765e-02, -9.70120217e-02,
         7.96428669e-02, -2.52692644e-02,  2.88477046e-02,
         5.49321092e-02,  2.52524631e-02, -6.99879070e-03],
       [-9.48794304e-01, -2.22920888e-01,  2.54345722e-01,
        -1.66910549e-01, -1.32735426e-01,  1.27170578e-01,
         1.52123253e-01, -1.71796786e-01,  2.93984946e-01,
         1.36621933e-01,  7.17776383e-02,  7.83358182e-02,
         2.06938731e-01,  6.01935127e-02, -2.64334649e-02,
         2.52524631e-02,  1.47851939e-01, -1.27292529e-02],
       [ 2.71865586e-01,  1.09029416e-01,  4.57663330e-02,
         7.01299503e-02,  4.95794747e-02,  1.57732858e-03,
         1.96529956e-01, -1.15824194e-02, -1.39608044e-01,
         1.59049320e-01, -1.13797176e-01, -8.08739974e-03,
        -9.67851606e-02,  2.03054614e-02,  5.13211084e-02,
        -6.99879070e-03, -1.27292529e-02,  8.20444643e-02]])
      jac: array([ 1.07162427e-05,  6.35047570e-06,  6.56400860e-06, -2.05605903e-05,
       -2.43068528e-05, -1.85407245e-06, -8.11202957e-07,  3.06273525e-06,
        2.80516351e-07,  6.23723295e-06,  6.29533462e-06,  1.06429680e-05,
        1.85351734e-05,  6.32975154e-06,  2.57068441e-05, -4.91754785e-06,
       -5.37829041e-06, -1.03913174e-05])
  message: 'Desired error not necessarily achieved due to precision loss.'
     nfev: 2178
      nit: 73
     njev: 114
   status: 2
  success: False
        x: array([-0.64554067, -0.78091752,  0.0736982 , -1.26581493, -0.8546895 ,
       -0.07051653, -1.7307143 , -1.10399923, -1.0178429 ,  0.14776148,
        0.45650663,  1.09655398,  0.07370027,  0.19054583, -0.25327132,
        1.41764695, -0.36035829,  0.02792882])
