Program Begingeth
      fun: 0.34214701828212807
 hess_inv: array([[ 7.47123476e+00,  9.68716038e-01, -1.12802908e-01,
         3.36375563e+00,  7.93626637e-01, -1.15478916e+00,
         1.63944252e+01,  5.53554374e+00, -5.88791549e+00,
         6.65387087e-01,  9.97819565e-01, -1.37054048e+00,
        -1.00279817e+00, -7.08603309e-01, -2.46971745e-01,
         4.28539789e-02, -6.96538316e-01,  2.13110336e-01],
       [ 9.68716038e-01,  2.26460236e+00, -3.05861994e-03,
         4.75026305e-01,  1.07389823e+00, -2.17192662e-01,
         2.53669893e+00,  7.87498513e-01,  1.26890164e+00,
         9.25189526e-01,  3.86906115e-01, -1.80597272e-01,
        -3.65315358e-01, -4.66365940e-02, -1.84587142e-01,
        -8.76486731e-02, -3.08566912e-02,  1.12253592e-01],
       [-1.12802908e-01, -3.05861994e-03,  1.44457867e+00,
         4.40897450e-02, -6.75154339e-02,  6.97874440e-01,
        -7.76422819e-01, -2.30360526e+00, -1.06530925e-01,
         1.81798629e-01, -1.31047888e-01,  3.09901765e-01,
         9.41485472e-02,  2.09668056e-01,  4.53223779e-02,
        -1.66783349e-02,  1.22805134e-01,  2.91367502e-02],
       [ 3.36375563e+00,  4.75026305e-01,  4.40897450e-02,
         1.53681363e+00,  3.75635663e-01, -4.76884481e-01,
         7.58461649e+00,  2.31208688e+00, -2.55051680e+00,
         2.99559203e-01,  4.82112774e-01, -5.77778574e-01,
        -4.44482106e-01, -3.09100333e-01, -1.23145607e-01,
         1.99173483e-02, -3.08362143e-01,  9.65040337e-02],
       [ 7.93626637e-01,  1.07389823e+00, -6.75154339e-02,
         3.75635663e-01,  6.35112074e-01, -2.29723574e-01,
         4.43166251e+00,  1.80132355e+00,  4.55133512e-01,
         3.77521361e-01,  3.14629984e-01, -3.06251626e-01,
        -3.82114760e-01, -1.25258811e-01, -8.01785627e-02,
        -5.98095015e-02, -1.56971648e-01,  1.17271743e-01],
       [-1.15478916e+00, -2.17192662e-01,  6.97874440e-01,
        -4.76884481e-01, -2.29723574e-01,  5.45591524e-01,
        -4.07862018e+00, -2.37650956e+00,  8.50207833e-01,
        -8.90884126e-02, -2.64528026e-01,  4.05842217e-01,
         3.07134291e-01,  2.36514983e-01,  6.23724581e-02,
         4.50217668e-03,  2.14560592e-01, -5.29196971e-02],
       [ 1.63944252e+01,  2.53669893e+00, -7.76422819e-01,
         7.58461649e+00,  4.43166251e+00, -4.07862018e+00,
         1.02125628e+02,  3.74471641e+01, -9.45699134e+00,
         9.36006393e-02,  4.46639706e+00, -6.58686245e+00,
        -6.56514256e+00, -3.38887876e+00, -1.78203508e-01,
        -4.44874452e-01, -4.50292264e+00,  2.00508453e+00],
       [ 5.53554374e+00,  7.87498513e-01, -2.30360526e+00,
         2.31208688e+00,  1.80132355e+00, -2.37650956e+00,
         3.74471641e+01,  2.21043988e+01, -1.83223595e+00,
        -2.70601157e-01,  1.65204930e+00, -4.01242419e+00,
        -2.48864682e+00, -1.62445107e+00,  1.31499108e-01,
         3.86065471e-03, -1.70860914e+00,  7.10794143e-01],
       [-5.88791549e+00,  1.26890164e+00, -1.06530925e-01,
        -2.55051680e+00,  4.55133512e-01,  8.50207833e-01,
        -9.45699134e+00, -1.83223595e+00,  1.25621802e+01,
        -6.08907812e-01,  1.15197648e+00,  2.35027431e-01,
         5.96280387e-01,  1.52924303e-01, -1.42789909e-01,
        -1.36937772e-01,  5.06459058e-01, -1.74170984e-01],
       [ 6.65387087e-01,  9.25189526e-01,  1.81798629e-01,
         2.99559203e-01,  3.77521361e-01, -8.90884126e-02,
         9.36006393e-02, -2.70601157e-01, -6.08907812e-01,
         1.65100288e+00, -1.70415372e-01,  6.98914075e-02,
        -3.65815042e-01,  1.06672570e-01,  4.41174854e-02,
        -3.11704951e-02,  8.72665700e-02,  2.62144995e-01],
       [ 9.97819565e-01,  3.86906115e-01, -1.31047888e-01,
         4.82112774e-01,  3.14629984e-01, -2.64528026e-01,
         4.46639706e+00,  1.65204930e+00,  1.15197648e+00,
        -1.70415372e-01,  1.18226497e+00, -4.19941685e-01,
        -2.40598241e-01, -3.46118191e-01, -2.27367620e-01,
        -5.36211044e-02, -1.74653130e-01, -5.13378494e-02],
       [-1.37054048e+00, -1.80597272e-01,  3.09901765e-01,
        -5.77778574e-01, -3.06251626e-01,  4.05842217e-01,
        -6.58686245e+00, -4.01242419e+00,  2.35027431e-01,
         6.98914075e-02, -4.19941685e-01,  1.09416393e+00,
         3.96548563e-01,  3.62596943e-01, -5.13718015e-02,
        -4.57817944e-02,  3.21895723e-01, -9.52255191e-02],
       [-1.00279817e+00, -3.65315358e-01,  9.41485472e-02,
        -4.44482106e-01, -3.82114760e-01,  3.07134291e-01,
        -6.56514256e+00, -2.48864682e+00,  5.96280387e-01,
        -3.65815042e-01, -2.40598241e-01,  3.96548563e-01,
         5.50043140e-01,  1.97462959e-01, -4.51893604e-03,
         6.93704101e-02,  2.85123749e-01, -1.98258859e-01],
       [-7.08603309e-01, -4.66365940e-02,  2.09668056e-01,
        -3.09100333e-01, -1.25258811e-01,  2.36514983e-01,
        -3.38887876e+00, -1.62445107e+00,  1.52924303e-01,
         1.06672570e-01, -3.46118191e-01,  3.62596943e-01,
         1.97462959e-01,  2.12373324e-01,  4.00034789e-02,
         3.45019079e-03,  1.82260740e-01, -2.19835540e-02],
       [-2.46971745e-01, -1.84587142e-01,  4.53223779e-02,
        -1.23145607e-01, -8.01785627e-02,  6.23724581e-02,
        -1.78203508e-01,  1.31499108e-01, -1.42789909e-01,
         4.41174854e-02, -2.27367620e-01, -5.13718015e-02,
        -4.51893604e-03,  4.00034789e-02,  1.07207614e-01,
         1.83279786e-02, -4.99213032e-05,  5.93499217e-02],
       [ 4.28539789e-02, -8.76486731e-02, -1.66783349e-02,
         1.99173483e-02, -5.98095015e-02,  4.50217668e-03,
        -4.44874452e-01,  3.86065471e-03, -1.36937772e-01,
        -3.11704951e-02, -5.36211044e-02, -4.57817944e-02,
         6.93704101e-02,  3.45019079e-03,  1.83279786e-02,
         4.63812611e-02,  2.08947833e-02, -1.70892963e-02],
       [-6.96538316e-01, -3.08566912e-02,  1.22805134e-01,
        -3.08362143e-01, -1.56971648e-01,  2.14560592e-01,
        -4.50292264e+00, -1.70860914e+00,  5.06459058e-01,
         8.72665700e-02, -1.74653130e-01,  3.21895723e-01,
         2.85123749e-01,  1.82260740e-01, -4.99213032e-05,
         2.08947833e-02,  2.40915664e-01, -7.76742598e-02],
       [ 2.13110336e-01,  1.12253592e-01,  2.91367502e-02,
         9.65040337e-02,  1.17271743e-01, -5.29196971e-02,
         2.00508453e+00,  7.10794143e-01, -1.74170984e-01,
         2.62144995e-01, -5.13378494e-02, -9.52255191e-02,
        -1.98258859e-01, -2.19835540e-02,  5.93499217e-02,
        -1.70892963e-02, -7.76742598e-02,  1.29495572e-01]])
      jac: array([ 4.25215418e-07,  2.08647914e-06,  1.11466392e-06, -1.34225964e-06,
       -5.23470156e-06, -2.60088247e-06,  1.34707060e-07,  2.01320442e-07,
        1.56541446e-07, -2.14643118e-08,  7.02401100e-07, -1.24715053e-07,
        2.81256500e-07,  3.82064750e-06,  9.62193288e-08, -2.35367281e-07,
       -1.83630888e-06,  5.08852220e-07])
  message: 'Optimization terminated successfully.'
     nfev: 1596
      nit: 75
     njev: 84
   status: 0
  success: True
        x: array([-1.72006707, -0.98676823,  0.58738564, -1.62670246, -1.03434082,
        0.28517727, -0.18412685, -1.32869773,  0.70938848,  0.13957534,
        0.41508862,  1.10881503,  0.13577601,  0.1405943 , -0.22978108,
        1.55514311, -0.37859108,  0.03315321])
