Program Begingeth
      fun: 0.30644179447392605
 hess_inv: array([[ 1.62634574e+01,  4.41331824e+00,  4.15127053e+00,
         4.43865550e+00,  2.79626568e+00,  9.10908074e-01,
         8.36472772e+00, -2.28432118e-01, -4.17625845e+00,
        -1.03400621e+00,  1.20468870e-01, -5.67493866e-01,
        -2.71064216e+00, -4.25745710e-01, -6.49734149e-02,
        -1.56528463e-02, -1.89849140e+00,  4.85158956e-01],
       [ 4.41331824e+00,  3.91643647e+00,  1.29119316e+00,
         9.55506972e-01,  1.77458536e+00,  4.91849228e-01,
         1.82691446e+00,  1.81273258e+00, -7.33275287e-02,
        -5.02323970e-01, -7.40897906e-02, -8.33035719e-01,
        -8.11490563e-01, -2.85383594e-01,  2.83203439e-01,
         1.27516713e-01, -4.37572888e-01,  1.99258297e-01],
       [ 4.15127053e+00,  1.29119316e+00,  6.27287645e+00,
         1.70391042e+00,  3.28670248e-01,  2.07112128e+00,
         7.58265667e+00, -2.81159872e+00,  8.18715600e-01,
        -6.45808447e-02,  9.41455375e-01, -4.79938537e-01,
        -4.48624475e-01, -5.02853977e-01, -1.76228683e-01,
         1.25777109e-01, -3.81953375e-01,  4.57434380e-01],
       [ 4.43865550e+00,  9.55506972e-01,  1.70391042e+00,
         1.40324935e+00,  6.21872269e-01,  4.52290732e-01,
         3.49576527e+00, -4.52896644e-01, -1.15478172e+00,
        -2.41844833e-01,  9.48410243e-02, -7.08926802e-02,
        -6.23335622e-01, -9.01307699e-02, -5.12138681e-02,
         2.13886072e-02, -4.45910320e-01,  1.58658868e-01],
       [ 2.79626568e+00,  1.77458536e+00,  3.28670248e-01,
         6.21872269e-01,  9.59504031e-01,  1.14077509e-01,
         8.07228487e-01,  1.30808936e+00, -4.73377401e-01,
        -3.53464204e-01, -1.16117561e-01, -2.67409940e-01,
        -5.10977191e-01, -6.95457499e-02,  1.26259444e-01,
         1.72071651e-02, -3.07680749e-01,  8.06962604e-02],
       [ 9.10908074e-01,  4.91849228e-01,  2.07112128e+00,
         4.52290732e-01,  1.14077509e-01,  7.89300801e-01,
         2.47649569e+00, -5.75477161e-01,  7.50933830e-01,
        -1.38668056e-01,  2.04984523e-01, -1.75932887e-01,
        -1.85879296e-02, -1.45389602e-01,  8.82377271e-03,
         7.13732353e-02, -6.62300577e-02,  1.39707825e-01],
       [ 8.36472772e+00,  1.82691446e+00,  7.58265667e+00,
         3.49576527e+00,  8.07228487e-01,  2.47649569e+00,
         1.41101060e+01, -3.08078628e+00, -1.04935064e+00,
        -1.52218446e-01,  6.13878484e-01, -2.60648850e-01,
        -8.16431658e-01, -3.10308176e-01, -1.32507320e-01,
         1.64710497e-01, -5.84121118e-01,  6.00470531e-01],
       [-2.28432118e-01,  1.81273258e+00, -2.81159872e+00,
        -4.52896644e-01,  1.30808936e+00, -5.75477161e-01,
        -3.08078628e+00,  6.78072299e+00,  1.24159400e-01,
        -9.83120768e-01, -7.36668014e-01, -6.12358373e-02,
         1.03628095e-01,  2.62875819e-01,  4.81849483e-01,
         4.96626976e-02,  2.73574412e-02, -1.75487222e-01],
       [-4.17625845e+00, -7.33275287e-02,  8.18715600e-01,
        -1.15478172e+00, -4.73377401e-01,  7.50933830e-01,
        -1.04935064e+00,  1.24159400e-01,  4.42940171e+00,
        -1.45271828e-01,  1.69684813e-01, -2.00548521e-01,
         7.66055375e-01, -2.12251929e-01,  7.45286340e-02,
         1.13313402e-01,  3.85142172e-01, -1.00279950e-01],
       [-1.03400621e+00, -5.02323970e-01, -6.45808447e-02,
        -2.41844833e-01, -3.53464204e-01, -1.38668056e-01,
        -1.52218446e-01, -9.83120768e-01, -1.45271828e-01,
         8.29785015e-01,  5.05766042e-02,  8.56364742e-02,
         9.50835616e-03,  3.19327733e-02, -2.74451793e-02,
        -1.56804015e-02,  1.66861850e-01,  1.27218070e-01],
       [ 1.20468870e-01, -7.40897906e-02,  9.41455375e-01,
         9.48410243e-02, -1.16117561e-01,  2.04984523e-01,
         6.13878484e-01, -7.36668014e-01,  1.69684813e-01,
         5.05766042e-02,  7.25686867e-01, -8.00472138e-02,
        -2.25572401e-02, -2.21265108e-01, -2.05748802e-01,
        -1.85348137e-02, -3.50232678e-02, -3.56386656e-02],
       [-5.67493866e-01, -8.33035719e-01, -4.79938537e-01,
        -7.08926802e-02, -2.67409940e-01, -1.75932887e-01,
        -2.60648850e-01, -6.12358373e-02, -2.00548521e-01,
         8.56364742e-02, -8.00472138e-02,  5.13459137e-01,
         1.08946981e-01,  1.76253887e-01, -1.00988600e-01,
        -8.04369005e-02,  1.08984115e-01, -3.98787034e-02],
       [-2.71064216e+00, -8.11490563e-01, -4.48624475e-01,
        -6.23335622e-01, -5.10977191e-01, -1.85879296e-02,
        -8.16431658e-01,  1.03628095e-01,  7.66055375e-01,
         9.50835616e-03, -2.25572401e-02,  1.08946981e-01,
         6.06172794e-01,  9.13493049e-02,  1.66658000e-02,
         6.29337682e-02,  3.68648123e-01, -1.04959112e-01],
       [-4.25745710e-01, -2.85383594e-01, -5.02853977e-01,
        -9.01307699e-02, -6.95457499e-02, -1.45389602e-01,
        -3.10308176e-01,  2.62875819e-01, -2.12251929e-01,
         3.19327733e-02, -2.21265108e-01,  1.76253887e-01,
         9.13493049e-02,  1.53337541e-01,  3.39908806e-02,
        -1.59006707e-02,  1.01254113e-01, -8.68299042e-03],
       [-6.49734149e-02,  2.83203439e-01, -1.76228683e-01,
        -5.12138681e-02,  1.26259444e-01,  8.82377271e-03,
        -1.32507320e-01,  4.81849483e-01,  7.45286340e-02,
        -2.74451793e-02, -2.05748802e-01, -1.00988600e-01,
         1.66658000e-02,  3.39908806e-02,  1.31246879e-01,
         3.63177635e-02,  1.73886994e-02,  4.37208845e-02],
       [-1.56528463e-02,  1.27516713e-01,  1.25777109e-01,
         2.13886072e-02,  1.72071651e-02,  7.13732353e-02,
         1.64710497e-01,  4.96626976e-02,  1.13313402e-01,
        -1.56804015e-02, -1.85348137e-02, -8.04369005e-02,
         6.29337682e-02, -1.59006707e-02,  3.63177635e-02,
         6.33271696e-02,  2.54918083e-02,  1.10233083e-02],
       [-1.89849140e+00, -4.37572888e-01, -3.81953375e-01,
        -4.45910320e-01, -3.07680749e-01, -6.62300577e-02,
        -5.84121118e-01,  2.73574412e-02,  3.85142172e-01,
         1.66861850e-01, -3.50232678e-02,  1.08984115e-01,
         3.68648123e-01,  1.01254113e-01,  1.73886994e-02,
         2.54918083e-02,  3.08367033e-01, -3.57982970e-02],
       [ 4.85158956e-01,  1.99258297e-01,  4.57434380e-01,
         1.58658868e-01,  8.06962604e-02,  1.39707825e-01,
         6.00470531e-01, -1.75487222e-01, -1.00279950e-01,
         1.27218070e-01, -3.56386656e-02, -3.98787034e-02,
        -1.04959112e-01, -8.68299042e-03,  4.37208845e-02,
         1.10233083e-02, -3.57982970e-02,  1.11850985e-01]])
      jac: array([-2.64640162e-06,  1.10652228e-06, -2.36107430e-07,  7.66386954e-06,
       -2.33146835e-06,  1.43847897e-06, -5.18474153e-07,  4.17813932e-07,
       -3.85247390e-07, -4.35577500e-07, -1.44958120e-06, -3.91908728e-07,
       -2.85808414e-06, -1.35743268e-06, -2.70302299e-06, -7.03141249e-09,
       -9.18894590e-07, -1.65423231e-07])
  message: 'Optimization terminated successfully.'
     nfev: 1501
      nit: 71
     njev: 79
   status: 0
  success: True
        x: array([-0.49861251, -1.04088272, -0.11850711, -1.07429236, -1.02059029,
       -0.15754755, -1.75156204, -1.27631134, -1.08139273,  0.10359585,
        0.43996175,  1.20900973,  0.05613236,  0.10588191, -0.30286284,
        1.21627863, -0.58919596, -0.00422121])
