Program Begingeth
      fun: 0.379280027725709
 hess_inv: array([[ 1.12023656e+01,  1.04345840e+00,  2.31811447e+00,
         3.41267111e+00,  2.87985212e-01,  3.07096251e+00,
        -6.74629528e+00,  3.23222653e+00,  1.34975701e+01,
        -2.86512199e-01, -2.02600767e+00,  2.47964530e-01,
        -1.14475548e+00,  5.34567017e-01,  9.67337726e-01,
        -5.26575106e-01,  6.41828506e-01, -2.14213538e-01],
       [ 1.04345840e+00,  7.94048961e+00,  2.25307306e+00,
         2.00859906e-01,  3.43858672e+00,  1.36188667e+00,
        -1.24689359e+01,  2.49572911e+00,  1.22712095e+01,
        -7.65121404e-01, -2.34404163e-01, -1.86210986e+00,
         8.09355192e-01, -3.75308167e-01,  1.02734408e-01,
         3.87895161e-02, -5.17506421e-01,  1.55908352e-01],
       [ 2.31811447e+00,  2.25307306e+00,  3.20259423e+00,
         3.56785683e-01,  8.41440159e-01,  1.70189958e+00,
        -6.32574319e+00, -1.61046714e+00,  6.33552732e+00,
        -2.29697235e-01,  4.32823559e-01, -5.58490607e-01,
        -1.34666675e-01, -3.56362882e-02, -3.55599402e-02,
         3.84840175e-03,  6.82360852e-02, -1.18238009e-01],
       [ 3.41267111e+00,  2.00859906e-01,  3.56785683e-01,
         1.13761264e+00,  2.18664509e-02,  7.83908854e-01,
        -9.81619216e-01,  1.26958553e+00,  3.77442542e+00,
        -1.40496855e-01, -7.33234399e-01,  5.33962660e-02,
        -3.20206802e-01,  1.54504396e-01,  3.44337643e-01,
        -1.68945490e-01,  1.99532092e-01, -2.82401837e-02],
       [ 2.87985212e-01,  3.43858672e+00,  8.41440159e-01,
         2.18664509e-02,  1.62829753e+00,  5.50101304e-01,
        -6.44596757e+00,  1.91517943e+00,  5.13408570e+00,
        -1.95086730e-01, -1.62919936e-01, -7.18920621e-01,
         4.30217222e-01, -1.19366600e-01,  6.08942007e-02,
         6.57197216e-02, -2.97129113e-01,  7.76835951e-02],
       [ 3.07096251e+00,  1.36188667e+00,  1.70189958e+00,
         7.83908854e-01,  5.50101304e-01,  1.34057660e+00,
        -4.67565758e+00,  4.55470785e-01,  5.80268193e+00,
        -2.65124087e-02, -3.35266818e-01, -1.80983032e-01,
        -2.58933646e-01,  9.46600519e-02,  2.17806558e-01,
        -1.09308645e-01,  9.86388442e-02, -7.09402778e-02],
       [-6.74629528e+00, -1.24689359e+01, -6.32574319e+00,
        -9.81619216e-01, -6.44596757e+00, -4.67565758e+00,
         4.06234839e+01, -8.63703917e+00, -2.71994519e+01,
        -2.31863508e-01,  1.02346080e+00,  1.76802847e+00,
        -1.04922221e+00,  4.57800803e-02, -4.82658328e-01,
        -2.53372603e-01,  1.29079989e+00,  9.69338370e-02],
       [ 3.23222653e+00,  2.49572911e+00, -1.61046714e+00,
         1.26958553e+00,  1.91517943e+00,  4.55470785e-01,
        -8.63703917e+00,  1.16061248e+01,  6.48798090e+00,
         5.30791485e-01, -1.93678765e+00, -2.00973003e-01,
         2.72292680e-01,  2.71919258e-01,  8.75802284e-01,
        -1.61664622e-01, -3.35136105e-01,  2.04412131e-01],
       [ 1.34975701e+01,  1.22712095e+01,  6.33552732e+00,
         3.77442542e+00,  5.13408570e+00,  5.80268193e+00,
        -2.71994519e+01,  6.48798090e+00,  3.60206569e+01,
        -8.67405017e-01, -2.15782151e+00, -2.12451875e+00,
        -2.17654021e-01, -1.26813868e-01,  1.15265266e+00,
        -5.27453484e-01, -2.18017097e-01, -4.49959345e-03],
       [-2.86512199e-01, -7.65121404e-01, -2.29697235e-01,
        -1.40496855e-01, -1.95086730e-01, -2.65124087e-02,
        -2.31863508e-01,  5.30791485e-01, -8.67405017e-01,
         1.02156930e+00,  1.27752253e-01,  2.51079094e-01,
        -2.24373943e-01,  9.73707815e-03, -5.60734336e-02,
         6.26901027e-03, -7.51724933e-02, -1.80439157e-01],
       [-2.02600767e+00, -2.34404163e-01,  4.32823559e-01,
        -7.33234399e-01, -1.62919936e-01, -3.35266818e-01,
         1.02346080e+00, -1.93678765e+00, -2.15782151e+00,
         1.27752253e-01,  1.33917049e+00, -2.02681829e-01,
         1.20265521e-01, -2.90551259e-01, -4.23306693e-01,
         1.43935004e-01, -9.15298005e-02, -1.46644538e-01],
       [ 2.47964530e-01, -1.86210986e+00, -5.58490607e-01,
         5.33962660e-02, -7.18920621e-01, -1.80983032e-01,
         1.76802847e+00, -2.00973003e-01, -2.12451875e+00,
         2.51079094e-01, -2.02681829e-01,  8.90502074e-01,
        -2.10724947e-01,  2.26781798e-01, -2.69037855e-02,
         2.22185747e-02,  1.53690678e-01, -3.79254854e-02],
       [-1.14475548e+00,  8.09355192e-01, -1.34666675e-01,
        -3.20206802e-01,  4.30217222e-01, -2.58933646e-01,
        -1.04922221e+00,  2.72292680e-01, -2.17654021e-01,
        -2.24373943e-01,  1.20265521e-01, -2.10724947e-01,
         3.79781880e-01, -9.18526208e-02, -6.68233626e-02,
         1.39401062e-01, -1.91833320e-01,  1.02424964e-01],
       [ 5.34567017e-01, -3.75308167e-01, -3.56362882e-02,
         1.54504396e-01, -1.19366600e-01,  9.46600519e-02,
         4.57800803e-02,  2.71919258e-01, -1.26813868e-01,
         9.73707815e-03, -2.90551259e-01,  2.26781798e-01,
        -9.18526208e-02,  1.54473285e-01,  7.61900979e-02,
        -2.34203140e-02,  9.90172248e-02,  1.47803975e-02],
       [ 9.67337726e-01,  1.02734408e-01, -3.55599402e-02,
         3.44337643e-01,  6.08942007e-02,  2.17806558e-01,
        -4.82658328e-01,  8.75802284e-01,  1.15265266e+00,
        -5.60734336e-02, -4.23306693e-01, -2.69037855e-02,
        -6.68233626e-02,  7.61900979e-02,  2.05527918e-01,
        -7.15862268e-02,  3.40340648e-02,  6.41124014e-02],
       [-5.26575106e-01,  3.87895161e-02,  3.84840175e-03,
        -1.68945490e-01,  6.57197216e-02, -1.09308645e-01,
        -2.53372603e-01, -1.61664622e-01, -5.27453484e-01,
         6.26901027e-03,  1.43935004e-01,  2.22185747e-02,
         1.39401062e-01, -2.34203140e-02, -7.15862268e-02,
         1.05171251e-01, -7.09953560e-02,  1.04353267e-02],
       [ 6.41828506e-01, -5.17506421e-01,  6.82360852e-02,
         1.99532092e-01, -2.97129113e-01,  9.86388442e-02,
         1.29079989e+00, -3.35136105e-01, -2.18017097e-01,
        -7.51724933e-02, -9.15298005e-02,  1.53690678e-01,
        -1.91833320e-01,  9.90172248e-02,  3.40340648e-02,
        -7.09953560e-02,  1.93055998e-01, -2.21869316e-02],
       [-2.14213538e-01,  1.55908352e-01, -1.18238009e-01,
        -2.82401837e-02,  7.76835951e-02, -7.09402778e-02,
         9.69338370e-02,  2.04412131e-01, -4.49959345e-03,
        -1.80439157e-01, -1.46644538e-01, -3.79254854e-02,
         1.02424964e-01,  1.47803975e-02,  6.41124014e-02,
         1.04353267e-02, -2.21869316e-02,  1.09889851e-01]])
      jac: array([-6.14693481e-07, -1.11392377e-06, -1.31080332e-06,  7.74195523e-07,
        2.21563508e-06,  3.24666220e-06, -1.55431223e-08, -1.02880667e-07,
       -1.49510034e-07, -4.04121181e-07, -5.29576383e-07, -8.37108161e-07,
       -8.97430278e-07, -1.82002561e-06, -2.33405887e-06,  4.17813932e-07,
        1.01955481e-06,  1.12576615e-06])
  message: 'Optimization terminated successfully.'
     nfev: 1653
      nit: 77
     njev: 87
   status: 0
  success: True
        x: array([ 9.84902633e-01, -1.12281033e+00,  5.41276431e-01,  1.28066379e+00,
       -1.14209391e+00,  1.57518791e-01,  7.55616978e-01, -1.95523597e+00,
       -2.94858159e-01, -2.11522403e-03,  4.59212952e-01,  1.15364380e+00,
       -2.21674681e-02, -4.85036871e-04, -3.13278840e-01, -1.21259736e+00,
       -7.30173664e-01, -1.55357533e-02])
