Program Begingeth
      fun: 0.33781741226468315
 hess_inv: array([[ 3.66758447e+00, -3.09888952e-01,  2.85564580e-01,
         5.84041242e-01, -2.93657910e-01,  4.64468509e-01,
         1.51786949e+00,  1.90388881e+00,  8.50219097e-01,
         2.03054117e+00, -1.12840553e+00, -3.78546135e-01,
        -1.29779308e+00,  1.03722231e-01,  1.52281275e-01,
         2.64492661e-01,  2.02535474e-01, -2.98809434e-01],
       [-3.09888952e-01,  2.95444245e+00, -1.19738439e+00,
        -9.54198563e-01, -3.94714526e-01, -7.52933055e-01,
         5.07206076e+00, -1.54949474e+00, -5.56867748e-01,
        -4.03837576e+00, -1.63972386e+00, -6.37609123e-01,
         1.00511301e-01, -1.25455318e+00, -4.79119128e-01,
         5.16413674e-01, -1.41174566e-01, -5.81500092e-01],
       [ 2.85564580e-01, -1.19738439e+00,  1.18164639e+00,
         5.35384481e-01,  2.51879621e-01,  2.62819712e-01,
        -2.48431496e+00,  8.44476629e-01, -3.84855683e-01,
         2.31420419e+00,  8.64218497e-01, -2.36243134e-01,
        -8.78524926e-02,  5.87895129e-01, -1.67526437e-02,
        -2.20222756e-01,  1.25624354e-01,  1.91223040e-01],
       [ 5.84041242e-01, -9.54198563e-01,  5.35384481e-01,
         7.07662362e-01,  1.02750252e-01,  3.51351325e-01,
        -9.10531458e-01,  2.73150415e-01,  2.43976931e-01,
         2.72246381e+00,  3.36150114e-01,  5.65565570e-02,
        -1.12447938e-01,  4.06510449e-01,  1.99287637e-01,
        -4.14363500e-02, -2.25346797e-04,  1.46742473e-01],
       [-2.93657910e-01, -3.94714526e-01,  2.51879621e-01,
         1.02750252e-01,  2.52229780e-01,  2.60773149e-02,
        -4.42737696e-01,  1.56694364e-01,  2.64249265e-02,
         4.66332047e-01,  8.81543457e-01,  2.53697508e-02,
         1.34485710e-01,  2.24415524e-01, -2.43541033e-02,
        -2.09977811e-02,  2.51604147e-02,  8.83777456e-02],
       [ 4.64468509e-01, -7.52933055e-01,  2.62819712e-01,
         3.51351325e-01,  2.60773149e-02,  3.95924466e-01,
        -1.03285090e+00,  3.21799113e-01,  2.91535330e-01,
         1.47842511e+00,  1.02307693e-01,  5.82925558e-01,
        -1.73960670e-01,  3.24116806e-01,  2.26843159e-01,
        -1.03154466e-01,  4.10709793e-02,  1.33477354e-01],
       [ 1.51786949e+00,  5.07206076e+00, -2.48431496e+00,
        -9.10531458e-01, -4.42737696e-01, -1.03285090e+00,
         2.09091668e+01, -2.09431485e+00,  2.50701041e-01,
        -4.59389804e+00, -2.21189938e+00, -1.16870483e+00,
        -1.81999424e-01, -2.15370368e+00, -8.23395569e-01,
         2.44960775e+00, -3.14475847e-01, -1.49228181e+00],
       [ 1.90388881e+00, -1.54949474e+00,  8.44476629e-01,
         2.73150415e-01,  1.56694364e-01,  3.21799113e-01,
        -2.09431485e+00,  7.22739841e+00,  3.79096106e-01,
         1.27461063e+00,  6.02629128e-01, -7.95024003e-02,
        -7.55499065e-01,  7.97692912e-01, -7.50992674e-02,
        -1.41148461e-01,  8.72255324e-01, -4.73330290e-02],
       [ 8.50219097e-01, -5.56867748e-01, -3.84855683e-01,
         2.43976931e-01,  2.64249265e-02,  2.91535330e-01,
         2.50701041e-01,  3.79096106e-01,  4.92798233e+00,
         6.95144157e-01, -1.32200740e-01,  4.34367619e-01,
        -1.63422746e-01,  2.86522971e-01,  4.17583444e-01,
         1.52906201e-01,  3.42502133e-02,  5.61264878e-01],
       [ 2.03054117e+00, -4.03837576e+00,  2.31420419e+00,
         2.72246381e+00,  4.66332047e-01,  1.47842511e+00,
        -4.59389804e+00,  1.27461063e+00,  6.95144157e-01,
         1.08257466e+01,  1.60092358e+00,  5.13138110e-01,
        -4.58341465e-01,  1.75025927e+00,  7.84585282e-01,
        -3.28888302e-01,  6.49331181e-02,  6.31205042e-01],
       [-1.12840553e+00, -1.63972386e+00,  8.64218497e-01,
         3.36150114e-01,  8.81543457e-01,  1.02307693e-01,
        -2.21189938e+00,  6.02629128e-01, -1.32200740e-01,
         1.60092358e+00,  3.33525891e+00,  1.18597126e-01,
         4.60197681e-01,  8.23329596e-01, -4.71723355e-02,
        -1.87636739e-01,  6.95815637e-02,  3.25773927e-01],
       [-3.78546135e-01, -6.37609123e-01, -2.36243134e-01,
         5.65565570e-02,  2.53697508e-02,  5.82925558e-01,
        -1.16870483e+00, -7.95024003e-02,  4.34367619e-01,
         5.13138110e-01,  1.18597126e-01,  1.96281762e+00,
         5.18045653e-02,  2.93251856e-01,  3.57477147e-01,
        -1.75911354e-01,  3.39388364e-02,  2.08975365e-01],
       [-1.29779308e+00,  1.00511301e-01, -8.78524926e-02,
        -1.12447938e-01,  1.34485710e-01, -1.73960670e-01,
        -1.81999424e-01, -7.55499065e-01, -1.63422746e-01,
        -4.58341465e-01,  4.60197681e-01,  5.18045653e-02,
         5.23935847e-01, -2.86025896e-02, -4.97056409e-02,
        -1.72641266e-02, -9.59179864e-02,  1.20460000e-01],
       [ 1.03722231e-01, -1.25455318e+00,  5.87895129e-01,
         4.06510449e-01,  2.24415524e-01,  3.24116806e-01,
        -2.15370368e+00,  7.97692912e-01,  2.86522971e-01,
         1.75025927e+00,  8.23329596e-01,  2.93251856e-01,
        -2.86025896e-02,  5.81774558e-01,  1.72568986e-01,
        -2.06658325e-01,  1.01678166e-01,  2.55811212e-01],
       [ 1.52281275e-01, -4.79119128e-01, -1.67526437e-02,
         1.99287637e-01, -2.43541033e-02,  2.26843159e-01,
        -8.23395569e-01, -7.50992674e-02,  4.17583444e-01,
         7.84585282e-01, -4.71723355e-02,  3.57477147e-01,
        -4.97056409e-02,  1.72568986e-01,  2.27933636e-01,
        -9.34700352e-02, -2.68053832e-02,  1.44581671e-01],
       [ 2.64492661e-01,  5.16413674e-01, -2.20222756e-01,
        -4.14363500e-02, -2.09977811e-02, -1.03154466e-01,
         2.44960775e+00, -1.41148461e-01,  1.52906201e-01,
        -3.28888302e-01, -1.87636739e-01, -1.75911354e-01,
        -1.72641266e-02, -2.06658325e-01, -9.34700352e-02,
         3.22188673e-01, -2.72982156e-02, -1.54502865e-01],
       [ 2.02535474e-01, -1.41174566e-01,  1.25624354e-01,
        -2.25346797e-04,  2.51604147e-02,  4.10709793e-02,
        -3.14475847e-01,  8.72255324e-01,  3.42502133e-02,
         6.49331181e-02,  6.95815637e-02,  3.39388364e-02,
        -9.59179864e-02,  1.01678166e-01, -2.68053832e-02,
        -2.72982156e-02,  1.31536012e-01, -7.24419233e-03],
       [-2.98809434e-01, -5.81500092e-01,  1.91223040e-01,
         1.46742473e-01,  8.83777456e-02,  1.33477354e-01,
        -1.49228181e+00, -4.73330290e-02,  5.61264878e-01,
         6.31205042e-01,  3.25773927e-01,  2.08975365e-01,
         1.20460000e-01,  2.55811212e-01,  1.44581671e-01,
        -1.54502865e-01, -7.24419233e-03,  2.48148867e-01]])
      jac: array([-1.01400370e-07,  8.32667268e-08, -1.39147952e-07,  4.67033819e-07,
        9.72555370e-07,  1.02103511e-06,  1.14352972e-07, -1.00660221e-07,
        1.47659662e-07, -1.08431782e-07, -4.95899618e-08, -2.00210219e-07,
        2.60902411e-07,  1.48399811e-07, -4.51490697e-08, -1.47696670e-06,
        4.68144042e-07, -9.64043660e-07])
  message: 'Optimization terminated successfully.'
     nfev: 1995
      nit: 92
     njev: 105
   status: 0
  success: True
        x: array([ 0.11792627,  0.00720496,  0.61662674,  1.61983248, -0.50425478,
        0.22338098, -1.97817828, -0.70190676,  0.92164272,  1.81975398,
       -0.47805336,  0.68356849,  0.12758949,  0.13014669, -0.12790607,
       -1.59379343, -0.71760441,  0.16702443])
