Program Begingeth
      fun: 0.19402907769613126
 hess_inv: array([[ 8.61933034e-01, -1.53302261e-01,  1.13847189e-02,
         2.85417941e-01,  3.09360866e-01,  9.66263881e-01,
        -7.29587445e-01, -1.68197034e-01,  3.97255681e+00,
         1.23066821e+00,  1.37034990e+00,  1.46802034e+00,
        -3.10631949e-01, -1.31747996e-02,  2.29111206e-01,
        -2.19181275e-02, -1.28705883e-01, -1.81430535e-01],
       [-1.53302261e-01,  3.03551646e-01, -4.28852564e-02,
        -3.41302546e-02, -8.40840621e-02, -3.75619737e-01,
         3.65965656e-01,  2.62096317e-01, -1.32770719e+00,
        -1.79615264e-01, -4.40296987e-01, -4.55303367e-01,
         6.37106101e-02, -9.22571205e-02, -2.04405104e-01,
         2.62674592e-02,  5.15445338e-02, -5.71467110e-02],
       [ 1.13847189e-02, -4.28852564e-02,  1.70738908e-01,
        -1.09292725e-02,  9.96847792e-02,  5.97502605e-02,
         8.65438853e-03,  2.86207453e-01,  3.55091008e-01,
         2.04437037e-02,  1.19999402e-01, -4.07344694e-03,
         9.66310032e-03,  9.84847712e-02, -4.39318526e-03,
         4.13920699e-02,  4.01601838e-02,  4.10670105e-02],
       [ 2.85417941e-01, -3.41302546e-02, -1.09292725e-02,
         8.35294263e-01,  2.96384762e-01,  7.27077402e-01,
         1.87226100e-01, -1.67350052e-01,  5.00359044e+00,
         2.77266628e+00,  1.35537924e+00,  1.17464379e+00,
         9.03546074e-02, -1.13630253e-01,  1.53003786e-01,
         1.16312908e-02, -1.87987767e-01,  3.72396856e-02],
       [ 3.09360866e-01, -8.40840621e-02,  9.96847792e-02,
         2.96384762e-01,  3.25967941e-01,  5.37793727e-01,
        -1.75343960e-01,  2.71645456e-01,  2.94660480e+00,
         1.11306325e+00,  1.06745193e+00,  6.80308579e-01,
        -5.03610532e-02,  6.32582300e-02,  1.39761466e-01,
         2.54120112e-02, -5.46322410e-02, -3.67516555e-03],
       [ 9.66263881e-01, -3.75619737e-01,  5.97502605e-02,
         7.27077402e-01,  5.37793727e-01,  1.76421059e+00,
        -1.36333815e+00, -6.70420066e-01,  8.22779859e+00,
         2.93882867e+00,  2.64078625e+00,  2.73641517e+00,
        -2.91686883e-01, -3.02936993e-02,  5.09646212e-01,
        -7.77602467e-02, -2.53274465e-01, -7.28711169e-02],
       [-7.29587445e-01,  3.65965656e-01,  8.65438853e-03,
         1.87226100e-01, -1.75343960e-01, -1.36333815e+00,
         3.40625363e+00,  7.23696429e-01, -4.27626508e+00,
        -6.88180285e-01, -1.57000436e+00, -2.33087055e+00,
         5.49884800e-01,  2.12036995e-02, -4.51049264e-01,
         1.96505701e-01,  6.65610660e-02,  1.42803532e-01],
       [-1.68197034e-01,  2.62096317e-01,  2.86207453e-01,
        -1.67350052e-01,  2.71645456e-01, -6.70420066e-01,
         7.23696429e-01,  3.15633791e+00, -2.06456869e+00,
        -3.86474906e-01, -5.75891854e-01, -1.49076392e+00,
         2.70748282e-02,  2.09846097e-01, -2.85824497e-01,
         1.25777380e-01,  1.95021545e-01,  3.81144061e-02],
       [ 3.97255681e+00, -1.32770719e+00,  3.55091008e-01,
         5.00359044e+00,  2.94660480e+00,  8.22779859e+00,
        -4.27626508e+00, -2.06456869e+00,  4.50468488e+01,
         1.88789165e+01,  1.33950663e+01,  1.24710889e+01,
        -7.19236699e-01, -2.71312049e-01,  2.11938175e+00,
        -2.07922170e-01, -1.29367482e+00, -1.17228787e-01],
       [ 1.23066821e+00, -1.79615264e-01,  2.04437037e-02,
         2.77266628e+00,  1.11306325e+00,  2.93882867e+00,
        -6.88180285e-01, -3.86474906e-01,  1.88789165e+01,
         9.97598749e+00,  5.16152862e+00,  4.73127142e+00,
         3.50542299e-02, -3.57197226e-01,  6.20622307e-01,
        -5.65126378e-02, -5.91952337e-01,  5.61958185e-02],
       [ 1.37034990e+00, -4.40296987e-01,  1.19999402e-01,
         1.35537924e+00,  1.06745193e+00,  2.64078625e+00,
        -1.57000436e+00, -5.75891854e-01,  1.33950663e+01,
         5.16152862e+00,  4.64812527e+00,  3.93408124e+00,
        -2.99599336e-01, -1.95096774e-02,  7.45865736e-01,
        -5.80814178e-02, -3.79231009e-01, -6.52470544e-02],
       [ 1.46802034e+00, -4.55303367e-01, -4.07344694e-03,
         1.17464379e+00,  6.80308579e-01,  2.73641517e+00,
        -2.33087055e+00, -1.49076392e+00,  1.24710889e+01,
         4.73127142e+00,  3.93408124e+00,  4.64976477e+00,
        -4.40291306e-01, -2.23589382e-01,  7.37882798e-01,
        -1.55270251e-01, -4.45265333e-01, -1.44517790e-01],
       [-3.10631949e-01,  6.37106101e-02,  9.66310032e-03,
         9.03546074e-02, -5.03610532e-02, -2.91686883e-01,
         5.49884800e-01,  2.70748282e-02, -7.19236699e-01,
         3.50542299e-02, -2.99599336e-01, -4.40291306e-01,
         2.13080774e-01, -1.30859895e-02, -7.80736169e-02,
         5.68669049e-02, -1.29489700e-03,  9.64652781e-02],
       [-1.31747996e-02, -9.22571205e-02,  9.84847712e-02,
        -1.13630253e-01,  6.32582300e-02, -3.02936993e-02,
         2.12036995e-02,  2.09846097e-01, -2.71312049e-01,
        -3.57197226e-01, -1.95096774e-02, -2.23589382e-01,
        -1.30859895e-02,  1.32768565e-01,  2.19612679e-02,
         2.28938396e-02,  5.86039407e-02,  3.47566507e-02],
       [ 2.29111206e-01, -2.04405104e-01, -4.39318526e-03,
         1.53003786e-01,  1.39761466e-01,  5.09646212e-01,
        -4.51049264e-01, -2.85824497e-01,  2.11938175e+00,
         6.20622307e-01,  7.45865736e-01,  7.37882798e-01,
        -7.80736169e-02,  2.19612679e-02,  2.15968399e-01,
        -3.86202155e-02, -7.83793844e-02,  2.08380266e-02],
       [-2.19181275e-02,  2.62674592e-02,  4.13920699e-02,
         1.16312908e-02,  2.54120112e-02, -7.77602467e-02,
         1.96505701e-01,  1.25777380e-01, -2.07922170e-01,
        -5.65126378e-02, -5.80814178e-02, -1.55270251e-01,
         5.68669049e-02,  2.28938396e-02, -3.86202155e-02,
         5.40980487e-02,  6.89512567e-03,  1.00721603e-02],
       [-1.28705883e-01,  5.15445338e-02,  4.01601838e-02,
        -1.87987767e-01, -5.46322410e-02, -2.53274465e-01,
         6.65610660e-02,  1.95021545e-01, -1.29367482e+00,
        -5.91952337e-01, -3.79231009e-01, -4.45265333e-01,
        -1.29489700e-03,  5.86039407e-02, -7.83793844e-02,
         6.89512567e-03,  9.04849353e-02,  4.32947375e-03],
       [-1.81430535e-01, -5.71467110e-02,  4.10670105e-02,
         3.72396856e-02, -3.67516555e-03, -7.28711169e-02,
         1.42803532e-01,  3.81144061e-02, -1.17228787e-01,
         5.61958185e-02, -6.52470544e-02, -1.44517790e-01,
         9.64652781e-02,  3.47566507e-02,  2.08380266e-02,
         1.00721603e-02,  4.32947375e-03,  9.86634551e-02]])
      jac: array([ 0.06261776, -0.0280816 ,  0.00393592, -0.08152063, -0.09100464,
        0.0810096 ,  0.00652237,  0.01581155, -0.00565748,  0.01675022,
        0.03505124, -0.04928572,  0.118631  , -0.09447083, -0.05945734,
       -0.05191988,  0.05611139,  0.07446615])
  message: 'Maximum number of iterations has been exceeded.'
     nfev: 2147
      nit: 100
     njev: 113
   status: 1
  success: False
        x: array([ 0.030328  ,  0.35640839,  0.84486906,  1.41013936, -0.54842746,
       -0.20707955,  2.40143504, -0.30476919,  0.0622187 ,  1.69761265,
       -0.67503232, -0.77058059,  0.15083067,  0.2165289 , -0.35461633,
       -1.009883  , -0.33220848,  0.04693804])
