Program Begingeth
      fun: 0.18765449711716667
 hess_inv: array([[ 1.45596297e+00, -3.49338031e-01,  6.66094565e-01,
        -3.93038820e-01,  8.62961509e-03,  2.37752758e-01,
        -1.35040465e+00, -2.21719274e-01,  1.02731801e+00,
         9.73943698e-01,  7.38462207e-02, -9.57433014e-01,
        -1.25581401e+00,  9.70655188e-02,  1.83870362e-01,
        -2.02572940e-01, -7.44612338e-02,  1.20013110e-01],
       [-3.49338031e-01,  2.73814704e+00, -1.69615318e-01,
        -1.47846593e-01,  3.09190077e-01,  3.30417065e-01,
         1.89884996e+00,  1.75634402e+00,  1.35229681e+00,
        -4.73166226e-01, -5.90081530e-02,  3.36176388e-01,
         2.72292584e-01, -8.65209472e-01,  2.52302540e-01,
         4.17669813e-01,  9.20987733e-02,  3.40841679e-02],
       [ 6.66094565e-01, -1.69615318e-01,  2.81330042e+00,
        -7.40045069e-01,  8.62029757e-02, -7.73446148e-02,
        -1.21646742e+00,  1.98907194e+00, -7.23959708e-01,
         1.53636099e+00,  5.45267600e-01, -1.69757201e-01,
        -1.62611003e+00, -2.39760780e-02, -1.01533422e+00,
        -5.14644600e-01,  1.05151110e-01,  1.93805977e-01],
       [-3.93038820e-01, -1.47846593e-01, -7.40045069e-01,
         4.08280219e-01, -9.80793336e-02, -7.55442604e-02,
         7.73189393e-01, -9.23632141e-01, -4.42315664e-01,
        -4.74257321e-01,  1.37750306e-01,  4.31204795e-01,
         7.07336652e-01, -1.36862309e-02,  1.27333523e-01,
         1.27372039e-01, -1.37914703e-02, -5.45867599e-02],
       [ 8.62961509e-03,  3.09190077e-01,  8.62029757e-02,
        -9.80793336e-02,  2.03882733e-01,  3.70735023e-02,
         3.45022859e-01,  1.12755241e+00,  1.93876222e-01,
        -3.76375890e-02, -1.11516731e-02, -1.82764942e-01,
        -1.15228934e-01,  2.82827947e-02,  7.38485797e-02,
         5.64962180e-04,  4.09392359e-02,  6.40352368e-02],
       [ 2.37752758e-01,  3.30417065e-01, -7.73446148e-02,
        -7.55442604e-02,  3.70735023e-02,  1.80373813e-01,
         5.94416823e-02,  7.35390607e-02,  8.31910110e-01,
        -3.05922205e-02, -6.33939489e-02, -1.89531976e-01,
        -1.43237790e-01, -1.19135824e-01,  2.09050212e-01,
         3.78041640e-02, -3.98270912e-02,  2.05220929e-02],
       [-1.35040465e+00,  1.89884996e+00, -1.21646742e+00,
         7.73189393e-01,  3.45022859e-01,  5.94416823e-02,
         5.21667359e+00,  1.61020732e+00, -3.16848356e-01,
        -1.21787122e+00,  9.14471598e-01,  8.24012252e-01,
         1.47921042e+00, -6.52797096e-01,  4.32215227e-01,
         3.42855730e-01,  1.36092667e-01,  4.50669882e-02],
       [-2.21719274e-01,  1.75634402e+00,  1.98907194e+00,
        -9.23632141e-01,  1.12755241e+00,  7.35390607e-02,
         1.61020732e+00,  8.65223274e+00,  2.05854522e-01,
         4.75774221e-01,  4.51976513e-01, -8.83080103e-01,
        -1.23172760e+00, -1.08742387e-01, -3.25792110e-01,
        -2.77451493e-01,  2.61304797e-01,  3.40262830e-01],
       [ 1.02731801e+00,  1.35229681e+00, -7.23959708e-01,
        -4.42315664e-01,  1.93876222e-01,  8.31910110e-01,
        -3.16848356e-01,  2.05854522e-01,  5.31769459e+00,
        -1.21222390e-01, -9.90923184e-01, -8.39929166e-01,
        -6.25694862e-01, -2.67769630e-01,  9.49976465e-01,
         2.65362220e-01, -1.48152054e-01,  3.21121065e-03],
       [ 9.73943698e-01, -4.73166226e-01,  1.53636099e+00,
        -4.74257321e-01, -3.76375890e-02, -3.05922205e-02,
        -1.21787122e+00,  4.75774221e-01, -1.21222390e-01,
         1.56240724e+00,  3.64727594e-01, -5.19251479e-01,
        -1.37907659e+00,  8.29800836e-02, -4.86695109e-01,
        -3.49663037e-01,  5.24309943e-02,  7.94858523e-02],
       [ 7.38462207e-02, -5.90081530e-02,  5.45267600e-01,
         1.37750306e-01, -1.11516731e-02, -6.33939489e-02,
         9.14471598e-01,  4.51976513e-01, -9.90923184e-01,
         3.64727594e-01,  1.58910091e+00, -1.67938351e-01,
        -2.60589297e-01, -3.20665616e-01, -1.33312625e-01,
        -3.14833700e-01,  6.72711036e-02,  7.50138472e-02],
       [-9.57433014e-01,  3.36176388e-01, -1.69757201e-01,
         4.31204795e-01, -1.82764942e-01, -1.89531976e-01,
         8.24012252e-01, -8.83080103e-01, -8.39929166e-01,
        -5.19251479e-01, -1.67938351e-01,  1.85516292e+00,
         1.10799598e+00, -1.89201980e-01, -5.25606487e-01,
         3.21097898e-01,  4.64161090e-02, -8.19562506e-02],
       [-1.25581401e+00,  2.72292584e-01, -1.62611003e+00,
         7.07336652e-01, -1.15228934e-01, -1.43237790e-01,
         1.47921042e+00, -1.23172760e+00, -6.25694862e-01,
        -1.37907659e+00, -2.60589297e-01,  1.10799598e+00,
         1.72399492e+00, -9.26057679e-02,  2.21949134e-01,
         4.27013861e-01, -1.01815880e-02, -1.51721356e-01],
       [ 9.70655188e-02, -8.65209472e-01, -2.39760780e-02,
        -1.36862309e-02,  2.82827947e-02, -1.19135824e-01,
        -6.52797096e-01, -1.08742387e-01, -2.67769630e-01,
         8.29800836e-02, -3.20665616e-01, -1.89201980e-01,
        -9.26057679e-02,  4.65409634e-01, -3.34028992e-02,
        -9.03673650e-02,  3.09095506e-03,  1.74851570e-02],
       [ 1.83870362e-01,  2.52302540e-01, -1.01533422e+00,
         1.27333523e-01,  7.38485797e-02,  2.09050212e-01,
         4.32215227e-01, -3.25792110e-01,  9.49976465e-01,
        -4.86695109e-01, -1.33312625e-01, -5.25606487e-01,
         2.21949134e-01, -3.34028992e-02,  6.76689964e-01,
         1.33251040e-01, -7.47363319e-02, -6.82969485e-04],
       [-2.02572940e-01,  4.17669813e-01, -5.14644600e-01,
         1.27372039e-01,  5.64962180e-04,  3.78041640e-02,
         3.42855730e-01, -2.77451493e-01,  2.65362220e-01,
        -3.49663037e-01, -3.14833700e-01,  3.21097898e-01,
         4.27013861e-01, -9.03673650e-02,  1.33251040e-01,
         2.30561785e-01, -9.28372469e-03, -3.91013457e-02],
       [-7.44612338e-02,  9.20987733e-02,  1.05151110e-01,
        -1.37914703e-02,  4.09392359e-02, -3.98270912e-02,
         1.36092667e-01,  2.61304797e-01, -1.48152054e-01,
         5.24309943e-02,  6.72711036e-02,  4.64161090e-02,
        -1.01815880e-02,  3.09095506e-03, -7.47363319e-02,
        -9.28372469e-03,  4.79397719e-02,  1.09866572e-02],
       [ 1.20013110e-01,  3.40841679e-02,  1.93805977e-01,
        -5.45867599e-02,  6.40352368e-02,  2.05220929e-02,
         4.50669882e-02,  3.40262830e-01,  3.21121065e-03,
         7.94858523e-02,  7.50138472e-02, -8.19562506e-02,
        -1.51721356e-01,  1.74851570e-02, -6.82969485e-04,
        -3.91013457e-02,  1.09866572e-02,  5.90884875e-02]])
      jac: array([ 5.50202476e-05,  3.98203692e-05, -1.08817585e-04,  2.44706107e-05,
       -4.74424204e-05,  2.70809486e-04, -1.31413399e-05,  2.36381285e-05,
       -2.72911323e-06,  8.12092986e-05, -6.45520674e-05, -5.87180304e-05,
        2.31627310e-04, -3.15414361e-05, -2.32814508e-04, -3.55844243e-04,
        7.78146066e-05,  3.88597858e-04])
  message: 'Desired error not necessarily achieved due to precision loss.'
     nfev: 1969
      nit: 59
     njev: 103
   status: 2
  success: False
        x: array([ 0.71559236,  0.05781203,  0.03800784,  0.22241334, -0.99278303,
       -0.28288946,  1.02911732, -1.66643175, -0.34704065, -0.92490412,
        0.15305123,  0.269941  ,  0.12417944, -0.09006744,  0.30078939,
        0.09328746,  1.1684241 , -0.37357311])
