Program Begingeth
      fun: 0.25324989749637405
 hess_inv: array([[ 5.14237058e-01,  7.63994157e-03, -1.12017000e-01,
        -1.74282860e-01,  1.76400882e-01, -2.35511199e-01,
        -8.15539067e-02,  9.98275951e-01, -1.15737017e+00,
         1.38491139e-01,  4.97809409e-02,  5.10081154e-01,
        -5.21854617e-01,  8.20655015e-02, -2.89794997e-01,
        -1.61600606e-01, -1.44660464e-02, -9.60256184e-02],
       [ 7.63994157e-03,  5.15222570e-01, -4.78719091e-02,
        -1.81616269e-01, -1.32879867e-01, -1.66953448e-01,
        -6.81544625e-01,  1.61497497e-01, -2.91363674e-02,
         1.63400555e-02,  1.55986360e-01, -6.50423918e-03,
        -1.48149570e-01, -4.98272220e-01, -6.10091066e-02,
        -1.19422736e-02, -1.58396122e-01,  1.13462098e-01],
       [-1.12017000e-01, -4.78719091e-02,  4.94378057e-01,
         1.63137031e-01,  1.36094038e-01, -6.81635107e-02,
         6.78225494e-01, -1.23333474e-01,  3.69528981e-01,
        -4.66952310e-01, -8.09901840e-02, -1.45786630e-01,
         3.31230721e-01,  1.78462360e-01, -3.92776335e-01,
         9.40639943e-02, -4.07730547e-03, -1.81116708e-01],
       [-1.74282860e-01, -1.81616269e-01,  1.63137031e-01,
         4.17586656e-01, -1.10352505e-01,  7.57788700e-04,
         7.00087059e-01, -1.32757399e+00,  6.06097588e-02,
        -2.21428804e-01,  8.44237560e-02, -1.02093399e-01,
         6.35191360e-01,  3.49650930e-02, -1.02280239e-01,
         2.12936710e-01, -2.27451322e-03, -7.56202368e-02],
       [ 1.76400882e-01, -1.32879867e-01,  1.36094038e-01,
        -1.10352505e-01,  3.91558478e-01,  6.33321863e-03,
         5.25057895e-01,  1.36150180e+00, -1.52715415e-02,
        -5.79676639e-02, -2.21438717e-01,  1.72753434e-01,
        -2.69428844e-01,  5.04890840e-01, -1.58872378e-01,
        -9.12445917e-02,  1.54224026e-01, -1.00585933e-01],
       [-2.35511199e-01, -1.66953448e-01, -6.81635107e-02,
         7.57788700e-04,  6.33321863e-03,  4.02304275e-01,
         1.40189517e-01, -6.14576069e-02,  1.18073369e+00,
         4.54416226e-02, -2.53686849e-01, -2.47336451e-01,
         9.85336783e-02,  2.06612319e-01,  4.95880569e-01,
         2.96943965e-02,  1.01883298e-01,  1.37341053e-01],
       [-8.15539067e-02, -6.81544625e-01,  6.78225494e-01,
         7.00087059e-01,  5.25057895e-01,  1.40189517e-01,
         3.85253327e+00, -1.48135412e-01,  6.76357526e-01,
        -4.67563956e-01, -3.41019308e-01,  9.64018133e-02,
         6.83251596e-01,  1.08809689e+00, -4.49308729e-01,
         1.68602397e-01,  2.87102389e-01, -3.40241417e-01],
       [ 9.98275951e-01,  1.61497497e-01, -1.23333474e-01,
        -1.32757399e+00,  1.36150180e+00, -6.14576069e-02,
        -1.48135412e-01,  8.52131938e+00, -5.76494088e-01,
         5.09069435e-01, -4.66122967e-01,  8.15521694e-01,
        -2.40220379e+00,  1.00009936e+00, -1.64468935e-01,
        -8.11218393e-01,  2.77698056e-01, -1.95470969e-02],
       [-1.15737017e+00, -2.91363674e-02,  3.69528981e-01,
         6.06097588e-02, -1.52715415e-02,  1.18073369e+00,
         6.76357526e-01, -5.76494088e-01,  6.46208958e+00,
        -4.77732269e-01, -8.97882156e-01, -9.84910627e-01,
         8.05114089e-01,  3.44725720e-01,  9.45486288e-01,
         2.98389261e-01,  1.57315231e-01,  2.14415371e-01],
       [ 1.38491139e-01,  1.63400555e-02, -4.66952310e-01,
        -2.21428804e-01, -5.79676639e-02,  4.54416226e-02,
        -4.67563956e-01,  5.09069435e-01, -4.77732269e-01,
         6.14241801e-01,  4.86860039e-02,  1.68329611e-01,
        -4.94126480e-01, -7.78294438e-02,  3.40452336e-01,
        -1.64700712e-01,  4.55041883e-02,  1.47324249e-01],
       [ 4.97809409e-02,  1.55986360e-01, -8.09901840e-02,
         8.44237560e-02, -2.21438717e-01, -2.53686849e-01,
        -3.41019308e-01, -4.66122967e-01, -8.97882156e-01,
         4.86860039e-02,  6.61013859e-01,  2.25795800e-02,
         4.21245272e-02, -5.12942986e-01, -9.90795649e-02,
        -4.65401060e-02, -1.67326296e-01,  8.64528607e-02],
       [ 5.10081154e-01, -6.50423918e-03, -1.45786630e-01,
        -1.02093399e-01,  1.72753434e-01, -2.47336451e-01,
         9.64018133e-02,  8.15521694e-01, -9.84910627e-01,
         1.68329611e-01,  2.25795800e-02,  6.98393541e-01,
        -4.32486931e-01,  1.03692047e-01, -3.71351321e-01,
        -1.10382030e-01, -1.22320723e-02, -1.42799102e-01],
       [-5.21854617e-01, -1.48149570e-01,  3.31230721e-01,
         6.35191360e-01, -2.69428844e-01,  9.85336783e-02,
         6.83251596e-01, -2.40220379e+00,  8.05114089e-01,
        -4.94126480e-01,  4.21245272e-02, -4.32486931e-01,
         1.21758340e+00, -7.67501690e-02, -4.44758695e-02,
         4.42753010e-01, -3.53041749e-02, -6.29545265e-02],
       [ 8.20655015e-02, -4.98272220e-01,  1.78462360e-01,
         3.49650930e-02,  5.04890840e-01,  2.06612319e-01,
         1.08809689e+00,  1.00009936e+00,  3.44725720e-01,
        -7.78294438e-02, -5.12942986e-01,  1.03692047e-01,
        -7.67501690e-02,  9.89861965e-01, -3.69539979e-02,
        -2.90226433e-02,  3.45487840e-01, -1.70258286e-01],
       [-2.89794997e-01, -6.10091066e-02, -3.92776335e-01,
        -1.02280239e-01, -1.58872378e-01,  4.95880569e-01,
        -4.49308729e-01, -1.64468935e-01,  9.45486288e-01,
         3.40452336e-01, -9.90795649e-02, -3.71351321e-01,
        -4.44758695e-02, -3.69539979e-02,  9.45949805e-01,
        -2.40871503e-02,  8.79200622e-02,  3.90119956e-01],
       [-1.61600606e-01, -1.19422736e-02,  9.40639943e-02,
         2.12936710e-01, -9.12445917e-02,  2.96943965e-02,
         1.68602397e-01, -8.11218393e-01,  2.98389261e-01,
        -1.64700712e-01, -4.65401060e-02, -1.10382030e-01,
         4.42753010e-01, -2.90226433e-02, -2.40871503e-02,
         2.00075872e-01, -1.29340972e-02, -2.53291588e-02],
       [-1.44660464e-02, -1.58396122e-01, -4.07730547e-03,
        -2.27451322e-03,  1.54224026e-01,  1.01883298e-01,
         2.87102389e-01,  2.77698056e-01,  1.57315231e-01,
         4.55041883e-02, -1.67326296e-01, -1.22320723e-02,
        -3.53041749e-02,  3.45487840e-01,  8.79200622e-02,
        -1.29340972e-02,  1.59201620e-01, -1.02575958e-02],
       [-9.60256184e-02,  1.13462098e-01, -1.81116708e-01,
        -7.56202368e-02, -1.00585933e-01,  1.37341053e-01,
        -3.40241417e-01, -1.95470969e-02,  2.14415371e-01,
         1.47324249e-01,  8.64528607e-02, -1.42799102e-01,
        -6.29545265e-02, -1.70258286e-01,  3.90119956e-01,
        -2.53291588e-02, -1.02575958e-02,  2.30943202e-01]])
      jac: array([ 9.27424804e-05, -8.97463585e-05,  8.91027992e-06, -2.25356400e-04,
        1.52199734e-04,  3.02802228e-05,  2.32180941e-05, -1.26310074e-05,
       -2.83106871e-06,  4.32857454e-05, -2.96370336e-05, -1.16384680e-05,
        1.66809159e-04, -1.71545371e-04, -3.72342897e-05, -4.40451379e-05,
        1.33364061e-04,  5.46688620e-05])
  message: 'Desired error not necessarily achieved due to precision loss.'
     nfev: 1607
      nit: 31
     njev: 84
   status: 2
  success: False
        x: array([ 0.75039128, -0.03874513,  0.53234114,  0.23798267, -0.89215016,
       -0.87196732,  1.21744809, -1.41575268, -1.1420599 , -1.08791849,
        0.04470312,  0.68028827,  0.14943173,  0.05148601, -0.68485639,
        0.09512535,  1.16272774, -0.92452911])
