Program Begingeth
      fun: 0.2341288282708109
 hess_inv: array([[ 1.17763401e+00, -4.44250742e-02, -2.68793346e-03,
        -1.45758404e-03,  1.82823503e-01,  4.27064281e-01,
        -1.07163647e-01, -4.72958315e-01,  9.87107549e-01,
         1.03543643e-01,  8.24641685e-01,  6.65657194e-01,
        -5.03435839e-01,  1.81475492e-02,  2.15205828e-02,
        -1.67508210e-03, -3.90988354e-02, -2.58399480e-01],
       [-4.44250742e-02,  3.34387244e-01, -3.07590827e-02,
         9.32649009e-03,  1.71778624e-02, -2.95809404e-01,
         2.79790801e-01,  3.63070318e-01, -9.23843659e-01,
        -3.34574348e-02, -1.25224211e-01, -5.35961915e-01,
         3.30125126e-02, -9.79529240e-02, -1.44188824e-01,
         2.41209510e-02,  2.89468503e-02, -6.39841840e-02],
       [-2.68793346e-03, -3.07590827e-02,  1.90790865e-01,
         5.78912118e-02,  8.49436299e-02,  1.28646785e-01,
        -5.87740503e-02,  8.60978971e-03,  5.52934356e-01,
         2.30027797e-01,  2.00556133e-01,  2.74858810e-01,
         4.18594143e-02,  6.95577592e-02, -2.06646412e-02,
         4.15191703e-02,  2.59098670e-02,  3.86265051e-02],
       [-1.45758404e-03,  9.32649009e-03,  5.78912118e-02,
         2.92598599e-01,  7.54255865e-02,  1.68505836e-01,
         1.25180040e-01, -1.14779890e-01,  1.03775016e+00,
         8.95014464e-01,  2.14454687e-01,  4.77860440e-01,
         1.24861472e-01,  1.65167684e-03, -3.31330744e-02,
         6.32591563e-02, -4.32987991e-02,  2.78491768e-03],
       [ 1.82823503e-01,  1.71778624e-02,  8.49436299e-02,
         7.54255865e-02,  1.62832592e-01,  1.91520513e-01,
        -1.34895464e-01,  4.43900466e-02,  9.19396095e-01,
         3.49039801e-01,  4.81199317e-01,  3.45345272e-01,
        -5.03061992e-02,  5.21427993e-02, -1.68416456e-03,
         2.52968756e-02,  1.32784187e-02, -2.36839838e-02],
       [ 4.27064281e-01, -2.95809404e-01,  1.28646785e-01,
         1.68505836e-01,  1.91520513e-01,  9.24156377e-01,
        -1.20205454e+00, -9.18738622e-01,  3.65825860e+00,
         1.02047077e+00,  1.08363707e+00,  1.93180731e+00,
        -1.60113690e-01,  9.68408782e-02,  1.66305990e-01,
        -8.57983786e-03, -5.11374459e-02, -2.35899516e-02],
       [-1.07163647e-01,  2.79790801e-01, -5.87740503e-02,
         1.25180040e-01, -1.34895464e-01, -1.20205454e+00,
         4.06035369e+00,  9.96547185e-01, -5.24758345e+00,
        -1.14016903e+00, -1.26761888e+00, -2.81000446e+00,
         2.29969670e-01, -2.08258833e-02, -1.78561798e-01,
         1.25927069e-01,  1.57851062e-02,  1.53341356e-02],
       [-4.72958315e-01,  3.63070318e-01,  8.60978971e-03,
        -1.14779890e-01,  4.43900466e-02, -9.18738622e-01,
         9.96547185e-01,  2.26613084e+00, -3.09115724e+00,
        -6.42845761e-01, -8.58420926e-01, -1.96794432e+00,
         1.84911383e-01,  3.92864300e-03, -2.44830752e-01,
         3.95889669e-02,  1.06873285e-01,  3.11806126e-02],
       [ 9.87107549e-01, -9.23843659e-01,  5.52934356e-01,
         1.03775016e+00,  9.19396095e-01,  3.65825860e+00,
        -5.24758345e+00, -3.09115724e+00,  1.67422322e+01,
         5.62285024e+00,  4.52356789e+00,  7.80491604e+00,
        -2.57903634e-01,  3.88416068e-01,  5.06661931e-01,
         2.20189457e-02, -1.57668423e-01, -1.50091240e-02],
       [ 1.03543643e-01, -3.34574348e-02,  2.30027797e-01,
         8.95014464e-01,  3.49039801e-01,  1.02047077e+00,
        -1.14016903e+00, -6.42845761e-01,  5.62285024e+00,
         3.45515450e+00,  1.30297319e+00,  2.58209304e+00,
         2.44894330e-01,  3.65362892e-02, -5.97081897e-02,
         1.34164851e-01, -1.14817425e-01, -2.17104342e-02],
       [ 8.24641685e-01, -1.25224211e-01,  2.00556133e-01,
         2.14454687e-01,  4.81199317e-01,  1.08363707e+00,
        -1.26761888e+00, -8.58420926e-01,  4.52356789e+00,
         1.30297319e+00,  2.01798020e+00,  2.10644923e+00,
        -3.21226555e-01,  1.19426916e-01,  1.37873338e-01,
         1.32594545e-02, -2.35140087e-02, -1.06706425e-01],
       [ 6.65657194e-01, -5.35961915e-01,  2.74858810e-01,
         4.77860440e-01,  3.45345272e-01,  1.93180731e+00,
        -2.81000446e+00, -1.96794432e+00,  7.80491604e+00,
         2.58209304e+00,  2.10644923e+00,  4.36473665e+00,
        -1.76296244e-01,  1.26669999e-01,  2.70018813e-01,
         1.05456685e-02, -1.41571857e-01, -4.06804030e-02],
       [-5.03435839e-01,  3.30125126e-02,  4.18594143e-02,
         1.24861472e-01, -5.03061992e-02, -1.60113690e-01,
         2.29969670e-01,  1.84911383e-01, -2.57903634e-01,
         2.44894330e-01, -3.21226555e-01, -1.76296244e-01,
         2.99767985e-01, -5.54902994e-03, -3.53109846e-02,
         5.56478398e-02, -1.99472138e-03,  1.16131308e-01],
       [ 1.81475492e-02, -9.79529240e-02,  6.95577592e-02,
         1.65167684e-03,  5.21427993e-02,  9.68408782e-02,
        -2.08258833e-02,  3.92864300e-03,  3.88416068e-01,
         3.65362892e-02,  1.19426916e-01,  1.26669999e-01,
        -5.54902994e-03,  8.61397667e-02,  3.59623051e-02,
         7.85616073e-03,  2.83018900e-02,  3.21725626e-02],
       [ 2.15205828e-02, -1.44188824e-01, -2.06646412e-02,
        -3.31330744e-02, -1.68416456e-03,  1.66305990e-01,
        -1.78561798e-01, -2.44830752e-01,  5.06661931e-01,
        -5.97081897e-02,  1.37873338e-01,  2.70018813e-01,
        -3.53109846e-02,  3.59623051e-02,  1.09539391e-01,
        -2.63485370e-02, -1.15509178e-02,  4.19093844e-02],
       [-1.67508210e-03,  2.41209510e-02,  4.15191703e-02,
         6.32591563e-02,  2.52968756e-02, -8.57983786e-03,
         1.25927069e-01,  3.95889669e-02,  2.20189457e-02,
         1.34164851e-01,  1.32594545e-02,  1.05456685e-02,
         5.56478398e-02,  7.85616073e-03, -2.63485370e-02,
         4.59388162e-02, -1.30595980e-03,  4.19532696e-03],
       [-3.90988354e-02,  2.89468503e-02,  2.59098670e-02,
        -4.32987991e-02,  1.32784187e-02, -5.11374459e-02,
         1.57851062e-02,  1.06873285e-01, -1.57668423e-01,
        -1.14817425e-01, -2.35140087e-02, -1.41571857e-01,
        -1.99472138e-03,  2.83018900e-02, -1.15509178e-02,
        -1.30595980e-03,  4.24848182e-02,  9.97915686e-03],
       [-2.58399480e-01, -6.39841840e-02,  3.86265051e-02,
         2.78491768e-03, -2.36839838e-02, -2.35899516e-02,
         1.53341356e-02,  3.11806126e-02, -1.50091240e-02,
        -2.17104342e-02, -1.06706425e-01, -4.06804030e-02,
         1.16131308e-01,  3.21725626e-02,  4.19093844e-02,
         4.19532696e-03,  9.97915686e-03,  9.91009464e-02]])
      jac: array([ 9.95129904e-05, -1.66006098e-05,  8.91127912e-05, -2.24599043e-04,
       -3.93296507e-05, -2.23705869e-04,  1.59477986e-05,  9.97794440e-06,
        2.08844053e-05,  4.38891516e-05,  1.70382227e-05,  4.71285973e-05,
        2.31583086e-04, -2.71864013e-05,  1.89100402e-04, -1.63602465e-04,
        8.60311822e-06, -1.35249589e-04])
  message: 'Desired error not necessarily achieved due to precision loss.'
     nfev: 2805
      nit: 93
     njev: 147
   status: 2
  success: False
        x: array([ 0.08607415,  0.27586532,  0.74704267,  1.71383085, -0.70372887,
       -0.10077095,  2.61635174, -0.3961796 ,  0.53872669,  2.12336885,
       -0.67856311, -0.63445713,  0.14427796,  0.1645346 , -0.26979981,
       -1.28188899, -0.23051165,  0.04915954])
