Program Begingeth
      fun: 0.3957264725917112
 hess_inv: array([[ 1.90846099e+00, -1.66441920e-02,  1.19674760e-01,
         2.11258743e-01, -3.59495891e-01,  4.21666413e-01,
         3.52958724e-01, -4.42231229e-01,  3.86835714e-01,
         6.46940270e-01, -1.25226463e+00,  2.05532393e-01,
        -7.81892108e-01, -6.54170539e-02,  6.06393945e-02,
        -4.72722135e-02, -3.58411386e-02, -3.30702226e-01],
       [-1.66441920e-02,  8.36559264e-01, -1.38540203e-01,
        -3.00555643e-01,  4.91230049e-02, -2.55272947e-01,
        -1.18890776e+00,  3.04330414e-01, -2.54786250e-01,
        -9.12426362e-01, -1.17365016e-01, -1.26242174e-01,
         2.42275528e-02, -2.86604566e-01, -2.50126350e-01,
         4.66907361e-02,  5.49085114e-03, -1.47819841e-01],
       [ 1.19674760e-01, -1.38540203e-01,  4.74924688e-01,
         9.70691001e-02,  4.46850922e-02,  1.19226525e-01,
        -1.23225899e-01, -2.97871034e-01,  3.08585426e-01,
         5.03701649e-01, -2.85952258e-04,  1.71591016e-02,
        -9.22167046e-03,  1.50533820e-01, -7.13089911e-02,
         6.60507870e-02,  4.41732585e-02,  4.11912698e-02],
       [ 2.11258743e-01, -3.00555643e-01,  9.70691001e-02,
         4.04354532e-01,  3.91963269e-02,  2.03083375e-01,
         9.95811368e-01,  1.38822420e-01,  9.73965326e-01,
         1.17413700e+00,  1.68025509e-01, -5.84954182e-02,
        -7.06289990e-03,  1.05495611e-01,  1.42473497e-01,
         1.49982012e-02, -1.81675840e-02,  4.79153626e-02],
       [-3.59495891e-01,  4.91230049e-02,  4.46850922e-02,
         3.91963269e-02,  3.68149679e-01, -9.16922317e-02,
        -3.01284780e-01,  7.90124512e-01,  6.23324518e-01,
         1.42140744e-01,  9.72630737e-01, -1.90159104e-01,
         2.24879592e-01,  8.10682219e-02, -6.32024828e-02,
         6.92001505e-02,  9.58676491e-03,  6.79723251e-02],
       [ 4.21666413e-01, -2.55272947e-01,  1.19226525e-01,
         2.03083375e-01, -9.16922317e-02,  4.28525323e-01,
         9.06678368e-01, -5.18784828e-01,  1.10209990e+00,
         7.81721429e-01, -1.25425892e-01,  5.76140902e-01,
        -2.44725613e-01,  1.17384766e-01,  1.66126228e-01,
        -4.92526929e-02,  5.55416956e-02, -4.66471748e-03],
       [ 3.52958724e-01, -1.18890776e+00, -1.23225899e-01,
         9.95811368e-01, -3.01284780e-01,  9.06678368e-01,
         8.06400100e+00, -1.70870946e+00,  3.79044259e+00,
         2.67738010e+00,  8.37623861e-01,  5.86609041e-01,
        -5.25760270e-01,  2.91315545e-01,  6.17127922e-01,
        -3.14979219e-01,  2.51932300e-01,  7.26028553e-02],
       [-4.42231229e-01,  3.04330414e-01, -2.97871034e-01,
         1.38822420e-01,  7.90124512e-01, -5.18784828e-01,
        -1.70870946e+00,  4.02363131e+00,  5.39057836e-01,
         4.64578573e-02,  1.47335953e+00, -1.26478898e+00,
         5.33919787e-01, -2.35513924e-02, -7.53285702e-02,
         1.53502894e-01, -1.25245232e-01,  1.02469200e-01],
       [ 3.86835714e-01, -2.54786250e-01,  3.08585426e-01,
         9.73965326e-01,  6.23324518e-01,  1.10209990e+00,
         3.79044259e+00,  5.39057836e-01,  7.73496793e+00,
         3.42658228e+00,  2.46505016e+00,  7.53036322e-01,
        -2.44255658e-01,  3.04992545e-01,  3.61186363e-01,
        -3.85066401e-02,  2.22462411e-01,  1.28340393e-01],
       [ 6.46940270e-01, -9.12426362e-01,  5.03701649e-01,
         1.17413700e+00,  1.42140744e-01,  7.81721429e-01,
         2.67738010e+00,  4.64578573e-02,  3.42658228e+00,
         3.79778501e+00,  5.59486159e-01,  1.67220986e-01,
        -1.11993330e-01,  4.05069820e-01,  4.00841353e-01,
         2.68071345e-02,  1.31477108e-02,  1.45868139e-01],
       [-1.25226463e+00, -1.17365016e-01, -2.85952258e-04,
         1.68025509e-01,  9.72630737e-01, -1.25425892e-01,
         8.37623861e-01,  1.47335953e+00,  2.46505016e+00,
         5.59486159e-01,  3.24349043e+00, -3.16955663e-01,
         5.61069554e-01,  2.50003756e-01, -6.85748445e-02,
         8.36227071e-02,  8.43540074e-02,  2.25018061e-01],
       [ 2.05532393e-01, -1.26242174e-01,  1.71591016e-02,
        -5.84954182e-02, -1.90159104e-01,  5.76140902e-01,
         5.86609041e-01, -1.26478898e+00,  7.53036322e-01,
         1.67220986e-01, -3.16955663e-01,  1.47552920e+00,
        -2.88968366e-01,  1.09686299e-01,  1.64521570e-01,
        -8.92019822e-02,  1.27887847e-01, -2.05098494e-02],
       [-7.81892108e-01,  2.42275528e-02, -9.22167046e-03,
        -7.06289990e-03,  2.24879592e-01, -2.44725613e-01,
        -5.25760270e-01,  5.33919787e-01, -2.44255658e-01,
        -1.11993330e-01,  5.61069554e-01, -2.88968366e-01,
         4.44106194e-01,  2.69007302e-02, -4.41788501e-02,
         9.53655548e-02, -3.62017227e-02,  1.58467756e-01],
       [-6.54170539e-02, -2.86604566e-01,  1.50533820e-01,
         1.05495611e-01,  8.10682219e-02,  1.17384766e-01,
         2.91315545e-01, -2.35513924e-02,  3.04992545e-01,
         4.05069820e-01,  2.50003756e-01,  1.09686299e-01,
         2.69007302e-02,  1.76505431e-01,  5.75733502e-02,
         6.90331850e-03,  4.37256831e-02,  7.18761884e-02],
       [ 6.06393945e-02, -2.50126350e-01, -7.13089911e-02,
         1.42473497e-01, -6.32024828e-02,  1.66126228e-01,
         6.17127922e-01, -7.53285702e-02,  3.61186363e-01,
         4.00841353e-01, -6.85748445e-02,  1.64521570e-01,
        -4.41788501e-02,  5.75733502e-02,  1.78110220e-01,
        -4.13866585e-02, -6.93556660e-03,  6.35000890e-02],
       [-4.72722135e-02,  4.66907361e-02,  6.60507870e-02,
         1.49982012e-02,  6.92001505e-02, -4.92526929e-02,
        -3.14979219e-01,  1.53502894e-01, -3.85066401e-02,
         2.68071345e-02,  8.36227071e-02, -8.92019822e-02,
         9.53655548e-02,  6.90331850e-03, -4.13866585e-02,
         6.92502709e-02, -1.79948728e-02,  1.64398845e-02],
       [-3.58411386e-02,  5.49085114e-03,  4.41732585e-02,
        -1.81675840e-02,  9.58676491e-03,  5.55416956e-02,
         2.51932300e-01, -1.25245232e-01,  2.22462411e-01,
         1.31477108e-02,  8.43540074e-02,  1.27887847e-01,
        -3.62017227e-02,  4.37256831e-02, -6.93556660e-03,
        -1.79948728e-02,  6.87362417e-02, -2.96205372e-05],
       [-3.30702226e-01, -1.47819841e-01,  4.11912698e-02,
         4.79153626e-02,  6.79723251e-02, -4.66471748e-03,
         7.26028553e-02,  1.02469200e-01,  1.28340393e-01,
         1.45868139e-01,  2.25018061e-01, -2.05098494e-02,
         1.58467756e-01,  7.18761884e-02,  6.35000890e-02,
         1.64398845e-02, -2.96205372e-05,  1.27362189e-01]])
      jac: array([-1.85037171e-09, -5.43343148e-06,  3.46796666e-06, -1.07369669e-05,
       -9.16674144e-07, -1.87220609e-05, -2.46469512e-07,  1.97249624e-07,
        1.53062748e-06,  4.81503726e-06, -4.82576941e-07,  4.68292072e-06,
        2.79924232e-06, -6.39599484e-06,  8.04467604e-06,  3.77401814e-06,
        9.76256113e-07, -9.92169310e-06])
  message: 'Desired error not necessarily achieved due to precision loss.'
     nfev: 2215
      nit: 64
     njev: 116
   status: 2
  success: False
        x: array([ 0.08199829,  0.0170443 ,  0.77904413,  1.50976645, -1.00244458,
        0.33120436,  0.89328876, -2.15959424,  0.66415441,  1.84643191,
       -0.93762062,  0.94670628,  0.03494971, -0.02853107, -0.21193721,
       -1.38769898, -0.70014475,  0.05107102])
