Program Begingeth
      fun: 0.3058988943532367
 hess_inv: array([[ 5.13176405e+00, -1.74275549e+00,  3.03950850e-01,
         1.62569897e+00, -9.51889183e-01,  1.19506256e+00,
         1.87816431e+00,  6.67671864e-01,  3.68202249e+00,
        -2.56085367e-01, -8.33953332e-01,  6.14580090e-01,
        -8.14663994e-01,  3.59140895e-01,  4.17350404e-01,
        -2.97702471e-01,  6.18763990e-01, -3.55889938e-01],
       [-1.74275549e+00,  4.36973872e+00,  1.11204736e+00,
        -4.82854123e-01,  1.88021410e+00, -6.13320856e-03,
        -3.83364645e+00,  1.13360811e+00,  2.94866064e+00,
        -3.34666417e-01,  4.38152837e-01, -1.43428091e+00,
         6.49365451e-01, -3.86424956e-01, -2.30144388e-01,
         9.43039855e-02, -3.62579955e-01,  1.65898524e-01],
       [ 3.03950850e-01,  1.11204736e+00,  1.82907555e+00,
        -1.10189905e-01,  4.24706781e-01,  7.47449113e-01,
        -2.42616976e+00, -9.02706186e-01,  2.56420116e+00,
        -3.59644746e-02,  6.35581407e-01, -5.20332707e-01,
        -1.27191237e-02, -1.16734975e-01, -1.57480117e-01,
         7.89093181e-02,  2.80371624e-04, -1.10004406e-01],
       [ 1.62569897e+00, -4.82854123e-01, -1.10189905e-01,
         5.98363477e-01, -2.82678537e-01,  2.90625410e-01,
         1.12083906e+00,  4.37220427e-01,  1.14837765e+00,
        -1.35728892e-01, -3.66869760e-01,  1.50487946e-01,
        -2.07353779e-01,  9.78390659e-02,  1.77878081e-01,
        -1.04451489e-01,  1.77354671e-01, -6.23576237e-02],
       [-9.51889183e-01,  1.88021410e+00,  4.24706781e-01,
        -2.82678537e-01,  9.35536226e-01, -3.50414094e-02,
        -2.46225841e+00,  1.01229218e+00,  8.85461721e-01,
        -3.14642775e-02,  1.45325493e-01, -5.33960568e-01,
         3.62637080e-01, -1.25335229e-01, -9.17588699e-02,
         1.00663123e-01, -2.38473548e-01,  8.41369457e-02],
       [ 1.19506256e+00, -6.13320856e-03,  7.47449113e-01,
         2.90625410e-01, -3.50414094e-02,  6.08803464e-01,
        -8.34933427e-01,  9.22030450e-03,  2.01210926e+00,
         5.40113513e-02, -5.01838152e-02, -2.23937918e-02,
        -2.09973525e-01,  5.37313561e-02,  8.20939772e-02,
        -6.16876186e-02,  1.04806757e-01, -1.08409372e-01],
       [ 1.87816431e+00, -3.83364645e+00, -2.42616976e+00,
         1.12083906e+00, -2.46225841e+00, -8.34933427e-01,
         1.50419634e+01, -2.84075333e+00, -3.16333827e+00,
        -7.67242876e-01, -6.00271222e-01,  8.13805304e-01,
        -8.27012214e-01,  2.17503169e-01,  3.13521709e-01,
        -4.25683464e-01,  1.04847222e+00,  1.45460465e-01],
       [ 6.67671864e-01,  1.13360811e+00, -9.02706186e-01,
         4.37220427e-01,  1.01229218e+00,  9.22030450e-03,
        -2.84075333e+00,  6.26037135e+00,  6.46423721e-01,
         1.44738502e-01, -1.07526686e+00, -5.80983285e-02,
         2.46927968e-01,  2.36533200e-01,  4.61167506e-01,
        -1.02148148e-01, -1.57382573e-01,  1.45720142e-01],
       [ 3.68202249e+00,  2.94866064e+00,  2.56420116e+00,
         1.14837765e+00,  8.85461721e-01,  2.01210926e+00,
        -3.16333827e+00,  6.46423721e-01,  1.17945584e+01,
        -3.48407819e-01, -1.27355141e-01, -1.10690432e+00,
        -3.75394032e-01, -2.82002411e-01,  2.67890381e-01,
        -3.83392326e-01,  1.24099135e-01, -1.44920059e-01],
       [-2.56085367e-01, -3.34666417e-01, -3.59644746e-02,
        -1.35728892e-01, -3.14642775e-02,  5.40113513e-02,
        -7.67242876e-01,  1.44738502e-01, -3.48407819e-01,
         6.91229271e-01,  2.90519124e-02,  1.42529345e-01,
        -1.09570841e-01,  4.57358827e-03, -3.57764870e-02,
         1.95190766e-02, -1.22819158e-01, -1.33618705e-01],
       [-8.33953332e-01,  4.38152837e-01,  6.35581407e-01,
        -3.66869760e-01,  1.45325493e-01, -5.01838152e-02,
        -6.00271222e-01, -1.07526686e+00, -1.27355141e-01,
         2.90519124e-02,  9.46194519e-01, -3.13657453e-01,
         1.01230141e-01, -2.29038189e-01, -2.98066678e-01,
         1.21149450e-01, -7.81789080e-02, -9.12733828e-02],
       [ 6.14580090e-01, -1.43428091e+00, -5.20332707e-01,
         1.50487946e-01, -5.33960568e-01, -2.23937918e-02,
         8.13805304e-01, -5.80983285e-02, -1.10690432e+00,
         1.42529345e-01, -3.13657453e-01,  8.04856377e-01,
        -1.74793662e-01,  2.32260526e-01,  5.78295214e-02,
         2.46214518e-02,  1.32442648e-01, -4.75258651e-02],
       [-8.14663994e-01,  6.49365451e-01, -1.27191237e-02,
        -2.07353779e-01,  3.62637080e-01, -2.09973525e-01,
        -8.27012214e-01,  2.46927968e-01, -3.75394032e-01,
        -1.09570841e-01,  1.01230141e-01, -1.74793662e-01,
         3.02105077e-01, -7.39314400e-02, -5.63539299e-02,
         1.24818043e-01, -1.75560704e-01,  1.13931288e-01],
       [ 3.59140895e-01, -3.86424956e-01, -1.16734975e-01,
         9.78390659e-02, -1.25335229e-01,  5.37313561e-02,
         2.17503169e-01,  2.36533200e-01, -2.82002411e-01,
         4.57358827e-03, -2.29038189e-01,  2.32260526e-01,
        -7.39314400e-02,  1.42075349e-01,  6.59286820e-02,
        -8.46063269e-03,  9.86620449e-02, -3.41735943e-03],
       [ 4.17350404e-01, -2.30144388e-01, -1.57480117e-01,
         1.77878081e-01, -9.17588699e-02,  8.20939772e-02,
         3.13521709e-01,  4.61167506e-01,  2.67890381e-01,
        -3.57764870e-02, -2.98066678e-01,  5.78295214e-02,
        -5.63539299e-02,  6.59286820e-02,  1.55418541e-01,
        -6.47762228e-02,  3.66600034e-02,  5.53165914e-02],
       [-2.97702471e-01,  9.43039855e-02,  7.89093181e-02,
        -1.04451489e-01,  1.00663123e-01, -6.16876186e-02,
        -4.25683464e-01, -1.02148148e-01, -3.83392326e-01,
         1.95190766e-02,  1.21149450e-01,  2.46214518e-02,
         1.24818043e-01, -8.46063269e-03, -6.47762228e-02,
         1.16318945e-01, -6.96733567e-02,  1.12141775e-02],
       [ 6.18763990e-01, -3.62579955e-01,  2.80371624e-04,
         1.77354671e-01, -2.38473548e-01,  1.04806757e-01,
         1.04847222e+00, -1.57382573e-01,  1.24099135e-01,
        -1.22819158e-01, -7.81789080e-02,  1.32442648e-01,
        -1.75560704e-01,  9.86620449e-02,  3.66600034e-02,
        -6.96733567e-02,  2.22582415e-01, -3.99660134e-02],
       [-3.55889938e-01,  1.65898524e-01, -1.10004406e-01,
        -6.23576237e-02,  8.41369457e-02, -1.08409372e-01,
         1.45460465e-01,  1.45720142e-01, -1.44920059e-01,
        -1.33618705e-01, -9.12733828e-02, -4.75258651e-02,
         1.13931288e-01, -3.41735943e-03,  5.53165914e-02,
         1.12141775e-02, -3.99660134e-02,  1.36359063e-01]])
      jac: array([ 4.69846384e-06, -6.60989782e-06,  9.67596374e-06, -9.17747360e-06,
        1.33966912e-05, -2.21230441e-05,  6.96479911e-07, -8.17124146e-07,
        1.77339624e-06,  3.36582614e-06, -3.07087689e-06,  4.00383430e-06,
        1.40165657e-05, -1.11085215e-05,  1.57999539e-05, -1.21258559e-05,
        1.02092409e-05, -1.26902192e-05])
  message: 'Desired error not necessarily achieved due to precision loss.'
     nfev: 2064
      nit: 63
     njev: 108
   status: 2
  success: False
        x: array([ 0.73372271, -1.03953323,  0.59093634,  1.0218446 , -1.1038415 ,
        0.1360542 ,  0.56142564, -1.94848061, -0.47795842,  0.02908897,
        0.58189682,  1.19076532,  0.01185157,  0.05403431, -0.36568029,
       -0.98664665, -0.62346158, -0.03618455])
