Program Begingeth
      fun: 0.23840316176881218
 hess_inv: array([[ 3.59408650e+00, -1.19925934e+00, -7.14350810e-01,
         7.56283929e-01, -4.40127740e-01,  8.24456686e-01,
         5.22611235e-01,  1.97546621e+00,  6.00666862e-01,
        -8.73933593e-01, -7.59530954e-01,  1.22198466e+00,
        -6.07821358e-01,  3.36952526e-01,  4.62704279e-01,
        -2.79568531e-02,  3.40379738e-01, -4.67346157e-01],
       [-1.19925934e+00,  2.59765312e+00,  1.05380128e+00,
        -1.47158297e-01,  7.97687564e-01, -1.82135058e-01,
        -1.85562010e+00,  3.81936578e-01,  2.38003380e+00,
         1.65401063e-01,  1.32193676e-01, -1.86225377e+00,
         3.86921049e-01, -4.03491067e-01, -2.87431025e-01,
        -7.70494191e-02, -8.64315810e-02,  1.06914555e-01],
       [-7.14350810e-01,  1.05380128e+00,  2.02251421e+00,
        -4.42559972e-01,  3.19334370e-01,  2.08529790e-01,
        -2.89722882e+00, -2.55733720e+00,  1.96505179e+00,
         2.16850750e-01,  1.16912631e+00, -1.49957536e+00,
         1.56593293e-01, -3.03543996e-01, -4.60696663e-01,
         2.10564394e-01, -1.37612170e-01, -4.21027163e-02],
       [ 7.56283929e-01, -1.47158297e-01, -4.42559972e-01,
         2.99905090e-01, -7.26290045e-02,  9.03947614e-02,
         9.86041463e-01,  1.09589496e+00,  7.56837414e-02,
        -2.44207530e-01, -4.03359663e-01,  2.73957875e-01,
        -6.54128781e-02,  6.00194228e-02,  1.88391538e-01,
        -4.73309109e-02,  7.81243148e-02, -2.40197928e-02],
       [-4.40127740e-01,  7.97687564e-01,  3.19334370e-01,
        -7.26290045e-02,  4.52777101e-01, -5.17594335e-03,
        -2.21454716e+00,  7.60204223e-01,  4.30360693e-01,
         2.88389112e-01, -2.39013595e-02, -4.63828930e-01,
         2.17285833e-01, -4.40824478e-02, -5.32694309e-02,
         2.74243825e-02, -1.60482017e-01,  1.37758813e-02],
       [ 8.24456686e-01, -1.82135058e-01,  2.08529790e-01,
         9.03947614e-02, -5.17594335e-03,  3.80198062e-01,
        -1.26827654e+00,  3.58416183e-01,  7.49675217e-01,
         9.95189473e-03, -7.23610261e-02,  1.06439827e-01,
        -1.71342255e-01,  6.20248600e-02,  1.04507033e-01,
        -2.99286178e-03,  9.47431221e-05, -1.52968960e-01],
       [ 5.22611235e-01, -1.85562010e+00, -2.89722882e+00,
         9.86041463e-01, -2.21454716e+00, -1.26827654e+00,
         2.56550878e+01, -5.19611918e-01, -3.31881682e+00,
        -2.41945995e+00, -1.07615317e+00,  1.44663914e+00,
        -7.36202040e-01,  1.22742723e-01,  4.67072155e-01,
        -4.06772229e-01,  1.77815428e+00,  8.74139878e-01],
       [ 1.97546621e+00,  3.81936578e-01, -2.55733720e+00,
         1.09589496e+00,  7.60204223e-01,  3.58416183e-01,
        -5.19611918e-01,  1.16453719e+01, -1.19986006e+00,
         3.93628275e-02, -2.66404593e+00,  1.14003701e+00,
        -1.11926103e-01,  5.40270308e-01,  1.26084822e+00,
        -5.62738340e-01,  1.98369107e-01,  3.61703353e-02],
       [ 6.00666862e-01,  2.38003380e+00,  1.96505179e+00,
         7.56837414e-02,  4.30360693e-01,  7.49675217e-01,
        -3.31881682e+00, -1.19986006e+00,  8.35412309e+00,
        -6.38360347e-02,  6.95269690e-01, -2.13976810e+00,
        -4.61572211e-02, -7.83810414e-01, -3.02844742e-01,
        -1.55175838e-01, -2.12522241e-01, -1.89752907e-01],
       [-8.73933593e-01,  1.65401063e-01,  2.16850750e-01,
        -2.44207530e-01,  2.88389112e-01,  9.95189473e-03,
        -2.41945995e+00,  3.93628275e-02, -6.38360347e-02,
         1.00038442e+00,  2.15269668e-01, -2.35489298e-01,
         8.45712022e-02, -6.06866684e-02, -7.83789574e-02,
         2.69565745e-02, -3.20347334e-01, -7.82502603e-02],
       [-7.59530954e-01,  1.32193676e-01,  1.16912631e+00,
        -4.03359663e-01, -2.39013595e-02, -7.23610261e-02,
        -1.07615317e+00, -2.66404593e+00,  6.95269690e-01,
         2.15269668e-01,  1.41333286e+00, -7.85736919e-01,
         9.59020230e-02, -2.97907869e-01, -4.89501674e-01,
         2.16798248e-01, -1.24973242e-01, -8.96138526e-02],
       [ 1.22198466e+00, -1.86225377e+00, -1.49957536e+00,
         2.73957875e-01, -4.63828930e-01,  1.06439827e-01,
         1.44663914e+00,  1.14003701e+00, -2.13976810e+00,
        -2.35489298e-01, -7.85736919e-01,  2.09284183e+00,
        -2.77157351e-01,  5.11221722e-01,  3.59663586e-01,
         4.34117808e-03,  1.47837305e-01, -6.60820569e-02],
       [-6.07821358e-01,  3.86921049e-01,  1.56593293e-01,
        -6.54128781e-02,  2.17285833e-01, -1.71342255e-01,
        -7.36202040e-01, -1.11926103e-01, -4.61572211e-02,
         8.45712022e-02,  9.59020230e-02, -2.77157351e-01,
         2.76290251e-01, -6.60553032e-02, -8.42279563e-02,
         8.09323238e-02, -1.49275372e-01,  1.18446867e-01],
       [ 3.36952526e-01, -4.03491067e-01, -3.03543996e-01,
         6.00194228e-02, -4.40824478e-02,  6.20248600e-02,
         1.22742723e-01,  5.40270308e-01, -7.83810414e-01,
        -6.06866684e-02, -2.97907869e-01,  5.11221722e-01,
        -6.60553032e-02,  2.08495895e-01,  1.24469906e-01,
         1.19521458e-02,  7.81867321e-02, -2.55548776e-03],
       [ 4.62704279e-01, -2.87431025e-01, -4.60696663e-01,
         1.88391538e-01, -5.32694309e-02,  1.04507033e-01,
         4.67072155e-01,  1.26084822e+00, -3.02844742e-01,
        -7.83789574e-02, -4.89501674e-01,  3.59663586e-01,
        -8.42279563e-02,  1.24469906e-01,  2.58884103e-01,
        -8.97707287e-02,  4.84474284e-02,  3.49685366e-02],
       [-2.79568531e-02, -7.70494191e-02,  2.10564394e-01,
        -4.73309109e-02,  2.74243825e-02, -2.99286178e-03,
        -4.06772229e-01, -5.62738340e-01, -1.55175838e-01,
         2.69565745e-02,  2.16798248e-01,  4.34117808e-03,
         8.09323238e-02,  1.19521458e-02, -8.97707287e-02,
         1.34365137e-01, -5.04789769e-02, -1.39813950e-02],
       [ 3.40379738e-01, -8.64315810e-02, -1.37612170e-01,
         7.81243148e-02, -1.60482017e-01,  9.47431221e-05,
         1.77815428e+00,  1.98369107e-01, -2.12522241e-01,
        -3.20347334e-01, -1.24973242e-01,  1.47837305e-01,
        -1.49275372e-01,  7.81867321e-02,  4.84474284e-02,
        -5.04789769e-02,  2.62935880e-01,  1.46862526e-02],
       [-4.67346157e-01,  1.06914555e-01, -4.21027163e-02,
        -2.40197928e-02,  1.37758813e-02, -1.52968960e-01,
         8.74139878e-01,  3.61703353e-02, -1.89752907e-01,
        -7.82502603e-02, -8.96138526e-02, -6.60820569e-02,
         1.18446867e-01, -2.55548776e-03,  3.49685366e-02,
        -1.39813950e-02,  1.46862526e-02,  1.99485320e-01]])
      jac: array([ 1.62331260e-05, -5.97299987e-05,  1.24114978e-04,  2.21163828e-05,
        1.24616613e-04, -3.23884438e-04, -8.15162752e-06, -7.50621787e-06,
        1.95319686e-05,  1.33095387e-05, -2.86004553e-05,  6.48943862e-05,
        1.33045427e-05, -1.39649588e-04,  2.75606390e-04, -5.65456941e-05,
        1.09891910e-04, -1.80043573e-04])
  message: 'Desired error not necessarily achieved due to precision loss.'
     nfev: 2140
      nit: 58
     njev: 112
   status: 2
  success: False
        x: array([ 0.33031934, -0.45950711,  0.71118966,  0.85257946, -0.66997436,
        0.06187249,  0.30960954, -1.48346274, -0.57703828,  0.02357197,
        0.73313189,  1.02456076,  0.07777941,  0.1371772 , -0.42495403,
       -0.86362134, -0.56156992, -0.00771457])
