Program Begingeth
      fun: 0.25330115133280834
 hess_inv: array([[ 1.13311491e+00, -3.28588699e-02, -2.71720233e-02,
         5.57989102e-02, -1.20381533e-02,  8.28408076e-02,
        -3.25742591e-01,  4.33993853e-01, -6.05620102e-02,
         3.20374098e-01, -2.24387797e-01, -2.25695459e-01,
        -4.47194655e-01,  1.70956784e-03, -3.34219988e-02,
         1.85127524e-02, -2.87528203e-02, -2.53457288e-01],
       [-3.28588699e-02,  3.78004117e-01, -1.79531218e-02,
         1.99588999e-02,  4.36172655e-02, -4.27282881e-01,
        -4.46845807e-01, -4.09857157e-01, -1.09902278e+00,
         2.41169124e-01,  2.48989005e-01, -1.00254067e+00,
         2.38088906e-02, -1.23595953e-01, -1.61575119e-01,
         1.96538089e-02,  2.47382876e-02, -6.12481962e-02],
       [-2.71720233e-02, -1.79531218e-02,  2.73348779e-01,
         8.26256472e-02,  1.46957002e-01,  1.17618127e-02,
         1.52967897e-01,  2.42677426e-01, -1.06420534e-02,
         2.77639395e-01,  2.77162423e-01,  1.96232311e-02,
         6.59784044e-02,  9.40890986e-02, -8.05302025e-02,
         6.34862876e-02,  2.78301119e-02,  3.50754810e-02],
       [ 5.57989102e-02,  1.99588999e-02,  8.26256472e-02,
         2.55335969e-01,  4.87724164e-02, -1.18913044e-01,
         1.65706411e-01, -1.88152352e-01, -4.62364947e-01,
         7.38111957e-01,  6.85838712e-02, -3.36347218e-01,
         1.03894017e-01,  1.80556524e-02, -3.94629122e-02,
         6.94923271e-02, -3.01953210e-02,  1.06551485e-02],
       [-1.20381533e-02,  4.36172655e-02,  1.46957002e-01,
         4.87724164e-02,  1.83527987e-01, -3.67132961e-02,
         1.15182892e-01,  2.95437422e-01, -2.05057246e-01,
         1.90878390e-01,  4.21324516e-01, -3.64137172e-02,
         3.14554550e-02,  6.80809877e-02, -7.50165269e-02,
         4.08041924e-02,  2.75879945e-02,  8.30542569e-04],
       [ 8.28408076e-02, -4.27282881e-01,  1.17618127e-02,
        -1.18913044e-01, -3.67132961e-02,  1.12462858e+00,
         1.92118723e+00,  1.65737775e+00,  3.26187000e+00,
        -1.06240979e+00, -6.14491927e-01,  2.95425117e+00,
        -7.44855078e-02,  1.61709736e-01,  2.65117084e-01,
        -3.84563011e-02, -3.17708652e-03,  4.35796010e-02],
       [-3.25742591e-01, -4.46845807e-01,  1.52967897e-01,
         1.65706411e-01,  1.15182892e-01,  1.92118723e+00,
         5.89192116e+00,  2.90519419e+00,  5.98445849e+00,
        -1.52124452e+00, -7.11036785e-01,  5.65519573e+00,
         2.74792208e-01,  2.53012316e-01,  2.71505206e-01,
         5.63974122e-02, -1.24537417e-02,  1.26286795e-01],
       [ 4.33993853e-01, -4.09857157e-01,  2.42677426e-01,
        -1.88152352e-01,  2.95437422e-01,  1.65737775e+00,
         2.90519419e+00,  4.31716837e+00,  4.60850539e+00,
        -1.46663294e+00, -4.15893992e-01,  4.37063090e+00,
        -2.48082439e-01,  2.84462307e-01,  2.47428820e-01,
        -1.20317664e-02,  3.46248338e-02, -2.38271866e-02],
       [-6.05620102e-02, -1.09902278e+00, -1.06420534e-02,
        -4.62364947e-01, -2.05057246e-01,  3.26187000e+00,
         5.98445849e+00,  4.60850539e+00,  1.05175115e+01,
        -3.73369774e+00, -1.92509351e+00,  8.63981403e+00,
        -9.51875738e-02,  3.38817821e-01,  7.11071707e-01,
        -1.17734904e-01, -3.14702351e-02,  1.36329472e-01],
       [ 3.20374098e-01,  2.41169124e-01,  2.77639395e-01,
         7.38111957e-01,  1.90878390e-01, -1.06240979e+00,
        -1.52124452e+00, -1.46663294e+00, -3.73369774e+00,
         2.96154769e+00,  6.48448331e-01, -3.05123644e+00,
         1.81169095e-01,  9.42908550e-03, -2.61430190e-01,
         1.88660729e-01, -5.71626712e-02, -2.78160527e-02],
       [-2.24387797e-01,  2.48989005e-01,  2.77162423e-01,
         6.85838712e-02,  4.21324516e-01, -6.14491927e-01,
        -7.11036785e-01, -4.15893992e-01, -1.92509351e+00,
         6.48448331e-01,  1.43214116e+00, -1.41946113e+00,
         1.14197932e-01,  6.62460031e-02, -2.79073554e-01,
         7.31486687e-02,  6.34790816e-02,  2.22825958e-03],
       [-2.25695459e-01, -1.00254067e+00,  1.96232311e-02,
        -3.36347218e-01, -3.64137172e-02,  2.95425117e+00,
         5.65519573e+00,  4.37063090e+00,  8.63981403e+00,
        -3.05123644e+00, -1.41946113e+00,  8.15846186e+00,
        -1.92538215e-02,  4.11059713e-01,  6.46696682e-01,
        -9.83447312e-02,  1.99603524e-02,  1.67187445e-01],
       [-4.47194655e-01,  2.38088906e-02,  6.59784044e-02,
         1.03894017e-01,  3.14554550e-02, -7.44855078e-02,
         2.74792208e-01, -2.48082439e-01, -9.51875738e-02,
         1.81169095e-01,  1.14197932e-01, -1.92538215e-02,
         2.62814157e-01,  8.23513633e-03, -8.69549782e-03,
         4.83875401e-02, -6.68611054e-03,  1.14655025e-01],
       [ 1.70956784e-03, -1.23595953e-01,  9.40890986e-02,
         1.80556524e-02,  6.80809877e-02,  1.61709736e-01,
         2.53012316e-01,  2.84462307e-01,  3.38817821e-01,
         9.42908550e-03,  6.62460031e-02,  4.11059713e-01,
         8.23513633e-03,  1.03897617e-01,  2.63034315e-02,
         1.44790983e-02,  2.63360129e-02,  2.82182466e-02],
       [-3.34219988e-02, -1.61575119e-01, -8.05302025e-02,
        -3.94629122e-02, -7.50165269e-02,  2.65117084e-01,
         2.71505206e-01,  2.47428820e-01,  7.11071707e-01,
        -2.61430190e-01, -2.79073554e-01,  6.46696682e-01,
        -8.69549782e-03,  2.63034315e-02,  1.41196424e-01,
        -3.25923806e-02, -1.63068949e-02,  4.96308256e-02],
       [ 1.85127524e-02,  1.96538089e-02,  6.34862876e-02,
         6.94923271e-02,  4.08041924e-02, -3.84563011e-02,
         5.63974122e-02, -1.20317664e-02, -1.17734904e-01,
         1.88660729e-01,  7.31486687e-02, -9.83447312e-02,
         4.83875401e-02,  1.44790983e-02, -3.25923806e-02,
         4.87983221e-02, -2.78844664e-03,  3.11321169e-03],
       [-2.87528203e-02,  2.47382876e-02,  2.78301119e-02,
        -3.01953210e-02,  2.75879945e-02, -3.17708652e-03,
        -1.24537417e-02,  3.46248338e-02, -3.14702351e-02,
        -5.71626712e-02,  6.34790816e-02,  1.99603524e-02,
        -6.68611054e-03,  2.63360129e-02, -1.63068949e-02,
        -2.78844664e-03,  3.74808530e-02,  1.13629608e-03],
       [-2.53457288e-01, -6.12481962e-02,  3.50754810e-02,
         1.06551485e-02,  8.30542569e-04,  4.35796010e-02,
         1.26286795e-01, -2.38271866e-02,  1.36329472e-01,
        -2.78160527e-02,  2.22825958e-03,  1.67187445e-01,
         1.14655025e-01,  2.82182466e-02,  4.96308256e-02,
         3.11321169e-03,  1.13629608e-03,  9.57724017e-02]])
      jac: array([ 4.58555416e-05, -8.59101679e-05, -4.21803333e-05, -1.11346488e-04,
        2.07224978e-04,  1.05015256e-04,  7.55506768e-06, -1.39440311e-05,
       -9.22262267e-06,  2.44226861e-05, -4.86392408e-05, -2.18192131e-05,
        1.23283235e-04, -2.11483793e-04, -9.77680899e-05, -7.99079321e-05,
        1.48763224e-04,  6.86573021e-05])
  message: 'Desired error not necessarily achieved due to precision loss.'
     nfev: 2310
      nit: 88
     njev: 121
   status: 2
  success: False
        x: array([ 0.09021353,  0.21630419,  0.76127336,  1.7517106 , -0.77097305,
        0.05309253,  2.50465085, -0.69727471, -0.94240475,  2.26608319,
       -0.61226034,  0.42899513,  0.15878961,  0.16676739, -0.25377458,
       -1.29692681, -0.19156129,  0.05555085])
