Program Begingeth
      fun: 0.31794273880321233
 hess_inv: array([[ 1.84653907e+00, -1.94375320e-02, -4.47871509e-02,
         2.88989589e-02, -7.22984388e-02,  2.86536850e-01,
        -3.64109089e-01,  7.76450103e-01,  1.96102914e-01,
         2.98590647e-01, -5.36973297e-01,  1.57859766e-01,
        -7.65717158e-01, -1.41755331e-02,  2.82388654e-02,
         1.39510878e-02, -2.20680590e-02, -3.20701618e-01],
       [-1.94375320e-02,  4.39537991e-01,  1.99769911e-02,
         1.01812898e-02,  4.18047867e-02, -2.69277679e-01,
        -5.74847924e-03, -1.71257200e-01, -7.52916706e-01,
         6.32125032e-02,  1.53365746e-01, -5.32367692e-01,
         1.91659618e-02, -1.41578154e-01, -1.46036333e-01,
         1.86004286e-02,  3.38844013e-02, -5.96855957e-02],
       [-4.47871509e-02,  1.99769911e-02,  3.40407689e-01,
         7.74821756e-02,  1.44935960e-01, -1.61398067e-02,
         1.47053887e-01,  2.67692592e-01, -1.27200899e-01,
         2.93059309e-01,  2.55608939e-01, -4.68230109e-02,
         6.07037612e-02,  8.77343225e-02, -1.09399510e-01,
         5.87923321e-02,  4.44033165e-02,  3.78719199e-02],
       [ 2.88989589e-02,  1.01812898e-02,  7.74821756e-02,
         2.63146375e-01,  3.13133201e-02, -5.88411572e-02,
         4.42421950e-01, -1.86242996e-01, -3.05097141e-01,
         6.76464716e-01, -7.06599099e-03, -1.68965224e-01,
         1.13924784e-01,  2.89937861e-02, -1.59593363e-02,
         6.69907804e-02, -1.90406276e-02,  2.34498128e-02],
       [-7.22984388e-02,  4.18047867e-02,  1.44935960e-01,
         3.13133201e-02,  1.71147804e-01, -4.37831945e-02,
         1.62482815e-01,  3.04017426e-01, -2.65977684e-01,
         1.27386191e-01,  3.95823224e-01, -2.32431201e-02,
         3.89908496e-02,  6.49477531e-02, -7.18319035e-02,
         2.66332956e-02,  3.43120657e-02,  1.14497526e-02],
       [ 2.86536850e-01, -2.69277679e-01, -1.61398067e-02,
        -5.88411572e-02, -4.37831945e-02,  6.24945929e-01,
         7.23957023e-01,  1.01912981e+00,  1.96890139e+00,
        -4.49712104e-01, -4.91318034e-01,  1.49272442e+00,
        -1.34944283e-01,  1.06987727e-01,  1.48090018e-01,
        -1.27525143e-02, -4.66046867e-03, -1.70889338e-02],
       [-3.64109089e-01, -5.74847924e-03,  1.47053887e-01,
         4.42421950e-01,  1.62482815e-01,  7.23957023e-01,
         4.35149778e+00,  1.10718073e+00,  2.88981700e+00,
        -1.09773264e-01, -2.58814372e-01,  2.39395319e+00,
         4.18165671e-01,  1.49207715e-01, -2.77172096e-02,
         1.45606687e-01, -2.30571175e-03,  6.58771880e-02],
       [ 7.76450103e-01, -1.71257200e-01,  2.67692592e-01,
        -1.86242996e-01,  3.04017426e-01,  1.01912981e+00,
         1.10718073e+00,  3.79709345e+00,  2.89102915e+00,
        -7.41424913e-01, -2.60518069e-01,  2.51472974e+00,
        -4.27526066e-01,  2.17702201e-01,  7.21687889e-02,
        -6.32941791e-03,  6.89744682e-02, -1.11401708e-01],
       [ 1.96102914e-01, -7.52916706e-01, -1.27200899e-01,
        -3.05097141e-01, -2.65977684e-01,  1.96890139e+00,
         2.88981700e+00,  2.89102915e+00,  7.79783984e+00,
        -2.27765488e+00, -1.72468243e+00,  4.85208844e+00,
        -1.03914635e-01,  1.88849901e-01,  3.91833248e-01,
        -4.91041140e-02, -7.47384602e-02, -1.00328264e-02],
       [ 2.98590647e-01,  6.32125032e-02,  2.93059309e-01,
         6.76464716e-01,  1.27386191e-01, -4.49712104e-01,
        -1.09773264e-01, -7.41424913e-01, -2.27765488e+00,
         2.35719957e+00,  2.33313869e-01, -1.37175158e+00,
         1.34430001e-01,  8.83152283e-02, -8.24435841e-02,
         1.47529270e-01, -1.52284168e-02,  3.50787186e-02],
       [-5.36973297e-01,  1.53365746e-01,  2.55608939e-01,
        -7.06599099e-03,  3.95823224e-01, -4.91318034e-01,
        -2.58814372e-01, -2.60518069e-01, -1.72468243e+00,
         2.33313869e-01,  1.42066854e+00, -9.48627794e-01,
         1.93953271e-01,  6.94477041e-02, -2.26564787e-01,
         2.41810913e-02,  6.21742134e-02,  5.60366721e-02],
       [ 1.57859766e-01, -5.32367692e-01, -4.68230109e-02,
        -1.68965224e-01, -2.32431201e-02,  1.49272442e+00,
         2.39395319e+00,  2.51472974e+00,  4.85208844e+00,
        -1.37175158e+00, -9.48627794e-01,  3.97470477e+00,
        -1.10500050e-01,  2.59459969e-01,  2.92777269e-01,
        -2.59156088e-02,  2.34205796e-02,  9.96475755e-03],
       [-7.65717158e-01,  1.91659618e-02,  6.07037612e-02,
         1.13924784e-01,  3.89908496e-02, -1.34944283e-01,
         4.18165671e-01, -4.27526066e-01, -1.03914635e-01,
         1.34430001e-01,  1.93953271e-01, -1.10500050e-01,
         4.04274703e-01,  1.29705916e-02, -2.40782694e-02,
         4.76561827e-02, -6.07806695e-03,  1.46851474e-01],
       [-1.41755331e-02, -1.41578154e-01,  8.77343225e-02,
         2.89937861e-02,  6.49477531e-02,  1.06987727e-01,
         1.49207715e-01,  2.17702201e-01,  1.88849901e-01,
         8.83152283e-02,  6.94477041e-02,  2.59459969e-01,
         1.29705916e-02,  1.13361465e-01,  2.20630430e-02,
         1.27687030e-02,  2.82930258e-02,  3.31151351e-02],
       [ 2.82388654e-02, -1.46036333e-01, -1.09399510e-01,
        -1.59593363e-02, -7.18319035e-02,  1.48090018e-01,
        -2.77172096e-02,  7.21687889e-02,  3.91833248e-01,
        -8.24435841e-02, -2.26564787e-01,  2.92777269e-01,
        -2.40782694e-02,  2.20630430e-02,  1.22660583e-01,
        -2.34885893e-02, -2.14387555e-02,  3.15616042e-02],
       [ 1.39510878e-02,  1.86004286e-02,  5.87923321e-02,
         6.69907804e-02,  2.66332956e-02, -1.27525143e-02,
         1.45606687e-01, -6.32941791e-03, -4.91041140e-02,
         1.47529270e-01,  2.41810913e-02, -2.59156088e-02,
         4.76561827e-02,  1.27687030e-02, -2.34885893e-02,
         4.62714750e-02,  1.75242642e-04,  6.03092418e-03],
       [-2.20680590e-02,  3.38844013e-02,  4.44033165e-02,
        -1.90406276e-02,  3.43120657e-02, -4.66046867e-03,
        -2.30571175e-03,  6.89744682e-02, -7.47384602e-02,
        -1.52284168e-02,  6.21742134e-02,  2.34205796e-02,
        -6.07806695e-03,  2.82930258e-02, -2.14387555e-02,
         1.75242642e-04,  4.03545829e-02,  2.16496649e-03],
       [-3.20701618e-01, -5.96855957e-02,  3.78719199e-02,
         2.34498128e-02,  1.14497526e-02, -1.70889338e-02,
         6.58771880e-02, -1.11401708e-01, -1.00328264e-02,
         3.50787186e-02,  5.60366721e-02,  9.96475755e-03,
         1.46851474e-01,  3.31151351e-02,  3.15616042e-02,
         6.03092418e-03,  2.16496649e-03,  9.45310324e-02]])
      jac: array([-2.90508358e-07, -1.09701137e-05,  3.06458562e-06,  6.94000413e-06,
        2.83373325e-05, -5.27281922e-06, -7.97510206e-07, -2.12052598e-06,
        2.07611706e-07, -1.55024142e-06, -5.94857497e-06,  1.63942933e-06,
        1.40591242e-06, -2.80601468e-05,  9.71963251e-06, -2.27891780e-06,
        2.11423471e-05, -9.56309106e-06])
  message: 'Desired error not necessarily achieved due to precision loss.'
     nfev: 2439
      nit: 66
     njev: 128
   status: 2
  success: False
        x: array([ 0.04556815,  0.12813306,  0.70388703,  1.87127334, -0.76371633,
        0.07906332,  2.66339621, -0.55481886, -0.90709287,  2.3355198 ,
       -0.55028681,  0.51649812,  0.14446349,  0.09403402, -0.22217666,
       -1.46521017, -0.35735799,  0.06126551])
