Program Begingeth
      fun: 0.3309516577494824
 hess_inv: array([[ 7.68845430e-01, -1.21096993e-01,  3.50368867e-02,
        -1.58039403e-01,  1.43292951e-01,  3.44698443e-01,
        -3.17621926e-01,  2.27855000e-01,  2.10448735e-01,
        -5.85667401e-01,  2.92935643e-01,  6.38810718e-01,
        -3.09528971e-01,  5.41907860e-02, -1.13764756e-03,
         1.72369719e-02, -8.14494272e-02, -2.42905151e-01],
       [-1.21096993e-01,  5.45506229e-01, -1.30104470e-01,
         3.67151172e-01,  3.02068737e-02, -4.41776833e-01,
         1.13509476e+00,  7.11817903e-01,  3.48449668e-01,
         1.24641997e+00,  4.73702581e-02, -1.11139360e+00,
         9.00445418e-02, -1.89696928e-01, -2.15708269e-01,
         4.08673946e-02,  8.99987908e-02, -7.92340604e-02],
       [ 3.50368867e-02, -1.30104470e-01,  2.90865945e-01,
        -2.25894331e-01,  3.63088257e-02,  1.54342254e-01,
        -4.78978246e-01, -3.56725465e-01, -3.16379272e-01,
        -7.67859551e-01, -7.12504061e-02,  5.23582880e-01,
         1.18503614e-02,  1.32618711e-01, -4.03272901e-02,
         6.57386107e-02,  7.58447380e-03,  2.87961992e-02],
       [-1.58039403e-01,  3.67151172e-01, -2.25894331e-01,
         8.05418597e-01,  2.19303892e-01, -5.38201313e-01,
         2.24042313e+00,  1.53559571e+00,  1.40460368e+00,
         2.35208487e+00,  6.13620502e-01, -1.94786391e+00,
         2.36508764e-01, -1.43364876e-01, -7.51733317e-02,
         6.79273870e-02,  3.80304996e-02,  3.97436921e-02],
       [ 1.43292951e-01,  3.02068737e-02,  3.63088257e-02,
         2.19303892e-01,  3.96817428e-01, -7.31150968e-02,
         7.52028951e-01,  1.11502896e+00,  7.68942282e-01,
         4.97805995e-01,  9.33247495e-01, -7.32299169e-01,
         5.90692971e-02,  1.12907991e-01,  2.18464826e-02,
         8.56669580e-02,  2.24323449e-02, -2.36590553e-03],
       [ 3.44698443e-01, -4.41776833e-01,  1.54342254e-01,
        -5.38201313e-01, -7.31150968e-02,  7.01720814e-01,
        -1.77445694e+00, -1.12825816e+00, -4.85789261e-01,
        -1.78427479e+00, -6.60940642e-02,  2.04271033e+00,
        -1.99933555e-01,  9.63038796e-02,  1.94422574e-01,
        -5.86464210e-02, -1.42467113e-01, -2.34978217e-02],
       [-3.17621926e-01,  1.13509476e+00, -4.78978246e-01,
         2.24042313e+00,  7.52028951e-01, -1.77445694e+00,
         7.62639080e+00,  4.58621128e+00,  3.87924770e+00,
         6.26642311e+00,  1.72253344e+00, -6.31809413e+00,
         6.28969922e-01, -2.66469211e-01, -4.31388553e-01,
         2.61411996e-01,  1.88790918e-01, -1.01535232e-02],
       [ 2.27855000e-01,  7.11817903e-01, -3.56725465e-01,
         1.53559571e+00,  1.11502896e+00, -1.12825816e+00,
         4.58621128e+00,  6.99589071e+00,  3.48697297e+00,
         5.36879043e+00,  2.32737453e+00, -5.33346287e+00,
        -1.61044683e-02,  5.99355166e-02, -5.50718815e-02,
         8.31768676e-02,  3.31955592e-01, -4.63971690e-02],
       [ 2.10448735e-01,  3.48449668e-01, -3.16379272e-01,
         1.40460368e+00,  7.68942282e-01, -4.85789261e-01,
         3.87924770e+00,  3.48697297e+00,  4.17825353e+00,
         3.96819679e+00,  2.20309148e+00, -3.10020795e+00,
         2.44278335e-01, -9.49150641e-02,  4.39773748e-02,
         1.07186150e-01,  7.37500185e-03, -9.24328636e-03],
       [-5.85667401e-01,  1.24641997e+00, -7.67859551e-01,
         2.35208487e+00,  4.97805995e-01, -1.78427479e+00,
         6.26642311e+00,  5.36879043e+00,  3.96819679e+00,
         7.84695755e+00,  1.35512699e+00, -6.34109326e+00,
         4.49476122e-01, -4.37508219e-01, -2.39255890e-01,
         6.27840693e-02,  3.37506979e-01,  1.07474370e-01],
       [ 2.92935643e-01,  4.73702581e-02, -7.12504061e-02,
         6.13620502e-01,  9.33247495e-01, -6.60940642e-02,
         1.72253344e+00,  2.32737453e+00,  2.20309148e+00,
         1.35512699e+00,  2.59809827e+00, -1.50186229e+00,
         1.75108940e-01,  1.68953104e-01,  1.75862917e-01,
         1.42801244e-01, -4.66207376e-03,  3.66449141e-02],
       [ 6.38810718e-01, -1.11139360e+00,  5.23582880e-01,
        -1.94786391e+00, -7.32299169e-01,  2.04271033e+00,
        -6.31809413e+00, -5.33346287e+00, -3.10020795e+00,
        -6.34109326e+00, -1.50186229e+00,  7.24774919e+00,
        -4.87084978e-01,  8.40307434e-02,  3.67047658e-01,
        -1.84397708e-01, -4.59727373e-01, -6.32328614e-02],
       [-3.09528971e-01,  9.00445418e-02,  1.18503614e-02,
         2.36508764e-01,  5.90692971e-02, -1.99933555e-01,
         6.28969922e-01, -1.61044683e-02,  2.44278335e-01,
         4.49476122e-01,  1.75108940e-01, -4.87084978e-01,
         2.86947680e-01, -3.14775497e-02, -3.04541915e-02,
         9.39107571e-02, -2.07261684e-02,  1.13818383e-01],
       [ 5.41907860e-02, -1.89696928e-01,  1.32618711e-01,
        -1.43364876e-01,  1.12907991e-01,  9.63038796e-02,
        -2.66469211e-01,  5.99355166e-02, -9.49150641e-02,
        -4.37508219e-01,  1.68953104e-01,  8.40307434e-02,
        -3.14775497e-02,  1.83345054e-01,  5.08531330e-02,
         2.48101290e-02,  4.75542854e-02,  3.31875675e-02],
       [-1.13764756e-03, -2.15708269e-01, -4.03272901e-02,
        -7.51733317e-02,  2.18464826e-02,  1.94422574e-01,
        -4.31388553e-01, -5.50718815e-02,  4.39773748e-02,
        -2.39255890e-01,  1.75862917e-01,  3.67047658e-01,
        -3.04541915e-02,  5.08531330e-02,  1.86952434e-01,
        -5.40017649e-02, -3.61262765e-02,  8.62765341e-02],
       [ 1.72369719e-02,  4.08673946e-02,  6.57386107e-02,
         6.79273870e-02,  8.56669580e-02, -5.86464210e-02,
         2.61411996e-01,  8.31768676e-02,  1.07186150e-01,
         6.27840693e-02,  1.42801244e-01, -1.84397708e-01,
         9.39107571e-02,  2.48101290e-02, -5.40017649e-02,
         9.38257986e-02, -6.27720860e-03, -3.20603025e-03],
       [-8.14494272e-02,  8.99987908e-02,  7.58447380e-03,
         3.80304996e-02,  2.24323449e-02, -1.42467113e-01,
         1.88790918e-01,  3.31955592e-01,  7.37500185e-03,
         3.37506979e-01, -4.66207376e-03, -4.59727373e-01,
        -2.07261684e-02,  4.75542854e-02, -3.61262765e-02,
        -6.27720860e-03,  1.18672225e-01,  1.05339736e-02],
       [-2.42905151e-01, -7.92340604e-02,  2.87961992e-02,
         3.97436921e-02, -2.36590553e-03, -2.34978217e-02,
        -1.01535232e-02, -4.63971690e-02, -9.24328636e-03,
         1.07474370e-01,  3.66449141e-02, -6.32328614e-02,
         1.13818383e-01,  3.31875675e-02,  8.62765341e-02,
        -3.20603025e-03,  1.05339736e-02,  1.51423721e-01]])
      jac: array([-7.46069873e-07,  5.59552404e-07,  1.01030295e-07, -2.31000404e-06,
        9.57752396e-07, -3.99199192e-06,  1.75785312e-07,  3.88578059e-08,
        7.21644966e-07,  1.28785871e-07, -2.32406687e-07,  9.44429720e-07,
       -2.02245628e-06,  4.03381032e-08,  2.26929586e-06,  2.44064028e-06,
       -1.83001762e-06, -3.83397018e-07])
  message: 'Optimization terminated successfully.'
     nfev: 1482
      nit: 67
     njev: 78
   status: 0
  success: True
        x: array([ 0.04585402,  0.23571578,  0.79621204,  1.16242166, -1.20654492,
       -0.31637594,  2.17142159, -1.05367584, -1.27038367,  0.92611777,
       -1.73609312, -0.72544971,  0.1086917 , -0.00738452, -0.39226631,
       -1.09197336, -0.43750483,  0.00511029])
