Program Begingeth
      fun: 0.2783269920884174
 hess_inv: array([[ 1.27648588e+00, -1.72684508e-01,  1.46039626e-01,
         2.83699720e-01, -2.25320995e-01,  3.42300838e-01,
         9.48617483e-01, -4.63779804e-01,  5.93608714e-01,
         8.09205814e-01, -6.91761638e-01,  3.35434029e-04,
        -5.10858960e-01,  2.36956526e-02,  5.46147413e-02,
        -2.89473966e-02, -1.46653754e-02, -2.62387619e-01],
       [-1.72684508e-01,  5.98708091e-01, -1.79554124e-01,
        -2.52266939e-01,  9.58287311e-02, -2.58248590e-01,
        -1.25456134e+00,  3.77649726e-01, -1.95147346e-01,
        -7.25049912e-01,  8.52146880e-02, -1.08952997e-01,
         9.97628609e-02, -2.06790794e-01, -2.01122242e-01,
         4.55451043e-02, -1.60246350e-02, -8.35547062e-02],
       [ 1.46039626e-01, -1.79554124e-01,  3.59942341e-01,
         1.70946081e-01,  2.21592650e-02,  1.72246825e-01,
         4.46272835e-01, -4.13151100e-01,  4.69528062e-01,
         6.53439119e-01,  4.77785080e-02,  4.75866333e-02,
        -3.46010292e-02,  1.46065666e-01,  5.76705099e-03,
         4.37898163e-02,  4.85929978e-02,  3.81039285e-02],
       [ 2.83699720e-01, -2.52266939e-01,  1.70946081e-01,
         4.46885546e-01,  7.32631148e-02,  2.09707006e-01,
         1.27830150e+00,  2.64263985e-01,  1.35997740e+00,
         1.32025486e+00,  2.03948181e-01, -2.56834440e-01,
        -3.83271150e-02,  1.22938022e-01,  1.20217458e-01,
         2.23556070e-02,  1.31313131e-02,  2.60272472e-02],
       [-2.25320995e-01,  9.58287311e-02,  2.21592650e-02,
         7.32631148e-02,  3.01496178e-01, -6.40598552e-02,
        -9.35142084e-02,  7.72446286e-01,  8.96922109e-01,
         2.75330532e-01,  7.52096455e-01, -2.38596102e-01,
         1.54423046e-01,  5.87622994e-02, -4.10876179e-02,
         5.88320264e-02,  2.74977523e-02,  5.83052514e-02],
       [ 3.42300838e-01, -2.58248590e-01,  1.72246825e-01,
         2.09707006e-01, -6.40598552e-02,  3.57998444e-01,
         1.02222231e+00, -5.32643413e-01,  9.43646650e-01,
         7.43776225e-01, -6.36798803e-02,  3.59123204e-01,
        -1.90180992e-01,  1.35836202e-01,  1.30734490e-01,
        -3.12606161e-02,  5.93416260e-02, -1.21841068e-02],
       [ 9.48617483e-01, -1.25456134e+00,  4.46272835e-01,
         1.27830150e+00, -9.35142084e-02,  1.02222231e+00,
         9.25065903e+00, -1.23868338e+00,  4.82393616e+00,
         3.49750945e+00,  1.10186114e+00, -3.19155632e-01,
        -6.92371875e-01,  4.94928825e-01,  5.24775833e-01,
        -2.29767927e-01,  3.30915832e-01, -7.25203844e-02],
       [-4.63779804e-01,  3.77649726e-01, -4.13151100e-01,
         2.64263985e-01,  7.72446286e-01, -5.32643413e-01,
        -1.23868338e+00,  4.55764644e+00,  1.77366527e+00,
         5.27737496e-01,  1.35488440e+00, -1.50586308e+00,
         5.18787106e-01, -4.76652628e-02, -4.39556660e-02,
         1.25285936e-01, -7.04592915e-02,  1.48374596e-01],
       [ 5.93608714e-01, -1.95147346e-01,  4.69528062e-01,
         1.35997740e+00,  8.96922109e-01,  9.43646650e-01,
         4.82393616e+00,  1.77366527e+00,  9.31612479e+00,
         4.55892989e+00,  2.75728284e+00, -6.31488173e-01,
        -1.94277633e-01,  4.63992569e-01,  2.98305415e-01,
         5.10086484e-02,  3.10364324e-01,  7.31886788e-02],
       [ 8.09205814e-01, -7.25049912e-01,  6.53439119e-01,
         1.32025486e+00,  2.75330532e-01,  7.43776225e-01,
         3.49750945e+00,  5.27737496e-01,  4.55892989e+00,
         4.20910644e+00,  7.44433005e-01, -5.32795058e-01,
        -1.51888925e-01,  4.38725183e-01,  3.39305260e-01,
         5.79697220e-02,  9.51656443e-02,  9.10661320e-02],
       [-6.91761638e-01,  8.52146880e-02,  4.77785080e-02,
         2.03948181e-01,  7.52096455e-01, -6.36798803e-02,
         1.10186114e+00,  1.35488440e+00,  2.75728284e+00,
         7.44433005e-01,  2.35998666e+00, -5.04592210e-01,
         3.04530402e-01,  1.83883258e-01, -5.97343326e-02,
         7.56950337e-02,  1.25441711e-01,  1.45573388e-01],
       [ 3.35434029e-04, -1.08952997e-01,  4.75866333e-02,
        -2.56834440e-01, -2.38596102e-01,  3.59123204e-01,
        -3.19155632e-01, -1.50586308e+00, -6.31488173e-01,
        -5.32795058e-01, -5.04592210e-01,  1.32379716e+00,
        -1.57136323e-01,  6.96287433e-02,  8.11814777e-02,
        -5.43779688e-02,  6.53008909e-02, -6.34623991e-03],
       [-5.10858960e-01,  9.97628609e-02, -3.46010292e-02,
        -3.83271150e-02,  1.54423046e-01, -1.90180992e-01,
        -6.92371875e-01,  5.18787106e-01, -1.94277633e-01,
        -1.51888925e-01,  3.04530402e-01, -1.57136323e-01,
         3.08969294e-01, -1.52760003e-02, -3.40036857e-02,
         7.76764819e-02, -3.34864916e-02,  1.31383088e-01],
       [ 2.36956526e-02, -2.06790794e-01,  1.46065666e-01,
         1.22938022e-01,  5.87622994e-02,  1.35836202e-01,
         4.94928825e-01, -4.76652628e-02,  4.63992569e-01,
         4.38725183e-01,  1.83883258e-01,  6.96287433e-02,
        -1.52760003e-02,  1.45622248e-01,  6.19599578e-02,
         3.94372565e-03,  5.54298832e-02,  5.09889289e-02],
       [ 5.46147413e-02, -2.01122242e-01,  5.76705099e-03,
         1.20217458e-01, -4.10876179e-02,  1.30734490e-01,
         5.24775833e-01, -4.39556660e-02,  2.98305415e-01,
         3.39305260e-01, -5.97343326e-02,  8.11814777e-02,
        -3.40036857e-02,  6.19599578e-02,  1.25976875e-01,
        -2.78851940e-02,  4.50743197e-03,  5.12514287e-02],
       [-2.89473966e-02,  4.55451043e-02,  4.37898163e-02,
         2.23556070e-02,  5.88320264e-02, -3.12606161e-02,
        -2.29767927e-01,  1.25285936e-01,  5.10086484e-02,
         5.79697220e-02,  7.56950337e-02, -5.43779688e-02,
         7.76764819e-02,  3.94372565e-03, -2.78851940e-02,
         6.05906647e-02, -1.36176141e-02,  1.75902438e-02],
       [-1.46653754e-02, -1.60246350e-02,  4.85929978e-02,
         1.31313131e-02,  2.74977523e-02,  5.93416260e-02,
         3.30915832e-01, -7.04592915e-02,  3.10364324e-01,
         9.51656443e-02,  1.25441711e-01,  6.53008909e-02,
        -3.34864916e-02,  5.54298832e-02,  4.50743197e-03,
        -1.36176141e-02,  6.41892436e-02,  2.05352559e-03],
       [-2.62387619e-01, -8.35547062e-02,  3.81039285e-02,
         2.60272472e-02,  5.83052514e-02, -1.21841068e-02,
        -7.25203844e-02,  1.48374596e-01,  7.31886788e-02,
         9.10661320e-02,  1.45573388e-01, -6.34623991e-03,
         1.31383088e-01,  5.09889289e-02,  5.12514287e-02,
         1.75902438e-02,  2.05352559e-03,  1.19055961e-01]])
      jac: array([ 1.99111098e-05,  3.13397456e-05,  7.59462863e-05,  1.99725421e-05,
       -8.55537863e-05, -1.99274671e-04, -1.84148992e-06,  3.72738877e-06,
        1.23590027e-05, -2.64862206e-06,  2.50828987e-05,  4.84220072e-05,
        3.53413595e-05,  7.92103420e-05,  1.87740564e-04, -4.24538182e-05,
       -2.97580479e-05, -1.26619456e-04])
  message: 'Desired error not necessarily achieved due to precision loss.'
     nfev: 2234
      nit: 74
     njev: 117
   status: 2
  success: False
        x: array([ 0.11136341,  0.19939831,  0.84429115,  1.44667949, -0.81060229,
        0.33738708,  0.86366969, -1.76194147,  0.9294913 ,  1.84452827,
       -0.72555005,  0.88445753,  0.04839686,  0.14689677, -0.23983498,
       -1.27525046, -0.37867116,  0.04700606])
