Program Begingeth
      fun: 0.24695476162714178
 hess_inv: array([[ 4.86855806e+00,  1.41053484e+00,  9.13218743e-01,
         1.10158123e+00,  4.66962869e-01, -9.12692555e-01,
         1.46453025e+00, -3.35092259e+00, -1.32233071e+00,
        -9.40485405e-01,  1.17974132e+00, -1.42066363e+00,
        -9.08765740e-01, -5.08505142e-01, -6.05627808e-01,
        -1.14193468e-01, -4.95590670e-01,  3.77487501e-01],
       [ 1.41053484e+00,  2.80602776e+00,  1.82641111e+00,
         3.78403196e-01,  8.60782240e-01,  1.32225047e-01,
         3.82237358e+00, -5.50296549e-01,  3.58527168e+00,
        -7.57015486e-02,  6.24613316e-01, -2.05316192e+00,
        -4.74076470e-01, -5.23162953e-01, -4.01859244e-01,
        -2.57582983e-02, -1.54659864e-01,  1.53070649e-02],
       [ 9.13218743e-01,  1.82641111e+00,  4.86276147e+00,
         1.04056442e+00,  5.35519576e-01,  1.14759189e+00,
         1.04080880e+01, -5.83550446e+00,  6.52272664e+00,
        -3.82874966e-01,  2.65418397e+00, -2.48273669e+00,
        -2.68424926e-01, -6.09426991e-01, -9.95278269e-01,
        -4.19565708e-01, -2.70635304e-01, -3.17047061e-01],
       [ 1.10158123e+00,  3.78403196e-01,  1.04056442e+00,
         4.94484993e-01,  1.51477473e-01,  5.86673116e-02,
         2.84237790e+00, -1.89504499e+00,  6.35820561e-01,
        -3.49169143e-01,  7.50798085e-01, -5.31574087e-01,
        -1.63314184e-01, -1.44294370e-01, -3.19073681e-01,
        -1.08561927e-01, -1.40300382e-01, -3.03404427e-02],
       [ 4.66962869e-01,  8.60782240e-01,  5.35519576e-01,
         1.51477473e-01,  4.10194736e-01,  8.38375379e-02,
         2.25050361e+00,  6.65956156e-01,  7.65826300e-01,
        -1.77573550e-01,  9.32145590e-02, -5.21685645e-01,
        -1.87315558e-01, -7.52737549e-02, -6.91767314e-02,
        -4.17080190e-02, -8.10859625e-02,  7.35458093e-03],
       [-9.12692555e-01,  1.32225047e-01,  1.14759189e+00,
         5.86673116e-02,  8.38375379e-02,  6.39585470e-01,
         3.30496547e+00, -4.37649594e-01,  2.38344389e+00,
        -6.39985225e-02,  3.68072877e-01, -2.85696140e-01,
         1.75179136e-01, -2.11440285e-02, -7.72874996e-02,
        -7.36443705e-02,  3.38328765e-03, -1.90625861e-01],
       [ 1.46453025e+00,  3.82237358e+00,  1.04080880e+01,
         2.84237790e+00,  2.25050361e+00,  3.30496547e+00,
         3.91226535e+01, -7.66328559e+00,  1.42776984e+01,
        -2.36792349e+00,  4.89007433e+00, -4.20611105e+00,
        -7.29508465e-01, -7.65544358e-01, -1.86858091e+00,
        -1.12706678e+00, -1.19442474e+00, -1.12296711e+00],
       [-3.35092259e+00, -5.50296549e-01, -5.83550446e+00,
        -1.89504499e+00,  6.65956156e-01, -4.37649594e-01,
        -7.66328559e+00,  1.85214647e+01, -6.20655303e+00,
         3.38424981e-01, -4.68099758e+00,  2.46955612e+00,
         4.88535042e-01,  1.01797470e+00,  2.10566142e+00,
         7.39500914e-01,  4.96169215e-01,  3.52223891e-01],
       [-1.32233071e+00,  3.58527168e+00,  6.52272664e+00,
         6.35820561e-01,  7.65826300e-01,  2.38344389e+00,
         1.42776984e+01, -6.20655303e+00,  1.73728791e+01,
        -1.53990561e-01,  3.15400502e+00, -3.67943535e+00,
         2.69893592e-02, -1.28938220e+00, -1.23185352e+00,
        -2.98980364e-01, -3.96430957e-01, -7.38946231e-01],
       [-9.40485405e-01, -7.57015486e-02, -3.82874966e-01,
        -3.49169143e-01, -1.77573550e-01, -6.39985225e-02,
        -2.36792349e+00,  3.38424981e-01, -1.53990561e-01,
         1.11852103e+00, -4.35220164e-01,  1.96621083e-01,
         3.17254517e-03,  9.49115948e-02,  1.66083837e-01,
         6.02856479e-02,  2.33990497e-01,  1.46282064e-01],
       [ 1.17974132e+00,  6.24613316e-01,  2.65418397e+00,
         7.50798085e-01,  9.32145590e-02,  3.68072877e-01,
         4.89007433e+00, -4.68099758e+00,  3.15400502e+00,
        -4.35220164e-01,  2.27269188e+00, -1.36620329e+00,
        -1.91069171e-01, -5.08893223e-01, -8.18569437e-01,
        -2.92961241e-01, -2.24761178e-01, -2.43915581e-01],
       [-1.42066363e+00, -2.05316192e+00, -2.48273669e+00,
        -5.31574087e-01, -5.21685645e-01, -2.85696140e-01,
        -4.20611105e+00,  2.46955612e+00, -3.67943535e+00,
         1.96621083e-01, -1.36620329e+00,  2.29546615e+00,
         3.70076394e-01,  6.33065142e-01,  5.31587465e-01,
         8.88080900e-02,  2.32021204e-01,  6.19642218e-02],
       [-9.08765740e-01, -4.74076470e-01, -2.68424926e-01,
        -1.63314184e-01, -1.87315558e-01,  1.75179136e-01,
        -7.29508465e-01,  4.88535042e-01,  2.69893592e-02,
         3.17254517e-03, -1.91069171e-01,  3.70076394e-01,
         3.22149395e-01,  1.13380943e-01,  1.11167895e-01,
         8.11673329e-02,  1.31083425e-01, -1.24261506e-01],
       [-5.08505142e-01, -5.23162953e-01, -6.09426991e-01,
        -1.44294370e-01, -7.52737549e-02, -2.11440285e-02,
        -7.65544358e-01,  1.01797470e+00, -1.28938220e+00,
         9.49115948e-02, -5.08893223e-01,  6.33065142e-01,
         1.13380943e-01,  2.66575668e-01,  1.99647274e-01,
         1.85024443e-02,  1.13147045e-01,  2.95727753e-02],
       [-6.05627808e-01, -4.01859244e-01, -9.95278269e-01,
        -3.19073681e-01, -6.91767314e-02, -7.72874996e-02,
        -1.86858091e+00,  2.10566142e+00, -1.23185352e+00,
         1.66083837e-01, -8.18569437e-01,  5.31587465e-01,
         1.11167895e-01,  1.99647274e-01,  3.72872415e-01,
         1.19380835e-01,  8.92270734e-02,  9.99092240e-02],
       [-1.14193468e-01, -2.57582983e-02, -4.19565708e-01,
        -1.08561927e-01, -4.17080190e-02, -7.36443705e-02,
        -1.12706678e+00,  7.39500914e-01, -2.98980364e-01,
         6.02856479e-02, -2.92961241e-01,  8.88080900e-02,
         8.11673329e-02,  1.85024443e-02,  1.19380835e-01,
         1.12758915e-01,  4.83953967e-02,  2.59501404e-02],
       [-4.95590670e-01, -1.54659864e-01, -2.70635304e-01,
        -1.40300382e-01, -8.10859625e-02,  3.38328765e-03,
        -1.19442474e+00,  4.96169215e-01, -3.96430957e-01,
         2.33990497e-01, -2.24761178e-01,  2.32021204e-01,
         1.31083425e-01,  1.13147045e-01,  8.92270734e-02,
         4.83953967e-02,  1.60245847e-01, -1.61708165e-03],
       [ 3.77487501e-01,  1.53070649e-02, -3.17047061e-01,
        -3.03404427e-02,  7.35458093e-03, -1.90625861e-01,
        -1.12296711e+00,  3.52223891e-01, -7.38946231e-01,
         1.46282064e-01, -2.43915581e-01,  6.19642218e-02,
        -1.24261506e-01,  2.95727753e-02,  9.99092240e-02,
         2.59501404e-02, -1.61708165e-03,  1.69924458e-01]])
      jac: array([ 1.05582210e-05,  3.53976108e-06, -1.82391139e-06, -1.12732046e-05,
        9.00631421e-06,  3.32110265e-05, -1.70493249e-06, -2.18047802e-06,
       -4.06545168e-06,  1.39662356e-05,  1.47631907e-05,  1.70234197e-08,
       -2.83624975e-06,  1.70014003e-05,  3.77934721e-05, -7.48919445e-06,
        1.80318723e-06, -4.56003753e-05])
  message: 'Desired error not necessarily achieved due to precision loss.'
     nfev: 2709
      nit: 91
     njev: 142
   status: 2
  success: False
        x: array([-0.33264905, -0.50644468,  0.6390007 , -0.89726081, -0.69461292,
        0.07180997, -0.49809719, -1.34606789, -0.60347266,  0.11828206,
        0.70120798,  1.01745659,  0.04798697,  0.17592238, -0.37147085,
        1.14661864, -0.42428056,  0.00714449])
