Program Begingeth
      fun: 0.4394267715155427
 hess_inv: array([[ 1.40109175e+01,  4.33632550e-02,  1.06972084e+00,
         6.00752763e+00,  4.43930137e-01,  1.56565361e+00,
        -4.03308509e-01,  7.71834965e-01,  8.20123647e+00,
         5.11568053e-01, -1.52370044e+00,  1.07683611e+00,
         1.72331248e-01,  7.63624639e-01,  8.51840992e-01,
         1.74253577e-01,  6.95796941e-02,  7.46136336e-01],
       [ 4.33632550e-02,  4.58332544e+00,  5.41050516e-01,
         2.06707640e-02,  2.05810759e+00,  5.11280038e-02,
        -1.02550353e+00, -1.42904553e-01,  2.86871018e+00,
        -1.75643134e+00, -5.66242237e-01,  8.25904574e-03,
         5.67376841e-01,  2.89021984e-01, -7.74651388e-02,
         1.58404901e-01,  3.42452569e-02,  4.16625678e-01],
       [ 1.06972084e+00,  5.41050516e-01,  3.32083351e+00,
         2.95219178e-01,  2.40722180e-01,  1.51432919e+00,
         1.68186540e+00, -1.50588541e+00,  1.36834678e+00,
        -6.86806606e-01, -2.15861142e-01,  1.82913842e-01,
        -3.45104520e-02,  3.36666908e-01,  9.73876818e-02,
         1.23356383e-01,  2.40699220e-01,  1.59716092e-01],
       [ 6.00752763e+00,  2.06707640e-02,  2.95219178e-01,
         2.60628913e+00,  2.05467458e-01,  5.95521489e-01,
        -5.83961167e-01,  4.65300658e-01,  3.53858784e+00,
         2.32335851e-01, -6.68541469e-01,  3.92148953e-01,
         1.23834623e-01,  3.05867469e-01,  3.88074456e-01,
         6.88176238e-02, -1.30812585e-02,  3.41899253e-01],
       [ 4.43930137e-01,  2.05810759e+00,  2.40722180e-01,
         2.05467458e-01,  9.79193300e-01,  5.29892628e-02,
        -1.25318650e+00,  3.67933424e-02,  1.70936499e+00,
        -7.50864994e-01, -2.95399313e-01,  1.21245697e-02,
         3.14648495e-01,  1.56820728e-01,  1.03710155e-02,
         6.57976264e-02, -2.43587470e-02,  2.49456015e-01],
       [ 1.56565361e+00,  5.11280038e-02,  1.51432919e+00,
         5.95521489e-01,  5.29892628e-02,  8.09834979e-01,
         9.32940161e-01, -5.22423812e-01,  1.18752345e+00,
        -9.61457464e-02, -2.26737347e-01,  1.72610858e-01,
        -6.22602023e-02,  2.07663045e-01,  1.29129953e-01,
         6.02617896e-02,  1.25130097e-01,  1.07816175e-01],
       [-4.03308509e-01, -1.02550353e+00,  1.68186540e+00,
        -5.83961167e-01, -1.25318650e+00,  9.32940161e-01,
         2.81375454e+01, -3.76864877e-03, -4.50131026e+00,
         3.03802153e-01,  6.10615789e-01,  1.53673622e+00,
        -1.78877686e+00,  3.50931161e-01, -8.22110003e-01,
         8.56810273e-01,  1.80595981e+00, -1.39824692e+00],
       [ 7.71834965e-01, -1.42904553e-01, -1.50588541e+00,
         4.65300658e-01,  3.67933424e-02, -5.22423812e-01,
        -3.76864877e-03,  7.13708043e+00,  1.78662855e+00,
         6.80031622e-01,  3.85440064e-01, -1.15426988e+00,
        -2.04155215e-01, -1.90394237e-01,  2.02473881e-01,
        -2.81008511e-01,  3.87750682e-01, -6.21943905e-02],
       [ 8.20123647e+00,  2.86871018e+00,  1.36834678e+00,
         3.53858784e+00,  1.70936499e+00,  1.18752345e+00,
        -4.50131026e+00,  1.78662855e+00,  1.37872433e+01,
        -9.81118735e-01,  1.07720933e-01,  1.60803834e-01,
         7.45189332e-01,  3.49255663e-01,  5.11525227e-01,
         1.84649197e-01, -2.36306795e-02,  1.23038095e+00],
       [ 5.11568053e-01, -1.75643134e+00, -6.86806606e-01,
         2.32335851e-01, -7.50864994e-01, -9.61457464e-02,
         3.03802153e-01,  6.80031622e-01, -9.81118735e-01,
         1.91037381e+00,  3.38862564e-01,  1.58152407e-02,
        -4.77404479e-01, -1.64823221e-01, -2.97537840e-03,
        -7.77087302e-02, -4.37742535e-02, -3.62975248e-01],
       [-1.52370044e+00, -5.66242237e-01, -2.15861142e-01,
        -6.68541469e-01, -2.95399313e-01, -2.26737347e-01,
         6.10615789e-01,  3.85440064e-01,  1.07720933e-01,
         3.38862564e-01,  1.24666193e+00, -1.45541664e-01,
        -1.33621550e-01, -3.28977550e-01, -2.80675424e-01,
         1.78461276e-02,  3.89373471e-02, -2.46317162e-01],
       [ 1.07683611e+00,  8.25904574e-03,  1.82913842e-01,
         3.92148953e-01,  1.21245697e-02,  1.72610858e-01,
         1.53673622e+00, -1.15426988e+00,  1.60803834e-01,
         1.58152407e-02, -1.45541664e-01,  8.42886018e-01,
        -6.20326466e-02,  1.77447080e-01, -1.14844527e-01,
         1.48127575e-01,  8.78208525e-02, -1.57408232e-02],
       [ 1.72331248e-01,  5.67376841e-01, -3.45104520e-02,
         1.23834623e-01,  3.14648495e-01, -6.22602023e-02,
        -1.78877686e+00, -2.04155215e-01,  7.45189332e-01,
        -4.77404479e-01, -1.33621550e-01, -6.20326466e-02,
         2.94803479e-01,  2.45500664e-02,  5.97118785e-02,
         2.33930130e-02, -1.31033475e-01,  2.00927600e-01],
       [ 7.63624639e-01,  2.89021984e-01,  3.36666908e-01,
         3.05867469e-01,  1.56820728e-01,  2.07663045e-01,
         3.50931161e-01, -1.90394237e-01,  3.49255663e-01,
        -1.64823221e-01, -3.28977550e-01,  1.77447080e-01,
         2.45500664e-02,  1.70098311e-01,  5.92376574e-02,
         3.84973460e-02,  6.87620969e-02,  8.17484375e-02],
       [ 8.51840992e-01, -7.74651388e-02,  9.73876818e-02,
         3.88074456e-01,  1.03710155e-02,  1.29129953e-01,
        -8.22110003e-01,  2.02473881e-01,  5.11525227e-01,
        -2.97537840e-03, -2.80675424e-01, -1.14844527e-01,
         5.97118785e-02,  5.92376574e-02,  1.77669666e-01,
        -3.99906604e-02, -4.60847914e-02,  1.37246255e-01],
       [ 1.74253577e-01,  1.58404901e-01,  1.23356383e-01,
         6.88176238e-02,  6.57976264e-02,  6.02617896e-02,
         8.56810273e-01, -2.81008511e-01,  1.84649197e-01,
        -7.77087302e-02,  1.78461276e-02,  1.48127575e-01,
         2.33930130e-02,  3.84973460e-02, -3.99906604e-02,
         1.01560345e-01,  3.52136807e-02, -3.56369038e-03],
       [ 6.95796941e-02,  3.42452569e-02,  2.40699220e-01,
        -1.30812585e-02, -2.43587470e-02,  1.25130097e-01,
         1.80595981e+00,  3.87750682e-01, -2.36306795e-02,
        -4.37742535e-02,  3.89373471e-02,  8.78208525e-02,
        -1.31033475e-01,  6.87620969e-02, -4.60847914e-02,
         3.52136807e-02,  2.00881157e-01, -7.13746438e-02],
       [ 7.46136336e-01,  4.16625678e-01,  1.59716092e-01,
         3.41899253e-01,  2.49456015e-01,  1.07816175e-01,
        -1.39824692e+00, -6.21943905e-02,  1.23038095e+00,
        -3.62975248e-01, -2.46317162e-01, -1.57408232e-02,
         2.00927600e-01,  8.17484375e-02,  1.37246255e-01,
        -3.56369038e-03, -7.13746438e-02,  2.49998787e-01]])
      jac: array([ 9.02204237e-06,  2.49023024e-06,  2.07389661e-06, -1.92064883e-05,
       -4.46124619e-06, -5.91933909e-06,  8.03061321e-07,  8.86698122e-07,
       -1.03620816e-08,  2.33627932e-06,  6.36157793e-07, -1.05989291e-06,
        5.05780603e-06,  5.88344188e-06, -2.58274883e-06,  3.93018951e-07,
       -5.63845267e-06,  3.02128692e-06])
  message: 'Desired error not necessarily achieved due to precision loss.'
     nfev: 2501
      nit: 88
     njev: 131
   status: 2
  success: False
        x: array([ 1.64167525, -0.88033176,  0.43474528,  1.59451141, -0.93584273,
        0.19447234, -0.38875834, -1.71228699,  0.49909573, -0.07343293,
        0.26415352,  1.14179275, -0.00517688, -0.05864339, -0.24178711,
       -1.28196078, -1.01569897,  0.04280873])
