Program Begingeth
      fun: 0.2972368065368095
 hess_inv: array([[ 5.24854726e+00, -3.94349000e-01, -6.05083560e+00,
         2.22568804e+00, -2.19875822e-01, -3.12051691e+00,
        -4.11159972e+00, -2.81671102e+00, -7.36770249e+00,
         4.96485497e-01, -8.70202231e-02,  4.13825721e-01,
         3.90872600e-01, -8.45790221e-02, -9.57270161e-02,
         2.67710228e-01, -3.43230780e-01,  1.05708860e-01],
       [-3.94349000e-01,  9.88176658e-01,  3.90796556e-01,
        -2.08439269e-01,  5.29709934e-01,  1.27198945e-01,
         4.06250169e-01,  7.89657195e-01,  3.04567991e-02,
        -1.40211585e-01,  9.89632073e-02,  1.81526503e-01,
        -2.90368125e-02,  9.91574436e-02, -1.03817693e-01,
         1.69319083e-02,  9.65834068e-02, -3.36974222e-02],
       [-6.05083560e+00,  3.90796556e-01,  1.19667342e+01,
        -2.08408115e+00,  5.51892457e-01,  6.24471622e+00,
         1.01054028e+01,  6.01745344e+00,  1.32057132e+01,
        -6.25577931e-01, -5.43147082e-01, -3.48926131e-01,
        -2.42575382e-01,  3.74564172e-01,  3.61897082e-01,
        -1.93497676e-01,  3.90232758e-01, -5.57037376e-02],
       [ 2.22568804e+00, -2.08439269e-01, -2.08408115e+00,
         1.02795965e+00, -8.69954657e-02, -1.07328633e+00,
        -9.92685292e-01, -1.01111725e+00, -2.55469205e+00,
         1.85426823e-01, -6.59165023e-02,  1.62472078e-01,
         2.22029307e-01, -4.09706715e-02, -2.27235661e-02,
         1.40129161e-01, -1.76673777e-01,  5.31258644e-02],
       [-2.19875822e-01,  5.29709934e-01,  5.51892457e-01,
        -8.69954657e-02,  3.29173651e-01,  2.54116263e-01,
         5.51340080e-01,  7.77210486e-01,  3.35272747e-01,
        -4.63005736e-02,  1.74114336e-02,  1.35012081e-01,
        -2.75998397e-03,  8.22719935e-02, -4.14745343e-02,
         2.77722148e-02,  5.46520453e-02, -1.54819547e-02],
       [-3.12051691e+00,  1.27198945e-01,  6.24471622e+00,
        -1.07328633e+00,  2.54116263e-01,  3.29351223e+00,
         5.18324668e+00,  3.16786054e+00,  7.01878677e+00,
        -2.48128507e-01, -3.58028381e-01, -1.88222059e-01,
        -1.46158097e-01,  2.01646432e-01,  2.16113182e-01,
        -1.11665162e-01,  1.94217535e-01, -2.82885698e-02],
       [-4.11159972e+00,  4.06250169e-01,  1.01054028e+01,
        -9.92685292e-01,  5.51340080e-01,  5.18324668e+00,
         1.11953274e+01,  4.81766403e+00,  1.12787026e+01,
        -5.85148333e-01, -2.10887617e-01, -2.51445099e-01,
         8.83404583e-02,  1.97521122e-01,  1.88409697e-01,
        -9.30475485e-03,  1.41993346e-01, -6.00808890e-02],
       [-2.81671102e+00,  7.89657195e-01,  6.01745344e+00,
        -1.01111725e+00,  7.77210486e-01,  3.16786054e+00,
         4.81766403e+00,  5.16934453e+00,  6.25633228e+00,
         3.78755758e-03, -2.56712666e-01,  1.13107900e-01,
        -2.04882386e-01,  2.93911231e-01,  1.48217774e-01,
        -5.67943650e-02,  2.16808973e-01, -6.45330946e-02],
       [-7.36770249e+00,  3.04567991e-02,  1.32057132e+01,
        -2.55469205e+00,  3.35272747e-01,  7.01878677e+00,
         1.12787026e+01,  6.25633228e+00,  1.64160976e+01,
        -5.79930453e-01, -5.73231134e-01, -5.37309536e-01,
        -3.00899691e-01,  2.45952427e-01,  3.99160654e-01,
        -2.68813727e-01,  3.25543606e-01, -1.08704495e-01],
       [ 4.96485497e-01, -1.40211585e-01, -6.25577931e-01,
         1.85426823e-01, -4.63005736e-02, -2.48128507e-01,
        -5.85148333e-01,  3.78755758e-03, -5.79930453e-01,
         8.51603069e-01,  1.36920520e-02, -4.27011168e-02,
        -1.76790378e-01, -2.90530561e-02, -7.85052989e-02,
        -1.09350555e-02, -5.59171172e-02, -1.98030691e-01],
       [-8.70202231e-02,  9.89632073e-02, -5.43147082e-01,
        -6.59165023e-02,  1.74114336e-02, -3.58028381e-01,
        -2.10887617e-01, -2.56712666e-01, -5.73231134e-01,
         1.36920520e-02,  5.29362504e-01, -2.97006593e-02,
        -3.24829401e-03, -1.25768787e-01, -1.53268381e-01,
         1.87640507e-02, -1.37837836e-03, -9.98086866e-02],
       [ 4.13825721e-01,  1.81526503e-01, -3.48926131e-01,
         1.62472078e-01,  1.35012081e-01, -1.88222059e-01,
        -2.51445099e-01,  1.13107900e-01, -5.37309536e-01,
        -4.27011168e-02, -2.97006593e-02,  3.45432920e-01,
         7.72684972e-02,  7.78013051e-02, -5.30888804e-02,
         8.91906371e-02,  3.29964981e-02,  3.85941264e-02],
       [ 3.90872600e-01, -2.90368125e-02, -2.42575382e-01,
         2.22029307e-01, -2.75998397e-03, -1.46158097e-01,
         8.83404583e-02, -2.04882386e-01, -3.00899691e-01,
        -1.76790378e-01, -3.24829401e-03,  7.72684972e-02,
         1.51660886e-01, -1.16474989e-02,  5.60966057e-03,
         8.50292802e-02, -4.70507484e-02,  6.51158247e-02],
       [-8.45790221e-02,  9.91574436e-02,  3.74564172e-01,
        -4.09706715e-02,  8.22719935e-02,  2.01646432e-01,
         1.97521122e-01,  2.93911231e-01,  2.45952427e-01,
        -2.90530561e-02, -1.25768787e-01,  7.78013051e-02,
        -1.16474989e-02,  9.34795907e-02,  2.71969378e-02,
         1.33029965e-03,  6.18255202e-02,  2.39541218e-02],
       [-9.57270161e-02, -1.03817693e-01,  3.61897082e-01,
        -2.27235661e-02, -4.14745343e-02,  2.16113182e-01,
         1.88409697e-01,  1.48217774e-01,  3.99160654e-01,
        -7.85052989e-02, -1.53268381e-01, -5.30888804e-02,
         5.60966057e-03,  2.71969378e-02,  9.70737149e-02,
        -2.27628467e-02,  3.74315964e-04,  6.66124511e-02],
       [ 2.67710228e-01,  1.69319083e-02, -1.93497676e-01,
         1.40129161e-01,  2.77722148e-02, -1.11665162e-01,
        -9.30475485e-03, -5.67943650e-02, -2.68813727e-01,
        -1.09350555e-02,  1.87640507e-02,  8.91906371e-02,
         8.50292802e-02,  1.33029965e-03, -2.27628467e-02,
         7.96764307e-02, -2.41096940e-02,  1.24120717e-02],
       [-3.43230780e-01,  9.65834068e-02,  3.90232758e-01,
        -1.76673777e-01,  5.46520453e-02,  1.94217535e-01,
         1.41993346e-01,  2.16808973e-01,  3.25543606e-01,
        -5.59171172e-02, -1.37837836e-03,  3.29964981e-02,
        -4.70507484e-02,  6.18255202e-02,  3.74315964e-04,
        -2.41096940e-02,  8.75693791e-02, -8.09376711e-04],
       [ 1.05708860e-01, -3.36974222e-02, -5.57037376e-02,
         5.31258644e-02, -1.54819547e-02, -2.82885698e-02,
        -6.00808890e-02, -6.45330946e-02, -1.08704495e-01,
        -1.98030691e-01, -9.98086866e-02,  3.85941264e-02,
         6.51158247e-02,  2.39541218e-02,  6.66124511e-02,
         1.24120717e-02, -8.09376711e-04,  1.02924472e-01]])
      jac: array([ 9.73665593e-06,  1.88064379e-05,  1.42585943e-05, -1.00238336e-05,
       -4.05105579e-05, -2.87788312e-05,  1.42885703e-06,  1.46549439e-06,
        2.22599716e-06, -5.43195118e-06,  8.67010167e-06, -2.56091444e-07,
       -2.83987648e-05,  3.21990582e-05,  3.86494540e-05,  3.48128933e-05,
       -8.98577509e-06, -2.28942791e-05])
  message: 'Desired error not necessarily achieved due to precision loss.'
     nfev: 2330
      nit: 74
     njev: 122
   status: 2
  success: False
        x: array([ 2.0472852 , -1.18982877,  0.25574216,  1.76809601, -1.25961398,
        0.03526702,  2.36280753, -1.3434848 , -0.98411682,  0.09151946,
        0.3961553 ,  1.22332328,  0.04978611,  0.16740815, -0.27654553,
       -1.12442979, -0.25684763, -0.00366331])
