Program Begingeth
      fun: 0.3633933323407678
 hess_inv: array([[ 1.53427041e+00, -1.19849214e-01,  8.44987405e-02,
        -3.61610647e-02,  2.63883383e-01, -3.51458010e-01,
         1.15324514e-01,  1.09967782e+00, -2.28712528e+00,
        -3.18356847e-03,  1.30657487e-01,  1.61094396e+00,
        -7.58103571e-01,  1.48448801e-01, -6.97534603e-01,
        -1.22431252e-01, -7.86998079e-02, -1.63735536e-01],
       [-1.19849214e-01,  2.85505349e+00, -2.46183197e-01,
        -3.55668893e-01, -2.83145646e-01, -4.53672722e-01,
        -1.64982544e+00,  8.91592030e-02,  5.15322891e-01,
         9.28096025e-02,  1.35960527e+00, -9.33920135e-02,
        -2.04606311e-01, -1.99184592e+00, -1.03815952e-01,
         9.80309274e-03, -3.44836197e-01,  3.55106904e-01],
       [ 8.44987405e-02, -2.46183197e-01,  1.28104584e+00,
         1.32392769e-01,  2.64072811e-01, -9.90095769e-02,
         1.13297519e+00,  3.89401603e-01, -2.23560843e-01,
        -1.27565685e+00, -9.02626696e-02,  5.80232189e-02,
         3.05484822e-01,  3.14459433e-01, -7.70765848e-01,
         1.38325350e-02, -5.70191937e-02, -2.14526882e-01],
       [-3.61610647e-02, -3.55668893e-01,  1.32392769e-01,
         1.90759792e-01, -1.24054209e-02,  7.64179168e-03,
         5.38266263e-01, -5.39002317e-01, -2.04717514e-01,
        -1.65173560e-01,  1.70497231e-01,  1.18730034e-02,
         2.25236683e-01,  1.44697092e-01, -6.49200960e-02,
         3.38344032e-02,  1.71977634e-02, -4.16667903e-02],
       [ 2.63883383e-01, -2.83145646e-01,  2.64072811e-01,
        -1.24054209e-02,  2.19289923e-01,  3.33566170e-03,
         4.30059030e-01,  7.91441933e-01, -2.32266807e-01,
        -2.10006715e-01, -3.64999401e-01,  2.95852029e-01,
        -1.16910095e-01,  3.90648255e-01, -2.22412790e-01,
        -1.76947231e-02,  5.10810356e-02, -9.25639916e-02],
       [-3.51458010e-01, -4.53672722e-01, -9.90095769e-02,
         7.64179168e-03,  3.33566170e-03,  2.99266360e-01,
         1.75339671e-01, -1.45624106e-01,  1.11343928e+00,
         6.35108267e-02, -6.85707428e-01, -3.23217258e-01,
         1.60585214e-01,  4.20974881e-01,  3.27606028e-01,
         4.82185782e-02,  1.02112375e-01, -1.66462063e-03],
       [ 1.15324514e-01, -1.64982544e+00,  1.13297519e+00,
         5.38266263e-01,  4.30059030e-01,  1.75339671e-01,
         3.87573012e+00,  1.32612426e-01, -2.26843417e-01,
        -8.36541307e-01, -7.26225273e-01,  4.50476197e-01,
         4.23985271e-01,  1.37709032e+00, -6.02941502e-01,
         3.45592755e-02,  1.75406149e-01, -3.17920630e-01],
       [ 1.09967782e+00,  8.91592030e-02,  3.89401603e-01,
        -5.39002317e-01,  7.91441933e-01, -1.45624106e-01,
         1.32612426e-01,  5.81906217e+00, -1.23015824e+00,
         6.12149553e-02, -6.97412295e-01,  9.10797766e-01,
        -1.18512305e+00,  5.19704636e-01, -4.93267185e-01,
        -2.47754797e-01,  2.74987249e-02, -9.09943952e-02],
       [-2.28712528e+00,  5.15322891e-01, -2.23560843e-01,
        -2.04717514e-01, -2.32266807e-01,  1.11343928e+00,
        -2.26843417e-01, -1.23015824e+00,  8.43016641e+00,
        -3.69961329e-01, -2.32078478e+00, -1.67207146e+00,
         1.07258551e+00,  2.62743229e-01,  1.08351410e+00,
         3.42804972e-01,  1.53794553e-01,  1.37765780e-01],
       [-3.18356847e-03,  9.28096025e-02, -1.27565685e+00,
        -1.65173560e-01, -2.10006715e-01,  6.35108267e-02,
        -8.36541307e-01,  6.12149553e-02, -3.69961329e-01,
         1.71283813e+00,  9.55655765e-02, -5.76928547e-02,
        -5.35996587e-01, -1.97283762e-01,  7.71096879e-01,
        -8.73864080e-02,  1.02346479e-01,  2.09089623e-01],
       [ 1.30657487e-01,  1.35960527e+00, -9.02626696e-02,
         1.70497231e-01, -3.64999401e-01, -6.85707428e-01,
        -7.26225273e-01, -6.97412295e-01, -2.32078478e+00,
         9.55655765e-02,  3.72368858e+00, -1.44712593e-01,
        -6.57155650e-04, -1.92605067e+00, -2.08056431e-01,
        -2.03131490e-01, -3.46928812e-01,  3.37377415e-01],
       [ 1.61094396e+00, -9.33920135e-02,  5.80232189e-02,
         1.18730034e-02,  2.95852029e-01, -3.23217258e-01,
         4.50476197e-01,  9.10797766e-01, -1.67207146e+00,
        -5.76928547e-02, -1.44712593e-01,  2.21008555e+00,
        -7.14672630e-01,  2.38765655e-01, -8.73118366e-01,
        -6.51847847e-02, -8.15704145e-02, -2.25707611e-01],
       [-7.58103571e-01, -2.04606311e-01,  3.05484822e-01,
         2.25236683e-01, -1.16910095e-01,  1.60585214e-01,
         4.23985271e-01, -1.18512305e+00,  1.07258551e+00,
        -5.35996587e-01, -6.57155650e-04, -7.14672630e-01,
         7.28022242e-01,  6.58927737e-02,  1.15316817e-01,
         1.52226796e-01,  2.35041553e-02, -4.82866135e-03],
       [ 1.48448801e-01, -1.99184592e+00,  3.14459433e-01,
         1.44697092e-01,  3.90648255e-01,  4.20974881e-01,
         1.37709032e+00,  5.19704636e-01,  2.62743229e-01,
        -1.97283762e-01, -1.92605067e+00,  2.38765655e-01,
         6.58927737e-02,  1.81830248e+00, -1.74581638e-02,
         4.76655803e-02,  3.34557113e-01, -3.21756184e-01],
       [-6.97534603e-01, -1.03815952e-01, -7.70765848e-01,
        -6.49200960e-02, -2.22412790e-01,  3.27606028e-01,
        -6.02941502e-01, -4.93267185e-01,  1.08351410e+00,
         7.71096879e-01, -2.08056431e-01, -8.73118366e-01,
         1.15316817e-01, -1.74581638e-02,  9.15444846e-01,
         2.64208006e-02,  1.12289838e-01,  2.25764270e-01],
       [-1.22431252e-01,  9.80309274e-03,  1.38325350e-02,
         3.38344032e-02, -1.76947231e-02,  4.82185782e-02,
         3.45592755e-02, -2.47754797e-01,  3.42804972e-01,
        -8.73864080e-02, -2.03131490e-01, -6.51847847e-02,
         1.52226796e-01,  4.76655803e-02,  2.64208006e-02,
         7.52895049e-02,  1.13344975e-02, -9.76295895e-03],
       [-7.86998079e-02, -3.44836197e-01, -5.70191937e-02,
         1.71977634e-02,  5.10810356e-02,  1.02112375e-01,
         1.75406149e-01,  2.74987249e-02,  1.53794553e-01,
         1.02346479e-01, -3.46928812e-01, -8.15704145e-02,
         2.35041553e-02,  3.34557113e-01,  1.12289838e-01,
         1.13344975e-02,  1.02606490e-01, -2.58270523e-02],
       [-1.63735536e-01,  3.55106904e-01, -2.14526882e-01,
        -4.16667903e-02, -9.25639916e-02, -1.66462063e-03,
        -3.17920630e-01, -9.09943952e-02,  1.37765780e-01,
         2.09089623e-01,  3.37377415e-01, -2.25707611e-01,
        -4.82866135e-03, -3.21756184e-01,  2.25764270e-01,
        -9.76295895e-03, -2.58270523e-02,  1.41536270e-01]])
      jac: array([-4.36206626e-06,  9.15193847e-07,  5.14403335e-08,  3.92130772e-06,
        1.98840944e-06, -9.66301113e-06,  3.01388544e-06, -2.55351296e-07,
        7.86037902e-07, -3.25480383e-06,  1.94696111e-06,  3.83693077e-06,
       -8.53613476e-06,  4.25585493e-07,  1.62051853e-05,  5.13478149e-06,
        3.40468394e-08, -1.95188310e-05])
  message: 'Desired error not necessarily achieved due to precision loss.'
     nfev: 1437
      nit: 38
     njev: 75
   status: 2
  success: False
        x: array([ 0.55896965, -0.11833267,  0.42707377,  0.20101891, -1.33123069,
       -0.63315312,  1.28035622, -1.79592523, -0.77366846, -0.82309208,
        0.0148634 ,  0.48605999,  0.11119324,  0.00547565, -0.37149054,
        0.06955768,  1.61483627, -0.71730875])
