Program Begingeth
      fun: 0.2673528227739287
 hess_inv: array([[ 2.66881713e+00, -8.26944049e-01,  2.53581660e-01,
         1.00536523e+00, -4.19870497e-01,  5.37931597e-01,
         1.02755813e+00,  5.82843131e-01,  2.26043544e+00,
         2.48107949e-02, -5.98402878e-01, -6.97347189e-02,
        -3.33701253e-01,  1.42469793e-01,  2.47950190e-01,
        -2.02038151e-01,  1.78564164e-01, -6.03442815e-02],
       [-8.26944049e-01,  2.40391428e+00,  6.47392391e-01,
        -2.29888319e-01,  1.04134592e+00,  1.10080777e-01,
        -1.20787921e+00,  9.05060133e-01,  1.33522256e+00,
        -3.52072511e-01,  4.25462096e-01, -6.54422660e-01,
         3.34358211e-01, -2.36007850e-01, -6.99272623e-02,
         7.78801564e-02, -1.62475136e-01,  4.97121605e-02],
       [ 2.53581660e-01,  6.47392391e-01,  4.66062158e+00,
        -5.45816028e-01,  1.14079039e-01,  2.19545757e+00,
        -7.22806151e+00, -3.84016944e+00,  6.58463690e+00,
         5.11570570e-01,  1.24582895e+00, -3.19588649e-01,
        -1.80477047e-01, -8.84770372e-02, -4.30669961e-01,
         1.22751070e-01,  1.09839459e-01, -4.10743751e-01],
       [ 1.00536523e+00, -2.29888319e-01, -5.45816028e-01,
         5.12552941e-01, -1.12091490e-01, -1.09767803e-01,
         1.72257776e+00,  8.38927697e-01,  9.85321974e-02,
        -9.72152707e-02, -3.58704492e-01, -6.72289389e-02,
        -7.30497663e-02,  2.68023627e-02,  1.59776087e-01,
        -9.31960500e-02,  3.12752514e-02,  4.66340314e-02],
       [-4.19870497e-01,  1.04134592e+00,  1.14079039e-01,
        -1.12091490e-01,  5.09812026e-01, -1.91479042e-02,
        -5.61741291e-01,  9.77732347e-01,  1.76261502e-01,
        -1.24099783e-01,  8.69133174e-02, -2.33382319e-01,
         1.63675280e-01, -6.36543032e-02,  6.12875446e-03,
         4.69500986e-02, -7.12375094e-02,  4.51307838e-02],
       [ 5.37931597e-01,  1.10080777e-01,  2.19545757e+00,
        -1.09767803e-01, -1.91479042e-02,  1.14243640e+00,
        -3.41073874e+00, -1.51010940e+00,  3.50994812e+00,
         3.21113027e-01,  3.80372033e-01, -1.15016711e-01,
        -1.60029362e-01,  6.17303862e-03, -1.35926349e-01,
         1.54883791e-02,  7.27226897e-02, -1.99752298e-01],
       [ 1.02755813e+00, -1.20787921e+00, -7.22806151e+00,
         1.72257776e+00, -5.61741291e-01, -3.41073874e+00,
         1.70410179e+01,  4.70967766e+00, -8.96759736e+00,
        -9.75274895e-01, -1.53862930e+00, -4.30839273e-02,
         7.59411222e-02, -7.45981514e-02,  7.00229597e-01,
        -3.72848520e-01, -4.80282759e-02,  6.48999185e-01],
       [ 5.82843131e-01,  9.05060133e-01, -3.84016944e+00,
         8.38927697e-01,  9.77732347e-01, -1.51010940e+00,
         4.70967766e+00,  1.01489308e+01, -5.04136637e+00,
        -2.72728264e-01, -1.82030730e+00, -1.82510523e-01,
         2.01997388e-01,  2.27448246e-01,  8.55179862e-01,
        -1.77939000e-01, -1.10420119e-01,  5.16819067e-01],
       [ 2.26043544e+00,  1.33522256e+00,  6.58463690e+00,
         9.85321974e-02,  1.76261502e-01,  3.50994812e+00,
        -8.96759736e+00, -5.04136637e+00,  1.40906989e+01,
         6.83538062e-01,  1.48251151e+00, -7.20298214e-01,
        -4.09281150e-01, -3.38324195e-01, -5.24094757e-01,
        -4.35344024e-02,  4.41640245e-02, -6.58614791e-01],
       [ 2.48107949e-02, -3.52072511e-01,  5.11570570e-01,
        -9.72152707e-02, -1.24099783e-01,  3.21113027e-01,
        -9.75274895e-01, -2.72728264e-01,  6.83538062e-01,
         9.44689019e-01,  9.71516803e-02,  5.30423301e-02,
        -2.49722486e-01,  6.96214001e-03, -1.42016729e-01,
        -3.72046270e-03, -1.80725122e-02, -2.64267689e-01],
       [-5.98402878e-01,  4.25462096e-01,  1.24582895e+00,
        -3.58704492e-01,  8.69133174e-02,  3.80372033e-01,
        -1.53862930e+00, -1.82030730e+00,  1.48251151e+00,
         9.71516803e-02,  1.13332283e+00, -1.71430070e-01,
         5.11872960e-02, -2.32706842e-01, -3.36778425e-01,
         1.07011981e-01, -2.52205988e-02, -1.87958220e-01],
       [-6.97347189e-02, -6.54422660e-01, -3.19588649e-01,
        -6.72289389e-02, -2.33382319e-01, -1.15016711e-01,
        -4.30839273e-02, -1.82510523e-01, -7.20298214e-01,
         5.30423301e-02, -1.71430070e-01,  5.05068659e-01,
        -9.90895441e-03,  1.27651431e-01, -2.58437720e-02,
         5.38062396e-02,  5.49448880e-02,  2.31572243e-02],
       [-3.33701253e-01,  3.34358211e-01, -1.80477047e-01,
        -7.30497663e-02,  1.63675280e-01, -1.60029362e-01,
         7.59411222e-02,  2.01997388e-01, -4.09281150e-01,
        -2.49722486e-01,  5.11872960e-02, -9.90895441e-03,
         1.63705706e-01, -3.16029089e-02,  5.69377717e-03,
         6.66145655e-02, -4.23421294e-02,  8.20764622e-02],
       [ 1.42469793e-01, -2.36007850e-01, -8.84770372e-02,
         2.68023627e-02, -6.36543032e-02,  6.17303862e-03,
        -7.45981514e-02,  2.27448246e-01, -3.38324195e-01,
         6.96214001e-03, -2.32706842e-01,  1.27651431e-01,
        -3.16029089e-02,  1.19463563e-01,  5.82869891e-02,
        -3.70727647e-03,  6.72815666e-02,  2.88918216e-02],
       [ 2.47950190e-01, -6.99272623e-02, -4.30669961e-01,
         1.59776087e-01,  6.12875446e-03, -1.35926349e-01,
         7.00229597e-01,  8.55179862e-01, -5.24094757e-01,
        -1.42016729e-01, -3.36778425e-01, -2.58437720e-02,
         5.69377717e-03,  5.82869891e-02,  1.66806641e-01,
        -4.73983812e-02,  9.73633330e-03,  1.12897455e-01],
       [-2.02038151e-01,  7.78801564e-02,  1.22751070e-01,
        -9.31960500e-02,  4.69500986e-02,  1.54883791e-02,
        -3.72848520e-01, -1.77939000e-01, -4.35344024e-02,
        -3.72046270e-03,  1.07011981e-01,  5.38062396e-02,
         6.66145655e-02, -3.70727647e-03, -4.73983812e-02,
         7.10367413e-02, -8.84820956e-03, -4.57949550e-03],
       [ 1.78564164e-01, -1.62475136e-01,  1.09839459e-01,
         3.12752514e-02, -7.12375094e-02,  7.27226897e-02,
        -4.80282759e-02, -1.10420119e-01,  4.41640245e-02,
        -1.80725122e-02, -2.52205988e-02,  5.49448880e-02,
        -4.23421294e-02,  6.72815666e-02,  9.73633330e-03,
        -8.84820956e-03,  8.06112554e-02, -2.18354896e-03],
       [-6.03442815e-02,  4.97121605e-02, -4.10743751e-01,
         4.66340314e-02,  4.51307838e-02, -1.99752298e-01,
         6.48999185e-01,  5.16819067e-01, -6.58614791e-01,
        -2.64267689e-01, -1.87958220e-01,  2.31572243e-02,
         8.20764622e-02,  2.88918216e-02,  1.12897455e-01,
        -4.57949550e-03, -2.18354896e-03,  1.41571813e-01]])
      jac: array([ 2.35108229e-06,  1.59057952e-06,  1.00586206e-06, -5.92637051e-06,
       -3.93722092e-06, -1.95732319e-06,  4.35947574e-07,  3.41578617e-07,
        1.36557432e-07,  1.27305573e-06,  1.92438658e-08,  2.96059473e-09,
        5.39864449e-06,  2.68044846e-06,  6.79826566e-07, -2.55351296e-06,
       -1.55542246e-06, -4.97379915e-07])
  message: 'Optimization terminated successfully.'
     nfev: 1444
      nit: 64
     njev: 76
   status: 0
  success: True
        x: array([ 1.01423682, -1.32452241,  0.52585476,  1.28293413, -1.31395768,
        0.14333826,  1.01758486, -1.77220102, -0.79165662,  0.11606238,
        0.57254765,  1.14352371,  0.01048989,  0.2594644 , -0.28030575,
       -1.18335633,  0.01878886, -0.00790856])
