Program Begingeth
      fun: 0.25344689997584907
 hess_inv: array([[ 3.54928295e+00, -1.47796886e+00, -2.54373069e-02,
         1.26363968e+00, -6.59723766e-01,  5.82878563e-01,
         1.93254563e+00,  1.02898880e+00,  1.70955990e+00,
        -6.77047863e-02, -7.67882889e-01,  2.83361239e-01,
        -5.10182565e-01,  3.06703241e-01,  3.45290168e-01,
        -2.33997342e-01,  3.45533205e-01, -9.67636962e-02],
       [-1.47796886e+00,  2.99530546e+00,  3.95875213e-01,
        -3.40934275e-01,  1.27792502e+00, -1.68440277e-01,
        -6.88991170e-01,  1.53516854e+00,  8.83873744e-01,
        -4.17076158e-01,  3.63639464e-01, -9.14909099e-01,
         4.62091392e-01, -3.35330597e-01, -1.06559883e-01,
         6.01156647e-02, -2.39154987e-01,  1.15170635e-01],
       [-2.54373069e-02,  3.95875213e-01,  4.21476151e+00,
        -6.51542750e-01,  1.97892568e-02,  1.88277757e+00,
        -6.97275309e+00, -3.99159162e+00,  5.99612170e+00,
         3.45552901e-01,  1.43565780e+00, -4.42935209e-01,
        -1.19748875e-01, -1.43938449e-01, -4.83669255e-01,
         1.65526540e-01,  6.75543425e-02, -4.08753190e-01],
       [ 1.26363968e+00, -3.40934275e-01, -6.51542750e-01,
         6.13653816e-01, -1.56298160e-01, -1.06807450e-01,
         2.26337611e+00,  1.05167088e+00, -1.05971470e-01,
        -1.42175704e-01, -4.53923527e-01,  4.84236990e-02,
        -1.23150826e-01,  7.48306596e-02,  1.97044284e-01,
        -1.13773731e-01,  8.28634822e-02,  4.96527982e-02],
       [-6.59723766e-01,  1.27792502e+00,  1.97892568e-02,
        -1.56298160e-01,  6.24780205e-01, -1.09747100e-01,
        -5.30299351e-01,  1.44409119e+00, -2.48586082e-02,
        -1.21751295e-01,  3.15536447e-02, -3.13237414e-01,
         2.14675953e-01, -9.01879543e-02,  8.11611950e-03,
         4.30323959e-02, -1.00456224e-01,  7.45103609e-02],
       [ 5.82878563e-01, -1.68440277e-01,  1.88277757e+00,
        -1.06807450e-01, -1.09747100e-01,  1.00148593e+00,
        -3.17880375e+00, -1.34949502e+00,  3.10961410e+00,
         2.64089183e-01,  4.16086266e-01, -7.80564760e-02,
        -1.67326582e-01,  1.83567041e-02, -1.27027927e-01,
         3.28397922e-02,  8.15542462e-02, -2.04506840e-01],
       [ 1.93254563e+00, -6.88991170e-01, -6.97275309e+00,
         2.26337611e+00, -5.30299351e-01, -3.17880375e+00,
         2.01274407e+01,  4.35258903e+00, -7.94417344e+00,
        -1.18431127e+00, -1.88535332e+00,  6.72959032e-02,
        -7.00897227e-02, -7.18867542e-02,  7.59594995e-01,
        -5.62229433e-01,  6.80693371e-02,  7.14449684e-01],
       [ 1.02898880e+00,  1.53516854e+00, -3.99159162e+00,
         1.05167088e+00,  1.44409119e+00, -1.34949502e+00,
         4.35258903e+00,  1.35994650e+01, -5.39006774e+00,
        -1.02097201e-01, -2.32665367e+00,  5.72907911e-02,
         1.81281360e-01,  3.49442764e-01,  1.09664386e+00,
        -2.27367211e-01, -4.65721008e-02,  5.71993842e-01],
       [ 1.70955990e+00,  8.83873744e-01,  5.99612170e+00,
        -1.05971470e-01, -2.48586082e-02,  3.10961410e+00,
        -7.94417344e+00, -5.39006774e+00,  1.36993035e+01,
         5.81709044e-01,  1.86240680e+00, -7.98660617e-01,
        -3.87678532e-01, -4.39747608e-01, -6.61452544e-01,
         2.25004367e-02,  6.51137339e-03, -7.05540981e-01],
       [-6.77047863e-02, -4.17076158e-01,  3.45552901e-01,
        -1.42175704e-01, -1.21751295e-01,  2.64089183e-01,
        -1.18431127e+00, -1.02097201e-01,  5.81709044e-01,
         8.50420337e-01,  1.14448473e-01,  1.04455788e-01,
        -2.04885226e-01,  6.88380110e-03, -1.03340816e-01,
         2.05270946e-02, -3.79351188e-02, -2.23172638e-01],
       [-7.67882889e-01,  3.63639464e-01,  1.43565780e+00,
        -4.53923527e-01,  3.15536447e-02,  4.16086266e-01,
        -1.88535332e+00, -2.32665367e+00,  1.86240680e+00,
         1.14448473e-01,  1.19037304e+00, -2.95745064e-01,
         4.65232571e-02, -2.65671035e-01, -4.00100540e-01,
         1.04949563e-01, -5.63026053e-02, -2.12647818e-01],
       [ 2.83361239e-01, -9.14909099e-01, -4.42935209e-01,
         4.84236990e-02, -3.13237414e-01, -7.80564760e-02,
         6.72959032e-02,  5.72907911e-02, -7.98660617e-01,
         1.04455788e-01, -2.95745064e-01,  6.17633793e-01,
        -7.11216819e-02,  1.96706907e-01,  4.84710523e-02,
         3.79674684e-02,  9.56428340e-02,  3.10522155e-02],
       [-5.10182565e-01,  4.62091392e-01, -1.19748875e-01,
        -1.23150826e-01,  2.14675953e-01, -1.67326582e-01,
        -7.00897227e-02,  1.81281360e-01, -3.87678532e-01,
        -2.04885226e-01,  4.65232571e-02, -7.11216819e-02,
         1.89918801e-01, -5.34891110e-02, -1.16088347e-02,
         6.97700540e-02, -7.24624266e-02,  8.84624352e-02],
       [ 3.06703241e-01, -3.35330597e-01, -1.43938449e-01,
         7.48306596e-02, -9.01879543e-02,  1.83567041e-02,
        -7.18867542e-02,  3.49442764e-01, -4.39747608e-01,
         6.88380110e-03, -2.65671035e-01,  1.96706907e-01,
        -5.34891110e-02,  1.48525985e-01,  8.51941124e-02,
        -5.08816638e-03,  8.81973952e-02,  2.84960964e-02],
       [ 3.45290168e-01, -1.06559883e-01, -4.83669255e-01,
         1.97044284e-01,  8.11611950e-03, -1.27027927e-01,
         7.59594995e-01,  1.09664386e+00, -6.61452544e-01,
        -1.03340816e-01, -4.00100540e-01,  4.84710523e-02,
        -1.16088347e-02,  8.51941124e-02,  1.88031064e-01,
        -4.83985452e-02,  2.57176809e-02,  1.07305548e-01],
       [-2.33997342e-01,  6.01156647e-02,  1.65526540e-01,
        -1.13773731e-01,  4.30323959e-02,  3.28397922e-02,
        -5.62229433e-01, -2.27367211e-01,  2.25004367e-02,
         2.05270946e-02,  1.04949563e-01,  3.79674684e-02,
         6.97700540e-02, -5.08816638e-03, -4.83985452e-02,
         7.51476966e-02, -2.05953033e-02, -2.23918874e-03],
       [ 3.45533205e-01, -2.39154987e-01,  6.75543425e-02,
         8.28634822e-02, -1.00456224e-01,  8.15542462e-02,
         6.80693371e-02, -4.65721008e-02,  6.51137339e-03,
        -3.79351188e-02, -5.63026053e-02,  9.56428340e-02,
        -7.24624266e-02,  8.81973952e-02,  2.57176809e-02,
        -2.05953033e-02,  1.03350521e-01, -7.71671632e-03],
       [-9.67636962e-02,  1.15170635e-01, -4.08753190e-01,
         4.96527982e-02,  7.45103609e-02, -2.04506840e-01,
         7.14449684e-01,  5.71993842e-01, -7.05540981e-01,
        -2.23172638e-01, -2.12647818e-01,  3.10522155e-02,
         8.84624352e-02,  2.84960964e-02,  1.07305548e-01,
        -2.23918874e-03, -7.71671632e-03,  1.39888921e-01]])
      jac: array([ 4.47490193e-05, -2.54207766e-05,  1.06063306e-06, -1.04387610e-04,
        7.18025639e-05, -3.39384076e-05,  5.74910490e-06, -5.23692201e-06,
        5.40604598e-06,  8.00988905e-06, -8.22194165e-06, -1.16821367e-05,
        5.27874041e-06, -5.67272155e-05,  1.50857105e-05,  1.96428059e-05,
        3.19455573e-05,  2.67526741e-05])
  message: 'Desired error not necessarily achieved due to precision loss.'
     nfev: 2387
      nit: 74
     njev: 125
   status: 2
  success: False
        x: array([ 0.93181985, -1.06171306,  0.5381325 ,  1.21915789, -1.09455553,
        0.13170322,  1.00261138, -1.5493943 , -0.7550381 ,  0.06741745,
        0.61784794,  1.14238768,  0.01084231,  0.25304494, -0.30080569,
       -1.12856393, -0.10547375, -0.01042539])
