Program Begingeth
      fun: 0.27633261525070413
 hess_inv: array([[ 8.06106766e+00, -1.47261257e+00,  7.47052703e-01,
         2.10715821e+00, -8.98347103e-01,  8.31758214e-01,
         1.64743807e+00,  9.05360292e-02,  3.66568674e+00,
        -4.97476597e-01,  1.44837069e-01,  2.53591058e-01,
        -1.46645391e+00,  2.11227908e-01,  4.68261825e-02,
        -2.79597894e-01,  7.52325346e-01, -2.31679454e-01],
       [-1.47261257e+00,  3.39361475e+00,  9.90446303e-03,
        -1.39142629e-01,  1.24960334e+00, -7.45210754e-04,
         3.73529319e-01,  2.38604746e+00,  5.00692681e-01,
         6.46743723e-02, -3.36992539e-01, -1.20674911e+00,
         3.49662975e-01, -3.88952498e-01,  2.94377590e-01,
        -1.27014630e-01, -1.86539405e-01,  9.21286742e-02],
       [ 7.47052703e-01,  9.90446303e-03,  1.01177515e+01,
        -9.85803439e-01, -3.69102373e-01,  3.51911713e+00,
        -1.17270244e+01, -4.10046577e+00,  4.55453584e+00,
        -2.93222899e-01,  3.00486376e+00, -1.35178907e+00,
        -4.32264342e-01, -4.90745172e-01, -7.68586708e-01,
        -1.69210221e-03,  3.74559290e-01, -6.27464207e-02],
       [ 2.10715821e+00, -1.39142629e-01, -9.85803439e-01,
         7.78497501e-01, -1.20328635e-01, -2.05739274e-01,
         2.41791326e+00,  6.35211340e-01,  6.36897496e-01,
        -1.18750311e-01, -2.60415697e-01,  9.98762055e-02,
        -2.95976474e-01,  3.89927881e-02,  1.00784616e-01,
        -7.33095816e-02,  1.23210801e-01, -5.55948937e-02],
       [-8.98347103e-01,  1.24960334e+00, -3.69102373e-01,
        -1.20328635e-01,  5.31884783e-01, -1.32316370e-01,
         3.21205591e-01,  1.30114941e+00, -1.27789737e-01,
         1.18134069e-01, -2.39903272e-01, -3.46193750e-01,
         1.93830292e-01, -1.00714632e-01,  1.40762719e-01,
        -1.94647084e-02, -1.04017312e-01,  4.64911671e-02],
       [ 8.31758214e-01, -7.45210754e-04,  3.51911713e+00,
        -2.05739274e-01, -1.32316370e-01,  1.33891242e+00,
        -4.18735757e+00, -1.07045832e+00,  2.08531626e+00,
         1.78810010e-02,  9.13038848e-01, -4.57518269e-01,
        -2.96021746e-01, -1.37362554e-01, -2.03448718e-01,
        -3.59763417e-02,  1.73945481e-01, -4.03609538e-02],
       [ 1.64743807e+00,  3.73529319e-01, -1.17270244e+01,
         2.41791326e+00,  3.21205591e-01, -4.18735757e+00,
         1.99749610e+01,  4.66579466e+00, -3.68408700e+00,
         1.26978016e-01, -2.67148919e+00,  1.09553762e+00,
         2.74864187e-01,  1.52725054e-01,  6.64173936e-01,
        -8.21655613e-02, -3.96478353e-01, -8.06735148e-02],
       [ 9.05360292e-02,  2.38604746e+00, -4.10046577e+00,
         6.35211340e-01,  1.30114941e+00, -1.07045832e+00,
         4.66579466e+00,  7.38297656e+00, -3.38454393e-01,
         8.81544364e-01, -1.46803580e+00, -2.24549474e-01,
        -2.49624609e-02, -9.62045753e-03,  7.27121038e-01,
        -1.47792927e-01, -1.87389721e-01,  1.18698154e-02],
       [ 3.66568674e+00,  5.00692681e-01,  4.55453584e+00,
         6.36897496e-01, -1.27789737e-01,  2.08531626e+00,
        -3.68408700e+00, -3.38454393e-01,  6.13584145e+00,
         2.28860610e-01,  1.18320335e+00, -7.60391814e-01,
        -8.15126430e-01, -3.72201630e-01, -2.21478721e-01,
        -1.77261919e-01,  2.90605663e-01, -2.15686639e-01],
       [-4.97476597e-01,  6.46743723e-02, -2.93222899e-01,
        -1.18750311e-01,  1.18134069e-01,  1.78810010e-02,
         1.26978016e-01,  8.81544364e-01,  2.28860610e-01,
         1.25124977e+00, -2.70001165e-02, -3.41588068e-02,
        -2.00292352e-01, -5.21083388e-02, -1.67298019e-02,
        -8.75594899e-03, -1.23274580e-01, -2.07357242e-01],
       [ 1.44837069e-01, -3.36992539e-01,  3.00486376e+00,
        -2.60415697e-01, -2.39903272e-01,  9.13038848e-01,
        -2.67148919e+00, -1.46803580e+00,  1.18320335e+00,
        -2.70001165e-02,  1.57113591e+00, -3.52135250e-01,
        -1.00442403e-01, -2.90141446e-01, -4.38082834e-01,
         4.63771983e-02,  7.64591654e-02, -1.31914411e-01],
       [ 2.53591058e-01, -1.20674911e+00, -1.35178907e+00,
         9.98762055e-02, -3.46193750e-01, -4.57518269e-01,
         1.09553762e+00, -2.24549474e-01, -7.60391814e-01,
        -3.41588068e-02, -3.52135250e-01,  9.32657931e-01,
        -5.94590258e-03,  2.84598643e-01, -3.46794412e-02,
         9.83179342e-02,  4.88464322e-02,  1.48367024e-02],
       [-1.46645391e+00,  3.49662975e-01, -4.32264342e-01,
        -2.95976474e-01,  1.93830292e-01, -2.96021746e-01,
         2.74864187e-01, -2.49624609e-02, -8.15126430e-01,
        -2.00292352e-01, -1.00442403e-01, -5.94590258e-03,
         4.06938006e-01, -3.85750126e-02,  1.39977453e-02,
         9.26816567e-02, -1.55596255e-01,  1.00706491e-01],
       [ 2.11227908e-01, -3.88952498e-01, -4.90745172e-01,
         3.89927881e-02, -1.00714632e-01, -1.37362554e-01,
         1.52725054e-01, -9.62045753e-03, -3.72201630e-01,
        -5.21083388e-02, -2.90141446e-01,  2.84598643e-01,
        -3.85750126e-02,  1.72204742e-01,  5.25805134e-02,
         1.41930125e-02,  6.37211077e-02,  3.23782662e-02],
       [ 4.68261825e-02,  2.94377590e-01, -7.68586708e-01,
         1.00784616e-01,  1.40762719e-01, -2.03448718e-01,
         6.64173936e-01,  7.27121038e-01, -2.21478721e-01,
        -1.67298019e-02, -4.38082834e-01, -3.46794412e-02,
         1.39977453e-02,  5.25805134e-02,  1.83212580e-01,
        -3.63801631e-02, -1.77550829e-02,  5.94115960e-02],
       [-2.79597894e-01, -1.27014630e-01, -1.69210221e-03,
        -7.33095816e-02, -1.94647084e-02, -3.59763417e-02,
        -8.21655613e-02, -1.47792927e-01, -1.77261919e-01,
        -8.75594899e-03,  4.63771983e-02,  9.83179342e-02,
         9.26816567e-02,  1.41930125e-02, -3.63801631e-02,
         6.34410256e-02, -2.61031098e-02,  1.22778817e-02],
       [ 7.52325346e-01, -1.86539405e-01,  3.74559290e-01,
         1.23210801e-01, -1.04017312e-01,  1.73945481e-01,
        -3.96478353e-01, -1.87389721e-01,  2.90605663e-01,
        -1.23274580e-01,  7.64591654e-02,  4.88464322e-02,
        -1.55596255e-01,  6.37211077e-02, -1.77550829e-02,
        -2.61031098e-02,  1.33218866e-01, -5.83450640e-03],
       [-2.31679454e-01,  9.21286742e-02, -6.27464207e-02,
        -5.55948937e-02,  4.64911671e-02, -4.03609538e-02,
        -8.06735148e-02,  1.18698154e-02, -2.15686639e-01,
        -2.07357242e-01, -1.31914411e-01,  1.48367024e-02,
         1.00706491e-01,  3.23782662e-02,  5.94115960e-02,
         1.22778817e-02, -5.83450640e-03,  8.87486100e-02]])
      jac: array([-2.04514183e-05,  1.44958120e-06,  1.53221880e-05,  8.30794692e-05,
       -9.63784608e-06, -5.33828537e-05, -7.11282885e-06,  2.59015032e-06,
        3.46130532e-06,  1.03905773e-05,  1.08927682e-05,  3.08012875e-06,
       -3.20684220e-05,  1.80300219e-05, -2.68592556e-05, -4.30877556e-05,
        2.80812410e-06,  8.70899649e-05])
  message: 'Desired error not necessarily achieved due to precision loss.'
     nfev: 2405
      nit: 70
     njev: 126
   status: 2
  success: False
        x: array([ 0.87207692, -0.79697922,  0.11177661,  1.43825601, -0.8472642 ,
       -0.04972245,  1.83933775, -1.08081543, -0.99728232, -0.03225471,
        0.46759762,  1.08657271,  0.02843039,  0.21309774, -0.24710603,
       -1.32928228, -0.30355813,  0.02872779])
