Program Begingeth
      fun: 0.2525934197510988
 hess_inv: array([[ 4.65054541e+00, -7.66729142e-01,  7.17258776e-01,
         1.92005096e+00, -4.12199709e-01,  3.53940260e-01,
         3.06425491e+00, -3.06433347e-01, -5.50840684e+00,
         3.54297380e-01, -4.64880615e-01,  4.41796126e-01,
        -3.67942067e-01,  1.84744125e-01,  6.39882499e-03,
        -8.27501818e-02,  2.10936486e-01, -4.58206663e-01],
       [-7.66729142e-01,  3.06368660e+00,  7.71748636e-02,
         7.23645901e-03,  1.34349061e+00, -7.03089640e-01,
         8.95618008e-01,  9.59586468e-01, -2.50149642e+00,
        -4.45525341e-01,  6.72070283e-01, -9.96856453e-01,
         5.00382489e-01, -3.22384154e-01, -2.99670623e-01,
         1.78452125e-01, -2.29124299e-01,  5.54728573e-02],
       [ 7.17258776e-01,  7.71748636e-02,  9.88270578e-01,
         3.20595378e-01,  1.31862837e-01,  3.76068804e-01,
         1.41375799e+00,  5.55171370e-01, -9.01994348e-01,
         1.27709072e-01,  2.20951879e-01, -1.31971264e-02,
        -5.81915834e-02,  1.07341934e-01, -6.35437685e-02,
         6.70566029e-02,  1.28147388e-01, -1.22133553e-01],
       [ 1.92005096e+00,  7.23645901e-03,  3.20595378e-01,
         9.18200041e-01, -3.10907171e-02,  8.43962202e-02,
         1.89681844e+00, -3.29629590e-01, -2.67055234e+00,
         1.73162967e-01, -1.68499518e-01,  8.63134357e-02,
        -4.08143938e-02,  2.23341783e-02, -1.58202288e-03,
         1.59955314e-02, -4.58098335e-03, -1.63194432e-01],
       [-4.12199709e-01,  1.34349061e+00,  1.31862837e-01,
        -3.10907171e-02,  6.42287975e-01, -2.59818951e-01,
         4.81559613e-01,  7.28855011e-01, -8.96515083e-01,
        -1.88567639e-01,  3.38072996e-01, -3.81697108e-01,
         2.34044642e-01, -1.11302929e-01, -1.51646385e-01,
         1.13261445e-01, -8.70347097e-02,  2.25412114e-02],
       [ 3.53940260e-01, -7.03089640e-01,  3.76068804e-01,
         8.43962202e-02, -2.59818951e-01,  3.59875933e-01,
         3.26094949e-01, -5.25778426e-02,  6.12450125e-01,
         1.66812569e-01, -1.40373283e-01,  2.51574710e-01,
        -1.33856621e-01,  1.43968923e-01,  7.29844093e-02,
        -1.23130789e-02,  1.02874396e-01, -4.06360158e-02],
       [ 3.06425491e+00,  8.95618008e-01,  1.41375799e+00,
         1.89681844e+00,  4.81559613e-01,  3.26094949e-01,
         6.73730000e+00, -5.82216421e-01, -5.30806393e+00,
         5.90718952e-01,  6.68093703e-02,  3.29108706e-02,
         1.97837924e-01,  1.58088254e-02, -1.13411989e-01,
         2.46557164e-01, -1.59690274e-01, -2.84756356e-01],
       [-3.06433347e-01,  9.59586468e-01,  5.55171370e-01,
        -3.29629590e-01,  7.28855011e-01, -5.25778426e-02,
        -5.82216421e-01,  3.95464569e+00, -3.28243029e-01,
        -4.80395967e-01,  6.33834386e-01, -1.38202332e-01,
         6.57979124e-03,  5.30384807e-02, -3.12527697e-01,
         8.82277072e-02,  1.94998491e-01, -1.06795487e-01],
       [-5.50840684e+00, -2.50149642e+00, -9.01994348e-01,
        -2.67055234e+00, -8.96515083e-01,  6.12450125e-01,
        -5.30806393e+00, -3.28243029e-01,  1.27718820e+01,
        -2.68618584e-01, -3.52732821e-01,  6.78019953e-01,
         3.01165540e-02,  2.85749434e-01,  4.05888743e-01,
        -9.19528626e-03,  5.82532002e-02,  6.16701845e-01],
       [ 3.54297380e-01, -4.45525341e-01,  1.27709072e-01,
         1.73162967e-01, -1.88567639e-01,  1.66812569e-01,
         5.90718952e-01, -4.80395967e-01, -2.68618584e-01,
         6.49412423e-01, -2.13631157e-02,  1.34986825e-01,
        -1.58662967e-01,  9.20083369e-03, -2.77816637e-02,
         1.34746130e-03, -3.62105743e-02, -1.75384612e-01],
       [-4.64880615e-01,  6.72070283e-01,  2.20951879e-01,
        -1.68499518e-01,  3.38072996e-01, -1.40373283e-01,
         6.68093703e-02,  6.33834386e-01, -3.52732821e-01,
        -2.13631157e-02,  7.00339489e-01, -2.98944534e-01,
         7.70294294e-02, -1.47513859e-01, -2.17472480e-01,
         7.42361929e-02, -1.20565264e-02, -1.05640831e-01],
       [ 4.41796126e-01, -9.96856453e-01, -1.31971264e-02,
         8.63134357e-02, -3.81697108e-01,  2.51574710e-01,
         3.29108706e-02, -1.38202332e-01,  6.78019953e-01,
         1.34986825e-01, -2.98944534e-01,  6.25338429e-01,
        -1.26553114e-01,  1.89249873e-01,  6.39206026e-02,
         5.86644025e-03,  1.13700282e-01, -1.44446391e-02],
       [-3.67942067e-01,  5.00382489e-01, -5.81915834e-02,
        -4.08143938e-02,  2.34044642e-01, -1.33856621e-01,
         1.97837924e-01,  6.57979124e-03,  3.01165540e-02,
        -1.58662967e-01,  7.70294294e-02, -1.26553114e-01,
         2.03049047e-01, -6.33381131e-02, -1.21028039e-02,
         9.58186641e-02, -9.51391188e-02,  9.67977524e-02],
       [ 1.84744125e-01, -3.22384154e-01,  1.07341934e-01,
         2.23341783e-02, -1.11302929e-01,  1.43968923e-01,
         1.58088254e-02,  5.30384807e-02,  2.85749434e-01,
         9.20083369e-03, -1.47513859e-01,  1.89249873e-01,
        -6.33381131e-02,  1.18418937e-01,  3.87015588e-02,
        -8.39632661e-03,  9.17268997e-02,  2.56837181e-03],
       [ 6.39882499e-03, -2.99670623e-01, -6.35437685e-02,
        -1.58202288e-03, -1.51646385e-01,  7.29844093e-02,
        -1.13411989e-01, -3.12527697e-01,  4.05888743e-01,
        -2.77816637e-02, -2.17472480e-01,  6.39206026e-02,
        -1.21028039e-02,  3.87015588e-02,  1.16430269e-01,
        -3.04294268e-02, -7.53432317e-03,  8.17666305e-02],
       [-8.27501818e-02,  1.78452125e-01,  6.70566029e-02,
         1.59955314e-02,  1.13261445e-01, -1.23130789e-02,
         2.46557164e-01,  8.82277072e-02, -9.19528626e-03,
         1.34746130e-03,  7.42361929e-02,  5.86644025e-03,
         9.58186641e-02, -8.39632661e-03, -3.04294268e-02,
         9.09028012e-02, -3.08022422e-02,  1.39021822e-02],
       [ 2.10936486e-01, -2.29124299e-01,  1.28147388e-01,
        -4.58098335e-03, -8.70347097e-02,  1.02874396e-01,
        -1.59690274e-01,  1.94998491e-01,  5.82532002e-02,
        -3.62105743e-02, -1.20565264e-02,  1.13700282e-01,
        -9.51391188e-02,  9.17268997e-02, -7.53432317e-03,
        -3.08022422e-02,  1.30461126e-01, -3.79716682e-02],
       [-4.58206663e-01,  5.54728573e-02, -1.22133553e-01,
        -1.63194432e-01,  2.25412114e-02, -4.06360158e-02,
        -2.84756356e-01, -1.06795487e-01,  6.16701845e-01,
        -1.75384612e-01, -1.05640831e-01, -1.44446391e-02,
         9.67977524e-02,  2.56837181e-03,  8.17666305e-02,
         1.39021822e-02, -3.79716682e-02,  1.53859944e-01]])
      jac: array([ 4.60342875e-05,  5.52983585e-05, -1.84763316e-05, -9.54151573e-05,
       -1.42505637e-04,  2.93465252e-05,  1.37538129e-05,  1.37560334e-05,
        3.83841107e-06,  2.97835830e-05,  2.03156011e-05, -8.96023996e-06,
        1.23859811e-04,  6.42371341e-05, -3.86990440e-05, -6.82491101e-05,
       -3.04663702e-05,  3.19196521e-05])
  message: 'Desired error not necessarily achieved due to precision loss.'
     nfev: 2140
      nit: 76
     njev: 112
   status: 2
  success: False
        x: array([ 0.89577132, -1.09448848,  0.76728188,  1.15400855, -1.08221199,
        0.34198302,  2.10625832, -0.8348541 ,  0.81348595,  0.09282232,
        0.60633645,  1.23461743,  0.03201753,  0.18105809, -0.32764989,
       -0.94684692, -0.32378034, -0.02974028])
