Program Begingeth
      fun: 0.37828392682242357
 hess_inv: array([[ 8.79966100e+00, -1.67779457e-01,  1.81099934e+00,
         2.63439037e+00, -3.82627075e-01,  2.36394443e+00,
        -3.15941540e+00,  1.33927530e+00,  9.01460319e+00,
        -9.54795055e-02, -1.27061476e+00,  2.67159803e-01,
        -1.15937486e+00,  3.68821236e-01,  6.62312092e-01,
        -4.65711315e-01,  6.92172398e-01, -3.63628740e-01],
       [-1.67779457e-01,  6.71525618e+00,  1.88627502e+00,
        -7.93735519e-02,  2.86368077e+00,  7.97874169e-01,
        -8.76265606e+00,  1.07290694e+00,  7.96063199e+00,
        -5.11526033e-01,  2.29806359e-01, -1.76527137e+00,
         7.72427212e-01, -4.06592952e-01, -1.01906004e-01,
         1.00899622e-01, -4.63208627e-01,  5.35472510e-02],
       [ 1.81099934e+00,  1.88627502e+00,  2.85297355e+00,
         2.40185717e-01,  6.87231372e-01,  1.43059956e+00,
        -5.01338455e+00, -1.52402373e+00,  4.68889885e+00,
        -6.53791999e-02,  5.11435010e-01, -5.29385755e-01,
        -1.50170868e-01, -5.05938574e-02, -7.74668880e-02,
         2.23420030e-02,  8.40841928e-02, -1.53633088e-01],
       [ 2.63439037e+00, -7.93735519e-02,  2.40185717e-01,
         8.84205833e-01, -1.35207898e-01,  5.83127725e-01,
        -1.75537611e-01,  6.78743597e-01,  2.59633499e+00,
        -8.51912728e-02, -4.82427564e-01,  4.03278256e-02,
        -2.94904030e-01,  9.32522064e-02,  2.44583546e-01,
        -1.40536838e-01,  1.89889340e-01, -6.83504742e-02],
       [-3.82627075e-01,  2.86368077e+00,  6.87231372e-01,
        -1.35207898e-01,  1.35457686e+00,  2.67931502e-01,
        -4.51224405e+00,  1.05003245e+00,  2.98208050e+00,
        -9.75373717e-02,  5.97153280e-02, -6.73379030e-01,
         4.31366283e-01, -1.30937390e-01, -4.33172218e-02,
         1.08316326e-01, -2.77800424e-01,  3.95275374e-02],
       [ 2.36394443e+00,  7.97874169e-01,  1.43059956e+00,
         5.83127725e-01,  2.67931502e-01,  1.06778881e+00,
        -3.02513508e+00, -4.41135251e-02,  3.94303496e+00,
         8.23583503e-02, -1.45400351e-01, -1.46225909e-01,
        -2.93731366e-01,  6.17009274e-02,  1.44626727e-01,
        -1.00340030e-01,  1.30804825e-01, -1.17649550e-01],
       [-3.15941540e+00, -8.76265606e+00, -5.01338455e+00,
        -1.75537611e-01, -4.51224405e+00, -3.02513508e+00,
         2.71872733e+01, -3.74952159e+00, -1.49548113e+01,
        -6.03566258e-01,  4.56804286e-02,  1.47962504e+00,
        -8.20323183e-01,  1.21735937e-01, -2.48256145e-02,
        -3.56045696e-01,  1.00261837e+00,  3.07219986e-01],
       [ 1.33927530e+00,  1.07290694e+00, -1.52402373e+00,
         6.78743597e-01,  1.05003245e+00, -4.41135251e-02,
        -3.74952159e+00,  7.65901289e+00,  2.00206340e+00,
         3.63902569e-01, -1.21406430e+00, -1.24078662e-01,
         2.17607790e-01,  2.11927632e-01,  5.77019294e-01,
        -1.04314848e-01, -1.85453191e-01,  1.32827792e-01],
       [ 9.01460319e+00,  7.96063199e+00,  4.68889885e+00,
         2.59633499e+00,  2.98208050e+00,  3.94303496e+00,
        -1.49548113e+01,  2.00206340e+00,  2.31665570e+01,
        -4.29213113e-01, -7.56230652e-01, -1.78954924e+00,
        -4.00152223e-01, -3.26320534e-01,  6.30959242e-01,
        -4.55180266e-01,  1.07046455e-02, -2.18576881e-01],
       [-9.54795055e-02, -5.11526033e-01, -6.53791999e-02,
        -8.51912728e-02, -9.75373717e-02,  8.23583503e-02,
        -6.03566258e-01,  3.63902569e-01, -4.29213113e-01,
         9.38575469e-01,  2.50843810e-02,  1.64040909e-01,
        -2.14344901e-01,  2.45152370e-02, -2.05920432e-02,
        -5.34748995e-03, -8.69017403e-02, -1.73327856e-01],
       [-1.27061476e+00,  2.29806359e-01,  5.11435010e-01,
        -4.82427564e-01,  5.97153280e-02, -1.45400351e-01,
         4.56804286e-02, -1.21406430e+00, -7.56230652e-01,
         2.50843810e-02,  1.06597956e+00, -2.42242306e-01,
         1.21868786e-01, -2.50200938e-01, -3.11115657e-01,
         1.11449862e-01, -8.64003691e-02, -8.94873280e-02],
       [ 2.67159803e-01, -1.76527137e+00, -5.29385755e-01,
         4.03278256e-02, -6.73379030e-01, -1.46225909e-01,
         1.47962504e+00, -1.24078662e-01, -1.78954924e+00,
         1.64040909e-01, -2.42242306e-01,  8.98599878e-01,
        -1.88289310e-01,  2.32733250e-01, -7.86696005e-03,
         2.80309546e-02,  1.49523067e-01, -1.20606532e-02],
       [-1.15937486e+00,  7.72427212e-01, -1.50170868e-01,
        -2.94904030e-01,  4.31366283e-01, -2.93731366e-01,
        -8.20323183e-01,  2.17607790e-01, -4.00152223e-01,
        -2.14344901e-01,  1.21868786e-01, -1.88289310e-01,
         4.11197033e-01, -8.31883999e-02, -7.52332938e-02,
         1.64370851e-01, -2.07487528e-01,  1.17260768e-01],
       [ 3.68821236e-01, -4.06592952e-01, -5.05938574e-02,
         9.32522064e-02, -1.30937390e-01,  6.17009274e-02,
         1.21735937e-01,  2.11927632e-01, -3.26320534e-01,
         2.45152370e-02, -2.50200938e-01,  2.32733250e-01,
        -8.31883999e-02,  1.49950712e-01,  5.55072299e-02,
        -1.24501074e-02,  9.66460916e-02,  5.59691732e-03],
       [ 6.62312092e-01, -1.01906004e-01, -7.74668880e-02,
         2.44583546e-01, -4.33172218e-02,  1.44626727e-01,
        -2.48256145e-02,  5.77019294e-01,  6.30959242e-01,
        -2.05920432e-02, -3.11115657e-01, -7.86696005e-03,
        -7.52332938e-02,  5.55072299e-02,  1.69313791e-01,
        -6.71134189e-02,  3.77079397e-02,  4.92192576e-02],
       [-4.65711315e-01,  1.00899622e-01,  2.23420030e-02,
        -1.40536838e-01,  1.08316326e-01, -1.00340030e-01,
        -3.56045696e-01, -1.04314848e-01, -4.55180266e-01,
        -5.34748995e-03,  1.11449862e-01,  2.80309546e-02,
         1.64370851e-01, -1.24501074e-02, -6.71134189e-02,
         1.22326507e-01, -8.32514332e-02,  2.19951895e-02],
       [ 6.92172398e-01, -4.63208627e-01,  8.40841928e-02,
         1.89889340e-01, -2.77800424e-01,  1.30804825e-01,
         1.00261837e+00, -1.85453191e-01,  1.07046455e-02,
        -8.69017403e-02, -8.64003691e-02,  1.49523067e-01,
        -2.07487528e-01,  9.66460916e-02,  3.77079397e-02,
        -8.32514332e-02,  2.09809466e-01, -3.04456413e-02],
       [-3.63628740e-01,  5.35472510e-02, -1.53633088e-01,
        -6.83504742e-02,  3.95275374e-02, -1.17649550e-01,
         3.07219986e-01,  1.32827792e-01, -2.18576881e-01,
        -1.73327856e-01, -8.94873280e-02, -1.20606532e-02,
         1.17260768e-01,  5.59691732e-03,  4.92192576e-02,
         2.19951895e-02, -3.04456413e-02,  1.20988994e-01]])
      jac: array([ 6.72573108e-06, -7.23495338e-07, -3.37877874e-07, -1.05878269e-06,
        3.99680289e-08, -1.51449224e-05, -3.15821443e-06,  1.84889141e-06,
       -1.15870276e-06,  6.77717142e-06, -3.09900254e-06,  2.03651910e-06,
        1.33707860e-06, -8.06688050e-06, -8.42215187e-06, -1.01770444e-07,
        1.10467191e-05,  1.01626115e-05])
  message: 'Desired error not necessarily achieved due to precision loss.'
     nfev: 2025
      nit: 64
     njev: 106
   status: 2
  success: False
        x: array([ 0.89820662, -1.18718878,  0.52621306,  1.21286446, -1.18782267,
        0.13983116,  0.72100759, -2.0488893 , -0.38832704,  0.00980487,
        0.46084303,  1.17388941, -0.01384473, -0.02445889, -0.32557056,
       -1.15911285, -0.77710258, -0.01969075])
