Program Begingeth
      fun: 0.2138559862583791
 hess_inv: array([[ 2.75720397e+00, -7.20311273e-01, -3.99885775e-01,
         4.33827033e-01, -2.12599494e-01,  7.68342824e-01,
        -7.06871279e-01,  1.41162544e+00,  6.85304934e-01,
        -7.85716231e-01, -5.06064102e-01,  9.88558677e-01,
        -4.85931907e-01,  2.60206557e-01,  3.14219390e-01,
         1.60829189e-02,  2.16695066e-01, -4.81056678e-01],
       [-7.20311273e-01,  2.14605786e+00,  9.30205518e-01,
        -4.72515740e-02,  5.41345746e-01, -1.61340457e-01,
        -1.38482530e+00,  3.98806901e-01,  2.47759300e+00,
         4.92718251e-02,  9.20676395e-02, -1.88963780e+00,
         2.80613500e-01, -4.05517021e-01, -2.68629043e-01,
        -7.51831603e-02, -8.19946922e-03,  3.24007350e-02],
       [-3.99885775e-01,  9.30205518e-01,  2.27151970e+00,
        -4.78068940e-01,  2.63239791e-01,  3.17137066e-01,
        -4.75032285e+00, -3.14752140e+00,  3.27506662e+00,
         2.95635283e-01,  1.56535490e+00, -1.88924976e+00,
         1.24091790e-01, -4.28476331e-01, -5.47614887e-01,
         2.47543944e-01, -2.42800490e-01, -1.69147531e-01],
       [ 4.33827033e-01, -4.72515740e-02, -4.78068940e-01,
         2.49803158e-01, -4.54838697e-02,  3.20233496e-03,
         1.41651198e+00,  1.10975958e+00, -2.47387371e-01,
        -2.47912655e-01, -4.55345742e-01,  2.84252868e-01,
        -1.75635974e-02,  5.88791037e-02,  1.75174765e-01,
        -5.83630139e-02,  8.21035986e-02,  2.97591473e-02],
       [-2.12599494e-01,  5.41345746e-01,  2.63239791e-01,
        -4.54838697e-02,  3.32432077e-01,  2.82063742e-02,
        -1.96076433e+00,  7.63483654e-01,  3.01136985e-01,
         2.35887935e-01, -2.16239919e-02, -3.82901034e-01,
         1.41453290e-01, -1.61184624e-02, -2.84763784e-02,
         2.56099168e-02, -1.02624620e-01, -1.79738627e-02],
       [ 7.68342824e-01, -1.61340457e-01,  3.17137066e-01,
         3.20233496e-03,  2.82063742e-02,  4.26370476e-01,
        -2.04722114e+00,  8.45798179e-02,  1.00030354e+00,
         5.58280494e-02,  7.99477204e-02,  5.65238614e-02,
        -1.70804682e-01,  3.12970491e-02,  5.84152492e-02,
         2.64542288e-02, -5.72440367e-02, -2.11919062e-01],
       [-7.06871279e-01, -1.38482530e+00, -4.75032285e+00,
         1.41651198e+00, -1.96076433e+00, -2.04722114e+00,
         3.22831641e+01,  3.08233029e+00, -7.76952507e+00,
        -2.57932463e+00, -2.97288125e+00,  2.57687412e+00,
        -4.57168621e-01,  4.65424970e-01,  9.19774141e-01,
        -7.51661217e-01,  1.94842229e+00,  1.44468345e+00],
       [ 1.41162544e+00,  3.98806901e-01, -3.14752140e+00,
         1.10975958e+00,  7.63483654e-01,  8.45798179e-02,
         3.08233029e+00,  1.36115300e+01, -4.48984446e+00,
        -3.31765088e-01, -3.39292881e+00,  1.73341444e+00,
        -1.00644456e-01,  7.87493019e-01,  1.47021913e+00,
        -6.67841058e-01,  5.21326895e-01,  2.29286648e-01],
       [ 6.85304934e-01,  2.47759300e+00,  3.27506662e+00,
        -2.47387371e-01,  3.01136985e-01,  1.00030354e+00,
        -7.76952507e+00, -4.48984446e+00,  1.25031901e+01,
         2.10255034e-01,  2.05302746e+00, -3.37603796e+00,
         1.81244929e-02, -1.31157070e+00, -8.54746966e-01,
         9.49625350e-02, -6.10634190e-01, -5.49900520e-01],
       [-7.85716231e-01,  4.92718251e-02,  2.95635283e-01,
        -2.47912655e-01,  2.35887935e-01,  5.58280494e-02,
        -2.57932463e+00, -3.31765088e-01,  2.10255034e-01,
         1.16662266e+00,  3.16944188e-01, -2.25161892e-01,
         3.07801355e-02, -7.49434624e-02, -1.08035707e-01,
         4.17701267e-02, -3.35052272e-01, -1.07915042e-01],
       [-5.06064102e-01,  9.20676395e-02,  1.56535490e+00,
        -4.55345742e-01, -2.16239919e-02,  7.99477204e-02,
        -2.97288125e+00, -3.39292881e+00,  2.05302746e+00,
         3.16944188e-01,  1.85863299e+00, -1.12627815e+00,
         8.32738193e-02, -4.15984179e-01, -5.85970991e-01,
         2.70007870e-01, -2.48009281e-01, -1.82048068e-01],
       [ 9.88558677e-01, -1.88963780e+00, -1.88924976e+00,
         2.84252868e-01, -3.82901034e-01,  5.65238614e-02,
         2.57687412e+00,  1.73341444e+00, -3.37603796e+00,
        -2.25161892e-01, -1.12627815e+00,  2.69507733e+00,
        -2.75988438e-01,  6.62993999e-01,  4.78905109e-01,
        -3.16665216e-02,  1.83695704e-01,  1.59676306e-02],
       [-4.85931907e-01,  2.80613500e-01,  1.24091790e-01,
        -1.75635974e-02,  1.41453290e-01, -1.70804682e-01,
        -4.57168621e-01, -1.00644456e-01,  1.81244929e-02,
         3.07801355e-02,  8.32738193e-02, -2.75988438e-01,
         2.53098048e-01, -6.83462562e-02, -6.46740549e-02,
         6.41923512e-02, -1.12853659e-01,  1.32962780e-01],
       [ 2.60206557e-01, -4.05517021e-01, -4.28476331e-01,
         5.88791037e-02, -1.61184624e-02,  3.12970491e-02,
         4.65424970e-01,  7.87493019e-01, -1.31157070e+00,
        -7.49434624e-02, -4.15984179e-01,  6.62993999e-01,
        -6.83462562e-02,  2.66520339e-01,  1.66220164e-01,
        -4.51145852e-03,  1.06852608e-01,  2.35246127e-02],
       [ 3.14219390e-01, -2.68629043e-01, -5.47614887e-01,
         1.75174765e-01, -2.84763784e-02,  5.84152492e-02,
         9.19774141e-01,  1.47021913e+00, -8.54746966e-01,
        -1.08035707e-01, -5.85970991e-01,  4.78905109e-01,
        -6.46740549e-02,  1.66220164e-01,  2.85348416e-01,
        -9.76083516e-02,  7.45352842e-02,  6.88486285e-02],
       [ 1.60829189e-02, -7.51831603e-02,  2.47543944e-01,
        -5.83630139e-02,  2.56099168e-02,  2.64542288e-02,
        -7.51661217e-01, -6.67841058e-01,  9.49625350e-02,
         4.17701267e-02,  2.70007870e-01, -3.16665216e-02,
         6.41923512e-02, -4.51145852e-03, -9.76083516e-02,
         1.25319819e-01, -6.47708640e-02, -3.11077122e-02],
       [ 2.16695066e-01, -8.19946922e-03, -2.42800490e-01,
         8.21035986e-02, -1.02624620e-01, -5.72440367e-02,
         1.94842229e+00,  5.21326895e-01, -6.10634190e-01,
        -3.35052272e-01, -2.48009281e-01,  1.83695704e-01,
        -1.12853659e-01,  1.06852608e-01,  7.45352842e-02,
        -6.47708640e-02,  2.61497542e-01,  4.28376472e-02],
       [-4.81056678e-01,  3.24007350e-02, -1.69147531e-01,
         2.97591473e-02, -1.79738627e-02, -2.11919062e-01,
         1.44468345e+00,  2.29286648e-01, -5.49900520e-01,
        -1.07915042e-01, -1.82048068e-01,  1.59676306e-02,
         1.32962780e-01,  2.35246127e-02,  6.88486285e-02,
        -3.11077122e-02,  4.28376472e-02,  2.44849550e-01]])
      jac: array([ 8.42529750e-06, -4.28444317e-05,  3.20821147e-05,  5.00699482e-05,
        4.64208302e-05, -1.42317824e-04, -8.72246719e-06,  2.65139762e-06,
        7.84705634e-06,  1.76766009e-06, -2.06042590e-05, -1.29618538e-05,
       -5.91578638e-05,  3.93189185e-05, -4.09450252e-06,  1.15886930e-05,
        2.80329463e-05, -1.59733338e-05])
  message: 'Desired error not necessarily achieved due to precision loss.'
     nfev: 2273
      nit: 62
     njev: 119
   status: 2
  success: False
        x: array([ 0.27456556, -0.33208526,  0.75420326,  0.83466531, -0.57322456,
        0.04799927,  0.35123769, -1.30058816, -0.6156772 ,  0.02760916,
        0.77430943,  0.9560044 ,  0.08793781,  0.17784791, -0.43166142,
       -0.85134605, -0.47139266,  0.00220441])
