Program Begingeth
      fun: 0.24757536437727612
 hess_inv: array([[ 3.98271199e+00,  2.07792558e+00,  7.73694778e-01,
         1.37446468e+00,  8.26825312e-01, -6.66288302e-01,
         3.65546625e+00, -1.95017490e+00, -1.13123657e+00,
        -3.74654938e-01,  9.58535156e-01, -1.11669906e+00,
        -6.08096606e-01, -4.71030700e-01, -4.89939555e-01,
        -2.05390002e-01, -4.88592155e-01,  2.31938103e-01],
       [ 2.07792558e+00,  3.65420599e+00,  1.20346354e+00,
         6.36742109e-01,  1.43480076e+00, -1.85781021e-01,
         3.47535104e+00,  6.99854311e-01,  2.10779153e+00,
         1.85474317e-01,  5.59631049e-01, -1.66489053e+00,
        -5.60537434e-01, -4.85214228e-01, -3.78969986e-01,
        -7.23178932e-02, -3.02010899e-01,  1.08468756e-01],
       [ 7.73694778e-01,  1.20346354e+00,  2.40744449e+00,
         6.45022972e-01,  4.21334142e-01,  6.91267332e-01,
         4.45820660e+00, -2.38531907e+00,  3.13404470e+00,
        -8.48856103e-02,  1.12920659e+00, -9.61485843e-01,
        -1.05435031e-01, -2.49301413e-01, -4.23954548e-01,
        -1.96948301e-01, -1.11426818e-01, -1.55939330e-01],
       [ 1.37446468e+00,  6.36742109e-01,  6.45022972e-01,
         6.09178181e-01,  2.56406679e-01, -7.22394673e-02,
         2.26789158e+00, -1.24415122e+00, -4.19566846e-02,
        -1.90981589e-01,  5.16831049e-01, -3.86869314e-01,
        -1.54353585e-01, -1.45735623e-01, -2.48305584e-01,
        -1.02567323e-01, -1.48590740e-01,  2.67845122e-03],
       [ 8.26825312e-01,  1.43480076e+00,  4.21334142e-01,
         2.56406679e-01,  6.86536632e-01, -5.77018693e-02,
         2.02990183e+00,  1.04887594e+00,  5.16094440e-01,
        -2.02543685e-02,  1.14720245e-01, -5.52232345e-01,
        -2.68630422e-01, -1.28738749e-01, -1.08309136e-01,
        -6.48505959e-02, -1.61144732e-01,  5.03771089e-02],
       [-6.66288302e-01, -1.85781021e-01,  6.91267332e-01,
        -7.22394673e-02, -5.77018693e-02,  5.10020299e-01,
         1.13682463e+00, -1.53276396e-01,  1.72330581e+00,
        -9.68878416e-02,  9.40066431e-02, -5.83415279e-03,
         1.55136530e-01,  3.90177008e-02,  1.51542462e-02,
         7.98743928e-03,  4.13855342e-02, -1.22302061e-01],
       [ 3.65546625e+00,  3.47535104e+00,  4.45820660e+00,
         2.26789158e+00,  2.02990183e+00,  1.13682463e+00,
         1.92928189e+01, -1.17642787e+00,  4.38599267e+00,
        -1.09751470e+00,  1.87311753e+00, -1.70696477e+00,
        -7.69020824e-01, -4.91536459e-01, -9.23047964e-01,
        -6.04072515e-01, -1.02352984e+00, -3.97258045e-01],
       [-1.95017490e+00,  6.99854311e-01, -2.38531907e+00,
        -1.24415122e+00,  1.04887594e+00, -1.53276396e-01,
        -1.17642787e+00,  1.17534830e+01, -1.40620019e+00,
        -4.28685475e-02, -2.19404159e+00,  5.79936293e-01,
        -6.69773546e-02,  4.48335213e-01,  9.71616364e-01,
         3.72076641e-01,  1.55782458e-02,  2.37911393e-01],
       [-1.13123657e+00,  2.10779153e+00,  3.13404470e+00,
        -4.19566846e-02,  5.16094440e-01,  1.72330581e+00,
         4.38599267e+00, -1.40620019e+00,  1.16008527e+01,
         2.26231459e-02,  1.01498912e+00, -1.45447704e+00,
         2.43735741e-01, -6.15815412e-01, -3.12011300e-01,
         1.70968096e-01, -1.66775529e-01, -3.56480072e-01],
       [-3.74654938e-01,  1.85474317e-01, -8.48856103e-02,
        -1.90981589e-01, -2.02543685e-02, -9.68878416e-02,
        -1.09751470e+00, -4.28685475e-02,  2.26231459e-02,
         7.01324076e-01, -9.67795133e-02, -4.63746813e-02,
        -9.64961328e-02,  3.01353785e-02,  6.11095029e-02,
         2.28738774e-02,  1.45340799e-01,  1.56672228e-01],
       [ 9.58535156e-01,  5.59631049e-01,  1.12920659e+00,
         5.16831049e-01,  1.14720245e-01,  9.40066431e-02,
         1.87311753e+00, -2.19404159e+00,  1.01498912e+00,
        -9.67795133e-02,  1.09469479e+00, -5.88147421e-01,
        -9.62207606e-02, -2.76460431e-01, -4.08399968e-01,
        -1.48109740e-01, -9.44096045e-02, -1.32269487e-01],
       [-1.11669906e+00, -1.66489053e+00, -9.61485843e-01,
        -3.86869314e-01, -5.52232345e-01, -5.83415279e-03,
        -1.70696477e+00,  5.79936293e-01, -1.45447704e+00,
        -4.63746813e-02, -5.88147421e-01,  1.15725357e+00,
         2.08795296e-01,  3.61112879e-01,  2.36194653e-01,
         3.21340900e-03,  1.77868395e-01,  4.43794501e-04],
       [-6.08096606e-01, -5.60537434e-01, -1.05435031e-01,
        -1.54353585e-01, -2.68630422e-01,  1.55136530e-01,
        -7.69020824e-01, -6.69773546e-02,  2.43735741e-01,
        -9.64961328e-02, -9.62207606e-02,  2.08795296e-01,
         2.43547402e-01,  8.20222751e-02,  6.11033695e-02,
         9.91879132e-02,  1.24765401e-01, -1.02235641e-01],
       [-4.71030700e-01, -4.85214228e-01, -2.49301413e-01,
        -1.45735623e-01, -1.28738749e-01,  3.90177008e-02,
        -4.91536459e-01,  4.48335213e-01, -6.15815412e-01,
         3.01353785e-02, -2.76460431e-01,  3.61112879e-01,
         8.20222751e-02,  1.92506372e-01,  1.09581609e-01,
         5.45485341e-03,  1.22621321e-01,  7.99645466e-03],
       [-4.89939555e-01, -3.78969986e-01, -4.23954548e-01,
        -2.48305584e-01, -1.08309136e-01,  1.51542462e-02,
        -9.23047964e-01,  9.71616364e-01, -3.12011300e-01,
         6.11095029e-02, -4.08399968e-01,  2.36194653e-01,
         6.11033695e-02,  1.09581609e-01,  2.18007255e-01,
         7.70260998e-02,  4.96312858e-02,  8.08018442e-02],
       [-2.05390002e-01, -7.23178932e-02, -1.96948301e-01,
        -1.02567323e-01, -6.48505959e-02,  7.98743928e-03,
        -6.04072515e-01,  3.72076641e-01,  1.70968096e-01,
         2.28738774e-02, -1.48109740e-01,  3.21340900e-03,
         9.91879132e-02,  5.45485341e-03,  7.70260998e-02,
         1.14247141e-01,  4.40510575e-02, -3.73317389e-04],
       [-4.88592155e-01, -3.02010899e-01, -1.11426818e-01,
        -1.48590740e-01, -1.61144732e-01,  4.13855342e-02,
        -1.02352984e+00,  1.55782458e-02, -1.66775529e-01,
         1.45340799e-01, -9.44096045e-02,  1.77868395e-01,
         1.24765401e-01,  1.22621321e-01,  4.96312858e-02,
         4.40510575e-02,  1.92628823e-01, -1.30657661e-02],
       [ 2.31938103e-01,  1.08468756e-01, -1.55939330e-01,
         2.67845122e-03,  5.03771089e-02, -1.22302061e-01,
        -3.97258045e-01,  2.37911393e-01, -3.56480072e-01,
         1.56672228e-01, -1.32269487e-01,  4.43794501e-04,
        -1.02235641e-01,  7.99645466e-03,  8.08018442e-02,
        -3.73317389e-04, -1.30657661e-02,  1.58851689e-01]])
      jac: array([ 1.34577534e-06,  6.10437626e-07, -1.25455202e-06, -4.93864209e-07,
       -5.14403335e-07,  3.71665661e-06, -1.55246186e-07, -4.97749989e-08,
       -1.09171931e-07,  8.53021357e-07,  3.82471832e-07,  1.66348417e-07,
       -1.03805853e-07,  7.29416527e-07,  3.92278802e-07, -5.09777406e-07,
       -9.60342916e-07, -1.80855331e-06])
  message: 'Optimization terminated successfully.'
     nfev: 1292
      nit: 61
     njev: 68
   status: 0
  success: True
        x: array([-0.48915223, -0.76887322,  0.65174938, -0.79576167, -0.93349982,
        0.12405388, -0.41053494, -1.61266269, -0.5441556 ,  0.09705225,
        0.68914677,  1.14255608,  0.08718849,  0.15880895, -0.38686571,
        1.02533932, -0.38926642, -0.03494239])
