Program Begingeth
      fun: 0.34788866186803646
 hess_inv: array([[ 7.52028471e-01, -1.47812532e-01, -3.53702287e-02,
        -4.63540358e-02,  1.70380104e-01,  2.39870634e-01,
         4.28315531e-02,  4.23600714e-01,  2.42535803e-01,
        -2.19585115e-01,  3.43927763e-01,  3.28541630e-01,
        -2.97991270e-01,  5.77454687e-02, -4.58154768e-02,
         1.71291915e-02, -9.13655604e-02, -2.93491461e-01],
       [-1.47812532e-01,  5.66849544e-01, -7.73997114e-02,
         2.67852626e-01, -2.60312417e-02, -4.08919038e-01,
         8.95618298e-01,  3.37814516e-01,  2.57980845e-01,
         8.82964787e-01, -1.16417156e-01, -8.79421031e-01,
         1.12406674e-01, -2.06933891e-01, -2.24486046e-01,
         5.42666421e-02,  6.89096349e-02, -4.53007719e-02],
       [-3.53702287e-02, -7.73997114e-02,  2.76878342e-01,
        -9.19140338e-02,  9.34059054e-02,  3.80633239e-02,
        -1.00234638e-01, -6.32112406e-03, -1.02946497e-01,
        -3.18951392e-01,  8.22453622e-02,  8.21931527e-02,
         6.33034332e-02,  1.44771946e-01, -4.70224173e-02,
         8.98635604e-02,  5.76797611e-02,  5.71369910e-02],
       [-4.63540358e-02,  2.67852626e-01, -9.19140338e-02,
         6.71376490e-01,  2.12006110e-01, -3.18877769e-01,
         1.81410474e+00,  9.74449202e-01,  1.39032664e+00,
         1.74991214e+00,  5.88758163e-01, -1.25556775e+00,
         2.44106274e-01, -1.29119208e-01, -4.32689561e-02,
         9.84772264e-02, -4.65884712e-02,  7.20416571e-02],
       [ 1.70380104e-01, -2.60312417e-02,  9.34059054e-02,
         2.12006110e-01,  3.89751721e-01, -3.59989818e-02,
         7.39570988e-01,  9.67624643e-01,  7.71352367e-01,
         4.63736107e-01,  8.84516766e-01, -6.21301276e-01,
         6.17859678e-02,  1.42150898e-01,  1.68904006e-02,
         1.02661297e-01,  1.27999459e-02,  6.03262072e-03],
       [ 2.39870634e-01, -4.08919038e-01,  3.80633239e-02,
        -3.18877769e-01, -3.59989818e-02,  5.00667056e-01,
        -1.17574346e+00, -5.22598682e-01, -3.20899419e-01,
        -9.90420961e-01,  3.69563833e-02,  1.30658630e+00,
        -1.75576176e-01,  9.14540630e-02,  1.86592256e-01,
        -8.22423526e-02, -9.42514567e-02, -3.43999855e-02],
       [ 4.28315531e-02,  8.95618298e-01, -1.00234638e-01,
         1.81410474e+00,  7.39570988e-01, -1.17574346e+00,
         6.35941921e+00,  3.16012336e+00,  3.85291740e+00,
         4.58001741e+00,  1.60433751e+00, -4.39177587e+00,
         5.85593646e-01, -2.08342420e-01, -3.86162536e-01,
         3.48713177e-01, -1.06966816e-02,  3.74947552e-02],
       [ 4.23600714e-01,  3.37814516e-01, -6.32112406e-03,
         9.74449202e-01,  9.67624643e-01, -5.22598682e-01,
         3.16012336e+00,  5.18268316e+00,  2.99629417e+00,
         3.35016832e+00,  1.85326858e+00, -3.23925645e+00,
        -8.08264975e-02,  2.18623161e-01,  5.81337998e-03,
         1.13679557e-01,  2.30010638e-01,  1.21778891e-02],
       [ 2.42535803e-01,  2.57980845e-01, -1.02946497e-01,
         1.39032664e+00,  7.71352367e-01, -3.20899419e-01,
         3.85291740e+00,  2.99629417e+00,  4.44234457e+00,
         3.69148375e+00,  2.10852582e+00, -2.58899221e+00,
         3.23579286e-01, -7.09296806e-02,  4.27073475e-02,
         1.64113621e-01, -8.63688164e-02,  6.62642984e-02],
       [-2.19585115e-01,  8.82964787e-01, -3.18951392e-01,
         1.74991214e+00,  4.63736107e-01, -9.90420961e-01,
         4.58001741e+00,  3.35016832e+00,  3.69148375e+00,
         5.31405814e+00,  1.23075175e+00, -3.79524277e+00,
         4.45706945e-01, -3.37627991e-01, -1.14732520e-01,
         1.44869098e-01,  9.34417754e-02,  2.08150861e-01],
       [ 3.43927763e-01, -1.16417156e-01,  8.22453622e-02,
         5.88758163e-01,  8.84516766e-01,  3.69563833e-02,
         1.60433751e+00,  1.85326858e+00,  2.10852582e+00,
         1.23075175e+00,  2.39727619e+00, -1.17770336e+00,
         1.92746654e-01,  2.27969269e-01,  1.71074395e-01,
         1.78930785e-01, -5.66592033e-02,  6.33595007e-02],
       [ 3.28541630e-01, -8.79421031e-01,  8.21931527e-02,
        -1.25556775e+00, -6.21301276e-01,  1.30658630e+00,
        -4.39177587e+00, -3.23925645e+00, -2.58899221e+00,
        -3.79524277e+00, -1.17770336e+00,  4.63089799e+00,
        -4.35006699e-01,  1.38246532e-02,  3.22694552e-01,
        -2.66511447e-01, -2.88668933e-01, -1.22452175e-01],
       [-2.97991270e-01,  1.12406674e-01,  6.33034332e-02,
         2.44106274e-01,  6.17859678e-02, -1.75576176e-01,
         5.85593646e-01, -8.08264975e-02,  3.23579286e-01,
         4.45706945e-01,  1.92746654e-01, -4.35006699e-01,
         3.08262578e-01, -4.45590947e-02, -2.03764259e-02,
         1.14701330e-01, -3.09804813e-02,  1.46593023e-01],
       [ 5.77454687e-02, -2.06933891e-01,  1.44771946e-01,
        -1.29119208e-01,  1.42150898e-01,  9.14540630e-02,
        -2.08342420e-01,  2.18623161e-01, -7.09296806e-02,
        -3.37627991e-01,  2.27969269e-01,  1.38246532e-02,
        -4.45590947e-02,  2.21207970e-01,  5.40293736e-02,
         2.72526173e-02,  8.50266782e-02,  3.26193037e-02],
       [-4.58154768e-02, -2.24486046e-01, -4.70224173e-02,
        -4.32689561e-02,  1.68904006e-02,  1.86592256e-01,
        -3.86162536e-01,  5.81337998e-03,  4.27073475e-02,
        -1.14732520e-01,  1.71074395e-01,  3.22694552e-01,
        -2.03764259e-02,  5.40293736e-02,  2.07165817e-01,
        -6.70109345e-02, -2.56923131e-02,  1.08647940e-01],
       [ 1.71291915e-02,  5.42666421e-02,  8.98635604e-02,
         9.84772264e-02,  1.02661297e-01, -8.22423526e-02,
         3.48713177e-01,  1.13679557e-01,  1.64113621e-01,
         1.44869098e-01,  1.78930785e-01, -2.66511447e-01,
         1.14701330e-01,  2.72526173e-02, -6.70109345e-02,
         1.15872235e-01, -4.48657965e-03,  4.99439574e-03],
       [-9.13655604e-02,  6.89096349e-02,  5.76797611e-02,
        -4.65884712e-02,  1.27999459e-02, -9.42514567e-02,
        -1.06966816e-02,  2.30010638e-01, -8.63688164e-02,
         9.34417754e-02, -5.66592033e-02, -2.88668933e-01,
        -3.09804813e-02,  8.50266782e-02, -2.56923131e-02,
        -4.48657965e-03,  1.47544052e-01,  3.16393400e-02],
       [-2.93491461e-01, -4.53007719e-02,  5.71369910e-02,
         7.20416571e-02,  6.03262072e-03, -3.43999855e-02,
         3.74947552e-02,  1.21778891e-02,  6.62642984e-02,
         2.08150861e-01,  6.33595007e-02, -1.22452175e-01,
         1.46593023e-01,  3.26193037e-02,  1.08647940e-01,
         4.99439574e-03,  3.16393400e-02,  2.05156211e-01]])
      jac: array([ 1.09991645e-04, -6.16825110e-05, -8.57547367e-05, -2.45344486e-04,
        1.56107349e-04,  1.67024172e-04,  1.62037050e-05, -8.45397826e-06,
       -1.00689827e-05,  5.94942614e-05, -3.24814250e-05, -3.45512508e-05,
        2.51599852e-04, -1.34347348e-04, -2.06100692e-04, -1.90023182e-04,
        1.04855014e-04,  1.63630591e-04])
  message: 'Desired error not necessarily achieved due to precision loss.'
     nfev: 2308
      nit: 67
     njev: 121
   status: 2
  success: False
        x: array([ 7.29895457e-02,  2.71008244e-01,  7.91262044e-01,  1.03593574e+00,
       -1.35356345e+00, -3.57362109e-01,  2.10144522e+00, -1.21624983e+00,
       -1.31036175e+00,  7.99035727e-01, -1.88636651e+00, -8.43469782e-01,
        1.09729201e-01, -1.23051649e-02, -4.06184985e-01, -1.01874494e+00,
       -2.89557951e-01, -8.62162563e-04])
