Program Begingeth
      fun: 0.37612367936893365
 hess_inv: array([[ 2.56576947e+00,  2.61396351e-01,  2.21713759e-01,
         4.44359600e-01, -4.91195666e-01,  5.42789096e-01,
         7.95390740e-01, -8.02601607e-01,  6.42395129e-01,
         1.41655213e+00, -1.67415641e+00,  2.00707092e-01,
        -1.03747753e+00, -2.05514149e-01,  9.76117063e-02,
        -7.09051314e-02, -4.85832263e-02, -3.70669776e-01],
       [ 2.61396351e-01,  8.93056321e-01,  4.65164827e-03,
        -3.34535350e-01, -1.40207816e-03, -1.96361636e-01,
        -1.88460741e+00,  1.48747287e-01, -2.31578580e-01,
        -8.18876133e-01, -4.49960052e-01, -1.75545053e-01,
        -9.60809318e-02, -2.75955145e-01, -2.79009838e-01,
         4.91002050e-02,  6.32747467e-03, -2.00387059e-01],
       [ 2.21713759e-01,  4.65164827e-03,  4.98819334e-01,
         7.36548976e-02, -1.27679932e-02,  1.15131995e-01,
        -3.99998285e-01, -6.44910591e-01,  1.32253298e-01,
         5.03547213e-01, -1.48065944e-01,  6.24350559e-02,
        -6.55564559e-02,  9.14401764e-02, -1.09626632e-01,
         5.29513442e-02,  4.34841852e-02,  7.08948730e-03],
       [ 4.44359600e-01, -3.34535350e-01,  7.36548976e-02,
         5.55949319e-01, -2.81880173e-03,  2.91903632e-01,
         1.75803193e+00,  4.56600713e-02,  1.22474730e+00,
         1.56120161e+00,  1.72518230e-01, -1.09573958e-02,
        -1.08889082e-01,  7.78098757e-02,  2.03197661e-01,
        -1.07915986e-02, -2.31838014e-02,  3.36005509e-02],
       [-4.91195666e-01, -1.40207816e-03, -1.27679932e-02,
        -2.81880173e-03,  4.21510721e-01, -1.08576045e-01,
        -3.73837115e-01,  9.37306902e-01,  8.70318959e-01,
         2.23988667e-04,  1.19453237e+00, -2.66938272e-01,
         2.66574389e-01,  1.04635596e-01, -4.99914334e-02,
         5.94530706e-02,  2.08299729e-02,  7.70574411e-02],
       [ 5.42789096e-01, -1.96361636e-01,  1.15131995e-01,
         2.91903632e-01, -1.08576045e-01,  4.70230929e-01,
         1.25782565e+00, -7.24449455e-01,  1.26702688e+00,
         9.91843820e-01, -8.05690164e-02,  6.56842656e-01,
        -2.82268316e-01,  6.09374720e-02,  1.84632264e-01,
        -5.76037257e-02,  3.04261723e-02, -1.33865633e-03],
       [ 7.95390740e-01, -1.88460741e+00, -3.99998285e-01,
         1.75803193e+00, -3.73837115e-01,  1.25782565e+00,
         1.41095640e+01, -1.66131651e+00,  5.06984797e+00,
         3.79010445e+00,  1.64680553e+00,  8.18722952e-01,
        -6.95124619e-01,  2.19493655e-01,  9.95889974e-01,
        -4.32495615e-01,  1.08617836e-01,  1.48904208e-01],
       [-8.02601607e-01,  1.48747287e-01, -6.44910591e-01,
         4.56600713e-02,  9.37306902e-01, -7.24449455e-01,
        -1.66131651e+00,  5.63022915e+00,  8.53781347e-01,
        -3.77520384e-01,  1.86298122e+00, -1.92632104e+00,
         6.48393418e-01,  1.91141815e-02, -6.04847776e-03,
         9.78414934e-02, -8.68675132e-02,  1.14998917e-01],
       [ 6.42395129e-01, -2.31578580e-01,  1.32253298e-01,
         1.22474730e+00,  8.70318959e-01,  1.26702688e+00,
         5.06984797e+00,  8.53781347e-01,  9.89794976e+00,
         3.83135391e+00,  3.62628864e+00,  6.66885183e-01,
        -3.05161500e-01,  1.80211204e-01,  4.65687627e-01,
        -8.04589642e-02,  1.16160906e-01,  1.22458614e-01],
       [ 1.41655213e+00, -8.18876133e-01,  5.03547213e-01,
         1.56120161e+00,  2.23988667e-04,  9.91843820e-01,
         3.79010445e+00, -3.77520384e-01,  3.83135391e+00,
         4.88938881e+00,  3.17876163e-01,  2.87960724e-01,
        -3.94092895e-01,  2.71899702e-01,  5.18346151e-01,
        -1.57399823e-02, -3.21887703e-02,  8.97951862e-02],
       [-1.67415641e+00, -4.49960052e-01, -1.48065944e-01,
         1.72518230e-01,  1.19453237e+00, -8.05690164e-02,
         1.64680553e+00,  1.86298122e+00,  3.62628864e+00,
         3.17876163e-01,  4.26920911e+00, -3.93454073e-01,
         7.22083970e-01,  3.61076913e-01,  2.40201033e-02,
         6.43304220e-02,  9.05320216e-02,  2.94119034e-01],
       [ 2.00707092e-01, -1.75545053e-01,  6.24350559e-02,
        -1.09573958e-02, -2.66938272e-01,  6.56842656e-01,
         8.18722952e-01, -1.92632104e+00,  6.66885183e-01,
         2.87960724e-01, -3.93454073e-01,  1.78060860e+00,
        -2.87948078e-01,  8.90463818e-02,  1.96432063e-01,
        -9.86440388e-02,  9.29895138e-02,  1.94257817e-02],
       [-1.03747753e+00, -9.60809318e-02, -6.55564559e-02,
        -1.08889082e-01,  2.66574389e-01, -2.82268316e-01,
        -6.95124619e-01,  6.48393418e-01, -3.05161500e-01,
        -3.94092895e-01,  7.22083970e-01, -2.87948078e-01,
         5.18192714e-01,  9.46662419e-02, -5.27981719e-02,
         9.04435350e-02, -8.73175873e-03,  1.63645041e-01],
       [-2.05514149e-01, -2.75955145e-01,  9.14401764e-02,
         7.78098757e-02,  1.04635596e-01,  6.09374720e-02,
         2.19493655e-01,  1.91141815e-02,  1.80211204e-01,
         2.71899702e-01,  3.61076913e-01,  8.90463818e-02,
         9.46662419e-02,  1.60339318e-01,  5.16692338e-02,
         1.17740264e-02,  3.28672350e-02,  8.95688641e-02],
       [ 9.76117063e-02, -2.79009838e-01, -1.09626632e-01,
         2.03197661e-01, -4.99914334e-02,  1.84632264e-01,
         9.95889974e-01, -6.04847776e-03,  4.65687627e-01,
         5.18346151e-01,  2.40201033e-02,  1.96432063e-01,
        -5.27981719e-02,  5.16692338e-02,  1.99618704e-01,
        -4.44121519e-02, -1.38041811e-02,  6.48603864e-02],
       [-7.09051314e-02,  4.91002050e-02,  5.29513442e-02,
        -1.07915986e-02,  5.94530706e-02, -5.76037257e-02,
        -4.32495615e-01,  9.78414934e-02, -8.04589642e-02,
        -1.57399823e-02,  6.43304220e-02, -9.86440388e-02,
         9.04435350e-02,  1.17740264e-02, -4.44121519e-02,
         6.02172513e-02, -7.06918034e-03,  1.00695849e-02],
       [-4.85832263e-02,  6.32747467e-03,  4.34841852e-02,
        -2.31838014e-02,  2.08299729e-02,  3.04261723e-02,
         1.08617836e-01, -8.68675132e-02,  1.16160906e-01,
        -3.21887703e-02,  9.05320216e-02,  9.29895138e-02,
        -8.73175873e-03,  3.28672350e-02, -1.38041811e-02,
        -7.06918034e-03,  4.37488140e-02,  4.00357914e-03],
       [-3.70669776e-01, -2.00387059e-01,  7.08948730e-03,
         3.36005509e-02,  7.70574411e-02, -1.33865633e-03,
         1.48904208e-01,  1.14998917e-01,  1.22458614e-01,
         8.97951862e-02,  2.94119034e-01,  1.94257817e-02,
         1.63645041e-01,  8.95688641e-02,  6.48603864e-02,
         1.00695849e-02,  4.00357914e-03,  1.18212293e-01]])
      jac: array([-1.27009514e-06, -1.31080332e-06, -1.67680684e-06,  3.74145159e-07,
        4.73140046e-06,  3.10381350e-06, -1.78005758e-07, -1.06285351e-06,
       -2.93468953e-07,  1.29526020e-08, -8.94469684e-07, -1.40813287e-06,
       -2.12459679e-06, -3.49239156e-06,  1.65793305e-07,  3.82397817e-06,
        2.92099678e-06, -1.78153788e-06])
  message: 'Optimization terminated successfully.'
     nfev: 2090
      nit: 93
     njev: 110
   status: 0
  success: True
        x: array([ 0.07572806,  0.08309991,  0.74144339,  1.64501118, -0.70057053,
        0.30832775,  1.23252896, -1.79134844,  0.58615441,  1.94682716,
       -0.63306927,  0.86725633, -0.00876364,  0.03398719, -0.19751235,
       -1.49549794, -0.74160179,  0.04918314])
