Program Begingeth
      fun: 0.2624648519652045
 hess_inv: array([[ 4.95594095e+00,  1.84267085e+00, -1.56728722e+00,
         1.22385107e+00,  8.39232488e-01, -1.14509523e+00,
        -1.34715019e+00, -3.91682865e-02, -2.88734289e+00,
        -1.87758021e-02,  1.37760070e-01, -1.90066909e-01,
        -9.00699509e-01, -3.14943155e-01, -1.36410526e-01,
        -2.05080145e-01, -5.07500294e-01,  1.52389899e-01],
       [ 1.84267085e+00,  3.25077590e+00, -7.52217402e-01,
         1.84370729e-01,  1.31190009e+00, -4.83810224e-01,
        -1.46053104e+00,  2.32166417e+00, -2.33862068e-01,
         2.98172365e-01, -2.78539205e-01, -9.80958243e-01,
        -5.47598032e-01, -3.48610133e-01,  1.75860899e-01,
         5.59594656e-03, -2.81903222e-01,  1.53320374e-01],
       [-1.56728722e+00, -7.52217402e-01,  1.05206245e+01,
         1.02740006e+00, -5.49671934e-01,  4.37692319e+00,
         1.55743634e+01, -4.91283361e+00,  7.89838935e+00,
        -4.98520157e-01,  2.79240964e+00, -1.12599125e+00,
         6.93680070e-01, -1.81426458e-01, -5.95251825e-01,
        -5.98526616e-02,  4.57913100e-01, -3.93451105e-01],
       [ 1.22385107e+00,  1.84370729e-01,  1.02740006e+00,
         5.74608029e-01,  8.59550273e-02,  3.05249070e-01,
         2.31268755e+00, -7.99775202e-01,  1.19630157e-01,
        -1.29619285e-01,  3.94334786e-01, -8.98645340e-02,
        -1.15621409e-01, -6.03410855e-02, -1.26843596e-01,
        -6.75210716e-02, -5.66368180e-02, -2.20038029e-02],
       [ 8.39232488e-01,  1.31190009e+00, -5.49671934e-01,
         8.59550273e-02,  5.75041052e-01, -2.84053611e-01,
        -7.43454351e-01,  1.35988426e+00, -3.73731309e-01,
         6.17727678e-02, -1.88048356e-01, -3.28255220e-01,
        -2.33839493e-01, -1.12807372e-01,  9.64565207e-02,
        -8.73097886e-03, -1.21780508e-01,  7.26208095e-02],
       [-1.14509523e+00, -4.83810224e-01,  4.37692319e+00,
         3.05249070e-01, -2.84053611e-01,  1.92795005e+00,
         6.68836159e+00, -1.70814615e+00,  3.67463627e+00,
        -3.08914070e-01,  1.00270378e+00, -4.12179897e-01,
         4.01949367e-01, -2.20662497e-02, -1.89645169e-01,
         4.90888730e-03,  2.27037812e-01, -1.76218458e-01],
       [-1.34715019e+00, -1.46053104e+00,  1.55743634e+01,
         2.31268755e+00, -7.43454351e-01,  6.68836159e+00,
         2.88901008e+01, -6.48173254e+00,  1.09461250e+01,
        -1.02848299e+00,  3.44204906e+00, -1.09573721e+00,
         1.01944939e+00,  4.94305371e-02, -7.19562823e-01,
        -1.71691115e-01,  6.67915400e-01, -5.42806427e-01],
       [-3.91682865e-02,  2.32166417e+00, -4.91283361e+00,
        -7.99775202e-01,  1.35988426e+00, -1.70814615e+00,
        -6.48173254e+00,  8.81690690e+00, -2.74473439e+00,
        -3.17043489e-01, -1.79780442e+00, -1.99939311e-01,
        -1.65643183e-01,  1.65360944e-02,  7.43273701e-01,
         1.49853852e-01, -2.33821789e-01,  2.37570788e-01],
       [-2.88734289e+00, -2.33862068e-01,  7.89838935e+00,
         1.19630157e-01, -3.73731309e-01,  3.67463627e+00,
         1.09461250e+01, -2.74473439e+00,  9.77008479e+00,
        -6.25379659e-01,  1.80607463e+00, -1.02825840e+00,
         7.88429953e-01, -2.69127367e-01, -3.55016846e-01,
         9.18665371e-02,  3.12892773e-01, -4.03135159e-01],
       [-1.87758021e-02,  2.98172365e-01, -4.98520157e-01,
        -1.29619285e-01,  6.17727678e-02, -3.08914070e-01,
        -1.02848299e+00, -3.17043489e-01, -6.25379659e-01,
         1.09643311e+00, -1.94540726e-01, -2.83608962e-02,
        -2.94600103e-01,  2.29191337e-02,  1.12387457e-01,
        -4.86915612e-03,  2.74256170e-02,  2.28516261e-01],
       [ 1.37760070e-01, -2.78539205e-01,  2.79240964e+00,
         3.94334786e-01, -1.88048356e-01,  1.00270378e+00,
         3.44204906e+00, -1.79780442e+00,  1.80607463e+00,
        -1.94540726e-01,  1.38986817e+00, -3.12115881e-01,
         1.02365938e-01, -1.99146137e-01, -3.46711842e-01,
        -6.04913754e-02,  7.79665386e-02, -1.80648044e-01],
       [-1.90066909e-01, -9.80958243e-01, -1.12599125e+00,
        -8.98645340e-02, -3.28255220e-01, -4.12179897e-01,
        -1.09573721e+00, -1.99939311e-01, -1.02825840e+00,
        -2.83608962e-02, -3.12115881e-01,  7.45481396e-01,
         3.99576620e-02,  2.01181675e-01, -1.98173953e-02,
        -4.22406778e-02,  5.23649758e-02,  2.19386664e-02],
       [-9.00699509e-01, -5.47598032e-01,  6.93680070e-01,
        -1.15621409e-01, -2.33839493e-01,  4.01949367e-01,
         1.01944939e+00, -1.65643183e-01,  7.88429953e-01,
        -2.94600103e-01,  1.02365938e-01,  3.99576620e-02,
         3.00927482e-01,  6.58207103e-02, -2.50411490e-02,
         6.34063529e-02,  1.15988933e-01, -1.03333780e-01],
       [-3.14943155e-01, -3.48610133e-01, -1.81426458e-01,
        -6.03410855e-02, -1.12807372e-01, -2.20662497e-02,
         4.94305371e-02,  1.65360944e-02, -2.69127367e-01,
         2.29191337e-02, -1.99146137e-01,  2.01181675e-01,
         6.58207103e-02,  1.27241111e-01,  4.13055770e-02,
         4.12689476e-03,  6.96605672e-02,  1.99124351e-02],
       [-1.36410526e-01,  1.75860899e-01, -5.95251825e-01,
        -1.26843596e-01,  9.64565207e-02, -1.89645169e-01,
        -7.19562823e-01,  7.43273701e-01, -3.55016846e-01,
         1.12387457e-01, -3.46711842e-01, -1.98173953e-02,
        -2.50411490e-02,  4.13055770e-02,  1.43554168e-01,
         2.84257773e-02, -1.09259507e-02,  7.77408827e-02],
       [-2.05080145e-01,  5.59594656e-03, -5.98526616e-02,
        -6.75210716e-02, -8.73097886e-03,  4.90888730e-03,
        -1.71691115e-01,  1.49853852e-01,  9.18665371e-02,
        -4.86915612e-03, -6.04913754e-02, -4.22406778e-02,
         6.34063529e-02,  4.12689476e-03,  2.84257773e-02,
         4.83865522e-02,  1.69029456e-02, -6.82460545e-03],
       [-5.07500294e-01, -2.81903222e-01,  4.57913100e-01,
        -5.66368180e-02, -1.21780508e-01,  2.27037812e-01,
         6.67915400e-01, -2.33821789e-01,  3.12892773e-01,
         2.74256170e-02,  7.79665386e-02,  5.23649758e-02,
         1.15988933e-01,  6.96605672e-02, -1.09259507e-02,
         1.69029456e-02,  1.05167958e-01, -1.84177239e-02],
       [ 1.52389899e-01,  1.53320374e-01, -3.93451105e-01,
        -2.20038029e-02,  7.26208095e-02, -1.76218458e-01,
        -5.42806427e-01,  2.37570788e-01, -4.03135159e-01,
         2.28516261e-01, -1.80648044e-01,  2.19386664e-02,
        -1.03333780e-01,  1.99124351e-02,  7.77408827e-02,
        -6.82460545e-03, -1.84177239e-02,  9.42794118e-02]])
      jac: array([-6.05848705e-06, -4.50954089e-05,  3.41674837e-05,  1.89233814e-05,
        7.96233450e-05, -1.10527513e-04,  6.75422681e-06,  8.39328607e-07,
        6.79345469e-06, -6.59213425e-06, -2.73329507e-05, -2.75557355e-06,
       -6.15063556e-07, -6.22446539e-05,  2.08703425e-05, -2.52279679e-06,
        5.46148312e-05,  8.28374406e-06])
  message: 'Desired error not necessarily achieved due to precision loss.'
     nfev: 2310
      nit: 65
     njev: 121
   status: 2
  success: False
        x: array([-0.86427685, -0.9745856 ,  0.26788465, -1.3220672 , -1.01876153,
        0.0202694 , -1.43866451, -1.33012018, -0.9371315 ,  0.12709286,
        0.50894585,  1.08425643,  0.10292942,  0.24631778, -0.24733296,
        1.45333461, -0.10120821,  0.02710478])
