Program Begingeth
      fun: 0.28690798528367073
 hess_inv: array([[ 1.40132566e+00, -1.49722788e-01,  1.62337249e-01,
         2.30920442e-01, -2.04610718e-01,  3.31903842e-01,
         5.26362676e-01, -4.79990768e-01,  5.38309530e-01,
         7.46576747e-01, -6.87699948e-01,  1.12558763e-01,
        -5.75401283e-01,  3.32855271e-02,  2.03531355e-02,
        -3.63374267e-02, -1.25042767e-02, -2.51625087e-01],
       [-1.49722788e-01,  5.98012025e-01, -1.43029427e-01,
        -2.84234889e-01,  3.54828294e-02, -2.09549439e-01,
        -1.29827338e+00,  2.31152348e-01, -3.50706225e-01,
        -7.76585716e-01, -1.06357565e-01, -2.87504268e-02,
         5.90429851e-02, -1.98559024e-01, -1.74238148e-01,
         2.35625837e-02,  7.60483930e-03, -8.37998557e-02],
       [ 1.62337249e-01, -1.43029427e-01,  3.78988907e-01,
         1.15902639e-01,  6.71728113e-03,  1.36614269e-01,
         7.87691842e-02, -4.22136686e-01,  2.61390101e-01,
         5.02179521e-01, -2.89052633e-02,  7.71398889e-02,
        -3.79751847e-02,  1.27133639e-01, -3.96371790e-02,
         4.70917014e-02,  3.94363378e-02,  2.35178015e-02],
       [ 2.30920442e-01, -2.84234889e-01,  1.15902639e-01,
         4.79611053e-01,  1.00745977e-01,  1.87494716e-01,
         1.43952757e+00,  4.07573330e-01,  1.42972619e+00,
         1.36149592e+00,  3.43081064e-01, -2.72593865e-01,
        -9.25075183e-03,  1.09815073e-01,  1.30766424e-01,
         1.76729289e-02, -9.60309130e-03,  3.91965511e-02],
       [-2.04610718e-01,  3.54828294e-02,  6.71728113e-03,
         1.00745977e-01,  2.82448879e-01, -4.20127908e-02,
         1.42783898e-01,  7.98141393e-01,  9.24428322e-01,
         2.97109793e-01,  7.58243389e-01, -2.60114460e-01,
         1.41060733e-01,  5.74487494e-02, -1.61811257e-02,
         4.70235006e-02,  2.11161000e-02,  4.73307091e-02],
       [ 3.31903842e-01, -2.09549439e-01,  1.36614269e-01,
         1.87494716e-01, -4.20127908e-02,  3.06840262e-01,
         7.89572617e-01, -4.65300168e-01,  8.85531889e-01,
         6.69714493e-01, -1.05442148e-02,  3.35243658e-01,
        -1.73621645e-01,  1.07593932e-01,  1.08795638e-01,
        -2.75366688e-02,  3.83600284e-02, -5.16366643e-03],
       [ 5.26362676e-01, -1.29827338e+00,  7.87691842e-02,
         1.43952757e+00,  1.42783898e-01,  7.89572617e-01,
         8.94139756e+00,  1.67849931e-02,  5.20675486e+00,
         3.67748940e+00,  1.73832424e+00, -5.74504431e-01,
        -3.55953585e-01,  3.82577076e-01,  5.87656674e-01,
        -1.98639952e-01,  1.25096830e-01,  8.52306527e-02],
       [-4.79990768e-01,  2.31152348e-01, -4.22136686e-01,
         4.07573330e-01,  7.98141393e-01, -4.65300168e-01,
         1.67849931e-02,  4.64975253e+00,  2.16299579e+00,
         7.94499687e-01,  1.67624836e+00, -1.66596662e+00,
         5.22196946e-01, -4.44922794e-02,  2.32884316e-02,
         1.33478766e-01, -7.89764234e-02,  1.19862369e-01],
       [ 5.38309530e-01, -3.50706225e-01,  2.61390101e-01,
         1.42972619e+00,  9.24428322e-01,  8.85531889e-01,
         5.20675486e+00,  2.16299579e+00,  9.36623928e+00,
         4.45395798e+00,  3.10364973e+00, -7.30516068e-01,
        -1.43834000e-01,  3.62306860e-01,  3.77918092e-01,
         1.11980838e-02,  1.73728928e-01,  1.06220962e-01],
       [ 7.46576747e-01, -7.76585716e-01,  5.02179521e-01,
         1.36149592e+00,  2.97109793e-01,  6.69714493e-01,
         3.67748940e+00,  7.94499687e-01,  4.45395798e+00,
         4.16694748e+00,  9.55404757e-01, -5.25773240e-01,
        -1.02792484e-01,  3.72237071e-01,  3.50503071e-01,
         4.48506196e-02,  1.74063615e-02,  1.05071497e-01],
       [-6.87699948e-01, -1.06357565e-01, -2.89052633e-02,
         3.43081064e-01,  7.58243389e-01, -1.05442148e-02,
         1.73832424e+00,  1.67624836e+00,  3.10364973e+00,
         9.55404757e-01,  2.49621367e+00, -6.18787689e-01,
         3.30104512e-01,  1.87534695e-01,  3.52697649e-02,
         5.61698803e-02,  8.28639692e-02,  1.52348083e-01],
       [ 1.12558763e-01, -2.87504268e-02,  7.71398889e-02,
        -2.72593865e-01, -2.60114460e-01,  3.35243658e-01,
        -5.74504431e-01, -1.66596662e+00, -7.30516068e-01,
        -5.25773240e-01, -6.18787689e-01,  1.26374049e+00,
        -2.01733428e-01,  5.70479094e-02,  5.20736438e-02,
        -5.53522824e-02,  7.31180463e-02, -2.19308331e-02],
       [-5.75401283e-01,  5.90429851e-02, -3.79751847e-02,
        -9.25075183e-03,  1.41060733e-01, -1.73621645e-01,
        -3.55953585e-01,  5.22196946e-01, -1.43834000e-01,
        -1.02792484e-01,  3.30104512e-01, -2.01733428e-01,
         3.22150609e-01, -7.69751580e-03, -1.38348553e-02,
         6.80144558e-02, -2.10388652e-02,  1.22605844e-01],
       [ 3.32855271e-02, -1.98559024e-01,  1.27133639e-01,
         1.09815073e-01,  5.74487494e-02,  1.07593932e-01,
         3.82577076e-01, -4.44922794e-02,  3.62306860e-01,
         3.72237071e-01,  1.87534695e-01,  5.70479094e-02,
        -7.69751580e-03,  1.27764034e-01,  4.38266164e-02,
         1.03332738e-02,  3.71095557e-02,  4.09739297e-02],
       [ 2.03531355e-02, -1.74238148e-01, -3.96371790e-02,
         1.30766424e-01, -1.61811257e-02,  1.08795638e-01,
         5.87656674e-01,  2.32884316e-02,  3.77918092e-01,
         3.50503071e-01,  3.52697649e-02,  5.20736438e-02,
        -1.38348553e-02,  4.38266164e-02,  1.25023169e-01,
        -2.48174080e-02, -6.62040155e-03,  5.19246974e-02],
       [-3.63374267e-02,  2.35625837e-02,  4.70917014e-02,
         1.76729289e-02,  4.70235006e-02, -2.75366688e-02,
        -1.98639952e-01,  1.33478766e-01,  1.11980838e-02,
         4.48506196e-02,  5.61698803e-02, -5.53522824e-02,
         6.80144558e-02,  1.03332738e-02, -2.48174080e-02,
         4.94391367e-02, -5.41360917e-03,  1.46400455e-02],
       [-1.25042767e-02,  7.60483930e-03,  3.94363378e-02,
        -9.60309130e-03,  2.11161000e-02,  3.83600284e-02,
         1.25096830e-01, -7.89764234e-02,  1.73728928e-01,
         1.74063615e-02,  8.28639692e-02,  7.31180463e-02,
        -2.10388652e-02,  3.71095557e-02, -6.62040155e-03,
        -5.41360917e-03,  4.68275320e-02,  1.33278588e-04],
       [-2.51625087e-01, -8.37998557e-02,  2.35178015e-02,
         3.91965511e-02,  4.73307091e-02, -5.16366643e-03,
         8.52306527e-02,  1.19862369e-01,  1.06220962e-01,
         1.05071497e-01,  1.52348083e-01, -2.19308331e-02,
         1.22605844e-01,  4.09739297e-02,  5.19246974e-02,
         1.46400455e-02,  1.33278588e-04,  9.83081858e-02]])
      jac: array([-2.81256500e-07, -9.99940871e-07, -8.53391432e-07,  1.38444811e-06,
        1.50657264e-06,  1.82631688e-06, -1.23604830e-07, -1.45809291e-07,
       -5.03301105e-08, -3.85987538e-07, -3.43428989e-07, -5.36607795e-07,
       -9.64783808e-07, -1.70678286e-06, -1.97508676e-06,  1.14575016e-06,
        1.78227803e-06,  1.47400610e-06])
  message: 'Optimization terminated successfully.'
     nfev: 1520
      nit: 71
     njev: 80
   status: 0
  success: True
        x: array([ 0.11626145,  0.1701211 ,  0.77732198,  1.57794821, -0.82184215,
        0.33804143,  1.04167274, -1.80950679,  0.85707548,  1.94190128,
       -0.73166147,  0.90342734,  0.04113447,  0.13834116, -0.20733923,
       -1.41122227, -0.3417643 ,  0.05197808])
