Program Begingeth
      fun: 0.21437841267360605
 hess_inv: array([[ 7.18509717e-01, -1.67586796e-02, -7.09167372e-02,
        -4.88827562e-02,  6.54194985e-02,  4.02086704e-01,
        -4.99903563e-01, -4.89152431e-01,  1.22886722e+00,
         1.60488209e-02,  5.17832630e-01,  6.74462207e-01,
        -3.26741008e-01, -3.89726407e-02,  7.58375639e-02,
        -1.78246189e-02, -3.98697861e-02, -1.66465113e-01],
       [-1.67586796e-02,  2.45713821e-01, -5.92502783e-02,
         3.11979573e-02, -2.56549024e-02, -1.92056714e-01,
         1.35877321e-01,  9.86693516e-02, -5.43051987e-01,
         8.00090019e-02, -1.59031309e-01, -3.10373692e-01,
         1.94805267e-02, -8.33656284e-02, -1.10104626e-01,
         1.18873285e-02,  2.11853725e-02, -7.09163582e-02],
       [-7.09167372e-02, -5.92502783e-02,  1.91294120e-01,
         4.25078935e-02,  1.10494502e-01,  1.30816033e-01,
        -1.39360551e-01,  2.36971475e-01,  6.57596140e-01,
         2.32812220e-01,  2.35828136e-01,  2.89233225e-01,
         5.25626903e-02,  8.43172924e-02, -1.91666864e-02,
         3.39949977e-02,  2.83586454e-02,  5.44870771e-02],
       [-4.88827562e-02,  3.11979573e-02,  4.25078935e-02,
         2.68117758e-01,  1.11345362e-01,  5.35915512e-02,
         2.12124183e-01,  2.36234101e-01,  7.54701986e-01,
         8.17896367e-01,  2.18647837e-01,  1.78029875e-01,
         1.27166903e-01,  1.21485835e-02, -4.55703454e-02,
         5.45276279e-02, -3.06047221e-02,  1.37065535e-02],
       [ 6.54194985e-02, -2.56549024e-02,  1.10494502e-01,
         1.11345362e-01,  1.96708307e-01,  2.54143602e-01,
        -2.64021283e-01,  2.13723059e-01,  1.38624973e+00,
         5.23169615e-01,  5.59139269e-01,  4.94975816e-01,
         6.99193515e-03,  7.25400602e-02,  6.61872225e-03,
         3.17536613e-02,  9.72220671e-03,  5.47090558e-03],
       [ 4.02086704e-01, -1.92056714e-01,  1.30816033e-01,
         5.35915512e-02,  2.54143602e-01,  7.78229884e-01,
        -1.17440665e+00, -3.51701778e-01,  3.19062354e+00,
         6.58532076e-01,  1.14797166e+00,  1.51333059e+00,
        -1.86888679e-01,  7.34605226e-02,  1.48658179e-01,
        -1.07900292e-02, -3.74645720e-02, -2.27053898e-02],
       [-4.99903563e-01,  1.35877321e-01, -1.39360551e-01,
         2.12124183e-01, -2.64021283e-01, -1.17440665e+00,
         3.98848323e+00,  6.20461856e-01, -4.82558641e+00,
        -9.28956758e-01, -1.58749117e+00, -2.58404473e+00,
         4.23967581e-01,  1.67485408e-03, -1.29514893e-01,
         1.02666859e-01,  8.73281473e-03,  1.08201336e-01],
       [-4.89152431e-01,  9.86693516e-02,  2.36971475e-01,
         2.36234101e-01,  2.13723059e-01, -3.51701778e-01,
         6.20461856e-01,  2.13938421e+00, -5.18013818e-01,
         7.37201028e-01, -3.22486729e-01, -5.82601422e-01,
         2.91620457e-01,  1.53947018e-01, -2.36230779e-01,
         9.38297694e-02,  8.53466267e-02,  7.00748427e-02],
       [ 1.22886722e+00, -5.43051987e-01,  6.57596140e-01,
         7.54701986e-01,  1.38624973e+00,  3.19062354e+00,
        -4.82558641e+00, -5.18013818e-01,  1.56606602e+01,
         4.80223758e+00,  5.33576624e+00,  6.21292744e+00,
        -4.75537087e-01,  3.77983925e-01,  4.02032041e-01,
         3.66416355e-02, -1.00127892e-01, -7.11072195e-02],
       [ 1.60488209e-02,  8.00090019e-02,  2.32812220e-01,
         8.17896367e-01,  5.23169615e-01,  6.58532076e-01,
        -9.28956758e-01,  7.37201028e-01,  4.80223758e+00,
         3.30996722e+00,  1.43231478e+00,  1.59750677e+00,
         2.15051104e-01,  7.57081499e-02, -1.28894521e-01,
         1.18922802e-01, -6.09166998e-02, -5.86982124e-03],
       [ 5.17832630e-01, -1.59031309e-01,  2.35828136e-01,
         2.18647837e-01,  5.59139269e-01,  1.14797166e+00,
        -1.58749117e+00, -3.22486729e-01,  5.33576624e+00,
         1.43231478e+00,  2.18636653e+00,  2.21289579e+00,
        -1.89108545e-01,  1.37274794e-01,  1.65108123e-01,
         2.66595183e-02, -2.69337880e-02, -3.53454438e-02],
       [ 6.74462207e-01, -3.10373692e-01,  2.89233225e-01,
         1.78029875e-01,  4.94975816e-01,  1.51333059e+00,
        -2.58404473e+00, -5.82601422e-01,  6.21292744e+00,
         1.59750677e+00,  2.21289579e+00,  3.21385882e+00,
        -2.77444245e-01,  9.77662586e-02,  2.09051766e-01,
         2.68556385e-03, -9.65348039e-02, -5.17023736e-02],
       [-3.26741008e-01,  1.94805267e-02,  5.25626903e-02,
         1.27166903e-01,  6.99193515e-03, -1.86888679e-01,
         4.23967581e-01,  2.91620457e-01, -4.75537087e-01,
         2.15051104e-01, -1.89108545e-01, -2.77444245e-01,
         2.21895484e-01,  1.90681194e-02, -5.51676055e-02,
         5.30699981e-02, -3.04945444e-03,  8.08000210e-02],
       [-3.89726407e-02, -8.33656284e-02,  8.43172924e-02,
         1.21485835e-02,  7.25400602e-02,  7.34605226e-02,
         1.67485408e-03,  1.53947018e-01,  3.77983925e-01,
         7.57081499e-02,  1.37274794e-01,  9.77662586e-02,
         1.90681194e-02,  8.50867070e-02,  2.05279407e-02,
         1.13607142e-02,  2.73371663e-02,  4.23336472e-02],
       [ 7.58375639e-02, -1.10104626e-01, -1.91666864e-02,
        -4.55703454e-02,  6.61872225e-03,  1.48658179e-01,
        -1.29514893e-01, -2.36230779e-01,  4.02032041e-01,
        -1.28894521e-01,  1.65108123e-01,  2.09051766e-01,
        -5.51676055e-02,  2.05279407e-02,  1.03670198e-01,
        -2.23894267e-02, -1.62129763e-02,  2.94929933e-02],
       [-1.78246189e-02,  1.18873285e-02,  3.39949977e-02,
         5.45276279e-02,  3.17536613e-02, -1.07900292e-02,
         1.02666859e-01,  9.38297694e-02,  3.66416355e-02,
         1.18922802e-01,  2.66595183e-02,  2.68556385e-03,
         5.30699981e-02,  1.13607142e-02, -2.23894267e-02,
         3.76782206e-02, -3.17060622e-03,  7.29788594e-03],
       [-3.98697861e-02,  2.11853725e-02,  2.83586454e-02,
        -3.06047221e-02,  9.72220671e-03, -3.74645720e-02,
         8.73281473e-03,  8.53466267e-02, -1.00127892e-01,
        -6.09166998e-02, -2.69337880e-02, -9.65348039e-02,
        -3.04945444e-03,  2.73371663e-02, -1.62129763e-02,
        -3.17060622e-03,  3.85676865e-02,  6.26312061e-03],
       [-1.66465113e-01, -7.09163582e-02,  5.44870771e-02,
         1.37065535e-02,  5.47090558e-03, -2.27053898e-02,
         1.08201336e-01,  7.00748427e-02, -7.11072195e-02,
        -5.86982124e-03, -3.53454438e-02, -5.17023736e-02,
         8.08000210e-02,  4.23336472e-02,  2.94929933e-02,
         7.29788594e-03,  6.26312061e-03,  8.23885699e-02]])
      jac: array([-2.16192619e-04, -1.06341232e-04,  4.12370989e-03, -3.53314415e-03,
        2.57941816e-05, -2.83322032e-03,  2.45253817e-05,  5.75618257e-04,
        3.20339126e-04,  1.41574160e-04,  8.83971785e-04, -5.73407248e-04,
       -6.54046817e-04, -2.61628885e-03,  4.87206368e-03, -1.88057070e-03,
       -3.35441749e-03, -4.47859879e-03])
  message: 'Maximum number of iterations has been exceeded.'
     nfev: 2166
      nit: 100
     njev: 114
   status: 1
  success: False
        x: array([ 0.04537146,  0.29732843,  0.76198432,  1.65887794, -0.52871576,
       -0.10327817,  2.5002811 , -0.22808298,  0.45935669,  2.04870856,
       -0.52359242, -0.59521098,  0.1340972 ,  0.19616626, -0.28045884,
       -1.24227913, -0.32011189,  0.05094493])
