Program Begingeth
      fun: 0.22912389909123013
 hess_inv: array([[ 4.77433543e+00,  1.78318764e+00, -1.33732918e-01,
         1.17896247e+00,  6.76174774e-01, -9.58809625e-01,
         8.35726736e-01, -1.36938143e+00, -2.35770260e+00,
        -3.49010119e-01,  6.52296698e-01, -9.04287776e-01,
        -9.11003206e-01, -4.97888523e-01, -3.65066436e-01,
        -1.58371746e-01, -5.26195517e-01,  2.39764427e-01],
       [ 1.78318764e+00,  2.98273705e+00, -1.60009321e-01,
         1.40887318e-01,  1.08304869e+00, -4.65947110e-01,
        -8.89892951e-01,  2.27239981e+00,  8.40773228e-04,
         3.97946302e-01, -2.97707822e-01, -1.33135071e+00,
        -5.64939560e-01, -4.07061457e-01,  6.52481447e-02,
         8.87555270e-02, -2.13601369e-01,  2.30590200e-01],
       [-1.33732918e-01, -1.60009321e-01,  4.37167162e+00,
         7.31386529e-01, -6.08140749e-02,  1.72058684e+00,
         8.25953652e+00, -3.18593721e+00,  4.92026718e+00,
        -2.94510980e-01,  1.72028448e+00, -7.94029119e-01,
         1.01331977e-01, -7.39679448e-02, -5.00395336e-01,
        -2.59928014e-01,  1.12623805e-01, -3.26250119e-01],
       [ 1.17896247e+00,  1.40887318e-01,  7.31386529e-01,
         5.09205242e-01,  8.72318331e-02,  8.81492114e-02,
         2.27211683e+00, -1.08911821e+00,  2.28278620e-02,
        -2.37464441e-01,  4.70898566e-01, -1.95787856e-01,
        -1.59156073e-01, -6.79145357e-02, -1.93243027e-01,
        -9.91299407e-02, -9.22060151e-02, -2.54727159e-02],
       [ 6.76174774e-01,  1.08304869e+00, -6.08140749e-02,
         8.72318331e-02,  4.64974563e-01, -1.39856227e-01,
         1.97681367e-01,  1.33936696e+00, -2.13888445e-01,
         7.60050538e-02, -1.76454880e-01, -4.20831030e-01,
        -2.16549676e-01, -9.62074820e-02,  6.36191401e-02,
         1.08666514e-02, -7.58834633e-02,  9.59594361e-02],
       [-9.58809625e-01, -4.65947110e-01,  1.72058684e+00,
         8.81492114e-02, -1.39856227e-01,  9.24757417e-01,
         3.50552516e+00, -6.63178862e-01,  2.53777121e+00,
        -1.89398543e-01,  4.42078343e-01, -6.17979260e-02,
         2.44782907e-01,  9.30142748e-02, -8.11096905e-02,
        -6.38576908e-02,  1.24943107e-01, -1.75114312e-01],
       [ 8.35726736e-01, -8.89892951e-01,  8.25953652e+00,
         2.27211683e+00,  1.97681367e-01,  3.50552516e+00,
         2.45676336e+01, -4.21563608e+00,  7.50812514e+00,
        -1.45297558e+00,  2.64063608e+00, -6.58778050e-01,
         5.11777117e-02,  2.91450152e-01, -7.91593582e-01,
        -7.17113662e-01,  1.38485623e-02, -6.65015729e-01],
       [-1.36938143e+00,  2.27239981e+00, -3.18593721e+00,
        -1.08911821e+00,  1.33936696e+00, -6.63178862e-01,
        -4.21563608e+00,  1.21297705e+01, -2.54359594e+00,
         2.60078169e-01, -2.49502074e+00, -2.22101269e-01,
         2.65408928e-02,  1.18504551e-01,  1.19642168e+00,
         4.34431490e-01,  5.57061227e-03,  4.26896944e-01],
       [-2.35770260e+00,  8.40773228e-04,  4.92026718e+00,
         2.28278620e-02, -2.13888445e-01,  2.53777121e+00,
         7.50812514e+00, -2.54359594e+00,  1.12394519e+01,
        -2.91975139e-01,  1.65651254e+00, -8.62316597e-01,
         4.97951431e-01, -3.10283199e-01, -4.88644813e-01,
        -7.66291277e-02,  1.30347703e-01, -5.45424052e-01],
       [-3.49010119e-01,  3.97946302e-01, -2.94510980e-01,
        -2.37464441e-01,  7.60050538e-02, -1.89398543e-01,
        -1.45297558e+00,  2.60078169e-01, -2.91975139e-01,
         9.60255770e-01, -2.80918229e-01, -8.93565131e-02,
        -1.67580118e-01,  2.46031266e-02,  1.25558951e-01,
         5.02964667e-02,  9.92908964e-02,  2.11367213e-01],
       [ 6.52296698e-01, -2.97707822e-01,  1.72028448e+00,
         4.70898566e-01, -1.76454880e-01,  4.42078343e-01,
         2.64063608e+00, -2.49502074e+00,  1.65651254e+00,
        -2.80918229e-01,  1.48862398e+00, -3.78194840e-01,
        -4.05668882e-02, -2.30023241e-01, -4.71412341e-01,
        -1.66103743e-01, -3.04355325e-02, -2.31411968e-01],
       [-9.04287776e-01, -1.33135071e+00, -7.94029119e-01,
        -1.95787856e-01, -4.20831030e-01, -6.17979260e-02,
        -6.58778050e-01, -2.22101269e-01, -8.62316597e-01,
        -8.93565131e-02, -3.78194840e-01,  1.09054324e+00,
         2.18910302e-01,  3.19185073e-01,  8.21091690e-02,
        -3.91559965e-02,  1.24350881e-01, -4.24256836e-03],
       [-9.11003206e-01, -5.64939560e-01,  1.01331977e-01,
        -1.59156073e-01, -2.16549676e-01,  2.44782907e-01,
         5.11777117e-02,  2.65408928e-02,  4.97951431e-01,
        -1.67580118e-01, -4.05668882e-02,  2.18910302e-01,
         2.98050954e-01,  1.09445280e-01,  3.50820288e-02,
         6.11285079e-02,  1.15083618e-01, -1.16719831e-01],
       [-4.97888523e-01, -4.07061457e-01, -7.39679448e-02,
        -6.79145357e-02, -9.62074820e-02,  9.30142748e-02,
         2.91450152e-01,  1.18504551e-01, -3.10283199e-01,
         2.46031266e-02, -2.30023241e-01,  3.19185073e-01,
         1.09445280e-01,  1.91927774e-01,  7.78297788e-02,
        -8.42433936e-03,  1.06411455e-01,  5.85772281e-03],
       [-3.65066436e-01,  6.52481447e-02, -5.00395336e-01,
        -1.93243027e-01,  6.36191401e-02, -8.11096905e-02,
        -7.91593582e-01,  1.19642168e+00, -4.88644813e-01,
         1.25558951e-01, -4.71412341e-01,  8.21091690e-02,
         3.50820288e-02,  7.78297788e-02,  2.12653890e-01,
         6.83955540e-02,  2.60892372e-02,  9.61674315e-02],
       [-1.58371746e-01,  8.87555270e-02, -2.59928014e-01,
        -9.91299407e-02,  1.08666514e-02, -6.38576908e-02,
        -7.17113662e-01,  4.34431490e-01, -7.66291277e-02,
         5.02964667e-02, -1.66103743e-01, -3.91559965e-02,
         6.11285079e-02, -8.42433936e-03,  6.83955540e-02,
         8.10105303e-02,  1.38257729e-02,  1.36675264e-02],
       [-5.26195517e-01, -2.13601369e-01,  1.12623805e-01,
        -9.22060151e-02, -7.58834633e-02,  1.24943107e-01,
         1.38485623e-02,  5.57061227e-03,  1.30347703e-01,
         9.92908964e-02, -3.04355325e-02,  1.24350881e-01,
         1.15083618e-01,  1.06411455e-01,  2.60892372e-02,
         1.38257729e-02,  1.22995159e-01, -2.08338276e-02],
       [ 2.39764427e-01,  2.30590200e-01, -3.26250119e-01,
        -2.54727159e-02,  9.59594361e-02, -1.75114312e-01,
        -6.65015729e-01,  4.26896944e-01, -5.45424052e-01,
         2.11367213e-01, -2.31411968e-01, -4.24256836e-03,
        -1.16719831e-01,  5.85772281e-03,  9.61674315e-02,
         1.36675264e-02, -2.08338276e-02,  1.35206873e-01]])
      jac: array([ 2.25893378e-06, -1.27879189e-06,  3.79770289e-06, -5.59330360e-06,
        3.34861768e-06, -9.03888075e-06,  4.25215418e-07, -7.38298311e-08,
        6.05071549e-07,  1.36094839e-06, -8.72820335e-07,  1.31450406e-06,
        7.21145366e-06, -6.37082979e-07,  6.95739762e-06, -4.71733763e-06,
        4.00975549e-07, -5.48339152e-06])
  message: 'Optimization terminated successfully.'
     nfev: 1368
      nit: 62
     njev: 72
   status: 0
  success: True
        x: array([-0.58765075, -0.67237069,  0.50178028, -1.05560806, -0.80640484,
        0.07234541, -0.92026743, -1.22232933, -0.81774635,  0.12141363,
        0.64286483,  1.06301518,  0.07260301,  0.25582129, -0.30506043,
        1.24376069, -0.16478645,  0.01415162])
