Program Begingeth
      fun: 0.2923066406062261
 hess_inv: array([[ 4.81115527e+00, -1.66677906e+00,  9.16261833e-02,
         1.58411170e+00, -9.06102964e-01,  3.81735785e-01,
         1.92201748e+00, -2.22724904e-01,  2.11602017e+00,
        -3.65496416e-02, -1.62258216e-01,  1.51636488e-02,
        -7.20698076e-01,  1.06713434e-01,  1.12510485e-01,
        -2.32362251e-01,  3.78821467e-01, -1.14379351e-01],
       [-1.66677906e+00,  3.15742545e+00, -4.16884722e-01,
        -2.57156384e-01,  1.31580722e+00, -2.37226416e-01,
         6.41081619e-01,  1.77471494e+00,  2.94840733e-01,
        -6.53394078e-02, -9.18075745e-02, -8.06548696e-01,
         4.19397945e-01, -2.80901833e-01,  1.59177673e-01,
         9.07104001e-03, -2.46304105e-01,  8.48859438e-02],
       [ 9.16261834e-02, -4.16884722e-01,  1.78019977e+01,
        -2.20943291e+00, -8.26196582e-01,  7.18391059e+00,
        -2.31771115e+01, -9.09287726e+00,  8.28627741e+00,
         5.67575419e-01,  4.02675658e+00, -1.35201558e+00,
        -7.88040759e-01, -5.22231870e-01, -7.32012216e-01,
         5.55839886e-03,  5.50611161e-01, -2.74365341e-01],
       [ 1.58411170e+00, -2.57156384e-01, -2.20943291e+00,
         8.80088888e-01, -1.15730544e-01, -7.91941425e-01,
         4.08005851e+00,  1.09985025e+00, -1.60336933e-01,
        -9.25774960e-02, -4.86156211e-01,  7.07593413e-02,
        -9.53636508e-02,  3.55312835e-02,  1.22180200e-01,
        -7.31240446e-02,  1.87466114e-02, -8.20185347e-03],
       [-9.06102964e-01,  1.31580722e+00, -8.26196582e-01,
        -1.15730544e-01,  6.20374776e-01, -3.63464358e-01,
         8.77594652e-01,  1.34023233e+00, -3.29458896e-01,
         1.59001068e-02, -1.89669453e-01, -2.25586230e-01,
         2.17953211e-01, -7.26491581e-02,  9.06692424e-02,
         2.37808132e-02, -1.29134508e-01,  4.85306105e-02],
       [ 3.81735785e-01, -2.37226416e-01,  7.18391059e+00,
        -7.91941425e-01, -3.63464358e-01,  2.97319996e+00,
        -9.41534783e+00, -3.45222119e+00,  3.69051525e+00,
         3.18925124e-01,  1.50634299e+00, -5.40813635e-01,
        -3.97176259e-01, -1.85986354e-01, -2.50289989e-01,
        -2.49640650e-02,  2.43738479e-01, -1.15662884e-01],
       [ 1.92201748e+00,  6.41081619e-01, -2.31771115e+01,
         4.08005851e+00,  8.77594652e-01, -9.41534783e+00,
         3.61502894e+01,  1.12089489e+01, -9.22659911e+00,
        -6.68322714e-01, -4.42401739e+00,  1.28744624e+00,
         8.78696356e-01,  2.76059702e-01,  7.61436814e-01,
        -1.09285388e-01, -7.58785157e-01,  1.83560144e-01],
       [-2.22724904e-01,  1.77471494e+00, -9.09287726e+00,
         1.09985025e+00,  1.34023233e+00, -3.45222119e+00,
         1.12089489e+01,  9.31905622e+00, -3.55707562e+00,
         4.23129392e-01, -2.23287574e+00,  2.75289522e-01,
         2.84693830e-01,  1.89422492e-01,  6.46409883e-01,
        -7.32880647e-02, -3.67651566e-01,  1.51044317e-01],
       [ 2.11602017e+00,  2.94840733e-01,  8.28627741e+00,
        -1.60336933e-01, -3.29458896e-01,  3.69051525e+00,
        -9.22659911e+00, -3.55707562e+00,  7.41708454e+00,
         5.89085360e-01,  1.75000925e+00, -8.78698898e-01,
        -6.42785990e-01, -4.17733768e-01, -2.71544352e-01,
        -1.40051790e-01,  2.54455284e-01, -2.55101212e-01],
       [-3.65496416e-02, -6.53394078e-02,  5.67575419e-01,
        -9.25774960e-02,  1.59001068e-02,  3.18925124e-01,
        -6.68322714e-01,  4.23129392e-01,  5.89085360e-01,
         1.02880422e+00,  1.91876759e-01, -5.87511549e-02,
        -2.65484127e-01, -5.00048589e-02, -9.83525651e-02,
        -1.19417612e-02, -3.02669000e-02, -2.10597729e-01],
       [-1.62258216e-01, -9.18075745e-02,  4.02675658e+00,
        -4.86156211e-01, -1.89669453e-01,  1.50634299e+00,
        -4.42401739e+00, -2.23287574e+00,  1.75000925e+00,
         1.91876759e-01,  1.58476120e+00, -3.40659036e-01,
        -1.32834442e-01, -2.81051092e-01, -3.44462262e-01,
         3.63882335e-02,  9.08084934e-02, -1.72761435e-01],
       [ 1.51636488e-02, -8.06548696e-01, -1.35201558e+00,
         7.07593413e-02, -2.25586230e-01, -5.40813635e-01,
         1.28744624e+00,  2.75289522e-01, -8.78698898e-01,
        -5.87511549e-02, -3.40659036e-01,  6.99227803e-01,
         3.92892589e-02,  1.89039883e-01, -4.77117813e-02,
         7.11854442e-02,  3.26877238e-02,  2.99595014e-02],
       [-7.20698076e-01,  4.19397945e-01, -7.88040759e-01,
        -9.53636508e-02,  2.17953211e-01, -3.97176259e-01,
         8.78696356e-01,  2.84693830e-01, -6.42785990e-01,
        -2.65484127e-01, -1.32834442e-01,  3.92892589e-02,
         2.54340246e-01, -1.45110887e-02,  2.39602965e-02,
         7.06311503e-02, -9.39143460e-02,  7.71023390e-02],
       [ 1.06713434e-01, -2.80901833e-01, -5.22231870e-01,
         3.55312835e-02, -7.26491581e-02, -1.85986354e-01,
         2.76059702e-01,  1.89422492e-01, -4.17733768e-01,
        -5.00048589e-02, -2.81051092e-01,  1.89039883e-01,
        -1.45110887e-02,  1.28141491e-01,  4.44822384e-02,
         3.58663568e-03,  4.83274643e-02,  3.62140822e-02],
       [ 1.12510485e-01,  1.59177673e-01, -7.32012216e-01,
         1.22180200e-01,  9.06692424e-02, -2.50289989e-01,
         7.61436814e-01,  6.46409883e-01, -2.71544352e-01,
        -9.83525651e-02, -3.44462262e-01, -4.77117813e-02,
         2.39602965e-02,  4.44822384e-02,  1.37896908e-01,
        -2.94129164e-02, -1.61618912e-02,  7.26525729e-02],
       [-2.32362251e-01,  9.07104001e-03,  5.55839886e-03,
        -7.31240446e-02,  2.37808132e-02, -2.49640650e-02,
        -1.09285388e-01, -7.32880647e-02, -1.40051790e-01,
        -1.19417612e-02,  3.63882335e-02,  7.11854442e-02,
         7.06311503e-02,  3.58663568e-03, -2.94129164e-02,
         5.51694818e-02, -1.75941527e-02,  5.34942718e-03],
       [ 3.78821467e-01, -2.46304105e-01,  5.50611161e-01,
         1.87466114e-02, -1.29134508e-01,  2.43738479e-01,
        -7.58785157e-01, -3.67651566e-01,  2.54455284e-01,
        -3.02669000e-02,  9.08084934e-02,  3.26877238e-02,
        -9.39143460e-02,  4.83274643e-02, -1.61618912e-02,
        -1.75941527e-02,  9.89313468e-02, -6.63191810e-03],
       [-1.14379351e-01,  8.48859438e-02, -2.74365341e-01,
        -8.20185347e-03,  4.85306105e-02, -1.15662884e-01,
         1.83560144e-01,  1.51044317e-01, -2.55101212e-01,
        -2.10597729e-01, -1.72761435e-01,  2.99595014e-02,
         7.71023390e-02,  3.62140822e-02,  7.26525729e-02,
         5.34942718e-03, -6.63191810e-03,  8.81627025e-02]])
      jac: array([-2.08351854e-07, -7.03141249e-08, -1.74675089e-07,  5.29576383e-07,
        2.74225087e-07, -5.29206308e-08, -3.07161704e-08, -2.99760217e-08,
        2.13162821e-07,  8.25265782e-08,  5.81016716e-07, -1.35447209e-07,
        1.65793305e-07,  3.91908728e-07,  3.36767651e-07,  1.63572859e-07,
        4.06711701e-07,  7.35337717e-07])
  message: 'Optimization terminated successfully.'
     nfev: 1767
      nit: 83
     njev: 93
   status: 0
  success: True
        x: array([ 1.09608445e+00, -1.13594626e+00,  1.58868853e-01,  1.50539819e+00,
       -1.11128075e+00, -1.87773565e-02,  1.78456463e+00, -1.36443409e+00,
       -1.00566319e+00,  1.91040032e-03,  4.59887290e-01,  1.11798849e+00,
        5.69170414e-04,  2.12591299e-01, -2.46773769e-01, -1.36511315e+00,
       -1.89547706e-01,  2.26309356e-02])
