Program Begingeth
      fun: 0.2206717140851813
 hess_inv: array([[ 5.20006741e+00,  4.78150930e-01, -1.28403500e+00,
        -1.34143601e+00,  7.74548149e-01, -6.01141033e-01,
        -1.57099056e+00,  5.98001512e+00, -3.37288219e+00,
         3.40571365e+00, -6.62253763e-01,  3.53358741e+00,
        -4.60686036e+00,  3.32526289e-01, -6.87197997e-01,
        -6.89541944e-01,  3.90564657e-02, -1.01032901e-01],
       [ 4.78150930e-01,  1.95341435e+00, -6.47975305e-01,
        -4.71330376e-01, -2.28658121e-01, -1.80371223e-01,
        -1.56031396e+00,  5.30052508e-01, -1.30178094e-01,
         7.07362213e-01,  7.44020170e-01, -7.06196052e-02,
        -7.73464103e-01, -1.34981621e+00,  3.27263663e-01,
        -8.83789164e-02, -1.73640192e-01,  2.98248233e-01],
       [-1.28403500e+00, -6.47975305e-01,  2.43018804e+00,
         6.47367295e-01,  2.75865716e-01, -1.53995022e-01,
         2.49267779e+00, -7.82281359e-01,  5.65399452e-01,
        -2.21117009e+00, -3.55143524e-01,  4.41978228e-02,
         1.66426560e+00,  6.22041976e-01, -1.48615945e+00,
         2.52000538e-01, -6.28340148e-02, -4.00438724e-01],
       [-1.34143601e+00, -4.71330376e-01,  6.47367295e-01,
         5.88858539e-01, -1.89361616e-01,  9.75093755e-02,
         1.00051293e+00, -2.22835159e+00,  6.42101470e-01,
        -1.17455068e+00,  2.00148601e-01, -6.07057285e-01,
         1.49767289e+00,  1.03743678e-01, -1.32441648e-01,
         2.40336643e-01, -1.37682241e-02, -7.33248230e-02],
       [ 7.74548149e-01, -2.28658121e-01,  2.75865716e-01,
        -1.89361616e-01,  3.88579826e-01, -9.53328522e-02,
         5.03413260e-01,  1.94816155e+00, -4.18143617e-01,
         2.76246386e-01, -4.46149986e-01,  6.74682497e-01,
        -6.79606721e-01,  4.87451724e-01, -3.98186165e-01,
        -1.05836485e-01,  6.50348500e-02, -9.79016022e-02],
       [-6.01141033e-01, -1.80371223e-01, -1.53995022e-01,
         9.75093755e-02, -9.53328522e-02,  2.17383250e-01,
         6.67863815e-04, -4.96852466e-01,  7.35341851e-01,
        -2.24564130e-01, -4.33737823e-02, -5.77928976e-01,
         4.39616827e-01,  4.29167813e-02,  4.10355983e-01,
         6.44514660e-02,  2.60655574e-02,  7.84483198e-02],
       [-1.57099056e+00, -1.56031396e+00,  2.49267779e+00,
         1.00051293e+00,  5.03413260e-01,  6.67863815e-04,
         4.85456746e+00, -4.14891271e-01,  7.78993502e-01,
        -2.13311227e+00, -6.16435085e-01,  2.77528178e-02,
         1.97816661e+00,  1.36788588e+00, -1.38270180e+00,
         2.90251524e-01,  9.78860610e-02, -4.21070670e-01],
       [ 5.98001512e+00,  5.30052508e-01, -7.82281359e-01,
        -2.22835159e+00,  1.94816155e+00, -4.96852466e-01,
        -4.14891271e-01,  1.46120088e+01, -2.80944158e+00,
         4.10530062e+00, -1.54771883e+00,  3.57838160e+00,
        -6.32157155e+00,  1.19544870e+00, -7.85008874e-01,
        -1.06916017e+00,  2.00139833e-01, -2.61350227e-02],
       [-3.37288219e+00, -1.30178094e-01,  5.65399452e-01,
         6.42101470e-01, -4.18143617e-01,  7.35341851e-01,
         7.78993502e-01, -2.80944158e+00,  4.73867399e+00,
        -2.05595449e+00, -8.55966223e-02, -2.22651240e+00,
         2.74789490e+00, -1.51537756e-01,  7.58904638e-01,
         4.53145315e-01, -1.29111322e-02,  1.31082183e-01],
       [ 3.40571365e+00,  7.07362213e-01, -2.21117009e+00,
        -1.17455068e+00,  2.76246386e-01, -2.24564130e-01,
        -2.13311227e+00,  4.10530062e+00, -2.05595449e+00,
         3.45313745e+00, -1.78210213e-01,  1.66156929e+00,
        -3.57440390e+00, -1.84527773e-01,  6.05883687e-01,
        -5.53385349e-01,  1.01716102e-01,  1.98693700e-01],
       [-6.62253763e-01,  7.44020170e-01, -3.55143524e-01,
         2.00148601e-01, -4.46149986e-01, -4.33737823e-02,
        -6.16435085e-01, -1.54771883e+00, -8.55966223e-02,
        -1.78210213e-01,  1.84351561e+00, -7.87620872e-01,
         5.13108548e-01, -1.14991869e+00,  4.77454501e-01,
        -5.80978521e-02, -1.48134632e-01,  2.74767455e-01],
       [ 3.53358741e+00, -7.06196052e-02,  4.41978228e-02,
        -6.07057285e-01,  6.74682497e-01, -5.77928976e-01,
         2.77528178e-02,  3.57838160e+00, -2.22651240e+00,
         1.66156929e+00, -7.87620872e-01,  3.35041011e+00,
        -2.65936575e+00,  6.21397764e-01, -1.41884517e+00,
        -3.24959065e-01, -7.90159065e-04, -3.45460258e-01],
       [-4.60686036e+00, -7.73464103e-01,  1.66426560e+00,
         1.49767289e+00, -6.79606721e-01,  4.39616827e-01,
         1.97816661e+00, -6.32157155e+00,  2.74789490e+00,
        -3.57440390e+00,  5.13108548e-01, -2.65936575e+00,
         4.56484045e+00, -8.23826846e-02,  1.03498838e-01,
         7.41944933e-01, -6.58508011e-02, -6.24957689e-02],
       [ 3.32526289e-01, -1.34981621e+00,  6.22041976e-01,
         1.03743678e-01,  4.87451724e-01,  4.29167813e-02,
         1.36788588e+00,  1.19544870e+00, -1.51537756e-01,
        -1.84527773e-01, -1.14991869e+00,  6.21397764e-01,
        -8.23826846e-02,  1.34752048e+00, -5.42056334e-01,
         1.06969639e-02,  2.00464509e-01, -2.82050149e-01],
       [-6.87197997e-01,  3.27263663e-01, -1.48615945e+00,
        -1.32441648e-01, -3.98186165e-01,  4.10355983e-01,
        -1.38270180e+00, -7.85008874e-01,  7.58904638e-01,
         6.05883687e-01,  4.77454501e-01, -1.41884517e+00,
         1.03498838e-01, -5.42056334e-01,  1.57954286e+00,
        -1.61369479e-02,  4.79827684e-02,  4.24280026e-01],
       [-6.89541944e-01, -8.83789164e-02,  2.52000538e-01,
         2.40336643e-01, -1.05836485e-01,  6.44514660e-02,
         2.90251524e-01, -1.06916017e+00,  4.53145315e-01,
        -5.53385349e-01, -5.80978521e-02, -3.24959065e-01,
         7.41944933e-01,  1.06969639e-02, -1.61369479e-02,
         1.64782816e-01, -9.45761020e-03, -2.40243542e-02],
       [ 3.90564657e-02, -1.73640192e-01, -6.28340148e-02,
        -1.37682241e-02,  6.50348500e-02,  2.60655574e-02,
         9.78860610e-02,  2.00139833e-01, -1.29111322e-02,
         1.01716102e-01, -1.48134632e-01, -7.90159065e-04,
        -6.58508011e-02,  2.00464509e-01,  4.79827684e-02,
        -9.45761020e-03,  6.65171318e-02, -6.84875297e-03],
       [-1.01032901e-01,  2.98248233e-01, -4.00438724e-01,
        -7.33248230e-02, -9.79016022e-02,  7.84483198e-02,
        -4.21070670e-01, -2.61350227e-02,  1.31082183e-01,
         1.98693700e-01,  2.74767455e-01, -3.45460258e-01,
        -6.24957689e-02, -2.82050149e-01,  4.24280026e-01,
        -2.40243542e-02, -6.84875297e-03,  1.62204001e-01]])
      jac: array([-9.83570633e-05, -1.48939379e-04, -7.04806584e-07,  2.47172468e-04,
        3.37845862e-04, -1.98597990e-04, -3.34920980e-05, -2.70287496e-05,
        1.95780429e-05, -3.17316543e-05, -5.13720548e-05, -2.49846440e-05,
       -2.54146334e-04, -2.30817402e-04,  5.00436729e-05,  3.09682835e-04,
        4.77579087e-05, -1.88360438e-05])
  message: 'Desired error not necessarily achieved due to precision loss.'
     nfev: 1893
      nit: 42
     njev: 99
   status: 2
  success: False
        x: array([ 0.57050882, -0.05715031,  0.47260092,  0.21377673, -1.09984384,
       -0.43339218,  1.15099731, -1.59772236, -0.65484661, -0.8942685 ,
        0.09021783,  0.52311655,  0.14943443, -0.02015395, -0.11977502,
        0.07761886,  1.33481084, -0.47887828])
