Program Begingeth
      fun: 0.3553432242510029
 hess_inv: array([[ 5.97568724e+00, -5.81108851e-01, -4.98728187e-01,
        -3.28898817e-01, -7.44139232e-01,  1.54343662e-01,
        -3.81299053e-01, -7.38107971e-01,  1.24065581e-01,
        -1.59762829e+00, -8.28352194e-01,  4.30505408e-02,
        -1.73779485e+00, -5.15882458e-02,  3.03068345e-01,
         9.80018696e-01,  2.80066779e-01, -4.97836356e-02],
       [-5.81108851e-01,  3.91077514e+00,  2.28656817e-01,
         5.44787331e-01,  2.57050003e-01,  2.79035608e-01,
         1.18007021e+00,  2.08767308e+00,  1.88050616e+00,
         7.97451394e-01, -1.54946116e-01, -1.98118647e+00,
         3.38587750e-01, -9.98684604e-01,  4.98275693e-01,
        -2.55114254e-01,  6.68137129e-01,  1.10777608e-02],
       [-4.98728187e-01,  2.28656817e-01,  3.09898727e+00,
        -7.41771749e-02, -1.37232745e-01,  1.07041307e-01,
        -1.00464198e+00, -1.09493334e+00,  8.29065192e-01,
         8.80476311e-01,  1.74979261e+00, -7.73612140e-01,
        -3.71556471e-02, -5.65062033e-01, -7.20367610e-01,
        -6.55901206e-02, -2.84210399e-02,  4.82815097e-01],
       [-3.28898817e-01,  5.44787331e-01, -7.41771749e-02,
         2.15870463e-01,  5.35156276e-02, -5.31731119e-02,
         8.89345993e-01,  1.76458943e-01,  3.19232812e-01,
        -7.36491378e-02,  7.62924955e-02, -2.85356607e-01,
         2.67460903e-01, -1.63188805e-01,  1.09775782e-02,
        -4.82473556e-02,  5.24754475e-02, -1.18570095e-02],
       [-7.44139232e-01,  2.57050003e-01, -1.37232745e-01,
         5.35156276e-02,  1.85599565e-01,  3.40460988e-02,
         5.51912366e-02,  7.13457746e-01,  7.16622255e-02,
         3.87703929e-01, -1.90138497e-02,  1.68316850e-02,
         1.89212304e-01,  3.29878404e-02,  5.89572912e-02,
        -1.17177231e-01,  4.68090527e-03, -3.34562538e-02],
       [ 1.54343662e-01,  2.79035608e-01,  1.07041307e-01,
        -5.31731119e-02,  3.40460988e-02,  2.02328433e-01,
        -5.21439318e-01,  4.92287728e-01,  4.23034348e-01,
         5.26072081e-01, -2.11522456e-01, -1.22724401e-01,
        -1.96026054e-01, -3.08813227e-02,  1.59850027e-01,
         2.35615095e-03,  5.45628280e-02,  1.00347213e-02],
       [-3.81299053e-01,  1.18007021e+00, -1.00464198e+00,
         8.89345993e-01,  5.51912366e-02, -5.21439318e-01,
         5.94244815e+00,  1.91406719e-01,  6.16440044e-01,
        -8.96452337e-01,  5.05811529e-01, -5.12598969e-01,
         8.08445189e-01, -4.76028123e-01, -1.85522600e-01,
        -2.74806633e-02,  1.04600019e-01, -2.19332012e-01],
       [-7.38107971e-01,  2.08767308e+00, -1.09493334e+00,
         1.76458943e-01,  7.13457746e-01,  4.92287728e-01,
         1.91406719e-01,  6.27023961e+00,  1.23858966e+00,
         2.08118352e+00, -2.70161936e-01, -5.13063412e-01,
        -1.35054913e-01, -3.20910420e-01,  7.65055467e-01,
        -1.95673448e-01,  2.89186229e-01, -2.96597081e-01],
       [ 1.24065581e-01,  1.88050616e+00,  8.29065192e-01,
         3.19232812e-01,  7.16622255e-02,  4.23034348e-01,
         6.16440044e-01,  1.23858966e+00,  3.40847214e+00,
         9.74052513e-01,  2.45909979e-01, -8.57003174e-01,
         2.80153623e-03, -6.68473679e-01,  7.51712566e-02,
        -1.06236561e-02,  2.50305294e-01,  5.77137276e-02],
       [-1.59762829e+00,  7.97451394e-01,  8.80476311e-01,
        -7.36491378e-02,  3.87703929e-01,  5.26072081e-01,
        -8.96452337e-01,  2.08118352e+00,  9.74052513e-01,
         3.39568485e+00,  3.64295246e-01, -3.99514045e-01,
        -3.09874134e-01, -1.82357187e-01,  1.35099504e-01,
        -3.00921795e-01, -7.36301522e-03, -5.49507439e-02],
       [-8.28352194e-01, -1.54946116e-01,  1.74979261e+00,
         7.62924955e-02, -1.90138497e-02, -2.11522456e-01,
         5.05811529e-01, -2.70161936e-01,  2.45909979e-01,
         3.64295246e-01,  2.17006004e+00, -3.22314565e-01,
         2.46358106e-01, -5.03484611e-01, -7.55579503e-01,
        -8.83552376e-02, -1.28467340e-01,  1.68088768e-01],
       [ 4.30505408e-02, -1.98118647e+00, -7.73612140e-01,
        -2.85356607e-01,  1.68316850e-02, -1.22724401e-01,
        -5.12598969e-01, -5.13063412e-01, -8.57003174e-01,
        -3.99514045e-01, -3.22314565e-01,  1.64193001e+00,
        -9.27230469e-02,  7.20322233e-01, -1.81853775e-01,
         1.10990429e-01, -3.08279047e-01, -1.11837793e-01],
       [-1.73779485e+00,  3.38587750e-01, -3.71556471e-02,
         2.67460903e-01,  1.89212304e-01, -1.96026054e-01,
         8.08445189e-01, -1.35054913e-01,  2.80153623e-03,
        -3.09874134e-01,  2.46358106e-01, -9.27230469e-02,
         8.19561047e-01, -4.45980116e-02, -1.32976268e-01,
        -2.51427981e-01, -6.25810014e-02,  3.26135287e-02],
       [-5.15882458e-02, -9.98684604e-01, -5.65062033e-01,
        -1.63188805e-01,  3.29878404e-02, -3.08813227e-02,
        -4.76028123e-01, -3.20910420e-01, -6.68473679e-01,
        -1.82357187e-01, -5.03484611e-01,  7.20322233e-01,
        -4.45980116e-02,  4.73818604e-01,  4.91040056e-02,
         3.11180263e-02, -1.46173065e-01, -5.64547969e-02],
       [ 3.03068345e-01,  4.98275693e-01, -7.20367610e-01,
         1.09775782e-02,  5.89572912e-02,  1.59850027e-01,
        -1.85522600e-01,  7.65055467e-01,  7.51712566e-02,
         1.35099504e-01, -7.55579503e-01, -1.81853775e-01,
        -1.32976268e-01,  4.91040056e-02,  4.29846449e-01,
         2.65495945e-03,  1.15050716e-01, -8.66820556e-02],
       [ 9.80018696e-01, -2.55114254e-01, -6.55901206e-02,
        -4.82473556e-02, -1.17177231e-01,  2.35615095e-03,
        -2.74806633e-02, -1.95673448e-01, -1.06236561e-02,
        -3.00921795e-01, -8.83552376e-02,  1.10990429e-01,
        -2.51427981e-01,  3.11180263e-02,  2.65495945e-03,
         1.96558887e-01,  1.10458001e-02, -3.87755864e-03],
       [ 2.80066779e-01,  6.68137129e-01, -2.84210399e-02,
         5.24754475e-02,  4.68090527e-03,  5.45628280e-02,
         1.04600019e-01,  2.89186229e-01,  2.50305294e-01,
        -7.36301522e-03, -1.28467340e-01, -3.08279047e-01,
        -6.25810014e-02, -1.46173065e-01,  1.15050716e-01,
         1.10458001e-02,  1.67025472e-01, -2.00235130e-03],
       [-4.97836356e-02,  1.10777608e-02,  4.82815097e-01,
        -1.18570095e-02, -3.34562538e-02,  1.00347213e-02,
        -2.19332012e-01, -2.96597081e-01,  5.77137276e-02,
        -5.49507439e-02,  1.68088768e-01, -1.11837793e-01,
         3.26135287e-02, -5.64547969e-02, -8.66820556e-02,
        -3.87755864e-03, -2.00235130e-03,  1.17675186e-01]])
      jac: array([-1.33907700e-05,  7.80486786e-07, -3.85765494e-06,  3.07602092e-05,
        2.45522121e-05, -3.19670216e-06, -2.63825998e-06, -2.47505720e-06,
        1.27453603e-06, -7.77452177e-06,  1.73194792e-07,  1.81188398e-06,
       -4.03014659e-05, -5.78833278e-06,  8.94469683e-07,  1.73679589e-05,
       -7.09136453e-06,  1.21036514e-05])
  message: 'Desired error not necessarily achieved due to precision loss.'
     nfev: 2460
      nit: 78
     njev: 129
   status: 2
  success: False
        x: array([-0.36539045, -0.57393237,  0.03667091,  1.48948873, -0.42606814,
       -0.10705172,  2.06535185, -0.48197008, -1.1526589 ,  0.13485777,
        0.38781379,  0.9538336 ,  0.32874461,  0.13762559, -0.22111127,
       -1.52866802, -0.87109863,  0.0451144 ])
