Program Begingeth
      fun: 0.36937961054855556
 hess_inv: array([[ 5.02414420e+00,  2.15188299e-01, -5.68595180e-01,
         2.03364823e+00,  2.12919713e-01, -8.06189975e-01,
         1.14790056e+01,  3.47539606e+00, -1.25399452e+00,
        -2.28618414e-01,  7.66059067e-01, -1.40333020e+00,
        -4.57825528e-01, -6.40983424e-01, -4.20332850e-02,
         4.83593482e-01, -4.89564119e-01,  1.77692832e-01],
       [ 2.15188299e-01,  2.84741554e+00,  1.72290220e-01,
         1.58900593e-01,  1.15645318e+00, -5.84207157e-02,
        -3.75612259e+00, -1.95222599e+00,  8.68600898e-01,
         1.40228827e+00, -1.85986008e-03,  3.93499345e-01,
        -1.55382135e-01,  2.42193890e-01, -2.74864331e-01,
        -2.45616406e-01,  2.10090254e-01,  1.50907234e-02],
       [-5.68595180e-01,  1.72290220e-01,  1.59638521e+00,
        -6.88864297e-02, -5.69974526e-02,  8.18890352e-01,
        -6.94674212e+00, -3.25622455e+00, -9.83778517e-01,
         4.72888499e-01, -1.02672910e-01,  7.06794215e-01,
         3.60291185e-01,  3.68541020e-01, -9.65451808e-02,
        -2.47871983e-01,  3.47632670e-01, -2.09496162e-01],
       [ 2.03364823e+00,  1.58900593e-01, -6.88864297e-02,
         8.68463904e-01,  7.67090548e-02, -2.41526813e-01,
         2.98171337e+00,  7.36983309e-01, -7.89453456e-01,
        -1.25239877e-02,  3.15485114e-01, -3.99988821e-01,
        -8.08259048e-02, -1.97568915e-01, -6.92130073e-02,
         1.49731949e-01, -1.19275649e-01,  1.47980590e-03],
       [ 2.12919713e-01,  1.15645318e+00, -5.69974526e-02,
         7.67090548e-02,  5.40050132e-01, -1.14633656e-01,
         1.13882907e+00,  6.47757764e-02,  8.33240486e-01,
         4.62894003e-01,  4.97132484e-02, -5.38617576e-02,
        -2.06189980e-01,  2.05680851e-02, -5.92762813e-02,
        -2.42336490e-02, -2.03176379e-02,  1.09766831e-01],
       [-8.06189975e-01, -5.84207157e-02,  8.18890352e-01,
        -2.41526813e-01, -1.14633656e-01,  5.04200662e-01,
        -5.12602793e+00, -1.96056485e+00, -4.82676155e-01,
         1.37865218e-01, -1.81497117e-01,  5.08704145e-01,
         2.89800585e-01,  2.58589982e-01, -3.23972895e-02,
        -1.72169063e-01,  2.39684241e-01, -1.52084022e-01],
       [ 1.14790056e+01, -3.75612259e+00, -6.94674212e+00,
         2.98171337e+00,  1.13882907e+00, -5.12602793e+00,
         1.35743193e+02,  4.00434846e+01,  1.65309727e+01,
        -6.02485104e+00,  2.76207373e+00, -1.16106315e+01,
        -6.47786997e+00, -4.91717206e+00,  2.68052009e+00,
         4.50909713e+00, -5.89861195e+00,  4.71513796e+00],
       [ 3.47539606e+00, -1.95222599e+00, -3.25622455e+00,
         7.36983309e-01,  6.47757764e-02, -1.96056485e+00,
         4.00434846e+01,  2.15498750e+01,  7.00643561e+00,
        -2.94724810e+00,  9.89317180e-01, -5.51916339e+00,
        -1.59226969e+00, -1.82428718e+00,  1.06410855e+00,
         1.67153162e+00, -1.40472042e+00,  1.24565494e+00],
       [-1.25399452e+00,  8.68600898e-01, -9.83778517e-01,
        -7.89453456e-01,  8.33240486e-01, -4.82676155e-01,
         1.65309727e+01,  7.00643561e+00,  1.27226826e+01,
        -6.86071319e-01,  1.92610322e+00, -2.29632434e+00,
        -9.60456151e-01, -8.68619586e-01,  2.90522265e-01,
         3.83103679e-01, -6.00804760e-01,  9.85997041e-01],
       [-2.28618414e-01,  1.40228827e+00,  4.72888499e-01,
        -1.25239877e-02,  4.62894003e-01,  1.37865218e-01,
        -6.02485104e+00, -2.94724810e+00, -6.86071319e-01,
         2.00185415e+00, -2.42717402e-01,  7.56565096e-01,
        -1.53563440e-01,  3.44303955e-01, -1.50509408e-01,
        -2.94317062e-01,  2.97356747e-01,  5.42779556e-02],
       [ 7.66059067e-01, -1.85986008e-03, -1.02672910e-01,
         3.15485114e-01,  4.97132484e-02, -1.81497117e-01,
         2.76207373e+00,  9.89317180e-01,  1.92610322e+00,
        -2.42717402e-01,  1.16258393e+00, -5.20554417e-01,
        -9.24752089e-02, -3.50269836e-01, -1.32752751e-01,
         6.69787516e-02, -1.07469785e-01,  1.69987465e-02],
       [-1.40333020e+00,  3.93499345e-01,  7.06794215e-01,
        -3.99988821e-01, -5.38617576e-02,  5.08704145e-01,
        -1.16106315e+01, -5.51916339e+00, -2.29632434e+00,
         7.56565096e-01, -5.20554417e-01,  1.85913200e+00,
         4.61177366e-01,  6.02565608e-01, -3.03104163e-01,
        -4.88741167e-01,  4.58980663e-01, -3.55805986e-01],
       [-4.57825528e-01, -1.55382135e-01,  3.60291185e-01,
        -8.08259048e-02, -2.06189980e-01,  2.89800585e-01,
        -6.47786997e+00, -1.59226969e+00, -9.60456151e-01,
        -1.53563440e-01, -9.24752089e-02,  4.61177366e-01,
         4.73170372e-01,  1.99612172e-01, -1.22440622e-01,
        -1.49956395e-01,  2.89763580e-01, -3.10026507e-01],
       [-6.40983424e-01,  2.42193890e-01,  3.68541020e-01,
        -1.97568915e-01,  2.05680851e-02,  2.58589982e-01,
        -4.91717206e+00, -1.82428718e+00, -8.68619586e-01,
         3.44303955e-01, -3.50269836e-01,  6.02565608e-01,
         1.99612172e-01,  2.91398026e-01, -6.77838296e-02,
        -1.80948180e-01,  2.35091403e-01, -1.29695118e-01],
       [-4.20332850e-02, -2.74864331e-01, -9.65451808e-02,
        -6.92130073e-02, -5.92762813e-02, -3.23972895e-02,
         2.68052009e+00,  1.06410855e+00,  2.90522265e-01,
        -1.50509408e-01, -1.32752751e-01, -3.03104163e-01,
        -1.22440622e-01, -6.77838296e-02,  1.55062030e-01,
         1.09885768e-01, -1.12691117e-01,  1.36982636e-01],
       [ 4.83593482e-01, -2.45616406e-01, -2.47871983e-01,
         1.49731949e-01, -2.42336490e-02, -1.72169063e-01,
         4.50909713e+00,  1.67153162e+00,  3.83103679e-01,
        -2.94317062e-01,  6.69787516e-02, -4.88741167e-01,
        -1.49956395e-01, -1.80948180e-01,  1.09885768e-01,
         2.07713923e-01, -1.81892273e-01,  1.31019549e-01],
       [-4.89564119e-01,  2.10090254e-01,  3.47632670e-01,
        -1.19275649e-01, -2.03176379e-02,  2.39684241e-01,
        -5.89861195e+00, -1.40472042e+00, -6.00804760e-01,
         2.97356747e-01, -1.07469785e-01,  4.58980663e-01,
         2.89763580e-01,  2.35091403e-01, -1.12691117e-01,
        -1.81892273e-01,  3.10034227e-01, -1.99022806e-01],
       [ 1.77692832e-01,  1.50907234e-02, -2.09496162e-01,
         1.47980590e-03,  1.09766831e-01, -1.52084022e-01,
         4.71513796e+00,  1.24565494e+00,  9.85997041e-01,
         5.42779556e-02,  1.69987465e-02, -3.55805986e-01,
        -3.10026507e-01, -1.29695118e-01,  1.36982636e-01,
         1.31019549e-01, -1.99022806e-01,  2.64255949e-01]])
      jac: array([-1.58436227e-05,  7.30896825e-06, -1.24200650e-05,  3.69197265e-05,
       -2.52509125e-05,  3.87490040e-05,  2.41362486e-06,  5.07519952e-06,
       -9.28516523e-07,  1.12465592e-05,  3.78438022e-06, -1.15215245e-05,
        8.08982511e-07,  3.94599168e-05, -1.13890379e-05, -4.34234130e-05,
       -2.56894506e-05, -3.90572759e-05])
  message: 'Desired error not necessarily achieved due to precision loss.'
     nfev: 2557
      nit: 89
     njev: 134
   status: 2
  success: False
        x: array([-1.62053731, -0.95634581,  0.55050145, -1.58236316, -0.99018331,
        0.24810398,  0.57248292, -1.19173211,  0.66242834,  0.14225371,
        0.39614292,  1.0699129 ,  0.10053997,  0.07525642, -0.22554484,
        1.55966164, -0.55117092,  0.05222401])
