Program Begingeth
      fun: 0.2354246226503114
 hess_inv: array([[ 2.50060103e+00, -3.31125724e-01, -2.13689697e-01,
         2.53591520e-01, -1.94162243e-01,  5.93309841e-01,
        -1.47203026e+00,  3.48465707e-01,  7.23331728e-02,
        -8.61762474e-01, -3.02595291e-01,  4.65498449e-01,
        -4.34087882e-01,  6.09366819e-02,  2.28618279e-01,
         9.33704789e-02,  1.02569392e-01, -4.74027579e-01],
       [-3.31125724e-01,  2.39628147e+00,  1.02540838e+00,
         7.29903833e-02,  4.53518603e-01, -5.59890663e-02,
        -1.40560080e+00,  5.18231551e-02,  3.53931885e+00,
         1.87473722e-01, -7.51242689e-02, -2.21834870e+00,
         1.86664526e-01, -4.43517245e-01, -2.19647614e-01,
        -1.05739000e-01,  1.24400645e-01,  1.32498370e-02],
       [-2.13689697e-01,  1.02540838e+00,  1.91618656e+00,
        -2.39213776e-01,  9.34752559e-02,  5.07315041e-02,
        -5.49511308e-01, -2.68513219e+00,  2.33438111e+00,
        -1.01781570e-04,  1.24223588e+00, -1.93185458e+00,
         1.99232349e-02, -3.98517273e-01, -4.47463719e-01,
         1.86193766e-01,  3.52799014e-02,  3.49295669e-02],
       [ 2.53591520e-01,  7.29903833e-02, -2.39213776e-01,
         1.37410066e-01,  9.19111806e-03,  3.27757946e-02,
         1.10945962e-01,  6.69586092e-01,  1.22064237e-01,
        -9.76516969e-02, -2.78330799e-01,  5.67464650e-02,
         2.75957617e-02, -3.39602853e-04,  1.02762984e-01,
        -2.20483152e-02,  6.34586322e-03, -1.07070066e-02],
       [-1.94162243e-01,  4.53518603e-01,  9.34752559e-02,
         9.19111806e-03,  3.44704427e-01,  3.09848639e-02,
        -2.48883903e+00,  5.78428280e-01,  2.44417936e-01,
         3.93124059e-01, -1.27097564e-01, -2.33349277e-01,
         1.59301134e-01,  5.28617451e-02,  1.20037726e-02,
        -1.64830271e-02, -1.22972673e-01, -2.06231542e-02],
       [ 5.93309841e-01, -5.59890663e-02,  5.07315041e-02,
         3.27757946e-02,  3.09848639e-02,  2.63105119e-01,
        -1.32187045e+00,  1.91884619e-01,  2.60077506e-01,
         2.85779450e-02, -1.19889072e-01,  9.10860193e-02,
        -1.37401732e-01,  4.60204127e-02,  1.12677663e-01,
        -8.94675197e-03, -2.87519626e-02, -1.23623699e-01],
       [-1.47203026e+00, -1.40560080e+00, -5.49511308e-01,
         1.10945962e-01, -2.48883903e+00, -1.32187045e+00,
         3.29822348e+01, -1.83667883e+00, -1.51561030e+00,
        -2.81785030e+00,  2.38989950e-01,  3.91542261e-01,
        -8.04661269e-01, -4.40088552e-01, -2.99829200e-01,
         1.11218447e-01,  1.90612833e+00,  1.07321577e+00],
       [ 3.48465707e-01,  5.18231551e-02, -2.68513219e+00,
         6.69586092e-01,  5.78428280e-01,  1.91884619e-01,
        -1.83667883e+00,  9.60104877e+00, -2.17283642e+00,
         4.46567962e-01, -2.71918035e+00,  1.65099879e+00,
         1.26866065e-01,  5.91153229e-01,  1.12682547e+00,
        -5.87473607e-01,  1.28942715e-01,  6.61043933e-02],
       [ 7.23331728e-02,  3.53931885e+00,  2.33438111e+00,
         1.22064237e-01,  2.44417936e-01,  2.60077506e-01,
        -1.51561030e+00, -2.17283642e+00,  1.08960632e+01,
        -6.04203543e-03,  8.51188342e-01, -3.92221255e+00,
         1.02208375e-01, -1.25965503e+00, -5.01701235e-01,
        -1.26684937e-01,  1.94469684e-02,  1.01311008e-01],
       [-8.61762474e-01,  1.87473722e-01, -1.01781570e-04,
        -9.76516969e-02,  3.93124059e-01,  2.85779450e-02,
        -2.81785030e+00,  4.46567962e-01, -6.04203543e-03,
         1.28365621e+00, -6.49774102e-02, -1.45691595e-02,
         1.18821186e-01,  9.08184740e-02,  2.82010170e-02,
        -7.22026011e-02, -2.82941523e-01, -7.14941604e-03],
       [-3.02595291e-01, -7.51242689e-02,  1.24223588e+00,
        -2.78330799e-01, -1.27097564e-01, -1.19889072e-01,
         2.38989950e-01, -2.71918035e+00,  8.51188342e-01,
        -6.49774102e-02,  1.70822298e+00, -9.04153606e-01,
         2.56356752e-02, -3.37577107e-01, -5.02127857e-01,
         2.51761285e-01, -7.18678323e-02, -2.36616759e-02],
       [ 4.65498449e-01, -2.21834870e+00, -1.93185458e+00,
         5.67464650e-02, -2.33349277e-01,  9.10860193e-02,
         3.91542261e-01,  1.65099879e+00, -3.92221255e+00,
        -1.45691595e-02, -9.04153606e-01,  3.13109052e+00,
        -1.63598112e-01,  7.14849335e-01,  4.14570309e-01,
        -8.75807920e-03, -8.20967791e-02, -6.69266174e-02],
       [-4.34087882e-01,  1.86664526e-01,  1.99232349e-02,
         2.75957617e-02,  1.59301134e-01, -1.37401732e-01,
        -8.04661269e-01,  1.26866065e-01,  1.02208375e-01,
         1.18821186e-01,  2.56356752e-02, -1.63598112e-01,
         2.54194595e-01, -1.51895531e-02, -4.01819335e-02,
         2.64142552e-02, -1.14322604e-01,  1.04789152e-01],
       [ 6.09366819e-02, -4.43517245e-01, -3.98517273e-01,
        -3.39602853e-04,  5.28617451e-02,  4.60204127e-02,
        -4.40088552e-01,  5.91153229e-01, -1.25965503e+00,
         9.08184740e-02, -3.37577107e-01,  7.14849335e-01,
        -1.51895531e-02,  2.63910067e-01,  1.31153547e-01,
         3.43387979e-05, -1.01133617e-02, -6.64650344e-03],
       [ 2.28618279e-01, -2.19647614e-01, -4.47463719e-01,
         1.02762984e-01,  1.20037726e-02,  1.12677663e-01,
        -2.99829200e-01,  1.12682547e+00, -5.01701235e-01,
         2.82010170e-02, -5.02127857e-01,  4.14570309e-01,
        -4.01819335e-02,  1.31153547e-01,  2.41007151e-01,
        -8.63788261e-02, -9.25691771e-03,  3.69743510e-03],
       [ 9.33704789e-02, -1.05739000e-01,  1.86193766e-01,
        -2.20483152e-02, -1.64830271e-02, -8.94675197e-03,
         1.11218447e-01, -5.87473607e-01, -1.26684937e-01,
        -7.22026011e-02,  2.51761285e-01, -8.75807920e-03,
         2.64142552e-02,  3.43387979e-05, -8.63788261e-02,
         1.13024779e-01, -1.62299610e-02, -1.55365954e-02],
       [ 1.02569392e-01,  1.24400645e-01,  3.52799014e-02,
         6.34586322e-03, -1.22972673e-01, -2.87519626e-02,
         1.90612833e+00,  1.28942715e-01,  1.94469684e-02,
        -2.82941523e-01, -7.18678323e-02, -8.20967791e-02,
        -1.14322604e-01, -1.01133617e-02, -9.25691771e-03,
        -1.62299610e-02,  2.18863239e-01,  2.51409350e-02],
       [-4.74027579e-01,  1.32498370e-02,  3.49295669e-02,
        -1.07070066e-02, -2.06231542e-02, -1.23623699e-01,
         1.07321577e+00,  6.61043933e-02,  1.01311008e-01,
        -7.14941604e-03, -2.36616759e-02, -6.69266174e-02,
         1.04789152e-01, -6.64650344e-03,  3.69743510e-03,
        -1.55365954e-02,  2.51409350e-02,  1.87015225e-01]])
      jac: array([-3.52125736e-07, -3.11547084e-06,  1.65719290e-06, -4.96047647e-06,
        4.87535938e-06, -5.87067432e-06,  6.10437626e-07,  3.69519230e-07,
        1.09393975e-06, -6.48000172e-07, -1.63887422e-06, -5.10147480e-07,
        7.66979073e-07, -1.34262971e-06,  6.81417885e-06,  4.15019870e-06,
        1.14389979e-06, -6.85895785e-06])
  message: 'Optimization terminated successfully.'
     nfev: 1292
      nit: 60
     njev: 68
   status: 0
  success: True
        x: array([ 0.16228477, -0.30785718,  0.74988168,  0.91443738, -0.46532582,
        0.03230398,  0.13425843, -1.3586256 , -0.50970223,  0.07725857,
        0.7699203 ,  0.90081611,  0.1167667 ,  0.15400907, -0.4244534 ,
       -0.94514392, -0.65088515,  0.02434709])
