Program Begingeth
      fun: 0.30613333252766944
 hess_inv: array([[ 5.11427211e-01, -5.47240130e-02, -7.67465114e-02,
        -5.06309091e-02,  1.40665904e-01, -2.48975286e-01,
        -3.64296823e-02,  6.35928603e-01, -1.35855186e+00,
         3.87695620e-02,  1.38448432e-01,  5.23363778e-01,
        -3.35606983e-01,  6.38363329e-02, -3.11712646e-01,
        -9.81093028e-02, -3.48290291e-02, -1.03124627e-01],
       [-5.47240130e-02,  6.65133378e-01, -6.69081877e-02,
        -1.91409794e-01, -1.59716863e-01, -1.78439706e-01,
        -7.91208899e-01,  1.24058486e-01,  1.41940555e-01,
         2.31941174e-02,  2.06942227e-01, -5.65945885e-02,
        -1.14259754e-01, -6.04044952e-01, -3.49250389e-02,
         3.96518444e-03, -1.71771849e-01,  1.55347995e-01],
       [-7.67465114e-02, -6.69081877e-02,  4.60158995e-01,
         1.17054804e-01,  1.34093475e-01, -2.86202654e-02,
         7.00087912e-01, -2.69565299e-02,  3.53882974e-01,
        -4.26769424e-01, -8.95958437e-02, -1.69738759e-01,
         2.30833439e-01,  1.85018815e-01, -3.05274666e-01,
         5.11657128e-02,  7.75940013e-03, -1.43950893e-01],
       [-5.06309091e-02, -1.91409794e-01,  1.17054804e-01,
         2.81922137e-01, -2.54847960e-02,  6.03502659e-03,
         6.60516004e-01, -7.92912600e-01, -3.81174853e-02,
        -1.39149936e-01,  5.47398006e-02, -7.96012507e-03,
         3.64133638e-01,  1.08317413e-01, -8.38376257e-02,
         1.14553657e-01,  1.83040951e-02, -6.54628354e-02],
       [ 1.40665904e-01, -1.59716863e-01,  1.34093475e-01,
        -2.54847960e-02,  2.94132664e-01,  1.08705343e-02,
         5.05558984e-01,  9.01838775e-01, -8.34076492e-02,
        -9.14393384e-02, -1.98192285e-01,  1.40908151e-01,
        -1.24708111e-01,  4.19334360e-01, -1.39936407e-01,
        -3.86244912e-02,  1.19526478e-01, -9.68811593e-02],
       [-2.48975286e-01, -1.78439706e-01, -2.86202654e-02,
         6.03502659e-03,  1.08705343e-02,  3.84695865e-01,
         1.87704132e-01, -1.31528001e-01,  1.31855768e+00,
         3.33527159e-02, -3.54100099e-01, -2.32470179e-01,
         1.18226204e-01,  2.45861104e-01,  4.08577203e-01,
         4.23323742e-02,  1.07182049e-01,  8.09873168e-02],
       [-3.64296823e-02, -7.91208899e-01,  7.00087912e-01,
         6.60516004e-01,  5.05558984e-01,  1.87704132e-01,
         3.88589574e+00, -2.67195728e-01,  5.91004503e-01,
        -4.95712016e-01, -4.39048164e-01,  9.76240861e-02,
         6.11346873e-01,  1.14411833e+00, -4.11279841e-01,
         1.41777504e-01,  2.91120671e-01, -3.49693523e-01],
       [ 6.35928603e-01,  1.24058486e-01, -2.69565299e-02,
        -7.92912600e-01,  9.01838775e-01, -1.31528001e-01,
        -2.67195728e-01,  6.07551124e+00, -8.55477695e-01,
         2.43114741e-01, -2.54895077e-01,  5.29049396e-01,
        -1.38935238e+00,  5.74905345e-01, -2.11432023e-01,
        -4.37175876e-01,  1.34527182e-01, -4.47415846e-02],
       [-1.35855186e+00,  1.41940555e-01,  3.53882974e-01,
        -3.81174853e-02, -8.34076492e-02,  1.31855768e+00,
         5.91004503e-01, -8.55477695e-01,  8.01530775e+00,
        -4.48460889e-01, -1.31395673e+00, -1.10609029e+00,
         7.96992286e-01,  3.32609442e-01,  9.98502567e-01,
         3.11727063e-01,  1.75941043e-01,  2.03899468e-01],
       [ 3.87695620e-02,  2.31941174e-02, -4.26769424e-01,
        -1.39149936e-01, -9.14393384e-02,  3.33527159e-02,
        -4.95712016e-01,  2.43114741e-01, -4.48460889e-01,
         5.84776511e-01,  5.82774875e-02,  1.24425033e-01,
        -3.09928897e-01, -1.03598878e-01,  3.06727534e-01,
        -8.90113459e-02,  3.23480574e-02,  1.31860640e-01],
       [ 1.38448432e-01,  2.06942227e-01, -8.95958437e-02,
         5.47398006e-02, -1.98192285e-01, -3.54100099e-01,
        -4.39048164e-01, -2.54895077e-01, -1.31395673e+00,
         5.82774875e-02,  9.00811199e-01,  8.18584173e-02,
        -4.44144837e-02, -5.95008332e-01, -1.70696834e-01,
        -8.18704728e-02, -1.93722118e-01,  9.75209514e-02],
       [ 5.23363778e-01, -5.65945885e-02, -1.69738759e-01,
        -7.96012507e-03,  1.40908151e-01, -2.32470179e-01,
         9.76240861e-02,  5.29049396e-01, -1.10609029e+00,
         1.24425033e-01,  8.18584173e-02,  7.73694549e-01,
        -3.03134191e-01,  8.92598481e-02, -3.41788265e-01,
        -5.97615502e-02, -3.12550153e-02, -1.23726340e-01],
       [-3.35606983e-01, -1.14259754e-01,  2.30833439e-01,
         3.64133638e-01, -1.24708111e-01,  1.18226204e-01,
         6.11346873e-01, -1.38935238e+00,  7.96992286e-01,
        -3.09928897e-01, -4.44144837e-02, -3.03134191e-01,
         6.99985751e-01,  3.22855463e-02,  1.10969779e-02,
         2.50247110e-01,  6.91519809e-03, -3.33435296e-02],
       [ 6.38363329e-02, -6.04044952e-01,  1.85018815e-01,
         1.08317413e-01,  4.19334360e-01,  2.45861104e-01,
         1.14411833e+00,  5.74905345e-01,  3.32609442e-01,
        -1.03598878e-01, -5.95008332e-01,  8.92598481e-02,
         3.22855463e-02,  9.75309608e-01, -1.44916411e-02,
         9.33089010e-03,  3.19907200e-01, -1.93118026e-01],
       [-3.11712646e-01, -3.49250389e-02, -3.05274666e-01,
        -8.38376257e-02, -1.39936407e-01,  4.08577203e-01,
        -4.11279841e-01, -2.11432023e-01,  9.98502567e-01,
         3.06727534e-01, -1.70696834e-01, -3.41788265e-01,
         1.10969779e-02, -1.44916411e-02,  7.36677738e-01,
         6.08406159e-03,  8.16301832e-02,  2.84161843e-01],
       [-9.81093028e-02,  3.96518444e-03,  5.11657128e-02,
         1.14553657e-01, -3.86244912e-02,  4.23323742e-02,
         1.41777504e-01, -4.37175876e-01,  3.11727063e-01,
        -8.90113459e-02, -8.18704728e-02, -5.97615502e-02,
         2.50247110e-01,  9.33089010e-03,  6.08406159e-03,
         1.25380702e-01,  1.00642991e-03, -9.01885715e-03],
       [-3.48290291e-02, -1.71771849e-01,  7.75940013e-03,
         1.83040951e-02,  1.19526478e-01,  1.07182049e-01,
         2.91120671e-01,  1.34527182e-01,  1.75941043e-01,
         3.23480574e-02, -1.93722118e-01, -3.12550153e-02,
         6.91519809e-03,  3.19907200e-01,  8.16301832e-02,
         1.00642991e-03,  1.43812098e-01, -2.24160352e-02],
       [-1.03124627e-01,  1.55347995e-01, -1.43950893e-01,
        -6.54628354e-02, -9.68811593e-02,  8.09873168e-02,
        -3.49693523e-01, -4.47415846e-02,  2.03899468e-01,
         1.31860640e-01,  9.75209514e-02, -1.23726340e-01,
        -3.33435296e-02, -1.93118026e-01,  2.84161843e-01,
        -9.01885715e-03, -2.24160352e-02,  1.87495632e-01]])
      jac: array([-1.84097182e-05, -9.32587341e-07, -2.15050200e-06,  2.26396679e-05,
        2.50096240e-06,  6.91965004e-06, -1.03028697e-06, -6.40228611e-08,
       -1.47178566e-06, -9.06016003e-06,  1.34818083e-06,  1.17905685e-06,
       -3.06081086e-05, -2.30297263e-06, -3.27663822e-06,  2.50518125e-05,
        2.23487895e-06, -1.29526020e-08])
  message: 'Desired error not necessarily achieved due to precision loss.'
     nfev: 1225
      nit: 31
     njev: 64
   status: 2
  success: False
        x: array([ 0.736945  , -0.05424205,  0.50399219,  0.22971795, -1.01273856,
       -0.92361457,  1.26649025, -1.53701324, -1.15746802, -1.06775833,
        0.03144729,  0.64361998,  0.13376492,  0.04414626, -0.74884747,
        0.08789671,  1.29511039, -0.99192872])
