Program Begingeth
      fun: 0.30312501429607014
 hess_inv: array([[ 4.56854465e+00, -2.45927266e-01, -2.55349308e-01,
         4.77101935e-01, -4.64740994e-01,  8.01588146e-01,
        -2.65571327e+00, -1.55291844e-01,  4.74085815e-02,
        -1.26419860e+00, -4.20025256e-01,  1.98165782e-01,
        -8.27085782e-01, -1.06059132e-01,  3.30945366e-01,
         2.06167741e-01,  2.08500984e-01, -7.26026653e-01],
       [-2.45927266e-01,  2.65690404e+00,  8.14135425e-01,
         1.60682942e-01,  4.18524273e-01, -4.40427679e-02,
        -6.66791273e-01, -5.85344852e-01,  3.35245388e+00,
         7.47481433e-02, -1.69676622e-01, -1.73509702e+00,
         1.94697241e-01, -4.59706645e-01, -1.71890889e-01,
        -1.33895382e-01,  2.13829572e-01,  7.32806872e-02],
       [-2.55349308e-01,  8.14135425e-01,  2.14524841e+00,
        -2.58519631e-01,  2.02319162e-02,  5.02060231e-02,
         1.20862389e+00, -2.98406799e+00,  8.48185274e-01,
        -9.50597896e-02,  1.23125995e+00, -1.36882783e+00,
        -3.60199160e-02, -2.91877931e-01, -4.79030181e-01,
         2.42376115e-01,  1.28380134e-01,  1.62564546e-01],
       [ 4.77101935e-01,  1.60682942e-01, -2.58519631e-01,
         1.63175636e-01,  1.27960048e-02,  6.94348550e-02,
        -5.54637250e-01,  4.80260724e-01,  3.69879076e-01,
        -1.05886317e-01, -2.69606262e-01, -3.10293793e-02,
         9.94834325e-03, -3.47369851e-02,  1.15024769e-01,
        -1.63993725e-02, -1.09337083e-02, -5.91174644e-02],
       [-4.64740994e-01,  4.18524273e-01,  2.02319162e-02,
         1.27960048e-02,  3.53077970e-01, -3.14936459e-02,
        -2.51010197e+00,  2.10877196e-02,  2.82495320e-01,
         4.46016918e-01, -5.13134190e-02, -1.29507717e-01,
         2.47324805e-01,  4.41035020e-02, -2.18728341e-02,
        -4.43983659e-02, -1.95089113e-01,  1.19375578e-02],
       [ 8.01588146e-01, -4.40427679e-02,  5.02060231e-02,
         6.94348550e-02, -3.14936459e-02,  2.42288238e-01,
        -1.13705587e+00, -6.83914216e-02,  1.56132912e-01,
        -2.58979875e-02, -1.13503007e-01,  3.54605272e-02,
        -1.72317975e-01,  1.08288908e-02,  1.09080179e-01,
         1.25358256e-02, -8.70166882e-03, -1.24690670e-01],
       [-2.65571327e+00, -6.66791273e-01,  1.20862389e+00,
        -5.54637250e-01, -2.51010197e+00, -1.13705587e+00,
         4.07228601e+01,  2.63597270e+00, -6.98160684e-01,
        -3.20339628e+00,  3.79289991e-01, -4.88713395e-01,
        -1.21731326e+00, -2.89522687e-01, -4.21701451e-01,
         4.04008195e-01,  3.03188141e+00,  1.45938319e+00],
       [-1.55291844e-01, -5.85344852e-01, -2.98406799e+00,
         4.80260724e-01,  2.10877196e-02, -6.83914216e-02,
         2.63597270e+00,  8.70145608e+00, -9.69018632e-01,
        -5.64951721e-02, -2.15517408e+00,  1.45825411e+00,
         1.18197100e-02,  4.62669965e-01,  1.00455053e+00,
        -5.06577982e-01,  4.39196612e-01,  1.30165455e-01],
       [ 4.74085815e-02,  3.35245388e+00,  8.48185274e-01,
         3.69879076e-01,  2.82495320e-01,  1.56132912e-01,
        -6.98160684e-01, -9.69018632e-01,  8.39793729e+00,
        -3.03996692e-02, -1.83948979e-01, -2.21014306e+00,
         2.02857265e-01, -9.27582685e-01, -9.23300009e-02,
        -2.77555238e-01,  1.11647396e-01,  2.64134746e-01],
       [-1.26419860e+00,  7.47481433e-02, -9.50597896e-02,
        -1.05886317e-01,  4.46016918e-01, -2.58979875e-02,
        -3.20339628e+00, -5.64951721e-02, -3.03996692e-02,
         1.36912909e+00, -5.85446140e-03,  1.18726211e-01,
         2.51862942e-01,  1.27224610e-01, -3.38915294e-03,
        -1.23160333e-01, -4.00740033e-01,  1.11586150e-02],
       [-4.20025256e-01, -1.69676622e-01,  1.23125995e+00,
        -2.69606262e-01, -5.13134190e-02, -1.13503007e-01,
         3.79289991e-01, -2.15517408e+00, -1.83948979e-01,
        -5.85446140e-03,  1.50254716e+00, -5.57057021e-01,
         3.24124090e-02, -2.27440113e-01, -4.64180565e-01,
         2.11292465e-01, -9.03407399e-02,  2.57392829e-02],
       [ 1.98165782e-01, -1.73509702e+00, -1.36882783e+00,
        -3.10293793e-02, -1.29507717e-01,  3.54605272e-02,
        -4.88713395e-01,  1.45825411e+00, -2.21014306e+00,
         1.18726211e-01, -5.57057021e-01,  1.89932040e+00,
        -1.04786812e-01,  5.16498426e-01,  2.50691920e-01,
         7.10565043e-04, -1.33992382e-01, -1.14835325e-01],
       [-8.27085782e-01,  1.94697241e-01, -3.60199160e-02,
         9.94834325e-03,  2.47324805e-01, -1.72317975e-01,
        -1.21731326e+00,  1.18197100e-02,  2.02857265e-01,
         2.51862942e-01,  3.24124090e-02, -1.04786812e-01,
         3.70243617e-01,  8.18520779e-03, -5.03614053e-02,
        -1.50724704e-02, -2.05976603e-01,  1.33304048e-01],
       [-1.06059132e-01, -4.59706645e-01, -2.91877931e-01,
        -3.47369851e-02,  4.41035020e-02,  1.08288908e-02,
        -2.89522687e-01,  4.62669965e-01, -9.27582685e-01,
         1.27224610e-01, -2.27440113e-01,  5.16498426e-01,
         8.18520779e-03,  2.32019651e-01,  8.20651792e-02,
         7.96663104e-03, -2.92252741e-02,  4.01736707e-03],
       [ 3.30945366e-01, -1.71890889e-01, -4.79030181e-01,
         1.15024769e-01, -2.18728341e-02,  1.09080179e-01,
        -4.21701451e-01,  1.00455053e+00, -9.23300009e-02,
        -3.38915294e-03, -4.64180565e-01,  2.50691920e-01,
        -5.03614053e-02,  8.20651792e-02,  2.38845195e-01,
        -7.88931836e-02, -3.14809157e-03, -2.45803028e-02],
       [ 2.06167741e-01, -1.33895382e-01,  2.42376115e-01,
        -1.63993725e-02, -4.43983659e-02,  1.25358256e-02,
         4.04008195e-01, -5.06577982e-01, -2.77555238e-01,
        -1.23160333e-01,  2.11292465e-01,  7.10565043e-04,
        -1.50724704e-02,  7.96663104e-03, -7.88931836e-02,
         1.25380652e-01,  1.28664837e-02, -1.36686561e-02],
       [ 2.08500984e-01,  2.13829572e-01,  1.28380134e-01,
        -1.09337083e-02, -1.95089113e-01, -8.70166882e-03,
         3.03188141e+00,  4.39196612e-01,  1.11647396e-01,
        -4.00740033e-01, -9.03407399e-02, -1.33992382e-01,
        -2.05976603e-01, -2.92252741e-02, -3.14809157e-03,
         1.28664837e-02,  3.68084596e-01,  5.07846651e-02],
       [-7.26026653e-01,  7.32806872e-02,  1.62564546e-01,
        -5.91174644e-02,  1.19375578e-02, -1.24690670e-01,
         1.45938319e+00,  1.30165455e-01,  2.64134746e-01,
         1.11586150e-02,  2.57392829e-02, -1.14835325e-01,
         1.33304048e-01,  4.01736707e-03, -2.45803028e-02,
        -1.36686561e-02,  5.07846651e-02,  2.23962391e-01]])
      jac: array([ 1.20551717e-05,  9.83028474e-06, -3.91982743e-06, -1.60908324e-06,
       -1.97997174e-05, -9.35473921e-06, -6.84267458e-07, -6.02481028e-07,
        5.58812256e-07,  7.96955094e-06,  1.17110025e-05,  1.86887543e-06,
        1.16891682e-05,  2.01679414e-05, -5.00377517e-06, -2.24290956e-05,
       -5.33906253e-06,  2.96499862e-05])
  message: 'Desired error not necessarily achieved due to precision loss.'
     nfev: 2500
      nit: 66
     njev: 131
   status: 2
  success: False
        x: array([ 0.15828211, -0.53107187,  0.61752397,  1.00367554, -0.58150347,
        0.03396892, -0.02340798, -1.64228347, -0.47022544,  0.09864006,
        0.6548621 ,  1.01331891,  0.127605  ,  0.07173066, -0.39509652,
       -1.03642144, -0.90404752,  0.02488047])
