Program Begingeth
      fun: 0.258350457850845
 hess_inv: array([[ 4.16617742e+00,  3.32539422e-01,  1.43949879e+00,
         2.14719132e+00,  1.70156525e-01,  1.14918023e-01,
         6.02106672e+00,  8.50325086e-01, -3.44735753e+00,
         6.83029171e-01,  6.04449374e-01, -3.30527948e-01,
        -1.22180830e-01, -2.24868084e-01, -9.15929732e-02,
         5.05261275e-02, -9.02733837e-02,  1.25625370e-01],
       [ 3.32539422e-01,  1.34347863e+00, -2.79492062e-02,
         2.11525731e-01,  6.73664107e-01, -1.08696217e-01,
         7.64366468e-01,  7.72400207e-01,  7.95528887e-01,
         4.72525797e-01,  4.26947006e-01, -4.76559266e-02,
        -1.30027642e-01, -5.49366387e-03, -1.38296196e-01,
        -6.69210596e-02,  5.00798132e-02,  6.32598785e-03],
       [ 1.43949879e+00, -2.79492062e-02,  1.89474631e+00,
         8.26883826e-01, -4.19037222e-02,  7.15126667e-01,
         2.88914362e+00, -1.29903739e+00, -1.50531342e+00,
         2.66124636e-01, -9.17660755e-03,  1.82349813e-01,
        -3.48601017e-02,  9.14035841e-02,  6.32115568e-02,
        -9.90292180e-03,  3.77379619e-02,  1.17101243e-01],
       [ 2.14719132e+00,  2.11525731e-01,  8.26883826e-01,
         1.12579563e+00,  1.10381906e-01,  9.61842109e-02,
         3.31399807e+00,  3.73982012e-01, -1.69946069e+00,
         3.44720416e-01,  3.49119505e-01, -1.48612222e-01,
        -6.04034907e-02, -1.08960622e-01, -5.78208459e-02,
         2.21131012e-02, -3.95960534e-02,  6.20697163e-02],
       [ 1.70156525e-01,  6.73664107e-01, -4.19037222e-02,
         1.10381906e-01,  3.68106505e-01, -8.42141061e-02,
         7.36820066e-01,  7.43705540e-01,  4.53574857e-01,
         2.28147400e-01,  2.73532400e-01, -5.84199239e-02,
        -9.54245972e-02, -2.08421748e-02, -8.08403421e-02,
        -4.86320090e-02,  1.05034626e-02,  6.34648212e-03],
       [ 1.14918023e-01, -1.08696217e-01,  7.15126667e-01,
         9.61842109e-02, -8.42141061e-02,  3.60147255e-01,
         2.15239573e-01, -9.79933298e-01, -2.08261913e-01,
        -3.80466811e-02, -1.60374700e-01,  1.51388956e-01,
         4.70681044e-02,  1.00260416e-01,  5.98470049e-02,
         5.24583591e-03,  4.87303274e-02,  2.97332334e-02],
       [ 6.02106672e+00,  7.64366468e-01,  2.88914362e+00,
         3.31399807e+00,  7.36820066e-01,  2.15239573e-01,
         1.67866845e+01,  4.56867147e+00, -4.39010804e+00,
         1.11134135e+00,  1.95327925e+00, -6.79159328e-01,
        -7.41081863e-01, -6.28052329e-01, -3.20059071e-01,
        -2.04683383e-01, -4.35239384e-01,  3.15262493e-01],
       [ 8.50325086e-01,  7.72400207e-01, -1.29903739e+00,
         3.73982012e-01,  7.43705540e-01, -9.79933298e-01,
         4.56867147e+00,  7.20723759e+00,  7.04163556e-01,
         5.43410322e-01,  1.06945880e+00, -1.17333084e+00,
        -4.78784041e-01, -4.99492025e-01, -1.69255714e-01,
        -9.25560589e-02, -2.69907751e-01,  7.19687701e-02],
       [-3.44735753e+00,  7.95528887e-01, -1.50531342e+00,
        -1.69946069e+00,  4.53574857e-01, -2.08261913e-01,
        -4.39010804e+00,  7.04163556e-01,  6.07806827e+00,
        -6.31795818e-01,  4.99424140e-01, -1.31732347e-01,
         1.12228659e-01,  7.74481307e-02, -1.19095381e-01,
        -9.71644811e-02,  1.62057032e-01, -2.13978208e-01],
       [ 6.83029171e-01,  4.72525797e-01,  2.66124636e-01,
         3.44720416e-01,  2.28147400e-01, -3.80466811e-02,
         1.11134135e+00,  5.43410322e-01, -6.31795818e-01,
         1.20009518e+00,  1.26191613e-01, -3.05167583e-02,
        -3.04188460e-01, -3.08196107e-02,  8.13765709e-02,
        -3.61330558e-02,  5.96588209e-03,  2.56974645e-01],
       [ 6.04449374e-01,  4.26947006e-01, -9.17660755e-03,
         3.49119505e-01,  2.73532400e-01, -1.60374700e-01,
         1.95327925e+00,  1.06945880e+00,  4.99424140e-01,
         1.26191613e-01,  8.96727242e-01, -2.28867374e-01,
        -1.07361918e-01, -2.05632915e-01, -1.79033696e-01,
        -5.91801108e-02, -4.10456742e-02, -5.56686824e-02],
       [-3.30527948e-01, -4.76559266e-02,  1.82349813e-01,
        -1.48612222e-01, -5.84199239e-02,  1.51388956e-01,
        -6.79159328e-01, -1.17333084e+00, -1.31732347e-01,
        -3.05167583e-02, -2.28867374e-01,  4.69771979e-01,
         1.44613892e-02,  1.30870509e-01, -9.93370638e-03,
        -4.04120030e-02,  5.71755289e-02,  1.31251404e-02],
       [-1.22180830e-01, -1.30027642e-01, -3.48601017e-02,
        -6.04034907e-02, -9.54245972e-02,  4.70681044e-02,
        -7.41081863e-01, -4.78784041e-01,  1.12228659e-01,
        -3.04188460e-01, -1.07361918e-01,  1.44613892e-02,
         1.45394876e-01,  3.73200043e-02, -1.78401742e-03,
         5.34020992e-02,  3.05385860e-02, -7.41970760e-02],
       [-2.24868084e-01, -5.49366387e-03,  9.14035841e-02,
        -1.08960622e-01, -2.08421748e-02,  1.00260416e-01,
        -6.28052329e-01, -4.99492025e-01,  7.74481307e-02,
        -3.08196107e-02, -2.05632915e-01,  1.30870509e-01,
         3.73200043e-02,  1.01665105e-01,  3.29680975e-02,
         3.22332811e-03,  5.66003612e-02,  8.03001562e-03],
       [-9.15929732e-02, -1.38296196e-01,  6.32115568e-02,
        -5.78208459e-02, -8.08403421e-02,  5.98470049e-02,
        -3.20059071e-01, -1.69255714e-01, -1.19095381e-01,
         8.13765709e-02, -1.79033696e-01, -9.93370638e-03,
        -1.78401742e-03,  3.29680975e-02,  8.64789625e-02,
         1.88333147e-02,  5.24169634e-03,  5.97281350e-02],
       [ 5.05261275e-02, -6.69210596e-02, -9.90292180e-03,
         2.21131012e-02, -4.86320090e-02,  5.24583591e-03,
        -2.04683383e-01, -9.25560589e-02, -9.71644811e-02,
        -3.61330558e-02, -5.91801108e-02, -4.04120030e-02,
         5.34020992e-02,  3.22332811e-03,  1.88333147e-02,
         4.56236649e-02,  5.55744059e-03, -8.90872915e-03],
       [-9.02733837e-02,  5.00798132e-02,  3.77379619e-02,
        -3.95960534e-02,  1.05034626e-02,  4.87303274e-02,
        -4.35239384e-01, -2.69907751e-01,  1.62057032e-01,
         5.96588209e-03, -4.10456742e-02,  5.71755289e-02,
         3.05385860e-02,  5.66003612e-02,  5.24169634e-03,
         5.55744059e-03,  5.67178036e-02, -5.06856647e-03],
       [ 1.25625370e-01,  6.32598785e-03,  1.17101243e-01,
         6.20697163e-02,  6.34648212e-03,  2.97332334e-02,
         3.15262493e-01,  7.19687701e-02, -2.13978208e-01,
         2.56974645e-01, -5.56686824e-02,  1.31251404e-02,
        -7.41970760e-02,  8.03001562e-03,  5.97281350e-02,
        -8.90872915e-03, -5.06856647e-03,  9.59448402e-02]])
      jac: array([-5.12179188e-05,  3.47122331e-05, -2.49703961e-05,  1.19424100e-04,
       -9.07351971e-05,  5.63127323e-05, -6.77791157e-06,  7.10505728e-06,
       -4.40906571e-06, -1.53473530e-05,  2.04588198e-05, -1.19426691e-05,
       -9.64891130e-05,  9.34123149e-05, -4.44055903e-05,  6.09223783e-05,
       -5.49453076e-05,  2.50766075e-05])
  message: 'Desired error not necessarily achieved due to precision loss.'
     nfev: 2064
      nit: 64
     njev: 108
   status: 2
  success: False
        x: array([-1.86242695, -1.2301086 ,  0.58562739, -1.63429763, -1.27081496,
        0.33209049, -0.63444318, -1.52193666,  1.12559047,  0.00624899,
        0.49529665,  1.1385868 ,  0.11703229,  0.27821498, -0.22957208,
        1.41498222,  0.09240279,  0.01609468])
