Program Begingeth
      fun: 0.3232314897950763
 hess_inv: array([[ 9.44561811e-01,  5.17448207e-02, -1.52321059e-01,
        -1.44190704e-01,  1.88966625e-01, -2.63898531e-01,
        -2.35742607e-01,  1.28720735e+00, -1.59903372e+00,
         2.60983884e-01,  1.79398495e-01,  9.32843263e-01,
        -6.69904599e-01,  1.10421510e-03, -3.38711335e-01,
        -1.40132411e-01, -5.24936889e-02, -6.22574574e-02],
       [ 5.17448207e-02,  1.58977465e+00,  6.46501587e-04,
        -1.81449971e-01, -2.15299094e-01, -4.12863768e-01,
        -9.91237176e-01, -2.56490387e-01, -4.30022849e-01,
        -4.87033068e-02,  8.50194603e-01,  8.96219843e-03,
        -1.09753219e-01, -1.20893512e+00, -2.45899486e-01,
         1.38051274e-02, -2.52743186e-01,  1.83704431e-01],
       [-1.52321059e-01,  6.46501587e-04,  9.05998354e-01,
         6.25661316e-02,  2.26963368e-01, -2.07860122e-02,
         9.19211067e-01,  5.89969496e-01,  4.96207933e-01,
        -8.69945377e-01, -1.76580232e-01, -1.68969295e-01,
         2.69952806e-01,  1.98896473e-01, -4.80926017e-01,
         2.60832601e-02, -3.19076685e-02, -1.30879500e-01],
       [-1.44190704e-01, -1.81449971e-01,  6.25661316e-02,
         1.32726544e-01, -1.43432936e-02,  6.05793549e-02,
         3.60635865e-01, -3.29273041e-01,  2.69295737e-01,
        -1.07857594e-01,  2.85307439e-02, -9.93458587e-02,
         2.22430675e-01,  8.95784437e-02,  3.29255525e-02,
         4.92559190e-02,  1.92510226e-02, -5.75418000e-03],
       [ 1.88966625e-01, -2.15299094e-01,  2.26963368e-01,
        -1.43432936e-02,  2.29318606e-01,  1.75438532e-03,
         4.79838387e-01,  8.30769289e-01, -1.70191426e-01,
        -1.48652817e-01, -2.87362390e-01,  2.16968368e-01,
        -1.08834478e-01,  3.61799758e-01, -1.89662363e-01,
        -2.34569851e-02,  6.27310369e-02, -8.56872186e-02],
       [-2.63898531e-01, -4.12863768e-01, -2.07860122e-02,
         6.05793549e-02,  1.75438532e-03,  2.60897556e-01,
         2.55663606e-01, -3.06584782e-01,  8.03255675e-01,
        -3.01557163e-02, -4.34435578e-01, -2.61758685e-01,
         1.91938221e-01,  3.49196862e-01,  2.63705244e-01,
         4.85314982e-02,  8.92874938e-02, -3.46402515e-03],
       [-2.35742607e-01, -9.91237176e-01,  9.19211067e-01,
         3.60635865e-01,  4.79838387e-01,  2.55663606e-01,
         3.35972755e+00,  9.01137500e-01,  8.81075055e-01,
        -6.21458277e-01, -8.78396510e-01,  1.44412961e-02,
         3.94162218e-01,  1.15102971e+00, -3.54245113e-01,
         5.12243683e-02,  1.99549965e-01, -2.33399040e-01],
       [ 1.28720735e+00, -2.56490387e-01,  5.89969496e-01,
        -3.29273041e-01,  8.30769289e-01, -3.06584782e-01,
         9.01137500e-01,  4.86794836e+00, -2.14395589e+00,
        -1.05978801e-01, -3.87675294e-01,  1.26124079e+00,
        -1.07405943e+00,  7.07675220e-01, -8.63841553e-01,
        -2.56509657e-01,  4.40278909e-02, -2.62246116e-01],
       [-1.59903372e+00, -4.30022849e-01,  4.96207933e-01,
         2.69295737e-01, -1.70191426e-01,  8.03255675e-01,
         8.81075055e-01, -2.14395589e+00,  5.12824785e+00,
        -9.25157368e-01, -1.05566315e+00, -1.32583817e+00,
         1.28431839e+00,  4.80231065e-01,  5.12265618e-01,
         3.07331108e-01,  1.35458676e-01, -2.23772672e-02],
       [ 2.60983884e-01, -4.87033068e-02, -8.69945377e-01,
        -1.07857594e-01, -1.48652817e-01, -3.01557163e-02,
        -6.21458277e-01, -1.05978801e-01, -9.25157368e-01,
         1.18480811e+00,  1.11368177e-01,  2.79004569e-01,
        -4.88646047e-01, -9.57635470e-02,  4.01814273e-01,
        -8.63974375e-02,  6.57811355e-02,  1.00548848e-01],
       [ 1.79398495e-01,  8.50194603e-01, -1.76580232e-01,
         2.85307439e-02, -2.87362390e-01, -4.34435578e-01,
        -8.78396510e-01, -3.87675294e-01, -1.05566315e+00,
         1.11368177e-01,  2.00056203e+00,  1.23943279e-01,
        -9.93663253e-02, -1.22470021e+00, -1.53170785e-01,
        -1.24753827e-01, -2.60324133e-01,  2.18474874e-01],
       [ 9.32843263e-01,  8.96219843e-03, -1.68969295e-01,
        -9.93458587e-02,  2.16968368e-01, -2.61758685e-01,
         1.44412961e-02,  1.26124079e+00, -1.32583817e+00,
         2.79004569e-01,  1.23943279e-01,  1.24558634e+00,
        -6.24246363e-01,  6.42452614e-02, -4.45289465e-01,
        -1.12110741e-01, -4.75541042e-02, -1.05196616e-01],
       [-6.69904599e-01, -1.09753219e-01,  2.69952806e-01,
         2.22430675e-01, -1.08834478e-01,  1.91938221e-01,
         3.94162218e-01, -1.07405943e+00,  1.28431839e+00,
        -4.88646047e-01, -9.93663253e-02, -6.24246363e-01,
         6.98359645e-01,  4.49984846e-02,  1.39173989e-01,
         1.76253411e-01,  1.89304183e-02,  1.66812591e-02],
       [ 1.10421510e-03, -1.20893512e+00,  1.98896473e-01,
         8.95784437e-02,  3.61799758e-01,  3.49196862e-01,
         1.15102971e+00,  7.07675220e-01,  4.80231065e-01,
        -9.57635470e-02, -1.22470021e+00,  6.42452614e-02,
         4.49984846e-02,  1.26975416e+00,  6.67344937e-02,
         2.21282198e-02,  2.85361542e-01, -2.05251435e-01],
       [-3.38711335e-01, -2.45899486e-01, -4.80926017e-01,
         3.29255525e-02, -1.89662363e-01,  2.63705244e-01,
        -3.54245113e-01, -8.63841553e-01,  5.12265618e-01,
         4.01814273e-01, -1.53170785e-01, -4.45289465e-01,
         1.39173989e-01,  6.67344937e-02,  6.23697942e-01,
         4.25707080e-02,  8.62760655e-02,  1.47193265e-01],
       [-1.40132411e-01,  1.38051274e-02,  2.60832601e-02,
         4.92559190e-02, -2.34569851e-02,  4.85314982e-02,
         5.12243683e-02, -2.56509657e-01,  3.07331108e-01,
        -8.63974375e-02, -1.24753827e-01, -1.12110741e-01,
         1.76253411e-01,  2.21282198e-02,  4.25707080e-02,
         7.87571477e-02,  8.95777798e-03,  2.93169592e-03],
       [-5.24936889e-02, -2.52743186e-01, -3.19076685e-02,
         1.92510226e-02,  6.27310369e-02,  8.92874938e-02,
         1.99549965e-01,  4.40278909e-02,  1.35458676e-01,
         6.57811355e-02, -2.60324133e-01, -4.75541042e-02,
         1.89304183e-02,  2.85361542e-01,  8.62760655e-02,
         8.95777798e-03,  9.79816506e-02, -2.21943564e-02],
       [-6.22574574e-02,  1.83704431e-01, -1.30879500e-01,
        -5.75418000e-03, -8.56872186e-02, -3.46402515e-03,
        -2.33399040e-01, -2.62246116e-01, -2.23772672e-02,
         1.00548848e-01,  2.18474874e-01, -1.05196616e-01,
         1.66812591e-02, -2.05251435e-01,  1.47193265e-01,
         2.93169592e-03, -2.21943564e-02,  1.03304292e-01]])
      jac: array([-6.80411283e-05, -8.15477315e-05,  1.62547753e-05,  1.51296753e-04,
        7.99823171e-05, -8.95446680e-05,  5.15439543e-06, -1.39469917e-05,
       -2.63011835e-06, -4.17714012e-05, -4.49499697e-05,  1.28215956e-05,
       -1.41259967e-04, -1.28916137e-04,  2.18980389e-05,  7.93650331e-05,
        9.17688148e-05,  7.63951865e-05])
  message: 'Desired error not necessarily achieved due to precision loss.'
     nfev: 1493
      nit: 29
     njev: 78
   status: 2
  success: False
        x: array([ 0.60917397, -0.09731335,  0.4728592 ,  0.20806167, -1.24219523,
       -0.64951722,  1.27725752, -1.71944806, -0.83115678, -0.88880081,
        0.02623951,  0.54926222,  0.11440665,  0.01055946, -0.40294201,
        0.07273709,  1.52130168, -0.72499313])
