Program Begingeth
      fun: 0.24725023416280864
 hess_inv: array([[ 5.53216447e+00, -9.79844916e-01,  1.55595546e+00,
         1.06916630e+00, -5.49070363e-01,  1.00241162e+00,
        -9.96617284e-01,  3.40966298e-01,  2.54214334e+00,
        -4.51548795e-01,  2.72782156e-01,  1.30149592e-01,
        -1.19663030e+00,  2.37056827e-01,  6.26052508e-03,
        -1.72495332e-01,  6.47428484e-01, -1.97690859e-01],
       [-9.79844916e-01,  3.10127089e+00, -6.84779452e-01,
         1.86990941e-01,  1.05788656e+00, -3.00999915e-01,
         2.05163099e+00,  2.56584596e+00,  3.42264256e-01,
        -7.25323012e-02, -5.54376126e-01, -1.19406352e+00,
         3.66019519e-01, -4.28971192e-01,  2.76235820e-01,
        -1.46023939e-01, -2.00847258e-01,  7.25074438e-02],
       [ 1.55595546e+00, -6.84779452e-01,  1.21234680e+01,
        -1.34016201e+00, -5.57064343e-01,  4.19794261e+00,
        -1.66545909e+01, -5.34193861e+00,  6.38314641e+00,
        -5.50002913e-01,  3.79860522e+00, -1.84567681e+00,
        -6.11677085e-01, -3.04413344e-01, -1.00007669e+00,
         1.73751484e-01,  6.17465236e-01, -1.45764680e-01],
       [ 1.06916630e+00,  1.86990941e-01, -1.34016201e+00,
         5.40713552e-01,  3.33218934e-02, -3.85767953e-01,
         2.84359184e+00,  9.65183365e-01, -7.58575573e-02,
        -7.65386097e-02, -4.11289942e-01,  1.12816413e-01,
        -1.34817804e-01,  3.83756205e-07,  1.35728819e-01,
        -7.06983716e-02,  2.72367241e-02, -2.52631551e-02],
       [-5.49070363e-01,  1.05788656e+00, -5.57064343e-01,
         3.33218934e-02,  4.22993103e-01, -2.03662408e-01,
         8.44398256e-01,  1.30200177e+00, -1.68971371e-01,
         6.14809338e-02, -3.23343909e-01, -2.96688372e-01,
         1.65393836e-01, -1.02499262e-01,  1.37612897e-01,
        -3.60127167e-02, -9.29155594e-02,  4.43571024e-02],
       [ 1.00241162e+00, -3.00999915e-01,  4.19794261e+00,
        -3.85767953e-01, -2.03662408e-01,  1.56438665e+00,
        -6.04069499e+00, -1.47935887e+00,  2.54436127e+00,
        -9.17632933e-02,  1.15860093e+00, -5.76064000e-01,
        -3.48057399e-01, -4.89084979e-02, -2.80906189e-01,
         3.44661708e-02,  2.57220939e-01, -6.09380142e-02],
       [-9.96617284e-01,  2.05163099e+00, -1.66545909e+01,
         2.84359184e+00,  8.44398256e-01, -6.04069499e+00,
         3.02064680e+01,  7.13872438e+00, -7.18902936e+00,
         4.20609705e-01, -4.20010975e+00,  1.65362367e+00,
         8.71722762e-01, -2.30805288e-01,  1.08260342e+00,
        -3.31040359e-01, -9.24946523e-01,  5.42437500e-02],
       [ 3.40966298e-01,  2.56584596e+00, -5.34193861e+00,
         9.65183365e-01,  1.30200177e+00, -1.47935887e+00,
         7.13872438e+00,  8.65021893e+00, -1.61922612e+00,
         7.08577223e-01, -2.27879747e+00, -1.68726529e-04,
        -2.40153078e-02, -3.01065032e-02,  9.46005496e-01,
        -2.86501122e-01, -2.47750277e-01,  1.16041807e-01],
       [ 2.54214334e+00,  3.42264256e-01,  6.38314641e+00,
        -7.58575573e-02, -1.68971371e-01,  2.54436127e+00,
        -7.18902936e+00, -1.61922612e+00,  6.80344244e+00,
        -7.13104992e-02,  1.92108733e+00, -1.20489182e+00,
        -6.47045355e-01, -3.85223669e-01, -4.81868558e-01,
        -2.55783042e-02,  3.33168361e-01, -2.22834537e-01],
       [-4.51548795e-01, -7.25323012e-02, -5.50002913e-01,
        -7.65386097e-02,  6.14809338e-02, -9.17632933e-02,
         4.20609705e-01,  7.08577223e-01, -7.13104992e-02,
         1.11267638e+00, -1.27776139e-01,  1.05936874e-01,
        -1.58665389e-01, -6.90972684e-03,  9.35878745e-05,
         3.21180029e-03, -1.12052261e-01, -1.66143030e-01],
       [ 2.72782156e-01, -5.54376126e-01,  3.79860522e+00,
        -4.11289942e-01, -3.23343909e-01,  1.15860093e+00,
        -4.20010975e+00, -2.27879747e+00,  1.92108733e+00,
        -1.27776139e-01,  1.94508266e+00, -5.41300504e-01,
        -1.38056616e-01, -2.53474124e-01, -5.49053420e-01,
         9.99380941e-02,  1.58043518e-01, -1.57481736e-01],
       [ 1.30149592e-01, -1.19406352e+00, -1.84567681e+00,
         1.12816413e-01, -2.96688372e-01, -5.76064000e-01,
         1.65362367e+00, -1.68726529e-04, -1.20489182e+00,
         1.05936874e-01, -5.41300504e-01,  1.15618184e+00,
        -2.24819479e-02,  3.33970793e-01,  4.14169948e-02,
         7.57047696e-02,  2.11895996e-02,  2.64025183e-02],
       [-1.19663030e+00,  3.66019519e-01, -6.11677085e-01,
        -1.34817804e-01,  1.65393836e-01, -3.48057399e-01,
         8.71722762e-01, -2.40153078e-02, -6.47045355e-01,
        -1.58665389e-01, -1.38056616e-01, -2.24819479e-02,
         3.83554323e-01, -7.03721239e-02,  2.42824289e-02,
         6.16801143e-02, -1.61307187e-01,  9.37779566e-02],
       [ 2.37056827e-01, -4.28971192e-01, -3.04413344e-01,
         3.83756204e-07, -1.02499262e-01, -4.89084979e-02,
        -2.30805288e-01, -3.01065032e-02, -3.85223669e-01,
        -6.90972684e-03, -2.53474124e-01,  3.33970793e-01,
        -7.03721239e-02,  1.84622569e-01,  5.07219771e-02,
         1.59146770e-02,  7.13340012e-02,  2.86175067e-02],
       [ 6.26052508e-03,  2.76235820e-01, -1.00007669e+00,
         1.35728819e-01,  1.37612897e-01, -2.80906189e-01,
         1.08260342e+00,  9.46005496e-01, -4.81868558e-01,
         9.35878746e-05, -5.49053420e-01,  4.14169948e-02,
         2.42824289e-02,  5.07219771e-02,  2.09536317e-01,
        -4.85782824e-02, -4.04597931e-02,  6.83701265e-02],
       [-1.72495332e-01, -1.46023939e-01,  1.73751484e-01,
        -7.06983716e-02, -3.60127167e-02,  3.44661708e-02,
        -3.31040359e-01, -2.86501122e-01, -2.55783042e-02,
         3.21180029e-03,  9.99380941e-02,  7.57047696e-02,
         6.16801143e-02,  1.59146770e-02, -4.85782824e-02,
         5.70308896e-02, -8.54223784e-03,  5.86295413e-03],
       [ 6.47428484e-01, -2.00847258e-01,  6.17465236e-01,
         2.72367241e-02, -9.29155594e-02,  2.57220939e-01,
        -9.24946523e-01, -2.47750277e-01,  3.33168361e-01,
        -1.12052261e-01,  1.58043518e-01,  2.11895996e-02,
        -1.61307187e-01,  7.13340012e-02, -4.04597931e-02,
        -8.54223784e-03,  1.40219141e-01, -1.71650512e-02],
       [-1.97690859e-01,  7.25074438e-02, -1.45764680e-01,
        -2.52631551e-02,  4.43571024e-02, -6.09380142e-02,
         5.42437500e-02,  1.16041807e-01, -2.22834537e-01,
        -1.66143030e-01, -1.57481736e-01,  2.64025183e-02,
         9.37779566e-02,  2.86175067e-02,  6.83701265e-02,
         5.86295413e-03, -1.71650512e-02,  8.37814366e-02]])
      jac: array([ 5.02301904e-05,  4.06417492e-05,  9.65133529e-05, -6.88756459e-05,
       -5.54186327e-05, -2.83021569e-04, -2.50077736e-06,  7.45181694e-06,
        2.30643282e-05,  7.19035942e-06,  3.08640151e-05,  4.12447854e-07,
        8.60811422e-05,  2.67686429e-04,  1.31377501e-04, -7.98709247e-05,
       -2.16922406e-04, -1.24793324e-04])
  message: 'Desired error not necessarily achieved due to precision loss.'
     nfev: 2025
      nit: 77
     njev: 106
   status: 2
  success: False
        x: array([ 0.80308115, -0.68144801,  0.24092702,  1.38667851, -0.76976846,
       -0.00874644,  1.61896419, -1.05388661, -0.9489069 , -0.03494707,
        0.52292401,  1.04773623,  0.03933542,  0.2433406 , -0.25237231,
       -1.29856432, -0.21732981,  0.03207591])
