Program Begingeth
      fun: 0.4080885712154273
 hess_inv: array([[ 1.10145500e+01,  3.09090144e+00,  3.22117945e+00,
         3.45597498e+00,  9.63941847e-01,  3.40467938e+00,
        -8.54430015e+00,  1.72891154e+00,  1.57783196e+01,
        -9.41473788e-02, -1.71796980e+00, -5.11128798e-01,
        -9.63188897e-01,  2.86749705e-01,  9.20597102e-01,
        -5.47739069e-01,  5.05853581e-01, -2.32530054e-01],
       [ 3.09090144e+00,  9.20863924e+00,  2.78094146e+00,
         9.11827352e-01,  4.05188772e+00,  2.00545420e+00,
        -1.43909172e+01,  2.85892701e+00,  1.47369687e+01,
        -3.27050005e-01, -4.10622581e-01, -1.91857368e+00,
         6.82661588e-01, -2.87869331e-01,  2.73482813e-01,
         1.08688106e-02, -5.29380463e-01,  1.25064204e-02],
       [ 3.22117945e+00,  2.78094146e+00,  3.32965330e+00,
         7.01175302e-01,  1.07602569e+00,  1.97933356e+00,
        -7.02230786e+00, -9.94700537e-01,  7.32357332e+00,
         7.21998456e-02,  2.07016742e-01, -5.43106944e-01,
        -2.22022567e-01, -1.03753514e-02,  7.91265299e-02,
        -4.25019926e-02,  7.60588314e-02, -1.73500377e-01],
       [ 3.45597498e+00,  9.11827352e-01,  7.01175302e-01,
         1.17509009e+00,  2.60945257e-01,  9.36631101e-01,
        -1.83864635e+00,  7.61814979e-01,  4.82951824e+00,
        -1.01029971e-01, -6.39167996e-01, -2.05713853e-01,
        -2.60825885e-01,  7.65603978e-02,  3.34699420e-01,
        -1.78999518e-01,  1.53270176e-01, -3.09387938e-02],
       [ 9.63941847e-01,  4.05188772e+00,  1.07602569e+00,
         2.60945257e-01,  1.90894072e+00,  7.78182215e-01,
        -7.04192899e+00,  1.84184682e+00,  5.99039804e+00,
        -4.82239401e-02, -1.83785488e-01, -7.62327300e-01,
         4.00289050e-01, -9.33994260e-02,  1.02813325e-01,
         7.05313602e-02, -3.07159207e-01,  1.89991253e-02],
       [ 3.40467938e+00,  2.00545420e+00,  1.97933356e+00,
         9.36631101e-01,  7.78182215e-01,  1.53090321e+00,
        -5.18280890e+00,  2.69291504e-01,  6.64801155e+00,
         1.16884671e-01, -3.28678299e-01, -3.50554303e-01,
        -2.63523737e-01,  4.92756030e-02,  2.50412959e-01,
        -1.35062660e-01,  7.89533221e-02, -1.01813254e-01],
       [-8.54430015e+00, -1.43909172e+01, -7.02230786e+00,
        -1.83864635e+00, -7.04192899e+00, -5.18280890e+00,
         3.80973950e+01, -6.83407450e+00, -2.79730906e+01,
        -6.87121998e-01,  1.00847125e+00,  2.13089434e+00,
        -8.53417153e-01,  6.57403772e-02, -6.02735337e-01,
        -2.15317664e-01,  1.18182079e+00,  2.92932732e-01],
       [ 1.72891154e+00,  2.85892701e+00, -9.94700537e-01,
         7.61814979e-01,  1.84184682e+00,  2.69291504e-01,
        -6.83407450e+00,  7.58339575e+00,  5.16834636e+00,
         2.85361723e-01, -1.16869610e+00, -4.92589401e-01,
         4.10992667e-01,  1.37160527e-01,  5.70369038e-01,
        -4.47739295e-02, -3.53549048e-01,  1.80819252e-01],
       [ 1.57783196e+01,  1.47369687e+01,  7.32357332e+00,
         4.82951824e+00,  5.99039804e+00,  6.64801155e+00,
        -2.79730906e+01,  5.16834636e+00,  3.94074176e+01,
        -1.72092765e-01, -2.10618409e+00, -2.83236624e+00,
        -3.33274170e-01, -2.49910595e-01,  1.40278470e+00,
        -6.91333431e-01, -2.51764042e-01, -1.71496839e-01],
       [-9.41473788e-02, -3.27050005e-01,  7.21998456e-02,
        -1.01029971e-01, -4.82239401e-02,  1.16884671e-01,
        -6.87121998e-01,  2.85361723e-01, -1.72092765e-01,
         9.49276855e-01,  9.24454184e-02,  1.48363626e-01,
        -2.23237163e-01, -1.31501363e-03, -6.74067636e-02,
         1.32888454e-03, -6.99406300e-02, -1.82650184e-01],
       [-1.71796980e+00, -4.10622581e-01,  2.07016742e-01,
        -6.39167996e-01, -1.83785488e-01, -3.28678299e-01,
         1.00847125e+00, -1.16869610e+00, -2.10618409e+00,
         9.24454184e-02,  1.09732875e+00,  4.94047623e-03,
         8.73418731e-02, -2.08840096e-01, -3.48783811e-01,
         1.27619621e-01, -5.27867833e-02, -1.14358084e-01],
       [-5.11128798e-01, -1.91857368e+00, -5.43106944e-01,
        -2.05713853e-01, -7.62327300e-01, -3.50554303e-01,
         2.13089434e+00, -4.92589401e-01, -2.83236624e+00,
         1.48363626e-01,  4.94047623e-03,  8.14250866e-01,
        -1.28562860e-01,  1.54470593e-01, -1.24722435e-01,
         5.81705388e-02,  1.18669855e-01, -2.06137078e-02],
       [-9.63188897e-01,  6.82661588e-01, -2.22022567e-01,
        -2.60825885e-01,  4.00289050e-01, -2.63523737e-01,
        -8.53417153e-01,  4.10992667e-01, -3.33274170e-01,
        -2.23237163e-01,  8.73418731e-02, -1.28562860e-01,
         3.54920769e-01, -5.68867887e-02, -5.03661741e-02,
         1.45433729e-01, -1.74365940e-01,  9.52993285e-02],
       [ 2.86749705e-01, -2.87869331e-01, -1.03753514e-02,
         7.65603978e-02, -9.33994260e-02,  4.92756030e-02,
         6.57403772e-02,  1.37160527e-01, -2.49910595e-01,
        -1.31501363e-03, -2.08840096e-01,  1.54470593e-01,
        -5.68867887e-02,  1.20607592e-01,  4.33117283e-02,
        -1.13060222e-02,  7.82849547e-02,  1.31126337e-02],
       [ 9.20597102e-01,  2.73482813e-01,  7.91265299e-02,
         3.34699420e-01,  1.02813325e-01,  2.50412959e-01,
        -6.02735337e-01,  5.70369038e-01,  1.40278470e+00,
        -6.74067636e-02, -3.48783811e-01, -1.24722435e-01,
        -5.03661741e-02,  4.33117283e-02,  1.94436496e-01,
        -7.53496660e-02,  2.18235855e-02,  6.33961108e-02],
       [-5.47739069e-01,  1.08688106e-02, -4.25019926e-02,
        -1.78999518e-01,  7.05313602e-02, -1.35062660e-01,
        -2.15317664e-01, -4.47739295e-02, -6.91333431e-01,
         1.32888454e-03,  1.27619621e-01,  5.81705388e-02,
         1.45433729e-01, -1.13060222e-02, -7.53496660e-02,
         1.17179044e-01, -7.13463151e-02,  1.11340932e-02],
       [ 5.05853581e-01, -5.29380463e-01,  7.60588314e-02,
         1.53270176e-01, -3.07159207e-01,  7.89533221e-02,
         1.18182079e+00, -3.53549048e-01, -2.51764042e-01,
        -6.99406300e-02, -5.27867833e-02,  1.18669855e-01,
        -1.74365940e-01,  7.82849547e-02,  2.18235855e-02,
        -7.13463151e-02,  1.82527446e-01, -2.02697255e-02],
       [-2.32530054e-01,  1.25064204e-02, -1.73500377e-01,
        -3.09387938e-02,  1.89991253e-02, -1.01813254e-01,
         2.92932732e-01,  1.80819252e-01, -1.71496839e-01,
        -1.82650184e-01, -1.14358084e-01, -2.06137078e-02,
         9.52993285e-02,  1.31126337e-02,  6.33961108e-02,
         1.11340932e-02, -2.02697255e-02,  1.08565375e-01]])
      jac: array([-6.82602123e-06,  2.14887367e-05,  1.68524454e-05,  8.67528272e-06,
       -6.80355772e-05, -2.44489614e-05, -2.58867002e-06,  2.75520347e-06,
        2.30704345e-06,  1.50005934e-05, -1.56171372e-06,  1.54065649e-05,
        6.99669952e-05,  1.17676239e-05,  5.14580971e-05, -3.70962520e-05,
        2.22403577e-05, -6.38307925e-05])
  message: 'Desired error not necessarily achieved due to precision loss.'
     nfev: 2083
      nit: 71
     njev: 109
   status: 2
  success: False
        x: array([ 0.99657299, -1.29481266,  0.51392488,  1.27611619, -1.26751477,
        0.15170007,  0.77942078, -2.1397778 , -0.34025588,  0.01229922,
        0.40362139,  1.17155415, -0.03074078, -0.06283132, -0.31048035,
       -1.20932515, -0.82519974, -0.01840201])
