Program Begingeth
      fun: 0.25342594619544734
 hess_inv: array([[ 3.98600364e+00,  3.91047967e-01,  7.22357207e-01,
         1.90541676e+00,  8.80545293e-02, -2.78976187e-01,
         3.91108661e+00,  1.11796926e+00, -3.48711682e+00,
         5.20232970e-01,  3.57780663e-01, -7.22292302e-01,
        -4.82758801e-02, -2.96282042e-01, -6.95057545e-02,
         1.38540364e-01, -8.84947243e-02,  1.59748529e-01],
       [ 3.91047967e-01,  1.60079809e+00, -2.17249582e-02,
         2.49269538e-01,  7.17319092e-01, -1.27620654e-01,
        -8.40241173e-02, -1.62241192e-01,  7.84178582e-01,
         4.78923888e-01,  3.23659256e-01,  1.42724776e-02,
        -8.23917665e-02,  4.87252776e-02, -1.93329487e-01,
        -9.43813058e-02,  9.23067077e-02, -2.37154544e-02],
       [ 7.22357207e-01, -2.17249582e-02,  1.60618473e+00,
         4.47636314e-01, -2.17136606e-02,  6.28333841e-01,
         2.05302486e+00, -1.32411766e+00, -1.19306391e+00,
         2.18953547e-01, -8.53429279e-02,  1.85780812e-01,
        -6.62201268e-02,  1.11317869e-01,  1.01838424e-01,
        -3.58297391e-02,  2.16202130e-02,  1.54345289e-01],
       [ 1.90541676e+00,  2.49269538e-01,  4.47636314e-01,
         9.37441792e-01,  6.93345191e-02, -8.48038931e-02,
         1.99324760e+00,  3.62824365e-01, -1.59121491e+00,
         2.53003014e-01,  2.02737542e-01, -3.03830768e-01,
        -8.06154044e-03, -1.21134006e-01, -4.59444670e-02,
         6.48866272e-02, -2.15987345e-02,  7.07417265e-02],
       [ 8.80545293e-02,  7.17319092e-01, -2.17136606e-02,
         6.93345191e-02,  3.67326254e-01, -7.62269025e-02,
         4.15380484e-01,  3.42033829e-01,  5.37427699e-01,
         1.86623195e-01,  1.91091989e-01, -3.98074803e-02,
        -8.50436644e-02,  1.01045823e-02, -8.92105094e-02,
        -6.72184720e-02,  1.64353601e-02,  7.66913421e-03],
       [-2.78976187e-01, -1.27620654e-01,  6.28333841e-01,
        -8.48038931e-02, -7.62269025e-02,  3.78268175e-01,
        -1.62314073e-01, -1.09606745e+00, -1.15925595e-02,
        -3.94898269e-02, -1.64984113e-01,  2.53862086e-01,
         4.05733276e-02,  1.29906890e-01,  7.25619216e-02,
        -1.67938589e-02,  5.75461272e-02,  2.27789355e-02],
       [ 3.91108661e+00, -8.40241173e-02,  2.05302486e+00,
         1.99324760e+00,  4.15380484e-01, -1.62314073e-01,
         1.56721966e+01,  5.56677300e+00, -3.32151456e+00,
         3.82937270e-01,  1.03292534e+00, -1.46498564e+00,
        -8.77785098e-01, -6.87620043e-01,  5.04450913e-02,
        -1.14220546e-01, -7.35810468e-01,  7.16968908e-01],
       [ 1.11796926e+00, -1.62241192e-01, -1.32411766e+00,
         3.62824365e-01,  3.42033829e-01, -1.09606745e+00,
         5.56677300e+00,  8.25049224e+00,  6.64958319e-01,
        -1.60623967e-01,  7.96777731e-01, -1.80275621e+00,
        -4.26817736e-01, -6.21545109e-01, -7.17074680e-02,
         2.94302159e-02, -4.05239008e-01,  1.46741676e-01],
       [-3.48711682e+00,  7.84178582e-01, -1.19306391e+00,
        -1.59121491e+00,  5.37427699e-01, -1.15925595e-02,
        -3.32151456e+00,  6.64958319e-01,  6.81107559e+00,
        -5.03273637e-01,  7.31778648e-01,  7.44478625e-02,
         6.17688130e-02,  1.33446991e-01, -1.94712178e-01,
        -2.02221503e-01,  1.78477101e-01, -2.83681491e-01],
       [ 5.20232970e-01,  4.78923888e-01,  2.18953547e-01,
         2.53003014e-01,  1.86623195e-01, -3.94898269e-02,
         3.82937270e-01, -1.60623967e-01, -5.03273637e-01,
         8.31586320e-01, -3.20359039e-02,  2.10018797e-02,
        -1.97812825e-01,  3.07691539e-02,  5.08153661e-02,
        -3.54990734e-02,  3.93914642e-02,  2.11500299e-01],
       [ 3.57780663e-01,  3.23659256e-01, -8.53429279e-02,
         2.02737542e-01,  1.91091989e-01, -1.64984113e-01,
         1.03292534e+00,  7.96777731e-01,  7.31778648e-01,
        -3.20359039e-02,  7.05213645e-01, -3.22210084e-01,
        -3.41310136e-02, -1.77093249e-01, -1.71795758e-01,
        -3.34869114e-02, -3.19874176e-02, -9.36599863e-02],
       [-7.22292302e-01,  1.42724776e-02,  1.85780812e-01,
        -3.03830768e-01, -3.98074803e-02,  2.53862086e-01,
        -1.46498564e+00, -1.80275621e+00,  7.44478625e-02,
         2.10018797e-02, -3.22210084e-01,  7.07385043e-01,
         4.42514367e-02,  2.37568527e-01,  9.75732397e-03,
        -6.97433954e-02,  1.26706432e-01, -5.71972921e-03],
       [-4.82758801e-02, -8.23917665e-02, -6.62201268e-02,
        -8.06154044e-03, -8.50436644e-02,  4.05733276e-02,
        -8.77785098e-01, -4.26817736e-01,  6.17688130e-02,
        -1.97812825e-01, -3.41310136e-02,  4.42514367e-02,
         1.63894619e-01,  3.19203846e-02, -2.16913736e-02,
         6.95960113e-02,  6.20388401e-02, -1.04925296e-01],
       [-2.96282042e-01,  4.87252776e-02,  1.11317869e-01,
        -1.21134006e-01,  1.01045823e-02,  1.29906890e-01,
        -6.87620043e-01, -6.21545109e-01,  1.33446991e-01,
         3.07691539e-02, -1.77093249e-01,  2.37568527e-01,
         3.19203846e-02,  1.33151972e-01,  2.40290937e-02,
        -1.56108570e-02,  8.62601219e-02,  4.42267721e-03],
       [-6.95057545e-02, -1.93329487e-01,  1.01838424e-01,
        -4.59444670e-02, -8.92105094e-02,  7.25619216e-02,
         5.04450913e-02, -7.17074680e-02, -1.94712178e-01,
         5.08153661e-02, -1.71795758e-01,  9.75732397e-03,
        -2.16913736e-02,  2.40290937e-02,  9.83038355e-02,
         1.32476495e-02, -1.50967305e-02,  8.00290065e-02],
       [ 1.38540364e-01, -9.43813058e-02, -3.58297391e-02,
         6.48866272e-02, -6.72184720e-02, -1.67938589e-02,
        -1.14220546e-01,  2.94302159e-02, -2.02221503e-01,
        -3.54990734e-02, -3.34869114e-02, -6.97433954e-02,
         6.95960113e-02, -1.56108570e-02,  1.32476495e-02,
         6.92803613e-02,  7.42716264e-03, -1.98503608e-02],
       [-8.84947243e-02,  9.23067077e-02,  2.16202130e-02,
        -2.15987345e-02,  1.64353601e-02,  5.75461272e-02,
        -7.35810468e-01, -4.05239008e-01,  1.78477101e-01,
         3.93914642e-02, -3.19874176e-02,  1.26706432e-01,
         6.20388401e-02,  8.62601219e-02, -1.50967305e-02,
         7.42716264e-03,  1.04220865e-01, -3.23423896e-02],
       [ 1.59748529e-01, -2.37154544e-02,  1.54345289e-01,
         7.07417265e-02,  7.66913421e-03,  2.27789355e-02,
         7.16968908e-01,  1.46741676e-01, -2.83681491e-01,
         2.11500299e-01, -9.36599863e-02, -5.71972921e-03,
        -1.04925296e-01,  4.42267721e-03,  8.00290065e-02,
        -1.98503608e-02, -3.23423896e-02,  1.42026260e-01]])
      jac: array([ 6.41375841e-06,  2.99575180e-06,  6.13028147e-06, -1.24348680e-05,
       -1.01885167e-05, -1.27372187e-05,  2.34405088e-06, -2.18713936e-07,
        2.26448490e-06, -6.35047570e-07, -3.52162743e-06,  4.62703949e-06,
       -6.97109037e-06, -6.44188406e-06,  1.80426045e-05,  4.38871162e-06,
        8.11721061e-06, -1.85629290e-05])
  message: 'Desired error not necessarily achieved due to precision loss.'
     nfev: 2423
      nit: 79
     njev: 127
   status: 2
  success: False
        x: array([-1.48464285, -0.96408801,  0.61544031, -1.29053873, -1.03215085,
        0.31814686, -0.26730682, -1.2443231 ,  1.22264739,  0.04750033,
        0.60050206,  1.21236014,  0.10033783,  0.23292427, -0.29542968,
        1.1820601 , -0.20125483, -0.00790313])
