Program Begingeth
      fun: 0.2648263048745738
 hess_inv: array([[ 1.11820649e+01, -1.12432828e+00,  2.04995064e+00,
         1.74866431e+00, -1.15330563e+00,  1.20571268e+00,
        -1.32459383e-01, -6.62210024e-01,  3.48160309e+00,
        -1.65834753e+00,  3.59860707e-01,  1.62427391e-01,
        -2.52385902e+00,  2.69129399e-01, -7.04073741e-02,
         1.88741249e-02,  1.37786226e+00, -1.99478347e-01],
       [-1.12432828e+00,  4.27907455e+00,  1.32985573e+00,
         6.88603935e-02,  1.20782978e+00,  3.80009529e-01,
         1.37334450e-02,  2.27252686e+00,  1.20941449e+00,
         1.51345613e-01, -4.06618744e-02, -1.55908732e+00,
         3.22930501e-01, -6.95745620e-01,  1.84593026e-01,
        -2.52580673e-01,  3.88175666e-02,  1.37002250e-01],
       [ 2.04995064e+00,  1.32985573e+00,  1.55762478e+01,
        -1.44905795e+00, -4.33866077e-01,  4.32512564e+00,
        -1.57285386e+01, -4.38484380e+00,  4.63276765e+00,
        -1.19151832e+00,  3.56986622e+00, -2.75075702e+00,
        -1.00000841e+00, -8.44647303e-01, -1.37362872e+00,
        -5.67110143e-02,  8.84520026e-01,  7.07910674e-01],
       [ 1.74866431e+00,  6.88603935e-02, -1.44905795e+00,
         6.09263389e-01, -4.58750933e-02, -2.98556260e-01,
         2.48618254e+00,  6.20183483e-01,  3.31327222e-01,
        -1.63477026e-01, -3.50597960e-01,  1.55604947e-01,
        -2.56746891e-01,  4.11543664e-02,  1.71450825e-01,
        -1.75410918e-04,  1.11718634e-01, -1.06564425e-01],
       [-1.15330563e+00,  1.20782978e+00, -4.33866077e-01,
        -4.58750933e-02,  4.88013435e-01, -1.38731213e-01,
         5.86008500e-01,  1.21593023e+00, -9.82201066e-02,
         2.63499723e-01, -2.02071934e-01, -2.61345366e-01,
         3.02732754e-01, -1.40405089e-01,  1.25990756e-01,
        -4.71003452e-02, -1.17567582e-01,  2.71118049e-02],
       [ 1.20571268e+00,  3.80009529e-01,  4.32512564e+00,
        -2.98556260e-01, -1.38731213e-01,  1.30819669e+00,
        -4.39578313e+00, -9.52501157e-01,  1.70205722e+00,
        -3.02099087e-01,  8.86763094e-01, -7.20332458e-01,
        -4.54344934e-01, -2.03957787e-01, -3.25055816e-01,
        -3.20331701e-02,  3.13602077e-01,  1.80918907e-01],
       [-1.32459383e-01,  1.37334450e-02, -1.57285386e+01,
         2.48618254e+00,  5.86008500e-01, -4.39578313e+00,
         2.12220242e+01,  5.00521048e+00, -3.08940971e+00,
         1.03847022e+00, -3.29857427e+00,  1.99700176e+00,
         8.27253047e-01,  4.04408943e-01,  1.37056009e+00,
        -3.11061050e-02, -7.89473149e-01, -7.83271023e-01],
       [-6.62210024e-01,  2.27252686e+00, -4.38484380e+00,
         6.20183483e-01,  1.21593023e+00, -9.52501157e-01,
         5.00521048e+00,  6.53257192e+00, -1.32958394e-01,
         1.02866017e+00, -1.10246836e+00,  1.15374422e-01,
         2.30012379e-01, -1.22417708e-01,  7.16392720e-01,
        -1.34836466e-01, -2.59962129e-01, -2.00454457e-01],
       [ 3.48160309e+00,  1.20941449e+00,  4.63276765e+00,
         3.31327222e-01, -9.82201066e-02,  1.70205722e+00,
        -3.08940971e+00, -1.32958394e-01,  4.68128256e+00,
        -3.55831335e-01,  8.91519249e-01, -1.01516400e+00,
        -9.00054611e-01, -4.46069722e-01, -2.81901930e-01,
        -1.05025911e-01,  4.82531508e-01,  6.55252973e-02],
       [-1.65834753e+00,  1.51345613e-01, -1.19151832e+00,
        -1.63477026e-01,  2.63499723e-01, -3.02099087e-01,
         1.03847022e+00,  1.02866017e+00, -3.55831335e-01,
         1.07466468e+00, -1.52582616e-01,  1.08893339e-01,
         2.01966159e-01, -3.87007207e-02,  6.73316539e-02,
        -2.85531421e-02, -2.81478898e-01, -1.78798060e-01],
       [ 3.59860707e-01, -4.06618744e-02,  3.56986622e+00,
        -3.50597960e-01, -2.02071934e-01,  8.86763094e-01,
        -3.29857427e+00, -1.10246836e+00,  8.91519249e-01,
        -1.52582616e-01,  1.38545335e+00, -6.61338568e-01,
        -2.28516481e-01, -2.97770086e-01, -4.90154317e-01,
         1.61142702e-02,  1.61414875e-01,  3.15850965e-02],
       [ 1.62427391e-01, -1.55908732e+00, -2.75075702e+00,
         1.55604947e-01, -2.61345366e-01, -7.20332458e-01,
         1.99700176e+00,  1.15374422e-01, -1.01516400e+00,
         1.08893339e-01, -6.61338568e-01,  1.24801352e+00,
         2.86451078e-02,  4.76693955e-01,  1.37780243e-01,
         1.42901459e-01, -6.49631279e-02, -1.16347660e-01],
       [-2.52385902e+00,  3.22930501e-01, -1.00000841e+00,
        -2.56746891e-01,  3.02732754e-01, -4.54344934e-01,
         8.27253047e-01,  2.30012379e-01, -9.00054611e-01,
         2.01966159e-01, -2.28516481e-01,  2.86451078e-02,
         7.24327361e-01, -5.11586869e-02,  7.03375476e-02,
         4.54581633e-02, -3.53070588e-01,  7.18088850e-02],
       [ 2.69129399e-01, -6.95745620e-01, -8.44647303e-01,
         4.11543664e-02, -1.40405089e-01, -2.03957787e-01,
         4.04408943e-01, -1.22417708e-01, -4.46069722e-01,
        -3.87007207e-02, -2.97770086e-01,  4.76693955e-01,
        -5.11586869e-02,  2.44538052e-01,  6.34840729e-02,
         5.45591231e-02,  3.03220888e-02, -1.24174641e-02],
       [-7.04073741e-02,  1.84593026e-01, -1.37362872e+00,
         1.71450825e-01,  1.25990756e-01, -3.25055816e-01,
         1.37056009e+00,  7.16392720e-01, -2.81901930e-01,
         6.73316539e-02, -4.90154317e-01,  1.37780243e-01,
         7.03375476e-02,  6.34840729e-02,  2.31777529e-01,
        -2.97605132e-02, -6.32745102e-02, -6.15891828e-03],
       [ 1.88741249e-02, -2.52580673e-01, -5.67110143e-02,
        -1.75410918e-04, -4.71003452e-02, -3.20331701e-02,
        -3.11061050e-02, -1.34836466e-01, -1.05025911e-01,
        -2.85531421e-02,  1.61142702e-02,  1.42901459e-01,
         4.54581633e-02,  5.45591231e-02, -2.97605132e-02,
         6.67462940e-02, -1.04465421e-02,  3.93047961e-03],
       [ 1.37786226e+00,  3.88175666e-02,  8.84520026e-01,
         1.11718634e-01, -1.17567582e-01,  3.13602077e-01,
        -7.89473149e-01, -2.59962129e-01,  4.82531508e-01,
        -2.81478898e-01,  1.61414875e-01, -6.49631279e-02,
        -3.53070588e-01,  3.03220888e-02, -6.32745102e-02,
        -1.04465421e-02,  2.55985494e-01,  1.58213689e-02],
       [-1.99478347e-01,  1.37002250e-01,  7.07910674e-01,
        -1.06564425e-01,  2.71118049e-02,  1.80918907e-01,
        -7.83271023e-01, -2.00454457e-01,  6.55252973e-02,
        -1.78798060e-01,  3.15850965e-02, -1.16347660e-01,
         7.18088850e-02, -1.24174641e-02, -6.15891828e-03,
         3.93047961e-03,  1.58213689e-02,  1.23556743e-01]])
      jac: array([ 6.69575506e-06,  8.40993941e-06,  1.35891298e-06, -2.75731290e-05,
       -3.82716081e-05, -1.81336427e-07,  2.04429066e-06,  3.41541610e-06,
        7.69014482e-07,  5.21138688e-06, -2.77259697e-06, -3.16635607e-06,
        2.87140682e-05,  7.04288479e-06,  1.24356081e-05,  4.21144601e-07,
        1.28874689e-05, -1.40091642e-05])
  message: 'Desired error not necessarily achieved due to precision loss.'
     nfev: 2671
      nit: 82
     njev: 140
   status: 2
  success: False
        x: array([ 0.49265767, -0.60554724,  0.05934954,  1.21265509, -0.72997681,
       -0.09720756,  1.73519839, -0.98561638, -1.04208026,  0.00661619,
        0.49630385,  1.12065401,  0.08467802,  0.17880473, -0.28323833,
       -1.14569406, -0.45566297,  0.01945627])
