Program Begingeth
      fun: 0.24726256058059626
 hess_inv: array([[ 4.59709141e+00,  2.11291930e+00,  8.54183691e-01,
         1.56689420e+00,  7.88041210e-01, -8.01291748e-01,
         3.55140513e+00, -2.89672168e+00, -1.61266461e+00,
        -3.30210853e-01,  1.18855169e+00, -1.17776086e+00,
        -7.27133511e-01, -5.15603401e-01, -6.02656023e-01,
        -2.75093863e-01, -4.93400243e-01,  2.40574599e-01],
       [ 2.11291930e+00,  3.34463736e+00,  1.14027916e+00,
         6.35675671e-01,  1.30114847e+00, -1.78911224e-01,
         3.17017278e+00,  6.20162286e-01,  1.94397844e+00,
         2.54612284e-01,  4.96250497e-01, -1.53889548e+00,
        -5.86841048e-01, -4.48421435e-01, -3.40910749e-01,
        -8.92898354e-02, -2.72167233e-01,  1.39115215e-01],
       [ 8.54183691e-01,  1.14027916e+00,  2.60639202e+00,
         7.03701522e-01,  3.86623954e-01,  7.90301591e-01,
         5.15268265e+00, -2.74539880e+00,  3.58794672e+00,
        -1.44490343e-01,  1.18804051e+00, -9.83096892e-01,
        -1.22780861e-01, -2.58860346e-01, -4.49707672e-01,
        -2.07934668e-01, -1.31296270e-01, -1.74667545e-01],
       [ 1.56689420e+00,  6.35675671e-01,  7.03701522e-01,
         6.79667076e-01,  2.41299757e-01, -9.40873815e-02,
         2.44532824e+00, -1.60458384e+00, -9.64024222e-02,
        -2.02665687e-01,  6.07016010e-01, -4.10956552e-01,
        -1.90251032e-01, -1.62447541e-01, -2.90137433e-01,
        -1.24245192e-01, -1.57310785e-01, -5.56337032e-03],
       [ 7.88041210e-01,  1.30114847e+00,  3.86623954e-01,
         2.41299757e-01,  6.21939258e-01, -4.77882288e-02,
         1.79994995e+00,  1.08323418e+00,  4.54560669e-01,
         1.33335325e-02,  8.31311310e-02, -5.04252833e-01,
        -2.60769404e-01, -1.10049535e-01, -8.26190848e-02,
        -6.48528005e-02, -1.28687535e-01,  6.11165112e-02],
       [-8.01291748e-01, -1.78911224e-01,  7.90301591e-01,
        -9.40873815e-02, -4.77882288e-02,  5.85024987e-01,
         1.48953294e+00, -9.47166017e-02,  2.00601636e+00,
        -1.20657849e-01,  7.14316377e-02, -2.18461428e-02,
         1.74340566e-01,  4.50826873e-02,  2.21398241e-02,
         1.03501697e-02,  3.72688983e-02, -1.34932213e-01],
       [ 3.55140513e+00,  3.17017278e+00,  5.15268265e+00,
         2.44532824e+00,  1.79994995e+00,  1.48953294e+00,
         2.11100908e+01, -2.65711457e+00,  5.83703845e+00,
        -1.27403717e+00,  2.29350195e+00, -1.80444340e+00,
        -6.64431621e-01, -5.27059011e-01, -1.05809156e+00,
        -6.40282905e-01, -9.36467317e-01, -5.71806952e-01],
       [-2.89672168e+00,  6.20162286e-01, -2.74539880e+00,
        -1.60458384e+00,  1.08323418e+00, -9.47166017e-02,
        -2.65711457e+00,  1.41461855e+01, -1.78163336e+00,
         1.36697984e-01, -2.60143815e+00,  6.32819550e-01,
         7.46649639e-02,  5.48716300e-01,  1.23752665e+00,
         4.31975370e-01,  1.68294948e-01,  2.99182193e-01],
       [-1.61266461e+00,  1.94397844e+00,  3.58794672e+00,
        -9.64024222e-02,  4.54560669e-01,  2.00601636e+00,
         5.83703845e+00, -1.78163336e+00,  1.28415448e+01,
        -1.39422530e-02,  1.14694924e+00, -1.42820352e+00,
         2.74160485e-01, -6.41793995e-01, -3.81174593e-01,
         1.25180660e-01, -2.07726133e-01, -4.53932045e-01],
       [-3.30210853e-01,  2.54612284e-01, -1.44490343e-01,
        -2.02665687e-01,  1.33335325e-02, -1.20657849e-01,
        -1.27403717e+00,  1.36697984e-01, -1.39422530e-02,
         7.70163909e-01, -1.71606355e-01, -6.34754833e-02,
        -1.20048334e-01,  3.42658989e-02,  9.04439330e-02,
         3.66155822e-02,  1.38079440e-01,  1.88903331e-01],
       [ 1.18855169e+00,  4.96250497e-01,  1.18804051e+00,
         6.07016010e-01,  8.31311310e-02,  7.14316377e-02,
         2.29350195e+00, -2.60143815e+00,  1.14694924e+00,
        -1.71606355e-01,  1.31238284e+00, -5.91772244e-01,
        -1.31233172e-01, -3.25274338e-01, -4.88406295e-01,
        -1.66997289e-01, -1.25437335e-01, -1.71498942e-01],
       [-1.17776086e+00, -1.53889548e+00, -9.83096892e-01,
        -4.10956552e-01, -5.04252833e-01, -2.18461428e-02,
        -1.80444340e+00,  6.32819550e-01, -1.42820352e+00,
        -6.34754833e-02, -5.91772244e-01,  1.13148427e+00,
         2.34568280e-01,  3.52609289e-01,  2.28806889e-01,
         1.98574614e-02,  1.78628710e-01, -6.41592152e-03],
       [-7.27133511e-01, -5.86841048e-01, -1.22780861e-01,
        -1.90251032e-01, -2.60769404e-01,  1.74340566e-01,
        -6.64431621e-01,  7.46649639e-02,  2.74160485e-01,
        -1.20048334e-01, -1.31233172e-01,  2.34568280e-01,
         2.58854437e-01,  9.08403185e-02,  7.42759875e-02,
         1.02268035e-01,  1.12877056e-01, -1.08920667e-01],
       [-5.15603401e-01, -4.48421435e-01, -2.58860346e-01,
        -1.62447541e-01, -1.10049535e-01,  4.50826873e-02,
        -5.27059011e-01,  5.48716300e-01, -6.41793995e-01,
         3.42658989e-02, -3.25274338e-01,  3.52609289e-01,
         9.08403185e-02,  2.00361759e-01,  1.28339723e-01,
         1.20970912e-02,  1.23063382e-01,  1.66855034e-02],
       [-6.02656023e-01, -3.40910749e-01, -4.49707672e-01,
        -2.90137433e-01, -8.26190848e-02,  2.21398241e-02,
        -1.05809156e+00,  1.23752665e+00, -3.81174593e-01,
         9.04439330e-02, -4.88406295e-01,  2.28806889e-01,
         7.42759875e-02,  1.28339723e-01,  2.46882494e-01,
         8.23494452e-02,  6.13048421e-02,  8.90819824e-02],
       [-2.75093863e-01, -8.92898354e-02, -2.07934668e-01,
        -1.24245192e-01, -6.48528005e-02,  1.03501697e-02,
        -6.40282905e-01,  4.31975370e-01,  1.25180660e-01,
         3.66155822e-02, -1.66997289e-01,  1.98574614e-02,
         1.02268035e-01,  1.20970912e-02,  8.23494452e-02,
         1.07649317e-01,  4.30094523e-02, -1.16650639e-03],
       [-4.93400243e-01, -2.72167233e-01, -1.31296270e-01,
        -1.57310785e-01, -1.28687535e-01,  3.72688983e-02,
        -9.36467317e-01,  1.68294948e-01, -2.07726133e-01,
         1.38079440e-01, -1.25437335e-01,  1.78628710e-01,
         1.12877056e-01,  1.23063382e-01,  6.13048421e-02,
         4.30094523e-02,  1.70607131e-01, -5.02644824e-03],
       [ 2.40574599e-01,  1.39115215e-01, -1.74667545e-01,
        -5.56337032e-03,  6.11165112e-02, -1.34932213e-01,
        -5.71806952e-01,  2.99182193e-01, -4.53932045e-01,
         1.88903331e-01, -1.71498942e-01, -6.41592152e-03,
        -1.08920667e-01,  1.66855034e-02,  8.90819824e-02,
        -1.16650639e-03, -5.02644824e-03,  1.66045338e-01]])
      jac: array([-4.65385138e-05, -5.62150326e-05,  6.96442903e-05,  7.99103376e-05,
        7.14252731e-05, -2.05086133e-04,  1.09042405e-06,  3.38081415e-06,
        1.50670217e-05, -1.40391402e-05, -3.33572059e-05, -2.90750757e-05,
        3.14006228e-05, -4.79744022e-05,  8.03836627e-05, -3.75251682e-05,
        3.40220444e-05, -1.58480636e-05])
  message: 'Desired error not necessarily achieved due to precision loss.'
     nfev: 1681
      nit: 57
     njev: 88
   status: 2
  success: False
        x: array([-0.51109564, -0.75306131,  0.6425474 , -0.8418667 , -0.90965926,
        0.12162641, -0.48160663, -1.54577305, -0.57202727,  0.09987799,
        0.68970648,  1.13006099,  0.08594642,  0.17678859, -0.3753184 ,
        1.06560593, -0.35338116, -0.02719423])
