Program Begingeth
      fun: 0.2837696569905965
 hess_inv: array([[ 2.45811090e+00, -6.77842886e-01,  4.19308061e-01,
         8.69677974e-01, -2.90077053e-01,  5.73103610e-01,
         1.07653707e-01,  9.09181957e-01,  1.59545978e+00,
         8.75551237e-03, -6.01337397e-01,  1.52120064e-02,
        -2.70978181e-01,  2.01359769e-01,  2.59379487e-01,
        -1.32458319e-01,  1.89831086e-01, -3.50152989e-02],
       [-6.77842886e-01,  2.68397713e+00,  1.18606248e+00,
        -2.22602862e-01,  1.13081100e+00,  3.90478762e-01,
        -2.03194052e+00,  4.48257047e-01,  2.72059934e+00,
        -3.13954110e-01,  6.34552704e-01, -7.21811890e-01,
         3.35823877e-01, -2.84864764e-01, -1.38177699e-01,
         9.07453888e-02, -1.68870732e-01, -1.06473090e-02],
       [ 4.19308061e-01,  1.18606248e+00,  5.02646090e+00,
        -5.57092076e-01,  4.18516803e-01,  2.42812050e+00,
        -8.67425311e+00, -3.34302444e+00,  7.20139548e+00,
         5.05566533e-01,  1.22101527e+00, -3.37387231e-01,
        -1.51712450e-01, -5.04653601e-02, -3.97956126e-01,
         1.41664740e-01,  9.04947469e-02, -4.24962116e-01],
       [ 8.69677974e-01, -2.22602862e-01, -5.57092076e-01,
         4.59294602e-01, -9.28563753e-02, -1.48693255e-01,
         1.63214644e+00,  9.24022071e-01, -2.97317451e-01,
        -1.25228134e-01, -3.41922722e-01, -4.50262363e-02,
        -3.91908428e-02,  3.61531001e-02,  1.60914676e-01,
        -6.46641192e-02,  3.27204899e-02,  6.57853764e-02],
       [-2.90077053e-01,  1.13081100e+00,  4.18516803e-01,
        -9.28563753e-02,  5.16354999e-01,  1.46774793e-01,
        -9.03563531e-01,  5.79096485e-01,  1.04224460e+00,
        -7.50385008e-02,  2.13003320e-01, -2.62411255e-01,
         1.41446257e-01, -9.65516768e-02, -3.97775812e-02,
         4.62378970e-02, -7.10934956e-02,  1.17718156e-03],
       [ 5.73103610e-01,  3.90478762e-01,  2.42812050e+00,
        -1.48693255e-01,  1.46774793e-01,  1.27274618e+00,
        -4.29833400e+00, -1.26240323e+00,  3.74962954e+00,
         3.39858796e-01,  3.86525888e-01, -1.03827316e-01,
        -1.42592325e-01,  3.36504267e-02, -1.27609745e-01,
         3.87631688e-02,  6.71055771e-02, -2.08863987e-01],
       [ 1.07653707e-01, -2.03194052e+00, -8.67425311e+00,
         1.63214644e+00, -9.03563531e-01, -4.29833400e+00,
         2.01954430e+01,  5.36239829e+00, -1.24438031e+01,
        -1.16886373e+00, -1.63184576e+00,  4.00183686e-02,
         2.12901881e-01, -1.38866234e-01,  7.46347298e-01,
        -3.52733857e-01, -1.01288551e-01,  8.15501804e-01],
       [ 9.09181957e-01,  4.48257047e-01, -3.34302444e+00,
         9.24022071e-01,  5.79096485e-01, -1.26240323e+00,
         5.36239829e+00,  8.03582115e+00, -3.19329801e+00,
         2.14446793e-02, -1.27157488e+00, -1.97862190e-01,
         3.47157927e-02,  4.37216458e-02,  6.56720541e-01,
        -1.99119198e-01, -1.08149339e-01,  3.60180213e-01],
       [ 1.59545978e+00,  2.72059934e+00,  7.20139548e+00,
        -2.97317451e-01,  1.04224460e+00,  3.74962954e+00,
        -1.24438031e+01, -3.19329801e+00,  1.37388651e+01,
         7.11587802e-01,  1.51555447e+00, -6.96446617e-01,
        -1.80907982e-01, -2.33459851e-01, -4.94091636e-01,
         1.20770163e-01, -2.22674633e-02, -6.16552628e-01],
       [ 8.75551237e-03, -3.13954110e-01,  5.05566533e-01,
        -1.25228134e-01, -7.50385008e-02,  3.39858796e-01,
        -1.16886373e+00,  2.14446793e-02,  7.11587802e-01,
         9.71005812e-01,  5.70682251e-02,  1.05389735e-01,
        -2.58147286e-01,  2.73683944e-02, -1.23778263e-01,
         1.98922093e-03, -1.95510514e-02, -2.49657086e-01],
       [-6.01337397e-01,  6.34552704e-01,  1.22101527e+00,
        -3.41922722e-01,  2.13003320e-01,  3.86525888e-01,
        -1.63184576e+00, -1.27157488e+00,  1.51555447e+00,
         5.70682251e-02,  1.07787700e+00, -2.33892461e-01,
         7.21985047e-02, -2.38843736e-01, -3.00886677e-01,
         8.72950406e-02, -4.99610314e-02, -1.73875343e-01],
       [ 1.52120064e-02, -7.21811890e-01, -3.37387231e-01,
        -4.50262363e-02, -2.62411255e-01, -1.03827316e-01,
         4.00183686e-02, -1.97862190e-01, -6.96446617e-01,
         1.05389735e-01, -2.33892461e-01,  5.45625378e-01,
        -4.61631867e-02,  1.54888872e-01, -2.69263636e-02,
         4.16271867e-02,  7.80959024e-02,  1.04341728e-02],
       [-2.70978181e-01,  3.35823877e-01, -1.51712450e-01,
        -3.91908428e-02,  1.41446257e-01, -1.42592325e-01,
         2.12901881e-01,  3.47157927e-02, -1.80907982e-01,
        -2.58147286e-01,  7.21985047e-02, -4.61631867e-02,
         1.55937779e-01, -4.90005909e-02, -3.75150452e-03,
         5.62153388e-02, -4.25489234e-02,  7.24611104e-02],
       [ 2.01359769e-01, -2.84864764e-01, -5.04653601e-02,
         3.61531001e-02, -9.65516768e-02,  3.36504267e-02,
        -1.38866234e-01,  4.37216458e-02, -2.33459851e-01,
         2.73683944e-02, -2.38843736e-01,  1.54888872e-01,
        -4.90005909e-02,  1.26808496e-01,  5.04324213e-02,
        -5.74437847e-03,  7.54536885e-02,  1.89607554e-02],
       [ 2.59379487e-01, -1.38177699e-01, -3.97956126e-01,
         1.60914676e-01, -3.97775812e-02, -1.27609745e-01,
         7.46347298e-01,  6.56720541e-01, -4.94091636e-01,
        -1.23778263e-01, -3.00886677e-01, -2.69263636e-02,
        -3.75150452e-03,  5.04324213e-02,  1.52471337e-01,
        -4.39321024e-02,  1.29492568e-02,  1.02085620e-01],
       [-1.32458319e-01,  9.07453888e-02,  1.41664740e-01,
        -6.46641192e-02,  4.62378970e-02,  3.87631688e-02,
        -3.52733857e-01, -1.99119198e-01,  1.20770163e-01,
         1.98922093e-03,  8.72950406e-02,  4.16271867e-02,
         5.62153388e-02, -5.74437847e-03, -4.39321024e-02,
         6.24497823e-02, -9.73626916e-03, -9.37710088e-03],
       [ 1.89831086e-01, -1.68870732e-01,  9.04947469e-02,
         3.27204899e-02, -7.10934956e-02,  6.71055771e-02,
        -1.01288551e-01, -1.08149339e-01, -2.22674633e-02,
        -1.95510514e-02, -4.99610314e-02,  7.80959024e-02,
        -4.25489234e-02,  7.54536885e-02,  1.29492568e-02,
        -9.73626916e-03,  8.14995072e-02, -9.31010396e-04],
       [-3.50152989e-02, -1.06473090e-02, -4.24962116e-01,
         6.57853764e-02,  1.17718156e-03, -2.08863987e-01,
         8.15501804e-01,  3.60180213e-01, -6.16552628e-01,
        -2.49657086e-01, -1.73875343e-01,  1.04341728e-02,
         7.24611104e-02,  1.89607554e-02,  1.02085620e-01,
        -9.37710088e-03, -9.31010396e-04,  1.31127336e-01]])
      jac: array([-4.78025027e-05,  4.65934698e-05,  3.76062144e-05,  1.09460219e-04,
       -1.11791687e-04, -6.63595105e-05, -3.80658468e-06,  9.19782769e-06,
        5.90231567e-06, -1.06018897e-05,  2.73821706e-05,  4.93242484e-05,
       -1.83449552e-05,  1.02537978e-04,  1.26630188e-04, -8.88807546e-06,
       -7.06209165e-05, -1.27997983e-04])
  message: 'Desired error not necessarily achieved due to precision loss.'
     nfev: 2386
      nit: 78
     njev: 125
   status: 2
  success: False
        x: array([ 1.04136268e+00, -1.29821411e+00,  5.32509219e-01,  1.30103200e+00,
       -1.27938627e+00,  1.47179557e-01,  1.05040743e+00, -1.79170933e+00,
       -7.25255410e-01,  9.09669086e-02,  5.60177766e-01,  1.15155870e+00,
       -1.62261834e-03,  2.19322465e-01, -2.86995892e-01, -1.20764447e+00,
       -1.11735988e-01, -1.00676274e-02])
