Program Begingeth
      fun: 0.378815843387649
 hess_inv: array([[ 1.07776066e+00, -1.47240758e-01,  1.34614377e-01,
         1.06242240e-01, -2.14837525e-01,  3.50712663e-01,
         5.15907127e-01, -1.39160570e+00,  7.36423653e-02,
         2.88961845e-01, -3.57801445e-01,  2.97935384e-01,
        -4.60732760e-01,  9.45069662e-03,  4.88889238e-02,
        -3.08874826e-02, -1.99613156e-02, -2.31857479e-01],
       [-1.47240758e-01,  6.84228904e-01, -9.63292591e-02,
        -2.01813294e-01,  2.28081830e-01, -2.27210523e-01,
        -6.40683901e-01,  3.77153859e-01,  9.60876436e-02,
        -8.08712656e-01,  4.16997247e-01, -3.88194408e-02,
         1.38547805e-01, -1.98937914e-01, -2.33108165e-01,
         7.56251527e-02, -3.50233665e-02, -8.21370625e-02],
       [ 1.34614377e-01, -9.63292591e-02,  3.90020852e-01,
        -1.87508842e-02, -3.47624428e-02,  1.32965200e-01,
         4.07230592e-01, -2.30368787e-01,  1.01376473e-01,
        -5.15087882e-02, -3.20315720e-01,  1.54276773e-01,
        -4.53036237e-02,  1.20787415e-01, -5.70993946e-02,
         6.42300212e-02,  4.57843009e-02,  1.89206623e-02],
       [ 1.06242240e-01, -2.01813294e-01, -1.87508842e-02,
         3.40668196e-01, -1.73844837e-02,  2.08803835e-01,
         1.21917683e+00,  3.59613829e-01, -4.01817299e-01,
         1.01796706e+00,  6.54264881e-02,  5.89953203e-01,
        -1.92159377e-02,  5.40891099e-02,  1.29300893e-01,
        -2.01250877e-03,  3.68428465e-02,  2.73349059e-02],
       [-2.14837525e-01,  2.28081830e-01, -3.47624428e-02,
        -1.73844837e-02,  4.32142483e-01, -1.87515519e-01,
         1.46392824e-01,  1.05436212e+00, -3.99400987e-01,
        -6.66105581e-01,  9.17923554e-01,  3.93397295e-02,
         2.92335034e-01,  5.48485267e-03, -1.02236984e-01,
         1.15708395e-01, -7.22897712e-02,  7.14520962e-02],
       [ 3.50712663e-01, -2.27210523e-01,  1.32965200e-01,
         2.08803835e-01, -1.87515519e-01,  4.97415948e-01,
         1.14367235e+00, -1.20556217e-01,  3.01485319e-01,
         1.02951378e+00, -4.27677815e-01,  1.04209446e+00,
        -2.88758036e-01,  1.12197373e-01,  1.72822697e-01,
        -6.25666182e-02,  1.38684309e-01, -1.34413560e-02],
       [ 5.15907127e-01, -6.40683901e-01,  4.07230592e-01,
         1.21917683e+00,  1.46392824e-01,  1.14367235e+00,
         6.48221726e+00,  1.76388132e+00, -1.15105015e+00,
         3.16607490e+00,  3.01474940e-01,  3.30030629e+00,
        -1.18326849e-01,  3.81449147e-01,  4.18661011e-01,
         4.65548652e-02,  2.19058922e-01,  1.57375412e-01],
       [-1.39160570e+00,  3.77153859e-01, -2.30368787e-01,
         3.59613829e-01,  1.05436212e+00, -1.20556217e-01,
         1.76388132e+00,  6.45422042e+00, -1.27180008e+00,
         9.99349387e-01,  1.90294711e+00,  1.80664151e+00,
         7.05692127e-01,  1.42980976e-01, -9.31936193e-02,
         1.59787327e-01,  1.68339009e-01,  3.38399823e-01],
       [ 7.36423653e-02,  9.60876436e-02,  1.01376473e-01,
        -4.01817299e-01, -3.99400987e-01,  3.01485319e-01,
        -1.15105015e+00, -1.27180008e+00,  2.51398929e+00,
        -4.86173335e-01, -1.20561805e+00, -1.59896997e-02,
        -3.01593297e-01,  6.57516194e-03,  3.26693737e-02,
        -7.73573417e-02,  1.18146015e-01, -7.62734743e-02],
       [ 2.88961845e-01, -8.08712656e-01, -5.15087882e-02,
         1.01796706e+00, -6.66105581e-01,  1.02951378e+00,
         3.16607490e+00,  9.99349387e-01, -4.86173335e-01,
         5.08698415e+00, -1.19321646e+00,  2.42953726e+00,
        -6.40252923e-01,  2.28619349e-01,  5.13572411e-01,
        -2.57748005e-01,  5.00961856e-01, -3.03011237e-02],
       [-3.57801445e-01,  4.16997247e-01, -3.20315720e-01,
         6.54264881e-02,  9.17923554e-01, -4.27677815e-01,
         3.01474940e-01,  1.90294711e+00, -1.20561805e+00,
        -1.19321646e+00,  2.42387504e+00,  2.34316600e-02,
         5.80607722e-01, -4.67289971e-02, -1.22192789e-01,
         1.71253959e-01, -1.68527090e-01,  1.32163868e-01],
       [ 2.97935384e-01, -3.88194408e-02,  1.54276773e-01,
         5.89953203e-01,  3.93397295e-02,  1.04209446e+00,
         3.30030629e+00,  1.80664151e+00, -1.59896997e-02,
         2.42953726e+00,  2.34316600e-02,  3.33589157e+00,
        -3.37476490e-01,  1.83913337e-01,  2.86764314e-01,
        -5.11774072e-02,  3.51275915e-01,  8.10190834e-02],
       [-4.60732760e-01,  1.38547805e-01, -4.53036237e-02,
        -1.92159377e-02,  2.92335034e-01, -2.88758036e-01,
        -1.18326849e-01,  7.05692127e-01, -3.01593297e-01,
        -6.40252923e-01,  5.80607722e-01, -3.37476490e-01,
         4.12462889e-01, -2.55001437e-02, -7.47213479e-02,
         1.29788325e-01, -1.10723729e-01,  1.34091913e-01],
       [ 9.45069662e-03, -1.98937914e-01,  1.20787415e-01,
         5.40891099e-02,  5.48485267e-03,  1.12197373e-01,
         3.81449147e-01,  1.42980976e-01,  6.57516194e-03,
         2.28619349e-01, -4.67289971e-02,  1.83913337e-01,
        -2.55001437e-02,  1.35428288e-01,  5.24556515e-02,
         1.86947547e-03,  6.56690086e-02,  4.98780114e-02],
       [ 4.88889238e-02, -2.33108165e-01, -5.70993946e-02,
         1.29300893e-01, -1.02236984e-01,  1.72822697e-01,
         4.18661011e-01, -9.31936193e-02,  3.26693737e-02,
         5.13572411e-01, -1.22192789e-01,  2.86764314e-01,
        -7.47213479e-02,  5.24556515e-02,  1.69130428e-01,
        -5.59058410e-02,  3.08994497e-02,  5.77875193e-02],
       [-3.08874826e-02,  7.56251527e-02,  6.42300212e-02,
        -2.01250877e-03,  1.15708395e-01, -6.25666182e-02,
         4.65548652e-02,  1.59787327e-01, -7.73573417e-02,
        -2.57748005e-01,  1.71253959e-01, -5.11774072e-02,
         1.29788325e-01,  1.86947547e-03, -5.59058410e-02,
         9.67646043e-02, -4.20067066e-02,  2.25048754e-02],
       [-1.99613156e-02, -3.50233665e-02,  4.57843009e-02,
         3.68428465e-02, -7.22897712e-02,  1.38684309e-01,
         2.19058922e-01,  1.68339009e-01,  1.18146015e-01,
         5.00961856e-01, -1.68527090e-01,  3.51275915e-01,
        -1.10723729e-01,  6.56690086e-02,  3.08994497e-02,
        -4.20067066e-02,  1.36724071e-01, -3.53842042e-03],
       [-2.31857479e-01, -8.21370625e-02,  1.89206623e-02,
         2.73349059e-02,  7.14520962e-02, -1.34413560e-02,
         1.57375412e-01,  3.38399823e-01, -7.62734743e-02,
        -3.03011237e-02,  1.32163868e-01,  8.10190834e-02,
         1.34091913e-01,  4.98780114e-02,  5.77875193e-02,
         2.25048754e-02, -3.53842042e-03,  1.29790568e-01]])
      jac: array([ 1.11096317e-06,  7.66423961e-07, -2.88583972e-06, -5.94339393e-07,
       -8.19529629e-06,  6.46815934e-06,  2.07981780e-07,  7.66794036e-07,
       -1.73934941e-07, -2.37217653e-07,  1.99322040e-06, -1.29452005e-06,
       -5.73985304e-07,  6.08402218e-07, -8.18863496e-06,  3.08493971e-06,
       -1.12206540e-06,  6.59361454e-06])
  message: 'Optimization terminated successfully.'
     nfev: 1539
      nit: 69
     njev: 81
   status: 0
  success: True
        x: array([ 0.12013464,  0.07992659,  0.87775417,  1.18947504, -1.18280805,
        0.27959003,  1.9841333 , -1.04119486,  1.35961697,  0.7158264 ,
       -1.75568325,  0.56758477,  0.06522072, -0.05650142, -0.27355274,
       -1.18927073, -0.67925687,  0.04164981])
