Program Begingeth
      fun: 0.35676006139162847
 hess_inv: array([[ 5.94906571e+00,  5.02105985e-01, -8.99804297e-02,
         1.23500120e-01, -7.96689601e-01,  4.50276874e-01,
         1.91240876e+00,  9.73165234e-02, -1.48635589e+00,
        -9.87557980e-01, -1.08734927e+00, -5.93158199e-02,
        -1.58110237e+00, -2.55286775e-01,  2.90669354e-01,
         9.65966525e-01,  6.99702164e-01, -4.23811051e-01],
       [ 5.02105985e-01,  1.44542499e+00,  2.53638844e-01,
         1.73838023e-01,  5.86874463e-02, -6.77999449e-04,
         2.63703632e-01,  4.20714266e-01, -8.27501503e-01,
         1.34386913e-01, -3.91759217e-01, -9.29811284e-01,
        -9.40913684e-02, -2.19582367e-01,  1.51434675e-01,
        -1.34985479e-02,  3.71106149e-01, -4.07017714e-03],
       [-8.99804297e-02,  2.53638844e-01,  1.34987229e+00,
         7.52383147e-02,  1.43033246e-01,  8.07695886e-02,
         8.65467607e-01,  1.09192313e+00,  2.10701396e-01,
        -4.96592311e-02,  7.06603476e-01, -6.35083329e-01,
         7.98416000e-02, -1.56511541e-01, -1.44978414e-01,
         2.22420963e-02,  4.88143549e-02,  2.95640774e-01],
       [ 1.23500120e-01,  1.73838023e-01,  7.52383147e-02,
         1.15618139e-01,  1.45190452e-02,  4.16989655e-02,
         5.99445076e-01,  4.15928757e-02, -2.50434398e-01,
         3.78554687e-02, -1.64887464e-01, -8.69226358e-02,
         2.88579518e-02, -3.48342432e-03,  6.39135188e-02,
         2.49478567e-02,  2.78621350e-02,  2.53617417e-02],
       [-7.96689601e-01,  5.86874463e-02,  1.43033246e-01,
         1.45190452e-02,  1.99966180e-01, -8.29051814e-02,
        -1.48616723e-01,  5.74796088e-01,  1.29486614e-01,
         3.56522129e-02,  1.10297539e-01, -6.86938924e-02,
         2.68870015e-01,  6.47125013e-02, -6.73873972e-02,
        -1.11100977e-01, -5.94263561e-02,  9.49793666e-02],
       [ 4.50276874e-01, -6.77999449e-04,  8.07695886e-02,
         4.16989655e-02, -8.29051814e-02,  1.97244305e-01,
         7.16476962e-01, -4.34361446e-01,  7.24959174e-02,
         2.62632162e-01, -1.96354583e-01,  6.26464690e-02,
        -2.12177049e-01,  2.05969134e-02,  1.32758201e-01,
         5.58551452e-02,  3.91736392e-02, -1.21907486e-02],
       [ 1.91240876e+00,  2.63703632e-01,  8.65467607e-01,
         5.99445076e-01, -1.48616723e-01,  7.16476962e-01,
         6.13558169e+00, -5.97630640e-01, -1.07759963e+00,
         6.00967471e-01, -9.23387126e-01,  3.42788992e-01,
        -5.26497314e-01,  1.27816537e-01,  4.26095157e-01,
         3.19650515e-01,  1.87372277e-01,  1.07955820e-01],
       [ 9.73165234e-02,  4.20714266e-01,  1.09192313e+00,
         4.15928757e-02,  5.74796088e-01, -4.34361446e-01,
        -5.97630640e-01,  6.36250094e+00,  2.92540958e-02,
        -1.96304156e+00,  1.26981703e-01, -1.03503604e+00,
         5.60442783e-01,  3.79099510e-02, -4.20841561e-01,
         1.28479494e-01,  1.47678326e-01,  3.37160136e-01],
       [-1.48635589e+00, -8.27501503e-01,  2.10701396e-01,
        -2.50434398e-01,  1.29486614e-01,  7.24959174e-02,
        -1.07759963e+00,  2.92540958e-02,  2.95622526e+00,
        -2.13145820e-02,  9.32430960e-01, -1.05992819e-01,
         2.93661665e-01,  6.54464737e-02, -1.11875611e-01,
        -2.15754374e-01, -2.79792193e-01,  1.13915725e-01],
       [-9.87557980e-01,  1.34386913e-01, -4.96592311e-02,
         3.78554687e-02,  3.56522129e-02,  2.62632162e-01,
         6.00967471e-01, -1.96304156e+00, -2.13145820e-02,
         1.92031627e+00,  9.31707763e-03,  1.94852641e-01,
        -1.72064001e-01,  2.92099209e-02,  1.81996967e-01,
        -2.22857435e-01, -1.12696298e-01, -8.02262567e-02],
       [-1.08734927e+00, -3.91759217e-01,  7.06603476e-01,
        -1.64887464e-01,  1.10297539e-01, -1.96354583e-01,
        -9.23387126e-01,  1.26981703e-01,  9.32430960e-01,
         9.31707763e-03,  1.73012528e+00, -2.67930123e-01,
         2.77375031e-01, -2.45452936e-01, -4.15752420e-01,
        -9.90571482e-02, -1.79391627e-01,  9.97779092e-02],
       [-5.93158199e-02, -9.29811284e-01, -6.35083329e-01,
        -8.69226358e-02, -6.86938924e-02,  6.26464690e-02,
         3.42788992e-01, -1.03503604e+00, -1.05992819e-01,
         1.94852641e-01, -2.67930123e-01,  1.40781605e+00,
        -8.48740869e-02,  3.17647557e-01, -5.06411561e-02,
         5.79761063e-02, -1.75406633e-01, -1.06957824e-01],
       [-1.58110237e+00, -9.40913684e-02,  7.98416000e-02,
         2.88579518e-02,  2.68870015e-01, -2.12177049e-01,
        -5.26497314e-01,  5.60442783e-01,  2.93661665e-01,
        -1.72064001e-01,  2.77375031e-01, -8.48740869e-02,
         6.07193560e-01,  6.90570515e-02, -1.20993984e-01,
        -2.13295375e-01, -1.87689451e-01,  1.71949147e-01],
       [-2.55286775e-01, -2.19582367e-01, -1.56511541e-01,
        -3.48342432e-03,  6.47125013e-02,  2.05969134e-02,
         1.27816537e-01,  3.79099510e-02,  6.54464737e-02,
         2.92099209e-02, -2.45452936e-01,  3.17647557e-01,
         6.90570515e-02,  1.66446987e-01,  2.44174819e-02,
        -2.70305579e-02, -5.52205497e-02,  2.01082009e-02],
       [ 2.90669354e-01,  1.51434675e-01, -1.44978414e-01,
         6.39135188e-02, -6.73873972e-02,  1.32758201e-01,
         4.26095157e-01, -4.20841561e-01, -1.11875611e-01,
         1.81996967e-01, -4.15752420e-01, -5.06411561e-02,
        -1.20993984e-01,  2.44174819e-02,  1.95694271e-01,
         6.92124619e-03,  4.53657635e-02, -2.01847001e-02],
       [ 9.65966525e-01, -1.34985479e-02,  2.22420963e-02,
         2.49478567e-02, -1.11100977e-01,  5.58551452e-02,
         3.19650515e-01,  1.28479494e-01, -2.15754374e-01,
        -2.22857435e-01, -9.90571482e-02,  5.79761063e-02,
        -2.13295375e-01, -2.70305579e-02,  6.92124619e-03,
         1.96986508e-01,  8.96534512e-02, -5.64380080e-02],
       [ 6.99702164e-01,  3.71106149e-01,  4.88143549e-02,
         2.78621350e-02, -5.94263561e-02,  3.91736392e-02,
         1.87372277e-01,  1.47678326e-01, -2.79792193e-01,
        -1.12696298e-01, -1.79391627e-01, -1.75406633e-01,
        -1.87689451e-01, -5.52205497e-02,  4.53657635e-02,
         8.96534512e-02,  1.81120089e-01, -4.26306963e-02],
       [-4.23811051e-01, -4.07017714e-03,  2.95640774e-01,
         2.53617417e-02,  9.49793666e-02, -1.21907486e-02,
         1.07955820e-01,  3.37160136e-01,  1.13915725e-01,
        -8.02262567e-02,  9.97779092e-02, -1.06957824e-01,
         1.71949147e-01,  2.01082009e-02, -2.01847001e-02,
        -5.64380080e-02, -4.26306963e-02,  1.40937720e-01]])
      jac: array([ 9.73295518e-07, -3.98199992e-07, -1.99137003e-06, -4.13669099e-06,
       -1.26117635e-05, -7.15723777e-07,  5.14403335e-07,  1.46179365e-06,
        1.79115981e-07,  3.19041090e-06,  1.16684440e-06,  3.85247390e-07,
        8.76521078e-06,  2.83847020e-06,  7.40518758e-07, -1.28267767e-06,
        8.80295836e-06,  4.49899377e-06])
  message: 'Desired error not necessarily achieved due to precision loss.'
     nfev: 2709
      nit: 94
     njev: 142
   status: 2
  success: False
        x: array([-0.33002046, -0.79977115,  0.3359211 ,  1.36260022, -0.51099976,
        0.12489714,  1.77317973, -0.4248763 ,  1.33018368,  0.15074029,
        0.54787414,  0.99898129,  0.26998996,  0.09993921, -0.26172276,
       -1.43173558, -0.96435329,  0.08883567])
