Program Begingeth
      fun: 0.31346356517964374
 hess_inv: array([[ 7.81635136e+00,  1.08315736e+00,  9.38106511e-01,
         2.17124806e+00,  7.45897595e-01,  7.83838849e-03,
         3.30003930e+00,  1.96741898e-01, -2.23688840e+00,
        -7.64892737e-01,  2.59886387e-01, -5.12133284e-01,
        -1.37039281e+00, -1.95872136e-01, -7.00928581e-02,
        -2.95334682e-01, -5.89378814e-01,  6.32785432e-02],
       [ 1.08315736e+00,  4.14924744e+00,  1.33417712e-01,
         1.84254914e-02,  1.43007985e+00,  2.00637729e-01,
        -3.67348258e-01,  3.09814981e+00,  1.24230994e+00,
        -3.69755071e-01, -3.09191484e-01, -1.58578757e+00,
        -2.15418222e-01, -5.67117904e-01,  4.30389699e-01,
         1.62615791e-01, -1.66910852e-01,  3.06931638e-02],
       [ 9.38106511e-01,  1.33417712e-01,  4.83462750e+00,
         7.88002237e-01, -1.36416175e-01,  1.50917176e+00,
         5.72337607e+00, -1.88554880e+00,  1.27868322e+00,
        -2.16261637e-01,  1.56741201e+00, -6.34521197e-01,
         6.52369208e-02, -4.12331803e-01, -5.24338765e-01,
         2.00679850e-02,  5.80880209e-04, -9.42104211e-02],
       [ 2.17124806e+00,  1.84254914e-02,  7.88002237e-01,
         7.45381431e-01,  9.40994930e-02,  1.81428877e-01,
         2.03660975e+00, -3.10499857e-01, -5.90553956e-01,
        -2.49394044e-01,  2.04491553e-01, -8.59307246e-02,
        -3.01421208e-01, -2.97646190e-02, -8.53404736e-02,
        -7.15264705e-02, -1.28745127e-01,  2.74344823e-03],
       [ 7.45897595e-01,  1.43007985e+00, -1.36416175e-01,
         9.40994930e-02,  5.62399842e-01,  3.85089306e-03,
        -1.73237830e-01,  1.42369539e+00,  1.89458199e-01,
        -2.31014005e-01, -1.43976762e-01, -4.87410539e-01,
        -1.38213756e-01, -1.59167391e-01,  1.67012558e-01,
         2.47642413e-02, -8.07933450e-02,  1.68722725e-02],
       [ 7.83838849e-03,  2.00637729e-01,  1.50917176e+00,
         1.81428877e-01,  3.85089306e-03,  5.56863773e-01,
         1.90180353e+00, -3.29185120e-01,  8.06238469e-01,
        -2.06857190e-01,  3.63111700e-01, -2.35735777e-01,
         1.17347993e-01, -1.29656386e-01, -9.93061586e-02,
         3.53748776e-02,  1.29193282e-02, -3.01935054e-02],
       [ 3.30003930e+00, -3.67348258e-01,  5.72337607e+00,
         2.03660975e+00, -1.73237830e-01,  1.90180353e+00,
         1.20315072e+01, -2.44272341e+00,  4.04331649e-01,
        -4.57522656e-01,  1.07073332e+00, -4.65390875e-01,
        -9.47513830e-02, -1.27306385e-01, -4.20127903e-01,
        -3.94311951e-02, -4.70249449e-02, -1.34878908e-02],
       [ 1.96741898e-01,  3.09814981e+00, -1.88554880e+00,
        -3.10499857e-01,  1.42369539e+00, -3.29185120e-01,
        -2.44272341e+00,  6.46199595e+00,  4.44747723e-01,
        -1.12671814e+00, -5.66081910e-01, -9.10728976e-01,
         1.03599442e-01, -2.70445010e-01,  6.20598268e-01,
         1.15928306e-01, -1.20800413e-01, -1.13341331e-02],
       [-2.23688840e+00,  1.24230994e+00,  1.27868322e+00,
        -5.90553956e-01,  1.89458199e-01,  8.06238469e-01,
         4.04331649e-01,  4.44747723e-01,  3.93898656e+00,
        -3.21115653e-01,  1.56457307e-01, -4.39637298e-01,
         5.10801915e-01, -3.46407575e-01,  3.55057627e-02,
         1.86949889e-01,  6.90998914e-02, -8.64197455e-02],
       [-7.64892737e-01, -3.69755071e-01, -2.16261637e-01,
        -2.49394044e-01, -2.31014005e-01, -2.06857190e-01,
        -4.57522656e-01, -1.12671814e+00, -3.21115653e-01,
         1.80755733e+00, -3.04651726e-01,  2.20738713e-01,
        -2.92907429e-01,  1.42327631e-01,  4.20531312e-02,
        -2.13305603e-04,  1.07528619e-01,  2.61429544e-01],
       [ 2.59886387e-01, -3.09191484e-01,  1.56741201e+00,
         2.04491553e-01, -1.43976762e-01,  3.63111700e-01,
         1.07073332e+00, -5.66081910e-01,  1.56457307e-01,
        -3.04651726e-01,  1.38302817e+00, -1.26497819e-01,
         6.82515871e-02, -2.80220683e-01, -4.02289588e-01,
        -3.08711858e-02,  1.37885582e-03, -1.84722982e-01],
       [-5.12133284e-01, -1.58578757e+00, -6.34521197e-01,
        -8.59307246e-02, -4.87410539e-01, -2.35735777e-01,
        -4.65390875e-01, -9.10728976e-01, -4.39637298e-01,
         2.20738713e-01, -1.26497819e-01,  1.08804579e+00,
         3.46679509e-02,  3.35348144e-01, -1.54900018e-01,
        -1.11518879e-01,  9.80175021e-02,  3.55060090e-02],
       [-1.37039281e+00, -2.15418222e-01,  6.52369208e-02,
        -3.01421208e-01, -1.38213756e-01,  1.17347993e-01,
        -9.47513830e-02,  1.03599442e-01,  5.10801915e-01,
        -2.92907429e-01,  6.82515871e-02,  3.46679509e-02,
         4.08611757e-01,  1.08925990e-02, -1.41017991e-02,
         9.39938858e-02,  1.14357147e-01, -8.59422077e-02],
       [-1.95872136e-01, -5.67117904e-01, -4.12331803e-01,
        -2.97646190e-02, -1.59167391e-01, -1.29656386e-01,
        -1.27306385e-01, -2.70445010e-01, -3.46407575e-01,
         1.42327631e-01, -2.80220683e-01,  3.35348144e-01,
         1.08925990e-02,  1.99370842e-01,  2.42916828e-02,
        -2.80432778e-02,  5.68256375e-02,  4.66101143e-02],
       [-7.00928581e-02,  4.30389699e-01, -5.24338765e-01,
        -8.53404736e-02,  1.67012558e-01, -9.93061586e-02,
        -4.20127903e-01,  6.20598268e-01,  3.55057627e-02,
         4.20531312e-02, -4.02289588e-01, -1.54900018e-01,
        -1.41017991e-02,  2.42916828e-02,  1.99158697e-01,
         3.24963232e-02, -1.27272404e-02,  6.65109835e-02],
       [-2.95334682e-01,  1.62615791e-01,  2.00679850e-02,
        -7.15264705e-02,  2.47642413e-02,  3.53748776e-02,
        -3.94311951e-02,  1.15928306e-01,  1.86949889e-01,
        -2.13305603e-04, -3.08711858e-02, -1.11518879e-01,
         9.39938858e-02, -2.80432778e-02,  3.24963232e-02,
         5.98795597e-02,  2.26151021e-02, -8.44469875e-03],
       [-5.89378814e-01, -1.66910852e-01,  5.80880209e-04,
        -1.28745127e-01, -8.07933450e-02,  1.29193282e-02,
        -4.70249449e-02, -1.20800413e-01,  6.90998914e-02,
         1.07528619e-01,  1.37885582e-03,  9.80175021e-02,
         1.14357147e-01,  5.68256375e-02, -1.27272404e-02,
         2.26151021e-02,  8.63712842e-02,  2.29835253e-03],
       [ 6.32785432e-02,  3.06931638e-02, -9.42104211e-02,
         2.74344823e-03,  1.68722725e-02, -3.01935054e-02,
        -1.34878908e-02, -1.13341331e-02, -8.64197455e-02,
         2.61429544e-01, -1.84722982e-01,  3.55060090e-02,
        -8.59422077e-02,  4.66101143e-02,  6.65109835e-02,
        -8.44469875e-03,  2.29835253e-03,  8.48624543e-02]])
      jac: array([-6.45039577e-07, -1.02140518e-06,  3.83026944e-07,  7.17981230e-06,
        8.21565038e-08,  1.43218770e-06, -1.36113343e-06,  1.11022302e-09,
        4.77395901e-07,  1.47141558e-06, -7.54951657e-07, -1.00623213e-06,
        4.03825121e-06,  8.48950539e-07,  2.02060590e-07, -9.33956616e-06,
        1.08542804e-06, -3.50719453e-06])
  message: 'Optimization terminated successfully.'
     nfev: 1805
      nit: 82
     njev: 95
   status: 0
  success: True
        x: array([-0.82721506, -0.7279011 ,  0.0441315 , -1.45365324, -0.78706665,
       -0.06069239, -1.94328577, -0.958863  , -0.95274338,  0.2079629 ,
        0.37749634,  1.02632203,  0.10559789,  0.1806155 , -0.21157866,
        1.59257001, -0.39201845,  0.04033168])
