Program Begingeth
      fun: 0.32008951603376257
 hess_inv: array([[ 7.53909810e-01, -1.22815093e-01, -1.09968567e-02,
        -2.28462915e-02,  2.12901946e-01,  2.37732112e-01,
         1.27575419e-01,  5.92335048e-01,  3.69275610e-01,
        -1.32203259e-01,  4.43434130e-01,  2.30805292e-01,
        -2.97435406e-01,  8.44423669e-02, -3.11019684e-02,
         2.27901882e-02, -5.30225373e-02, -2.72861091e-01],
       [-1.22815093e-01,  5.09257536e-01, -7.86722693e-02,
         2.72953114e-01, -1.98215121e-02, -3.48152889e-01,
         8.23229465e-01,  2.82765705e-01,  2.92949177e-01,
         8.87270872e-01, -7.15386898e-02, -7.15357682e-01,
         9.96385209e-02, -1.96198272e-01, -2.01142689e-01,
         4.36790342e-02,  4.70466849e-02, -3.95846482e-02],
       [-1.09968567e-02, -7.86722693e-02,  2.38721635e-01,
        -9.53713878e-02,  8.97022062e-02,  5.10118968e-02,
        -1.07260402e-01,  3.64360783e-02, -9.21636253e-02,
        -3.24085567e-01,  9.58642582e-02,  9.67914129e-02,
         4.06616847e-02,  1.26460061e-01, -2.93650324e-02,
         7.10112291e-02,  4.51943345e-02,  4.45851370e-02],
       [-2.28462915e-02,  2.72953114e-01, -9.53713878e-02,
         7.83904016e-01,  2.89343913e-01, -3.25443822e-01,
         2.05974195e+00,  1.18023467e+00,  1.90840867e+00,
         2.07241701e+00,  8.09113843e-01, -1.40072956e+00,
         2.64474489e-01, -1.25106884e-01, -4.05549330e-02,
         1.12493277e-01, -6.01743269e-02,  8.64190502e-02],
       [ 2.12901946e-01, -1.98215121e-02,  8.97022062e-02,
         2.89343913e-01,  4.67052575e-01, -2.92990758e-02,
         9.43503595e-01,  1.22048830e+00,  1.17519862e+00,
         6.83811282e-01,  1.11249116e+00, -7.64938303e-01,
         6.27276564e-02,  1.53441435e-01,  3.80821634e-02,
         1.12086462e-01,  1.93904844e-02,  1.54564178e-02],
       [ 2.37732112e-01, -3.48152889e-01,  5.10118968e-02,
        -3.25443822e-01, -2.92990758e-02,  4.25880091e-01,
        -1.06663726e+00, -4.02209750e-01, -3.92154626e-01,
        -9.83363784e-01,  3.45553498e-03,  1.09250288e+00,
        -1.77949552e-01,  9.85664509e-02,  1.48340169e-01,
        -6.75619814e-02, -5.53677048e-02, -5.17744949e-02],
       [ 1.27575419e-01,  8.23229465e-01, -1.07260402e-01,
         2.05974195e+00,  9.43503595e-01, -1.06663726e+00,
         6.69695464e+00,  3.58849745e+00,  5.14679693e+00,
         5.27152212e+00,  2.24674923e+00, -4.47624073e+00,
         6.18280593e-01, -1.79365691e-01, -2.97615869e-01,
         3.60478447e-01, -6.11414354e-02,  1.02615286e-01],
       [ 5.92335048e-01,  2.82765705e-01,  3.64360783e-02,
         1.18023467e+00,  1.22048830e+00, -4.02209750e-01,
         3.58849745e+00,  5.68344874e+00,  4.18476645e+00,
         3.78527754e+00,  2.58156661e+00, -3.32944631e+00,
        -4.73042603e-02,  2.64992439e-01,  8.22733838e-02,
         1.59661828e-01,  1.75704314e-01,  4.73623836e-02],
       [ 3.69275610e-01,  2.92949177e-01, -9.21636253e-02,
         1.90840867e+00,  1.17519862e+00, -3.92154626e-01,
         5.14679693e+00,  4.18476645e+00,  6.62362790e+00,
         5.12727463e+00,  3.22720518e+00, -3.53251638e+00,
         4.29802344e-01, -1.68253038e-02,  8.93835731e-02,
         2.48683361e-01, -9.72682054e-02,  1.45520440e-01],
       [-1.32203259e-01,  8.87270872e-01, -3.24085567e-01,
         2.07241701e+00,  6.83811282e-01, -9.83363784e-01,
         5.27152212e+00,  3.78527754e+00,  5.12727463e+00,
         6.14193178e+00,  1.87886488e+00, -4.09009282e+00,
         5.20654200e-01, -3.44650450e-01, -1.14813261e-01,
         1.90629775e-01,  8.21698678e-03,  2.37571551e-01],
       [ 4.43434130e-01, -7.15386898e-02,  9.58642582e-02,
         8.09113843e-01,  1.11249116e+00,  3.45553498e-03,
         2.24674923e+00,  2.58156661e+00,  3.22720518e+00,
         1.87886488e+00,  3.03119662e+00, -1.70350270e+00,
         2.08645927e-01,  2.73210896e-01,  1.88265255e-01,
         2.24784346e-01, -1.62345038e-02,  8.08136872e-02],
       [ 2.30805292e-01, -7.15357682e-01,  9.67914129e-02,
        -1.40072956e+00, -7.64938303e-01,  1.09250288e+00,
        -4.47624073e+00, -3.32944631e+00, -3.53251638e+00,
        -4.09009282e+00, -1.70350270e+00,  4.31972447e+00,
        -4.51765482e-01, -7.29614415e-03,  1.93341593e-01,
        -2.55054364e-01, -1.89349126e-01, -1.82174397e-01],
       [-2.97435406e-01,  9.96385209e-02,  4.06616847e-02,
         2.64474489e-01,  6.27276564e-02, -1.77949552e-01,
         6.18280593e-01, -4.73042603e-02,  4.29802344e-01,
         5.20654200e-01,  2.08645927e-01, -4.51765482e-01,
         3.05148069e-01, -5.47205496e-02, -1.65462869e-02,
         1.08917462e-01, -4.35162521e-02,  1.46215539e-01],
       [ 8.44423669e-02, -1.96198272e-01,  1.26460061e-01,
        -1.25106884e-01,  1.53441435e-01,  9.85664509e-02,
        -1.79365691e-01,  2.64992439e-01, -1.68253038e-02,
        -3.44650450e-01,  2.73210896e-01, -7.29614415e-03,
        -5.47205496e-02,  2.10359410e-01,  6.31382446e-02,
         2.11957744e-02,  7.98548771e-02,  2.03530707e-02],
       [-3.11019684e-02, -2.01142689e-01, -2.93650324e-02,
        -4.05549330e-02,  3.80821634e-02,  1.48340169e-01,
        -2.97615869e-01,  8.22733838e-02,  8.93835731e-02,
        -1.14813261e-01,  1.88265255e-01,  1.93341593e-01,
        -1.65462869e-02,  6.31382446e-02,  1.76406909e-01,
        -4.81842709e-02, -1.50829603e-02,  9.10198645e-02],
       [ 2.27901882e-02,  4.36790342e-02,  7.10112291e-02,
         1.12493277e-01,  1.12086462e-01, -6.75619814e-02,
         3.60478447e-01,  1.59661828e-01,  2.48683361e-01,
         1.90629775e-01,  2.24784346e-01, -2.55054364e-01,
         1.08917462e-01,  2.11957744e-02, -4.81842709e-02,
         1.05543817e-01, -1.22533797e-02,  1.05151769e-02],
       [-5.30225373e-02,  4.70466849e-02,  4.51943345e-02,
        -6.01743269e-02,  1.93904844e-02, -5.53677048e-02,
        -6.11414354e-02,  1.75704314e-01, -9.72682054e-02,
         8.21698678e-03, -1.62345038e-02, -1.89349126e-01,
        -4.35162521e-02,  7.98548771e-02, -1.50829603e-02,
        -1.22533797e-02,  1.24123894e-01,  1.40021096e-02],
       [-2.72861091e-01, -3.95846482e-02,  4.45851370e-02,
         8.64190502e-02,  1.54564178e-02, -5.17744949e-02,
         1.02615286e-01,  4.73623836e-02,  1.45520440e-01,
         2.37571551e-01,  8.08136872e-02, -1.82174397e-01,
         1.46215539e-01,  2.03530707e-02,  9.10198645e-02,
         1.05151769e-02,  1.40021096e-02,  1.83054724e-01]])
      jac: array([ 1.03028697e-05, -5.99372404e-06,  8.39883718e-06,  7.07582141e-07,
       -7.25145869e-05, -1.41278841e-04,  3.70037334e-06,  8.98984591e-06,
        1.10522702e-05, -7.74935671e-06,  2.47749969e-05,  3.61851290e-05,
       -2.70664972e-05,  3.42977498e-05,  5.22767015e-05,  2.06286839e-05,
       -1.39073938e-05, -5.95708668e-06])
  message: 'Desired error not necessarily achieved due to precision loss.'
     nfev: 1930
      nit: 66
     njev: 101
   status: 2
  success: False
        x: array([ 0.06567318,  0.29293571,  0.79932046,  1.1008907 , -1.24552436,
       -0.35544736,  2.18243065, -1.0673473 , -1.22479136,  0.91293727,
       -1.73884703, -0.87644341,  0.11465637,  0.03197285, -0.40265046,
       -1.03006793, -0.2716123 ,  0.00398959])
