Program Begingeth
      fun: 0.3242067726287424
 hess_inv: array([[ 6.74549093e+00, -1.45991069e+00,  5.89355461e-02,
         1.96235281e+00, -7.05135930e-01,  1.39391257e+00,
         8.38219992e-01,  2.48212376e+00,  4.94245361e+00,
        -3.38122049e-01, -1.25165907e+00,  9.13620271e-01,
        -1.10073156e+00,  4.64360083e-01,  6.01211400e-01,
        -3.55545491e-01,  6.38526149e-01, -3.11377048e-01],
       [-1.45991069e+00,  4.88144121e+00,  2.35641353e+00,
        -6.86836188e-01,  1.94441313e+00,  6.87361574e-01,
        -8.95805292e+00,  5.65775471e-02,  6.26539795e+00,
        -2.96667789e-01,  5.58511296e-01, -1.86168713e+00,
         6.60983484e-01, -4.96156983e-01, -2.97660266e-01,
         7.87121361e-02, -3.86219776e-01,  1.12444895e-02],
       [ 5.89355461e-02,  2.35641353e+00,  3.69179834e+00,
        -5.68320735e-01,  8.12260860e-01,  1.36366480e+00,
        -7.93290339e+00, -3.43221695e+00,  5.55110146e+00,
        -1.25462563e-01,  1.33568233e+00, -1.13281120e+00,
         8.01121362e-02, -2.95840677e-01, -4.61175650e-01,
         1.42129029e-01, -9.25564609e-02, -2.22015603e-01],
       [ 1.96235281e+00, -6.86836188e-01, -5.68320735e-01,
         7.14981032e-01, -3.09068707e-01,  1.78698907e-01,
         1.92684469e+00,  1.35283985e+00,  6.77268529e-01,
        -1.42829757e-01, -5.98640026e-01,  3.54771232e-01,
        -2.97304911e-01,  1.59647917e-01,  2.70851405e-01,
        -1.22959866e-01,  1.99266047e-01, -2.46368612e-02],
       [-7.05135930e-01,  1.94441313e+00,  8.12260860e-01,
        -3.09068707e-01,  9.01553971e-01,  2.41862574e-01,
        -4.36278688e+00,  8.76050476e-01,  2.18776651e+00,
        -7.95243458e-03,  1.40273319e-01, -6.54674470e-01,
         3.35445734e-01, -1.47083204e-01, -8.14270014e-02,
         6.77188974e-02, -2.02999780e-01,  2.43230365e-02],
       [ 1.39391257e+00,  6.87361574e-01,  1.36366480e+00,
         1.78698907e-01,  2.41862574e-01,  8.64309974e-01,
        -3.43365529e+00, -3.19696322e-01,  3.59287378e+00,
         1.21889892e-02,  1.41076233e-01, -2.30216544e-01,
        -2.01317505e-01, -1.63826443e-02,  8.48960403e-04,
        -4.12606690e-02,  5.35265715e-02, -1.38094555e-01],
       [ 8.38219992e-01, -8.95805292e+00, -7.93290339e+00,
         1.92684469e+00, -4.36278688e+00, -3.43365529e+00,
         3.71410340e+01, -4.98512218e-01, -1.73092727e+01,
        -6.41694867e-01, -1.95664763e+00,  2.85218359e+00,
        -1.15669283e+00,  7.38026768e-01,  7.76562048e-01,
        -4.55662077e-01,  1.25353627e+00,  5.18619659e-01],
       [ 2.48212376e+00,  5.65775471e-02, -3.43221695e+00,
         1.35283985e+00,  8.76050476e-01, -3.19696322e-01,
        -4.98512218e-01,  1.39716596e+01, -5.28738340e-02,
         3.60232886e-01, -2.50792264e+00,  4.88844011e-01,
         7.24223509e-03,  4.36900109e-01,  1.21612749e+00,
        -3.64498144e-01, -1.61799394e-02,  2.95752694e-01],
       [ 4.94245361e+00,  6.26539795e+00,  5.55110146e+00,
         6.77268529e-01,  2.18776651e+00,  3.59287378e+00,
        -1.73092727e+01, -5.28738340e-02,  2.20515271e+01,
        -4.05192966e-01,  5.92503310e-01, -2.03448038e+00,
        -3.13515161e-01, -6.78219171e-01, -6.57918172e-02,
        -2.84098529e-01, -1.75635369e-01, -4.05444987e-01],
       [-3.38122049e-01, -2.96667789e-01, -1.25462563e-01,
        -1.42829757e-01, -7.95243458e-03,  1.21889892e-02,
        -6.41694867e-01,  3.60232886e-01, -4.05192966e-01,
         8.97989431e-01,  8.89502892e-02,  1.30161541e-01,
        -1.46889121e-01, -1.29220188e-02, -4.24870789e-02,
         7.63173170e-03, -1.19488352e-01, -1.46945791e-01],
       [-1.25165907e+00,  5.58511296e-01,  1.33568233e+00,
        -5.98640026e-01,  1.40273319e-01,  1.41076233e-01,
        -1.95664763e+00, -2.50792264e+00,  5.92503310e-01,
         8.89502892e-02,  1.35641517e+00, -4.85421611e-01,
         1.46555845e-01, -3.02919899e-01, -4.39533309e-01,
         1.46977269e-01, -1.22100352e-01, -1.34708844e-01],
       [ 9.13620271e-01, -1.86168713e+00, -1.13281120e+00,
         3.54771232e-01, -6.54674470e-01, -2.30216544e-01,
         2.85218359e+00,  4.88844011e-01, -2.03448038e+00,
         1.30161541e-01, -4.85421611e-01,  1.19488253e+00,
        -2.40335933e-01,  3.27270344e-01,  1.21426622e-01,
         1.79798103e-02,  1.90936133e-01,  6.95981944e-03],
       [-1.10073156e+00,  6.60983484e-01,  8.01121362e-02,
        -2.97304911e-01,  3.35445734e-01, -2.01317505e-01,
        -1.15669283e+00,  7.24223509e-03, -3.13515161e-01,
        -1.46889121e-01,  1.46555845e-01, -2.40335933e-01,
         3.64585473e-01, -8.95332322e-02, -7.86275006e-02,
         1.26330990e-01, -1.63240660e-01,  1.10857516e-01],
       [ 4.64360083e-01, -4.96156983e-01, -2.95840677e-01,
         1.59647917e-01, -1.47083204e-01, -1.63826443e-02,
         7.38026768e-01,  4.36900109e-01, -6.78219171e-01,
        -1.29220188e-02, -3.02919899e-01,  3.27270344e-01,
        -8.95332322e-02,  1.73217119e-01,  9.17655477e-02,
        -8.93815430e-03,  1.07927954e-01,  1.78320146e-02],
       [ 6.01211400e-01, -2.97660266e-01, -4.61175650e-01,
         2.70851405e-01, -8.14270014e-02,  8.48960403e-04,
         7.76562048e-01,  1.21612749e+00, -6.57918172e-02,
        -4.24870789e-02, -4.39533309e-01,  1.21426622e-01,
        -7.86275006e-02,  9.17655477e-02,  2.16871031e-01,
        -7.55564990e-02,  4.94383011e-02,  6.58959071e-02],
       [-3.55545491e-01,  7.87121361e-02,  1.42129029e-01,
        -1.22959866e-01,  6.77188974e-02, -4.12606690e-02,
        -4.55662077e-01, -3.64498144e-01, -2.84098529e-01,
         7.63173170e-03,  1.46977269e-01,  1.79798103e-02,
         1.26330990e-01, -8.93815430e-03, -7.55564990e-02,
         1.02588863e-01, -4.97134338e-02,  1.19475499e-02],
       [ 6.38526149e-01, -3.86219776e-01, -9.25564609e-02,
         1.99266047e-01, -2.02999780e-01,  5.35265715e-02,
         1.25353627e+00, -1.61799394e-02, -1.75635369e-01,
        -1.19488352e-01, -1.22100352e-01,  1.90936133e-01,
        -1.63240660e-01,  1.07927954e-01,  4.94383011e-02,
        -4.97134338e-02,  1.73141290e-01, -1.54534344e-02],
       [-3.11377048e-01,  1.12444895e-02, -2.22015603e-01,
        -2.46368612e-02,  2.43230365e-02, -1.38094555e-01,
         5.18619659e-01,  2.95752694e-01, -4.05444987e-01,
        -1.46945791e-01, -1.34708844e-01,  6.95981944e-03,
         1.10857516e-01,  1.78320146e-02,  6.58959071e-02,
         1.19475499e-02, -1.54534344e-02,  1.20345591e-01]])
      jac: array([ 4.11874238e-05,  3.17990079e-05, -2.92921243e-05, -1.57678315e-04,
       -5.43639208e-05,  1.36424945e-04,  1.58858112e-05,  6.81972997e-06,
       -4.72288875e-06,  1.43551837e-06,  7.65350746e-06,  1.31017419e-05,
        1.07902946e-04,  3.42037509e-05, -1.10778053e-05, -5.34539080e-05,
       -1.05466006e-04, -5.79714055e-05])
  message: 'Desired error not necessarily achieved due to precision loss.'
     nfev: 1969
      nit: 71
     njev: 103
   status: 2
  success: False
        x: array([ 0.79717163, -0.89160969,  0.56020113,  1.19363022, -0.96011226,
        0.12552698,  0.7557492 , -1.68936354, -0.44412456, -0.00947506,
        0.56819292,  1.1255138 ,  0.00922285,  0.08762857, -0.33325817,
       -1.15283361, -0.59341422, -0.01083862])
