Program Begingeth
      fun: 0.3904488095430927
 hess_inv: array([[ 1.75736578e+00, -2.62251975e-02,  1.58571662e-01,
         2.92992204e-01, -4.09120591e-01,  4.35200942e-01,
         7.41868630e-01, -4.81459910e-01,  3.48839257e-01,
         9.16790481e-01, -1.37569786e+00,  1.10657090e-01,
        -7.19973925e-01, -7.70088296e-02,  8.49640966e-02,
        -5.00157375e-02, -2.83458667e-02, -3.29357280e-01],
       [-2.62251975e-02,  8.02017946e-01, -1.80086214e-01,
        -3.57334483e-01,  6.73347659e-02, -3.25054411e-01,
        -1.41293720e+00,  3.18922564e-01, -3.93267467e-01,
        -1.12898327e+00, -4.49940874e-02, -2.36578075e-01,
         3.44890636e-02, -3.00299252e-01, -2.84513985e-01,
         4.38231880e-02, -3.38812875e-02, -1.67352482e-01],
       [ 1.58571662e-01, -1.80086214e-01,  4.64256220e-01,
         1.82730568e-01,  4.45611831e-02,  1.99206299e-01,
         1.72027855e-01, -3.29396553e-01,  5.93551765e-01,
         7.95796212e-01,  1.02046263e-02,  9.01935865e-02,
        -2.92533576e-02,  1.75588436e-01, -1.76112186e-02,
         6.35580695e-02,  5.51236783e-02,  5.15801117e-02],
       [ 2.92992204e-01, -3.57334483e-01,  1.82730568e-01,
         5.28769728e-01,  2.08509730e-02,  3.09498420e-01,
         1.34916957e+00,  9.96636369e-02,  1.21831471e+00,
         1.61845313e+00,  1.02974547e-01,  1.75688134e-02,
        -3.80382145e-02,  1.48486383e-01,  1.88911610e-01,
         1.65260677e-02,  1.01143692e-02,  6.13185302e-02],
       [-4.09120591e-01,  6.73347659e-02,  4.45611831e-02,
         2.08509730e-02,  4.65469684e-01, -1.36616019e-01,
        -6.34030859e-01,  9.08036377e-01,  6.48307329e-01,
         7.69555904e-02,  1.20331722e+00, -2.13921473e-01,
         2.84535184e-01,  1.00610796e-01, -8.84019235e-02,
         9.91411891e-02, -5.21781250e-03,  8.98048027e-02],
       [ 4.35200942e-01, -3.25054411e-01,  1.99206299e-01,
         3.09498420e-01, -1.36616019e-01,  5.43986398e-01,
         1.52169821e+00, -6.32122717e-01,  1.37774230e+00,
         1.14631518e+00, -1.94194537e-01,  6.89567929e-01,
        -2.74331572e-01,  1.55116044e-01,  2.16448025e-01,
        -6.04795564e-02,  9.76319523e-02,  9.49788200e-03],
       [ 7.41868630e-01, -1.41293720e+00,  1.72027855e-01,
         1.34916957e+00, -6.34030859e-01,  1.52169821e+00,
         1.22516051e+01, -2.58722562e+00,  5.37871557e+00,
         3.94990148e+00,  5.58160472e-01,  1.25693485e+00,
        -1.00357360e+00,  4.07177353e-01,  8.06215797e-01,
        -4.56142947e-01,  5.73097595e-01,  1.46565891e-02],
       [-4.81459910e-01,  3.18922564e-01, -3.29396553e-01,
         9.96636369e-02,  9.08036377e-01, -6.32122717e-01,
        -2.58722562e+00,  4.26569249e+00,  2.57985629e-01,
        -8.07391302e-02,  1.67279118e+00, -1.38892264e+00,
         6.20116745e-01,  1.65106043e-03, -1.08697260e-01,
         1.70075489e-01, -1.60540349e-01,  1.31284391e-01],
       [ 3.48839257e-01, -3.93267467e-01,  5.93551765e-01,
         1.21831471e+00,  6.48307329e-01,  1.37774230e+00,
         5.37871557e+00,  2.57985629e-01,  8.91623887e+00,
         4.29780136e+00,  2.74510338e+00,  1.04688586e+00,
        -2.84369724e-01,  4.45174559e-01,  4.34574512e-01,
        -3.52480011e-02,  3.60832851e-01,  2.17166283e-01],
       [ 9.16790481e-01, -1.12898327e+00,  7.95796212e-01,
         1.61845313e+00,  7.69555904e-02,  1.14631518e+00,
         3.94990148e+00, -8.07391302e-02,  4.29780136e+00,
         5.36738146e+00,  3.39671624e-01,  4.17455579e-01,
        -2.18872977e-01,  5.56163829e-01,  5.63996836e-01,
         2.48439882e-02,  1.07857076e-01,  1.94195563e-01],
       [-1.37569786e+00, -4.49940874e-02,  1.02046263e-02,
         1.02974547e-01,  1.20331722e+00, -1.94194537e-01,
         5.58160472e-01,  1.67279118e+00,  2.74510338e+00,
         3.39671624e-01,  3.92267438e+00, -2.68258896e-01,
         6.47607212e-01,  2.99164929e-01, -1.37659721e-01,
         1.38501157e-01,  1.01136549e-01,  2.69694073e-01],
       [ 1.10657090e-01, -2.36578075e-01,  9.01935865e-02,
         1.75688134e-02, -2.13921473e-01,  6.89567929e-01,
         1.25693485e+00, -1.38892264e+00,  1.04688586e+00,
         4.17455579e-01, -2.68258896e-01,  1.66545908e+00,
        -2.82268781e-01,  1.60465777e-01,  2.08931525e-01,
        -9.78385954e-02,  1.70496241e-01,  5.79818148e-03],
       [-7.19973925e-01,  3.44890636e-02, -2.92533576e-02,
        -3.80382145e-02,  2.84535184e-01, -2.74331572e-01,
        -1.00357360e+00,  6.20116745e-01, -2.84369724e-01,
        -2.18872977e-01,  6.47607212e-01, -2.82268781e-01,
         4.59874840e-01,  3.71385226e-02, -6.02580822e-02,
         1.20396891e-01, -6.39212335e-02,  1.67239418e-01],
       [-7.70088296e-02, -3.00299252e-01,  1.75588436e-01,
         1.48486383e-01,  1.00610796e-01,  1.55116044e-01,
         4.07177353e-01,  1.65106043e-03,  4.45174559e-01,
         5.56163829e-01,  2.99164929e-01,  1.60465777e-01,
         3.71385226e-02,  1.99909956e-01,  8.01644322e-02,
         1.45899936e-02,  5.90324016e-02,  9.27113363e-02],
       [ 8.49640966e-02, -2.84513985e-01, -1.76112186e-02,
         1.88911610e-01, -8.84019235e-02,  2.16448025e-01,
         8.06215797e-01, -1.08697260e-01,  4.34574512e-01,
         5.63996836e-01, -1.37659721e-01,  2.08931525e-01,
        -6.02580822e-02,  8.01644322e-02,  2.01503096e-01,
        -4.75771226e-02,  1.49958980e-02,  7.67847805e-02],
       [-5.00157375e-02,  4.38231880e-02,  6.35580695e-02,
         1.65260677e-02,  9.91411891e-02, -6.04795564e-02,
        -4.56142947e-01,  1.70075489e-01, -3.52480011e-02,
         2.48439882e-02,  1.38501157e-01, -9.78385954e-02,
         1.20396891e-01,  1.45899936e-02, -4.75771226e-02,
         8.67988743e-02, -3.09068541e-02,  2.14178157e-02],
       [-2.83458667e-02, -3.38812875e-02,  5.51236783e-02,
         1.01143692e-02, -5.21781250e-03,  9.76319523e-02,
         5.73097595e-01, -1.60540349e-01,  3.60832851e-01,
         1.07857076e-01,  1.01136549e-01,  1.70496241e-01,
        -6.39212335e-02,  5.90324016e-02,  1.49958980e-02,
        -3.09068541e-02,  8.98186574e-02,  3.84204045e-03],
       [-3.29357280e-01, -1.67352482e-01,  5.15801117e-02,
         6.13185302e-02,  8.98048027e-02,  9.49788200e-03,
         1.46565891e-02,  1.31284391e-01,  2.17166283e-01,
         1.94195563e-01,  2.69694073e-01,  5.79818148e-03,
         1.67239418e-01,  9.27113363e-02,  7.67847805e-02,
         2.14178157e-02,  3.84204045e-03,  1.49797256e-01]])
      jac: array([-2.53870998e-07, -2.55721370e-06,  4.34837351e-07,  2.06242431e-06,
        7.49252512e-06, -2.21452486e-06,  1.95029178e-07, -2.10202226e-07,
        4.51860771e-07, -6.35787719e-07, -2.44915199e-06,  4.03751107e-07,
        4.67033819e-07, -4.02529861e-06,  2.09092003e-06, -2.15272245e-06,
        2.10091204e-06, -2.93024864e-06])
  message: 'Optimization terminated successfully.'
     nfev: 1520
      nit: 66
     njev: 80
   status: 0
  success: True
        x: array([ 0.06647383,  0.03655755,  0.81369098,  1.44831327, -0.94511454,
        0.30793134,  0.76408374, -2.07408673,  0.62869704,  1.78517436,
       -0.8832045 ,  0.88607657,  0.03833852, -0.03016156, -0.23463679,
       -1.31026557, -0.77458403,  0.04936989])
