Program Begingeth
      fun: 0.2500475946885863
 hess_inv: array([[ 3.88030395e+00, -1.44322393e+00, -6.07676017e-01,
         1.02587277e+00, -5.58173433e-01,  8.05808924e-01,
         1.85367360e+00,  2.31258462e+00,  1.14960492e+00,
        -6.90379196e-01, -7.45368975e-01,  1.09963591e+00,
        -6.59027049e-01,  3.82083415e-01,  4.54809196e-01,
        -1.23282889e-01,  4.67367777e-01, -3.74367543e-01],
       [-1.44322393e+00,  2.59292570e+00,  9.19901805e-01,
        -3.02255443e-01,  9.02092622e-01, -1.79673819e-01,
        -2.42310403e+00,  5.15054830e-02,  2.10294563e+00,
         5.72610726e-02,  2.60482492e-01, -1.46944493e+00,
         4.42374722e-01, -3.99691229e-01, -2.92489818e-01,
        -9.57044278e-03, -2.26504360e-01,  1.13083524e-01],
       [-6.07676017e-01,  9.19901805e-01,  1.96646094e+00,
        -4.76321479e-01,  3.00267751e-01,  4.21886754e-01,
        -3.18371810e+00, -2.38235326e+00,  2.10211092e+00,
         1.48822543e-01,  9.99138552e-01, -1.03490672e+00,
         9.91209649e-02, -2.18396967e-01, -3.77056943e-01,
         1.89098195e-01, -1.11518372e-01, -9.64777526e-02],
       [ 1.02587277e+00, -3.02255443e-01, -4.76321479e-01,
         4.05686764e-01, -1.30679263e-01,  1.01324129e-01,
         1.35113355e+00,  1.18049420e+00,  2.06775790e-01,
        -2.44438818e-01, -3.87350227e-01,  2.95407792e-01,
        -1.12545526e-01,  8.09344241e-02,  1.98505898e-01,
        -6.80655064e-02,  1.13556306e-01, -2.46945645e-02],
       [-5.58173433e-01,  9.02092622e-01,  3.00267751e-01,
        -1.30679263e-01,  4.69833008e-01, -3.50546529e-02,
        -1.91628157e+00,  6.98219191e-01,  3.94160492e-01,
         1.82761720e-01,  1.36399847e-02, -4.18854289e-01,
         2.23282502e-01, -6.92004265e-02, -6.82322635e-02,
         4.45137453e-02, -1.55320586e-01,  3.35759906e-02],
       [ 8.05808924e-01, -1.79673819e-01,  4.21886754e-01,
         1.01324129e-01, -3.50546529e-02,  4.18920220e-01,
        -9.80850191e-01,  1.76689847e-01,  1.07393572e+00,
         1.68817060e-02,  6.18225134e-03,  2.75876320e-02,
        -1.75523105e-01,  5.96134491e-02,  6.60939869e-02,
        -6.30426660e-03,  4.69194530e-02, -1.30659821e-01],
       [ 1.85367360e+00, -2.42310403e+00, -3.18371810e+00,
         1.35113355e+00, -1.91628157e+00, -9.80850191e-01,
         1.99460789e+01,  1.39551977e-01, -3.31705848e+00,
        -1.74986146e+00, -1.11015511e+00,  1.49665752e+00,
        -7.34676375e-01,  2.61392233e-01,  6.02513273e-01,
        -4.68021476e-01,  1.29200256e+00,  5.14620751e-01],
       [ 2.31258462e+00,  5.15054830e-02, -2.38235326e+00,
         1.18049420e+00,  6.98219191e-01,  1.76689847e-01,
         1.39551977e-01,  1.12469652e+01, -1.20914895e+00,
        -3.48025884e-02, -2.19621752e+00,  9.57306229e-01,
        -1.07473925e-01,  5.12538750e-01,  1.10164156e+00,
        -4.41510855e-01,  1.73337488e-01,  1.02684865e-01],
       [ 1.14960492e+00,  2.10294563e+00,  2.10211092e+00,
         2.06775790e-01,  3.94160492e-01,  1.07393572e+00,
        -3.31705848e+00, -1.20914895e+00,  9.17237149e+00,
        -2.78781736e-01,  6.46826931e-01, -1.60630351e+00,
        -1.09667619e-01, -6.71328895e-01, -2.08187918e-01,
        -1.72452769e-01, -1.75445104e-01, -1.86963652e-01],
       [-6.90379196e-01,  5.72610726e-02,  1.48822543e-01,
        -2.44438818e-01,  1.82761720e-01,  1.68817060e-02,
        -1.74986146e+00, -3.48025884e-02, -2.78781736e-01,
         8.06911815e-01,  1.48548059e-01, -1.07351507e-01,
         2.86517202e-02, -4.25763931e-02, -8.08900517e-02,
         5.95386396e-02, -2.35661212e-01, -1.08946410e-01],
       [-7.45368975e-01,  2.60482492e-01,  9.99138552e-01,
        -3.87350227e-01,  1.36399847e-02,  6.18225134e-03,
        -1.11015511e+00, -2.19621752e+00,  6.46826931e-01,
         1.48548059e-01,  1.11771675e+00, -5.66547433e-01,
         8.83858721e-02, -2.54176099e-01, -3.99109163e-01,
         1.67246693e-01, -8.83091671e-02, -1.06182415e-01],
       [ 1.09963591e+00, -1.46944493e+00, -1.03490672e+00,
         2.95407792e-01, -4.18854289e-01,  2.75876320e-02,
         1.49665752e+00,  9.57306229e-01, -1.60630351e+00,
        -1.07351507e-01, -5.66547433e-01,  1.36118025e+00,
        -2.35673148e-01,  3.88002248e-01,  2.34083857e-01,
         7.43034008e-03,  1.93164136e-01, -3.92745822e-02],
       [-6.59027049e-01,  4.42374722e-01,  9.91209649e-02,
        -1.12545526e-01,  2.23282502e-01, -1.75523105e-01,
        -7.34676375e-01, -1.07473925e-01, -1.09667619e-01,
         2.86517202e-02,  8.83858721e-02, -2.35673148e-01,
         2.67119899e-01, -8.09850400e-02, -7.47505760e-02,
         8.61381277e-02, -1.49965253e-01,  1.11930210e-01],
       [ 3.82083415e-01, -3.99691229e-01, -2.18396967e-01,
         8.09344241e-02, -6.92004265e-02,  5.96134491e-02,
         2.61392233e-01,  5.12538750e-01, -6.71328895e-01,
        -4.25763931e-02, -2.54176099e-01,  3.88002248e-01,
        -8.09850400e-02,  1.91453578e-01,  1.04898109e-01,
         7.43758343e-03,  1.01135456e-01, -4.18393479e-03],
       [ 4.54809196e-01, -2.92489818e-01, -3.77056943e-01,
         1.98505898e-01, -6.82322635e-02,  6.60939869e-02,
         6.02513273e-01,  1.10164156e+00, -2.08187918e-01,
        -8.08900517e-02, -3.99109163e-01,  2.34083857e-01,
        -7.47505760e-02,  1.04898109e-01,  2.20301930e-01,
        -8.42030152e-02,  5.38769026e-02,  5.17485667e-02],
       [-1.23282889e-01, -9.57044278e-03,  1.89098195e-01,
        -6.80655064e-02,  4.45137453e-02, -6.30426660e-03,
        -4.68021476e-01, -4.41510855e-01, -1.72452769e-01,
         5.95386396e-02,  1.67246693e-01,  7.43034008e-03,
         8.61381277e-02,  7.43758343e-03, -8.42030152e-02,
         1.19840902e-01, -4.61387748e-02, -1.27501091e-02],
       [ 4.67367777e-01, -2.26504360e-01, -1.11518372e-01,
         1.13556306e-01, -1.55320586e-01,  4.69194530e-02,
         1.29200256e+00,  1.73337488e-01, -1.75445104e-01,
        -2.35661212e-01, -8.83091671e-02,  1.93164136e-01,
        -1.49965253e-01,  1.01135456e-01,  5.38769026e-02,
        -4.61387748e-02,  2.14805007e-01, -1.04553255e-02],
       [-3.74367543e-01,  1.13083524e-01, -9.64777526e-02,
        -2.46945645e-02,  3.35759906e-02, -1.30659821e-01,
         5.14620751e-01,  1.02684865e-01, -1.86963652e-01,
        -1.08946410e-01, -1.06182415e-01, -3.92745822e-02,
         1.11930210e-01, -4.18393479e-03,  5.17485667e-02,
        -1.27501091e-02, -1.04553255e-02,  1.68195774e-01]])
      jac: array([ 1.98889053e-05, -6.11007541e-05, -2.87921539e-05,  3.09533880e-05,
        1.02255611e-04,  5.40360349e-05, -1.31665049e-05, -2.68599957e-06,
       -8.77409256e-06,  3.50267963e-05, -4.86196269e-05, -2.30689542e-05,
        4.27879954e-05, -1.87568479e-04, -1.66877253e-04, -3.36745446e-05,
        1.71242650e-04,  1.31571790e-04])
  message: 'Desired error not necessarily achieved due to precision loss.'
     nfev: 1911
      nit: 61
     njev: 100
   status: 2
  success: False
        x: array([ 0.47077378, -0.59842064,  0.67429332,  0.89832226, -0.78469504,
        0.09122123,  0.41868192, -1.55216164, -0.56140914,  0.01083359,
        0.70575556,  1.08485976,  0.05491065,  0.13538028, -0.40491183,
       -0.89534457, -0.51784326, -0.0213804 ])
