Program Begingeth
      fun: 0.33189900438699665
 hess_inv: array([[ 1.79691241e+00, -8.77318150e-02,  1.97757835e-01,
         2.61386050e-01, -2.66793404e-01,  3.68534132e-01,
         4.42124829e-01, -3.28618383e-01,  5.61829610e-01,
         8.15493069e-01, -9.97174425e-01,  3.71829857e-02,
        -7.16514916e-01, -9.94066753e-04,  1.12764786e-02,
        -3.30799010e-02, -2.58704511e-02, -3.18592600e-01],
       [-8.77318150e-02,  7.16586571e-01, -1.31932446e-01,
        -3.12898605e-01,  5.51582795e-02, -2.51820172e-01,
        -1.30861096e+00,  3.09832695e-01, -3.71835748e-01,
        -9.02534270e-01, -9.22921141e-02, -8.74455062e-02,
         4.42456880e-02, -2.39636010e-01, -2.33401047e-01,
         4.17955678e-02,  1.94338373e-03, -1.22372273e-01],
       [ 1.97757835e-01, -1.31932446e-01,  4.17849804e-01,
         1.38682541e-01,  3.55728207e-02,  1.45896460e-01,
         8.84406171e-02, -2.81501839e-01,  4.88691673e-01,
         6.05882399e-01,  8.76459945e-03,  7.05291082e-03,
        -4.93510563e-02,  1.37815372e-01, -4.46091071e-02,
         4.51393285e-02,  4.38513042e-02,  2.41993474e-02],
       [ 2.61386050e-01, -3.12898605e-01,  1.38682541e-01,
         4.73523284e-01,  8.09864693e-02,  2.21749201e-01,
         1.24185513e+00,  2.71419694e-01,  1.34114464e+00,
         1.37350738e+00,  2.69776223e-01, -1.66146544e-01,
        -1.37969491e-02,  1.26341851e-01,  1.43121314e-01,
         2.22006748e-02, -1.12615154e-02,  4.66730893e-02],
       [-2.66793404e-01,  5.51582795e-02,  3.55728207e-02,
         8.09864693e-02,  3.13216761e-01, -4.92287579e-02,
        -7.20294930e-02,  7.49752633e-01,  7.98963717e-01,
         2.65706524e-01,  8.17252561e-01, -1.90515527e-01,
         1.78331047e-01,  6.60591577e-02, -3.65162679e-02,
         5.68259617e-02,  1.58733481e-02,  5.70809667e-02],
       [ 3.68534132e-01, -2.51820172e-01,  1.45896460e-01,
         2.21749201e-01, -4.92287579e-02,  3.62244244e-01,
         8.29959595e-01, -4.19866463e-01,  1.09241465e+00,
         8.11807417e-01, -4.87559923e-02,  3.87621256e-01,
        -1.94204919e-01,  1.31893292e-01,  1.39539998e-01,
        -3.77405573e-02,  4.96722004e-02,  2.37570475e-03],
       [ 4.42124829e-01, -1.30861096e+00,  8.84406171e-02,
         1.24185513e+00, -7.20294930e-02,  8.29959595e-01,
         7.54566444e+00, -7.96177924e-01,  4.24448461e+00,
         3.28838775e+00,  1.07685008e+00, -3.29894659e-02,
        -3.39192230e-01,  3.83512187e-01,  6.09242548e-01,
        -2.00625646e-01,  1.43807575e-01,  1.31130296e-01],
       [-3.28618383e-01,  3.09832695e-01, -2.81501839e-01,
         2.71419694e-01,  7.49752633e-01, -4.19866463e-01,
        -7.96177924e-01,  3.99636072e+00,  1.27366241e+00,
         4.74919847e-01,  1.45033935e+00, -1.26374502e+00,
         4.53225654e-01, -4.08087175e-02, -5.90357100e-02,
         1.33518128e-01, -9.29768314e-02,  7.52945087e-02],
       [ 5.61829610e-01, -3.71835748e-01,  4.88691673e-01,
         1.34114464e+00,  7.98963717e-01,  1.09241465e+00,
         4.24448461e+00,  1.27366241e+00,  8.98451976e+00,
         4.50026246e+00,  2.64226418e+00,  2.83847166e-02,
        -1.72571617e-01,  4.39243704e-01,  3.81960225e-01,
         8.90956663e-03,  2.12930778e-01,  1.51408652e-01],
       [ 8.15493069e-01, -9.02534270e-01,  6.05882399e-01,
         1.37350738e+00,  2.65706524e-01,  8.11807417e-01,
         3.28838775e+00,  4.74919847e-01,  4.50026246e+00,
         4.35361200e+00,  8.20518140e-01, -2.12693770e-01,
        -1.30219127e-01,  4.56435600e-01,  3.99814517e-01,
         4.58010444e-02,  3.32896214e-02,  1.40625673e-01],
       [-9.97174425e-01, -9.22921141e-02,  8.76459945e-03,
         2.69776223e-01,  8.17252561e-01, -4.87559923e-02,
         1.07685008e+00,  1.45033935e+00,  2.64226418e+00,
         8.20518140e-01,  2.65455165e+00, -3.81347468e-01,
         4.82408968e-01,  2.10815981e-01, -7.85146912e-04,
         7.88419968e-02,  7.21698427e-02,  2.10311391e-01],
       [ 3.71829857e-02, -8.74455062e-02,  7.05291082e-03,
        -1.66146544e-01, -1.90515527e-01,  3.87621256e-01,
        -3.29894659e-02, -1.26374502e+00,  2.83847166e-02,
        -2.12693770e-01, -3.81347468e-01,  1.19319106e+00,
        -1.85709811e-01,  8.63256266e-02,  1.06992427e-01,
        -7.66666710e-02,  9.55227112e-02, -8.03427207e-03],
       [-7.16514916e-01,  4.42456880e-02, -4.93510563e-02,
        -1.37969491e-02,  1.78331047e-01, -1.94204919e-01,
        -3.39192230e-01,  4.53225654e-01, -1.72571617e-01,
        -1.30219127e-01,  4.82408968e-01, -1.85709811e-01,
         3.88446390e-01,  1.51063463e-03, -1.62493217e-02,
         7.76161855e-02, -2.62380084e-02,  1.44414914e-01],
       [-9.94066753e-04, -2.39636010e-01,  1.37815372e-01,
         1.26341851e-01,  6.60591577e-02,  1.31893292e-01,
         3.83512187e-01, -4.08087175e-02,  4.39243704e-01,
         4.56435600e-01,  2.10815981e-01,  8.63256266e-02,
         1.51063463e-03,  1.52783419e-01,  6.40239501e-02,
         1.96954621e-03,  4.40471558e-02,  5.84303572e-02],
       [ 1.12764786e-02, -2.33401047e-01, -4.46091071e-02,
         1.43121314e-01, -3.65162679e-02,  1.39539998e-01,
         6.09242548e-01, -5.90357100e-02,  3.81960225e-01,
         3.99814517e-01, -7.85146912e-04,  1.06992427e-01,
        -1.62493217e-02,  6.40239501e-02,  1.55595117e-01,
        -3.23778223e-02, -1.84565626e-03,  6.72035661e-02],
       [-3.30799010e-02,  4.17955678e-02,  4.51393285e-02,
         2.22006748e-02,  5.68259617e-02, -3.77405573e-02,
        -2.00625646e-01,  1.33518128e-01,  8.90956663e-03,
         4.58010444e-02,  7.88419968e-02, -7.66666710e-02,
         7.76161855e-02,  1.96954621e-03, -3.23778223e-02,
         5.77925334e-02, -1.38864662e-02,  9.30204944e-03],
       [-2.58704511e-02,  1.94338373e-03,  4.38513042e-02,
        -1.12615154e-02,  1.58733481e-02,  4.96722004e-02,
         1.43807575e-01, -9.29768314e-02,  2.12930778e-01,
         3.32896214e-02,  7.21698427e-02,  9.55227112e-02,
        -2.62380084e-02,  4.40471558e-02, -1.84565626e-03,
        -1.38864662e-02,  5.58216284e-02,  4.24474735e-03],
       [-3.18592600e-01, -1.22372273e-01,  2.41993474e-02,
         4.66730893e-02,  5.70809667e-02,  2.37570475e-03,
         1.31130296e-01,  7.52945087e-02,  1.51408652e-01,
         1.40625673e-01,  2.10311391e-01, -8.03427207e-03,
         1.44414914e-01,  5.84303572e-02,  6.72035661e-02,
         9.30204944e-03,  4.24474735e-03,  1.18858270e-01]])
      jac: array([ 1.41993824e-05,  6.26713496e-05,  4.69084031e-05, -1.49165865e-05,
       -6.39185001e-05, -6.01219075e-05,  5.21175695e-06,  8.82553290e-06,
       -5.34350342e-06,  5.80572627e-06,  1.96239321e-05,  8.29965726e-06,
        2.56483723e-05,  9.80848736e-05,  1.30706927e-04, -1.94440760e-05,
       -2.67956028e-05, -7.80620013e-05])
  message: 'Desired error not necessarily achieved due to precision loss.'
     nfev: 2214
      nit: 75
     njev: 116
   status: 2
  success: False
        x: array([ 0.10331988,  0.10888105,  0.78891836,  1.53274753, -0.92317835,
        0.34315188,  0.94871102, -1.9931003 ,  0.78716802,  1.88846483,
       -0.84759602,  0.94803015,  0.04123698,  0.07249848, -0.21257432,
       -1.39407056, -0.47751586,  0.05145316])
