Program Begingeth
      fun: 0.304617475426924
 hess_inv: array([[ 9.06893095e+00,  2.68495151e+00,  1.88833105e+00,
         2.83677367e+00,  1.49546877e+00,  2.74914898e-01,
         4.88415555e+00, -5.53347338e-02, -2.43204358e+00,
        -6.03342615e-01,  3.53574604e-01, -3.09785338e-01,
        -1.33456836e+00, -2.94544904e-01, -1.32779751e-01,
        -2.42473262e-01, -8.33591091e-01,  2.00765930e-01],
       [ 2.68495151e+00,  4.31308843e+00,  6.92078629e-01,
         4.65276893e-01,  1.77780227e+00,  2.54790312e-01,
         9.03482911e-02,  2.43834678e+00,  7.58044389e-01,
        -3.67197227e-01,  7.68816398e-02, -1.08503732e+00,
        -5.39265424e-01, -4.35870727e-01,  2.29494682e-01,
         6.26485706e-02, -3.16929771e-01,  1.05025427e-01],
       [ 1.88833105e+00,  6.92078629e-01,  1.05072419e+01,
         1.75479233e+00, -2.22065190e-01,  3.76100636e+00,
         1.21060946e+01, -4.78037425e+00,  3.26549279e+00,
        -4.31928522e-02,  2.41854165e+00, -9.07368633e-01,
         1.92787465e-01, -6.70583086e-01, -5.56676211e-01,
         6.27114537e-02,  7.36431437e-02,  1.42100753e-01],
       [ 2.83677367e+00,  4.65276893e-01,  1.75479233e+00,
         1.13141045e+00,  2.71940211e-01,  5.18892644e-01,
         3.43009507e+00, -7.10075774e-01, -5.68549090e-01,
        -1.78428395e-01,  3.33509940e-01, -4.82298317e-02,
        -2.97594514e-01, -8.15380900e-02, -1.16332918e-01,
        -6.15949142e-02, -1.86166683e-01,  6.71368609e-02],
       [ 1.49546877e+00,  1.77780227e+00, -2.22065190e-01,
         2.71940211e-01,  8.37969822e-01, -8.20287938e-02,
        -2.19936189e-01,  1.57423718e+00, -9.48207371e-02,
        -2.39259397e-01, -1.15553284e-01, -3.27538436e-01,
        -2.93719241e-01, -1.11769494e-01,  1.25599149e-01,
        -1.07144009e-02, -1.71698818e-01,  4.90780137e-02],
       [ 2.74914898e-01,  2.54790312e-01,  3.76100636e+00,
         5.18892644e-01, -8.20287938e-02,  1.43162741e+00,
         4.36017802e+00, -1.43845931e+00,  1.56410239e+00,
        -9.32084146e-02,  7.51501757e-01, -3.28136776e-01,
         1.61662977e-01, -2.14640631e-01, -1.43983659e-01,
         4.96673716e-02,  6.07111488e-02,  4.76030059e-02],
       [ 4.88415555e+00,  9.03482911e-02,  1.21060946e+01,
         3.43009507e+00, -2.19936189e-01,  4.36017802e+00,
         1.97647212e+01, -5.34653047e+00,  1.70927555e+00,
        -1.85967805e-01,  2.12327520e+00, -4.19476940e-01,
         4.93855303e-02, -3.38275329e-01, -5.40643433e-01,
        -3.78876596e-02,  4.72029769e-02,  2.58729372e-01],
       [-5.53347338e-02,  2.43834678e+00, -4.78037425e+00,
        -7.10075774e-01,  1.57423718e+00, -1.43845931e+00,
        -5.34653047e+00,  7.89598156e+00, -8.26908347e-01,
        -8.16881468e-01, -1.34037610e+00, -1.06448201e-01,
        -1.05518132e-01,  2.06403354e-01,  6.39223920e-01,
         5.18192745e-02, -1.43931102e-01, -5.05821876e-03],
       [-2.43204358e+00,  7.58044389e-01,  3.26549279e+00,
        -5.68549090e-01, -9.48207371e-02,  1.56410239e+00,
         1.70927555e+00, -8.26908347e-01,  4.91070403e+00,
        -1.06625754e-01,  6.53632433e-01, -5.55119752e-01,
         4.83158918e-01, -3.81557769e-01, -6.29385525e-02,
         1.85316419e-01,  1.68738678e-01, -6.06390803e-02],
       [-6.03342615e-01, -3.67197227e-01, -4.31928522e-02,
        -1.78428395e-01, -2.39259397e-01, -9.32084146e-02,
        -1.85967805e-01, -8.16881468e-01, -1.06625754e-01,
         8.44759585e-01, -5.57146760e-02,  8.33314455e-02,
        -1.03724661e-01,  4.94425444e-02,  2.15681696e-02,
        -7.97714378e-03,  9.71354119e-02,  1.50310661e-01],
       [ 3.53574604e-01,  7.68816398e-02,  2.41854165e+00,
         3.33509940e-01, -1.15553284e-01,  7.51501757e-01,
         2.12327520e+00, -1.34037610e+00,  6.53632433e-01,
        -5.57146760e-02,  1.17140541e+00, -2.63364892e-01,
         5.01427794e-02, -3.07293343e-01, -3.07380146e-01,
        -2.97071216e-03,  1.08271524e-02, -8.94722030e-02],
       [-3.09785338e-01, -1.08503732e+00, -9.07368633e-01,
        -4.82298317e-02, -3.27538436e-01, -3.28136776e-01,
        -4.19476940e-01, -1.06448201e-01, -5.55119752e-01,
         8.33314455e-02, -2.63364892e-01,  6.85252981e-01,
         2.84449918e-02,  2.45697105e-01, -6.47227198e-02,
        -8.98236914e-02,  7.93627366e-02, -5.96246938e-03],
       [-1.33456836e+00, -5.39265424e-01,  1.92787465e-01,
        -2.97594514e-01, -2.93719241e-01,  1.61662977e-01,
         4.93855303e-02, -1.05518132e-01,  4.83158918e-01,
        -1.03724661e-01,  5.01427794e-02,  2.84449918e-02,
         3.38352061e-01,  4.04757570e-02, -1.14091002e-02,
         8.37833493e-02,  1.57317964e-01, -7.32777098e-02],
       [-2.94544904e-01, -4.35870727e-01, -6.70583086e-01,
        -8.15380900e-02, -1.11769494e-01, -2.14640631e-01,
        -3.38275329e-01,  2.06403354e-01, -3.81557769e-01,
         4.94425444e-02, -3.07293343e-01,  2.45697105e-01,
         4.04757570e-02,  1.71530626e-01,  5.03842550e-02,
        -1.89448241e-02,  6.61460757e-02,  1.84630068e-02],
       [-1.32779751e-01,  2.29494682e-01, -5.56676211e-01,
        -1.16332918e-01,  1.25599149e-01, -1.43983659e-01,
        -5.40643433e-01,  6.39223920e-01, -6.29385525e-02,
         2.15681696e-02, -3.07380146e-01, -6.47227198e-02,
        -1.14091002e-02,  5.03842550e-02,  1.45943204e-01,
         2.42751544e-02, -5.61083551e-03,  5.37293821e-02],
       [-2.42473262e-01,  6.26485706e-02,  6.27114537e-02,
        -6.15949142e-02, -1.07144009e-02,  4.96673716e-02,
        -3.78876596e-02,  5.18192745e-02,  1.85316419e-01,
        -7.97714378e-03, -2.97071216e-03, -8.98236914e-02,
         8.37833493e-02, -1.89448241e-02,  2.42751544e-02,
         6.05975235e-02,  2.77268124e-02, -8.49130334e-03],
       [-8.33591091e-01, -3.16929771e-01,  7.36431437e-02,
        -1.86166683e-01, -1.71698818e-01,  6.07111488e-02,
         4.72029769e-02, -1.43931102e-01,  1.68738678e-01,
         9.71354119e-02,  1.08271524e-02,  7.93627366e-02,
         1.57317964e-01,  6.61460757e-02, -5.61083551e-03,
         2.77268124e-02,  1.39174918e-01, -8.80780442e-03],
       [ 2.00765930e-01,  1.05025427e-01,  1.42100753e-01,
         6.71368609e-02,  4.90780137e-02,  4.76030059e-02,
         2.58729372e-01, -5.05821876e-03, -6.06390803e-02,
         1.50310661e-01, -8.94722030e-02, -5.96246938e-03,
        -7.32777098e-02,  1.84630068e-02,  5.37293821e-02,
        -8.49130334e-03, -8.80780442e-03,  8.54241424e-02]])
      jac: array([-2.32998805e-06,  5.99909011e-05, -6.76040705e-05,  6.73198534e-05,
       -6.77987296e-05,  3.01189444e-04, -2.54962718e-05,  1.43181763e-06,
       -3.63453712e-05,  5.68186239e-05,  5.86493817e-05,  6.96220859e-05,
        1.30211397e-04,  3.32693132e-05,  9.52708283e-05, -9.44729480e-05,
       -1.69110281e-04, -1.24745029e-04])
  message: 'Desired error not necessarily achieved due to precision loss.'
     nfev: 2690
      nit: 83
     njev: 141
   status: 2
  success: False
        x: array([-0.75755735, -1.04274802,  0.00287006, -1.24071087, -1.04594645,
       -0.09623348, -1.76274555, -1.29371358, -1.04847661,  0.12288467,
        0.4420435 ,  1.16111299,  0.09158308,  0.15750592, -0.27131692,
        1.36402432, -0.40034024,  0.01409808])
