Program Begingeth
      fun: 0.200531287271428
 hess_inv: array([[ 8.85187654e-01, -3.83580346e-03,  4.05041995e-02,
         1.61764284e-02,  2.15848228e-01,  4.96135813e-01,
        -2.42988727e-01, -1.09706196e-01,  1.55049199e+00,
         2.14330708e-01,  8.26924428e-01,  7.39348108e-01,
        -3.75157092e-01,  9.83109719e-03,  5.07524616e-02,
         7.44628567e-03, -4.26815740e-02, -2.18391711e-01],
       [-3.83580346e-03,  3.43722221e-01, -5.71577976e-02,
        -2.95757241e-02, -2.94903125e-02, -3.82752603e-01,
         3.56374447e-01,  3.43913751e-01, -1.48201290e+00,
        -1.86109081e-01, -2.99833172e-01, -6.13146604e-01,
         1.03012792e-02, -1.05413863e-01, -1.89522847e-01,
         2.97450963e-02,  3.23671221e-02, -9.98152989e-02],
       [ 4.05041995e-02, -5.71577976e-02,  1.84689527e-01,
         5.34905673e-02,  1.14554918e-01,  2.01974760e-01,
        -2.18755183e-01,  1.42493526e-01,  9.71567667e-01,
         3.04739918e-01,  2.84886674e-01,  3.64754626e-01,
         3.92776984e-03,  7.73694512e-02,  2.50399297e-03,
         2.92335663e-02,  1.91244047e-02,  3.40314014e-02],
       [ 1.61764284e-02, -2.95757241e-02,  5.34905673e-02,
         4.82079942e-01,  1.47533915e-01,  3.61418499e-01,
        -1.66023913e-02, -1.36474293e-01,  2.43502936e+00,
         1.59928257e+00,  5.39299799e-01,  8.22717049e-01,
         1.54767119e-01, -6.03649527e-03,  3.86818147e-04,
         5.37742041e-02, -7.66806314e-02,  1.76524494e-02],
       [ 2.15848228e-01, -2.94903125e-02,  1.14554918e-01,
         1.47533915e-01,  2.57091769e-01,  3.54191029e-01,
        -2.87665925e-01,  2.30818730e-01,  1.83136477e+00,
         6.49172980e-01,  7.68241752e-01,  5.81319618e-01,
        -4.51160997e-02,  7.37256244e-02,  3.85065847e-02,
         3.19704363e-02, -8.86730603e-03, -1.80557583e-02],
       [ 4.96135813e-01, -3.82752603e-01,  2.01974760e-01,
         3.61418499e-01,  3.54191029e-01,  1.26538063e+00,
        -1.26778123e+00, -5.64941702e-01,  5.55971176e+00,
         1.69166956e+00,  1.62812799e+00,  2.34467923e+00,
        -1.39967154e-01,  1.13543514e-01,  2.73628859e-01,
        -7.83551398e-03, -1.01708898e-01,  5.88499007e-04],
       [-2.42988727e-01,  3.56374447e-01, -2.18755183e-01,
        -1.66023913e-02, -2.87665925e-01, -1.26778123e+00,
         3.16140774e+00,  1.17652161e-01, -5.17776058e+00,
        -1.27798538e+00, -1.50714405e+00, -2.65890148e+00,
         1.98549374e-01, -6.27930917e-02, -2.28074935e-01,
         7.04304086e-02,  5.48938780e-02, -8.77591924e-04],
       [-1.09706196e-01,  3.43913751e-01,  1.42493526e-01,
        -1.36474293e-01,  2.30818730e-01, -5.64941702e-01,
         1.17652161e-01,  2.60901383e+00, -1.73843011e+00,
        -2.68311198e-01, -4.44775231e-01, -1.08915783e+00,
         7.98135795e-03,  9.10570092e-02, -3.05909557e-01,
         7.03931496e-02,  1.16960481e-01, -6.47860089e-02],
       [ 1.55049199e+00, -1.48201290e+00,  9.71567667e-01,
         2.43502936e+00,  1.83136477e+00,  5.55971176e+00,
        -5.17776058e+00, -1.73843011e+00,  2.78604322e+01,
         1.03354604e+01,  7.56432858e+00,  1.04052511e+01,
        -1.00388798e-01,  5.50267555e-01,  9.86820495e-01,
         8.75211579e-02, -4.43692453e-01,  1.02535852e-01],
       [ 2.14330708e-01, -1.86109081e-01,  3.04739918e-01,
         1.59928257e+00,  6.49172980e-01,  1.69166956e+00,
        -1.27798538e+00, -2.68311198e-01,  1.03354604e+01,
         5.95741683e+00,  2.42164155e+00,  3.70257036e+00,
         3.59533907e-01,  3.49955495e-02,  4.51162881e-02,
         1.35480037e-01, -2.33359809e-01,  2.46366674e-02],
       [ 8.26924428e-01, -2.99833172e-01,  2.84886674e-01,
         5.39299799e-01,  7.68241752e-01,  1.62812799e+00,
        -1.50714405e+00, -4.44775231e-01,  7.56432858e+00,
         2.42164155e+00,  3.02263402e+00,  2.84586600e+00,
        -2.18902846e-01,  1.62919853e-01,  3.23727341e-01,
         3.23936089e-02, -1.14090564e-01, -4.28049498e-02],
       [ 7.39348108e-01, -6.13146604e-01,  3.64754626e-01,
         8.22717049e-01,  5.81319618e-01,  2.34467923e+00,
        -2.65890148e+00, -1.08915783e+00,  1.04052511e+01,
         3.70257036e+00,  2.84586600e+00,  4.76150042e+00,
        -1.24873554e-01,  1.07054205e-01,  4.07650433e-01,
         2.33639426e-03, -2.29015389e-01, -3.99586320e-03],
       [-3.75157092e-01,  1.03012792e-02,  3.92776984e-03,
         1.54767119e-01, -4.51160997e-02, -1.39967154e-01,
         1.98549374e-01,  7.98135795e-03, -1.00388798e-01,
         3.59533907e-01, -2.18902846e-01, -1.24873554e-01,
         2.43623474e-01, -9.93447139e-03, -3.45023490e-02,
         4.05105878e-02, -1.20648982e-02,  1.00779405e-01],
       [ 9.83109719e-03, -1.05413863e-01,  7.73694512e-02,
        -6.03649527e-03,  7.37256244e-02,  1.13543514e-01,
        -6.27930917e-02,  9.10570092e-02,  5.50267555e-01,
         3.49955495e-02,  1.62919853e-01,  1.07054205e-01,
        -9.93447139e-03,  9.45353453e-02,  4.79500331e-02,
         5.36480333e-03,  2.78054568e-02,  3.95652916e-02],
       [ 5.07524616e-02, -1.89522847e-01,  2.50399297e-03,
         3.86818147e-04,  3.85065847e-02,  2.73628859e-01,
        -2.28074935e-01, -3.05909557e-01,  9.86820495e-01,
         4.51162881e-02,  3.23727341e-01,  4.07650433e-01,
        -3.45023490e-02,  4.79500331e-02,  1.52862766e-01,
        -2.75387668e-02, -2.49894891e-02,  5.57791979e-02],
       [ 7.44628567e-03,  2.97450963e-02,  2.92335663e-02,
         5.37742041e-02,  3.19704363e-02, -7.83551398e-03,
         7.04304086e-02,  7.03931496e-02,  8.75211579e-02,
         1.35480037e-01,  3.23936089e-02,  2.33639426e-03,
         4.05105878e-02,  5.36480333e-03, -2.75387668e-02,
         3.79668064e-02, -2.25443930e-03, -1.83338737e-03],
       [-4.26815740e-02,  3.23671221e-02,  1.91244047e-02,
        -7.66806314e-02, -8.86730603e-03, -1.01708898e-01,
         5.48938780e-02,  1.16960481e-01, -4.43692453e-01,
        -2.33359809e-01, -1.14090564e-01, -2.29015389e-01,
        -1.20648982e-02,  2.78054568e-02, -2.49894891e-02,
        -2.25443930e-03,  4.74767786e-02,  3.40973536e-03],
       [-2.18391711e-01, -9.98152989e-02,  3.40314014e-02,
         1.76524494e-02, -1.80557583e-02,  5.88499007e-04,
        -8.77591924e-04, -6.47860089e-02,  1.02535852e-01,
         2.46366674e-02, -4.28049498e-02, -3.99586320e-03,
         1.00779405e-01,  3.95652916e-02,  5.57791979e-02,
        -1.83338737e-03,  3.40973536e-03,  1.07039427e-01]])
      jac: array([-0.00218313,  0.00072359,  0.00456998, -0.0012866 ,  0.00911984,
        0.00249661, -0.0001334 , -0.00125709, -0.00175745,  0.00201781,
       -0.00242404, -0.00013049,  0.00282869,  0.00521337,  0.00791643,
        0.0005081 , -0.0081384 , -0.01270742])
  message: 'Maximum number of iterations has been exceeded.'
     nfev: 2166
      nit: 100
     njev: 114
   status: 1
  success: False
        x: array([ 0.0442339 ,  0.32423231,  0.79736493,  1.56731267, -0.52341932,
       -0.12824801,  2.44842152, -0.25741395,  0.37191244,  1.94538144,
       -0.56341662, -0.62991269,  0.1440456 ,  0.2117918 , -0.30763571,
       -1.14238197, -0.31484906,  0.04886159])
