Program Begingeth
      fun: 0.43147417320912224
 hess_inv: array([[ 9.35277311e+00, -1.79536203e+00, -4.44219191e+00,
         2.51465562e+00, -8.74325120e-01, -1.71102869e+00,
         2.76693471e-01, -3.10751544e+00, -5.50491948e+00,
        -1.86286558e+00, -7.19360475e+00,  2.00709736e+00,
        -6.50093942e-01,  1.55070326e+00,  6.40527754e-02,
         5.03853308e-01, -1.79022654e-01, -3.41862046e-02],
       [-1.79536203e+00,  1.00575949e+01,  4.40258214e+00,
        -1.43145365e-01,  3.46781342e+00,  1.08156617e+00,
         3.21440824e+00,  5.29642615e+00,  3.22300879e+00,
         3.15001481e+00,  8.58717190e-01, -9.97222969e-01,
        -4.41826045e-01, -1.31963725e+00, -1.17830435e+00,
        -1.86123370e-01,  2.39365709e-03, -6.12850705e-01],
       [-4.44219191e+00,  4.40258214e+00,  9.39369732e+00,
        -6.74225540e-01,  1.60315270e+00,  3.00205492e+00,
         4.03607241e+00,  1.46677780e+00,  5.69758324e+00,
         2.20773388e+00,  4.31620036e+00, -1.98651681e+00,
         2.12091138e-01, -1.10853045e+00, -1.15728985e+00,
        -2.92706864e-01,  2.88880063e-01, -3.91627418e-01],
       [ 2.51465562e+00, -1.43145365e-01, -6.74225540e-01,
         8.03226851e-01, -1.53467551e-01, -3.20698456e-01,
         8.22658200e-01, -1.11376799e+00, -1.46034015e+00,
        -3.51300925e-01, -1.45862977e+00,  4.85899970e-01,
        -1.55307898e-01,  2.76999849e-01, -6.67576619e-02,
         1.05230760e-01, -3.78629788e-02, -3.25850961e-02],
       [-8.74325120e-01,  3.46781342e+00,  1.60315270e+00,
        -1.53467551e-01,  1.27897790e+00,  4.07246058e-01,
         1.08313736e+00,  2.54099431e+00,  1.27906328e+00,
         1.11208683e+00,  3.82904988e-01, -4.47305320e-01,
        -1.63785887e-01, -4.20529723e-01, -3.84916704e-01,
        -7.79863629e-02,  3.33073202e-02, -1.93864878e-01],
       [-1.71102869e+00,  1.08156617e+00,  3.00205492e+00,
        -3.20698456e-01,  4.07246058e-01,  1.04614428e+00,
         1.10719686e+00,  2.86498018e-01,  2.45809341e+00,
         5.97581655e-01,  1.35483044e+00, -5.34374529e-01,
         1.36006280e-01, -3.08897752e-01, -3.30768901e-01,
        -7.11579690e-02,  8.51740486e-02, -9.58727311e-02],
       [ 2.76693471e-01,  3.21440824e+00,  4.03607241e+00,
         8.22658200e-01,  1.08313736e+00,  1.10719686e+00,
         6.36657862e+00,  5.52326912e-01,  8.71328585e-01,
         1.31810193e+00,  1.66905130e+00, -5.45281885e-01,
        -1.50656091e-01, -5.70603830e-01, -6.62367759e-01,
        -1.75407849e-01,  1.45496350e-01, -2.05145582e-01],
       [-3.10751544e+00,  5.29642615e+00,  1.46677780e+00,
        -1.11376799e+00,  2.54099431e+00,  2.86498018e-01,
         5.52326912e-01,  1.09285746e+01,  1.69240643e+00,
         1.95674012e+00,  1.66898206e+00, -1.86544669e+00,
        -5.54954582e-01, -7.02505685e-01, -1.46212044e-01,
        -3.79515940e-01,  1.44681263e-01, -1.68206532e-01],
       [-5.50491948e+00,  3.22300879e+00,  5.69758324e+00,
        -1.46034015e+00,  1.27906328e+00,  2.45809341e+00,
         8.71328585e-01,  1.69240643e+00,  1.08509383e+01,
         1.53972923e+00,  1.15628604e+00,  5.44728490e-02,
         5.18467359e-01, -3.65369153e-01, -8.59225850e-01,
         1.20125227e-01,  1.19383018e-01, -2.49202315e-01],
       [-1.86286558e+00,  3.15001481e+00,  2.20773388e+00,
        -3.51300925e-01,  1.11208683e+00,  5.97581655e-01,
         1.31810193e+00,  1.95674012e+00,  1.53972923e+00,
         1.75980164e+00,  1.41520591e+00, -6.16923733e-01,
        -1.36397602e-01, -6.06757233e-01, -4.45217398e-01,
        -1.26067255e-01,  7.72373566e-02, -2.19443407e-01],
       [-7.19360475e+00,  8.58717190e-01,  4.31620036e+00,
        -1.45862977e+00,  3.82904988e-01,  1.35483044e+00,
         1.66905130e+00,  1.66898206e+00,  1.15628604e+00,
         1.41520591e+00,  1.19615613e+01, -3.52657263e+00,
         3.07846349e-01, -2.55670080e+00,  3.36899044e-01,
        -1.16130685e+00,  2.41398390e-01,  1.39191548e-01],
       [ 2.00709736e+00, -9.97222969e-01, -1.98651681e+00,
         4.85899970e-01, -4.47305320e-01, -5.34374529e-01,
        -5.45281885e-01, -1.86544669e+00,  5.44728490e-02,
        -6.16923733e-01, -3.52657263e+00,  2.17124866e+00,
         1.49842455e-01,  7.92952247e-01, -1.62374716e-01,
         4.80561558e-01, -1.19353147e-01,  2.72645851e-02],
       [-6.50093942e-01, -4.41826045e-01,  2.12091138e-01,
        -1.55307898e-01, -1.63785887e-01,  1.36006280e-01,
        -1.50656091e-01, -5.54954582e-01,  5.18467359e-01,
        -1.36397602e-01,  3.07846349e-01,  1.49842455e-01,
         1.91604307e-01, -1.13472664e-02,  3.22715660e-03,
         5.02080186e-02, -4.98716889e-03,  3.71755359e-02],
       [ 1.55070326e+00, -1.31963725e+00, -1.10853045e+00,
         2.76999849e-01, -4.20529723e-01, -3.08897752e-01,
        -5.70603830e-01, -7.02505685e-01, -3.65369153e-01,
        -6.06757233e-01, -2.55670080e+00,  7.92952247e-01,
        -1.13472664e-02,  7.46061786e-01,  3.74157485e-02,
         2.66189384e-01,  3.41402667e-03,  4.59062693e-02],
       [ 6.40527754e-02, -1.17830435e+00, -1.15728985e+00,
        -6.67576619e-02, -3.84916704e-01, -3.30768901e-01,
        -6.62367759e-01, -1.46212044e-01, -8.59225850e-01,
        -4.45217398e-01,  3.36899044e-01, -1.62374716e-01,
         3.22715660e-03,  3.74157485e-02,  3.40810890e-01,
        -6.93426098e-02, -1.67349268e-02,  1.33874186e-01],
       [ 5.03853308e-01, -1.86123370e-01, -2.92706864e-01,
         1.05230760e-01, -7.79863629e-02, -7.11579690e-02,
        -1.75407849e-01, -3.79515940e-01,  1.20125227e-01,
        -1.26067255e-01, -1.16130685e+00,  4.80561558e-01,
         5.02080186e-02,  2.66189384e-01, -6.93426098e-02,
         1.67391188e-01, -2.17898598e-02, -9.76040847e-03],
       [-1.79022654e-01,  2.39365709e-03,  2.88880063e-01,
        -3.78629788e-02,  3.33073202e-02,  8.51740486e-02,
         1.45496350e-01,  1.44681263e-01,  1.19383018e-01,
         7.72373566e-02,  2.41398390e-01, -1.19353147e-01,
        -4.98716889e-03,  3.41402667e-03, -1.67349268e-02,
        -2.17898598e-02,  5.59982717e-02,  3.19897442e-04],
       [-3.41862046e-02, -6.12850705e-01, -3.91627418e-01,
        -3.25850961e-02, -1.93864878e-01, -9.58727311e-02,
        -2.05145582e-01, -1.68206532e-01, -2.49202315e-01,
        -2.19443407e-01,  1.39191548e-01,  2.72645851e-02,
         3.71755359e-02,  4.59062693e-02,  1.33874186e-01,
        -9.76040847e-03,  3.19897442e-04,  8.13734688e-02]])
      jac: array([ 1.87627691e-06,  2.25486296e-06, -2.31407486e-06, -6.00223575e-06,
       -8.78926561e-06,  7.86741043e-06,  6.30236604e-07,  7.29786602e-07,
       -1.24270964e-06, -1.43847897e-06, -7.21274892e-07,  2.19084010e-07,
       -4.45939582e-07, -4.98120064e-06, -3.06939659e-06, -6.99810580e-07,
        8.81702119e-06,  2.53500924e-07])
  message: 'Optimization terminated successfully.'
     nfev: 1843
      nit: 86
     njev: 97
   status: 0
  success: True
        x: array([ 0.0096339 , -1.24891298, -0.32173602,  0.147479  , -1.70145063,
       -0.61989648,  0.99440937, -2.20524411, -0.59307298, -0.75669732,
        0.37098567,  0.17369705,  0.2898108 ,  0.18640603,  0.03549036,
        0.06971886,  1.79329099, -0.64442794])
