Program Begingeth
      fun: 0.25656649913817303
 hess_inv: array([[ 1.48104001e+00, -4.26208485e-01,  1.04702490e-01,
         2.88415047e-01,  3.81918521e-01,  7.99203176e-01,
        -3.31641204e-01, -5.21814619e-02,  3.37381673e+00,
         1.28998117e+00,  1.46290231e+00,  1.26566754e+00,
        -5.83953476e-01,  1.65650387e-01,  2.76811903e-02,
         5.50113966e-03, -9.31825025e-02, -2.95591519e-01],
       [-4.26208485e-01,  4.73928827e-01, -8.27493248e-02,
        -1.10293860e-01, -1.57100061e-01, -5.08286980e-01,
         3.73260818e-01,  1.49089955e-01, -2.15283945e+00,
        -5.61006659e-01, -6.99504178e-01, -7.62210180e-01,
         1.84008156e-01, -1.64562148e-01, -1.44355188e-01,
         2.49001847e-02,  5.44271258e-02,  1.12279336e-02],
       [ 1.04702490e-01, -8.27493248e-02,  2.85393517e-01,
         2.14677149e-01,  1.79376769e-01,  2.94649646e-01,
        -8.33948923e-02,  1.58706474e-01,  1.72455043e+00,
         8.36896468e-01,  5.26983214e-01,  5.41376767e-01,
         2.74074720e-02,  7.52013561e-02, -4.41264817e-02,
         5.42054044e-02, -7.64788288e-03,  2.47664429e-02],
       [ 2.88415047e-01, -1.10293860e-01,  2.14677149e-01,
         6.43133912e-01,  2.60038721e-01,  6.76700197e-01,
        -2.49603167e-01, -1.71659035e-01,  4.30236885e+00,
         2.37543208e+00,  1.04951354e+00,  1.32381515e+00,
         5.20630266e-02, -4.02674947e-03, -1.75368439e-02,
         6.35555450e-02, -1.20508887e-01, -2.12237574e-02],
       [ 3.81918521e-01, -1.57100061e-01,  1.79376769e-01,
         2.60038721e-01,  2.83693814e-01,  4.62287191e-01,
        -2.43215607e-01,  1.84017659e-01,  2.56007121e+00,
         1.10564839e+00,  9.53316969e-01,  7.50816620e-01,
        -1.12890284e-01,  9.59021903e-02,  1.77598102e-02,
         2.14829521e-02, -3.07903305e-02, -3.78529538e-02],
       [ 7.99203176e-01, -5.08286980e-01,  2.94649646e-01,
         6.76700197e-01,  4.62287191e-01,  1.29539135e+00,
        -1.00448216e+00, -3.03235304e-01,  6.86718030e+00,
         2.88368401e+00,  1.98854327e+00,  2.30003097e+00,
        -2.27468366e-01,  1.33583923e-01,  1.39590908e-01,
         2.93722290e-03, -1.54704055e-01, -6.52150655e-02],
       [-3.31641204e-01,  3.73260818e-01, -8.33948923e-02,
        -2.49603167e-01, -2.43215607e-01, -1.00448216e+00,
         2.20618426e+00,  1.76678668e-01, -5.18210338e+00,
        -1.86139850e+00, -1.37140596e+00, -1.90510039e+00,
         2.23830632e-01, -2.97433922e-02, -1.79586315e-01,
         1.02796750e-01,  9.62124190e-02,  1.42837717e-02],
       [-5.21814619e-02,  1.49089955e-01,  1.58706474e-01,
        -1.71659035e-01,  1.84017659e-01, -3.03235304e-01,
         1.76678668e-01,  1.71173253e+00, -1.25148579e+00,
        -4.40760125e-01, -1.26215572e-01, -6.56213818e-01,
        -6.25429236e-02,  1.05245514e-01, -1.46200774e-01,
         4.72640818e-03,  1.14311655e-01, -1.60307921e-02],
       [ 3.37381673e+00, -2.15283945e+00,  1.72455043e+00,
         4.30236885e+00,  2.56007121e+00,  6.86718030e+00,
        -5.18210338e+00, -1.25148579e+00,  3.96790501e+01,
         1.78863686e+01,  1.06962672e+01,  1.23541563e+01,
        -6.59474335e-01,  5.29282188e-01,  5.14589865e-01,
         1.12330752e-01, -8.28886007e-01, -2.22695554e-01],
       [ 1.28998117e+00, -5.61006659e-01,  8.36896468e-01,
         2.37543208e+00,  1.10564839e+00,  2.88368401e+00,
        -1.86139850e+00, -4.40760125e-01,  1.78863686e+01,
         9.37358679e+00,  4.49816718e+00,  5.52845897e+00,
        -2.44132063e-02,  4.84451234e-02, -4.40581731e-03,
         1.49762559e-01, -4.30370496e-01, -1.16516543e-01],
       [ 1.46290231e+00, -6.99504178e-01,  5.26983214e-01,
         1.04951354e+00,  9.53316969e-01,  1.98854327e+00,
        -1.37140596e+00, -1.26215572e-01,  1.06962672e+01,
         4.49816718e+00,  3.75227987e+00,  3.36302440e+00,
        -4.48623575e-01,  2.54720089e-01,  1.85005926e-01,
         2.72395103e-02, -2.07817644e-01, -1.40086728e-01],
       [ 1.26566754e+00, -7.62210180e-01,  5.41376767e-01,
         1.32381515e+00,  7.50816620e-01,  2.30003097e+00,
        -1.90510039e+00, -6.56213818e-01,  1.23541563e+01,
         5.52845897e+00,  3.36302440e+00,  4.36871950e+00,
        -2.82992487e-01,  1.24584192e-01,  1.64041004e-01,
         2.94979203e-02, -3.17913312e-01, -1.20801199e-01],
       [-5.83953476e-01,  1.84008156e-01,  2.74074720e-02,
         5.20630266e-02, -1.12890284e-01, -2.27468366e-01,
         2.23830632e-01, -6.25429236e-02, -6.59474335e-01,
        -2.44132063e-02, -4.48623575e-01, -2.82992487e-01,
         3.19415520e-01, -8.07802833e-02, -3.77764156e-02,
         5.22552486e-02,  4.27805247e-03,  1.27630773e-01],
       [ 1.65650387e-01, -1.64562148e-01,  7.52013561e-02,
        -4.02674947e-03,  9.59021903e-02,  1.33583923e-01,
        -2.97433922e-02,  1.05245514e-01,  5.29282188e-01,
         4.84451234e-02,  2.54720089e-01,  1.24584192e-01,
        -8.07802833e-02,  1.16484935e-01,  3.62364075e-02,
        -6.15576456e-05,  2.68267839e-02, -9.12489502e-04],
       [ 2.76811903e-02, -1.44355188e-01, -4.41264817e-02,
        -1.75368439e-02,  1.77598102e-02,  1.39590908e-01,
        -1.79586315e-01, -1.46200774e-01,  5.14589865e-01,
        -4.40581731e-03,  1.85005926e-01,  1.64041004e-01,
        -3.77764156e-02,  3.62364075e-02,  1.13428331e-01,
        -3.08379988e-02, -1.35739961e-02,  3.99777278e-02],
       [ 5.50113966e-03,  2.49001847e-02,  5.42054044e-02,
         6.35555450e-02,  2.14829521e-02,  2.93722290e-03,
         1.02796750e-01,  4.72640818e-03,  1.12330752e-01,
         1.49762559e-01,  2.72395103e-02,  2.94979203e-02,
         5.22552486e-02, -6.15576456e-05, -3.08379988e-02,
         4.83219872e-02, -6.04415238e-03,  3.63240373e-03],
       [-9.31825025e-02,  5.44271258e-02, -7.64788288e-03,
        -1.20508887e-01, -3.07903305e-02, -1.54704055e-01,
         9.62124190e-02,  1.14311655e-01, -8.28886007e-01,
        -4.30370496e-01, -2.07817644e-01, -3.17913312e-01,
         4.27805247e-03,  2.68267839e-02, -1.35739961e-02,
        -6.04415238e-03,  6.02164327e-02,  1.35167227e-02],
       [-2.95591519e-01,  1.12279336e-02,  2.47664429e-02,
        -2.12237574e-02, -3.78529538e-02, -6.52150655e-02,
         1.42837717e-02, -1.60307921e-02, -2.22695554e-01,
        -1.16516543e-01, -1.40086728e-01, -1.20801199e-01,
         1.27630773e-01, -9.12489502e-04,  3.99777278e-02,
         3.63240373e-03,  1.35167227e-02,  1.03852133e-01]])
      jac: array([-5.72464298e-05,  6.29703697e-05, -2.30326869e-05, -8.96216435e-05,
       -1.05147742e-04,  2.22366200e-04,  2.95715304e-05, -2.28187839e-06,
       -2.91818421e-05,  3.27097608e-05,  3.42348372e-05, -1.76917740e-05,
       -3.34576811e-05,  1.08898816e-04, -1.83257113e-05,  1.00537726e-04,
       -5.07690186e-05, -2.97054973e-05])
  message: 'Desired error not necessarily achieved due to precision loss.'
     nfev: 2881
      nit: 92
     njev: 151
   status: 2
  success: False
        x: array([ 0.13111742,  0.29206217,  0.71258306,  1.65691193, -1.03551511,
       -0.17721266,  2.77959182, -0.74650032,  0.20196152,  1.9465953 ,
       -1.11081832, -0.83803553,  0.17595977,  0.15084373, -0.26327741,
       -1.22959067,  0.06183084,  0.04944029])
