Program Begingeth
      fun: 0.2866586138746738
 hess_inv: array([[ 7.05470805e+00,  1.13453774e+00, -2.41287313e-02,
         2.38467421e+00,  6.72829882e-01, -8.90035309e-01,
         8.79288820e+00,  2.29697706e+00, -1.68383420e+00,
        -2.28113271e-01,  3.59966446e-01,  1.50289254e-01,
        -5.81211171e-01, -6.58232441e-02, -2.62772883e-01,
         7.58662458e-01, -4.29719575e-02,  7.37195614e-01],
       [ 1.13453774e+00,  2.07554047e+00,  1.20804899e-01,
         2.99588050e-01,  8.21636807e-01, -3.08017235e-01,
        -3.30462358e-01, -3.17033601e-01, -3.48582341e-01,
         6.83196873e-01,  2.38151309e-01, -6.66912839e-01,
        -3.74259401e-01, -1.32766244e-01, -1.64876975e-01,
        -9.99583685e-02, -7.39915719e-02,  2.68360787e-02],
       [-2.41287313e-02,  1.20804899e-01,  1.22225556e+00,
         6.86349983e-02,  7.67727910e-02,  4.56898091e-01,
         6.98099186e-01,  5.91026324e-01,  2.80505905e-01,
        -6.18080749e-02,  2.67496736e-01, -3.33491028e-01,
         8.83064836e-02,  6.12718245e-02,  4.07359815e-02,
         5.76462324e-02,  1.83716702e-01,  5.98857447e-02],
       [ 2.38467421e+00,  2.99588050e-01,  6.86349983e-02,
         8.38990031e-01,  1.94362208e-01, -2.58726303e-01,
         3.01556986e+00,  9.12410232e-01, -5.61552958e-01,
        -1.38743482e-01,  1.52657833e-01,  7.42182770e-02,
        -1.40616409e-01, -8.63879510e-03, -9.70583022e-02,
         2.76251136e-01,  2.43618167e-02,  2.31853210e-01],
       [ 6.72829882e-01,  8.21636807e-01,  7.67727910e-02,
         1.94362208e-01,  3.56993044e-01, -1.35132181e-01,
         1.83383859e-01,  9.50893365e-03, -5.60528548e-02,
         2.14760262e-01,  1.17250373e-01, -2.25519533e-01,
        -1.72972000e-01, -2.88992599e-02, -7.65207526e-02,
        -3.62396827e-02, -1.88603221e-02,  4.96217006e-02],
       [-8.90035309e-01, -3.08017235e-01,  4.56898091e-01,
        -2.58726303e-01, -1.35132181e-01,  3.34552396e-01,
        -6.14592717e-01,  6.85631074e-02,  2.57375892e-01,
        -1.53550184e-01, -5.72613738e-02, -4.34100188e-02,
         1.68273058e-01,  6.76294824e-02,  8.55581520e-02,
        -3.15413989e-02,  9.10030388e-02, -6.51719356e-02],
       [ 8.79288820e+00, -3.30462358e-01,  6.98099186e-01,
         3.01556986e+00,  1.83383859e-01, -6.14592717e-01,
         2.80432725e+01,  7.50397521e-01, -4.93849637e+00,
         7.02541734e-01, -1.60935214e+00,  2.18968586e+00,
        -6.77959470e-01,  6.90434663e-01,  5.86864339e-01,
         2.85941174e+00,  8.26293327e-02,  2.28457676e+00],
       [ 2.29697706e+00, -3.17033601e-01,  5.91026324e-01,
         9.12410232e-01,  9.50893365e-03,  6.85631074e-02,
         7.50397521e-01,  7.59895685e+00,  6.35784238e-01,
        -1.78835350e+00,  4.27935765e-02, -4.31143503e-01,
         3.32616372e-01,  1.60729195e-01, -2.76673864e-01,
         6.02954447e-02,  7.53405759e-01, -2.05514092e-01],
       [-1.68383420e+00, -3.48582341e-01,  2.80505905e-01,
        -5.61552958e-01, -5.60528548e-02,  2.57375892e-01,
        -4.93849637e+00,  6.35784238e-01,  5.71483885e+00,
        -5.68615975e-01,  7.77230608e-01, -8.27521001e-01,
         9.10255343e-02, -4.41981423e-02, -2.58702059e-02,
        -7.19623035e-01,  1.14823260e-01,  6.10968960e-02],
       [-2.28113271e-01,  6.83196873e-01, -6.18080749e-02,
        -1.38743482e-01,  2.14760262e-01, -1.53550184e-01,
         7.02541734e-01, -1.78835350e+00, -5.68615975e-01,
         1.41125794e+00, -1.21359650e-01, -1.03684061e-04,
        -3.52857726e-01, -1.25167726e-02,  8.89344891e-02,
         6.21942340e-02, -1.21797605e-01,  2.47705690e-01],
       [ 3.59966446e-01,  2.38151309e-01,  2.67496736e-01,
         1.52657833e-01,  1.17250373e-01, -5.72613738e-02,
        -1.60935214e+00,  4.27935765e-02,  7.77230608e-01,
        -1.21359650e-01,  1.01063385e+00, -4.41270663e-01,
        -3.58750341e-02, -2.31699729e-01, -2.35630124e-01,
        -2.38996167e-01, -3.41204428e-02, -1.61826349e-01],
       [ 1.50289254e-01, -6.66912839e-01, -3.33491028e-01,
         7.42182770e-02, -2.25519533e-01, -4.34100188e-02,
         2.18968586e+00, -4.31143503e-01, -8.27521001e-01,
        -1.03684061e-04, -4.41270663e-01,  8.38326171e-01,
         2.94651386e-02,  1.77293448e-01,  7.81127620e-02,
         2.31355633e-01, -1.48976454e-03,  1.53941055e-01],
       [-5.81211171e-01, -3.74259401e-01,  8.83064836e-02,
        -1.40616409e-01, -1.72972000e-01,  1.68273058e-01,
        -6.77959470e-01,  3.32616372e-01,  9.10255343e-02,
        -3.52857726e-01, -3.58750341e-02,  2.94651386e-02,
         2.25869363e-01,  2.47288057e-02,  1.34248069e-02,
         4.02957493e-04,  7.67853652e-02, -1.45197980e-01],
       [-6.58232441e-02, -1.32766244e-01,  6.12718245e-02,
        -8.63879510e-03, -2.88992599e-02,  6.76294824e-02,
         6.90434663e-01,  1.60729195e-01, -4.41981423e-02,
        -1.25167726e-02, -2.31699729e-01,  1.77293448e-01,
         2.47288057e-02,  1.17384257e-01,  5.77702004e-02,
         6.85954755e-02,  7.08592467e-02,  7.46460410e-02],
       [-2.62772883e-01, -1.64876975e-01,  4.07359815e-02,
        -9.70583022e-02, -7.65207526e-02,  8.55581520e-02,
         5.86864339e-01, -2.76673864e-01, -2.58702059e-02,
         8.89344891e-02, -2.35630124e-01,  7.81127620e-02,
         1.34248069e-02,  5.77702004e-02,  1.24277550e-01,
         8.23848098e-02, -7.40797943e-03,  1.00195342e-01],
       [ 7.58662458e-01, -9.99583685e-02,  5.76462324e-02,
         2.76251136e-01, -3.62396827e-02, -3.15413989e-02,
         2.85941174e+00,  6.02954447e-02, -7.19623035e-01,
         6.21942340e-02, -2.38996167e-01,  2.31355633e-01,
         4.02957493e-04,  6.85954755e-02,  8.23848098e-02,
         3.51648710e-01,  1.81968839e-02,  1.95696573e-01],
       [-4.29719575e-02, -7.39915719e-02,  1.83716702e-01,
         2.43618167e-02, -1.88603221e-02,  9.10030388e-02,
         8.26293327e-02,  7.53405759e-01,  1.14823260e-01,
        -1.21797605e-01, -3.41204428e-02, -1.48976454e-03,
         7.67853652e-02,  7.08592467e-02, -7.40797943e-03,
         1.81968839e-02,  1.44284355e-01, -1.82061950e-02],
       [ 7.37195614e-01,  2.68360787e-02,  5.98857447e-02,
         2.31853210e-01,  4.96217006e-02, -6.51719356e-02,
         2.28457676e+00, -2.05514092e-01,  6.10968960e-02,
         2.47705690e-01, -1.61826349e-01,  1.53941055e-01,
        -1.45197980e-01,  7.46460410e-02,  1.00195342e-01,
         1.95696573e-01, -1.82061950e-02,  3.20218594e-01]])
      jac: array([-2.24587016e-05, -1.55908619e-05,  9.00279851e-06,  5.84103136e-05,
        4.71089834e-05,  7.78266340e-07, -4.69846384e-06,  8.91879163e-07,
        2.74558154e-06, -9.89800834e-06, -2.24339066e-06,  2.46702658e-05,
       -9.40680867e-05, -4.00968148e-05,  3.56203955e-05,  7.62697313e-05,
        9.28738568e-06, -5.13093272e-05])
  message: 'Desired error not necessarily achieved due to precision loss.'
     nfev: 2594
      nit: 99
     njev: 136
   status: 2
  success: False
        x: array([-0.88794296, -0.84981873,  0.56840592, -1.10144585, -0.83807349,
        0.19645363,  1.54458889, -0.47144115,  1.02887575,  0.0197962 ,
        0.56133418,  1.08250965,  0.07693132,  0.12422635, -0.27521739,
        1.31488548, -0.54824026,  0.10243452])
