Program Begingeth
      fun: 0.2593141543322073
 hess_inv: array([[ 5.29249779e+00, -2.11758363e+00, -8.42605517e-01,
         1.62053704e+00, -8.20120707e-01,  9.06195504e-01,
         3.23252193e+00,  3.14264592e+00,  1.49671876e+00,
        -3.71209187e-01, -1.30905761e+00,  1.33893986e+00,
        -9.41646714e-01,  5.73372465e-01,  6.32552846e-01,
        -2.87707487e-01,  6.10774123e-01, -2.90255148e-01],
       [-2.11758363e+00,  3.61344751e+00,  1.66596124e+00,
        -6.59589588e-01,  1.33209562e+00,  5.69469240e-02,
        -4.35616048e+00, -2.43473941e-01,  3.50881725e+00,
        -2.15125713e-01,  7.38371956e-01, -1.83985761e+00,
         6.27816668e-01, -5.61534213e-01, -4.21050223e-01,
         7.79881337e-02, -3.25645733e-01,  5.65054329e-02],
       [-8.42605517e-01,  1.66596124e+00,  3.34287065e+00,
        -8.01491928e-01,  5.38047958e-01,  1.04332111e+00,
        -7.06052533e+00, -3.59840250e+00,  5.12216146e+00,
         1.24653714e-01,  1.55573040e+00, -1.28400820e+00,
         1.69923921e-01, -3.87770074e-01, -6.03611476e-01,
         2.29909095e-01, -1.80747466e-01, -2.67026589e-01],
       [ 1.62053704e+00, -6.59589588e-01, -8.01491928e-01,
         6.64697546e-01, -2.62995305e-01,  5.12375356e-02,
         2.63539669e+00,  1.67029653e+00, -1.98078374e-01,
        -2.13502310e-01, -6.45807412e-01,  4.48202791e-01,
        -2.40271578e-01,  1.74382933e-01,  2.97463813e-01,
        -1.27648311e-01,  1.86820653e-01,  5.00275331e-03],
       [-8.20120707e-01,  1.33209562e+00,  5.38047958e-01,
        -2.62995305e-01,  6.08284276e-01,  2.52751897e-02,
        -2.30175770e+00,  7.43496082e-01,  9.39758154e-01,
         2.29385287e-02,  1.62854591e-01, -5.84354220e-01,
         2.72351463e-01, -1.46973807e-01, -1.05103938e-01,
         5.63234140e-02, -1.52312946e-01,  3.57614897e-02],
       [ 9.06195504e-01,  5.69469240e-02,  1.04332111e+00,
         5.12375356e-02,  2.52751897e-02,  6.79210609e-01,
        -2.40754796e+00, -3.19398343e-01,  2.49286076e+00,
         1.23747123e-01,  1.85756658e-01, -1.04910190e-01,
        -1.89455319e-01,  7.02913366e-03, -3.31661475e-02,
         2.23869424e-03,  3.57375572e-02, -1.76888164e-01],
       [ 3.23252193e+00, -4.35616048e+00, -7.06052533e+00,
         2.63539669e+00, -2.30175770e+00, -2.40754796e+00,
         2.84979994e+01,  3.82640056e+00, -1.04501780e+01,
        -1.55487928e+00, -2.81798442e+00,  2.37299250e+00,
        -8.46542115e-01,  7.04146526e-01,  1.25723690e+00,
        -7.32948445e-01,  1.15210094e+00,  7.70359981e-01],
       [ 3.14264592e+00, -2.43473941e-01, -3.59840250e+00,
         1.67029653e+00,  7.43496082e-01, -3.19398343e-01,
         3.82640056e+00,  1.48911495e+01, -3.59172780e+00,
        -1.77000706e-02, -2.95186686e+00,  1.03902812e+00,
        -2.57274259e-01,  6.60881253e-01,  1.43269305e+00,
        -4.93699252e-01,  2.58737689e-01,  3.48981124e-01],
       [ 1.49671876e+00,  3.50881725e+00,  5.12216146e+00,
        -1.98078374e-01,  9.39758154e-01,  2.49286076e+00,
        -1.04501780e+01, -3.59172780e+00,  1.63923113e+01,
         7.76077352e-02,  1.90031241e+00, -2.19836250e+00,
        -1.37249146e-01, -9.51247880e-01, -7.41640802e-01,
        -1.47172890e-02, -3.47943673e-01, -6.51174161e-01],
       [-3.71209187e-01, -2.15125713e-01,  1.24653714e-01,
        -2.13502310e-01,  2.29385287e-02,  1.23747123e-01,
        -1.55487928e+00, -1.77000706e-02,  7.76077352e-02,
         8.82749976e-01,  1.74565562e-01,  5.21463335e-02,
        -1.15459807e-01, -3.69767644e-02, -8.39772460e-02,
         4.13102406e-02, -1.60205082e-01, -1.91476187e-01],
       [-1.30905761e+00,  7.38371956e-01,  1.55573040e+00,
        -6.45807412e-01,  1.62854591e-01,  1.85756658e-01,
        -2.81798442e+00, -2.95186686e+00,  1.90031241e+00,
         1.74565562e-01,  1.50452888e+00, -7.60486056e-01,
         1.89567229e-01, -4.01320856e-01, -5.53650337e-01,
         1.85120347e-01, -1.75797004e-01, -1.90003442e-01],
       [ 1.33893986e+00, -1.83985761e+00, -1.28400820e+00,
         4.48202791e-01, -5.84354220e-01, -1.04910190e-01,
         2.37299250e+00,  1.03902812e+00, -2.19836250e+00,
         5.21463335e-02, -7.60486056e-01,  1.37502047e+00,
        -3.03734283e-01,  4.47961079e-01,  2.85514023e-01,
        -2.48919553e-02,  2.33045145e-01,  1.89462168e-02],
       [-9.41646714e-01,  6.27816668e-01,  1.69923921e-01,
        -2.40271578e-01,  2.72351463e-01, -1.89455319e-01,
        -8.46542115e-01, -2.57274259e-01, -1.37249146e-01,
        -1.15459807e-01,  1.89567229e-01, -3.03734283e-01,
         3.09997691e-01, -1.21147950e-01, -9.88401079e-02,
         1.04011699e-01, -1.49058179e-01,  1.12229786e-01],
       [ 5.73372465e-01, -5.61534213e-01, -3.87770074e-01,
         1.74382933e-01, -1.46973807e-01,  7.02913366e-03,
         7.04146526e-01,  6.60881253e-01, -9.51247880e-01,
        -3.69767644e-02, -4.01320856e-01,  4.47961079e-01,
        -1.21147950e-01,  2.31046214e-01,  1.51299164e-01,
        -2.16400589e-02,  1.40006800e-01,  2.74126514e-02],
       [ 6.32552846e-01, -4.21050223e-01, -6.03611476e-01,
         2.97463813e-01, -1.05103938e-01, -3.31661475e-02,
         1.25723690e+00,  1.43269305e+00, -7.41640802e-01,
        -8.39772460e-02, -5.53650337e-01,  2.85514023e-01,
        -9.88401079e-02,  1.51299164e-01,  2.69921964e-01,
        -8.86718815e-02,  7.80125776e-02,  9.21824738e-02],
       [-2.87707487e-01,  7.79881337e-02,  2.29909095e-01,
        -1.27648311e-01,  5.63234140e-02,  2.23869424e-03,
        -7.32948445e-01, -4.93699252e-01, -1.47172890e-02,
         4.13102406e-02,  1.85120347e-01, -2.48919553e-02,
         1.04011699e-01, -2.16400589e-02, -8.86718815e-02,
         1.01885647e-01, -5.24871710e-02, -4.02001898e-03],
       [ 6.10774123e-01, -3.25645733e-01, -1.80747466e-01,
         1.86820653e-01, -1.52312946e-01,  3.57375572e-02,
         1.15210094e+00,  2.58737689e-01, -3.47943673e-01,
        -1.60205082e-01, -1.75797004e-01,  2.33045145e-01,
        -1.49058179e-01,  1.40006800e-01,  7.80125776e-02,
        -5.24871710e-02,  1.91747875e-01, -3.46549040e-03],
       [-2.90255148e-01,  5.65054329e-02, -2.67026589e-01,
         5.00275331e-03,  3.57614897e-02, -1.76888164e-01,
         7.70359981e-01,  3.48981124e-01, -6.51174161e-01,
        -1.91476187e-01, -1.90003442e-01,  1.89462168e-02,
         1.12229786e-01,  2.74126514e-02,  9.21824738e-02,
        -4.02001898e-03, -3.46549040e-03,  1.63389889e-01]])
      jac: array([ 8.74855744e-06, -3.00352336e-06,  2.04973076e-05, -1.38999923e-05,
        7.50399742e-06, -5.48320648e-05,  2.13162821e-07,  9.51831207e-07,
        3.96201590e-06,  3.21705625e-06, -3.86875717e-06,  6.91520915e-06,
       -1.66555658e-05, -9.12307267e-06,  2.31392683e-05,  6.58954373e-06,
       -6.93112234e-06, -3.97052761e-06])
  message: 'Desired error not necessarily achieved due to precision loss.'
     nfev: 2158
      nit: 75
     njev: 113
   status: 2
  success: False
        x: array([ 0.66271039, -0.72710659,  0.62395052,  1.04282282, -0.85701442,
        0.11646477,  0.68188988, -1.49228366, -0.57843889,  0.0064934 ,
        0.67551602,  1.11110208,  0.03184178,  0.17322514, -0.36165143,
       -1.01196204, -0.40082345, -0.0181488 ])
