Program Begingeth
      fun: 0.37317171669266974
 hess_inv: array([[ 9.53110228e+00,  3.67633642e+00, -1.77371690e+00,
         2.97367539e+00,  2.08668172e+00, -1.19692705e+00,
         4.83679133e+00,  1.65050064e+00,  3.42791309e+00,
         3.98760498e-01,  8.39365002e-01, -1.05630868e+00,
        -1.73747860e+00, -3.60140491e-01, -2.32500940e-01,
        -4.05661459e-01, -8.66504171e-01,  3.11077942e-01],
       [ 3.67633642e+00,  3.74765341e+00, -1.53290215e-01,
         8.63354557e-01,  1.77017475e+00, -5.50285788e-01,
         6.45601180e-01,  2.28234791e+00, -5.38486175e-01,
         5.98794817e-01,  2.43328320e-01, -1.17416417e+00,
        -9.72327940e-01, -2.54973711e-01, -3.14244445e-02,
        -1.66277034e-01, -3.45528369e-01,  2.20936956e-01],
       [-1.77371690e+00, -1.53290215e-01,  2.48690772e+00,
        -7.86745879e-01,  1.45846228e-02,  9.60628860e-01,
        -3.99804401e+00,  1.21064334e+00, -6.50712206e-01,
        -1.41693907e-01,  5.43017850e-01, -1.85457075e-02,
         2.64177766e-01,  2.29123754e-02, -5.74413567e-02,
        -2.16368912e-03,  2.02236848e-01, -3.01299369e-02],
       [ 2.97367539e+00,  8.63354557e-01, -7.86745879e-01,
         1.06332406e+00,  5.22981680e-01, -4.48532670e-01,
         2.53370759e+00,  4.78483274e-01,  1.32090644e+00,
         1.39303509e-01,  3.06493432e-01, -2.70629582e-01,
        -4.59344518e-01, -1.08938093e-01, -1.04204991e-01,
        -9.28776332e-02, -2.40229271e-01,  6.33189909e-02],
       [ 2.08668172e+00,  1.77017475e+00,  1.45846228e-02,
         5.22981680e-01,  9.36559716e-01, -2.42449540e-01,
         3.03734424e-01,  1.66268482e+00,  7.03684654e-02,
         3.81781033e-01,  1.81964275e-01, -4.75282774e-01,
        -5.44748623e-01, -8.55794132e-02, -5.99427533e-02,
        -1.25181995e-01, -1.75769461e-01,  1.24768525e-01],
       [-1.19692705e+00, -5.50285788e-01,  9.60628860e-01,
        -4.48532670e-01, -2.42449540e-01,  4.97558721e-01,
        -1.86757882e+00, -9.52236670e-02,  4.51717544e-02,
        -2.32641633e-01,  5.69734920e-02,  1.49686808e-01,
         2.57287848e-01,  7.42359841e-02,  3.20354015e-02,
         3.27347903e-02,  1.28926756e-01, -3.40878755e-02],
       [ 4.83679133e+00,  6.45601180e-01, -3.99804401e+00,
         2.53370759e+00,  3.03734424e-01, -1.86757882e+00,
         1.31127452e+01,  2.75122023e-01,  2.33752080e+00,
         6.43652312e-01,  3.69498418e-01, -6.27868252e-01,
        -5.37850089e-01, -3.30968872e-01, -2.43972652e-01,
         9.41935015e-03, -3.65016028e-01, -4.24515821e-02],
       [ 1.65050064e+00,  2.28234791e+00,  1.21064334e+00,
         4.78483274e-01,  1.66268482e+00, -9.52236670e-02,
         2.75122023e-01,  8.23148335e+00, -2.60370261e-01,
         1.86470184e+00,  4.09013648e-01, -4.98480015e-01,
        -7.83927561e-01,  3.65724892e-02, -3.11800077e-01,
        -2.09277198e-01, -1.52457983e-02,  2.39535936e-01],
       [ 3.42791309e+00, -5.38486175e-01, -6.50712206e-01,
         1.32090644e+00,  7.03684654e-02,  4.51717544e-02,
         2.33752080e+00, -2.60370261e-01,  5.75119956e+00,
         1.37734580e-01,  3.49932960e-01,  4.71884626e-02,
        -3.89575863e-01,  1.23238337e-01, -3.99244115e-02,
        -1.27197408e-01, -1.64298179e-01,  7.39399231e-02],
       [ 3.98760498e-01,  5.98794817e-01, -1.41693907e-01,
         1.39303509e-01,  3.81781033e-01, -2.32641633e-01,
         6.43652312e-01,  1.86470184e+00,  1.37734580e-01,
         1.66953633e+00, -2.08144473e-01, -1.03705164e-01,
        -4.71594341e-01,  7.61747457e-02,  3.99310098e-02,
        -4.93377986e-02,  3.95738849e-02,  2.84156605e-01],
       [ 8.39365002e-01,  2.43328320e-01,  5.43017850e-01,
         3.06493432e-01,  1.81964275e-01,  5.69734920e-02,
         3.69498418e-01,  4.09013648e-01,  3.49932960e-01,
        -2.08144473e-01,  1.07616897e+00, -2.11703710e-01,
        -6.17517137e-02, -2.18636799e-01, -2.39038876e-01,
        -5.71117408e-02, -5.34473377e-02, -1.31040365e-01],
       [-1.05630868e+00, -1.17416417e+00, -1.85457075e-02,
        -2.70629582e-01, -4.75282774e-01,  1.49686808e-01,
        -6.27868252e-01, -4.98480015e-01,  4.71884626e-02,
        -1.03705164e-01, -2.11703710e-01,  8.43849051e-01,
         2.25468354e-01,  1.95428682e-01, -5.12365399e-02,
        -1.83311113e-02,  1.45759537e-01, -2.95417208e-02],
       [-1.73747860e+00, -9.72327940e-01,  2.64177766e-01,
        -4.59344518e-01, -5.44748623e-01,  2.57287848e-01,
        -5.37850089e-01, -7.83927561e-01, -3.89575863e-01,
        -4.71594341e-01, -6.17517137e-02,  2.25468354e-01,
         5.06530131e-01,  5.08181041e-02,  2.08247304e-02,
         1.38424720e-01,  1.71556880e-01, -1.44953766e-01],
       [-3.60140491e-01, -2.54973711e-01,  2.29123754e-02,
        -1.08938093e-01, -8.55794132e-02,  7.42359841e-02,
        -3.30968872e-01,  3.65724892e-02,  1.23238337e-01,
         7.61747457e-02, -2.18636799e-01,  1.95428682e-01,
         5.08181041e-02,  1.19109912e-01,  3.20374261e-02,
         3.80459247e-03,  7.51579723e-02,  2.77514559e-02],
       [-2.32500940e-01, -3.14244445e-02, -5.74413567e-02,
        -1.04204991e-01, -5.99427533e-02,  3.20354015e-02,
        -2.43972652e-01, -3.11800077e-01, -3.99244115e-02,
         3.99310098e-02, -2.39038876e-01, -5.12365399e-02,
         2.08247304e-02,  3.20374261e-02,  1.10223688e-01,
         2.86374411e-02,  5.71603330e-03,  5.50706408e-02],
       [-4.05661459e-01, -1.66277034e-01, -2.16368912e-03,
        -9.28776332e-02, -1.25181995e-01,  3.27347903e-02,
         9.41935015e-03, -2.09277198e-01, -1.27197408e-01,
        -4.93377986e-02, -5.71117408e-02, -1.83311113e-02,
         1.38424720e-01,  3.80459247e-03,  2.86374411e-02,
         7.78315353e-02,  4.46202919e-02, -2.50550970e-02],
       [-8.66504171e-01, -3.45528369e-01,  2.02236848e-01,
        -2.40229271e-01, -1.75769461e-01,  1.28926756e-01,
        -3.65016028e-01, -1.52457983e-02, -1.64298179e-01,
         3.95738849e-02, -5.34473377e-02,  1.45759537e-01,
         1.71556880e-01,  7.51579723e-02,  5.71603330e-03,
         4.46202919e-02,  1.35147579e-01, -2.42050830e-02],
       [ 3.11077942e-01,  2.20936956e-01, -3.01299369e-02,
         6.33189909e-02,  1.24768525e-01, -3.40878755e-02,
        -4.24515821e-02,  2.39535936e-01,  7.39399231e-02,
         2.84156605e-01, -1.31040365e-01, -2.95417208e-02,
        -1.44953766e-01,  2.77514559e-02,  5.50706408e-02,
        -2.50550970e-02, -2.42050830e-02,  1.06693689e-01]])
      jac: array([ 8.40808904e-07,  4.42238838e-07,  2.05391260e-07, -2.36810571e-06,
       -3.71184565e-07, -1.67273602e-07,  2.73484938e-07,  6.29126381e-08,
       -1.18423789e-08,  6.93149242e-07,  4.98490138e-07,  1.08061708e-07,
        2.50503322e-06,  1.95547282e-06,  1.17572618e-06, -2.29816166e-06,
       -1.72898732e-06, -1.11503399e-06])
  message: 'Optimization terminated successfully.'
     nfev: 1691
      nit: 78
     njev: 89
   status: 0
  success: True
        x: array([-0.89310309, -1.18142057,  0.42471418, -1.37899152, -1.0768647 ,
        0.2378664 , -2.00108923, -0.86125584,  1.0720715 ,  0.13158083,
        0.38909687,  1.13654429,  0.13051716,  0.07871419, -0.24725769,
        1.49913176, -0.56637649,  0.02258029])
