Program Begingeth
      fun: 0.35751747126734545
 hess_inv: array([[ 5.91637938e+00, -9.92439573e-01,  1.41277883e+00,
         1.91035670e+00, -7.33882675e-01,  1.68285116e+00,
        -4.56974551e-02,  5.90775658e-02,  5.60257793e+00,
        -3.62908770e-02, -8.57500613e-01,  1.45171028e-01,
        -8.25865027e-01,  2.80767828e-01,  4.67592520e-01,
        -3.66779290e-01,  5.80203973e-01, -2.84851389e-01],
       [-9.92439573e-01,  4.91810355e+00,  8.68939495e-01,
        -2.13358667e-01,  2.20242038e+00,  1.85164678e-01,
        -4.56738818e+00,  1.50533295e+00,  4.15172364e+00,
        -3.62763341e-01,  2.60244636e-01, -1.26273726e+00,
         6.55984174e-01, -3.29972545e-01, -8.85253821e-02,
         9.05098491e-02, -4.32084055e-01,  1.32750030e-01],
       [ 1.41277883e+00,  8.68939495e-01,  2.36418422e+00,
         2.04927615e-01,  2.29957893e-01,  1.20247493e+00,
        -2.36471390e+00, -1.51739870e+00,  3.26736016e+00,
        -6.75665528e-02,  4.17615870e-01, -3.26848168e-01,
        -2.25246988e-01,  6.08567980e-03, -2.07249101e-02,
        -1.28819413e-02,  1.77896220e-01, -1.12464376e-01],
       [ 1.91035670e+00, -2.13358667e-01,  2.04927615e-01,
         7.02380957e-01, -1.90033049e-01,  4.37037351e-01,
         4.41942755e-01,  3.19706946e-01,  1.80977552e+00,
        -5.19976250e-02, -3.68854055e-01, -1.56176387e-02,
        -2.05961398e-01,  7.21504254e-02,  1.89838061e-01,
        -1.19684808e-01,  1.58498773e-01, -5.52236031e-02],
       [-7.33882675e-01,  2.20242038e+00,  2.29957893e-01,
        -1.90033049e-01,  1.11879223e+00, -5.31520997e-03,
        -2.72817336e+00,  1.31302880e+00,  1.40696999e+00,
        -5.93954217e-02,  4.62258233e-02, -4.58181138e-01,
         3.93049924e-01, -1.04496113e-01, -3.95003299e-02,
         1.08507324e-01, -2.76981620e-01,  8.04257797e-02],
       [ 1.68285116e+00,  1.85164678e-01,  1.20247493e+00,
         4.37037351e-01, -5.31520997e-03,  8.58252673e-01,
        -1.28422004e+00, -3.49876423e-01,  2.66545787e+00,
         7.71516229e-02, -9.62061760e-02, -7.78747798e-02,
        -2.64643613e-01,  7.15076556e-02,  1.21841481e-01,
        -9.04943384e-02,  1.52769647e-01, -9.05604147e-02],
       [-4.56974551e-02, -4.56738818e+00, -2.36471390e+00,
         4.41942755e-01, -2.72817336e+00, -1.28422004e+00,
         1.52337433e+01, -3.49613387e+00, -5.74681293e+00,
        -5.87386261e-01,  2.90840082e-02,  4.84275417e-01,
        -6.97613447e-01,  6.21220546e-02,  8.59741283e-02,
        -3.56106548e-01,  9.06639233e-01,  1.16895460e-01],
       [ 5.90775658e-02,  1.50533295e+00, -1.51739870e+00,
         3.19706946e-01,  1.31302880e+00, -3.49876423e-01,
        -3.49613387e+00,  6.94641388e+00,  6.43855286e-01,
         3.92776982e-01, -1.01472816e+00, -7.93724592e-02,
         4.89528324e-01,  1.53313170e-01,  3.86497937e-01,
         5.61981203e-02, -3.90980571e-01,  1.79459623e-01],
       [ 5.60257793e+00,  4.15172364e+00,  3.26736016e+00,
         1.80977552e+00,  1.40696999e+00,  2.66545787e+00,
        -5.74681293e+00,  6.43855286e-01,  1.43370877e+01,
        -2.01236281e-01, -4.46643066e-01, -1.22067688e+00,
        -4.31418352e-01, -2.07457418e-01,  4.82832725e-01,
        -4.49510829e-01,  1.06947349e-01, -1.32952868e-01],
       [-3.62908770e-02, -3.62763341e-01, -6.75665528e-02,
        -5.19976250e-02, -5.93954217e-02,  7.71516229e-02,
        -5.87386261e-01,  3.92776982e-01, -2.01236281e-01,
         7.29570195e-01, -4.31054611e-02,  1.30408293e-01,
        -1.53205605e-01,  1.17851210e-02, -1.72359069e-02,
         3.63673331e-03, -8.74128845e-02, -1.48033770e-01],
       [-8.57500613e-01,  2.60244636e-01,  4.17615870e-01,
        -3.68854055e-01,  4.62258233e-02, -9.62061760e-02,
         2.90840082e-02, -1.01472816e+00, -4.46643066e-01,
        -4.31054611e-02,  9.22351650e-01, -2.03622577e-01,
         4.80036493e-02, -2.15140135e-01, -2.55878775e-01,
         7.03677664e-02, -3.01152915e-02, -9.16660296e-02],
       [ 1.45171028e-01, -1.26273726e+00, -3.26848168e-01,
        -1.56176387e-02, -4.58181138e-01, -7.78747798e-02,
         4.84275417e-01, -7.93724592e-02, -1.22067688e+00,
         1.30408293e-01, -2.03622577e-01,  7.00001468e-01,
        -9.86371647e-02,  1.90742908e-01, -2.38831594e-02,
         5.36037296e-02,  1.02470295e-01, -1.55347951e-02],
       [-8.25865027e-01,  6.55984174e-01, -2.25246988e-01,
        -2.05961398e-01,  3.93049924e-01, -2.64643613e-01,
        -6.97613447e-01,  4.89528324e-01, -4.31418352e-01,
        -1.53205605e-01,  4.80036493e-02, -9.86371647e-02,
         3.14041194e-01, -5.23661280e-02, -4.51291319e-02,
         1.30652562e-01, -1.76910530e-01,  1.03525106e-01],
       [ 2.80767828e-01, -3.29972545e-01,  6.08567980e-03,
         7.21504254e-02, -1.04496113e-01,  7.15076556e-02,
         6.21220546e-02,  1.53313170e-01, -2.07457418e-01,
         1.17851210e-02, -2.15140135e-01,  1.90742908e-01,
        -5.23661280e-02,  1.33461611e-01,  4.93155921e-02,
        -4.82201998e-04,  8.74156718e-02,  1.36768264e-02],
       [ 4.67592520e-01, -8.85253821e-02, -2.07249101e-02,
         1.89838061e-01, -3.95003299e-02,  1.21841481e-01,
         8.59741283e-02,  3.86497937e-01,  4.82832725e-01,
        -1.72359069e-02, -2.55878775e-01, -2.38831594e-02,
        -4.51291319e-02,  4.93155921e-02,  1.38589956e-01,
        -5.19655166e-02,  2.94551362e-02,  5.02271546e-02],
       [-3.66779290e-01,  9.05098491e-02, -1.28819413e-02,
        -1.19684808e-01,  1.08507324e-01, -9.04943384e-02,
        -3.56106548e-01,  5.61981203e-02, -4.49510829e-01,
         3.63673331e-03,  7.03677664e-02,  5.36037296e-02,
         1.30652562e-01, -4.82201998e-04, -5.19655166e-02,
         1.06983721e-01, -7.03664587e-02,  2.08711525e-02],
       [ 5.80203973e-01, -4.32084055e-01,  1.77896220e-01,
         1.58498773e-01, -2.76981620e-01,  1.52769647e-01,
         9.06639233e-01, -3.90980571e-01,  1.06947349e-01,
        -8.74128845e-02, -3.01152915e-02,  1.02470295e-01,
        -1.76910530e-01,  8.74156718e-02,  2.94551362e-02,
        -7.03664587e-02,  2.12079671e-01, -2.66793855e-02],
       [-2.84851389e-01,  1.32750030e-01, -1.12464376e-01,
        -5.52236031e-02,  8.04257797e-02, -9.05604147e-02,
         1.16895460e-01,  1.79459623e-01, -1.32952868e-01,
        -1.48033770e-01, -9.16660296e-02, -1.55347951e-02,
         1.03525106e-01,  1.36768264e-02,  5.02271546e-02,
         2.08711525e-02, -2.66793855e-02,  1.15701898e-01]])
      jac: array([-6.31346827e-07,  4.69624339e-07,  9.73665593e-07,  8.92619312e-07,
       -9.32957415e-07, -4.22328839e-06,  2.13532895e-07,  1.22124533e-07,
        3.57861888e-07, -2.68822002e-06,  1.67828714e-06, -1.61352413e-07,
       -8.98725538e-06,  6.94629539e-06,  5.60921680e-06,  5.75391586e-06,
       -5.91711865e-06, -2.10313248e-06])
  message: 'Optimization terminated successfully.'
     nfev: 1748
      nit: 77
     njev: 92
   status: 0
  success: True
        x: array([ 0.85852627, -1.28404922,  0.54286662,  1.13058092, -1.27000604,
        0.14286243,  0.67516459, -2.15496363, -0.46302557,  0.03712605,
        0.48141895,  1.20394595, -0.00867521, -0.01882709, -0.33845219,
       -1.08712145, -0.73348152, -0.03004312])
