Program Begingeth
      fun: 0.38154478137125675
 hess_inv: array([[ 6.39183035e+00,  3.70145312e-01,  8.68670709e-01,
         2.56885356e+00,  1.07230217e-01,  9.83751357e-01,
         9.31284668e+00, -4.01724030e+00,  7.09965072e-01,
        -3.70162023e-01, -1.16694899e+00,  1.63399426e+00,
        -2.67869392e-01,  6.80031135e-01,  1.41447965e-01,
         5.60468441e-01,  2.75121874e-01, -8.55792014e-02],
       [ 3.70145312e-01,  3.23372392e+00,  3.48949306e-01,
         9.06305530e-02,  1.33077627e+00,  3.88424329e-02,
         4.59932962e+00, -2.59871540e+00,  6.20311438e-02,
        -1.76434429e+00, -4.62540501e-01,  5.96191550e-01,
         2.76345057e-01,  3.65161749e-01, -2.24287536e-01,
         3.73816366e-01,  1.60563198e-01,  3.45441242e-02],
       [ 8.68670709e-01,  3.48949306e-01,  2.01682120e+00,
         2.00952164e-01,  6.98286516e-02,  9.74385561e-01,
         5.49506980e+00, -3.11477564e+00, -1.17750736e+00,
        -5.66706775e-01, -1.03695207e-01,  6.30384419e-01,
        -2.08816301e-01,  3.04441598e-01, -7.07664330e-02,
         2.89476642e-01,  2.00478924e-01, -1.89455127e-01],
       [ 2.56885356e+00,  9.06305530e-02,  2.00952164e-01,
         1.07010458e+00,  4.31843342e-02,  3.24913527e-01,
         2.53864289e+00, -1.13306429e+00,  6.39468622e-01,
        -8.86472204e-02, -4.82620623e-01,  5.07249063e-01,
        -3.97682510e-02,  2.35793785e-01,  1.07527154e-01,
         1.75668871e-01,  6.54872436e-02,  3.51529448e-02],
       [ 1.07230217e-01,  1.33077627e+00,  6.98286516e-02,
         4.31843342e-02,  5.89083952e-01, -2.83070875e-02,
         5.30593308e-01, -6.28235325e-01,  4.98217368e-01,
        -6.70912868e-01, -1.71787531e-01,  1.19011310e-01,
         1.81808499e-01,  1.30099381e-01, -5.50317790e-02,
         1.02256580e-01,  3.00781970e-02,  9.05239461e-02],
       [ 9.83751357e-01,  3.88424329e-02,  9.74385561e-01,
         3.24913527e-01, -2.83070875e-02,  5.55523343e-01,
         3.54799027e+00, -1.69003169e+00, -5.82007674e-01,
        -1.28439387e-01, -1.97940913e-01,  4.40496228e-01,
        -1.76700964e-01,  2.04209877e-01,  1.25935939e-03,
         1.75004462e-01,  1.23794552e-01, -1.16809350e-01],
       [ 9.31284668e+00,  4.59932962e+00,  5.49506980e+00,
         2.53864289e+00,  5.30593308e-01,  3.54799027e+00,
         8.22118034e+01, -2.50553765e+01, -1.75865444e+01,
        -4.22605707e+00, -1.76612162e+00,  9.08285062e+00,
        -3.13612960e+00,  2.75003728e+00, -2.20706290e+00,
         4.04037642e+00,  2.85112653e+00, -3.63558548e+00],
       [-4.01724030e+00, -2.59871540e+00, -3.11477564e+00,
        -1.13306429e+00, -6.28235325e-01, -1.69003169e+00,
        -2.50553765e+01,  1.90652339e+01,  8.33805409e+00,
         2.90234017e+00,  1.26876405e+00, -5.03800636e+00,
         4.64690195e-01, -1.29751444e+00,  8.13366520e-01,
        -1.61510810e+00, -2.61353772e-01,  8.94171668e-01],
       [ 7.09965072e-01,  6.20311438e-02, -1.17750736e+00,
         6.39468622e-01,  4.98217368e-01, -5.82007674e-01,
        -1.75865444e+01,  8.33805409e+00,  1.53562655e+01,
         9.09729170e-01,  2.02796691e+00, -2.87488187e+00,
         8.61564900e-01, -8.17108984e-01,  4.93202958e-01,
        -6.70499668e-01, -3.90602801e-01,  1.37258508e+00],
       [-3.70162023e-01, -1.76434429e+00, -5.66706775e-01,
        -8.86472204e-02, -6.70912868e-01, -1.28439387e-01,
        -4.22605707e+00,  2.90234017e+00,  9.09729170e-01,
         2.27026637e+00,  4.48637109e-01, -7.29888319e-01,
        -3.76580989e-01, -3.26283327e-01,  1.19774372e-01,
        -3.26238089e-01, -1.39172611e-01, -1.27361864e-01],
       [-1.16694899e+00, -4.62540501e-01, -1.03695207e-01,
        -4.82620623e-01, -1.71787531e-01, -1.97940913e-01,
        -1.76612162e+00,  1.26876405e+00,  2.02796691e+00,
         4.48637109e-01,  1.42543341e+00, -5.46007294e-01,
        -1.98308912e-02, -3.98109225e-01, -1.97311055e-01,
        -6.95970695e-02, -3.40422356e-02, -4.74919772e-02],
       [ 1.63399426e+00,  5.96191550e-01,  6.30384419e-01,
         5.07249063e-01,  1.19011310e-01,  4.40496228e-01,
         9.08285062e+00, -5.03800636e+00, -2.87488187e+00,
        -7.29888319e-01, -5.46007294e-01,  1.94348645e+00,
        -2.46256581e-01,  4.93257088e-01, -3.18374059e-01,
         5.46810848e-01,  2.28678261e-01, -3.57568620e-01],
       [-2.67869392e-01,  2.76345057e-01, -2.08816301e-01,
        -3.97682510e-02,  1.81808499e-01, -1.76700964e-01,
        -3.13612960e+00,  4.64690195e-01,  8.61564900e-01,
        -3.76580989e-01, -1.98308912e-02, -2.46256581e-01,
         3.08605913e-01, -5.30841422e-02,  8.19619521e-02,
        -8.02805029e-02, -1.25732047e-01,  2.42957454e-01],
       [ 6.80031135e-01,  3.65161749e-01,  3.04441598e-01,
         2.35793785e-01,  1.30099381e-01,  2.04209877e-01,
         2.75003728e+00, -1.29751444e+00, -8.17108984e-01,
        -3.26283327e-01, -3.98109225e-01,  4.93257088e-01,
        -5.30841422e-02,  2.33021014e-01, -2.69924007e-02,
         1.57009316e-01,  1.11547741e-01, -6.43713101e-02],
       [ 1.41447965e-01, -2.24287536e-01, -7.07664330e-02,
         1.07527154e-01, -5.50317790e-02,  1.25935939e-03,
        -2.20706290e+00,  8.13366520e-01,  4.93202958e-01,
         1.19774372e-01, -1.97311055e-01, -3.18374059e-01,
         8.19619521e-02, -2.69924007e-02,  1.80137412e-01,
        -1.25795267e-01, -7.59416096e-02,  1.56201813e-01],
       [ 5.60468441e-01,  3.73816366e-01,  2.89476642e-01,
         1.75668871e-01,  1.02256580e-01,  1.75004462e-01,
         4.04037642e+00, -1.61510810e+00, -6.70499668e-01,
        -3.26238089e-01, -6.95970695e-02,  5.46810848e-01,
        -8.02805029e-02,  1.57009316e-01, -1.25795267e-01,
         2.61886305e-01,  1.22026885e-01, -1.43055859e-01],
       [ 2.75121874e-01,  1.60563198e-01,  2.00478924e-01,
         6.54872436e-02,  3.00781970e-02,  1.23794552e-01,
         2.85112653e+00, -2.61353772e-01, -3.90602801e-01,
        -1.39172611e-01, -3.40422356e-02,  2.28678261e-01,
        -1.25732047e-01,  1.11547741e-01, -7.59416096e-02,
         1.22026885e-01,  1.72690711e-01, -1.25111975e-01],
       [-8.55792014e-02,  3.45441242e-02, -1.89455127e-01,
         3.51529448e-02,  9.05239461e-02, -1.16809350e-01,
        -3.63558548e+00,  8.94171668e-01,  1.37258508e+00,
        -1.27361864e-01, -4.74919772e-02, -3.57568620e-01,
         2.42957454e-01, -6.43713101e-02,  1.56201813e-01,
        -1.43055859e-01, -1.25111975e-01,  2.91494428e-01]])
      jac: array([-2.26966594e-05,  1.68028554e-05, -1.92919754e-06,  6.48940161e-05,
       -4.69724260e-05,  2.03296639e-05,  1.93178806e-07,  3.90835512e-06,
       -3.38655030e-06,  5.66250750e-06, -3.25776443e-06, -1.42874601e-05,
        5.61624821e-06,  3.02820731e-05, -7.35611572e-05,  6.05330601e-06,
       -1.82439249e-05,  4.11574478e-05])
  message: 'Maximum number of iterations has been exceeded.'
     nfev: 2128
      nit: 100
     njev: 112
   status: 1
  success: False
        x: array([ 1.70331635, -0.86397268,  0.51105594,  1.67469018, -0.89088596,
        0.22814021, -0.65712328, -1.24061905,  0.70847696, -0.03437183,
        0.38341549,  1.06959907,  0.01227824,  0.04336158, -0.22604748,
       -1.40464593, -0.72727258,  0.06026899])
