Program Begingeth
      fun: 0.2958731872255048
 hess_inv: array([[ 4.05799859e+00, -2.32630725e-02, -1.10697301e+00,
         1.57277562e+00,  4.76090728e-02, -1.44647129e+00,
        -6.55533605e-02, -1.00822673e+00, -7.48664094e+00,
        -3.38967373e-01,  1.07217897e+00, -4.72425273e-02,
        -2.51227442e-01, -2.40774720e-01, -4.90621228e-01,
        -2.76821087e-01, -1.87735321e-01, -3.99477757e-02],
       [-2.32630725e-02,  3.89026053e+00,  9.23960351e-01,
        -3.80366241e-02,  1.73098077e+00,  3.24846101e-01,
         2.74746299e+00,  1.76279077e+00,  5.01168480e+00,
         6.91039150e-01,  4.69833346e-01, -9.36884201e-01,
        -4.31206990e-01, -2.93681584e-01, -1.37067849e-01,
        -8.48577912e-02, -2.28069741e-01,  8.49116645e-02],
       [-1.10697301e+00,  9.23960351e-01,  2.07418622e+00,
        -1.80545064e-01,  2.95293426e-01,  1.24474070e+00,
         2.07928580e+00, -1.32960400e+00,  5.28182338e+00,
         1.01760500e-01,  2.36247596e-01, -2.48421179e-01,
         1.48763871e-01,  3.58320581e-02,  2.67967195e-02,
         3.59601209e-02,  1.25404923e-01, -6.26719270e-02],
       [ 1.57277562e+00, -3.80366241e-02, -1.80545064e-01,
         6.88537448e-01, -6.35459022e-03, -4.31515726e-01,
         4.57007328e-01, -7.55376651e-01, -2.58627722e+00,
        -1.72824483e-01,  4.86267169e-01,  1.58101399e-02,
        -3.91073074e-02, -7.08506000e-02, -2.23248514e-01,
        -1.00316463e-01, -3.56868582e-02, -5.65792497e-02],
       [ 4.76090728e-02,  1.73098077e+00,  2.95293426e-01,
        -6.35459022e-03,  8.50566983e-01,  8.32538320e-02,
         1.50690336e+00,  1.42854953e+00,  1.85806954e+00,
         2.54758234e-01,  1.59556718e-01, -3.53906189e-01,
        -2.39806787e-01, -1.05974039e-01, -5.90400466e-02,
        -7.39479652e-02, -1.31555746e-01,  4.37155564e-02],
       [-1.44647129e+00,  3.24846101e-01,  1.24474070e+00,
        -4.31515726e-01,  8.32538320e-02,  9.73394745e-01,
         1.07595915e+00, -3.72701778e-01,  4.39140396e+00,
         3.77486194e-02, -2.05982813e-01, -5.75023226e-02,
         1.66111382e-01,  8.85087053e-02,  1.51237571e-01,
         9.92393600e-02,  9.99299970e-02, -1.85767464e-02],
       [-6.55533605e-02,  2.74746299e+00,  2.07928580e+00,
         4.57007328e-01,  1.50690336e+00,  1.07595915e+00,
         8.72672270e+00,  1.76357119e+00,  5.58065200e+00,
        -4.71352159e-02,  4.38412606e-01, -2.15537230e-01,
        -2.45271371e-01, -7.94625472e-02, -2.44545517e-01,
        -1.93217228e-01, -3.06444441e-01, -1.58356625e-01],
       [-1.00822673e+00,  1.76279077e+00, -1.32960400e+00,
        -7.55376651e-01,  1.42854953e+00, -3.72701778e-01,
         1.76357119e+00,  8.79199176e+00,  7.47587833e-01,
         9.55237745e-02, -9.25947542e-01, -1.96324834e-01,
        -5.23210819e-01,  2.99662098e-02,  3.18512229e-01,
        -5.93080414e-02, -3.70332144e-01,  2.18288327e-01],
       [-7.48664094e+00,  5.01168480e+00,  5.28182338e+00,
        -2.58627722e+00,  1.85806954e+00,  4.39140396e+00,
         5.58065200e+00,  7.47587833e-01,  2.65708675e+01,
         1.14090753e+00, -8.63394498e-01, -1.10249181e+00,
         3.03249175e-01, -3.95645416e-02,  6.81193891e-01,
         5.32667331e-01,  1.11567056e-01,  9.66921629e-02],
       [-3.38967373e-01,  6.91039150e-01,  1.01760500e-01,
        -1.72824483e-01,  2.54758234e-01,  3.77486194e-02,
        -4.71352159e-02,  9.55237745e-02,  1.14090753e+00,
         8.31063162e-01, -9.75886309e-02, -1.43527751e-01,
        -2.17479814e-01,  9.82292147e-04,  9.85363628e-02,
        -8.52526581e-03,  3.11380055e-02,  2.10581438e-01],
       [ 1.07217897e+00,  4.69833346e-01,  2.36247596e-01,
         4.86267169e-01,  1.59556718e-01, -2.05982813e-01,
         4.38412606e-01, -9.25947542e-01, -8.63394498e-01,
        -9.75886309e-02,  9.00335935e-01, -2.22313267e-01,
        -4.12591222e-02, -1.97494104e-01, -2.91914780e-01,
        -9.88312323e-02, -3.51071481e-02, -1.39522473e-01],
       [-4.72425273e-02, -9.36884201e-01, -2.48421179e-01,
         1.58101399e-02, -3.53906189e-01, -5.75023226e-02,
        -2.15537230e-01, -1.96324834e-01, -1.10249181e+00,
        -1.43527751e-01, -2.22313267e-01,  5.43706249e-01,
         5.14215045e-02,  1.50957576e-01,  5.19163265e-03,
        -4.25333754e-02,  7.22031972e-02,  2.42057187e-03],
       [-2.51227442e-01, -4.31206990e-01,  1.48763871e-01,
        -3.91073074e-02, -2.39806787e-01,  1.66111382e-01,
        -2.45271371e-01, -5.23210819e-01,  3.03249175e-01,
        -2.17479814e-01, -4.12591222e-02,  5.14215045e-02,
         1.98407578e-01,  4.40291702e-02,  1.42648933e-02,
         9.41487600e-02,  8.10214896e-02, -8.14438504e-02],
       [-2.40774720e-01, -2.93681584e-01,  3.58320581e-02,
        -7.08506000e-02, -1.05974039e-01,  8.85087053e-02,
        -7.94625472e-02,  2.99662098e-02, -3.95645416e-02,
         9.82292147e-04, -1.97494104e-01,  1.50957576e-01,
         4.40291702e-02,  1.18143901e-01,  5.42795808e-02,
         1.24454103e-02,  8.26527689e-02,  1.77808173e-02],
       [-4.90621228e-01, -1.37067849e-01,  2.67967195e-02,
        -2.23248514e-01, -5.90400466e-02,  1.51237571e-01,
        -2.44545517e-01,  3.18512229e-01,  6.81193891e-01,
         9.85363628e-02, -2.91914780e-01,  5.19163265e-03,
         1.42648933e-02,  5.42795808e-02,  1.55323743e-01,
         5.02738439e-02,  1.66710955e-02,  8.84759298e-02],
       [-2.76821087e-01, -8.48577912e-02,  3.59601209e-02,
        -1.00316463e-01, -7.39479652e-02,  9.92393600e-02,
        -1.93217228e-01, -5.93080414e-02,  5.32667331e-01,
        -8.52526581e-03, -9.88312323e-02, -4.25333754e-02,
         9.41487600e-02,  1.24454103e-02,  5.02738439e-02,
         9.10652197e-02,  3.35689063e-02, -9.17561049e-03],
       [-1.87735321e-01, -2.28069741e-01,  1.25404923e-01,
        -3.56868582e-02, -1.31555746e-01,  9.99299970e-02,
        -3.06444441e-01, -3.70332144e-01,  1.11567056e-01,
         3.11380055e-02, -3.51071481e-02,  7.22031972e-02,
         8.10214896e-02,  8.26527689e-02,  1.66710955e-02,
         3.35689063e-02,  1.21322030e-01, -9.82192703e-03],
       [-3.99477757e-02,  8.49116645e-02, -6.26719270e-02,
        -5.65792497e-02,  4.37155564e-02, -1.85767464e-02,
        -1.58356625e-01,  2.18288327e-01,  9.66921629e-02,
         2.10581438e-01, -1.39522473e-01,  2.42057187e-03,
        -8.14438504e-02,  1.77808173e-02,  8.84759298e-02,
        -9.17561049e-03, -9.82192703e-03,  1.24787557e-01]])
      jac: array([-3.66580840e-05,  3.31290551e-06, -5.28110888e-05,  9.72422143e-05,
       -4.60742555e-07,  1.00393397e-04, -6.92150041e-06,  6.66133815e-09,
       -2.83884027e-06, -2.52634950e-05,  6.41375841e-06, -1.96535381e-05,
       -5.93354995e-05, -1.27139040e-05, -7.77204227e-05,  2.14184226e-05,
        1.81081076e-05,  8.11140044e-05])
  message: 'Desired error not necessarily achieved due to precision loss.'
     nfev: 1816
      nit: 58
     njev: 95
   status: 2
  success: False
        x: array([-0.82487882, -1.30814437,  0.67612108, -0.99114952, -1.33666214,
        0.22089046, -0.51624395, -2.11217791, -0.32784672,  0.01967742,
        0.57821297,  1.19198855,  0.12759648,  0.13160467, -0.3315713 ,
        1.19833039, -0.30290271, -0.04143563])
