Program Begingeth
      fun: 0.28893886190525475
 hess_inv: array([[ 1.27380318e+00, -3.74761736e-01,  7.48927521e-02,
         1.84879079e-01,  2.75598844e-01,  6.00242346e-01,
        -3.06249622e-01, -2.19046256e-01,  2.25344332e+00,
         8.80023641e-01,  1.06663492e+00,  9.82732288e-01,
        -5.07255184e-01,  1.50110583e-01, -1.70232714e-02,
         8.33856027e-03, -7.68359776e-02, -2.96428091e-01],
       [-3.74761736e-01,  5.17926789e-01, -5.12753355e-02,
        -1.23133251e-01, -1.12540695e-01, -5.58542131e-01,
         5.30884397e-01,  3.69872899e-01, -2.27563028e+00,
        -6.41138151e-01, -6.16787157e-01, -9.33053396e-01,
         1.64000940e-01, -1.69529291e-01, -1.58839829e-01,
         3.21529479e-02,  6.18046804e-02,  1.71728844e-02],
       [ 7.48927521e-02, -5.12753355e-02,  2.84916597e-01,
         1.72169559e-01,  1.54542315e-01,  2.57849359e-01,
        -1.79165335e-01,  9.06013561e-02,  1.38664434e+00,
         6.89878687e-01,  4.28413751e-01,  5.27503801e-01,
         4.10098289e-02,  7.07916753e-02, -6.22835126e-02,
         6.08953127e-02,  1.53990024e-03,  1.34102846e-02],
       [ 1.84879079e-01, -1.23133251e-01,  1.72169559e-01,
         4.76714734e-01,  1.72781484e-01,  5.74993519e-01,
        -4.04474095e-01, -3.05098649e-01,  3.23756569e+00,
         1.79230564e+00,  7.11893016e-01,  1.24076116e+00,
         6.11690705e-02,  1.84400266e-02, -9.95425897e-03,
         4.98007528e-02, -9.28005492e-02, -2.03306807e-02],
       [ 2.75598844e-01, -1.12540695e-01,  1.54542315e-01,
         1.72781484e-01,  2.32102410e-01,  3.63300596e-01,
        -3.19919782e-01,  1.15825770e-01,  1.89354646e+00,
         8.10229602e-01,  7.43966742e-01,  6.40225333e-01,
        -8.52768554e-02,  9.27816225e-02, -2.66985477e-03,
         1.91108615e-02, -9.72860727e-03, -4.13230826e-02],
       [ 6.00242346e-01, -5.58542131e-01,  2.57849359e-01,
         5.74993519e-01,  3.63300596e-01,  1.36649778e+00,
        -1.54174264e+00, -7.16863263e-01,  6.61977504e+00,
         2.64865352e+00,  1.71928358e+00,  2.67678698e+00,
        -1.65758403e-01,  1.54992131e-01,  1.65704984e-01,
        -1.27328890e-02, -1.40826570e-01, -5.70344072e-02],
       [-3.06249622e-01,  5.30884397e-01, -1.79165335e-01,
        -4.04474095e-01, -3.19919782e-01, -1.54174264e+00,
         3.22264724e+00,  5.75947666e-01, -7.67761799e+00,
        -2.77508631e+00, -1.80410871e+00, -3.19193310e+00,
         1.87327646e-01, -8.33606404e-02, -2.04131538e-01,
         9.95935396e-02,  1.20864962e-01,  3.03015693e-02],
       [-2.19046256e-01,  3.69872899e-01,  9.06013561e-02,
        -3.05098649e-01,  1.15825770e-01, -7.16863263e-01,
         5.75947666e-01,  1.93352612e+00, -2.98315144e+00,
        -1.07353806e+00, -4.63327987e-01, -1.49153892e+00,
        -5.89762749e-03,  3.05828851e-02, -2.32929888e-01,
         1.28018014e-02,  1.44433925e-01, -2.39826059e-02],
       [ 2.25344332e+00, -2.27563028e+00,  1.38664434e+00,
         3.23756569e+00,  1.89354646e+00,  6.61977504e+00,
        -7.67761799e+00, -2.98315144e+00,  3.45022916e+01,
         1.46696449e+01,  8.51297219e+00,  1.31071031e+01,
        -4.36340000e-01,  6.57110719e-01,  6.00983305e-01,
         3.73214772e-04, -6.51752310e-01, -2.07216791e-01],
       [ 8.80023641e-01, -6.41138151e-01,  6.89878687e-01,
         1.79230564e+00,  8.10229602e-01,  2.64865352e+00,
        -2.77508631e+00, -1.07353806e+00,  1.46696449e+01,
         7.47415357e+00,  3.40397374e+00,  5.56080937e+00,
         1.81884112e-02,  1.47338118e-01,  2.42229542e-02,
         9.62574365e-02, -3.28940421e-01, -1.25599061e-01],
       [ 1.06663492e+00, -6.16787157e-01,  4.28413751e-01,
         7.11893016e-01,  7.43966742e-01,  1.71928358e+00,
        -1.80410871e+00, -4.63327987e-01,  8.51297219e+00,
         3.40397374e+00,  2.95369627e+00,  3.17815926e+00,
        -3.58407620e-01,  2.68030338e-01,  1.47120442e-01,
         2.66505261e-03, -1.31636308e-01, -1.43479645e-01],
       [ 9.82732288e-01, -9.33053396e-01,  5.27503801e-01,
         1.24076116e+00,  6.40225333e-01,  2.67678698e+00,
        -3.19193310e+00, -1.49153892e+00,  1.31071031e+01,
         5.56080937e+00,  3.17815926e+00,  5.56339297e+00,
        -1.82801425e-01,  1.81325640e-01,  2.41180702e-01,
        -6.94376113e-04, -3.19877144e-01, -1.04927622e-01],
       [-5.07255184e-01,  1.64000940e-01,  4.10098289e-02,
         6.11690705e-02, -8.52768554e-02, -1.65758403e-01,
         1.87327646e-01, -5.89762749e-03, -4.36340000e-01,
         1.81884112e-02, -3.58407620e-01, -1.82801425e-01,
         2.88670243e-01, -7.03746162e-02, -2.07628583e-02,
         5.21146750e-02,  3.56161074e-03,  1.27408252e-01],
       [ 1.50110583e-01, -1.69529291e-01,  7.07916753e-02,
         1.84400266e-02,  9.27816225e-02,  1.54992131e-01,
        -8.33606404e-02,  3.05828851e-02,  6.57110719e-01,
         1.47338118e-01,  2.68030338e-01,  1.81325640e-01,
        -7.03746162e-02,  1.18403966e-01,  3.64868761e-02,
         2.27629328e-03,  2.50514716e-02, -4.00852097e-03],
       [-1.70232714e-02, -1.58839829e-01, -6.22835126e-02,
        -9.95425897e-03, -2.66985477e-03,  1.65704984e-01,
        -2.04131538e-01, -2.32929888e-01,  6.00983305e-01,
         2.42229542e-02,  1.47120442e-01,  2.41180702e-01,
        -2.07628583e-02,  3.64868761e-02,  1.35913042e-01,
        -3.69766773e-02, -1.47673060e-02,  5.51539426e-02],
       [ 8.33856027e-03,  3.21529479e-02,  6.08953127e-02,
         4.98007528e-02,  1.91108615e-02, -1.27328890e-02,
         9.95935396e-02,  1.28018014e-02,  3.73214772e-04,
         9.62574365e-02,  2.66505261e-03, -6.94376113e-04,
         5.21146750e-02,  2.27629328e-03, -3.69766773e-02,
         5.27499432e-02, -1.02288920e-03,  1.32848551e-03],
       [-7.68359776e-02,  6.18046804e-02,  1.53990024e-03,
        -9.28005492e-02, -9.72860727e-03, -1.40826570e-01,
         1.20864962e-01,  1.44433925e-01, -6.51752310e-01,
        -3.28940421e-01, -1.31636308e-01, -3.19877144e-01,
         3.56161074e-03,  2.50514716e-02, -1.47673060e-02,
        -1.02288920e-03,  5.88685354e-02,  1.51544008e-02],
       [-2.96428091e-01,  1.71728844e-02,  1.34102846e-02,
        -2.03306807e-02, -4.13230826e-02, -5.70344072e-02,
         3.03015693e-02, -2.39826059e-02, -2.07216791e-01,
        -1.25599061e-01, -1.43479645e-01, -1.04927622e-01,
         1.27408252e-01, -4.00852097e-03,  5.51539426e-02,
         1.32848551e-03,  1.51544008e-02,  1.13474982e-01]])
      jac: array([ 1.54176671e-05, -2.11871261e-05,  1.91983466e-05,  3.78001334e-05,
       -8.79666710e-07,  1.74974849e-05, -1.04257344e-05,  2.05391260e-07,
       -4.00087371e-06, -8.79666710e-07,  1.63861517e-05, -2.51709764e-05,
        7.90686035e-05, -3.01288624e-05,  3.39728246e-05, -7.58204610e-05,
        3.02580183e-05, -7.23051249e-05])
  message: 'Desired error not necessarily achieved due to precision loss.'
     nfev: 2652
      nit: 91
     njev: 139
   status: 2
  success: False
        x: array([ 0.15938711,  0.26232651,  0.72398566,  1.65683343, -1.10667976,
       -0.15250176,  2.76569566, -0.84149711,  0.39445136,  2.01993122,
       -1.14510042, -0.8068383 ,  0.17692703,  0.12080137, -0.26527948,
       -1.22012776,  0.03215981,  0.04676913])
