Program Begingeth
      fun: 0.2781756367017073
 hess_inv: array([[ 9.47820269e-01, -1.81560959e-01, -2.31431512e-02,
        -4.83366278e-02,  1.26794386e-01,  3.35173480e-01,
        -2.53889800e-01, -7.70611518e-02,  8.82838693e-01,
         5.11517800e-03,  4.92425182e-01,  5.38339666e-01,
        -4.22381827e-01,  8.76947933e-02,  3.79195382e-02,
        -4.89750934e-03, -7.77399220e-03, -1.76089812e-01],
       [-1.81560959e-01,  2.92515373e-01, -6.07032815e-02,
         7.53317754e-03, -3.84232728e-02, -2.85507479e-01,
         3.15050329e-01,  2.97255333e-01, -8.53758472e-01,
        -8.21614458e-02, -2.64183068e-01, -5.74531058e-01,
         8.54402723e-02, -9.87279166e-02, -8.70828289e-02,
         9.06138449e-03,  2.76248092e-02, -2.24846778e-02],
       [-2.31431512e-02, -6.07032815e-02,  2.51052444e-01,
         6.26552646e-02,  1.03378593e-01,  1.44641463e-01,
         2.55138008e-02,  2.55092763e-02,  5.40826631e-01,
         2.28192173e-01,  2.54829066e-01,  3.22476117e-01,
         4.87748164e-02,  8.79358555e-02, -3.73565141e-02,
         4.15079465e-02,  2.79606765e-02,  4.23140429e-02],
       [-4.83366278e-02,  7.53317754e-03,  6.26552646e-02,
         2.28501944e-01,  4.76541094e-02,  1.06966240e-01,
         1.93622515e-01, -1.52652184e-01,  6.53281431e-01,
         6.68690901e-01,  1.28921815e-01,  3.40394690e-01,
         1.18926333e-01,  1.06714003e-02, -3.11370238e-02,
         5.17596610e-02, -2.25900225e-02,  1.20298716e-02],
       [ 1.26794386e-01, -3.84232728e-02,  1.03378593e-01,
         4.76541094e-02,  1.52837457e-01,  1.71585632e-01,
        -5.14432801e-02,  7.82389296e-02,  7.61979658e-01,
         2.31298044e-01,  4.43880985e-01,  3.10262712e-01,
        -4.05826511e-02,  7.53569069e-02,  4.88915187e-03,
         1.67607282e-02,  1.93524486e-02, -3.63167424e-03],
       [ 3.35173480e-01, -2.85507479e-01,  1.44641463e-01,
         1.06966240e-01,  1.71585632e-01,  8.09296067e-01,
        -1.14267680e+00, -9.27856577e-01,  3.12319429e+00,
         7.97289882e-01,  9.79182172e-01,  1.82639694e+00,
        -1.32925273e-01,  1.11687919e-01,  1.19417922e-01,
        -3.99675404e-03, -2.86488962e-02, -8.04779305e-03],
       [-2.53889800e-01,  3.15050329e-01,  2.55138008e-02,
         1.93622515e-01, -5.14432801e-02, -1.14267680e+00,
         3.32789749e+00,  1.68755969e+00, -4.43237256e+00,
        -5.53947425e-01, -1.17562530e+00, -2.69514436e+00,
         2.66602159e-01, -8.71340995e-03, -2.45190664e-01,
         1.07858972e-01,  2.86719867e-02,  1.51910742e-03],
       [-7.70611518e-02,  2.97255333e-01,  2.55092763e-02,
        -1.52652184e-01,  7.82389296e-02, -9.27856577e-01,
         1.68755969e+00,  2.36665461e+00, -3.61498151e+00,
        -9.86650974e-01, -7.20838596e-01, -2.35548981e+00,
        -3.48667953e-03,  1.03069923e-02, -1.76399592e-01,
         1.69052753e-02,  8.20762777e-02, -1.78086864e-02],
       [ 8.82838693e-01, -8.53758472e-01,  5.40826631e-01,
         6.53281431e-01,  7.61979658e-01,  3.12319429e+00,
        -4.43237256e+00, -3.61498151e+00,  1.35606249e+01,
         4.01610949e+00,  4.06015605e+00,  7.04426300e+00,
        -3.02455577e-01,  3.96493179e-01,  3.91818434e-01,
         3.99465444e-03, -7.66476832e-02, -2.28829362e-04],
       [ 5.11517800e-03, -8.21614458e-02,  2.28192173e-01,
         6.68690901e-01,  2.31298044e-01,  7.97289882e-01,
        -5.53947425e-01, -9.86650974e-01,  4.01610949e+00,
         2.48898369e+00,  9.80138992e-01,  2.09107961e+00,
         2.20935633e-01,  7.55628038e-02, -2.46757294e-02,
         1.06829859e-01, -5.43247847e-02,  2.11392874e-02],
       [ 4.92425182e-01, -2.64183068e-01,  2.54829066e-01,
         1.28921815e-01,  4.43880985e-01,  9.79182172e-01,
        -1.17562530e+00, -7.20838596e-01,  4.06015605e+00,
         9.80138992e-01,  1.82327533e+00,  2.02781371e+00,
        -2.08083867e-01,  1.99222362e-01,  1.32012922e-01,
         7.07097999e-03,  1.17539542e-02, -1.56043265e-02],
       [ 5.38339666e-01, -5.74531058e-01,  3.22476117e-01,
         3.40394690e-01,  3.10262712e-01,  1.82639694e+00,
        -2.69514436e+00, -2.35548981e+00,  7.04426300e+00,
         2.09107961e+00,  2.02781371e+00,  4.38260586e+00,
        -1.49395145e-01,  1.86817424e-01,  2.28375596e-01,
         1.71938852e-02, -9.01252094e-02, -5.94626142e-04],
       [-4.22381827e-01,  8.54402723e-02,  4.87748164e-02,
         1.18926333e-01, -4.05826511e-02, -1.32925273e-01,
         2.66602159e-01, -3.48667953e-03, -3.02455577e-01,
         2.20935633e-01, -2.08083867e-01, -1.49395145e-01,
         2.56291777e-01, -3.55890658e-02, -4.08290085e-02,
         4.76864877e-02, -9.96476193e-03,  8.11340732e-02],
       [ 8.76947933e-02, -9.87279166e-02,  8.79358555e-02,
         1.06714003e-02,  7.53569069e-02,  1.11687919e-01,
        -8.71340995e-03,  1.03069923e-02,  3.96493179e-01,
         7.55628038e-02,  1.99222362e-01,  1.86817424e-01,
        -3.55890658e-02,  8.65533777e-02,  1.39832435e-02,
         7.38412044e-03,  2.24279679e-02,  1.16344736e-02],
       [ 3.79195382e-02, -8.70828289e-02, -3.73565141e-02,
        -3.11370238e-02,  4.88915187e-03,  1.19417922e-01,
        -2.45190664e-01, -1.76399592e-01,  3.91818434e-01,
        -2.46757294e-02,  1.32012922e-01,  2.28375596e-01,
        -4.08290085e-02,  1.39832435e-02,  7.08618380e-02,
        -2.26998097e-02, -1.37339845e-02,  1.97616086e-02],
       [-4.89750934e-03,  9.06138449e-03,  4.15079465e-02,
         5.17596610e-02,  1.67607282e-02, -3.99675404e-03,
         1.07858972e-01,  1.69052753e-02,  3.99465444e-03,
         1.06829859e-01,  7.07097999e-03,  1.71938852e-02,
         4.76864877e-02,  7.38412044e-03, -2.26998097e-02,
         4.01704894e-02, -2.28106656e-03,  3.37145069e-03],
       [-7.77399220e-03,  2.76248092e-02,  2.79606765e-02,
        -2.25900225e-02,  1.93524486e-02, -2.86488962e-02,
         2.86719867e-02,  8.20762777e-02, -7.66476832e-02,
        -5.43247847e-02,  1.17539542e-02, -9.01252094e-02,
        -9.96476193e-03,  2.24279679e-02, -1.37339845e-02,
        -2.28106656e-03,  3.26452543e-02,  1.03333102e-03],
       [-1.76089812e-01, -2.24846778e-02,  4.23140429e-02,
         1.20298716e-02, -3.63167424e-03, -8.04779305e-03,
         1.51910742e-03, -1.78086864e-02, -2.28829362e-04,
         2.11392874e-02, -1.56043265e-02, -5.94626142e-04,
         8.11340732e-02,  1.16344736e-02,  1.97616086e-02,
         3.37145069e-03,  1.03333102e-03,  6.51355865e-02]])
      jac: array([ 0.00127867,  0.00182121, -0.00124699,  0.00531674, -0.00130257,
       -0.00255998, -0.00097409,  0.00042644,  0.00071834, -0.00149463,
       -0.00089275,  0.00075448,  0.00217167,  0.00373244, -0.00042845,
       -0.00223559, -0.00062169,  0.00138175])
  message: 'Maximum number of iterations has been exceeded.'
     nfev: 2261
      nit: 100
     njev: 119
   status: 1
  success: False
        x: array([ 0.08204161,  0.21928832,  0.69221892,  1.85260565, -0.73857566,
       -0.07284886,  2.69209261, -0.37682429,  0.6693522 ,  2.27581485,
       -0.64496814, -0.59881747,  0.13096352,  0.11872285, -0.23414567,
       -1.44093889, -0.26307829,  0.05222505])
