Program Begingeth
      fun: 0.2065649974476892
 hess_inv: array([[ 9.14869589e-01, -1.31075623e-01,  2.32548182e-02,
        -1.50366615e-02,  2.27663708e-01,  4.18931042e-01,
        -2.30841111e-01,  5.61712627e-02,  1.39049455e+00,
         1.33979191e-01,  8.54813723e-01,  5.47372061e-01,
        -4.13445046e-01,  6.70946446e-02,  6.14524297e-02,
        -7.26999307e-03, -2.30045990e-02, -1.78646015e-01],
       [-1.31075623e-01,  3.12833199e-01, -4.10394453e-02,
        -5.27723191e-02, -5.06879957e-02, -3.33681252e-01,
         3.24108024e-01,  2.34737025e-01, -1.32589713e+00,
        -2.73006520e-01, -3.28581202e-01, -5.47093432e-01,
         5.55420361e-02, -9.07018514e-02, -1.31936631e-01,
         2.05418826e-02,  4.38776254e-02, -4.29851847e-02],
       [ 2.32548182e-02, -4.10394453e-02,  2.18321884e-01,
         8.88610165e-02,  1.42118063e-01,  1.84561607e-01,
        -1.23752084e-01,  2.13124452e-01,  9.97777756e-01,
         3.99618647e-01,  3.72835082e-01,  3.50599402e-01,
         2.66021578e-02,  7.06197769e-02, -3.05245626e-02,
         4.04227517e-02,  1.64558336e-02,  3.12950224e-02],
       [-1.50366615e-02, -5.27723191e-02,  8.88610165e-02,
         3.63704344e-01,  1.37880831e-01,  3.45217242e-01,
        -1.03929364e-01, -3.68223128e-02,  2.31685353e+00,
         1.28877495e+00,  5.15116441e-01,  7.31646493e-01,
         1.19593809e-01,  1.12435092e-02,  8.83232372e-03,
         4.54073691e-02, -4.81481398e-02,  3.27413900e-02],
       [ 2.27663708e-01, -5.06879957e-02,  1.42118063e-01,
         1.37880831e-01,  2.70637824e-01,  3.55701559e-01,
        -2.84866391e-01,  2.62236995e-01,  1.92513111e+00,
         6.65223742e-01,  8.54693247e-01,  5.75687097e-01,
        -6.62715428e-02,  7.82940315e-02,  2.73045935e-02,
         2.88403534e-02, -1.99894212e-04, -1.38914258e-02],
       [ 4.18931042e-01, -3.33681252e-01,  1.84561607e-01,
         3.45217242e-01,  3.55701559e-01,  1.05401959e+00,
        -1.25203903e+00, -3.34834591e-01,  5.19890359e+00,
         1.71356580e+00,  1.59038983e+00,  1.95089539e+00,
        -1.32450895e-01,  9.93390602e-02,  1.90473387e-01,
        -8.81700429e-03, -8.16770056e-02,  9.92490071e-03],
       [-2.30841111e-01,  3.24108024e-01, -1.23752084e-01,
        -1.03929364e-01, -2.84866391e-01, -1.25203903e+00,
         3.26784071e+00,  5.04883612e-01, -6.02134839e+00,
        -1.70032810e+00, -1.70284720e+00, -2.51763782e+00,
         2.28147536e-01, -2.00107324e-02, -2.42371149e-01,
         1.12516937e-01,  6.89326544e-02, -1.92624477e-02],
       [ 5.61712627e-02,  2.34737025e-01,  2.13124452e-01,
        -3.68223128e-02,  2.62236995e-01, -3.34834591e-01,
         5.04883612e-01,  1.89479110e+00, -1.21276968e+00,
        -1.06116664e-01,  3.26934201e-03, -7.11513344e-01,
        -1.79372501e-02,  8.76974505e-02, -2.27087672e-01,
         7.84225365e-02,  8.23345192e-02, -6.69260111e-02],
       [ 1.39049455e+00, -1.32589713e+00,  9.97777756e-01,
         2.31685353e+00,  1.92513111e+00,  5.19890359e+00,
        -6.02134839e+00, -1.21276968e+00,  2.84844594e+01,
         1.07025193e+01,  8.13977326e+00,  9.73468952e+00,
        -2.14338596e-01,  4.50058591e-01,  7.46372565e-01,
         3.97878270e-02, -3.77993959e-01,  1.28956850e-01],
       [ 1.33979191e-01, -2.73006520e-01,  3.99618647e-01,
         1.28877495e+00,  6.65223742e-01,  1.71356580e+00,
        -1.70032810e+00, -1.06116664e-01,  1.07025193e+01,
         5.28314211e+00,  2.62987266e+00,  3.50840906e+00,
         2.29226052e-01,  7.68313586e-02,  8.94202854e-02,
         8.65069083e-02, -1.58858756e-01,  8.42886616e-02],
       [ 8.54813723e-01, -3.28581202e-01,  3.72835082e-01,
         5.15116441e-01,  8.54693247e-01,  1.59038983e+00,
        -1.70284720e+00,  3.26934201e-03,  8.13977326e+00,
         2.62987266e+00,  3.27856717e+00,  2.73611439e+00,
        -2.94865300e-01,  1.94951243e-01,  2.45549418e-01,
         2.62918715e-02, -7.44841966e-02, -3.35698152e-02],
       [ 5.47372061e-01, -5.47093432e-01,  3.50599402e-01,
         7.31646493e-01,  5.75687097e-01,  1.95089539e+00,
        -2.51763782e+00, -7.11513344e-01,  9.73468952e+00,
         3.50840906e+00,  2.73611439e+00,  3.90500773e+00,
        -1.10947834e-01,  1.05610527e-01,  2.91699620e-01,
        -6.10912801e-03, -1.78018552e-01,  4.01563312e-02],
       [-4.13445046e-01,  5.55420361e-02,  2.66021578e-02,
         1.19593809e-01, -6.62715428e-02, -1.32450895e-01,
         2.28147536e-01, -1.79372501e-02, -2.14338596e-01,
         2.29226052e-01, -2.94865300e-01, -1.10947834e-01,
         2.58632713e-01, -2.71349226e-02, -3.59819357e-02,
         5.02636794e-02, -7.71341687e-03,  9.35352436e-02],
       [ 6.70946446e-02, -9.07018514e-02,  7.06197769e-02,
         1.12435092e-02,  7.82940315e-02,  9.93390602e-02,
        -2.00107324e-02,  8.76974505e-02,  4.50058591e-01,
         7.68313586e-02,  1.94951243e-01,  1.05610527e-01,
        -2.71349226e-02,  7.98644083e-02,  2.46642970e-02,
         8.15522837e-03,  1.94425180e-02,  1.33588882e-02],
       [ 6.14524297e-02, -1.31936631e-01, -3.05245626e-02,
         8.83232372e-03,  2.73045935e-02,  1.90473387e-01,
        -2.42371149e-01, -2.27087672e-01,  7.46372565e-01,
         8.94202854e-02,  2.45549418e-01,  2.91699620e-01,
        -3.59819357e-02,  2.46642970e-02,  1.09483205e-01,
        -2.15520235e-02, -2.53627352e-02,  3.11458232e-02],
       [-7.26999307e-03,  2.05418826e-02,  4.04227517e-02,
         4.54073691e-02,  2.88403534e-02, -8.81700429e-03,
         1.12516937e-01,  7.84225365e-02,  3.97878270e-02,
         8.65069083e-02,  2.62918715e-02, -6.10912801e-03,
         5.02636794e-02,  8.15522837e-03, -2.15520235e-02,
         4.40591289e-02,  2.82529143e-04,  7.12575857e-03],
       [-2.30045990e-02,  4.38776254e-02,  1.64558336e-02,
        -4.81481398e-02, -1.99894212e-04, -8.16770056e-02,
         6.89326544e-02,  8.23345192e-02, -3.77993959e-01,
        -1.58858756e-01, -7.44841966e-02, -1.78018552e-01,
        -7.71341687e-03,  1.94425180e-02, -2.53627352e-02,
         2.82529143e-04,  3.86146922e-02, -4.04327910e-03],
       [-1.78646015e-01, -4.29851847e-02,  3.12950224e-02,
         3.27413900e-02, -1.38914258e-02,  9.92490071e-03,
        -1.92624477e-02, -6.69260111e-02,  1.28956850e-01,
         8.42886616e-02, -3.35698152e-02,  4.01563312e-02,
         9.35352436e-02,  1.33588882e-02,  3.11458232e-02,
         7.12575857e-03, -4.04327910e-03,  7.34587876e-02]])
      jac: array([ 1.22893825e-03,  2.36599074e-04,  7.33578938e-04, -9.74098025e-04,
       -2.03680184e-03, -1.18275834e-03,  1.19283287e-04,  2.15411392e-04,
        2.76148549e-04,  1.87611963e-04,  3.00225215e-04, -4.30574095e-05,
        1.67198440e-03,  1.04212194e-04,  1.36018567e-03, -7.00167702e-04,
        2.25308476e-04,  1.33248042e-04])
  message: 'Maximum number of iterations has been exceeded.'
     nfev: 2128
      nit: 100
     njev: 112
   status: 1
  success: False
        x: array([ 0.06924593,  0.31299461,  0.74140024,  1.66488797, -0.67805262,
       -0.14295424,  2.62707813, -0.35800789,  0.28960836,  1.99021541,
       -0.72065509, -0.70911709,  0.15165798,  0.20023625, -0.27391541,
       -1.24729099, -0.14000817,  0.05193697])
