Program Begingeth
      fun: 0.33079450924477516
 hess_inv: array([[ 5.50973480e+00, -1.70240372e+00,  4.60272835e-01,
         1.81585361e+00, -9.87858530e-01,  1.26829310e+00,
         1.62166924e+00,  5.77857398e-01,  4.07981193e+00,
        -1.81758463e-01, -1.01120469e+00,  4.28170368e-01,
        -8.21846608e-01,  3.44236540e-01,  5.01358789e-01,
        -3.52243065e-01,  6.10082338e-01, -2.67843845e-01],
       [-1.70240372e+00,  5.31074718e+00,  1.48844959e+00,
        -5.52903858e-01,  2.34639709e+00,  2.35571242e-01,
        -5.45741896e+00,  8.76567935e-01,  4.26311221e+00,
        -3.22300074e-01,  6.91932398e-01, -1.41570050e+00,
         7.24690975e-01, -4.10137576e-01, -3.08341584e-01,
         1.68605425e-01, -4.43046377e-01,  7.08320513e-02],
       [ 4.60272835e-01,  1.48844959e+00,  2.45724383e+00,
        -1.49117568e-01,  5.56705844e-01,  1.03994565e+00,
        -3.24949979e+00, -1.54756889e+00,  3.14348953e+00,
        -4.25085093e-02,  7.13006044e-01, -4.98539024e-01,
        -3.96076048e-02, -8.29443225e-02, -1.84925791e-01,
         1.04414829e-01,  4.75154074e-02, -1.31137339e-01],
       [ 1.81585361e+00, -5.52903858e-01, -1.49117568e-01,
         6.92165644e-01, -3.26970545e-01,  2.94864951e-01,
         1.15993132e+00,  5.01260504e-01,  1.23911465e+00,
        -1.00913032e-01, -4.41796731e-01,  1.00064876e-01,
        -2.21123621e-01,  9.33695123e-02,  2.16105422e-01,
        -1.28602351e-01,  1.74897150e-01, -4.32963010e-02],
       [-9.87858530e-01,  2.34639709e+00,  5.56705844e-01,
        -3.26970545e-01,  1.17026586e+00,  4.83714836e-02,
        -3.18993816e+00,  1.03033311e+00,  1.46947995e+00,
        -2.36942165e-02,  2.57030623e-01, -5.29591311e-01,
         4.08591749e-01, -1.39657282e-01, -1.32488996e-01,
         1.37779700e-01, -2.76928205e-01,  4.37425387e-02],
       [ 1.26829310e+00,  2.35571242e-01,  1.03994565e+00,
         2.94864951e-01,  4.83714836e-02,  7.20606176e-01,
        -1.28332248e+00, -2.24245777e-01,  2.32017875e+00,
         5.69853530e-02, -2.61229782e-02, -8.42661327e-02,
        -2.01416778e-01,  4.99794821e-02,  7.43929313e-02,
        -5.38511257e-02,  1.10281912e-01, -9.62205704e-02],
       [ 1.62166924e+00, -5.45741896e+00, -3.24949979e+00,
         1.15993132e+00, -3.18993816e+00, -1.28332248e+00,
         1.75253269e+01, -2.77037669e+00, -5.59057528e+00,
        -7.43336187e-01, -7.85207740e-01,  8.44185491e-01,
        -9.35419094e-01,  2.35895203e-01,  4.13897119e-01,
        -5.33982706e-01,  1.08923090e+00,  2.25203198e-01],
       [ 5.77857398e-01,  8.76567935e-01, -1.54756889e+00,
         5.01260504e-01,  1.03033311e+00, -2.24245777e-01,
        -2.77037669e+00,  7.62049334e+00,  3.61374527e-01,
         4.05635427e-01, -1.08967873e+00, -5.70379012e-03,
         2.89182949e-01,  1.92449920e-01,  5.05787469e-01,
        -9.82580839e-02, -2.73420139e-01,  1.44722215e-01],
       [ 4.07981193e+00,  4.26311221e+00,  3.14348953e+00,
         1.23911465e+00,  1.46947995e+00,  2.32017875e+00,
        -5.59057528e+00,  3.61374527e-01,  1.36869837e+01,
        -3.05493447e-01,  1.32326036e-02, -1.24808369e+00,
        -2.57144866e-01, -3.37197805e-01,  2.20678202e-01,
        -3.26061165e-01,  2.05815062e-02, -1.70827004e-01],
       [-1.81758463e-01, -3.22300074e-01, -4.25085093e-02,
        -1.00913032e-01, -2.36942165e-02,  5.69853530e-02,
        -7.43336187e-01,  4.05635427e-01, -3.05493447e-01,
         7.12574346e-01,  3.42859772e-02,  1.08389798e-01,
        -1.15274974e-01, -4.09501594e-03, -3.75742395e-02,
         1.91463578e-02, -1.12774763e-01, -1.52709943e-01],
       [-1.01120469e+00,  6.91932398e-01,  7.13006044e-01,
        -4.41796731e-01,  2.57030623e-01, -2.61229782e-02,
        -7.85207740e-01, -1.08967873e+00,  1.32326036e-02,
         3.42859772e-02,  1.03512260e+00, -3.19971020e-01,
         1.18592283e-01, -2.49636302e-01, -3.25893359e-01,
         1.29337503e-01, -8.98923728e-02, -1.11341586e-01],
       [ 4.28170368e-01, -1.41570050e+00, -4.98539024e-01,
         1.00064876e-01, -5.29591311e-01, -8.42661327e-02,
         8.44185491e-01, -5.70379012e-03, -1.24808369e+00,
         1.08389798e-01, -3.19971020e-01,  7.71190767e-01,
        -1.36205846e-01,  2.27151968e-01,  3.36080244e-02,
         3.54858524e-02,  1.35401723e-01, -6.19588507e-03],
       [-8.21846608e-01,  7.24690975e-01, -3.96076048e-02,
        -2.21123621e-01,  4.08591749e-01, -2.01416778e-01,
        -9.35419094e-01,  2.89182949e-01, -2.57144866e-01,
        -1.15274974e-01,  1.18592283e-01, -1.36205846e-01,
         3.12854483e-01, -7.05650920e-02, -6.67667244e-02,
         1.40486841e-01, -1.81424016e-01,  9.44288913e-02],
       [ 3.44236540e-01, -4.10137576e-01, -8.29443225e-02,
         9.33695123e-02, -1.39657282e-01,  4.99794821e-02,
         2.35895203e-01,  1.92449920e-01, -3.37197805e-01,
        -4.09501594e-03, -2.49636302e-01,  2.27151968e-01,
        -7.05650920e-02,  1.52594854e-01,  6.34773309e-02,
        -6.55464980e-03,  1.10104998e-01,  1.27419372e-02],
       [ 5.01358789e-01, -3.08341584e-01, -1.84925791e-01,
         2.16105422e-01, -1.32488996e-01,  7.43929313e-02,
         4.13897119e-01,  5.05787469e-01,  2.20678202e-01,
        -3.75742395e-02, -3.25893359e-01,  3.36080244e-02,
        -6.67667244e-02,  6.34773309e-02,  1.72089523e-01,
        -7.46818760e-02,  3.90230057e-02,  6.13658671e-02],
       [-3.52243065e-01,  1.68605425e-01,  1.04414829e-01,
        -1.28602351e-01,  1.37779700e-01, -5.38511257e-02,
        -5.33982706e-01, -9.82580839e-02, -3.26061165e-01,
         1.91463578e-02,  1.29337503e-01,  3.54858524e-02,
         1.40486841e-01, -6.55464980e-03, -7.46818760e-02,
         1.28818171e-01, -7.11908269e-02,  9.77850894e-03],
       [ 6.10082338e-01, -4.43046377e-01,  4.75154074e-02,
         1.74897150e-01, -2.76928205e-01,  1.10281912e-01,
         1.08923090e+00, -2.73420139e-01,  2.05815062e-02,
        -1.12774763e-01, -8.98923728e-02,  1.35401723e-01,
        -1.81424016e-01,  1.10104998e-01,  3.90230057e-02,
        -7.11908269e-02,  2.30553732e-01, -2.31545406e-02],
       [-2.67843845e-01,  7.08320513e-02, -1.31137339e-01,
        -4.32963010e-02,  4.37425387e-02, -9.62205704e-02,
         2.25203198e-01,  1.44722215e-01, -1.70827004e-01,
        -1.52709943e-01, -1.11341586e-01, -6.19588507e-03,
         9.44288913e-02,  1.27419372e-02,  6.13658671e-02,
         9.77850894e-03, -2.31545406e-02,  1.26999324e-01]])
      jac: array([ 2.14643118e-08, -1.89478063e-07,  1.84630089e-06, -2.87917838e-07,
        8.90768940e-07, -3.93389025e-06,  8.28966525e-08, -7.66053887e-08,
        2.47579735e-07,  1.55431223e-08, -1.50990331e-07,  1.30562228e-06,
        3.89688282e-07, -7.07212067e-07,  4.18258021e-06, -2.22784754e-07,
        1.27305574e-07, -3.38173933e-06])
  message: 'Optimization terminated successfully.'
     nfev: 1387
      nit: 62
     njev: 73
   status: 0
  success: True
        x: array([ 7.99645296e-01, -1.16321852e+00,  5.66398660e-01,  1.07807110e+00,
       -1.18738736e+00,  1.40762111e-01,  6.16486800e-01, -2.05516617e+00,
       -4.65864211e-01,  3.32562492e-02,  5.32645030e-01,  1.20007935e+00,
        1.46826403e-03,  1.87964949e-02, -3.51660984e-01, -1.03751843e+00,
       -6.78602626e-01, -3.33626753e-02])
