Program Begingeth
      fun: 0.2813270222968661
 hess_inv: array([[ 1.02904618e+00, -4.76941557e-02,  1.32682695e-01,
         2.30791119e-01, -1.85449106e-01,  3.96939281e-01,
         1.10698116e+00, -8.67930871e-01, -1.14782489e-01,
         7.87017296e-01, -4.11549089e-01,  5.84061547e-01,
        -4.69295247e-01, -1.47719392e-02,  6.93463518e-02,
        -3.29404559e-02, -1.93972194e-03, -2.05709397e-01],
       [-4.76941557e-02,  6.22757710e-01, -1.46134063e-01,
        -2.89471413e-01,  1.79128787e-01, -1.63646300e-01,
        -6.40707477e-01,  2.01662494e-02,  1.62658075e-01,
        -1.33256523e+00,  3.05404963e-01,  1.70315949e-01,
         1.13823808e-01, -1.79383346e-01, -2.00988360e-01,
         6.01442245e-02, -4.59900561e-02, -7.31176467e-02],
       [ 1.32682695e-01, -1.46134063e-01,  4.31738742e-01,
         4.52797928e-02, -1.68954209e-01,  1.64085303e-01,
         5.13732299e-01, -2.59289603e-01,  2.86049391e-01,
         4.11015135e-01, -7.77302547e-01, -9.52153391e-03,
        -1.20956176e-01,  1.25082222e-01, -2.86079527e-02,
         1.96121519e-02,  6.18630568e-02,  4.24841039e-03],
       [ 2.30791119e-01, -2.89471413e-01,  4.52797928e-02,
         5.51083526e-01, -1.08106151e-01,  3.79069669e-01,
         1.79758939e+00,  5.62406103e-01, -7.49692362e-01,
         2.23352902e+00, -1.20330055e-01,  9.75759077e-01,
        -2.02987428e-01,  7.07810945e-02,  1.79251365e-01,
        -4.90983244e-02,  9.77973326e-02, -1.74072665e-02],
       [-1.85449106e-01,  1.79128787e-01, -1.68954209e-01,
        -1.08106151e-01,  3.95935169e-01, -2.04657242e-01,
        -1.08044649e-01,  7.59883591e-01, -4.20700631e-01,
        -1.06287645e+00,  1.02140820e+00,  4.55015819e-02,
         2.73333952e-01,  3.02826390e-03, -7.47024195e-02,
         8.49558266e-02, -5.30595515e-02,  5.60522978e-02],
       [ 3.96939281e-01, -1.63646300e-01,  1.64085303e-01,
         3.79069669e-01, -2.04657242e-01,  5.58964305e-01,
         1.56985446e+00,  2.99760481e-01,  7.31092704e-02,
         1.88815072e+00, -6.31064582e-01,  1.25581608e+00,
        -3.65702748e-01,  7.76757672e-02,  1.62363166e-01,
        -7.28437216e-02,  1.31236844e-01, -5.54220281e-02],
       [ 1.10698116e+00, -6.40707477e-01,  5.13732299e-01,
         1.79758939e+00, -1.08044649e-01,  1.56985446e+00,
         8.48481942e+00,  2.04346007e+00, -2.28882613e+00,
         6.09170323e+00, -4.26963726e-01,  4.40173081e+00,
        -6.37143082e-01,  3.30531990e-01,  5.09779851e-01,
        -4.96167776e-02,  3.04832402e-01, -2.54709491e-02],
       [-8.67930871e-01,  2.01662494e-02, -2.59289603e-01,
         5.62406103e-01,  7.59883591e-01,  2.99760481e-01,
         2.04346007e+00,  6.05800656e+00, -1.80243957e+00,
         2.53654260e+00,  1.43700032e+00,  2.75440719e+00,
         2.32396669e-01,  2.07196068e-01,  1.28413312e-02,
         2.31623887e-02,  2.71646906e-01,  1.36240119e-01],
       [-1.14782489e-01,  1.62658075e-01,  2.86049391e-01,
        -7.49692362e-01, -4.20700631e-01,  7.31092704e-02,
        -2.28882613e+00, -1.80243957e+00,  4.04226302e+00,
        -2.02940256e+00, -1.83942091e+00, -1.23055422e+00,
        -1.15410577e-01,  3.62848017e-02, -5.94362979e-02,
        -2.56886204e-02, -1.26140939e-02, -1.47063763e-02],
       [ 7.87017296e-01, -1.33256523e+00,  4.11015135e-01,
         2.23352902e+00, -1.06287645e+00,  1.88815072e+00,
         6.09170323e+00,  2.53654260e+00, -2.02940256e+00,
         1.16126893e+01, -2.27490302e+00,  4.23041348e+00,
        -1.41377706e+00,  3.19058455e-01,  7.55682119e-01,
        -4.40907217e-01,  6.92721644e-01, -2.01026335e-01],
       [-4.11549089e-01,  3.05404963e-01, -7.77302547e-01,
        -1.20330055e-01,  1.02140820e+00, -6.31064582e-01,
        -4.26963726e-01,  1.43700032e+00, -1.83942091e+00,
        -2.27490302e+00,  3.43627540e+00, -9.13045921e-02,
         6.83317425e-01, -8.74701089e-02, -6.87627159e-02,
         1.37475607e-01, -1.66645559e-01,  1.30518062e-01],
       [ 5.84061547e-01,  1.70315949e-01, -9.52153391e-03,
         9.75759077e-01,  4.55015819e-02,  1.25581608e+00,
         4.40173081e+00,  2.75440719e+00, -1.23055422e+00,
         4.23041348e+00, -9.13045921e-02,  4.53736263e+00,
        -5.80183002e-01,  4.13112135e-02,  2.60144834e-01,
        -9.68309198e-02,  3.24024829e-01, -9.41183892e-02],
       [-4.69295247e-01,  1.13823808e-01, -1.20956176e-01,
        -2.02987428e-01,  2.73333952e-01, -3.65702748e-01,
        -6.37143082e-01,  2.32396669e-01, -1.15410577e-01,
        -1.41377706e+00,  6.83317425e-01, -5.80183002e-01,
         4.28108772e-01, -1.38310077e-02, -8.35701256e-02,
         1.11397307e-01, -9.98347429e-02,  1.28257562e-01],
       [-1.47719392e-02, -1.79383346e-01,  1.25082222e-01,
         7.07810945e-02,  3.02826390e-03,  7.76757672e-02,
         3.30531990e-01,  2.07196068e-01,  3.62848017e-02,
         3.19058455e-01, -8.74701089e-02,  4.13112135e-02,
        -1.38310077e-02,  1.17161242e-01,  4.20415579e-02,
         3.57108680e-03,  4.86406413e-02,  4.05403049e-02],
       [ 6.93463518e-02, -2.00988360e-01, -2.86079527e-02,
         1.79251365e-01, -7.47024195e-02,  1.62363166e-01,
         5.09779851e-01,  1.28413312e-02, -5.94362979e-02,
         7.55682119e-01, -6.87627159e-02,  2.60144834e-01,
        -8.35701256e-02,  4.20415579e-02,  1.42206523e-01,
        -4.21743878e-02,  2.61660036e-02,  3.22453667e-02],
       [-3.29404559e-02,  6.01442245e-02,  1.96121519e-02,
        -4.90983244e-02,  8.49558266e-02, -7.28437216e-02,
        -4.96167776e-02,  2.31623887e-02, -2.56886204e-02,
        -4.40907217e-01,  1.37475607e-01, -9.68309198e-02,
         1.11397307e-01,  3.57108680e-03, -4.21743878e-02,
         6.72403648e-02, -3.33409298e-02,  2.02999832e-02],
       [-1.93972194e-03, -4.59900561e-02,  6.18630568e-02,
         9.77973326e-02, -5.30595515e-02,  1.31236844e-01,
         3.04832402e-01,  2.71646906e-01, -1.26140939e-02,
         6.92721644e-01, -1.66645559e-01,  3.24024829e-01,
        -9.98347429e-02,  4.86406413e-02,  2.61660036e-02,
        -3.33409298e-02,  9.10084693e-02, -9.86126536e-03],
       [-2.05709397e-01, -7.31176467e-02,  4.24841039e-03,
        -1.74072665e-02,  5.60522978e-02, -5.54220281e-02,
        -2.54709491e-02,  1.36240119e-01, -1.47063763e-02,
        -2.01026335e-01,  1.30518062e-01, -9.41183892e-02,
         1.28257562e-01,  4.05403049e-02,  3.22453667e-02,
         2.02999832e-02, -9.86126536e-03,  9.47621305e-02]])
      jac: array([ 1.53987934e-06, -1.74934141e-06,  2.34109028e-06, -2.19084010e-06,
        4.66700752e-06, -7.54544575e-06,  1.14352972e-07, -3.01980663e-07,
        4.79616347e-07,  6.33567273e-07, -1.36224365e-06,  1.82372636e-06,
        3.05422354e-06, -3.14341146e-06,  6.51293834e-06, -2.54759177e-06,
        2.01024382e-06, -4.48604117e-06])
  message: 'Optimization terminated successfully.'
     nfev: 1843
      nit: 89
     njev: 97
   status: 0
  success: True
        x: array([ 0.10897698,  0.26726041,  0.83400961,  1.34939381, -0.71803618,
        0.2588489 ,  2.09896273, -0.54601443,  1.14632862,  0.92007863,
       -1.15266708,  0.5943549 ,  0.04381102,  0.11993234, -0.26888619,
       -1.2757584 , -0.52048094,  0.03979028])
