Program Begingeth
      fun: 0.2968011938129079
 hess_inv: array([[ 3.57371905e+00, -1.13541979e+00,  9.12297470e-01,
         1.16886511e+00, -5.47763184e-01,  1.07483320e+00,
        -2.47589172e-01,  2.48181161e-01,  3.40100275e+00,
         1.46520933e-01, -6.11300175e-01,  2.60312286e-01,
        -4.83655437e-01,  2.42014413e-01,  2.80661470e-01,
        -1.94434322e-01,  2.82662163e-01, -1.67421385e-01],
       [-1.13541979e+00,  4.12961245e+00,  2.04644360e+00,
        -5.46754186e-01,  1.73114537e+00,  6.95014127e-01,
        -5.40510840e+00,  8.40125494e-02,  5.47713029e+00,
        -4.33490345e-01,  8.64071208e-01, -1.18227578e+00,
         4.95971132e-01, -3.95683557e-01, -3.01358469e-01,
         1.42766570e-01, -2.81555811e-01, -3.87840224e-02],
       [ 9.12297470e-01,  2.04644360e+00,  4.79996446e+00,
        -3.98097418e-01,  6.34270120e-01,  2.37224230e+00,
        -8.67857267e+00, -4.25739183e+00,  9.47377151e+00,
         1.92104414e-01,  1.37976458e+00, -6.84926269e-01,
        -1.64400734e-01, -2.28608987e-01, -4.52789986e-01,
         9.16528090e-02,  5.15141580e-03, -4.33982194e-01],
       [ 1.16886511e+00, -5.46754186e-01, -3.98097418e-01,
         5.40194737e-01, -2.28606570e-01,  1.77056529e-02,
         1.56787456e+00,  8.76748339e-01, -3.87255593e-02,
        -2.80952542e-02, -4.17660501e-01,  1.03805162e-01,
        -1.09829006e-01,  8.95372798e-02,  1.85317158e-01,
        -8.01782419e-02,  8.34743873e-02,  2.84471449e-02],
       [-5.47763184e-01,  1.73114537e+00,  6.34270120e-01,
        -2.28606570e-01,  8.16875549e-01,  2.01616808e-01,
        -2.39238691e+00,  9.14574604e-01,  1.78813144e+00,
        -1.28683765e-01,  2.34267884e-01, -4.31623220e-01,
         2.51960155e-01, -1.21378618e-01, -7.88727305e-02,
         8.26686187e-02, -1.37562870e-01,  1.65810216e-02],
       [ 1.07483320e+00,  6.95014127e-01,  2.37224230e+00,
         1.77056529e-02,  2.01616808e-01,  1.33590119e+00,
        -4.34836306e+00, -1.68648931e+00,  5.16139737e+00,
         2.21196199e-01,  4.49686626e-01, -2.33803298e-01,
        -1.85203536e-01, -4.96001832e-02, -1.32008680e-01,
        -2.71509416e-03,  3.29045379e-02, -2.34906119e-01],
       [-2.47589172e-01, -5.40510840e+00, -8.67857267e+00,
         1.56787456e+00, -2.39238691e+00, -4.34836306e+00,
         2.50662430e+01,  4.17135632e+00, -1.78173278e+01,
        -7.35030473e-01, -2.12872940e+00,  1.04886132e+00,
        -1.72044829e-01,  3.67432438e-01,  8.77789998e-01,
        -4.05285114e-01,  4.64013830e-01,  8.20276306e-01],
       [ 2.48181161e-01,  8.40125494e-02, -4.25739183e+00,
         8.76748339e-01,  9.14574604e-01, -1.68648931e+00,
         4.17135632e+00,  1.28065643e+01, -6.69011402e+00,
         1.26177225e-01, -2.01758561e+00,  1.48087982e-01,
         3.98958500e-01,  3.16815368e-01,  9.22592211e-01,
        -8.98225451e-02, -1.80986476e-01,  5.57626947e-01],
       [ 3.40100275e+00,  5.47713029e+00,  9.47377151e+00,
        -3.87255593e-02,  1.78813144e+00,  5.16139737e+00,
        -1.78173278e+01, -6.69011402e+00,  2.49173435e+01,
         3.67685996e-01,  2.46749589e+00, -1.78226121e+00,
        -3.17411719e-01, -7.62083808e-01, -7.72147261e-01,
         3.47327114e-03, -2.27020757e-01, -9.08048562e-01],
       [ 1.46520933e-01, -4.33490345e-01,  1.92104414e-01,
        -2.80952542e-02, -1.28683765e-01,  2.21196199e-01,
        -7.35030473e-01,  1.26177225e-01,  3.67685996e-01,
         8.73322604e-01,  6.55992857e-02,  1.00781870e-01,
        -2.40150257e-01, -1.45318342e-03, -6.71627324e-02,
        -1.24730128e-02, -4.51894424e-02, -2.23222159e-01],
       [-6.11300175e-01,  8.64071208e-01,  1.37976458e+00,
        -4.17660501e-01,  2.34267884e-01,  4.49686626e-01,
        -2.12872940e+00, -2.01758561e+00,  2.46749589e+00,
         6.55992857e-02,  1.15742784e+00, -3.81691169e-01,
         2.63204330e-02, -2.90525738e-01, -3.61111481e-01,
         8.11082012e-02, -6.94713534e-02, -2.10221213e-01],
       [ 2.60312286e-01, -1.18227578e+00, -6.84926269e-01,
         1.03805162e-01, -4.31623220e-01, -2.33803298e-01,
         1.04886132e+00,  1.48087982e-01, -1.78226121e+00,
         1.00781870e-01, -3.81691169e-01,  6.67561147e-01,
        -8.22444659e-02,  2.12532304e-01,  5.75763177e-02,
         2.41637147e-02,  1.08967246e-01,  4.14822414e-02],
       [-4.83655437e-01,  4.95971132e-01, -1.64400734e-01,
        -1.09829006e-01,  2.51960155e-01, -1.85203536e-01,
        -1.72044829e-01,  3.98958500e-01, -3.17411719e-01,
        -2.40150257e-01,  2.63204330e-02, -8.22444659e-02,
         2.16459836e-01, -4.32464056e-02, -8.50576539e-03,
         8.40914531e-02, -7.68317669e-02,  9.42166385e-02],
       [ 2.42014413e-01, -3.95683557e-01, -2.28608987e-01,
         8.95372798e-02, -1.21378618e-01, -4.96001832e-02,
         3.67432438e-01,  3.16815368e-01, -7.62083808e-01,
        -1.45318342e-03, -2.90525738e-01,  2.12532304e-01,
        -4.32464056e-02,  1.49851393e-01,  7.97456734e-02,
        -9.18707117e-03,  8.89865608e-02,  4.13360840e-02],
       [ 2.80661470e-01, -3.01358469e-01, -4.52789986e-01,
         1.85317158e-01, -7.88727305e-02, -1.32008680e-01,
         8.77789998e-01,  9.22592211e-01, -7.72147261e-01,
        -6.71627324e-02, -3.61111481e-01,  5.75763177e-02,
        -8.50576539e-03,  7.97456734e-02,  1.69178606e-01,
        -4.42871860e-02,  2.29325586e-02,  9.94763809e-02],
       [-1.94434322e-01,  1.42766570e-01,  9.16528090e-02,
        -8.01782419e-02,  8.26686187e-02, -2.71509416e-03,
        -4.05285114e-01, -8.98225451e-02,  3.47327114e-03,
        -1.24730128e-02,  8.11082012e-02,  2.41637147e-02,
         8.40914531e-02, -9.18707117e-03, -4.42871860e-02,
         7.75884471e-02, -2.82896855e-02,  3.21626491e-03],
       [ 2.82662163e-01, -2.81555811e-01,  5.15141580e-03,
         8.34743873e-02, -1.37562870e-01,  3.29045379e-02,
         4.64013830e-01, -1.80986476e-01, -2.27020757e-01,
        -4.51894424e-02, -6.94713534e-02,  1.08967246e-01,
        -7.68317669e-02,  8.89865608e-02,  2.29325586e-02,
        -2.82896855e-02,  1.16122419e-01,  1.39231474e-03],
       [-1.67421385e-01, -3.87840224e-02, -4.33982194e-01,
         2.84471449e-02,  1.65810216e-02, -2.34906119e-01,
         8.20276306e-01,  5.57626947e-01, -9.08048562e-01,
        -2.23222159e-01, -2.10221213e-01,  4.14822414e-02,
         9.42166385e-02,  4.13360840e-02,  9.94763809e-02,
         3.21626491e-03,  1.39231474e-03,  1.40339602e-01]])
      jac: array([-5.56358663e-05,  5.42987877e-05, -1.63428900e-04,  1.08266359e-04,
       -1.42883483e-04,  3.76353023e-04, -6.56289837e-06,  1.28134540e-05,
       -1.22949799e-05, -2.80693987e-05,  2.40781469e-05, -6.81366075e-05,
       -4.18013772e-05,  1.48517125e-04, -3.52953962e-04, -5.58168326e-05,
       -7.44341625e-05,  2.29288070e-04])
  message: 'Desired error not necessarily achieved due to precision loss.'
     nfev: 2254
      nit: 71
     njev: 118
   status: 2
  success: False
        x: array([ 0.98366643, -1.13898133,  0.59555023,  1.23548328, -1.15615333,
        0.16991938,  0.89155502, -1.80280049, -0.51134838,  0.05188754,
        0.5819445 ,  1.16209773, -0.00992633,  0.16083637, -0.31589019,
       -1.16238597, -0.32590266, -0.02220967])
