Program Begingeth
      fun: 0.2661465110783951
 hess_inv: array([[ 3.26134005e+00, -1.17324396e-01,  8.49637954e-01,
         1.46863253e+00, -8.82880791e-02,  2.99351934e-01,
         2.64007027e+00,  7.89449166e-02, -4.05766899e+00,
         2.72215396e-01, -4.32918049e-01,  4.37752263e-02,
        -1.83449136e-01,  1.56446099e-01,  7.43706069e-02,
        -5.93452780e-02,  1.49800268e-01, -2.00547138e-01],
       [-1.17324396e-01,  2.37135264e+00,  1.58481087e-01,
         1.86314587e-01,  1.03063150e+00, -4.38229374e-01,
         9.53696356e-01,  4.99643148e-01, -2.35461355e+00,
        -3.33273000e-01,  5.72720393e-01, -7.00921722e-01,
         3.39588475e-01, -2.14988066e-01, -1.78863677e-01,
         1.31841305e-01, -1.25216571e-01,  1.13289276e-02],
       [ 8.49637954e-01,  1.58481087e-01,  9.33861482e-01,
         3.93880252e-01,  1.25708643e-01,  3.69627076e-01,
         1.34235277e+00,  3.45466563e-01, -1.00333527e+00,
         1.57942630e-01,  1.06587736e-01, -6.63243209e-02,
        -7.62959731e-02,  1.13408571e-01,  3.82178918e-03,
         1.75520878e-02,  1.40393475e-01, -8.16604858e-02],
       [ 1.46863253e+00,  1.86314587e-01,  3.93880252e-01,
         7.38949821e-01,  5.55780063e-02,  9.29110970e-02,
         1.57632665e+00, -1.33878689e-01, -2.10200202e+00,
         1.33740757e-01, -1.67544452e-01, -5.10396704e-02,
        -1.22127139e-02,  3.16124856e-02,  3.36827989e-02,
         4.46214649e-03,  1.13407345e-02, -7.39492231e-02],
       [-8.82880791e-02,  1.03063150e+00,  1.25708643e-01,
         5.55780063e-02,  4.82761915e-01, -1.60475918e-01,
         4.28543735e-01,  4.41244590e-01, -8.98549738e-01,
        -1.55492830e-01,  2.76111908e-01, -2.62451484e-01,
         1.51201552e-01, -6.56250971e-02, -9.11754886e-02,
         7.39403106e-02, -3.16944514e-02,  2.50809708e-03],
       [ 2.99351934e-01, -4.38229374e-01,  3.69627076e-01,
         9.29110970e-02, -1.60475918e-01,  2.88306998e-01,
         3.39282094e-01,  2.79345694e-03,  3.58997039e-01,
         1.53590192e-01, -1.40865676e-01,  1.45897317e-01,
        -1.02832535e-01,  1.17913657e-01,  5.84591095e-02,
        -1.78774622e-02,  8.88112205e-02, -2.27209021e-02],
       [ 2.64007027e+00,  9.53696356e-01,  1.34235277e+00,
         1.57632665e+00,  4.28543735e-01,  3.39282094e-01,
         5.20437916e+00, -4.71380041e-01, -4.45402428e+00,
         4.94006620e-01, -6.21353610e-02, -1.60026056e-01,
         8.26437448e-02,  6.72922992e-02,  1.08123737e-02,
         1.06218284e-01, -1.33537370e-02, -1.57959216e-01],
       [ 7.89449165e-02,  4.99643148e-01,  3.45466563e-01,
        -1.33878689e-01,  4.41244590e-01,  2.79345693e-03,
        -4.71380041e-01,  2.82073990e+00, -2.88827007e-01,
        -4.51979982e-01,  3.50767903e-01, -1.81645862e-02,
        -2.44324545e-02,  9.75954735e-02, -1.59823007e-01,
         1.54708344e-02,  2.00605775e-01, -5.94614750e-02],
       [-4.05766899e+00, -2.35461355e+00, -1.00333527e+00,
        -2.10200202e+00, -8.98549738e-01,  3.58997039e-01,
        -4.45402428e+00, -2.88827007e-01,  9.44787647e+00,
        -2.64626008e-01, -2.38636939e-01,  7.93874583e-01,
        -4.64256977e-02,  1.84723013e-01,  1.72454282e-01,
        -4.75054017e-03,  3.12727438e-02,  3.17679774e-01],
       [ 2.72215396e-01, -3.33273000e-01,  1.57942630e-01,
         1.33740757e-01, -1.55492830e-01,  1.53590192e-01,
         4.94006620e-01, -4.51979982e-01, -2.64626008e-01,
         8.09670500e-01, -6.34314469e-02,  6.76558285e-02,
        -2.12939306e-01,  1.41990112e-02, -6.32459394e-02,
        -2.92258860e-02, -2.06156194e-02, -2.09082993e-01],
       [-4.32918049e-01,  5.72720393e-01,  1.06587736e-01,
        -1.67544452e-01,  2.76111908e-01, -1.40865676e-01,
        -6.21353610e-02,  3.50767903e-01, -2.38636939e-01,
        -6.34314469e-02,  6.89563151e-01, -2.45674542e-01,
         7.16794366e-02, -1.46954481e-01, -1.67670563e-01,
         5.44327918e-02, -1.15716221e-02, -7.99381816e-02],
       [ 4.37752263e-02, -7.00921722e-01, -6.63243209e-02,
        -5.10396704e-02, -2.62451484e-01,  1.45897317e-01,
        -1.60026056e-01, -1.81645862e-02,  7.93874583e-01,
         6.76558285e-02, -2.45674542e-01,  4.64751934e-01,
        -6.31827781e-02,  1.46632914e-01,  3.31198382e-02,
         1.35882398e-02,  8.73978450e-02,  2.37276444e-02],
       [-1.83449136e-01,  3.39588475e-01, -7.62959731e-02,
        -1.22127139e-02,  1.51201552e-01, -1.02832535e-01,
         8.26437448e-02, -2.44324545e-02, -4.64256977e-02,
        -2.12939306e-01,  7.16794366e-02, -6.31827781e-02,
         1.58079113e-01, -4.55335448e-02,  4.79762656e-03,
         7.24816611e-02, -5.57978892e-02,  7.88647627e-02],
       [ 1.56446099e-01, -2.14988066e-01,  1.13408571e-01,
         3.16124856e-02, -6.56250971e-02,  1.17913657e-01,
         6.72922992e-02,  9.75954735e-02,  1.84723013e-01,
         1.41990112e-02, -1.46954481e-01,  1.46632914e-01,
        -4.55335448e-02,  1.10858051e-01,  2.94491012e-02,
        -5.59078332e-03,  8.54702599e-02,  8.17124297e-03],
       [ 7.43706069e-02, -1.78863677e-01,  3.82178918e-03,
         3.36827989e-02, -9.11754887e-02,  5.84591095e-02,
         1.08123737e-02, -1.59823007e-01,  1.72454282e-01,
        -6.32459394e-02, -1.67670563e-01,  3.31198382e-02,
         4.79762656e-03,  2.94491012e-02,  8.77811065e-02,
        -1.50246268e-02, -4.22543437e-03,  6.92276855e-02],
       [-5.93452780e-02,  1.31841305e-01,  1.75520878e-02,
         4.46214649e-03,  7.39403106e-02, -1.78774622e-02,
         1.06218284e-01,  1.54708344e-02, -4.75054018e-03,
        -2.92258860e-02,  5.44327918e-02,  1.35882398e-02,
         7.24816611e-02, -5.59078332e-03, -1.50246268e-02,
         6.33699410e-02, -1.40203063e-02,  1.64907422e-02],
       [ 1.49800268e-01, -1.25216571e-01,  1.40393475e-01,
         1.13407345e-02, -3.16944514e-02,  8.88112205e-02,
        -1.33537370e-02,  2.00605775e-01,  3.12727438e-02,
        -2.06156194e-02, -1.15716221e-02,  8.73978450e-02,
        -5.57978892e-02,  8.54702599e-02, -4.22543437e-03,
        -1.40203063e-02,  1.07994610e-01, -1.63700748e-02],
       [-2.00547138e-01,  1.13289276e-02, -8.16604858e-02,
        -7.39492231e-02,  2.50809707e-03, -2.27209021e-02,
        -1.57959216e-01, -5.94614750e-02,  3.17679774e-01,
        -2.09082993e-01, -7.99381816e-02,  2.37276444e-02,
         7.88647627e-02,  8.17124297e-03,  6.92276855e-02,
         1.64907422e-02, -1.63700749e-02,  1.18878140e-01]])
      jac: array([ 6.55031585e-08, -1.27675648e-07,  2.52020627e-07, -6.66133815e-07,
        5.08852220e-07, -1.25936298e-06, -5.77315973e-08,  2.59052039e-08,
       -3.70074342e-10, -7.21644966e-08,  2.97909845e-07,  5.29946457e-07,
        2.62382708e-06, -1.77524662e-06,  5.98743277e-06, -1.38037729e-06,
        2.03614903e-06, -4.70401496e-06])
  message: 'Optimization terminated successfully.'
     nfev: 2090
      nit: 89
     njev: 110
   status: 0
  success: True
        x: array([ 1.05006214, -1.33857766,  0.79229227,  1.2863413 , -1.26726988,
        0.38536073,  2.25489308, -0.9931303 ,  0.88741509,  0.14354471,
        0.55326545,  1.22869854,  0.02039624,  0.20654233, -0.29322218,
       -1.0633428 , -0.17685653, -0.02173978])
