Program Begingeth
      fun: 0.3299443875265598
 hess_inv: array([[ 1.77762484e+00,  4.43126772e-02,  1.40592309e-01,
         2.98362053e-01, -3.12907956e-01,  3.80056407e-01,
         6.70225555e-01, -4.15717016e-01,  5.44792428e-01,
         9.44824363e-01, -1.08356151e+00,  5.59029675e-02,
        -7.24438940e-01, -7.59919871e-02,  5.95006005e-02,
        -4.62182701e-02, -2.58068690e-02, -2.97326091e-01],
       [ 4.43126772e-02,  7.03613896e-01, -8.45502965e-02,
        -2.81020316e-01,  2.94465152e-02, -1.95625530e-01,
        -1.38192106e+00,  1.85779280e-01, -1.02279860e-01,
        -7.55926252e-01, -1.81586740e-01, -1.19574071e-01,
        -9.73312033e-03, -2.29257447e-01, -2.21858442e-01,
         3.69423644e-02,  4.94858235e-03, -1.37514124e-01],
       [ 1.40592309e-01, -8.45502965e-02,  3.75725584e-01,
         9.89394044e-02,  9.72285240e-03,  1.12699411e-01,
        -5.77644373e-03, -4.14475990e-01,  2.23447370e-01,
         4.89972097e-01, -3.85781453e-02,  4.10545479e-02,
        -3.56525158e-02,  1.05921390e-01, -5.27033208e-02,
         4.43154112e-02,  3.67600296e-02,  1.98662345e-02],
       [ 2.98362053e-01, -2.81020316e-01,  9.89394044e-02,
         4.76159022e-01,  5.08534848e-02,  2.17730095e-01,
         1.43188733e+00,  2.70076157e-01,  1.24540246e+00,
         1.38679683e+00,  2.43981921e-01, -1.62575935e-01,
        -5.39969611e-02,  8.87113384e-02,  1.50563238e-01,
         4.65981318e-03, -9.87125895e-03,  3.32441403e-02],
       [-3.12907956e-01,  2.94465152e-02,  9.72285240e-03,
         5.08534848e-02,  3.56925379e-01, -7.05064889e-02,
        -1.98728079e-01,  8.61890537e-01,  8.72515951e-01,
         1.74013388e-01,  9.72029415e-01, -2.30600395e-01,
         1.92695805e-01,  8.06903543e-02, -4.05391254e-02,
         5.40466759e-02,  1.98100184e-02,  5.94829157e-02],
       [ 3.80056407e-01, -1.95625530e-01,  1.12699411e-01,
         2.17730095e-01, -7.05064889e-02,  3.66554886e-01,
         1.04257760e+00, -5.01354714e-01,  1.06005860e+00,
         7.91020407e-01, -3.59374856e-02,  4.42546491e-01,
        -2.20007922e-01,  8.60565778e-02,  1.41061857e-01,
        -4.67065241e-02,  4.48329499e-02, -6.78385745e-03],
       [ 6.70225555e-01, -1.38192106e+00, -5.77644373e-03,
         1.43188733e+00, -1.98728079e-01,  1.04257760e+00,
         1.07031637e+01, -1.19980617e+00,  4.95035719e+00,
         3.60961878e+00,  1.37018079e+00,  2.36278119e-01,
        -6.12411254e-01,  2.79315857e-01,  7.07460982e-01,
        -3.12657396e-01,  1.87829886e-01,  8.00628040e-02],
       [-4.15717016e-01,  1.85779280e-01, -4.14475990e-01,
         2.70076157e-01,  8.61890537e-01, -5.01354714e-01,
        -1.19980617e+00,  4.83479864e+00,  1.39583015e+00,
         4.09141421e-01,  1.67846117e+00, -1.55207870e+00,
         5.28388124e-01,  2.11566947e-02, -4.70147324e-03,
         1.32717901e-01, -8.70608160e-02,  1.03684557e-01],
       [ 5.44792428e-01, -1.02279860e-01,  2.23447370e-01,
         1.24540246e+00,  8.72515951e-01,  1.06005860e+00,
         4.95035719e+00,  1.39583015e+00,  9.65284766e+00,
         4.14193366e+00,  3.30613631e+00, -8.81865326e-03,
        -2.86406141e-01,  2.33621954e-01,  3.60539595e-01,
        -5.95664534e-02,  2.06199772e-01,  7.71791803e-02],
       [ 9.44824363e-01, -7.55926252e-01,  4.89972097e-01,
         1.38679683e+00,  1.74013388e-01,  7.91020407e-01,
         3.60961878e+00,  4.09141421e-01,  4.14193366e+00,
         4.43312681e+00,  7.11661412e-01, -1.92318599e-01,
        -2.34433511e-01,  3.16597032e-01,  4.10801896e-01,
         9.83232004e-03,  1.54498471e-02,  9.29165332e-02],
       [-1.08356151e+00, -1.81586740e-01, -3.85781453e-02,
         2.43981921e-01,  9.72029415e-01, -3.59374856e-02,
         1.37018079e+00,  1.67846117e+00,  3.30613631e+00,
         7.11661412e-01,  3.30854865e+00, -4.16528012e-01,
         4.77298563e-01,  2.57339358e-01, -5.91970770e-03,
         5.84300582e-02,  9.67111583e-02,  2.07512086e-01],
       [ 5.59029675e-02, -1.19574071e-01,  4.10545479e-02,
        -1.62575935e-01, -2.30600395e-01,  4.42546491e-01,
         2.36278119e-01, -1.55207870e+00, -8.81865326e-03,
        -1.92318599e-01, -4.16528012e-01,  1.37865014e+00,
        -2.18030265e-01,  8.48906929e-02,  1.11502113e-01,
        -8.18237213e-02,  9.28962414e-02, -3.46614394e-03],
       [-7.24438940e-01, -9.73312033e-03, -3.56525158e-02,
        -5.39969611e-02,  1.92695805e-01, -2.20007922e-01,
        -6.12411254e-01,  5.28388124e-01, -2.86406141e-01,
        -2.34433511e-01,  4.77298563e-01, -2.18030265e-01,
         3.94524485e-01,  3.64661159e-02, -3.82107748e-02,
         7.91172329e-02, -2.26238862e-02,  1.38177438e-01],
       [-7.59919871e-02, -2.29257447e-01,  1.05921390e-01,
         8.87113384e-02,  8.06903543e-02,  8.60565778e-02,
         2.79315857e-01,  2.11566947e-02,  2.33621954e-01,
         3.16597032e-01,  2.57339358e-01,  8.48906929e-02,
         3.64661159e-02,  1.40802983e-01,  5.11555897e-02,
         8.17526033e-03,  3.41964410e-02,  6.38039075e-02],
       [ 5.95006005e-02, -2.21858442e-01, -5.27033208e-02,
         1.50563238e-01, -4.05391254e-02,  1.41061857e-01,
         7.07460982e-01, -4.70147324e-03,  3.60539595e-01,
         4.10801896e-01, -5.91970770e-03,  1.11502113e-01,
        -3.82107748e-02,  5.11555897e-02,  1.52089638e-01,
        -3.39671208e-02, -4.37775647e-03,  5.50884824e-02],
       [-4.62182701e-02,  3.69423644e-02,  4.43154112e-02,
         4.65981318e-03,  5.40466759e-02, -4.67065241e-02,
        -3.12657396e-01,  1.32717901e-01, -5.95664534e-02,
         9.83232004e-03,  5.84300582e-02, -8.18237213e-02,
         7.91172329e-02,  8.17526033e-03, -3.39671208e-02,
         5.50486021e-02, -1.02265099e-02,  1.19667625e-02],
       [-2.58068690e-02,  4.94858235e-03,  3.67600296e-02,
        -9.87125895e-03,  1.98100184e-02,  4.48329499e-02,
         1.87829886e-01, -8.70608160e-02,  2.06199772e-01,
         1.54498471e-02,  9.67111583e-02,  9.28962414e-02,
        -2.26238862e-02,  3.41964410e-02, -4.37775647e-03,
        -1.02265099e-02,  4.73071242e-02,  1.70170843e-03],
       [-2.97326091e-01, -1.37514124e-01,  1.98662345e-02,
         3.32441403e-02,  5.94829157e-02, -6.78385745e-03,
         8.00628040e-02,  1.03684557e-01,  7.71791803e-02,
         9.29165332e-02,  2.07512086e-01, -3.46614394e-03,
         1.38177438e-01,  6.38039075e-02,  5.50884824e-02,
         1.19667625e-02,  1.70170843e-03,  1.06808788e-01]])
      jac: array([-9.41469125e-07,  3.65744472e-06, -7.20941825e-06, -6.27646083e-07,
       -3.01166499e-06,  1.28848784e-05,  3.50830476e-07, -3.84507241e-07,
       -7.40148683e-07,  4.20034378e-07,  1.30636243e-07, -3.36323562e-06,
       -1.11688436e-06,  1.19515509e-05, -1.38355993e-05,  2.86992652e-06,
       -1.04986390e-05,  8.03764462e-06])
  message: 'Desired error not necessarily achieved due to precision loss.'
     nfev: 1969
      nit: 71
     njev: 103
   status: 2
  success: False
        x: array([ 0.08730097,  0.12725731,  0.77089992,  1.59034637, -0.76816058,
        0.31939728,  1.07236957, -1.8153617 ,  0.69781651,  1.91711961,
       -0.69211285,  0.88775782,  0.0212504 ,  0.08125306, -0.20971168,
       -1.4421218 , -0.5645455 ,  0.05078798])
