Program Begingeth
      fun: 0.42885943937211496
 hess_inv: array([[ 2.61184521e+00,  2.47134635e-01,  1.68422680e-01,
         3.83683021e-01, -6.64531454e-01,  6.35751958e-01,
         1.18382820e+00, -1.05036038e+00,  6.10537627e-01,
         1.22363190e+00, -2.11123428e+00,  3.79772898e-01,
        -1.11269314e+00, -2.60025128e-01,  1.33866188e-01,
        -8.80761980e-02, -4.96300619e-02, -4.30370077e-01],
       [ 2.47134635e-01,  8.91033687e-01, -3.39772235e-02,
        -3.35672604e-01, -3.11637480e-02, -2.30432642e-01,
        -1.59414770e+00,  8.23100742e-02, -2.77683369e-01,
        -9.42241603e-01, -4.56493613e-01, -2.07193132e-01,
        -8.76958686e-02, -3.01389823e-01, -2.93488320e-01,
         4.02531936e-02,  5.62306175e-04, -2.11248075e-01],
       [ 1.68422680e-01, -3.39772235e-02,  4.83216600e-01,
         4.53350782e-02,  4.03257136e-02,  9.91467107e-02,
        -3.39206023e-01, -3.92839715e-01,  1.80100433e-01,
         3.76856952e-01, -3.02333441e-02,  1.53316765e-02,
        -4.35922672e-02,  1.03645034e-01, -1.01212546e-01,
         5.91189350e-02,  2.79511759e-02,  1.87230878e-02],
       [ 3.83683021e-01, -3.35672604e-01,  4.53350782e-02,
         5.20594334e-01, -5.18760482e-02,  3.16827571e-01,
         1.58328407e+00, -6.48007981e-02,  1.04436005e+00,
         1.52899740e+00,  8.18979961e-03,  1.33337553e-01,
        -1.06619091e-01,  8.07370128e-02,  2.21974465e-01,
        -1.85251924e-02, -1.23013095e-02,  3.73138629e-02],
       [-6.64531454e-01, -3.11637480e-02,  4.03257136e-02,
        -5.18760482e-02,  5.38160611e-01, -2.09335207e-01,
        -9.82529916e-01,  1.05074655e+00,  4.09964904e-01,
        -1.34354092e-01,  1.41846582e+00, -2.94292258e-01,
         3.95605015e-01,  1.60115533e-01, -1.01233313e-01,
         1.09693166e-01, -9.26411785e-04,  1.22775806e-01],
       [ 6.35751958e-01, -2.30432642e-01,  9.91467107e-02,
         3.16827571e-01, -2.09335207e-01,  5.62066268e-01,
         1.60093483e+00, -7.33213035e-01,  1.23203750e+00,
         1.11876144e+00, -3.79095172e-01,  8.12053047e-01,
        -3.67321126e-01,  6.11107061e-02,  2.33261367e-01,
        -8.51657636e-02,  5.91311372e-02, -2.54210841e-02],
       [ 1.18382820e+00, -1.59414770e+00, -3.39206023e-01,
         1.58328407e+00, -9.82529916e-01,  1.60093483e+00,
         1.47572170e+01, -3.09264883e+00,  4.99466321e+00,
         4.04847919e+00,  2.09125134e-01,  1.67961920e+00,
        -1.26260024e+00,  1.19931736e-01,  9.96955984e-01,
        -6.23035087e-01,  4.09980879e-01, -2.40547140e-02],
       [-1.05036038e+00,  8.23100742e-02, -3.92839715e-01,
        -6.48007981e-02,  1.05074655e+00, -7.33213035e-01,
        -3.09264883e+00,  4.54485360e+00,  9.62498300e-02,
        -5.13351407e-01,  2.13455316e+00, -1.51331937e+00,
         8.25132074e-01,  1.62673717e-01, -7.48211151e-02,
         1.84704889e-01, -9.68799181e-02,  2.34494485e-01],
       [ 6.10537627e-01, -2.77683369e-01,  1.80100433e-01,
         1.04436005e+00,  4.09964904e-01,  1.23203750e+00,
         4.99466321e+00,  9.62498300e-02,  7.42709306e+00,
         3.52186174e+00,  2.23088414e+00,  1.16463160e+00,
        -4.41192143e-01,  1.88396372e-01,  4.58955084e-01,
        -1.41445620e-01,  2.40078145e-01,  1.09570749e-01],
       [ 1.22363190e+00, -9.42241603e-01,  3.76856952e-01,
         1.52899740e+00, -1.34354092e-01,  1.11876144e+00,
         4.04847919e+00, -5.13351407e-01,  3.52186174e+00,
         4.92484052e+00, -3.90577103e-02,  7.36469759e-01,
        -4.14154301e-01,  2.97448514e-01,  6.31270134e-01,
        -7.12050786e-02, -3.26526442e-04,  1.06848975e-01],
       [-2.11123428e+00, -4.56493613e-01, -3.02333441e-02,
         8.18979961e-03,  1.41846582e+00, -3.79095172e-01,
         2.09125134e-01,  2.13455316e+00,  2.23088414e+00,
        -3.90577103e-02,  4.71218388e+00, -4.91271923e-01,
         9.82549249e-01,  4.66375904e-01, -1.41128358e-01,
         1.58524915e-01,  8.47226252e-02,  3.81170417e-01],
       [ 3.79772898e-01, -2.07193132e-01,  1.53316765e-02,
         1.33337553e-01, -2.94292258e-01,  8.12053047e-01,
         1.67961920e+00, -1.51331937e+00,  1.16463160e+00,
         7.36469759e-01, -4.91271923e-01,  1.94144252e+00,
        -4.01124406e-01,  1.02198378e-01,  2.66668035e-01,
        -1.31464094e-01,  1.39357125e-01, -2.96850060e-02],
       [-1.11269314e+00, -8.76958686e-02, -4.35922672e-02,
        -1.06619091e-01,  3.95605015e-01, -3.67321126e-01,
        -1.26260024e+00,  8.25132074e-01, -4.41192143e-01,
        -4.14154301e-01,  9.82549249e-01, -4.01124406e-01,
         6.23682157e-01,  1.28456989e-01, -8.24308222e-02,
         1.32873211e-01, -3.91761352e-02,  2.06700985e-01],
       [-2.60025128e-01, -3.01389823e-01,  1.03645034e-01,
         8.07370128e-02,  1.60115533e-01,  6.11107061e-02,
         1.19931736e-01,  1.62673717e-01,  1.88396372e-01,
         2.97448514e-01,  4.66375904e-01,  1.02198378e-01,
         1.28456989e-01,  1.91960822e-01,  5.76381838e-02,
         2.32753921e-02,  3.09307304e-02,  1.09861398e-01],
       [ 1.33866188e-01, -2.93488320e-01, -1.01212546e-01,
         2.21974465e-01, -1.01233313e-01,  2.33261367e-01,
         9.96955984e-01, -7.48211151e-02,  4.58955084e-01,
         6.31270134e-01, -1.41128358e-01,  2.66668035e-01,
        -8.24308222e-02,  5.76381838e-02,  2.31157986e-01,
        -5.54446904e-02,  7.33511258e-04,  6.87521053e-02],
       [-8.80761980e-02,  4.02531936e-02,  5.91189350e-02,
        -1.85251924e-02,  1.09693166e-01, -8.51657636e-02,
        -6.23035087e-01,  1.84704889e-01, -1.41445620e-01,
        -7.12050786e-02,  1.58524915e-01, -1.31464094e-01,
         1.32873211e-01,  2.32753921e-02, -5.54446904e-02,
         8.69639016e-02, -2.76019215e-02,  2.08274880e-02],
       [-4.96300619e-02,  5.62306175e-04,  2.79511759e-02,
        -1.23013095e-02, -9.26411785e-04,  5.91311372e-02,
         4.09980879e-01, -9.68799181e-02,  2.40078145e-01,
        -3.26526442e-04,  8.47226252e-02,  1.39357125e-01,
        -3.91761352e-02,  3.09307304e-02,  7.33511258e-04,
        -2.76019215e-02,  6.57029195e-02,  1.64620816e-03],
       [-4.30370077e-01, -2.11248075e-01,  1.87230878e-02,
         3.73138629e-02,  1.22775806e-01, -2.54210841e-02,
        -2.40547140e-02,  2.34494485e-01,  1.09570749e-01,
         1.06848975e-01,  3.81170417e-01, -2.96850060e-02,
         2.06700985e-01,  1.09861398e-01,  6.87521053e-02,
         2.08274880e-02,  1.64620816e-03,  1.48215121e-01]])
      jac: array([ 1.29266968e-06, -2.09573100e-06, -1.45513231e-06, -4.92124859e-06,
        2.85401332e-06,  4.58670139e-06,  2.83847020e-07,  3.48610030e-07,
       -4.89608354e-07,  1.66052357e-06, -1.15944291e-06, -8.76336041e-07,
        4.22809935e-06, -3.29995290e-06, -4.51453689e-06,  2.88287912e-07,
        4.51379674e-06,  4.30396459e-07])
  message: 'Optimization terminated successfully.'
     nfev: 1596
      nit: 74
     njev: 84
   status: 0
  success: True
        x: array([ 0.06205002,  0.00344922,  0.76705578,  1.54768874, -0.87048003,
        0.29847436,  0.95943692, -2.0385515 ,  0.52507066,  1.85388019,
       -0.82054139,  0.86512228,  0.00448762, -0.06280629, -0.21448401,
       -1.39870786, -0.89658679,  0.04739734])
