Program Begingeth
      fun: 0.2743513916179805
 hess_inv: array([[ 2.51883800e+00, -7.35240333e-01,  6.20491972e-01,
         9.12903497e-01, -3.94780148e-01,  7.14231286e-01,
         4.11081035e-01,  1.97784814e-01,  2.91604539e+00,
         2.93970842e-02, -5.13700902e-01, -1.16553761e-02,
        -3.15978277e-01,  1.25187465e-01,  1.94764228e-01,
        -1.99335399e-01,  1.65640561e-01, -8.45157343e-02],
       [-7.35240333e-01,  2.87780857e+00,  1.10749840e+00,
        -2.39637354e-01,  1.26222271e+00,  3.37412236e-01,
        -1.99920985e+00,  9.39319252e-01,  2.48030408e+00,
        -2.75473768e-01,  5.93812406e-01, -7.33155091e-01,
         3.42773139e-01, -2.70813503e-01, -1.26357096e-01,
         1.07545127e-01, -1.81200792e-01,  8.76911382e-03],
       [ 6.20491972e-01,  1.10749840e+00,  4.96762921e+00,
        -4.29561000e-01,  2.29455509e-01,  2.44711678e+00,
        -7.62382327e+00, -4.57093433e+00,  8.60468658e+00,
         4.14280205e-01,  1.35749075e+00, -3.92795405e-01,
        -1.98998728e-01, -1.63225738e-01, -4.51518700e-01,
         8.84062093e-02,  7.47942891e-02, -4.49654019e-01],
       [ 9.12903497e-01, -2.39637354e-01, -4.29561000e-01,
         4.65639024e-01, -1.03029749e-01, -6.28803750e-02,
         1.49875843e+00,  8.62860644e-01,  1.05840952e-01,
        -6.81942008e-02, -3.55356545e-01, -3.49465775e-02,
        -6.54911837e-02,  3.41225328e-02,  1.45550312e-01,
        -8.62085683e-02,  2.89477040e-02,  4.23780780e-02],
       [-3.94780148e-01,  1.26222271e+00,  2.29455509e-01,
        -1.03029749e-01,  6.23445045e-01,  3.27986367e-02,
        -7.37191124e-01,  1.15726665e+00,  4.86418812e-01,
        -1.00559681e-01,  1.37832197e-01, -2.67646976e-01,
         1.80589267e-01, -7.50046928e-02, -7.90498679e-03,
         6.34320063e-02, -8.07853898e-02,  4.04074081e-02],
       [ 7.14231286e-01,  3.37412236e-01,  2.44711678e+00,
        -6.28803750e-02,  3.27986367e-02,  1.31785989e+00,
        -3.74279089e+00, -1.98015446e+00,  4.68181471e+00,
         2.77875529e-01,  4.54954833e-01, -1.43906478e-01,
        -1.68179803e-01, -3.41836422e-02, -1.55528636e-01,
        -1.11949936e-03,  5.42442114e-02, -2.25606359e-01],
       [ 4.11081035e-01, -1.99920985e+00, -7.62382327e+00,
         1.49875843e+00, -7.37191124e-01, -3.74279089e+00,
         1.75500914e+01,  6.08634638e+00, -1.23138020e+01,
        -7.90191548e-01, -1.78273127e+00,  1.35248345e-01,
         6.39825764e-02,  9.41877728e-02,  7.70616266e-01,
        -3.39061920e-01,  4.26342508e-02,  7.33006467e-01],
       [ 1.97784814e-01,  9.39319252e-01, -4.57093433e+00,
         8.62860644e-01,  1.15726665e+00, -1.98015446e+00,
         6.08634638e+00,  1.21175580e+01, -7.34458783e+00,
        -2.27868172e-01, -1.93727127e+00, -1.23403792e-01,
         3.30445886e-01,  2.65865278e-01,  8.99829320e-01,
        -1.26534940e-01, -1.31430285e-01,  6.17147583e-01],
       [ 2.91604539e+00,  2.48030408e+00,  8.60468658e+00,
         1.05840952e-01,  4.86418812e-01,  4.68181471e+00,
        -1.23138020e+01, -7.34458783e+00,  2.02093919e+01,
         7.05137821e-01,  2.00935021e+00, -9.38763505e-01,
        -4.81263444e-01, -5.28172193e-01, -7.01412168e-01,
        -8.01061565e-02, -3.56404307e-02, -8.51497149e-01],
       [ 2.93970842e-02, -2.75473768e-01,  4.14280205e-01,
        -6.81942008e-02, -1.00559681e-01,  2.77875529e-01,
        -7.90191548e-01, -2.27868172e-01,  7.05137821e-01,
         8.03279546e-01,  9.13494022e-02,  3.81939062e-02,
        -2.07332731e-01, -9.41775498e-03, -1.14469978e-01,
        -5.55445090e-03, -2.68051094e-02, -2.29755735e-01],
       [-5.13700902e-01,  5.93812406e-01,  1.35749075e+00,
        -3.55356545e-01,  1.37832197e-01,  4.54954833e-01,
        -1.78273127e+00, -1.93727127e+00,  2.00935021e+00,
         9.13494022e-02,  1.14296585e+00, -2.33401443e-01,
         2.46593449e-02, -2.43076438e-01, -3.37555622e-01,
         9.21454404e-02, -2.50147590e-02, -1.99746420e-01],
       [-1.16553761e-02, -7.33155091e-01, -3.92795405e-01,
        -3.49465775e-02, -2.67646976e-01, -1.43906478e-01,
         1.35248345e-01, -1.23403792e-01, -9.38763505e-01,
         3.81939062e-02, -2.33401443e-01,  5.07097824e-01,
        -1.24397315e-02,  1.50765133e-01, -2.34910148e-03,
         5.13238037e-02,  7.46980147e-02,  3.28386827e-02],
       [-3.15978277e-01,  3.42773139e-01, -1.98998728e-01,
        -6.54911837e-02,  1.80589267e-01, -1.68179803e-01,
         6.39825764e-02,  3.30445886e-01, -4.81263444e-01,
        -2.07332731e-01,  2.46593449e-02, -1.24397315e-02,
         1.59005618e-01, -2.49906889e-02,  7.43496742e-03,
         7.26997193e-02, -4.68939635e-02,  7.92822969e-02],
       [ 1.25187465e-01, -2.70813503e-01, -1.63225738e-01,
         3.41225328e-02, -7.50046928e-02, -3.41836422e-02,
         9.41877728e-02,  2.65865278e-01, -5.28172193e-01,
        -9.41775498e-03, -2.43076438e-01,  1.50765133e-01,
        -2.49906889e-02,  1.27976302e-01,  6.47318640e-02,
        -3.91610623e-03,  7.60329423e-02,  3.92771853e-02],
       [ 1.94764228e-01, -1.26357096e-01, -4.51518700e-01,
         1.45550312e-01, -7.90498679e-03, -1.55528636e-01,
         7.70616266e-01,  8.99829320e-01, -7.01412168e-01,
        -1.14469978e-01, -3.37555622e-01, -2.34910148e-03,
         7.43496742e-03,  6.47318640e-02,  1.62626330e-01,
        -4.26861309e-02,  1.00551418e-02,  1.14236678e-01],
       [-1.99335399e-01,  1.07545127e-01,  8.84062093e-02,
        -8.62085683e-02,  6.34320063e-02, -1.11949936e-03,
        -3.39061920e-01, -1.26534940e-01, -8.01061565e-02,
        -5.55445090e-03,  9.21454404e-02,  5.13238037e-02,
         7.26997193e-02, -3.91610623e-03, -4.26861309e-02,
         7.56068090e-02, -1.39567126e-02,  9.09592519e-04],
       [ 1.65640561e-01, -1.81200792e-01,  7.47942891e-02,
         2.89477040e-02, -8.07853898e-02,  5.42442114e-02,
         4.26342508e-02, -1.31430285e-01, -3.56404307e-02,
        -2.68051094e-02, -2.50147590e-02,  7.46980147e-02,
        -4.68939635e-02,  7.60329423e-02,  1.00551418e-02,
        -1.39567126e-02,  9.40064972e-02,  1.34015945e-03],
       [-8.45157343e-02,  8.76911382e-03, -4.49654019e-01,
         4.23780780e-02,  4.04074081e-02, -2.25606359e-01,
         7.33006467e-01,  6.17147583e-01, -8.51497149e-01,
        -2.29755735e-01, -1.99746420e-01,  3.28386827e-02,
         7.92822969e-02,  3.92771853e-02,  1.14236678e-01,
         9.09592519e-04,  1.34015945e-03,  1.43606407e-01]])
      jac: array([ 1.04249942e-06, -1.37149551e-06,  2.57571742e-07, -2.11571501e-06,
        3.46019509e-06, -4.55931589e-07,  1.87257617e-07, -2.06871557e-07,
        6.77236045e-08,  6.06551846e-07, -6.72055004e-07, -2.88657986e-08,
        2.12718732e-06, -2.74188080e-06, -2.27595720e-07, -1.74638082e-06,
        1.90218212e-06,  7.85297753e-07])
  message: 'Optimization terminated successfully.'
     nfev: 1482
      nit: 67
     njev: 78
   status: 0
  success: True
        x: array([ 1.00631145, -1.33903644,  0.57020861,  1.24654219, -1.3280888 ,
        0.16487732,  0.94065943, -1.84970299, -0.70884015,  0.12246182,
        0.58073997,  1.15524701,  0.00537752,  0.24058075, -0.29226323,
       -1.15980475, -0.03221404, -0.01734524])
