Program Begingeth
      fun: 0.30626456054847034
 hess_inv: array([[ 4.13367974e+00, -5.16776523e-03,  1.71835888e+00,
         1.39462592e+00, -1.52424220e-01,  1.67767940e+00,
        -1.56314017e+00, -9.77565594e-02,  7.77658189e+00,
         3.94266099e-02, -7.12255521e-01, -6.01907500e-02,
        -4.48174169e-01,  1.50440461e-01,  3.42819616e-01,
        -2.86083799e-01,  1.95659399e-01, -1.30055523e-01],
       [-5.16776523e-03,  4.05328456e+00,  1.99919696e+00,
        -1.29822499e-01,  1.72857982e+00,  9.47263921e-01,
        -4.71190754e+00,  4.67334235e-01,  7.03209317e+00,
        -5.12118712e-01,  7.09674775e-01, -9.68110318e-01,
         3.68095752e-01, -3.18759785e-01, -1.69568730e-01,
         8.53827344e-02, -2.18316223e-01, -2.10246631e-02],
       [ 1.71835888e+00,  1.99919696e+00,  4.01207433e+00,
         9.91018259e-02,  6.34968929e-01,  2.26615881e+00,
        -6.10529567e+00, -3.11360856e+00,  1.00071918e+01,
         3.30724374e-02,  9.05890828e-01, -5.00959227e-01,
        -2.51084468e-01, -1.34453979e-01, -1.81386399e-01,
        -5.41825930e-02,  8.28085449e-02, -2.68917939e-01],
       [ 1.39462592e+00, -1.29822499e-01,  9.91018259e-02,
         5.82780823e-01, -8.72977422e-02,  3.29581451e-01,
         4.88277724e-01,  5.33035596e-01,  1.79477212e+00,
        -3.34605343e-02, -4.03386347e-01, -3.35664193e-02,
        -1.02654106e-01,  4.91959300e-02,  1.78107668e-01,
        -1.00814364e-01,  4.22087831e-02,  9.59359714e-03],
       [-1.52424220e-01,  1.72857982e+00,  6.34968929e-01,
        -8.72977422e-02,  8.19648573e-01,  2.86673994e-01,
        -2.09983089e+00,  9.47405458e-01,  2.38142846e+00,
        -1.81260099e-01,  2.14276840e-01, -3.53230861e-01,
         2.09958040e-01, -9.94767051e-02, -4.97765318e-02,
         6.93460979e-02, -1.12183567e-01,  1.76006227e-02],
       [ 1.67767940e+00,  9.47263921e-01,  2.26615881e+00,
         3.29581451e-01,  2.86673994e-01,  1.47298123e+00,
        -3.43116884e+00, -1.31938257e+00,  6.63372903e+00,
         1.09299976e-01,  2.12095173e-01, -2.27872585e-01,
        -2.34154188e-01, -2.19538981e-02,  8.32073410e-03,
        -9.88382719e-02,  6.61435205e-02, -1.53985491e-01],
       [-1.56314017e+00, -4.71190754e+00, -6.10529567e+00,
         4.88277724e-01, -2.09983089e+00, -3.43116884e+00,
         1.59485541e+01,  1.57076716e+00, -1.59993911e+01,
        -1.45031677e-01, -1.26514902e+00,  6.08357628e-01,
        -2.41559297e-02,  1.72908680e-01,  3.81944998e-01,
        -1.48814662e-01,  1.76758360e-01,  4.23028701e-01],
       [-9.77565594e-02,  4.67334235e-01, -3.11360856e+00,
         5.33035596e-01,  9.47405458e-01, -1.31938257e+00,
         1.57076716e+00,  1.01474083e+01, -4.81726347e+00,
         7.51918941e-02, -1.55235667e+00, -4.27887270e-04,
         4.76044441e-01,  2.10465051e-01,  5.97584890e-01,
         3.56230393e-02, -2.75833740e-01,  3.88089474e-01],
       [ 7.77658189e+00,  7.03209317e+00,  1.00071918e+01,
         1.79477212e+00,  2.38142846e+00,  6.63372903e+00,
        -1.59993911e+01, -4.81726347e+00,  3.52814507e+01,
        -1.09752544e-01,  1.26629752e+00, -1.73880974e+00,
        -6.91435762e-01, -5.51657675e-01, -4.26119069e-02,
        -4.81751479e-01, -3.15409257e-02, -6.34302102e-01],
       [ 3.94266099e-02, -5.12118712e-01,  3.30724374e-02,
        -3.34605343e-02, -1.81260099e-01,  1.09299976e-01,
        -1.45031677e-01,  7.51918941e-02, -1.09752544e-01,
         8.89882168e-01,  9.16241786e-03,  7.88165145e-02,
        -2.63932132e-01,  1.34754074e-02, -7.14637090e-02,
        -4.12859235e-02, -1.91846831e-02, -2.17525352e-01],
       [-7.12255521e-01,  7.09674775e-01,  9.05890828e-01,
        -4.03386347e-01,  2.14276840e-01,  2.12095173e-01,
        -1.26514902e+00, -1.55235667e+00,  1.26629752e+00,
         9.16241786e-03,  1.08048609e+00, -2.49666325e-01,
         3.31762346e-02, -2.43701639e-01, -3.07413384e-01,
         7.56838183e-02, -4.01648318e-02, -1.56676462e-01],
       [-6.01907500e-02, -9.68110318e-01, -5.00959227e-01,
        -3.35664193e-02, -3.53230861e-01, -2.27872585e-01,
         6.08357628e-01, -4.27887270e-04, -1.73880974e+00,
         7.88165145e-02, -2.49666325e-01,  5.75052294e-01,
        -3.01758215e-02,  1.73504604e-01, -3.80286741e-03,
         5.08249378e-02,  9.36385937e-02,  3.01331145e-02],
       [-4.48174169e-01,  3.68095752e-01, -2.51084468e-01,
        -1.02654106e-01,  2.09958040e-01, -2.34154188e-01,
        -2.41559297e-02,  4.76044441e-01, -6.91435762e-01,
        -2.63932132e-01,  3.31762346e-02, -3.01758215e-02,
         2.12486309e-01, -2.94561507e-02, -5.81326629e-03,
         9.49534419e-02, -6.28449602e-02,  9.50834729e-02],
       [ 1.50440461e-01, -3.18759785e-01, -1.34453979e-01,
         4.91959300e-02, -9.94767051e-02, -2.19538981e-02,
         1.72908680e-01,  2.10465051e-01, -5.51657675e-01,
         1.34754074e-02, -2.43701639e-01,  1.73504604e-01,
        -2.94561507e-02,  1.25092326e-01,  5.51994251e-02,
        -1.59193049e-03,  7.20622176e-02,  3.16214065e-02],
       [ 3.42819616e-01, -1.69568730e-01, -1.81386399e-01,
         1.78107668e-01, -4.97765318e-02,  8.32073410e-03,
         3.81944998e-01,  5.97584890e-01, -4.26119069e-02,
        -7.14637090e-02, -3.07413384e-01, -3.80286741e-03,
        -5.81326629e-03,  5.51994251e-02,  1.48111605e-01,
        -4.20131514e-02,  8.85465989e-03,  8.36181646e-02],
       [-2.86083799e-01,  8.53827344e-02, -5.41825930e-02,
        -1.00814364e-01,  6.93460979e-02, -9.88382719e-02,
        -1.48814662e-01,  3.56230393e-02, -4.81751479e-01,
        -4.12859235e-02,  7.56838183e-02,  5.08249378e-02,
         9.49534419e-02, -1.59193049e-03, -4.20131514e-02,
         8.18826171e-02, -2.12956832e-02,  1.64311263e-02],
       [ 1.95659399e-01, -2.18316223e-01,  8.28085449e-02,
         4.22087831e-02, -1.12183567e-01,  6.61435205e-02,
         1.76758360e-01, -2.75833740e-01, -3.15409257e-02,
        -1.91846831e-02, -4.01648318e-02,  9.36385937e-02,
        -6.28449602e-02,  7.20622176e-02,  8.85465989e-03,
        -2.12956832e-02,  9.29078526e-02, -4.35808704e-03],
       [-1.30055523e-01, -2.10246631e-02, -2.68917939e-01,
         9.59359714e-03,  1.76006227e-02, -1.53985491e-01,
         4.23028701e-01,  3.88089474e-01, -6.34302102e-01,
        -2.17525352e-01, -1.56676462e-01,  3.01331145e-02,
         9.50834729e-02,  3.16214065e-02,  8.36181646e-02,
         1.64311263e-02, -4.35808704e-03,  1.24202840e-01]])
      jac: array([ 1.95140200e-06,  2.51169456e-06, -1.23604830e-06, -8.00248756e-06,
       -7.90552809e-06,  3.94943337e-06,  6.45779726e-07,  1.31635443e-06,
        2.67933823e-07,  8.00470801e-07, -8.92249238e-07, -1.09467990e-06,
        4.62851979e-06, -5.30057479e-06, -4.18258021e-06,  2.28446891e-06,
        8.36256990e-06,  3.06606592e-06])
  message: 'Optimization terminated successfully.'
     nfev: 1634
      nit: 75
     njev: 86
   status: 0
  success: True
        x: array([ 1.04719282, -1.26339761,  0.63359754,  1.25739415, -1.26613105,
        0.20116625,  0.84619255, -1.96783346, -0.43044452,  0.07957897,
        0.56353835,  1.16539073, -0.01595501,  0.15186746, -0.31013688,
       -1.18483546, -0.29068301, -0.02665745])
