Program Begingeth
      fun: 0.38862878277225427
 hess_inv: array([[ 3.87635581e+00,  2.47598379e-01,  3.84330851e-01,
         1.30697163e+00, -2.09421299e-01,  3.57988338e-01,
         1.10734294e+00, -1.91928399e+00,  1.18542152e-01,
        -5.93290276e-01, -5.87621488e-02, -5.01350873e-01,
        -2.85962134e-01, -1.03228519e-01,  2.58253499e-01,
        -2.49824837e-02,  9.44055305e-02, -6.03230047e-02],
       [ 2.47598379e-01,  1.37978767e+00,  1.97235822e-01,
         1.13070929e-01,  4.60861729e-01,  2.72392140e-02,
         3.91087639e-01, -3.46785019e-01, -5.82403586e-01,
        -3.13318649e-01, -9.15469713e-02, -5.03173867e-01,
         5.72412471e-02, -8.54770148e-02,  4.32865872e-02,
         9.02331742e-03, -1.39526944e-02, -7.15192579e-02],
       [ 3.84330851e-01,  1.97235822e-01,  8.46155008e-01,
         6.85204905e-02,  7.70351363e-02,  3.34194869e-01,
         6.24792078e-01,  3.40722249e-01,  4.81451213e-01,
         1.14975914e-01,  3.26338246e-01, -1.12849345e-01,
        -1.14905055e-01, -1.67698997e-02, -7.07334541e-02,
         6.40780183e-02,  1.16461124e-01, -5.69061633e-02],
       [ 1.30697163e+00,  1.13070929e-01,  6.85204905e-02,
         4.65603730e-01, -6.57974531e-02,  9.23819844e-02,
         2.55253682e-01, -7.15341441e-01, -1.93432682e-03,
        -2.80758922e-01, -7.08171381e-02, -2.31852662e-01,
        -4.94390169e-02, -4.70137636e-02,  1.21925734e-01,
        -9.60944198e-03,  1.67399011e-03,  8.86827393e-03],
       [-2.09421299e-01,  4.60861729e-01,  7.70351363e-02,
        -6.57974531e-02,  2.12009155e-01,  4.35550914e-03,
         2.09467684e-01,  2.81588707e-01, -1.49797940e-01,
         7.78624601e-02, -2.38556195e-02, -3.49469885e-02,
         2.22623887e-02,  3.05078161e-02, -4.55427412e-02,
         4.39655129e-02,  3.95202104e-02, -4.82049275e-02],
       [ 3.57988338e-01,  2.72392140e-02,  3.34194869e-01,
         9.23819844e-02,  4.35550914e-03,  1.73664006e-01,
         3.34430053e-01,  7.93005484e-02,  2.40083042e-01,
         1.35779174e-01,  4.74366612e-02, -2.68017778e-02,
        -9.38296837e-02,  2.01342219e-02,  5.25457775e-03,
         2.27091012e-02,  6.02517992e-02, -2.19234481e-02],
       [ 1.10734294e+00,  3.91087639e-01,  6.24792078e-01,
         2.55253682e-01,  2.09467684e-01,  3.34430053e-01,
         7.71571716e+00,  4.49558379e-01, -1.39560563e+00,
         1.14669706e+00,  9.92850874e-01,  8.65648828e-01,
        -4.20810336e-01,  6.40824582e-02, -7.12071417e-01,
         7.90691805e-01,  3.91517461e-01, -9.56982037e-01],
       [-1.91928399e+00, -3.46785019e-01,  3.40722249e-01,
        -7.15341441e-01,  2.81588707e-01,  7.93005484e-02,
         4.49558379e-01,  5.86522843e+00,  1.21889426e+00,
         1.59025032e+00,  1.99626741e-01,  6.45038048e-01,
        -1.83498819e-01,  4.26004390e-01, -3.98735189e-01,
         1.37947681e-01,  6.20728288e-01, -1.47289511e-01],
       [ 1.18542152e-01, -5.82403586e-01,  4.81451213e-01,
        -1.93432682e-03, -1.49797940e-01,  2.40083042e-01,
        -1.39560563e+00,  1.21889426e+00,  4.15089865e+00,
         9.88747744e-02,  7.56676698e-03, -3.62278215e-03,
        -5.91187606e-02,  2.14915335e-01,  1.56748118e-01,
        -1.23411932e-01,  2.84438598e-01,  5.57324048e-01],
       [-5.93290276e-01, -3.13318649e-01,  1.14975914e-01,
        -2.80758922e-01,  7.78624601e-02,  1.35779174e-01,
         1.14669706e+00,  1.59025032e+00,  9.88747744e-02,
         1.75116643e+00,  2.83021901e-01,  5.67926132e-01,
        -3.88829267e-01,  1.83551917e-01, -2.97662271e-01,
         1.42927482e-01,  2.05395058e-01, -3.50573173e-01],
       [-5.87621488e-02, -9.15469713e-02,  3.26338246e-01,
        -7.08171381e-02, -2.38556195e-02,  4.74366612e-02,
         9.92850874e-01,  1.99626741e-01,  7.56676698e-03,
         2.83021901e-01,  1.01239186e+00,  6.88501920e-02,
        -1.03016324e-01, -1.88267628e-01, -2.78203781e-01,
         1.02679810e-01,  4.50531198e-02, -2.53256179e-01],
       [-5.01350873e-01, -5.03173867e-01, -1.12849345e-01,
        -2.31852662e-01, -3.49469885e-02, -2.68017778e-02,
         8.65648828e-01,  6.45038048e-01, -3.62278215e-03,
         5.67926132e-01,  6.88501920e-02,  9.76603334e-01,
        -6.46764620e-02,  2.27597249e-01, -3.07886925e-01,
         1.95129042e-01,  1.64125774e-01, -1.57049742e-01],
       [-2.85962134e-01,  5.72412471e-02, -1.14905055e-01,
        -4.94390169e-02,  2.22623887e-02, -9.38296837e-02,
        -4.20810336e-01, -1.83498819e-01, -5.91187606e-02,
        -3.88829267e-01, -1.03016324e-01, -6.46764620e-02,
         1.88112751e-01, -2.05218737e-02,  5.10972289e-02,
         7.74506201e-03, -7.59834151e-02,  1.09095418e-01],
       [-1.03228519e-01, -8.54770148e-02, -1.67698997e-02,
        -4.70137636e-02,  3.05078161e-02,  2.01342219e-02,
         6.40824582e-02,  4.26004390e-01,  2.14915335e-01,
         1.83551917e-01, -1.88267628e-01,  2.27597249e-01,
        -2.05218737e-02,  1.45950823e-01, -2.84366467e-02,
         3.76091015e-02,  9.49428013e-02,  1.70115898e-02],
       [ 2.58253499e-01,  4.32865872e-02, -7.07334541e-02,
         1.21925734e-01, -4.55427412e-02,  5.25457775e-03,
        -7.12071417e-01, -3.98735189e-01,  1.56748118e-01,
        -2.97662271e-01, -2.78203781e-01, -3.07886925e-01,
         5.10972289e-02, -2.84366467e-02,  2.12124977e-01,
        -1.06258226e-01, -7.69485432e-02,  1.66970049e-01],
       [-2.49824837e-02,  9.02331742e-03,  6.40780183e-02,
        -9.60944198e-03,  4.39655129e-02,  2.27091012e-02,
         7.90691805e-01,  1.37947681e-01, -1.23411932e-01,
         1.42927482e-01,  1.02679810e-01,  1.95129042e-01,
         7.74506201e-03,  3.76091015e-02, -1.06258226e-01,
         1.34096155e-01,  4.50956231e-02, -9.36500385e-02],
       [ 9.44055305e-02, -1.39526944e-02,  1.16461124e-01,
         1.67399011e-03,  3.95202104e-02,  6.02517992e-02,
         3.91517461e-01,  6.20728288e-01,  2.84438598e-01,
         2.05395058e-01,  4.50531198e-02,  1.64125774e-01,
        -7.59834151e-02,  9.49428013e-02, -7.69485432e-02,
         4.50956231e-02,  1.46760049e-01, -4.42789210e-02],
       [-6.03230047e-02, -7.15192579e-02, -5.69061633e-02,
         8.86827393e-03, -4.82049275e-02, -2.19234481e-02,
        -9.56982037e-01, -1.47289511e-01,  5.57324048e-01,
        -3.50573173e-01, -2.53256179e-01, -1.57049742e-01,
         1.09095418e-01,  1.70115898e-02,  1.66970049e-01,
        -9.36500385e-02, -4.42789210e-02,  2.37121299e-01]])
      jac: array([-0.03281684, -0.0109934 , -0.05595184,  0.06312835,  0.04076331,
        0.11200066, -0.01237877,  0.00369845, -0.00080375, -0.05908805,
        0.02022352,  0.00551389, -0.14002291, -0.00533478,  0.00947567,
        0.05518325, -0.11120145,  0.04102788])
  message: 'Maximum number of iterations has been exceeded.'
     nfev: 2033
      nit: 100
     njev: 107
   status: 1
  success: False
        x: array([ 0.93275021, -1.07916949,  0.31699015,  1.34525935, -0.90351983,
        0.10894996, -1.74550164, -0.94641082,  1.07109607,  0.07259207,
        0.38460211,  1.10861077,  0.03887408, -0.00242735, -0.24009078,
       -1.37530469, -0.94205078,  0.138652  ])
