Program Begingeth
      fun: 0.3593017649863654
 hess_inv: array([[ 2.47309356e+01,  5.21534994e+00,  1.69455386e+01,
         1.07315430e+01,  2.06414974e+00,  7.60926348e+00,
         1.82425148e+01, -1.88828667e+01, -5.92533999e+00,
        -1.27951174e+00, -2.82624346e+00,  2.08783961e+00,
        -1.03573416e+00,  6.51596709e-01,  7.87511798e-01,
        -5.94589524e-01, -1.60232689e+00,  4.60839787e-01],
       [ 5.21534994e+00,  3.50685633e+00,  3.67020392e+00,
         2.01460713e+00,  1.67136136e+00,  1.91318789e+00,
         3.12560075e+00, -2.58801860e+00,  4.81522739e-01,
        -5.52441382e-01, -8.49424128e-01,  3.53415363e-01,
        -4.27364915e-01,  2.58958735e-01,  4.01582069e-01,
        -2.24757252e-01, -4.34876509e-01,  1.88798455e-01],
       [ 1.69455386e+01,  3.67020392e+00,  1.42090860e+01,
         7.41435299e+00,  1.25110705e+00,  6.53366026e+00,
         1.40886957e+01, -1.44160331e+01, -2.73579353e+00,
        -1.19691426e+00, -2.12656239e+00,  1.30395545e+00,
        -6.19232926e-01,  2.94882562e-01,  7.77641516e-01,
        -3.08968095e-01, -1.22274184e+00,  4.15426153e-01],
       [ 1.07315430e+01,  2.01460713e+00,  7.41435299e+00,
         4.75558711e+00,  7.71601021e-01,  3.31866081e+00,
         8.41095057e+00, -8.17786198e+00, -2.76720986e+00,
        -5.47937100e-01, -1.22516235e+00,  9.42540060e-01,
        -3.63228651e-01,  3.02393251e-01,  3.32206239e-01,
        -2.22827597e-01, -6.34871461e-01,  1.91431185e-01],
       [ 2.06414974e+00,  1.67136136e+00,  1.25110705e+00,
         7.71601021e-01,  8.66642588e-01,  6.94896632e-01,
         1.04251032e+00, -4.54650792e-01,  2.57892955e-01,
        -2.73146043e-01, -3.69024621e-01,  1.91291084e-01,
        -1.94773605e-01,  1.56715556e-01,  1.68847474e-01,
        -1.24333555e-01, -1.69780303e-01,  7.98520668e-02],
       [ 7.60926348e+00,  1.91318789e+00,  6.53366026e+00,
         3.31866081e+00,  6.94896632e-01,  3.08794295e+00,
         6.40147903e+00, -6.24576391e+00, -7.59095770e-01,
        -6.50453366e-01, -1.07302489e+00,  5.59422164e-01,
        -2.62331981e-01,  1.55123485e-01,  4.20761157e-01,
        -1.27703492e-01, -5.62342386e-01,  1.99799719e-01],
       [ 1.82425148e+01,  3.12560075e+00,  1.40886957e+01,
         8.41095057e+00,  1.04251032e+00,  6.40147903e+00,
         1.74270352e+01, -1.44659441e+01, -4.37825706e+00,
        -9.72224654e-01, -2.33131157e+00,  1.58090759e+00,
        -4.25171000e-01,  5.23045149e-01,  7.34077721e-01,
        -2.81655481e-01, -9.93243086e-01,  3.92748196e-01],
       [-1.88828667e+01, -2.58801860e+00, -1.44160331e+01,
        -8.17786198e+00, -4.54650792e-01, -6.24576391e+00,
        -1.44659441e+01,  1.92658949e+01,  4.86113209e+00,
         5.12628519e-01,  1.99079663e+00, -1.37418450e+00,
         9.01261643e-01, -1.92440655e-01, -5.09156640e-01,
         3.93772018e-01,  1.32171134e+00, -3.80987948e-01],
       [-5.92533999e+00,  4.81522739e-01, -2.73579353e+00,
        -2.76720986e+00,  2.57892955e-01, -7.59095770e-01,
        -4.37825706e+00,  4.86113209e+00,  5.03867933e+00,
        -2.07483292e-01,  2.58909099e-01, -7.37392719e-01,
         1.83331620e-01, -2.06630255e-01,  1.69267793e-01,
         1.84049371e-01,  1.79072879e-01, -4.62178265e-02],
       [-1.27951174e+00, -5.52441382e-01, -1.19691426e+00,
        -5.47937100e-01, -2.73146043e-01, -6.50453366e-01,
        -9.72224654e-01,  5.12628519e-01, -2.07483292e-01,
         7.73435645e-01,  1.23784504e-01, -3.50898734e-02,
        -1.08822158e-01,  1.17946076e-03, -4.98857601e-02,
         7.05739640e-03,  1.41625386e-01,  1.07526616e-01],
       [-2.82624346e+00, -8.49424128e-01, -2.12656239e+00,
        -1.22516235e+00, -3.69024621e-01, -1.07302489e+00,
        -2.33131157e+00,  1.99079663e+00,  2.58909099e-01,
         1.23784504e-01,  8.91155919e-01, -2.39541454e-01,
         1.31925968e-01, -2.21809876e-01, -2.76686508e-01,
         5.64932817e-02,  1.73130109e-01, -1.84791289e-01],
       [ 2.08783961e+00,  3.53415363e-01,  1.30395545e+00,
         9.42540060e-01,  1.91291084e-01,  5.59422164e-01,
         1.58090759e+00, -1.37418450e+00, -7.37392719e-01,
        -3.50898734e-02, -2.39541454e-01,  4.83223139e-01,
        -1.08970940e-01,  1.34594898e-01,  4.22580232e-03,
        -1.03577273e-01, -7.09619412e-02,  6.25325455e-02],
       [-1.03573416e+00, -4.27364915e-01, -6.19232926e-01,
        -3.63228651e-01, -1.94773605e-01, -2.62331981e-01,
        -4.25171000e-01,  9.01261643e-01,  1.83331620e-01,
        -1.08822158e-01,  1.31925968e-01, -1.08970940e-01,
         1.95905416e-01, -2.80137587e-02, -3.92278152e-02,
         1.01463503e-01,  1.12517587e-01, -6.63713159e-02],
       [ 6.51596709e-01,  2.58958735e-01,  2.94882562e-01,
         3.02393251e-01,  1.56715556e-01,  1.55123485e-01,
         5.23045149e-01, -1.92440655e-01, -2.06630255e-01,
         1.17946076e-03, -2.21809876e-01,  1.34594898e-01,
        -2.80137587e-02,  1.25008769e-01,  5.21722813e-02,
        -2.95119322e-02,  2.12465522e-02,  5.14531252e-02],
       [ 7.87511798e-01,  4.01582069e-01,  7.77641516e-01,
         3.32206239e-01,  1.68847474e-01,  4.20761157e-01,
         7.34077721e-01, -5.09156640e-01,  1.69267793e-01,
        -4.98857601e-02, -2.76686508e-01,  4.22580232e-03,
        -3.92278152e-02,  5.21722813e-02,  1.43618472e-01,
        -2.28392419e-03, -6.46455994e-02,  8.44832069e-02],
       [-5.94589524e-01, -2.24757252e-01, -3.08968095e-01,
        -2.22827597e-01, -1.24333555e-01, -1.27703492e-01,
        -2.81655481e-01,  3.93772018e-01,  1.84049371e-01,
         7.05739640e-03,  5.64932817e-02, -1.03577273e-01,
         1.01463503e-01, -2.95119322e-02, -2.28392419e-03,
         8.43702187e-02,  5.53324677e-02, -1.96169161e-02],
       [-1.60232689e+00, -4.34876509e-01, -1.22274184e+00,
        -6.34871461e-01, -1.69780303e-01, -5.62342386e-01,
        -9.93243086e-01,  1.32171134e+00,  1.79072879e-01,
         1.41625386e-01,  1.73130109e-01, -7.09619412e-02,
         1.12517587e-01,  2.12465522e-02, -6.46455994e-02,
         5.53324677e-02,  1.96161872e-01, -2.42543000e-02],
       [ 4.60839787e-01,  1.88798455e-01,  4.15426153e-01,
         1.91431185e-01,  7.98520668e-02,  1.99799719e-01,
         3.92748196e-01, -3.80987948e-01, -4.62178265e-02,
         1.07526616e-01, -1.84791289e-01,  6.25325455e-02,
        -6.63713159e-02,  5.14531252e-02,  8.44832069e-02,
        -1.96169161e-02, -2.42543000e-02,  9.75731366e-02]])
      jac: array([-1.55880124e-04,  5.02853315e-05, -5.93332790e-05,  3.87568496e-04,
       -6.12709883e-05,  1.81702431e-04, -6.60371757e-05, -1.65926532e-05,
       -2.10620410e-05,  7.46136486e-05, -3.05015272e-06,  3.19252032e-05,
        9.95540687e-05,  4.21488770e-05,  1.68948189e-04, -2.08519128e-04,
       -1.21478383e-04, -2.07487731e-04])
  message: 'Desired error not necessarily achieved due to precision loss.'
     nfev: 2691
      nit: 86
     njev: 141
   status: 2
  success: False
        x: array([-1.08738366, -1.73311521, -0.437296  , -1.27428184, -1.46149051,
       -0.30068787, -2.16461717, -1.38466423, -1.09555028,  0.12755955,
        0.37676693,  1.2022529 ,  0.11818909, -0.02498295, -0.32688846,
        1.25119254, -0.70289119, -0.02821807])
