Program Begingeth
      fun: 0.22500098941674446
 hess_inv: array([[ 3.78940301e+00, -1.58341647e+00, -1.06497376e+00,
         8.96028347e-01, -4.74919008e-01,  7.74080718e-01,
         1.93735678e+00,  2.96326186e+00, -9.84897898e-04,
        -7.63661158e-01, -1.07527534e+00,  1.67954376e+00,
        -7.43784185e-01,  5.42740041e-01,  5.91343368e-01,
        -1.28480164e-01,  4.48062215e-01, -3.35800390e-01],
       [-1.58341647e+00,  2.52968597e+00,  1.14973130e+00,
        -2.97455300e-01,  7.33647457e-01, -2.20680005e-01,
        -1.91144430e+00, -1.60004030e-01,  2.40169864e+00,
         6.06811480e-02,  3.73580264e-01, -1.96486542e+00,
         4.57802923e-01, -5.00517432e-01, -3.55379372e-01,
        -3.13167594e-02, -1.48302367e-01,  9.35494572e-02],
       [-1.06497376e+00,  1.14973130e+00,  3.25039704e+00,
        -8.45922516e-01,  3.27779937e-01,  6.00540892e-01,
        -6.91014494e+00, -4.58998086e+00,  4.27584781e+00,
         4.31214859e-01,  2.04778871e+00, -1.98876248e+00,
         2.28960148e-01, -4.90466099e-01, -7.93778478e-01,
         3.48023587e-01, -2.78445089e-01, -2.76551964e-01],
       [ 8.96028347e-01, -2.97455300e-01, -8.45922516e-01,
         4.20826037e-01, -1.09325235e-01, -1.53870890e-02,
         2.33967662e+00,  1.71865319e+00, -6.32443558e-01,
        -3.13955889e-01, -6.63040096e-01,  5.24787065e-01,
        -1.25432906e-01,  1.43120785e-01,  2.90712664e-01,
        -1.08504622e-01,  1.37146158e-01,  4.34548918e-02],
       [-4.74919008e-01,  7.33647457e-01,  3.27779937e-01,
        -1.09325235e-01,  3.62945163e-01, -5.38703169e-03,
        -1.60257680e+00,  7.63218925e-01,  3.86471168e-01,
         1.65779592e-01,  7.03846993e-03, -4.63660455e-01,
         1.82079370e-01, -6.43481794e-02, -4.07390861e-02,
         2.87095156e-02, -9.25787013e-02,  3.54523762e-02],
       [ 7.74080718e-01, -2.20680005e-01,  6.00540892e-01,
        -1.53870890e-02, -5.38703169e-03,  4.94027260e-01,
        -2.16177607e+00, -6.73828753e-02,  1.34792158e+00,
         1.02636967e-01,  1.68996659e-01,  2.01098183e-02,
        -1.81955188e-01,  5.05995228e-02,  1.00544434e-02,
         4.12892114e-02, -4.60597314e-03, -1.87332982e-01],
       [ 1.93735678e+00, -1.91144430e+00, -6.91014494e+00,
         2.33967662e+00, -1.60257680e+00, -2.16177607e+00,
         3.03018925e+01,  6.01023520e+00, -9.45216014e+00,
        -2.56411186e+00, -3.74990928e+00,  3.03784494e+00,
        -6.70506770e-01,  6.71148057e-01,  1.43862426e+00,
        -9.52484123e-01,  1.46879545e+00,  1.05908381e+00],
       [ 2.96326186e+00, -1.60004030e-01, -4.58998086e+00,
         1.71865319e+00,  7.63218925e-01, -6.73828753e-02,
         6.01023520e+00,  1.71442627e+01, -5.48922556e+00,
        -4.71958804e-01, -4.23667929e+00,  2.31650851e+00,
        -3.83351517e-01,  9.70914937e-01,  1.99228183e+00,
        -7.73071529e-01,  5.20714556e-01,  4.44329922e-01],
       [-9.84897898e-04,  2.40169864e+00,  4.27584781e+00,
        -6.32443558e-01,  3.86471168e-01,  1.34792158e+00,
        -9.45216014e+00, -5.48922556e+00,  1.25005898e+01,
         3.60261531e-01,  2.45704030e+00, -3.01863431e+00,
         6.12018647e-02, -1.15339334e+00, -1.04992828e+00,
         1.66350632e-01, -5.15257840e-01, -6.20791014e-01],
       [-7.63661158e-01,  6.06811480e-02,  4.31214859e-01,
        -3.13955889e-01,  1.65779592e-01,  1.02636967e-01,
        -2.56411186e+00, -4.71958804e-01,  3.60261531e-01,
         1.01535385e+00,  4.04945031e-01, -2.56970100e-01,
         8.12273692e-03, -1.15044375e-01, -1.56384031e-01,
         6.97089046e-02, -2.74380765e-01, -1.59923561e-01],
       [-1.07527534e+00,  3.73580264e-01,  2.04778871e+00,
        -6.63040096e-01,  7.03846993e-03,  1.68996659e-01,
        -3.74990928e+00, -4.23667929e+00,  2.45704030e+00,
         4.04945031e-01,  2.02109271e+00, -1.25039084e+00,
         1.66925303e-01, -4.70614719e-01, -7.42439603e-01,
         2.95337680e-01, -2.30485135e-01, -2.51247355e-01],
       [ 1.67954376e+00, -1.96486542e+00, -1.98876248e+00,
         5.24787065e-01, -4.63660455e-01,  2.01098183e-02,
         3.03784494e+00,  2.31650851e+00, -3.01863431e+00,
        -2.56970100e-01, -1.25039084e+00,  2.35736937e+00,
        -3.72374513e-01,  6.54520803e-01,  5.53518268e-01,
        -6.19303433e-02,  2.52922245e-01,  4.21172753e-02],
       [-7.43784185e-01,  4.57802923e-01,  2.28960148e-01,
        -1.25432906e-01,  1.82079370e-01, -1.81955188e-01,
        -6.70506770e-01, -3.83351517e-01,  6.12018647e-02,
         8.12273692e-03,  1.66925303e-01, -3.72374513e-01,
         2.88938050e-01, -1.12566753e-01, -1.06502597e-01,
         8.63250363e-02, -1.30087261e-01,  1.26295222e-01],
       [ 5.42740041e-01, -5.00517432e-01, -4.90466099e-01,
         1.43120785e-01, -6.43481794e-02,  5.05995228e-02,
         6.71148057e-01,  9.70914937e-01, -1.15339334e+00,
        -1.15044375e-01, -4.70614719e-01,  6.54520803e-01,
        -1.12566753e-01,  2.74505561e-01,  2.06634468e-01,
        -1.21803973e-02,  1.28635850e-01,  3.21843267e-02],
       [ 5.91343368e-01, -3.55379372e-01, -7.93778478e-01,
         2.90712664e-01, -4.07390861e-02,  1.00544434e-02,
         1.43862426e+00,  1.99228183e+00, -1.04992828e+00,
        -1.56384031e-01, -7.42439603e-01,  5.53518268e-01,
        -1.06502597e-01,  2.06634468e-01,  3.57409182e-01,
        -1.19598825e-01,  9.80034219e-02,  1.01519943e-01],
       [-1.28480164e-01, -3.13167594e-02,  3.48023587e-01,
        -1.08504622e-01,  2.87095156e-02,  4.12892114e-02,
        -9.52484123e-01, -7.73071529e-01,  1.66350632e-01,
         6.97089046e-02,  2.95337680e-01, -6.19303433e-02,
         8.63250363e-02, -1.21803973e-02, -1.19598825e-01,
         1.30353053e-01, -5.73566054e-02, -2.67303059e-02],
       [ 4.48062215e-01, -1.48302367e-01, -2.78445089e-01,
         1.37146158e-01, -9.25787013e-02, -4.60597314e-03,
         1.46879545e+00,  5.20714556e-01, -5.15257840e-01,
        -2.74380765e-01, -2.30485135e-01,  2.52922245e-01,
        -1.30087261e-01,  1.28635850e-01,  9.80034219e-02,
        -5.73566054e-02,  2.01710126e-01,  1.34361365e-02],
       [-3.35800390e-01,  9.35494572e-02, -2.76551964e-01,
         4.34548918e-02,  3.54523762e-02, -1.87332982e-01,
         1.05908381e+00,  4.44329922e-01, -6.20791014e-01,
        -1.59923561e-01, -2.51247355e-01,  4.21172753e-02,
         1.26295222e-01,  3.21843267e-02,  1.01519943e-01,
        -2.67303059e-02,  1.34361365e-02,  1.98254025e-01]])
      jac: array([ 3.70851498e-06, -7.14798591e-07,  4.86795789e-06, -1.40302584e-05,
        4.14723811e-06, -3.29976787e-06,  1.68550359e-06, -5.16993855e-07,
        2.86067466e-07,  1.04564505e-06, -3.43428989e-07,  4.46846264e-06,
        2.24846068e-05, -4.01049564e-06,  1.59918375e-05, -1.47580096e-05,
        9.45724980e-07, -1.77012109e-05])
  message: 'Desired error not necessarily achieved due to precision loss.'
     nfev: 2273
      nit: 81
     njev: 119
   status: 2
  success: False
        x: array([ 0.42246597, -0.44695856,  0.6950253 ,  0.92262181, -0.65954142,
        0.07473416,  0.53033662, -1.30279897, -0.6314439 ,  0.00528573,
        0.74420399,  1.01313128,  0.06978311,  0.19221262, -0.39720227,
       -0.92425934, -0.3965167 , -0.00446526])
