Program Begingeth
      fun: 0.2489638091883954
 hess_inv: array([[ 4.33239106e+00, -1.71454851e+00, -9.57214216e-01,
         1.09127565e+00, -5.61021599e-01,  8.09819341e-01,
         1.87386715e+00,  2.98148176e+00,  4.30172590e-01,
        -7.37023042e-01, -1.17207505e+00,  1.54977989e+00,
        -7.99354525e-01,  5.86459602e-01,  6.09142225e-01,
        -1.56186430e-01,  5.23175722e-01, -2.95953215e-01],
       [-1.71454851e+00,  2.92193313e+00,  1.35153858e+00,
        -3.82225600e-01,  9.89601743e-01, -4.63324387e-02,
        -3.31853207e+00,  1.28572338e-01,  3.06823391e+00,
         1.01141452e-01,  4.83803504e-01, -1.93971719e+00,
         5.31686819e-01, -5.43019821e-01, -3.26963099e-01,
        -1.30227182e-02, -2.70960039e-01,  7.29894082e-02],
       [-9.57214216e-01,  1.35153858e+00,  3.01580142e+00,
        -7.23596359e-01,  4.12044097e-01,  6.65194073e-01,
        -6.03595801e+00, -3.78955622e+00,  3.91443968e+00,
         2.77338070e-01,  1.66368207e+00, -1.60830191e+00,
         2.21189322e-01, -4.27350810e-01, -6.40672889e-01,
         2.70614528e-01, -2.33200686e-01, -1.95552375e-01],
       [ 1.09127565e+00, -3.82225600e-01, -7.23596359e-01,
         4.40444122e-01, -1.43099791e-01,  3.76583213e-02,
         1.96711980e+00,  1.51307388e+00, -2.95694108e-01,
        -2.86951184e-01, -5.90826329e-01,  4.44699750e-01,
        -1.56946143e-01,  1.47945905e-01,  2.68536812e-01,
        -9.45045078e-02,  1.44486239e-01,  1.50516435e-02],
       [-5.61021599e-01,  9.89601743e-01,  4.12044097e-01,
        -1.43099791e-01,  4.75319357e-01,  2.63746708e-02,
        -2.12977747e+00,  9.06009639e-01,  7.45473634e-01,
         1.43935396e-01,  4.79341575e-02, -5.34671719e-01,
         2.24773534e-01, -1.03883196e-01, -5.38851905e-02,
         2.72338575e-02, -1.27647777e-01,  2.93421114e-02],
       [ 8.09819341e-01, -4.63324387e-02,  6.65194073e-01,
         3.76583213e-02,  2.63746708e-02,  4.91289007e-01,
        -1.98299210e+00, -2.04050796e-02,  1.51580931e+00,
         4.61865616e-02,  1.05646047e-01, -4.90177803e-02,
        -1.61878446e-01,  4.15302497e-02,  1.43387008e-02,
         1.99331987e-02,  2.37154518e-02, -1.43097197e-01],
       [ 1.87386715e+00, -3.31853207e+00, -6.03595801e+00,
         1.96711980e+00, -2.12977747e+00, -1.98299210e+00,
         2.83388007e+01,  2.39675550e+00, -8.60704301e+00,
        -1.95450410e+00, -2.57215627e+00,  2.60852951e+00,
        -8.41279680e-01,  5.78244523e-01,  1.10351441e+00,
        -7.27960631e-01,  1.27821828e+00,  7.84942095e-01],
       [ 2.98148176e+00,  1.28572338e-01, -3.78955622e+00,
         1.51307388e+00,  9.06009639e-01, -2.04050796e-02,
         2.39675550e+00,  1.58136054e+01, -3.28826217e+00,
        -3.00916726e-01, -3.50366847e+00,  1.53820685e+00,
        -2.90702798e-01,  8.15890605e-01,  1.65001928e+00,
        -6.40458948e-01,  3.79449311e-01,  2.95320976e-01],
       [ 4.30172590e-01,  3.06823391e+00,  3.91443968e+00,
        -2.95694108e-01,  7.45473634e-01,  1.51580931e+00,
        -8.60704301e+00, -3.28826217e+00,  1.26910664e+01,
         1.15428399e-01,  1.76129134e+00, -2.62440821e+00,
         1.19900031e-01, -1.01908467e+00, -7.04113243e-01,
         4.21860642e-02, -4.47336415e-01, -4.26722371e-01],
       [-7.37023042e-01,  1.01141452e-01,  2.77338070e-01,
        -2.86951184e-01,  1.43935396e-01,  4.61865616e-02,
        -1.95450410e+00, -3.00916726e-01,  1.15428399e-01,
         8.56810927e-01,  3.09608998e-01, -2.01364920e-01,
        -3.71488524e-04, -1.00812220e-01, -1.28526786e-01,
         4.72985451e-02, -2.16596936e-01, -1.35845444e-01],
       [-1.17207505e+00,  4.83803504e-01,  1.66368207e+00,
        -5.90826329e-01,  4.79341575e-02,  1.05646047e-01,
        -2.57215627e+00, -3.50366847e+00,  1.76129134e+00,
         3.09608998e-01,  1.67688059e+00, -9.32857534e-01,
         1.67743732e-01, -4.19138567e-01, -6.25869779e-01,
         2.22302287e-01, -1.88502355e-01, -1.83494751e-01],
       [ 1.54977989e+00, -1.93971719e+00, -1.60830191e+00,
         4.44699750e-01, -5.34671719e-01, -4.90177803e-02,
         2.60852951e+00,  1.53820685e+00, -2.62440821e+00,
        -2.01364920e-01, -9.32857534e-01,  1.90896237e+00,
        -3.45358191e-01,  5.72289854e-01,  3.76015423e-01,
        -1.10424080e-02,  2.74879462e-01,  7.83680843e-03],
       [-7.99354525e-01,  5.31686819e-01,  2.21189322e-01,
        -1.56946143e-01,  2.24773534e-01, -1.61878446e-01,
        -8.41279680e-01, -2.90702798e-01,  1.19900031e-01,
        -3.71488524e-04,  1.67743732e-01, -3.45358191e-01,
         2.98944641e-01, -1.20930210e-01, -1.06957818e-01,
         9.11728550e-02, -1.47624474e-01,  1.06174960e-01],
       [ 5.86459602e-01, -5.43019821e-01, -4.27350810e-01,
         1.47945905e-01, -1.03883196e-01,  4.15302497e-02,
         5.78244523e-01,  8.15890605e-01, -1.01908467e+00,
        -1.00812220e-01, -4.19138567e-01,  5.72289854e-01,
        -1.20930210e-01,  2.56524281e-01,  1.73811823e-01,
        -8.44022594e-03,  1.35043960e-01,  2.13085812e-02],
       [ 6.09142225e-01, -3.26963099e-01, -6.40672889e-01,
         2.68536812e-01, -5.38851905e-02,  1.43387008e-02,
         1.10351441e+00,  1.65001928e+00, -7.04113243e-01,
        -1.28526786e-01, -6.25869779e-01,  3.76015423e-01,
        -1.06957818e-01,  1.73811823e-01,  2.98226119e-01,
        -1.01528631e-01,  9.07514115e-02,  7.57353273e-02],
       [-1.56186430e-01, -1.30227182e-02,  2.70614528e-01,
        -9.45045078e-02,  2.72338575e-02,  1.99331987e-02,
        -7.27960631e-01, -6.40458948e-01,  4.21860642e-02,
         4.72985451e-02,  2.22302287e-01, -1.10424080e-02,
         9.11728550e-02, -8.44022594e-03, -1.01528631e-01,
         1.16387110e-01, -4.89452503e-02, -1.13217955e-02],
       [ 5.23175722e-01, -2.70960039e-01, -2.33200686e-01,
         1.44486239e-01, -1.27647777e-01,  2.37154518e-02,
         1.27821828e+00,  3.79449311e-01, -4.47336415e-01,
        -2.16596936e-01, -1.88502355e-01,  2.74879462e-01,
        -1.47624474e-01,  1.35043960e-01,  9.07514115e-02,
        -4.89452503e-02,  1.88470406e-01,  2.95600251e-03],
       [-2.95953215e-01,  7.29894082e-02, -1.95552375e-01,
         1.50516435e-02,  2.93421114e-02, -1.43097197e-01,
         7.84942095e-01,  2.95320976e-01, -4.26722371e-01,
        -1.35845444e-01, -1.83494751e-01,  7.83680843e-03,
         1.06174960e-01,  2.13085812e-02,  7.57353273e-02,
        -1.13217955e-02,  2.95600251e-03,  1.53843876e-01]])
      jac: array([-4.37242835e-07,  5.09407331e-07, -3.85136367e-06,  7.51250913e-08,
       -3.63116944e-06,  1.13910733e-05,  1.20644235e-07,  4.38908169e-07,
       -5.90638649e-07,  1.54321000e-07, -3.55641442e-07, -2.21489493e-06,
        4.94141765e-06,  1.48751382e-06, -1.07621319e-05, -5.98225173e-07,
        1.35798780e-06,  3.75014834e-06])
  message: 'Desired error not necessarily achieved due to precision loss.'
     nfev: 2463
      nit: 89
     njev: 129
   status: 2
  success: False
        x: array([ 5.08479417e-01, -5.59860877e-01,  6.57142711e-01,  9.88953127e-01,
       -7.33180655e-01,  9.00587519e-02,  5.66901878e-01, -1.41352806e+00,
       -5.81362869e-01,  4.81691937e-04,  7.06914630e-01,  1.05248645e+00,
        5.68859247e-02,  1.68219993e-01, -3.80944276e-01, -9.81828818e-01,
       -4.48503076e-01, -7.92534539e-03])
