Program Begingeth
      fun: 0.3666134633368169
 hess_inv: array([[ 1.51610841e+00, -1.06827576e-01,  1.56044948e-01,
         1.26966625e-01, -1.64781544e-01,  4.14825806e-01,
         7.36055671e-01, -1.20327348e+00,  8.83922068e-02,
         3.02571659e-01, -3.06083998e-01,  5.15829546e-01,
        -6.58393459e-01,  1.93771915e-02,  3.39419064e-02,
        -5.91676302e-02, -1.31703150e-02, -2.70017173e-01],
       [-1.06827576e-01,  6.65603688e-01, -7.68128998e-02,
        -1.88176660e-01,  1.63182471e-01, -1.37571968e-01,
        -5.22055755e-01,  2.74002690e-01,  4.36930161e-03,
        -6.82169704e-01,  3.00524895e-01,  1.63209073e-01,
         8.16154211e-02, -1.99973160e-01, -2.03994155e-01,
         5.18802220e-02, -2.96306160e-03, -9.36974469e-02],
       [ 1.56044948e-01, -7.68128998e-02,  4.65914473e-01,
        -7.25820392e-02, -5.45079657e-02,  8.12923331e-02,
         2.68766463e-01, -4.10891489e-01,  1.99222676e-01,
        -2.91068181e-01, -4.20588964e-01, -7.32520373e-02,
        -4.64900315e-02,  1.18930534e-01, -1.04256778e-01,
         6.00040985e-02,  3.10305291e-02,  1.00880656e-02],
       [ 1.26966625e-01, -1.88176660e-01, -7.25820392e-02,
         2.57469486e-01, -2.11817888e-02,  1.30940088e-01,
         7.62295818e-01,  1.92728708e-01, -3.24841605e-01,
         7.74250418e-01,  8.24189866e-02,  3.41821722e-01,
        -3.74260935e-02,  2.48387087e-02,  1.18826944e-01,
        -1.94694696e-02,  1.14960212e-05,  1.54451404e-02],
       [-1.64781544e-01,  1.63182471e-01, -5.45079657e-02,
        -2.11817888e-02,  3.10783744e-01, -9.92108943e-02,
         9.28231960e-02,  7.27758246e-01, -3.58715362e-01,
        -4.43385136e-01,  7.58775179e-01,  1.18419740e-01,
         1.91284393e-01,  8.17595660e-03, -5.52198822e-02,
         7.27382341e-02, -1.83294482e-02,  3.22334854e-02],
       [ 4.14825806e-01, -1.37571968e-01,  8.12923331e-02,
         1.30940088e-01, -9.92108943e-02,  3.36516344e-01,
         7.34963415e-01, -1.01412211e-01,  2.45136902e-01,
         5.31539122e-01, -2.69685948e-01,  6.87289296e-01,
        -2.47481893e-01,  5.74662581e-02,  1.08916189e-01,
        -5.34835001e-02,  4.52715497e-02, -2.92390474e-02],
       [ 7.36055671e-01, -5.22055755e-01,  2.68766463e-01,
         7.62295818e-01,  9.28231960e-02,  7.34963415e-01,
         4.34220704e+00,  5.35386668e-01, -7.76285289e-01,
         1.55789978e+00,  2.64543096e-01,  1.86991322e+00,
        -1.86960958e-01,  2.23255969e-01,  3.04697739e-01,
         4.49921396e-03,  1.20351957e-02,  6.51502240e-02],
       [-1.20327348e+00,  2.74002690e-01, -4.10891489e-01,
         1.92728708e-01,  7.27758246e-01, -1.01412211e-01,
         5.35386668e-01,  4.74951105e+00, -1.11205795e+00,
         6.43735140e-01,  1.48722324e+00,  1.36490550e+00,
         5.47725528e-01,  4.44612272e-03, -2.71825374e-02,
         5.81225369e-02,  7.30581878e-02,  1.85643157e-01],
       [ 8.83922068e-02,  4.36930161e-03,  1.99222676e-01,
        -3.24841605e-01, -3.58715362e-01,  2.45136902e-01,
        -7.76285289e-01, -1.11205795e+00,  2.41261118e+00,
        -5.12242951e-01, -1.27693231e+00, -1.83737141e-01,
        -2.41979680e-01,  6.94907896e-02,  6.87438834e-03,
        -6.16243099e-02,  8.83558706e-02, -3.80057923e-02],
       [ 3.02571659e-01, -6.82169704e-01, -2.91068181e-01,
         7.74250418e-01, -4.43385136e-01,  5.31539122e-01,
         1.55789978e+00,  6.43735140e-01, -5.12242951e-01,
         3.55631834e+00, -7.12833873e-01,  1.19473251e+00,
        -4.22159200e-01,  5.41490025e-02,  4.15800052e-01,
        -2.34700109e-01,  1.44646868e-01, -1.00750825e-02],
       [-3.06083998e-01,  3.00524895e-01, -4.20588964e-01,
         8.24189866e-02,  7.58775179e-01, -2.69685948e-01,
         2.64543096e-01,  1.48722324e+00, -1.27693231e+00,
        -7.12833873e-01,  2.33295878e+00,  2.44778251e-01,
         4.32763804e-01, -4.49257459e-02, -1.00436578e-02,
         1.15702778e-01, -7.36366365e-02,  6.96794695e-02],
       [ 5.15829546e-01,  1.63209073e-01, -7.32520373e-02,
         3.41821722e-01,  1.18419740e-01,  6.87289296e-01,
         1.86991322e+00,  1.36490550e+00, -1.83737141e-01,
         1.19473251e+00,  2.44778251e-01,  2.42058853e+00,
        -3.19046089e-01, -1.92729126e-02,  1.58820376e-01,
        -7.45718309e-02,  1.07971165e-01, -4.07694090e-02],
       [-6.58393459e-01,  8.16154211e-02, -4.64900315e-02,
        -3.74260935e-02,  1.91284393e-01, -2.47481893e-01,
        -1.86960958e-01,  5.47725528e-01, -2.41979680e-01,
        -4.22159200e-01,  4.32763804e-01, -3.19046089e-01,
         4.13703347e-01, -5.11958952e-03, -4.10775632e-02,
         1.04028242e-01, -3.93365086e-02,  1.36922703e-01],
       [ 1.93771915e-02, -1.99973160e-01,  1.18930534e-01,
         2.48387087e-02,  8.17595660e-03,  5.74662581e-02,
         2.23255969e-01,  4.44612272e-03,  6.94907896e-02,
         5.41490025e-02, -4.49257459e-02, -1.92729126e-02,
        -5.11958952e-03,  1.25744779e-01,  3.42843090e-02,
         7.19418550e-03,  3.35528199e-02,  4.20839781e-02],
       [ 3.39419064e-02, -2.03994155e-01, -1.04256778e-01,
         1.18826944e-01, -5.52198822e-02,  1.08916189e-01,
         3.04697739e-01, -2.71825374e-02,  6.87438834e-03,
         4.15800052e-01, -1.00436578e-02,  1.58820376e-01,
        -4.10775632e-02,  3.42843090e-02,  1.53855616e-01,
        -4.43861911e-02,  8.52915184e-05,  5.25646582e-02],
       [-5.91676302e-02,  5.18802220e-02,  6.00040985e-02,
        -1.94694696e-02,  7.27382341e-02, -5.34835001e-02,
         4.49921396e-03,  5.81225369e-02, -6.16243099e-02,
        -2.34700109e-01,  1.15702778e-01, -7.45718309e-02,
         1.04028242e-01,  7.19418550e-03, -4.43861911e-02,
         7.06962548e-02, -1.76447638e-02,  1.77313316e-02],
       [-1.31703150e-02, -2.96306160e-03,  3.10305291e-02,
         1.14960212e-05, -1.83294482e-02,  4.52715497e-02,
         1.20351957e-02,  7.30581878e-02,  8.83558706e-02,
         1.44646868e-01, -7.36366365e-02,  1.07971165e-01,
        -3.93365086e-02,  3.35528199e-02,  8.52915184e-05,
        -1.76447638e-02,  5.63067344e-02, -1.94088497e-03],
       [-2.70017173e-01, -9.36974469e-02,  1.00880656e-02,
         1.54451404e-02,  3.22334854e-02, -2.92390474e-02,
         6.51502240e-02,  1.85643157e-01, -3.80057923e-02,
        -1.00750825e-02,  6.96794695e-02, -4.07694090e-02,
         1.36922703e-01,  4.20839781e-02,  5.25646582e-02,
         1.77313316e-02, -1.94088497e-03,  1.06851100e-01]])
      jac: array([-1.46179365e-07, -1.63691283e-05, -4.61186645e-06, -7.71605002e-07,
        1.63010346e-05, -9.16415092e-06,  7.83447381e-07, -1.48991930e-06,
        2.31148434e-06, -2.38031817e-06, -4.29175214e-06,  3.16709622e-06,
       -5.38754226e-06, -2.36651439e-05,  6.56881956e-06,  1.35547129e-05,
        3.35246645e-05,  1.38111744e-06])
  message: 'Desired error not necessarily achieved due to precision loss.'
     nfev: 2558
      nit: 69
     njev: 134
   status: 2
  success: False
        x: array([ 0.13625344,  0.10784989,  0.8035273 ,  1.43233586, -1.06338607,
        0.29098115,  2.16295335, -0.88712733,  1.38344562,  1.04915139,
       -1.63712408,  0.57134309,  0.03343508, -0.00277263, -0.23405775,
       -1.4001285 , -0.5797524 ,  0.04190017])
