Program Begingeth
      fun: 0.29298151538688244
 hess_inv: array([[ 3.70678545e-01, -2.53951191e-02, -6.87573736e-02,
        -4.72015992e-02,  1.09670567e-01, -2.63367906e-01,
        -9.93402681e-02,  5.55311800e-01, -1.37771168e+00,
         5.40428170e-04,  1.37517735e-01,  3.57182438e-01,
        -2.49223333e-01,  2.14104158e-02, -2.83843419e-01,
        -8.15390880e-02, -3.95688988e-02, -9.17850642e-02],
       [-2.53951191e-02,  4.86683148e-01, -5.38969598e-02,
        -1.86397914e-01, -1.59437928e-01, -1.64750269e-01,
        -8.10782771e-01,  1.29264561e-01, -1.59828196e-02,
         7.78647105e-03,  1.41966913e-01, -4.13932583e-02,
        -1.18319976e-01, -5.10433331e-01, -2.29790390e-02,
         1.56869647e-03, -1.63493458e-01,  1.46620260e-01],
       [-6.87573736e-02, -5.38969598e-02,  3.36303378e-01,
         1.23190047e-01,  1.16965340e-01,  6.52457382e-03,
         6.79619215e-01, -1.47200026e-01,  5.74600538e-01,
        -3.03501873e-01, -1.23962887e-01, -1.33535872e-01,
         2.14176535e-01,  1.91797900e-01, -2.41761019e-01,
         6.09605277e-02,  2.53050383e-02, -1.44436515e-01],
       [-4.72015992e-02, -1.86397914e-01,  1.23190047e-01,
         3.47896784e-01, -1.37720576e-02,  1.83049484e-02,
         9.36024990e-01, -9.59306864e-01,  1.32766129e-01,
        -1.26967488e-01,  1.53494239e-02,  1.35028830e-03,
         4.26319901e-01,  1.51236512e-01, -1.10353977e-01,
         1.41369860e-01,  3.82787802e-02, -9.59390340e-02],
       [ 1.09670567e-01, -1.59437928e-01,  1.16965340e-01,
        -1.37720576e-02,  3.46103780e-01,  2.80652095e-02,
         6.13733223e-01,  9.54704173e-01, -3.44232148e-02,
        -8.25744770e-02, -1.94787034e-01,  1.13172487e-01,
        -1.11383543e-01,  4.96074099e-01, -1.25738383e-01,
        -3.96263511e-02,  1.62479066e-01, -1.14640708e-01],
       [-2.63367906e-01, -1.64750269e-01,  6.52457382e-03,
         1.83049484e-02,  2.80652095e-02,  4.98735015e-01,
         3.48821519e-01, -1.76257680e-01,  1.78019815e+00,
         1.99642416e-02, -3.54716090e-01, -2.36450218e-01,
         1.29628998e-01,  2.80525850e-01,  4.92606243e-01,
         4.50603281e-02,  1.33846353e-01,  1.05589211e-01],
       [-9.93402681e-02, -8.10782771e-01,  6.79619215e-01,
         9.36024990e-01,  6.13733223e-01,  3.48821519e-01,
         5.14006139e+00, -9.11070237e-01,  1.48354354e+00,
        -4.40472764e-01, -5.43838002e-01,  7.54067273e-02,
         8.71918789e-01,  1.42116173e+00, -3.60445241e-01,
         2.28744892e-01,  4.26776539e-01, -4.33678998e-01],
       [ 5.55311800e-01,  1.29264561e-01, -1.47200026e-01,
        -9.59306864e-01,  9.54704173e-01, -1.76257680e-01,
        -9.11070237e-01,  6.74300129e+00, -1.59245021e+00,
         2.72957814e-01, -5.43507123e-02,  4.38001265e-01,
        -1.55694510e+00,  5.41112193e-01, -6.93920008e-02,
        -5.35154040e-01,  1.42297896e-01,  4.64688507e-02],
       [-1.37771168e+00, -1.59828196e-02,  5.74600538e-01,
         1.32766129e-01, -3.44232148e-02,  1.78019815e+00,
         1.48354354e+00, -1.59245021e+00,  1.04321311e+01,
        -5.78293814e-01, -1.45290165e+00, -1.13960239e+00,
         1.01035449e+00,  6.09728298e-01,  1.17102899e+00,
         4.05949208e-01,  2.90983804e-01,  1.48884679e-01],
       [ 5.40428170e-04,  7.78647105e-03, -3.03501873e-01,
        -1.26967488e-01, -8.25744770e-02,  1.99642416e-02,
        -4.40472764e-01,  2.72957814e-01, -5.78293814e-01,
         4.47023419e-01,  8.91957984e-02,  6.98903601e-02,
        -2.57748818e-01, -1.04666921e-01,  2.66060850e-01,
        -9.30163442e-02,  2.38093877e-02,  1.37434389e-01],
       [ 1.37517735e-01,  1.41966913e-01, -1.23962887e-01,
         1.53494239e-02, -1.94787034e-01, -3.54716090e-01,
        -5.43838002e-01, -5.43507123e-02, -1.45290165e+00,
         8.91957984e-02,  7.42209407e-01,  9.47211041e-02,
        -8.55909649e-02, -5.45256678e-01, -1.43096939e-01,
        -8.95888398e-02, -1.94548955e-01,  1.08843716e-01],
       [ 3.57182438e-01, -4.13932583e-02, -1.33535872e-01,
         1.35028830e-03,  1.13172487e-01, -2.36450218e-01,
         7.54067273e-02,  4.38001265e-01, -1.13960239e+00,
         6.98903601e-02,  9.47211041e-02,  5.30032318e-01,
        -1.99941759e-01,  6.28971472e-02, -2.95631615e-01,
        -4.58677146e-02, -2.01043123e-02, -1.10913409e-01],
       [-2.49223333e-01, -1.18319976e-01,  2.14176535e-01,
         4.26319901e-01, -1.11383543e-01,  1.29628998e-01,
         8.71918789e-01, -1.55694510e+00,  1.01035449e+00,
        -2.57748818e-01, -8.55909649e-02, -1.99941759e-01,
         7.16809708e-01,  7.89056985e-02, -3.84206974e-02,
         2.77921976e-01,  2.27700020e-02, -7.66607636e-02],
       [ 2.14104158e-02, -5.10433331e-01,  1.91797900e-01,
         1.51236512e-01,  4.96074099e-01,  2.80525850e-01,
         1.42116173e+00,  5.41112193e-01,  6.09728298e-01,
        -1.04666921e-01, -5.45256678e-01,  6.28971472e-02,
         7.89056985e-02,  1.04842315e+00, -1.82865693e-02,
         1.97105894e-02,  3.83285516e-01, -2.22431646e-01],
       [-2.83843419e-01, -2.29790390e-02, -2.41761019e-01,
        -1.10353977e-01, -1.25738383e-01,  4.92606243e-01,
        -3.60445241e-01, -6.93920008e-02,  1.17102899e+00,
         2.66060850e-01, -1.43096939e-01, -2.95631615e-01,
        -3.84206974e-02, -1.82865693e-02,  8.15490126e-01,
        -1.71617538e-02,  8.24146331e-02,  3.48243285e-01],
       [-8.15390880e-02,  1.56869647e-03,  6.09605277e-02,
         1.41369860e-01, -3.96263511e-02,  4.50603281e-02,
         2.28744892e-01, -5.35154040e-01,  4.05949208e-01,
        -9.30163442e-02, -8.95888398e-02, -4.58677146e-02,
         2.77921976e-01,  1.97105894e-02, -1.71617538e-02,
         1.43001951e-01,  5.03309951e-03, -2.74574790e-02],
       [-3.95688988e-02, -1.63493458e-01,  2.53050383e-02,
         3.82787802e-02,  1.62479066e-01,  1.33846353e-01,
         4.26776539e-01,  1.42297896e-01,  2.90983804e-01,
         2.38093877e-02, -1.94548955e-01, -2.01043123e-02,
         2.27700020e-02,  3.83285516e-01,  8.24146331e-02,
         5.03309951e-03,  1.77957340e-01, -3.31687997e-02],
       [-9.17850642e-02,  1.46620260e-01, -1.44436515e-01,
        -9.59390340e-02, -1.14640708e-01,  1.05589211e-01,
        -4.33678998e-01,  4.64688507e-02,  1.48884679e-01,
         1.37434389e-01,  1.08843716e-01, -1.10913409e-01,
        -7.66607636e-02, -2.22431646e-01,  3.48243285e-01,
        -2.74574790e-02, -3.31687997e-02,  2.41779671e-01]])
      jac: array([-1.51360406e-07,  6.73535302e-08,  1.31006317e-07,  3.59342186e-07,
       -2.44619140e-07,  2.74225087e-07, -5.55111512e-08,  6.77236045e-08,
       -3.62672855e-08,  1.62462636e-07, -7.29046453e-08,  4.32986980e-08,
       -2.70154269e-08,  1.19904087e-07, -4.42608913e-07, -1.90958360e-07,
        7.69754631e-08,  3.82286795e-07])
  message: 'Optimization terminated successfully.'
     nfev: 912
      nit: 39
     njev: 48
   status: 0
  success: True
        x: array([ 0.77598092, -0.02847722,  0.49780349,  0.22933402, -0.91842093,
       -1.0598494 ,  1.18792153, -1.43544753, -1.3274058 , -1.1189464 ,
        0.04546908,  0.66165059,  0.13784175,  0.04236207, -0.91613072,
        0.09360608,  1.19117828, -1.11246217])
