Program Begingeth
      fun: 0.19139814436094824
 hess_inv: array([[ 6.57370728e+00, -3.15599363e+00,  2.82190506e+00,
        -5.48742508e-01, -8.95493727e-01,  2.17893877e+00,
        -1.06692546e+01, -5.14353895e+00,  4.83180692e+00,
        -1.91743679e+00,  1.93523080e+00,  1.40802301e+00,
        -1.69821809e+00,  7.59673939e-01, -2.35225795e-01,
         5.97701865e-01,  5.89104188e-01, -8.19426645e-01],
       [-3.15599363e+00,  4.60064546e+00, -2.63418666e+00,
         1.07448471e+00,  9.87057900e-01, -1.55773303e+00,
         1.19438228e+01,  7.25546557e+00, -2.19202315e+00,
         5.44512948e-01, -2.95845317e+00, -2.08650708e+00,
         9.38671631e-01, -8.82597679e-01,  4.55179904e-01,
        -7.13378025e-01, -1.63938565e-01,  4.21044502e-01],
       [ 2.82190506e+00, -2.63418666e+00,  8.34279396e+00,
        -1.92125973e+00, -4.34577064e-01,  2.90399907e+00,
        -2.25809987e+01, -8.51241951e+00,  8.70109854e+00,
         4.30844184e-02,  5.34643429e+00, -2.35925309e+00,
        -8.02181960e-01,  2.50516993e-01, -1.06497414e+00,
         1.05025945e+00,  2.65720877e-01, -5.88357823e-01],
       [-5.48742508e-01,  1.07448471e+00, -1.92125973e+00,
         6.60733601e-01,  1.38466591e-01, -7.37601224e-01,
         6.92717814e+00,  2.55957370e+00, -1.43955368e+00,
        -1.15352905e-01, -1.27081011e+00,  9.77770079e-02,
         2.36399585e-01, -2.52276249e-01,  2.28149672e-01,
        -2.82504466e-01, -7.17304412e-02,  1.25064949e-01],
       [-8.95493727e-01,  9.87057900e-01, -4.34577064e-01,
         1.38466591e-01,  3.09945493e-01, -2.88100559e-01,
         1.66363822e+00,  1.90446599e+00, -6.54618042e-01,
         3.26613755e-01, -6.12753869e-01, -4.43086309e-01,
         2.36996742e-01, -1.32565047e-01,  1.20706170e-01,
        -1.22397799e-01, -5.06322064e-02,  1.17876836e-01],
       [ 2.17893877e+00, -1.55773303e+00,  2.90399907e+00,
        -7.37601224e-01, -2.88100559e-01,  1.39603886e+00,
        -9.51598534e+00, -3.30425100e+00,  3.52613857e+00,
        -1.67947133e-01,  1.77303954e+00, -1.52373022e-01,
        -6.51675303e-01,  3.17188721e-01, -2.68420946e-01,
         4.21891594e-01,  1.75244347e-01, -3.41083744e-01],
       [-1.06692546e+01,  1.19438228e+01, -2.25809987e+01,
         6.92717814e+00,  1.66363822e+00, -9.51598534e+00,
         8.11997154e+01,  2.79735900e+01, -2.08913977e+01,
         1.98883270e-01, -1.40091855e+01,  1.33467299e+00,
         3.29606764e+00, -2.78765786e+00,  2.35488109e+00,
        -3.44036473e+00, -9.59970651e-01,  1.85602742e+00],
       [-5.14353895e+00,  7.25546557e+00, -8.51241951e+00,
         2.55957370e+00,  1.90446599e+00, -3.30425100e+00,
         2.79735900e+01,  1.99949595e+01, -8.32940178e+00,
         1.61464720e+00, -6.93909858e+00, -1.07207247e+00,
         1.29000225e+00, -1.27240662e+00,  1.63516383e+00,
        -1.58283636e+00, -4.61002180e-01,  8.23078747e-01],
       [ 4.83180692e+00, -2.19202315e+00,  8.70109854e+00,
        -1.43955368e+00, -6.54618042e-01,  3.52613857e+00,
        -2.08913977e+01, -8.32940178e+00,  1.56144355e+01,
        -2.37997045e-01,  5.71928751e+00, -2.63258110e+00,
        -1.22037731e+00, -2.84232589e-01, -1.31630567e+00,
         1.02852916e+00,  2.16204677e-01, -1.02188986e+00],
       [-1.91743679e+00,  5.44512948e-01,  4.30844184e-02,
        -1.15352905e-01,  3.26613755e-01, -1.67947133e-01,
         1.98883270e-01,  1.61464720e+00, -2.37997045e-01,
         1.84145042e+00,  1.27764645e-01, -6.78990183e-01,
         2.06839694e-01, -2.39108294e-01,  2.27545907e-03,
        -7.58788638e-02, -2.81137467e-01,  2.61740438e-02],
       [ 1.93523080e+00, -2.95845317e+00,  5.34643429e+00,
        -1.27081011e+00, -6.12753869e-01,  1.77303954e+00,
        -1.40091855e+01, -6.93909858e+00,  5.71928751e+00,
         1.27764645e-01,  4.81462560e+00, -9.14893876e-01,
        -5.60097304e-01,  9.01863269e-02, -1.00622205e+00,
         8.12468260e-01,  8.42924724e-02, -5.12616971e-01],
       [ 1.40802301e+00, -2.08650708e+00, -2.35925309e+00,
         9.77770079e-02, -4.43086309e-01, -1.52373022e-01,
         1.33467299e+00, -1.07207247e+00, -2.63258110e+00,
        -6.78990183e-01, -9.14893876e-01,  3.37521417e+00,
        -3.97200004e-01,  7.77803474e-01,  2.46229367e-01,
         4.73414271e-02,  1.17160496e-01, -2.21886768e-02],
       [-1.69821809e+00,  9.38671631e-01, -8.02181960e-01,
         2.36399585e-01,  2.36996742e-01, -6.51675303e-01,
         3.29606764e+00,  1.29000225e+00, -1.22037731e+00,
         2.06839694e-01, -5.60097304e-01, -3.97200004e-01,
         5.77861421e-01, -2.30039851e-01,  4.63691978e-02,
        -1.28226905e-01, -1.57402627e-01,  2.65126092e-01],
       [ 7.59673939e-01, -8.82597679e-01,  2.50516993e-01,
        -2.52276249e-01, -1.32565047e-01,  3.17188721e-01,
        -2.78765786e+00, -1.27240662e+00, -2.84232589e-01,
        -2.39108294e-01,  9.01863269e-02,  7.77803474e-01,
        -2.30039851e-01,  3.79821500e-01,  2.89718254e-02,
         1.32234297e-01,  1.12796444e-01, -4.13469130e-02],
       [-2.35225795e-01,  4.55179904e-01, -1.06497414e+00,
         2.28149672e-01,  1.20706170e-01, -2.68420946e-01,
         2.35488109e+00,  1.63516383e+00, -1.31630567e+00,
         2.27545907e-03, -1.00622205e+00,  2.46229367e-01,
         4.63691978e-02,  2.89718254e-02,  2.89402243e-01,
        -1.62977004e-01, -1.79147481e-02,  1.12127635e-01],
       [ 5.97701865e-01, -7.13378025e-01,  1.05025945e+00,
        -2.82504466e-01, -1.22397799e-01,  4.21891594e-01,
        -3.44036473e+00, -1.58283636e+00,  1.02852916e+00,
        -7.58788638e-02,  8.12468260e-01,  4.73414271e-02,
        -1.28226905e-01,  1.32234297e-01, -1.62977004e-01,
         2.12052148e-01,  4.27366018e-02, -9.32794903e-02],
       [ 5.89104188e-01, -1.63938565e-01,  2.65720877e-01,
        -7.17304412e-02, -5.06322064e-02,  1.75244347e-01,
        -9.59970651e-01, -4.61002180e-01,  2.16204677e-01,
        -2.81137467e-01,  8.42924724e-02,  1.17160496e-01,
        -1.57402627e-01,  1.12796444e-01, -1.79147481e-02,
         4.27366018e-02,  1.16907479e-01, -5.71701059e-02],
       [-8.19426645e-01,  4.21044502e-01, -5.88357823e-01,
         1.25064949e-01,  1.17876836e-01, -3.41083744e-01,
         1.85602742e+00,  8.23078747e-01, -1.02188986e+00,
         2.61740438e-02, -5.12616971e-01, -2.21886768e-02,
         2.65126092e-01, -4.13469130e-02,  1.12127635e-01,
        -9.32794903e-02, -5.71701059e-02,  1.86172563e-01]])
      jac: array([-5.53113111e-06, -7.67552688e-06, -1.37482618e-05, -4.81799785e-06,
        2.84368825e-05,  3.70052137e-05,  8.46360019e-07, -2.52649753e-06,
       -2.54074539e-06, -4.92513437e-06, -6.95795273e-06, -5.56573306e-06,
       -1.86367588e-05, -3.25672822e-05, -2.66438723e-05,  2.49857542e-05,
        8.05392790e-06,  2.22279602e-05])
  message: 'Desired error not necessarily achieved due to precision loss.'
     nfev: 2102
      nit: 67
     njev: 110
   status: 2
  success: False
        x: array([ 0.28040921, -0.21574237,  0.57293078,  1.09061192, -0.43444156,
        0.00498869,  1.07401135, -0.84245069, -0.79689986,  0.00304737,
        0.68141096,  0.85572681,  0.12022268,  0.23827489, -0.33311338,
       -1.09120716, -0.29769766,  0.04699936])
