Program Begingeth
      fun: 0.42405589944989874
 hess_inv: array([[ 7.83223744e+00, -2.36975870e-01, -4.99500741e-01,
         2.23019320e+00, -1.29259630e+00, -1.49094446e-01,
        -2.90092837e+00,  5.81669993e+00,  9.47393868e-01,
        -1.70244171e+00,  3.92250760e-02, -8.91565324e-01,
        -9.94091518e-01, -3.23657313e-01,  3.21209223e-01,
        -7.04496115e-01,  1.76758930e+00,  1.75433102e-01],
       [-2.36975870e-01,  2.00966958e+00,  2.51456654e-02,
         1.01790087e-01,  7.35899563e-01, -8.59470678e-03,
        -7.37368349e-01,  2.57715215e+00,  9.66930680e-01,
        -4.33524527e-01,  1.16208564e-01, -5.14501808e-01,
         2.43967623e-01, -1.66487372e-02,  2.26776248e-01,
        -1.38891903e-01,  4.00137429e-01,  2.73223538e-01],
       [-4.99500741e-01,  2.51456654e-02,  1.85238094e+00,
        -1.63098870e-01,  9.08249244e-02,  6.79515943e-01,
         2.14590645e+00, -1.89457372e+00,  8.72650750e-01,
         5.61272430e-01,  2.70323816e-01,  9.98039054e-02,
        -2.69011245e-02, -1.08031322e-01,  2.92931245e-03,
         2.74556174e-01, -3.55497336e-01,  2.56236521e-01],
       [ 2.23019320e+00,  1.01790087e-01, -1.63098870e-01,
         6.82593368e-01, -2.98789391e-01, -5.53798082e-02,
        -8.40518048e-01,  1.82766342e+00,  3.63355498e-01,
        -5.40762613e-01, -2.28552643e-03, -3.39836584e-01,
        -2.13834836e-01, -9.85069926e-02,  1.27191516e-01,
        -1.84258161e-01,  5.07333852e-01,  8.80930227e-02],
       [-1.29259630e+00,  7.35899563e-01,  9.08249244e-02,
        -2.98789391e-01,  4.95396703e-01,  2.74396664e-02,
         4.44902775e-01, -1.85725378e-01,  4.83866774e-02,
         1.71703506e-01, -3.37089954e-03,  4.16311252e-03,
         2.64321896e-01,  8.15964043e-02,  2.46199052e-02,
         1.24681672e-01, -1.63086382e-01,  5.48896164e-02],
       [-1.49094446e-01, -8.59470678e-03,  6.79515943e-01,
        -5.53798082e-02,  2.74396664e-02,  2.89218046e-01,
         7.81033612e-01, -7.62206724e-01,  2.04181083e-01,
         3.23355009e-01,  6.92165091e-04,  4.59523327e-02,
        -5.15230588e-02, -1.11729151e-02,  3.17099954e-02,
         9.13541080e-02, -1.29352918e-01,  7.60977901e-02],
       [-2.90092837e+00, -7.37368349e-01,  2.14590645e+00,
        -8.40518048e-01,  4.44902775e-01,  7.81033612e-01,
         1.03884520e+01, -6.21466647e+00, -4.26900906e-01,
         1.53720719e+00, -4.97727744e-01,  8.23473429e-01,
         5.19033907e-01,  3.22333682e-01, -3.19038313e-02,
         1.64886729e+00, -1.32461353e+00,  3.29152522e-01],
       [ 5.81669993e+00,  2.57715215e+00, -1.89457372e+00,
         1.82766342e+00, -1.85725378e-01, -7.62206724e-01,
        -6.21466647e+00,  1.91478088e+01,  3.21259728e+00,
        -4.03923569e+00,  2.04951812e-01, -9.25879492e-01,
        -7.11371426e-02, -5.93195457e-02,  7.31114132e-01,
        -1.06374135e+00,  3.53699998e+00,  9.72211907e-01],
       [ 9.47393868e-01,  9.66930680e-01,  8.72650750e-01,
         3.63355498e-01,  4.83866774e-02,  2.04181083e-01,
        -4.26900906e-01,  3.21259728e+00,  5.54317917e+00,
        -1.09472081e+00,  1.29770214e-01, -2.10223259e-01,
         7.68099054e-02, -2.26115741e-01,  2.53382683e-01,
        -2.00094890e-01,  5.24410999e-01,  1.03386839e+00],
       [-1.70244171e+00, -4.33524527e-01,  5.61272430e-01,
        -5.40762613e-01,  1.71703506e-01,  3.23355009e-01,
         1.53720719e+00, -4.03923569e+00, -1.09472081e+00,
         1.76061773e+00, -2.65656753e-02,  2.71265644e-01,
        -1.35566975e-01,  6.05085320e-02, -1.63018213e-01,
         2.51798039e-01, -7.94296352e-01, -3.62490805e-01],
       [ 3.92250760e-02,  1.16208564e-01,  2.70323816e-01,
        -2.28552643e-03, -3.37089954e-03,  6.92165091e-04,
        -4.97727744e-01,  2.04951812e-01,  1.29770214e-01,
        -2.65656753e-02,  8.57717914e-01, -1.08967100e-01,
        -3.45814459e-02, -2.41215019e-01, -1.58311113e-01,
        -7.59640570e-02,  1.38910253e-02, -9.71012354e-02],
       [-8.91565324e-01, -5.14501808e-01,  9.98039054e-02,
        -3.39836584e-01,  4.16311252e-03,  4.59523327e-02,
         8.23473429e-01, -9.25879492e-01, -2.10223259e-01,
         2.71265644e-01, -1.08967100e-01,  7.21926268e-01,
         6.86669916e-02,  1.61269727e-01, -1.69716994e-01,
         2.07630660e-01, -1.93761158e-01, -4.28362631e-02],
       [-9.94091518e-01,  2.43967623e-01, -2.69011245e-02,
        -2.13834836e-01,  2.64321896e-01, -5.15230588e-02,
         5.19033907e-01, -7.11371426e-02,  7.68099054e-02,
        -1.35566975e-01, -3.45814459e-02,  6.86669916e-02,
         3.23776081e-01,  5.77500344e-02,  7.58488829e-03,
         1.77677839e-01, -1.61761014e-01,  9.36878705e-02],
       [-3.23657313e-01, -1.66487372e-02, -1.08031322e-01,
        -9.85069926e-02,  8.15964043e-02, -1.11729151e-02,
         3.22333682e-01, -5.93195457e-02, -2.26115741e-01,
         6.05085320e-02, -2.41215019e-01,  1.61269727e-01,
         5.77500344e-02,  1.35837652e-01,  1.31722174e-02,
         7.60055117e-02, -1.23363673e-02,  2.10588746e-03],
       [ 3.21209223e-01,  2.26776248e-01,  2.92931245e-03,
         1.27191516e-01,  2.46199052e-02,  3.17099954e-02,
        -3.19038313e-02,  7.31114132e-01,  2.53382683e-01,
        -1.63018213e-01, -1.58311113e-01, -1.69716994e-01,
         7.58488829e-03,  1.31722174e-02,  1.38927158e-01,
        -3.12304269e-02,  1.35080363e-01,  1.23768545e-01],
       [-7.04496115e-01, -1.38891903e-01,  2.74556174e-01,
        -1.84258161e-01,  1.24681672e-01,  9.13541080e-02,
         1.64886729e+00, -1.06374135e+00, -2.00094890e-01,
         2.51798039e-01, -7.59640570e-02,  2.07630660e-01,
         1.77677839e-01,  7.60055117e-02, -3.12304269e-02,
         3.29662035e-01, -2.67788434e-01,  3.34837688e-02],
       [ 1.76758930e+00,  4.00137429e-01, -3.55497336e-01,
         5.07333852e-01, -1.63086382e-01, -1.29352918e-01,
        -1.32461353e+00,  3.53699998e+00,  5.24410999e-01,
        -7.94296352e-01,  1.38910253e-02, -1.93761158e-01,
        -1.61761014e-01, -1.23363673e-02,  1.35080363e-01,
        -2.67788434e-01,  7.82261462e-01,  1.47710036e-01],
       [ 1.75433102e-01,  2.73223538e-01,  2.56236521e-01,
         8.80930227e-02,  5.48896164e-02,  7.60977901e-02,
         3.29152522e-01,  9.72211907e-01,  1.03386839e+00,
        -3.62490805e-01, -9.71012354e-02, -4.28362631e-02,
         9.36878705e-02,  2.10588746e-03,  1.23768545e-01,
         3.34837688e-02,  1.47710036e-01,  3.02076712e-01]])
      jac: array([ 4.30840548e-06,  9.25703958e-06,  7.55691805e-07, -1.99581092e-06,
       -7.62945263e-06, -4.35688522e-06, -2.93135886e-06,  5.21434747e-07,
       -2.26707542e-06, -6.71314856e-07,  2.14754140e-06,  7.31377921e-06,
       -1.98289533e-05,  1.50971828e-05, -1.87405647e-06,  1.62210985e-05,
       -1.49591450e-05,  1.45572443e-05])
  message: 'Desired error not necessarily achieved due to precision loss.'
     nfev: 2710
      nit: 93
     njev: 142
   status: 2
  success: False
        x: array([ 0.83630976, -1.38342299,  0.00781521,  1.23414902, -1.12966523,
        0.00708502, -1.92670782, -1.23737365, -0.92674085,  0.0912466 ,
        0.29103602,  1.15733774,  0.02403636, -0.11516743, -0.28627527,
       -1.30543553, -1.12898533, -0.13720132])
