Program Begingeth
      fun: 0.23494654499162176
 hess_inv: array([[ 2.93963617e+00,  2.59495739e-01, -8.81470792e-01,
        -1.60425043e+00,  1.06878083e+00, -4.23363996e-01,
        -6.46190031e-01,  6.92965340e+00, -2.71601475e+00,
         1.95250231e+00, -4.82498090e-01,  2.10439999e+00,
        -4.03567911e+00,  7.26837178e-01, -3.55760972e-01,
        -1.20447492e+00,  1.95684872e-01, -2.63589561e-02],
       [ 2.59495739e-01,  8.06329418e-01, -2.03121715e-01,
        -3.76714888e-01, -6.66618796e-02, -1.83797698e-01,
        -7.94908684e-01,  8.05454139e-01, -1.39321334e-01,
         2.87496992e-01,  1.93657989e-01,  1.45312040e-01,
        -5.91433621e-01, -6.04103391e-01, -1.11617091e-02,
        -1.46009241e-01, -1.56200331e-01,  1.52670260e-01],
       [-8.81470792e-01, -2.03121715e-01,  1.07943404e+00,
         6.77560845e-01, -7.67303873e-02, -9.56060290e-02,
         1.14996855e+00, -1.91076505e+00,  7.81668383e-01,
        -1.21790186e+00,  5.47749621e-02, -4.57660467e-01,
         1.54434932e+00,  6.93416375e-02, -7.07743042e-01,
         4.53825952e-01, -7.66320329e-02, -3.07157875e-01],
       [-1.60425043e+00, -3.76714888e-01,  6.77560845e-01,
         1.24553326e+00, -6.38507689e-01,  1.09358407e-01,
         9.02812016e-01, -4.82396184e+00,  1.02888283e+00,
        -1.32335662e+00,  4.03336215e-01, -9.53756393e-01,
         2.69852926e+00, -3.29446664e-01, -1.17018819e-01,
         8.13897717e-01, -1.26635588e-01, -1.23531321e-01],
       [ 1.06878083e+00, -6.66618796e-02, -7.67303873e-02,
        -6.38507689e-01,  7.30789773e-01, -9.22044480e-02,
         3.95919131e-01,  3.70359195e+00, -6.78661555e-01,
         5.88921703e-01, -4.40353853e-01,  7.56492623e-01,
        -1.55448957e+00,  7.47378101e-01, -2.22907221e-01,
        -4.59880367e-01,  2.16005755e-01, -5.80462536e-02],
       [-4.23363996e-01, -1.83797698e-01, -9.56060290e-02,
         1.09358407e-01, -9.22044480e-02,  3.35308959e-01,
         4.90269689e-02, -4.95883550e-01,  9.13551966e-01,
        -1.18881730e-01, -1.37372211e-01, -4.26517330e-01,
         3.83243186e-01,  7.84948347e-02,  4.99636751e-01,
         1.09892698e-01,  4.27552961e-02,  1.39149858e-01],
       [-6.46190031e-01, -7.94908684e-01,  1.14996855e+00,
         9.02812016e-01,  3.95919131e-01,  4.90269689e-02,
         3.61495813e+00, -6.68589613e-01,  6.85631495e-01,
        -1.03936071e+00, -1.90572377e-01, -1.51599637e-01,
         1.40563842e+00,  9.39208509e-01, -6.60742443e-01,
         3.75074134e-01,  1.88895582e-01, -3.14267174e-01],
       [ 6.92965340e+00,  8.05454139e-01, -1.91076505e+00,
        -4.82396184e+00,  3.70359195e+00, -4.95883550e-01,
        -6.68589613e-01,  2.39000499e+01, -4.48974984e+00,
         4.94913399e+00, -1.86817846e+00,  4.38074283e+00,
        -1.10227972e+01,  2.70137794e+00, -1.82268147e-01,
        -3.31899474e+00,  8.14430041e-01,  2.65871107e-01],
       [-2.71601475e+00, -1.39321334e-01,  7.81668383e-01,
         1.02888283e+00, -6.78661555e-01,  9.13551966e-01,
         6.85631495e-01, -4.48974984e+00,  5.55128298e+00,
        -1.77593902e+00, -2.51678861e-01, -1.89161320e+00,
         3.17211682e+00, -3.28754950e-01,  6.92247633e-01,
         9.76518362e-01, -1.04366024e-01,  1.00477888e-01],
       [ 1.95250231e+00,  2.87496992e-01, -1.21790186e+00,
        -1.32335662e+00,  5.88921703e-01, -1.18881730e-01,
        -1.03936071e+00,  4.94913399e+00, -1.77593902e+00,
         2.00868544e+00, -3.02628316e-01,  1.22090459e+00,
        -3.15527606e+00,  3.34707828e-01,  3.92263025e-01,
        -9.50051736e-01,  1.93479609e-01,  2.21190106e-01],
       [-4.82498090e-01,  1.93657989e-01,  5.47749621e-02,
         4.03336215e-01, -4.40353853e-01, -1.37372211e-01,
        -1.90572377e-01, -1.86817846e+00, -2.51678861e-01,
        -3.02628316e-01,  9.09825178e-01, -3.72615574e-01,
         7.82051248e-01, -7.32550535e-01,  2.15851851e-02,
         1.48087035e-01, -2.04312220e-01,  1.10990053e-01],
       [ 2.10439999e+00,  1.45312040e-01, -4.57660467e-01,
        -9.53756393e-01,  7.56492623e-01, -4.26517330e-01,
        -1.51599637e-01,  4.38074283e+00, -1.89161320e+00,
         1.22090459e+00, -3.72615574e-01,  1.86525185e+00,
        -2.58224854e+00,  5.55544580e-01, -6.48887438e-01,
        -7.25176550e-01,  1.14955088e-01, -1.88420351e-01],
       [-4.03567911e+00, -5.91433621e-01,  1.54434932e+00,
         2.69852926e+00, -1.55448957e+00,  3.83243186e-01,
         1.40563842e+00, -1.10227972e+01,  3.17211682e+00,
        -3.15527606e+00,  7.82051248e-01, -2.58224854e+00,
         6.30048246e+00, -9.54344390e-01, -3.46031277e-02,
         1.93480171e+00, -3.27539684e-01, -1.88641481e-01],
       [ 7.26837178e-01, -6.04103391e-01,  6.93416375e-02,
        -3.29446664e-01,  7.47378101e-01,  7.84948347e-02,
         9.39208509e-01,  2.70137794e+00, -3.28754950e-01,
         3.34707828e-01, -7.32550535e-01,  5.55544580e-01,
        -9.54344390e-01,  1.22981012e+00, -1.68976005e-01,
        -2.69773373e-01,  3.75430230e-01, -1.63384016e-01],
       [-3.55760972e-01, -1.11617091e-02, -7.07743042e-01,
        -1.17018819e-01, -2.22907221e-01,  4.99636751e-01,
        -6.60742443e-01, -1.82268147e-01,  6.92247633e-01,
         3.92263025e-01,  2.15851851e-02, -6.48887438e-01,
        -3.46031277e-02, -1.68976005e-01,  1.21683578e+00,
        -3.46042884e-02,  5.43398307e-02,  4.75408474e-01],
       [-1.20447492e+00, -1.46009241e-01,  4.53825952e-01,
         8.13897717e-01, -4.59880367e-01,  1.09892698e-01,
         3.75074134e-01, -3.31899474e+00,  9.76518362e-01,
        -9.50051736e-01,  1.48087035e-01, -7.25176550e-01,
         1.93480171e+00, -2.69773373e-01, -3.46042884e-02,
         6.36015143e-01, -9.37461942e-02, -7.13231788e-02],
       [ 1.95684872e-01, -1.56200331e-01, -7.66320329e-02,
        -1.26635588e-01,  2.16005755e-01,  4.27552961e-02,
         1.88895582e-01,  8.14430041e-01, -1.04366024e-01,
         1.93479609e-01, -2.04312220e-01,  1.14955088e-01,
        -3.27539684e-01,  3.75430230e-01,  5.43398307e-02,
        -9.37461942e-02,  1.54188737e-01, -1.78353638e-03],
       [-2.63589561e-02,  1.52670260e-01, -3.07157875e-01,
        -1.23531321e-01, -5.80462536e-02,  1.39149858e-01,
        -3.14267174e-01,  2.65871107e-01,  1.00477888e-01,
         2.21190106e-01,  1.10990053e-01, -1.88420351e-01,
        -1.88641481e-01, -1.63384016e-01,  4.75408474e-01,
        -7.13231788e-02, -1.78353638e-03,  2.50556565e-01]])
      jac: array([-1.05452684e-06, -2.23524902e-07,  1.92253620e-07,  3.20928469e-06,
        2.50355292e-07,  6.30421641e-07, -2.50170255e-07,  7.53101285e-08,
       -2.03540888e-09, -3.77660866e-07, -3.45094323e-07,  6.88338275e-08,
       -2.39382588e-06, -6.72980190e-07, -4.45939582e-07,  1.14149431e-06,
        9.32957415e-07,  6.66873964e-07])
  message: 'Optimization terminated successfully.'
     nfev: 760
      nit: 34
     njev: 40
   status: 0
  success: True
        x: array([ 0.70279696, -0.05137394,  0.5303024 ,  0.24430931, -0.90077141,
       -0.644756  ,  1.22928648, -1.42531086, -0.93774305, -1.03629103,
        0.05938357,  0.65101282,  0.16249773,  0.04222802, -0.3848387 ,
        0.09392637,  1.1574019 , -0.68693571])
