Program Begingeth
      fun: 0.2264599433326416
 hess_inv: array([[ 3.56883661e+00, -1.24596936e+00, -8.27997325e-01,
         9.06816220e-01, -4.12241276e-01,  7.91433177e-01,
         1.58959289e+00,  2.87989589e+00,  6.64031136e-01,
        -6.98788595e-01, -9.03591739e-01,  1.26643484e+00,
        -6.47211502e-01,  4.00889951e-01,  5.18961964e-01,
        -1.44820778e-01,  4.00555614e-01, -3.89092700e-01],
       [-1.24596936e+00,  2.41435682e+00,  1.09331437e+00,
        -2.27617951e-01,  7.41660825e-01, -1.57450704e-01,
        -1.80269541e+00,  2.01882117e-01,  2.37571772e+00,
        -2.00773443e-02,  2.85450626e-01, -1.79924399e+00,
         4.00326005e-01, -4.26948938e-01, -2.96982757e-01,
        -2.92941745e-02, -1.12042934e-01,  1.06446064e-01],
       [-8.27997325e-01,  1.09331437e+00,  2.52241468e+00,
        -6.00080809e-01,  3.10677198e-01,  4.26059774e-01,
        -4.57347491e+00, -3.24415352e+00,  3.24855787e+00,
         3.20596595e-01,  1.53195674e+00, -1.72478276e+00,
         1.77571940e-01, -4.13875425e-01, -5.91266568e-01,
         2.64778739e-01, -2.14379343e-01, -1.77974851e-01],
       [ 9.06816220e-01, -2.27617951e-01, -6.00080809e-01,
         3.92710888e-01, -9.91362897e-02,  6.55450019e-02,
         1.73783815e+00,  1.42370217e+00, -1.08349068e-01,
        -2.96213714e-01, -5.19218067e-01,  3.82817171e-01,
        -1.05981455e-01,  1.00134917e-01,  2.38440720e-01,
        -8.79511536e-02,  1.19885971e-01,  4.90980078e-03],
       [-4.12241276e-01,  7.41660825e-01,  3.10677198e-01,
        -9.91362897e-02,  4.03835720e-01,  2.94772027e-03,
        -1.74810564e+00,  9.53554208e-01,  3.31041228e-01,
         1.57630732e-01, -2.31058919e-02, -4.26477211e-01,
         1.83234650e-01, -3.79916475e-02, -3.05295385e-02,
         3.56564025e-02, -9.58026063e-02,  3.36327948e-02],
       [ 7.91433177e-01, -1.57450704e-01,  4.26059774e-01,
         6.55450019e-02,  2.94772027e-03,  4.46369887e-01,
        -1.52467766e+00,  3.52196265e-01,  1.20887565e+00,
         7.50265595e-02,  4.95473764e-02, -4.44588702e-03,
        -1.75504462e-01,  3.86144928e-02,  5.51508298e-02,
         3.28088484e-03,  4.14175331e-03, -1.78321755e-01],
       [ 1.58959289e+00, -1.80269541e+00, -4.57347491e+00,
         1.73783815e+00, -1.74810564e+00, -1.52467766e+00,
         2.49974634e+01,  1.71523070e+00, -5.62829316e+00,
        -2.29063082e+00, -2.26649114e+00,  2.19963737e+00,
        -6.20896640e-01,  4.02143200e-01,  8.85930299e-01,
        -6.82626863e-01,  1.41298443e+00,  8.55105235e-01],
       [ 2.87989589e+00,  2.01882117e-01, -3.24415352e+00,
         1.42370217e+00,  9.53554208e-01,  3.52196265e-01,
         1.71523070e+00,  1.53715756e+01, -3.05819425e+00,
        -3.86137106e-01, -3.49048618e+00,  1.77884813e+00,
        -2.80080059e-01,  8.99385738e-01,  1.65113578e+00,
        -6.47044051e-01,  4.43429450e-01,  2.08637244e-01],
       [ 6.64031136e-01,  2.37571772e+00,  3.24855787e+00,
        -1.08349068e-01,  3.31041228e-01,  1.20887565e+00,
        -5.62829316e+00, -3.05819425e+00,  1.18390896e+01,
         9.45177238e-04,  1.61900327e+00, -2.76927116e+00,
        -2.22632507e-02, -1.08920797e+00, -6.66324926e-01,
        -2.59600316e-02, -4.03509651e-01, -4.57525263e-01],
       [-6.98788595e-01, -2.00773443e-02,  3.20596595e-01,
        -2.96213714e-01,  1.57630732e-01,  7.50265595e-02,
        -2.29063082e+00, -3.86137106e-01,  9.45177238e-04,
         9.23410284e-01,  3.18486473e-01, -1.51070139e-01,
         4.72589253e-03, -6.70942574e-02, -1.25236166e-01,
         7.55700828e-02, -2.62680310e-01, -1.39781806e-01],
       [-9.03591739e-01,  2.85450626e-01,  1.53195674e+00,
        -5.19218067e-01, -2.31058919e-02,  4.95473764e-02,
        -2.26649114e+00, -3.49048618e+00,  1.61900327e+00,
         3.18486473e-01,  1.63257953e+00, -1.01462350e+00,
         1.20588854e-01, -3.96423511e-01, -6.01553930e-01,
         2.47104413e-01, -1.87001399e-01, -1.84106956e-01],
       [ 1.26643484e+00, -1.79924399e+00, -1.72478276e+00,
         3.82817171e-01, -4.26477211e-01, -4.44588702e-03,
         2.19963737e+00,  1.77884813e+00, -2.76927116e+00,
        -1.51070139e-01, -1.01462350e+00,  2.12889490e+00,
        -2.94118221e-01,  5.75661322e-01,  4.41275298e-01,
        -4.30771962e-02,  2.10427298e-01,  1.63671684e-02],
       [-6.47211502e-01,  4.00326005e-01,  1.77571940e-01,
        -1.05981455e-01,  1.83234650e-01, -1.75504462e-01,
        -6.20896640e-01, -2.80080059e-01, -2.22632507e-02,
         4.72589253e-03,  1.20588854e-01, -2.94118221e-01,
         2.73582965e-01, -8.56726006e-02, -8.55436509e-02,
         9.65648567e-02, -1.30037249e-01,  1.32191800e-01],
       [ 4.00889951e-01, -4.26948938e-01, -4.13875425e-01,
         1.00134917e-01, -3.79916475e-02,  3.86144928e-02,
         4.02143200e-01,  8.99385738e-01, -1.08920797e+00,
        -6.70942574e-02, -3.96423511e-01,  5.75661322e-01,
        -8.56726006e-02,  2.49842279e-01,  1.71636882e-01,
        -8.62912783e-03,  1.17867224e-01,  2.28226557e-02],
       [ 5.18961964e-01, -2.96982757e-01, -5.91266568e-01,
         2.38440720e-01, -3.05295385e-02,  5.51508298e-02,
         8.85930299e-01,  1.65113578e+00, -6.66324926e-01,
        -1.25236166e-01, -6.01553930e-01,  4.41275298e-01,
        -8.55436509e-02,  1.71636882e-01,  2.97083116e-01,
        -1.02928944e-01,  8.00910726e-02,  6.92151828e-02],
       [-1.44820778e-01, -2.92941745e-02,  2.64778739e-01,
        -8.79511536e-02,  3.56564025e-02,  3.28088484e-03,
        -6.82626863e-01, -6.47044051e-01, -2.59600316e-02,
         7.55700828e-02,  2.47104413e-01, -4.30771962e-02,
         9.65648567e-02, -8.62912783e-03, -1.02928944e-01,
         1.34183452e-01, -6.28258703e-02, -1.03753402e-02],
       [ 4.00555614e-01, -1.12042934e-01, -2.14379343e-01,
         1.19885971e-01, -9.58026063e-02,  4.14175331e-03,
         1.41298443e+00,  4.43429450e-01, -4.03509651e-01,
        -2.62680310e-01, -1.87001399e-01,  2.10427298e-01,
        -1.30037249e-01,  1.17867224e-01,  8.00910726e-02,
        -6.28258703e-02,  2.19491744e-01,  1.05369722e-02],
       [-3.89092700e-01,  1.06446064e-01, -1.77974851e-01,
         4.90980078e-03,  3.36327948e-02, -1.78321755e-01,
         8.55105235e-01,  2.08637244e-01, -4.57525263e-01,
        -1.39781806e-01, -1.84106956e-01,  1.63671684e-02,
         1.32191800e-01,  2.28226557e-02,  6.92151828e-02,
        -1.03753402e-02,  1.05369722e-02,  2.01721343e-01]])
      jac: array([ 1.51538041e-05, -7.24402020e-06,  2.67878312e-06, -3.05498219e-05,
        1.35254770e-05, -5.80036019e-06,  1.81725005e-06, -5.26245714e-07,
       -2.41473508e-07,  8.10758867e-06, -3.28903571e-06,  1.55246186e-07,
        3.28272594e-05, -1.68485596e-05, -8.77076190e-08, -2.44891144e-05,
        1.14891430e-05,  1.56411920e-06])
  message: 'Desired error not necessarily achieved due to precision loss.'
     nfev: 2178
      nit: 75
     njev: 114
   status: 2
  success: False
        x: array([ 0.4102906 , -0.462835  ,  0.70642345,  0.87967297, -0.68339042,
        0.07675743,  0.45701676, -1.36498929, -0.61395895,  0.00863707,
        0.74485644,  1.02923871,  0.06682205,  0.17770546, -0.40986881,
       -0.88344392, -0.42818429, -0.01181547])
