Program Begingeth
      fun: 0.35581375932139375
 hess_inv: array([[ 1.35207684e+00, -6.64755425e-02,  8.54441416e-02,
         2.00943264e-01, -2.91446325e-01,  2.94901808e-01,
         3.52251817e-01, -3.57366102e-01,  2.39421265e-01,
         5.30070513e-01, -1.01766387e+00,  1.93879709e-02,
        -5.17384598e-01, -3.85698584e-02,  3.61243689e-02,
        -2.22032621e-02, -3.91827913e-02, -2.84841595e-01],
       [-6.64755425e-02,  6.86240406e-01, -1.33839866e-01,
        -2.81610224e-01,  7.88428119e-02, -2.58538140e-01,
        -1.06351069e+00,  2.86649864e-01, -3.19415965e-01,
        -8.29452322e-01,  3.57037290e-02, -1.03255399e-01,
         3.69222589e-02, -2.35630709e-01, -2.42051344e-01,
         4.84504577e-02, -7.61824912e-03, -1.19809849e-01],
       [ 8.54441416e-02, -1.33839866e-01,  4.00756882e-01,
         1.40677482e-01,  7.06307642e-02,  1.48910800e-01,
         1.58411809e-02, -2.47869343e-01,  5.28342867e-01,
         6.05811637e-01,  7.62859356e-02,  4.20897832e-02,
         2.26173453e-02,  1.48984277e-01, -2.26579005e-02,
         7.37434716e-02,  3.79260689e-02,  5.42840479e-02],
       [ 2.00943264e-01, -2.81610224e-01,  1.40677482e-01,
         4.80370269e-01,  8.08887223e-02,  2.11875556e-01,
         1.06729682e+00,  3.01737254e-01,  1.23025693e+00,
         1.37681682e+00,  2.09389218e-01, -1.56569695e-01,
         3.66043915e-02,  1.18116732e-01,  1.41013185e-01,
         3.08080824e-02, -2.00293917e-02,  5.09699805e-02],
       [-2.91446325e-01,  7.88428119e-02,  7.06307642e-02,
         8.08887223e-02,  3.70126098e-01, -7.37098509e-02,
        -1.55104239e-01,  7.67594548e-01,  7.75259426e-01,
         2.80348967e-01,  9.50966235e-01, -1.88062012e-01,
         2.07005493e-01,  7.87300271e-02, -6.13662016e-02,
         8.07994816e-02,  1.19267716e-02,  7.44050150e-02],
       [ 2.94901808e-01, -2.58538140e-01,  1.48910800e-01,
         2.11875556e-01, -7.37098509e-02,  4.09037450e-01,
         9.22618633e-01, -4.67509610e-01,  1.14233043e+00,
         7.90677209e-01, -9.73615943e-02,  4.81111203e-01,
        -1.78662372e-01,  1.42355803e-01,  1.63423979e-01,
        -4.00220716e-02,  7.55878310e-02,  4.47029549e-03],
       [ 3.52251817e-01, -1.06351069e+00,  1.58411809e-02,
         1.06729682e+00, -1.55104239e-01,  9.22618633e-01,
         7.64309422e+00, -1.08335041e+00,  4.33963512e+00,
         2.89964520e+00,  1.00092213e+00,  3.18652765e-01,
        -4.39267332e-01,  3.55521538e-01,  5.77658247e-01,
        -2.65395728e-01,  3.11781239e-01,  3.82346001e-02],
       [-3.57366102e-01,  2.86649864e-01, -2.47869343e-01,
         3.01737254e-01,  7.67594548e-01, -4.67509610e-01,
        -1.08335041e+00,  3.83349962e+00,  9.25938078e-01,
         5.20338695e-01,  1.45353984e+00, -1.19938117e+00,
         5.14214742e-01, -2.10905375e-02, -7.80988307e-02,
         1.50182103e-01, -1.30145902e-01,  1.23126293e-01],
       [ 2.39421265e-01, -3.19415965e-01,  5.28342867e-01,
         1.23025693e+00,  7.75259426e-01,  1.14233043e+00,
         4.33963512e+00,  9.25938078e-01,  8.50281004e+00,
         4.20008924e+00,  2.68789013e+00,  4.22363904e-01,
        -9.04943021e-02,  4.71451906e-01,  3.75736554e-01,
         2.36384182e-02,  2.99202425e-01,  1.83803556e-01],
       [ 5.30070513e-01, -8.29452322e-01,  6.05811637e-01,
         1.37681682e+00,  2.80348967e-01,  7.90677209e-01,
         2.89964520e+00,  5.20338695e-01,  4.20008924e+00,
         4.31833794e+00,  7.45849681e-01, -1.32545136e-01,
         4.80832074e-02,  4.41426403e-01,  4.04641622e-01,
         7.55386337e-02,  2.04641747e-02,  1.69492850e-01],
       [-1.01766387e+00,  3.57037290e-02,  7.62859356e-02,
         2.09389218e-01,  9.50966235e-01, -9.73615943e-02,
         1.00092213e+00,  1.45353984e+00,  2.68789013e+00,
         7.45849681e-01,  3.05882344e+00, -3.27521425e-01,
         4.70323946e-01,  2.29295068e-01, -8.49810243e-02,
         1.04358671e-01,  1.12978466e-01,  2.18023555e-01],
       [ 1.93879709e-02, -1.03255399e-01,  4.20897832e-02,
        -1.56569695e-01, -1.88062012e-01,  4.81111203e-01,
         3.18652765e-01, -1.19938117e+00,  4.22363904e-01,
        -1.32545136e-01, -3.27521425e-01,  1.31656968e+00,
        -2.14638942e-01,  1.19514045e-01,  1.33259681e-01,
        -7.73843776e-02,  1.52179180e-01, -7.44927224e-03],
       [-5.17384598e-01,  3.69222589e-02,  2.26173453e-02,
         3.66043915e-02,  2.07005493e-01, -1.78662372e-01,
        -4.39267332e-01,  5.14214742e-01, -9.04943021e-02,
         4.80832074e-02,  4.70323946e-01, -2.14638942e-01,
         3.36271937e-01,  1.87366958e-02, -3.43011962e-02,
         9.42650815e-02, -4.52008559e-02,  1.40352378e-01],
       [-3.85698584e-02, -2.35630709e-01,  1.48984277e-01,
         1.18116732e-01,  7.87300271e-02,  1.42355803e-01,
         3.55521538e-01, -2.10905375e-02,  4.71451906e-01,
         4.41426403e-01,  2.29295068e-01,  1.19514045e-01,
         1.87366958e-02,  1.63791288e-01,  7.10945779e-02,
         9.74960951e-03,  5.37512774e-02,  7.02319089e-02],
       [ 3.61243689e-02, -2.42051344e-01, -2.26579005e-02,
         1.41013185e-01, -6.13662016e-02,  1.63423979e-01,
         5.77658247e-01, -7.80988307e-02,  3.75736554e-01,
         4.04641622e-01, -8.49810243e-02,  1.33259681e-01,
        -3.43011962e-02,  7.10945779e-02,  1.63761913e-01,
        -4.26265786e-02,  9.40243183e-03,  6.44020523e-02],
       [-2.22032621e-02,  4.84504577e-02,  7.37434716e-02,
         3.08080824e-02,  8.07994816e-02, -4.00220716e-02,
        -2.65395728e-01,  1.50182103e-01,  2.36384182e-02,
         7.55386337e-02,  1.04358671e-01, -7.73843776e-02,
         9.42650815e-02,  9.74960951e-03, -4.26265786e-02,
         7.87767978e-02, -2.22412103e-02,  1.70850514e-02],
       [-3.91827913e-02, -7.61824912e-03,  3.79260689e-02,
        -2.00293917e-02,  1.19267716e-02,  7.55878310e-02,
         3.11781239e-01, -1.30145902e-01,  2.99202425e-01,
         2.04641747e-02,  1.12978466e-01,  1.52179180e-01,
        -4.52008559e-02,  5.37512774e-02,  9.40243183e-03,
        -2.22412103e-02,  7.94533812e-02,  5.32329144e-03],
       [-2.84841595e-01, -1.19809849e-01,  5.42840479e-02,
         5.09699805e-02,  7.44050150e-02,  4.47029549e-03,
         3.82346001e-02,  1.23126293e-01,  1.83803556e-01,
         1.69492850e-01,  2.18023555e-01, -7.44927224e-03,
         1.40352378e-01,  7.02319089e-02,  6.44020523e-02,
         1.70850514e-02,  5.32329144e-03,  1.32583977e-01]])
      jac: array([ 5.87307980e-07,  1.07876671e-06, -2.29668136e-06, -2.81626574e-07,
       -3.05311332e-06,  7.36929036e-06, -7.47550170e-08,  1.18053715e-07,
       -5.75465601e-07, -4.21884749e-08,  8.88548494e-07, -1.42108547e-06,
        2.29705144e-06,  2.15420274e-06, -6.14767496e-06, -2.08499884e-06,
       -2.23746947e-06,  4.15260419e-06])
  message: 'Optimization terminated successfully.'
     nfev: 1577
      nit: 77
     njev: 83
   status: 0
  success: True
        x: array([ 0.08697621,  0.07809163,  0.84297112,  1.39357403, -0.99400877,
        0.33557466,  0.72475151, -2.08140144,  0.78516229,  1.76944924,
       -0.92234674,  0.93380629,  0.05301917,  0.02111736, -0.24085251,
       -1.26381627, -0.60550682,  0.04891513])
