Program Begingeth
      fun: 0.3558776030745074
 hess_inv: array([[ 5.15943053e+00,  4.33386499e-01, -7.68913645e-02,
         8.46967370e-02, -6.39149203e-01,  3.66150476e-01,
         1.73184881e+00,  2.97498628e-01, -1.26778198e+00,
        -1.01050628e+00, -1.01390664e+00, -6.30519749e-02,
        -1.38242916e+00, -2.07313823e-01,  2.42015372e-01,
         8.11841969e-01,  5.52313913e-01, -3.48769483e-01],
       [ 4.33386499e-01,  1.65500719e+00,  1.83660151e-01,
         2.03721077e-01,  4.51376069e-02, -2.70576882e-03,
         2.24220960e-01,  2.83011989e-01, -8.84002532e-01,
         2.08475435e-01, -5.67480593e-01, -1.10066763e+00,
        -6.71966060e-02, -2.61073120e-01,  2.14284141e-01,
        -3.72473028e-02,  3.85451330e-01, -1.26983679e-02],
       [-7.68913645e-02,  1.83660151e-01,  1.45909778e+00,
         6.20632669e-02,  1.37277481e-01,  5.17553958e-02,
         8.86033477e-01,  1.14540261e+00,  1.70899574e-01,
        -3.96260711e-02,  8.54418407e-01, -6.72319434e-01,
         6.97888881e-02, -1.83321288e-01, -2.02239213e-01,
         3.94578116e-02,  3.02554915e-02,  3.03606846e-01],
       [ 8.46967370e-02,  2.03721077e-01,  6.20632669e-02,
         1.22969763e-01,  2.00041869e-02,  3.14594639e-02,
         6.45819119e-01,  3.20384902e-02, -2.84160230e-01,
         2.18335641e-02, -1.85387306e-01, -9.25667051e-02,
         4.84051674e-02, -4.01554854e-03,  6.36827503e-02,
         1.98935095e-02,  3.02486750e-02,  2.69686900e-02],
       [-6.39149203e-01,  4.51376069e-02,  1.37277481e-01,
         2.00041869e-02,  1.69863858e-01, -6.42155095e-02,
        -9.86544539e-02,  5.59292251e-01,  1.10612366e-01,
         4.89361546e-03,  6.44541419e-02, -6.81051851e-02,
         2.31497610e-01,  6.60628762e-02, -5.34229551e-02,
        -8.24957482e-02, -4.03060678e-02,  8.39225846e-02],
       [ 3.66150476e-01, -2.70576882e-03,  5.17553958e-02,
         3.14594639e-02, -6.42155095e-02,  1.84905354e-01,
         6.53029564e-01, -4.02164264e-01,  6.55791069e-02,
         3.22582924e-01, -2.04820152e-01,  9.55066313e-02,
        -2.07622404e-01,  3.10752298e-02,  1.24822708e-01,
         3.91972535e-02,  2.83935011e-02, -1.41603086e-02],
       [ 1.73184881e+00,  2.24220960e-01,  8.86033477e-01,
         6.45819119e-01, -9.86544539e-02,  6.53029564e-01,
         6.75498218e+00, -5.02237049e-01, -1.31369683e+00,
         4.89337952e-01, -9.38237897e-01,  4.27690947e-01,
        -4.35333555e-01,  1.54329230e-01,  3.67174797e-01,
         2.99927406e-01,  1.39389941e-01,  1.32277931e-01],
       [ 2.97498628e-01,  2.83011989e-01,  1.14540261e+00,
         3.20384902e-02,  5.59292251e-01, -4.02164264e-01,
        -5.02237049e-01,  6.52955824e+00,  1.73627496e-01,
        -2.27607501e+00,  2.82585533e-02, -1.07634879e+00,
         5.49642172e-01,  7.84133777e-02, -3.97273526e-01,
         1.55227489e-01,  1.29572645e-01,  3.58722660e-01],
       [-1.26778198e+00, -8.84002532e-01,  1.70899574e-01,
        -2.84160230e-01,  1.10612366e-01,  6.55791069e-02,
        -1.31369683e+00,  1.73627496e-01,  2.95524020e+00,
        -1.15869580e-01,  9.64977807e-01, -6.84224916e-03,
         2.32400214e-01,  8.41605445e-02, -1.37100084e-01,
        -1.79157460e-01, -2.34512652e-01,  9.35090273e-02],
       [-1.01050628e+00,  2.08475435e-01, -3.96260711e-02,
         2.18335641e-02,  4.89361546e-03,  3.22582924e-01,
         4.89337952e-01, -2.27607501e+00, -1.15869580e-01,
         2.49884169e+00, -1.76581883e-02,  2.22731342e-01,
        -3.05735013e-01,  5.17454897e-03,  2.21448289e-01,
        -2.37964918e-01, -9.84462479e-02, -1.03417150e-01],
       [-1.01390664e+00, -5.67480593e-01,  8.54418407e-01,
        -1.85387306e-01,  6.44541419e-02, -2.04820152e-01,
        -9.38237897e-01,  2.82585533e-02,  9.64977807e-01,
        -1.76581883e-02,  2.00692707e+00, -2.60101939e-01,
         2.55968690e-01, -2.89899785e-01, -4.73907332e-01,
        -6.91302079e-02, -2.05405310e-01,  1.22494022e-01],
       [-6.30519749e-02, -1.10066763e+00, -6.72319434e-01,
        -9.25667051e-02, -6.81051851e-02,  9.55066313e-02,
         4.27690947e-01, -1.07634879e+00, -6.84224916e-03,
         2.22731342e-01, -2.60101939e-01,  1.52437746e+00,
        -1.02698590e-01,  3.64857963e-01, -4.00617599e-02,
         5.60643967e-02, -2.12719907e-01, -1.12285984e-01],
       [-1.38242916e+00, -6.71966060e-02,  6.97888881e-02,
         4.84051674e-02,  2.31497610e-01, -2.07622404e-01,
        -4.35333555e-01,  5.49642172e-01,  2.32400214e-01,
        -3.05735013e-01,  2.55968690e-01, -1.02698590e-01,
         5.95020218e-01,  5.79201724e-02, -1.14697526e-01,
        -1.70995295e-01, -1.44052267e-01,  1.58127266e-01],
       [-2.07313823e-01, -2.61073120e-01, -1.83321288e-01,
        -4.01554854e-03,  6.60628762e-02,  3.10752298e-02,
         1.54329230e-01,  7.84133777e-02,  8.41605445e-02,
         5.17454897e-03, -2.89899785e-01,  3.64857963e-01,
         5.79201724e-02,  1.93827944e-01,  2.88607600e-02,
        -1.73867961e-02, -5.33022982e-02,  1.26409743e-02],
       [ 2.42015372e-01,  2.14284141e-01, -2.02239213e-01,
         6.36827503e-02, -5.34229551e-02,  1.24822708e-01,
         3.67174797e-01, -3.97273526e-01, -1.37100084e-01,
         2.21448289e-01, -4.73907332e-01, -4.00617599e-02,
        -1.14697526e-01,  2.88607600e-02,  2.04266608e-01,
        -5.36301688e-03,  5.42772045e-02, -3.01538555e-02],
       [ 8.11841969e-01, -3.72473028e-02,  3.94578116e-02,
         1.98935095e-02, -8.24957482e-02,  3.91972535e-02,
         2.99927406e-01,  1.55227489e-01, -1.79157460e-01,
        -2.37964918e-01, -6.91302079e-02,  5.60643967e-02,
        -1.70995295e-01, -1.73867961e-02, -5.36301688e-03,
         1.67963982e-01,  6.18645920e-02, -3.78954469e-02],
       [ 5.52313913e-01,  3.85451330e-01,  3.02554915e-02,
         3.02486750e-02, -4.03060678e-02,  2.83935011e-02,
         1.39389941e-01,  1.29572645e-01, -2.34512652e-01,
        -9.84462479e-02, -2.05405310e-01, -2.12719907e-01,
        -1.44052267e-01, -5.33022982e-02,  5.42772045e-02,
         6.18645920e-02,  1.55633054e-01, -3.37613349e-02],
       [-3.48769483e-01, -1.26983679e-02,  3.03606846e-01,
         2.69686900e-02,  8.39225846e-02, -1.41603086e-02,
         1.32277931e-01,  3.58722660e-01,  9.35090273e-02,
        -1.03417150e-01,  1.22494022e-01, -1.12285984e-01,
         1.58127266e-01,  1.26409743e-02, -3.01538555e-02,
        -3.78954469e-02, -3.37613349e-02,  1.30457456e-01]])
      jac: array([-4.90274488e-06, -2.28298861e-06,  3.93907129e-06, -3.87874917e-06,
        1.67936035e-05, -2.15331456e-05,  1.71344420e-06, -1.08394775e-06,
        1.49176967e-06, -1.55986335e-06, -3.63820085e-06,  8.06391990e-07,
       -1.39865897e-05, -8.40956934e-06,  1.12199139e-05,  1.90025773e-05,
       -3.80584453e-06, -2.75002243e-06])
  message: 'Desired error not necessarily achieved due to precision loss.'
     nfev: 2672
      nit: 98
     njev: 140
   status: 2
  success: False
        x: array([-0.34056462, -0.72833004,  0.33745774,  1.40329884, -0.4663374 ,
        0.12427259,  1.78198852, -0.39644987,  1.32065892,  0.17031687,
        0.55469416,  0.95364634,  0.27985506,  0.11169087, -0.25187873,
       -1.47634237, -0.92380279,  0.0895731 ])
