Program Begingeth
      fun: 0.35344694775741464
 hess_inv: array([[ 1.53628947e+00, -6.76325334e-02,  1.67127753e-01,
         3.48725377e-01, -2.93968794e-01,  4.54401687e-01,
         9.10023013e-01, -3.74508808e-01,  8.20671093e-01,
         1.07263712e+00, -9.90577547e-01,  1.18861794e-01,
        -6.20822945e-01, -3.09653039e-02,  1.10183954e-01,
        -4.47289811e-02, -1.82264152e-02, -2.65412442e-01],
       [-6.76325334e-02,  6.83633692e-01, -1.39298197e-01,
        -3.22120399e-01,  5.21366176e-02, -2.85501104e-01,
        -1.33648656e+00,  2.72447238e-01, -3.97077309e-01,
        -9.61169073e-01, -8.71492063e-02, -1.80113704e-01,
         4.30569903e-02, -2.40358656e-01, -2.50185797e-01,
         4.28069945e-02, -1.53387180e-02, -1.32948226e-01],
       [ 1.67127753e-01, -1.39298197e-01,  4.26620781e-01,
         1.71014586e-01,  2.70280351e-02,  2.03527645e-01,
         2.50507845e-01, -4.54349257e-01,  6.09988036e-01,
         7.36425473e-01,  8.81165342e-03,  1.26380827e-01,
        -3.98310227e-02,  1.49449665e-01, -2.00528575e-02,
         5.35713210e-02,  5.16909014e-02,  3.31532015e-02],
       [ 3.48725377e-01, -3.22120399e-01,  1.71014586e-01,
         5.59073754e-01,  5.34508430e-02,  3.20605423e-01,
         1.42244267e+00,  1.50939446e-01,  1.42963910e+00,
         1.66605281e+00,  1.99102855e-01, -1.52910844e-02,
        -4.25114997e-02,  1.28454940e-01,  1.83552667e-01,
         2.30125650e-02, -7.10823461e-03,  4.04988986e-02],
       [-2.93968794e-01,  5.21366176e-02,  2.70280351e-02,
         5.34508430e-02,  3.99967254e-01, -1.05814704e-01,
        -5.18327055e-01,  9.02044099e-01,  6.55211631e-01,
         1.77085902e-01,  1.00307079e+00, -2.25844902e-01,
         2.30883952e-01,  8.58098296e-02, -6.14637888e-02,
         8.54942536e-02, -6.09027463e-03,  7.08032953e-02],
       [ 4.54401687e-01, -2.85501104e-01,  2.03527645e-01,
         3.20605423e-01, -1.05814704e-01,  5.47369276e-01,
         1.51068092e+00, -6.97393138e-01,  1.50667490e+00,
         1.15892884e+00, -9.68790756e-02,  6.67167796e-01,
        -2.68178017e-01,  1.40762703e-01,  2.06362643e-01,
        -5.13244082e-02,  8.12851487e-02, -2.12105600e-03],
       [ 9.10023013e-01, -1.33648656e+00,  2.50507845e-01,
         1.42244267e+00, -5.18327055e-01,  1.51068092e+00,
         1.19546162e+01, -2.47512870e+00,  5.68902727e+00,
         4.02435053e+00,  7.40654958e-01,  1.06148023e+00,
        -9.60439923e-01,  3.77472694e-01,  7.57727915e-01,
        -4.01989635e-01,  4.71856113e-01, -2.61929229e-02],
       [-3.74508808e-01,  2.72447238e-01, -4.54349257e-01,
         1.50939446e-01,  9.02044099e-01, -6.97393138e-01,
        -2.47512870e+00,  4.82417749e+00,  2.41188610e-01,
        -2.19190835e-02,  1.60145045e+00, -1.61954992e+00,
         5.98520731e-01, -2.82845317e-02, -9.01874611e-02,
         1.66470409e-01, -1.79661470e-01,  1.01592511e-01],
       [ 8.20671093e-01, -3.97077309e-01,  6.09988036e-01,
         1.42963910e+00,  6.55211631e-01,  1.50667490e+00,
         5.68902727e+00,  2.41188610e-01,  9.55035830e+00,
         4.88273407e+00,  2.67830920e+00,  8.81896779e-01,
        -4.13704667e-01,  4.22137860e-01,  4.82393902e-01,
        -2.15399975e-02,  2.93916048e-01,  1.16562605e-01],
       [ 1.07263712e+00, -9.61169073e-01,  7.36425473e-01,
         1.66605281e+00,  1.77085902e-01,  1.15892884e+00,
         4.02435053e+00, -2.19190835e-02,  4.88273407e+00,
         5.36258676e+00,  6.35241977e-01,  3.14926593e-01,
        -2.19074443e-01,  4.72339697e-01,  5.37442422e-01,
         5.33759823e-02,  4.69488148e-02,  1.25928999e-01],
       [-9.90577547e-01, -8.71492063e-02,  8.81165342e-03,
         1.99102855e-01,  1.00307079e+00, -9.68790756e-02,
         7.40654958e-01,  1.60145045e+00,  2.67830920e+00,
         6.35241977e-01,  3.23863604e+00, -3.12247636e-01,
         4.90969699e-01,  2.62085184e-01, -6.39471759e-02,
         1.09993820e-01,  8.26490225e-02,  2.15015024e-01],
       [ 1.18861794e-01, -1.80113704e-01,  1.26380827e-01,
        -1.52910844e-02, -2.25844902e-01,  6.67167796e-01,
         1.06148023e+00, -1.61954992e+00,  8.81896779e-01,
         3.14926593e-01, -3.12247636e-01,  1.62715984e+00,
        -2.72190678e-01,  1.36477275e-01,  1.91191234e-01,
        -8.28638876e-02,  1.49339590e-01,  4.11594842e-03],
       [-6.20822945e-01,  4.30569903e-02, -3.98310227e-02,
        -4.25114997e-02,  2.30883952e-01, -2.68178017e-01,
        -9.60439923e-01,  5.98520731e-01, -4.13704667e-01,
        -2.19074443e-01,  4.90969699e-01, -2.72190678e-01,
         4.05114229e-01,  1.89452769e-02, -6.38028617e-02,
         1.08311637e-01, -5.92052703e-02,  1.36115746e-01],
       [-3.09653039e-02, -2.40358656e-01,  1.49449665e-01,
         1.28454940e-01,  8.58098296e-02,  1.40762703e-01,
         3.77472694e-01, -2.82845317e-02,  4.22137860e-01,
         4.72339697e-01,  2.62085184e-01,  1.36477275e-01,
         1.89452769e-02,  1.64177147e-01,  6.63945835e-02,
         1.29050566e-02,  4.94219466e-02,  6.87361063e-02],
       [ 1.10183954e-01, -2.50185797e-01, -2.00528575e-02,
         1.83552667e-01, -6.14637888e-02,  2.06362643e-01,
         7.57727915e-01, -9.01874611e-02,  4.82393902e-01,
         5.37442422e-01, -6.39471759e-02,  1.91191234e-01,
        -6.38028617e-02,  6.63945835e-02,  1.80533421e-01,
        -4.03707450e-02,  4.15397728e-03,  5.90281757e-02],
       [-4.47289811e-02,  4.28069945e-02,  5.35713210e-02,
         2.30125650e-02,  8.54942536e-02, -5.13244082e-02,
        -4.01989635e-01,  1.66470409e-01, -2.15399975e-02,
         5.33759823e-02,  1.09993820e-01, -8.28638876e-02,
         1.08311637e-01,  1.29050566e-02, -4.03707450e-02,
         7.63010083e-02, -2.47174971e-02,  1.79786531e-02],
       [-1.82264152e-02, -1.53387180e-02,  5.16909014e-02,
        -7.10823461e-03, -6.09027463e-03,  8.12851487e-02,
         4.71856113e-01, -1.79661470e-01,  2.93916048e-01,
         4.69488148e-02,  8.26490225e-02,  1.49339590e-01,
        -5.92052703e-02,  4.94219466e-02,  4.15397728e-03,
        -2.47174971e-02,  7.93970459e-02, -3.04998079e-03],
       [-2.65412442e-01, -1.32948226e-01,  3.31532015e-02,
         4.04988986e-02,  7.08032953e-02, -2.12105600e-03,
        -2.61929229e-02,  1.01592511e-01,  1.16562605e-01,
         1.25928999e-01,  2.15015024e-01,  4.11594842e-03,
         1.36115746e-01,  6.87361063e-02,  5.90281757e-02,
         1.79786531e-02, -3.04998079e-03,  1.19405553e-01]])
      jac: array([-2.22044605e-08,  9.68484552e-07,  6.15063556e-07,  1.18793864e-07,
       -2.72115663e-06, -1.38148752e-06, -5.40308539e-08,  4.51490697e-08,
        1.62832710e-07, -6.62433071e-08,  5.20694599e-07,  2.06131408e-07,
        1.21384384e-07,  2.82810812e-06,  1.25566224e-06, -3.49720253e-07,
       -1.87849736e-06, -1.22827674e-06])
  message: 'Optimization terminated successfully.'
     nfev: 1881
      nit: 85
     njev: 99
   status: 0
  success: True
        x: array([ 0.07261895,  0.09917326,  0.8275282 ,  1.45413759, -0.85612798,
        0.30912792,  0.79197898, -1.92579749,  0.68091534,  1.79969806,
       -0.79195138,  0.87306986,  0.03721247,  0.03083923, -0.24032459,
       -1.30691058, -0.68343896,  0.04866915])
