Program Begingeth
      fun: 0.23631297638905155
 hess_inv: array([[ 8.17428239e+00, -1.29408917e+00,  1.68545852e+00,
         2.79747581e+00, -7.88965002e-01,  9.64724092e-01,
         5.05709906e+00, -1.39768754e+00, -8.68699865e+00,
        -1.33985896e-01, -4.27756684e-01,  8.80687305e-01,
        -8.66166583e-01,  3.92079852e-01, -5.54285685e-02,
         9.68961584e-02,  6.20175512e-01, -9.83177140e-01],
       [-1.29408917e+00,  2.61603977e+00,  4.02982036e-01,
        -1.99320028e-01,  1.05432840e+00, -5.39658680e-01,
         3.46234083e-01,  9.63959490e-01, -1.13297009e+00,
        -3.28052650e-01,  3.65424266e-01, -1.15935682e+00,
         4.49341817e-01, -2.36391923e-01, -2.60207404e-01,
         8.05564284e-02, -6.40893770e-02,  1.49821792e-01],
       [ 1.68545852e+00,  4.02982036e-01,  1.76599477e+00,
         6.58929834e-01,  2.83896201e-01,  4.91311600e-01,
         2.58761270e+00,  6.89357404e-01, -2.45479432e+00,
        -1.06512105e-01,  5.11596940e-01, -2.48178403e-01,
        -4.79298061e-02,  1.27041456e-01, -1.56181344e-01,
         2.10425404e-01,  2.37493060e-01, -1.80541699e-01],
       [ 2.79747581e+00, -1.99320028e-01,  6.58929834e-01,
         1.10697066e+00, -1.57371617e-01,  2.99236668e-01,
         2.48752027e+00, -6.50681848e-01, -3.31844122e+00,
         1.20251256e-02, -1.51079634e-01,  2.02362884e-01,
        -1.78948791e-01,  9.02996343e-02, -1.40011762e-02,
         8.01561635e-02,  1.17469199e-01, -3.03231530e-01],
       [-7.88965002e-01,  1.05432840e+00,  2.83896201e-01,
        -1.57371617e-01,  5.20621036e-01, -1.86899274e-01,
         2.70811256e-01,  8.19718406e-01, -8.37483400e-02,
        -1.28449564e-01,  2.43308336e-01, -4.29944932e-01,
         2.51655157e-01, -6.84389954e-02, -1.25433165e-01,
         9.63935460e-02, -4.84904592e-02,  1.06614499e-01],
       [ 9.64724092e-01, -5.39658680e-01,  4.91311600e-01,
         2.99236668e-01, -1.86899274e-01,  3.63870389e-01,
         8.29345240e-01, -1.57900248e-01, -3.64982115e-01,
         8.35405348e-02, -3.53552585e-02,  2.43115010e-01,
        -1.55224003e-01,  1.36695635e-01,  5.16529408e-02,
         3.36648168e-02,  1.08542916e-01, -1.03409877e-01],
       [ 5.05709906e+00,  3.46234083e-01,  2.58761270e+00,
         2.48752027e+00,  2.70811256e-01,  8.29345240e-01,
         8.87946474e+00, -7.77827750e-01, -7.12475317e+00,
         2.66315458e-01,  2.35199784e-01,  1.49947161e-01,
         1.12597685e-02,  1.90711535e-01, -1.51229154e-01,
         4.26529416e-01,  8.11323915e-02, -4.88241402e-01],
       [-1.39768754e+00,  9.63959490e-01,  6.89357404e-01,
        -6.50681848e-01,  8.19718406e-01, -1.57900248e-01,
        -7.77827750e-01,  4.23375933e+00,  9.20383958e-01,
        -5.67052137e-01,  7.17677743e-01, -3.83169875e-01,
         2.45844666e-01,  4.23966035e-02, -3.15045380e-01,
         1.84947514e-01,  1.11535031e-01,  1.49474246e-01],
       [-8.68699865e+00, -1.13297009e+00, -2.45479432e+00,
        -3.31844122e+00, -8.37483400e-02, -3.64982115e-01,
        -7.12475317e+00,  9.20383958e-01,  1.41505703e+01,
         1.95330714e-01, -1.06693632e-01,  2.14682025e-01,
         6.17258162e-01, -6.09637988e-02,  4.31453824e-01,
        -1.87951753e-01, -5.66150856e-01,  1.09052607e+00],
       [-1.33985896e-01, -3.28052650e-01, -1.06512105e-01,
         1.20251256e-02, -1.28449564e-01,  8.35405348e-02,
         2.66315458e-01, -5.67052137e-01,  1.95330714e-01,
         6.27257271e-01, -6.93901820e-03,  1.01362902e-01,
        -9.50512172e-02, -4.20974303e-02,  9.42071513e-03,
        -9.00590593e-03, -1.26563841e-01, -1.13837113e-01],
       [-4.27756684e-01,  3.65424266e-01,  5.11596940e-01,
        -1.51079634e-01,  2.43308336e-01, -3.53552585e-02,
         2.35199784e-01,  7.17677743e-01, -1.06693632e-01,
        -6.93901820e-03,  7.33343628e-01, -3.10117787e-01,
         9.23013362e-02, -1.07109051e-01, -2.11372051e-01,
         1.11041673e-01,  2.03611124e-02, -5.88624495e-02],
       [ 8.80687305e-01, -1.15935682e+00, -2.48178403e-01,
         2.02362884e-01, -4.29944932e-01,  2.43115010e-01,
         1.49947161e-01, -3.83169875e-01,  2.14682025e-01,
         1.01362902e-01, -3.10117787e-01,  8.43514745e-01,
        -1.81303315e-01,  2.09232725e-01,  9.67316132e-02,
         2.49911187e-02,  8.47131428e-02, -6.50003489e-02],
       [-8.66166583e-01,  4.49341817e-01, -4.79298061e-02,
        -1.78948791e-01,  2.51655157e-01, -1.55224003e-01,
         1.12597685e-02,  2.45844666e-01,  6.17258162e-01,
        -9.50512172e-02,  9.23013362e-02, -1.81303315e-01,
         2.67638070e-01, -6.56377066e-02, -1.02918276e-02,
         9.10338183e-02, -1.26536673e-01,  1.73319887e-01],
       [ 3.92079852e-01, -2.36391923e-01,  1.27041456e-01,
         9.02996343e-02, -6.84389954e-02,  1.36695635e-01,
         1.90711535e-01,  4.23966035e-02, -6.09637988e-02,
        -4.20974303e-02, -1.07109051e-01,  2.09232725e-01,
        -6.56377066e-02,  1.19803159e-01,  3.01131897e-02,
         1.57238211e-02,  9.47406666e-02, -1.32933651e-02],
       [-5.54285685e-02, -2.60207404e-01, -1.56181344e-01,
        -1.40011762e-02, -1.25433165e-01,  5.16529408e-02,
        -1.51229154e-01, -3.15045380e-01,  4.31453824e-01,
         9.42071513e-03, -2.11372051e-01,  9.67316132e-02,
        -1.02918276e-02,  3.01131897e-02,  1.19357616e-01,
        -3.87507436e-02, -3.21643942e-02,  7.54142559e-02],
       [ 9.68961584e-02,  8.05564284e-02,  2.10425404e-01,
         8.01561635e-02,  9.63935460e-02,  3.36648168e-02,
         4.26529416e-01,  1.84947514e-01, -1.87951753e-01,
        -9.00590593e-03,  1.11041673e-01,  2.49911187e-02,
         9.10338183e-02,  1.57238211e-02, -3.87507436e-02,
         1.12694146e-01, -1.11845467e-02,  1.02276140e-02],
       [ 6.20175512e-01, -6.40893770e-02,  2.37493060e-01,
         1.17469199e-01, -4.84904592e-02,  1.08542916e-01,
         8.11323915e-02,  1.11535031e-01, -5.66150856e-01,
        -1.26563841e-01,  2.03611124e-02,  8.47131428e-02,
        -1.26536673e-01,  9.47406666e-02, -3.21643942e-02,
        -1.11845467e-02,  1.79703208e-01, -8.40636032e-02],
       [-9.83177140e-01,  1.49821792e-01, -1.80541699e-01,
        -3.03231530e-01,  1.06614499e-01, -1.03409877e-01,
        -4.88241402e-01,  1.49474246e-01,  1.09052607e+00,
        -1.13837113e-01, -5.88624495e-02, -6.50003489e-02,
         1.73319887e-01, -1.32933651e-02,  7.54142559e-02,
         1.02276140e-02, -8.40636032e-02,  2.28020238e-01]])
      jac: array([ 2.52381449e-05, -1.03411724e-05, -4.48604117e-06, -5.35865796e-05,
        2.24194737e-05,  6.61729930e-06,  4.11763216e-06, -2.66379511e-06,
        8.64863736e-07,  1.62786451e-05, -5.23488660e-06, -7.32543655e-06,
        5.27196805e-05, -2.78678932e-05, -1.86278770e-05, -3.44328270e-05,
        2.70888867e-05,  1.97706666e-05])
  message: 'Desired error not necessarily achieved due to precision loss.'
     nfev: 2348
      nit: 95
     njev: 123
   status: 2
  success: False
        x: array([ 0.63124029, -0.78587302,  0.72894278,  1.0206999 , -0.86791878,
        0.2765196 ,  1.94253227, -0.67934748,  0.84018487,  0.04475034,
        0.65305067,  1.18111817,  0.06355312,  0.16194745, -0.35366973,
       -0.85577139, -0.4362749 , -0.01201118])
