Program Begingeth
      fun: 0.2736175867419758
 hess_inv: array([[ 4.22237349e+00,  1.58167869e+00,  2.32601320e-01,
         1.49298086e+00,  6.43332195e-01, -8.11500532e-01,
         1.84198224e+00, -2.00944309e+00, -2.67992610e+00,
        -5.08271231e-02,  1.18153106e+00, -6.37323527e-01,
        -5.72574888e-01, -3.95118357e-01, -4.98986168e-01,
        -2.53048646e-01, -3.56935216e-01,  1.13814774e-01],
       [ 1.58167869e+00,  3.86751919e+00,  1.63414203e+00,
         5.75298530e-01,  1.58836770e+00,  2.96796988e-01,
         4.14270302e+00,  5.97045485e-01,  3.60958210e+00,
         4.16399444e-01,  7.44591728e-01, -1.40756732e+00,
        -5.33699048e-01, -4.29308240e-01, -2.99256944e-01,
        -9.92096536e-02, -2.71590119e-01,  2.45630956e-02],
       [ 2.32601320e-01,  1.63414203e+00,  4.26002335e+00,
         7.61632764e-01,  4.58754128e-01,  1.80416604e+00,
         7.75423450e+00, -4.47396767e+00,  7.42067365e+00,
        -1.12577206e-01,  1.58554780e+00, -8.42971361e-01,
         4.27059758e-02, -2.97172373e-01, -5.56720898e-01,
        -1.61064563e-01, -3.42715262e-02, -3.61529530e-01],
       [ 1.49298086e+00,  5.75298530e-01,  7.61632764e-01,
         6.99983928e-01,  2.13473594e-01,  2.66783156e-02,
         2.25953139e+00, -1.57459314e+00,  6.35480311e-02,
        -1.06248605e-01,  6.57550198e-01, -2.29899931e-01,
        -1.39948528e-01, -1.40220431e-01, -2.80198670e-01,
        -1.13455107e-01, -1.05608150e-01, -5.11219536e-02],
       [ 6.43332195e-01,  1.58836770e+00,  4.58754128e-01,
         2.13473594e-01,  7.55657021e-01,  5.05041197e-02,
         1.91780219e+00,  1.22691033e+00,  9.32189335e-01,
         1.28055657e-01,  1.53827148e-01, -4.93362594e-01,
        -2.57978929e-01, -1.13478979e-01, -6.68199630e-02,
        -5.96936026e-02, -1.20207023e-01,  3.79844904e-02],
       [-8.11500532e-01,  2.96796988e-01,  1.80416604e+00,
         2.66783156e-02,  5.05041197e-02,  1.01744413e+00,
         3.25784092e+00, -1.33365515e+00,  4.03250468e+00,
        -1.47367778e-01,  3.67285356e-01, -1.80971531e-01,
         1.74920009e-01, -3.15173512e-02, -1.07872430e-01,
        -8.16611413e-05,  4.64285609e-02, -1.87120629e-01],
       [ 1.84198224e+00,  4.14270302e+00,  7.75423450e+00,
         2.25953139e+00,  1.91780219e+00,  3.25784092e+00,
         2.36741505e+01, -4.44492043e+00,  1.26895435e+01,
        -6.86097104e-01,  2.49682019e+00, -1.24716356e+00,
        -3.52796564e-01, -4.00105860e-01, -1.08747124e+00,
        -5.11727836e-01, -4.76626375e-01, -7.32185466e-01],
       [-2.00944309e+00,  5.97045485e-01, -4.47396767e+00,
        -1.57459314e+00,  1.22691033e+00, -1.33365515e+00,
        -4.44492043e+00,  1.56872300e+01, -5.76572155e+00,
         1.44849161e-01, -2.89858346e+00,  2.93530254e-01,
        -2.37597411e-01,  5.47492972e-01,  1.28230184e+00,
         3.08009683e-01, -7.32285503e-03,  5.82374027e-01],
       [-2.67992610e+00,  3.60958210e+00,  7.42067365e+00,
         6.35480311e-02,  9.32189335e-01,  4.03250468e+00,
         1.26895435e+01, -5.76572155e+00,  2.09842385e+01,
        -1.82526978e-01,  1.98521253e+00, -1.69451921e+00,
         4.15102597e-01, -7.05349402e-01, -6.49079381e-01,
         9.05212924e-02, -1.10401634e-01, -7.28641038e-01],
       [-5.08271231e-02,  4.16399444e-01, -1.12577206e-01,
        -1.06248605e-01,  1.28055657e-01, -1.47367778e-01,
        -6.86097104e-01,  1.44849161e-01, -1.82526978e-01,
         7.90937415e-01, -1.34621360e-01, -1.43269145e-01,
        -2.07568461e-01,  7.34484196e-03,  9.52413661e-02,
         5.23659524e-03,  4.66685044e-02,  2.10551726e-01],
       [ 1.18153106e+00,  7.44591728e-01,  1.58554780e+00,
         6.57550198e-01,  1.53827148e-01,  3.67285356e-01,
         2.49682019e+00, -2.89858346e+00,  1.98521253e+00,
        -1.34621360e-01,  1.38253881e+00, -4.99322409e-01,
        -7.27086520e-02, -3.29286573e-01, -4.70727023e-01,
        -1.33250579e-01, -8.73017964e-02, -2.12028850e-01],
       [-6.37323527e-01, -1.40756732e+00, -8.42971361e-01,
        -2.29899931e-01, -4.93362594e-01, -1.80971531e-01,
        -1.24716356e+00,  2.93530254e-01, -1.69451921e+00,
        -1.43269145e-01, -4.99322409e-01,  8.58363039e-01,
         1.43123381e-01,  2.73409288e-01,  1.14843718e-01,
        -1.49944455e-02,  1.25101053e-01,  2.47857660e-02],
       [-5.72574888e-01, -5.33699048e-01,  4.27059758e-02,
        -1.39948528e-01, -2.57978929e-01,  1.74920009e-01,
        -3.52796564e-01, -2.37597411e-01,  4.15102597e-01,
        -2.07568461e-01, -7.27086520e-02,  1.43123381e-01,
         2.29093134e-01,  5.89156365e-02,  2.95353062e-02,
         8.40325813e-02,  8.57818891e-02, -9.27105503e-02],
       [-3.95118357e-01, -4.29308240e-01, -2.97172373e-01,
        -1.40220431e-01, -1.13478979e-01, -3.15173512e-02,
        -4.00105860e-01,  5.47492972e-01, -7.05349402e-01,
         7.34484196e-03, -3.29286573e-01,  2.73409288e-01,
         5.89156365e-02,  1.68220428e-01,  1.01952990e-01,
         1.10095766e-02,  9.34794086e-02,  3.22254638e-02],
       [-4.98986168e-01, -2.99256944e-01, -5.56720898e-01,
        -2.80198670e-01, -6.68199630e-02, -1.07872430e-01,
        -1.08747124e+00,  1.28230184e+00, -6.49079381e-01,
         9.52413661e-02, -4.70727023e-01,  1.14843718e-01,
         2.95353062e-02,  1.01952990e-01,  2.22442932e-01,
         6.65849650e-02,  3.55756707e-02,  1.09677894e-01],
       [-2.53048646e-01, -9.92096536e-02, -1.61064563e-01,
        -1.13455107e-01, -5.96936026e-02, -8.16611413e-05,
        -5.11727836e-01,  3.08009683e-01,  9.05212924e-02,
         5.23659524e-03, -1.33250579e-01, -1.49944455e-02,
         8.40325813e-02,  1.10095766e-02,  6.65849650e-02,
         8.35137154e-02,  2.72230163e-02,  3.32675891e-03],
       [-3.56935216e-01, -2.71590119e-01, -3.42715262e-02,
        -1.05608150e-01, -1.20207023e-01,  4.64285609e-02,
        -4.76626375e-01, -7.32285503e-03, -1.10401634e-01,
         4.66685044e-02, -8.73017964e-02,  1.25101053e-01,
         8.57818891e-02,  9.34794086e-02,  3.55756707e-02,
         2.72230163e-02,  1.14670043e-01, -4.88395038e-03],
       [ 1.13814774e-01,  2.45630956e-02, -3.61529530e-01,
        -5.11219536e-02,  3.79844904e-02, -1.87120629e-01,
        -7.32185466e-01,  5.82374027e-01, -7.28641038e-01,
         2.10551726e-01, -2.12028850e-01,  2.47857660e-02,
        -9.27105503e-02,  3.22254638e-02,  1.09677894e-01,
         3.32675891e-03, -4.88395038e-03,  1.42341210e-01]])
      jac: array([ 2.40659344e-06,  6.74571510e-06, -1.24652140e-05,  4.80171458e-06,
       -1.18549615e-05,  3.17364653e-05,  3.30476387e-07,  5.37347944e-07,
       -2.32480701e-06,  7.09432513e-06, -2.37587727e-07,  2.07241631e-08,
        7.01808981e-06, -1.22642637e-06, -4.28842147e-06, -1.16865776e-05,
        3.72775884e-06, -6.66392867e-06])
  message: 'Desired error not necessarily achieved due to precision loss.'
     nfev: 1950
      nit: 58
     njev: 102
   status: 2
  success: False
        x: array([-0.74331385, -1.00922404,  0.57343588, -1.04027743, -1.06943392,
        0.14013121, -0.74603031, -1.64952898, -0.59409434,  0.08213309,
        0.6148721 ,  1.15384341,  0.11023147,  0.18685156, -0.32478994,
        1.22537595, -0.28502396, -0.01662094])
