Program Begingeth
      fun: 0.2562469339912864
 hess_inv: array([[ 4.51241444e+00,  2.38994391e+00,  2.28037469e-01,
         1.69527878e+00,  1.03237349e+00, -9.58768567e-01,
         3.90814265e+00, -1.48653454e+00, -2.77583033e+00,
        -1.63722023e-01,  1.02674465e+00, -9.27508049e-01,
        -6.25891813e-01, -4.54595730e-01, -5.08083269e-01,
        -2.76005441e-01, -5.06290643e-01,  1.95473509e-01],
       [ 2.38994391e+00,  4.34673326e+00,  1.08182335e+00,
         8.22392073e-01,  1.86758569e+00, -2.52744252e-01,
         4.09250028e+00,  1.33150867e+00,  1.81185310e+00,
         3.42673483e-01,  7.44189436e-01, -1.55225317e+00,
        -6.45257740e-01, -4.92587599e-01, -3.83054449e-01,
        -1.51945049e-01, -3.95035650e-01,  1.27934762e-01],
       [ 2.28037469e-01,  1.08182335e+00,  2.19546531e+00,
         4.08343674e-01,  3.66719267e-01,  8.66581902e-01,
         3.36208514e+00, -1.77662131e+00,  3.60935196e+00,
         2.17405119e-02,  8.45535404e-01, -6.56556657e-01,
         1.32225377e-03, -1.61170150e-01, -2.65914381e-01,
        -1.10111652e-01, -1.26508802e-02, -1.57725935e-01],
       [ 1.69527878e+00,  8.22392073e-01,  4.08343674e-01,
         7.48396033e-01,  3.43179949e-01, -2.04785426e-01,
         2.24774809e+00, -1.07565830e+00, -6.34132450e-01,
        -1.12160591e-01,  5.23781128e-01, -3.33447665e-01,
        -1.72822101e-01, -1.58844273e-01, -2.51205902e-01,
        -1.12054853e-01, -1.61643224e-01,  4.58467354e-03],
       [ 1.03237349e+00,  1.86758569e+00,  3.66719267e-01,
         3.43179949e-01,  9.06983386e-01, -1.22783808e-01,
         2.13868287e+00,  1.36798436e+00,  4.64158259e-01,
         6.56503725e-02,  2.10452263e-01, -5.80380203e-01,
        -3.15710365e-01, -1.61289114e-01, -1.22390717e-01,
        -9.07940110e-02, -2.01741113e-01,  7.26033654e-02],
       [-9.58768567e-01, -2.52744252e-01,  8.66581902e-01,
        -2.04785426e-01, -1.22783808e-01,  6.63049016e-01,
         7.69304474e-01, -2.35366471e-01,  2.39114408e+00,
        -5.67026510e-02,  1.79631456e-02,  1.70950882e-02,
         1.86805940e-01,  6.32405045e-02,  5.13681588e-02,
         4.05774590e-02,  9.58647348e-02, -1.08243495e-01],
       [ 3.90814265e+00,  4.09250028e+00,  3.36208514e+00,
         2.24774809e+00,  2.13868287e+00,  7.69304474e-01,
         1.59159842e+01, -3.48660648e-01,  3.87562496e+00,
        -6.72567886e-01,  1.61153747e+00, -1.33145430e+00,
        -6.49187238e-01, -5.33208356e-01, -7.99583602e-01,
        -4.45376744e-01, -8.81296347e-01, -2.91441053e-01],
       [-1.48653454e+00,  1.33150867e+00, -1.77662131e+00,
        -1.07565830e+00,  1.36798436e+00, -2.35366471e-01,
        -3.48660648e-01,  1.15502472e+01, -9.54558286e-01,
        -6.03828121e-02, -1.71011321e+00,  1.08092117e-01,
        -2.42645155e-01,  3.24340267e-01,  7.98617158e-01,
         2.43661327e-01, -1.05547333e-01,  3.46994312e-01],
       [-2.77583033e+00,  1.81185310e+00,  3.60935196e+00,
        -6.34132450e-01,  4.64158259e-01,  2.39114408e+00,
         3.87562496e+00, -9.54558286e-01,  1.36079623e+01,
         2.55026876e-01,  5.83805975e-01, -9.64299701e-01,
         3.57225182e-01, -3.45886361e-01, -7.01993312e-02,
         2.06013004e-01,  2.47295745e-02, -3.12986230e-01],
       [-1.63722023e-01,  3.42673483e-01,  2.17405119e-02,
        -1.12160591e-01,  6.56503725e-02, -5.67026510e-02,
        -6.72567886e-01, -6.03828121e-02,  2.55026876e-01,
         6.03388176e-01, -5.85314178e-02, -1.05803557e-01,
        -1.12459764e-01,  9.79373253e-03,  6.47519026e-02,
         2.67785477e-02,  9.74814082e-02,  1.71115862e-01],
       [ 1.02674465e+00,  7.44189436e-01,  8.45535404e-01,
         5.23781128e-01,  2.10452263e-01,  1.79631456e-02,
         1.61153747e+00, -1.71011321e+00,  5.83805975e-01,
        -5.85314178e-02,  1.02627294e+00, -4.98992513e-01,
        -8.87897501e-02, -2.74649094e-01, -3.72399743e-01,
        -1.21332329e-01, -9.08465330e-02, -1.57317084e-01],
       [-9.27508049e-01, -1.55225317e+00, -6.56556657e-01,
        -3.33447665e-01, -5.80380203e-01,  1.70950882e-02,
        -1.33145430e+00,  1.08092117e-01, -9.64299701e-01,
        -1.05803557e-01, -4.98992513e-01,  8.88986053e-01,
         1.75833704e-01,  2.87732588e-01,  1.57923278e-01,
         7.51351973e-03,  1.62734061e-01,  6.93898827e-04],
       [-6.25891813e-01, -6.45257740e-01,  1.32225377e-03,
        -1.72822101e-01, -3.15710365e-01,  1.86805940e-01,
        -6.49187238e-01, -2.42645155e-01,  3.57225182e-01,
        -1.12459764e-01, -8.87897501e-02,  1.75833704e-01,
         2.28724098e-01,  7.94326201e-02,  4.90859136e-02,
         9.75918713e-02,  1.24021624e-01, -9.81928127e-02],
       [-4.54595730e-01, -4.92587599e-01, -1.61170150e-01,
        -1.58844273e-01, -1.61289114e-01,  6.32405045e-02,
        -5.33208356e-01,  3.24340267e-01, -3.45886361e-01,
         9.79373253e-03, -2.74649094e-01,  2.87732588e-01,
         7.94326201e-02,  1.69739231e-01,  1.02947917e-01,
         1.92498473e-02,  1.20547775e-01,  2.08563673e-02],
       [-5.08083269e-01, -3.83054449e-01, -2.65914381e-01,
        -2.51205902e-01, -1.22390717e-01,  5.13681588e-02,
        -7.99583602e-01,  7.98617158e-01, -7.01993312e-02,
         6.47519026e-02, -3.72399743e-01,  1.57923278e-01,
         4.90859136e-02,  1.02947917e-01,  1.97026461e-01,
         6.66163905e-02,  5.14531886e-02,  9.26315177e-02],
       [-2.76005441e-01, -1.51945049e-01, -1.10111652e-01,
        -1.12054853e-01, -9.07940110e-02,  4.05774590e-02,
        -4.45376744e-01,  2.43661327e-01,  2.06013004e-01,
         2.67785477e-02, -1.21332329e-01,  7.51351973e-03,
         9.75918713e-02,  1.92498473e-02,  6.66163905e-02,
         9.93643321e-02,  4.91710157e-02, -3.40454738e-03],
       [-5.06290643e-01, -3.95035650e-01, -1.26508802e-02,
        -1.61643224e-01, -2.01741113e-01,  9.58647348e-02,
        -8.81296347e-01, -1.05547333e-01,  2.47295745e-02,
         9.74814082e-02, -9.08465330e-02,  1.62734061e-01,
         1.24021624e-01,  1.20547775e-01,  5.14531886e-02,
         4.91710157e-02,  1.82335052e-01, -1.33062160e-02],
       [ 1.95473509e-01,  1.27934762e-01, -1.57725935e-01,
         4.58467354e-03,  7.26033654e-02, -1.08243495e-01,
        -2.91441053e-01,  3.46994312e-01, -3.12986230e-01,
         1.71115862e-01, -1.57317084e-01,  6.93898827e-04,
        -9.81928127e-02,  2.08563673e-02,  9.26315177e-02,
        -3.40454738e-03, -1.33062160e-02,  1.59585050e-01]])
      jac: array([ 1.38441110e-05,  1.84667096e-05,  1.87272420e-05, -2.35052718e-05,
       -2.94083276e-05, -4.77851092e-05,  3.00685403e-06, -1.73675889e-06,
        4.63629135e-06, -9.44133660e-06,  1.65708188e-05,  2.72881717e-05,
       -1.39503224e-05,  3.17768034e-05,  8.81705820e-05,  4.01390032e-05,
       -6.92779167e-06, -5.02253794e-05])
  message: 'Desired error not necessarily achieved due to precision loss.'
     nfev: 1892
      nit: 58
     njev: 99
   status: 2
  success: False
        x: array([-0.6012649 , -0.94356859,  0.64615482, -0.83763957, -1.06043631,
        0.15472072, -0.46540985, -1.74974197, -0.48664153,  0.0745913 ,
        0.664047  ,  1.17763308,  0.10415976,  0.15821459, -0.37242044,
        1.05442014, -0.35200693, -0.04400505])
