Program Begingeth
      fun: 0.39470667324325764
 hess_inv: array([[ 7.57430253e+00,  4.26293120e-01, -1.45744636e-01,
         1.90565722e-01, -1.47448680e+00,  2.43498723e-01,
         9.70466394e-01, -1.23021587e+00,  1.35181643e+00,
        -1.36460100e+00, -5.30411366e-01, -2.77666124e-01,
        -1.77150571e+00, -4.98938624e-01,  2.47754993e-01,
         1.35414989e+00,  1.29247675e+00, -3.04827374e-02],
       [ 4.26293120e-01,  1.54808335e+00, -7.27002378e-02,
         2.15559021e-01,  2.57010686e-01,  2.13288398e-01,
         4.93216228e-01,  1.61726292e+00,  8.36045897e-01,
         2.34796993e-01, -7.49587037e-02, -6.36213060e-01,
        -8.78552726e-02, -1.51560263e-01,  3.16733235e-01,
        -5.46222610e-02,  4.56851514e-01, -1.44966083e-02],
       [-1.45744636e-01, -7.27002378e-02,  1.12156744e+00,
        -1.12849580e-01, -1.22441590e-01,  1.85120632e-01,
        -1.06570183e+00, -9.84666310e-01,  3.91902625e-01,
        -3.35423976e-02,  3.41824264e-01, -4.33195769e-02,
         1.21406695e-02, -1.28194222e-01, -8.92300825e-02,
        -2.22614774e-02, -3.85205951e-02,  2.96685985e-01],
       [ 1.90565722e-01,  2.15559021e-01, -1.12849580e-01,
         1.65858644e-01,  2.27963290e-02, -3.14743747e-02,
         7.10501486e-01,  1.69504219e-01,  1.88647245e-01,
        -5.70570185e-02,  3.16993693e-02, -1.49400611e-01,
         7.71899182e-02, -5.81967997e-02,  2.18989739e-02,
         4.44838304e-02,  3.46583142e-02, -1.90704679e-02],
       [-1.47448680e+00,  2.57010686e-01, -1.22441590e-01,
         2.27963290e-02,  4.65950375e-01,  1.10260308e-02,
        -3.67397808e-03,  1.19140853e+00, -1.36002717e-01,
         4.48612360e-01,  2.73848883e-02, -1.01483162e-02,
         3.46276768e-01,  1.36856359e-01,  5.60058616e-02,
        -2.69139421e-01, -1.78770535e-01, -2.50705431e-02],
       [ 2.43498723e-01,  2.13288398e-01,  1.85120632e-01,
        -3.14743747e-02,  1.10260308e-02,  2.03479579e-01,
        -3.94429510e-01,  4.28956561e-01,  4.71529405e-01,
         2.31507122e-01, -1.29469413e-01, -7.34035152e-02,
        -1.50323475e-01, -1.41203971e-02,  1.38274238e-01,
         9.90829482e-03,  8.82429885e-02,  4.30724284e-02],
       [ 9.70466394e-01,  4.93216228e-01, -1.06570183e+00,
         7.10501486e-01, -3.67397808e-03, -3.94429510e-01,
         4.75671451e+00,  6.49093030e-01,  2.20021443e-01,
        -2.52683234e-01,  2.32290805e-01, -3.85497842e-01,
         1.62970184e-01, -2.13626675e-01, -7.69427894e-02,
         1.86497812e-01,  1.16118408e-01, -2.78148441e-01],
       [-1.23021587e+00,  1.61726292e+00, -9.84666310e-01,
         1.69504219e-01,  1.19140853e+00,  4.28956561e-01,
         6.49093030e-01,  7.21038336e+00,  6.34225425e-01,
         1.67903601e+00, -2.83622688e-01, -4.35231534e-01,
        -2.72558304e-03,  1.68913048e-01,  7.00340624e-01,
        -3.74548864e-01,  1.25033766e-01, -2.67481616e-01],
       [ 1.35181643e+00,  8.36045897e-01,  3.91902625e-01,
         1.88647245e-01, -1.36002717e-01,  4.71529405e-01,
         2.20021443e-01,  6.34225425e-01,  2.92270952e+00,
         2.66307388e-01,  2.94174268e-02, -2.56135607e-01,
        -3.17731852e-01, -3.00588140e-01,  1.73465236e-01,
         1.84542619e-01,  3.21782890e-01,  2.11256639e-02],
       [-1.36460100e+00,  2.34796993e-01, -3.35423976e-02,
        -5.70570185e-02,  4.48612360e-01,  2.31507122e-01,
        -2.52683234e-01,  1.67903601e+00,  2.66307388e-01,
         1.37541403e+00,  4.39783667e-02, -7.50726556e-02,
         1.81558497e-02,  8.45753562e-02,  1.41634157e-01,
        -2.93464838e-01, -1.92606843e-01, -1.39820465e-01],
       [-5.30411366e-01, -7.49587037e-02,  3.41824264e-01,
         3.16993693e-02,  2.73848883e-02, -1.29469413e-01,
         2.32290805e-01, -2.83622688e-01,  2.94174268e-02,
         4.39783667e-02,  9.08263083e-01, -4.84243655e-02,
         1.79661225e-01, -2.22977133e-01, -2.68375168e-01,
        -7.04027481e-02, -1.34827866e-01, -1.50931709e-02],
       [-2.77666124e-01, -6.36213060e-01, -4.33195769e-02,
        -1.49400611e-01, -1.01483162e-02, -7.34035152e-02,
        -3.85497842e-01, -4.35231534e-01, -2.56135607e-01,
        -7.50726556e-02, -4.84243655e-02,  6.76989726e-01,
         4.02233122e-02,  1.78143966e-01, -1.85870893e-01,
         3.90336022e-02, -1.56985610e-01,  8.39250289e-05],
       [-1.77150571e+00, -8.78552726e-02,  1.21406695e-02,
         7.71899182e-02,  3.46276768e-01, -1.50323475e-01,
         1.62970184e-01, -2.72558304e-03, -3.17731852e-01,
         1.81558497e-02,  1.79661225e-01,  4.02233122e-02,
         6.10733889e-01,  9.64590426e-02, -1.10360199e-01,
        -2.63304436e-01, -3.36782306e-01,  4.32188959e-02],
       [-4.98938624e-01, -1.51560263e-01, -1.28194222e-01,
        -5.81967997e-02,  1.36856359e-01, -1.41203971e-02,
        -2.13626675e-01,  1.68913048e-01, -3.00588140e-01,
         8.45753562e-02, -2.22977133e-01,  1.78143966e-01,
         9.64590426e-02,  1.76022068e-01,  1.95520659e-02,
        -6.90101788e-02, -8.49238255e-02,  2.86239565e-04],
       [ 2.47754993e-01,  3.16733235e-01, -8.92300825e-02,
         2.18989739e-02,  5.60058616e-02,  1.38274238e-01,
        -7.69427894e-02,  7.00340624e-01,  1.73465236e-01,
         1.41634157e-01, -2.68375168e-01, -1.85870893e-01,
        -1.10360199e-01,  1.95520659e-02,  2.11513889e-01,
        -2.28406588e-03,  1.13978855e-01,  1.02644468e-02],
       [ 1.35414989e+00, -5.46222610e-02, -2.22614774e-02,
         4.44838304e-02, -2.69139421e-01,  9.90829482e-03,
         1.86497812e-01, -3.74548864e-01,  1.84542619e-01,
        -2.93464838e-01, -7.04027481e-02,  3.90336022e-02,
        -2.63304436e-01, -6.90101788e-02, -2.28406588e-03,
         2.93644856e-01,  1.85902587e-01,  6.65877538e-04],
       [ 1.29247675e+00,  4.56851514e-01, -3.85205951e-02,
         3.46583142e-02, -1.78770535e-01,  8.82429885e-02,
         1.16118408e-01,  1.25033766e-01,  3.21782890e-01,
        -1.92606843e-01, -1.34827866e-01, -1.56985610e-01,
        -3.36782306e-01, -8.49238255e-02,  1.13978855e-01,
         1.85902587e-01,  3.63461709e-01, -3.88170146e-03],
       [-3.04827374e-02, -1.44966083e-02,  2.96685985e-01,
        -1.90704679e-02, -2.50705431e-02,  4.30724284e-02,
        -2.78148441e-01, -2.67481616e-01,  2.11256639e-02,
        -1.39820465e-01, -1.50931709e-02,  8.39250289e-05,
         4.32188959e-02,  2.86239565e-04,  1.02644468e-02,
         6.65877538e-04, -3.88170146e-03,  1.31734419e-01]])
      jac: array([-1.72047561e-06, -3.16228525e-06, -4.94160268e-06,  1.34603440e-05,
        8.92878364e-06, -3.11047484e-06, -2.11238434e-06, -1.12502600e-07,
        8.97060204e-07, -3.50460401e-07, -1.41257376e-06,  8.85957974e-07,
       -1.02732637e-05, -1.03820656e-05, -5.19769413e-06, -1.94326037e-06,
        4.07858932e-06,  1.55201777e-05])
  message: 'Desired error not necessarily achieved due to precision loss.'
     nfev: 2577
      nit: 81
     njev: 135
   status: 2
  success: False
        x: array([-0.266237  , -1.18567236, -0.02945802,  1.26237405, -0.78125324,
       -0.16204802,  1.94071698, -0.96859526, -1.26394005,  0.07705356,
        0.35835356,  1.17567554,  0.25025891,  0.01426245, -0.31093282,
       -1.27798302, -1.19882891,  0.01439568])
