Program Begingeth
      fun: 0.2768066887289707
 hess_inv: array([[ 6.29569994e+00,  1.39998977e+00,  1.44357858e-01,
         1.85575342e+00,  7.53973170e-01, -4.41948362e-01,
         2.47600823e+00, -6.34518829e-01, -2.76443416e+00,
        -2.45479185e-01,  3.22940926e-01, -2.01493273e-01,
        -1.10001865e+00, -2.35605179e-01, -1.65474286e-01,
        -2.83624607e-01, -5.33914533e-01,  1.36991158e-01],
       [ 1.39998977e+00,  3.26363397e+00, -1.04264166e-01,
         1.42259159e-01,  1.26774440e+00, -6.53827608e-02,
        -2.52410494e-01,  2.42825571e+00,  3.13785725e-01,
         1.11761536e-01, -3.11580694e-01, -1.06186453e+00,
        -4.12173267e-01, -3.46381124e-01,  2.83236897e-01,
         5.79963928e-02, -2.13181257e-01,  1.27009504e-01],
       [ 1.44357858e-01, -1.04264166e-01,  8.90255628e+00,
         1.13782322e+00, -3.63588568e-01,  3.18823693e+00,
         1.12442076e+01, -4.25699436e+00,  4.13045662e+00,
         1.71932282e-02,  2.68558524e+00, -1.11688540e+00,
         2.86653994e-01, -4.56991680e-01, -6.82972031e-01,
        -2.69329840e-02,  2.31229124e-01, -1.57107709e-01],
       [ 1.85575342e+00,  1.42259159e-01,  1.13782322e+00,
         7.64784390e-01,  9.79353334e-02,  2.77283590e-01,
         2.68930037e+00, -7.88736927e-01, -4.91676683e-01,
        -1.02045631e-01,  3.76726141e-01, -7.78591166e-02,
        -2.36586086e-01, -5.78421108e-02, -1.33388937e-01,
        -8.58945393e-02, -9.53784862e-02,  1.75292761e-02],
       [ 7.53973170e-01,  1.26774440e+00, -3.63588568e-01,
         9.79353334e-02,  5.51769100e-01, -1.39798234e-01,
        -2.47725962e-01,  1.36260568e+00, -1.60567742e-01,
        -4.96986655e-02, -2.20277108e-01, -3.24683225e-01,
        -1.87924827e-01, -9.47936598e-02,  1.33518044e-01,
         4.02284712e-03, -9.94768386e-02,  5.28707575e-02],
       [-4.41948362e-01, -6.53827608e-02,  3.18823693e+00,
         2.77283590e-01, -1.39798234e-01,  1.23910661e+00,
         4.07540021e+00, -1.18552065e+00,  1.93314539e+00,
        -8.89977429e-02,  8.27759751e-01, -3.82844896e-01,
         2.19297885e-01, -1.31149587e-01, -1.89013305e-01,
         2.27131461e-02,  1.17561485e-01, -6.37374056e-02],
       [ 2.47600823e+00, -2.52410494e-01,  1.12442076e+01,
         2.68930037e+00, -2.47725962e-01,  4.07540021e+00,
         2.09296951e+01, -4.85534825e+00,  3.27341189e+00,
        -1.26527984e-01,  2.59081777e+00, -9.80472429e-01,
         1.51073335e-01, -1.95497195e-01, -6.68088816e-01,
        -1.41645064e-01,  2.60306814e-01, -5.47329317e-02],
       [-6.34518829e-01,  2.42825571e+00, -4.25699436e+00,
        -7.88736927e-01,  1.36260568e+00, -1.18552065e+00,
        -4.85534825e+00,  8.03636273e+00, -7.73622861e-01,
        -7.26904347e-01, -1.67836264e+00, -2.52197766e-01,
         8.06168936e-02,  7.42214219e-02,  7.59371199e-01,
         1.60955072e-01, -1.30925641e-01,  7.74951337e-02],
       [-2.76443416e+00,  3.13785725e-01,  4.13045662e+00,
        -4.91676683e-01, -1.60567742e-01,  1.93314539e+00,
         3.27341189e+00, -7.73622861e-01,  6.03355832e+00,
        -2.24423526e-01,  1.02325616e+00, -5.92564558e-01,
         5.91373505e-01, -3.33248831e-01, -2.05807629e-01,
         1.46509930e-01,  1.93251694e-01, -1.74693737e-01],
       [-2.45479185e-01,  1.11761536e-01,  1.71932282e-02,
        -1.02045631e-01, -4.96986655e-02, -8.89977429e-02,
        -1.26527984e-01, -7.26904347e-01, -2.24423526e-01,
         1.30940746e+00, -1.35029065e-01, -6.58120065e-02,
        -2.69331985e-01,  2.84083635e-02,  1.04016584e-01,
         1.18680367e-02,  6.38100750e-02,  2.37990899e-01],
       [ 3.22940926e-01, -3.11580694e-01,  2.68558524e+00,
         3.76726141e-01, -2.20277108e-01,  8.27759751e-01,
         2.59081777e+00, -1.67836264e+00,  1.02325616e+00,
        -1.35029065e-01,  1.50010504e+00, -2.86092483e-01,
         5.83404336e-02, -2.73857657e-01, -4.19862206e-01,
        -5.29226079e-02,  4.34145615e-02, -1.68358435e-01],
       [-2.01493273e-01, -1.06186453e+00, -1.11688540e+00,
        -7.78591166e-02, -3.24683225e-01, -3.82844896e-01,
        -9.80472429e-01, -2.52197766e-01, -5.92564558e-01,
        -6.58120065e-02, -2.86092483e-01,  8.25065705e-01,
         3.87696175e-02,  2.36375592e-01, -6.16256354e-02,
        -7.13477317e-02,  5.42524893e-02, -7.31440693e-03],
       [-1.10001865e+00, -4.12173267e-01,  2.86653994e-01,
        -2.36586086e-01, -1.87924827e-01,  2.19297885e-01,
         1.51073335e-01,  8.06168936e-02,  5.91373505e-01,
        -2.69331985e-01,  5.83404336e-02,  3.87696175e-02,
         3.25715736e-01,  4.50675008e-02, -1.49134549e-02,
         7.43384414e-02,  1.11518723e-01, -8.96038608e-02],
       [-2.35605179e-01, -3.46381124e-01, -4.56991680e-01,
        -5.78421108e-02, -9.47936598e-02, -1.31149587e-01,
        -1.95497195e-01,  7.42214219e-02, -3.33248831e-01,
         2.84083635e-02, -2.73857657e-01,  2.36375592e-01,
         4.50675008e-02,  1.44555485e-01,  4.79138471e-02,
        -4.55315804e-03,  5.49150373e-02,  2.50418428e-02],
       [-1.65474286e-01,  2.83236897e-01, -6.82972031e-01,
        -1.33388937e-01,  1.33518044e-01, -1.89013305e-01,
        -6.68088816e-01,  7.59371199e-01, -2.05807629e-01,
         1.04016584e-01, -4.19862206e-01, -6.16256354e-02,
        -1.49134549e-02,  4.79138471e-02,  1.79953467e-01,
         3.83374594e-02, -1.14293994e-02,  7.76420339e-02],
       [-2.83624607e-01,  5.79963928e-02, -2.69329840e-02,
        -8.58945393e-02,  4.02284712e-03,  2.27131461e-02,
        -1.41645064e-01,  1.60955072e-01,  1.46509930e-01,
         1.18680367e-02, -5.29226079e-02, -7.13477317e-02,
         7.43384414e-02, -4.55315804e-03,  3.83374594e-02,
         5.15731375e-02,  2.04638298e-02, -1.13321296e-03],
       [-5.33914533e-01, -2.13181257e-01,  2.31229124e-01,
        -9.53784862e-02, -9.94768386e-02,  1.17561485e-01,
         2.60306814e-01, -1.30925641e-01,  1.93251694e-01,
         6.38100750e-02,  4.34145615e-02,  5.42524893e-02,
         1.11518723e-01,  5.49150373e-02, -1.14293994e-02,
         2.04638298e-02,  9.42010793e-02, -9.20424261e-03],
       [ 1.36991158e-01,  1.27009504e-01, -1.57107709e-01,
         1.75292761e-02,  5.28707575e-02, -6.37374056e-02,
        -5.47329317e-02,  7.74951337e-02, -1.74693737e-01,
         2.37990899e-01, -1.68358435e-01, -7.31440693e-03,
        -8.96038608e-02,  2.50418428e-02,  7.76420339e-02,
        -1.13321296e-03, -9.20424261e-03,  8.78739097e-02]])
      jac: array([-5.05151476e-07,  1.95695312e-06,  1.67088565e-06,  7.70124705e-07,
       -3.08197912e-06, -6.76569911e-06,  3.65633450e-07, -2.60902411e-07,
        6.03591251e-07, -8.92619312e-07,  7.51250913e-07,  7.73455374e-07,
       -1.99099996e-07,  3.52014714e-06,  2.93246908e-06,  9.02981394e-07,
       -3.37174733e-06, -2.65121258e-06])
  message: 'Optimization terminated successfully.'
     nfev: 2033
      nit: 93
     njev: 107
   status: 0
  success: True
        x: array([-0.85633327, -0.89138923,  0.13121595, -1.37934245, -0.94015577,
       -0.03326949, -1.71358329, -1.19215164, -0.9776148 ,  0.15821202,
        0.4553828 ,  1.07486807,  0.10173118,  0.22545514, -0.23476934,
        1.50471837, -0.19874007,  0.03289846])
