Program Begingeth
      fun: 0.3593838841783822
 hess_inv: array([[ 5.65715024e+00, -1.65847757e-01,  1.47997638e-01,
         2.62720444e+00, -1.23612622e-02,  9.59917843e-01,
         4.74384367e+00, -5.23304309e-01,  6.02889356e+00,
         7.59132747e-01, -7.99281825e-01,  8.41284218e-01,
        -1.94228756e-01,  4.11715224e-01,  3.29671266e-01,
         5.89115389e-02,  1.89376327e-01,  4.44666246e-02],
       [-1.65847757e-01,  2.30179677e+00, -1.35998382e-01,
        -1.19528143e-01,  1.15216010e+00, -1.81000700e-01,
        -9.90631394e-01,  1.29726829e+00,  1.85027702e+00,
        -8.49668041e-01,  2.88816318e-01, -1.18339963e-02,
         3.01776087e-01,  6.41814429e-02, -1.75143958e-01,
         1.37396734e-01,  4.83377831e-02,  1.04831649e-01],
       [ 1.47997638e-01, -1.35998382e-01,  1.27593774e+00,
        -1.80819842e-02, -1.45343169e-01,  6.56503991e-01,
         5.45038965e-01, -1.79899083e+00,  2.08802746e-01,
        -4.45444912e-02, -1.83566049e-01,  1.59777892e-01,
        -1.18622579e-01,  1.61345122e-01,  8.17478528e-02,
        -1.49475369e-02,  1.19517992e-01,  1.81383973e-02],
       [ 2.62720444e+00, -1.19528143e-01, -1.80819842e-02,
         1.24581991e+00, -2.79374309e-02,  4.06202994e-01,
         2.39587804e+00, -1.38912063e-01,  2.70592952e+00,
         3.62530550e-01, -3.93725652e-01,  3.52655476e-01,
        -8.13932399e-02,  1.77226884e-01,  1.64404259e-01,
         2.78034657e-02,  7.69922130e-02,  2.02845549e-02],
       [-1.23612622e-02,  1.15216010e+00, -1.45343169e-01,
        -2.79374309e-02,  6.55344837e-01, -1.46807704e-01,
        -1.40141113e+00,  1.27349234e+00,  9.08142273e-01,
        -3.98605870e-01,  1.80254713e-01, -2.14561129e-02,
         2.34495423e-01,  1.97439428e-02, -8.70409879e-02,
         1.03633490e-01, -3.08536212e-02,  7.96426273e-02],
       [ 9.59917843e-01, -1.81000700e-01,  6.56503991e-01,
         4.06202994e-01, -1.46807704e-01,  5.20374493e-01,
         1.57975862e+00, -1.20261008e+00,  1.17990200e+00,
         2.04546279e-01, -2.58589922e-01,  2.17472691e-01,
        -1.67035620e-01,  1.54489354e-01,  1.09163534e-01,
        -2.61737586e-02,  1.18903327e-01, -5.71289241e-03],
       [ 4.74384367e+00, -9.90631394e-01,  5.45038965e-01,
         2.39587804e+00, -1.40141113e+00,  1.57975862e+00,
         2.08939450e+01, -7.61405476e+00,  6.10020980e+00,
         1.05866707e+00, -1.38381107e+00,  9.65342825e-01,
        -1.58568625e+00,  6.45729689e-01,  3.63460017e-01,
        -4.61909526e-01,  1.12942604e+00, -4.93792976e-01],
       [-5.23304309e-01,  1.29726829e+00, -1.79899083e+00,
        -1.38912063e-01,  1.27349234e+00, -1.20261008e+00,
        -7.61405476e+00,  8.86293100e+00,  1.81235362e-01,
        -3.58743924e-01,  7.03171954e-01, -9.91561367e-01,
         7.99079464e-01, -3.50676661e-01, -7.97574636e-02,
         1.64589374e-01, -4.51222338e-01,  2.21541736e-01],
       [ 6.02889356e+00,  1.85027702e+00,  2.08802746e-01,
         2.70592952e+00,  9.08142273e-01,  1.17990200e+00,
         6.10020980e+00,  1.81235362e-01,  1.15756462e+01,
         5.29075493e-01,  4.66366457e-02,  7.89717009e-01,
        -2.75653607e-01,  4.07780537e-01,  1.36526986e-01,
         1.04302849e-01,  4.07073265e-01,  2.61371231e-02],
       [ 7.59132747e-01, -8.49668041e-01, -4.45444912e-02,
         3.62530550e-01, -3.98605870e-01,  2.04546279e-01,
         1.05866707e+00, -3.58743924e-01,  5.29075493e-01,
         1.34926055e+00,  3.86981358e-02,  3.28756723e-02,
        -3.62241815e-01, -4.28478467e-02, -9.45890291e-03,
        -5.61221352e-02, -2.29039513e-02, -2.68472150e-01],
       [-7.99281825e-01,  2.88816318e-01, -1.83566049e-01,
        -3.93725652e-01,  1.80254713e-01, -2.58589922e-01,
        -1.38381107e+00,  7.03171954e-01,  4.66366457e-02,
         3.86981358e-02,  8.47623611e-01, -2.10187700e-01,
         5.54575041e-02, -2.17115654e-01, -2.22260738e-01,
         3.92173959e-02, -5.86166827e-02, -1.26053847e-01],
       [ 8.41284218e-01, -1.18339963e-02,  1.59777892e-01,
         3.52655476e-01, -2.14561129e-02,  2.17472691e-01,
         9.65342825e-01, -9.91561367e-01,  7.89717009e-01,
         3.28756723e-02, -2.10187700e-01,  5.97802470e-01,
        -2.91274733e-02,  1.67405184e-01, -1.66411897e-02,
         6.32999495e-02,  1.01367856e-01,  2.56565356e-02],
       [-1.94228756e-01,  3.01776087e-01, -1.18622579e-01,
        -8.13932399e-02,  2.34495423e-01, -1.67035620e-01,
        -1.58568625e+00,  7.99079464e-01, -2.75653607e-01,
        -3.62241815e-01,  5.54575041e-02, -2.91274733e-02,
         2.55143295e-01, -2.83924167e-02, -1.23592697e-02,
         9.58965309e-02, -9.66355789e-02,  1.12470253e-01],
       [ 4.11715224e-01,  6.41814429e-02,  1.61345122e-01,
         1.77226884e-01,  1.97439428e-02,  1.54489354e-01,
         6.45729689e-01, -3.50676661e-01,  4.07780537e-01,
        -4.28478467e-02, -2.17115654e-01,  1.67405184e-01,
        -2.83924167e-02,  1.21385178e-01,  4.50006548e-02,
         2.13698427e-03,  7.90057105e-02,  3.46092181e-02],
       [ 3.29671266e-01, -1.75143958e-01,  8.17478528e-02,
         1.64404259e-01, -8.70409879e-02,  1.09163534e-01,
         3.63460017e-01, -7.97574636e-02,  1.36526986e-01,
        -9.45890291e-03, -2.22260738e-01, -1.66411897e-02,
        -1.23592697e-02,  4.50006548e-02,  1.15916827e-01,
        -2.32502952e-02,  4.22205015e-03,  6.61542232e-02],
       [ 5.89115389e-02,  1.37396734e-01, -1.49475369e-02,
         2.78034657e-02,  1.03633490e-01, -2.61737586e-02,
        -4.61909526e-01,  1.64589374e-01,  1.04302849e-01,
        -5.61221352e-02,  3.92173959e-02,  6.32999495e-02,
         9.58965309e-02,  2.13698427e-03, -2.32502952e-02,
         7.30366953e-02, -3.14346902e-02,  2.53263694e-02],
       [ 1.89376327e-01,  4.83377831e-02,  1.19517992e-01,
         7.69922130e-02, -3.08536212e-02,  1.18903327e-01,
         1.12942604e+00, -4.51222338e-01,  4.07073265e-01,
        -2.29039513e-02, -5.86166827e-02,  1.01367856e-01,
        -9.66355789e-02,  7.90057105e-02,  4.22205015e-03,
        -3.14346902e-02,  1.23104909e-01, -1.98058145e-02],
       [ 4.44666246e-02,  1.04831649e-01,  1.81383973e-02,
         2.02845549e-02,  7.96426273e-02, -5.71289241e-03,
        -4.93792976e-01,  2.21541736e-01,  2.61371231e-02,
        -2.68472150e-01, -1.26053847e-01,  2.56565356e-02,
         1.12470253e-01,  3.46092181e-02,  6.61542232e-02,
         2.53263694e-02, -1.98058145e-02,  1.25548177e-01]])
      jac: array([-2.29816166e-07, -1.16943492e-07,  1.39962116e-06,  8.88178420e-08,
       -2.22784754e-07, -3.16487577e-06,  1.75045164e-07, -1.85037171e-09,
        3.92278802e-07,  8.12313180e-07,  4.60372481e-07,  6.34677496e-07,
        4.02048765e-06,  2.01616501e-06,  4.94382313e-06, -2.26596519e-06,
        5.01820807e-07, -3.58231963e-06])
  message: 'Optimization terminated successfully.'
     nfev: 1938
      nit: 88
     njev: 102
   status: 0
  success: True
        x: array([ 1.73626933, -1.07453477,  0.64404294,  1.58765763, -1.15284568,
        0.32465001,  0.5879088 , -1.78040356,  0.77976131,  0.0035284 ,
        0.36513462,  1.20669803, -0.01916215,  0.07654799, -0.25420523,
       -1.26350475, -0.55676773,  0.01369498])
