Program Begingeth
      fun: 0.21839258820317206
 hess_inv: array([[ 3.33020859e+00,  1.67635044e-01, -1.46404015e+00,
        -2.52351644e+00,  1.56864884e+00, -4.73618830e-01,
        -5.13848843e-01,  9.13285942e+00, -3.01763853e+00,
         1.96779127e+00, -3.81829348e-01,  1.93835075e+00,
        -5.68343715e+00,  1.42842708e+00,  1.10783522e-02,
        -2.00131002e+00,  6.73494799e-01,  1.48199981e-01],
       [ 1.67635044e-01,  5.37408516e-01, -1.52201108e-01,
        -2.86820354e-01, -1.05312253e-01, -1.87494543e-01,
        -6.78163692e-01,  3.67876225e-01, -2.31035765e-01,
         1.57150558e-01,  9.67709470e-02,  8.40391915e-02,
        -4.29504470e-01, -4.54566133e-01, -6.16982489e-02,
        -1.25364122e-01, -1.19341682e-01,  9.12212101e-02],
       [-1.46404015e+00, -1.52201108e-01,  1.32578162e+00,
         1.42490863e+00, -5.27085499e-01, -4.60740795e-02,
         9.71444138e-01, -4.35025992e+00,  1.48564407e+00,
        -1.35473632e+00,  1.06949324e-01, -6.88257175e-01,
         3.02225294e+00, -4.48933859e-01, -8.47460549e-01,
         1.09771175e+00, -3.64659430e-01, -4.36986649e-01],
       [-2.52351644e+00, -2.86820354e-01,  1.42490863e+00,
         2.40316439e+00, -1.26392105e+00,  1.49945656e-01,
         9.93394945e-01, -8.13227624e+00,  1.85951106e+00,
        -1.77439477e+00,  3.85982980e-01, -1.24437118e+00,
         5.00263922e+00, -1.09135489e+00, -5.34329569e-01,
         1.78328800e+00, -5.95935650e-01, -3.51606541e-01],
       [ 1.56864884e+00, -1.05312253e-01, -5.27085499e-01,
        -1.26392105e+00,  1.22418795e+00, -8.51033321e-02,
         5.26035445e-01,  5.75426557e+00, -9.26825807e-01,
         8.47700166e-01, -4.20075731e-01,  8.91743249e-01,
        -2.79429938e+00,  1.35202107e+00,  6.20278032e-02,
        -9.52768170e-01,  5.58206171e-01,  9.26853117e-02],
       [-4.73618830e-01, -1.87494543e-01, -4.60740795e-02,
         1.49945656e-01, -8.51033321e-02,  4.54113182e-01,
         1.86178541e-01, -4.17424057e-01,  1.02761448e+00,
        -1.25573438e-01, -8.86494245e-02, -4.28801542e-01,
         4.54265647e-01,  6.15141387e-02,  6.43474482e-01,
         1.35195423e-01,  2.85265494e-02,  2.15025192e-01],
       [-5.13848843e-01, -6.78163692e-01,  9.71444138e-01,
         9.93394945e-01,  5.26035445e-01,  1.86178541e-01,
         3.53533748e+00, -4.81700247e-01,  1.12945259e+00,
        -7.39336822e-01, -2.34448794e-01, -8.50271696e-02,
         1.49051070e+00,  1.03321731e+00, -4.59359358e-01,
         5.29329146e-01,  2.10046541e-01, -2.62365799e-01],
       [ 9.13285942e+00,  3.67876225e-01, -4.35025992e+00,
        -8.13227624e+00,  5.75426557e+00, -4.17424057e-01,
        -4.81700247e-01,  3.26710910e+01, -6.12185762e+00,
         5.81849365e+00, -1.67722921e+00,  4.75958548e+00,
        -1.73690382e+01,  5.49885433e+00,  1.50171638e+00,
        -6.08486439e+00,  2.53160622e+00,  1.09150058e+00],
       [-3.01763853e+00, -2.31035765e-01,  1.48564407e+00,
         1.85951106e+00, -9.26825807e-01,  1.02761448e+00,
         1.12945259e+00, -6.12185762e+00,  6.05446880e+00,
        -1.89923554e+00, -1.95503815e-01, -1.77146094e+00,
         4.57885990e+00, -6.79728241e-01,  3.06076201e-01,
         1.63062480e+00, -4.43836214e-01, -1.11970865e-01],
       [ 1.96779127e+00,  1.57150558e-01, -1.35473632e+00,
        -1.77439477e+00,  8.47700166e-01, -1.25573438e-01,
        -7.39336822e-01,  5.81849365e+00, -1.89923554e+00,
         1.66171385e+00, -2.14999607e-01,  1.02834565e+00,
        -3.86245539e+00,  7.78753608e-01,  5.63618268e-01,
        -1.38749018e+00,  4.92058715e-01,  3.24494439e-01],
       [-3.81829348e-01,  9.67709470e-02,  1.06949324e-01,
         3.85982980e-01, -4.20075731e-01, -8.86494245e-02,
        -2.34448794e-01, -1.67722921e+00, -1.95503815e-01,
        -2.14999607e-01,  5.27188839e-01, -2.56863136e-01,
         7.16704256e-01, -6.12017771e-01, -2.21018502e-02,
         1.61561289e-01, -2.19268527e-01,  5.29256988e-02],
       [ 1.93835075e+00,  8.40391915e-02, -6.88257175e-01,
        -1.24437118e+00,  8.91743249e-01, -4.28801542e-01,
        -8.50271696e-02,  4.75958548e+00, -1.77146094e+00,
         1.02834565e+00, -2.56863136e-01,  1.41438930e+00,
        -2.94913054e+00,  8.25744175e-01, -4.02965498e-01,
        -9.85833818e-01,  3.42369346e-01, -9.91695546e-02],
       [-5.68343715e+00, -4.29504470e-01,  3.02225294e+00,
         5.00263922e+00, -2.79429938e+00,  4.54265647e-01,
         1.49051070e+00, -1.73690382e+01,  4.57885990e+00,
        -3.86245539e+00,  7.16704256e-01, -2.94913054e+00,
         1.07916982e+01, -2.50429820e+00, -9.03668723e-01,
         3.88578775e+00, -1.31153884e+00, -6.47718413e-01],
       [ 1.42842708e+00, -4.54566133e-01, -4.48933859e-01,
        -1.09135489e+00,  1.35202107e+00,  6.15141387e-02,
         1.03321731e+00,  5.49885433e+00, -6.79728241e-01,
         7.78753608e-01, -6.12017771e-01,  8.25744175e-01,
        -2.50429820e+00,  1.80151166e+00,  1.39850653e-01,
        -8.38782353e-01,  7.27991855e-01,  4.55418964e-02],
       [ 1.10783522e-02, -6.16982489e-02, -8.47460549e-01,
        -5.34329569e-01,  6.20278032e-02,  6.43474482e-01,
        -4.59359358e-01,  1.50171638e+00,  3.06076201e-01,
         5.63618268e-01, -2.21018502e-02, -4.02965498e-01,
        -9.03668723e-01,  1.39850653e-01,  1.53672644e+00,
        -3.92830613e-01,  2.08377134e-01,  6.85875030e-01],
       [-2.00131002e+00, -1.25364122e-01,  1.09771175e+00,
         1.78328800e+00, -9.52768170e-01,  1.35195423e-01,
         5.29329146e-01, -6.08486439e+00,  1.63062480e+00,
        -1.38749018e+00,  1.61561289e-01, -9.85833818e-01,
         3.88578775e+00, -8.38782353e-01, -3.92830613e-01,
         1.45133683e+00, -4.54613991e-01, -2.62145971e-01],
       [ 6.73494799e-01, -1.19341682e-01, -3.64659430e-01,
        -5.95935650e-01,  5.58206171e-01,  2.85265494e-02,
         2.10046541e-01,  2.53160622e+00, -4.43836214e-01,
         4.92058715e-01, -2.19268527e-01,  3.42369346e-01,
        -1.31153884e+00,  7.27991855e-01,  2.08377134e-01,
        -4.54613991e-01,  3.54080977e-01,  1.06889700e-01],
       [ 1.48199981e-01,  9.12212101e-02, -4.36986649e-01,
        -3.51606541e-01,  9.26853117e-02,  2.15025192e-01,
        -2.62365799e-01,  1.09150058e+00, -1.11970865e-01,
         3.24494439e-01,  5.29256988e-02, -9.91695546e-02,
        -6.47718413e-01,  4.55418964e-02,  6.85875030e-01,
        -2.62145971e-01,  1.06889700e-01,  3.75065984e-01]])
      jac: array([-1.32144296e-05,  1.87627691e-07, -1.85403544e-05,  2.60952371e-05,
        1.18627330e-06,  6.85414688e-06, -9.79216708e-07, -1.20422191e-06,
       -7.31822011e-07, -5.29742916e-06,  1.53062748e-06, -9.32735371e-06,
       -2.63513285e-05,  1.33267471e-05, -1.80413092e-05,  1.73581520e-05,
       -1.87163248e-05,  1.46468023e-05])
  message: 'Desired error not necessarily achieved due to precision loss.'
     nfev: 1645
      nit: 40
     njev: 86
   status: 2
  success: False
        x: array([ 0.71581742, -0.03069217,  0.55409081,  0.29294865, -0.75062154,
       -0.73935687,  1.2000651 , -1.3636671 , -1.05916418, -1.12569874,
        0.07134262,  0.67098434,  0.25464456,  0.05115738, -0.50427016,
        0.1330896 ,  0.98404687, -0.7684176 ])
