Program Begingeth
Setting x as mdcm.positions_np
      fun: 0.27831884573900834
 hess_inv: array([[ 7.85809246e-01, -1.75380637e-02, -1.39529102e-01,
        -1.56344853e-01,  2.02649664e-01, -2.52610438e-01,
        -1.22621121e-01,  1.04604823e+00, -1.41829432e+00,
         2.17123182e-01,  4.10246727e-02,  8.05423010e-01,
        -6.27105010e-01,  1.11873214e-01, -3.51214156e-01,
        -1.59837912e-01, -1.96648393e-02, -1.08725500e-01],
       [-1.75380637e-02,  8.30317802e-01, -1.01725835e-01,
        -2.05248096e-01, -1.48629471e-01, -1.83412773e-01,
        -7.73498316e-01,  1.87834830e-01,  8.12390879e-02,
         6.48216411e-02,  2.87762788e-01, -1.78287325e-02,
        -1.55611627e-01, -6.83754210e-01, -2.55628903e-02,
         3.45387891e-04, -1.71776232e-01,  1.61932203e-01],
       [-1.39529102e-01, -1.01725835e-01,  6.80055669e-01,
         1.45377278e-01,  1.60655845e-01, -5.67381325e-02,
         8.44835838e-01, -3.04084917e-02,  2.58077826e-01,
        -6.22951676e-01, -1.21003056e-01, -1.74376348e-01,
         3.26510105e-01,  2.24833960e-01, -4.39055338e-01,
         6.37137039e-02, -6.57990516e-03, -1.77432841e-01],
       [-1.56344853e-01, -2.05248096e-01,  1.45377278e-01,
         2.88266070e-01, -6.61653523e-02,  1.55100095e-02,
         5.21965432e-01, -1.01123269e+00,  6.22902644e-02,
        -2.28538227e-01,  7.07949778e-02, -7.93550413e-02,
         4.54845038e-01,  7.73437148e-02, -7.15234997e-02,
         1.30747414e-01,  8.98063394e-03, -5.69122400e-02],
       [ 2.02649664e-01, -1.48629471e-01,  1.60655845e-01,
        -6.61653523e-02,  2.93391656e-01, -7.73595563e-03,
         4.52826941e-01,  1.10288263e+00, -1.35745053e-01,
        -6.38688608e-02, -2.34791833e-01,  2.05943329e-01,
        -2.04609157e-01,  3.93068190e-01, -1.72690670e-01,
        -5.64279216e-02,  9.71813914e-02, -8.70961820e-02],
       [-2.52610438e-01, -1.83412773e-01, -5.67381325e-02,
         1.55100095e-02, -7.73595563e-03,  2.79062275e-01,
         1.21215626e-01, -9.75119522e-02,  9.34577415e-01,
         1.91127114e-02, -2.52533664e-01, -2.72809855e-01,
         1.30740071e-01,  1.83338165e-01,  3.44134531e-01,
         3.39073191e-02,  7.52322433e-02,  7.16896563e-02],
       [-1.22621121e-01, -7.73498316e-01,  8.44835838e-01,
         5.21965432e-01,  4.52826941e-01,  1.21215626e-01,
         3.30193100e+00,  2.16589737e-02,  4.47711092e-01,
        -6.09425772e-01, -4.81169271e-01,  5.53606595e-02,
         5.50739909e-01,  1.01780914e+00, -4.86839233e-01,
         1.06207615e-01,  2.11528072e-01, -3.08355175e-01],
       [ 1.04604823e+00,  1.87834830e-01, -3.04084917e-02,
        -1.01123269e+00,  1.10288263e+00, -9.75119522e-02,
         2.16589737e-02,  7.73850238e+00, -8.62497283e-01,
         6.06697325e-01, -4.88766799e-01,  7.94602210e-01,
        -1.96367068e+00,  7.11790488e-01, -2.08621063e-01,
        -5.63270832e-01,  1.67813798e-01, -8.61702443e-03],
       [-1.41829432e+00,  8.12390879e-02,  2.58077826e-01,
         6.22902644e-02, -1.35745053e-01,  9.34577415e-01,
         4.47711092e-01, -8.62497283e-01,  5.88630617e+00,
        -5.51145904e-01, -8.58574330e-01, -1.16977300e+00,
         9.41877899e-01,  1.48404374e-01,  7.95777275e-01,
         2.98199084e-01,  9.54267397e-02,  1.74411507e-01],
       [ 2.17123182e-01,  6.48216411e-02, -6.22951676e-01,
        -2.28538227e-01, -6.38688608e-02,  1.91127114e-02,
        -6.09425772e-01,  6.06697325e-01, -5.51145904e-01,
         8.26456104e-01,  6.62297642e-02,  2.08285152e-01,
        -5.61348317e-01, -1.12380966e-01,  3.71954325e-01,
        -1.51863221e-01,  4.53125055e-02,  1.47296329e-01],
       [ 4.10246727e-02,  2.87762788e-01, -1.21003056e-01,
         7.07949778e-02, -2.34791833e-01, -2.52533664e-01,
        -4.81169271e-01, -4.88766799e-01, -8.58574330e-01,
         6.62297642e-02,  1.02805351e+00, -2.28507399e-02,
         2.11564688e-02, -6.64204029e-01, -3.54051102e-02,
        -6.67112955e-02, -1.75177663e-01,  1.40926643e-01],
       [ 8.05423010e-01, -1.78287325e-02, -1.74376348e-01,
        -7.93550413e-02,  2.05943329e-01, -2.72809855e-01,
         5.53606595e-02,  7.94602210e-01, -1.16977300e+00,
         2.08285152e-01, -2.28507399e-02,  1.12037276e+00,
        -5.24457683e-01,  1.42438437e-01, -4.86438996e-01,
        -9.25719161e-02, -2.29832581e-02, -1.72882634e-01],
       [-6.27105010e-01, -1.55611627e-01,  3.26510105e-01,
         4.54845038e-01, -2.04609157e-01,  1.30740071e-01,
         5.50739909e-01, -1.96367068e+00,  9.41877899e-01,
        -5.61348317e-01,  2.11564688e-02, -5.24457683e-01,
         1.01529289e+00, -1.76354606e-02,  2.34761470e-02,
         3.15972485e-01, -9.62844516e-03, -3.19452146e-02],
       [ 1.11873214e-01, -6.83754210e-01,  2.24833960e-01,
         7.73437148e-02,  3.93068190e-01,  1.83338165e-01,
         1.01780914e+00,  7.11790488e-01,  1.48404374e-01,
        -1.12380966e-01, -6.64204029e-01,  1.42438437e-01,
        -1.76354606e-02,  9.54700391e-01, -9.09966950e-02,
        -6.26752478e-03,  2.70977552e-01, -1.92838261e-01],
       [-3.51214156e-01, -2.55628903e-02, -4.39055338e-01,
        -7.15234997e-02, -1.72690670e-01,  3.44134531e-01,
        -4.86839233e-01, -2.08621063e-01,  7.95777275e-01,
         3.71954325e-01, -3.54051102e-02, -4.86438996e-01,
         2.34761470e-02, -9.09966950e-02,  7.77526710e-01,
        -2.15808899e-03,  6.46491714e-02,  2.90627160e-01],
       [-1.59837912e-01,  3.45387891e-04,  6.37137039e-02,
         1.30747414e-01, -5.64279216e-02,  3.39073191e-02,
         1.06207615e-01, -5.63270832e-01,  2.98199084e-01,
        -1.51863221e-01, -6.67112955e-02, -9.25719161e-02,
         3.15972485e-01, -6.26752478e-03, -2.15808899e-03,
         1.35337326e-01, -3.35963068e-03, -1.31044210e-02],
       [-1.96648393e-02, -1.71776232e-01, -6.57990516e-03,
         8.98063394e-03,  9.71813914e-02,  7.52322433e-02,
         2.11528072e-01,  1.67813798e-01,  9.54267397e-02,
         4.53125055e-02, -1.75177663e-01, -2.29832581e-02,
        -9.62844516e-03,  2.70977552e-01,  6.46491714e-02,
        -3.35963068e-03,  1.12945585e-01, -1.52246754e-02],
       [-1.08725500e-01,  1.61932203e-01, -1.77432841e-01,
        -5.69122400e-02, -8.70961820e-02,  7.16896563e-02,
        -3.08355175e-01, -8.61702443e-03,  1.74411507e-01,
         1.47296329e-01,  1.40926643e-01, -1.72882634e-01,
        -3.19452146e-02, -1.92838261e-01,  2.90627160e-01,
        -1.31044210e-02, -1.52246754e-02,  1.72773434e-01]])
      jac: array([ 2.65750385e-06,  9.17784367e-08,  1.03694831e-06, -3.29699231e-06,
       -3.68483022e-06, -4.97601960e-06,  3.09012075e-07,  4.42608913e-07,
        6.70574707e-07,  1.10504198e-06,  1.35817283e-07,  2.62012634e-07,
        4.72547927e-06,  2.01875553e-06,  1.63165777e-06, -3.99273207e-06,
       -4.16703709e-07,  8.67454257e-07])
  message: 'Optimization terminated successfully.'
     nfev: 1558
      nit: 73
     njev: 82
   status: 0
  success: True
        x: array([ 0.69279127, -0.06818847,  0.51985973,  0.22582942, -1.05348709,
       -0.73582139,  1.2692825 , -1.56192565, -0.97419784, -1.00412821,
        0.03541353,  0.63590918,  0.1307069 ,  0.03510056, -0.51511326,
        0.08304091,  1.3290276 , -0.80034107])
