Program Begingeth
      fun: 0.24372212559402218
 hess_inv: array([[ 3.92762574e+00, -1.61214830e+00, -9.27266280e-01,
         1.37922060e+00, -5.66823547e-01,  4.31596901e-01,
         3.69842911e+00,  2.92137119e+00,  2.63299704e-01,
        -2.97254767e-01, -1.09350536e+00,  9.18647277e-01,
        -6.16266577e-01,  4.88603170e-01,  5.25952822e-01,
        -2.26727954e-01,  4.75735024e-01, -9.48783805e-02],
       [-1.61214830e+00,  2.97332839e+00,  8.23587275e-01,
        -3.84687235e-01,  1.15638691e+00, -9.00866627e-02,
        -1.77690639e+00,  1.29476253e+00,  1.70909999e+00,
        -3.24632094e-01,  2.81074709e-01, -1.32169012e+00,
         4.89942719e-01, -4.02253430e-01, -1.69477612e-01,
         9.22525829e-03, -2.26909611e-01,  1.20172570e-01],
       [-9.27266280e-01,  8.23587275e-01,  4.45849910e+00,
        -1.07363006e+00,  1.57437141e-01,  1.60237831e+00,
        -8.53882748e+00, -5.51534451e+00,  6.33005224e+00,
         2.89132975e-01,  2.00053955e+00, -1.06996428e+00,
         7.21930973e-02, -3.19264895e-01, -7.72395284e-01,
         3.32063856e-01, -9.30723273e-02, -4.51541790e-01],
       [ 1.37922060e+00, -3.84687235e-01, -1.07363006e+00,
         6.97874433e-01, -1.16176443e-01, -1.79861390e-01,
         3.21756507e+00,  2.16932398e+00, -8.37306990e-01,
        -2.24213393e-01, -6.92930858e-01,  3.21688413e-01,
        -1.49987649e-01,  1.49436196e-01,  3.17150410e-01,
        -1.36489299e-01,  1.39759969e-01,  8.90328395e-02],
       [-5.66823547e-01,  1.15638691e+00,  1.57437141e-01,
        -1.16176443e-01,  5.42770516e-01, -5.21689213e-02,
        -8.74014000e-01,  1.44010445e+00,  2.64875929e-01,
        -6.88868700e-02, -5.94416220e-02, -4.14097855e-01,
         2.03510760e-01, -9.20880271e-02,  7.95746864e-03,
         1.05348940e-02, -8.93608897e-02,  7.38535250e-02],
       [ 4.31596901e-01, -9.00866627e-02,  1.60237831e+00,
        -1.79861390e-01, -5.21689213e-02,  8.08904156e-01,
        -3.15159758e+00, -1.35010408e+00,  2.78568879e+00,
         2.03599189e-01,  4.87391280e-01, -1.70366115e-01,
        -1.36420405e-01, -4.25575421e-03, -1.66883860e-01,
         7.42837928e-02,  3.62028511e-02, -2.14648071e-01],
       [ 3.69842911e+00, -1.77690639e+00, -8.53882748e+00,
         3.21756507e+00, -8.74014000e-01, -3.15159758e+00,
         2.69398356e+01,  9.19760326e+00, -1.11201036e+01,
        -1.44581110e+00, -3.45468560e+00,  1.59394553e+00,
        -4.75924147e-01,  4.81530209e-01,  1.52748456e+00,
        -8.67700018e-01,  6.67055619e-01,  9.91510918e-01],
       [ 2.92137119e+00,  1.29476253e+00, -5.51534451e+00,
         2.16932398e+00,  1.44010445e+00, -1.35010408e+00,
         9.19760326e+00,  1.92021670e+01, -6.74889383e+00,
        -3.28183781e-01, -3.86016136e+00,  6.55656886e-01,
        -1.03837486e-01,  5.81732374e-01,  1.79284988e+00,
        -6.90829838e-01,  1.96562297e-01,  7.57018727e-01],
       [ 2.63299704e-01,  1.70909999e+00,  6.33005224e+00,
        -8.37306990e-01,  2.64875929e-01,  2.78568879e+00,
        -1.11201036e+01, -6.74889383e+00,  1.49415318e+01,
         4.64372502e-01,  2.70752189e+00, -1.68745510e+00,
        -1.10467597e-01, -7.89468510e-01, -1.08167053e+00,
         2.45189621e-01, -2.75536474e-01, -8.22452428e-01],
       [-2.97254767e-01, -3.24632094e-01,  2.89132975e-01,
        -2.24213393e-01, -6.88868700e-02,  2.03599189e-01,
        -1.44581110e+00, -3.28183781e-01,  4.64372502e-01,
         8.47282709e-01,  2.43108092e-01,  5.81017812e-02,
        -1.63657304e-01, -4.47858187e-02, -1.23462267e-01,
         3.35547748e-02, -1.12234562e-01, -2.21076696e-01],
       [-1.09350536e+00,  2.81074709e-01,  2.00053955e+00,
        -6.92930858e-01, -5.94416220e-02,  4.87391280e-01,
        -3.45468560e+00, -3.86016136e+00,  2.70752189e+00,
         2.43108092e-01,  1.64459880e+00, -6.03867502e-01,
         9.59823443e-02, -3.67829574e-01, -6.08788947e-01,
         2.08120415e-01, -1.27823078e-01, -3.04246441e-01],
       [ 9.18647277e-01, -1.32169012e+00, -1.06996428e+00,
         3.21688413e-01, -4.14097855e-01, -1.70366115e-01,
         1.59394553e+00,  6.55656886e-01, -1.68745510e+00,
         5.81017812e-02, -6.03867502e-01,  1.05665126e+00,
        -1.84535024e-01,  3.46472529e-01,  1.91190496e-01,
         1.87238477e-04,  1.69214166e-01,  4.91940230e-02],
       [-6.16266577e-01,  4.89942719e-01,  7.21930973e-02,
        -1.49987649e-01,  2.03510760e-01, -1.36420405e-01,
        -4.75924147e-01, -1.03837486e-01, -1.10467597e-01,
        -1.63657304e-01,  9.59823443e-02, -1.84535024e-01,
         2.33791379e-01, -9.08506012e-02, -4.94900619e-02,
         8.15469124e-02, -1.04183109e-01,  9.30736591e-02],
       [ 4.88603170e-01, -4.02253430e-01, -3.19264895e-01,
         1.49436196e-01, -9.20880271e-02, -4.25575421e-03,
         4.81530209e-01,  5.81732374e-01, -7.89468510e-01,
        -4.47858187e-02, -3.67829574e-01,  3.46472529e-01,
        -9.08506012e-02,  2.11810074e-01,  1.32221811e-01,
        -1.79448452e-02,  1.31153544e-01,  4.07848393e-02],
       [ 5.25952822e-01, -1.69477612e-01, -7.72395284e-01,
         3.17150410e-01,  7.95746864e-03, -1.66883860e-01,
         1.52748456e+00,  1.79284988e+00, -1.08167053e+00,
        -1.23462267e-01, -6.08788947e-01,  1.91190496e-01,
        -4.94900619e-02,  1.32221811e-01,  2.84532540e-01,
        -9.70972587e-02,  5.60003119e-02,  1.39235121e-01],
       [-2.26727954e-01,  9.22525829e-03,  3.32063856e-01,
        -1.36489299e-01,  1.05348940e-02,  7.42837928e-02,
        -8.67700018e-01, -6.90829838e-01,  2.45189621e-01,
         3.35547748e-02,  2.08120415e-01,  1.87238477e-04,
         8.15469124e-02, -1.79448452e-02, -9.70972587e-02,
         1.03355935e-01, -3.40367206e-02, -2.34513614e-02],
       [ 4.75735024e-01, -2.26909611e-01, -9.30723273e-02,
         1.39759969e-01, -8.93608897e-02,  3.62028511e-02,
         6.67055619e-01,  1.96562297e-01, -2.75536474e-01,
        -1.12234562e-01, -1.27823078e-01,  1.69214166e-01,
        -1.04183109e-01,  1.31153544e-01,  5.60003119e-02,
        -3.40367206e-02,  1.55982964e-01,  1.42416847e-03],
       [-9.48783805e-02,  1.20172570e-01, -4.51541790e-01,
         8.90328395e-02,  7.38535250e-02, -2.14648071e-01,
         9.91510918e-01,  7.57018727e-01, -8.22452428e-01,
        -2.21076696e-01, -3.04246441e-01,  4.91940230e-02,
         9.30736591e-02,  4.07848393e-02,  1.39235121e-01,
        -2.34513614e-02,  1.42416847e-03,  1.69433182e-01]])
      jac: array([ 6.73091213e-06,  1.14854422e-05, -3.39920684e-05,  1.13520304e-06,
       -5.74747657e-05,  1.03852852e-04, -1.99766130e-06,  7.96251953e-06,
       -1.13853371e-05,  9.22909897e-06, -8.96764145e-06, -2.94973305e-05,
        3.74748380e-05, -1.28003164e-05, -1.65646386e-04, -1.95817436e-05,
        1.65487994e-05,  1.10481809e-04])
  message: 'Desired error not necessarily achieved due to precision loss.'
     nfev: 2177
      nit: 70
     njev: 114
   status: 2
  success: False
        x: array([ 0.72915773, -0.76659499,  0.59878139,  1.0705725 , -0.88231971,
        0.11801163,  0.81788315, -1.39615172, -0.67505536,  0.01920999,
        0.67604496,  1.12072068,  0.02672214,  0.22005495, -0.34412859,
       -1.02056231, -0.26983321, -0.01634279])
