Program Begingeth
      fun: 0.24522357181992957
 hess_inv: array([[ 3.86880637e+00,  1.79014752e+00, -2.51184287e-01,
         1.22771403e+00,  7.67049917e-01, -7.62630489e-01,
         1.18485236e+00, -8.19447801e-01, -2.16362462e+00,
         2.52657182e-02,  7.47236129e-01, -4.40593916e-01,
        -6.28233834e-01, -3.55386530e-01, -3.04307352e-01,
        -2.09426023e-01, -3.70354783e-01,  1.43994904e-01],
       [ 1.79014752e+00,  3.38139634e+00,  2.67907136e-01,
         3.65136498e-01,  1.43430221e+00, -2.32738685e-01,
         7.09103458e-01,  2.34932842e+00,  7.21769860e-01,
         4.88983793e-01,  2.74537772e-01, -1.11940443e+00,
        -5.68613515e-01, -3.99120045e-01, -5.50110073e-03,
        -4.05032276e-02, -2.71849355e-01,  1.91163495e-01],
       [-2.51184287e-01,  2.67907136e-01,  3.69229199e+00,
         4.97506529e-01,  3.66143908e-02,  1.69365024e+00,
         6.42312319e+00, -2.50173071e+00,  4.98076248e+00,
        -3.37047811e-01,  1.07714683e+00, -4.64791134e-01,
         1.70983495e-01, -6.28472670e-02, -3.18709589e-01,
        -8.91294418e-02,  1.08657925e-01, -3.11757631e-01],
       [ 1.22771403e+00,  3.65136498e-01,  4.97506529e-01,
         5.44534313e-01,  1.65381992e-01,  3.72459968e-02,
         1.81860121e+00, -8.54168842e-01, -1.08609763e-01,
        -1.13771196e-01,  3.88777123e-01, -8.17798113e-02,
        -1.33456997e-01, -6.91116493e-02, -1.63229624e-01,
        -8.75106716e-02, -7.58190308e-02, -2.51071387e-02],
       [ 7.67049917e-01,  1.43430221e+00,  3.66143908e-02,
         1.65381992e-01,  6.68252684e-01, -1.07688879e-01,
         5.50304479e-01,  1.54873711e+00,  4.48512967e-02,
         1.60815508e-01,  2.53111896e-02, -4.20012438e-01,
        -2.47978228e-01, -1.23707752e-01,  3.68091429e-02,
        -2.71914817e-02, -1.09166810e-01,  9.56074955e-02],
       [-7.62630489e-01, -2.32738685e-01,  1.69365024e+00,
         3.72459968e-02, -1.07688879e-01,  9.40666919e-01,
         2.99774197e+00, -7.45287743e-01,  2.75827453e+00,
        -2.57752259e-01,  2.61945998e-01, -8.13079708e-02,
         2.09132461e-01,  5.46116972e-02, -6.21633387e-02,
         4.38753512e-03,  1.00165898e-01, -1.66425087e-01],
       [ 1.18485236e+00,  7.09103458e-01,  6.42312319e+00,
         1.81860121e+00,  5.50304479e-01,  2.99774197e+00,
         1.82269935e+01, -2.56280624e+00,  7.32410991e+00,
        -9.56462223e-01,  1.38807522e+00, -2.89540361e-01,
         2.74285162e-02,  1.38510254e-01, -5.12656235e-01,
        -3.48656262e-01,  2.00025060e-02, -5.21612148e-01],
       [-8.19447801e-01,  2.34932842e+00, -2.50173071e+00,
        -8.54168842e-01,  1.54873711e+00, -7.45287743e-01,
        -2.56280624e+00,  1.13126097e+01, -2.50629553e+00,
         2.57203429e-01, -1.75001389e+00, -5.24893082e-01,
        -2.31983641e-01,  9.60221768e-02,  9.23467310e-01,
         2.27374160e-01, -1.14463444e-01,  4.62722391e-01],
       [-2.16362462e+00,  7.21769860e-01,  4.98076248e+00,
        -1.08609763e-01,  4.48512967e-02,  2.75827453e+00,
         7.32410991e+00, -2.50629553e+00,  1.18117514e+01,
        -5.18192572e-01,  1.14481439e+00, -7.69731607e-01,
         4.72060641e-01, -2.88295110e-01, -3.33806393e-01,
         9.52833159e-02,  7.46928793e-02, -5.10197288e-01],
       [ 2.52657182e-02,  4.88983793e-01, -3.37047811e-01,
        -1.13771196e-01,  1.60815508e-01, -2.57752259e-01,
        -9.56462223e-01,  2.57203429e-01, -5.18192572e-01,
         9.04460971e-01, -1.32996734e-01, -1.16472015e-01,
        -2.62793814e-01, -1.25019167e-02,  1.20180502e-01,
        -7.37132322e-03,  2.49199598e-02,  2.43766099e-01],
       [ 7.47236129e-01,  2.74537772e-01,  1.07714683e+00,
         3.88777123e-01,  2.53111896e-02,  2.61945998e-01,
         1.38807522e+00, -1.75001389e+00,  1.14481439e+00,
        -1.32996734e-01,  1.01416797e+00, -2.83322678e-01,
        -4.66564150e-02, -2.16687253e-01, -3.19925550e-01,
        -8.18429570e-02, -3.54673387e-02, -1.61812302e-01],
       [-4.40593916e-01, -1.11940443e+00, -4.64791134e-01,
        -8.17798113e-02, -4.20012438e-01, -8.13079708e-02,
        -2.89540361e-01, -5.24893082e-01, -7.69731607e-01,
        -1.16472015e-01, -2.83322678e-01,  6.97228564e-01,
         1.27048813e-01,  2.24379759e-01,  4.37120881e-03,
        -3.01431375e-02,  1.10960552e-01, -9.70109797e-03],
       [-6.28233834e-01, -5.68613515e-01,  1.70983495e-01,
        -1.33456997e-01, -2.47978228e-01,  2.09132461e-01,
         2.74285162e-02, -2.31983641e-01,  4.72060641e-01,
        -2.62793814e-01, -4.66564150e-02,  1.27048813e-01,
         2.30173266e-01,  7.41960600e-02,  6.20134658e-04,
         6.38506164e-02,  8.17875066e-02, -1.05441602e-01],
       [-3.55386530e-01, -3.99120045e-01, -6.28472670e-02,
        -6.91116493e-02, -1.23707752e-01,  5.46116972e-02,
         1.38510254e-01,  9.60221768e-02, -2.88295110e-01,
        -1.25019167e-02, -2.16687253e-01,  2.24379759e-01,
         7.41960600e-02,  1.50441060e-01,  5.66724855e-02,
         2.38256957e-03,  9.22240773e-02,  9.28041088e-03],
       [-3.04307352e-01, -5.50110073e-03, -3.18709589e-01,
        -1.63229624e-01,  3.68091429e-02, -6.21633387e-02,
        -5.12656235e-01,  9.23467310e-01, -3.33806393e-01,
         1.20180502e-01, -3.19925550e-01,  4.37120881e-03,
         6.20134658e-04,  5.66724855e-02,  1.61095287e-01,
         3.98806100e-02,  1.37583215e-02,  9.43889668e-02],
       [-2.09426023e-01, -4.05032276e-02, -8.91294418e-02,
        -8.75106716e-02, -2.71914817e-02,  4.38753512e-03,
        -3.48656262e-01,  2.27374160e-01,  9.52833159e-02,
        -7.37132322e-03, -8.18429570e-02, -3.01431375e-02,
         6.38506164e-02,  2.38256957e-03,  3.98806100e-02,
         5.64683665e-02,  1.36146327e-02, -2.93621312e-03],
       [-3.70354783e-01, -2.71849355e-01,  1.08657925e-01,
        -7.58190308e-02, -1.09166810e-01,  1.00165898e-01,
         2.00025060e-02, -1.14463444e-01,  7.46928793e-02,
         2.49199598e-02, -3.54673387e-02,  1.10960552e-01,
         8.17875066e-02,  9.22240773e-02,  1.37583215e-02,
         1.36146327e-02,  1.01886783e-01, -1.47697427e-02],
       [ 1.43994904e-01,  1.91163495e-01, -3.11757631e-01,
        -2.51071387e-02,  9.56074955e-02, -1.66425087e-01,
        -5.21612148e-01,  4.62722391e-01, -5.10197288e-01,
         2.43766099e-01, -1.61812302e-01, -9.70109797e-03,
        -1.05441602e-01,  9.28041088e-03,  9.43889668e-02,
        -2.93621312e-03, -1.47697427e-02,  1.30131824e-01]])
      jac: array([ 3.12712819e-06,  8.15514323e-06, -4.15989465e-05,  3.64523226e-08,
       -7.98805466e-07,  9.42860604e-05, -7.71790039e-07, -1.97971269e-06,
       -4.66164144e-06,  2.61290989e-06,  1.09245946e-05, -5.33887749e-06,
       -1.75668739e-05,  9.47815900e-06, -3.03020572e-05,  1.80598129e-05,
       -7.36503451e-06,  1.19128781e-05])
  message: 'Desired error not necessarily achieved due to precision loss.'
     nfev: 2064
      nit: 63
     njev: 108
   status: 2
  success: False
        x: array([-0.78645648, -1.00887686,  0.49439628, -1.12460273, -1.06316572,
        0.10835593, -0.93668543, -1.47930019, -0.80448302,  0.07044782,
        0.60664825,  1.12272322,  0.09846558,  0.26376341, -0.28882323,
        1.2784133 , -0.06682664,  0.00262018])
