Program Begingeth
      fun: 0.3236326335475365
 hess_inv: array([[ 1.10313346e+01,  2.42226519e+00,  2.20873065e+00,
         3.23617659e+00,  1.62431253e+00,  3.04177205e-01,
         5.70639567e+00, -2.76421984e-01, -3.22575404e+00,
        -7.08376519e-01,  2.73462652e-01, -2.10073916e-01,
        -1.78860757e+00, -2.43155938e-01, -1.39142827e-01,
        -2.44843399e-01, -1.13135018e+00,  3.04478382e-01],
       [ 2.42226519e+00,  3.64241757e+00,  7.82457638e-01,
         4.42646504e-01,  1.50773643e+00,  3.70883299e-01,
         8.03389058e-01,  2.13996234e+00,  7.03273468e-01,
        -3.59668764e-01, -6.84009998e-02, -1.01139843e+00,
        -4.87349781e-01, -3.12191174e-01,  3.22891296e-01,
         8.65089687e-02, -2.25478669e-01,  1.58044739e-01],
       [ 2.20873065e+00,  7.82457638e-01,  4.93884280e+00,
         1.12081315e+00,  1.10458045e-01,  1.69145902e+00,
         6.02240583e+00, -2.30308153e+00,  1.37697831e+00,
        -2.09735235e-01,  1.11521863e+00, -4.65930416e-01,
        -1.43029193e-01, -4.23130579e-01, -2.49388966e-01,
         4.08237723e-02, -1.60067957e-01,  1.70140584e-01],
       [ 3.23617659e+00,  4.42646504e-01,  1.12081315e+00,
         1.10479664e+00,  3.49125540e-01,  2.59851367e-01,
         2.73209395e+00, -4.41295452e-01, -9.59316046e-01,
        -2.07698569e-01,  1.56120409e-01,  2.13337251e-02,
        -4.31271731e-01, -4.40992297e-02, -8.39491398e-02,
        -5.30887284e-02, -2.82007353e-01,  9.00907994e-02],
       [ 1.62431253e+00,  1.50773643e+00,  1.10458045e-01,
         3.49125540e-01,  7.41631779e-01,  5.59823403e-02,
         3.88685594e-01,  1.30564033e+00, -1.18960653e-01,
        -2.37169157e-01, -1.03749641e-01, -3.05637783e-01,
        -3.11174098e-01, -7.30379951e-02,  1.36387174e-01,
        -8.93392165e-03, -1.59771175e-01,  7.55309110e-02],
       [ 3.04177205e-01,  3.70883299e-01,  1.69145902e+00,
         2.59851367e-01,  5.59823403e-02,  6.81357422e-01,
         2.03636514e+00, -4.87884506e-01,  9.79337469e-01,
        -1.72212118e-01,  2.48756388e-01, -1.95733700e-01,
         6.35205394e-02, -1.28853859e-01, -1.52574877e-02,
         4.78367075e-02, -9.32829913e-03,  5.40956287e-02],
       [ 5.70639567e+00,  8.03389058e-01,  6.02240583e+00,
         2.73209395e+00,  3.88685594e-01,  2.03636514e+00,
         1.24065074e+01, -2.55644292e+00, -3.38510969e-01,
        -3.35837236e-01,  7.71608549e-01, -1.18617347e-01,
        -4.35616879e-01, -1.78588900e-01, -2.19820491e-01,
         1.12778966e-03, -3.18002135e-01,  3.01222076e-01],
       [-2.76421984e-01,  2.13996234e+00, -2.30308153e+00,
        -4.41295452e-01,  1.30564033e+00, -4.87884506e-01,
        -2.55644292e+00,  6.49270811e+00,  6.09041271e-02,
        -6.91086608e-01, -7.89190886e-01, -2.88495920e-01,
         4.37480512e-02,  1.48128497e-01,  5.47366198e-01,
         5.45721329e-02,  1.12713208e-02,  1.40952496e-02],
       [-3.22575404e+00,  7.03273468e-01,  1.37697831e+00,
        -9.59316046e-01, -1.18960653e-01,  9.79337469e-01,
        -3.38510969e-01,  6.09041271e-02,  4.79333175e+00,
        -2.58239553e-01,  1.05504835e-01, -4.41254625e-01,
         5.94148274e-01, -2.78532625e-01,  1.11602703e-01,
         1.85717073e-01,  2.32234685e-01, -7.46222033e-02],
       [-7.08376519e-01, -3.59668764e-01, -2.09735235e-01,
        -2.07698569e-01, -2.37169157e-01, -1.72212118e-01,
        -3.35837236e-01, -6.91086608e-01, -2.58239553e-01,
         9.28111134e-01, -6.40352853e-02,  6.97169522e-02,
        -9.47694131e-02,  5.87925032e-02,  2.45129287e-02,
        -7.17809160e-03,  1.15986141e-01,  1.46405798e-01],
       [ 2.73462652e-01, -6.84009998e-02,  1.11521863e+00,
         1.56120409e-01, -1.03749641e-01,  2.48756388e-01,
         7.71608549e-01, -7.89190886e-01,  1.05504835e-01,
        -6.40352853e-02,  9.39980892e-01, -1.23965900e-01,
        -1.62783743e-02, -2.57700999e-01, -2.57798723e-01,
        -2.32328080e-02, -4.33327971e-02, -9.22612130e-02],
       [-2.10073916e-01, -1.01139843e+00, -4.65930416e-01,
         2.13337251e-02, -3.05637783e-01, -1.95733700e-01,
        -1.18617347e-01, -2.88495920e-01, -4.41254625e-01,
         6.97169522e-02, -1.23965900e-01,  6.57512200e-01,
         3.65826327e-02,  2.03122334e-01, -1.27960473e-01,
        -9.35084437e-02,  5.76597782e-02, -2.39888126e-02],
       [-1.78860757e+00, -4.87349781e-01, -1.43029193e-01,
        -4.31271731e-01, -3.11174098e-01,  6.35205394e-02,
        -4.35616879e-01,  4.37480512e-02,  5.94148274e-01,
        -9.47694131e-02, -1.62783743e-02,  3.65826327e-02,
         4.31601960e-01,  4.72523925e-02,  9.00309009e-03,
         9.30930999e-02,  2.14098055e-01, -9.30292256e-02],
       [-2.43155938e-01, -3.12191174e-01, -4.23130579e-01,
        -4.40992297e-02, -7.30379951e-02, -1.28853859e-01,
        -1.78588900e-01,  1.48128497e-01, -2.78532625e-01,
         5.87925032e-02, -2.57700999e-01,  2.03122334e-01,
         4.72523925e-02,  1.54913969e-01,  3.36404231e-02,
        -1.48239524e-02,  7.08834471e-02,  1.59605441e-02],
       [-1.39142827e-01,  3.22891296e-01, -2.49388966e-01,
        -8.39491398e-02,  1.36387174e-01, -1.52574877e-02,
        -2.19820491e-01,  5.47366198e-01,  1.11602703e-01,
         2.45129287e-02, -2.57798723e-01, -1.27960473e-01,
         9.00309009e-03,  3.36404231e-02,  1.50510600e-01,
         3.38434530e-02,  1.70503209e-02,  5.84942244e-02],
       [-2.44843399e-01,  8.65089687e-02,  4.08237723e-02,
        -5.30887284e-02, -8.93392165e-03,  4.78367075e-02,
         1.12778966e-03,  5.45721329e-02,  1.85717073e-01,
        -7.17809160e-03, -2.32328080e-02, -9.35084437e-02,
         9.30930999e-02, -1.48239524e-02,  3.38434530e-02,
         6.42487084e-02,  3.85775057e-02, -6.07131123e-03],
       [-1.13135018e+00, -2.25478669e-01, -1.60067957e-01,
        -2.82007353e-01, -1.59771175e-01, -9.32829913e-03,
        -3.18002135e-01,  1.12713208e-02,  2.32234685e-01,
         1.15986141e-01, -4.33327971e-02,  5.76597782e-02,
         2.14098055e-01,  7.08834471e-02,  1.70503209e-02,
         3.85775057e-02,  1.79966381e-01, -1.79060792e-02],
       [ 3.04478382e-01,  1.58044739e-01,  1.70140584e-01,
         9.00907994e-02,  7.55309110e-02,  5.40956287e-02,
         3.01222076e-01,  1.40952496e-02, -7.46222033e-02,
         1.46405798e-01, -9.22612130e-02, -2.39888126e-02,
        -9.30292256e-02,  1.59605441e-02,  5.84942244e-02,
        -6.07131123e-03, -1.79060792e-02,  9.35292367e-02]])
      jac: array([-7.00439706e-06,  1.52300395e-05,  1.40424709e-05,  1.48262883e-05,
       -4.41620814e-05, -4.01482551e-05,  6.29496455e-07,  2.08240832e-06,
        5.62401977e-06, -2.10938674e-05, -3.33548004e-06, -2.50891900e-05,
       -6.77432184e-05,  3.85484237e-05, -3.15044287e-06,  1.38881499e-05,
        2.60003130e-05, -1.90455059e-05])
  message: 'Desired error not necessarily achieved due to precision loss.'
     nfev: 2424
      nit: 67
     njev: 127
   status: 2
  success: False
        x: array([-0.64156978, -1.04400704, -0.03879582, -1.21326313, -1.02132538,
       -0.11783253, -1.82022183, -1.2546648 , -1.06197994,  0.1295886 ,
        0.41554698,  1.16731234,  0.07673255,  0.11560134, -0.2772011 ,
        1.35270075, -0.54254634,  0.01215947])
