Program Begingeth
      fun: 0.31613849518674575
 hess_inv: array([[ 4.44994255e+00, -1.56318141e+00,  3.26704829e-01,
         1.54556305e+00, -8.04843379e-01,  1.11107033e+00,
         1.25335586e+00,  6.21799120e-01,  3.99099862e+00,
         1.12217073e-02, -1.03307426e+00,  5.22544981e-01,
        -6.34588975e-01,  3.40094259e-01,  4.50554138e-01,
        -3.11151394e-01,  4.37817271e-01, -1.85377396e-01],
       [-1.56318141e+00,  4.38492768e+00,  9.26529711e-01,
        -4.94385959e-01,  1.93686246e+00, -3.58818766e-03,
        -3.78147465e+00,  1.24851849e+00,  3.21324174e+00,
        -4.59778104e-01,  6.30320491e-01, -1.25882054e+00,
         6.18925157e-01, -3.93633907e-01, -2.64509710e-01,
         1.41408925e-01, -3.80866441e-01,  8.87116142e-02],
       [ 3.26704829e-01,  9.26529711e-01,  1.87251181e+00,
        -1.35989752e-01,  3.29855150e-01,  8.44605352e-01,
        -2.43601824e+00, -1.30159330e+00,  2.83178002e+00,
        -3.20621750e-02,  5.67697016e-01, -3.51021719e-01,
        -5.98432655e-02, -5.82933651e-02, -1.31400570e-01,
         5.89044105e-02,  4.77624745e-02, -1.05909196e-01],
       [ 1.54556305e+00, -4.94385959e-01, -1.35989752e-01,
         6.19807727e-01, -2.55746867e-01,  2.76078140e-01,
         9.39932014e-01,  5.27914515e-01,  1.25478548e+00,
        -3.64254460e-02, -4.52842583e-01,  1.40870396e-01,
        -1.67105557e-01,  9.84233920e-02,  1.97962169e-01,
        -1.11649597e-01,  1.20798672e-01, -2.39003209e-02],
       [-8.04843379e-01,  1.93686246e+00,  3.29855150e-01,
        -2.55746867e-01,  9.56772581e-01, -4.00454677e-02,
        -2.18133313e+00,  1.12841683e+00,  1.05846895e+00,
        -1.16528790e-01,  2.28482031e-01, -4.90060144e-01,
         3.33911717e-01, -1.38669644e-01, -1.06443997e-01,
         1.11174000e-01, -2.19633689e-01,  4.66158580e-02],
       [ 1.11107033e+00, -3.58818766e-03,  8.44605352e-01,
         2.76078140e-01, -4.00454677e-02,  6.48887683e-01,
        -8.87822607e-01, -2.33751394e-01,  2.25665538e+00,
         8.45014209e-02, -7.76995356e-02,  2.61152455e-03,
        -1.93915248e-01,  6.48879506e-02,  8.22346093e-02,
        -6.36196527e-02,  1.00656644e-01, -7.81230887e-02],
       [ 1.25335586e+00, -3.78147465e+00, -2.43601824e+00,
         9.39932014e-01, -2.18133313e+00, -8.87822607e-01,
         1.20376395e+01, -2.06224204e+00, -3.92283168e+00,
        -3.91741596e-01, -8.56861842e-01,  7.15495083e-01,
        -5.95419027e-01,  2.34960580e-01,  3.83200930e-01,
        -3.96976126e-01,  7.20730756e-01,  2.07737059e-01],
       [ 6.21799120e-01,  1.24851849e+00, -1.30159330e+00,
         5.27914515e-01,  1.12841683e+00, -2.33751394e-01,
        -2.06224204e+00,  7.32256001e+00,  3.59951309e-01,
         1.88458253e-01, -1.02074475e+00, -1.42743641e-01,
         3.28808668e-01,  1.50097972e-01,  4.42028149e-01,
        -5.00865592e-02, -2.51505777e-01,  1.71827457e-01],
       [ 3.99099862e+00,  3.21324174e+00,  2.83178002e+00,
         1.25478548e+00,  1.05846895e+00,  2.25665538e+00,
        -3.92283168e+00,  3.59951309e-01,  1.37508574e+01,
        -3.53872777e-01, -7.80318490e-02, -8.95515970e-01,
        -3.32418531e-01, -2.55824158e-01,  2.33747790e-01,
        -3.58935817e-01,  6.13133784e-02, -1.31840080e-01],
       [ 1.12217073e-02, -4.59778104e-01, -3.20621750e-02,
        -3.64254460e-02, -1.16528790e-01,  8.45014209e-02,
        -3.91741596e-01,  1.88458253e-01, -3.53872777e-01,
         7.43410266e-01,  1.58829863e-03,  1.20155709e-01,
        -1.74987512e-01,  6.34818336e-03, -3.65168536e-02,
         4.84670492e-03, -7.77527776e-02, -1.82823203e-01],
       [-1.03307426e+00,  6.30320491e-01,  5.67697016e-01,
        -4.52842583e-01,  2.28482031e-01, -7.76995356e-02,
        -8.56861842e-01, -1.02074475e+00, -7.80318490e-02,
         1.58829863e-03,  9.99437168e-01, -3.29635690e-01,
         1.20063967e-01, -2.49221829e-01, -3.07301827e-01,
         1.15965454e-01, -9.54536836e-02, -1.07020309e-01],
       [ 5.22544981e-01, -1.25882054e+00, -3.51021719e-01,
         1.40870396e-01, -4.90060144e-01,  2.61152455e-03,
         7.15495083e-01, -1.42743641e-01, -8.95515970e-01,
         1.20155709e-01, -3.29635690e-01,  7.16306584e-01,
        -1.37207695e-01,  2.16946799e-01,  5.12803627e-02,
         2.02618580e-02,  1.42004615e-01, -1.21178752e-03],
       [-6.34588975e-01,  6.18925157e-01, -5.98432655e-02,
        -1.67105557e-01,  3.33911717e-01, -1.93915248e-01,
        -5.95419027e-01,  3.28808668e-01, -3.32418531e-01,
        -1.74987512e-01,  1.20063967e-01, -1.37207695e-01,
         2.62817426e-01, -7.08597559e-02, -5.20101939e-02,
         1.20302186e-01, -1.36288803e-01,  8.72322646e-02],
       [ 3.40094259e-01, -3.93633907e-01, -5.82933651e-02,
         9.84233920e-02, -1.38669644e-01,  6.48879506e-02,
         2.34960580e-01,  1.50097972e-01, -2.55824158e-01,
         6.34818336e-03, -2.49221829e-01,  2.16946799e-01,
        -7.08597559e-02,  1.46836879e-01,  6.88106387e-02,
        -1.39953302e-02,  1.07037683e-01,  1.65948070e-02],
       [ 4.50554138e-01, -2.64509710e-01, -1.31400570e-01,
         1.97962169e-01, -1.06443997e-01,  8.22346093e-02,
         3.83200930e-01,  4.42028149e-01,  2.33747790e-01,
        -3.65168536e-02, -3.07301827e-01,  5.12803627e-02,
        -5.20101939e-02,  6.88106387e-02,  1.57035710e-01,
        -6.09686828e-02,  3.87848371e-02,  6.66767751e-02],
       [-3.11151394e-01,  1.41408925e-01,  5.89044105e-02,
        -1.11649597e-01,  1.11174000e-01, -6.36196527e-02,
        -3.96976126e-01, -5.00865592e-02, -3.58935817e-01,
         4.84670492e-03,  1.15965454e-01,  2.02618580e-02,
         1.20302186e-01, -1.39953302e-02, -6.09686828e-02,
         1.09999631e-01, -6.06168718e-02,  9.27332794e-03],
       [ 4.37817271e-01, -3.80866441e-01,  4.77624745e-02,
         1.20798672e-01, -2.19633689e-01,  1.00656644e-01,
         7.20730756e-01, -2.51505777e-01,  6.13133784e-02,
        -7.77527776e-02, -9.54536836e-02,  1.42004615e-01,
        -1.36288803e-01,  1.07037683e-01,  3.87848371e-02,
        -6.06168718e-02,  1.83294540e-01, -7.43622661e-03],
       [-1.85377396e-01,  8.87116142e-02, -1.05909196e-01,
        -2.39003209e-02,  4.66158580e-02, -7.81230887e-02,
         2.07737059e-01,  1.71827457e-01, -1.31840080e-01,
        -1.82823203e-01, -1.07020309e-01, -1.21178752e-03,
         8.72322646e-02,  1.65948070e-02,  6.66767751e-02,
         9.27332794e-03, -7.43622661e-03,  1.29058182e-01]])
      jac: array([ 1.42737674e-05,  1.28515717e-05, -1.47445019e-05, -3.35339164e-05,
       -2.36473804e-05,  3.84847709e-05,  2.68488935e-06,  6.43559280e-07,
       -3.21187521e-06,  8.36960131e-06,  8.92212230e-06, -5.63068111e-06,
        4.10349532e-05,  2.30685841e-05, -1.79778414e-05, -2.65517238e-05,
       -1.85381340e-05,  1.56878214e-05])
  message: 'Desired error not necessarily achieved due to precision loss.'
     nfev: 2216
      nit: 78
     njev: 116
   status: 2
  success: False
        x: array([ 0.87652313, -1.16111388,  0.60841936,  1.11287086, -1.19285567,
        0.16873894,  0.67347565, -2.00966269, -0.42170873,  0.04447455,
        0.56146722,  1.19320628, -0.0063618 ,  0.06930969, -0.34514877,
       -1.06503665, -0.54381849, -0.0363443 ])
