Program Begingeth
      fun: 0.2333593256780098
 hess_inv: array([[ 3.20109679e+00,  8.14626803e-02, -5.22327026e-01,
        -5.87131063e-01,  5.07245762e-01, -4.20350092e-01,
        -4.06432551e-01,  3.28774012e+00, -2.52467234e+00,
         1.69971033e+00, -5.55818071e-01,  2.81116440e+00,
        -2.47344175e+00,  3.59655347e-01, -7.58223393e-01,
        -3.23535159e-01, -8.93524541e-03, -1.54428897e-01],
       [ 8.14626803e-02,  2.06669230e+00, -4.29662422e-01,
        -3.27979120e-01, -2.56195950e-01, -2.36498950e-01,
        -1.31740074e+00,  1.97942938e-01, -1.16089054e-02,
         3.40567432e-01,  9.59605169e-01, -1.69962963e-01,
        -3.52798306e-01, -1.45767087e+00,  1.85970009e-01,
        -1.50788911e-02, -1.88005968e-01,  2.89041186e-01],
       [-5.22327026e-01, -4.29662422e-01,  1.67424601e+00,
         3.09928366e-01,  2.62749397e-01, -9.50580674e-02,
         1.62692782e+00, -8.68743754e-02,  2.47828316e-01,
        -1.56045313e+00, -3.04733525e-01,  4.68943637e-03,
         8.31876719e-01,  4.79218159e-01, -9.81733904e-01,
         1.10549320e-01, -4.05541185e-02, -2.56900909e-01],
       [-5.87131063e-01, -3.27979120e-01,  3.09928366e-01,
         3.27914793e-01, -9.94206300e-02,  4.08957197e-02,
         6.38327194e-01, -1.29584649e+00,  2.39906122e-01,
        -5.70314304e-01,  2.03014979e-01, -3.20653799e-01,
         7.23844357e-01,  8.04780094e-02, -5.88367478e-02,
         1.08488002e-01,  1.50295668e-03, -3.72700380e-02],
       [ 5.07245762e-01, -2.56195950e-01,  2.62749397e-01,
        -9.94206300e-02,  2.94697448e-01, -4.57097966e-02,
         4.65207752e-01,  1.36025409e+00, -3.31468676e-01,
         7.20579475e-02, -4.58268502e-01,  5.16455713e-01,
        -3.90579431e-01,  4.40182142e-01, -3.11711824e-01,
        -5.02056528e-02,  5.28394026e-02, -9.35190963e-02],
       [-4.20350092e-01, -2.36498950e-01, -9.50580674e-02,
         4.08957197e-02, -4.57097966e-02,  1.82595917e-01,
        -9.86281535e-03, -2.31928649e-01,  6.50906223e-01,
        -8.99687544e-02, -1.53944562e-01, -4.37438932e-01,
         2.55189023e-01,  1.25399676e-01,  3.01188980e-01,
         2.94952171e-02,  3.43406157e-02,  4.25185643e-02],
       [-4.06432551e-01, -1.31740074e+00,  1.62692782e+00,
         6.38327194e-01,  4.65207752e-01, -9.86281535e-03,
         4.11647917e+00,  8.65427069e-02, -7.75061695e-02,
        -1.17820847e+00, -5.61656199e-01,  3.39319401e-01,
         8.50510885e-01,  1.19696870e+00, -9.63895927e-01,
         1.05182663e-01,  1.09669598e-01, -3.03478845e-01],
       [ 3.28774012e+00,  1.97942938e-01, -8.68743754e-02,
        -1.29584649e+00,  1.36025409e+00, -2.31928649e-01,
         8.65427069e-02,  1.02634419e+01, -1.71945610e+00,
         2.01696866e+00, -1.50839222e+00,  2.40452023e+00,
        -3.47583528e+00,  9.81007876e-01, -6.79320553e-01,
        -5.49859083e-01,  1.17698667e-01, -9.90801741e-02],
       [-2.52467234e+00, -1.16089054e-02,  2.47828316e-01,
         2.39906122e-01, -3.31468676e-01,  6.50906223e-01,
        -7.75061695e-02, -1.71945610e+00,  4.48859492e+00,
        -1.26957716e+00, -2.34543825e-01, -2.04013682e+00,
         1.74410378e+00, -1.48063737e-01,  7.92160485e-01,
         2.57751705e-01,  9.28154750e-03,  1.47869413e-01],
       [ 1.69971033e+00,  3.40567432e-01, -1.56045313e+00,
        -5.70314304e-01,  7.20579475e-02, -8.99687544e-02,
        -1.17820847e+00,  2.01696866e+00, -1.26957716e+00,
         2.33727124e+00, -1.86860330e-01,  1.06345653e+00,
        -1.88382610e+00, -1.06280665e-01,  4.98451776e-01,
        -2.65604732e-01,  8.10097120e-02,  1.30609505e-01],
       [-5.55818071e-01,  9.59605169e-01, -3.04733525e-01,
         2.03014979e-01, -4.58268502e-01, -1.53944562e-01,
        -5.61656199e-01, -1.50839222e+00, -2.34543825e-01,
        -1.86860330e-01,  2.37077187e+00, -7.07696494e-01,
         4.42636386e-01, -1.38614536e+00,  3.67709847e-01,
        -9.15280273e-02, -1.74339703e-01,  3.07752746e-01],
       [ 2.81116440e+00, -1.69962963e-01,  4.68943637e-03,
        -3.20653799e-01,  5.16455713e-01, -4.37438932e-01,
         3.39319401e-01,  2.40452023e+00, -2.04013682e+00,
         1.06345653e+00, -7.07696494e-01,  3.07927356e+00,
        -1.86110533e+00,  5.52102246e-01, -1.17774054e+00,
        -1.81744626e-01, -2.71352822e-02, -2.89359937e-01],
       [-2.47344175e+00, -3.52798306e-01,  8.31876719e-01,
         7.23844357e-01, -3.90579431e-01,  2.55189023e-01,
         8.50510885e-01, -3.47583528e+00,  1.74410378e+00,
        -1.88382610e+00,  4.42636386e-01, -1.86110533e+00,
         2.34674253e+00, -1.17815041e-01,  2.07168611e-01,
         3.62115422e-01, -2.09173910e-02,  8.12736233e-03],
       [ 3.59655347e-01, -1.45767087e+00,  4.79218159e-01,
         8.04780094e-02,  4.40182142e-01,  1.25399676e-01,
         1.19696870e+00,  9.81007876e-01, -1.48063737e-01,
        -1.06280665e-01, -1.38614536e+00,  5.52102246e-01,
        -1.17815041e-01,  1.41215178e+00, -3.86348559e-01,
         1.28491257e-02,  2.02463330e-01, -2.82042512e-01],
       [-7.58223393e-01,  1.85970009e-01, -9.81733904e-01,
        -5.88367478e-02, -3.11711824e-01,  3.01188980e-01,
        -9.63895927e-01, -6.79320553e-01,  7.92160485e-01,
         4.98451776e-01,  3.67709847e-01, -1.17774054e+00,
         2.07168611e-01, -3.86348559e-01,  1.11537094e+00,
        -5.17315675e-03,  4.55861606e-02,  2.93938866e-01],
       [-3.23535159e-01, -1.50788911e-02,  1.10549320e-01,
         1.08488002e-01, -5.02056528e-02,  2.94952171e-02,
         1.05182663e-01, -5.49859083e-01,  2.57751705e-01,
        -2.65604732e-01, -9.15280273e-02, -1.81744626e-01,
         3.62115422e-01,  1.28491257e-02, -5.17315675e-03,
         9.99738227e-02, -1.00561993e-03, -1.52372374e-02],
       [-8.93524541e-03, -1.88005968e-01, -4.05541185e-02,
         1.50295668e-03,  5.28394026e-02,  3.43406157e-02,
         1.09669598e-01,  1.17698667e-01,  9.28154750e-03,
         8.10097120e-02, -1.74339703e-01, -2.71352822e-02,
        -2.09173910e-02,  2.02463330e-01,  4.55861606e-02,
        -1.00561993e-03,  6.28951029e-02, -1.45700423e-02],
       [-1.54428897e-01,  2.89041186e-01, -2.56900909e-01,
        -3.72700380e-02, -9.35190963e-02,  4.25185643e-02,
        -3.03478845e-01, -9.90801741e-02,  1.47869413e-01,
         1.30609505e-01,  3.07752746e-01, -2.89359937e-01,
         8.12736233e-03, -2.82042512e-01,  2.93938866e-01,
        -1.52372374e-02, -1.45700423e-02,  1.31243425e-01]])
      jac: array([ 9.91799235e-08, -2.09462077e-07, -4.83872202e-07, -9.51831206e-07,
        1.15833269e-07,  4.81651756e-07,  1.01955481e-07, -4.99600361e-09,
       -1.76525461e-07, -7.62353144e-08,  5.16253706e-08, -1.15833269e-07,
        3.53050922e-07, -2.17788750e-07, -8.09722659e-07,  2.04095999e-07,
        3.86172575e-07,  6.13583258e-07])
  message: 'Optimization terminated successfully.'
     nfev: 1083
      nit: 45
     njev: 57
   status: 0
  success: True
        x: array([ 0.55522114, -0.0657141 ,  0.47550361,  0.2014076 , -1.18088213,
       -0.44414648,  1.15809439, -1.64305893, -0.64370416, -0.84761513,
        0.08121429,  0.51435331,  0.12853688, -0.02518937, -0.15086676,
        0.07167258,  1.42791484, -0.4947196 ])
