Program Begingeth
      fun: 0.2732068336101077
 hess_inv: array([[ 4.81357732e+00,  1.43867620e+00,  3.70330624e-01,
         1.20150736e+00,  7.30670556e-01, -9.74032603e-01,
         1.56335002e+00, -1.43995546e+00, -1.83552706e+00,
        -8.18401108e-01,  7.66053978e-01, -9.14198709e-01,
        -7.96117052e-01, -3.50599210e-01, -4.05617994e-01,
        -7.53931821e-02, -5.65421067e-01,  5.38173612e-01],
       [ 1.43867620e+00,  3.15818181e+00,  1.24787772e+00,
         3.16795370e-01,  1.17115165e+00, -5.95480510e-02,
         2.97280741e+00,  3.16551952e-01,  2.47657941e+00,
        -1.11497997e-02,  3.40143896e-01, -1.59113839e+00,
        -4.82283121e-01, -3.75705068e-01, -2.78984424e-01,
         5.27823908e-03, -1.71355635e-01,  1.57529088e-01],
       [ 3.70330624e-01,  1.24787772e+00,  2.12705462e+00,
         3.74002315e-01,  4.78632434e-01,  4.92332592e-01,
         3.39114895e+00, -1.57846115e+00,  1.88639901e+00,
        -7.30426821e-02,  8.90632295e-01, -1.07336028e+00,
        -1.21148084e-01, -1.98750011e-01, -3.20944294e-01,
        -1.75597722e-01, -9.29210164e-02, -4.77205314e-02],
       [ 1.20150736e+00,  3.16795370e-01,  3.74002315e-01,
         4.20825363e-01,  1.88796708e-01, -1.45881699e-01,
         1.22599606e+00, -7.18490302e-01, -4.28742467e-01,
        -2.61655267e-01,  3.53711982e-01, -2.29839172e-01,
        -1.39573672e-01, -6.87574324e-02, -1.69722806e-01,
        -4.08141248e-02, -1.32010941e-01,  6.94971928e-02],
       [ 7.30670556e-01,  1.17115165e+00,  4.78632434e-01,
         1.88796708e-01,  6.28533033e-01, -7.12248953e-03,
         2.48508573e+00,  7.54067298e-01,  5.20774320e-01,
        -2.03276779e-01,  9.97811772e-02, -4.95513887e-01,
        -2.85093675e-01, -7.54325328e-02, -8.67721852e-02,
        -6.09993286e-02, -1.89662489e-01,  6.17664247e-02],
       [-9.74032603e-01, -5.95480510e-02,  4.92332592e-01,
        -1.45881699e-01, -7.12248953e-03,  4.49934862e-01,
         1.17691589e+00,  1.92125562e-01,  1.11433877e+00,
         1.42189086e-02, -4.80895891e-02, -1.84629429e-02,
         1.79731587e-01,  5.64040895e-02,  6.68861811e-02,
         1.18719337e-03,  5.67841618e-02, -1.41136760e-01],
       [ 1.56335002e+00,  2.97280741e+00,  3.39114895e+00,
         1.22599606e+00,  2.48508573e+00,  1.17691589e+00,
         2.18203759e+01,  2.11373335e+00,  3.10258331e+00,
        -1.79723878e+00,  1.01866592e+00, -1.34512840e+00,
        -8.27974068e-01, -1.80879826e-01, -4.61958900e-01,
        -4.27924482e-01, -1.44692864e+00, -4.34908758e-01],
       [-1.43995546e+00,  3.16551952e-01, -1.57846115e+00,
        -7.18490302e-01,  7.54067298e-01,  1.92125562e-01,
         2.11373335e+00,  8.07804935e+00, -3.19326675e-01,
        -1.22311853e-01, -1.53496053e+00,  6.02155299e-01,
        -6.31852567e-02,  3.97341256e-01,  7.58005509e-01,
         2.38551352e-01, -9.86703012e-03,  3.61967160e-02],
       [-1.83552706e+00,  2.47657941e+00,  1.88639901e+00,
        -4.28742467e-01,  5.20774320e-01,  1.11433877e+00,
         3.10258331e+00, -3.19326675e-01,  8.18249929e+00,
         3.08149848e-01,  1.91010023e-01, -1.50140540e+00,
         2.14718927e-01, -5.20041150e-01, -6.72614196e-02,
         2.15700968e-01,  2.84778394e-02, -2.27942933e-01],
       [-8.18401108e-01, -1.11497997e-02, -7.30426821e-02,
        -2.61655267e-01, -2.03276779e-01,  1.42189086e-02,
        -1.79723878e+00, -1.22311853e-01,  3.08149848e-01,
         7.69428735e-01, -1.58289403e-01,  1.22511877e-02,
         6.10823129e-02,  3.99270064e-02,  6.83677753e-02,
         3.67348059e-02,  2.71990127e-01,  6.75977195e-02],
       [ 7.66053978e-01,  3.40143896e-01,  8.90632295e-01,
         3.53711982e-01,  9.97811772e-02, -4.80895891e-02,
         1.01866592e+00, -1.53496053e+00,  1.91010023e-01,
        -1.58289403e-01,  1.08199681e+00, -5.19795913e-01,
        -1.04682183e-01, -2.47717002e-01, -3.72338110e-01,
        -1.42704836e-01, -1.02218710e-01, -8.48092662e-02],
       [-9.14198709e-01, -1.59113839e+00, -1.07336028e+00,
        -2.29839172e-01, -4.95513887e-01, -1.84629429e-02,
        -1.34512840e+00,  6.02155299e-01, -1.50140540e+00,
         1.22511877e-02, -5.19795913e-01,  1.26420945e+00,
         2.33665633e-01,  3.43139392e-01,  1.90431295e-01,
        -1.29217309e-02,  1.40038872e-01, -8.36733206e-02],
       [-7.96117052e-01, -4.82283121e-01, -1.21148084e-01,
        -1.39573672e-01, -2.85093675e-01,  1.79731587e-01,
        -8.27974068e-01, -6.31852567e-02,  2.14718927e-01,
         6.10823129e-02, -1.04682183e-01,  2.33665633e-01,
         3.01245448e-01,  7.49997518e-02,  6.19879898e-02,
         9.12048497e-02,  1.80231819e-01, -1.39175834e-01],
       [-3.50599210e-01, -3.75705068e-01, -1.98750011e-01,
        -6.87574324e-02, -7.54325328e-02,  5.64040895e-02,
        -1.80879826e-01,  3.97341256e-01, -5.20041150e-01,
         3.99270064e-02, -2.47717002e-01,  3.43139392e-01,
         7.49997518e-02,  1.75152603e-01,  9.02283503e-02,
        -1.00512826e-02,  9.18345455e-02, -9.17485513e-03],
       [-4.05617994e-01, -2.78984424e-01, -3.20944294e-01,
        -1.69722806e-01, -8.67721852e-02,  6.68861811e-02,
        -4.61958900e-01,  7.58005509e-01, -6.72614196e-02,
         6.83677753e-02, -3.72338110e-01,  1.90431295e-01,
         6.19879898e-02,  9.02283503e-02,  1.89926021e-01,
         6.31481793e-02,  4.02972149e-02,  4.02008657e-02],
       [-7.53931821e-02,  5.27823908e-03, -1.75597722e-01,
        -4.08141248e-02, -6.09993286e-02,  1.18719337e-03,
        -4.27924482e-01,  2.38551352e-01,  2.15700968e-01,
         3.67348059e-02, -1.42704836e-01, -1.29217309e-02,
         9.12048497e-02, -1.00512826e-02,  6.31481793e-02,
         1.14247645e-01,  5.17309138e-02,  1.97363967e-03],
       [-5.65421067e-01, -1.71355635e-01, -9.29210164e-02,
        -1.32010941e-01, -1.89662489e-01,  5.67841618e-02,
        -1.44692864e+00, -9.86703012e-03,  2.84778394e-02,
         2.71990127e-01, -1.02218710e-01,  1.40038872e-01,
         1.80231819e-01,  9.18345455e-02,  4.02972149e-02,
         5.17309138e-02,  2.60273624e-01, -2.97764584e-02],
       [ 5.38173612e-01,  1.57529088e-01, -4.77205314e-02,
         6.94971928e-02,  6.17664247e-02, -1.41136760e-01,
        -4.34908758e-01,  3.61967160e-02, -2.27942933e-01,
         6.75977195e-02, -8.48092662e-02, -8.36733206e-02,
        -1.39175834e-01, -9.17485513e-03,  4.02008657e-02,
         1.97363967e-03, -2.97764584e-02,  1.78409778e-01]])
      jac: array([-2.14754140e-06, -4.58263057e-06, -5.44564394e-06,  4.57337871e-06,
        1.24252460e-05,  1.09131223e-05, -8.84477676e-08, -6.73165227e-07,
       -1.02880667e-06, -3.23074900e-07, -2.24265051e-06, -3.54642242e-06,
        5.25357535e-06, -1.38481819e-05, -1.15603823e-05, -5.70987702e-06,
        8.17938310e-06,  1.42519330e-05])
  message: 'Desired error not necessarily achieved due to precision loss.'
     nfev: 2330
      nit: 71
     njev: 122
   status: 2
  success: False
        x: array([-0.33172658, -0.71044708,  0.62757097, -0.77589089, -0.87499493,
        0.08249046, -0.23448954, -1.72782494, -0.54589834,  0.09919249,
        0.65614256,  1.12054381,  0.06207471,  0.08242636, -0.40081637,
        1.02630517, -0.62397786, -0.01828383])
