Program Begingeth
      fun: 0.3114599322482468
 hess_inv: array([[ 2.12889535e+00,  2.86850185e-02, -4.60879155e-02,
         5.67886200e-02, -4.53130399e-02,  1.18116083e-01,
        -7.01247337e-01,  5.83620513e-01, -2.28395883e-01,
         5.33850167e-01, -3.68090473e-01, -4.03798077e-01,
        -8.66692341e-01, -3.96323103e-02, -2.31285314e-02,
         3.61882731e-02, -3.63016360e-02, -3.72295644e-01],
       [ 2.86850185e-02,  4.55723068e-01,  2.09395693e-03,
         7.62255752e-03,  3.64542994e-02, -3.12721046e-01,
        -1.55139582e-01, -1.91697963e-01, -8.34689455e-01,
         9.33405561e-02,  1.83510231e-01, -6.83431683e-01,
        -6.75188857e-03, -1.57287707e-01, -1.57961799e-01,
         1.24953996e-02,  3.05929041e-02, -8.25578230e-02],
       [-4.60879155e-02,  2.09395693e-03,  3.82432558e-01,
         9.41609313e-02,  1.69864804e-01, -3.38724799e-02,
         1.46427850e-01,  2.52907086e-01, -1.11170955e-01,
         3.45689311e-01,  3.48106906e-01, -1.17172734e-01,
         7.22073808e-02,  9.72872776e-02, -1.28574442e-01,
         6.63737463e-02,  3.93180418e-02,  4.19353108e-02],
       [ 5.67886200e-02,  7.62255752e-03,  9.41609313e-02,
         2.59936550e-01,  4.07220914e-02, -8.43916027e-02,
         3.09167339e-01, -1.94566135e-01, -4.02528689e-01,
         7.40718698e-01,  4.64547369e-02, -2.63635944e-01,
         9.18782029e-02,  2.78292894e-02, -2.73495302e-02,
         6.39869066e-02, -1.98846353e-02,  1.32635443e-02],
       [-4.53130399e-02,  3.64542994e-02,  1.69864804e-01,
         4.07220914e-02,  1.97916356e-01, -5.31071742e-02,
         1.35482669e-01,  3.38098047e-01, -2.91573588e-01,
         1.82061349e-01,  4.78965942e-01, -5.79295477e-02,
         2.74405157e-02,  7.42999791e-02, -8.65505911e-02,
         2.77525108e-02,  3.57798540e-02,  4.89109739e-03],
       [ 1.18116083e-01, -3.12721046e-01, -3.38724799e-02,
        -8.43916027e-02, -5.31071742e-02,  7.44823157e-01,
         9.74205936e-01,  1.18535624e+00,  2.43205335e+00,
        -6.37919481e-01, -5.91426550e-01,  1.87809433e+00,
        -6.70914394e-02,  1.23079675e-01,  1.91431096e-01,
        -1.60753867e-02, -3.09687720e-03,  2.93261954e-02],
       [-7.01247337e-01, -1.55139582e-01,  1.46427850e-01,
         3.09167339e-01,  1.35482669e-01,  9.74205936e-01,
         4.57051039e+00,  1.60798658e+00,  3.91203039e+00,
        -6.04912215e-01, -4.17645889e-01,  3.15387361e+00,
         4.84592051e-01,  1.94292691e-01,  2.40828235e-02,
         9.11436635e-02,  1.47024229e-02,  1.14500315e-01],
       [ 5.83620513e-01, -1.91697963e-01,  2.52907086e-01,
        -1.94566135e-01,  3.38098047e-01,  1.18535624e+00,
         1.60798658e+00,  4.09740263e+00,  3.67224377e+00,
        -9.88021794e-01, -2.80024392e-01,  3.06852073e+00,
        -3.28378073e-01,  2.43208947e-01,  1.05444660e-01,
        -3.03476350e-03,  7.73232909e-02, -6.10506562e-02],
       [-2.28395883e-01, -8.34689455e-01, -1.11170955e-01,
        -4.02528689e-01, -2.91573588e-01,  2.43205335e+00,
         3.91203039e+00,  3.67224377e+00,  9.65110574e+00,
        -3.02038460e+00, -2.18144866e+00,  6.28409478e+00,
         7.94126744e-02,  2.61736277e-01,  4.98622210e-01,
        -3.62671213e-02, -2.72439387e-02,  1.19155382e-01],
       [ 5.33850167e-01,  9.33405561e-02,  3.45689311e-01,
         7.40718698e-01,  1.82061349e-01, -6.37919481e-01,
        -6.04912215e-01, -9.88021794e-01, -3.02038460e+00,
         2.82452745e+00,  5.27966553e-01, -2.00813027e+00,
         3.86377273e-02,  7.08665917e-02, -1.39026378e-01,
         1.59577668e-01, -3.64340978e-02, -1.82191796e-02],
       [-3.68090473e-01,  1.83510231e-01,  3.48106906e-01,
         4.64547369e-02,  4.78965942e-01, -5.91426550e-01,
        -4.17645889e-01, -2.80024392e-01, -2.18144866e+00,
         5.27966553e-01,  1.69643118e+00, -1.24924506e+00,
         1.28957414e-01,  8.90834191e-02, -2.94466195e-01,
         3.65605670e-02,  7.19401669e-02,  1.82839650e-02],
       [-4.03798077e-01, -6.83431683e-01, -1.17172734e-01,
        -2.63635944e-01, -5.79295477e-02,  1.87809433e+00,
         3.15387361e+00,  3.06852073e+00,  6.28409478e+00,
        -2.00813027e+00, -1.24924506e+00,  5.21825867e+00,
         9.77583126e-02,  3.08280500e-01,  4.32056649e-01,
        -5.59023382e-02,  2.75723515e-02,  1.45778570e-01],
       [-8.66692341e-01, -6.75188857e-03,  7.22073808e-02,
         9.18782029e-02,  2.74405157e-02, -6.70914394e-02,
         4.84592051e-01, -3.28378073e-01,  7.94126744e-02,
         3.86377273e-02,  1.28957414e-01,  9.77583126e-02,
         4.31498903e-01,  2.40461463e-02, -7.17382653e-03,
         3.59119877e-02,  1.13320673e-03,  1.63614848e-01],
       [-3.96323103e-02, -1.57287707e-01,  9.72872776e-02,
         2.78292894e-02,  7.42999791e-02,  1.23079675e-01,
         1.94292691e-01,  2.43208947e-01,  2.61736277e-01,
         7.08665917e-02,  8.90834191e-02,  3.08280500e-01,
         2.40461463e-02,  1.20484857e-01,  2.35871962e-02,
         1.26336441e-02,  2.63231800e-02,  4.02453034e-02],
       [-2.31285314e-02, -1.57961799e-01, -1.28574442e-01,
        -2.73495302e-02, -8.65505911e-02,  1.91431096e-01,
         2.40828235e-02,  1.05444660e-01,  4.98622210e-01,
        -1.39026378e-01, -2.94466195e-01,  4.32056649e-01,
        -7.17382653e-03,  2.35871962e-02,  1.45429755e-01,
        -2.79098815e-02, -2.14985533e-02,  4.49255245e-02],
       [ 3.61882731e-02,  1.24953996e-02,  6.63737463e-02,
         6.39869066e-02,  2.77525108e-02, -1.60753867e-02,
         9.11436635e-02, -3.03476350e-03, -3.62671213e-02,
         1.59577668e-01,  3.65605670e-02, -5.59023382e-02,
         3.59119877e-02,  1.26336441e-02, -2.79098815e-02,
         4.56091512e-02, -1.33542925e-03,  6.97438348e-04],
       [-3.63016360e-02,  3.05929041e-02,  3.93180418e-02,
        -1.98846353e-02,  3.57798540e-02, -3.09687720e-03,
         1.47024229e-02,  7.73232909e-02, -2.72439387e-02,
        -3.64340978e-02,  7.19401669e-02,  2.75723515e-02,
         1.13320673e-03,  2.63231800e-02, -2.14985533e-02,
        -1.33542925e-03,  3.68654524e-02,  2.04008911e-03],
       [-3.72295644e-01, -8.25578230e-02,  4.19353108e-02,
         1.32635443e-02,  4.89109739e-03,  2.93261954e-02,
         1.14500315e-01, -6.10506562e-02,  1.19155382e-01,
        -1.82191796e-02,  1.82839650e-02,  1.45778570e-01,
         1.63614848e-01,  4.02453034e-02,  4.49255245e-02,
         6.97438348e-04,  2.04008911e-03,  1.06085734e-01]])
      jac: array([ 7.77156117e-09, -1.46327395e-06,  7.00550729e-07, -2.84402132e-06,
        4.45939582e-06, -8.96320055e-07,  3.91908728e-07, -3.60452409e-07,
        1.81336427e-07,  7.39778609e-07, -1.13945890e-06, -3.09382150e-07,
        8.68934554e-07, -3.96090568e-06,  2.89102076e-06,  9.29626746e-07,
        1.82964754e-06, -2.11238434e-06])
  message: 'Optimization terminated successfully.'
     nfev: 1463
      nit: 66
     njev: 77
   status: 0
  success: True
        x: array([ 0.0362242 ,  0.13778692,  0.68848826,  1.90137323, -0.7464605 ,
        0.08030754,  2.67433989, -0.53144045, -0.89287954,  2.34865889,
       -0.5291553 ,  0.5141299 ,  0.1441984 ,  0.10886985, -0.21350668,
       -1.50093894, -0.30356962,  0.06344064])
