Program Begingeth
      fun: 0.24971455802392614
 hess_inv: array([[ 3.35635306e+00, -8.28324610e-01,  4.81946529e-01,
         1.39607893e+00, -4.19527155e-01,  2.86189247e-01,
         2.20981746e+00, -3.26257947e-01, -3.47163610e+00,
         2.34256103e-01, -6.83106021e-01,  2.93901180e-01,
        -2.86775440e-01,  2.20991948e-01,  1.34733531e-01,
        -1.04102112e-01,  1.70451656e-01, -1.67738267e-01],
       [-8.28324610e-01,  2.24579797e+00,  9.04287081e-03,
        -1.32234920e-01,  9.68770650e-01, -4.83905440e-01,
         3.78413838e-01,  6.89347811e-01, -1.53672882e+00,
        -5.24234676e-01,  5.35526832e-01, -7.44288166e-01,
         3.93982423e-01, -2.44607800e-01, -1.73807999e-01,
         1.24928343e-01, -1.45753776e-01,  5.71222143e-02],
       [ 4.81946529e-01,  9.04287081e-03,  7.93234095e-01,
         2.07442867e-01,  7.68482384e-02,  3.13429243e-01,
         9.60588312e-01,  4.63293010e-01, -5.06719742e-01,
         1.15466564e-01,  2.02517360e-01, -4.83914095e-02,
        -6.73725306e-02,  7.86504794e-02, -2.32757557e-02,
         2.87052858e-02,  1.12795889e-01, -6.59306611e-02],
       [ 1.39607893e+00, -1.32234920e-01,  2.07442867e-01,
         6.51279358e-01, -9.10168730e-02,  7.66153777e-02,
         1.29105011e+00, -2.43332046e-01, -1.69667158e+00,
         8.13026794e-02, -2.67468582e-01,  5.02966024e-02,
        -5.09561906e-02,  5.85495537e-02,  5.41307718e-02,
        -1.42393965e-02,  2.64218401e-02, -5.62846791e-02],
       [-4.19527155e-01,  9.68770650e-01,  7.68482384e-02,
        -9.10168730e-02,  4.57155691e-01, -1.72626965e-01,
         1.74716080e-01,  5.54691424e-01, -5.04738149e-01,
        -2.22837868e-01,  2.76745970e-01, -2.81455943e-01,
         1.75187710e-01, -8.09074110e-02, -9.18622867e-02,
         7.50585741e-02, -4.21771995e-02,  2.08744427e-02],
       [ 2.86189247e-01, -4.83905440e-01,  3.13429243e-01,
         7.66153777e-02, -1.72626965e-01,  2.68078872e-01,
         2.56580386e-01,  2.39345974e-02,  4.47171188e-01,
         1.70307777e-01, -1.04820087e-01,  1.60660265e-01,
        -1.09338945e-01,  1.08772650e-01,  5.07469410e-02,
        -1.40764349e-02,  7.94449136e-02, -2.33331729e-02],
       [ 2.20981746e+00,  3.78413838e-01,  9.60588312e-01,
         1.29105011e+00,  1.74716080e-01,  2.56580386e-01,
         4.50533557e+00, -3.63510121e-01, -3.39611136e+00,
         2.70028282e-01, -1.27839496e-01, -5.11815740e-02,
         6.24428893e-02,  7.07306586e-02,  1.91242407e-02,
         9.37947009e-02, -2.82174680e-04, -1.12741801e-01],
       [-3.26257947e-01,  6.89347811e-01,  4.63293010e-01,
        -2.43332046e-01,  5.54691424e-01,  2.39345974e-02,
        -3.63510121e-01,  2.89130235e+00,  1.23814936e-02,
        -4.16262672e-01,  4.66070932e-01, -6.72959078e-02,
         5.77471112e-02,  6.68155307e-02, -1.72938976e-01,
         7.36797387e-02,  1.50343998e-01, -2.26271222e-02],
       [-3.47163610e+00, -1.53672882e+00, -5.06719742e-01,
        -1.69667158e+00, -5.04738149e-01,  4.47171188e-01,
        -3.39611136e+00,  1.23814936e-02,  8.32766872e+00,
         6.31380122e-02, -3.07715851e-02,  5.89383864e-01,
         1.88684280e-03,  1.57383520e-01,  1.15153127e-01,
         4.13077696e-02,  1.68625588e-02,  2.27168840e-01],
       [ 2.34256103e-01, -5.24234676e-01,  1.15466564e-01,
         8.13026794e-02, -2.22837868e-01,  1.70307777e-01,
         2.70028282e-01, -4.16262672e-01,  6.31380122e-02,
         8.13860200e-01, -1.73604392e-02,  1.19619232e-01,
        -2.30345815e-01,  2.02716247e-02, -5.99528967e-02,
        -2.18092710e-02, -1.20297319e-02, -2.06877041e-01],
       [-6.83106021e-01,  5.35526832e-01,  2.02517360e-01,
        -2.67468582e-01,  2.76745970e-01, -1.04820087e-01,
        -1.27839496e-01,  4.66070932e-01, -3.07715851e-02,
        -1.73604392e-02,  7.43888374e-01, -2.49491243e-01,
         7.85191647e-02, -1.56910031e-01, -1.89536514e-01,
         6.76319227e-02, -2.17931458e-02, -8.41951054e-02],
       [ 2.93901180e-01, -7.44288166e-01, -4.83914095e-02,
         5.02966024e-02, -2.81455943e-01,  1.60660265e-01,
        -5.11815740e-02, -6.72959078e-02,  5.89383864e-01,
         1.19619232e-01, -2.49491243e-01,  5.10303463e-01,
        -9.01416942e-02,  1.56284041e-01,  3.70127843e-02,
         8.87147963e-03,  9.47493578e-02,  1.25998766e-02],
       [-2.86775440e-01,  3.93982423e-01, -6.73725306e-02,
        -5.09561906e-02,  1.75187710e-01, -1.09338945e-01,
         6.24428893e-02,  5.77471112e-02,  1.88684280e-03,
        -2.30345815e-01,  7.85191647e-02, -9.01416942e-02,
         1.66441428e-01, -4.86614761e-02, -6.61363484e-03,
         7.15017785e-02, -5.07134057e-02,  7.43965284e-02],
       [ 2.20991948e-01, -2.44607800e-01,  7.86504794e-02,
         5.85495537e-02, -8.09074110e-02,  1.08772650e-01,
         7.07306586e-02,  6.68155307e-02,  1.57383520e-01,
         2.02716247e-02, -1.56910031e-01,  1.56284041e-01,
        -4.86614761e-02,  1.04760849e-01,  3.71362721e-02,
        -7.26745622e-03,  7.47427603e-02,  1.11482090e-02],
       [ 1.34733531e-01, -1.73807999e-01, -2.32757557e-02,
         5.41307718e-02, -9.18622867e-02,  5.07469410e-02,
         1.91242407e-02, -1.72938976e-01,  1.15153127e-01,
        -5.99528967e-02, -1.89536514e-01,  3.70127843e-02,
        -6.61363484e-03,  3.71362721e-02,  9.05662012e-02,
        -2.34947296e-02,  3.39518737e-03,  6.43689240e-02],
       [-1.04102112e-01,  1.24928343e-01,  2.87052858e-02,
        -1.42393965e-02,  7.50585741e-02, -1.40764349e-02,
         9.37947009e-02,  7.36797387e-02,  4.13077696e-02,
        -2.18092710e-02,  6.76319227e-02,  8.87147963e-03,
         7.15017785e-02, -7.26745622e-03, -2.34947296e-02,
         6.41033995e-02, -1.18157736e-02,  9.86747358e-03],
       [ 1.70451656e-01, -1.45753776e-01,  1.12795889e-01,
         2.64218401e-02, -4.21771995e-02,  7.94449136e-02,
        -2.82174680e-04,  1.50343998e-01,  1.68625588e-02,
        -1.20297319e-02, -2.17931458e-02,  9.47493578e-02,
        -5.07134057e-02,  7.47427603e-02,  3.39518737e-03,
        -1.18157736e-02,  8.66970142e-02, -8.30175489e-03],
       [-1.67738267e-01,  5.71222143e-02, -6.59306611e-02,
        -5.62846791e-02,  2.08744427e-02, -2.33331729e-02,
        -1.12741801e-01, -2.26271222e-02,  2.27168840e-01,
        -2.06877041e-01, -8.41951054e-02,  1.25998766e-02,
         7.43965284e-02,  1.11482090e-02,  6.43689240e-02,
         9.86747358e-03, -8.30175489e-03,  1.09927276e-01]])
      jac: array([-2.23894977e-08, -2.92210700e-06, -8.39772696e-06,  3.03460960e-08,
        8.63475958e-06,  1.74956346e-05,  1.27305574e-07, -1.04231438e-06,
       -1.07895174e-06, -7.37558163e-07,  1.05471187e-07, -3.00722410e-06,
       -4.35984582e-06, -1.02070204e-05, -1.10950138e-05,  3.73368003e-06,
        8.11350986e-06,  1.00221683e-05])
  message: 'Maximum number of iterations has been exceeded.'
     nfev: 2128
      nit: 100
     njev: 112
   status: 1
  success: False
        x: array([ 1.08715326, -1.16638789,  0.76498031,  1.36018932, -1.13695798,
        0.35929735,  2.30694445, -0.93173369,  0.81683784,  0.12094143,
        0.59193863,  1.18293398,  0.02062789,  0.24236624, -0.28622069,
       -1.10781937, -0.11969317, -0.01246269])
