Program Begingeth
      fun: 0.40282091828208016
 hess_inv: array([[ 1.32793325e+01,  7.07075067e-01,  1.57387129e+00,
         4.13528145e+00, -1.07855210e+00,  6.62397876e-01,
        -3.41606646e+00,  4.78604302e+00,  1.51183583e+00,
        -1.95961035e+00,  5.03283014e-01, -1.35931610e+00,
        -1.52341317e+00, -7.38681692e-01,  2.72995048e-01,
        -1.04471787e+00,  1.49642618e+00,  9.35150280e-02],
       [ 7.07075067e-01,  3.26407023e+00,  2.93769327e-01,
         4.05113692e-01,  1.02933960e+00,  4.15347837e-02,
        -1.17363693e+00,  2.53074478e+00,  1.00370145e+00,
        -7.49840393e-01,  2.82280974e-01, -1.03228073e+00,
         1.64338105e-01, -2.71967796e-01,  2.53125104e-01,
        -2.59668720e-01,  4.12685935e-01,  2.39123748e-01],
       [ 1.57387129e+00,  2.93769327e-01,  3.64381342e+00,
         4.55105491e-01, -1.03092410e-01,  1.25842099e+00,
         1.16256354e+00, -1.53618662e-02,  1.34030679e+00,
        -1.08530370e-01,  1.09405774e+00, -4.06300168e-01,
        -2.38178989e-01, -4.21799244e-01, -6.51252700e-02,
         3.12785597e-02,  6.38948071e-02,  2.81058119e-01],
       [ 4.13528145e+00,  4.05113692e-01,  4.55105491e-01,
         1.32603738e+00, -2.65269670e-01,  1.90842945e-01,
        -1.04171417e+00,  1.62765501e+00,  4.91084337e-01,
        -6.65771209e-01,  1.31446592e-01, -5.08219359e-01,
        -4.15687063e-01, -2.37010770e-01,  1.19441190e-01,
        -3.06683039e-01,  4.69421321e-01,  5.42344511e-02],
       [-1.07855210e+00,  1.02933960e+00, -1.03092410e-01,
        -2.65269670e-01,  4.85850348e-01, -5.93712214e-02,
         9.95543735e-02,  2.71957325e-01,  4.03924251e-02,
         2.79119059e-03, -6.51437875e-03, -1.77215860e-01,
         2.20379977e-01,  2.29646701e-02,  6.04483790e-02,
         5.74201889e-02, -2.01151844e-02,  5.63556771e-02],
       [ 6.62397876e-01,  4.15347837e-02,  1.25842099e+00,
         1.90842945e-01, -5.93712214e-02,  4.76434204e-01,
         4.50136684e-01, -1.22907543e-01,  3.93234122e-01,
         1.08615641e-01,  2.75742495e-01, -1.29129619e-01,
        -1.37442180e-01, -1.18527390e-01,  1.25342583e-02,
         4.78333004e-03,  1.53390825e-02,  8.65408413e-02],
       [-3.41606646e+00, -1.17363693e+00,  1.16256354e+00,
        -1.04171417e+00,  9.95543735e-02,  4.50136684e-01,
         8.23296758e+00, -2.62969719e+00, -7.32675489e-01,
         8.80528160e-01, -6.76147306e-01,  6.27305472e-01,
         6.24360334e-01,  4.38074323e-01,  1.24803806e-01,
         1.37291382e+00, -6.57493803e-01,  3.46150091e-01],
       [ 4.78604302e+00,  2.53074478e+00, -1.53618662e-02,
         1.62765501e+00,  2.71957325e-01, -1.22907543e-01,
        -2.62969719e+00,  1.05659770e+01,  2.36332044e+00,
        -2.99656927e+00,  4.67542813e-01, -7.73000102e-01,
         1.00153354e-01, -3.89796141e-01,  3.88339254e-01,
        -4.92004316e-01,  1.69632283e+00,  6.72766751e-01],
       [ 1.51183583e+00,  1.00370145e+00,  1.34030679e+00,
         4.91084337e-01,  4.03924251e-02,  3.93234122e-01,
        -7.32675489e-01,  2.36332044e+00,  4.64241254e+00,
        -1.15832545e+00,  2.31107129e-01, -2.49173503e-01,
        -4.24044422e-02, -3.22653312e-01,  1.18839066e-01,
        -2.70016415e-01,  3.74593617e-01,  7.57588799e-01],
       [-1.95961035e+00, -7.49840393e-01, -1.08530370e-01,
        -6.65771209e-01,  2.79119059e-03,  1.08615641e-01,
         8.80528160e-01, -2.99656927e+00, -1.15832545e+00,
         1.90975022e+00, -1.68816555e-01,  3.29757864e-01,
        -2.05238161e-01,  1.74668655e-01, -1.00494065e-01,
         1.53462054e-01, -5.32951777e-01, -3.58683717e-01],
       [ 5.03283014e-01,  2.82280974e-01,  1.09405774e+00,
         1.31446592e-01, -6.51437875e-03,  2.75742495e-01,
        -6.76147306e-01,  4.67542813e-01,  2.31107129e-01,
        -1.68816555e-01,  1.17672054e+00, -2.47585325e-01,
        -8.94054495e-02, -3.58922806e-01, -1.94263098e-01,
        -1.30191359e-01,  7.77586187e-02, -8.04787203e-02],
       [-1.35931610e+00, -1.03228073e+00, -4.06300168e-01,
        -5.08219359e-01, -1.77215860e-01, -1.29129619e-01,
         6.27305472e-01, -7.73000102e-01, -2.49173503e-01,
         3.29757864e-01, -2.47585325e-01,  8.63005778e-01,
         9.26170873e-02,  2.51587868e-01, -1.69025499e-01,
         1.98429119e-01, -1.47294129e-01, -4.93226353e-02],
       [-1.52341317e+00,  1.64338105e-01, -2.38178989e-01,
        -4.15687063e-01,  2.20379977e-01, -1.37442180e-01,
         6.24360334e-01,  1.00153354e-01, -4.24044422e-02,
        -2.05238161e-01, -8.94054495e-02,  9.26170873e-02,
         3.75873547e-01,  8.88366841e-02,  1.57404581e-02,
         2.14007205e-01, -1.05624670e-01,  9.95187626e-02],
       [-7.38681692e-01, -2.71967796e-01, -4.21799244e-01,
        -2.37010770e-01,  2.29646701e-02, -1.18527390e-01,
         4.38074323e-01, -3.89796141e-01, -3.22653312e-01,
         1.74668655e-01, -3.58922806e-01,  2.51587868e-01,
         8.88366841e-02,  1.90749753e-01,  1.33521853e-02,
         1.16417378e-01, -7.17198629e-02, -1.17242000e-02],
       [ 2.72995048e-01,  2.53125104e-01, -6.51252700e-02,
         1.19441190e-01,  6.04483790e-02,  1.25342583e-02,
         1.24803806e-01,  3.88339254e-01,  1.18839066e-01,
        -1.00494065e-01, -1.94263098e-01, -1.69025499e-01,
         1.57404581e-02,  1.33521853e-02,  1.32633012e-01,
        -2.23182879e-03,  5.70622139e-02,  8.76613382e-02],
       [-1.04471787e+00, -2.59668720e-01,  3.12785597e-02,
        -3.06683039e-01,  5.74201889e-02,  4.78333004e-03,
         1.37291382e+00, -4.92004316e-01, -2.70016415e-01,
         1.53462054e-01, -1.30191359e-01,  1.98429119e-01,
         2.14007205e-01,  1.16417378e-01, -2.23182879e-03,
         2.97139290e-01, -1.52333038e-01,  4.44418801e-02],
       [ 1.49642618e+00,  4.12685935e-01,  6.38948071e-02,
         4.69421321e-01, -2.01151844e-02,  1.53390825e-02,
        -6.57493803e-01,  1.69632283e+00,  3.74593617e-01,
        -5.32951777e-01,  7.77586187e-02, -1.47294129e-01,
        -1.05624670e-01, -7.17198629e-02,  5.70622139e-02,
        -1.52333038e-01,  3.56385132e-01,  8.31114082e-02],
       [ 9.35150280e-02,  2.39123748e-01,  2.81058119e-01,
         5.42344511e-02,  5.63556771e-02,  8.65408413e-02,
         3.46150091e-01,  6.72766751e-01,  7.57588799e-01,
        -3.58683717e-01, -8.04787203e-02, -4.93226353e-02,
         9.95187626e-02, -1.17242000e-02,  8.76613382e-02,
         4.44418801e-02,  8.31114082e-02,  2.23162965e-01]])
      jac: array([-6.54291436e-07, -2.99797224e-06, -3.26553599e-06,  3.15784436e-06,
        4.97342908e-06,  8.97171226e-06,  5.60662628e-07, -6.38008165e-07,
        4.10042370e-07,  9.17044218e-07,  2.66564548e-06,  7.58282326e-07,
        5.77093928e-06, -1.81558472e-06,  6.49665507e-06, -6.30162589e-06,
        4.63111031e-06, -1.37223566e-06])
  message: 'Optimization terminated successfully.'
     nfev: 1729
      nit: 86
     njev: 91
   status: 0
  success: True
        x: array([ 1.04290907, -1.03626895,  0.08819324,  1.40179449, -0.88150605,
        0.04169502, -2.00029948, -1.09340764, -0.98203992,  0.06886545,
        0.34732409,  1.08828653,  0.00598813, -0.03380725, -0.2573663 ,
       -1.43010662, -1.02216033, -0.12409925])
