Program Begingeth
      fun: 0.26569147741166144
 hess_inv: array([[ 9.18304689e-01, -1.19457918e-02, -1.67309928e-01,
        -1.99625820e-01,  2.37823437e-01, -2.60351390e-01,
        -5.67490746e-02,  1.31942760e+00, -1.51598811e+00,
         3.39099319e-01,  3.52275627e-03,  9.00232737e-01,
        -7.81865011e-01,  1.41792163e-01, -3.59173093e-01,
        -1.93950572e-01, -1.04154586e-02, -1.04741790e-01],
       [-1.19457918e-02,  8.74367632e-01, -1.05311107e-01,
        -1.95287606e-01, -1.43988622e-01, -1.85554378e-01,
        -7.57200748e-01,  1.41649889e-01,  9.66279208e-02,
         7.21503824e-02,  3.43692782e-01, -2.81075271e-02,
        -1.51973907e-01, -7.00445573e-01, -2.87072681e-02,
         1.37097416e-04, -1.63110518e-01,  1.51973546e-01],
       [-1.67309928e-01, -1.05311107e-01,  7.23506997e-01,
         1.72741917e-01,  1.51312961e-01, -8.12818782e-02,
         8.34801627e-01, -3.23862006e-02,  1.76930081e-01,
        -6.84507399e-01, -4.37131484e-02, -1.53269595e-01,
         3.86993718e-01,  1.90238008e-01, -4.75961393e-01,
         7.67347275e-02, -1.89508469e-02, -1.73136603e-01],
       [-1.99625820e-01, -1.95287606e-01,  1.72741917e-01,
         2.85786636e-01, -7.60264768e-02,  4.43731318e-03,
         4.86061452e-01, -9.92640803e-01,  4.37596787e-02,
        -2.70421689e-01,  1.22434905e-01, -1.05625831e-01,
         4.79303133e-01,  4.41696127e-02, -7.86392623e-02,
         1.26163920e-01, -1.41877922e-03, -4.62414222e-02],
       [ 2.37823437e-01, -1.43988622e-01,  1.51312961e-01,
        -7.60264768e-02,  2.80355592e-01, -1.96189765e-02,
         4.28612263e-01,  1.10348103e+00, -2.01784081e-01,
        -3.25897795e-02, -2.48953083e-01,  2.38033341e-01,
        -2.37812228e-01,  3.72318784e-01, -1.80693160e-01,
        -6.01794685e-02,  8.34999087e-02, -8.29629338e-02],
       [-2.60351390e-01, -1.85554378e-01, -8.12818782e-02,
         4.43731318e-03, -1.96189765e-02,  2.72232178e-01,
         4.51854012e-02, -9.97383121e-02,  8.50109827e-01,
         2.31308105e-02, -2.58549292e-01, -2.90331057e-01,
         1.24509012e-01,  1.68083162e-01,  3.60055384e-01,
         2.98553641e-02,  6.71875719e-02,  7.75653917e-02],
       [-5.67490746e-02, -7.57200748e-01,  8.34801627e-01,
         4.86061452e-01,  4.28612263e-01,  4.51854012e-02,
         3.07553238e+00,  2.02152759e-01,  1.04317911e-01,
        -5.84906297e-01, -3.52236760e-01,  1.96220356e-01,
         4.80106303e-01,  9.18048600e-01, -5.33816743e-01,
         8.20817364e-02,  1.69454816e-01, -2.63252040e-01],
       [ 1.31942760e+00,  1.41649889e-01, -3.23862006e-02,
        -9.92640803e-01,  1.10348103e+00, -9.97383121e-02,
         2.02152759e-01,  7.46815967e+00, -8.58590023e-01,
         7.26884897e-01, -7.25535843e-01,  1.06829546e+00,
        -2.08995629e+00,  7.97260991e-01, -3.13281288e-01,
        -5.51327107e-01,  1.61490824e-01, -6.67024325e-02],
       [-1.51598811e+00,  9.66279208e-02,  1.76930081e-01,
         4.37596787e-02, -2.01784081e-01,  8.50109827e-01,
         1.04317911e-01, -8.58590023e-01,  5.31123768e+00,
        -5.69526688e-01, -7.01165923e-01, -1.33084190e+00,
         9.76026089e-01,  1.93236043e-02,  8.39765891e-01,
         2.71696972e-01,  6.32437859e-02,  1.98479705e-01],
       [ 3.39099319e-01,  7.21503824e-02, -6.84507399e-01,
        -2.70421689e-01, -3.25897795e-02,  2.31308105e-02,
        -5.84906297e-01,  7.26884897e-01, -5.69526688e-01,
         9.43551610e-01, -2.26566576e-02,  2.97315073e-01,
        -6.95810059e-01, -6.64720918e-02,  3.70371334e-01,
        -1.75799806e-01,  5.44170611e-02,  1.33775306e-01],
       [ 3.52275627e-03,  3.43692782e-01, -4.37131484e-02,
         1.22434905e-01, -2.48953083e-01, -2.58549292e-01,
        -3.52236760e-01, -7.25535843e-01, -7.01165923e-01,
        -2.26566576e-02,  1.10961901e+00, -1.58335942e-02,
         1.15457600e-01, -7.08066006e-01, -9.33832266e-02,
        -4.66627362e-02, -1.81476476e-01,  1.27878076e-01],
       [ 9.00232737e-01, -2.81075271e-02, -1.53269595e-01,
        -1.05625831e-01,  2.38033341e-01, -2.90331057e-01,
         1.96220356e-01,  1.06829546e+00, -1.33084190e+00,
         2.97315073e-01, -1.58335942e-02,  1.16188504e+00,
        -6.47593924e-01,  1.65081154e-01, -5.04704008e-01,
        -1.32182212e-01, -1.74164451e-02, -1.65361944e-01],
       [-7.81865011e-01, -1.51973907e-01,  3.86993718e-01,
         4.79303133e-01, -2.37812228e-01,  1.24509012e-01,
         4.80106303e-01, -2.08995629e+00,  9.76026089e-01,
        -6.95810059e-01,  1.15457600e-01, -6.47593924e-01,
         1.14700646e+00, -7.40062470e-02,  2.63177403e-02,
         3.27922934e-01, -2.45320596e-02, -2.17207674e-02],
       [ 1.41792163e-01, -7.00445573e-01,  1.90238008e-01,
         4.41696127e-02,  3.72318784e-01,  1.68083162e-01,
         9.18048600e-01,  7.97260991e-01,  1.93236043e-02,
        -6.64720918e-02, -7.08066006e-01,  1.65081154e-01,
        -7.40062470e-02,  9.27604767e-01, -7.84501329e-02,
        -1.61596576e-02,  2.45215625e-01, -1.75497632e-01],
       [-3.59173093e-01, -2.87072681e-02, -4.75961393e-01,
        -7.86392623e-02, -1.80693160e-01,  3.60055384e-01,
        -5.33816743e-01, -3.13281288e-01,  8.39765891e-01,
         3.70371334e-01, -9.33832266e-02, -5.04704008e-01,
         2.63177403e-02, -7.84501329e-02,  8.01592952e-01,
         9.43152665e-04,  6.43784956e-02,  2.83140029e-01],
       [-1.93950572e-01,  1.37097416e-04,  7.67347275e-02,
         1.26163920e-01, -6.01794685e-02,  2.98553641e-02,
         8.20817364e-02, -5.51327107e-01,  2.71696972e-01,
        -1.75799806e-01, -4.66627362e-02, -1.32182212e-01,
         3.27922934e-01, -1.61596576e-02,  9.43152665e-04,
         1.28958888e-01, -5.83308676e-03, -1.12051060e-02],
       [-1.04154586e-02, -1.63110518e-01, -1.89508469e-02,
        -1.41877922e-03,  8.34999087e-02,  6.71875719e-02,
         1.69454816e-01,  1.61490824e-01,  6.32437859e-02,
         5.44170611e-02, -1.81476476e-01, -1.74164451e-02,
        -2.45320596e-02,  2.45215625e-01,  6.43784956e-02,
        -5.83308676e-03,  9.78164821e-02, -1.14784448e-02],
       [-1.04741790e-01,  1.51973546e-01, -1.73136603e-01,
        -4.62414222e-02, -8.29629338e-02,  7.75653917e-02,
        -2.63252040e-01, -6.67024325e-02,  1.98479705e-01,
         1.33775306e-01,  1.27878076e-01, -1.65361944e-01,
        -2.17207674e-02, -1.75497632e-01,  2.83140029e-01,
        -1.12051060e-02, -1.14784448e-02,  1.61503453e-01]])
      jac: array([ 6.67244038e-07,  1.90181204e-06, -4.48345065e-06, -1.13168734e-06,
        6.11362812e-07,  5.97114950e-06, -6.66133815e-09, -3.19374157e-07,
       -3.74145159e-07,  1.07321559e-08,  1.70234197e-08, -2.22710739e-06,
        1.64238993e-06,  1.94585089e-06, -7.15094650e-06, -1.91069383e-06,
       -4.61075622e-06,  2.28261854e-06])
  message: 'Optimization terminated successfully.'
     nfev: 741
      nit: 30
     njev: 39
   status: 0
  success: True
        x: array([ 0.67148947, -0.0708672 ,  0.51996639,  0.22302199, -1.06760701,
       -0.65947082,  1.25574397, -1.56835375, -0.89946839, -0.97575243,
        0.0415678 ,  0.62415946,  0.13008797,  0.02726547, -0.41921324,
        0.08110611,  1.33707845, -0.72010993])
