Program Begingeth
      fun: 0.2650169168098168
 hess_inv: array([[ 3.47979380e+00,  1.46111700e+00, -2.24682919e-01,
         1.39244177e+00,  6.49101947e-01, -9.36032907e-01,
         2.14078846e+00, -9.94091790e-01, -3.59523121e+00,
        -6.65242947e-02,  9.46719976e-01, -4.88110198e-01,
        -3.69701686e-01, -3.15784236e-01, -4.26766349e-01,
        -2.39925217e-01, -2.94752187e-01,  8.04689580e-02],
       [ 1.46111700e+00,  3.90274447e+00,  8.61407351e-01,
         5.35179042e-01,  1.72146987e+00, -8.90826583e-02,
         3.03741764e+00,  1.39324492e+00,  2.46622142e+00,
         4.72983377e-01,  6.16410307e-01, -1.13860222e+00,
        -4.95370088e-01, -3.62687280e-01, -2.90333303e-01,
        -1.52628656e-01, -2.94358661e-01,  1.00980138e-01],
       [-2.24682919e-01,  8.61407351e-01,  2.02294865e+00,
         2.09275531e-01,  2.61525437e-01,  9.71438135e-01,
         2.54514843e+00, -1.60651335e+00,  3.89646375e+00,
         5.52389447e-02,  5.83639831e-01, -4.08113902e-01,
         9.04049343e-02, -7.21122787e-02, -1.39971058e-01,
        -3.83268170e-02,  6.42069785e-02, -1.23621075e-01],
       [ 1.39244177e+00,  5.35179042e-01,  2.09275531e-01,
         6.53056035e-01,  2.22154942e-01, -2.24715457e-01,
         1.47920270e+00, -8.40158310e-01, -1.04851430e+00,
        -6.32593271e-02,  4.84884342e-01, -1.74828096e-01,
        -8.89297511e-02, -1.09625889e-01, -2.15155227e-01,
        -9.68753280e-02, -8.09238491e-02, -2.14318127e-02],
       [ 6.49101947e-01,  1.72146987e+00,  2.61525437e-01,
         2.22154942e-01,  8.60877645e-01, -7.94784781e-02,
         1.66324041e+00,  1.39309490e+00,  7.11745363e-01,
         1.51963351e-01,  1.68931296e-01, -4.15107915e-01,
        -2.69243135e-01, -1.13797822e-01, -1.00627924e-01,
        -1.03398441e-01, -1.62894138e-01,  6.13809345e-02],
       [-9.36032907e-01, -8.90826583e-02,  9.71438135e-01,
        -2.24715457e-01, -7.94784781e-02,  7.31832085e-01,
         8.06518084e-01, -4.03398169e-01,  2.86967733e+00,
        -5.41042459e-02, -4.67639287e-02, -1.24351133e-02,
         1.70806463e-01,  5.92906223e-02,  7.55691471e-02,
         6.51825908e-02,  8.78017428e-02, -7.50311723e-02],
       [ 2.14078846e+00,  3.03741764e+00,  2.54514843e+00,
         1.47920270e+00,  1.66324041e+00,  8.06518084e-01,
         1.13834317e+01,  4.55105082e-01,  3.54531335e+00,
        -2.71827332e-01,  1.02147355e+00, -5.58537946e-01,
        -4.09819308e-01, -2.50188654e-01, -5.15524251e-01,
        -3.78860529e-01, -5.38153524e-01, -2.02885684e-01],
       [-9.94091790e-01,  1.39324492e+00, -1.60651335e+00,
        -8.40158310e-01,  1.39309490e+00, -4.03398169e-01,
         4.55105082e-01,  9.73757552e+00, -8.49362248e-01,
        -1.23079829e-02, -1.40516914e+00,  1.01275445e-01,
        -4.47923941e-01,  2.67866833e-01,  5.21117794e-01,
        -2.71456883e-03, -2.56676274e-01,  3.09376142e-01],
       [-3.59523121e+00,  2.46622142e+00,  3.89646375e+00,
        -1.04851430e+00,  7.11745363e-01,  2.86967733e+00,
         3.54531335e+00, -8.49362248e-01,  1.66164436e+01,
         3.17663295e-01,  1.35763381e-01, -9.39669085e-01,
         3.99585738e-01, -2.69012824e-01,  1.76788747e-01,
         3.55452331e-01,  3.90332268e-02, -1.83486927e-01],
       [-6.65242947e-02,  4.72983377e-01,  5.52389447e-02,
        -6.32593271e-02,  1.51963351e-01, -5.41042459e-02,
        -2.71827332e-01, -1.23079829e-02,  3.17663295e-01,
         6.52557196e-01, -6.43392976e-02, -1.18726136e-01,
        -1.56172600e-01,  1.42303371e-02,  6.15389927e-02,
         4.17525518e-03,  5.96202576e-02,  1.85023759e-01],
       [ 9.46719976e-01,  6.16410307e-01,  5.83639831e-01,
         4.84884342e-01,  1.68931296e-01, -4.67639287e-02,
         1.02147355e+00, -1.40516914e+00,  1.35763381e-01,
        -6.43392976e-02,  9.63915741e-01, -3.63339054e-01,
        -3.85642362e-02, -2.38519944e-01, -3.18284542e-01,
        -9.85935099e-02, -4.51653078e-02, -1.44094845e-01],
       [-4.88110198e-01, -1.13860222e+00, -4.08113902e-01,
        -1.74828096e-01, -4.15107915e-01, -1.24351133e-02,
        -5.58537946e-01,  1.01275445e-01, -9.39669085e-01,
        -1.18726136e-01, -3.63339054e-01,  6.45185118e-01,
         8.28332120e-02,  2.06314813e-01,  8.37948547e-02,
        -1.57891423e-02,  9.92536390e-02,  4.98061406e-03],
       [-3.69701686e-01, -4.95370088e-01,  9.04049343e-02,
        -8.89297511e-02, -2.69243135e-01,  1.70806463e-01,
        -4.09819308e-01, -4.47923941e-01,  3.99585738e-01,
        -1.56172600e-01, -3.85642362e-02,  8.28332120e-02,
         1.95178400e-01,  4.72266198e-02,  2.44213618e-02,
         9.51450584e-02,  9.65382592e-02, -8.66286325e-02],
       [-3.15784236e-01, -3.62687280e-01, -7.21122787e-02,
        -1.09625889e-01, -1.13797822e-01,  5.92906223e-02,
        -2.50188654e-01,  2.67866833e-01, -2.69012824e-01,
         1.42303371e-02, -2.38519944e-01,  2.06314813e-01,
         4.72266198e-02,  1.44379263e-01,  7.44425503e-02,
         1.45898405e-02,  9.82935328e-02,  1.88940839e-02],
       [-4.26766349e-01, -2.90333303e-01, -1.39971058e-01,
        -2.15155227e-01, -1.00627924e-01,  7.55691471e-02,
        -5.15524251e-01,  5.21117794e-01,  1.76788747e-01,
         6.15389927e-02, -3.18284542e-01,  8.37948547e-02,
         2.44213618e-02,  7.44425503e-02,  1.62480673e-01,
         5.43002470e-02,  2.46132693e-02,  8.39328103e-02],
       [-2.39925217e-01, -1.52628656e-01, -3.83268170e-02,
        -9.68753280e-02, -1.03398441e-01,  6.51825908e-02,
        -3.78860529e-01, -2.71456883e-03,  3.55452331e-01,
         4.17525518e-03, -9.85935099e-02, -1.57891423e-02,
         9.51450584e-02,  1.45898405e-02,  5.43002470e-02,
         9.58916741e-02,  4.29738314e-02, -7.49018556e-03],
       [-2.94752187e-01, -2.94358661e-01,  6.42069785e-02,
        -8.09238491e-02, -1.62894138e-01,  8.78017428e-02,
        -5.38153524e-01, -2.56676274e-01,  3.90332268e-02,
         5.96202576e-02, -4.51653078e-02,  9.92536390e-02,
         9.65382592e-02,  9.82935328e-02,  2.46132693e-02,
         4.29738314e-02,  1.53302229e-01, -1.58660689e-02],
       [ 8.04689580e-02,  1.00980138e-01, -1.23621075e-01,
        -2.14318127e-02,  6.13809345e-02, -7.50311723e-02,
        -2.02885684e-01,  3.09376142e-01, -1.83486927e-01,
         1.85023759e-01, -1.44094845e-01,  4.98061406e-03,
        -8.66286325e-02,  1.88940839e-02,  8.39328103e-02,
        -7.49018556e-03, -1.58660689e-02,  1.34800296e-01]])
      jac: array([-4.27361850e-06,  1.05175128e-06,  1.54816900e-05,  6.50960767e-06,
       -3.53198952e-06, -2.41950904e-05, -2.06575497e-06,  1.00327154e-06,
        9.57012247e-07, -1.19645035e-06,  6.40228611e-07,  4.50121422e-06,
       -1.52152365e-05,  2.12263540e-05,  6.69020395e-06,  1.52681571e-05,
       -1.57618363e-05, -1.55075952e-05])
  message: 'Desired error not necessarily achieved due to precision loss.'
     nfev: 1854
      nit: 57
     njev: 97
   status: 2
  success: False
        x: array([-0.68293907, -1.10518915,  0.65960685, -0.86818159, -1.18322401,
        0.18566504, -0.47466361, -1.90984319, -0.41485606,  0.04674442,
        0.64030354,  1.19698426,  0.11647608,  0.1539389 , -0.36129307,
        1.08196728, -0.31846109, -0.05060592])
