Program Begingeth
      fun: 0.17337259516597525
 hess_inv: array([[ 1.51382280e+00, -3.16148757e-01,  4.71352543e-01,
        -3.33166725e-01, -4.95616199e-02,  2.30647013e-01,
        -1.45026202e+00, -5.24593919e-01,  1.11475809e+00,
         1.11061673e+00,  2.43436002e-01, -9.98731474e-01,
        -1.21525793e+00,  2.50045833e-03,  2.21363055e-01,
        -1.63541523e-01, -8.40569834e-02,  6.15478597e-02],
       [-3.16148757e-01,  2.52345644e+00,  2.17811675e-01,
        -3.07017393e-01,  3.14717833e-01,  2.37526538e-01,
         1.50974904e+00,  2.37521258e+00,  1.07359276e+00,
        -7.07135713e-02, -1.71132662e-01,  2.10141296e-01,
        -5.30246825e-02, -7.72400679e-01,  3.74056860e-02,
         2.90058739e-01,  1.14713398e-01,  1.69182234e-02],
       [ 4.71352543e-01,  2.17811675e-01,  2.77193913e+00,
        -7.32564438e-01,  1.03157279e-01, -1.01065878e-01,
        -1.22453422e+00,  2.37239095e+00, -7.94747107e-01,
         1.66301985e+00,  5.36639019e-01,  6.47328330e-02,
        -1.46988264e+00, -1.71518277e-01, -1.09116341e+00,
        -3.80797380e-01,  1.30808616e-01,  1.63052490e-01],
       [-3.33166725e-01, -3.07017393e-01, -7.32564438e-01,
         4.44634190e-01, -1.49166724e-01, -5.36898315e-02,
         7.72669588e-01, -1.38744143e+00, -4.56005865e-01,
        -5.78659554e-01,  2.82645399e-01,  4.16792076e-01,
         7.05605324e-01, -1.12012134e-02,  1.58397248e-01,
         7.69766351e-02, -3.04286185e-02, -4.34235698e-02],
       [-4.95616199e-02,  3.14717833e-01,  1.03157279e-01,
        -1.49166724e-01,  2.44620185e-01,  2.04245041e-02,
         3.49206383e-01,  1.58327297e+00,  1.97273567e-01,
         6.78595526e-03, -1.27161424e-01, -2.73424165e-01,
        -1.57203299e-01,  6.65991674e-02,  6.20261272e-02,
        -7.46418766e-03,  4.89852000e-02,  5.35030862e-02],
       [ 2.30647013e-01,  2.37526538e-01, -1.01065878e-01,
        -5.36898315e-02,  2.04245041e-02,  1.45117282e-01,
         9.31415080e-03, -7.09291137e-04,  7.39965565e-01,
         1.64575317e-02, -6.47425164e-02, -1.57336157e-01,
        -1.29180130e-01, -8.96004259e-02,  1.76656153e-01,
         3.26528821e-02, -3.64194430e-02,  1.07087880e-02],
       [-1.45026202e+00,  1.50974904e+00, -1.22453422e+00,
         7.72669588e-01,  3.49206383e-01,  9.31415080e-03,
         5.57657849e+00,  1.90932460e+00, -5.91715820e-01,
        -1.32304140e+00,  1.10421666e+00,  5.26757393e-01,
         1.39623708e+00, -5.55069073e-01,  4.63723464e-01,
         1.72761221e-01,  1.32213199e-01,  3.18247471e-02],
       [-5.24593919e-01,  2.37521258e+00,  2.37239095e+00,
        -1.38744143e+00,  1.58327297e+00, -7.09291137e-04,
         1.90932460e+00,  1.26980116e+01,  4.22506625e-01,
         9.95400578e-01, -2.46183535e-01, -1.52651973e+00,
        -1.69603497e+00,  4.49157152e-02, -4.41650136e-01,
        -2.74530404e-01,  3.68582452e-01,  3.30922782e-01],
       [ 1.11475809e+00,  1.07359276e+00, -7.94747107e-01,
        -4.56005865e-01,  1.97273567e-01,  7.39965565e-01,
        -5.91715820e-01,  4.22506625e-01,  5.40629990e+00,
         1.99839295e-01, -1.37323887e+00, -7.27698895e-01,
        -7.11960964e-01, -8.41500741e-02,  8.41988491e-01,
         2.86022284e-01, -1.54759082e-01, -1.47094304e-02],
       [ 1.11061673e+00, -7.07135713e-02,  1.66301985e+00,
        -5.78659554e-01,  6.78595526e-03,  1.64575317e-02,
        -1.32304140e+00,  9.95400578e-01,  1.99839295e-01,
         1.95824732e+00,  4.98611119e-01, -6.07224915e-01,
        -1.58264903e+00, -9.48760154e-02, -5.04950140e-01,
        -2.99951583e-01,  6.35095089e-02,  6.35234351e-02],
       [ 2.43436002e-01, -1.71132662e-01,  5.36639019e-01,
         2.82645399e-01, -1.27161424e-01, -6.47425164e-02,
         1.10421666e+00, -2.46183535e-01, -1.37323887e+00,
         4.98611119e-01,  2.38561895e+00, -2.13088860e-01,
        -2.67264063e-01, -5.21885468e-01, -1.14767068e-01,
        -3.71416788e-01,  5.67189182e-02,  4.58401723e-02],
       [-9.98731474e-01,  2.10141296e-01,  6.47328330e-02,
         4.16792076e-01, -2.73424165e-01, -1.57336157e-01,
         5.26757393e-01, -1.52651973e+00, -7.27698895e-01,
        -6.07224915e-01, -2.13088860e-01,  2.17719797e+00,
         1.12200280e+00, -1.85280241e-01, -6.40669136e-01,
         2.82351420e-01,  3.00756294e-02, -4.08098860e-02],
       [-1.21525793e+00, -5.30246825e-02, -1.46988264e+00,
         7.05605324e-01, -1.57203299e-01, -1.29180130e-01,
         1.39623708e+00, -1.69603497e+00, -7.11960964e-01,
        -1.58264903e+00, -2.67264063e-01,  1.12200280e+00,
         1.67845789e+00,  2.04019448e-02,  2.06762058e-01,
         3.19577100e-01, -2.65317214e-02, -1.05040560e-01],
       [ 2.50045833e-03, -7.72400679e-01, -1.71518277e-01,
        -1.12012134e-02,  6.65991674e-02, -8.96004259e-02,
        -5.55069073e-01,  4.49157152e-02, -8.41500741e-02,
        -9.48760154e-02, -5.21885468e-01, -1.85280241e-01,
         2.04019448e-02,  4.93542718e-01,  4.42503838e-02,
        -3.55818395e-02, -3.16657541e-03,  2.11300437e-02],
       [ 2.21363055e-01,  3.74056860e-02, -1.09116341e+00,
         1.58397248e-01,  6.20261272e-02,  1.76656153e-01,
         4.63723464e-01, -4.41650136e-01,  8.41988491e-01,
        -5.04950140e-01, -1.14767068e-01, -6.40669136e-01,
         2.06762058e-01,  4.42503838e-02,  6.99436750e-01,
         8.77360073e-02, -7.81527216e-02, -1.50465032e-02],
       [-1.63541523e-01,  2.90058739e-01, -3.80797380e-01,
         7.69766351e-02, -7.46418766e-03,  3.26528821e-02,
         1.72761221e-01, -2.74530404e-01,  2.86022284e-01,
        -2.99951583e-01, -3.71416788e-01,  2.82351420e-01,
         3.19577100e-01, -3.55818395e-02,  8.77360073e-02,
         1.72355962e-01, -1.15826869e-02, -2.92758954e-02],
       [-8.40569834e-02,  1.14713398e-01,  1.30808616e-01,
        -3.04286185e-02,  4.89852000e-02, -3.64194430e-02,
         1.32213199e-01,  3.68582452e-01, -1.54759082e-01,
         6.35095089e-02,  5.67189182e-02,  3.00756294e-02,
        -2.65317214e-02, -3.16657541e-03, -7.81527216e-02,
        -1.15826869e-02,  4.81218192e-02,  1.11197998e-02],
       [ 6.15478597e-02,  1.69182234e-02,  1.63052490e-01,
        -4.34235698e-02,  5.35030862e-02,  1.07087880e-02,
         3.18247471e-02,  3.30922782e-01, -1.47094304e-02,
         6.35234351e-02,  4.58401723e-02, -4.08098860e-02,
        -1.05040560e-01,  2.11300437e-02, -1.50465032e-02,
        -2.92758954e-02,  1.11197998e-02,  4.55769105e-02]])
      jac: array([-6.79626725e-05, -3.37692837e-06, -8.49609272e-05,  7.11273633e-05,
        1.11383495e-04,  2.43381241e-05,  7.66757028e-06, -1.53260737e-05,
       -7.11689966e-06, -1.38809334e-05,  1.83371836e-07,  2.43186952e-05,
       -1.59851391e-04, -4.27548737e-05, -8.25141807e-05, -1.30001565e-05,
       -4.19497770e-05,  3.74028586e-05])
  message: 'Desired error not necessarily achieved due to precision loss.'
     nfev: 2272
      nit: 64
     njev: 119
   status: 2
  success: False
        x: array([ 0.67622594,  0.05106056,  0.06309207,  0.20328519, -1.04436535,
       -0.2395913 ,  0.99176014, -1.66489451, -0.28264693, -0.85909121,
        0.16134857,  0.23939869,  0.10226762, -0.09468979,  0.31346682,
        0.08297262,  1.23202949, -0.3275565 ])
