Program Begingeth
      fun: 0.2928899205144762
 hess_inv: array([[ 1.73983750e+00, -7.24340541e-02,  1.94050415e-01,
         2.64513492e-01, -2.63981380e-01,  3.57819149e-01,
         5.52943187e-01, -5.16128993e-01,  4.97351168e-01,
         8.18781886e-01, -8.94057870e-01,  1.16578480e-01,
        -6.97942786e-01, -1.30786639e-02,  2.75466116e-02,
        -3.25683127e-02, -2.14709298e-02, -2.64060440e-01],
       [-7.24340541e-02,  6.95170756e-01, -1.03088059e-01,
        -2.66919601e-01,  5.18111542e-02, -2.13994125e-01,
        -1.34639575e+00,  2.52447795e-01, -9.32766362e-02,
        -7.31298503e-01, -1.08973896e-01, -1.51045528e-01,
         5.29369777e-02, -2.32638436e-01, -2.07011646e-01,
         4.86342666e-02, -5.14584204e-03, -1.13115076e-01],
       [ 1.94050415e-01, -1.03088059e-01,  3.82425063e-01,
         1.01200585e-01,  1.18248585e-02,  1.23261072e-01,
        -1.79272771e-02, -4.70857988e-01,  2.20788462e-01,
         4.95117505e-01,  8.55799807e-03,  6.50734621e-02,
        -6.47372094e-02,  1.09587514e-01, -5.61304379e-02,
         3.08625448e-02,  3.73906496e-02,  1.26810786e-02],
       [ 2.64513492e-01, -2.66919601e-01,  1.01200585e-01,
         4.40576874e-01,  7.97895223e-02,  1.97736347e-01,
         1.30600245e+00,  3.06151680e-01,  1.30559261e+00,
         1.26094063e+00,  3.14786008e-01, -1.71662345e-01,
        -3.94828301e-02,  9.62573472e-02,  1.32966408e-01,
         6.82542837e-03, -6.51464570e-03,  3.96439966e-02],
       [-2.63981380e-01,  5.18111542e-02,  1.18248585e-02,
         7.97895223e-02,  3.16871705e-01, -5.16675511e-02,
        -2.50457291e-02,  8.42973923e-01,  9.68377165e-01,
         2.61843909e-01,  8.58566253e-01, -2.66697260e-01,
         1.64441898e-01,  5.95421017e-02, -2.94086517e-02,
         4.72082269e-02,  2.08463133e-02,  4.79591641e-02],
       [ 3.57819149e-01, -2.13994125e-01,  1.23261072e-01,
         1.97736347e-01, -5.16675511e-02,  3.21083556e-01,
         8.13655049e-01, -5.12984555e-01,  9.00107523e-01,
         6.98407125e-01,  7.11700116e-03,  3.95495329e-01,
        -1.89084074e-01,  9.34020790e-02,  1.22906238e-01,
        -3.70230418e-02,  3.21361247e-02,  6.36740977e-03],
       [ 5.52943187e-01, -1.34639575e+00, -1.79272771e-02,
         1.30600245e+00, -2.50457291e-02,  8.13655049e-01,
         8.96205601e+00, -5.71569527e-01,  4.51319849e+00,
         3.13838748e+00,  1.49848784e+00, -1.42451963e-01,
        -4.09027305e-01,  2.89214214e-01,  6.39329579e-01,
        -2.31605125e-01,  7.61088424e-02,  1.34720464e-01],
       [-5.16128993e-01,  2.52447795e-01, -4.70857988e-01,
         3.06151680e-01,  8.42973923e-01, -5.12984555e-01,
        -5.71569527e-01,  5.10228111e+00,  2.01433892e+00,
         5.04318278e-01,  1.68039374e+00, -1.74434507e+00,
         5.35367364e-01, -3.29643398e-02,  4.62305803e-03,
         1.27789014e-01, -7.53751190e-02,  1.00117395e-01],
       [ 4.97351168e-01, -9.32766362e-02,  2.20788462e-01,
         1.30559261e+00,  9.68377165e-01,  9.00107523e-01,
         4.51319849e+00,  2.01433892e+00,  9.76738563e+00,
         4.12909134e+00,  3.41172230e+00, -5.08408122e-01,
        -1.34203710e-01,  2.01681202e-01,  3.37556671e-01,
         9.41472183e-03,  1.24358623e-01,  1.14826563e-01],
       [ 8.18781886e-01, -7.31298503e-01,  4.95117505e-01,
         1.26094063e+00,  2.61843909e-01,  6.98407125e-01,
         3.13838748e+00,  5.04318278e-01,  4.12909134e+00,
         3.96624137e+00,  9.39078440e-01, -2.43126990e-01,
        -1.72342971e-01,  3.39808738e-01,  3.49447928e-01,
         1.72381653e-02,  2.06436431e-02,  1.19087840e-01],
       [-8.94057870e-01, -1.08973896e-01,  8.55799807e-03,
         3.14786008e-01,  8.58566253e-01,  7.11700116e-03,
         1.49848784e+00,  1.68039374e+00,  3.41172230e+00,
         9.39078440e-01,  2.86493734e+00, -5.46897133e-01,
         4.10154621e-01,  2.04621670e-01,  1.63095854e-02,
         6.08517361e-02,  8.18702546e-02,  1.76575919e-01],
       [ 1.16578480e-01, -1.51045528e-01,  6.50734621e-02,
        -1.71662345e-01, -2.66697260e-01,  3.95495329e-01,
        -1.42451963e-01, -1.74434507e+00, -5.08408122e-01,
        -2.43126990e-01, -5.46897133e-01,  1.33017057e+00,
        -2.11129517e-01,  8.47432259e-02,  1.05980028e-01,
        -7.49300591e-02,  6.97339015e-02,  2.82506864e-03],
       [-6.97942786e-01,  5.29369777e-02, -6.47372094e-02,
        -3.94828301e-02,  1.64441898e-01, -1.89084074e-01,
        -4.09027305e-01,  5.35367364e-01, -1.34203710e-01,
        -1.72342971e-01,  4.10154621e-01, -2.11129517e-01,
         3.56360534e-01,  6.66863979e-03, -2.27781763e-02,
         6.02308526e-02, -1.06346707e-02,  1.15420591e-01],
       [-1.30786639e-02, -2.32638436e-01,  1.09587514e-01,
         9.62573472e-02,  5.95421017e-02,  9.34020790e-02,
         2.89214214e-01, -3.29643398e-02,  2.01681202e-01,
         3.39808738e-01,  2.04621670e-01,  8.47432259e-02,
         6.66863979e-03,  1.35492626e-01,  5.10223413e-02,
         8.81661857e-04,  3.27781144e-02,  5.28048405e-02],
       [ 2.75466116e-02, -2.07011646e-01, -5.61304379e-02,
         1.32966408e-01, -2.94086517e-02,  1.22906238e-01,
         6.39329579e-01,  4.62305803e-03,  3.37556671e-01,
         3.49447928e-01,  1.63095854e-02,  1.05980028e-01,
        -2.27781763e-02,  5.10223413e-02,  1.40379196e-01,
        -3.09433573e-02, -3.21935347e-03,  5.76490280e-02],
       [-3.25683127e-02,  4.86342666e-02,  3.08625448e-02,
         6.82542837e-03,  4.72082269e-02, -3.70230418e-02,
        -2.31605125e-01,  1.27789014e-01,  9.41472183e-03,
         1.72381653e-02,  6.08517361e-02, -7.49300591e-02,
         6.02308526e-02,  8.81661857e-04, -3.09433573e-02,
         4.46033619e-02, -4.50122832e-03,  3.70148553e-03],
       [-2.14709298e-02, -5.14584204e-03,  3.73906496e-02,
        -6.51464570e-03,  2.08463133e-02,  3.21361247e-02,
         7.61088424e-02, -7.53751190e-02,  1.24358623e-01,
         2.06436431e-02,  8.18702546e-02,  6.97339015e-02,
        -1.06346707e-02,  3.27781144e-02, -3.21935347e-03,
        -4.50122832e-03,  3.45418801e-02,  5.87384143e-03],
       [-2.64060440e-01, -1.13115076e-01,  1.26810786e-02,
         3.96439966e-02,  4.79591641e-02,  6.36740977e-03,
         1.34720464e-01,  1.00117395e-01,  1.14826563e-01,
         1.19087840e-01,  1.76575919e-01,  2.82506864e-03,
         1.15420591e-01,  5.28048405e-02,  5.76490280e-02,
         3.70148553e-03,  5.87384143e-03,  9.28786272e-02]])
      jac: array([ 4.06341627e-07,  5.91378798e-07,  1.30932302e-06, -7.14946621e-06,
        3.30476387e-06, -3.47129732e-06,  9.09272657e-07, -1.14352972e-07,
        4.48530102e-07,  1.10541206e-06, -1.81114383e-06,  1.38999923e-06,
        3.41245550e-06,  1.71936539e-06,  1.18793864e-06,  3.38284956e-06,
       -6.01851902e-06, -3.11898655e-06])
  message: 'Optimization terminated successfully.'
     nfev: 1539
      nit: 71
     njev: 81
   status: 0
  success: True
        x: array([ 0.10746756,  0.16126419,  0.74314044,  1.64989326, -0.75102251,
        0.32775806,  1.18031406, -1.75252089,  0.78337141,  1.98426943,
       -0.65637012,  0.88705244,  0.02737356,  0.13135876, -0.19405013,
       -1.48760816, -0.38961667,  0.05302545])
