Program Begingeth
      fun: 0.32349702682711473
 hess_inv: array([[ 5.46570269e+00,  1.60998794e-01,  1.81394452e+00,
         1.84014013e+00, -9.11130883e-02,  1.99162285e+00,
        -1.94750803e+00,  4.85848943e-01,  9.38658767e+00,
        -2.89180641e-02, -1.06628985e+00,  3.29807197e-03,
        -5.66022768e-01,  2.41909874e-01,  4.99025760e-01,
        -3.48644502e-01,  2.80353280e-01, -1.24365034e-01],
       [ 1.60998794e-01,  4.88056161e+00,  1.62371936e+00,
         3.82079297e-02,  2.17927741e+00,  8.24775219e-01,
        -5.14208929e+00,  2.09787192e+00,  7.37494112e+00,
        -6.54527203e-01,  3.87297567e-01, -1.09461612e+00,
         5.30262978e-01, -2.84494467e-01, -5.45214882e-02,
         9.76808736e-02, -2.71129003e-01,  8.75634052e-02],
       [ 1.81394452e+00,  1.62371936e+00,  2.99563810e+00,
         2.57191261e-01,  5.68338858e-01,  1.72658676e+00,
        -4.60324099e+00, -1.68047633e+00,  7.30361365e+00,
        -7.96527254e-02,  4.92555939e-01, -4.23641646e-01,
        -2.02726031e-01, -2.16613357e-02, -6.21894497e-02,
        -4.33450755e-02,  1.15674799e-01, -1.80239946e-01],
       [ 1.84014013e+00,  3.82079297e-02,  2.57191261e-01,
         7.24419770e-01, -2.85488897e-02,  5.10394686e-01,
         1.71423249e-01,  6.15444226e-01,  2.78262059e+00,
        -5.34050387e-02, -4.82497472e-01, -2.90672292e-02,
        -1.38940146e-01,  6.58173015e-02,  2.25111477e-01,
        -1.23042683e-01,  6.58111104e-02,  9.91466506e-03],
       [-9.11130883e-02,  2.17927741e+00,  5.68338858e-01,
        -2.85488897e-02,  1.05611348e+00,  2.81929930e-01,
        -2.53678903e+00,  1.56700591e+00,  2.81582968e+00,
        -2.39404049e-01,  1.07835128e-01, -4.28313286e-01,
         2.92273498e-01, -9.50959813e-02, -7.33528183e-03,
         8.20118856e-02, -1.50560768e-01,  6.49655768e-02],
       [ 1.99162285e+00,  8.24775219e-01,  1.72658676e+00,
         5.10394686e-01,  2.81929930e-01,  1.25442500e+00,
        -2.72975488e+00, -4.21665059e-01,  5.66737473e+00,
         4.56585560e-02, -8.59623425e-02, -1.71430982e-01,
        -2.26053856e-01,  4.69346691e-02,  1.07114299e-01,
        -1.07875911e-01,  8.74916506e-02, -1.01669873e-01],
       [-1.94750803e+00, -5.14208929e+00, -4.60324099e+00,
         1.71423249e-01, -2.53678903e+00, -2.72975488e+00,
         1.60868243e+01, -1.45863205e+00, -1.36607743e+01,
         4.25217158e-02, -5.04437253e-01,  6.06190381e-01,
        -2.75623452e-01,  6.04672952e-02,  1.70547142e-01,
        -2.14500010e-01,  3.39739042e-01,  2.43959415e-01],
       [ 4.85848943e-01,  2.09787192e+00, -1.68047633e+00,
         6.15444226e-01,  1.56700591e+00, -4.21665059e-01,
        -1.45863205e+00,  9.31470165e+00,  7.88267404e-01,
        -4.62254595e-02, -1.25063648e+00, -3.42018893e-01,
         5.33268623e-01,  7.59285317e-02,  5.90126213e-01,
         1.81722086e-02, -3.54780821e-01,  4.00644836e-01],
       [ 9.38658767e+00,  7.37494112e+00,  7.30361365e+00,
         2.78262059e+00,  2.81582968e+00,  5.66737473e+00,
        -1.36607743e+01,  7.88267404e-01,  3.26239067e+01,
        -4.33321610e-01, -2.67847299e-01, -1.52638707e+00,
        -5.14055960e-01, -2.76169237e-01,  4.87571324e-01,
        -5.35841162e-01, -7.46014314e-03, -3.21427028e-01],
       [-2.89180641e-02, -6.54527203e-01, -7.96527254e-02,
        -5.34050387e-02, -2.39404049e-01,  4.56585560e-02,
         4.25217158e-02, -4.62254595e-02, -4.33321610e-01,
         8.76067940e-01,  4.01804753e-02,  1.73349428e-01,
        -2.45615193e-01,  1.10241920e-02, -7.98433557e-02,
        -1.18822879e-02, -2.63296301e-02, -2.06926581e-01],
       [-1.06628985e+00,  3.87297567e-01,  4.92555939e-01,
        -4.82497472e-01,  1.07835128e-01, -8.59623425e-02,
        -5.04437253e-01, -1.25063648e+00, -2.67847299e-01,
         4.01804753e-02,  1.11488501e+00, -2.05862886e-01,
         6.61719514e-02, -2.38839372e-01, -3.38224913e-01,
         1.04702174e-01, -3.67532711e-02, -1.61546929e-01],
       [ 3.29807197e-03, -1.09461612e+00, -4.23641646e-01,
        -2.90672292e-02, -4.28313286e-01, -1.71430982e-01,
         6.06190381e-01, -3.42018893e-01, -1.52638707e+00,
         1.73349428e-01, -2.05862886e-01,  6.23821962e-01,
        -7.53828936e-02,  1.56991700e-01, -3.10333154e-02,
         4.74260819e-02,  8.63372562e-02, -4.47036137e-03],
       [-5.66022768e-01,  5.30262978e-01, -2.02726031e-01,
        -1.38940146e-01,  2.92273498e-01, -2.26053856e-01,
        -2.75623452e-01,  5.33268623e-01, -5.14055960e-01,
        -2.45615193e-01,  6.61719514e-02, -7.53828936e-02,
         2.46371477e-01, -4.52708065e-02, -1.90667526e-02,
         1.06143404e-01, -8.98923082e-02,  9.75133646e-02],
       [ 2.41909874e-01, -2.84494467e-01, -2.16613357e-02,
         6.58173015e-02, -9.50959813e-02,  4.69346691e-02,
         6.04672952e-02,  7.59285317e-02, -2.76169237e-01,
         1.10241920e-02, -2.38839372e-01,  1.56991700e-01,
        -4.52708065e-02,  1.26849320e-01,  5.68173506e-02,
        -5.72980649e-03,  7.78159582e-02,  2.56717923e-02],
       [ 4.99025760e-01, -5.45214882e-02, -6.21894497e-02,
         2.25111477e-01, -7.33528183e-03,  1.07114299e-01,
         1.70547142e-01,  5.90126213e-01,  4.87571324e-01,
        -7.98433557e-02, -3.38224913e-01, -3.10333154e-02,
        -1.90667526e-02,  5.68173506e-02,  1.69061104e-01,
        -5.72933079e-02,  9.71058046e-03,  8.80889967e-02],
       [-3.48644502e-01,  9.76808736e-02, -4.33450755e-02,
        -1.23042683e-01,  8.20118856e-02, -1.07875911e-01,
        -2.14500010e-01,  1.81722086e-02, -5.35841162e-01,
        -1.18822879e-02,  1.04702174e-01,  4.74260819e-02,
         1.06143404e-01, -5.72980649e-03, -5.72933079e-02,
         9.58638803e-02, -3.07148789e-02,  8.96893438e-03],
       [ 2.80353280e-01, -2.71129003e-01,  1.15674799e-01,
         6.58111104e-02, -1.50560768e-01,  8.74916506e-02,
         3.39739042e-01, -3.54780821e-01, -7.46014314e-03,
        -2.63296301e-02, -3.67532711e-02,  8.63372562e-02,
        -8.98923082e-02,  7.78159582e-02,  9.71058046e-03,
        -3.07148789e-02,  1.17557914e-01, -1.40877013e-02],
       [-1.24365034e-01,  8.75634052e-02, -1.80239946e-01,
         9.91466506e-03,  6.49655768e-02, -1.01669873e-01,
         2.43959415e-01,  4.00644836e-01, -3.21427028e-01,
        -2.06926581e-01, -1.61546929e-01, -4.47036137e-03,
         9.75133646e-02,  2.56717923e-02,  8.80889967e-02,
         8.96893438e-03, -1.40877013e-02,  1.29160937e-01]])
      jac: array([ 3.77683070e-05,  6.34122384e-06, -4.96713781e-06, -5.51436674e-05,
       -1.78764411e-05, -1.96228219e-05,  2.74188080e-06,  5.87678054e-06,
        2.51872597e-06,  5.95967720e-06,  1.34947609e-05, -3.21372558e-05,
       -3.03697808e-05,  8.64001463e-05, -1.39009545e-04,  1.74712097e-06,
       -7.87843864e-05,  1.46067232e-04])
  message: 'Desired error not necessarily achieved due to precision loss.'
     nfev: 1931
      nit: 65
     njev: 101
   status: 2
  success: False
        x: array([ 1.03830247, -1.23537254,  0.62973997,  1.24868198, -1.24467671,
        0.20008731,  0.80473768, -2.00588393, -0.36102152,  0.05846083,
        0.54193962,  1.17131858, -0.02028855,  0.10472628, -0.31632746,
       -1.18051625, -0.42160776, -0.0278538 ])
