Program Begingeth
      fun: 0.2869637881529466
 hess_inv: array([[ 2.55582286e+00, -2.49243651e-01,  1.24792390e+00,
         8.83928115e-01, -2.14109493e-01,  1.03541571e+00,
        -6.99929022e-01, -1.54786861e-01,  4.51918617e+00,
         9.32917018e-02, -3.18461812e-01, -2.51350402e-01,
        -2.87006238e-01,  6.49582362e-02,  1.87055918e-01,
        -1.81338260e-01,  1.35516843e-01, -1.07025984e-01],
       [-2.49243651e-01,  2.61491995e+00,  1.54382277e+00,
        -1.46751363e-01,  1.09016469e+00,  6.49084700e-01,
        -2.54333904e+00,  6.50308231e-02,  3.99196843e+00,
        -2.46117612e-01,  7.32371484e-01, -6.60134528e-01,
         2.31608343e-01, -2.77161781e-01, -1.64077337e-01,
         6.06118284e-02, -1.51122425e-01, -5.36964644e-02],
       [ 1.24792390e+00,  1.54382277e+00,  6.18584765e+00,
        -3.74526987e-01,  3.27570527e-01,  3.22623494e+00,
        -9.66306796e+00, -5.75772795e+00,  1.21518469e+01,
         6.62042697e-01,  1.53229833e+00, -3.71494566e-01,
        -3.58790210e-01, -2.17804414e-01, -5.31044356e-01,
         4.95530386e-02,  7.04963203e-02, -5.84191811e-01],
       [ 8.83928115e-01, -1.46751363e-01, -3.74526987e-01,
         4.64903899e-01, -6.15951701e-02, -4.93285285e-02,
         1.37613969e+00,  9.12012513e-01,  2.44377688e-01,
        -9.41964298e-02, -3.07026935e-01, -1.29793486e-01,
        -3.16347906e-02,  2.12110711e-02,  1.63181541e-01,
        -7.62896354e-02,  2.27911648e-02,  5.86553853e-02],
       [-2.14109493e-01,  1.09016469e+00,  3.27570527e-01,
        -6.15951701e-02,  5.23271924e-01,  1.09625312e-01,
        -7.95954617e-01,  7.60166749e-01,  9.26566238e-01,
        -1.00130035e-01,  1.91680569e-01, -2.27426114e-01,
         1.39084168e-01, -7.75533460e-02, -3.12520044e-02,
         4.49439854e-02, -6.99551582e-02,  1.32881705e-02],
       [ 1.03541571e+00,  6.49084700e-01,  3.22623494e+00,
        -4.93285285e-02,  1.09625312e-01,  1.78539054e+00,
        -5.02354361e+00, -2.74659319e+00,  6.81621011e+00,
         4.02236341e-01,  6.00261069e-01, -1.73731697e-01,
        -2.42952465e-01, -7.34243627e-02, -2.12047479e-01,
        -1.37446717e-02,  5.16528892e-02, -3.05083816e-01],
       [-6.99929022e-01, -2.54333904e+00, -9.66306796e+00,
         1.37613969e+00, -7.95954617e-01, -5.02354361e+00,
         2.02502833e+01,  8.51426771e+00, -1.80320269e+01,
        -1.19061431e+00, -2.04304860e+00, -3.26538756e-02,
         3.76779452e-01,  1.60510165e-01,  9.58743677e-01,
        -2.68488085e-01,  2.55291293e-02,  9.76308081e-01],
       [-1.54786861e-01,  6.50308231e-02, -5.75772795e+00,
         9.12012513e-01,  7.60166749e-01, -2.74659319e+00,
         8.51426771e+00,  1.17964393e+01, -1.02090127e+01,
        -4.70331121e-01, -1.90934088e+00, -2.34153303e-01,
         4.41493142e-01,  2.59230959e-01,  8.94030948e-01,
        -1.12673392e-01, -1.47115280e-01,  6.63755479e-01],
       [ 4.51918617e+00,  3.99196843e+00,  1.21518469e+01,
         2.44377688e-01,  9.26566238e-01,  6.81621011e+00,
        -1.80320269e+01, -1.02090127e+01,  2.97151358e+01,
         1.15726966e+00,  2.63400847e+00, -1.19149074e+00,
        -7.90735113e-01, -6.52048622e-01, -8.67286930e-01,
        -1.51565860e-01, -9.57742002e-03, -1.15598276e+00],
       [ 9.32917018e-02, -2.46117612e-01,  6.62042697e-01,
        -9.41964298e-02, -1.00130035e-01,  4.02236341e-01,
        -1.19061431e+00, -4.70331121e-01,  1.15726966e+00,
         9.16531289e-01,  1.47414076e-01,  4.72141075e-02,
        -2.59901794e-01,  2.28271185e-03, -1.65464524e-01,
        -4.82620197e-03, -1.08881750e-03, -2.82606489e-01],
       [-3.18461812e-01,  7.32371484e-01,  1.53229833e+00,
        -3.07026935e-01,  1.91680569e-01,  6.00261069e-01,
        -2.04304860e+00, -1.90934088e+00,  2.63400847e+00,
         1.47414076e-01,  1.13814650e+00, -2.39519499e-01,
        -2.83378882e-02, -2.53098314e-01, -3.19218319e-01,
         5.78089268e-02, -2.81363881e-02, -2.13848314e-01],
       [-2.51350402e-01, -6.60134528e-01, -3.71494566e-01,
        -1.29793486e-01, -2.27426114e-01, -1.73731697e-01,
        -3.26538756e-02, -2.34153303e-01, -1.19149074e+00,
         4.72141075e-02, -2.39519499e-01,  5.72153901e-01,
         2.79102278e-02,  1.53290012e-01, -3.83763584e-02,
         8.82384140e-02,  5.70719464e-02,  3.30513651e-02],
       [-2.87006238e-01,  2.31608343e-01, -3.58790210e-01,
        -3.16347906e-02,  1.39084168e-01, -2.42952465e-01,
         3.76779452e-01,  4.41493142e-01, -7.90735113e-01,
        -2.59901794e-01, -2.83378882e-02,  2.79102278e-02,
         1.69579244e-01, -1.42084886e-02,  2.89640538e-02,
         6.97548852e-02, -4.42088973e-02,  1.02999732e-01],
       [ 6.49582362e-02, -2.77161781e-01, -2.17804414e-01,
         2.12110711e-02, -7.75533460e-02, -7.34243627e-02,
         1.60510165e-01,  2.59230959e-01, -6.52048622e-01,
         2.28271185e-03, -2.53098314e-01,  1.53290012e-01,
        -1.42084886e-02,  1.24910352e-01,  5.14873817e-02,
         3.86217075e-03,  6.76330183e-02,  3.37182401e-02],
       [ 1.87055918e-01, -1.64077337e-01, -5.31044356e-01,
         1.63181541e-01, -3.12520044e-02, -2.12047479e-01,
         9.58743677e-01,  8.94030948e-01, -8.67286930e-01,
        -1.65464524e-01, -3.19218319e-01, -3.83763584e-02,
         2.89640538e-02,  5.14873817e-02,  1.66381733e-01,
        -4.03911912e-02,  5.12603026e-03,  1.22965021e-01],
       [-1.81338260e-01,  6.06118284e-02,  4.95530386e-02,
        -7.62896354e-02,  4.49439854e-02, -1.37446717e-02,
        -2.68488085e-01, -1.12673392e-01, -1.51565860e-01,
        -4.82620197e-03,  5.78089268e-02,  8.82384140e-02,
         6.97548852e-02,  3.86217075e-03, -4.03911912e-02,
         7.63504528e-02, -1.29278086e-02,  3.92331507e-03],
       [ 1.35516843e-01, -1.51122425e-01,  7.04963203e-02,
         2.27911648e-02, -6.99551582e-02,  5.16528892e-02,
         2.55291293e-02, -1.47115280e-01, -9.57742002e-03,
        -1.08881750e-03, -2.81363881e-02,  5.70719464e-02,
        -4.42088973e-02,  6.76330183e-02,  5.12603026e-03,
        -1.29278086e-02,  8.18903477e-02, -5.80030025e-03],
       [-1.07025984e-01, -5.36964644e-02, -5.84191811e-01,
         5.86553853e-02,  1.32881705e-02, -3.05083816e-01,
         9.76308081e-01,  6.63755479e-01, -1.15598276e+00,
        -2.82606489e-01, -2.13848314e-01,  3.30513651e-02,
         1.02999732e-01,  3.37182401e-02,  1.22965021e-01,
         3.92331507e-03, -5.80030025e-03,  1.57816883e-01]])
      jac: array([ 8.34854408e-05, -9.81696206e-06,  2.08011386e-05, -1.85286971e-04,
        4.09006162e-05, -6.69882668e-05,  1.32349687e-05, -6.30162589e-06,
        4.71844786e-06,  4.13632092e-05,  5.30538576e-06,  6.46038778e-06,
        1.41293273e-04,  1.53902816e-05,  6.75300556e-05, -7.91148628e-05,
       -2.17992291e-05, -3.30901972e-05])
  message: 'Desired error not necessarily achieved due to precision loss.'
     nfev: 1949
      nit: 66
     njev: 102
   status: 2
  success: False
        x: array([ 1.02764149e+00, -1.45454003e+00,  6.03851134e-01,  1.25062843e+00,
       -1.43424784e+00,  1.87672296e-01,  8.72131303e-01, -2.00679751e+00,
       -6.50326906e-01,  1.47932410e-01,  5.64222962e-01,  1.15337426e+00,
        5.04038825e-03,  2.29979928e-01, -2.89681573e-01, -1.17318874e+00,
       -3.75384580e-04, -2.07571626e-02])
