Program Begingeth
      fun: 0.2896740624854376
 hess_inv: array([[ 4.07117774e+00,  1.97833853e-01,  9.86198552e-01,
         2.04061654e+00, -8.20913813e-02, -1.83511477e-01,
         3.15393481e+00, -8.35246921e-01, -4.56404093e+00,
         6.86872700e-01,  5.57481909e-01, -4.96740265e-01,
         4.57134119e-02, -2.31810963e-01, -1.38873150e-01,
         1.10787249e-01,  4.18679846e-03,  5.01293021e-02],
       [ 1.97833853e-01,  1.54330423e+00, -2.20746914e-01,
         1.35634870e-01,  7.64381475e-01, -1.97535744e-01,
         2.22190945e-01,  1.01407427e+00,  1.06405773e+00,
         5.44317668e-01,  3.49035558e-01, -8.83633039e-02,
        -1.27215476e-01,  1.07601196e-02, -1.51772965e-01,
        -6.36417884e-02,  6.63810024e-02,  1.37379864e-02],
       [ 9.86198552e-01, -2.20746914e-01,  1.50801944e+00,
         5.92483084e-01, -2.04428487e-01,  5.83577857e-01,
         1.24902679e+00, -2.01051429e+00, -1.45082142e+00,
         2.83160418e-01, -1.09245685e-01,  1.35134923e-01,
         4.41120199e-02,  1.22130297e-01,  6.93727210e-02,
         1.10782959e-02,  1.00362541e-01,  7.48780264e-02],
       [ 2.04061654e+00,  1.35634870e-01,  5.92483084e-01,
         1.04882996e+00, -2.53642471e-02, -4.48935768e-02,
         1.73935306e+00, -5.44490950e-01, -2.21608377e+00,
         3.60081222e-01,  2.99507355e-01, -2.13709328e-01,
         3.45318600e-02, -9.82529401e-02, -7.75382850e-02,
         5.66518393e-02,  2.09287326e-02,  2.40924712e-02],
       [-8.20913813e-02,  7.64381475e-01, -2.04428487e-01,
        -2.53642471e-02,  4.35116239e-01, -1.36523921e-01,
         3.61960618e-01,  1.01115120e+00,  7.54288835e-01,
         2.40827844e-01,  2.19001948e-01, -4.97212259e-02,
        -1.12771451e-01, -2.75648946e-03, -8.11389512e-02,
        -6.14920038e-02,  7.10004111e-03,  1.63963854e-02],
       [-1.83511477e-01, -1.97535744e-01,  5.83577857e-01,
        -4.48935768e-02, -1.36523921e-01,  3.58690822e-01,
        -2.22869532e-01, -1.09013582e+00,  1.22070338e-01,
        -5.91849184e-02, -2.14278708e-01,  1.64717686e-01,
         6.88765996e-02,  1.19783009e-01,  7.60597528e-02,
         9.38802354e-03,  7.06470465e-02,  1.41987980e-02],
       [ 3.15393481e+00,  2.22190945e-01,  1.24902679e+00,
         1.73935306e+00,  3.61960618e-01, -2.22869532e-01,
         8.87410037e+00,  2.25694403e+00, -3.84947171e+00,
         8.38886729e-01,  1.12137827e+00, -4.24249138e-01,
        -4.93341018e-01, -3.62495345e-01, -1.99458101e-01,
        -1.66906271e-01, -3.19850523e-01,  2.68836968e-01],
       [-8.35246921e-01,  1.01407427e+00, -2.01051429e+00,
        -5.44490950e-01,  1.01115120e+00, -1.09013582e+00,
         2.25694403e+00,  7.60164388e+00,  2.16904268e+00,
         1.44543496e-01,  8.95250620e-01, -8.13297087e-01,
        -5.07803938e-01, -3.59652462e-01, -1.68740622e-01,
        -1.69529161e-01, -3.16501517e-01,  6.14027541e-02],
       [-4.56404093e+00,  1.06405773e+00, -1.45082142e+00,
        -2.21608377e+00,  7.54288835e-01,  1.22070338e-01,
        -3.84947171e+00,  2.16904268e+00,  8.34941208e+00,
        -6.73038008e-01,  1.54774291e-01,  3.45941110e-01,
        -1.15808384e-02,  2.35204137e-01, -2.91099699e-02,
        -1.67565219e-01,  1.45334958e-01, -1.50854038e-01],
       [ 6.86872700e-01,  5.44317668e-01,  2.83160418e-01,
         3.60081222e-01,  2.40827844e-01, -5.91849184e-02,
         8.38886729e-01,  1.44543496e-01, -6.73038008e-01,
         1.04116947e+00,  8.80704063e-02, -5.45544200e-02,
        -2.38393365e-01,  7.29785111e-03,  4.61839720e-02,
        -3.48866736e-02,  3.47227091e-02,  2.31896121e-01],
       [ 5.57481909e-01,  3.49035558e-01, -1.09245685e-01,
         2.99507355e-01,  2.19001948e-01, -2.14278708e-01,
         1.12137827e+00,  8.95250620e-01,  1.54774291e-01,
         8.80704063e-02,  7.85221027e-01, -2.15661161e-01,
        -5.93319833e-02, -1.77203515e-01, -1.88430121e-01,
        -4.19468647e-02, -2.15376717e-02, -8.25669267e-02],
       [-4.96740265e-01, -8.83633039e-02,  1.35134923e-01,
        -2.13709328e-01, -4.97212259e-02,  1.64717686e-01,
        -4.24249138e-01, -8.13297087e-01,  3.45941110e-01,
        -5.45544200e-02, -2.15661161e-01,  4.46414706e-01,
        -5.56752861e-03,  1.31702470e-01,  6.91997509e-04,
        -5.96488268e-02,  5.98611773e-02,  1.92137193e-02],
       [ 4.57134119e-02, -1.27215476e-01,  4.41120199e-02,
         3.45318600e-02, -1.12771451e-01,  6.88765996e-02,
        -4.93341018e-01, -5.07803938e-01, -1.15808384e-02,
        -2.38393365e-01, -5.93319833e-02, -5.56752861e-03,
         1.54799393e-01,  2.03294232e-02, -3.54733816e-03,
         7.49978170e-02,  4.32694667e-02, -7.77793247e-02],
       [-2.31810963e-01,  1.07601196e-02,  1.22130297e-01,
        -9.82529401e-02, -2.75648946e-03,  1.19783009e-01,
        -3.62495345e-01, -3.59652462e-01,  2.35204137e-01,
         7.29785111e-03, -1.77203515e-01,  1.31702470e-01,
         2.03294232e-02,  1.02249969e-01,  3.60385671e-02,
        -3.07290103e-03,  6.33070126e-02,  1.91596866e-02],
       [-1.38873150e-01, -1.51772965e-01,  6.93727210e-02,
        -7.75382850e-02, -8.11389512e-02,  7.60597528e-02,
        -1.99458101e-01, -1.68740622e-01, -2.91099699e-02,
         4.61839720e-02, -1.88430121e-01,  6.91997509e-04,
        -3.54733816e-03,  3.60385671e-02,  9.70395441e-02,
         1.79680715e-02, -1.12242417e-03,  6.68363351e-02],
       [ 1.10787249e-01, -6.36417884e-02,  1.10782959e-02,
         5.66518393e-02, -6.14920038e-02,  9.38802354e-03,
        -1.66906271e-01, -1.69529161e-01, -1.67565219e-01,
        -3.48866736e-02, -4.19468647e-02, -5.96488268e-02,
         7.49978170e-02, -3.07290103e-03,  1.79680715e-02,
         6.72636187e-02,  1.34010667e-02, -1.61684271e-02],
       [ 4.18679846e-03,  6.63810024e-02,  1.00362541e-01,
         2.09287326e-02,  7.10004111e-03,  7.06470465e-02,
        -3.19850523e-01, -3.16501517e-01,  1.45334958e-01,
         3.47227091e-02, -2.15376717e-02,  5.98611773e-02,
         4.32694667e-02,  6.33070126e-02, -1.12242417e-03,
         1.34010667e-02,  8.15196954e-02, -8.29809751e-03],
       [ 5.01293021e-02,  1.37379864e-02,  7.48780264e-02,
         2.40924712e-02,  1.63963854e-02,  1.41987980e-02,
         2.68836968e-01,  6.14027541e-02, -1.50854038e-01,
         2.31896121e-01, -8.25669267e-02,  1.92137193e-02,
        -7.77793247e-02,  1.91596866e-02,  6.68363351e-02,
        -1.61684271e-02, -8.29809751e-03,  1.09945289e-01]])
      jac: array([-1.43662859e-06,  3.40098320e-07, -1.64683082e-06,  2.32110627e-06,
        1.15463195e-07,  2.71523544e-06, -1.77635684e-07, -6.69834558e-08,
       -5.53631215e-07,  2.00210219e-07,  1.76599476e-06, -6.27276009e-07,
        2.10979382e-06,  4.55154433e-06, -1.35595239e-06, -1.34559031e-06,
       -4.92198874e-06,  2.32591724e-06])
  message: 'Optimization terminated successfully.'
     nfev: 1387
      nit: 61
     njev: 73
   status: 0
  success: True
        x: array([-1.60023966e+00, -1.20453095e+00,  6.93894529e-01, -1.38546297e+00,
       -1.28487138e+00,  3.74447442e-01, -5.15091640e-01, -1.78019645e+00,
        1.10381059e+00,  2.85468352e-02,  4.63105572e-01,  1.23333491e+00,
        1.09069215e-01,  1.99879324e-01, -2.63262990e-01,  1.28111408e+00,
       -1.77507268e-01,  1.77139049e-04])
