Program Begingeth
      fun: 0.25351960642754917
 hess_inv: array([[ 3.88472476e+00, -6.52417712e-01,  6.87315289e-01,
         1.67216949e+00, -3.51644441e-01,  3.24552104e-01,
         2.86563532e+00, -3.09192398e-01, -4.43462791e+00,
         3.74822968e-01, -7.01560368e-01,  2.90286857e-01,
        -2.94149755e-01,  2.27670513e-01,  1.06364017e-01,
        -8.47927404e-02,  1.82673931e-01, -2.32945581e-01],
       [-6.52417712e-01,  2.36431251e+00,  7.06631270e-02,
        -4.65644256e-02,  1.02852468e+00, -4.96408737e-01,
         5.74192023e-01,  6.79477587e-01, -1.84804312e+00,
        -5.10332395e-01,  5.74443916e-01, -7.48935677e-01,
         4.00017341e-01, -2.34180216e-01, -1.94546775e-01,
         1.40084743e-01, -1.35354935e-01,  5.38217985e-02],
       [ 6.87315289e-01,  7.06631270e-02,  9.65187982e-01,
         3.20728066e-01,  1.30289074e-01,  3.68029267e-01,
         1.41310090e+00,  6.25075359e-01, -8.62133180e-01,
         1.35054673e-01,  2.01183360e-01,  2.00540177e-02,
        -5.99900235e-02,  1.08650734e-01, -4.41146854e-02,
         4.96958032e-02,  1.29937046e-01, -8.31061753e-02],
       [ 1.67216949e+00, -4.65644256e-02,  3.20728066e-01,
         7.99214830e-01, -5.28018355e-02,  9.92961606e-02,
         1.66280635e+00, -2.34254000e-01, -2.18711872e+00,
         1.54487439e-01, -2.71901150e-01,  6.28462783e-02,
        -5.02533639e-02,  6.35932504e-02,  3.80805905e-02,
        -1.29391232e-04,  2.86655358e-02, -8.61740251e-02],
       [-3.51644441e-01,  1.02852468e+00,  1.30289074e-01,
        -5.28018355e-02,  4.98657780e-01, -1.73174428e-01,
         3.26066491e-01,  6.20946937e-01, -6.58293211e-01,
        -2.32334013e-01,  3.05258819e-01, -2.66037284e-01,
         1.85996305e-01, -7.23593985e-02, -1.08645702e-01,
         8.82129800e-02, -3.89823939e-02,  2.09884625e-02],
       [ 3.24552104e-01, -4.96408737e-01,  3.68029267e-01,
         9.92961606e-02, -1.73174428e-01,  2.98065439e-01,
         3.79222654e-01,  4.93360511e-02,  4.15022680e-01,
         1.77225846e-01, -1.11718488e-01,  1.89027172e-01,
        -1.11874895e-01,  1.18894549e-01,  5.04359497e-02,
        -1.26762509e-02,  8.65906754e-02, -2.89335893e-02],
       [ 2.86563532e+00,  5.74192023e-01,  1.41310090e+00,
         1.66280635e+00,  3.26066491e-01,  3.79222654e-01,
         5.77262044e+00, -8.80421594e-02, -4.58128210e+00,
         4.34958906e-01, -1.01422942e-01,  1.09647483e-01,
         8.03376751e-02,  1.30550322e-01, -5.26117228e-02,
         1.57040016e-01,  1.79044464e-02, -1.78274241e-01],
       [-3.09192398e-01,  6.79477587e-01,  6.25075359e-01,
        -2.34254000e-01,  6.20946937e-01,  4.93360511e-02,
        -8.80421594e-02,  3.34079980e+00, -1.88420350e-01,
        -4.95207428e-01,  5.60731144e-01,  3.27774917e-02,
         8.62306401e-02,  8.79794061e-02, -2.28356425e-01,
         1.11238110e-01,  1.52949500e-01, -2.80197492e-02],
       [-4.43462791e+00, -1.84804312e+00, -8.62133180e-01,
        -2.18711872e+00, -6.58293211e-01,  4.15022680e-01,
        -4.58128210e+00, -1.88420350e-01,  1.01612507e+01,
        -1.66076128e-01,  4.29919197e-02,  5.96165188e-01,
         1.60162201e-02,  1.20922462e-01,  1.75462312e-01,
         4.34382511e-03, -2.56802026e-03,  3.15865618e-01],
       [ 3.74822968e-01, -5.10332395e-01,  1.35054673e-01,
         1.54487439e-01, -2.32334013e-01,  1.77225846e-01,
         4.34958906e-01, -4.95207428e-01, -1.66076128e-01,
         7.99023276e-01, -1.03667206e-01,  1.04825609e-01,
        -2.40169969e-01,  3.30637143e-02, -3.44664121e-02,
        -4.65294391e-02, -7.75060221e-03, -1.99636587e-01],
       [-7.01560368e-01,  5.74443916e-01,  2.01183360e-01,
        -2.71901150e-01,  3.05258819e-01, -1.11718488e-01,
        -1.01422942e-01,  5.60731144e-01,  4.29919197e-02,
        -1.03667206e-01,  7.39305435e-01, -2.46333385e-01,
         1.06134696e-01, -1.52408945e-01, -1.86362720e-01,
         7.62146268e-02, -2.55615245e-02, -6.38721727e-02],
       [ 2.90286857e-01, -7.48935677e-01,  2.00540177e-02,
         6.28462783e-02, -2.66037284e-01,  1.89027172e-01,
         1.09647483e-01,  3.27774917e-02,  5.96165188e-01,
         1.04825609e-01, -2.46333385e-01,  5.33493669e-01,
        -7.70977360e-02,  1.65764980e-01,  3.08502760e-02,
         1.86532179e-02,  9.37896194e-02,  1.03719152e-02],
       [-2.94149755e-01,  4.00017341e-01, -5.99900235e-02,
        -5.02533639e-02,  1.85996305e-01, -1.11874895e-01,
         8.03376751e-02,  8.62306401e-02,  1.60162201e-02,
        -2.40169969e-01,  1.06134696e-01, -7.70977360e-02,
         1.78904007e-01, -5.36088763e-02, -1.42667148e-02,
         8.26231758e-02, -5.91014004e-02,  7.76944557e-02],
       [ 2.27670513e-01, -2.34180216e-01,  1.08650734e-01,
         6.35932504e-02, -7.23593985e-02,  1.18894549e-01,
         1.30550322e-01,  8.79794061e-02,  1.20922462e-01,
         3.30637143e-02, -1.52408945e-01,  1.65764980e-01,
        -5.36088763e-02,  1.13019031e-01,  2.93239423e-02,
        -6.62615394e-03,  8.32340462e-02,  2.89827024e-03],
       [ 1.06364017e-01, -1.94546775e-01, -4.41146854e-02,
         3.80805905e-02, -1.08645702e-01,  5.04359497e-02,
        -5.26117228e-02, -2.28356425e-01,  1.75462312e-01,
        -3.44664121e-02, -1.86362720e-01,  3.08502760e-02,
        -1.42667148e-02,  2.93239423e-02,  9.27911670e-02,
        -2.68839728e-02,  1.17811024e-04,  6.06514826e-02],
       [-8.47927404e-02,  1.40084743e-01,  4.96958032e-02,
        -1.29391232e-04,  8.82129800e-02, -1.26762509e-02,
         1.57040016e-01,  1.11238110e-01,  4.34382511e-03,
        -4.65294391e-02,  7.62146268e-02,  1.86532179e-02,
         8.26231758e-02, -6.62615394e-03, -2.68839728e-02,
         6.97733232e-02, -1.57686136e-02,  1.44738809e-02],
       [ 1.82673931e-01, -1.35354935e-01,  1.29937046e-01,
         2.86655358e-02, -3.89823939e-02,  8.65906754e-02,
         1.79044464e-02,  1.52949500e-01, -2.56802026e-03,
        -7.75060221e-03, -2.55615245e-02,  9.37896194e-02,
        -5.91014004e-02,  8.32340462e-02,  1.17811024e-04,
        -1.57686136e-02,  9.92774344e-02, -1.52453021e-02],
       [-2.32945581e-01,  5.38217985e-02, -8.31061753e-02,
        -8.61740251e-02,  2.09884625e-02, -2.89335893e-02,
        -1.78274241e-01, -2.80197492e-02,  3.15865618e-01,
        -1.99636587e-01, -6.38721727e-02,  1.03719152e-02,
         7.76944557e-02,  2.89827024e-03,  6.06514826e-02,
         1.44738809e-02, -1.52453021e-02,  1.11676695e-01]])
      jac: array([-3.57761968e-05, -7.74828350e-05,  6.53262629e-05,  6.44143998e-05,
        1.37256873e-04, -1.07133931e-04,  2.95948451e-06,  6.16913927e-07,
        1.90514271e-06, -3.05777625e-05, -5.86656649e-05,  2.43708757e-05,
       -9.93712520e-05, -1.75850445e-04, -1.24493009e-06,  8.48754400e-05,
        6.01045140e-05, -1.73698093e-05])
  message: 'Desired error not necessarily achieved due to precision loss.'
     nfev: 2290
      nit: 81
     njev: 120
   status: 2
  success: False
        x: array([ 1.0540264 , -1.18517598,  0.77344628,  1.31649344, -1.14861699,
        0.36312268,  2.26761446, -0.92340442,  0.82946426,  0.1212919 ,
        0.58927545,  1.20150987,  0.02133353,  0.22703789, -0.29423452,
       -1.07659173, -0.16514075, -0.01717546])
