Program Begingeth
      fun: 0.3014291341212932
 hess_inv: array([[ 8.26088920e+00,  1.90529129e+00,  3.26062832e-01,
         2.27642069e+00,  1.06133805e+00, -3.71330769e-01,
         2.69214607e+00, -5.26880716e-02, -3.01175074e+00,
        -5.29412579e-01,  2.23410354e-01, -5.14322254e-01,
        -1.44592983e+00, -2.67972860e-01, -8.21266797e-02,
        -2.73991050e-01, -6.90935003e-01,  1.53291196e-01],
       [ 1.90529129e+00,  2.87044946e+00, -3.54248252e-01,
         2.38370045e-01,  1.09626337e+00, -1.34249046e-01,
        -5.33325757e-01,  1.88969337e+00,  4.48551868e-02,
         6.56426186e-02, -4.27358664e-01, -9.80366242e-01,
        -4.94755866e-01, -2.89904138e-01,  3.15130014e-01,
         5.72520746e-02, -2.09029933e-01,  1.20855762e-01],
       [ 3.26062832e-01, -3.54248252e-01,  6.27610044e+00,
         8.03927186e-01, -4.18808873e-01,  2.08799319e+00,
         6.95662849e+00, -3.23914274e+00,  2.34258107e+00,
        -4.01760107e-02,  2.00171981e+00, -5.97625974e-01,
         2.10640157e-01, -4.23058852e-01, -6.29205362e-01,
         1.17495309e-02,  9.92218293e-02, -9.08509418e-02],
       [ 2.27642069e+00,  2.38370045e-01,  8.03927186e-01,
         8.06038744e-01,  1.68588698e-01,  1.49612833e-01,
         2.13729365e+00, -4.55419357e-01, -7.52393769e-01,
        -1.80136868e-01,  2.35701647e-01, -9.01621629e-02,
        -3.02896814e-01, -5.06142637e-02, -9.62575514e-02,
        -6.50802540e-02, -1.39230455e-01,  2.85494966e-02],
       [ 1.06133805e+00,  1.09626337e+00, -4.18808873e-01,
         1.68588698e-01,  4.93253837e-01, -1.53760112e-01,
        -2.90096522e-01,  1.15628873e+00, -2.57513859e-01,
        -7.59233862e-02, -2.36502210e-01, -2.89461206e-01,
        -2.41819606e-01, -6.85079229e-02,  1.40769872e-01,
        -4.87003979e-03, -1.04911530e-01,  5.22340811e-02],
       [-3.71330769e-01, -1.34249046e-01,  2.08799319e+00,
         1.49612833e-01, -1.53760112e-01,  7.86050131e-01,
         2.39148140e+00, -8.28979633e-01,  1.22380326e+00,
        -1.11118632e-01,  5.47872987e-01, -1.83238034e-01,
         1.89658898e-01, -1.15282154e-01, -1.57721815e-01,
         3.29602216e-02,  6.76416314e-02, -3.84220122e-02],
       [ 2.69214607e+00, -5.33325757e-01,  6.95662849e+00,
         2.13729365e+00, -2.90096522e-01,  2.39148140e+00,
         1.36936063e+01, -3.21277187e+00,  9.30892526e-01,
        -3.23348587e-01,  1.48956915e+00, -3.24427155e-01,
         1.29299000e-01, -1.07555203e-01, -5.08163325e-01,
        -1.91829408e-02,  1.02033087e-01,  6.23242199e-03],
       [-5.26880716e-02,  1.88969337e+00, -3.23914274e+00,
        -4.55419357e-01,  1.15628873e+00, -8.28979633e-01,
        -3.21277187e+00,  6.92558398e+00, -3.80559855e-01,
        -8.22147484e-01, -1.11373431e+00, -2.16437741e-01,
         3.11346687e-02,  6.95383623e-02,  6.21455489e-01,
         8.60731020e-02, -9.49264230e-02,  2.57143054e-02],
       [-3.01175074e+00,  4.48551868e-02,  2.34258107e+00,
        -7.52393769e-01, -2.57513859e-01,  1.22380326e+00,
         9.30892526e-01, -3.80559855e-01,  4.84970811e+00,
        -2.15972866e-01,  5.55191337e-01, -2.65054152e-01,
         5.83963130e-01, -2.68825344e-01, -1.34226162e-01,
         1.27771268e-01,  1.51660236e-01, -1.54327933e-01],
       [-5.29412579e-01,  6.56426186e-02, -4.01760107e-02,
        -1.80136868e-01, -7.59233862e-02, -1.11118632e-01,
        -3.23348587e-01, -8.22147484e-01, -2.15972866e-01,
         1.31815094e+00, -1.68784032e-01,  1.85007934e-02,
        -2.22588759e-01,  5.24757417e-02,  7.04764340e-02,
         6.91309231e-03,  8.72514463e-02,  2.22173684e-01],
       [ 2.23410354e-01, -4.27358664e-01,  2.00171981e+00,
         2.35701647e-01, -2.36502210e-01,  5.47872987e-01,
         1.48956915e+00, -1.11373431e+00,  5.55191337e-01,
        -1.68784032e-01,  1.32841438e+00, -1.62804859e-01,
         5.00913993e-02, -2.73533939e-01, -4.01694692e-01,
        -4.11160789e-02,  4.14868243e-04, -1.58623591e-01],
       [-5.14322254e-01, -9.80366242e-01, -5.97625974e-01,
        -9.01621629e-02, -2.89461206e-01, -1.83238034e-01,
        -3.24427155e-01, -2.16437741e-01, -2.65054152e-01,
         1.85007934e-02, -1.62804859e-01,  7.52207081e-01,
         9.16551310e-02,  2.33753001e-01, -7.92236272e-02,
        -7.14553497e-02,  8.92492586e-02,  3.25418362e-03],
       [-1.44592983e+00, -4.94755866e-01,  2.10640157e-01,
        -3.02896814e-01, -2.41819606e-01,  1.89658898e-01,
         1.29299000e-01,  3.11346687e-02,  5.83963130e-01,
        -2.22588759e-01,  5.00913993e-02,  9.16551310e-02,
         4.00796337e-01,  5.17477890e-02, -2.00401518e-02,
         8.32766673e-02,  1.41686658e-01, -8.79544983e-02],
       [-2.67972860e-01, -2.89904138e-01, -4.23058852e-01,
        -5.06142637e-02, -6.85079229e-02, -1.15282154e-01,
        -1.07555203e-01,  6.95383623e-02, -2.68825344e-01,
         5.24757417e-02, -2.73533939e-01,  2.33753001e-01,
         5.17477890e-02,  1.52413416e-01,  4.99514609e-02,
        -6.70073719e-03,  6.15173218e-02,  3.17331200e-02],
       [-8.21266797e-02,  3.15130014e-01, -6.29205362e-01,
        -9.62575514e-02,  1.40769872e-01, -1.57721815e-01,
        -5.08163325e-01,  6.21455489e-01, -1.34226162e-01,
         7.04764340e-02, -4.01694692e-01, -7.92236272e-02,
        -2.00401518e-02,  4.99514609e-02,  1.82650703e-01,
         3.20879962e-02, -7.43765345e-03,  7.02179873e-02],
       [-2.73991050e-01,  5.72520746e-02,  1.17495309e-02,
        -6.50802540e-02, -4.87003979e-03,  3.29602216e-02,
        -1.91829408e-02,  8.60731020e-02,  1.27771268e-01,
         6.91309231e-03, -4.11160789e-02, -7.14553497e-02,
         8.32766673e-02, -6.70073719e-03,  3.20879962e-02,
         5.14919766e-02,  2.59384067e-02, -4.18888608e-03],
       [-6.90935003e-01, -2.09029933e-01,  9.92218293e-02,
        -1.39230455e-01, -1.04911530e-01,  6.76416314e-02,
         1.02033087e-01, -9.49264230e-02,  1.51660236e-01,
         8.72514463e-02,  4.14868243e-04,  8.92492586e-02,
         1.41686658e-01,  6.15173218e-02, -7.43765345e-03,
         2.59384067e-02,  1.03983701e-01, -4.36438922e-03],
       [ 1.53291196e-01,  1.20855762e-01, -9.08509418e-02,
         2.85494966e-02,  5.22340811e-02, -3.84220122e-02,
         6.23242199e-03,  2.57143054e-02, -1.54327933e-01,
         2.22173684e-01, -1.58623591e-01,  3.25418362e-03,
        -8.79544983e-02,  3.17331200e-02,  7.02179873e-02,
        -4.18888608e-03, -4.36438922e-03,  8.70819076e-02]])
      jac: array([-2.95467354e-05,  4.73088235e-05, -2.00247226e-06,  8.33377811e-05,
       -7.86700335e-05, -9.72925444e-06, -3.84248189e-06,  3.91020549e-06,
       -8.02321173e-07, -1.19382282e-05,  1.50168766e-05, -6.50220618e-07,
       -2.05391260e-06,  1.18664338e-05,  7.08248275e-06, -3.09089791e-05,
       -1.49691370e-05,  4.65416594e-05])
  message: 'Desired error not necessarily achieved due to precision loss.'
     nfev: 2292
      nit: 74
     njev: 120
   status: 2
  success: False
        x: array([-0.80901227, -0.8493586 ,  0.0556933 , -1.38261899, -0.89122093,
       -0.06421927, -1.85151274, -1.10587907, -0.99279978,  0.17270149,
        0.41690735,  1.07841132,  0.09895169,  0.18811526, -0.2341111 ,
        1.51427798, -0.34583504,  0.03252493])
