Program Begingeth
      fun: 0.2927894333410295
 hess_inv: array([[ 4.17511236e+00, -1.27918009e+00,  1.26689436e+00,
         1.29098609e+00, -6.68935774e-01,  1.27951104e+00,
        -5.96575526e-01, -1.71131023e-01,  4.22548678e+00,
         1.46385021e-01, -5.99123399e-01,  2.46073485e-01,
        -6.05486368e-01,  2.56448454e-01,  2.49596191e-01,
        -2.14335498e-01,  3.50167421e-01, -2.15297348e-01],
       [-1.27918009e+00,  3.31081733e+00,  2.99738870e+00,
        -7.96318142e-01,  1.34592704e+00,  1.17363898e+00,
        -6.62857351e+00, -1.39094757e+00,  5.25523883e+00,
        -1.22206703e-01,  1.02196567e+00, -8.71096337e-01,
         3.62051116e-01, -3.08903477e-01, -3.66229663e-01,
         1.96228030e-01, -1.91465600e-01, -1.68421163e-01],
       [ 1.26689436e+00,  2.99738870e+00,  1.48886223e+01,
        -1.96822743e+00,  6.12964572e-01,  7.14277989e+00,
        -2.74106588e+01, -1.42200067e+01,  2.37258406e+01,
         1.11833953e+00,  3.96759385e+00, -1.14504780e+00,
        -5.95997106e-01, -3.99691615e-01, -1.38023217e+00,
         3.82096921e-01,  2.14115516e-01, -1.29955339e+00],
       [ 1.29098609e+00, -7.96318142e-01, -1.96822743e+00,
         8.33346788e-01, -2.85857303e-01, -7.19676463e-01,
         4.62586129e+00,  2.31564847e+00, -2.26223133e+00,
        -1.66200557e-01, -8.33827055e-01,  2.01435500e-01,
        -8.44973928e-02,  1.23537283e-01,  3.18238041e-01,
        -1.32217323e-01,  6.99678944e-02,  1.49006085e-01],
       [-6.68935774e-01,  1.34592704e+00,  6.12964572e-01,
        -2.85857303e-01,  6.45750645e-01,  1.98847834e-01,
        -1.95762812e+00,  6.59916345e-01,  1.07591009e+00,
        -2.93740720e-02,  2.10898069e-01, -2.85504902e-01,
         1.99784063e-01, -8.08280447e-02, -6.96184470e-02,
         9.00139338e-02, -9.79013296e-02, -2.51036306e-03],
       [ 1.27951104e+00,  1.17363898e+00,  7.14277989e+00,
        -7.19676463e-01,  1.98847834e-01,  3.59624464e+00,
        -1.31744818e+01, -6.36226766e+00,  1.19767993e+01,
         6.62408393e-01,  1.64513390e+00, -4.62637551e-01,
        -4.05505455e-01, -1.25015768e-01, -5.68717200e-01,
         1.31947499e-01,  1.40108643e-01, -6.43180391e-01],
       [-5.96575526e-01, -6.62857351e+00, -2.74106588e+01,
         4.62586129e+00, -1.95762812e+00, -1.31744818e+01,
         5.81500965e+01,  2.41939873e+01, -4.37270169e+01,
        -2.26618297e+00, -6.99375623e+00,  1.85397785e+00,
         7.42912364e-01,  6.32317983e-01,  2.57281956e+00,
        -9.08359006e-01, -1.23199601e-01,  2.39436862e+00],
       [-1.71131023e-01, -1.39094757e+00, -1.42200067e+01,
         2.31564847e+00,  6.59916345e-01, -6.36226766e+00,
         2.41939873e+01,  2.21939255e+01, -2.19090722e+01,
        -5.12696133e-01, -4.64826186e+00,  8.39793017e-01,
         5.56432090e-01,  5.76080940e-01,  1.85660653e+00,
        -3.95156189e-01, -2.56516770e-01,  1.34973963e+00],
       [ 4.22548678e+00,  5.25523883e+00,  2.37258406e+01,
        -2.26223133e+00,  1.07591009e+00,  1.19767993e+01,
        -4.37270169e+01, -2.19090722e+01,  4.33230163e+01,
         2.04725500e+00,  5.83519317e+00, -1.79310057e+00,
        -1.16856025e+00, -7.69484476e-01, -2.12149820e+00,
         4.42841589e-01,  2.28369489e-01, -2.25374328e+00],
       [ 1.46385021e-01, -1.22206703e-01,  1.11833953e+00,
        -1.66200557e-01, -2.93740720e-02,  6.62408393e-01,
        -2.26618297e+00, -5.12696133e-01,  2.04725500e+00,
         1.03250903e+00,  2.84937411e-01, -1.79143039e-02,
        -3.00666881e-01, -2.19214450e-02, -1.54262829e-01,
        -4.59380389e-03, -1.97986207e-02, -3.00496969e-01],
       [-5.99123399e-01,  1.02196567e+00,  3.96759385e+00,
        -8.33827055e-01,  2.10898069e-01,  1.64513390e+00,
        -6.99375623e+00, -4.64826186e+00,  5.83519317e+00,
         2.84937411e-01,  1.86618280e+00, -4.35779381e-01,
        -4.62330893e-02, -3.20543924e-01, -6.16620330e-01,
         1.68114749e-01, -1.39013854e-02, -4.32340024e-01],
       [ 2.46073485e-01, -8.71096337e-01, -1.14504780e+00,
         2.01435500e-01, -2.85504902e-01, -4.62637551e-01,
         1.85397785e+00,  8.39793017e-01, -1.79310057e+00,
        -1.79143039e-02, -4.35779381e-01,  5.66819837e-01,
        -1.62293068e-02,  1.73135783e-01,  8.32413118e-02,
         1.34069949e-02,  7.94481588e-02,  9.63157477e-02],
       [-6.05486368e-01,  3.62051116e-01, -5.95997106e-01,
        -8.44973928e-02,  1.99784063e-01, -4.05505455e-01,
         7.42912364e-01,  5.56432090e-01, -1.16856025e+00,
        -3.00666881e-01, -4.62330893e-02, -1.62293068e-02,
         2.41303643e-01, -3.33472531e-02,  1.88383873e-02,
         8.01678770e-02, -7.62884800e-02,  1.28196408e-01],
       [ 2.56448454e-01, -3.08903477e-01, -3.99691615e-01,
         1.23537283e-01, -8.08280447e-02, -1.25015768e-01,
         6.32317983e-01,  5.76080940e-01, -7.69484476e-01,
        -2.19214450e-02, -3.20543924e-01,  1.73135783e-01,
        -3.33472531e-02,  1.32943476e-01,  9.64399247e-02,
        -1.56440467e-02,  7.42224052e-02,  5.83793044e-02],
       [ 2.49596191e-01, -3.66229663e-01, -1.38023217e+00,
         3.18238041e-01, -6.96184470e-02, -5.68717200e-01,
         2.57281956e+00,  1.85660653e+00, -2.12149820e+00,
        -1.54262829e-01, -6.16620330e-01,  8.32413118e-02,
         1.88383873e-02,  9.64399247e-02,  2.63624672e-01,
        -7.29212133e-02,  3.73959726e-03,  1.82824002e-01],
       [-2.14335498e-01,  1.96228030e-01,  3.82096921e-01,
        -1.32217323e-01,  9.00139338e-02,  1.31947499e-01,
        -9.08359006e-01, -3.95156189e-01,  4.42841589e-01,
        -4.59380389e-03,  1.68114749e-01,  1.34069949e-02,
         8.01678770e-02, -1.56440467e-02, -7.29212133e-02,
         8.63845411e-02, -1.77653742e-02, -1.72521718e-02],
       [ 3.50167421e-01, -1.91465600e-01,  2.14115516e-01,
         6.99678944e-02, -9.79013296e-02,  1.40108643e-01,
        -1.23199601e-01, -2.56516770e-01,  2.28369489e-01,
        -1.97986207e-02, -1.39013854e-02,  7.94481588e-02,
        -7.62884800e-02,  7.42224052e-02,  3.73959726e-03,
        -1.77653742e-02,  1.02316787e-01, -1.90568316e-02],
       [-2.15297348e-01, -1.68421163e-01, -1.29955339e+00,
         1.49006085e-01, -2.51036306e-03, -6.43180391e-01,
         2.39436862e+00,  1.34973963e+00, -2.25374328e+00,
        -3.00496969e-01, -4.32340024e-01,  9.63157477e-02,
         1.28196408e-01,  5.83793044e-02,  1.82824002e-01,
        -1.72521718e-02, -1.90568316e-02,  2.13901847e-01]])
      jac: array([-1.92705481e-04,  9.33479220e-05,  3.35146725e-05,  4.53675616e-04,
       -2.55231022e-04, -7.53719309e-05, -3.80184773e-05,  1.87228011e-05,
        4.98379116e-06, -6.00242078e-05,  8.55167789e-06,  4.58744154e-06,
       -3.30589260e-04,  1.16319177e-04,  8.33729382e-05,  2.61178856e-04,
        8.46211990e-06, -5.52802248e-05])
  message: 'Desired error not necessarily achieved due to precision loss.'
     nfev: 2291
      nit: 82
     njev: 120
   status: 2
  success: False
        x: array([ 0.99844873, -1.13444215,  0.5167338 ,  1.28704363, -1.13558717,
        0.13159249,  1.07743139, -1.66743976, -0.67014741,  0.04183998,
        0.56346557,  1.1527907 , -0.00675872,  0.18319675, -0.29908023,
       -1.20035459, -0.28141619, -0.00911309])
