Program Begingeth
      fun: 0.37868173564553165
 hess_inv: array([[ 6.19313853e-01, -1.06598659e-01, -3.45805336e-02,
         1.60612859e-02,  1.53686172e-01, -3.44198083e-01,
         2.16584946e-03,  5.61243328e-01, -1.97479904e+00,
        -8.83823756e-02,  2.31742350e-01,  6.04085817e-01,
        -2.67565294e-01,  6.72486476e-02, -4.28358454e-01,
        -7.00471807e-02, -5.36849150e-02, -1.44649873e-01],
       [-1.06598659e-01,  8.06353035e-01, -7.32633810e-02,
        -2.25048637e-01, -1.85338141e-01, -1.86589210e-01,
        -9.70453780e-01,  6.37025562e-02,  3.92760334e-01,
         3.90491055e-03,  2.11921866e-01, -1.07687095e-01,
        -1.03188706e-01, -6.96170790e-01, -1.79509324e-02,
         1.33709639e-02, -1.92434740e-01,  1.93278316e-01],
       [-3.45805336e-02, -7.32633810e-02,  4.78595775e-01,
         9.86499922e-02,  1.55849293e-01, -2.75106070e-03,
         7.29914345e-01,  1.56404266e-03,  3.88242430e-01,
        -4.63670898e-01, -1.59183722e-01, -1.66257072e-01,
         1.94536273e-01,  2.24015719e-01, -2.91172515e-01,
         4.20072737e-02,  1.03390643e-02, -1.46568940e-01],
       [ 1.60612859e-02, -2.25048637e-01,  9.86499922e-02,
         2.59337711e-01,  6.68638619e-03, -1.08363751e-03,
         7.24854515e-01, -6.04284762e-01, -1.88098295e-01,
        -1.03798186e-01,  6.98776952e-02,  4.36655307e-02,
         2.79064668e-01,  1.42357237e-01, -9.00946017e-02,
         8.19072273e-02,  2.58846081e-02, -7.19092651e-02],
       [ 1.53686172e-01, -1.85338141e-01,  1.55849293e-01,
         6.68638619e-03,  2.86488264e-01,  6.44954841e-03,
         5.36520246e-01,  7.75468240e-01, -1.59355367e-01,
        -1.47979848e-01, -2.13373962e-01,  1.51753897e-01,
        -7.47295598e-02,  4.29686241e-01, -1.68839218e-01,
        -1.88714109e-02,  1.16187155e-01, -1.22389308e-01],
       [-3.44198083e-01, -1.86589210e-01, -2.75106070e-03,
        -1.08363751e-03,  6.44954841e-03,  4.82407290e-01,
         3.09370162e-01, -2.05051886e-01,  1.87609680e+00,
         5.39600913e-02, -4.93362207e-01, -3.04096403e-01,
         1.41545338e-01,  3.01831932e-01,  4.70798199e-01,
         4.95649420e-02,  1.37721018e-01,  8.16137926e-02],
       [ 2.16584946e-03, -9.70453780e-01,  7.29914345e-01,
         7.24854515e-01,  5.36520246e-01,  3.09370162e-01,
         4.43941564e+00, -4.38356086e-01,  7.90454973e-01,
        -5.09307637e-01, -5.82702124e-01,  1.35685786e-01,
         6.19379148e-01,  1.31703521e+00, -3.58931010e-01,
         1.38077928e-01,  3.30623793e-01, -3.92610846e-01],
       [ 5.61243328e-01,  6.37025562e-02,  1.56404266e-03,
        -6.04284762e-01,  7.75468240e-01, -2.05051886e-01,
        -4.38356086e-01,  5.37382053e+00, -1.30797554e+00,
         1.01562745e-01, -1.03016647e-01,  4.92068687e-01,
        -1.05016972e+00,  4.59922992e-01, -2.75605211e-01,
        -3.18285737e-01,  9.31572157e-02, -6.92339653e-02],
       [-1.97479904e+00,  3.92760334e-01,  3.88242430e-01,
        -1.88098295e-01, -1.59355367e-01,  1.87609680e+00,
         7.90454973e-01, -1.30797554e+00,  1.18234093e+01,
        -3.46669599e-01, -2.03366445e+00, -1.59165955e+00,
         8.93607423e-01,  4.23343613e-01,  1.45330343e+00,
         3.54021952e-01,  2.87473533e-01,  3.04224701e-01],
       [-8.83823756e-02,  3.90491055e-03, -4.63670898e-01,
        -1.03798186e-01, -1.47979848e-01,  5.39600913e-02,
        -5.09307637e-01,  1.01562745e-01, -3.46669599e-01,
         7.03735165e-01,  1.21809850e-01,  4.29332626e-02,
        -2.32285211e-01, -1.49122319e-01,  3.70107124e-01,
        -6.90116089e-02,  4.13382698e-02,  1.56538829e-01],
       [ 2.31742350e-01,  2.11921866e-01, -1.59183722e-01,
         6.98776952e-02, -2.13373962e-01, -4.93362207e-01,
        -5.82702124e-01, -1.03016647e-01, -2.03366445e+00,
         1.21809850e-01,  1.22589612e+00,  1.61086383e-01,
        -9.45430488e-02, -7.19438753e-01, -2.26587162e-01,
        -1.15588558e-01, -2.32979602e-01,  1.28020555e-01],
       [ 6.04085817e-01, -1.07687095e-01, -1.66257072e-01,
         4.36655307e-02,  1.51753897e-01, -3.04096403e-01,
         1.35685786e-01,  4.92068687e-01, -1.59165955e+00,
         4.29332626e-02,  1.61086383e-01,  8.74158614e-01,
        -2.52113089e-01,  9.87983777e-02, -4.28893268e-01,
        -3.70941638e-02, -3.72245340e-02, -1.61155257e-01],
       [-2.67565294e-01, -1.03188706e-01,  1.94536273e-01,
         2.79064668e-01, -7.47295598e-02,  1.41545338e-01,
         6.19379148e-01, -1.05016972e+00,  8.93607423e-01,
        -2.32285211e-01, -9.45430488e-02, -2.52113089e-01,
         5.27770637e-01,  7.48450557e-02,  3.45550508e-02,
         1.90815163e-01,  2.06277753e-02, -2.78363569e-02],
       [ 6.72486476e-02, -6.96170790e-01,  2.24015719e-01,
         1.42357237e-01,  4.29686241e-01,  3.01831932e-01,
         1.31703521e+00,  4.59922992e-01,  4.23343613e-01,
        -1.49122319e-01, -7.19438753e-01,  9.87983777e-02,
         7.48450557e-02,  1.06941814e+00, -1.93634924e-02,
         2.79641637e-02,  3.41109693e-01, -2.42490480e-01],
       [-4.28358454e-01, -1.79509324e-02, -2.91172515e-01,
        -9.00946017e-02, -1.68839218e-01,  4.70798199e-01,
        -3.58931010e-01, -2.75605211e-01,  1.45330343e+00,
         3.70107124e-01, -2.26587162e-01, -4.28893268e-01,
         3.45550508e-02, -1.93634924e-02,  7.90804093e-01,
         7.05627941e-03,  9.93902365e-02,  3.02852247e-01],
       [-7.00471807e-02,  1.33709639e-02,  4.20072737e-02,
         8.19072273e-02, -1.88714109e-02,  4.95649420e-02,
         1.38077928e-01, -3.18285737e-01,  3.54021952e-01,
        -6.90116089e-02, -1.15588558e-01, -3.70941638e-02,
         1.90815163e-01,  2.79641637e-02,  7.05627941e-03,
         1.09057090e-01,  6.85312523e-03, -1.19693535e-02],
       [-5.36849150e-02, -1.92434740e-01,  1.03390643e-02,
         2.58846081e-02,  1.16187155e-01,  1.37721018e-01,
         3.30623793e-01,  9.31572157e-02,  2.87473533e-01,
         4.13382698e-02, -2.32979602e-01, -3.72245340e-02,
         2.06277753e-02,  3.41109693e-01,  9.93902365e-02,
         6.85312523e-03,  1.52053855e-01, -2.92440215e-02],
       [-1.44649873e-01,  1.93278316e-01, -1.46568940e-01,
        -7.19092651e-02, -1.22389308e-01,  8.16137926e-02,
        -3.92610846e-01, -6.92339653e-02,  3.04224701e-01,
         1.56538829e-01,  1.28020555e-01, -1.61155257e-01,
        -2.78363569e-02, -2.42490480e-01,  3.02852247e-01,
        -1.19693535e-02, -2.92440215e-02,  2.11891861e-01]])
      jac: array([-3.49350178e-07,  1.47289588e-07,  3.75255382e-07,  1.50028138e-06,
       -1.29822079e-06,  5.20324524e-07, -1.03250741e-07,  7.51250913e-08,
        3.77475828e-08,  1.73934941e-07,  3.59342186e-07,  5.10702591e-08,
       -2.09092003e-06,  1.36446410e-06, -8.85957974e-07,  2.82440737e-06,
       -1.14019905e-06,  1.22309570e-06])
  message: 'Optimization terminated successfully.'
     nfev: 798
      nit: 33
     njev: 42
   status: 0
  success: True
        x: array([ 0.73720967, -0.06435198,  0.45688233,  0.22592446, -1.08121941,
       -1.02300404,  1.30022152, -1.60475326, -1.23270761, -1.0682823 ,
        0.01966163,  0.59658791,  0.12518324,  0.04527589, -0.86616013,
        0.08461382,  1.37630381, -1.10373264])
