Program Begingeth
      fun: 0.39542887534719506
 hess_inv: array([[ 6.01793591e+00,  6.76528209e-01, -2.04411496e-02,
         8.82759392e-02, -8.26262101e-01,  4.32848985e-01,
         1.70277431e+00,  2.11193926e-01, -1.39097844e+00,
        -9.23463435e-01, -1.08134961e+00, -1.96329157e-01,
        -1.56744310e+00, -2.77231912e-01,  2.96776898e-01,
         1.07856906e+00,  8.21283385e-01, -3.82051652e-01],
       [ 6.76528209e-01,  1.39427420e+00,  2.96334363e-01,
         1.79650026e-01,  4.17641308e-02,  2.49065488e-02,
         5.09339976e-01,  6.39560604e-01, -7.87079039e-01,
         9.28475937e-03, -4.02038803e-01, -8.30682607e-01,
        -1.20190604e-01, -1.76838510e-01,  1.49646117e-01,
         2.80793416e-02,  4.43963103e-01,  1.90592050e-02],
       [-2.04411496e-02,  2.96334363e-01,  1.14656935e+00,
         7.23861656e-02,  1.28013741e-01,  7.41798257e-02,
         7.87000088e-01,  1.07691705e+00,  1.53600539e-01,
        -7.67168395e-02,  4.98225594e-01, -4.84418384e-01,
         5.78205063e-02, -1.18113856e-01, -9.95272173e-02,
         2.06736457e-02,  8.27820869e-02,  2.94619638e-01],
       [ 8.82759392e-02,  1.79650026e-01,  7.23861656e-02,
         1.17529175e-01,  2.40512558e-02,  2.88079558e-02,
         5.52187374e-01,  7.77292815e-02, -2.58653286e-01,
         2.19233459e-02, -1.49094828e-01, -8.81219832e-02,
         5.10958704e-02, -7.73840716e-04,  5.65614160e-02,
         2.47686973e-02,  2.94786989e-02,  3.04460546e-02],
       [-8.26262101e-01,  4.17641308e-02,  1.28013741e-01,
         2.40512558e-02,  2.13548133e-01, -7.84865828e-02,
        -8.07365692e-02,  5.90372802e-01,  1.34918530e-01,
         1.74469428e-02,  8.35796498e-02, -3.88707609e-02,
         2.76059513e-01,  8.00927786e-02, -6.24082957e-02,
        -1.31218437e-01, -7.24893538e-02,  9.70126781e-02],
       [ 4.32848985e-01,  2.49065488e-02,  7.41798257e-02,
         2.88079558e-02, -7.84865828e-02,  2.04651401e-01,
         6.47719787e-01, -4.50372716e-01,  5.03123637e-02,
         3.21911108e-01, -2.28462639e-01,  7.63151828e-02,
        -2.24398795e-01,  3.31597029e-02,  1.40485897e-01,
         5.83965188e-02,  5.40509252e-02, -1.34425625e-02],
       [ 1.70277431e+00,  5.09339976e-01,  7.87000088e-01,
         5.52187374e-01, -8.07365692e-02,  6.47719787e-01,
         5.52302212e+00, -3.24958927e-01, -1.19232965e+00,
         5.56981776e-01, -1.03238064e+00,  2.67946778e-01,
        -4.45132947e-01,  1.53730214e-01,  4.32128962e-01,
         3.04577115e-01,  2.64616912e-01,  1.33664473e-01],
       [ 2.11193926e-01,  6.39560604e-01,  1.07691705e+00,
         7.77292815e-02,  5.90372802e-01, -4.50372716e-01,
        -3.24958927e-01,  6.67231756e+00,  6.46815454e-03,
        -2.09232326e+00, -3.81981089e-02, -1.07496323e+00,
         5.47462020e-01,  4.04367322e-02, -3.96814534e-01,
         1.12812202e-01,  2.33786021e-01,  3.75793874e-01],
       [-1.39097844e+00, -7.87079039e-01,  1.53600539e-01,
        -2.58653286e-01,  1.34918530e-01,  5.03123637e-02,
        -1.19232965e+00,  6.46815454e-03,  2.83170197e+00,
        -1.55329199e-01,  8.43234012e-01, -8.31961472e-02,
         2.71496946e-01,  8.00579908e-02, -1.17940073e-01,
        -2.30618517e-01, -2.70451320e-01,  9.79433200e-02],
       [-9.23463435e-01,  9.28475937e-03, -7.67168395e-02,
         2.19233459e-02,  1.74469428e-02,  3.21911108e-01,
         5.56981776e-01, -2.09232326e+00, -1.55329199e-01,
         2.11507008e+00, -7.67265927e-02,  3.32186948e-01,
        -2.48493056e-01,  6.77493211e-02,  2.13763555e-01,
        -2.18202034e-01, -1.43510647e-01, -1.04487808e-01],
       [-1.08134961e+00, -4.02038803e-01,  4.98225594e-01,
        -1.49094828e-01,  8.35796498e-02, -2.28462639e-01,
        -1.03238064e+00, -3.81981089e-02,  8.43234012e-01,
        -7.67265927e-02,  1.59647837e+00, -2.04252510e-01,
         2.98822292e-01, -2.53201307e-01, -3.77042729e-01,
        -1.26236698e-01, -2.14516011e-01,  8.87079763e-02],
       [-1.96329157e-01, -8.30682607e-01, -4.84418384e-01,
        -8.81219832e-02, -3.88707609e-02,  7.63151828e-02,
         2.67946778e-01, -1.07496323e+00, -8.31961472e-02,
         3.32186948e-01, -2.04252510e-01,  1.20462175e+00,
        -7.33721040e-02,  2.68463719e-01, -4.46535252e-02,
         2.83112223e-02, -2.11055740e-01, -9.26596623e-02],
       [-1.56744310e+00, -1.20190604e-01,  5.78205063e-02,
         5.10958704e-02,  2.76059513e-01, -2.24398795e-01,
        -4.45132947e-01,  5.47462020e-01,  2.71496946e-01,
        -2.48493056e-01,  2.98822292e-01, -7.33721040e-02,
         6.19744167e-01,  6.25827531e-02, -1.31490903e-01,
        -2.33974889e-01, -2.16946821e-01,  1.62752122e-01],
       [-2.77231912e-01, -1.76838510e-01, -1.18113856e-01,
        -7.73840716e-04,  8.00927786e-02,  3.31597029e-02,
         1.53730214e-01,  4.04367322e-02,  8.00579908e-02,
         6.77493211e-02, -2.53201307e-01,  2.68463719e-01,
         6.25827531e-02,  1.65524577e-01,  3.03921823e-02,
        -3.84002685e-02, -5.55736464e-02,  1.92630797e-02],
       [ 2.96776898e-01,  1.49646117e-01, -9.95272173e-02,
         5.65614160e-02, -6.24082957e-02,  1.40485897e-01,
         4.32128962e-01, -3.96814534e-01, -1.17940073e-01,
         2.13763555e-01, -3.77042729e-01, -4.46535252e-02,
        -1.31490903e-01,  3.03921823e-02,  1.82812256e-01,
         1.76070028e-02,  5.93481452e-02, -2.19410742e-02],
       [ 1.07856906e+00,  2.80793416e-02,  2.06736457e-02,
         2.47686973e-02, -1.31218437e-01,  5.83965188e-02,
         3.04577115e-01,  1.12812202e-01, -2.30618517e-01,
        -2.18202034e-01, -1.26236698e-01,  2.83112223e-02,
        -2.33974889e-01, -3.84002685e-02,  1.76070028e-02,
         2.36085983e-01,  1.15209199e-01, -5.60222125e-02],
       [ 8.21283385e-01,  4.43963103e-01,  8.27820869e-02,
         2.94786989e-02, -7.24893538e-02,  5.40509252e-02,
         2.64616912e-01,  2.33786021e-01, -2.70451320e-01,
        -1.43510647e-01, -2.14516011e-01, -2.11055740e-01,
        -2.16946821e-01, -5.55736464e-02,  5.93481452e-02,
         1.15209199e-01,  2.39281863e-01, -3.34475927e-02],
       [-3.82051652e-01,  1.90592050e-02,  2.94619638e-01,
         3.04460546e-02,  9.70126781e-02, -1.34425625e-02,
         1.33664473e-01,  3.75793874e-01,  9.79433200e-02,
        -1.04487808e-01,  8.87079763e-02, -9.26596623e-02,
         1.62752122e-01,  1.92630797e-02, -2.19410742e-02,
        -5.60222125e-02, -3.34475927e-02,  1.43341959e-01]])
      jac: array([ 1.91735516e-06, -3.40690439e-06, -1.48029737e-08,  9.43282489e-06,
        1.46449519e-05, -7.38594371e-06,  2.59052039e-09, -7.82707232e-07,
        1.71344420e-07, -3.95239397e-07, -1.44403008e-06,  1.88441855e-06,
       -7.87814258e-06, -1.03531998e-05,  1.66755498e-06, -9.43652564e-06,
        1.50916317e-06,  5.46673817e-06])
  message: 'Desired error not necessarily achieved due to precision loss.'
     nfev: 2861
      nit: 92
     njev: 150
   status: 2
  success: False
        x: array([-0.37173381, -0.93654076,  0.31008476,  1.36497797, -0.59317658,
        0.12234634,  1.78642999, -0.4879933 ,  1.36565787,  0.13339313,
        0.49829667,  1.03503339,  0.28567859,  0.05723847, -0.26379744,
       -1.43521525, -1.06125186,  0.0889093 ])
