Program Begingeth
      fun: 0.3484075942296284
 hess_inv: array([[ 8.15021782e-01, -1.76768433e-01, -2.34338973e-02,
        -6.27031382e-02,  1.73527352e-01,  2.66750653e-01,
         5.91857014e-03,  4.75437875e-01,  2.95245651e-01,
        -2.38098605e-01,  3.70615359e-01,  3.55053517e-01,
        -3.42323236e-01,  7.94550445e-02, -3.38491691e-02,
         3.38428642e-03, -6.69268179e-02, -2.91047842e-01],
       [-1.76768433e-01,  6.05231665e-01, -7.54956022e-02,
         2.88254984e-01, -1.13105009e-02, -4.00775169e-01,
         9.02165926e-01,  2.58634019e-01,  2.88530324e-01,
         9.07851399e-01, -4.15530648e-02, -8.57156907e-01,
         1.37265599e-01, -2.21056475e-01, -2.21991505e-01,
         6.39544786e-02,  6.10581728e-02, -4.34014095e-02],
       [-2.34338973e-02, -7.54956022e-02,  2.82265154e-01,
        -8.03078026e-02,  7.33780529e-02,  4.91619083e-02,
        -4.97805686e-02,  9.15717977e-04, -4.06970423e-02,
        -3.08144287e-01,  3.44240859e-02,  1.19238636e-01,
         6.06944494e-02,  1.22471501e-01, -5.76158688e-02,
         8.42419332e-02,  4.15938270e-02,  4.59690181e-02],
       [-6.27031382e-02,  2.88254984e-01, -8.03078026e-02,
         7.31660377e-01,  2.77981245e-01, -3.33876129e-01,
         2.01998837e+00,  1.03596377e+00,  1.72366574e+00,
         1.91356749e+00,  8.04050094e-01, -1.42793130e+00,
         2.69028245e-01, -1.13410555e-01, -3.66642181e-02,
         1.13182195e-01, -3.62086104e-02,  8.51641039e-02],
       [ 1.73527352e-01, -1.13105009e-02,  7.33780529e-02,
         2.77981245e-01,  4.36015772e-01, -4.96368459e-02,
         9.10316964e-01,  1.09001484e+00,  1.07174228e+00,
         6.54923661e-01,  1.05493710e+00, -7.90384667e-01,
         7.16190821e-02,  1.46225198e-01,  3.41723232e-02,
         1.00868281e-01,  2.47506485e-02,  1.26603999e-02],
       [ 2.66750653e-01, -4.00775169e-01,  4.91619083e-02,
        -3.33876129e-01, -4.96368459e-02,  4.67926700e-01,
        -1.12913232e+00, -4.08589045e-01, -3.70450793e-01,
        -9.93605977e-01, -4.96757480e-02,  1.23889282e+00,
        -2.01551636e-01,  9.66017361e-02,  1.64527319e-01,
        -8.29194530e-02, -7.64871594e-02, -3.86309596e-02],
       [ 5.91857014e-03,  9.02165926e-01, -4.97805686e-02,
         2.01998837e+00,  9.10316964e-01, -1.12913232e+00,
         6.92699717e+00,  3.12798718e+00,  4.90034474e+00,
         5.04608106e+00,  2.30214310e+00, -4.65153305e+00,
         6.81959596e-01, -1.81509580e-01, -3.26035330e-01,
         3.86005523e-01, -6.25033906e-03,  9.97884086e-02],
       [ 4.75437875e-01,  2.58634019e-01,  9.15717977e-04,
         1.03596377e+00,  1.09001484e+00, -4.08589045e-01,
         3.12798718e+00,  5.16363887e+00,  3.64586361e+00,
         3.43676082e+00,  2.32667518e+00, -3.26411354e+00,
        -5.25665776e-02,  2.42296779e-01,  1.06809929e-01,
         1.21566195e-01,  1.82440157e-01,  3.97414836e-02],
       [ 2.95245651e-01,  2.88530324e-01, -4.06970423e-02,
         1.72366574e+00,  1.07174228e+00, -3.70450793e-01,
         4.90034474e+00,  3.64586361e+00,  5.92519804e+00,
         4.57273292e+00,  3.00161671e+00, -3.34868234e+00,
         4.16076197e-01, -7.76034074e-03,  9.13097374e-02,
         2.38636404e-01, -6.59187211e-02,  1.41587581e-01],
       [-2.38098605e-01,  9.07851399e-01, -3.08144287e-01,
         1.91356749e+00,  6.54923661e-01, -9.93605977e-01,
         5.04608106e+00,  3.43676082e+00,  4.57273292e+00,
         5.67871898e+00,  1.85303119e+00, -4.16169019e+00,
         5.24786345e-01, -3.10657652e-01, -7.72599336e-02,
         1.84802444e-01,  6.53664687e-02,  2.33235697e-01],
       [ 3.70615359e-01, -4.15530648e-02,  3.44240859e-02,
         8.04050094e-01,  1.05493710e+00, -4.96757480e-02,
         2.30214310e+00,  2.32667518e+00,  3.00161671e+00,
         1.85303119e+00,  2.93413888e+00, -1.79101293e+00,
         2.21770044e-01,  2.56155876e-01,  1.88243839e-01,
         1.92502594e-01, -5.64210242e-03,  7.50201773e-02],
       [ 3.55053517e-01, -8.57156907e-01,  1.19238636e-01,
        -1.42793130e+00, -7.90384667e-01,  1.23889282e+00,
        -4.65153305e+00, -3.26411354e+00, -3.34868234e+00,
        -4.16169019e+00, -1.79101293e+00,  4.78559061e+00,
        -5.27049096e-01, -6.69995918e-03,  2.32835130e-01,
        -2.84398522e-01, -2.53974357e-01, -1.51961564e-01],
       [-3.42323236e-01,  1.37265599e-01,  6.06944494e-02,
         2.69028245e-01,  7.16190821e-02, -2.01551636e-01,
         6.81959596e-01, -5.25665776e-02,  4.16076197e-01,
         5.24786345e-01,  2.21770044e-01, -5.27049096e-01,
         3.31153830e-01, -4.91482763e-02, -2.72384186e-02,
         1.20900437e-01, -2.57644297e-02,  1.51192475e-01],
       [ 7.94550445e-02, -2.21056475e-01,  1.22471501e-01,
        -1.13410555e-01,  1.46225198e-01,  9.66017361e-02,
        -1.81509580e-01,  2.42296779e-01, -7.76034074e-03,
        -3.10657652e-01,  2.56155876e-01, -6.69995918e-03,
        -4.91482763e-02,  2.17888658e-01,  6.23543970e-02,
         1.71752555e-02,  7.73728979e-02,  2.21871643e-02],
       [-3.38491691e-02, -2.21991505e-01, -5.76158688e-02,
        -3.66642181e-02,  3.41723232e-02,  1.64527319e-01,
        -3.26035330e-01,  1.06809929e-01,  9.13097374e-02,
        -7.72599336e-02,  1.88243839e-01,  2.32835130e-01,
        -2.72384186e-02,  6.23543970e-02,  2.01904732e-01,
        -6.51556313e-02, -2.14376444e-02,  1.00934068e-01],
       [ 3.38428642e-03,  6.39544786e-02,  8.42419332e-02,
         1.13182195e-01,  1.00868281e-01, -8.29194530e-02,
         3.86005523e-01,  1.21566195e-01,  2.38636404e-01,
         1.84802444e-01,  1.92502594e-01, -2.84398522e-01,
         1.20900437e-01,  1.71752555e-02, -6.51556313e-02,
         1.12439204e-01, -5.44829224e-03,  6.33384864e-03],
       [-6.69268179e-02,  6.10581728e-02,  4.15938270e-02,
        -3.62086104e-02,  2.47506485e-02, -7.64871594e-02,
        -6.25033906e-03,  1.82440157e-01, -6.59187211e-02,
         6.53664687e-02, -5.64210242e-03, -2.53974357e-01,
        -2.57644297e-02,  7.73728979e-02, -2.14376444e-02,
        -5.44829224e-03,  1.23759743e-01,  1.44349770e-02],
       [-2.91047842e-01, -4.34014095e-02,  4.59690181e-02,
         8.51641039e-02,  1.26603999e-02, -3.86309596e-02,
         9.97884086e-02,  3.97414836e-02,  1.41587581e-01,
         2.33235697e-01,  7.50201773e-02, -1.51961564e-01,
         1.51192475e-01,  2.21871643e-02,  1.00934068e-01,
         6.33384864e-03,  1.44349770e-02,  1.88518504e-01]])
      jac: array([-1.73080069e-05, -7.71901062e-06, -3.12120700e-06,  5.99202169e-05,
       -8.20861897e-06, -1.78760710e-05, -8.06614035e-06,  1.33226763e-08,
        2.52908805e-06, -1.36150350e-05,  1.89367041e-06, -1.08579812e-06,
       -5.86319882e-05,  1.02099810e-05, -1.43255778e-06,  4.49573712e-05,
       -5.74466400e-06,  5.01043651e-06])
  message: 'Desired error not necessarily achieved due to precision loss.'
     nfev: 2214
      nit: 70
     njev: 116
   status: 2
  success: False
        x: array([ 0.07056364,  0.27201574,  0.77750479,  1.09896611, -1.32733619,
       -0.35304815,  2.17424443, -1.16309674, -1.27346426,  0.88290232,
       -1.83395406, -0.86374897,  0.11903598,  0.00574495, -0.38895581,
       -1.05448608, -0.25455626,  0.00657163])
