Program Begingeth
      fun: 0.33917748523110247
 hess_inv: array([[ 1.95110083e+00, -4.36408474e-02,  1.76546818e-01,
         2.65600687e-01, -2.97532698e-01,  4.03693633e-01,
         5.40510470e-01, -4.25956687e-01,  6.64983389e-01,
         8.14509568e-01, -1.03639540e+00,  8.02982720e-02,
        -7.86669338e-01, -3.31140056e-02,  4.40174990e-02,
        -4.05124090e-02, -1.49637609e-02, -3.09924525e-01],
       [-4.36408474e-02,  7.10269470e-01, -1.21831329e-01,
        -2.75250862e-01,  4.89463632e-02, -2.09483874e-01,
        -1.21319423e+00,  2.92542434e-01, -1.35874760e-01,
        -7.65498531e-01, -1.01109817e-01, -1.19808964e-01,
         1.54419870e-02, -2.31696398e-01, -2.07742305e-01,
         2.58208907e-02,  1.26304424e-02, -1.23853600e-01],
       [ 1.76546818e-01, -1.21831329e-01,  4.63486820e-01,
         9.31086585e-02,  1.54409780e-02,  1.18056310e-01,
        -1.61622802e-01, -4.59718406e-01,  1.85614133e-01,
         4.91035192e-01, -4.14925058e-02,  4.02426583e-02,
        -3.81559375e-02,  1.28803353e-01, -7.62474786e-02,
         5.82676809e-02,  3.36613752e-02,  2.88157774e-02],
       [ 2.65600687e-01, -2.75250862e-01,  9.31086585e-02,
         3.82315698e-01,  4.01012384e-02,  1.99379653e-01,
         1.08367958e+00,  1.72851787e-01,  1.02514891e+00,
         1.09366198e+00,  1.86090209e-01, -8.67759431e-02,
        -4.35886210e-02,  9.37118465e-02,  1.36492981e-01,
         7.08485985e-03, -8.73359107e-03,  3.87733616e-02],
       [-2.97532698e-01,  4.89463632e-02,  1.54409780e-02,
         4.01012384e-02,  3.06852797e-01, -5.45665630e-02,
        -1.51892071e-01,  7.08434760e-01,  7.38794283e-01,
         1.50996523e-01,  8.36251230e-01, -1.71168388e-01,
         1.72717740e-01,  6.27687241e-02, -3.54119862e-02,
         4.73811962e-02,  1.65344818e-02,  5.36717724e-02],
       [ 4.03693633e-01, -2.09483874e-01,  1.18056310e-01,
         1.99379653e-01, -5.45665630e-02,  3.52383739e-01,
         8.33682881e-01, -4.58543580e-01,  1.01791163e+00,
         7.15339374e-01, -2.80390353e-02,  4.29797422e-01,
        -2.09226037e-01,  9.59294928e-02,  1.29901156e-01,
        -3.50067013e-02,  3.81102741e-02, -7.47134476e-03],
       [ 5.40510470e-01, -1.21319423e+00, -1.61622802e-01,
         1.08367958e+00, -1.51892071e-01,  8.33682881e-01,
         8.02356997e+00, -9.25374440e-01,  3.90566168e+00,
         2.61981224e+00,  1.07532518e+00,  2.62489769e-01,
        -4.64754585e-01,  2.50405878e-01,  6.31536226e-01,
        -2.69516286e-01,  1.23541093e-01,  7.72299686e-02],
       [-4.25956687e-01,  2.92542434e-01, -4.59718406e-01,
         1.72851787e-01,  7.08434760e-01, -4.58543580e-01,
        -9.25374440e-01,  4.26554044e+00,  1.00280051e+00,
         1.47354390e-01,  1.34336112e+00, -1.30906157e+00,
         4.41637699e-01, -4.28480309e-02,  1.23048755e-02,
         8.81705287e-02, -6.24060340e-02,  8.16265210e-02],
       [ 6.64983389e-01, -1.35874760e-01,  1.85614133e-01,
         1.02514891e+00,  7.38794283e-01,  1.01791163e+00,
         3.90566168e+00,  1.00280051e+00,  8.41439307e+00,
         3.41102780e+00,  2.77558744e+00,  2.49285571e-01,
        -3.08035565e-01,  2.21825541e-01,  3.50960818e-01,
        -4.28934406e-02,  1.64632901e-01,  6.09303389e-02],
       [ 8.14509568e-01, -7.65498531e-01,  4.91035192e-01,
         1.09366198e+00,  1.50996523e-01,  7.15339374e-01,
         2.61981224e+00,  1.47354390e-01,  3.41102780e+00,
         3.49704454e+00,  5.79418710e-01,  3.12291925e-03,
        -1.94721708e-01,  3.40992874e-01,  3.55049022e-01,
         1.63393618e-02,  2.12954286e-02,  1.14229500e-01],
       [-1.03639540e+00, -1.01109817e-01, -4.14925058e-02,
         1.86090209e-01,  8.36251230e-01, -2.80390353e-02,
         1.07532518e+00,  1.34336112e+00,  2.77558744e+00,
         5.79418710e-01,  2.85286555e+00, -2.91752692e-01,
         4.48794605e-01,  1.96438589e-01, -4.30253123e-03,
         5.49118918e-02,  6.70176850e-02,  1.85050264e-01],
       [ 8.02982720e-02, -1.19808964e-01,  4.02426583e-02,
        -8.67759431e-02, -1.71168388e-01,  4.29797422e-01,
         2.62489769e-01, -1.30906157e+00,  2.49285571e-01,
         3.12291925e-03, -2.91752692e-01,  1.24639330e+00,
        -1.83079275e-01,  9.02753398e-02,  1.08443905e-01,
        -6.03166604e-02,  7.98888844e-02, -9.64516066e-03],
       [-7.86669338e-01,  1.54419870e-02, -3.81559375e-02,
        -4.35886210e-02,  1.72717740e-01, -2.09226037e-01,
        -4.64754585e-01,  4.41637699e-01, -3.08035565e-01,
        -1.94721708e-01,  4.48794605e-01, -1.83079275e-01,
         4.09074779e-01,  2.03216809e-02, -2.70795845e-02,
         7.62830543e-02, -2.38457990e-02,  1.45181045e-01],
       [-3.31140056e-02, -2.31696398e-01,  1.28803353e-01,
         9.37118465e-02,  6.27687241e-02,  9.59294928e-02,
         2.50405878e-01, -4.28480309e-02,  2.21825541e-01,
         3.40992874e-01,  1.96438589e-01,  9.02753398e-02,
         2.03216809e-02,  1.40432502e-01,  4.69778229e-02,
         9.59324541e-03,  3.15561647e-02,  5.83859154e-02],
       [ 4.40174990e-02, -2.07742305e-01, -7.62474786e-02,
         1.36492981e-01, -3.54119862e-02,  1.29901156e-01,
         6.31536226e-01,  1.23048755e-02,  3.50960818e-01,
         3.55049022e-01, -4.30253123e-03,  1.08443905e-01,
        -2.70795845e-02,  4.69778229e-02,  1.51866587e-01,
        -3.22202272e-02, -5.36949489e-03,  5.44344465e-02],
       [-4.05124090e-02,  2.58208907e-02,  5.82676809e-02,
         7.08485985e-03,  4.73811962e-02, -3.50067013e-02,
        -2.69516286e-01,  8.81705287e-02, -4.28934406e-02,
         1.63393618e-02,  5.49118918e-02, -6.03166604e-02,
         7.62830543e-02,  9.59324541e-03, -3.22202272e-02,
         5.75364075e-02, -1.14431530e-02,  1.43139924e-02],
       [-1.49637609e-02,  1.26304424e-02,  3.36613752e-02,
        -8.73359107e-03,  1.65344818e-02,  3.81102741e-02,
         1.23541093e-01, -6.24060340e-02,  1.64632901e-01,
         2.12954286e-02,  6.70176850e-02,  7.98888844e-02,
        -2.38457990e-02,  3.15561647e-02, -5.36949489e-03,
        -1.14431530e-02,  4.52742528e-02, -4.28079028e-04],
       [-3.09924525e-01, -1.23853600e-01,  2.88157774e-02,
         3.87733616e-02,  5.36717724e-02, -7.47134476e-03,
         7.72299686e-02,  8.16265210e-02,  6.09303389e-02,
         1.14229500e-01,  1.85050264e-01, -9.64516066e-03,
         1.45181045e-01,  5.83859154e-02,  5.44344465e-02,
         1.43139924e-02, -4.28079028e-04,  1.08545829e-01]])
      jac: array([-2.04277336e-05, -4.76544730e-06, -7.92292158e-06,  3.31523697e-05,
        1.69234996e-05,  2.11216230e-05, -9.17414293e-07, -3.56381591e-07,
        2.62752783e-07, -7.75934872e-06, -7.73566396e-06, -7.39223497e-06,
       -3.41800662e-05,  4.44718336e-06, -2.17677728e-05,  2.76741593e-05,
       -1.20651637e-05, -1.06703535e-05])
  message: 'Desired error not necessarily achieved due to precision loss.'
     nfev: 2423
      nit: 67
     njev: 127
   status: 2
  success: False
        x: array([ 0.09783242,  0.09997633,  0.75688222,  1.60810558, -0.86029401,
        0.33569222,  1.09147329, -1.94750229,  0.72613171,  1.94031991,
       -0.78165582,  0.93562622,  0.02648379,  0.06679428, -0.19933926,
       -1.46768418, -0.52052146,  0.05218146])
