Program Begingeth
      fun: 0.2811413948816222
 hess_inv: array([[ 5.89717598e+00,  1.94702555e+00, -3.25281582e-01,
         1.49237052e+00,  7.63514683e-01, -1.35906235e+00,
         4.54262267e-01, -2.05460950e+00, -3.55451538e+00,
        -2.65661422e-01,  9.00282786e-01, -1.03348499e+00,
        -1.09076600e+00, -5.46161019e-01, -4.83826436e-01,
        -1.96375259e-01, -6.14510565e-01,  3.59039416e-01],
       [ 1.94702555e+00,  3.95314552e+00,  2.31923442e+00,
         7.40791050e-01,  1.45855366e+00,  4.78798918e-01,
         6.76003495e+00, -3.89072277e-01,  4.87201311e+00,
         1.40431973e-01,  8.05591064e-01, -1.88719988e+00,
        -6.32559175e-01, -5.65522594e-01, -4.19832244e-01,
        -9.23158730e-02, -3.06301803e-01, -3.33482811e-02],
       [-3.25281582e-01,  2.31923442e+00,  6.49623037e+00,
         1.06346206e+00,  6.69274437e-01,  2.50582528e+00,
         1.39203597e+01, -6.42506293e+00,  1.02715425e+01,
        -2.41191755e-01,  2.51200162e+00, -1.68525075e+00,
         7.15186423e-02, -4.69060453e-01, -9.49410774e-01,
        -3.17888948e-01, -7.14660923e-02, -5.83593194e-01],
       [ 1.49237052e+00,  7.40791050e-01,  1.06346206e+00,
         6.51156897e-01,  2.72465283e-01,  1.03244101e-01,
         3.07435721e+00, -1.81917263e+00,  6.85026703e-01,
        -1.84721356e-01,  6.96561285e-01, -4.37981146e-01,
        -2.26137093e-01, -1.85273518e-01, -3.16418027e-01,
        -1.11962590e-01, -1.64709172e-01, -4.16748815e-02],
       [ 7.63514683e-01,  1.45855366e+00,  6.69274437e-01,
         2.72465283e-01,  6.59037795e-01,  1.30947840e-01,
         2.95106249e+00,  8.31690334e-01,  1.29945487e+00,
        -3.84578434e-02,  1.53422133e-01, -5.96820307e-01,
        -2.82126497e-01, -1.41662580e-01, -9.12853138e-02,
        -5.95675584e-02, -1.37889166e-01,  1.48616786e-02],
       [-1.35906235e+00,  4.78798918e-01,  2.50582528e+00,
         1.03244101e-01,  1.30947840e-01,  1.30027394e+00,
         5.65303522e+00, -1.66451566e+00,  4.95289463e+00,
        -1.60083284e-01,  6.65118811e-01, -3.76969071e-01,
         2.74543724e-01, -5.44806281e-02, -2.13575881e-01,
        -6.30321359e-02,  6.78508464e-02, -2.93541675e-01],
       [ 4.54262267e-01,  6.76003495e+00,  1.39203597e+01,
         3.07435721e+00,  2.95106249e+00,  5.65303522e+00,
         4.37748385e+01, -8.44454081e+00,  2.30438515e+01,
        -1.51298992e+00,  4.63867830e+00, -3.45442847e+00,
        -4.10706265e-01, -8.81973405e-01, -1.93220540e+00,
        -8.82032348e-01, -7.71614867e-01, -1.37095839e+00],
       [-2.05460950e+00, -3.89072277e-01, -6.42506293e+00,
        -1.81917263e+00,  8.31690334e-01, -1.66451566e+00,
        -8.44454081e+00,  1.77425525e+01, -7.66273930e+00,
        -5.42709154e-03, -3.77937880e+00,  1.15995759e+00,
        -3.18731940e-02,  7.18915464e-01,  1.72642667e+00,
         4.79711973e-01,  1.34500071e-01,  6.31829234e-01],
       [-3.55451538e+00,  4.87201311e+00,  1.02715425e+01,
         6.85026703e-01,  1.29945487e+00,  4.95289463e+00,
         2.30438515e+01, -7.66273930e+00,  2.53093562e+01,
        -3.14160142e-01,  3.30233851e+00, -2.81847759e+00,
         5.33824133e-01, -1.02381425e+00, -1.24307065e+00,
        -1.75499961e-01, -1.11004190e-01, -1.11845585e+00],
       [-2.65661422e-01,  1.40431973e-01, -2.41191755e-01,
        -1.84721356e-01, -3.84578434e-02, -1.60083284e-01,
        -1.51298992e+00, -5.42709154e-03, -3.14160142e-01,
         8.53109139e-01, -2.59843874e-01, -3.92433457e-02,
        -1.28489147e-01,  5.41736520e-02,  9.94694117e-02,
         3.82164236e-02,  1.33023803e-01,  1.80839988e-01],
       [ 9.00282786e-01,  8.05591064e-01,  2.51200162e+00,
         6.96561285e-01,  1.53422133e-01,  6.65118811e-01,
         4.63867830e+00, -3.77937880e+00,  3.30233851e+00,
        -2.59843874e-01,  1.79929659e+00, -7.99630234e-01,
        -7.70250349e-02, -4.06321396e-01, -6.42313098e-01,
        -1.88290610e-01, -1.17590571e-01, -3.02621322e-01],
       [-1.03348499e+00, -1.88719988e+00, -1.68525075e+00,
        -4.37981146e-01, -5.96820307e-01, -3.76969071e-01,
        -3.45442847e+00,  1.15995759e+00, -2.81847759e+00,
        -3.92433457e-02, -7.99630234e-01,  1.34882502e+00,
         2.57375190e-01,  4.07965845e-01,  2.76179747e-01,
         2.54603963e-02,  1.71012321e-01,  8.04101391e-02],
       [-1.09076600e+00, -6.32559175e-01,  7.15186423e-02,
        -2.26137093e-01, -2.82126497e-01,  2.74543724e-01,
        -4.10706265e-01, -3.18731940e-02,  5.33824133e-01,
        -1.28489147e-01, -7.70250349e-02,  2.57375190e-01,
         3.44455948e-01,  1.02960527e-01,  5.92937373e-02,
         8.31925947e-02,  1.41479432e-01, -1.24853860e-01],
       [-5.46161019e-01, -5.65522594e-01, -4.69060453e-01,
        -1.85273518e-01, -1.41662580e-01, -5.44806281e-02,
        -8.81973405e-01,  7.18915464e-01, -1.02381425e+00,
         5.41736520e-02, -4.06321396e-01,  4.07965845e-01,
         1.02960527e-01,  2.13675140e-01,  1.50251326e-01,
         1.50216864e-02,  1.10305640e-01,  4.37506643e-02],
       [-4.83826436e-01, -4.19832244e-01, -9.49410774e-01,
        -3.16418027e-01, -9.12853138e-02, -2.13575881e-01,
        -1.93220540e+00,  1.72642667e+00, -1.24307065e+00,
         9.94694117e-02, -6.42313098e-01,  2.76179747e-01,
         5.92937373e-02,  1.50251326e-01,  2.95506772e-01,
         8.72988023e-02,  5.70883844e-02,  1.27760729e-01],
       [-1.96375259e-01, -9.23158730e-02, -3.17888948e-01,
        -1.11962590e-01, -5.95675584e-02, -6.30321359e-02,
        -8.82032348e-01,  4.79711973e-01, -1.75499961e-01,
         3.82164236e-02, -1.88290610e-01,  2.54603963e-02,
         8.31925947e-02,  1.50216864e-02,  8.72988023e-02,
         8.88358981e-02,  3.60789827e-02,  1.75492456e-02],
       [-6.14510565e-01, -3.06301803e-01, -7.14660923e-02,
        -1.64709172e-01, -1.37889166e-01,  6.78508464e-02,
        -7.71614867e-01,  1.34500071e-01, -1.11004190e-01,
         1.33023803e-01, -1.17590571e-01,  1.71012321e-01,
         1.41479432e-01,  1.10305640e-01,  5.70883844e-02,
         3.60789827e-02,  1.46602019e-01, -1.27272663e-02],
       [ 3.59039416e-01, -3.33482811e-02, -5.83593194e-01,
        -4.16748815e-02,  1.48616786e-02, -2.93541675e-01,
        -1.37095839e+00,  6.31829234e-01, -1.11845585e+00,
         1.80839988e-01, -3.02621322e-01,  8.04101391e-02,
        -1.24853860e-01,  4.37506643e-02,  1.27760729e-01,
         1.75492456e-02, -1.27272663e-02,  1.68437596e-01]])
      jac: array([-6.75496696e-06,  6.83786361e-06,  4.12040772e-06,  1.07562107e-05,
       -2.59799589e-05, -1.03654122e-05,  1.31228362e-06,  3.53643041e-06,
        2.58311890e-07, -4.32283838e-06, -2.72670775e-06,  1.29822079e-06,
       -7.43479352e-06, -1.81669494e-06,  2.62530738e-06, -5.06076662e-06,
        1.05382370e-05,  6.63210227e-06])
  message: 'Desired error not necessarily achieved due to precision loss.'
     nfev: 2214
      nit: 65
     njev: 116
   status: 2
  success: False
        x: array([-0.58560246, -0.78618399,  0.54893817, -1.02212079, -0.89265963,
        0.09891684, -0.72412016, -1.49165081, -0.60175302,  0.12495196,
        0.6189558 ,  1.10756396,  0.08960971,  0.15892139, -0.33412171,
        1.23476401, -0.42099983, -0.00204023])
