Program Begingeth
      fun: 0.3202406986036217
 hess_inv: array([[ 2.28594255e+00, -6.02027567e-02,  2.44271321e-01,
         3.37308846e-01, -3.00545971e-01,  4.35604743e-01,
         5.35533325e-01, -4.79954150e-01,  7.14425164e-01,
         1.07946333e+00, -1.07099569e+00,  1.00273542e-01,
        -9.18225566e-01, -1.20292740e-02,  3.22846290e-02,
        -4.80413877e-02, -1.67597748e-02, -3.22007735e-01],
       [-6.02027567e-02,  7.06206828e-01, -4.48356394e-02,
        -2.97246246e-01, -8.03597939e-03, -1.75446372e-01,
        -1.31121827e+00, -2.42539116e-02, -3.33158112e-01,
        -7.67710610e-01, -2.55951239e-01,  6.03399537e-04,
         5.72132660e-03, -2.25965860e-01, -2.09175744e-01,
         2.17121838e-02,  1.99177500e-02, -1.11720151e-01],
       [ 2.44271321e-01, -4.48356394e-02,  4.10620404e-01,
         9.67188499e-02, -2.13049932e-03,  1.05509448e-01,
        -1.35220290e-01, -3.76533169e-01,  1.90627375e-01,
         4.71037922e-01, -1.00926683e-01,  1.92142793e-02,
        -6.97686707e-02,  8.50630481e-02, -8.01458495e-02,
         4.37666043e-02,  3.22583602e-02,  1.47010124e-03],
       [ 3.37308846e-01, -2.97246246e-01,  9.67188499e-02,
         4.29872724e-01,  8.38067066e-02,  2.00420879e-01,
         1.24727493e+00,  3.28062858e-01,  1.27329462e+00,
         1.22112496e+00,  3.28068925e-01, -1.77316690e-01,
        -6.47157290e-02,  1.03013432e-01,  1.33117229e-01,
         9.62104820e-03, -1.34986405e-02,  2.92167194e-02],
       [-3.00545971e-01, -8.03597939e-03, -2.13049932e-03,
         8.38067066e-02,  3.14732741e-01, -2.34371098e-02,
         1.67557078e-01,  7.50746171e-01,  1.03916773e+00,
         2.59090530e-01,  9.32261987e-01, -2.18187927e-01,
         1.62946211e-01,  7.25415979e-02, -7.98641749e-03,
         3.46619348e-02,  2.14349844e-02,  5.22861171e-02],
       [ 4.35604743e-01, -1.75446372e-01,  1.05509448e-01,
         2.00420879e-01, -2.34371098e-02,  3.09979473e-01,
         7.03609298e-01, -3.29938100e-01,  1.02595852e+00,
         7.03986540e-01,  3.75428722e-02,  3.39699932e-01,
        -2.06930903e-01,  8.22665495e-02,  1.09148080e-01,
        -2.96117463e-02,  2.55097576e-02, -1.22459386e-02],
       [ 5.35533325e-01, -1.31121827e+00, -1.35220290e-01,
         1.24727493e+00,  1.67557078e-01,  7.03609298e-01,
         7.88607232e+00,  2.17393179e-01,  4.67930795e+00,
         2.95669876e+00,  1.83285219e+00, -3.15759807e-01,
        -3.04993723e-01,  3.14580443e-01,  6.00536940e-01,
        -1.78007509e-01,  4.65089232e-02,  1.30720801e-01],
       [-4.79954150e-01, -2.42539116e-02, -3.76533169e-01,
         3.28062858e-01,  7.50746171e-01, -3.29938100e-01,
         2.17393179e-01,  4.12431038e+00,  1.90468518e+00,
         6.04162085e-01,  1.73154394e+00, -1.37873199e+00,
         4.39936528e-01,  5.56416644e-02,  8.27008559e-02,
         8.87152933e-02, -5.81003979e-02,  1.10943441e-01],
       [ 7.14425164e-01, -3.33158112e-01,  1.90627375e-01,
         1.27329462e+00,  1.03916773e+00,  1.02595852e+00,
         4.67930795e+00,  1.90468518e+00,  9.97415731e+00,
         4.02612872e+00,  3.79532303e+00, -2.86548025e-01,
        -2.75778059e-01,  2.94249326e-01,  3.77205389e-01,
        -4.38714641e-02,  1.25327957e-01,  7.31843570e-02],
       [ 1.07946333e+00, -7.67710610e-01,  4.71037922e-01,
         1.22112496e+00,  2.59090530e-01,  7.03986540e-01,
         2.95669876e+00,  6.04162085e-01,  4.02612872e+00,
         3.81589040e+00,  9.15197403e-01, -2.57805755e-01,
        -2.68768468e-01,  3.33502573e-01,  3.37563072e-01,
         2.47882339e-02, -2.55869767e-03,  6.68626479e-02],
       [-1.07099569e+00, -2.55951239e-01, -1.00926683e-01,
         3.28068925e-01,  9.32261987e-01,  3.75428722e-02,
         1.83285219e+00,  1.73154394e+00,  3.79532303e+00,
         9.15197403e-01,  3.27349473e+00, -5.22928348e-01,
         4.65050895e-01,  2.35230612e-01,  7.09247731e-02,
         3.62132622e-02,  6.93849071e-02,  1.91594293e-01],
       [ 1.00273542e-01,  6.03399537e-04,  1.92142793e-02,
        -1.77316690e-01, -2.18187927e-01,  3.39699932e-01,
        -3.15759807e-01, -1.37873199e+00, -2.86548025e-01,
        -2.57805755e-01, -5.22928348e-01,  1.21068991e+00,
        -1.82726509e-01,  3.90565416e-02,  6.44074530e-02,
        -5.77842398e-02,  6.53711987e-02, -1.99069844e-02],
       [-9.18225566e-01,  5.72132660e-03, -6.97686707e-02,
        -6.47157290e-02,  1.62946211e-01, -2.06930903e-01,
        -3.04993723e-01,  4.39936528e-01, -2.75778059e-01,
        -2.68768468e-01,  4.65050895e-01, -1.82726509e-01,
         4.39003638e-01,  1.67686853e-02, -1.34380551e-02,
         6.32949953e-02, -1.18462776e-02,  1.46031449e-01],
       [-1.20292740e-02, -2.25965860e-01,  8.50630481e-02,
         1.03013432e-01,  7.25415979e-02,  8.22665495e-02,
         3.14580443e-01,  5.56416644e-02,  2.94249326e-01,
         3.33502573e-01,  2.35230612e-01,  3.90565416e-02,
         1.67686853e-02,  1.27262782e-01,  4.93976366e-02,
         7.80137481e-03,  2.49581921e-02,  4.63852943e-02],
       [ 3.22846290e-02, -2.09175744e-01, -8.01458495e-02,
         1.33117229e-01, -7.98641749e-03,  1.09148080e-01,
         6.00536940e-01,  8.27008559e-02,  3.77205389e-01,
         3.37563072e-01,  7.09247731e-02,  6.44074530e-02,
        -1.34380551e-02,  4.93976366e-02,  1.39385529e-01,
        -2.29222529e-02, -1.18255325e-02,  5.31583560e-02],
       [-4.80413877e-02,  2.17121838e-02,  4.37666043e-02,
         9.62104820e-03,  3.46619348e-02, -2.96117463e-02,
        -1.78007509e-01,  8.87152933e-02, -4.38714641e-02,
         2.47882339e-02,  3.62132622e-02, -5.77842398e-02,
         6.32949953e-02,  7.80137481e-03, -2.29222529e-02,
         4.27569126e-02, -3.80847005e-03,  1.19123236e-02],
       [-1.67597748e-02,  1.99177500e-02,  3.22583602e-02,
        -1.34986405e-02,  2.14349844e-02,  2.55097576e-02,
         4.65089232e-02, -5.81003979e-02,  1.25327957e-01,
        -2.55869767e-03,  6.93849071e-02,  6.53711987e-02,
        -1.18462776e-02,  2.49581921e-02, -1.18255325e-02,
        -3.80847005e-03,  3.49769718e-02, -1.22465810e-03],
       [-3.22007735e-01, -1.11720151e-01,  1.47010124e-03,
         2.92167194e-02,  5.22861171e-02, -1.22459386e-02,
         1.30720801e-01,  1.10943441e-01,  7.31843570e-02,
         6.68626479e-02,  1.91594293e-01, -1.99069844e-02,
         1.46031449e-01,  4.63852943e-02,  5.31583560e-02,
         1.19123236e-02, -1.22465810e-03,  9.52080366e-02]])
      jac: array([-2.37957802e-07, -5.98040136e-07, -4.14113188e-07,  9.36658159e-07,
        1.35447209e-06,  1.70900331e-06, -1.50620257e-07, -3.48610030e-07,
       -1.04731039e-07, -5.46229728e-07, -3.58972111e-07, -7.64943664e-07,
       -3.16043488e-07, -7.15723777e-07, -5.33647200e-07,  1.92068583e-07,
        2.88657986e-07,  7.44959650e-07])
  message: 'Optimization terminated successfully.'
     nfev: 1558
      nit: 71
     njev: 82
   status: 0
  success: True
        x: array([ 0.10702999,  0.11835077,  0.71676441,  1.69743299, -0.80158812,
        0.33711839,  1.26884619, -1.87162161,  0.74731978,  2.01741766,
       -0.70625932,  0.92985005,  0.02022699,  0.09828938, -0.18019081,
       -1.54751211, -0.43072767,  0.05408824])
