Program Begingeth
      fun: 0.27651429224497237
 hess_inv: array([[ 3.74963585e+00,  3.49328492e-01,  1.03263270e+00,
         1.88771304e+00,  8.35747620e-02, -6.75272360e-02,
         3.47365953e+00,  2.40396991e-01, -3.42918618e+00,
         7.10699146e-01,  4.44062646e-01, -5.11948379e-01,
        -8.32661640e-03, -1.81333448e-01, -8.48399539e-02,
         9.93812835e-02, -7.76041693e-03,  1.02233512e-01],
       [ 3.49328492e-01,  1.67386576e+00, -9.62899790e-02,
         2.34231822e-01,  8.31113088e-01, -1.61079902e-01,
         5.40078598e-01,  8.09786345e-01,  1.15142678e+00,
         5.06451468e-01,  4.88437797e-01, -3.94616015e-02,
        -1.29342304e-01,  1.56028766e-02, -1.98466002e-01,
        -9.84586114e-02,  7.56744839e-02, -8.60431398e-03],
       [ 1.03263270e+00, -9.62899790e-02,  1.55398292e+00,
         6.02042576e-01, -1.01479082e-01,  6.00280920e-01,
         1.58025749e+00, -1.54586738e+00, -1.36656601e+00,
         2.61326120e-01, -8.28410417e-02,  1.47566160e-01,
         7.57455231e-03,  1.15635767e-01,  7.26032309e-02,
        -9.77971763e-05,  7.28978755e-02,  9.25570586e-02],
       [ 1.88771304e+00,  2.34231822e-01,  6.02042576e-01,
         9.73303045e-01,  7.16232411e-02,  3.33785775e-03,
         1.92601728e+00,  2.32240523e-02, -1.63656117e+00,
         3.59474651e-01,  2.63930502e-01, -2.23951924e-01,
         3.37779273e-03, -7.89038973e-02, -5.60979737e-02,
         4.75551260e-02,  1.02461463e-02,  4.72686157e-02],
       [ 8.35747620e-02,  8.31113088e-01, -1.01479082e-01,
         7.16232411e-02,  4.62939977e-01, -1.15039685e-01,
         6.39195057e-01,  8.76642076e-01,  7.33714101e-01,
         2.30824895e-01,  3.12122791e-01, -4.92112061e-02,
        -1.11666359e-01, -6.65100786e-03, -1.09411798e-01,
        -7.62792510e-02,  1.53249028e-02,  4.25114334e-03],
       [-6.75272360e-02, -1.61079902e-01,  6.00280920e-01,
         3.33785775e-03, -1.15039685e-01,  3.42041952e-01,
        -1.36541733e-01, -1.04932080e+00, -1.01203175e-01,
        -5.60936465e-02, -1.89593981e-01,  1.75766793e-01,
         6.06305451e-02,  1.09656536e-01,  7.01535210e-02,
         7.92970706e-03,  6.15394946e-02,  1.88362572e-02],
       [ 3.47365953e+00,  5.40078598e-01,  1.58025749e+00,
         1.92601728e+00,  6.39195057e-01, -1.36541733e-01,
         1.13002487e+01,  3.87467942e+00, -2.76001782e+00,
         8.45134648e-01,  1.43447153e+00, -7.22074128e-01,
        -6.41631115e-01, -4.49244133e-01, -2.24026069e-01,
        -2.12970420e-01, -3.95351461e-01,  3.16534065e-01],
       [ 2.40396991e-01,  8.09786345e-01, -1.54586738e+00,
         2.32240523e-02,  8.76642076e-01, -1.04932080e+00,
         3.87467942e+00,  7.67933275e+00,  1.52486292e+00,
         2.47984218e-01,  1.10310656e+00, -1.16596178e+00,
        -4.99974040e-01, -4.36480727e-01, -1.99641742e-01,
        -1.42534395e-01, -2.90800667e-01,  6.51092956e-02],
       [-3.42918618e+00,  1.15142678e+00, -1.36656601e+00,
        -1.63656117e+00,  7.33714101e-01, -1.01203175e-01,
        -2.76001782e+00,  1.52486292e+00,  6.93418166e+00,
        -5.60651826e-01,  6.67555986e-01,  1.62079900e-01,
        -2.11761584e-02,  1.02931286e-01, -1.65745055e-01,
        -1.88135966e-01,  1.53026820e-01, -1.84352401e-01],
       [ 7.10699146e-01,  5.06451468e-01,  2.61326120e-01,
         3.59474651e-01,  2.30824895e-01, -5.60936465e-02,
         8.45134648e-01,  2.47984218e-01, -5.60651826e-01,
         1.02802548e+00,  8.48663957e-02, -5.55532892e-02,
        -2.47281461e-01,  1.03539805e-02,  5.08390792e-02,
        -3.50162445e-02,  3.79549904e-02,  2.33560294e-01],
       [ 4.44062646e-01,  4.88437797e-01, -8.28410417e-02,
         2.63930502e-01,  3.12122791e-01, -1.89593981e-01,
         1.43447153e+00,  1.10310656e+00,  6.67555986e-01,
         8.48663957e-02,  8.78250163e-01, -2.40418430e-01,
        -8.45924230e-02, -1.77203893e-01, -2.06736448e-01,
        -6.33461976e-02, -2.32503754e-02, -8.59165900e-02],
       [-5.11948379e-01, -3.94616015e-02,  1.47566160e-01,
        -2.23951924e-01, -4.92112061e-02,  1.75766793e-01,
        -7.22074128e-01, -1.16596178e+00,  1.62079900e-01,
        -5.55532892e-02, -2.40418430e-01,  5.12047845e-01,
         1.50328271e-02,  1.48414714e-01, -1.39236215e-03,
        -5.37331842e-02,  7.18695636e-02,  1.10130326e-02],
       [-8.32661640e-03, -1.29342304e-01,  7.57455231e-03,
         3.37779273e-03, -1.11666359e-01,  6.06305451e-02,
        -6.41631115e-01, -4.99974040e-01, -2.11761584e-02,
        -2.47281461e-01, -8.45924230e-02,  1.50328271e-02,
         1.56471330e-01,  2.44802766e-02,  4.09160801e-04,
         7.28371688e-02,  4.06776373e-02, -7.72368403e-02],
       [-1.81333448e-01,  1.56028766e-02,  1.15635767e-01,
        -7.89038973e-02, -6.65100786e-03,  1.09656536e-01,
        -4.49244133e-01, -4.36480727e-01,  1.02931286e-01,
         1.03539805e-02, -1.77203893e-01,  1.48414714e-01,
         2.44802766e-02,  1.03223375e-01,  3.41398043e-02,
        -1.84914934e-03,  6.67937113e-02,  1.89230693e-02],
       [-8.48399539e-02, -1.98466002e-01,  7.26032309e-02,
        -5.60979737e-02, -1.09411798e-01,  7.01535210e-02,
        -2.24026069e-01, -1.99641742e-01, -1.65745055e-01,
         5.08390792e-02, -2.06736448e-01, -1.39236215e-03,
         4.09160801e-04,  3.41398043e-02,  1.02029617e-01,
         2.42479444e-02,  1.33536063e-03,  7.05713818e-02],
       [ 9.93812835e-02, -9.84586114e-02, -9.77971763e-05,
         4.75551260e-02, -7.62792510e-02,  7.92970706e-03,
        -2.12970420e-01, -1.42534395e-01, -1.88135966e-01,
        -3.50162445e-02, -6.33461976e-02, -5.37331842e-02,
         7.28371688e-02, -1.84914934e-03,  2.42479444e-02,
         6.62574861e-02,  1.22184217e-02, -1.16539553e-02],
       [-7.76041693e-03,  7.56744839e-02,  7.28978755e-02,
         1.02461463e-02,  1.53249028e-02,  6.15394946e-02,
        -3.95351461e-01, -2.90800667e-01,  1.53026820e-01,
         3.79549904e-02, -2.32503754e-02,  7.18695636e-02,
         4.06776373e-02,  6.67937113e-02,  1.33536063e-03,
         1.22184217e-02,  8.31138850e-02, -4.13882104e-03],
       [ 1.02233512e-01, -8.60431398e-03,  9.25570586e-02,
         4.72686157e-02,  4.25114334e-03,  1.88362572e-02,
         3.16534065e-01,  6.51092956e-02, -1.84352401e-01,
         2.33560294e-01, -8.59165900e-02,  1.10130326e-02,
        -7.72368403e-02,  1.89230693e-02,  7.05713818e-02,
        -1.16539553e-02, -4.13882104e-03,  1.13773724e-01]])
      jac: array([-3.10529380e-06,  1.04508994e-06, -1.03361764e-06,  6.55475674e-06,
       -3.50867483e-06,  3.40949491e-06, -4.47049805e-07,  6.36157793e-07,
       -2.08721929e-07,  8.74115595e-07,  1.19200945e-06, -8.50060763e-07,
        1.80892338e-06,  5.44749431e-06, -3.00130291e-06, -2.30593322e-06,
       -6.34455451e-06,  1.72676688e-06])
  message: 'Optimization terminated successfully.'
     nfev: 1482
      nit: 64
     njev: 78
   status: 0
  success: True
        x: array([-1.63899298, -1.11037434,  0.64629004, -1.42843906, -1.17938358,
        0.34947275, -0.49788365, -1.56430955,  1.12786525,  0.03719915,
        0.50498961,  1.21503489,  0.11315229,  0.22312707, -0.26415462,
        1.29570259, -0.16280013,  0.00246535])
