Program Begingeth
      fun: 0.272579674158494
 hess_inv: array([[ 2.81303486e+00,  3.72230055e-01, -1.06779531e+00,
         1.02702169e+00,  2.59297730e-01, -1.15194710e+00,
         7.47653934e-02, -3.00122777e-02, -5.64406572e+00,
        -5.52071580e-02,  4.99477972e-01, -5.50202903e-02,
        -2.90693793e-01, -1.19718309e-01, -2.51075120e-01,
        -1.99702562e-01, -1.63779678e-01,  7.63808433e-02],
       [ 3.72230055e-01,  3.65512355e+00,  1.19497665e+00,
         1.31134778e-01,  1.54497021e+00,  3.78911343e-01,
         2.72812439e+00,  1.07178133e+00,  4.68913848e+00,
         6.91814736e-01,  5.92033572e-01, -1.03782196e+00,
        -4.13734085e-01, -3.49251477e-01, -1.36032566e-01,
        -7.26677188e-02, -2.10816045e-01,  9.75395747e-02],
       [-1.06779531e+00,  1.19497665e+00,  2.76972197e+00,
        -2.87202253e-02,  3.28677030e-01,  1.54573182e+00,
         3.46300045e+00, -2.11076686e+00,  6.89695251e+00,
         9.63244694e-02,  6.01493616e-01, -4.75215981e-01,
         1.87396127e-01, -8.01948436e-02, -1.02777008e-01,
         3.47521120e-02,  1.17049327e-01, -1.70130449e-01],
       [ 1.02702169e+00,  1.31134778e-01, -2.87202253e-02,
         4.76950998e-01,  7.13458683e-02, -2.39640856e-01,
         7.66631332e-01, -5.29259398e-01, -1.50622682e+00,
        -7.21092162e-02,  3.05655059e-01, -7.00066946e-03,
        -4.32981769e-02, -3.20664230e-02, -1.44051753e-01,
        -7.05190520e-02, -2.43991906e-02, -2.97113772e-02],
       [ 2.59297730e-01,  1.54497021e+00,  3.28677030e-01,
         7.13458683e-02,  7.16670185e-01,  6.46042786e-02,
         1.26666284e+00,  1.00964289e+00,  1.51954884e+00,
         2.66951880e-01,  1.82812591e-01, -3.82521341e-01,
        -2.23486434e-01, -1.26567458e-01, -4.35055151e-02,
        -5.72224767e-02, -1.14672434e-01,  6.43036568e-02],
       [-1.15194710e+00,  3.78911343e-01,  1.54573182e+00,
        -2.39640856e-01,  6.46042786e-02,  1.04293469e+00,
         1.75172627e+00, -8.94437799e-01,  4.73828975e+00,
        -2.25298276e-02,  8.30216613e-02, -1.59513936e-01,
         1.86218309e-01,  8.08788888e-03,  4.02470146e-02,
         7.98539292e-02,  8.64148704e-02, -9.17231751e-02],
       [ 7.47653934e-02,  2.72812439e+00,  3.46300045e+00,
         7.66631332e-01,  1.26666284e+00,  1.75172627e+00,
         1.06070653e+01, -6.62398163e-01,  8.21431534e+00,
         8.54769985e-03,  9.15021247e-01, -4.87711325e-01,
        -1.02360561e-01, -1.82174306e-01, -3.38928135e-01,
        -1.50786405e-01, -2.02670968e-01, -2.64371034e-01],
       [-3.00122777e-02,  1.07178133e+00, -2.11076686e+00,
        -5.29259398e-01,  1.00964289e+00, -8.94437799e-01,
        -6.62398163e-01,  7.98409913e+00, -1.89923449e+00,
         1.60882012e-01, -9.98892171e-01, -7.95458530e-02,
        -5.09189161e-01,  3.52762765e-03,  4.24570809e-01,
        -2.13638849e-03, -3.24672695e-01,  3.96014576e-01],
       [-5.64406572e+00,  4.68913848e+00,  6.89695251e+00,
        -1.50622682e+00,  1.51954884e+00,  4.73828975e+00,
         8.21431534e+00, -1.89923449e+00,  2.66775109e+01,
         6.55507774e-01,  5.83210139e-01, -1.52144418e+00,
         4.51571571e-01, -3.91591587e-01,  1.88350841e-01,
         4.09166172e-01,  9.99503585e-02, -2.56730014e-01],
       [-5.52071580e-02,  6.91814736e-01,  9.63244694e-02,
        -7.21092162e-02,  2.66951880e-01, -2.25298276e-02,
         8.54769985e-03,  1.60882012e-01,  6.55507774e-01,
         7.00437498e-01, -9.78570955e-03, -1.71649604e-01,
        -2.26489684e-01, -3.14795448e-02,  6.41738040e-02,
        -3.20290030e-02, -1.33518440e-03,  1.88301565e-01],
       [ 4.99477972e-01,  5.92033572e-01,  6.01493616e-01,
         3.05655059e-01,  1.82812591e-01,  8.30216613e-02,
         9.15021247e-01, -9.98892171e-01,  5.83210139e-01,
        -9.78570955e-03,  8.20529123e-01, -2.81315808e-01,
        -8.89929106e-03, -1.79785955e-01, -2.51998926e-01,
        -6.24658151e-02, -2.62950081e-03, -1.51919851e-01],
       [-5.50202903e-02, -1.03782196e+00, -4.75215981e-01,
        -7.00066946e-03, -3.82521341e-01, -1.59513936e-01,
        -4.87711325e-01, -7.95458530e-02, -1.52144418e+00,
        -1.71649604e-01, -2.81315808e-01,  5.80240554e-01,
         5.49911071e-02,  1.70301940e-01,  1.34890971e-02,
        -4.10859333e-02,  7.01438298e-02, -4.60922655e-04],
       [-2.90693793e-01, -4.13734085e-01,  1.87396127e-01,
        -4.32981769e-02, -2.23486434e-01,  1.86218309e-01,
        -1.02360561e-01, -5.09189161e-01,  4.51571571e-01,
        -2.26489684e-01, -8.89929106e-03,  5.49911071e-02,
         1.95709122e-01,  4.05623090e-02, -4.09120205e-03,
         8.47280190e-02,  7.49977855e-02, -9.57691575e-02],
       [-1.19718309e-01, -3.49251477e-01, -8.01948436e-02,
        -3.20664230e-02, -1.26567458e-01,  8.08788888e-03,
        -1.82174306e-01,  3.52762765e-03, -3.91591587e-01,
        -3.14795448e-02, -1.79785955e-01,  1.70301940e-01,
         4.05623090e-02,  1.08650444e-01,  4.04274647e-02,
         5.69940915e-03,  6.80821935e-02,  1.55834236e-02],
       [-2.51075120e-01, -1.36032566e-01, -1.02777008e-01,
        -1.44051753e-01, -4.35055151e-02,  4.02470146e-02,
        -3.38928135e-01,  4.24570809e-01,  1.88350841e-01,
         6.41738040e-02, -2.51998926e-01,  1.34890971e-02,
        -4.09120205e-03,  4.04274647e-02,  1.31587499e-01,
         3.56307586e-02, -1.00160425e-03,  8.97780375e-02],
       [-1.99702562e-01, -7.26677188e-02,  3.47521120e-02,
        -7.05190520e-02, -5.72224767e-02,  7.98539292e-02,
        -1.50786405e-01, -2.13638849e-03,  4.09166172e-01,
        -3.20290030e-02, -6.24658151e-02, -4.10859333e-02,
         8.47280190e-02,  5.69940915e-03,  3.56307586e-02,
         7.80278583e-02,  2.49438472e-02, -1.47032429e-02],
       [-1.63779678e-01, -2.10816045e-01,  1.17049327e-01,
        -2.43991906e-02, -1.14672434e-01,  8.64148704e-02,
        -2.02670968e-01, -3.24672695e-01,  9.99503585e-02,
        -1.33518440e-03, -2.62950081e-03,  7.01438298e-02,
         7.49977855e-02,  6.80821935e-02, -1.00160425e-03,
         2.49438472e-02,  1.00631723e-01, -2.15049131e-02],
       [ 7.63808433e-02,  9.75395747e-02, -1.70130449e-01,
        -2.97113772e-02,  6.43036568e-02, -9.17231751e-02,
        -2.64371034e-01,  3.96014576e-01, -2.56730014e-01,
         1.88301565e-01, -1.51919851e-01, -4.60922655e-04,
        -9.57691575e-02,  1.55834236e-02,  8.97780375e-02,
        -1.47032429e-02, -2.15049131e-02,  1.31059955e-01]])
      jac: array([ 2.53241872e-05, -2.68111459e-05,  5.79751062e-05, -1.09812529e-04,
        1.24822375e-05, -1.69759022e-04,  2.21778151e-05, -8.78112398e-06,
        2.09336252e-05, -5.90235268e-05, -2.38301971e-05, -1.58351110e-05,
       -9.17688148e-05,  2.95145390e-05, -9.05801360e-05,  1.07878521e-04,
        7.21615360e-05,  1.02337398e-04])
  message: 'Desired error not necessarily achieved due to precision loss.'
     nfev: 2178
      nit: 65
     njev: 114
   status: 2
  success: False
        x: array([-0.78676345, -1.21333584,  0.65886772, -0.97980951, -1.25354733,
        0.20054066, -0.57501796, -1.93436519, -0.43983181,  0.02226132,
        0.62030699,  1.18272568,  0.12002414,  0.18524241, -0.3333477 ,
        1.17689353, -0.20791008, -0.03909274])
