Program Begingeth
      fun: 0.294630699211183
 hess_inv: array([[ 1.64478783e+00, -5.64331380e-02,  1.50676567e-01,
         3.60727334e-01, -2.46111434e-01,  3.76942568e-01,
         8.61276628e-01, -2.52119621e-01,  7.53686324e-01,
         1.08253126e+00, -8.68468215e-01,  1.69291189e-02,
        -6.44309093e-01, -3.07364211e-02,  7.65018145e-02,
        -3.86333139e-02, -2.88625845e-02, -2.54920957e-01],
       [-5.64331380e-02,  6.01292379e-01, -1.35542037e-01,
        -2.82387596e-01,  3.65541064e-02, -2.15311175e-01,
        -1.58675055e+00,  3.32502992e-01, -1.96436495e-01,
        -7.69145640e-01, -1.85353681e-01, -1.18152154e-01,
         4.21330133e-02, -1.97262503e-01, -1.95527564e-01,
         3.14199076e-02, -8.08282765e-03, -1.10192614e-01],
       [ 1.50676567e-01, -1.35542037e-01,  3.60541999e-01,
         1.03651628e-01, -3.24220673e-02,  1.42519153e-01,
         1.45911437e-01, -6.46521888e-01,  1.11792235e-01,
         4.80321475e-01, -9.61289133e-02,  1.53845188e-01,
        -4.90767105e-02,  1.14849045e-01, -3.38281342e-02,
         3.77017661e-02,  3.83533184e-02,  2.13410104e-02],
       [ 3.60727334e-01, -2.82387596e-01,  1.03651628e-01,
         5.31807715e-01,  6.17010246e-02,  2.48543245e-01,
         1.76272285e+00,  2.38095297e-01,  1.45929497e+00,
         1.52626768e+00,  3.06244723e-01, -1.66104794e-01,
        -7.99253240e-02,  9.38012988e-02,  1.57723626e-01,
         2.92469064e-03, -9.95381288e-04,  2.21021826e-02],
       [-2.46111434e-01,  3.65541064e-02, -3.24220673e-02,
         6.17010246e-02,  3.15422096e-01, -4.70309490e-02,
        -1.09219920e-01,  7.90711904e-01,  9.04218530e-01,
         2.13668567e-01,  8.67719067e-01, -1.96244448e-01,
         1.49281562e-01,  6.40791616e-02, -2.09813264e-02,
         3.81602414e-02,  1.88770934e-02,  4.35394167e-02],
       [ 3.76942568e-01, -2.15311175e-01,  1.42519153e-01,
         2.48543245e-01, -4.70309490e-02,  3.84052945e-01,
         1.21537271e+00, -5.67756467e-01,  1.13525044e+00,
         8.63355446e-01,  6.47253257e-02,  4.65001887e-01,
        -2.11463769e-01,  1.00236717e-01,  1.39437613e-01,
        -4.01816430e-02,  4.71283618e-02, -1.54422149e-03],
       [ 8.61276628e-01, -1.58675055e+00,  1.45911437e-01,
         1.76272285e+00, -1.09219920e-01,  1.21537271e+00,
         1.32581367e+01, -1.31792280e+00,  5.96048505e+00,
         4.41059743e+00,  1.88672497e+00,  9.19998677e-02,
        -7.15877124e-01,  3.82951337e-01,  7.68297631e-01,
        -3.18878435e-01,  2.39491182e-01,  6.70612288e-02],
       [-2.52119621e-01,  3.32502992e-01, -6.46521888e-01,
         2.38095297e-01,  7.90711904e-01, -5.67756467e-01,
        -1.31792280e+00,  5.21404328e+00,  1.46125706e+00,
         2.78044015e-01,  1.42993481e+00, -1.74245607e+00,
         4.19309392e-01, -1.03138528e-01,  1.52934889e-02,
         7.31479062e-02, -1.18440083e-01,  3.56684058e-02],
       [ 7.53686324e-01, -1.96436495e-01,  1.11792235e-01,
         1.45929497e+00,  9.04218530e-01,  1.13525044e+00,
         5.96048505e+00,  1.46125706e+00,  1.03661564e+01,
         4.65993668e+00,  3.46541264e+00, -9.26704353e-02,
        -3.57719373e-01,  2.65258972e-01,  4.14179672e-01,
        -7.12143205e-02,  2.06567662e-01,  3.49951484e-02],
       [ 1.08253126e+00, -7.69145640e-01,  4.80321475e-01,
         1.52626768e+00,  2.13668567e-01,  8.63355446e-01,
         4.41059743e+00,  2.78044015e-01,  4.65993668e+00,
         4.75098374e+00,  9.19637523e-01, -1.65077980e-01,
        -2.78661285e-01,  3.35350020e-01,  4.28504529e-01,
         1.28116248e-02,  3.70259986e-02,  6.98617242e-02],
       [-8.68468215e-01, -1.85353681e-01, -9.61289133e-02,
         3.06244723e-01,  8.67719067e-01,  6.47253257e-02,
         1.88672497e+00,  1.42993481e+00,  3.46541264e+00,
         9.19637523e-01,  3.05565448e+00, -3.02378411e-01,
         3.42504095e-01,  2.37141950e-01,  5.04826965e-02,
         2.15707662e-02,  1.07320599e-01,  1.66678383e-01],
       [ 1.69291189e-02, -1.18152154e-01,  1.53845188e-01,
        -1.66104794e-01, -1.96244448e-01,  4.65001887e-01,
         9.19998677e-02, -1.74245607e+00, -9.26704353e-02,
        -1.65077980e-01, -3.02378411e-01,  1.45348123e+00,
        -1.85467668e-01,  1.04481205e-01,  9.09976686e-02,
        -5.97159745e-02,  9.23209744e-02,  1.60530641e-02],
       [-6.44309093e-01,  4.21330133e-02, -4.90767105e-02,
        -7.99253240e-02,  1.49281562e-01, -2.11463769e-01,
        -7.15877124e-01,  4.19309392e-01, -3.57719373e-01,
        -2.78661285e-01,  3.42504095e-01, -1.85467668e-01,
         3.45485026e-01,  1.13548666e-02, -4.35477770e-02,
         7.11937666e-02, -2.01749736e-02,  1.13098240e-01],
       [-3.07364211e-02, -1.97262503e-01,  1.14849045e-01,
         9.38012988e-02,  6.40791616e-02,  1.00236717e-01,
         3.82951337e-01, -1.03138528e-01,  2.65258972e-01,
         3.35350020e-01,  2.37141950e-01,  1.04481205e-01,
         1.13548666e-02,  1.25558955e-01,  4.65942696e-02,
         7.90233070e-03,  3.73932986e-02,  5.13647398e-02],
       [ 7.65018145e-02, -1.95527564e-01, -3.38281342e-02,
         1.57723626e-01, -2.09813264e-02,  1.39437613e-01,
         7.68297631e-01,  1.52934889e-02,  4.14179672e-01,
         4.28504529e-01,  5.04826965e-02,  9.09976686e-02,
        -4.35477770e-02,  4.65942696e-02,  1.39857271e-01,
        -3.09583846e-02, -1.74775360e-03,  4.93672799e-02],
       [-3.86333139e-02,  3.14199076e-02,  3.77017661e-02,
         2.92469064e-03,  3.81602414e-02, -4.01816430e-02,
        -3.18878435e-01,  7.31479062e-02, -7.12143205e-02,
         1.28116248e-02,  2.15707662e-02, -5.97159745e-02,
         7.11937666e-02,  7.90233070e-03, -3.09583846e-02,
         5.19070218e-02, -8.82466895e-03,  8.63808990e-03],
       [-2.88625845e-02, -8.08282765e-03,  3.83533184e-02,
        -9.95381288e-04,  1.88770934e-02,  4.71283618e-02,
         2.39491182e-01, -1.18440083e-01,  2.06567662e-01,
         3.70259986e-02,  1.07320599e-01,  9.23209744e-02,
        -2.01749736e-02,  3.73932986e-02, -1.74775360e-03,
        -8.82466895e-03,  4.57167607e-02,  2.91704739e-03],
       [-2.54920957e-01, -1.10192614e-01,  2.13410104e-02,
         2.21021826e-02,  4.35394167e-02, -1.54422149e-03,
         6.70612288e-02,  3.56684058e-02,  3.49951484e-02,
         6.98617242e-02,  1.66678383e-01,  1.60530641e-02,
         1.13098240e-01,  5.13647398e-02,  4.93672799e-02,
         8.63808990e-03,  2.91704739e-03,  9.40366843e-02]])
      jac: array([ 2.11867561e-06, -7.83928478e-06, -5.02523948e-06, -2.92321722e-06,
        7.28380319e-06,  7.29231490e-06, -3.40838469e-07, -1.69123974e-07,
       -3.89688282e-07,  1.19385983e-06, -1.06507396e-06, -1.35003120e-06,
        2.29261055e-06, -1.92805031e-05, -1.22927594e-05,  3.40431387e-06,
        1.87990364e-05,  1.00360461e-05])
  message: 'Desired error not necessarily achieved due to precision loss.'
     nfev: 1948
      nit: 75
     njev: 102
   status: 2
  success: False
        x: array([ 0.09200977,  0.17963422,  0.77524776,  1.58582228, -0.68242167,
        0.31128567,  1.07619995, -1.65091209,  0.7458975 ,  1.91946819,
       -0.59943158,  0.84477932,  0.02480818,  0.1299716 , -0.21339921,
       -1.42465265, -0.48218348,  0.05060427])
