Program Begingeth
      fun: 0.2596003167808544
 hess_inv: array([[ 4.42009614e+00,  1.99569093e+00,  5.56205381e-01,
         1.31132868e+00,  7.82361443e-01, -9.29440945e-01,
         2.20431582e+00, -2.19301234e+00, -1.75310725e+00,
        -4.63383985e-01,  8.66781534e-01, -1.16188148e+00,
        -6.97868530e-01, -4.57174722e-01, -4.97198988e-01,
        -1.50701542e-01, -5.06999347e-01,  3.86673602e-01],
       [ 1.99569093e+00,  3.59498876e+00,  1.28712575e+00,
         5.49282580e-01,  1.29840018e+00, -2.19147303e-01,
         2.84918236e+00, -2.10850339e-01,  2.15159922e+00,
         1.12253695e-01,  5.16232137e-01, -1.77007862e+00,
        -5.16632183e-01, -4.75554906e-01, -4.08654322e-01,
        -1.68621703e-02, -2.35716264e-01,  1.31783923e-01],
       [ 5.56205381e-01,  1.28712575e+00,  2.18087774e+00,
         4.75740326e-01,  4.40147432e-01,  5.66865314e-01,
         3.29590789e+00, -1.93104543e+00,  2.44014987e+00,
        -2.78296507e-02,  9.35607481e-01, -1.00554910e+00,
        -9.15373503e-02, -2.27384102e-01, -3.52890360e-01,
        -1.60584584e-01, -7.57262782e-02, -9.27115120e-02],
       [ 1.31132868e+00,  5.49282580e-01,  4.75740326e-01,
         5.02623308e-01,  2.23537531e-01, -1.56535103e-01,
         1.41933659e+00, -1.07853390e+00, -3.45165552e-01,
        -1.79860280e-01,  4.15564413e-01, -3.46635213e-01,
        -1.57572660e-01, -1.20696035e-01, -2.13403320e-01,
        -7.18596373e-02, -1.33357892e-01,  5.40166544e-02],
       [ 7.82361443e-01,  1.29840018e+00,  4.40147432e-01,
         2.23537531e-01,  6.34995714e-01, -5.92774198e-02,
         2.05623067e+00,  7.38702010e-01,  4.03391577e-01,
        -1.11835697e-01,  1.08483762e-01, -5.29533605e-01,
        -2.63615110e-01, -1.04614834e-01, -1.17477239e-01,
        -6.21312673e-02, -1.66408859e-01,  4.59114509e-02],
       [-9.29440945e-01, -2.19147303e-01,  5.66865314e-01,
        -1.56535103e-01, -5.92774198e-02,  5.07103517e-01,
         9.01628528e-01,  1.98274566e-01,  1.41957946e+00,
        -2.37657860e-02,  1.57611316e-04,  5.20687532e-02,
         1.82660567e-01,  6.84993424e-02,  6.67930822e-02,
         9.54532983e-03,  6.99989040e-02, -1.27428284e-01],
       [ 2.20431582e+00,  2.84918236e+00,  3.29590789e+00,
         1.41933659e+00,  2.05623067e+00,  9.01628528e-01,
         1.74947577e+01,  9.48268273e-01,  2.46299423e+00,
        -1.32047635e+00,  1.15915967e+00, -1.27610688e+00,
        -7.52594673e-01, -2.74865568e-01, -6.16436282e-01,
        -4.82602222e-01, -1.13594720e+00, -3.68201169e-01],
       [-2.19301234e+00, -2.10850339e-01, -1.93104543e+00,
        -1.07853390e+00,  7.38702010e-01,  1.98274566e-01,
         9.48268273e-01,  1.04033689e+01, -1.12220848e+00,
        -2.24508737e-01, -1.87697520e+00,  9.11607239e-01,
         1.14012115e-02,  5.62798460e-01,  9.15579919e-01,
         2.57769562e-01,  5.17227643e-02,  6.11518845e-02],
       [-1.75310725e+00,  2.15159922e+00,  2.44014987e+00,
        -3.45165552e-01,  4.03391577e-01,  1.41957946e+00,
         2.46299423e+00, -1.12220848e+00,  9.91327100e+00,
         3.22229410e-01,  5.80398493e-01, -1.38134169e+00,
         3.12962361e-01, -5.47395386e-01, -1.56342934e-01,
         2.30149284e-01,  3.87217909e-03, -2.56261843e-01],
       [-4.63383985e-01,  1.12253695e-01, -2.78296507e-02,
        -1.79860280e-01, -1.11835697e-01, -2.37657860e-02,
        -1.32047635e+00, -2.24508737e-01,  3.22229410e-01,
         7.04678197e-01, -1.37494981e-01, -6.55466935e-02,
        -7.20403749e-03,  3.33406966e-02,  7.45933505e-02,
         5.91151761e-02,  2.03568583e-01,  1.30915117e-01],
       [ 8.66781534e-01,  5.16232137e-01,  9.35607481e-01,
         4.15564413e-01,  1.08483762e-01,  1.57611316e-04,
         1.15915967e+00, -1.87697520e+00,  5.80398493e-01,
        -1.37494981e-01,  1.01536761e+00, -5.58888140e-01,
        -9.51048207e-02, -2.74049436e-01, -3.84113858e-01,
        -1.38138073e-01, -1.01140320e-01, -1.13924045e-01],
       [-1.16188148e+00, -1.77007862e+00, -1.00554910e+00,
        -3.46635213e-01, -5.29533605e-01,  5.20687532e-02,
        -1.27610688e+00,  9.11607239e-01, -1.38134169e+00,
        -6.55466935e-02, -5.58888140e-01,  1.27609697e+00,
         2.26441102e-01,  3.79769656e-01,  2.44608569e-01,
        -1.98986266e-02,  1.55056520e-01, -4.99169817e-02],
       [-6.97868530e-01, -5.16632183e-01, -9.15373503e-02,
        -1.57572660e-01, -2.63615110e-01,  1.82660567e-01,
        -7.52594673e-01,  1.14012115e-02,  3.12962361e-01,
        -7.20403749e-03, -9.51048207e-02,  2.26441102e-01,
         2.51257029e-01,  7.74540900e-02,  6.94981387e-02,
         9.02196397e-02,  1.45757823e-01, -1.07438720e-01],
       [-4.57174722e-01, -4.75554906e-01, -2.27384102e-01,
        -1.20696035e-01, -1.04614834e-01,  6.84993424e-02,
        -2.74865568e-01,  5.62798460e-01, -5.47395386e-01,
         3.33406966e-02, -2.74049436e-01,  3.79769656e-01,
         7.74540900e-02,  1.94967621e-01,  1.14357810e-01,
        -5.77080745e-03,  1.10890271e-01, -1.12716965e-04],
       [-4.97198988e-01, -4.08654322e-01, -3.52890360e-01,
        -2.13403320e-01, -1.17477239e-01,  6.67930822e-02,
        -6.16436282e-01,  9.15579919e-01, -1.56342934e-01,
         7.45933505e-02, -3.84113858e-01,  2.44608569e-01,
         6.94981387e-02,  1.14357810e-01,  2.13746417e-01,
         6.85644786e-02,  5.33133374e-02,  6.20251466e-02],
       [-1.50701542e-01, -1.68621703e-02, -1.60584584e-01,
        -7.18596373e-02, -6.21312673e-02,  9.54532983e-03,
        -4.82602222e-01,  2.57769562e-01,  2.30149284e-01,
         5.91151761e-02, -1.38138073e-01, -1.98986266e-02,
         9.02196397e-02, -5.77080745e-03,  6.85644786e-02,
         1.12810889e-01,  4.88764463e-02,  5.79617235e-03],
       [-5.06999347e-01, -2.35716264e-01, -7.57262782e-02,
        -1.33357892e-01, -1.66408859e-01,  6.99989040e-02,
        -1.13594720e+00,  5.17227643e-02,  3.87217909e-03,
         2.03568583e-01, -1.01140320e-01,  1.55056520e-01,
         1.45757823e-01,  1.10890271e-01,  5.33133374e-02,
         4.88764463e-02,  2.25068021e-01, -1.65333719e-02],
       [ 3.86673602e-01,  1.31783923e-01, -9.27115120e-02,
         5.40166544e-02,  4.59114509e-02, -1.27428284e-01,
        -3.68201169e-01,  6.11518845e-02, -2.56261843e-01,
         1.30915117e-01, -1.13924045e-01, -4.99169817e-02,
        -1.07438720e-01, -1.12716965e-04,  6.20251466e-02,
         5.79617235e-03, -1.65333719e-02,  1.70023259e-01]])
      jac: array([ 2.89361128e-06,  1.25973306e-06, -5.82867088e-07, -3.41060513e-06,
       -4.65183447e-07,  4.70697555e-06, -2.86807615e-07, -1.48769885e-07,
       -3.81176572e-07,  3.10307335e-06,  8.64863736e-07,  1.13501801e-06,
        4.63296068e-06,  8.68564480e-07,  1.91402449e-06, -1.91735516e-06,
       -3.44095123e-06, -3.18485978e-06])
  message: 'Optimization terminated successfully.'
     nfev: 1938
      nit: 85
     njev: 102
   status: 0
  success: True
        x: array([-0.40624296, -0.74452576,  0.64033455, -0.76365856, -0.91690444,
        0.10291274, -0.30037242, -1.69984437, -0.54136109,  0.10145692,
        0.6706186 ,  1.13863085,  0.07628434,  0.11127202, -0.39892533,
        1.00481242, -0.52211222, -0.03032923])
