Program Begingeth
      fun: 0.20805671067162643
 hess_inv: array([[ 9.45568343e-01, -2.35122707e-02, -3.91017742e-02,
        -3.05119171e-02,  1.01741595e-01,  3.74397060e-01,
        -1.12992712e-01, -3.89016719e-01,  9.34881017e-01,
        -1.16767890e-02,  5.62052813e-01,  5.36416972e-01,
        -4.12525830e-01, -4.92892195e-03,  6.41091186e-02,
        -5.23631045e-03, -2.58027378e-02, -1.94436979e-01],
       [-2.35122707e-02,  3.13567512e-01, -4.77002347e-02,
        -8.60352679e-03, -1.54640516e-02, -3.19908143e-01,
         2.83288293e-01,  3.03847903e-01, -1.17029603e+00,
        -1.05955765e-01, -2.06485831e-01, -5.62374251e-01,
         2.07519301e-02, -9.79484850e-02, -1.45789638e-01,
         2.13509431e-02,  2.85922151e-02, -7.47954164e-02],
       [-3.91017742e-02, -4.77002347e-02,  1.83178333e-01,
         9.87350393e-03,  9.85368693e-02,  1.12188064e-01,
        -5.77111423e-02,  2.17886135e-01,  5.39685857e-01,
         1.00814258e-01,  2.18955662e-01,  2.02446906e-01,
         2.46450958e-02,  7.83187850e-02, -1.37567367e-02,
         2.32024120e-02,  3.48674255e-02,  4.53815244e-02],
       [-3.05119171e-02, -8.60352679e-03,  9.87350393e-03,
         2.20684363e-01,  8.04219446e-02,  2.07059485e-01,
        -1.64905345e-01, -9.78732859e-02,  1.44109443e+00,
         8.10081725e-01,  3.14655190e-01,  4.69916688e-01,
         7.87031307e-02,  2.60930406e-03,  1.41378666e-02,
         2.62655122e-02, -2.49602932e-02,  1.99653935e-02],
       [ 1.01741595e-01, -1.54640516e-02,  9.85368693e-02,
         8.04219446e-02,  1.90900828e-01,  2.28391981e-01,
        -1.92775979e-01,  2.45448848e-01,  1.23608718e+00,
         4.02007505e-01,  5.58817251e-01,  4.00534010e-01,
        -2.19362179e-02,  6.44867512e-02,  1.37833662e-02,
         2.24689645e-02,  1.30410484e-02,  9.25559630e-04],
       [ 3.74397060e-01, -3.19908143e-01,  1.12188064e-01,
         2.07059485e-01,  2.28391981e-01,  1.03983714e+00,
        -1.37199255e+00, -8.13443237e-01,  4.57238656e+00,
         1.21229737e+00,  1.25905423e+00,  2.05145663e+00,
        -1.36066213e-01,  9.50959574e-02,  2.30971446e-01,
        -1.76311729e-02, -5.50143955e-02,  1.64550358e-02],
       [-1.12992712e-01,  2.83288293e-01, -5.77111423e-02,
        -1.64905345e-01, -1.92775979e-01, -1.37199255e+00,
         4.36822435e+00,  9.61696612e-01, -6.48967699e+00,
        -2.12028764e+00, -1.50799797e+00, -3.18879047e+00,
         1.08334814e-01,  2.40196810e-02, -1.83460022e-01,
         7.86686948e-02,  8.01734412e-02,  1.20979123e-02],
       [-3.89016719e-01,  3.03847903e-01,  2.17886135e-01,
        -9.78732859e-02,  2.45448848e-01, -8.13443237e-01,
         9.61696612e-01,  3.01942094e+00, -2.78854896e+00,
        -4.29135677e-01, -4.58359384e-01, -1.66137896e+00,
         1.37707822e-01,  1.00331674e-01, -3.44285236e-01,
         6.52613390e-02,  1.19262115e-01, -5.08418619e-03],
       [ 9.34881017e-01, -1.17029603e+00,  5.39685857e-01,
         1.44109443e+00,  1.23608718e+00,  4.57238656e+00,
        -6.48967699e+00, -2.78854896e+00,  2.29578116e+01,
         7.48351466e+00,  5.92617044e+00,  9.17190796e+00,
        -1.80172139e-01,  4.35350890e-01,  8.22971947e-01,
        -9.20608510e-03, -2.09722670e-01,  1.39582576e-01],
       [-1.16767890e-02, -1.05955765e-01,  1.00814258e-01,
         8.10081725e-01,  4.02007505e-01,  1.21229737e+00,
        -2.12028764e+00, -4.29135677e-01,  7.48351466e+00,
         3.65604408e+00,  1.71683116e+00,  2.71884022e+00,
         1.67786890e-01,  3.02647153e-02,  8.19463735e-02,
         4.47265038e-02, -8.27232978e-02,  4.11503444e-02],
       [ 5.62052813e-01, -2.06485831e-01,  2.18955662e-01,
         3.14655190e-01,  5.58817251e-01,  1.25905423e+00,
        -1.50799797e+00, -4.58359384e-01,  5.92617044e+00,
         1.71683116e+00,  2.29226388e+00,  2.39329037e+00,
        -1.83459463e-01,  1.37574826e-01,  2.16697717e-01,
         1.92847819e-02, -3.63904705e-02, -1.28553807e-02],
       [ 5.36416972e-01, -5.62374251e-01,  2.02446906e-01,
         4.69916688e-01,  4.00534010e-01,  2.05145663e+00,
        -3.18879047e+00, -1.66137896e+00,  9.17190796e+00,
         2.71884022e+00,  2.39329037e+00,  4.32708807e+00,
        -1.60157516e-01,  1.16544716e-01,  3.98435657e-01,
        -2.95210086e-02, -1.29181784e-01,  4.03760048e-02],
       [-4.12525830e-01,  2.07519301e-02,  2.46450958e-02,
         7.87031307e-02, -2.19362179e-02, -1.36066213e-01,
         1.08334814e-01,  1.37707822e-01, -1.80172139e-01,
         1.67786890e-01, -1.83459463e-01, -1.60157516e-01,
         2.26559396e-01,  1.74017812e-03, -3.05319564e-02,
         3.37594305e-02,  2.09325729e-03,  9.20049854e-02],
       [-4.92892195e-03, -9.79484850e-02,  7.83187850e-02,
         2.60930406e-03,  6.44867512e-02,  9.50959574e-02,
         2.40196810e-02,  1.00331674e-01,  4.35350890e-01,
         3.02647153e-02,  1.37574826e-01,  1.16544716e-01,
         1.74017812e-03,  8.54297271e-02,  3.16269446e-02,
         6.94528977e-03,  2.47748022e-02,  3.56575035e-02],
       [ 6.41091186e-02, -1.45789638e-01, -1.37567367e-02,
         1.41378666e-02,  1.37833662e-02,  2.30971446e-01,
        -1.83460022e-01, -3.44285236e-01,  8.22971947e-01,
         8.19463735e-02,  2.16697717e-01,  3.98435657e-01,
        -3.05319564e-02,  3.16269446e-02,  1.17902072e-01,
        -1.77928545e-02, -2.50726983e-02,  3.76970620e-02],
       [-5.23631045e-03,  2.13509431e-02,  2.32024120e-02,
         2.62655122e-02,  2.24689645e-02, -1.76311729e-02,
         7.86686948e-02,  6.52613390e-02, -9.20608510e-03,
         4.47265038e-02,  1.92847819e-02, -2.95210086e-02,
         3.37594305e-02,  6.94528977e-03, -1.77928545e-02,
         3.19558297e-02,  3.88965984e-03,  3.00642270e-03],
       [-2.58027378e-02,  2.85922151e-02,  3.48674255e-02,
        -2.49602932e-02,  1.30410484e-02, -5.50143955e-02,
         8.01734412e-02,  1.19262115e-01, -2.09722670e-01,
        -8.27232978e-02, -3.63904705e-02, -1.29181784e-01,
         2.09325729e-03,  2.47748022e-02, -2.50726983e-02,
         3.88965984e-03,  3.37786493e-02,  1.42535696e-03],
       [-1.94436979e-01, -7.47954164e-02,  4.53815244e-02,
         1.99653935e-02,  9.25559630e-04,  1.64550358e-02,
         1.20979123e-02, -5.08418619e-03,  1.39582576e-01,
         4.11503444e-02, -1.28553807e-02,  4.03760048e-02,
         9.20049854e-02,  3.56575035e-02,  3.76970620e-02,
         3.00642270e-03,  1.42535696e-03,  8.27666343e-02]])
      jac: array([ 4.59062418e-05, -1.05004339e-04,  6.91036117e-05,  7.60345490e-05,
        2.97352513e-04, -9.38960946e-04, -5.48439072e-05, -3.91157477e-05,
        1.20096340e-04, -8.79069040e-05,  1.91328435e-06,  1.17477139e-04,
       -2.32761773e-04, -2.94568444e-04,  2.17821872e-04,  2.38697950e-05,
        1.12124199e-04,  1.32866681e-04])
  message: 'Maximum number of iterations has been exceeded.'
     nfev: 2166
      nit: 100
     njev: 114
   status: 1
  success: False
        x: array([ 0.03718699,  0.29948797,  0.74179725,  1.68299656, -0.51241519,
       -0.10671404,  2.52168686, -0.19540825,  0.4090855 ,  2.04810041,
       -0.51427683, -0.60196641,  0.13342182,  0.20585579, -0.26873792,
       -1.27660259, -0.280538  ,  0.05365831])
