Program Begingeth
      fun: 0.21627305788575812
 hess_inv: array([[ 5.31190764e+00,  1.35162926e-01, -2.95013593e-02,
        -2.84043253e-01,  5.70265326e-01, -2.03989627e+00,
         1.31165771e+00,  2.44251122e+00, -4.28466151e+00,
         3.67406119e-01, -1.32630541e-01,  3.15051640e+00,
        -2.81936467e+00,  6.63717082e-01, -3.32907602e+00,
        -2.52656833e-01,  4.05044888e-01, -1.29711465e+00],
       [ 1.35162926e-01,  8.87892945e-01, -8.34553960e-02,
        -2.70122147e-03, -2.70057104e-01, -3.18712266e-01,
        -6.64359988e-01, -3.72800383e-01, -5.93845369e-01,
         4.52759431e-02,  1.37616445e-01,  2.79934825e-02,
        -9.48855140e-02, -7.71856285e-01, -1.93488032e-01,
        -9.97593636e-02, -1.90822830e-01,  7.35865629e-02],
       [-2.95013593e-02, -8.34553960e-02,  1.05340818e+00,
         2.56977078e-01,  2.36950290e-01, -8.34988497e-02,
         6.27746110e-01, -1.38395942e-01,  6.66335585e-01,
        -4.24574575e-01, -1.45369959e-01, -2.63411458e-02,
         5.05169727e-01,  2.33629008e-01, -7.39002602e-01,
         2.65058795e-01, -1.05234100e-01, -2.60923172e-01],
       [-2.84043253e-01, -2.70122147e-03,  2.56977078e-01,
         2.75541310e-01, -8.89976752e-02,  4.83780466e-02,
         2.44933987e-01, -6.31507273e-01,  1.56144915e-01,
        -9.15056816e-02,  1.33304646e-01, -6.62665941e-02,
         4.69510599e-01, -1.71032949e-01, -5.36033140e-02,
         1.09371983e-01, -1.36694439e-01,  7.25471789e-04],
       [ 5.70265326e-01, -2.70057104e-01,  2.36950290e-01,
        -8.89976752e-02,  5.27189151e-01, -1.16834956e-01,
         8.66586657e-01,  1.46399520e+00,  1.25589122e-02,
        -1.00853712e-01, -1.73145984e-01,  3.29311352e-01,
        -3.04793783e-01,  7.43571540e-01, -3.66696074e-01,
         7.78602176e-02,  2.43632511e-01, -1.10689133e-01],
       [-2.03989627e+00, -3.18712266e-01, -8.34988497e-02,
         4.83780466e-02, -1.16834956e-01,  9.95293355e-01,
        -2.84242290e-01, -6.19744732e-01,  2.11815945e+00,
        -1.69460330e-01, -5.16961092e-02, -1.17528479e+00,
         1.01502421e+00, -1.28715915e-03,  1.50818824e+00,
         9.72267513e-02, -9.68720019e-02,  5.29650079e-01],
       [ 1.31165771e+00, -6.64359988e-01,  6.27746110e-01,
         2.44933987e-01,  8.66586657e-01, -2.84242290e-01,
         3.30894337e+00,  2.14347968e+00, -2.24472910e-01,
        -1.09948094e-01, -5.45788444e-02,  8.61237002e-01,
        -4.32419708e-01,  1.23110850e+00, -9.43975949e-01,
         9.60372108e-02,  3.25991979e-01, -3.21581911e-01],
       [ 2.44251122e+00, -3.72800383e-01, -1.38395942e-01,
        -6.31507273e-01,  1.46399520e+00, -6.19744732e-01,
         2.14347968e+00,  6.23428318e+00, -1.14481255e+00,
         6.11247441e-02, -2.34673362e-01,  1.24297068e+00,
        -1.92857579e+00,  1.74138318e+00, -9.13376648e-01,
        -1.90378989e-01,  7.13116380e-01, -2.20452208e-01],
       [-4.28466151e+00, -5.93845369e-01,  6.66335585e-01,
         1.56144915e-01,  1.25589122e-02,  2.11815945e+00,
        -2.24472910e-01, -1.14481255e+00,  6.64131247e+00,
        -6.90784553e-01, -4.65421738e-01, -2.35550322e+00,
         2.39696864e+00,  2.64307103e-01,  2.45740154e+00,
         4.34135468e-01, -2.38251181e-01,  8.01606090e-01],
       [ 3.67406119e-01,  4.52759431e-02, -4.24574575e-01,
        -9.15056816e-02, -1.00853712e-01, -1.69460330e-01,
        -1.09948094e-01,  6.11247441e-02, -6.90784553e-01,
         3.39092352e-01,  5.65536557e-02,  2.39173224e-01,
        -3.84968042e-01, -7.59733325e-02, -2.39732440e-02,
        -1.08665479e-01,  8.08830986e-02, -3.59317120e-02],
       [-1.32630541e-01,  1.37616445e-01, -1.45369959e-01,
         1.33304646e-01, -1.73145984e-01, -5.16961092e-02,
        -5.45788444e-02, -2.34673362e-01, -4.65421738e-01,
         5.65536557e-02,  5.05520601e-01, -1.05730131e-01,
         6.50447148e-02, -3.89665936e-01,  1.62500968e-01,
        -1.56859952e-01, -9.58720841e-02,  1.39562777e-01],
       [ 3.15051640e+00,  2.79934825e-02, -2.63411458e-02,
        -6.62665941e-02,  3.29311352e-01, -1.17528479e+00,
         8.61237002e-01,  1.24297068e+00, -2.35550322e+00,
         2.39173224e-01, -1.05730131e-01,  2.09583027e+00,
        -1.51018463e+00,  4.10214325e-01, -2.01303036e+00,
        -4.86197399e-02,  2.17082519e-01, -7.90516902e-01],
       [-2.81936467e+00, -9.48855140e-02,  5.05169727e-01,
         4.69510599e-01, -3.04793783e-01,  1.01502421e+00,
        -4.32419708e-01, -1.92857579e+00,  2.39696864e+00,
        -3.84968042e-01,  6.50447148e-02, -1.51018463e+00,
         2.00659937e+00, -4.01945419e-01,  1.35026267e+00,
         3.75459737e-01, -3.55609150e-01,  5.41981729e-01],
       [ 6.63717082e-01, -7.71856285e-01,  2.33629008e-01,
        -1.71032949e-01,  7.43571540e-01, -1.28715915e-03,
         1.23110850e+00,  1.74138318e+00,  2.64307103e-01,
        -7.59733325e-02, -3.89665936e-01,  4.10214325e-01,
        -4.01945419e-01,  1.34217307e+00, -3.45680692e-01,
         1.50703625e-01,  4.54082764e-01, -1.94555722e-01],
       [-3.32907602e+00, -1.93488032e-01, -7.39002602e-01,
        -5.36033140e-02, -3.66696074e-01,  1.50818824e+00,
        -9.43975949e-01, -9.13376648e-01,  2.45740154e+00,
        -2.39732440e-02,  1.62500968e-01, -2.01303036e+00,
         1.35026267e+00, -3.45680692e-01,  2.85783080e+00,
        -5.54587376e-02, -1.22813033e-01,  1.10968421e+00],
       [-2.52656833e-01, -9.97593636e-02,  2.65058795e-01,
         1.09371983e-01,  7.78602176e-02,  9.72267513e-02,
         9.60372108e-02, -1.90378989e-01,  4.34135468e-01,
        -1.08665479e-01, -1.56859952e-01, -4.86197399e-02,
         3.75459737e-01,  1.50703625e-01, -5.54587376e-02,
         2.05882571e-01, -1.93461482e-02, -3.29485529e-02],
       [ 4.05044888e-01, -1.90822830e-01, -1.05234100e-01,
        -1.36694439e-01,  2.43632511e-01, -9.68720019e-02,
         3.25991979e-01,  7.13116380e-01, -2.38251181e-01,
         8.08830986e-02, -9.58720841e-02,  2.17082519e-01,
        -3.55609150e-01,  4.54082764e-01, -1.22813033e-01,
        -1.93461482e-02,  2.28952896e-01, -5.39719356e-02],
       [-1.29711465e+00,  7.35865629e-02, -2.60923172e-01,
         7.25471789e-04, -1.10689133e-01,  5.29650079e-01,
        -3.21581911e-01, -2.20452208e-01,  8.01606090e-01,
        -3.59317120e-02,  1.39562777e-01, -7.90516902e-01,
         5.41981729e-01, -1.94555722e-01,  1.10968421e+00,
        -3.29485529e-02, -5.39719356e-02,  5.07964094e-01]])
      jac: array([-1.07316008e-05,  6.50424159e-06, -1.66881324e-05,  5.34339240e-05,
       -6.71425878e-06,  4.78332189e-05, -4.76581737e-06,  1.85351734e-06,
       -1.98618899e-06, -3.41819166e-06,  2.01690516e-08, -1.67797258e-05,
       -4.34247083e-05,  1.02360712e-05, -4.55163685e-05,  3.18324996e-05,
       -1.02090558e-05,  3.85391719e-05])
  message: 'Desired error not necessarily achieved due to precision loss.'
     nfev: 1589
      nit: 43
     njev: 83
   status: 2
  success: False
        x: array([ 0.48925818, -0.04560772,  0.6004967 ,  0.37225346, -0.78972656,
       -0.57358617,  1.2165897 , -1.59168111, -0.81378214, -1.17795193,
        0.09462353,  0.54954947,  0.4768479 ,  0.0034885 , -0.29486424,
        0.18946435,  0.94826412, -0.62789802])
