Program Begingeth
      fun: 0.40799967599877635
 hess_inv: array([[ 2.49108112e+00,  3.78739401e-02,  2.00431357e-01,
         3.10194357e-01, -4.19429489e-01,  5.03295152e-01,
         5.10415978e-01, -4.97356706e-01,  4.78663460e-01,
         9.49251940e-01, -1.49305891e+00,  1.95178672e-01,
        -1.01317335e+00, -9.36071649e-02,  6.62340626e-02,
        -6.14326906e-02, -3.80555002e-02, -3.89457089e-01],
       [ 3.78739401e-02,  8.97239371e-01, -8.93446218e-02,
        -3.57196291e-01,  7.24756690e-03, -2.61301384e-01,
        -1.28337596e+00,  1.46924951e-01, -4.44323622e-01,
        -1.05191527e+00, -2.80673921e-01, -1.42594446e-01,
        -2.10082880e-02, -3.02087668e-01, -2.79955613e-01,
         3.75169252e-02,  1.09600502e-02, -1.74995380e-01],
       [ 2.00431357e-01, -8.93446218e-02,  4.93840690e-01,
         7.54781217e-02,  3.93193614e-02,  1.31019909e-01,
        -2.59710698e-01, -3.38094686e-01,  3.05052992e-01,
         4.76151947e-01, -3.26939209e-02,  4.56359407e-02,
        -5.28100437e-02,  1.33320500e-01, -9.49901836e-02,
         5.81809832e-02,  4.42055967e-02,  1.66751612e-02],
       [ 3.10194357e-01, -3.57196291e-01,  7.54781217e-02,
         4.36304343e-01,  2.38275769e-02,  2.39724033e-01,
         1.03712162e+00,  1.36395656e-01,  1.00872207e+00,
         1.28180989e+00,  1.57613331e-01, -5.59072058e-03,
        -5.39635570e-02,  1.10147669e-01,  1.70759620e-01,
         1.12185889e-03, -2.60741225e-02,  4.34060226e-02],
       [-4.19429489e-01,  7.24756690e-03,  3.93193614e-02,
         2.38275769e-02,  3.77228737e-01, -9.08092260e-02,
        -3.36119913e-01,  7.80821577e-01,  6.33482459e-01,
         9.61732439e-02,  1.02491557e+00, -1.80954084e-01,
         2.48102338e-01,  1.01804922e-01, -6.02781451e-02,
         7.29102626e-02,  1.67460352e-02,  7.28808226e-02],
       [ 5.03295152e-01, -2.61301384e-01,  1.31019909e-01,
         2.39724033e-01, -9.08092260e-02,  4.33985667e-01,
         8.54514263e-01, -4.89124220e-01,  1.15275892e+00,
         8.89538351e-01, -1.15640752e-01,  5.55051226e-01,
        -2.67762270e-01,  1.04396793e-01,  1.74549162e-01,
        -5.53597240e-02,  3.84271804e-02, -5.22913945e-04],
       [ 5.10415978e-01, -1.28337596e+00, -2.59710698e-01,
         1.03712162e+00, -3.36119913e-01,  8.54514263e-01,
         7.52642917e+00, -1.33173789e+00,  3.39187641e+00,
         2.60060015e+00,  6.74219046e-01,  5.94984396e-01,
        -5.03473726e-01,  2.28274841e-01,  6.70387604e-01,
        -3.18303456e-01,  1.38336000e-01,  1.01276254e-01],
       [-4.97356706e-01,  1.46924951e-01, -3.38094686e-01,
         1.36395656e-01,  7.80821577e-01, -4.89124220e-01,
        -1.33173789e+00,  3.90261120e+00,  4.63584430e-01,
         3.81545305e-02,  1.56493965e+00, -1.22171486e+00,
         5.35798961e-01,  3.96610653e-02, -4.69675462e-02,
         1.59023733e-01, -9.71344090e-02,  9.41321207e-02],
       [ 4.78663460e-01, -4.44323622e-01,  3.05052992e-01,
         1.00872207e+00,  6.33482459e-01,  1.15275892e+00,
         3.39187641e+00,  4.63584430e-01,  7.86851595e+00,
         3.56041495e+00,  2.66090432e+00,  8.24486134e-01,
        -2.84781085e-01,  3.02454553e-01,  4.03912209e-01,
        -8.17255980e-02,  1.50265037e-01,  1.45909690e-01],
       [ 9.49251940e-01, -1.05191527e+00,  4.76151947e-01,
         1.28180989e+00,  9.61732439e-02,  8.89538351e-01,
         2.60060015e+00,  3.81545305e-02,  3.56041495e+00,
         4.21311477e+00,  4.96107639e-01,  2.82319682e-01,
        -2.51227117e-01,  4.03576099e-01,  4.81506960e-01,
        -2.02555898e-02, -2.54231279e-02,  1.36375068e-01],
       [-1.49305891e+00, -2.80673921e-01, -3.26939209e-02,
         1.57613331e-01,  1.02491557e+00, -1.15640752e-01,
         6.74219046e-01,  1.56493965e+00,  2.66090432e+00,
         4.96107639e-01,  3.48861433e+00, -2.71500040e-01,
         6.76581696e-01,  3.09403218e-01, -3.51252754e-02,
         9.59387746e-02,  8.17653500e-02,  2.71492718e-01],
       [ 1.95178672e-01, -1.42594446e-01,  4.56359407e-02,
        -5.59072058e-03, -1.80954084e-01,  5.55051226e-01,
         5.94984396e-01, -1.22171486e+00,  8.24486134e-01,
         2.82319682e-01, -2.71500040e-01,  1.37389827e+00,
        -2.61106829e-01,  9.60981792e-02,  1.78820087e-01,
        -8.99112504e-02,  1.02222055e-01,  8.90578888e-03],
       [-1.01317335e+00, -2.10082880e-02, -5.28100437e-02,
        -5.39635570e-02,  2.48102338e-01, -2.67762270e-01,
        -5.03473726e-01,  5.35798961e-01, -2.84781085e-01,
        -2.51227117e-01,  6.76581696e-01, -2.61106829e-01,
         5.24563955e-01,  5.30398428e-02, -4.40520149e-02,
         9.87333342e-02, -2.19926369e-02,  1.75558271e-01],
       [-9.36071649e-02, -3.02087668e-01,  1.33320500e-01,
         1.10147669e-01,  1.01804922e-01,  1.04396793e-01,
         2.28274841e-01,  3.96610653e-02,  3.02454553e-01,
         4.03576099e-01,  3.09403218e-01,  9.60981792e-02,
         5.30398428e-02,  1.80962892e-01,  5.97826321e-02,
         1.45156784e-02,  3.69813588e-02,  7.88346567e-02],
       [ 6.62340626e-02, -2.79955613e-01, -9.49901836e-02,
         1.70759620e-01, -6.02781451e-02,  1.74549162e-01,
         6.70387604e-01, -4.69675462e-02,  4.03912209e-01,
         4.81506960e-01, -3.51252754e-02,  1.78820087e-01,
        -4.40520149e-02,  5.97826321e-02,  1.97751027e-01,
        -4.50748010e-02, -1.20647982e-02,  7.13400420e-02],
       [-6.14326906e-02,  3.75169252e-02,  5.81809832e-02,
         1.12185889e-03,  7.29102626e-02, -5.53597240e-02,
        -3.18303456e-01,  1.59023733e-01, -8.17255980e-02,
        -2.02555898e-02,  9.59387746e-02, -8.99112504e-02,
         9.87333342e-02,  1.45156784e-02, -4.50748010e-02,
         7.13609728e-02, -1.28189763e-02,  1.30235489e-02],
       [-3.80555002e-02,  1.09600502e-02,  4.42055967e-02,
        -2.60741225e-02,  1.67460352e-02,  3.84271804e-02,
         1.38336000e-01, -9.71344090e-02,  1.50265037e-01,
        -2.54231279e-02,  8.17653500e-02,  1.02222055e-01,
        -2.19926369e-02,  3.69813588e-02, -1.20647982e-02,
        -1.28189763e-02,  5.43468721e-02,  1.14615206e-03],
       [-3.89457089e-01, -1.74995380e-01,  1.66751612e-02,
         4.34060226e-02,  7.28808226e-02, -5.22913945e-04,
         1.01276254e-01,  9.41321207e-02,  1.45909690e-01,
         1.36375068e-01,  2.71492718e-01,  8.90578888e-03,
         1.75558271e-01,  7.88346567e-02,  7.13400420e-02,
         1.30235489e-02,  1.14615206e-03,  1.30618467e-01]])
      jac: array([-2.07704224e-05, -4.89571346e-06, -1.43962620e-05,  2.77255996e-05,
        2.45762670e-05,  2.99353135e-05, -2.01024382e-06, -1.65867320e-06,
       -1.19534012e-06, -5.77389988e-06, -5.82830081e-06, -7.07804186e-06,
       -5.29694807e-05, -1.36002321e-05, -2.97136390e-05,  4.82347495e-05,
       -9.11604126e-06,  2.45610939e-05])
  message: 'Desired error not necessarily achieved due to precision loss.'
     nfev: 2425
      nit: 75
     njev: 127
   status: 2
  success: False
        x: array([ 0.08213454,  0.00552425,  0.74665211,  1.58740317, -0.94634931,
        0.33082288,  1.06012995, -2.12451575,  0.62606687,  1.90828324,
       -0.87956302,  0.94626297,  0.01488781, -0.03357226, -0.19639816,
       -1.45890935, -0.73887548,  0.05088803])
