Program Begingeth
      fun: 0.34674934250238837
 hess_inv: array([[ 1.84877659e+00, -2.83571608e-01,  2.43974648e-01,
         2.73592835e-01, -2.72660113e-01,  4.14969754e-01,
         5.84318758e-01, -4.32465335e-01,  5.86900151e-01,
         8.13539815e-01, -9.59969911e-01,  1.20605724e-01,
        -7.33243757e-01,  7.68129714e-02,  3.36481866e-02,
        -3.39919065e-02, -1.51300550e-02, -2.95068550e-01],
       [-2.83571608e-01,  6.14793043e-01, -7.37892636e-02,
        -2.78389814e-01,  7.20506191e-02, -2.43567261e-01,
        -1.02917791e+00,  1.85821589e-01, -4.53504733e-01,
        -7.89773311e-01,  4.13483717e-02, -6.46745451e-02,
         1.16340978e-01, -1.94428016e-01, -2.05803046e-01,
         3.71600095e-02,  1.05431793e-02, -6.50040086e-02],
       [ 2.43974648e-01, -7.37892636e-02,  3.96354019e-01,
         1.12499839e-01,  4.52924667e-02,  1.38182783e-01,
        -7.65351017e-02, -1.56841399e-01,  4.98968533e-01,
         5.18959141e-01, -1.58473135e-02,  2.39224241e-02,
        -5.90961302e-02,  1.18833785e-01, -6.46559500e-02,
         5.53636852e-02,  4.25604779e-02,  1.24028319e-03],
       [ 2.73592835e-01, -2.78389814e-01,  1.12499839e-01,
         4.24559693e-01,  8.60280728e-02,  1.79916108e-01,
         1.07016623e+00,  3.34547624e-01,  1.20049519e+00,
         1.19875507e+00,  2.73050995e-01, -2.06292631e-01,
        -1.74943829e-02,  1.05459106e-01,  1.15870150e-01,
         2.46343256e-02, -1.81707695e-02,  2.91513026e-02],
       [-2.72660113e-01,  7.20506191e-02,  4.52924667e-02,
         8.60280728e-02,  3.17109855e-01, -5.24598992e-02,
         2.68324981e-02,  7.32816885e-01,  8.00499571e-01,
         2.78112773e-01,  8.52926775e-01, -2.01577136e-01,
         1.75965881e-01,  6.02183449e-02, -4.88828756e-02,
         5.85132616e-02,  2.16898429e-02,  4.65227849e-02],
       [ 4.14969754e-01, -2.43567261e-01,  1.38182783e-01,
         1.79916108e-01, -5.24598992e-02,  3.36231540e-01,
         6.66632245e-01, -3.76706477e-01,  9.75205393e-01,
         6.61627049e-01, -8.09097298e-02,  3.63159163e-01,
        -2.08894242e-01,  1.24162176e-01,  1.19882889e-01,
        -3.24063160e-02,  4.38300901e-02, -1.15933417e-02],
       [ 5.84318758e-01, -1.02917791e+00, -7.65351017e-02,
         1.07016623e+00,  2.68324981e-02,  6.66632245e-01,
         6.51901484e+00, -3.57311692e-01,  4.12613026e+00,
         2.73500427e+00,  1.22589049e+00, -2.63603518e-01,
        -3.68239196e-01,  2.79224338e-01,  4.93913448e-01,
        -1.84501847e-01,  1.14657709e-01,  3.50250274e-02],
       [-4.32465335e-01,  1.85821589e-01, -1.56841399e-01,
         3.34547624e-01,  7.32816885e-01, -3.76706477e-01,
        -3.57311692e-01,  3.64344971e+00,  1.19400661e+00,
         6.79785906e-01,  1.53560917e+00, -1.21209704e+00,
         4.89797515e-01,  1.65598548e-03, -4.92477699e-02,
         1.44112899e-01, -7.82054206e-02,  1.10433873e-01],
       [ 5.86900151e-01, -4.53504733e-01,  4.98968533e-01,
         1.20049519e+00,  8.00499571e-01,  9.75205393e-01,
         4.12613026e+00,  1.19400661e+00,  8.17763921e+00,
         3.95340839e+00,  2.77892180e+00, -1.09787630e-01,
        -2.07766572e-01,  4.36964342e-01,  3.06280917e-01,
         4.45808107e-03,  2.01875148e-01,  1.04041271e-01],
       [ 8.13539815e-01, -7.89773311e-01,  5.18959141e-01,
         1.19875507e+00,  2.78112773e-01,  6.61627049e-01,
         2.73500427e+00,  6.79785906e-01,  3.95340839e+00,
         3.70760341e+00,  8.28835046e-01, -3.32597844e-01,
        -1.20187183e-01,  3.81219732e-01,  3.07926127e-01,
         6.05037465e-02,  6.23899295e-03,  8.92462402e-02],
       [-9.59969911e-01,  4.13483717e-02, -1.58473135e-02,
         2.73050995e-01,  8.52926775e-01, -8.09097298e-02,
         1.22589049e+00,  1.53560917e+00,  2.77892180e+00,
         8.28835046e-01,  2.79508314e+00, -4.85432084e-01,
         4.55705961e-01,  1.65382029e-01, -5.11262450e-02,
         8.24731791e-02,  8.49304157e-02,  1.52464747e-01],
       [ 1.20605724e-01, -6.46745451e-02,  2.39224241e-02,
        -2.06292631e-01, -2.01577136e-01,  3.63159163e-01,
        -2.63603518e-01, -1.21209704e+00, -1.09787630e-01,
        -3.32597844e-01, -4.85432084e-01,  1.15656099e+00,
        -2.12048462e-01,  8.52851407e-02,  8.51319002e-02,
        -6.71428025e-02,  9.27289166e-02, -2.22509166e-02],
       [-7.33243757e-01,  1.16340978e-01, -5.90961302e-02,
        -1.74943829e-02,  1.75965881e-01, -2.08894242e-01,
        -3.68239196e-01,  4.89797515e-01, -2.07766572e-01,
        -1.20187183e-01,  4.55705961e-01, -2.12048462e-01,
         3.88850739e-01, -2.64393428e-02, -2.61600799e-02,
         7.61011553e-02, -2.68876124e-02,  1.34442703e-01],
       [ 7.68129714e-02, -1.94428016e-01,  1.18833785e-01,
         1.05459106e-01,  6.02183449e-02,  1.24162176e-01,
         2.79224338e-01,  1.65598548e-03,  4.36964342e-01,
         3.81219732e-01,  1.65382029e-01,  8.52851407e-02,
        -2.64393428e-02,  1.32224453e-01,  4.45593956e-02,
         7.87924657e-03,  3.96471970e-02,  3.04912781e-02],
       [ 3.36481866e-02, -2.05803046e-01, -6.46559500e-02,
         1.15870150e-01, -4.88828756e-02,  1.19882889e-01,
         4.93913448e-01, -4.92477699e-02,  3.06280917e-01,
         3.07926127e-01, -5.11262450e-02,  8.51319002e-02,
        -2.61600799e-02,  4.45593956e-02,  1.47562446e-01,
        -3.30299958e-02, -1.04421039e-02,  5.88893768e-02],
       [-3.39919065e-02,  3.71600095e-02,  5.53636852e-02,
         2.46343256e-02,  5.85132616e-02, -3.24063160e-02,
        -1.84501847e-01,  1.44112899e-01,  4.45808107e-03,
         6.05037465e-02,  8.24731791e-02, -6.71428025e-02,
         7.61011553e-02,  7.87924657e-03, -3.30299958e-02,
         5.89413212e-02, -9.32925806e-03,  1.05997309e-02],
       [-1.51300550e-02,  1.05431793e-02,  4.25604779e-02,
        -1.81707695e-02,  2.16898429e-02,  4.38300901e-02,
         1.14657709e-01, -7.82054206e-02,  2.01875148e-01,
         6.23899295e-03,  8.49304157e-02,  9.27289166e-02,
        -2.68876124e-02,  3.96471970e-02, -1.04421039e-02,
        -9.32925806e-03,  5.22948997e-02, -2.78568235e-03],
       [-2.95068550e-01, -6.50040086e-02,  1.24028319e-03,
         2.91513026e-02,  4.65227849e-02, -1.15933417e-02,
         3.50250274e-02,  1.10433873e-01,  1.04041271e-01,
         8.92462402e-02,  1.52464747e-01, -2.22509166e-02,
         1.34442703e-01,  3.04912781e-02,  5.88893768e-02,
         1.05997309e-02, -2.78568235e-03,  1.04206992e-01]])
      jac: array([-2.40104233e-06,  2.43878991e-06, -3.07161704e-06,  5.60625620e-06,
       -3.76846702e-06,  5.54482386e-06, -5.83237162e-07,  5.44009282e-08,
       -4.32616905e-07, -9.57752396e-07,  9.93279533e-07, -1.64609067e-06,
       -6.50775730e-06,  3.58305977e-06, -4.33283039e-06,  5.46969877e-06,
       -1.40702265e-06,  3.95683486e-06])
  message: 'Optimization terminated successfully.'
     nfev: 1691
      nit: 76
     njev: 89
   status: 0
  success: True
        x: array([ 0.11288951,  0.08039559,  0.77143926,  1.54309457, -1.01220603,
        0.35594964,  0.94660185, -2.11252597,  0.80439726,  1.90043955,
       -0.93799814,  0.98793851,  0.04736049,  0.05512186, -0.20173048,
       -1.41657614, -0.44100528,  0.05283068])
