Program Begingeth
      fun: 0.3798816240818489
 hess_inv: array([[ 3.83131996e+01, -9.10914567e+00, -1.29605945e+01,
         8.76442737e+00,  1.80977880e+00,  4.68890938e+00,
        -1.23683612e+02,  2.88309428e+01,  9.53007508e+00,
         3.18786501e+00, -9.11307180e+00,  7.59082221e+00,
        -1.59277785e+00,  2.37858677e+00,  5.44701541e+00,
        -2.82317399e+00, -4.46092586e+00, -3.13046831e+00],
       [-9.10914567e+00,  6.40023633e+00,  4.09610702e+00,
        -1.89634231e+00,  2.23075573e-01, -1.07909784e+00,
         3.36789722e+01, -8.44121769e+00,  2.73640703e+00,
        -1.84753207e+00,  1.81789524e+00, -3.77682582e+00,
         4.23810981e-01, -1.13005087e+00, -1.40994931e+00,
         5.49318642e-01,  1.56885097e+00,  9.87486066e-01],
       [-1.29605945e+01,  4.09610702e+00,  7.82131102e+00,
        -3.29755167e+00, -1.18026484e+00, -1.11464507e+00,
         5.47341192e+01, -1.42810096e+01, -3.26627330e+00,
        -2.32962705e+00,  4.47923403e+00, -3.73881665e+00,
        -1.41395063e-01, -1.07131549e+00, -2.48288764e+00,
         1.31693730e+00,  2.50339592e+00,  1.14079036e+00],
       [ 8.76442737e+00, -1.89634231e+00, -3.29755167e+00,
         2.09989425e+00,  5.39930661e-01,  1.01915447e+00,
        -2.95091649e+01,  7.13984413e+00,  2.57957531e+00,
         7.91741115e-01, -2.28572248e+00,  1.67369621e+00,
        -2.28515311e-01,  5.24325707e-01,  1.33923373e+00,
        -6.80223452e-01, -1.12484507e+00, -6.85921670e-01],
       [ 1.80977880e+00,  2.23075573e-01, -1.18026484e+00,
         5.39930661e-01,  8.94519230e-01,  2.22195614e-01,
        -1.71397587e+01,  2.26779698e+00,  9.72268694e-01,
         9.49036454e-01, -7.58819293e-01,  1.94955386e-01,
         5.27676454e-01,  1.12894368e-01,  4.26688133e-01,
        -2.93173433e-01, -9.60367101e-01, -2.42519560e-01],
       [ 4.68890938e+00, -1.07909784e+00, -1.11464507e+00,
         1.01915447e+00,  2.22195614e-01,  7.14324915e-01,
        -1.51367286e+01,  3.05638808e+00,  1.11548363e+00,
         4.87577816e-01, -9.67840666e-01,  8.09842848e-01,
        -2.56502021e-01,  2.87740214e-01,  6.33351876e-01,
        -3.26905271e-01, -5.31686026e-01, -3.89980197e-01],
       [-1.23683612e+02,  3.36789722e+01,  5.47341192e+01,
        -2.95091649e+01, -1.71397587e+01, -1.51367286e+01,
         6.19411509e+02, -1.10607985e+02, -2.23953352e+01,
        -2.82236861e+01,  3.28015300e+01, -2.80431961e+01,
        -5.14382306e+00, -8.98496340e+00, -2.07230493e+01,
         1.18471306e+01,  3.00341141e+01,  1.28970666e+01],
       [ 2.88309428e+01, -8.44121769e+00, -1.42810096e+01,
         7.13984413e+00,  2.26779698e+00,  3.05638808e+00,
        -1.10607985e+02,  3.21100817e+01,  6.76154754e+00,
         4.36757982e+00, -8.71758979e+00,  6.82880859e+00,
        -3.31982971e-01,  2.20872628e+00,  5.28544349e+00,
        -2.74030851e+00, -4.52419647e+00, -2.36251506e+00],
       [ 9.53007508e+00,  2.73640703e+00, -3.26627330e+00,
         2.57957531e+00,  9.72268694e-01,  1.11548363e+00,
        -2.23953352e+01,  6.76154754e+00,  1.34140834e+01,
        -6.47151913e-01, -2.94459607e+00, -2.09136388e-02,
        -4.54396626e-01, -2.83084454e-01,  1.42796799e+00,
        -9.85857696e-01, -3.94975738e-01, -1.71131571e-01],
       [ 3.18786501e+00, -1.84753207e+00, -2.32962705e+00,
         7.91741115e-01,  9.49036454e-01,  4.87577816e-01,
        -2.82236861e+01,  4.36757982e+00, -6.47151913e-01,
         2.67408384e+00, -9.69889591e-01,  1.26380039e+00,
         4.60498519e-01,  3.89077236e-01,  7.51021596e-01,
        -4.61933565e-01, -1.71590548e+00, -6.45000468e-01],
       [-9.11307180e+00,  1.81789524e+00,  4.47923403e+00,
        -2.28572248e+00, -7.58819293e-01, -9.67840666e-01,
         3.28015300e+01, -8.71758979e+00, -2.94459607e+00,
        -9.69889591e-01,  3.56653068e+00, -2.08692655e+00,
         1.28059489e-01, -7.84862159e-01, -1.71764294e+00,
         8.60093021e-01,  1.25675691e+00,  6.04617583e-01],
       [ 7.59082221e+00, -3.77682582e+00, -3.73881665e+00,
         1.67369621e+00,  1.94955386e-01,  8.09842848e-01,
        -2.80431961e+01,  6.82880859e+00, -2.09136388e-02,
         1.26380039e+00, -2.08692655e+00,  3.07569160e+00,
        -2.41764647e-01,  8.89994279e-01,  1.16282733e+00,
        -5.18813421e-01, -1.18661282e+00, -7.16066676e-01],
       [-1.59277785e+00,  4.23810981e-01, -1.41395063e-01,
        -2.28515311e-01,  5.27676454e-01, -2.56502021e-01,
        -5.14382306e+00, -3.31982971e-01, -4.54396626e-01,
         4.60498519e-01,  1.28059489e-01, -2.41764647e-01,
         7.09386379e-01, -6.04203824e-02, -6.14285343e-02,
         3.57027331e-02, -5.62254974e-01,  6.89318228e-02],
       [ 2.37858677e+00, -1.13005087e+00, -1.07131549e+00,
         5.24325707e-01,  1.12894368e-01,  2.87740214e-01,
        -8.98496340e+00,  2.20872628e+00, -2.83084454e-01,
         3.89077236e-01, -7.84862159e-01,  8.89994279e-01,
        -6.04203824e-02,  3.50657901e-01,  4.03279578e-01,
        -1.61152451e-01, -3.48214055e-01, -2.05879313e-01],
       [ 5.44701541e+00, -1.40994931e+00, -2.48288764e+00,
         1.33923373e+00,  4.26688133e-01,  6.33351876e-01,
        -2.07230493e+01,  5.28544349e+00,  1.42796799e+00,
         7.51021596e-01, -1.71764294e+00,  1.16282733e+00,
        -6.14285343e-02,  4.03279578e-01,  1.00796132e+00,
        -5.07758900e-01, -8.63003627e-01, -4.10853577e-01],
       [-2.82317399e+00,  5.49318642e-01,  1.31693730e+00,
        -6.80223452e-01, -2.93173433e-01, -3.26905271e-01,
         1.18471306e+01, -2.74030851e+00, -9.85857696e-01,
        -4.61933565e-01,  8.60093021e-01, -5.18813421e-01,
         3.57027331e-02, -1.61152451e-01, -5.07758900e-01,
         3.37155201e-01,  5.00181398e-01,  2.51580617e-01],
       [-4.46092586e+00,  1.56885097e+00,  2.50339592e+00,
        -1.12484507e+00, -9.60367101e-01, -5.31686026e-01,
         3.00341141e+01, -4.52419647e+00, -3.94975738e-01,
        -1.71590548e+00,  1.25675691e+00, -1.18661282e+00,
        -5.62254974e-01, -3.48214055e-01, -8.63003627e-01,
         5.00181398e-01,  1.70281945e+00,  5.75685813e-01],
       [-3.13046831e+00,  9.87486066e-01,  1.14079036e+00,
        -6.85921670e-01, -2.42519560e-01, -3.89980197e-01,
         1.28970666e+01, -2.36251506e+00, -1.71131571e-01,
        -6.45000468e-01,  6.04617583e-01, -7.16066676e-01,
         6.89318228e-02, -2.05879313e-01, -4.10853577e-01,
         2.51580617e-01,  5.75685813e-01,  3.90975012e-01]])
      jac: array([ 2.44471110e-06, -2.93950050e-06,  1.16736250e-05,  4.38834154e-06,
       -1.95647202e-05, -2.49711363e-05, -1.38740871e-06, -4.52600920e-07,
        1.76266409e-06,  1.07691633e-05, -8.33370410e-06,  1.11170332e-06,
        2.25985897e-05, -1.18582921e-05,  2.97095681e-06, -1.29637042e-05,
        2.84368825e-05, -4.23031980e-06])
  message: 'Desired error not necessarily achieved due to precision loss.'
     nfev: 2216
      nit: 70
     njev: 116
   status: 2
  success: False
        x: array([ 5.80299909e-01, -7.66216738e-01,  4.79482673e-01,  1.17883897e+00,
       -8.20431583e-01,  8.89120795e-02, -2.07042288e-02, -1.70368091e+00,
       -2.92260271e-01,  2.26437483e-02,  4.78122693e-01,  1.08212191e+00,
        6.45268245e-02, -1.43819000e-02, -3.28242973e-01, -1.16581575e+00,
       -9.50194439e-01,  5.47341141e-04])
