Program Begingeth
      fun: 0.28051538185273656
 hess_inv: array([[ 1.25114909e+01,  9.67894726e-01, -1.06881231e+00,
         2.12043042e+00,  1.41683008e+00, -9.05067883e-01,
         1.40797490e+00,  1.37781616e+00, -4.39063229e+00,
        -1.78457972e+00, -2.98703866e-01, -9.51084168e-02,
        -2.85315686e+00, -2.65770451e-02,  1.74394765e-02,
        -7.76414030e-02, -1.40387258e+00,  2.06616873e-01],
       [ 9.67894726e-01,  2.81281946e+00, -1.89935535e-01,
        -1.57082783e-01,  9.69696971e-01,  4.30965251e-02,
        -1.16547869e+00,  2.68758582e+00,  8.01856308e-01,
        -4.49214464e-01, -1.69634543e-01, -9.82485272e-01,
        -2.84861835e-01, -3.94898322e-01,  2.81956487e-01,
         1.31474621e-01, -5.81022363e-02, -7.87968512e-03],
       [-1.06881231e+00, -1.89935535e-01,  6.19268408e+00,
         4.52323880e-01, -5.07897438e-01,  1.61847093e+00,
         5.63157207e+00, -3.08013047e+00,  2.39175566e+00,
         5.30181495e-01,  2.06699190e+00, -7.97401142e-01,
         3.85986951e-01, -5.24735915e-01, -7.92852980e-01,
        -1.21100479e-02,  2.12862562e-01,  2.18598596e-01],
       [ 2.12043042e+00, -1.57082783e-01,  4.52323880e-01,
         5.53881123e-01,  1.19885095e-01,  2.13194044e-02,
         1.52734304e+00, -2.24664882e-01, -7.89020875e-01,
        -2.47107713e-01,  9.65159210e-02,  6.60276554e-02,
        -3.89021053e-01,  4.26527124e-02, -8.11376347e-02,
        -9.22350667e-03, -1.88083445e-01,  6.30070590e-02],
       [ 1.41683008e+00,  9.69696971e-01, -5.07897438e-01,
         1.19885095e-01,  5.01287851e-01, -1.31851298e-01,
        -4.15912887e-01,  1.46175304e+00, -2.93893093e-01,
        -3.88935666e-01, -2.21507141e-01, -2.10257046e-01,
        -3.39593248e-01, -5.72010356e-02,  1.54868330e-01,
         2.07880631e-02, -1.39632291e-01,  9.56097090e-03],
       [-9.05067883e-01,  4.30965251e-02,  1.61847093e+00,
         2.13194044e-02, -1.31851298e-01,  5.51546954e-01,
         1.55532667e+00, -4.50516016e-01,  1.15431266e+00,
         3.59078373e-02,  3.95577032e-01, -2.13418530e-01,
         2.97922356e-01, -1.19189909e-01, -1.26873476e-01,
         1.97313625e-02,  1.23141156e-01,  4.07994782e-02],
       [ 1.40797490e+00, -1.16547869e+00,  5.63157207e+00,
         1.52734304e+00, -4.15912887e-01,  1.55532667e+00,
         1.06799864e+01, -2.74592337e+00,  3.44485281e-01,
         3.18735804e-01,  1.14590270e+00, -3.76581720e-02,
         1.08061654e-01,  7.01852493e-02, -5.59762342e-01,
        -4.30863404e-02,  1.00359404e-01,  3.40812994e-01],
       [ 1.37781616e+00,  2.68758582e+00, -3.08013047e+00,
        -2.24664882e-01,  1.46175304e+00, -4.50516016e-01,
        -2.74592337e+00,  7.38314455e+00, -2.92937138e-01,
        -1.47123054e+00, -1.21133030e+00, -3.36339131e-01,
        -1.87483945e-01, -8.88939988e-03,  8.45033951e-01,
         1.31101782e-01, -1.50211068e-01, -1.19055045e-01],
       [-4.39063229e+00,  8.01856308e-01,  2.39175566e+00,
        -7.89020875e-01, -2.93893093e-01,  1.15431266e+00,
         3.44485281e-01, -2.92937138e-01,  5.28810795e+00,
         9.86481207e-02,  6.47273319e-01, -5.36128045e-01,
         1.05248694e+00, -4.66305204e-01, -1.64392425e-01,
         8.45901235e-02,  4.01487064e-01, -1.06032953e-01],
       [-1.78457972e+00, -4.49214464e-01,  5.30181495e-01,
        -2.47107713e-01, -3.88935666e-01,  3.59078373e-02,
         3.18735804e-01, -1.47123054e+00,  9.86481207e-02,
         1.33277006e+00,  1.32058757e-01,  6.73440967e-02,
         1.66406752e-01,  5.31864387e-02, -9.08671045e-02,
        -1.93247226e-02,  2.53719378e-01,  1.63557730e-01],
       [-2.98703866e-01, -1.69634543e-01,  2.06699190e+00,
         9.65159210e-02, -2.21507141e-01,  3.95577032e-01,
         1.14590270e+00, -1.21133030e+00,  6.47273319e-01,
         1.32058757e-01,  1.37864870e+00, -2.94326794e-01,
         8.95053904e-02, -3.43557459e-01, -4.73499040e-01,
        -3.23110163e-02,  4.00973981e-02, -4.51830351e-02],
       [-9.51084168e-02, -9.82485272e-01, -7.97401142e-01,
         6.60276554e-02, -2.10257046e-01, -2.13418530e-01,
        -3.76581720e-02, -3.36339131e-01, -5.36128045e-01,
         6.73440967e-02, -2.94326794e-01,  8.04680353e-01,
         3.38116076e-02,  3.15703046e-01, -2.68977207e-02,
        -8.45656061e-02,  3.95614892e-02, -5.51613628e-03],
       [-2.85315686e+00, -2.84861835e-01,  3.85986951e-01,
        -3.89021053e-01, -3.39593248e-01,  2.97922356e-01,
         1.08061654e-01, -1.87483945e-01,  1.05248694e+00,
         1.66406752e-01,  8.95053904e-02,  3.38116076e-02,
         7.98863647e-01,  2.20805894e-02, -6.99230740e-03,
         6.23082133e-02,  3.47624570e-01, -8.80780362e-02],
       [-2.65770451e-02, -3.94898322e-01, -5.24735915e-01,
         4.26527124e-02, -5.72010356e-02, -1.19189909e-01,
         7.01852493e-02, -8.88939988e-03, -4.66305204e-01,
         5.31864387e-02, -3.43557459e-01,  3.15703046e-01,
         2.20805894e-02,  2.12976294e-01,  7.79393397e-02,
        -2.18055711e-02,  3.97995063e-02,  2.45096941e-02],
       [ 1.74394765e-02,  2.81956487e-01, -7.92852980e-01,
        -8.11376347e-02,  1.54868330e-01, -1.26873476e-01,
        -5.59762342e-01,  8.45033951e-01, -1.64392425e-01,
        -9.08671045e-02, -4.73499040e-01, -2.68977207e-02,
        -6.99230740e-03,  7.79393397e-02,  2.33995260e-01,
         3.19129559e-02, -8.92452124e-03,  1.83968614e-02],
       [-7.76414030e-02,  1.31474621e-01, -1.21100479e-02,
        -9.22350667e-03,  2.07880631e-02,  1.97313625e-02,
        -4.30863404e-02,  1.31101782e-01,  8.45901235e-02,
        -1.93247226e-02, -3.23110163e-02, -8.45656061e-02,
         6.23082133e-02, -2.18055711e-02,  3.19129559e-02,
         4.91111502e-02,  1.92354517e-02, -8.38318211e-03],
       [-1.40387258e+00, -5.81022363e-02,  2.12862562e-01,
        -1.88083445e-01, -1.39632291e-01,  1.23141156e-01,
         1.00359404e-01, -1.50211068e-01,  4.01487064e-01,
         2.53719378e-01,  4.00973981e-02,  3.95614892e-02,
         3.47624570e-01,  3.97995063e-02, -8.92452124e-03,
         1.92354517e-02,  2.15545075e-01, -8.90890165e-03],
       [ 2.06616873e-01, -7.87968512e-03,  2.18598596e-01,
         6.30070590e-02,  9.56097090e-03,  4.07994782e-02,
         3.40812994e-01, -1.19055045e-01, -1.06032953e-01,
         1.63557730e-01, -4.51830351e-02, -5.51613628e-03,
        -8.80780362e-02,  2.45096941e-02,  1.83968614e-02,
        -8.38318211e-03, -8.90890165e-03,  8.55886354e-02]])
      jac: array([-1.81040368e-06, -8.72635297e-07, -8.17864295e-08,  4.30396459e-06,
       -1.01400370e-06,  2.57497727e-06, -7.10542736e-07,  3.50830476e-07,
       -9.99200722e-08,  6.23575265e-07, -5.22544970e-07, -5.14403335e-08,
       -6.10622664e-06,  1.17979700e-06, -4.57041812e-07,  5.06039655e-06,
       -1.34336986e-07, -4.95677573e-06])
  message: 'Optimization terminated successfully.'
     nfev: 1444
      nit: 66
     njev: 76
   status: 0
  success: True
        x: array([-0.38508833, -0.65476543,  0.03288876, -1.1769531 , -0.75062771,
       -0.09800503, -1.72467815, -0.99123467, -1.05143345,  0.12750067,
        0.45556273,  1.09585105,  0.02839488,  0.17252099, -0.2616673 ,
        1.359599  , -0.46981493,  0.02703716])
