Program Begingeth
      fun: 0.24233782002783166
 hess_inv: array([[ 4.10941761e+00,  1.49761617e+00, -9.83785451e-01,
         1.00770038e+00,  6.05494250e-01, -1.00618883e+00,
        -9.72965539e-01, -6.87707674e-01, -2.62565871e+00,
         1.56905547e-02,  4.07222703e-01, -3.73020222e-01,
        -7.64854987e-01, -3.77205372e-01, -2.13972031e-01,
        -1.60257284e-01, -4.40032535e-01,  1.62375053e-01],
       [ 1.49761617e+00,  2.68360720e+00, -1.08995248e-01,
         1.67394262e-01,  1.02891831e+00, -3.01026746e-01,
        -6.76745501e-01,  1.67566470e+00,  2.46511687e-01,
         4.23504924e-01,  1.33128424e-02, -1.02527641e+00,
        -4.86483622e-01, -3.76771491e-01,  6.81247844e-02,
         2.26046365e-02, -2.33699021e-01,  1.58794165e-01],
       [-9.83785451e-01, -1.08995248e-01,  5.58535365e+00,
         5.38030749e-01, -7.75172272e-02,  2.41135116e+00,
         9.22508018e+00, -2.40969774e+00,  5.30509382e+00,
        -3.94828755e-01,  1.53976352e+00, -6.97347026e-01,
         3.20023923e-01, -1.44164117e-02, -3.59743851e-01,
        -1.22254683e-01,  2.64180635e-01, -3.07653957e-01],
       [ 1.00770038e+00,  1.67394262e-01,  5.38030749e-01,
         4.32730223e-01,  9.64405395e-02,  9.45714624e-02,
         1.64542687e+00, -5.79472160e-01, -1.75985320e-01,
        -1.18363682e-01,  2.92032508e-01, -6.64597312e-02,
        -1.27418127e-01, -3.96543871e-02, -1.10832314e-01,
        -7.02874145e-02, -5.82149087e-02, -9.53902057e-03],
       [ 6.05494250e-01,  1.02891831e+00, -7.75172272e-02,
         9.64405395e-02,  4.54510597e-01, -1.04095990e-01,
         1.18938467e-01,  1.14608592e+00, -8.89824793e-02,
         9.12756056e-02, -6.69420409e-02, -3.39618000e-01,
        -1.87190655e-01, -9.98705994e-02,  5.99097405e-02,
        -5.32223870e-03, -8.40421679e-02,  7.12070100e-02],
       [-1.00618883e+00, -3.01026746e-01,  2.41135116e+00,
         9.45714624e-02, -1.04095990e-01,  1.18137426e+00,
         4.27004297e+00, -5.82758963e-01,  2.67135724e+00,
        -2.70999057e-01,  4.62423594e-01, -1.80951529e-01,
         2.67491758e-01,  7.76603789e-02, -7.87022014e-02,
        -2.26552538e-02,  1.63249525e-01, -1.46962342e-01],
       [-9.72965539e-01, -6.76745501e-01,  9.22508018e+00,
         1.64542687e+00,  1.18938467e-01,  4.27004297e+00,
         2.30422950e+01, -1.64935228e+00,  7.41414065e+00,
        -1.06101749e+00,  1.64368056e+00, -3.79729900e-01,
         4.57302286e-01,  4.70530314e-01, -3.32332027e-01,
        -3.60496883e-01,  4.37139533e-01, -4.30691119e-01],
       [-6.87707674e-01,  1.67566470e+00, -2.40969774e+00,
        -5.79472160e-01,  1.14608592e+00, -5.82758963e-01,
        -1.64935228e+00,  9.11520410e+00, -1.62359443e+00,
        -1.97606584e-01, -1.55683537e+00, -2.84460204e-01,
         2.65634331e-03,  9.96936266e-02,  7.92272239e-01,
         1.88913933e-01, -9.59966612e-02,  2.75702460e-01],
       [-2.62565871e+00,  2.46511687e-01,  5.30509382e+00,
        -1.75985320e-01, -8.89824793e-02,  2.67135724e+00,
         7.41414065e+00, -1.62359443e+00,  9.36806953e+00,
        -5.12615178e-01,  1.28965352e+00, -7.91779832e-01,
         5.50672463e-01, -2.13982962e-01, -3.17431207e-01,
         3.00075372e-02,  2.07056951e-01, -4.14030422e-01],
       [ 1.56905547e-02,  4.23504924e-01, -3.94828755e-01,
        -1.18363682e-01,  9.12756056e-02, -2.70999057e-01,
        -1.06101749e+00, -1.97606584e-01, -5.12615178e-01,
         1.09482570e+00, -2.04983427e-01, -1.02173979e-01,
        -2.77605794e-01, -1.05061703e-02,  1.25645259e-01,
         2.19287524e-02,  2.32422486e-02,  2.41926918e-01],
       [ 4.07222703e-01,  1.33128424e-02,  1.53976352e+00,
         2.92032508e-01, -6.69420409e-02,  4.62423594e-01,
         1.64368056e+00, -1.55683537e+00,  1.28965352e+00,
        -2.04983427e-01,  1.14505258e+00, -3.01129376e-01,
        -6.03343634e-03, -2.13293090e-01, -3.33820322e-01,
        -8.47040499e-02,  4.44231038e-03, -1.81034224e-01],
       [-3.73020222e-01, -1.02527641e+00, -6.97347026e-01,
        -6.64597312e-02, -3.39618000e-01, -1.80951529e-01,
        -3.79729900e-01, -2.84460204e-01, -7.91779832e-01,
        -1.02173979e-01, -3.01129376e-01,  7.90093825e-01,
         1.07807176e-01,  2.34565929e-01, -7.74675744e-03,
        -4.22666793e-02,  8.73063195e-02,  2.18952163e-03],
       [-7.64854987e-01, -4.86483622e-01,  3.20023923e-01,
        -1.27418127e-01, -1.87190655e-01,  2.67491758e-01,
         4.57302286e-01,  2.65634331e-03,  5.50672463e-01,
        -2.77605794e-01, -6.03343634e-03,  1.07807176e-01,
         2.59021628e-01,  8.73980548e-02,  9.52092856e-04,
         5.20505620e-02,  9.82688547e-02, -9.85458948e-02],
       [-3.77205372e-01, -3.76771491e-01, -1.44164117e-02,
        -3.96543871e-02, -9.98705994e-02,  7.76603789e-02,
         4.70530314e-01,  9.96936266e-02, -2.13982962e-01,
        -1.05061703e-02, -2.13293090e-01,  2.34565929e-01,
         8.73980548e-02,  1.62538011e-01,  5.54783761e-02,
        -1.55473442e-03,  9.03654696e-02,  1.30157369e-02],
       [-2.13972031e-01,  6.81247844e-02, -3.59743851e-01,
        -1.10832314e-01,  5.99097405e-02, -7.87022014e-02,
        -3.32332027e-01,  7.92272239e-01, -3.17431207e-01,
         1.25645259e-01, -3.33820322e-01, -7.74675744e-03,
         9.52092856e-04,  5.54783761e-02,  1.57004267e-01,
         3.83545832e-02,  6.14412803e-03,  8.54514962e-02],
       [-1.60257284e-01,  2.26046365e-02, -1.22254683e-01,
        -7.02874145e-02, -5.32223870e-03, -2.26552538e-02,
        -3.60496883e-01,  1.88913933e-01,  3.00075372e-02,
         2.19287524e-02, -8.47040499e-02, -4.22666793e-02,
         5.20505620e-02, -1.55473442e-03,  3.83545832e-02,
         5.27222830e-02,  1.00478204e-02,  3.64248579e-03],
       [-4.40032535e-01, -2.33699021e-01,  2.64180635e-01,
        -5.82149087e-02, -8.40421679e-02,  1.63249525e-01,
         4.37139533e-01, -9.59966612e-02,  2.07056951e-01,
         2.32422486e-02,  4.44231038e-03,  8.73063195e-02,
         9.82688547e-02,  9.03654696e-02,  6.14412803e-03,
         1.00478204e-02,  1.00387007e-01, -1.77219176e-02],
       [ 1.62375053e-01,  1.58794165e-01, -3.07653957e-01,
        -9.53902057e-03,  7.12070100e-02, -1.46962342e-01,
        -4.30691119e-01,  2.75702460e-01, -4.14030422e-01,
         2.41926918e-01, -1.81034224e-01,  2.18952163e-03,
        -9.85458948e-02,  1.30157369e-02,  8.54514962e-02,
         3.64248579e-03, -1.77219176e-02,  1.06705322e-01]])
      jac: array([ 5.72134932e-07, -2.90323321e-07, -1.26250862e-06, -1.30784272e-06,
        9.80511968e-07,  2.96540570e-06,  8.14163552e-08, -1.09542005e-07,
       -1.98914959e-07,  3.05866443e-07, -1.12317563e-07, -5.25505565e-07,
        1.32375592e-06, -9.41654162e-07, -2.19602114e-06, -9.39618753e-07,
        8.12498217e-07,  1.40239672e-06])
  message: 'Optimization terminated successfully.'
     nfev: 1368
      nit: 62
     njev: 72
   status: 0
  success: True
        x: array([-0.79148886, -0.89667129,  0.38278621, -1.23748097, -0.96525595,
        0.05988343, -1.18027767, -1.31965321, -0.88026415,  0.11466421,
        0.56461715,  1.07521031,  0.09373264,  0.26820843, -0.26066492,
        1.38424918, -0.06050409,  0.02270312])
