Program Begingeth
      fun: 0.34583284109869045
 hess_inv: array([[ 6.42971900e-01, -9.38104498e-02, -4.89841983e-02,
        -6.09770988e-03,  1.50152140e-01, -2.78788199e-01,
         5.53086232e-02,  5.65294648e-01, -1.58333821e+00,
        -2.64724595e-02,  1.90321306e-01,  6.40926782e-01,
        -3.28317157e-01,  7.87921852e-02, -3.77258919e-01,
        -8.83022429e-02, -3.58761055e-02, -1.24048257e-01],
       [-9.38104498e-02,  8.29197961e-01, -8.15104574e-02,
        -2.09584410e-01, -1.49441944e-01, -1.77291704e-01,
        -8.29918343e-01,  1.56590799e-01,  3.84526439e-01,
         2.80238638e-02,  1.98643035e-01, -8.15254800e-02,
        -1.07839397e-01, -6.60563329e-01, -2.64576868e-02,
         1.51914440e-02, -1.69091726e-01,  1.71928561e-01],
       [-4.89841983e-02, -8.15104574e-02,  5.75934315e-01,
         9.82520602e-02,  1.66671665e-01, -5.09283569e-02,
         7.58170457e-01,  9.99381420e-02,  2.03328080e-01,
        -5.38165072e-01, -1.28073084e-01, -1.62995768e-01,
         2.11508385e-01,  2.14047785e-01, -3.77157979e-01,
         3.31856863e-02, -5.27773233e-03, -1.63205860e-01],
       [-6.09770988e-03, -2.09584410e-01,  9.82520602e-02,
         2.42104082e-01, -1.59502072e-02, -6.48910303e-03,
         6.04476823e-01, -6.38341559e-01, -1.68555016e-01,
        -1.16681689e-01,  1.06260284e-01,  1.75424145e-02,
         2.78511067e-01,  9.97913905e-02, -7.90817479e-02,
         7.64466905e-02,  1.32817488e-02, -5.77108199e-02],
       [ 1.50152140e-01, -1.49441944e-01,  1.66671665e-01,
        -1.59502072e-02,  2.59456701e-01, -3.73123426e-03,
         4.67764728e-01,  7.97517174e-01, -1.50568668e-01,
        -1.35893756e-01, -2.04018579e-01,  1.47596249e-01,
        -9.84320742e-02,  3.71107579e-01, -1.65210708e-01,
        -2.94763157e-02,  9.49365609e-02, -9.74766587e-02],
       [-2.78788199e-01, -1.77291704e-01, -5.09283569e-02,
        -6.48910303e-03, -3.73123426e-03,  3.74217050e-01,
         1.24968814e-01, -1.41746891e-01,  1.36400097e+00,
         5.85122868e-02, -3.88829539e-01, -2.53374091e-01,
         1.17725149e-01,  2.37131209e-01,  4.01595004e-01,
         4.47874677e-02,  1.02203218e-01,  7.37819420e-02],
       [ 5.53086232e-02, -8.29918343e-01,  7.58170457e-01,
         6.04476823e-01,  4.67764728e-01,  1.24968814e-01,
         3.74651768e+00, -1.76715439e-01,  1.38714128e-01,
        -5.34317977e-01, -4.05947843e-01,  1.50478595e-01,
         5.07683430e-01,  1.06798227e+00, -4.73444323e-01,
         9.51785169e-02,  2.28053937e-01, -3.43112092e-01],
       [ 5.65294648e-01,  1.56590799e-01,  9.99381420e-02,
        -6.38341559e-01,  7.97517174e-01, -1.41746891e-01,
        -1.76715439e-01,  5.47218996e+00, -8.54612669e-01,
         9.37892905e-02, -2.37265017e-01,  4.73270968e-01,
        -1.10200120e+00,  4.71290736e-01, -2.67945311e-01,
        -3.31435836e-01,  1.00247192e-01, -5.03741204e-02],
       [-1.58333821e+00,  3.84526439e-01,  2.03328080e-01,
        -1.68555016e-01, -1.50568668e-01,  1.36400097e+00,
         1.38714128e-01, -8.54612669e-01,  8.76179749e+00,
        -3.48217555e-01, -1.49930770e+00, -1.26031777e+00,
         7.62299988e-01,  2.04346047e-01,  1.13589130e+00,
         3.07971735e-01,  1.68766504e-01,  2.77357344e-01],
       [-2.64724595e-02,  2.80238638e-02, -5.38165072e-01,
        -1.16681689e-01, -1.35893756e-01,  5.85122868e-02,
        -5.34317977e-01,  9.37892905e-02, -3.48217555e-01,
         7.52526303e-01,  7.58815941e-02,  7.14735588e-02,
        -2.82312337e-01, -1.34798115e-01,  3.94934584e-01,
        -7.03313805e-02,  4.49997339e-02,  1.56698123e-01],
       [ 1.90321306e-01,  1.98643035e-01, -1.28073084e-01,
         1.06260284e-01, -2.04018579e-01, -3.88829539e-01,
        -4.05947843e-01, -2.37265017e-01, -1.49930770e+00,
         7.58815941e-02,  1.29764101e+00,  1.24055602e-01,
        -3.41021911e-02, -6.96249315e-01, -1.73472242e-01,
        -1.01890204e-01, -2.10855649e-01,  1.11726751e-01],
       [ 6.40926782e-01, -8.15254800e-02, -1.62995768e-01,
         1.75424145e-02,  1.47596249e-01, -2.53374091e-01,
         1.50478595e-01,  4.73270968e-01, -1.26031777e+00,
         7.14735588e-02,  1.24055602e-01,  9.12879893e-01,
        -3.14979796e-01,  9.63452689e-02, -3.96648656e-01,
        -5.98165615e-02, -2.98721822e-02, -1.41419535e-01],
       [-3.28317157e-01, -1.07839397e-01,  2.11508385e-01,
         2.78511067e-01, -9.84320742e-02,  1.17725149e-01,
         5.07683430e-01, -1.10200120e+00,  7.62299988e-01,
        -2.82312337e-01, -3.41021911e-02, -3.14979796e-01,
         5.70325039e-01,  3.35690112e-02,  3.56902845e-02,
         1.90175691e-01,  5.52108439e-03, -1.85319908e-02],
       [ 7.87921852e-02, -6.60563329e-01,  2.14047785e-01,
         9.97913905e-02,  3.71107579e-01,  2.37131209e-01,
         1.06798227e+00,  4.71290736e-01,  2.04346047e-01,
        -1.34798115e-01, -6.96249315e-01,  9.63452689e-02,
         3.35690112e-02,  9.57560765e-01, -3.33971698e-02,
         1.25795325e-02,  2.88479992e-01, -1.99674403e-01],
       [-3.77258919e-01, -2.64576868e-02, -3.77157979e-01,
        -7.90817479e-02, -1.65210708e-01,  4.01595004e-01,
        -4.73444323e-01, -2.67945311e-01,  1.13589130e+00,
         3.94934584e-01, -1.73472242e-01, -3.96648656e-01,
         3.56902845e-02, -3.33971698e-02,  7.50272310e-01,
         2.25587588e-02,  8.50585752e-02,  2.72767291e-01],
       [-8.83022429e-02,  1.51914440e-02,  3.31856863e-02,
         7.64466905e-02, -2.94763157e-02,  4.47874677e-02,
         9.51785169e-02, -3.31435836e-01,  3.07971735e-01,
        -7.03313805e-02, -1.01890204e-01, -5.98165615e-02,
         1.90175691e-01,  1.25795325e-02,  2.25587588e-02,
         1.01202896e-01,  4.59012132e-03, -7.48872090e-04],
       [-3.58761055e-02, -1.69091726e-01, -5.27773233e-03,
         1.32817488e-02,  9.49365609e-02,  1.02203218e-01,
         2.28053937e-01,  1.00247192e-01,  1.68766504e-01,
         4.49997339e-02, -2.10855649e-01, -2.98721822e-02,
         5.52108439e-03,  2.88479992e-01,  8.50585752e-02,
         4.59012132e-03,  1.26059692e-01, -1.80954547e-02],
       [-1.24048257e-01,  1.71928561e-01, -1.63205860e-01,
        -5.77108199e-02, -9.74766587e-02,  7.37819420e-02,
        -3.43112092e-01, -5.03741204e-02,  2.77357344e-01,
         1.56698123e-01,  1.11726751e-01, -1.41419535e-01,
        -1.85319908e-02, -1.99674403e-01,  2.72767291e-01,
        -7.48872090e-04, -1.80954547e-02,  1.74132879e-01]])
      jac: array([-1.29796174e-05, -2.97273317e-05, -2.55240273e-06,  2.87847524e-05,
        7.20238684e-05, -3.80817600e-05, -1.07802656e-06, -6.04849504e-06,
        4.05897538e-06, -8.41808105e-06, -1.29400194e-05, -1.21791466e-06,
       -3.44294963e-05, -5.88969614e-05,  2.88576570e-05,  2.70043247e-05,
        2.84572366e-05, -2.67152966e-05])
  message: 'Desired error not necessarily achieved due to precision loss.'
     nfev: 1741
      nit: 30
     njev: 91
   status: 2
  success: False
        x: array([ 0.71415855, -0.07089093,  0.48120932,  0.2250931 , -1.09661502,
       -0.91044024,  1.30236155, -1.61647946, -1.11907066, -1.03596079,
        0.0200619 ,  0.60916934,  0.12573848,  0.04136117, -0.72891368,
        0.08315724,  1.38685658, -0.98943343])
