Program Begingeth
      fun: 0.3997632909722603
 hess_inv: array([[ 2.75975962e+00,  1.47217517e-01,  2.39603214e-01,
         3.58495174e-01, -4.32381621e-01,  5.37790707e-01,
         6.51690649e-01, -6.54227970e-01,  7.43383185e-01,
         1.12749479e+00, -1.51277395e+00,  1.98431905e-01,
        -1.12329904e+00, -1.23339667e-01,  4.66422851e-02,
        -6.64766335e-02, -2.42921395e-02, -4.21904363e-01],
       [ 1.47217517e-01,  8.27853621e-01, -4.16760915e-02,
        -2.68331141e-01, -4.43178897e-03, -1.95124972e-01,
        -1.26089792e+00,  9.47332701e-02, -2.78247443e-01,
        -7.30983725e-01, -3.22781170e-01, -1.31611691e-01,
        -5.44380925e-02, -2.70452147e-01, -2.40136986e-01,
         3.39619927e-02,  1.47663590e-02, -1.60976124e-01],
       [ 2.39603214e-01, -4.16760915e-02,  5.73361514e-01,
         7.54069679e-02,  2.35046935e-02,  1.24181951e-01,
        -3.60098577e-01, -4.33840800e-01,  1.81149837e-01,
         4.89206926e-01, -9.14458111e-02,  5.13891497e-02,
        -5.96135750e-02,  1.19853735e-01, -1.28262540e-01,
         6.89162907e-02,  4.33285491e-02,  1.31834957e-02],
       [ 3.58495174e-01, -2.68331141e-01,  7.54069679e-02,
         4.12391310e-01,  2.94578180e-02,  2.21306072e-01,
         1.12732112e+00,  1.53853593e-01,  1.03504478e+00,
         1.16562049e+00,  1.58835854e-01, -3.53482349e-02,
        -7.27001126e-02,  8.43965695e-02,  1.42990095e-01,
         6.67394090e-03, -1.79307948e-02,  2.05794865e-02],
       [-4.32381621e-01, -4.43178897e-03,  2.35046935e-02,
         2.94578180e-02,  3.67078743e-01, -7.30348668e-02,
        -1.74075238e-01,  7.86948156e-01,  7.42179502e-01,
         1.14233888e-01,  1.03052813e+00, -1.82274511e-01,
         2.32424509e-01,  9.68921554e-02, -4.51536538e-02,
         5.49754338e-02,  2.06850633e-02,  6.86815943e-02],
       [ 5.37790707e-01, -1.95124972e-01,  1.24181951e-01,
         2.21306072e-01, -7.30348668e-02,  3.92398966e-01,
         8.73138298e-01, -4.64534557e-01,  1.09261970e+00,
         7.84810665e-01, -7.76327396e-02,  4.95416171e-01,
        -2.69713940e-01,  8.37538478e-02,  1.39176978e-01,
        -4.54372564e-02,  3.58062123e-02, -2.19098255e-02],
       [ 6.51690649e-01, -1.26089792e+00, -3.60098577e-01,
         1.12732112e+00, -1.74075238e-01,  8.73138298e-01,
         8.13416386e+00, -8.10785175e-01,  3.97753420e+00,
         2.59721949e+00,  1.10596649e+00,  4.55298139e-01,
        -4.90184550e-01,  2.04868760e-01,  7.04024785e-01,
        -2.90603357e-01,  7.06069594e-02,  7.57167674e-02],
       [-6.54227970e-01,  9.47332701e-02, -4.33840800e-01,
         1.53853593e-01,  7.86948156e-01, -4.64534557e-01,
        -8.10785175e-01,  3.98331860e+00,  1.01093739e+00,
         1.23939602e-01,  1.70779037e+00, -1.30199798e+00,
         5.21911229e-01,  4.67448600e-02,  1.93143804e-02,
         9.73214146e-02, -6.66899590e-02,  1.14707322e-01],
       [ 7.43383185e-01, -2.78247443e-01,  1.81149837e-01,
         1.03504478e+00,  7.42179502e-01,  1.09261970e+00,
         3.97753420e+00,  1.01093739e+00,  8.16444242e+00,
         3.34611388e+00,  2.89771854e+00,  5.10042410e-01,
        -3.52905563e-01,  2.46469711e-01,  3.94154886e-01,
        -7.72495644e-02,  1.39894212e-01,  7.01340868e-02],
       [ 1.12749479e+00, -7.30983725e-01,  4.89206926e-01,
         1.16562049e+00,  1.14233888e-01,  7.84810665e-01,
         2.59721949e+00,  1.23939602e-01,  3.34611388e+00,
         3.70162950e+00,  4.37407685e-01,  1.75070365e-01,
        -2.98679859e-01,  3.18063135e-01,  3.55439268e-01,
         1.60344169e-02,  1.69520726e-04,  5.26745155e-02],
       [-1.51277395e+00, -3.22781170e-01, -9.14458111e-02,
         1.58835854e-01,  1.03052813e+00, -7.76327396e-02,
         1.10596649e+00,  1.70779037e+00,  2.89771854e+00,
         4.37407685e-01,  3.54413541e+00, -2.94336832e-01,
         6.51978226e-01,  3.02909985e-01,  2.32414794e-03,
         6.35087047e-02,  7.45167956e-02,  2.51651798e-01],
       [ 1.98431905e-01, -1.31611691e-01,  5.13891497e-02,
        -3.53482349e-02, -1.82274511e-01,  4.95416171e-01,
         4.55298139e-01, -1.30199798e+00,  5.10042410e-01,
         1.75070365e-01, -2.94336832e-01,  1.33304528e+00,
        -2.46125591e-01,  9.20857861e-02,  1.27058697e-01,
        -7.65424980e-02,  9.11021351e-02, -1.91581756e-02],
       [-1.12329904e+00, -5.44380925e-02, -5.96135750e-02,
        -7.27001126e-02,  2.32424509e-01, -2.69713940e-01,
        -4.90184550e-01,  5.21911229e-01, -3.52905563e-01,
        -2.98679859e-01,  6.51978226e-01, -2.46125591e-01,
         5.54247250e-01,  5.85029982e-02, -3.44282735e-02,
         9.16685640e-02, -1.89911529e-02,  1.86807891e-01],
       [-1.23339667e-01, -2.70452147e-01,  1.19853735e-01,
         8.43965695e-02,  9.68921554e-02,  8.37538478e-02,
         2.04868760e-01,  4.67448600e-02,  2.46469711e-01,
         3.18063135e-01,  3.02909985e-01,  9.20857861e-02,
         5.85029982e-02,  1.61633863e-01,  4.54650767e-02,
         1.27651351e-02,  3.34063750e-02,  7.12644584e-02],
       [ 4.66422851e-02, -2.40136986e-01, -1.28262540e-01,
         1.42990095e-01, -4.51536538e-02,  1.39176978e-01,
         7.04024785e-01,  1.93143804e-02,  3.94154886e-01,
         3.55439268e-01,  2.32414794e-03,  1.27058697e-01,
        -3.44282735e-02,  4.54650767e-02,  1.80711489e-01,
        -4.15627700e-02, -1.21270960e-02,  5.97134974e-02],
       [-6.64766335e-02,  3.39619927e-02,  6.89162907e-02,
         6.67394090e-03,  5.49754338e-02, -4.54372564e-02,
        -2.90603357e-01,  9.73214146e-02, -7.72495644e-02,
         1.60344169e-02,  6.35087047e-02, -7.65424980e-02,
         9.16685640e-02,  1.27651351e-02, -4.15627700e-02,
         6.40021546e-02, -8.53300429e-03,  1.45198241e-02],
       [-2.42921395e-02,  1.47663590e-02,  4.33285491e-02,
        -1.79307948e-02,  2.06850633e-02,  3.58062123e-02,
         7.06069594e-02, -6.66899590e-02,  1.39894212e-01,
         1.69520726e-04,  7.45167956e-02,  9.11021351e-02,
        -1.89911529e-02,  3.34063750e-02, -1.21270960e-02,
        -8.53300429e-03,  4.64224925e-02,  3.99776953e-04],
       [-4.21904363e-01, -1.60976124e-01,  1.31834957e-02,
         2.05794865e-02,  6.86815943e-02, -2.19098255e-02,
         7.57167674e-02,  1.14707322e-01,  7.01340868e-02,
         5.26745155e-02,  2.51651798e-01, -1.91581756e-02,
         1.86807891e-01,  7.12644584e-02,  5.97134974e-02,
         1.45198241e-02,  3.99776953e-04,  1.25794615e-01]])
      jac: array([ 2.52390701e-07, -3.21964677e-08,  1.76488454e-06,  4.88868205e-07,
       -4.28546088e-07, -4.58078020e-06,  3.58972111e-08,  8.47470242e-08,
        3.43428989e-07, -8.06762065e-08,  1.73194792e-07,  1.18386782e-06,
        8.14163551e-08,  4.72584934e-07,  3.89281200e-06, -4.93679172e-07,
       -8.47470242e-08, -2.47727764e-06])
  message: 'Optimization terminated successfully.'
     nfev: 1539
      nit: 70
     njev: 81
   status: 0
  success: True
        x: array([ 0.08838554,  0.01690787,  0.7285234 ,  1.63564013, -0.91340538,
        0.33658745,  1.16798545, -2.09078302,  0.64100204,  1.95172533,
       -0.84032979,  0.95781871,  0.00855522, -0.0140806 , -0.186263  ,
       -1.50588459, -0.69574953,  0.05162767])
