Program Begingeth
      fun: 0.23074413979851555
 hess_inv: array([[ 4.08814973e+00,  1.46711810e+00, -1.67815192e-01,
         1.16422076e+00,  5.77149310e-01, -7.75856550e-01,
         8.73178260e-01, -1.36276641e+00, -2.11878277e+00,
        -9.94525101e-02,  6.99851082e-01, -4.77000738e-01,
        -7.24742795e-01, -4.04440091e-01, -3.33158950e-01,
        -1.92828377e-01, -4.27496418e-01,  1.63460229e-01],
       [ 1.46711810e+00,  2.52149121e+00,  2.03512530e-01,
         2.19614178e-01,  9.68744370e-01, -2.29717304e-01,
         6.82722962e-02,  1.49415580e+00,  4.91957143e-01,
         4.01946035e-01,  9.92972767e-02, -1.02467530e+00,
        -4.82885837e-01, -3.71763281e-01, -1.02631373e-02,
         6.50272723e-03, -2.23309074e-01,  1.52316406e-01],
       [-1.67815192e-01,  2.03512530e-01,  3.44683154e+00,
         4.47833771e-01,  4.71488630e-02,  1.41514707e+00,
         5.72646249e+00, -2.04293174e+00,  3.89216640e+00,
        -2.50313030e-01,  1.19266980e+00, -6.62284992e-01,
         8.49379992e-02, -8.80552887e-02, -3.28873305e-01,
        -1.36238442e-01,  1.02159635e-01, -2.56502685e-01],
       [ 1.16422076e+00,  2.19614178e-01,  4.47833771e-01,
         4.74914269e-01,  1.06315093e-01,  1.02892110e-03,
         1.61632660e+00, -8.15125706e-01, -2.83749738e-01,
        -1.29775983e-01,  3.46798848e-01, -9.26557854e-02,
        -1.56876417e-01, -6.56701281e-02, -1.49462369e-01,
        -8.46535553e-02, -8.21131955e-02, -6.84613323e-03],
       [ 5.77149310e-01,  9.68744370e-01,  4.71488630e-02,
         1.06315093e-01,  4.30629568e-01, -7.60169615e-02,
         3.98538802e-01,  1.04416778e+00, -1.85274178e-02,
         9.33300405e-02, -3.48748983e-02, -3.41262831e-01,
        -1.92527517e-01, -9.76943647e-02,  2.96400655e-02,
        -1.34083826e-02, -8.03113627e-02,  6.67282878e-02],
       [-7.75856550e-01, -2.29717304e-01,  1.41514707e+00,
         1.02892110e-03, -7.60169615e-02,  7.60324794e-01,
         2.49260409e+00, -3.36953918e-01,  2.05148490e+00,
        -1.94942615e-01,  2.63665537e-01, -1.30738152e-01,
         1.87573066e-01,  6.12870122e-02, -3.90667664e-02,
        -1.46862932e-02,  1.06431627e-01, -1.32526357e-01],
       [ 8.73178260e-01,  6.82722962e-02,  5.72646249e+00,
         1.61632660e+00,  3.98538802e-01,  2.49260409e+00,
         1.79596185e+01, -1.76516120e+00,  4.67702329e+00,
        -8.25635389e-01,  1.30014405e+00, -4.11521229e-01,
        -1.22766696e-01,  2.33101542e-01, -4.13567791e-01,
        -4.66463337e-01,  4.33234545e-02, -4.02552575e-01],
       [-1.36276641e+00,  1.49415580e+00, -2.04293174e+00,
        -8.15125706e-01,  1.04416778e+00, -3.36953918e-01,
        -1.76516120e+00,  9.30805114e+00, -1.36374861e+00,
         3.30028637e-02, -1.73211135e+00, -2.16929944e-01,
         5.27263129e-02,  1.61907309e-01,  8.58704028e-01,
         2.56461556e-01, -6.08287451e-03,  2.84046546e-01],
       [-2.11878277e+00,  4.91957143e-01,  3.89216640e+00,
        -2.83749738e-01, -1.85274178e-02,  2.05148490e+00,
         4.67702329e+00, -1.36374861e+00,  9.24084022e+00,
        -3.40086770e-01,  1.16241385e+00, -8.80071426e-01,
         3.88728495e-01, -3.38360269e-01, -3.27926650e-01,
         4.34745558e-02,  6.77941509e-02, -4.40936812e-01],
       [-9.94525101e-02,  4.01946035e-01, -2.50313030e-01,
        -1.29775983e-01,  9.33300405e-02, -1.94942615e-01,
        -8.25635389e-01,  3.30028637e-02, -3.40086770e-01,
         9.12106614e-01, -1.76852987e-01, -8.81536724e-02,
        -2.15876493e-01, -3.82586834e-03,  1.04069211e-01,
         2.06506206e-02,  4.51784312e-02,  2.11856146e-01],
       [ 6.99851082e-01,  9.92972767e-02,  1.19266980e+00,
         3.46798848e-01, -3.48748983e-02,  2.63665537e-01,
         1.30014405e+00, -1.73211135e+00,  1.16241385e+00,
        -1.76852987e-01,  1.12983961e+00, -3.31255633e-01,
        -7.04573909e-02, -2.39829255e-01, -3.61600966e-01,
        -1.05501471e-01, -4.74657159e-02, -1.72400470e-01],
       [-4.77000738e-01, -1.02467530e+00, -6.62284992e-01,
        -9.26557854e-02, -3.41262831e-01, -1.30738152e-01,
        -4.11521229e-01, -2.16929944e-01, -8.80071426e-01,
        -8.81536724e-02, -3.31255633e-01,  8.22512190e-01,
         1.28156569e-01,  2.48740101e-01,  3.24473437e-02,
        -3.56359124e-02,  1.06014759e-01,  1.14429691e-02],
       [-7.24742795e-01, -4.82885837e-01,  8.49379992e-02,
        -1.56876417e-01, -1.92527517e-01,  1.87573066e-01,
        -1.22766696e-01,  5.27263129e-02,  3.88728495e-01,
        -2.15876493e-01, -7.04573909e-02,  1.28156569e-01,
         2.50002505e-01,  8.97920709e-02,  3.09030578e-02,
         6.85992740e-02,  9.53787680e-02, -9.12635662e-02],
       [-4.04440091e-01, -3.71763281e-01, -8.80552887e-02,
        -6.56701281e-02, -9.76943647e-02,  6.12870122e-02,
         2.33101542e-01,  1.61907309e-01, -3.38360269e-01,
        -3.82586834e-03, -2.39829255e-01,  2.48740101e-01,
         8.97920709e-02,  1.70198184e-01,  7.47598505e-02,
         2.87778335e-03,  9.93179316e-02,  1.36442106e-02],
       [-3.33158950e-01, -1.02631373e-02, -3.28873305e-01,
        -1.49462369e-01,  2.96400655e-02, -3.90667664e-02,
        -4.13567791e-01,  8.58704028e-01, -3.27926650e-01,
         1.04069211e-01, -3.61600966e-01,  3.24473437e-02,
         3.09030578e-02,  7.47598505e-02,  1.72442635e-01,
         4.99999247e-02,  2.65428220e-02,  8.29640689e-02],
       [-1.92828377e-01,  6.50272723e-03, -1.36238442e-01,
        -8.46535553e-02, -1.34083826e-02, -1.46862932e-02,
        -4.66463337e-01,  2.56461556e-01,  4.34745558e-02,
         2.06506206e-02, -1.05501471e-01, -3.56359124e-02,
         6.85992740e-02,  2.87778335e-03,  4.99999247e-02,
         6.62915729e-02,  1.73581150e-02,  4.37273754e-03],
       [-4.27496418e-01, -2.23309074e-01,  1.02159635e-01,
        -8.21131955e-02, -8.03113627e-02,  1.06431627e-01,
         4.33234545e-02, -6.08287451e-03,  6.77941509e-02,
         4.51784312e-02, -4.74657159e-02,  1.06014759e-01,
         9.53787680e-02,  9.93179316e-02,  2.65428220e-02,
         1.73581150e-02,  1.06709383e-01, -1.16523378e-02],
       [ 1.63460229e-01,  1.52316406e-01, -2.56502685e-01,
        -6.84613323e-03,  6.67282878e-02, -1.32526357e-01,
        -4.02552575e-01,  2.84046546e-01, -4.40936812e-01,
         2.11856146e-01, -1.72400470e-01,  1.14429691e-02,
        -9.12635662e-02,  1.36442106e-02,  8.29640689e-02,
         4.37273754e-03, -1.16523378e-02,  1.13893147e-01]])
      jac: array([-2.44471110e-06, -1.52896214e-06,  1.97466118e-05,  8.44953737e-06,
       -2.43312777e-05, -4.47412477e-05,  3.03775523e-06,  1.56707980e-06,
        7.17019037e-07, -4.56930789e-06, -2.36296168e-05,  2.84605672e-06,
       -2.97291821e-05, -5.97945767e-05,  3.55652545e-05, -7.09765580e-06,
        6.63360108e-05, -2.10498285e-05])
  message: 'Desired error not necessarily achieved due to precision loss.'
     nfev: 2271
      nit: 65
     njev: 119
   status: 2
  success: False
        x: array([-0.70864077, -0.82717553,  0.47384349, -1.12659595, -0.92001322,
        0.08479774, -0.97048414, -1.31197538, -0.83840112,  0.10061539,
        0.61873067,  1.08211684,  0.08476388,  0.27536432, -0.28453249,
        1.28920278, -0.06927582,  0.01355213])
