Program Begingeth
      fun: 0.28437638255925496
 hess_inv: array([[ 5.44630165e+00, -1.65761867e+00,  1.35010636e+00,
         1.60550574e+00, -8.45296645e-01,  1.38984655e+00,
         5.19514391e-01,  2.15992450e-01,  4.12225315e+00,
        -7.52051723e-02, -5.23358290e-01,  3.04497674e-01,
        -8.72453495e-01,  3.51671147e-01,  2.94305928e-01,
        -2.51894451e-01,  5.65933119e-01, -2.45205659e-01],
       [-1.65761867e+00,  3.26198659e+00,  1.93802436e+00,
        -6.33055390e-01,  1.32927004e+00,  6.02937142e-01,
        -3.76559453e+00,  5.97448344e-01,  3.10612940e+00,
        -1.61067818e-01,  6.42878309e-01, -1.17219550e+00,
         4.05994474e-01, -3.60039777e-01, -1.66094136e-01,
         8.34275579e-02, -1.90174738e-01, -1.83499164e-02],
       [ 1.35010636e+00,  1.93802436e+00,  2.74309937e+01,
        -4.35590461e+00, -1.17968478e-01,  1.22528399e+01,
        -5.29537686e+01, -2.52343990e+01,  3.39095356e+01,
         1.09966280e+00,  7.28739421e+00, -2.18153213e+00,
        -7.54758886e-01, -2.74610824e-01, -2.39615339e+00,
         1.11574633e+00,  7.61966349e-01, -1.89147114e+00],
       [ 1.60550574e+00, -6.33055390e-01, -4.35590461e+00,
         1.39636720e+00, -1.68260511e-01, -1.69670484e+00,
         1.01441799e+01,  4.75610141e+00, -4.29038246e+00,
        -2.55495033e-01, -1.40744989e+00,  3.43163015e-01,
        -1.18050960e-01,  9.65440159e-02,  5.27371188e-01,
        -2.84563742e-01,  1.93176458e-02,  2.64065771e-01],
       [-8.45296645e-01,  1.32927004e+00, -1.17968478e-01,
        -1.68260511e-01,  6.36054417e-01, -1.54563085e-01,
        -9.06807643e-02,  1.58446643e+00,  4.60512208e-03,
        -4.22036338e-02, -7.08746134e-03, -3.74798825e-01,
         2.13669274e-01, -1.08772010e-01,  3.09448046e-02,
         2.14390043e-02, -1.09214994e-01,  7.07000022e-02],
       [ 1.38984655e+00,  6.02937142e-01,  1.22528399e+01,
        -1.69670484e+00, -1.54563085e-01,  5.64688718e+00,
        -2.34794450e+01, -1.07843317e+01,  1.57400934e+01,
         5.82198430e-01,  3.03317267e+00, -8.90446491e-01,
        -4.88049270e-01, -5.59499236e-02, -9.74115202e-01,
         4.42102841e-01,  4.02318003e-01, -8.67309711e-01],
       [ 5.19514391e-01, -3.76559453e+00, -5.29537686e+01,
         1.01441799e+01, -9.06807643e-02, -2.34794450e+01,
         1.11720499e+02,  4.95961859e+01, -6.33553114e+01,
        -2.43690608e+00, -1.38465258e+01,  3.52072734e+00,
         1.07724469e+00,  2.51372031e-01,  4.77861432e+00,
        -2.44930083e+00, -1.27693884e+00,  3.61557552e+00],
       [ 2.15992450e-01,  5.97448344e-01, -2.52343990e+01,
         4.75610141e+00,  1.58446643e+00, -1.07843317e+01,
         4.95961859e+01,  3.30027620e+01, -2.92724638e+01,
        -6.05980551e-01, -7.38111914e+00,  1.13383682e+00,
         5.23770187e-01,  2.16249130e-01,  2.84172905e+00,
        -1.23853827e+00, -6.84730626e-01,  1.86187562e+00],
       [ 4.12225315e+00,  3.10612940e+00,  3.39095356e+01,
        -4.29038246e+00,  4.60512208e-03,  1.57400934e+01,
        -6.33553114e+01, -2.92724638e+01,  4.76123045e+01,
         1.54307252e+00,  8.58684819e+00, -3.04846753e+00,
        -1.21276470e+00, -5.98027439e-01, -2.77245351e+00,
         1.14754902e+00,  8.56906361e-01, -2.46705074e+00],
       [-7.52051723e-02, -1.61067818e-01,  1.09966280e+00,
        -2.55495033e-01, -4.22036338e-02,  5.82198430e-01,
        -2.43690608e+00, -6.05980551e-01,  1.54307252e+00,
         8.47065959e-01,  3.58029428e-01, -5.05968414e-02,
        -2.11608429e-01, -3.90275753e-02, -1.46461181e-01,
         4.36470418e-02, -3.27546312e-02, -2.41100623e-01],
       [-5.23358290e-01,  6.42878309e-01,  7.28739421e+00,
        -1.40744989e+00, -7.08746134e-03,  3.03317267e+00,
        -1.38465258e+01, -7.38111914e+00,  8.58684819e+00,
         3.58029428e-01,  2.62959315e+00, -7.10731224e-01,
        -6.09074493e-02, -2.87088428e-01, -8.49965321e-01,
         3.72416440e-01,  8.95225930e-02, -5.78808683e-01],
       [ 3.04497674e-01, -1.17219550e+00, -2.18153213e+00,
         3.43163015e-01, -3.74798825e-01, -8.90446491e-01,
         3.52072734e+00,  1.13383682e+00, -3.04846753e+00,
        -5.05968414e-02, -7.10731224e-01,  8.29755815e-01,
        -2.03868617e-02,  2.34616582e-01,  1.52143860e-01,
        -1.29567958e-02,  5.86558213e-02,  1.47817590e-01],
       [-8.72453495e-01,  4.05994474e-01, -7.54758886e-01,
        -1.18050960e-01,  2.13669274e-01, -4.88049270e-01,
         1.07724469e+00,  5.23770187e-01, -1.21276470e+00,
        -2.11608429e-01, -6.09074493e-02, -2.03868617e-02,
         2.65512385e-01, -6.64614038e-02,  7.74323997e-03,
         6.69581903e-02, -1.23179649e-01,  1.26642957e-01],
       [ 3.51671147e-01, -3.60039777e-01, -2.74610824e-01,
         9.65440159e-02, -1.08772010e-01, -5.59499236e-02,
         2.51372031e-01,  2.16249130e-01, -5.98027439e-01,
        -3.90275753e-02, -2.87088428e-01,  2.34616582e-01,
        -6.64614038e-02,  1.65124375e-01,  7.27371584e-02,
        -1.31736067e-02,  1.03808981e-01,  3.71425541e-02],
       [ 2.94305928e-01, -1.66094136e-01, -2.39615339e+00,
         5.27371188e-01,  3.09448046e-02, -9.74115202e-01,
         4.77861432e+00,  2.84172905e+00, -2.77245351e+00,
        -1.46461181e-01, -8.49965321e-01,  1.52143860e-01,
         7.74323997e-03,  7.27371584e-02,  3.36032710e-01,
        -1.44717668e-01, -3.08558941e-02,  2.15602663e-01],
       [-2.51894451e-01,  8.34275579e-02,  1.11574633e+00,
        -2.84563742e-01,  2.14390043e-02,  4.42102841e-01,
        -2.44930083e+00, -1.23853827e+00,  1.14754902e+00,
         4.36470418e-02,  3.72416440e-01, -1.29567958e-02,
         6.69581903e-02, -1.31736067e-02, -1.44717668e-01,
         1.28488345e-01, -1.53832662e-03, -6.44112230e-02],
       [ 5.65933119e-01, -1.90174738e-01,  7.61966349e-01,
         1.93176458e-02, -1.09214994e-01,  4.02318003e-01,
        -1.27693884e+00, -6.84730626e-01,  8.56906361e-01,
        -3.27546312e-02,  8.95225930e-02,  5.86558213e-02,
        -1.23179649e-01,  1.03808981e-01, -3.08558941e-02,
        -1.53832662e-03,  1.50155534e-01, -5.97670030e-02],
       [-2.45205659e-01, -1.83499164e-02, -1.89147114e+00,
         2.64065771e-01,  7.07000022e-02, -8.67309711e-01,
         3.61557552e+00,  1.86187562e+00, -2.46705074e+00,
        -2.41100623e-01, -5.78808683e-01,  1.47817590e-01,
         1.26642957e-01,  3.71425541e-02,  2.15602663e-01,
        -6.44112230e-02, -5.97670030e-02,  2.20519163e-01]])
      jac: array([ 1.76895535e-07, -8.07391191e-06,  7.37854222e-06,  2.52660855e-05,
        1.74123678e-05, -2.49489318e-05, -4.60705548e-06,  6.31346827e-07,
        1.12169533e-06,  1.08220840e-05, -7.28676379e-07,  6.65023592e-07,
        1.64257496e-05, -1.32719761e-05, -1.56223183e-05, -3.40176036e-05,
        1.21717451e-05,  2.25408581e-05])
  message: 'Desired error not necessarily achieved due to precision loss.'
     nfev: 2044
      nit: 75
     njev: 107
   status: 2
  success: False
        x: array([ 9.14295651e-01, -9.83310029e-01,  4.62188419e-01,  1.26327808e+00,
       -1.01258544e+00,  9.29157268e-02,  1.16222261e+00, -1.47618088e+00,
       -7.43873327e-01,  1.20068779e-02,  5.71121976e-01,  1.14085417e+00,
        3.79056971e-03,  1.87659974e-01, -3.01256735e-01, -1.17991084e+00,
       -3.24152910e-01, -9.32884586e-04])
