Program Begingeth
      fun: 0.32471958845357923
 hess_inv: array([[ 1.90210209e+00,  3.83105105e-02, -3.75405089e-02,
         5.75848020e-02, -4.91946758e-02,  1.46623986e-01,
        -5.80787727e-01,  6.37821374e-01, -7.40751368e-02,
         4.49181264e-01, -4.12336029e-01, -3.00396430e-01,
        -7.70858271e-01, -4.70585808e-02, -2.80901473e-02,
         2.31679996e-02, -4.38395118e-02, -3.64865730e-01],
       [ 3.83105105e-02,  4.60504493e-01,  3.74129132e-03,
         1.68639313e-02,  4.56230245e-02, -3.84774010e-01,
        -1.90517924e-01, -3.32795002e-01, -9.12178033e-01,
         1.48885880e-01,  2.62935615e-01, -8.80590368e-01,
        -4.05203506e-03, -1.63672611e-01, -1.90232720e-01,
         2.17405774e-02,  2.47238682e-02, -9.14620145e-02],
       [-3.75405089e-02,  3.74129132e-03,  3.42527251e-01,
         6.01273130e-02,  1.72221909e-01, -1.35028729e-02,
         1.08570990e-01,  1.91157567e-01, -1.04214142e-01,
         2.46024957e-01,  3.47897356e-01, -2.94266121e-02,
         5.47937198e-02,  1.14636057e-01, -1.21051037e-01,
         6.14058881e-02,  5.69152034e-02,  2.77854034e-02],
       [ 5.75848020e-02,  1.68639313e-02,  6.01273130e-02,
         2.63246854e-01,  2.86458447e-02, -7.81495003e-02,
         3.07338487e-01, -1.93323721e-01, -2.92628258e-01,
         6.93394034e-01, -1.21999650e-02, -2.43365340e-01,
         1.13057202e-01,  1.59175717e-02, -1.87868939e-02,
         7.24703415e-02, -3.12159416e-02,  1.31043753e-02],
       [-4.91946758e-02,  4.56230245e-02,  1.72221909e-01,
         2.86458447e-02,  1.95224287e-01, -5.24794171e-02,
         1.17373599e-01,  2.49059121e-01, -2.67085630e-01,
         1.42891787e-01,  4.72947322e-01, -5.12862228e-02,
         3.20827084e-02,  7.83000294e-02, -9.04227450e-02,
         3.42617489e-02,  4.15200497e-02,  5.09674817e-03],
       [ 1.46623986e-01, -3.84774010e-01, -1.35028729e-02,
        -7.81495003e-02, -5.24794171e-02,  8.09790190e-01,
         9.69412510e-01,  1.27324500e+00,  2.29326781e+00,
        -6.11252562e-01, -5.96270249e-01,  2.03040352e+00,
        -8.74412783e-02,  1.47144266e-01,  2.28917101e-01,
        -2.82364554e-02, -1.20982901e-02,  3.43862676e-02],
       [-5.80787727e-01, -1.90517924e-01,  1.08570990e-01,
         3.07338487e-01,  1.17373599e-01,  9.69412510e-01,
         4.45423714e+00,  1.45986214e+00,  3.52060024e+00,
        -5.66670351e-01, -3.54855840e-01,  3.15069660e+00,
         4.24477718e-01,  1.72142411e-01,  5.46794713e-02,
         8.42126994e-02, -1.82789257e-02,  1.03065256e-01],
       [ 6.37821374e-01, -3.32795002e-01,  1.91157567e-01,
        -1.93323721e-01,  2.49059121e-01,  1.27324500e+00,
         1.45986214e+00,  3.86845500e+00,  3.45636904e+00,
        -1.00346913e+00, -4.39920689e-01,  3.23272573e+00,
        -3.45194172e-01,  2.30141998e-01,  1.99178016e-01,
        -1.42785988e-02,  1.52041559e-02, -5.98565244e-02],
       [-7.40751368e-02, -9.12178033e-01, -1.04214142e-01,
        -2.92628258e-01, -2.67085630e-01,  2.29326781e+00,
         3.52060024e+00,  3.45636904e+00,  7.97256188e+00,
        -2.42397275e+00, -1.92538753e+00,  5.88382056e+00,
        -7.85683177e-03,  2.57321437e-01,  5.50035040e-01,
        -7.11968159e-02, -7.74442758e-02,  1.02452298e-01],
       [ 4.49181264e-01,  1.48885880e-01,  2.46024957e-01,
         6.93394034e-01,  1.42891787e-01, -6.11252562e-01,
        -5.66670351e-01, -1.00346913e+00, -2.42397275e+00,
         2.46255932e+00,  3.40033465e-01, -1.89656440e+00,
         1.23027856e-01,  3.95352120e-02, -1.37113715e-01,
         1.78419939e-01, -4.45452683e-02, -1.89752170e-02],
       [-4.12336029e-01,  2.62935615e-01,  3.47897356e-01,
        -1.21999650e-02,  4.72947322e-01, -5.96270249e-01,
        -3.54855840e-01, -4.39920689e-01, -1.92538753e+00,
         3.40033465e-01,  1.67944062e+00, -1.22366940e+00,
         1.32086057e-01,  8.42039322e-02, -3.27063795e-01,
         4.24512748e-02,  1.04299858e-01,  1.48441214e-02],
       [-3.00396430e-01, -8.80590368e-01, -2.94266121e-02,
        -2.43365340e-01, -5.12862228e-02,  2.03040352e+00,
         3.15069660e+00,  3.23272573e+00,  5.88382056e+00,
        -1.89656440e+00, -1.22366940e+00,  5.56671016e+00,
         3.29596714e-02,  3.79933110e-01,  5.17262760e-01,
        -8.02398148e-02,  8.52552899e-03,  1.66786529e-01],
       [-7.70858271e-01, -4.05203506e-03,  5.47937198e-02,
         1.13057202e-01,  3.20827084e-02, -8.74412783e-02,
         4.24477718e-01, -3.45194172e-01, -7.85683177e-03,
         1.23027856e-01,  1.32086057e-01,  3.29596714e-02,
         4.09529294e-01,  2.44524787e-02,  5.90351737e-04,
         5.05311273e-02, -2.93625497e-03,  1.62511289e-01],
       [-4.70585808e-02, -1.63672611e-01,  1.14636057e-01,
         1.59175717e-02,  7.83000294e-02,  1.47144266e-01,
         1.72142411e-01,  2.30141998e-01,  2.57321437e-01,
         3.95352120e-02,  8.42039322e-02,  3.79933110e-01,
         2.44524787e-02,  1.36478118e-01,  2.88143897e-02,
         1.36090169e-02,  3.75240893e-02,  4.60138120e-02],
       [-2.80901473e-02, -1.90232720e-01, -1.21051037e-01,
        -1.87868939e-02, -9.04227450e-02,  2.28917101e-01,
         5.46794713e-02,  1.99178016e-01,  5.50035040e-01,
        -1.37113715e-01, -3.27063795e-01,  5.17262760e-01,
         5.90351737e-04,  2.88143897e-02,  1.69301627e-01,
        -2.81674127e-02, -2.99149527e-02,  6.00636922e-02],
       [ 2.31679996e-02,  2.17405774e-02,  6.14058881e-02,
         7.24703415e-02,  3.42617489e-02, -2.82364554e-02,
         8.42126994e-02, -1.42785988e-02, -7.11968159e-02,
         1.78419939e-01,  4.24512748e-02, -8.02398148e-02,
         5.05311273e-02,  1.36090169e-02, -2.81674127e-02,
         5.19101493e-02, -1.18851856e-03,  2.95938750e-03],
       [-4.38395118e-02,  2.47238682e-02,  5.69152034e-02,
        -3.12159416e-02,  4.15200497e-02, -1.20982901e-02,
        -1.82789257e-02,  1.52041559e-02, -7.74442758e-02,
        -4.45452683e-02,  1.04299858e-01,  8.52552899e-03,
        -2.93625497e-03,  3.75240893e-02, -2.99149527e-02,
        -1.18851856e-03,  4.66016634e-02,  4.10734286e-03],
       [-3.64865730e-01, -9.14620145e-02,  2.77854034e-02,
         1.31043753e-02,  5.09674817e-03,  3.43862676e-02,
         1.03065256e-01, -5.98565244e-02,  1.02452298e-01,
        -1.89752170e-02,  1.48441214e-02,  1.66786529e-01,
         1.62511289e-01,  4.60138120e-02,  6.00636922e-02,
         2.95938750e-03,  4.10734286e-03,  1.15153058e-01]])
      jac: array([-1.22006109e-05,  3.45627231e-05,  1.94081788e-05,  3.02720811e-05,
       -9.03506899e-05, -2.93187696e-05, -2.44249065e-07,  5.84236363e-06,
        1.17609626e-06, -7.12911212e-06,  2.19953685e-05,  6.47037979e-06,
       -3.02942856e-05,  8.09115737e-05,  3.97948341e-05,  1.13176135e-05,
       -5.03378820e-05, -2.47990517e-05])
  message: 'Desired error not necessarily achieved due to precision loss.'
     nfev: 2044
      nit: 75
     njev: 107
   status: 2
  success: False
        x: array([ 0.05530727,  0.11904772,  0.71929565,  1.84020371, -0.78188462,
        0.07640686,  2.64911327, -0.57994611, -0.92201376,  2.32238151,
       -0.57126371,  0.51414332,  0.14468021,  0.07802609, -0.23143314,
       -1.42787163, -0.40931971,  0.05869081])
