Program Begingeth
      fun: 0.252881835108362
 hess_inv: array([[ 5.20403937e+00, -1.64711108e+00, -7.37275465e-01,
         1.50542439e+00, -6.00430158e-01,  7.31325364e-01,
         2.80220411e+00,  3.17233621e+00,  1.21451125e+00,
        -3.82856742e-01, -1.15673822e+00,  1.04784813e+00,
        -9.53525726e-01,  5.30094665e-01,  5.52855697e-01,
        -2.45204787e-01,  5.59940411e-01, -2.24561043e-01],
       [-1.64711108e+00,  2.71459412e+00,  6.94742912e-01,
        -3.09562085e-01,  9.76381710e-01, -1.10620042e-01,
        -1.20537504e+00,  9.91085697e-01,  1.50863428e+00,
        -2.80283311e-01,  1.37837990e-01, -1.32827968e+00,
         5.06581856e-01, -3.82714345e-01, -1.14384570e-01,
        -2.48302865e-02, -1.75861646e-01,  1.27527078e-01],
       [-7.37275465e-01,  6.94742912e-01,  8.33419059e+00,
        -1.83951780e+00,  2.02858691e-01,  3.16156983e+00,
        -1.87146364e+01, -8.46988007e+00,  1.06967339e+01,
         6.49117234e-01,  3.45718059e+00, -1.60047897e+00,
         7.22936812e-02, -3.20583527e-01, -1.21563359e+00,
         6.49180053e-01, -5.90639757e-02, -7.30041048e-01],
       [ 1.50542439e+00, -3.09562085e-01, -1.83951780e+00,
         8.47358903e-01, -1.28642432e-01, -4.64973297e-01,
         5.12099326e+00,  2.71376438e+00, -1.54439045e+00,
        -3.22044938e-01, -9.88529114e-01,  4.22240757e-01,
        -2.09851610e-01,  1.36877348e-01,  3.98269471e-01,
        -2.04200402e-01,  1.40641216e-01,  1.20351590e-01],
       [-6.00430158e-01,  9.76381710e-01,  2.02858691e-01,
        -1.28642432e-01,  4.39353379e-01, -1.73005665e-02,
        -8.98042177e-01,  1.06389887e+00,  3.07516569e-01,
        -3.40871590e-03, -3.34526949e-02, -4.11015270e-01,
         1.90432567e-01, -8.45554444e-02,  1.15112431e-02,
         7.55527807e-03, -6.83785563e-02,  5.86533900e-02],
       [ 7.31325364e-01, -1.10620042e-01,  3.16156983e+00,
        -4.64973297e-01, -1.73005665e-02,  1.48277775e+00,
        -7.41809975e+00, -2.37683675e+00,  4.70047591e+00,
         3.49178085e-01,  1.04746505e+00, -3.70687751e-01,
        -1.97372310e-01,  3.15133483e-04, -3.24496490e-01,
         1.97202846e-01,  5.96765076e-02, -3.43536024e-01],
       [ 2.80220411e+00, -1.20537504e+00, -1.87146364e+01,
         5.12099326e+00, -8.98042177e-01, -7.41809975e+00,
         5.30527602e+01,  1.73127096e+01, -2.28632297e+01,
        -2.48538817e+00, -7.17519065e+00,  2.80421621e+00,
        -3.33372430e-01,  3.43529550e-01,  2.59867886e+00,
        -1.66950680e+00,  4.51917304e-01,  1.76923095e+00],
       [ 3.17233621e+00,  9.91085697e-01, -8.46988007e+00,
         2.71376438e+00,  1.06389887e+00, -2.37683675e+00,
         1.73127096e+01,  2.00920994e+01, -9.08546088e+00,
        -3.25949947e-01, -4.71436050e+00,  9.84688516e-01,
        -4.23394938e-01,  4.83249064e-01,  2.13036279e+00,
        -9.76017953e-01,  2.24428882e-01,  8.01573623e-01],
       [ 1.21451125e+00,  1.50863428e+00,  1.06967339e+01,
        -1.54439045e+00,  3.07516569e-01,  4.70047591e+00,
        -2.28632297e+01, -9.08546088e+00,  1.99416401e+01,
         8.79621898e-01,  4.13415592e+00, -2.29103032e+00,
        -2.54074410e-01, -7.19877947e-01, -1.44317975e+00,
         5.85101049e-01, -1.33847515e-01, -1.14511052e+00],
       [-3.82856742e-01, -2.80283311e-01,  6.49117234e-01,
        -3.22044938e-01, -3.40871590e-03,  3.49178085e-01,
        -2.48538817e+00, -3.25949947e-01,  8.79621898e-01,
         1.01505720e+00,  4.24957178e-01, -2.55405212e-02,
        -1.60673288e-01, -5.28409041e-02, -1.54108532e-01,
         7.33875540e-02, -1.29660219e-01, -2.49032874e-01],
       [-1.15673822e+00,  1.37837990e-01,  3.45718059e+00,
        -9.88529114e-01, -3.34526949e-02,  1.04746505e+00,
        -7.17519065e+00, -4.71436050e+00,  4.13415592e+00,
         4.24957178e-01,  2.23883727e+00, -7.82157166e-01,
         1.37423054e-01, -3.56071187e-01, -7.81077334e-01,
         3.42590147e-01, -1.25804633e-01, -3.90590024e-01],
       [ 1.04784813e+00, -1.32827968e+00, -1.60047897e+00,
         4.22240757e-01, -4.11015270e-01, -3.70687751e-01,
         2.80421621e+00,  9.84688516e-01, -2.29103032e+00,
        -2.55405212e-02, -7.82157166e-01,  1.19543103e+00,
        -2.30100069e-01,  3.63771629e-01,  2.43045713e-01,
        -3.88703190e-02,  1.61492009e-01,  7.87543555e-02],
       [-9.53525726e-01,  5.06581856e-01,  7.22936812e-02,
        -2.09851610e-01,  1.90432567e-01, -1.97372310e-01,
        -3.33372430e-01, -4.23394938e-01, -2.54074410e-01,
        -1.60673288e-01,  1.37423054e-01, -2.30100069e-01,
         3.04553772e-01, -1.05636998e-01, -7.59340674e-02,
         8.26297484e-02, -1.16322897e-01,  1.13504271e-01],
       [ 5.30094665e-01, -3.82714345e-01, -3.20583527e-01,
         1.36877348e-01, -8.45554444e-02,  3.15133483e-04,
         3.43529550e-01,  4.83249064e-01, -7.19877947e-01,
        -5.28409041e-02, -3.56071187e-01,  3.63771629e-01,
        -1.05636998e-01,  2.02872989e-01,  1.23320264e-01,
        -1.30568183e-02,  1.14449288e-01,  3.08624228e-02],
       [ 5.52855697e-01, -1.14384570e-01, -1.21563359e+00,
         3.98269471e-01,  1.15112431e-02, -3.24496490e-01,
         2.59867886e+00,  2.13036279e+00, -1.44317975e+00,
        -1.54108532e-01, -7.81077334e-01,  2.43045713e-01,
        -7.59340674e-02,  1.23320264e-01,  3.39211123e-01,
        -1.38286331e-01,  4.97211309e-02,  1.56244719e-01],
       [-2.45204787e-01, -2.48302865e-02,  6.49180053e-01,
        -2.04200402e-01,  7.55527807e-03,  1.97202846e-01,
        -1.66950680e+00, -9.76017953e-01,  5.85101049e-01,
         7.33875540e-02,  3.42590147e-01, -3.88703190e-02,
         8.26297484e-02, -1.30568183e-02, -1.38286331e-01,
         1.24073022e-01, -2.94352833e-02, -4.69761700e-02],
       [ 5.59940411e-01, -1.75861646e-01, -5.90639757e-02,
         1.40641216e-01, -6.83785563e-02,  5.96765076e-02,
         4.51917304e-01,  2.24428882e-01, -1.33847515e-01,
        -1.29660219e-01, -1.25804633e-01,  1.61492009e-01,
        -1.16322897e-01,  1.14449288e-01,  4.97211309e-02,
        -2.94352833e-02,  1.37239721e-01, -9.31740660e-03],
       [-2.24561043e-01,  1.27527078e-01, -7.30041048e-01,
         1.20351590e-01,  5.86533900e-02, -3.43536024e-01,
         1.76923095e+00,  8.01573623e-01, -1.14511052e+00,
        -2.49032874e-01, -3.90590024e-01,  7.87543555e-02,
         1.13504271e-01,  3.08624228e-02,  1.56244719e-01,
        -4.69761700e-02, -9.31740660e-03,  1.87500110e-01]])
      jac: array([ 9.10012806e-07,  5.74725453e-07,  4.65183447e-07, -2.17344661e-06,
       -1.30044124e-06, -1.61685480e-06,  1.08061708e-07,  1.29155945e-07,
        1.26565425e-07,  2.59052039e-07,  3.99310215e-07, -1.06951485e-07,
        9.92169310e-07,  2.20971389e-06,  1.00882266e-06, -1.98729921e-07,
       -1.90292226e-06, -2.68673972e-07])
  message: 'Optimization terminated successfully.'
     nfev: 1520
      nit: 70
     njev: 80
   status: 0
  success: True
        x: array([ 0.70400805, -0.6974808 ,  0.53827655,  1.14099104, -0.81006362,
        0.08665449,  0.95674884, -1.29496537, -0.72117411, -0.0075887 ,
        0.64402828,  1.09058764,  0.0336773 ,  0.20975161, -0.32727926,
       -1.09346982, -0.32532869,  0.00190151])
