Program Begingeth
      fun: 0.25312156081268583
 hess_inv: array([[ 5.07454557e+00,  1.87764570e+00,  1.82746918e-01,
         1.22162519e+00,  7.31853936e-01, -9.16721998e-01,
         1.52694789e+00, -1.49453516e+00, -1.92176050e+00,
        -4.92962845e-01,  6.92768166e-01, -1.05521720e+00,
        -1.00815424e+00, -4.98569940e-01, -3.49283597e-01,
        -1.50614991e-01, -5.48616785e-01,  3.69559327e-01],
       [ 1.87764570e+00,  2.91789227e+00,  3.49224392e-01,
         2.38715343e-01,  1.07421444e+00, -2.73513358e-01,
         5.64818056e-01,  2.09406839e+00,  8.90845452e-01,
         1.17365424e-01, -8.74893053e-02, -1.44291417e+00,
        -5.62165633e-01, -4.21227757e-01, -2.70900893e-02,
         7.35990023e-02, -2.09583912e-01,  1.79008837e-01],
       [ 1.82746918e-01,  3.49224392e-01,  1.11635745e+01,
         2.38994304e+00,  7.84119145e-02,  4.22087586e+00,
         2.58445453e+01, -1.11215177e+01,  1.40074503e+01,
        -9.95762574e-01,  4.61885945e+00, -2.08852168e+00,
         1.70073550e-01, -3.41693965e-01, -1.62774357e+00,
        -8.24669287e-01, -1.88319334e-02, -9.71691019e-01],
       [ 1.22162519e+00,  2.38715343e-01,  2.38994304e+00,
         8.87473025e-01,  1.15328882e-01,  7.05549456e-01,
         6.53373833e+00, -2.96694188e+00,  2.28362117e+00,
        -4.05270455e-01,  1.15084073e+00, -4.88996455e-01,
        -1.44200071e-01, -1.17264234e-01, -4.44792950e-01,
        -2.22927941e-01, -1.12146746e-01, -1.51724049e-01],
       [ 7.31853936e-01,  1.07421444e+00,  7.84119145e-02,
         1.15328882e-01,  4.85194843e-01, -8.35727977e-02,
         7.13563440e-01,  1.42149662e+00,  7.98332874e-02,
        -4.07074488e-02, -1.29036929e-01, -4.47800118e-01,
        -2.28654409e-01, -9.47743920e-02,  3.90395548e-02,
         4.22098652e-03, -8.36927646e-02,  8.43028541e-02],
       [-9.16721998e-01, -2.73513358e-01,  4.22087586e+00,
         7.05549456e-01, -8.35727977e-02,  1.87473439e+00,
         1.01345105e+01, -3.60045305e+00,  5.96582359e+00,
        -4.45194889e-01,  1.51981429e+00, -5.24406536e-01,
         2.94198834e-01, -7.84281734e-03, -5.04557421e-01,
        -2.76736717e-01,  7.13511604e-02, -4.49984436e-01],
       [ 1.52694789e+00,  5.64818056e-01,  2.58445453e+01,
         6.53373833e+00,  7.13563440e-01,  1.01345105e+01,
         7.14306090e+01, -2.37441201e+01,  3.17524478e+01,
        -3.34070456e+00,  1.00076989e+01, -3.89388842e+00,
         2.02059588e-01, -3.70176963e-01, -3.63973713e+00,
        -2.13485808e+00, -3.52478233e-01, -2.35422442e+00],
       [-1.49453516e+00,  2.09406839e+00, -1.11215177e+01,
        -2.96694188e+00,  1.42149662e+00, -3.60045305e+00,
        -2.37441201e+01,  2.22607779e+01, -1.25225798e+01,
         7.74791042e-01, -5.85810763e+00,  1.09166641e+00,
        -1.18345810e-01,  3.76764020e-01,  2.42730254e+00,
         1.07346225e+00,  8.40499097e-02,  1.09193661e+00],
       [-1.92176050e+00,  8.90845452e-01,  1.40074503e+01,
         2.28362117e+00,  7.98332874e-02,  5.96582359e+00,
         3.17524478e+01, -1.25225798e+01,  2.38832260e+01,
        -1.30660363e+00,  5.55883931e+00, -2.68423439e+00,
         6.04135488e-01, -7.26986116e-01, -1.98988006e+00,
        -8.22794957e-01, -8.30162117e-02, -1.48985367e+00],
       [-4.92962845e-01,  1.17365424e-01, -9.95762574e-01,
        -4.05270455e-01, -4.07074488e-02, -4.45194889e-01,
        -3.34070456e+00,  7.74791042e-01, -1.30660363e+00,
         1.02150996e+00, -5.27072725e-01,  1.54170553e-01,
        -1.28805297e-01,  8.05635470e-02,  1.92150031e-01,
         9.15510619e-02,  1.48859855e-01,  2.32639611e-01],
       [ 6.92768166e-01, -8.74893053e-02,  4.61885945e+00,
         1.15084073e+00, -1.29036929e-01,  1.51981429e+00,
         1.00076989e+01, -5.85810763e+00,  5.55883931e+00,
        -5.27072725e-01,  2.67451423e+00, -9.19225453e-01,
         1.09463182e-02, -3.30405832e-01, -9.23189488e-01,
        -3.90061121e-01, -6.70361634e-02, -4.79844810e-01],
       [-1.05521720e+00, -1.44291417e+00, -2.08852168e+00,
        -4.88996455e-01, -4.47800118e-01, -5.24406536e-01,
        -3.89388842e+00,  1.09166641e+00, -2.68423439e+00,
         1.54170553e-01, -9.19225453e-01,  1.42659227e+00,
         2.28667094e-01,  3.97713592e-01,  2.76665099e-01,
         5.60634973e-02,  1.61087313e-01,  8.92671396e-02],
       [-1.00815424e+00, -5.62165633e-01,  1.70073550e-01,
        -1.44200071e-01, -2.28654409e-01,  2.94198834e-01,
         2.02059588e-01, -1.18345810e-01,  6.04135488e-01,
        -1.28805297e-01,  1.09463182e-02,  2.28667094e-01,
         3.30986198e-01,  1.02937184e-01,  1.83232184e-02,
         5.50212430e-02,  1.25086994e-01, -1.53352724e-01],
       [-4.98569940e-01, -4.21227757e-01, -3.41693965e-01,
        -1.17264234e-01, -9.47743920e-02, -7.84281734e-03,
        -3.70176963e-01,  3.76764020e-01, -7.26986116e-01,
         8.05635470e-02, -3.30405832e-01,  3.97713592e-01,
         1.02937184e-01,  2.07478855e-01,  1.09335248e-01,
         4.39077001e-03,  1.09998568e-01,  2.13383262e-02],
       [-3.49283597e-01, -2.70900893e-02, -1.62774357e+00,
        -4.44792950e-01,  3.90395548e-02, -5.04557421e-01,
        -3.63973713e+00,  2.42730254e+00, -1.98988006e+00,
         1.92150031e-01, -9.23189488e-01,  2.76665099e-01,
         1.83232184e-02,  1.09335248e-01,  3.80799340e-01,
         1.52904456e-01,  2.78977572e-02,  1.85846465e-01],
       [-1.50614991e-01,  7.35990023e-02, -8.24669287e-01,
        -2.22927941e-01,  4.22098652e-03, -2.76736717e-01,
        -2.13485808e+00,  1.07346225e+00, -8.22794957e-01,
         9.15510619e-02, -3.90061121e-01,  5.60634973e-02,
         5.50212430e-02,  4.39077001e-03,  1.52904456e-01,
         1.27178939e-01,  2.34437456e-02,  5.92692204e-02],
       [-5.48616785e-01, -2.09583912e-01, -1.88319334e-02,
        -1.12146746e-01, -8.36927646e-02,  7.13511604e-02,
        -3.52478233e-01,  8.40499097e-02, -8.30162117e-02,
         1.48859855e-01, -6.70361634e-02,  1.61087313e-01,
         1.25086994e-01,  1.09998568e-01,  2.78977572e-02,
         2.34437456e-02,  1.35909313e-01, -2.74961775e-02],
       [ 3.69559327e-01,  1.79008837e-01, -9.71691019e-01,
        -1.51724049e-01,  8.43028541e-02, -4.49984436e-01,
        -2.35422442e+00,  1.09193661e+00, -1.48985367e+00,
         2.32639611e-01, -4.79844810e-01,  8.92671396e-02,
        -1.53352724e-01,  2.13383262e-02,  1.85846465e-01,
         5.92692204e-02, -2.74961775e-02,  2.07056850e-01]])
      jac: array([ 4.66293670e-08,  2.67193675e-07,  2.37957802e-07,  4.76285678e-07,
       -1.23308771e-06, -6.73535302e-08, -1.49139960e-07,  2.42398694e-07,
       -1.13612823e-07,  4.07821924e-07,  1.02140518e-07, -1.13982897e-07,
       -9.10382880e-08,  2.32850776e-06, -6.38008165e-07,  3.35287353e-07,
       -2.54907206e-06, -1.41368398e-06])
  message: 'Optimization terminated successfully.'
     nfev: 1387
      nit: 65
     njev: 73
   status: 0
  success: True
        x: array([-0.51499193, -0.65647407,  0.5222502 , -1.00601476, -0.79464818,
        0.06955448, -0.83737323, -1.28686756, -0.73090787,  0.13162584,
        0.63764627,  1.07666712,  0.07312686,  0.2014079 , -0.32860483,
        1.21708958, -0.33560196,  0.00915407])
