Program Begingeth
      fun: 0.2773088697155487
 hess_inv: array([[ 8.81791825e-01, -8.46958269e-02,  1.52927543e-01,
         3.71272505e-01, -1.72492998e-01,  3.44922747e-01,
         1.26823688e+00, -3.86361694e-01,  7.96312015e-01,
         1.06540506e+00, -5.54039130e-01, -3.21061235e-02,
        -3.17282335e-01,  3.67465646e-03,  8.78512595e-02,
         7.94226383e-04, -1.42351294e-02, -2.01263596e-01],
       [-8.46958269e-02,  4.87959244e-01, -1.30954935e-01,
        -2.00852982e-01,  1.43077506e-01, -2.11409824e-01,
        -1.17904543e+00,  4.56912625e-01,  1.33147616e-01,
        -5.02714945e-01,  1.99506945e-01, -1.03374113e-01,
         5.91694817e-02, -1.31472901e-01, -2.03778042e-01,
         4.47379631e-02,  3.22424262e-03, -9.27141179e-02],
       [ 1.52927543e-01, -1.30954935e-01,  3.81209330e-01,
         1.92969438e-01,  1.26348991e-02,  2.37241478e-01,
         8.21732475e-01, -7.14045871e-01,  5.29181187e-01,
         7.43857484e-01,  5.30743468e-02,  1.55876848e-01,
        -5.41295820e-02,  1.51319386e-01,  2.26068856e-02,
         5.30954549e-02,  6.81290948e-02,  2.27723313e-02],
       [ 3.71272505e-01, -2.00852982e-01,  1.92969438e-01,
         5.93363046e-01,  5.05976037e-02,  2.33169427e-01,
         1.86115952e+00,  1.32388542e-01,  1.22179159e+00,
         1.64805894e+00,  9.27773802e-02, -3.07796621e-01,
        -2.40739833e-02,  9.78870914e-02,  1.20790846e-01,
         4.71642542e-02, -1.10770590e-02, -2.23796290e-02],
       [-1.72492998e-01,  1.43077506e-01,  1.26348991e-02,
         5.05976037e-02,  3.91630624e-01, -1.40827980e-01,
        -4.09657412e-01,  9.33579140e-01,  7.03813633e-01,
         1.84985752e-01,  8.87651109e-01, -2.90554623e-01,
         1.77425465e-01,  7.03552496e-02, -9.65120989e-02,
         9.71404011e-02,  3.09749792e-03,  4.44962057e-02],
       [ 3.44922747e-01, -2.11409824e-01,  2.37241478e-01,
         2.33169427e-01, -1.40827980e-01,  4.91403853e-01,
         1.61153299e+00, -9.35649243e-01,  9.74543502e-01,
         8.47432903e-01, -2.12766934e-01,  5.81255802e-01,
        -2.33284975e-01,  1.31515438e-01,  1.58731200e-01,
        -3.34491308e-02,  1.01122549e-01, -4.69676278e-02],
       [ 1.26823688e+00, -1.17904543e+00,  8.21732475e-01,
         1.86115952e+00, -4.09657412e-01,  1.61153299e+00,
         1.68003813e+01, -2.43419426e+00,  6.36778786e+00,
         5.05902260e+00,  1.16289275e+00, -4.26278256e-01,
        -1.16689299e+00,  4.83611234e-01,  5.90562457e-01,
        -3.17298667e-01,  6.92831600e-01, -4.52169901e-01],
       [-3.86361694e-01,  4.56912625e-01, -7.14045871e-01,
         1.32388542e-01,  9.33579140e-01, -9.35649243e-01,
        -2.43419426e+00,  5.73689409e+00,  9.01947774e-01,
        -1.60140568e-01,  1.52967406e+00, -1.94149565e+00,
         5.91378008e-01, -1.17490687e-01, -1.95819823e-01,
         1.36864722e-01, -1.78694001e-01,  9.51351233e-02],
       [ 7.96312015e-01,  1.33147616e-01,  5.29181187e-01,
         1.22179159e+00,  7.03813633e-01,  9.74543502e-01,
         6.36778786e+00,  9.01947774e-01,  7.69025106e+00,
         3.99273909e+00,  2.20001818e+00, -3.01295151e-01,
        -3.75827303e-01,  3.82285773e-01,  1.45499773e-01,
         8.65030983e-02,  3.93919174e-01, -2.04691535e-01],
       [ 1.06540506e+00, -5.02714945e-01,  7.43857484e-01,
         1.64805894e+00,  1.84985752e-01,  8.47432903e-01,
         5.05902260e+00, -1.60140568e-01,  3.99273909e+00,
         4.96055425e+00,  3.66821559e-01, -4.75698695e-01,
        -1.56029996e-01,  3.67067150e-01,  3.12702854e-01,
         1.30047504e-01,  5.67249304e-02, -7.72983738e-02],
       [-5.54039130e-01,  1.99506945e-01,  5.30743468e-02,
         9.27773802e-02,  8.87651109e-01, -2.12766934e-01,
         1.16289275e+00,  1.52967406e+00,  2.20001818e+00,
         3.66821559e-01,  2.67126566e+00, -6.14944213e-01,
         2.51496904e-01,  1.96605536e-01, -2.02466871e-01,
         1.29187321e-01,  1.35318728e-01,  6.29607869e-02],
       [-3.21061235e-02, -1.03374113e-01,  1.55876848e-01,
        -3.07796621e-01, -2.90554623e-01,  5.81255802e-01,
        -4.26278256e-01, -1.94149565e+00, -3.01295151e-01,
        -4.75698695e-01, -6.14944213e-01,  1.83909509e+00,
        -2.01864593e-01,  1.17466763e-01,  1.30468356e-01,
        -5.68891415e-02,  1.31374007e-01,  9.54871665e-03],
       [-3.17282335e-01,  5.91694817e-02, -5.41295820e-02,
        -2.40739833e-02,  1.77425465e-01, -2.33284975e-01,
        -1.16689299e+00,  5.91378008e-01, -3.75827303e-01,
        -1.56029996e-01,  2.51496904e-01, -2.01864593e-01,
         2.87600721e-01, -3.98125411e-03, -4.96535512e-02,
         9.36148977e-02, -8.38579742e-02,  1.23549950e-01],
       [ 3.67465646e-03, -1.31472901e-01,  1.51319386e-01,
         9.78870914e-02,  7.03552496e-02,  1.31515438e-01,
         4.83611234e-01, -1.17490687e-01,  3.82285773e-01,
         3.67067150e-01,  1.96605536e-01,  1.17466763e-01,
        -3.98125411e-03,  1.30008958e-01,  4.62431731e-02,
         2.06076609e-02,  5.76996996e-02,  4.51928555e-02],
       [ 8.78512595e-02, -2.03778042e-01,  2.26068856e-02,
         1.20790846e-01, -9.65120989e-02,  1.58731200e-01,
         5.90562457e-01, -1.95819823e-01,  1.45499773e-01,
         3.12702854e-01, -2.02466871e-01,  1.30468356e-01,
        -4.96535512e-02,  4.62431731e-02,  1.41350501e-01,
        -3.28403988e-02, -1.24521815e-03,  4.55406954e-02],
       [ 7.94226383e-04,  4.47379631e-02,  5.30954549e-02,
         4.71642542e-02,  9.71404011e-02, -3.34491308e-02,
        -3.17298667e-01,  1.36864722e-01,  8.65030983e-02,
         1.30047504e-01,  1.29187321e-01, -5.68891415e-02,
         9.36148977e-02,  2.06076609e-02, -3.28403988e-02,
         7.93082153e-02, -2.68558754e-02,  2.12062568e-02],
       [-1.42351294e-02,  3.22424262e-03,  6.81290948e-02,
        -1.10770590e-02,  3.09749792e-03,  1.01122549e-01,
         6.92831600e-01, -1.78694001e-01,  3.93919174e-01,
         5.67249304e-02,  1.35318728e-01,  1.31374007e-01,
        -8.38579742e-02,  5.76996996e-02, -1.24521815e-03,
        -2.68558754e-02,  1.05052043e-01, -2.34793560e-02],
       [-2.01263596e-01, -9.27141179e-02,  2.27723313e-02,
        -2.23796290e-02,  4.44962057e-02, -4.69676278e-02,
        -4.52169901e-01,  9.51351233e-02, -2.04691535e-01,
        -7.72983738e-02,  6.29607869e-02,  9.54871665e-03,
         1.23549950e-01,  4.51928555e-02,  4.55406954e-02,
         2.12062568e-02, -2.34793560e-02,  1.27674991e-01]])
      jac: array([ 2.88139882e-06, -5.37718018e-07, -5.13811216e-06, -3.20225328e-06,
       -3.92278802e-08,  2.40030218e-06, -4.21884749e-08, -5.65103520e-07,
        3.80806498e-07,  1.24530016e-06, -9.92909459e-07, -2.09795144e-06,
        3.19152112e-06, -2.12607709e-06, -6.37453053e-06,  5.92118947e-08,
        5.60292553e-06,  8.07502213e-06])
  message: 'Optimization terminated successfully.'
     nfev: 2071
      nit: 98
     njev: 109
   status: 0
  success: True
        x: array([ 0.08040539,  0.24061968,  0.91940012,  1.2876795 , -0.69149491,
        0.29640337,  0.62941621, -1.56657805,  0.93449428,  1.70881597,
       -0.61048917,  0.77561237,  0.05343886,  0.13121411, -0.29301663,
       -1.09183159, -0.56073779,  0.0393298 ])
