Program Begingeth
      fun: 0.38662838887313394
 hess_inv: array([[ 1.41223234e+00, -1.07446043e-01,  9.32896744e-02,
         1.80564170e-01, -3.57514277e-01,  3.58932931e-01,
         4.57390886e-01, -5.63536888e-01,  2.23489086e-01,
         5.64960909e-01, -1.18224992e+00,  1.86180201e-01,
        -5.90171184e-01, -3.76593005e-02,  7.41744341e-02,
        -4.89104305e-02, -4.01399090e-02, -2.64560042e-01],
       [-1.07446043e-01,  7.98370243e-01, -1.57402203e-01,
        -3.23791422e-01,  6.25651988e-02, -2.96049057e-01,
        -1.18630023e+00,  3.49671262e-01, -4.88541843e-01,
        -9.90973405e-01, -4.93846338e-02, -1.53440942e-01,
         5.91840990e-02, -2.71140303e-01, -2.49448849e-01,
         4.74508274e-02,  1.13790078e-02, -1.24721794e-01],
       [ 9.32896744e-02, -1.57402203e-01,  4.37606804e-01,
         1.65292000e-01,  8.82750823e-02,  1.39050671e-01,
        -4.91778939e-02, -2.03641628e-01,  5.43548199e-01,
         7.00022982e-01,  9.17935694e-02,  3.36989268e-02,
         2.54832996e-02,  1.58505580e-01, -4.97179986e-02,
         7.65187502e-02,  2.06713240e-02,  4.64273176e-02],
       [ 1.80564170e-01, -3.23791422e-01,  1.65292000e-01,
         4.55304227e-01,  7.17236169e-02,  2.38034304e-01,
         1.08314679e+00,  1.09134578e-01,  1.26399164e+00,
         1.36663812e+00,  2.47029531e-01, -5.46916048e-02,
         1.53899901e-02,  1.29109624e-01,  1.39460085e-01,
         2.29959115e-02, -2.12679854e-02,  5.90314106e-02],
       [-3.57514277e-01,  6.25651988e-02,  8.82750823e-02,
         7.17236169e-02,  3.90515941e-01, -7.27223771e-02,
        -2.57797159e-01,  7.60404587e-01,  7.50097481e-01,
         2.58006928e-01,  1.00868901e+00, -1.56465621e-01,
         2.40155415e-01,  9.32159192e-02, -6.38629910e-02,
         8.84504502e-02,  1.45129381e-02,  8.62800842e-02],
       [ 3.58932931e-01, -2.96049057e-01,  1.39050671e-01,
         2.38034304e-01, -7.27223771e-02,  4.19105623e-01,
         1.01446841e+00, -4.84939801e-01,  1.26622570e+00,
         8.93659527e-01, -6.86508724e-02,  4.84541605e-01,
        -2.13874997e-01,  1.38950965e-01,  1.59210514e-01,
        -4.75593964e-02,  5.49974675e-02, -9.57587020e-03],
       [ 4.57390886e-01, -1.18630023e+00, -4.91778939e-02,
         1.08314679e+00, -2.57797159e-01,  1.01446841e+00,
         7.76162238e+00, -1.44550293e+00,  4.44683591e+00,
         3.04098181e+00,  7.48763013e-01,  5.55000621e-01,
        -5.27611752e-01,  3.55461743e-01,  6.37898728e-01,
        -2.96609704e-01,  2.77399321e-01,  3.90902355e-02],
       [-5.63536888e-01,  3.49671262e-01, -2.03641628e-01,
         1.09134578e-01,  7.60404587e-01, -4.84939801e-01,
        -1.44550293e+00,  3.68537605e+00,  3.61792790e-01,
        -2.14637233e-02,  1.43769335e+00, -1.06248836e+00,
         5.62165581e-01, -1.12764631e-02, -7.52700882e-02,
         1.57960801e-01, -7.20038032e-02,  1.70182436e-01],
       [ 2.23489086e-01, -4.88541843e-01,  5.43548199e-01,
         1.26399164e+00,  7.50097481e-01,  1.26622570e+00,
         4.44683591e+00,  3.61792790e-01,  9.09009653e+00,
         4.51973874e+00,  2.77297352e+00,  7.34409587e-01,
        -1.50917613e-01,  4.83003880e-01,  3.95985492e-01,
        -5.00371333e-03,  2.44657476e-01,  1.79111090e-01],
       [ 5.64960909e-01, -9.90973405e-01,  7.00022982e-01,
         1.36663812e+00,  2.58006928e-01,  8.93659527e-01,
         3.04098181e+00, -2.14637233e-02,  4.51973874e+00,
         4.49354090e+00,  8.57642559e-01,  1.38086012e-01,
        -4.52494298e-02,  4.81720498e-01,  3.96189173e-01,
         5.27265638e-02,  1.42612806e-03,  1.72617672e-01],
       [-1.18224992e+00, -4.93846338e-02,  9.17935694e-02,
         2.47029531e-01,  1.00868901e+00, -6.86508724e-02,
         7.48763013e-01,  1.43769335e+00,  2.77297352e+00,
         8.57642559e-01,  3.19682573e+00, -2.13948126e-01,
         5.80911792e-01,  2.78812286e-01, -6.43024568e-02,
         1.36778187e-01,  1.01056701e-01,  2.55871733e-01],
       [ 1.86180201e-01, -1.53440942e-01,  3.36989268e-02,
        -5.46916048e-02, -1.56465621e-01,  4.84541605e-01,
         5.55000621e-01, -1.06248836e+00,  7.34409587e-01,
         1.38086012e-01, -2.13948126e-01,  1.17221978e+00,
        -2.58507452e-01,  1.20443301e-01,  1.20052245e-01,
        -7.52054129e-02,  1.25813585e-01, -5.00306909e-02],
       [-5.90171184e-01,  5.91840990e-02,  2.54832996e-02,
         1.53899901e-02,  2.40155415e-01, -2.13874997e-01,
        -5.27611752e-01,  5.62165581e-01, -1.50917613e-01,
        -4.52494298e-02,  5.80911792e-01, -2.58507452e-01,
         3.76782744e-01,  1.80978454e-02, -5.78269911e-02,
         1.02844246e-01, -3.99495471e-02,  1.37718933e-01],
       [-3.76593005e-02, -2.71140303e-01,  1.58505580e-01,
         1.29109624e-01,  9.32159192e-02,  1.38950965e-01,
         3.55461743e-01, -1.12764631e-02,  4.83003880e-01,
         4.81720498e-01,  2.78812286e-01,  1.20443301e-01,
         1.80978454e-02,  1.75429576e-01,  5.96552290e-02,
         1.07963759e-02,  4.51392323e-02,  6.62279042e-02],
       [ 7.41744341e-02, -2.49448849e-01, -4.97179986e-02,
         1.39460085e-01, -6.38629910e-02,  1.59210514e-01,
         6.37898728e-01, -7.52700882e-02,  3.95985492e-01,
         3.96189173e-01, -6.43024568e-02,  1.20052245e-01,
        -5.78269911e-02,  5.96552290e-02,  1.62163988e-01,
        -4.90105146e-02, -1.20202528e-03,  5.15577273e-02],
       [-4.89104305e-02,  4.74508274e-02,  7.65187502e-02,
         2.29959115e-02,  8.84504502e-02, -4.75593964e-02,
        -2.96609704e-01,  1.57960801e-01, -5.00371333e-03,
         5.27265638e-02,  1.36778187e-01, -7.52054129e-02,
         1.02844246e-01,  1.07963759e-02, -4.90105146e-02,
         7.66006049e-02, -2.11780036e-02,  1.74082055e-02],
       [-4.01399090e-02,  1.13790078e-02,  2.06713240e-02,
        -2.12679854e-02,  1.45129381e-02,  5.49974675e-02,
         2.77399321e-01, -7.20038032e-02,  2.44657476e-01,
         1.42612806e-03,  1.01056701e-01,  1.25813585e-01,
        -3.99495471e-02,  4.51392323e-02, -1.20202528e-03,
        -2.11780036e-02,  7.80989629e-02, -3.70177877e-03],
       [-2.64560042e-01, -1.24721794e-01,  4.64273176e-02,
         5.90314106e-02,  8.62800842e-02, -9.57587020e-03,
         3.90902355e-02,  1.70182436e-01,  1.79111090e-01,
         1.72617672e-01,  2.55871733e-01, -5.00306909e-02,
         1.37718933e-01,  6.62279042e-02,  5.15577273e-02,
         1.74082055e-02, -3.70177877e-03,  1.15507487e-01]])
      jac: array([ 1.23060821e-05,  4.46420678e-05,  8.84011383e-05, -4.11152594e-05,
       -2.10638914e-04, -6.01722376e-05, -2.16086408e-06,  2.13939977e-05,
        5.94228370e-06,  4.18035976e-06,  5.90050231e-05,  1.40765177e-05,
        3.65970217e-05,  5.32829336e-05,  1.32123201e-04,  9.23890594e-06,
       -3.42718446e-05, -7.11090446e-05])
  message: 'Desired error not necessarily achieved due to precision loss.'
     nfev: 2273
      nit: 78
     njev: 119
   status: 2
  success: False
        x: array([ 0.08504699,  0.02667315,  0.81005838,  1.43270073, -1.05318754,
        0.33598536,  0.76275086, -2.18889329,  0.72294652,  1.79112994,
       -0.98638659,  0.9522892 ,  0.05083591, -0.02300733, -0.22539746,
       -1.31598886, -0.66109284,  0.05079733])
