Program Begingeth
      fun: 0.2719457386306448
 hess_inv: array([[ 3.48654652e+00,  8.80708876e-01,  2.92531738e+00,
         2.24696602e+00,  5.96789155e-01,  8.85622812e-01,
         6.71381882e+00,  2.36730737e+00, -3.80030971e+00,
        -5.91246271e-02,  7.22709838e-02,  3.45744726e-02,
         4.98619316e-01, -1.60743295e-01, -1.00626587e-03,
         2.23612004e-01, -3.00831365e-01,  1.25291825e-01],
       [ 8.80708876e-01,  1.12892780e+00,  1.34837143e+00,
         6.23745190e-01,  5.92863032e-01,  4.68431057e-01,
         3.26777683e+00,  1.16326073e+00, -1.65803526e+00,
         1.24576384e-01,  2.83826456e-02,  1.28669712e-01,
         2.82411110e-02,  2.16718232e-02,  1.34755707e-02,
         3.53059530e-02, -1.52382175e-02,  3.39721458e-02],
       [ 2.92531738e+00,  1.34837143e+00,  5.09316892e+00,
         2.15336801e+00,  9.09011975e-01,  2.04021777e+00,
         9.09394435e+00,  4.97253604e+00, -3.59502042e+00,
         2.02142359e-01, -4.57861695e-01, -1.80906138e-03,
         3.34282485e-01, -1.03630657e-01,  3.09728553e-01,
         9.11495024e-02, -2.93968093e-01,  2.28111918e-01],
       [ 2.24696602e+00,  6.23745190e-01,  2.15336801e+00,
         1.49446344e+00,  4.18387855e-01,  6.99053897e-01,
         4.82133556e+00,  1.80244621e+00, -2.46987934e+00,
        -3.86873316e-02,  3.35195833e-03,  3.09016818e-03,
         3.30571946e-01, -1.14911646e-01,  3.66480143e-02,
         1.40178518e-01, -2.10243854e-01,  1.02941855e-01],
       [ 5.96789155e-01,  5.92863032e-01,  9.09011975e-01,
         4.18387855e-01,  3.57817565e-01,  3.35667796e-01,
         1.87931329e+00,  1.11357125e+00, -9.99324451e-01,
         7.19248915e-02, -3.12531529e-02,  7.90101270e-02,
         5.23935523e-02,  2.42091702e-02,  3.34637322e-02,
         3.94749252e-02, -2.05126669e-02,  3.76441617e-02],
       [ 8.85622812e-01,  4.68431057e-01,  2.04021777e+00,
         6.99053897e-01,  3.35667796e-01,  8.92643969e-01,
         3.22629199e+00,  2.15091441e+00, -9.76086876e-01,
         1.44438604e-01, -2.99366129e-01, -8.41398129e-03,
         8.51687778e-02, -1.95338724e-02,  1.72753945e-01,
         8.92248146e-03, -1.09309380e-01,  9.78191785e-02],
       [ 6.71381882e+00,  3.26777683e+00,  9.09394435e+00,
         4.82133556e+00,  1.87931329e+00,  3.22629199e+00,
         2.07051868e+01,  7.17554622e+00, -8.85600519e+00,
         1.73973070e-01, -5.28038155e-02, -1.36293617e-02,
         7.36982249e-01, -3.77388308e-01,  2.76670441e-01,
         2.42130575e-01, -5.75359887e-01,  3.63907832e-01],
       [ 2.36730737e+00,  1.16326073e+00,  4.97253604e+00,
         1.80244621e+00,  1.11357125e+00,  2.15091441e+00,
         7.17554622e+00,  8.38195181e+00, -3.20484540e+00,
         2.67107625e-01, -7.21372739e-01, -1.16312924e-02,
         3.53062428e-01,  4.12734064e-02,  5.24209905e-01,
         1.13282550e-01, -2.45861279e-01,  3.24723239e-01],
       [-3.80030971e+00, -1.65803526e+00, -3.59502042e+00,
        -2.46987934e+00, -9.99324451e-01, -9.76086876e-01,
        -8.85600519e+00, -3.20484540e+00,  6.37498546e+00,
         2.17355492e-01, -1.74972371e-01, -4.90776855e-02,
        -4.77495290e-01,  5.37032682e-02, -3.64323303e-02,
        -2.15050641e-01,  1.50552790e-01, -1.95627902e-01],
       [-5.91246271e-02,  1.24576384e-01,  2.02142359e-01,
        -3.86873316e-02,  7.19248915e-02,  1.44438604e-01,
         1.73973070e-01,  2.67107625e-01,  2.17355492e-01,
         6.39441839e-01,  3.85756364e-02, -3.60413495e-02,
        -1.85148591e-01, -1.97019971e-02, -7.74540715e-02,
        -3.31206161e-02, -1.81763924e-02, -1.79265687e-01],
       [ 7.22709838e-02,  2.83826456e-02, -4.57861695e-01,
         3.35195833e-03, -3.12531529e-02, -2.99366129e-01,
        -5.28038155e-02, -7.21372739e-01, -1.74972371e-01,
         3.85756364e-02,  5.27153285e-01, -4.36997609e-03,
        -1.51811294e-02, -1.02713760e-01, -1.87094596e-01,
         2.16824353e-02,  8.17278374e-03, -1.36306148e-01],
       [ 3.45744726e-02,  1.28669712e-01, -1.80906138e-03,
         3.09016818e-03,  7.90101270e-02, -8.41398129e-03,
        -1.36293617e-02, -1.16312924e-02, -4.90776855e-02,
        -3.60413495e-02, -4.36997609e-03,  2.29964846e-01,
         2.88303334e-02,  5.34551339e-02, -3.80693337e-02,
         4.42803365e-02,  4.04413622e-02,  2.37853952e-02],
       [ 4.98619316e-01,  2.82411110e-02,  3.34282485e-01,
         3.30571946e-01,  5.23935523e-02,  8.51687778e-02,
         7.36982249e-01,  3.53062428e-01, -4.77495290e-01,
        -1.85148591e-01, -1.51811294e-02,  2.88303334e-02,
         1.67584334e-01, -2.08300625e-02,  2.43264171e-02,
         8.05458419e-02, -5.61679222e-02,  7.32910424e-02],
       [-1.60743295e-01,  2.16718232e-02, -1.03630657e-01,
        -1.14911646e-01,  2.42091702e-02, -1.95338724e-02,
        -3.77388308e-01,  4.12734064e-02,  5.37032682e-02,
        -1.97019971e-02, -1.02713760e-01,  5.34551339e-02,
        -2.08300625e-02,  7.60862005e-02,  2.76601989e-02,
        -4.78288738e-03,  5.79469929e-02,  2.82698851e-02],
       [-1.00626587e-03,  1.34755707e-02,  3.09728553e-01,
         3.66480143e-02,  3.34637322e-02,  1.72753945e-01,
         2.76670441e-01,  5.24209905e-01, -3.64323303e-02,
        -7.74540715e-02, -1.87094596e-01, -3.80693337e-02,
         2.43264171e-02,  2.76601989e-02,  1.17972171e-01,
        -1.42565652e-02, -8.31826228e-03,  8.95410561e-02],
       [ 2.23612004e-01,  3.53059530e-02,  9.11495024e-02,
         1.40178518e-01,  3.94749252e-02,  8.92248146e-03,
         2.42130575e-01,  1.13282550e-01, -2.15050641e-01,
        -3.31206161e-02,  2.16824353e-02,  4.42803365e-02,
         8.05458419e-02, -4.78288738e-03, -1.42565652e-02,
         6.49161476e-02, -2.21972670e-02,  1.34933256e-02],
       [-3.00831365e-01, -1.52382175e-02, -2.93968093e-01,
        -2.10243854e-01, -2.05126669e-02, -1.09309380e-01,
        -5.75359887e-01, -2.45861279e-01,  1.50552790e-01,
        -1.81763924e-02,  8.17278374e-03,  4.04413622e-02,
        -5.61679222e-02,  5.79469929e-02, -8.31826228e-03,
        -2.21972670e-02,  8.22854289e-02, -3.99055224e-03],
       [ 1.25291825e-01,  3.39721458e-02,  2.28111918e-01,
         1.02941855e-01,  3.76441617e-02,  9.78191785e-02,
         3.63907832e-01,  3.24723239e-01, -1.95627902e-01,
        -1.79265687e-01, -1.36306148e-01,  2.37853952e-02,
         7.32910424e-02,  2.82698851e-02,  8.95410561e-02,
         1.34933256e-02, -3.99055224e-03,  1.12210513e-01]])
      jac: array([-3.33118718e-04,  3.68509667e-04,  1.59151581e-04,  4.96349628e-04,
       -9.88971127e-04, -4.99853122e-04,  4.43556303e-05,  3.20417766e-05,
        2.63396712e-05,  4.73284375e-05,  7.91696338e-05, -2.44471110e-06,
        1.37951132e-04,  6.37762435e-04, -6.67188527e-05, -7.42824321e-05,
       -2.05995221e-04, -1.80374234e-05])
  message: 'Maximum number of iterations has been exceeded.'
     nfev: 2280
      nit: 100
     njev: 120
   status: 1
  success: False
        x: array([ 1.99936805, -1.16435175, -0.55623453,  1.67948025, -1.18613557,
       -0.34773278,  1.35508848, -1.70622736, -1.14710964,  0.03654883,
        0.51397966,  1.2089371 ,  0.02090696,  0.19840639, -0.31348221,
       -1.12518107, -0.24801768, -0.01562741])
