Program Begingeth
      fun: 0.35015754451240283
 hess_inv: array([[ 5.31298726e+00, -1.34304910e-01, -1.90538752e-01,
         2.51354728e+00, -7.09415442e-02,  7.51142359e-01,
         5.44016256e+00, -6.61596114e-01,  6.01752736e+00,
         7.49859570e-01, -6.62809498e-01,  6.24125733e-01,
        -2.21223451e-01,  3.20918382e-01,  2.88316831e-01,
         4.49263874e-02,  1.96591961e-01,  1.26198994e-02],
       [-1.34304910e-01,  2.19348101e+00, -1.66337768e-01,
        -1.05063348e-01,  1.08344477e+00, -1.68039930e-01,
        -1.05951187e+00,  1.18924296e+00,  1.95989567e+00,
        -8.47470842e-01,  2.75423140e-01, -5.47336305e-02,
         2.87848975e-01,  4.11945523e-02, -1.57996577e-01,
         1.15751767e-01,  3.46202227e-02,  9.21526833e-02],
       [-1.90538752e-01, -1.66337768e-01,  1.40582283e+00,
        -1.85189726e-01, -1.52686592e-01,  6.64208037e-01,
         1.23099754e-01, -1.97089390e+00, -1.79382445e-01,
        -1.62569763e-01, -1.23617064e-01,  1.83893249e-01,
        -8.70995360e-02,  1.66113688e-01,  7.44518474e-02,
        -6.66176254e-03,  1.23094097e-01,  4.67873211e-02],
       [ 2.51354728e+00, -1.05063348e-01, -1.85189726e-01,
         1.21632561e+00, -6.12396005e-02,  3.15469330e-01,
         2.91306242e+00, -2.37106488e-01,  2.75397087e+00,
         3.71636751e-01, -3.45783182e-01,  2.60459059e-01,
        -1.09255225e-01,  1.41018271e-01,  1.46534486e-01,
         1.66216592e-02,  8.91980796e-02, -3.78785722e-04],
       [-7.09415442e-02,  1.08344477e+00, -1.52686592e-01,
        -6.12396005e-02,  6.15371271e-01, -1.44616922e-01,
        -1.64975525e+00,  1.30421847e+00,  9.65536471e-01,
        -3.92395771e-01,  2.05904242e-01, -7.02527901e-02,
         2.31245706e-01, -2.61138097e-03, -8.40792715e-02,
         9.24398689e-02, -3.62893203e-02,  6.83693584e-02],
       [ 7.51142359e-01, -1.68039930e-01,  6.64208037e-01,
         3.15469330e-01, -1.44616922e-01,  4.83352500e-01,
         1.49495928e+00, -1.30444173e+00,  9.59287948e-01,
         1.34415643e-01, -2.06562380e-01,  1.97044532e-01,
        -1.46272889e-01,  1.44473763e-01,  9.65760660e-02,
        -1.93148870e-02,  1.17490965e-01,  7.07785507e-03],
       [ 5.44016256e+00, -1.05951187e+00,  1.23099754e-01,
         2.91306242e+00, -1.64975525e+00,  1.49495928e+00,
         2.73709471e+01, -9.80252956e+00,  5.69544762e+00,
         1.14594800e+00, -1.88021099e+00,  1.03437815e+00,
        -1.89750805e+00,  7.48878915e-01,  4.43742172e-01,
        -5.75859244e-01,  1.22909953e+00, -5.34422760e-01],
       [-6.61596114e-01,  1.18924296e+00, -1.97089390e+00,
        -2.37106488e-01,  1.30421847e+00, -1.30444173e+00,
        -9.80252956e+00,  1.04001387e+01,  6.69204364e-01,
        -2.28311471e-01,  9.15031234e-01, -1.30393015e+00,
         8.95597991e-01, -4.86473729e-01, -1.10285283e-01,
         1.88314205e-01, -5.40879615e-01,  1.70480368e-01],
       [ 6.01752736e+00,  1.95989567e+00, -1.79382445e-01,
         2.75397087e+00,  9.65536471e-01,  9.59287948e-01,
         5.69544762e+00,  6.69204364e-01,  1.24003099e+01,
         4.26337838e-01,  3.51415235e-01,  4.21185519e-01,
        -1.48450467e-01,  2.69217509e-01,  1.12321821e-01,
         1.49500666e-01,  3.39302761e-01,  3.78171942e-02],
       [ 7.49859570e-01, -8.47470842e-01, -1.62569763e-01,
         3.71636751e-01, -3.92395771e-01,  1.34415643e-01,
         1.14594800e+00, -2.28311471e-01,  4.26337838e-01,
         1.47725382e+00,  6.15529120e-02,  1.43407739e-02,
        -3.85713148e-01, -4.95514510e-02, -2.32421452e-02,
        -5.65753354e-02, -2.14922075e-02, -2.70652346e-01],
       [-6.62809498e-01,  2.75423140e-01, -1.23617064e-01,
        -3.45783182e-01,  2.05904242e-01, -2.06562380e-01,
        -1.88021099e+00,  9.15031234e-01,  3.51415235e-01,
         6.15529120e-02,  8.71258654e-01, -2.11311516e-01,
         8.50303634e-02, -2.14359891e-01, -1.95339335e-01,
         5.52252041e-02, -7.27318863e-02, -9.43453144e-02],
       [ 6.24125733e-01, -5.47336305e-02,  1.83893249e-01,
         2.60459059e-01, -7.02527901e-02,  1.97044532e-01,
         1.03437815e+00, -1.30393015e+00,  4.21185519e-01,
         1.43407739e-02, -2.11311516e-01,  5.65119117e-01,
        -3.82582898e-02,  1.48433223e-01, -1.31599715e-02,
         5.10846457e-02,  8.97388799e-02,  2.86753087e-02],
       [-2.21223451e-01,  2.87848975e-01, -8.70995360e-02,
        -1.09255225e-01,  2.31245706e-01, -1.46272889e-01,
        -1.89750805e+00,  8.95597991e-01, -1.48450467e-01,
        -3.85713148e-01,  8.50303634e-02, -3.82582898e-02,
         2.64665267e-01, -3.50391013e-02, -1.36188989e-02,
         9.44230019e-02, -9.13706863e-02,  1.07949345e-01],
       [ 3.20918382e-01,  4.11945523e-02,  1.66113688e-01,
         1.41018271e-01, -2.61138097e-03,  1.44473763e-01,
         7.48878915e-01, -4.86473729e-01,  2.69217509e-01,
        -4.95514510e-02, -2.14359891e-01,  1.48433223e-01,
        -3.50391013e-02,  1.16672930e-01,  4.19001790e-02,
        -1.52356971e-03,  7.90692072e-02,  2.80917896e-02],
       [ 2.88316831e-01, -1.57996577e-01,  7.44518474e-02,
         1.46534486e-01, -8.40792715e-02,  9.65760660e-02,
         4.43742172e-01, -1.10285283e-01,  1.12321821e-01,
        -2.32421452e-02, -1.95339335e-01, -1.31599715e-02,
        -1.36188989e-02,  4.19001790e-02,  9.94883787e-02,
        -2.03595056e-02,  1.10209028e-02,  5.40084818e-02],
       [ 4.49263874e-02,  1.15751767e-01, -6.66176254e-03,
         1.66216592e-02,  9.24398689e-02, -1.93148870e-02,
        -5.75859244e-01,  1.88314205e-01,  1.49500666e-01,
        -5.65753354e-02,  5.52252041e-02,  5.10846457e-02,
         9.44230019e-02, -1.52356971e-03, -2.03595056e-02,
         6.77460995e-02, -2.63248351e-02,  2.44523172e-02],
       [ 1.96591961e-01,  3.46202227e-02,  1.23094097e-01,
         8.91980796e-02, -3.62893203e-02,  1.17490965e-01,
         1.22909953e+00, -5.40879615e-01,  3.39302761e-01,
        -2.14922075e-02, -7.27318863e-02,  8.97388799e-02,
        -9.13706863e-02,  7.90692072e-02,  1.10209028e-02,
        -2.63248351e-02,  1.10650574e-01, -1.54030668e-02],
       [ 1.26198994e-02,  9.21526833e-02,  4.67873211e-02,
        -3.78785722e-04,  6.83693584e-02,  7.07785507e-03,
        -5.34422760e-01,  1.70480368e-01,  3.78171942e-02,
        -2.70652346e-01, -9.43453144e-02,  2.86753087e-02,
         1.07949345e-01,  2.80917896e-02,  5.40084818e-02,
         2.44523172e-02, -1.54030668e-02,  1.07913949e-01]])
      jac: array([ 8.01247957e-05, -1.34185256e-05, -3.19536990e-05, -1.71226737e-04,
        2.45022521e-05,  4.89164265e-05, -4.32986980e-07,  5.16142684e-06,
       -8.32445224e-06, -3.17864253e-05,  4.33712325e-05,  2.24043006e-06,
       -9.49995638e-05,  4.87939319e-05,  1.30217688e-04,  1.28856185e-04,
       -3.35291054e-05, -3.06795330e-05])
  message: 'Maximum number of iterations has been exceeded.'
     nfev: 2204
      nit: 100
     njev: 116
   status: 1
  success: False
        x: array([ 1.82680780e+00, -1.03727884e+00,  6.36497735e-01,  1.68800299e+00,
       -1.10315047e+00,  3.23213011e-01,  6.39961837e-01, -1.65823500e+00,
        7.76420602e-01,  4.25946823e-04,  3.83822658e-01,  1.17460939e+00,
       -2.99200069e-02,  1.17784443e-01, -2.41018476e-01, -1.35139764e+00,
       -4.60870643e-01,  1.97395206e-02])
