Program Begingeth
      fun: 0.35652712710206225
 hess_inv: array([[ 8.20559812e-01, -1.59439567e-01,  3.50645252e-02,
        -1.61046135e-01,  1.66855395e-01,  3.52009815e-01,
        -3.19963590e-01,  3.08901993e-01,  1.39316599e-01,
        -5.80233170e-01,  2.92964479e-01,  6.48073714e-01,
        -3.34399703e-01,  7.76194248e-02, -9.89392993e-03,
         1.73382257e-02, -9.18115396e-02, -2.66847574e-01],
       [-1.59439567e-01,  5.69042279e-01, -1.29149386e-01,
         3.03307587e-01, -2.50739183e-02, -4.67888393e-01,
         1.10418374e+00,  5.99875735e-01,  1.31023519e-01,
         1.08324345e+00, -1.09548525e-01, -1.10657732e+00,
         6.46104675e-02, -2.06743847e-01, -2.18620947e-01,
         1.48192202e-02,  1.00455015e-01, -6.55723226e-02],
       [ 3.50645252e-02, -1.29149386e-01,  3.02313063e-01,
        -1.86334130e-01,  6.85522083e-02,  1.49815152e-01,
        -4.23328145e-01, -2.24989829e-01, -1.49559301e-01,
        -6.23666795e-01,  7.78193751e-03,  4.49679802e-01,
         1.65035948e-02,  1.40581725e-01, -4.81880732e-02,
         6.67821350e-02,  1.12179127e-02,  2.24165363e-02],
       [-1.61046135e-01,  3.03307587e-01, -1.86334130e-01,
         6.40520691e-01,  1.43568647e-01, -4.53419117e-01,
         1.87015814e+00,  1.22836637e+00,  9.42116471e-01,
         1.85091400e+00,  4.02196200e-01, -1.58803721e+00,
         1.98262295e-01, -1.21694558e-01, -3.82256594e-02,
         4.90092065e-02,  4.57909461e-02,  6.80830085e-02],
       [ 1.66855395e-01, -2.50739183e-02,  6.85522083e-02,
         1.43568647e-01,  3.71606725e-01, -3.09188650e-02,
         5.90032434e-01,  1.03975725e+00,  5.49777639e-01,
         2.72216921e-01,  8.18194679e-01, -5.69672331e-01,
         2.87108220e-02,  1.39306085e-01,  2.57430129e-02,
         7.62084318e-02,  1.87025015e-02, -6.65717669e-03],
       [ 3.52009815e-01, -4.67888393e-01,  1.49815152e-01,
        -4.53419117e-01, -3.09188650e-02,  7.08593622e-01,
        -1.67234881e+00, -1.03634862e+00, -2.28961627e-01,
        -1.55880123e+00,  5.59052647e-02,  1.99360575e+00,
        -1.66767182e-01,  1.08682570e-01,  1.93555356e-01,
        -4.32202667e-02, -1.55738778e-01, -3.07877295e-02],
       [-3.19963590e-01,  1.10418374e+00, -4.23328145e-01,
         1.87015814e+00,  5.90032434e-01, -1.67234881e+00,
         7.01819354e+00,  4.25725957e+00,  2.67418268e+00,
         5.25580909e+00,  1.20652093e+00, -5.76687406e+00,
         4.78488468e-01, -2.52830474e-01, -3.72002506e-01,
         1.80425287e-01,  2.40256269e-01,  3.78569192e-02],
       [ 3.08901993e-01,  5.99875735e-01, -2.24989829e-01,
         1.22836637e+00,  1.03975725e+00, -1.03634862e+00,
         4.25725957e+00,  6.81668669e+00,  2.72037121e+00,
         4.44179832e+00,  1.95124417e+00, -4.96484044e+00,
        -1.24752687e-01,  1.74166648e-01, -5.67444480e-02,
         8.24979868e-02,  3.96032729e-01, -5.18791131e-02],
       [ 1.39316599e-01,  1.31023519e-01, -1.49559301e-01,
         9.42116471e-01,  5.49777639e-01, -2.28961627e-01,
         2.67418268e+00,  2.72037121e+00,  3.01581324e+00,
         2.62736929e+00,  1.51125630e+00, -1.99948981e+00,
         1.67377715e-01, -1.80098970e-02,  1.06977772e-01,
         6.93283644e-02,  1.67795787e-02,  5.31490078e-02],
       [-5.80233170e-01,  1.08324345e+00, -6.23666795e-01,
         1.85091400e+00,  2.72216921e-01, -1.55880123e+00,
         5.25580909e+00,  4.44179832e+00,  2.62736929e+00,
         6.31748525e+00,  6.98226261e-01, -5.35413651e+00,
         3.33763540e-01, -3.53391258e-01, -1.58692166e-01,
         2.24116186e-02,  3.91135155e-01,  1.77031617e-01],
       [ 2.92964479e-01, -1.09548525e-01,  7.78193751e-03,
         4.02196200e-01,  8.18194679e-01,  5.59052647e-02,
         1.20652093e+00,  1.95124417e+00,  1.51125630e+00,
         6.98226261e-01,  2.20891696e+00, -9.58082847e-01,
         1.26199592e-01,  2.25025522e-01,  2.06167204e-01,
         1.16395253e-01, -1.72964737e-02,  5.81437180e-02],
       [ 6.48073714e-01, -1.10657732e+00,  4.49679802e-01,
        -1.58803721e+00, -5.69672331e-01,  1.99360575e+00,
        -5.76687406e+00, -4.96484044e+00, -1.99948981e+00,
        -5.35413651e+00, -9.58082847e-01,  6.82538256e+00,
        -3.66612145e-01,  7.01409263e-02,  3.62873952e-01,
        -1.43261084e-01, -5.11389241e-01, -8.50616069e-02],
       [-3.34399703e-01,  6.46104675e-02,  1.65035948e-02,
         1.98262295e-01,  2.87108220e-02, -1.66767182e-01,
         4.78488468e-01, -1.24752687e-01,  1.67377715e-01,
         3.33763540e-01,  1.26199592e-01, -3.66612145e-01,
         2.86078080e-01, -3.89822932e-02, -4.74379542e-03,
         8.22481276e-02, -2.99006579e-02,  1.36038424e-01],
       [ 7.76194248e-02, -2.06743847e-01,  1.40581725e-01,
        -1.21694558e-01,  1.39306085e-01,  1.08682570e-01,
        -2.52830474e-01,  1.74166648e-01, -1.80098970e-02,
        -3.53391258e-01,  2.25025522e-01,  7.01409263e-02,
        -3.89822932e-02,  2.03519440e-01,  5.18051494e-02,
         2.49956710e-02,  5.54050889e-02,  2.47661078e-02],
       [-9.89392993e-03, -2.18620947e-01, -4.81880732e-02,
        -3.82256594e-02,  2.57430129e-02,  1.93555356e-01,
        -3.72002506e-01, -5.67444480e-02,  1.06977772e-01,
        -1.58692166e-01,  2.06167204e-01,  3.62873952e-01,
        -4.74379542e-03,  5.18051494e-02,  1.90223076e-01,
        -4.15734990e-02, -3.57043703e-02,  9.16308591e-02],
       [ 1.73382257e-02,  1.48192202e-02,  6.67821350e-02,
         4.90092065e-02,  7.62084318e-02, -4.32202667e-02,
         1.80425287e-01,  8.24979868e-02,  6.93283644e-02,
         2.24116186e-02,  1.16395253e-01, -1.43261084e-01,
         8.22481276e-02,  2.49956710e-02, -4.15734990e-02,
         8.47675427e-02, -1.62875570e-02,  2.17924986e-03],
       [-9.18115396e-02,  1.00455015e-01,  1.12179127e-02,
         4.57909461e-02,  1.87025015e-02, -1.55738778e-01,
         2.40256269e-01,  3.96032729e-01,  1.67795787e-02,
         3.91135155e-01, -1.72964737e-02, -5.11389241e-01,
        -2.99006579e-02,  5.54050889e-02, -3.57043703e-02,
        -1.62875570e-02,  1.42688576e-01,  1.57555097e-02],
       [-2.66847574e-01, -6.55723226e-02,  2.24165363e-02,
         6.80830085e-02, -6.65717669e-03, -3.07877295e-02,
         3.78569192e-02, -5.18791131e-02,  5.31490078e-02,
         1.77031617e-01,  5.81437180e-02, -8.50616069e-02,
         1.36038424e-01,  2.47661078e-02,  9.16308591e-02,
         2.17924986e-03,  1.57555097e-02,  1.63795984e-01]])
      jac: array([ 4.31876757e-07, -3.51570624e-07,  2.48652950e-06, -6.65763741e-07,
       -9.12233252e-07, -8.44805707e-06,  1.04731039e-07,  2.01320442e-07,
        6.35787719e-07,  2.50910404e-07,  3.25665421e-07,  2.37735757e-06,
        1.26750462e-06,  9.31477118e-07,  6.56363852e-06, -3.70814490e-07,
        9.39988828e-07, -5.41455769e-06])
  message: 'Optimization terminated successfully.'
     nfev: 1520
      nit: 68
     njev: 80
   status: 0
  success: True
        x: array([ 5.71993500e-02,  2.13673783e-01,  7.90711890e-01,  1.10464002e+00,
       -1.31550445e+00, -3.21168654e-01,  2.11111840e+00, -1.19560644e+00,
       -1.32635964e+00,  8.31934376e-01, -1.87915259e+00, -7.10023880e-01,
        1.08462843e-01, -5.41695936e-02, -3.97735244e-01, -1.07487263e+00,
       -4.56524416e-01,  3.87870034e-04])
