Program Begingeth
      fun: 0.3077513334318994
 hess_inv: array([[ 5.61151959e+00, -1.84761032e+00, -8.63960995e-02,
         1.81362976e+00, -8.70077661e-01,  1.14883649e+00,
         1.70722790e+00,  1.98540932e+00,  3.92275758e+00,
        -1.57155523e-01, -1.18321477e+00,  8.22908087e-01,
        -8.65576727e-01,  4.24068283e-01,  5.55950445e-01,
        -3.37410188e-01,  5.52001854e-01, -2.36296725e-01],
       [-1.84761032e+00,  4.12369194e+00,  1.71338305e+00,
        -6.77597010e-01,  1.69986539e+00,  2.85932926e-01,
        -5.25516113e+00, -1.70295853e-01,  3.70762385e+00,
        -2.27474948e-01,  7.52079338e-01, -1.47624774e+00,
         6.03052697e-01, -4.33077349e-01, -3.41376387e-01,
         1.37601069e-01, -3.50184822e-01,  1.18504674e-02],
       [-8.63960995e-02,  1.71338305e+00,  2.76055510e+00,
        -4.29953265e-01,  6.07972815e-01,  1.03916025e+00,
        -4.85547896e+00, -2.29385038e+00,  3.88842595e+00,
        -7.19388478e-02,  9.78519890e-01, -8.15159182e-01,
         3.84643923e-02, -1.93974097e-01, -3.02535185e-01,
         1.21703627e-01, -3.96013136e-02, -1.43887616e-01],
       [ 1.81362976e+00, -6.77597010e-01, -4.29953265e-01,
         7.03287658e-01, -3.15231367e-01,  2.07646260e-01,
         1.59019783e+00,  1.07057799e+00,  8.83915458e-01,
        -8.74702417e-02, -5.36725791e-01,  2.82896277e-01,
        -2.38129663e-01,  1.32219078e-01,  2.42646656e-01,
        -1.24896051e-01,  1.65771621e-01, -2.54448300e-02],
       [-8.70077661e-01,  1.69986539e+00,  6.07972815e-01,
        -3.15231367e-01,  8.17045704e-01,  9.34494797e-02,
        -2.80883759e+00,  6.28032028e-01,  1.22460389e+00,
         9.65348224e-03,  2.23770529e-01, -5.12726140e-01,
         3.10161997e-01, -1.25690726e-01, -1.13379320e-01,
         1.00052705e-01, -1.91832171e-01,  2.01810798e-02],
       [ 1.14883649e+00,  2.85932926e-01,  1.03916025e+00,
         2.07646260e-01,  9.34494797e-02,  7.11981488e-01,
        -1.93141749e+00, -1.66893078e-01,  2.67505388e+00,
         5.73638306e-02,  2.68726216e-02, -1.07826602e-01,
        -1.84538051e-01,  2.66493993e-02,  4.35086843e-02,
        -4.00744090e-02,  6.50070657e-02, -1.00858300e-01],
       [ 1.70722790e+00, -5.25516113e+00, -4.85547896e+00,
         1.59019783e+00, -2.80883759e+00, -1.93141749e+00,
         2.09434194e+01, -2.61538541e-01, -8.19158034e+00,
        -6.94465354e-01, -1.38556254e+00,  1.39287619e+00,
        -7.58954053e-01,  3.47184554e-01,  6.00930524e-01,
        -5.00804739e-01,  8.88332472e-01,  3.66862591e-01],
       [ 1.98540932e+00, -1.70295853e-01, -2.29385038e+00,
         1.07057799e+00,  6.28032028e-01, -1.66893078e-01,
        -2.61538541e-01,  9.72292269e+00, -2.72945204e-01,
         3.43207485e-01, -1.79966239e+00,  5.69130044e-01,
         2.55318391e-02,  4.13189053e-01,  8.30662776e-01,
        -2.17142497e-01, -2.79298346e-02,  2.05009502e-01],
       [ 3.92275758e+00,  3.70762385e+00,  3.88842595e+00,
         8.83915458e-01,  1.22460389e+00,  2.67505388e+00,
        -8.19158034e+00, -2.72945204e-01,  1.56404455e+01,
        -1.22390210e-01,  4.37915139e-01, -1.31180908e+00,
        -3.61898563e-01, -4.68930163e-01,  1.37219970e-02,
        -2.55802964e-01, -8.40063313e-02, -3.54057582e-01],
       [-1.57155523e-01, -2.27474948e-01, -7.19388478e-02,
        -8.74702417e-02,  9.65348224e-03,  5.73638306e-02,
        -6.94465354e-01,  3.43207485e-01, -1.22390210e-01,
         7.57038691e-01,  2.93985523e-02,  1.18805183e-01,
        -1.20959575e-01, -3.17106107e-03, -4.43891922e-02,
         3.08950104e-02, -1.09433422e-01, -1.58816697e-01],
       [-1.18321477e+00,  7.52079338e-01,  9.78519890e-01,
        -5.36725791e-01,  2.23770529e-01,  2.68726216e-02,
        -1.38556254e+00, -1.79966239e+00,  4.37915139e-01,
         2.93985523e-02,  1.18522297e+00, -5.11455070e-01,
         1.38916929e-01, -3.02170815e-01, -3.84904464e-01,
         1.29558604e-01, -1.05724618e-01, -1.28482078e-01],
       [ 8.22908087e-01, -1.47624774e+00, -8.15159182e-01,
         2.82896277e-01, -5.12726140e-01, -1.07826602e-01,
         1.39287619e+00,  5.69130044e-01, -1.31180908e+00,
         1.18805183e-01, -5.11455070e-01,  9.19560427e-01,
        -1.80900334e-01,  2.81099273e-01,  1.23813816e-01,
         1.50461327e-03,  1.45710023e-01,  1.00711090e-02],
       [-8.65576727e-01,  6.03052697e-01,  3.84643923e-02,
        -2.38129663e-01,  3.10161997e-01, -1.84538051e-01,
        -7.58954053e-01,  2.55318391e-02, -3.61898563e-01,
        -1.20959575e-01,  1.38916929e-01, -1.80900334e-01,
         2.85208089e-01, -7.61186656e-02, -7.18291354e-02,
         1.14999221e-01, -1.40756918e-01,  8.67554818e-02],
       [ 4.24068283e-01, -4.33077349e-01, -1.93974097e-01,
         1.32219078e-01, -1.25690726e-01,  2.66493993e-02,
         3.47184554e-01,  4.13189053e-01, -4.68930163e-01,
        -3.17106107e-03, -3.02170815e-01,  2.81099273e-01,
        -7.61186656e-02,  1.68351746e-01,  9.24543732e-02,
        -1.12721217e-02,  1.03395650e-01,  2.37437564e-02],
       [ 5.55950445e-01, -3.41376387e-01, -3.02535185e-01,
         2.42646656e-01, -1.13379320e-01,  4.35086843e-02,
         6.00930524e-01,  8.30662776e-01,  1.37219970e-02,
        -4.43891922e-02, -3.84904464e-01,  1.23813816e-01,
        -7.18291354e-02,  9.24543732e-02,  1.88695336e-01,
        -7.07639216e-02,  4.82856664e-02,  6.76309047e-02],
       [-3.37410188e-01,  1.37601069e-01,  1.21703627e-01,
        -1.24896051e-01,  1.00052705e-01, -4.00744090e-02,
        -5.00804739e-01, -2.17142497e-01, -2.55802964e-01,
         3.08950104e-02,  1.29558604e-01,  1.50461327e-03,
         1.14999221e-01, -1.12721217e-02, -7.07639216e-02,
         1.03608995e-01, -5.48449487e-02,  3.12693819e-03],
       [ 5.52001854e-01, -3.50184822e-01, -3.96013136e-02,
         1.65771621e-01, -1.91832171e-01,  6.50070657e-02,
         8.88332472e-01, -2.79298346e-02, -8.40063313e-02,
        -1.09433422e-01, -1.05724618e-01,  1.45710023e-01,
        -1.40756918e-01,  1.03395650e-01,  4.82856664e-02,
        -5.48449487e-02,  1.73522317e-01, -7.56261700e-03],
       [-2.36296725e-01,  1.18504674e-02, -1.43887616e-01,
        -2.54448300e-02,  2.01810798e-02, -1.00858300e-01,
         3.66862591e-01,  2.05009502e-01, -3.54057582e-01,
        -1.58816697e-01, -1.28482078e-01,  1.00711090e-02,
         8.67554818e-02,  2.37437564e-02,  6.76309047e-02,
         3.12693819e-03, -7.56261700e-03,  1.22383581e-01]])
      jac: array([-2.95504362e-06,  1.09838065e-06,  1.77265610e-06,  5.16956848e-06,
       -1.48621856e-06, -3.57713859e-06, -3.79696274e-07, -1.61352413e-07,
        2.33516910e-07, -1.51841502e-06,  6.67614112e-07,  1.09579013e-06,
       -3.67890903e-06,  4.09561274e-06,  1.09282953e-05,  1.81965554e-06,
       -1.13945890e-06, -8.03246358e-06])
  message: 'Desired error not necessarily achieved due to precision loss.'
     nfev: 2216
      nit: 65
     njev: 116
   status: 2
  success: False
        x: array([ 0.80862923, -0.97307797,  0.59638463,  1.12540066, -1.03920904,
        0.14387026,  0.68959116, -1.79960986, -0.45413685,  0.01489734,
        0.59160036,  1.15898118,  0.00600082,  0.0956074 , -0.34681165,
       -1.08136975, -0.54118284, -0.02482841])
