Program Begingeth
      fun: 0.2202347783093854
 hess_inv: array([[ 1.08139848e+00, -1.43483123e-01,  1.17173177e-01,
         1.89475079e-01,  3.26085320e-01,  6.73691470e-01,
        -4.98477769e-01, -1.16852770e-01,  2.65325314e+00,
         9.65020476e-01,  1.24675224e+00,  1.19499078e+00,
        -4.29495737e-01,  7.29512359e-02,  1.38555579e-02,
         1.34095427e-02, -5.51421717e-02, -2.22780847e-01],
       [-1.43483123e-01,  3.45972972e-01, -7.16384132e-02,
        -1.70598151e-02, -6.90507165e-02, -3.87715973e-01,
         3.59169066e-01,  2.35604165e-01, -1.45952026e+00,
        -2.05267538e-01, -4.07028702e-01, -6.37649521e-01,
         8.17527165e-02, -1.17242591e-01, -1.48624668e-01,
         2.56851343e-02,  2.66218135e-02, -4.92079630e-02],
       [ 1.17173177e-01, -7.16384132e-02,  2.28004787e-01,
         6.16387522e-02,  1.49977668e-01,  2.38978423e-01,
        -1.65874879e-01,  6.07773071e-02,  1.07248633e+00,
         3.27285193e-01,  4.70970733e-01,  4.29321997e-01,
        -2.49751107e-02,  7.98232529e-02, -1.28125822e-02,
         3.55702993e-02,  1.57127445e-02,  1.72562158e-02],
       [ 1.89475079e-01, -1.70598151e-02,  6.16387522e-02,
         2.30046147e-01,  1.45827069e-01,  2.67006144e-01,
         2.31284110e-02, -9.17769342e-02,  1.61004294e+00,
         8.37403147e-01,  5.48252325e-01,  4.60941071e-01,
        -1.85101131e-02,  1.24537576e-02,  1.58861151e-02,
         2.89383818e-02, -3.40019928e-02, -1.43397217e-02],
       [ 3.26085320e-01, -6.90507165e-02,  1.49977668e-01,
         1.45827069e-01,  2.86627313e-01,  4.27365532e-01,
        -3.85506230e-01,  1.40628601e-01,  2.13006873e+00,
         7.58001566e-01,  9.67382582e-01,  7.25463054e-01,
        -1.19340346e-01,  8.02357151e-02,  3.03768336e-02,
         1.84832427e-02, -8.92631700e-03, -3.40043521e-02],
       [ 6.73691470e-01, -3.87715973e-01,  2.38978423e-01,
         2.67006144e-01,  4.27365532e-01,  1.18455914e+00,
        -1.34419679e+00, -4.49628094e-01,  5.37288755e+00,
         1.59310261e+00,  1.88878495e+00,  2.12717327e+00,
        -2.93767156e-01,  1.46762526e-01,  2.14714747e-01,
        -2.46403547e-02, -6.46231573e-02, -2.95137329e-02],
       [-4.98477769e-01,  3.59169066e-01, -1.65874879e-01,
         2.31284110e-02, -3.85506230e-01, -1.34419679e+00,
         3.63343287e+00,  2.59402259e-01, -6.16355800e+00,
        -1.52957507e+00, -2.01548870e+00, -2.61499067e+00,
         4.16182476e-01, -6.21806772e-02, -2.36945560e-01,
         1.34410290e-01,  4.01412530e-02,  3.60244923e-02],
       [-1.16852770e-01,  2.35604165e-01,  6.07773071e-02,
        -9.17769342e-02,  1.40628601e-01, -4.49628094e-01,
         2.59402259e-01,  1.68851495e+00, -1.66199138e+00,
        -3.12518242e-01, -2.57567319e-01, -9.10642038e-01,
         3.15819418e-02,  2.51511831e-02, -1.89296151e-01,
         3.37008614e-02,  5.96671442e-02, -4.18243552e-02],
       [ 2.65325314e+00, -1.45952026e+00,  1.07248633e+00,
         1.61004294e+00,  2.13006873e+00,  5.37288755e+00,
        -6.16355800e+00, -1.66199138e+00,  2.68911517e+01,
         8.86386879e+00,  9.05242379e+00,  9.51535683e+00,
        -1.10967037e+00,  6.17014183e-01,  8.64880595e-01,
        -7.86971088e-02, -2.66469213e-01, -9.25362350e-02],
       [ 9.65020476e-01, -2.05267538e-01,  3.27285193e-01,
         8.37403147e-01,  7.58001566e-01,  1.59310261e+00,
        -1.52957507e+00, -3.12518242e-01,  8.86386879e+00,
         3.88695563e+00,  3.01559210e+00,  2.85147942e+00,
        -3.08328074e-01,  1.01708940e-01,  1.37266549e-01,
         2.82473148e-02, -1.17031203e-01, -9.20474612e-02],
       [ 1.24675224e+00, -4.07028702e-01,  4.70970733e-01,
         5.48252325e-01,  9.67382582e-01,  1.88878495e+00,
        -2.01548870e+00, -2.57567319e-01,  9.05242379e+00,
         3.01559210e+00,  3.77668874e+00,  3.33219931e+00,
        -5.00671502e-01,  2.39355477e-01,  2.43032570e-01,
         6.10338654e-03, -8.83234416e-02, -1.07280332e-01],
       [ 1.19499078e+00, -6.37649521e-01,  4.29321997e-01,
         4.60941071e-01,  7.25463054e-01,  2.12717327e+00,
        -2.61499067e+00, -9.10642038e-01,  9.51535683e+00,
         2.85147942e+00,  3.33219931e+00,  3.98520339e+00,
        -5.23722882e-01,  2.06756176e-01,  3.44691557e-01,
        -4.51154347e-02, -1.30292105e-01, -7.33711900e-02],
       [-4.29495737e-01,  8.17527165e-02, -2.49751107e-02,
        -1.85101131e-02, -1.19340346e-01, -2.93767156e-01,
         4.16182476e-01,  3.15819418e-02, -1.10967037e+00,
        -3.08328074e-01, -5.00671502e-01, -5.23722882e-01,
         2.21775338e-01, -3.31405538e-02, -2.07173919e-02,
         3.23596422e-02,  1.27845110e-02,  9.54901866e-02],
       [ 7.29512359e-02, -1.17242591e-01,  7.98232529e-02,
         1.24537576e-02,  8.02357151e-02,  1.46762526e-01,
        -6.21806772e-02,  2.51511831e-02,  6.17014183e-01,
         1.01708940e-01,  2.39355477e-01,  2.06756176e-01,
        -3.31405538e-02,  8.73189435e-02,  3.72721574e-02,
         4.36199106e-03,  1.95410819e-02,  1.79068198e-02],
       [ 1.38555579e-02, -1.48624668e-01, -1.28125822e-02,
         1.58861151e-02,  3.03768336e-02,  2.14714747e-01,
        -2.36945560e-01, -1.89296151e-01,  8.64880595e-01,
         1.37266549e-01,  2.43032570e-01,  3.44691557e-01,
        -2.07173919e-02,  3.72721574e-02,  1.17773841e-01,
        -2.39224649e-02, -1.87075441e-02,  4.87973558e-02],
       [ 1.34095427e-02,  2.56851343e-02,  3.55702993e-02,
         2.89383818e-02,  1.84832427e-02, -2.46403547e-02,
         1.34410290e-01,  3.37008614e-02, -7.86971088e-02,
         2.82473148e-02,  6.10338654e-03, -4.51154347e-02,
         3.23596422e-02,  4.36199106e-03, -2.39224649e-02,
         3.73965819e-02,  8.42577657e-04, -1.11590247e-04],
       [-5.51421717e-02,  2.66218135e-02,  1.57127445e-02,
        -3.40019928e-02, -8.92631700e-03, -6.46231573e-02,
         4.01412530e-02,  5.96671442e-02, -2.66469213e-01,
        -1.17031203e-01, -8.83234416e-02, -1.30292105e-01,
         1.27845110e-02,  1.95410819e-02, -1.87075441e-02,
         8.42577657e-04,  3.46338852e-02,  6.28710771e-03],
       [-2.22780847e-01, -4.92079630e-02,  1.72562158e-02,
        -1.43397217e-02, -3.40043521e-02, -2.95137329e-02,
         3.60244923e-02, -4.18243552e-02, -9.25362350e-02,
        -9.20474612e-02, -1.07280332e-01, -7.33711900e-02,
         9.54901866e-02,  1.79068198e-02,  4.87973558e-02,
        -1.11590247e-04,  6.28710771e-03,  8.85671808e-02]])
      jac: array([ 2.05533738e-05, -2.79869276e-04, -1.54419625e-04,  2.89746005e-04,
        9.03156994e-04,  2.97090130e-04, -5.70954395e-05, -8.90459928e-05,
       -2.45857038e-05, -5.66108271e-05, -2.23978428e-04, -7.01042928e-05,
        3.85632267e-05, -6.51355636e-04, -3.06478361e-04, -9.53418826e-05,
        4.41889673e-04,  1.84705399e-04])
  message: 'Maximum number of iterations has been exceeded.'
     nfev: 2185
      nit: 100
     njev: 115
   status: 1
  success: False
        x: array([ 0.0908157 ,  0.30108518,  0.73287812,  1.68983001, -0.77041643,
       -0.13931203,  2.67845619, -0.45467878,  0.3377864 ,  2.0288729 ,
       -0.8015638 , -0.72258339,  0.15611568,  0.1832283 , -0.26786969,
       -1.26210584, -0.09568641,  0.05083   ])
