Program Begingeth
      fun: 0.25116165965617276
 hess_inv: array([[ 1.35532343e+00, -2.87413232e-03,  2.25251701e-02,
        -3.20656265e-02,  2.04443523e-01,  3.98206059e-01,
        -2.97273820e-02, -3.78149370e-01,  9.00738179e-01,
         1.93546965e-02,  8.75763684e-01,  5.88853004e-01,
        -5.97326034e-01,  1.65113823e-02, -4.11228257e-03,
        -6.58816680e-03, -2.81577039e-02, -2.75033425e-01],
       [-2.87413232e-03,  3.22480086e-01, -5.27179987e-02,
         1.64493636e-02, -4.13310967e-03, -2.68543017e-01,
         2.82590824e-01,  2.63943604e-01, -8.93211444e-01,
        -1.14610293e-02, -1.42993591e-01, -4.86815600e-01,
         1.08513053e-02, -1.09576389e-01, -1.21540570e-01,
         1.38174917e-02,  1.88017903e-02, -6.53789138e-02],
       [ 2.25251701e-02, -5.27179987e-02,  2.66298517e-01,
         4.53250624e-02,  1.43833184e-01,  1.48329458e-01,
        -6.14596353e-02,  1.80636170e-01,  6.34015847e-01,
         2.32916893e-01,  3.49626251e-01,  3.06067823e-01,
         1.68739316e-02,  9.50460356e-02, -5.03808804e-02,
         4.27441064e-02,  3.11049733e-02,  3.06425093e-02],
       [-3.20656265e-02,  1.64493636e-02,  4.53250624e-02,
         2.58118762e-01,  5.60826551e-02,  1.34587543e-01,
         1.23395683e-01, -1.37505804e-01,  9.04746785e-01,
         7.96565571e-01,  1.58590213e-01,  3.79540761e-01,
         1.21343384e-01,  4.72032976e-03, -2.58620317e-02,
         5.45070146e-02, -2.77015406e-02,  7.09437439e-03],
       [ 2.04443523e-01, -4.13310967e-03,  1.43833184e-01,
         5.60826551e-02,  2.11748248e-01,  2.09196019e-01,
        -1.62790237e-01,  2.07957797e-01,  1.00514967e+00,
         3.41075267e-01,  6.10477499e-01,  3.75344106e-01,
        -7.70039889e-02,  7.56072276e-02, -2.31848532e-02,
         2.49319369e-02,  2.11658899e-02, -2.80995991e-02],
       [ 3.98206059e-01, -2.68543017e-01,  1.48329458e-01,
         1.34587543e-01,  2.09196019e-01,  8.13895985e-01,
        -1.10740181e+00, -7.51860475e-01,  3.34783549e+00,
         9.04151603e-01,  1.06221853e+00,  1.69444255e+00,
        -1.55079170e-01,  1.11781276e-01,  1.28700486e-01,
         9.45055243e-04, -3.16984817e-02, -2.01980927e-02],
       [-2.97273820e-02,  2.82590824e-01, -6.14596353e-02,
         1.23395683e-01, -1.62790237e-01, -1.10740181e+00,
         3.96194537e+00,  8.87061612e-01, -4.97788264e+00,
        -1.07703021e+00, -1.30202130e+00, -2.63398977e+00,
         1.74901062e-01, -2.57386102e-02, -1.54078562e-01,
         1.03078076e-01,  3.06646324e-02, -2.65259782e-03],
       [-3.78149370e-01,  2.63943604e-01,  1.80636170e-01,
        -1.37505804e-01,  2.07957797e-01, -7.51860475e-01,
         8.87061612e-01,  2.77213876e+00, -2.61825700e+00,
        -5.76706481e-01, -4.02958684e-01, -1.67986876e+00,
         1.05500843e-01,  7.24632023e-02, -2.65134299e-01,
         3.36495782e-02,  1.09293169e-01,  1.35352852e-02],
       [ 9.00738179e-01, -8.93211444e-01,  6.34015847e-01,
         9.04746785e-01,  1.00514967e+00,  3.34783549e+00,
        -4.97788264e+00, -2.61825700e+00,  1.59316404e+01,
         5.19006756e+00,  4.59088981e+00,  7.07741334e+00,
        -2.51476421e-01,  4.67089617e-01,  4.08043966e-01,
         5.24834083e-02, -8.80271934e-02, -7.72508524e-03],
       [ 1.93546965e-02, -1.14610293e-02,  2.32916893e-01,
         7.96565571e-01,  3.41075267e-01,  9.04151603e-01,
        -1.07703021e+00, -5.76706481e-01,  5.19006756e+00,
         3.16498990e+00,  1.26040086e+00,  2.27504661e+00,
         2.38308077e-01,  5.74210666e-02, -6.37220020e-02,
         1.21198647e-01, -7.00320382e-02, -1.02634481e-02],
       [ 8.75763684e-01, -1.42993591e-01,  3.49626251e-01,
         1.58590213e-01,  6.10477499e-01,  1.06221853e+00,
        -1.30202130e+00, -4.02958684e-01,  4.59088981e+00,
         1.26040086e+00,  2.32116642e+00,  2.05470102e+00,
        -3.80507980e-01,  1.82357495e-01,  6.30724077e-02,
         2.35796659e-02,  8.76704866e-03, -1.13523313e-01],
       [ 5.88853004e-01, -4.86815600e-01,  3.06067823e-01,
         3.79540761e-01,  3.75344106e-01,  1.69444255e+00,
        -2.63398977e+00, -1.67986876e+00,  7.07741334e+00,
         2.27504661e+00,  2.05470102e+00,  3.83109941e+00,
        -1.73514029e-01,  1.67019981e-01,  2.04218791e-01,
         2.27169772e-02, -9.22216206e-02, -3.00873301e-02],
       [-5.97326034e-01,  1.08513053e-02,  1.68739316e-02,
         1.21343384e-01, -7.70039889e-02, -1.55079170e-01,
         1.74901062e-01,  1.05500843e-01, -2.51476421e-01,
         2.38308077e-01, -3.80507980e-01, -1.73514029e-01,
         3.36113021e-01, -7.47764315e-03, -1.47304968e-02,
         4.91544569e-02, -4.15513998e-03,  1.25726263e-01],
       [ 1.65113823e-02, -1.09576389e-01,  9.50460356e-02,
         4.72032976e-03,  7.56072276e-02,  1.11781276e-01,
        -2.57386102e-02,  7.24632023e-02,  4.67089617e-01,
         5.74210666e-02,  1.82357495e-01,  1.67019981e-01,
        -7.47764315e-03,  9.54287040e-02,  2.22131070e-02,
         9.20773626e-03,  2.88403961e-02,  2.72204946e-02],
       [-4.11228257e-03, -1.21540570e-01, -5.03808804e-02,
        -2.58620317e-02, -2.31848532e-02,  1.28700486e-01,
        -1.54078562e-01, -2.65134299e-01,  4.08043966e-01,
        -6.37220020e-02,  6.30724077e-02,  2.04218791e-01,
        -1.47304968e-02,  2.22131070e-02,  1.04168417e-01,
        -2.19568806e-02, -1.28970222e-02,  3.96512308e-02],
       [-6.58816680e-03,  1.38174917e-02,  4.27441064e-02,
         5.45070146e-02,  2.49319369e-02,  9.45055243e-04,
         1.03078076e-01,  3.36495782e-02,  5.24834083e-02,
         1.21198647e-01,  2.35796659e-02,  2.27169772e-02,
         4.91544569e-02,  9.20773626e-03, -2.19568806e-02,
         4.06731975e-02, -1.91812186e-03,  4.78331794e-03],
       [-2.81577039e-02,  1.88017903e-02,  3.11049733e-02,
        -2.77015406e-02,  2.11658899e-02, -3.16984817e-02,
         3.06646324e-02,  1.09293169e-01, -8.80271934e-02,
        -7.00320382e-02,  8.76704866e-03, -9.22216206e-02,
        -4.15513998e-03,  2.88403961e-02, -1.28970222e-02,
        -1.91812186e-03,  3.64315195e-02,  6.51052760e-03],
       [-2.75033425e-01, -6.53789138e-02,  3.06425093e-02,
         7.09437439e-03, -2.80995991e-02, -2.01980927e-02,
        -2.65259782e-03,  1.35352852e-02, -7.72508524e-03,
        -1.02634481e-02, -1.13523313e-01, -3.00873301e-02,
         1.25726263e-01,  2.72204946e-02,  3.96512308e-02,
         4.78331794e-03,  6.51052760e-03,  9.19966822e-02]])
      jac: array([-3.96579066e-05,  5.83799675e-05, -1.78634885e-05,  3.55889392e-05,
       -7.60073486e-05,  8.74548582e-05,  2.34886185e-06,  6.51922960e-06,
       -8.42992343e-06, -9.90466968e-06,  1.86709907e-05, -5.79499412e-06,
       -5.71298564e-05,  1.16061235e-04, -6.01611353e-05,  3.57887794e-05,
       -9.52190179e-05,  2.51931809e-05])
  message: 'Maximum number of iterations has been exceeded.'
     nfev: 2185
      nit: 100
     njev: 115
   status: 1
  success: False
        x: array([ 0.08247861,  0.25072517,  0.71053026,  1.79950037, -0.71658319,
       -0.08728521,  2.67083743, -0.37504426,  0.58361413,  2.20712148,
       -0.65924823, -0.61784541,  0.13689157,  0.14781962, -0.24639311,
       -1.37810237, -0.22268256,  0.05161469])
