Program Begingeth
      fun: 0.31982991864909477
 hess_inv: array([[ 7.48808109e-01, -7.96025582e-02, -9.23584228e-02,
        -6.33056041e-02,  1.69139220e-01, -2.50520605e-01,
        -6.88851721e-03,  8.40849100e-01, -1.55299616e+00,
         1.01346571e-01,  1.70374153e-01,  7.52898207e-01,
        -4.73996417e-01,  8.05652966e-02, -3.38688440e-01,
        -1.17501826e-01, -3.23117769e-02, -9.50324530e-02],
       [-7.96025582e-02,  1.08106055e+00, -9.58484302e-02,
        -2.09027075e-01, -1.77940102e-01, -2.28023403e-01,
        -8.78814979e-01,  5.68844191e-02,  1.64386539e-01,
         7.21189361e-02,  3.51139997e-01, -9.62863986e-02,
        -1.18339150e-01, -8.32958471e-01, -3.43014224e-02,
         1.56871944e-02, -1.94607313e-01,  1.93054452e-01],
       [-9.23584228e-02, -9.58484302e-02,  6.85435613e-01,
         1.25905314e-01,  1.68679100e-01, -5.27952093e-02,
         8.53776556e-01,  9.38018951e-02,  1.86055454e-01,
        -6.34431911e-01, -1.03314421e-01, -1.52208773e-01,
         2.74335870e-01,  2.12758843e-01, -4.19570555e-01,
         4.20627172e-02, -1.22701145e-02, -1.52594882e-01],
       [-6.33056041e-02, -2.09027075e-01,  1.25905314e-01,
         2.20211016e-01, -2.73953903e-02,  4.81372670e-03,
         5.10754994e-01, -6.83051563e-01, -5.18019032e-02,
        -1.74787563e-01,  9.48642134e-02, -1.61082683e-02,
         2.99696202e-01,  9.14463856e-02, -7.39057190e-02,
         7.59325771e-02,  1.00704273e-02, -4.71291572e-02],
       [ 1.69139220e-01, -1.77940102e-01,  1.68679100e-01,
        -2.73953903e-02,  2.44755492e-01, -1.52805755e-03,
         4.47131765e-01,  8.71190315e-01, -1.60190906e-01,
        -1.08699488e-01, -2.31951638e-01,  1.76471158e-01,
        -1.27863634e-01,  3.59530723e-01, -1.62153056e-01,
        -3.49224582e-02,  8.14009546e-02, -8.75857645e-02],
       [-2.50520605e-01, -2.28023403e-01, -5.27952093e-02,
         4.81372670e-03, -1.52805755e-03,  2.92111360e-01,
         1.15497530e-01, -1.05894281e-01,  1.02258064e+00,
         2.61845981e-02, -3.58575688e-01, -2.48672893e-01,
         1.19347874e-01,  2.35767820e-01,  3.21931571e-01,
         3.60669677e-02,  8.26558083e-02,  4.12095990e-02],
       [-6.88851721e-03, -8.78814979e-01,  8.53776556e-01,
         5.10754994e-01,  4.47131765e-01,  1.15497530e-01,
         3.44203049e+00,  7.03208599e-02,  1.98273476e-01,
        -6.33444956e-01, -5.16897733e-01,  1.65734805e-01,
         4.61023338e-01,  1.05107347e+00, -5.03840098e-01,
         6.96262352e-02,  1.99572747e-01, -3.05457153e-01],
       [ 8.40849100e-01,  5.68844191e-02,  9.38018951e-02,
        -6.83051563e-01,  8.71190315e-01, -1.05894281e-01,
         7.03208599e-02,  6.08047844e+00, -8.41396035e-01,
         2.60697054e-01, -4.91335288e-01,  7.01532629e-01,
        -1.34037550e+00,  6.03545706e-01, -3.07638700e-01,
        -3.62327226e-01,  1.09829214e-01, -9.31981692e-02],
       [-1.55299616e+00,  1.64386539e-01,  1.86055454e-01,
        -5.18019032e-02, -1.60190906e-01,  1.02258064e+00,
         1.98273476e-01, -8.41396035e-01,  6.67656340e+00,
        -4.30243224e-01, -1.18614049e+00, -1.30210035e+00,
         8.61293184e-01,  1.78209165e-01,  8.96525915e-01,
         2.76616614e-01,  1.18508666e-01,  1.84488513e-01],
       [ 1.01346571e-01,  7.21189361e-02, -6.34431911e-01,
        -1.74787563e-01, -1.08699488e-01,  2.61845981e-02,
        -6.33444956e-01,  2.60697054e-01, -4.30243224e-01,
         8.63745839e-01,  1.87595305e-02,  1.53263553e-01,
        -4.28904319e-01, -1.23310271e-01,  3.74855171e-01,
        -9.88083968e-02,  4.88384661e-02,  1.29406572e-01],
       [ 1.70374153e-01,  3.51139997e-01, -1.03314421e-01,
         9.48642134e-02, -2.31951638e-01, -3.58575688e-01,
        -5.16897733e-01, -4.91335288e-01, -1.18614049e+00,
         1.87595305e-02,  1.39276686e+00,  1.07244411e-01,
        -6.28744643e-03, -7.90670199e-01, -1.59005355e-01,
        -8.61717076e-02, -2.10720750e-01,  1.34022256e-01],
       [ 7.52898207e-01, -9.62863986e-02, -1.52208773e-01,
        -1.61082683e-02,  1.76471158e-01, -2.48672893e-01,
         1.65734805e-01,  7.01532629e-01, -1.30210035e+00,
         1.53263553e-01,  1.07244411e-01,  1.04606952e+00,
        -4.27905330e-01,  1.22981030e-01, -4.18500837e-01,
        -7.98327149e-02, -2.44501012e-02, -1.33106721e-01],
       [-4.73996417e-01, -1.18339150e-01,  2.74335870e-01,
         2.99696202e-01, -1.27863634e-01,  1.19347874e-01,
         4.61023338e-01, -1.34037550e+00,  8.61293184e-01,
        -4.28904319e-01, -6.28744643e-03, -4.27905330e-01,
         7.00114405e-01,  1.51306564e-02,  2.78094376e-02,
         2.08222499e-01, -5.26741658e-04, -1.81127997e-02],
       [ 8.05652966e-02, -8.32958471e-01,  2.12758843e-01,
         9.14463856e-02,  3.59530723e-01,  2.35767820e-01,
         1.05107347e+00,  6.03545706e-01,  1.78209165e-01,
        -1.23310271e-01, -7.90670199e-01,  1.22981030e-01,
         1.51306564e-02,  1.01465491e+00, -4.18780290e-02,
         3.40892331e-03,  2.71616323e-01, -2.04278965e-01],
       [-3.38688440e-01, -3.43014224e-02, -4.19570555e-01,
        -7.39057190e-02, -1.62153056e-01,  3.21931571e-01,
        -5.03840098e-01, -3.07638700e-01,  8.96525915e-01,
         3.74855171e-01, -1.59005355e-01, -4.18500837e-01,
         2.78094376e-02, -4.18780290e-02,  6.74711932e-01,
         1.39258750e-02,  6.66421902e-02,  2.18862429e-01],
       [-1.17501826e-01,  1.56871944e-02,  4.20627172e-02,
         7.59325771e-02, -3.49224582e-02,  3.60669677e-02,
         6.96262352e-02, -3.62327226e-01,  2.76616614e-01,
        -9.88083968e-02, -8.61717076e-02, -7.98327149e-02,
         2.08222499e-01,  3.40892331e-03,  1.39258750e-02,
         9.77822607e-02,  8.03105078e-04, -4.40119088e-03],
       [-3.23117769e-02, -1.94607313e-01, -1.22701145e-02,
         1.00704273e-02,  8.14009546e-02,  8.26558083e-02,
         1.99572747e-01,  1.09829214e-01,  1.18508666e-01,
         4.88384661e-02, -2.10720750e-01, -2.44501012e-02,
        -5.26741658e-04,  2.71616323e-01,  6.66421902e-02,
         8.03105078e-04,  1.08282046e-01, -2.41279823e-02],
       [-9.50324530e-02,  1.93054452e-01, -1.52594882e-01,
        -4.71291572e-02, -8.75857645e-02,  4.12095990e-02,
        -3.05457153e-01, -9.31981692e-02,  1.84488513e-01,
         1.29406572e-01,  1.34022256e-01, -1.33106721e-01,
        -1.81127997e-02, -2.04278965e-01,  2.18862429e-01,
        -4.40119088e-03, -2.41279823e-02,  1.41038197e-01]])
      jac: array([ 5.69729449e-06, -6.59657514e-06,  4.77395901e-08, -7.62797233e-06,
        6.52811139e-06, -4.95529543e-07,  9.55902024e-07,  3.04571183e-07,
        2.40548322e-07,  1.45698268e-06, -4.73954209e-06,  6.03221177e-08,
        1.22268862e-05, -1.66762900e-05, -2.26263452e-06, -1.18320168e-05,
        1.94141000e-05,  3.12305737e-06])
  message: 'Desired error not necessarily achieved due to precision loss.'
     nfev: 1323
      nit: 30
     njev: 69
   status: 2
  success: False
        x: array([ 0.66747799, -0.08330185,  0.49288047,  0.21838032, -1.15232058,
       -0.75144797,  1.29367333, -1.65244974, -0.9572931 , -0.96822694,
        0.02371476,  0.59748195,  0.12071733,  0.02808001, -0.53185387,
        0.07819889,  1.43534913, -0.82672902])
