Program Begingeth
      fun: 0.23755811685565825
 hess_inv: array([[ 1.04742039e+01,  2.48903879e+00, -6.08398825e+00,
         4.85106441e-01,  1.00848699e+00, -2.98104700e+00,
        -8.17918914e+00,  1.59327688e+00, -6.29837152e+00,
        -2.38514703e+00, -1.54896487e+00,  1.71627107e-01,
        -2.46626952e+00, -7.16149919e-01,  3.01500807e-01,
         4.50631816e-01, -1.28781066e+00,  4.81537333e-01],
       [ 2.48903879e+00,  5.61010288e+00, -4.21448945e+00,
        -1.02541097e+00,  1.46875549e+00, -1.72162226e+00,
        -1.01850403e+01,  5.31915937e+00, -2.31158216e+00,
        -5.00133637e-01, -2.00216769e+00, -1.17525084e+00,
        -8.97707399e-01, -1.03031072e+00,  4.73501421e-01,
         4.97779202e-01, -3.35689300e-01,  2.03673296e-02],
       [-6.08398825e+00, -4.21448945e+00,  2.03512493e+01,
         2.74681934e+00, -1.25456966e+00,  6.59530097e+00,
         3.11075283e+01, -8.22131226e+00,  1.33405135e+01,
         2.02219088e+00,  6.23749769e+00, -3.69542013e+00,
         1.92606163e+00,  7.34312725e-01, -1.86189600e+00,
        -1.08333503e+00,  1.46578654e+00,  1.74032284e-01],
       [ 4.85106441e-01, -1.02541097e+00,  2.74681934e+00,
         7.65265622e-01, -2.04405960e-01,  8.12210904e-01,
         5.68694540e+00, -1.64417704e+00,  1.15812854e+00,
        -6.72118083e-02,  9.11993863e-01, -3.06271083e-01,
         8.10432125e-02,  2.07971274e-01, -2.74026927e-01,
        -1.46761837e-01,  1.05353189e-01,  9.79329267e-02],
       [ 1.00848699e+00,  1.46875549e+00, -1.25456966e+00,
        -2.04405960e-01,  4.58663912e-01, -5.02253771e-01,
        -2.53182457e+00,  1.76338259e+00, -9.02631126e-01,
        -3.07655397e-01, -5.73261979e-01, -2.23724000e-01,
        -2.92226111e-01, -2.35193044e-01,  1.49443945e-01,
         1.26925500e-01, -1.21370597e-01,  2.28806661e-02],
       [-2.98104700e+00, -1.72162226e+00,  6.59530097e+00,
         8.12210904e-01, -5.02253771e-01,  2.36364479e+00,
         1.05966017e+01, -2.44764670e+00,  4.72705613e+00,
         6.76030377e-01,  1.87548888e+00, -9.58655182e-01,
         9.17870766e-01,  3.70767516e-01, -5.07298210e-01,
        -3.62020120e-01,  5.63963218e-01, -1.02115210e-02],
       [-8.17918914e+00, -1.01850403e+01,  3.11075283e+01,
         5.68694540e+00, -2.53182457e+00,  1.05966017e+01,
         5.86200021e+01, -1.48605192e+01,  1.84161561e+01,
         2.35989948e+00,  9.27773149e+00, -3.62142338e+00,
         3.22148376e+00,  2.30325094e+00, -2.59160300e+00,
        -1.85497178e+00,  2.28303128e+00,  3.45200085e-01],
       [ 1.59327688e+00,  5.31915937e+00, -8.22131226e+00,
        -1.64417704e+00,  1.76338259e+00, -2.44764670e+00,
        -1.48605192e+01,  1.09993094e+01, -4.86136756e+00,
        -1.45643808e+00, -3.14754058e+00,  1.53970069e-01,
        -4.65881559e-01, -8.50220774e-01,  1.14300231e+00,
         7.02006768e-01, -4.76507118e-01, -1.91042368e-01],
       [-6.29837152e+00, -2.31158216e+00,  1.33405135e+01,
         1.15812854e+00, -9.02631126e-01,  4.72705613e+00,
         1.84161561e+01, -4.86136756e+00,  1.23012147e+01,
         1.43412429e+00,  4.11037547e+00, -2.49507286e+00,
         1.69264975e+00,  1.96069019e-01, -1.24948488e+00,
        -7.07052577e-01,  9.95085241e-01, -1.70157886e-01],
       [-2.38514703e+00, -5.00133637e-01,  2.02219088e+00,
        -6.72118083e-02, -3.07655397e-01,  6.76030377e-01,
         2.35989948e+00, -1.45643808e+00,  1.43412429e+00,
         1.52788302e+00,  5.35505736e-01, -2.83039450e-01,
         3.35289171e-01,  1.56891495e-01, -1.52672425e-01,
        -1.27949546e-01,  3.82546801e-01,  6.77541103e-02],
       [-1.54896487e+00, -2.00216769e+00,  6.23749769e+00,
         9.11993863e-01, -5.73261979e-01,  1.87548888e+00,
         9.27773149e+00, -3.14754058e+00,  4.11037547e+00,
         5.35505736e-01,  2.71590016e+00, -9.50372413e-01,
         5.15423209e-01,  1.50886134e-01, -8.24393455e-01,
        -4.05196092e-01,  3.79367427e-01, -3.98360677e-02],
       [ 1.71627107e-01, -1.17525084e+00, -3.69542013e+00,
        -3.06271083e-01, -2.23724000e-01, -9.58655182e-01,
        -3.62142338e+00,  1.53970069e-01, -2.49507286e+00,
        -2.83039450e-01, -9.50372413e-01,  1.79851070e+00,
        -3.64591156e-02,  3.56606209e-01,  3.03285992e-01,
         4.43645493e-02, -1.48508103e-01, -7.05902228e-02],
       [-2.46626952e+00, -8.97707399e-01,  1.92606163e+00,
         8.10432125e-02, -2.92226111e-01,  9.17870766e-01,
         3.22148376e+00, -4.65881559e-01,  1.69264975e+00,
         3.35289171e-01,  5.15423209e-01, -3.64591156e-02,
         7.41955586e-01,  2.45107857e-01, -9.70881655e-02,
        -9.74160696e-02,  3.43463408e-01, -1.41818794e-01],
       [-7.16149919e-01, -1.03031072e+00,  7.34312725e-01,
         2.07971274e-01, -2.35193044e-01,  3.70767516e-01,
         2.30325094e+00, -8.50220774e-01,  1.96069019e-01,
         1.56891495e-01,  1.50886134e-01,  3.56606209e-01,
         2.45107857e-01,  3.22181377e-01, -1.86188694e-02,
        -9.47023461e-02,  1.45288026e-01,  1.49880111e-02],
       [ 3.01500807e-01,  4.73501421e-01, -1.86189600e+00,
        -2.74026927e-01,  1.49443945e-01, -5.07298210e-01,
        -2.59160300e+00,  1.14300231e+00, -1.24948488e+00,
        -1.52672425e-01, -8.24393455e-01,  3.03285992e-01,
        -9.70881655e-02, -1.86188694e-02,  3.03943272e-01,
         1.28183689e-01, -1.04237912e-01,  2.20748598e-02],
       [ 4.50631816e-01,  4.97779202e-01, -1.08333503e+00,
        -1.46761837e-01,  1.26925500e-01, -3.62020120e-01,
        -1.85497178e+00,  7.02006768e-01, -7.07052577e-01,
        -1.27949546e-01, -4.05196092e-01,  4.43645493e-02,
        -9.74160696e-02, -9.47023461e-02,  1.28183689e-01,
         1.16941593e-01, -7.88712006e-02, -6.73347467e-04],
       [-1.28781066e+00, -3.35689300e-01,  1.46578654e+00,
         1.05353189e-01, -1.21370597e-01,  5.63963218e-01,
         2.28303128e+00, -4.76507118e-01,  9.95085241e-01,
         3.82546801e-01,  3.79367427e-01, -1.48508103e-01,
         3.43463408e-01,  1.45288026e-01, -1.04237912e-01,
        -7.88712006e-02,  2.50162851e-01, -2.96383863e-02],
       [ 4.81537333e-01,  2.03673296e-02,  1.74032284e-01,
         9.79329267e-02,  2.28806661e-02, -1.02115210e-02,
         3.45200085e-01, -1.91042368e-01, -1.70157886e-01,
         6.77541103e-02, -3.98360677e-02, -7.05902228e-02,
        -1.41818794e-01,  1.49880111e-02,  2.20748598e-02,
        -6.73347467e-04, -2.96383863e-02,  1.07278887e-01]])
      jac: array([-1.59674126e-05, -4.04663340e-05,  5.86040475e-05,  2.03975725e-05,
        9.39065492e-05, -1.89460114e-04,  2.32795265e-06,  4.59761858e-06,
        1.79249208e-05, -1.03437629e-05, -3.33979141e-05,  7.80597809e-06,
        1.55473782e-05, -1.92355391e-05,  5.56044100e-05,  2.77679731e-05,
       -2.87103674e-06, -1.35952360e-05])
  message: 'Desired error not necessarily achieved due to precision loss.'
     nfev: 2253
      nit: 69
     njev: 118
   status: 2
  success: False
        x: array([-0.30056026, -0.41728005,  0.32301371, -1.03495872, -0.63318734,
       -0.03517883, -1.31037042, -0.96448953, -0.93778623,  0.13234074,
        0.57054287,  1.02836692,  0.02474449,  0.19777226, -0.30746378,
        1.24654113, -0.36435836,  0.03382343])
