Program Begingeth
      fun: 0.3001589217613922
 hess_inv: array([[ 5.88463717e+00, -1.93922852e+00, -8.38267383e-01,
         2.06377193e+00, -9.82853045e-01,  2.96557151e-02,
         3.19738321e+00,  6.84664293e-01,  1.91226343e+00,
        -5.73993448e-02, -2.54014153e-01,  7.16096302e-02,
        -7.88495744e-01,  1.26217594e-01,  1.38013490e-01,
        -2.45513874e-01,  4.15767675e-01, -1.35714874e-01],
       [-1.93922852e+00,  3.75814554e+00,  1.68757054e-01,
        -4.01897229e-01,  1.58597548e+00,  4.03501341e-02,
        -7.18935174e-02,  1.98412495e+00,  5.35802461e-01,
         1.10386822e-03, -9.01222713e-02, -8.66035174e-01,
         4.20107645e-01, -2.68238194e-01,  2.01882127e-01,
        -2.11714440e-03, -2.33334482e-01,  1.10248474e-01],
       [-8.38267383e-01,  1.68757054e-01,  2.02335405e+01,
        -2.64904921e+00, -7.30825393e-01,  8.04081099e+00,
        -2.45130609e+01, -9.92432676e+00,  7.78515520e+00,
         4.31950759e-01,  4.44156485e+00, -1.44933830e+00,
        -7.31059979e-01, -7.19153637e-01, -7.41117111e-01,
         2.09155615e-03,  5.38018092e-01, -1.37537848e-01],
       [ 2.06377193e+00, -4.01897229e-01, -2.64904921e+00,
         1.08148144e+00, -1.45568357e-01, -9.43079740e-01,
         4.46510148e+00,  1.46277371e+00, -8.17950345e-02,
        -9.20492313e-02, -5.47387143e-01,  1.04033773e-01,
        -1.20693685e-01,  6.63816789e-02,  1.31023224e-01,
        -7.16010766e-02,  3.58301412e-02, -2.49813899e-02],
       [-9.82853045e-01,  1.58597548e+00, -7.30825393e-01,
        -1.45568357e-01,  7.47087051e-01, -3.03210016e-01,
         7.46630300e-01,  1.48609198e+00, -2.13783692e-01,
         4.05487564e-02, -2.22957392e-01, -2.54914721e-01,
         2.23062068e-01, -5.97834422e-02,  1.13569057e-01,
         1.89340936e-02, -1.25866791e-01,  5.58868162e-02],
       [ 2.96557151e-02,  4.03501341e-02,  8.04081099e+00,
        -9.43079740e-01, -3.03210016e-01,  3.27155878e+00,
        -9.79105189e+00, -3.68922699e+00,  3.45985718e+00,
         2.65722362e-01,  1.64836756e+00, -5.80995954e-01,
        -3.71365471e-01, -2.63427850e-01, -2.48280496e-01,
        -2.89377129e-02,  2.36180794e-01, -6.20154189e-02],
       [ 3.19738321e+00, -7.18935174e-02, -2.45130609e+01,
         4.46510148e+00,  7.46630300e-01, -9.79105189e+00,
         3.53358213e+01,  1.17736971e+01, -7.80741875e+00,
        -5.67420475e-01, -4.64487157e+00,  1.36748161e+00,
         8.02929459e-01,  4.99081426e-01,  7.34570080e-01,
        -7.26707780e-02, -6.94699717e-01,  4.67152378e-02],
       [ 6.84664293e-01,  1.98412495e+00, -9.92432676e+00,
         1.46277371e+00,  1.48609198e+00, -3.68922699e+00,
         1.17736971e+01,  9.85724122e+00, -2.91066991e+00,
         4.63942858e-01, -2.39997454e+00,  2.44933728e-01,
         2.03016289e-01,  3.02505242e-01,  6.69337045e-01,
        -1.06556813e-01, -2.88117047e-01,  7.77637622e-02],
       [ 1.91226343e+00,  5.35802461e-01,  7.78515520e+00,
        -8.17950345e-02, -2.13783692e-01,  3.45985718e+00,
        -7.80741875e+00, -2.91066991e+00,  6.62192807e+00,
         4.95305709e-01,  1.56362704e+00, -7.68160628e-01,
        -5.55687754e-01, -4.42801170e-01, -2.02451145e-01,
        -1.32539457e-01,  2.04705772e-01, -1.68743240e-01],
       [-5.73993448e-02,  1.10386822e-03,  4.31950759e-01,
        -9.20492313e-02,  4.05487564e-02,  2.65722362e-01,
        -5.67420475e-01,  4.63942858e-01,  4.95305709e-01,
         1.06496960e+00,  1.88428025e-01, -6.58730594e-02,
        -2.78776838e-01, -5.22198391e-02, -1.02864808e-01,
        -2.34984932e-02, -2.64089996e-02, -2.35288846e-01],
       [-2.54014153e-01, -9.01222713e-02,  4.44156485e+00,
        -5.47387143e-01, -2.22957392e-01,  1.64836756e+00,
        -4.64487157e+00, -2.39997454e+00,  1.56362704e+00,
         1.88428025e-01,  1.67784911e+00, -3.43939822e-01,
        -1.45071611e-01, -3.23756911e-01, -3.46505906e-01,
         3.23713923e-02,  9.64302726e-02, -1.49827629e-01],
       [ 7.16096302e-02, -8.66035174e-01, -1.44933830e+00,
         1.04033773e-01, -2.54914721e-01, -5.80995954e-01,
         1.36748161e+00,  2.44933728e-01, -7.68160628e-01,
        -6.58730594e-02, -3.43939822e-01,  6.39205155e-01,
         4.51018921e-02,  1.81177177e-01, -4.73756166e-02,
         7.20720494e-02,  2.25561774e-02,  1.98740782e-02],
       [-7.88495744e-01,  4.20107645e-01, -7.31059979e-01,
        -1.20693685e-01,  2.23062068e-01, -3.71365471e-01,
         8.02929459e-01,  2.03016289e-01, -5.55687754e-01,
        -2.78776838e-01, -1.45071611e-01,  4.51018921e-02,
         2.75760866e-01, -7.63295846e-03,  2.53367016e-02,
         8.35057034e-02, -1.02286485e-01,  8.71403967e-02],
       [ 1.26217594e-01, -2.68238194e-01, -7.19153637e-01,
         6.63816789e-02, -5.97834422e-02, -2.63427850e-01,
         4.99081426e-01,  3.02505242e-01, -4.42801170e-01,
        -5.22198391e-02, -3.23756911e-01,  1.81177177e-01,
        -7.63295846e-03,  1.34520434e-01,  5.12772325e-02,
         2.04835533e-03,  4.27931595e-02,  3.32783080e-02],
       [ 1.38013490e-01,  2.01882127e-01, -7.41117111e-01,
         1.31023224e-01,  1.13569057e-01, -2.48280496e-01,
         7.34570080e-01,  6.69337045e-01, -2.02451145e-01,
        -1.02864808e-01, -3.46505906e-01, -4.73756166e-02,
         2.53367016e-02,  5.12772325e-02,  1.37505686e-01,
        -2.93776046e-02, -1.27075090e-02,  7.14028788e-02],
       [-2.45513874e-01, -2.11714440e-03,  2.09155615e-03,
        -7.16010766e-02,  1.89340936e-02, -2.89377129e-02,
        -7.26707780e-02, -1.06556813e-01, -1.32539457e-01,
        -2.34984932e-02,  3.23713923e-02,  7.20720494e-02,
         8.35057034e-02,  2.04835533e-03, -2.93776046e-02,
         6.37395273e-02, -2.35538457e-02,  9.46972250e-03],
       [ 4.15767675e-01, -2.33334482e-01,  5.38018092e-01,
         3.58301412e-02, -1.25866791e-01,  2.36180794e-01,
        -6.94699717e-01, -2.88117047e-01,  2.04705772e-01,
        -2.64089996e-02,  9.64302726e-02,  2.25561774e-02,
        -1.02286485e-01,  4.27931595e-02, -1.27075090e-02,
        -2.35538457e-02,  1.03798147e-01, -6.56960995e-03],
       [-1.35714874e-01,  1.10248474e-01, -1.37537848e-01,
        -2.49813899e-02,  5.58868162e-02, -6.20154189e-02,
         4.67152378e-02,  7.77637622e-02, -1.68743240e-01,
        -2.35288846e-01, -1.49827629e-01,  1.98740782e-02,
         8.71403967e-02,  3.32783080e-02,  7.14028788e-02,
         9.46972250e-03, -6.56960995e-03,  9.75888670e-02]])
      jac: array([ 7.88406377e-05,  1.09804758e-05, -7.55477162e-05, -2.07367827e-04,
       -1.97749224e-05,  2.04514924e-04,  2.00332343e-05, -3.40801461e-06,
        7.71605002e-07,  1.34188956e-06,  4.90085750e-05, -3.70910710e-05,
        1.31098835e-04,  1.70290078e-04,  6.16358816e-06, -2.47705560e-05,
       -6.53377352e-05, -5.94887103e-05])
  message: 'Desired error not necessarily achieved due to precision loss.'
     nfev: 2463
      nit: 77
     njev: 129
   status: 2
  success: False
        x: array([ 1.07762676, -1.17020581,  0.10660201,  1.47593972, -1.13442885,
       -0.04286173,  1.83058764, -1.37184487, -1.03288486,  0.0080596 ,
        0.44995669,  1.13792941,  0.00299802,  0.19457611, -0.25419485,
       -1.3330077 , -0.24456214,  0.01877219])
