Program Begingeth
      fun: 0.29850510617365655
 hess_inv: array([[ 7.37856624e-01, -1.41597718e-01, -8.79034243e-03,
        -1.23391671e-01,  1.53820742e-01,  3.14204285e-01,
        -2.19687156e-01,  3.49025727e-01,  2.22804848e-01,
        -4.18527207e-01,  3.48944229e-01,  4.83360369e-01,
        -3.16540636e-01,  6.52152083e-02,  1.90049314e-02,
         2.98135091e-03, -6.03744982e-02, -2.41614673e-01],
       [-1.41597718e-01,  4.68283164e-01, -9.91564132e-02,
         3.27255507e-01,  3.61375794e-02, -3.62438994e-01,
         9.74819423e-01,  4.87546213e-01,  5.01672761e-01,
         1.05092677e+00,  6.69634232e-02, -8.75649465e-01,
         1.17005385e-01, -1.69618753e-01, -1.79634413e-01,
         5.00698008e-02,  4.88593690e-02, -3.23621106e-02],
       [-8.79034243e-03, -9.91564132e-02,  2.88104620e-01,
        -1.85499628e-01,  5.92875428e-02,  8.87606657e-02,
        -3.70682344e-01, -4.49981439e-02, -3.13377803e-01,
        -5.68737289e-01, -4.58771207e-02,  2.65221464e-01,
         1.85869705e-02,  1.47844987e-01, -3.57660005e-02,
         6.41886901e-02,  5.26661425e-02,  4.06965193e-02],
       [-1.23391671e-01,  3.27255507e-01, -1.85499628e-01,
         9.92214377e-01,  3.73363075e-01, -4.18368142e-01,
         2.52638350e+00,  1.45712050e+00,  2.55294533e+00,
         2.73633012e+00,  1.14329744e+00, -1.85792647e+00,
         3.32508624e-01, -1.45795418e-01, -1.48228759e-02,
         1.13018810e-01, -4.29221166e-02,  1.21323660e-01],
       [ 1.53820742e-01,  3.61375794e-02,  5.92875428e-02,
         3.73363075e-01,  4.72332544e-01, -5.17202454e-02,
         1.04309327e+00,  1.23086416e+00,  1.47386476e+00,
         9.41451161e-01,  1.19919345e+00, -8.76705837e-01,
         9.96322011e-02,  1.10576352e-01,  4.85784386e-02,
         1.02485340e-01,  1.28819369e-02,  3.89850181e-02],
       [ 3.14204285e-01, -3.62438994e-01,  8.87606657e-02,
        -4.18368142e-01, -5.17202454e-02,  5.16416697e-01,
        -1.34160387e+00, -5.75190914e-01, -5.46667904e-01,
        -1.28670535e+00, -4.45203600e-02,  1.37867960e+00,
        -2.14887741e-01,  9.29016204e-02,  1.63182338e-01,
        -7.00361161e-02, -7.32749863e-02, -6.02746248e-02],
       [-2.19687156e-01,  9.74819423e-01, -3.70682344e-01,
         2.52638350e+00,  1.04309327e+00, -1.34160387e+00,
         7.80943407e+00,  3.82113175e+00,  6.25829074e+00,
         6.62627528e+00,  2.80152091e+00, -5.44958010e+00,
         8.45714755e-01, -2.85688997e-01, -2.58447348e-01,
         3.67666361e-01, -5.98629313e-02,  1.99029483e-01],
       [ 3.49025727e-01,  4.87546213e-01, -4.49981439e-02,
         1.45712050e+00,  1.23086416e+00, -5.75190914e-01,
         3.82113175e+00,  5.73658849e+00,  5.06479410e+00,
         4.75307979e+00,  2.80139169e+00, -3.85978943e+00,
         1.06215257e-01,  1.09416386e-01,  1.94045889e-02,
         1.77057395e-01,  1.48376353e-01,  7.77227339e-02],
       [ 2.22804848e-01,  5.01672761e-01, -3.13377803e-01,
         2.55294533e+00,  1.47386476e+00, -5.46667904e-01,
         6.25829074e+00,  5.06479410e+00,  8.82819274e+00,
         7.14652552e+00,  4.41324835e+00, -4.62641262e+00,
         6.12758192e-01, -1.50054811e-01,  1.76469699e-01,
         2.58132437e-01, -1.19189387e-01,  2.34929544e-01],
       [-4.18527207e-01,  1.05092677e+00, -5.68737289e-01,
         2.73633012e+00,  9.41451161e-01, -1.28670535e+00,
         6.62627528e+00,  4.75307979e+00,  7.14652552e+00,
         8.29177139e+00,  2.86227012e+00, -5.52378466e+00,
         7.36084151e-01, -4.23433016e-01, -7.54312787e-02,
         2.07812390e-01,  3.98307917e-02,  3.24713201e-01],
       [ 3.48944229e-01,  6.69634232e-02, -4.58771207e-02,
         1.14329744e+00,  1.19919345e+00, -4.45203600e-02,
         2.80152091e+00,  2.80139169e+00,  4.41324835e+00,
         2.86227012e+00,  3.53427705e+00, -2.13996836e+00,
         3.03605304e-01,  1.55872905e-01,  2.57628214e-01,
         1.96219289e-01, -4.23285399e-02,  1.44891104e-01],
       [ 4.83360369e-01, -8.75649465e-01,  2.65221464e-01,
        -1.85792647e+00, -8.76705837e-01,  1.37867960e+00,
        -5.44958010e+00, -3.85978943e+00, -4.62641262e+00,
        -5.52378466e+00, -2.13996836e+00,  5.32706617e+00,
        -6.28646413e-01,  8.00171626e-02,  2.28516660e-01,
        -2.67175014e-01, -1.98313455e-01, -2.28508332e-01],
       [-3.16540636e-01,  1.17005385e-01,  1.85869705e-02,
         3.32508624e-01,  9.96322011e-02, -2.14887741e-01,
         8.45714755e-01,  1.06215257e-01,  6.12758192e-01,
         7.36084151e-01,  3.03605304e-01, -6.28646413e-01,
         3.11982732e-01, -4.17168275e-02, -1.68453149e-02,
         1.02470878e-01, -2.53583201e-02,  1.46721996e-01],
       [ 6.52152083e-02, -1.69618753e-01,  1.47844987e-01,
        -1.45795418e-01,  1.10576352e-01,  9.29016204e-02,
        -2.85688997e-01,  1.09416386e-01, -1.50054811e-01,
        -4.23433016e-01,  1.55872905e-01,  8.00171626e-02,
        -4.17168275e-02,  1.82312821e-01,  4.01050095e-02,
         2.12010945e-02,  6.34185197e-02,  2.28484282e-02],
       [ 1.90049314e-02, -1.79634413e-01, -3.57660005e-02,
        -1.48228759e-02,  4.85784386e-02,  1.63182338e-01,
        -2.58447348e-01,  1.94045889e-02,  1.76469699e-01,
        -7.54312787e-02,  2.57628214e-01,  2.28516660e-01,
        -1.68453149e-02,  4.01050095e-02,  1.63803899e-01,
        -4.10981267e-02, -3.43523442e-02,  6.96569750e-02],
       [ 2.98135091e-03,  5.00698008e-02,  6.41886901e-02,
         1.13018810e-01,  1.02485340e-01, -7.00361161e-02,
         3.67666361e-01,  1.77057395e-01,  2.58132437e-01,
         2.07812390e-01,  1.96219289e-01, -2.67175014e-01,
         1.02470878e-01,  2.12010945e-02, -4.10981267e-02,
         9.08339006e-02, -4.39742495e-03,  1.67536134e-02],
       [-6.03744982e-02,  4.88593690e-02,  5.26661425e-02,
        -4.29221166e-02,  1.28819369e-02, -7.32749863e-02,
        -5.98629313e-02,  1.48376353e-01, -1.19189387e-01,
         3.98307917e-02, -4.23285399e-02, -1.98313455e-01,
        -2.53583201e-02,  6.34185197e-02, -3.43523442e-02,
        -4.39742495e-03,  1.01803552e-01,  1.07236704e-02],
       [-2.41614673e-01, -3.23621106e-02,  4.06965193e-02,
         1.21323660e-01,  3.89850181e-02, -6.02746248e-02,
         1.99029483e-01,  7.77227339e-02,  2.34929544e-01,
         3.24713201e-01,  1.44891104e-01, -2.28508332e-01,
         1.46721996e-01,  2.28484282e-02,  6.96569750e-02,
         1.67536134e-02,  1.07236704e-02,  1.56533936e-01]])
      jac: array([ 1.63343413e-05, -6.62751335e-05, -8.51911134e-07,  2.63318996e-05,
        1.41177440e-04, -9.83361540e-06, -9.79031671e-06, -1.34277774e-05,
        5.51151717e-06, -7.67349147e-06, -3.53691150e-05, -7.64980672e-06,
       -1.30562228e-06, -1.63032550e-04, -7.01327885e-06, -5.29613390e-06,
        1.01136137e-04,  3.44376379e-05])
  message: 'Desired error not necessarily achieved due to precision loss.'
     nfev: 2101
      nit: 69
     njev: 110
   status: 2
  success: False
        x: array([ 0.04321434,  0.28888641,  0.80142554,  1.20079805, -1.10843534,
       -0.33579439,  2.26371711, -0.89341621, -1.13920481,  1.0517256 ,
       -1.57107202, -0.844371  ,  0.1183902 ,  0.05587631, -0.39172098,
       -1.07377847, -0.33723637,  0.01139474])
