Program Begingeth
      fun: 0.4063477672843365
 hess_inv: array([[ 5.35215885e-01, -3.06669363e-02, -1.70614686e-01,
        -2.55183308e-02,  1.15748576e-01, -4.88097486e-01,
        -3.77816581e-01,  7.14242071e-01, -2.80432987e+00,
        -5.83857203e-03,  3.50146087e-01,  4.96878736e-01,
        -2.70555200e-01, -5.32988403e-02, -4.09329356e-01,
        -7.81494879e-02, -7.71093298e-02, -1.09185411e-01],
       [-3.06669363e-02,  6.65298077e-01, -9.56058498e-02,
        -2.49079672e-01, -2.16187630e-01, -2.63260627e-01,
        -1.19674536e+00,  2.35763642e-01, -3.34859966e-01,
         4.94403866e-02,  2.32786430e-01, -4.59803276e-02,
        -1.59197286e-01, -7.00124391e-01, -2.80101849e-02,
         5.15987743e-03, -2.14611297e-01,  2.22622789e-01],
       [-1.70614686e-01, -9.56058498e-02,  4.62722774e-01,
         1.44242961e-01,  1.40808534e-01,  2.04778372e-01,
         1.10581430e+00, -3.73505787e-01,  1.71500824e+00,
        -4.03253812e-01, -3.25593151e-01, -2.74636565e-01,
         2.76189757e-01,  3.17680048e-01, -1.53053509e-01,
         6.97625065e-02,  6.08924565e-02, -1.55487924e-01],
       [-2.55183308e-02, -2.49079672e-01,  1.44242961e-01,
         3.48537393e-01,  4.52347718e-02,  8.49936648e-02,
         1.24452398e+00, -8.69467669e-01,  4.94070144e-01,
        -1.41340206e-01, -6.44375773e-02,  1.55313958e-02,
         3.81234969e-01,  2.66390078e-01, -1.05558966e-01,
         1.17071646e-01,  6.68959244e-02, -1.32168666e-01],
       [ 1.15748576e-01, -2.16187630e-01,  1.40808534e-01,
         4.52347718e-02,  3.35662238e-01,  5.90322170e-02,
         7.30909937e-01,  6.90040498e-01,  6.97473189e-02,
        -1.42988398e-01, -2.31581496e-01,  1.11460657e-01,
        -3.23305770e-02,  5.36240634e-01, -1.43799973e-01,
        -1.47532881e-02,  1.68151914e-01, -1.59041591e-01],
       [-4.88097486e-01, -2.63260627e-01,  2.04778372e-01,
         8.49936648e-02,  5.90322170e-02,  8.49766822e-01,
         9.91140562e-01, -6.06429646e-01,  3.90857722e+00,
        -6.67725216e-02, -7.47765882e-01, -4.06134478e-01,
         2.99750237e-01,  5.27345260e-01,  6.06453453e-01,
         9.93357862e-02,  2.23538730e-01,  4.67624926e-02],
       [-3.77816581e-01, -1.19674536e+00,  1.10581430e+00,
         1.24452398e+00,  7.30909937e-01,  9.91140562e-01,
         7.55051346e+00, -2.27946986e+00,  5.48143121e+00,
        -8.12392027e-01, -1.30743238e+00, -1.53656638e-01,
         1.27064594e+00,  2.06591368e+00, -3.27595830e-01,
         3.20742704e-01,  5.91590956e-01, -7.28445024e-01],
       [ 7.14242071e-01,  2.35763642e-01, -3.73505787e-01,
        -8.69467669e-01,  6.90040498e-01, -6.06429646e-01,
        -2.27946986e+00,  6.41098840e+00, -4.38369541e+00,
         3.41148527e-01,  5.14320149e-01,  5.91492601e-01,
        -1.39295371e+00,  1.53445325e-02, -1.99072838e-01,
        -4.50945423e-01, -2.17722660e-02,  1.09923272e-01],
       [-2.80432987e+00, -3.34859966e-01,  1.71500824e+00,
         4.94070144e-01,  6.97473189e-02,  3.90857722e+00,
         5.48143121e+00, -4.38369541e+00,  2.37723449e+01,
        -1.14557139e+00, -3.66960037e+00, -2.27316599e+00,
         2.00563730e+00,  1.83246732e+00,  2.03531107e+00,
         7.07609542e-01,  7.40802355e-01,  6.95876916e-03],
       [-5.83857203e-03,  4.94403866e-02, -4.03253812e-01,
        -1.41340206e-01, -1.42988398e-01, -6.67725216e-02,
        -8.12392027e-01,  3.41148527e-01, -1.14557139e+00,
         5.82226511e-01,  2.34986316e-01,  1.03318315e-01,
        -2.67125463e-01, -2.35693054e-01,  2.87965502e-01,
        -8.56204553e-02, -3.44158214e-04,  1.82536226e-01],
       [ 3.50146087e-01,  2.32786430e-01, -3.25593151e-01,
        -6.44375773e-02, -2.31581496e-01, -7.47765882e-01,
        -1.30743238e+00,  5.14320149e-01, -3.66960037e+00,
         2.34986316e-01,  1.30895423e+00,  2.75393870e-01,
        -2.89823638e-01, -8.44495487e-01, -2.76177173e-01,
        -1.71357251e-01, -2.88318708e-01,  1.88407566e-01],
       [ 4.96878736e-01, -4.59803276e-02, -2.74636565e-01,
         1.55313958e-02,  1.11460657e-01, -4.06134478e-01,
        -1.53656638e-01,  5.91492601e-01, -2.27316599e+00,
         1.03318315e-01,  2.75393870e-01,  7.22124279e-01,
        -2.37001146e-01, -1.17085671e-02, -3.73582276e-01,
        -4.88314155e-02, -5.61933664e-02, -1.17598299e-01],
       [-2.70555200e-01, -1.59197286e-01,  2.76189757e-01,
         3.81234969e-01, -3.23305770e-02,  2.99750237e-01,
         1.27064594e+00, -1.39295371e+00,  2.00563730e+00,
        -2.67125463e-01, -2.89823638e-01, -2.37001146e-01,
         6.24383674e-01,  2.40344993e-01,  3.09786678e-02,
         2.37291737e-01,  6.95044179e-02, -9.37820607e-02],
       [-5.32988403e-02, -7.00124391e-01,  3.17680048e-01,
         2.66390078e-01,  5.36240634e-01,  5.27345260e-01,
         2.06591368e+00,  1.53445325e-02,  1.83246732e+00,
        -2.35693054e-01, -8.44495487e-01, -1.17085671e-02,
         2.40344993e-01,  1.31620305e+00,  2.35697816e-02,
         6.41249598e-02,  4.60571611e-01, -3.39098892e-01],
       [-4.09329356e-01, -2.80101849e-02, -1.53053509e-01,
        -1.05558966e-01, -1.43799973e-01,  6.06453453e-01,
        -3.27595830e-01, -1.99072838e-01,  2.03531107e+00,
         2.87965502e-01, -2.76177173e-01, -3.73582276e-01,
         3.09786678e-02,  2.35697816e-02,  8.34164846e-01,
         1.35148203e-02,  1.13610323e-01,  3.27603799e-01],
       [-7.81494879e-02,  5.15987743e-03,  6.97625065e-02,
         1.17071646e-01, -1.47532881e-02,  9.93357862e-02,
         3.20742704e-01, -4.50945423e-01,  7.07609542e-01,
        -8.56204553e-02, -1.71357251e-01, -4.88314155e-02,
         2.37291737e-01,  6.41249598e-02,  1.35148203e-02,
         1.34670477e-01,  1.76077961e-02, -2.43522851e-02],
       [-7.71093298e-02, -2.14611297e-01,  6.08924565e-02,
         6.68959244e-02,  1.68151914e-01,  2.23538730e-01,
         5.91590956e-01, -2.17722660e-02,  7.40802355e-01,
        -3.44158214e-04, -2.88318708e-01, -5.61933664e-02,
         6.95044179e-02,  4.60571611e-01,  1.13610323e-01,
         1.76077961e-02,  2.09010592e-01, -6.22570672e-02],
       [-1.09185411e-01,  2.22622789e-01, -1.55487924e-01,
        -1.32168666e-01, -1.59041591e-01,  4.67624926e-02,
        -7.28445024e-01,  1.09923272e-01,  6.95876916e-03,
         1.82536226e-01,  1.88407566e-01, -1.17598299e-01,
        -9.37820607e-02, -3.39098892e-01,  3.27603799e-01,
        -2.43522851e-02, -6.22570672e-02,  2.74058134e-01]])
      jac: array([-1.59416924e-05, -9.71926243e-06, -3.35683333e-05,  3.24077802e-05,
       -2.91315120e-05,  6.04201874e-05,  5.38088093e-07,  3.75662464e-06,
       -2.92950849e-06, -1.12769053e-05,  3.21742633e-06, -1.95858145e-05,
       -3.96545759e-05,  4.24216218e-06, -7.92510502e-05,  3.60885396e-05,
        1.41694064e-05,  5.77800770e-05])
  message: 'Desired error not necessarily achieved due to precision loss.'
     nfev: 1549
      nit: 42
     njev: 81
   status: 2
  success: False
        x: array([ 0.79358546, -0.0383795 ,  0.41531842,  0.22262085, -1.00983283,
       -1.23846818,  1.21578831, -1.50702962, -1.55666269, -1.12614085,
        0.04969404,  0.59374072,  0.11770956,  0.03564485, -1.11749278,
        0.08566798,  1.29807539, -1.29057696])
