Program Begingeth
      fun: 0.3649702431407502
 hess_inv: array([[ 8.93501024e-01, -7.73055785e-02,  5.02873351e-02,
        -9.93767478e-02,  2.06818388e-01,  3.41675211e-01,
        -2.19465977e-01,  3.87736706e-01,  3.90903791e-01,
        -5.71702901e-01,  4.20622909e-01,  6.30543888e-01,
        -2.92799902e-01,  4.70214087e-02,  2.07695013e-03,
         4.60321424e-02, -9.90192845e-02, -2.10357811e-01],
       [-7.73055785e-02,  5.07251207e-01, -1.30326068e-01,
         1.62097955e-01, -5.28343202e-02, -2.68220461e-01,
         7.33906201e-01,  2.88888788e-01, -2.84010385e-02,
         6.10085479e-01, -1.19701271e-01, -4.86777925e-01,
        -2.90425567e-03, -2.23690971e-01, -1.83944090e-01,
        -1.85263349e-02,  4.64707696e-02, -1.21588987e-01],
       [ 5.02873351e-02, -1.30326068e-01,  4.00065732e-01,
        -2.72115809e-01,  6.91251951e-02,  2.30097286e-01,
        -7.52194611e-01, -5.76649392e-01, -1.12185164e-01,
        -1.05443610e+00,  5.35372987e-04,  7.99455971e-01,
         5.92819910e-02,  1.35980090e-01, -6.72358271e-02,
         9.15843362e-02, -3.21928415e-02,  5.63256717e-02],
       [-9.93767478e-02,  1.62097955e-01, -2.72115809e-01,
         4.84344970e-01, -1.93452032e-02, -3.74483545e-01,
         1.56415837e+00,  1.05278196e+00,  4.03576374e-01,
         1.64603448e+00, -2.43170173e-03, -1.35849449e+00,
         3.45132489e-02, -1.13209281e-01, -1.23634361e-02,
        -1.95145035e-02,  6.15765880e-02, -4.03103939e-02],
       [ 2.06818388e-01, -5.28343202e-02,  6.91251951e-02,
        -1.93452032e-02,  3.17059244e-01,  9.61932234e-02,
         6.02172329e-02,  6.27232635e-01,  2.80403574e-01,
        -4.34267967e-01,  7.38468272e-01, -2.07720555e-02,
         3.39962862e-02,  1.02223568e-01,  4.25988217e-02,
         6.57131944e-02, -3.95454084e-02, -1.77245686e-02],
       [ 3.41675211e-01, -2.68220461e-01,  2.30097286e-01,
        -3.74483545e-01,  9.61932234e-02,  6.38091382e-01,
        -1.57437892e+00, -9.67340891e-01,  2.14436458e-01,
        -1.49818119e+00,  3.54671763e-01,  1.89279205e+00,
        -5.09365202e-02,  9.45718106e-02,  1.38416408e-01,
         3.04567441e-02, -1.37873298e-01,  5.31790879e-02],
       [-2.19465977e-01,  7.33906201e-01, -7.52194611e-01,
         1.56415837e+00,  6.02172329e-02, -1.57437892e+00,
         6.82202112e+00,  3.97714073e+00,  1.10723888e+00,
         4.93118243e+00, -7.73771051e-02, -5.47885861e+00,
         5.99016051e-02, -3.40121932e-01, -3.14972635e-01,
        -3.84865222e-02,  2.16312664e-01, -2.94872944e-01],
       [ 3.87736706e-01,  2.88888788e-01, -5.76649392e-01,
         1.05278196e+00,  6.27232635e-01, -9.67340891e-01,
         3.97714073e+00,  7.06795131e+00,  1.30487613e+00,
         4.14960479e+00,  9.08407463e-01, -4.90093473e+00,
        -3.81336594e-01,  4.12440813e-02,  1.07977565e-01,
        -1.04241498e-01,  3.10185030e-01, -2.58249941e-01],
       [ 3.90903791e-01, -2.84010385e-02, -1.12185164e-01,
         4.03576374e-01,  2.80403574e-01,  2.14436458e-01,
         1.10723888e+00,  1.30487613e+00,  2.12215373e+00,
         9.25612076e-01,  9.58960162e-01, -2.60197668e-01,
        -3.01661907e-02, -7.25852556e-02,  1.11367461e-01,
         8.62151637e-03, -8.59005954e-02, -8.72441520e-02],
       [-5.71702901e-01,  6.10085479e-01, -1.05443610e+00,
         1.64603448e+00, -4.34267967e-01, -1.49818119e+00,
         4.93118243e+00,  4.14960479e+00,  9.25612076e-01,
         7.01117601e+00, -1.01480444e+00, -5.32076840e+00,
        -2.10309665e-01, -4.00519993e-01, -2.74971787e-02,
        -2.65784743e-01,  4.82507607e-01, -1.37178637e-01],
       [ 4.20622909e-01, -1.19701271e-01,  5.35372987e-04,
        -2.43170173e-03,  7.38468272e-01,  3.54671763e-01,
        -7.73771051e-02,  9.08407463e-01,  9.58960162e-01,
        -1.01480444e+00,  2.18231522e+00,  3.88962519e-01,
         1.26526803e-01,  1.54759474e-01,  2.05780087e-01,
         1.01068467e-01, -1.23700025e-01, -3.66651794e-04],
       [ 6.30543888e-01, -4.86777925e-01,  7.99455971e-01,
        -1.35849449e+00, -2.07720555e-02,  1.89279205e+00,
        -5.47885861e+00, -4.90093473e+00, -2.60197668e-01,
        -5.32076840e+00,  3.88962519e-01,  6.81834709e+00,
         2.99538283e-02,  8.99031586e-02,  1.87289599e-01,
         1.15738539e-01, -4.66721070e-01,  2.00716885e-01],
       [-2.92799902e-01, -2.90425567e-03,  5.92819910e-02,
         3.45132489e-02,  3.39962862e-02, -5.09365202e-02,
         5.99016051e-02, -3.81336594e-01, -3.01661907e-02,
        -2.10309665e-01,  1.26526803e-01,  2.99538283e-02,
         2.52892773e-01, -2.46547185e-04, -7.79175753e-03,
         7.89899682e-02, -4.61536371e-02,  1.00294605e-01],
       [ 4.70214087e-02, -2.23690971e-01,  1.35980090e-01,
        -1.13209281e-01,  1.02223568e-01,  9.45718106e-02,
        -3.40121932e-01,  4.12440813e-02, -7.25852556e-02,
        -4.00519993e-01,  1.54759474e-01,  8.99031586e-02,
        -2.46547185e-04,  1.79201602e-01,  5.86781962e-02,
         2.96803149e-02,  2.86564794e-02,  5.31854503e-02],
       [ 2.07695013e-03, -1.83944090e-01, -6.72358271e-02,
        -1.23634361e-02,  4.25988217e-02,  1.38416408e-01,
        -3.14972635e-01,  1.07977565e-01,  1.11367461e-01,
        -2.74971787e-02,  2.05780087e-01,  1.87289599e-01,
        -7.79175753e-03,  5.86781962e-02,  1.76687850e-01,
        -2.99077841e-02, -1.17468927e-02,  8.47669182e-02],
       [ 4.60321424e-02, -1.85263349e-02,  9.15843362e-02,
        -1.95145035e-02,  6.57131944e-02,  3.04567441e-02,
        -3.84865222e-02, -1.04241498e-01,  8.62151637e-03,
        -2.65784743e-01,  1.01068467e-01,  1.15738539e-01,
         7.89899682e-02,  2.96803149e-02, -2.99077841e-02,
         8.32254815e-02, -3.69687557e-02,  5.01449459e-03],
       [-9.90192845e-02,  4.64707696e-02, -3.21928415e-02,
         6.15765880e-02, -3.95454084e-02, -1.37873298e-01,
         2.16312664e-01,  3.10185030e-01, -8.59005954e-02,
         4.82507607e-01, -1.23700025e-01, -4.66721070e-01,
        -4.61536371e-02,  2.86564794e-02, -1.17468927e-02,
        -3.69687557e-02,  1.14404293e-01,  3.44574057e-03],
       [-2.10357811e-01, -1.21588987e-01,  5.63256717e-02,
        -4.03103939e-02, -1.77245686e-02,  5.31790879e-02,
        -2.94872944e-01, -2.58249941e-01, -8.72441520e-02,
        -1.37178637e-01, -3.66651794e-04,  2.00716885e-01,
         1.00294605e-01,  5.31854503e-02,  8.47669182e-02,
         5.01449459e-03,  3.44574057e-03,  1.34177386e-01]])
      jac: array([ 1.08994295e-05,  5.20731606e-06, -1.66888725e-05, -7.34301509e-06,
        8.07909295e-06, -2.46476913e-05, -3.23889064e-06, -2.27151631e-06,
        6.47889150e-06,  2.51354493e-06, -1.04064905e-06,  2.31592523e-06,
       -3.70999527e-06,  3.36490095e-05, -1.74889732e-05, -2.64492132e-06,
       -1.60001642e-05,  3.68297985e-05])
  message: 'Desired error not necessarily achieved due to precision loss.'
     nfev: 1854
      nit: 68
     njev: 97
   status: 2
  success: False
        x: array([ 0.04279777,  0.14367586,  0.77818312,  1.24413133, -1.22199835,
       -0.23223635,  2.10178745, -1.18000622, -1.33885246,  0.86366243,
       -1.78618095, -0.44734018,  0.10694704, -0.0462313 , -0.34816288,
       -1.21497706, -0.55455672,  0.01966539])
