Program Begingeth
      fun: 0.27749668838855107
 hess_inv: array([[ 1.60966198e+00, -2.25842093e-01,  2.22294622e-01,
         3.70384332e-01, -1.40046988e-01,  3.31574973e-01,
         7.62351520e-01, -1.84699162e-01,  8.02139504e-01,
         1.09973275e+00, -5.51701854e-01, -8.45248139e-02,
        -6.02716019e-01,  6.09941108e-02,  2.25833198e-02,
        -1.39633883e-02, -3.66543395e-02, -2.49810621e-01],
       [-2.25842093e-01,  5.80003854e-01, -1.13036656e-01,
        -2.72903484e-01,  7.49473324e-02, -2.14408565e-01,
        -1.31650230e+00,  2.92484100e-01, -2.32780073e-01,
        -7.41550421e-01,  1.40500004e-02, -6.62687257e-02,
         1.04935824e-01, -1.86399382e-01, -1.82012611e-01,
         4.12001326e-02,  2.63166830e-03, -6.73510257e-02],
       [ 2.22294622e-01, -1.13036656e-01,  3.19618330e-01,
         1.38304672e-01,  2.98897962e-02,  1.35200725e-01,
         3.38323933e-01, -2.93358977e-01,  5.33331416e-01,
         5.45932189e-01,  7.87952037e-02, -1.70415123e-03,
        -7.88403220e-02,  1.13198898e-01, -3.37144360e-02,
         2.62643072e-02,  4.77022930e-02, -1.18211906e-03],
       [ 3.70384332e-01, -2.72903484e-01,  1.38304672e-01,
         5.08861319e-01,  1.09995470e-01,  2.07659129e-01,
         1.58326978e+00,  3.93432914e-01,  1.55483042e+00,
         1.44719881e+00,  3.69078468e-01, -3.13319319e-01,
        -6.55801680e-02,  1.13054958e-01,  1.25950154e-01,
         1.83284940e-02, -2.40152823e-03,  1.86105817e-02],
       [-1.40046988e-01,  7.49473324e-02,  2.98897962e-02,
         1.09995470e-01,  2.70535290e-01, -1.25796234e-02,
         1.98619977e-01,  6.84507154e-01,  1.02125219e+00,
         3.61286733e-01,  7.36586233e-01, -2.33444424e-01,
         1.01002588e-01,  4.94273728e-02, -2.53940014e-02,
         3.87152241e-02,  3.16707288e-02,  2.45449587e-02],
       [ 3.31574973e-01, -2.14408565e-01,  1.35200725e-01,
         2.07659129e-01, -1.25796234e-02,  3.13174728e-01,
         9.01178429e-01, -4.29747784e-01,  1.00895637e+00,
         7.35784857e-01,  8.87259677e-02,  3.27817905e-01,
        -1.76000304e-01,  1.14056167e-01,  1.08826869e-01,
        -2.96577202e-02,  3.94749024e-02, -4.05880966e-03],
       [ 7.62351520e-01, -1.31650230e+00,  3.38323933e-01,
         1.58326978e+00,  1.98619977e-01,  9.01178429e-01,
         9.04032161e+00, -3.64006080e-01,  5.49579853e+00,
         4.21422947e+00,  1.84957479e+00, -5.77543973e-01,
        -3.96017961e-01,  4.29930004e-01,  5.97654528e-01,
        -1.43062808e-01,  1.09315113e-01,  1.31531784e-01],
       [-1.84699162e-01,  2.92484100e-01, -2.93358977e-01,
         3.93432914e-01,  6.84507154e-01, -4.29747784e-01,
        -3.64006080e-01,  4.27689094e+00,  1.66974914e+00,
         8.18231191e-01,  1.23634760e+00, -1.58774256e+00,
         4.07986283e-01, -5.59914383e-02, -2.45521358e-02,
         1.34934064e-01, -7.33486950e-02,  5.95065399e-02],
       [ 8.02139504e-01, -2.32780073e-01,  5.33331416e-01,
         1.55483042e+00,  1.02125219e+00,  1.00895637e+00,
         5.49579853e+00,  1.66974914e+00,  9.90643008e+00,
         5.03056534e+00,  3.40450996e+00, -7.20719246e-01,
        -2.44983229e-01,  3.82434673e-01,  3.11527511e-01,
         4.01104132e-02,  1.94366421e-01,  6.86192908e-02],
       [ 1.09973275e+00, -7.41550421e-01,  5.45932189e-01,
         1.44719881e+00,  3.61286733e-01,  7.35784857e-01,
         4.21422947e+00,  8.18231191e-01,  5.03056534e+00,
         4.43700963e+00,  1.17197158e+00, -6.37210100e-01,
        -2.60511812e-01,  3.88690055e-01,  3.36671550e-01,
         3.87821203e-02,  4.85221098e-02,  4.55638186e-02],
       [-5.51701854e-01,  1.40500004e-02,  7.87952037e-02,
         3.69078468e-01,  7.36586233e-01,  8.87259677e-02,
         1.84957479e+00,  1.23634760e+00,  3.40450996e+00,
         1.17197158e+00,  2.47468238e+00, -5.02973762e-01,
         2.41139823e-01,  1.71034202e-01,  1.03015710e-02,
         4.75155639e-02,  1.12503801e-01,  1.08962435e-01],
       [-8.45248139e-02, -6.62687257e-02, -1.70415123e-03,
        -3.13319319e-01, -2.33444424e-01,  3.27817905e-01,
        -5.77543973e-01, -1.58774256e+00, -7.20719246e-01,
        -6.37210100e-01, -5.02973762e-01,  1.37760897e+00,
        -1.48880617e-01,  6.82756015e-02,  6.33007492e-02,
        -7.35771912e-02,  7.47550572e-02, -4.89189539e-03],
       [-6.02716019e-01,  1.04935824e-01, -7.88403220e-02,
        -6.55801680e-02,  1.01002588e-01, -1.76000304e-01,
        -3.96017961e-01,  4.07986283e-01, -2.44983229e-01,
        -2.60511812e-01,  2.41139823e-01, -1.48880617e-01,
         3.04244343e-01, -2.78583351e-02, -1.73858803e-02,
         5.16091409e-02, -7.02700457e-03,  1.03730715e-01],
       [ 6.09941108e-02, -1.86399382e-01,  1.13198898e-01,
         1.13054958e-01,  4.94273728e-02,  1.14056167e-01,
         4.29930004e-01, -5.59914383e-02,  3.82434673e-01,
         3.88690055e-01,  1.71034202e-01,  6.82756015e-02,
        -2.78583351e-02,  1.19401860e-01,  4.53950525e-02,
        -6.91678708e-04,  3.74575534e-02,  2.96740704e-02],
       [ 2.25833198e-02, -1.82012611e-01, -3.37144360e-02,
         1.25950154e-01, -2.53940014e-02,  1.08826869e-01,
         5.97654528e-01, -2.45521358e-02,  3.11527511e-01,
         3.36671550e-01,  1.03015710e-02,  6.33007492e-02,
        -1.73858803e-02,  4.53950525e-02,  1.25442454e-01,
        -2.51191502e-02, -6.66493607e-03,  5.41874317e-02],
       [-1.39633883e-02,  4.12001326e-02,  2.62643072e-02,
         1.83284940e-02,  3.87152241e-02, -2.96577202e-02,
        -1.43062808e-01,  1.34934064e-01,  4.01104132e-02,
         3.87821203e-02,  4.75155639e-02, -7.35771912e-02,
         5.16091409e-02, -6.91678708e-04, -2.51191502e-02,
         4.12984529e-02, -3.31907507e-03,  1.82062277e-03],
       [-3.66543395e-02,  2.63166830e-03,  4.77022930e-02,
        -2.40152823e-03,  3.16707288e-02,  3.94749024e-02,
         1.09315113e-01, -7.33486950e-02,  1.94366421e-01,
         4.85221098e-02,  1.12503801e-01,  7.47550572e-02,
        -7.02700457e-03,  3.74575534e-02, -6.66493607e-03,
        -3.31907507e-03,  3.94048598e-02,  6.03342483e-03],
       [-2.49810621e-01, -6.73510257e-02, -1.18211906e-03,
         1.86105817e-02,  2.45449587e-02, -4.05880966e-03,
         1.31531784e-01,  5.95065399e-02,  6.86192908e-02,
         4.55638186e-02,  1.08962435e-01, -4.89189539e-03,
         1.03730715e-01,  2.96740704e-02,  5.41874317e-02,
         1.82062277e-03,  6.03342483e-03,  8.72413469e-02]])
      jac: array([ 1.91098988e-05, -2.22751447e-05, -4.15112389e-06, -3.81853808e-05,
        1.61661795e-04,  5.45200922e-05,  9.08717546e-06, -7.92810262e-06,
       -1.26639440e-05,  1.75037762e-05, -2.94938148e-05,  6.02258984e-06,
        5.80354283e-05, -6.18057457e-05, -9.54799203e-05, -7.59163103e-05,
       -7.37565564e-05,  7.67511980e-05])
  message: 'Desired error not necessarily achieved due to precision loss.'
     nfev: 2330
      nit: 76
     njev: 122
   status: 2
  success: False
        x: array([ 0.12126821,  0.17708201,  0.75626687,  1.62110843, -0.79887269,
        0.33610528,  1.11439095, -1.77126861,  0.86656604,  1.9812539 ,
       -0.70062964,  0.89130508,  0.03954878,  0.15104686, -0.19776758,
       -1.44627338, -0.29623736,  0.05305074])
