Program Begingeth
      fun: 0.32568587442852726
 hess_inv: array([[ 1.14497796e+01,  1.45208744e+00,  7.25184181e+00,
         5.14715708e+00,  3.42579136e-01,  3.24674067e+00,
         7.45181012e+00, -8.83518562e+00, -5.66444746e+00,
        -9.31775379e-01, -1.29786968e+00,  5.74309854e-01,
         3.51253847e-02,  2.38971234e-01,  4.33638170e-01,
        -6.49602034e-03, -5.30858443e-01, -5.52156992e-02],
       [ 1.45208744e+00,  1.44691139e+00,  8.21768464e-01,
         6.33254010e-01,  7.06425319e-01,  5.09919343e-01,
         1.14259255e+00,  5.09116930e-02, -9.31957557e-02,
        -2.58744259e-01, -2.97920957e-01,  7.15576814e-02,
        -1.71743118e-02,  1.38236129e-01,  2.03348692e-01,
        -2.95238495e-02, -3.14969367e-02,  6.41441901e-02],
       [ 7.25184181e+00,  8.21768464e-01,  6.55048677e+00,
         3.32550297e+00, -9.99646863e-03,  3.06319011e+00,
         5.81536369e+00, -6.61733049e+00, -2.75746432e+00,
        -8.84000346e-01, -9.78058293e-01,  2.28936260e-01,
         1.55665291e-01,  1.50794524e-02,  4.70613614e-01,
         1.04935217e-01, -4.06643970e-01,  1.98014593e-02],
       [ 5.14715708e+00,  6.33254010e-01,  3.32550297e+00,
         2.38281676e+00,  1.31836089e-01,  1.50138096e+00,
         3.78206695e+00, -3.94496477e+00, -2.56763301e+00,
        -4.26938663e-01, -5.95191954e-01,  2.72631398e-01,
         7.92301141e-02,  1.26528399e-01,  2.06665390e-01,
         3.06692667e-02, -1.92103973e-01, -2.67107144e-02],
       [ 3.42579136e-01,  7.06425319e-01, -9.99646864e-03,
         1.31836089e-01,  4.20742078e-01,  6.13177992e-02,
         1.53225209e-01,  7.36313377e-01,  7.15256946e-02,
        -1.11707248e-01, -1.01887522e-01,  7.40249877e-02,
        -3.20390999e-02,  9.84456008e-02,  7.10356662e-02,
        -5.02678537e-02,  5.39838443e-03,  3.69191852e-02],
       [ 3.24674067e+00,  5.09919343e-01,  3.06319011e+00,
         1.50138096e+00,  6.13177992e-02,  1.50259893e+00,
         2.74672186e+00, -2.77991385e+00, -8.58024317e-01,
        -4.97021252e-01, -5.22821950e-01,  9.10048707e-02,
         1.10468744e-01,  2.18362789e-02,  2.69048902e-01,
         7.00138884e-02, -1.77540806e-01,  1.76124457e-02],
       [ 7.45181012e+00,  1.14259255e+00,  5.81536369e+00,
         3.78206695e+00,  1.53225209e-01,  2.74672186e+00,
         8.58997765e+00, -6.04284051e+00, -3.54876702e+00,
        -6.50347984e-01, -1.13293685e+00,  3.22038029e-01,
         3.33297215e-01,  2.47310272e-01,  5.05831886e-01,
         1.67740883e-01, -1.17900778e-01,  2.45744072e-02],
       [-8.83518562e+00,  5.09116930e-02, -6.61733049e+00,
        -3.94496477e+00,  7.36313377e-01, -2.77991385e+00,
        -6.04284051e+00,  1.11727720e+01,  4.87391206e+00,
         4.10696147e-01,  9.23804959e-01, -1.56699813e-01,
         1.77042341e-02,  1.10673361e-01, -2.32648955e-01,
        -1.02284085e-01,  5.10268494e-01,  1.05534867e-01],
       [-5.66444746e+00, -9.31957557e-02, -2.75746432e+00,
        -2.56763301e+00,  7.15256946e-02, -8.58024317e-01,
        -3.54876702e+00,  4.87391206e+00,  5.75054832e+00,
        -2.46779140e-02,  4.34508207e-01, -3.36110397e-01,
         1.25423531e-01, -1.81265200e-01, -1.82197906e-02,
         1.10154228e-01,  1.96285146e-01,  1.00927712e-02],
       [-9.31775379e-01, -2.58744259e-01, -8.84000346e-01,
        -4.26938663e-01, -1.11707248e-01, -4.97021252e-01,
        -6.50347984e-01,  4.10696147e-01, -2.46779140e-02,
         6.60247989e-01,  5.28781413e-02, -1.21847513e-02,
        -1.43751099e-01,  1.62184730e-02, -4.01163374e-02,
        -1.12316361e-02,  7.68364068e-02,  1.15524298e-01],
       [-1.29786968e+00, -2.97920957e-01, -9.78058293e-01,
        -5.95191954e-01, -1.01887522e-01, -5.22821950e-01,
        -1.13293685e+00,  9.23804959e-01,  4.34508207e-01,
         5.28781413e-02,  6.53081652e-01, -7.53615814e-02,
         3.91466472e-04, -1.53925395e-01, -2.09283839e-01,
        -2.02708930e-02,  4.18717789e-02, -1.22835123e-01],
       [ 5.74309854e-01,  7.15576814e-02,  2.28936260e-01,
         2.72631398e-01,  7.40249877e-02,  9.10048707e-02,
         3.22038029e-01, -1.56699813e-01, -3.36110397e-01,
        -1.21847513e-02, -7.53615814e-02,  2.94662414e-01,
        -2.50393396e-02,  8.43552795e-02, -3.67431021e-02,
        -5.35931346e-02,  2.28165137e-02,  1.21890696e-02],
       [ 3.51253847e-02, -1.71743118e-02,  1.55665291e-01,
         7.92301141e-02, -3.20390999e-02,  1.10468744e-01,
         3.33297215e-01,  1.77042341e-02,  1.25423531e-01,
        -1.43751099e-01,  3.91466472e-04, -2.50393396e-02,
         1.24656778e-01, -1.36024285e-03,  1.97370701e-02,
         7.37015908e-02,  3.56522602e-02, -3.16639550e-02],
       [ 2.38971234e-01,  1.38236129e-01,  1.50794524e-02,
         1.26528399e-01,  9.84456008e-02,  2.18362789e-02,
         2.47310272e-01,  1.10673361e-01, -1.81265200e-01,
         1.62184730e-02, -1.53925395e-01,  8.43552795e-02,
        -1.36024285e-03,  9.84566009e-02,  3.53954127e-02,
        -1.08414788e-02,  4.36192099e-02,  3.76493989e-02],
       [ 4.33638170e-01,  2.03348692e-01,  4.70613614e-01,
         2.06665390e-01,  7.10356662e-02,  2.69048902e-01,
         5.05831886e-01, -2.32648955e-01, -1.82197906e-02,
        -4.01163374e-02, -2.09283839e-01, -3.67431021e-02,
         1.97370701e-02,  3.53954127e-02,  1.28251902e-01,
         2.88274710e-02, -1.84972139e-02,  6.55200538e-02],
       [-6.49602034e-03, -2.95238495e-02,  1.04935217e-01,
         3.06692667e-02, -5.02678537e-02,  7.00138884e-02,
         1.67740883e-01, -1.02284085e-01,  1.10154228e-01,
        -1.12316361e-02, -2.02708930e-02, -5.35931346e-02,
         7.37015908e-02, -1.08414788e-02,  2.88274710e-02,
         7.43028581e-02,  2.03057889e-02, -2.16067415e-03],
       [-5.30858443e-01, -3.14969367e-02, -4.06643970e-01,
        -1.92103973e-01,  5.39838443e-03, -1.77540806e-01,
        -1.17900778e-01,  5.10268494e-01,  1.96285146e-01,
         7.68364068e-02,  4.18717789e-02,  2.28165137e-02,
         3.56522602e-02,  4.36192099e-02, -1.84972139e-02,
         2.03057889e-02,  9.80379679e-02,  9.96873838e-03],
       [-5.52156992e-02,  6.41441901e-02,  1.98014593e-02,
        -2.67107144e-02,  3.69191852e-02,  1.76124457e-02,
         2.45744072e-02,  1.05534867e-01,  1.00927712e-02,
         1.15524298e-01, -1.22835123e-01,  1.21890696e-02,
        -3.16639550e-02,  3.76493989e-02,  6.55200538e-02,
        -2.16067415e-03,  9.96873838e-03,  8.55871762e-02]])
      jac: array([ 0.01195644,  0.00575882, -0.00319658, -0.02262385, -0.01422899,
        0.00099471,  0.00386984,  0.0011766 , -0.00035635, -0.00520255,
        0.00053195, -0.00296736, -0.00090317, -0.00017615, -0.01591012,
        0.0037258 ,  0.00857212,  0.01745489])
  message: 'Maximum number of iterations has been exceeded.'
     nfev: 2147
      nit: 100
     njev: 113
   status: 1
  success: False
        x: array([-1.20398687, -1.53948007, -0.56313732, -1.30071708, -1.29960293,
       -0.35276472, -2.24199727, -1.15758112, -0.95259636,  0.1482593 ,
        0.44265965,  1.22140758,  0.11208229,  0.03080142, -0.34299071,
        1.17486485, -0.6673503 , -0.03207613])
