Program Begingeth
      fun: 0.25533838987767477
 hess_inv: array([[ 5.67018665e+00,  1.76429543e+00, -1.62311822e+00,
         1.26464986e+00,  8.04623004e-01, -1.15862552e+00,
        -8.54047721e-01, -6.81483434e-02, -3.15250238e+00,
        -7.71208875e-02, -1.15450260e-01, -2.90552512e-01,
        -1.16642535e+00, -3.36576750e-01, -2.96960491e-02,
        -1.84037081e-01, -6.11037156e-01,  2.28362470e-01],
       [ 1.76429543e+00,  3.24836227e+00, -9.46325596e-01,
         5.96454146e-02,  1.22196373e+00, -5.02513595e-01,
        -1.88027152e+00,  2.44483301e+00, -2.97833966e-01,
         2.99302183e-01, -5.13443843e-01, -1.03472458e+00,
        -5.62721989e-01, -3.89226088e-01,  2.67542444e-01,
         7.62869045e-02, -2.80549722e-01,  1.73834754e-01],
       [-1.62311822e+00, -9.46325596e-01,  1.04356990e+01,
         1.08574008e+00, -5.63274027e-01,  3.98432912e+00,
         1.52154193e+01, -4.32740311e+00,  6.41571601e+00,
        -6.31221856e-03,  2.95182631e+00, -1.19230035e+00,
         6.47289104e-01, -1.42698459e-01, -7.19065407e-01,
        -1.12741529e-01,  5.32916552e-01, -2.31092216e-01],
       [ 1.26464986e+00,  5.96454146e-02,  1.08574008e+00,
         5.85430135e-01,  5.62276652e-02,  2.97950744e-01,
         2.68361689e+00, -7.10589813e-01, -1.16464716e-01,
        -6.88369894e-02,  3.39842281e-01, -1.05576831e-01,
        -1.62444970e-01, -3.07474882e-02, -1.05297145e-01,
        -6.73750510e-02, -5.03974536e-02,  2.32898976e-02],
       [ 8.04623004e-01,  1.22196373e+00, -5.63274027e-01,
         5.62276652e-02,  5.12322570e-01, -2.54003580e-01,
        -7.04128324e-01,  1.32390462e+00, -3.60285663e-01,
         3.06512544e-02, -2.74818261e-01, -3.10154817e-01,
        -2.29053563e-01, -1.10067758e-01,  1.29034642e-01,
         1.46897910e-02, -1.13506817e-01,  7.53027741e-02],
       [-1.15862552e+00, -5.02513595e-01,  3.98432912e+00,
         2.97950744e-01, -2.54003580e-01,  1.63726836e+00,
         6.01268264e+00, -1.28826467e+00,  2.85050243e+00,
        -1.29563546e-01,  9.76198407e-01, -3.81137990e-01,
         3.89711208e-01,  7.53716094e-03, -2.18156086e-01,
        -1.52023978e-02,  2.50876961e-01, -1.07833576e-01],
       [-8.54047721e-01, -1.88027152e+00,  1.52154193e+01,
         2.68361689e+00, -7.04128324e-01,  6.01268264e+00,
         3.00116538e+01, -5.48262386e+00,  7.60921746e+00,
        -2.23446149e-01,  3.31152200e+00, -1.04140980e+00,
         8.48963381e-01,  3.04488983e-01, -7.54715578e-01,
        -2.64988045e-01,  8.08768461e-01, -1.74670198e-01],
       [-6.81483434e-02,  2.44483301e+00, -4.32740311e+00,
        -7.10589813e-01,  1.32390462e+00, -1.28826467e+00,
        -5.48262386e+00,  8.23025458e+00, -1.75828750e+00,
        -6.14143159e-01, -1.74631449e+00, -1.80932931e-01,
        -3.40845117e-02, -6.47217877e-03,  7.76752213e-01,
         1.95961568e-01, -1.83151589e-01,  1.38889857e-01],
       [-3.15250238e+00, -2.97833966e-01,  6.41571601e+00,
        -1.16464716e-01, -3.60285663e-01,  2.85050243e+00,
         7.60921746e+00, -1.75828750e+00,  7.83236017e+00,
        -3.75247652e-01,  1.68047255e+00, -8.10248472e-01,
         8.05855307e-01, -2.32599979e-01, -4.17818020e-01,
         6.15980487e-02,  3.61031756e-01, -3.11365255e-01],
       [-7.71208875e-02,  2.99302183e-01, -6.31221856e-03,
        -6.88369894e-02,  3.06512544e-02, -1.29563546e-01,
        -2.23446149e-01, -6.14143159e-01, -3.75247652e-01,
         1.17262524e+00, -1.00929434e-01, -8.58456188e-02,
        -2.76035864e-01,  9.74930186e-03,  6.72354457e-02,
         1.44505330e-03,  5.36118880e-02,  2.07993040e-01],
       [-1.15450260e-01, -5.13443843e-01,  2.95182631e+00,
         3.39842281e-01, -2.74818261e-01,  9.76198407e-01,
         3.31152200e+00, -1.74631449e+00,  1.68047255e+00,
        -1.00929434e-01,  1.57106990e+00, -3.43434533e-01,
         1.29740637e-01, -2.08803411e-01, -4.18645364e-01,
        -7.59045564e-02,  1.10759929e-01, -1.74229027e-01],
       [-2.90552512e-01, -1.03472458e+00, -1.19230035e+00,
        -1.05576831e-01, -3.10154817e-01, -3.81137990e-01,
        -1.04140980e+00, -1.80932931e-01, -8.10248472e-01,
        -8.58456188e-02, -3.43434533e-01,  8.87642542e-01,
         6.32826289e-02,  2.49516584e-01, -2.07137326e-02,
        -6.09073586e-02,  5.58425115e-02,  2.39432264e-03],
       [-1.16642535e+00, -5.62721989e-01,  6.47289104e-01,
        -1.62444970e-01, -2.29053563e-01,  3.89711208e-01,
         8.48963381e-01, -3.40845117e-02,  8.05855307e-01,
        -2.76035864e-01,  1.29740637e-01,  6.32826289e-02,
         3.71752365e-01,  8.41886504e-02, -2.93176325e-02,
         6.20782699e-02,  1.46720102e-01, -1.08960716e-01],
       [-3.36576750e-01, -3.89226088e-01, -1.42698459e-01,
        -3.07474882e-02, -1.10067758e-01,  7.53716094e-03,
         3.04488983e-01, -6.47217877e-03, -2.32599979e-01,
         9.74930186e-03, -2.08803411e-01,  2.49516584e-01,
         8.41886504e-02,  1.57601877e-01,  3.96385977e-02,
        -4.87095499e-03,  8.07754158e-02,  1.73161178e-02],
       [-2.96960491e-02,  2.67542444e-01, -7.19065407e-01,
        -1.05297145e-01,  1.29034642e-01, -2.18156086e-01,
        -7.54715578e-01,  7.76752213e-01, -4.17818020e-01,
         6.72354457e-02, -4.18645364e-01, -2.07137326e-02,
        -2.93176325e-02,  3.96385977e-02,  1.67927727e-01,
         3.69742217e-02, -2.43338190e-02,  7.30397826e-02],
       [-1.84037081e-01,  7.62869045e-02, -1.12741529e-01,
        -6.73750510e-02,  1.46897910e-02, -1.52023978e-02,
        -2.64988045e-01,  1.95961568e-01,  6.15980487e-02,
         1.44505330e-03, -7.59045564e-02, -6.09073586e-02,
         6.20782699e-02, -4.87095499e-03,  3.69742217e-02,
         5.17520541e-02,  1.16685692e-02, -5.30277358e-03],
       [-6.11037156e-01, -2.80549722e-01,  5.32916552e-01,
        -5.03974536e-02, -1.13506817e-01,  2.50876961e-01,
         8.08768461e-01, -1.83151589e-01,  3.61031756e-01,
         5.36118880e-02,  1.10759929e-01,  5.58425115e-02,
         1.46720102e-01,  8.07754158e-02, -2.43338190e-02,
         1.16685692e-02,  1.25410030e-01, -2.07431210e-02],
       [ 2.28362470e-01,  1.73834754e-01, -2.31092216e-01,
         2.32898976e-02,  7.53027741e-02, -1.07833576e-01,
        -1.74670198e-01,  1.38889857e-01, -3.11365255e-01,
         2.07993040e-01, -1.74229027e-01,  2.39432264e-03,
        -1.08960716e-01,  1.73161178e-02,  7.30397826e-02,
        -5.30277358e-03, -2.07431210e-02,  8.93155257e-02]])
      jac: array([-4.59743355e-06, -7.79968682e-06, -3.24825352e-05,  2.29842071e-05,
        2.03392858e-06,  8.93810951e-05, -3.49202149e-06, -1.62832710e-08,
       -4.83132053e-06, -3.56455606e-06, -9.00464888e-06, -1.84785520e-05,
       -2.91699997e-05, -4.05971553e-05, -6.31439345e-05, -3.48424993e-06,
        4.74723964e-05,  2.86330219e-05])
  message: 'Desired error not necessarily achieved due to precision loss.'
     nfev: 2367
      nit: 76
     njev: 124
   status: 2
  success: False
        x: array([-0.75877181, -0.80551007,  0.23782263, -1.29311165, -0.88639248,
       -0.00170348, -1.49151794, -1.18666381, -0.94700002,  0.14787431,
        0.51110893,  1.06403701,  0.08887123,  0.24278792, -0.24853996,
        1.43918793, -0.16122454,  0.03118143])
