Program Begingeth
      fun: 0.19127557665510855
 hess_inv: array([[ 8.94733117e-01, -8.67770414e-02,  4.22761957e-02,
         2.80290185e-01,  3.02461568e-01,  8.38888787e-01,
        -5.31695388e-01, -7.69052147e-02,  3.46570942e+00,
         1.14355522e+00,  1.27551724e+00,  1.39939455e+00,
        -2.89835237e-01, -1.43501644e-02,  1.63740214e-01,
         2.63583049e-02, -1.02486144e-01, -1.49669372e-01],
       [-8.67770414e-02,  2.79080991e-01, -4.06076545e-02,
         1.70144226e-03, -1.63640927e-02, -2.92693809e-01,
         1.85997952e-01,  4.08688130e-01, -9.72679048e-01,
         1.43596971e-02, -2.22835411e-01, -4.15850989e-01,
         2.98319316e-02, -8.29455359e-02, -1.61504462e-01,
         1.14266400e-02,  3.76246140e-02, -6.47826887e-02],
       [ 4.22761957e-02, -4.06076545e-02,  1.50675577e-01,
         8.30195654e-02,  9.20861288e-02,  1.64686751e-01,
        -5.40369665e-02,  1.07809077e-01,  8.46095286e-01,
         3.26391146e-01,  2.22616440e-01,  2.87670524e-01,
         1.95518984e-02,  5.72685580e-02,  2.68016219e-03,
         3.36656482e-02,  9.14765198e-03,  3.06801973e-02],
       [ 2.80290185e-01,  1.70144226e-03,  8.30195654e-02,
         1.33958971e+00,  5.08100908e-01,  8.93630429e-01,
         4.05452639e-01,  4.51070665e-01,  7.24789616e+00,
         4.50615811e+00,  1.85200934e+00,  1.46876338e+00,
         2.75004080e-01, -7.80077239e-02,  5.65771886e-02,
         1.23584519e-01, -1.99758065e-01,  2.89325478e-02],
       [ 3.02461568e-01, -1.63640927e-02,  9.20861288e-02,
         5.08100908e-01,  3.35707501e-01,  5.55656335e-01,
        -5.98988522e-03,  3.13121058e-01,  3.52046758e+00,
         1.75503868e+00,  1.14875688e+00,  8.70927525e-01,
         3.62445737e-02,  7.98717332e-03,  7.52252124e-02,
         6.41649482e-02, -7.76959171e-02, -9.90281417e-03],
       [ 8.38888787e-01, -2.92693809e-01,  1.64686751e-01,
         8.93630429e-01,  5.55656335e-01,  1.56089399e+00,
        -7.96876957e-01, -3.12372629e-01,  8.04633536e+00,
         3.31994870e+00,  2.40799346e+00,  2.63967095e+00,
        -1.00136045e-01,  1.21907216e-02,  3.30280681e-01,
         5.56667095e-02, -2.09077180e-01, -2.79971488e-02],
       [-5.31695388e-01,  1.85997952e-01, -5.40369665e-02,
         4.05452639e-01, -5.98988522e-03, -7.96876957e-01,
         2.85834656e+00,  5.75827301e-01, -1.52670352e+00,
         3.09073582e-01, -6.81100734e-01, -1.67281480e+00,
         4.42659355e-01,  4.80348593e-02, -2.19938638e-01,
         1.22377826e-01,  2.41950895e-02,  1.03359023e-01],
       [-7.69052147e-02,  4.08688130e-01,  1.07809077e-01,
         4.51070665e-01,  3.13121058e-01, -3.12372629e-01,
         5.75827301e-01,  2.61513108e+00,  5.94491605e-01,
         1.64179927e+00,  1.15364470e-01, -6.81634507e-01,
         1.37500724e-01, -4.84762648e-02, -2.71599319e-01,
         9.01856478e-02,  1.75165476e-02, -4.10479197e-02],
       [ 3.46570942e+00, -9.72679048e-01,  8.46095286e-01,
         7.24789616e+00,  3.52046758e+00,  8.04633536e+00,
        -1.52670352e+00,  5.94491605e-01,  5.10925533e+01,
         2.56571732e+01,  1.41113824e+01,  1.31160604e+01,
         5.75013570e-01, -1.71108740e-01,  1.28371704e+00,
         5.45569363e-01, -1.27624501e+00,  2.27686215e-02],
       [ 1.14355522e+00,  1.43596971e-02,  3.26391146e-01,
         4.50615811e+00,  1.75503868e+00,  3.31994870e+00,
         3.09073582e-01,  1.64179927e+00,  2.56571732e+01,
         1.57634138e+01,  6.54149553e+00,  5.57903172e+00,
         7.40661686e-01, -2.92387971e-01,  2.08981529e-01,
         3.55010763e-01, -6.63431174e-01,  3.38047153e-02],
       [ 1.27551724e+00, -2.22835411e-01,  2.22616440e-01,
         1.85200934e+00,  1.14875688e+00,  2.40799346e+00,
        -6.81100734e-01,  1.15364470e-01,  1.41113824e+01,
         6.54149553e+00,  4.64207699e+00,  3.89533376e+00,
         1.83603717e-02, -5.85079946e-02,  4.44473664e-01,
         1.53118346e-01, -3.57610509e-01, -4.86766826e-02],
       [ 1.39939455e+00, -4.15850989e-01,  2.87670524e-01,
         1.46876338e+00,  8.70927525e-01,  2.63967095e+00,
        -1.67281480e+00, -6.81634507e-01,  1.31160604e+01,
         5.57903172e+00,  3.89533376e+00,  4.81192547e+00,
        -1.74522887e-01, -3.94941097e-02,  4.88454133e-01,
         9.09086490e-02, -3.64895488e-01, -7.90182888e-02],
       [-2.89835237e-01,  2.98319316e-02,  1.95518984e-02,
         2.75004080e-01,  3.62445737e-02, -1.00136045e-01,
         4.42659355e-01,  1.37500724e-01,  5.75013570e-01,
         7.40661686e-01,  1.83603717e-02, -1.74522887e-01,
         2.38519391e-01, -5.03650094e-03, -5.01622634e-02,
         5.69373085e-02, -2.12481673e-02,  8.07070823e-02],
       [-1.43501644e-02, -8.29455359e-02,  5.72685580e-02,
        -7.80077239e-02,  7.98717332e-03,  1.21907216e-02,
         4.80348593e-02, -4.84762648e-02, -1.71108740e-01,
        -2.92387971e-01, -5.85079946e-02, -3.94941097e-02,
        -5.03650094e-03,  7.88700540e-02,  3.18704346e-02,
         7.81605790e-03,  2.88417438e-02,  3.23125065e-02],
       [ 1.63740214e-01, -1.61504462e-01,  2.68016219e-03,
         5.65771886e-02,  7.52252124e-02,  3.30280681e-01,
        -2.19938638e-01, -2.71599319e-01,  1.28371704e+00,
         2.08981529e-01,  4.44473664e-01,  4.88454133e-01,
        -5.01622634e-02,  3.18704346e-02,  1.50340810e-01,
        -1.05507828e-02, -4.19562100e-02,  2.61639864e-02],
       [ 2.63583049e-02,  1.14266400e-02,  3.36656482e-02,
         1.23584519e-01,  6.41649482e-02,  5.56667095e-02,
         1.22377826e-01,  9.01856478e-02,  5.45569363e-01,
         3.55010763e-01,  1.53118346e-01,  9.09086490e-02,
         5.69373085e-02,  7.81605790e-03, -1.05507828e-02,
         4.77475348e-02, -1.44260862e-02,  7.19097486e-03],
       [-1.02486144e-01,  3.76246140e-02,  9.14765198e-03,
        -1.99758065e-01, -7.76959171e-02, -2.09077180e-01,
         2.41950895e-02,  1.75165476e-02, -1.27624501e+00,
        -6.63431174e-01, -3.57610509e-01, -3.64895488e-01,
        -2.12481673e-02,  2.88417438e-02, -4.19562100e-02,
        -1.44260862e-02,  6.30225609e-02,  2.66574758e-03],
       [-1.49669372e-01, -6.47826887e-02,  3.06801973e-02,
         2.89325478e-02, -9.90281417e-03, -2.79971488e-02,
         1.03359023e-01, -4.10479197e-02,  2.27686215e-02,
         3.38047153e-02, -4.86766826e-02, -7.90182888e-02,
         8.07070823e-02,  3.23125065e-02,  2.61639864e-02,
         7.19097486e-03,  2.66574758e-03,  7.19882894e-02]])
      jac: array([ 0.0332628 , -0.03401267, -0.00050975,  0.00684051, -0.10170196,
        0.1015306 ,  0.00328416,  0.01440844, -0.00719769, -0.00349382,
        0.01380812, -0.02719827,  0.12471321, -0.05049116, -0.03708969,
       -0.06186841,  0.09223555, -0.04198185])
  message: 'Maximum number of iterations has been exceeded.'
     nfev: 2185
      nit: 100
     njev: 115
   status: 1
  success: False
        x: array([ 2.74081876e-04,  3.31545227e-01,  7.77620115e-01,  1.54832979e+00,
       -4.40595998e-01, -1.60759577e-01,  2.44604421e+00, -1.63030517e-01,
        1.29911282e-01,  1.85032314e+00, -5.42172299e-01, -6.61674872e-01,
        1.42620778e-01,  2.32267741e-01, -3.04864185e-01, -1.15384028e+00,
       -3.25227969e-01,  5.37886059e-02])
