Program Begingeth
      fun: 0.2903197698484707
 hess_inv: array([[ 8.66748156e+00, -9.47148165e-01, -1.73092732e+01,
         2.96764940e+00, -7.68599054e-01, -8.91736989e+00,
        -1.52769127e+01, -7.54238265e+00, -1.75903249e+01,
         1.02978234e+00,  7.69288606e-01,  4.50908216e-01,
         4.64642760e-01, -3.42336855e-01, -5.25278102e-01,
         4.26347183e-01, -4.52391163e-01,  4.80837160e-02],
       [-9.47148165e-01,  1.10995317e+00,  2.28609144e+00,
        -3.16103188e-01,  6.43138858e-01,  1.12890844e+00,
         2.23469047e+00,  1.62429426e+00,  1.83746644e+00,
        -1.91322525e-01, -1.75536674e-01,  1.99928586e-01,
        -2.70208929e-02,  1.80726398e-01, -2.64862594e-03,
         8.00270580e-03,  1.12829971e-01, -5.00259789e-03],
       [-1.73092732e+01,  2.28609144e+00,  4.29829896e+01,
        -5.09192016e+00,  2.16075991e+00,  2.21917388e+01,
         4.00219828e+01,  1.89853613e+01,  4.25664914e+01,
        -2.27708105e+00, -2.60094443e+00, -6.07143090e-01,
        -5.74945904e-01,  1.06213373e+00,  1.42647216e+00,
        -6.67642371e-01,  8.29522625e-01,  3.91267916e-02],
       [ 2.96764940e+00, -3.16103188e-01, -5.09192016e+00,
         1.13913276e+00, -2.20007784e-01, -2.62107315e+00,
        -4.01995081e+00, -2.25707176e+00, -5.14568679e+00,
         3.21692896e-01,  1.74803599e-01,  1.72313653e-01,
         2.28923730e-01, -1.08643277e-01, -1.51887242e-01,
         1.80646265e-01, -1.94782980e-01,  2.95487580e-02],
       [-7.68599054e-01,  6.43138858e-01,  2.16075991e+00,
        -2.20007784e-01,  4.20415914e-01,  1.09248991e+00,
         2.11421705e+00,  1.44383696e+00,  1.86752587e+00,
        -1.08014827e-01, -1.58935108e-01,  1.32704389e-01,
        -1.30131360e-02,  1.36391152e-01,  2.86006213e-02,
         9.88505612e-03,  7.51141903e-02, -2.38344824e-03],
       [-8.91736989e+00,  1.12890844e+00,  2.21917388e+01,
        -2.62107315e+00,  1.09248991e+00,  1.14840096e+01,
         2.06017510e+01,  9.82383872e+00,  2.20959085e+01,
        -1.11886578e+00, -1.40058594e+00, -3.14012064e-01,
        -3.11542203e-01,  5.49915795e-01,  7.53026893e-01,
        -3.53492721e-01,  4.17662507e-01,  1.88689034e-02],
       [-1.52769127e+01,  2.23469047e+00,  4.00219828e+01,
        -4.01995081e+00,  2.11421705e+00,  2.06017510e+01,
         4.01200390e+01,  1.75671570e+01,  4.00781974e+01,
        -2.09794464e+00, -2.32326857e+00, -4.36699079e-01,
        -2.43759225e-01,  8.82338402e-01,  1.20189025e+00,
        -4.49127255e-01,  5.63008610e-01,  2.34395286e-02],
       [-7.54238265e+00,  1.62429426e+00,  1.89853613e+01,
        -2.25707176e+00,  1.44383696e+00,  9.82383872e+00,
         1.75671570e+01,  1.03629880e+01,  1.85074614e+01,
        -6.90873334e-01, -1.11854036e+00, -1.95195667e-02,
        -3.50793949e-01,  5.84111129e-01,  5.81089831e-01,
        -2.72955417e-01,  4.09999507e-01, -3.70764102e-02],
       [-1.75903249e+01,  1.83746644e+00,  4.25664914e+01,
        -5.14568679e+00,  1.86752587e+00,  2.20959085e+01,
         4.00781974e+01,  1.85074614e+01,  4.39841523e+01,
        -2.09973180e+00, -2.57885196e+00, -6.84097965e-01,
        -5.76541607e-01,  8.54965803e-01,  1.37302432e+00,
        -7.02000651e-01,  6.57888371e-01, -3.41005721e-02],
       [ 1.02978234e+00, -1.91322525e-01, -2.27708105e+00,
         3.21692896e-01, -1.08014827e-01, -1.11886578e+00,
        -2.09794464e+00, -6.90873334e-01, -2.09973180e+00,
         8.70649541e-01,  1.47553833e-01,  1.39691996e-03,
        -1.40517529e-01, -7.18397348e-02, -1.71695601e-01,
         2.20322884e-02, -7.93186154e-02, -2.07320593e-01],
       [ 7.69288606e-01, -1.75536674e-01, -2.60094443e+00,
         1.74803599e-01, -1.58935108e-01, -1.40058594e+00,
        -2.32326857e+00, -1.11854036e+00, -2.57885196e+00,
         1.47553833e-01,  6.28021309e-01, -3.59351609e-02,
         8.99519802e-03, -1.69948649e-01, -1.88096582e-01,
         3.81473470e-02, -3.36189127e-02, -9.08364848e-02],
       [ 4.50908216e-01,  1.99928586e-01, -6.07143090e-01,
         1.72313653e-01,  1.32704389e-01, -3.14012064e-01,
        -4.36699079e-01, -1.95195667e-02, -6.84097965e-01,
         1.39691997e-03, -3.59351609e-02,  3.41182043e-01,
         7.87491701e-02,  7.89247453e-02, -6.24887102e-02,
         9.11336134e-02,  3.05788508e-02,  3.24369084e-02],
       [ 4.64642760e-01, -2.70208929e-02, -5.74945904e-01,
         2.28923730e-01, -1.30131360e-02, -3.11542203e-01,
        -2.43759225e-01, -3.50793949e-01, -5.76541607e-01,
        -1.40517529e-01,  8.99519802e-03,  7.87491701e-02,
         1.43789510e-01, -1.17835259e-02, -3.76673079e-03,
         8.58206464e-02, -4.44659509e-02,  6.06053756e-02],
       [-3.42336855e-01,  1.80726398e-01,  1.06213373e+00,
        -1.08643277e-01,  1.36391152e-01,  5.49915795e-01,
         8.82338402e-01,  5.84111129e-01,  8.54965803e-01,
        -7.18397348e-02, -1.69948649e-01,  7.89247453e-02,
        -1.17835259e-02,  1.13688985e-01,  4.81432424e-02,
        -2.47795505e-03,  7.62181805e-02,  2.75407048e-02],
       [-5.25278102e-01, -2.64862594e-03,  1.42647216e+00,
        -1.51887242e-01,  2.86006213e-02,  7.53026893e-01,
         1.20189025e+00,  5.81089831e-01,  1.37302432e+00,
        -1.71695601e-01, -1.88096582e-01, -6.24887102e-02,
        -3.76673079e-03,  4.81432424e-02,  1.25916337e-01,
        -3.74409978e-02,  2.27212609e-02,  7.10138251e-02],
       [ 4.26347183e-01,  8.00270580e-03, -6.67642370e-01,
         1.80646265e-01,  9.88505612e-03, -3.53492721e-01,
        -4.49127255e-01, -2.72955417e-01, -7.02000651e-01,
         2.20322884e-02,  3.81473470e-02,  9.11336134e-02,
         8.58206464e-02, -2.47795505e-03, -3.74409978e-02,
         8.30229349e-02, -2.61270919e-02,  1.02131099e-02],
       [-4.52391163e-01,  1.12829971e-01,  8.29522625e-01,
        -1.94782980e-01,  7.51141903e-02,  4.17662507e-01,
         5.63008610e-01,  4.09999507e-01,  6.57888371e-01,
        -7.93186154e-02, -3.36189127e-02,  3.05788508e-02,
        -4.44659509e-02,  7.62181805e-02,  2.27212609e-02,
        -2.61270919e-02,  9.65252851e-02,  6.15290114e-03],
       [ 4.80837160e-02, -5.00259789e-03,  3.91267916e-02,
         2.95487580e-02, -2.38344824e-03,  1.88689034e-02,
         2.34395286e-02, -3.70764102e-02, -3.41005721e-02,
        -2.07320593e-01, -9.08364848e-02,  3.24369084e-02,
         6.06053756e-02,  2.75407048e-02,  7.10138251e-02,
         1.02131099e-02,  6.15290114e-03,  1.03222321e-01]])
      jac: array([-5.00199882e-05, -1.60070845e-04,  2.43175850e-04,  1.53138983e-04,
        3.83979515e-04, -4.76219064e-04, -6.10382115e-05, -3.76546942e-05,
        7.73122307e-05,  1.55934525e-04,  5.40230823e-05, -1.44057729e-04,
        1.27207874e-04,  4.10096401e-04, -1.91736627e-04, -1.58293749e-04,
       -1.18721329e-04,  3.74054861e-04])
  message: 'Desired error not necessarily achieved due to precision loss.'
     nfev: 2575
      nit: 83
     njev: 135
   status: 2
  success: False
        x: array([ 2.06411410e+00, -1.26198025e+00,  1.85852857e-01,  1.76498748e+00,
       -1.31695187e+00,  2.63934857e-03,  2.25003387e+00, -1.44039978e+00,
       -1.06637584e+00,  1.13689440e-01,  4.12571103e-01,  1.21941072e+00,
        5.35123852e-02,  2.05907198e-01, -2.72034251e-01, -1.11717740e+00,
       -1.34033079e-01, -1.62092063e-03])
