Program Begingeth
      fun: 0.3708333708376556
 hess_inv: array([[ 5.64685416e-01, -1.14336265e-01, -5.38852725e-02,
         1.89017022e-02,  1.40523247e-01, -3.80053148e-01,
         4.11981828e-03,  5.91604823e-01, -2.16727823e+00,
        -3.63918662e-02,  2.94328747e-01,  5.42356054e-01,
        -2.64221883e-01,  3.63381108e-02, -4.36249480e-01,
        -8.53194683e-02, -5.94736822e-02, -1.56624619e-01],
       [-1.14336265e-01,  7.15780849e-01, -5.83660274e-02,
        -2.28657634e-01, -1.84322861e-01, -1.71828645e-01,
        -9.49406193e-01,  9.42291393e-02,  4.03582705e-01,
        -8.15869063e-03,  1.58097538e-01, -1.19886563e-01,
        -1.01527420e-01, -6.44942517e-01, -4.19837997e-03,
         1.64845200e-02, -1.86615680e-01,  1.98055408e-01],
       [-5.38852725e-02, -5.83660274e-02,  4.13644485e-01,
         1.02386095e-01,  1.35335695e-01,  1.34229425e-02,
         7.32116407e-01, -6.08147770e-02,  5.98735234e-01,
        -3.72361440e-01, -1.35764590e-01, -1.64323176e-01,
         1.84772550e-01,  1.98343183e-01, -2.62670010e-01,
         4.09656886e-02,  1.26473861e-02, -1.46280011e-01],
       [ 1.89017022e-02, -2.28657634e-01,  1.02386095e-01,
         2.99895867e-01,  7.57454847e-03,  1.46533656e-03,
         8.61374075e-01, -6.75553025e-01, -1.57203179e-01,
        -8.91625161e-02,  7.78265696e-02,  5.20652328e-02,
         3.13243766e-01,  1.49111591e-01, -1.01923001e-01,
         9.21460143e-02,  2.82967299e-02, -8.51689078e-02],
       [ 1.40523247e-01, -1.84322861e-01,  1.35335695e-01,
         7.57454847e-03,  3.04677525e-01,  1.17242099e-02,
         5.61610725e-01,  7.86442063e-01, -1.36174669e-01,
        -1.21178379e-01, -1.95354929e-01,  1.39183927e-01,
        -8.01970252e-02,  4.55798808e-01, -1.61715226e-01,
        -2.58754804e-02,  1.35569520e-01, -1.33689535e-01],
       [-3.80053148e-01, -1.71828645e-01,  1.34229425e-02,
         1.46533656e-03,  1.17242099e-02,  5.83644994e-01,
         3.39384064e-01, -3.24556331e-01,  2.31013443e+00,
         2.12478417e-02, -5.68869106e-01, -3.33022698e-01,
         1.79005276e-01,  3.45310882e-01,  5.58220668e-01,
         6.95711314e-02,  1.63207089e-01,  1.08760409e-01],
       [ 4.11981828e-03, -9.49406193e-01,  7.32116407e-01,
         8.61374075e-01,  5.61610725e-01,  3.39384064e-01,
         4.97957530e+00, -7.66401177e-01,  1.09181274e+00,
        -4.74169047e-01, -5.37195657e-01,  1.40878572e-01,
         7.26000831e-01,  1.36527477e+00, -3.90986687e-01,
         1.58778164e-01,  3.61705754e-01, -4.51325377e-01],
       [ 5.91604823e-01,  9.42291393e-02, -6.08147770e-02,
        -6.75553025e-01,  7.86442063e-01, -3.24556331e-01,
        -7.66401177e-01,  5.74331087e+00, -2.05679965e+00,
         1.37474450e-01,  1.01857498e-01,  4.89768946e-01,
        -1.16203630e+00,  3.63015766e-01, -3.05974465e-01,
        -3.83725133e-01,  6.19108502e-02, -5.75018321e-02],
       [-2.16727823e+00,  4.03582705e-01,  5.98735234e-01,
        -1.57203179e-01, -1.36174669e-01,  2.31013443e+00,
         1.09181274e+00, -2.05679965e+00,  1.44179708e+01,
        -6.19270230e-01, -2.46454461e+00, -1.79305948e+00,
         1.12886671e+00,  6.60293692e-01,  1.69310296e+00,
         4.76314674e-01,  3.87256073e-01,  3.55284472e-01],
       [-3.63918662e-02, -8.15869063e-03, -3.72361440e-01,
        -8.91625161e-02, -1.21178379e-01,  2.12478417e-02,
        -4.74169047e-01,  1.37474450e-01, -6.19270230e-01,
         5.41824754e-01,  1.17125308e-01,  5.91066868e-02,
        -2.04298042e-01, -1.28073303e-01,  3.07885059e-01,
        -6.68913544e-02,  2.96302133e-02,  1.46679362e-01],
       [ 2.94328747e-01,  1.58097538e-01, -1.35764590e-01,
         7.78265696e-02, -1.95354929e-01, -5.68869106e-01,
        -5.37195657e-01,  1.01857498e-01, -2.46454461e+00,
         1.17125308e-01,  1.22010219e+00,  2.19671536e-01,
        -1.26523460e-01, -7.13140854e-01, -3.12717217e-01,
        -1.31948507e-01, -2.58460160e-01,  1.00482718e-01],
       [ 5.42356054e-01, -1.19886563e-01, -1.64323176e-01,
         5.20652328e-02,  1.39183927e-01, -3.33022698e-01,
         1.40878572e-01,  4.89768946e-01, -1.79305948e+00,
         5.91066868e-02,  2.19671536e-01,  7.82672704e-01,
        -2.32296395e-01,  7.26905518e-02, -4.29353375e-01,
        -5.24719843e-02, -4.29479230e-02, -1.70738944e-01],
       [-2.64221883e-01, -1.01527420e-01,  1.84772550e-01,
         3.13243766e-01, -8.01970252e-02,  1.79005276e-01,
         7.26000831e-01, -1.16203630e+00,  1.12886671e+00,
        -2.04298042e-01, -1.26523460e-01, -2.32296395e-01,
         5.64110598e-01,  9.09318812e-02,  5.49886847e-02,
         2.15092040e-01,  3.06511150e-02, -2.75663240e-02],
       [ 3.63381108e-02, -6.44942517e-01,  1.98343183e-01,
         1.49111591e-01,  4.55798808e-01,  3.45310882e-01,
         1.36527477e+00,  3.63015766e-01,  6.60293692e-01,
        -1.28073303e-01, -7.13140854e-01,  7.26905518e-02,
         9.09318812e-02,  1.11140356e+00,  1.72749096e-02,
         3.21661010e-02,  3.84941742e-01, -2.51060806e-01],
       [-4.36249480e-01, -4.19837997e-03, -2.62670010e-01,
        -1.01923001e-01, -1.61715226e-01,  5.58220668e-01,
        -3.90986687e-01, -3.05974465e-01,  1.69310296e+00,
         3.07885059e-01, -3.12717217e-01, -4.29353375e-01,
         5.49886847e-02,  1.72749096e-02,  8.82333771e-01,
         2.40090025e-02,  1.16026098e-01,  3.52774413e-01],
       [-8.53194683e-02,  1.64845200e-02,  4.09656886e-02,
         9.21460143e-02, -2.58754804e-02,  6.95711314e-02,
         1.58778164e-01, -3.83725133e-01,  4.76314674e-01,
        -6.68913544e-02, -1.31948507e-01, -5.24719843e-02,
         2.15092040e-01,  3.21661010e-02,  2.40090025e-02,
         1.22608745e-01,  1.28570642e-02, -9.20636352e-03],
       [-5.94736822e-02, -1.86615680e-01,  1.26473861e-02,
         2.82967299e-02,  1.35569520e-01,  1.63207089e-01,
         3.61705754e-01,  6.19108502e-02,  3.87256073e-01,
         2.96302133e-02, -2.58460160e-01, -4.29479230e-02,
         3.06511150e-02,  3.84941742e-01,  1.16026098e-01,
         1.28570642e-02,  1.78542132e-01, -3.17738249e-02],
       [-1.56624619e-01,  1.98055408e-01, -1.46280011e-01,
        -8.51689078e-02, -1.33689535e-01,  1.08760409e-01,
        -4.51325377e-01, -5.75018321e-02,  3.55284472e-01,
         1.46679362e-01,  1.00482718e-01, -1.70738944e-01,
        -2.75663240e-02, -2.51060806e-01,  3.52774413e-01,
        -9.20636352e-03, -3.17738249e-02,  2.47376535e-01]])
      jac: array([-7.12393108e-06,  5.43698420e-05,  3.13786034e-06,  1.35297329e-04,
       -1.13492919e-04, -3.18215824e-05, -3.65300383e-06,  1.22294767e-05,
        8.41697083e-06, -2.11860159e-05,  2.04510483e-05, -1.62092562e-06,
       -1.17848324e-04,  9.24608538e-05,  3.66466117e-05,  7.85312556e-05,
       -3.75655063e-05, -3.60822483e-05])
  message: 'Desired error not necessarily achieved due to precision loss.'
     nfev: 1454
      nit: 35
     njev: 76
   status: 2
  success: False
        x: array([ 0.76139368, -0.04989787,  0.45447561,  0.22671429, -1.03129354,
       -1.09623174,  1.26494374, -1.5529539 , -1.33177384, -1.09890486,
        0.0305971 ,  0.60808638,  0.12683116,  0.04379074, -0.95577947,
        0.08709035,  1.32182901, -1.16736635])
