Program Begingeth
      fun: 0.3151631280831558
 hess_inv: array([[ 4.46878203e+00, -1.51758285e+00,  5.11350161e-01,
         1.56618561e+00, -8.60905351e-01,  1.15544099e+00,
         1.50038845e+00,  2.67099479e-01,  4.00514846e+00,
        -5.68823087e-02, -9.06755130e-01,  3.54363344e-01,
        -6.41852558e-01,  2.88012916e-01,  4.33923072e-01,
        -3.37795424e-01,  4.63611056e-01, -2.14051090e-01],
       [-1.51758285e+00,  4.98343500e+00,  1.20759718e+00,
        -4.77093618e-01,  2.23912440e+00,  1.21018537e-01,
        -4.33184741e+00,  1.35945917e+00,  3.76079295e+00,
        -4.14344241e-01,  6.92177699e-01, -1.32877694e+00,
         6.71220624e-01, -4.12651183e-01, -2.85410623e-01,
         1.82855402e-01, -4.39182116e-01,  8.68996272e-02],
       [ 5.11350161e-01,  1.20759718e+00,  2.03056832e+00,
        -6.92128468e-02,  4.34850504e-01,  9.41843913e-01,
        -2.54314848e+00, -1.16572718e+00,  3.30146887e+00,
        -8.84000936e-02,  5.42639050e-01, -4.32176746e-01,
        -5.90090316e-02, -7.28161712e-02, -1.16872696e-01,
         4.79216165e-02,  5.14531075e-02, -1.08062608e-01],
       [ 1.56618561e+00, -4.77093618e-01, -6.92128468e-02,
         6.32803771e-01, -2.75861322e-01,  2.93067675e-01,
         1.03371785e+00,  3.87903021e-01,  1.27358015e+00,
        -5.77416746e-02, -4.09203536e-01,  8.20127923e-02,
        -1.73027362e-01,  8.35652599e-02,  1.91838948e-01,
        -1.23439435e-01,  1.34403207e-01, -3.31292155e-02],
       [-8.60905351e-01,  2.23912440e+00,  4.34850504e-01,
        -2.75861322e-01,  1.11083849e+00, -5.94636344e-03,
        -2.50656578e+00,  1.16581863e+00,  1.28673186e+00,
        -1.04276892e-01,  2.52563145e-01, -5.18836792e-01,
         3.71780408e-01, -1.53544579e-01, -1.23257762e-01,
         1.32146935e-01, -2.64064734e-01,  5.09294664e-02],
       [ 1.15544099e+00,  1.21018537e-01,  9.41843913e-01,
         2.93067675e-01, -5.94636344e-03,  6.93417638e-01,
        -9.66227802e-01, -2.69938334e-01,  2.44102128e+00,
         4.51076798e-02, -7.15956431e-02, -6.08948309e-02,
        -1.89150359e-01,  4.84343814e-02,  8.43442344e-02,
        -7.46356480e-02,  9.78367012e-02, -8.25132496e-02],
       [ 1.50038845e+00, -4.33184741e+00, -2.54314848e+00,
         1.03371785e+00, -2.50656578e+00, -9.66227802e-01,
         1.29187706e+01, -2.41915085e+00, -4.50622623e+00,
        -3.66310381e-01, -7.37051543e-01,  6.70749391e-01,
        -7.06052297e-01,  2.41465268e-01,  3.49919653e-01,
        -4.29624248e-01,  8.53860125e-01,  1.32026745e-01],
       [ 2.67099479e-01,  1.35945917e+00, -1.16572718e+00,
         3.87903021e-01,  1.16581863e+00, -2.69938334e-01,
        -2.41915085e+00,  6.61074584e+00,  1.09484466e-01,
         2.48269006e-01, -8.30938869e-01, -1.69990017e-01,
         3.78079001e-01,  8.67124389e-02,  3.51179408e-01,
        -1.09329355e-02, -3.41141556e-01,  1.39479147e-01],
       [ 4.00514846e+00,  3.76079295e+00,  3.30146887e+00,
         1.27358015e+00,  1.28673186e+00,  2.44102128e+00,
        -4.50622623e+00,  1.09484466e-01,  1.39666889e+01,
        -3.60231103e-01,  2.88027792e-02, -1.12788426e+00,
        -2.68186757e-01, -3.08430444e-01,  2.33355422e-01,
        -3.36532249e-01,  2.16462582e-04, -1.51201256e-01],
       [-5.68823087e-02, -4.14344241e-01, -8.84000936e-02,
        -5.77416746e-02, -1.04276892e-01,  4.51076798e-02,
        -3.66310381e-01,  2.48269006e-01, -3.60231103e-01,
         6.37008486e-01, -2.60674186e-02,  1.21809197e-01,
        -1.52239816e-01,  1.01328185e-02, -3.26241243e-02,
        -7.40925989e-03, -6.99479406e-02, -1.58010016e-01],
       [-9.06755130e-01,  6.92177699e-01,  5.42639050e-01,
        -4.09203536e-01,  2.52563145e-01, -7.15956431e-02,
        -7.37051543e-01, -8.30938869e-01,  2.88027792e-02,
        -2.60674186e-02,  9.96881356e-01, -3.43729910e-01,
         1.06236098e-01, -2.51631275e-01, -2.97455921e-01,
         1.15127126e-01, -7.37465943e-02, -1.07829130e-01],
       [ 3.54363344e-01, -1.32877694e+00, -4.32176746e-01,
         8.20127923e-02, -5.18836792e-01, -6.08948309e-02,
         6.70749391e-01, -1.69990017e-01, -1.12788426e+00,
         1.21809197e-01, -3.43729910e-01,  7.07253866e-01,
        -1.23813845e-01,  2.11297500e-01,  4.01326056e-02,
         1.59089641e-02,  1.20733294e-01, -5.88573244e-03],
       [-6.41852558e-01,  6.71220624e-01, -5.90090316e-02,
        -1.73027362e-01,  3.71780408e-01, -1.89150359e-01,
        -7.06052297e-01,  3.78079001e-01, -2.68186757e-01,
        -1.52239816e-01,  1.06236098e-01, -1.23813845e-01,
         2.67130105e-01, -6.58764787e-02, -5.21013737e-02,
         1.26384040e-01, -1.48568054e-01,  9.23319803e-02],
       [ 2.88012916e-01, -4.12651183e-01, -7.28161712e-02,
         8.35652599e-02, -1.53544579e-01,  4.84343814e-02,
         2.41465268e-01,  8.67124389e-02, -3.08430444e-01,
         1.01328185e-02, -2.51631275e-01,  2.11297500e-01,
        -6.58764787e-02,  1.38511219e-01,  6.19853904e-02,
        -1.66218889e-02,  9.58484097e-02,  1.11697117e-02],
       [ 4.33923072e-01, -2.85410623e-01, -1.16872696e-01,
         1.91838948e-01, -1.23257762e-01,  8.43442344e-02,
         3.49919653e-01,  3.51179408e-01,  2.33355422e-01,
        -3.26241243e-02, -2.97455921e-01,  4.01326056e-02,
        -5.21013737e-02,  6.19853904e-02,  1.51669871e-01,
        -6.36964830e-02,  3.26872300e-02,  6.17332740e-02],
       [-3.37795424e-01,  1.82855402e-01,  4.79216165e-02,
        -1.23439435e-01,  1.32146935e-01, -7.46356480e-02,
        -4.29624248e-01, -1.09329355e-02, -3.36532249e-01,
        -7.40925989e-03,  1.15127126e-01,  1.59089641e-02,
         1.26384040e-01, -1.66218889e-02, -6.36964830e-02,
         1.11642440e-01, -6.52458807e-02,  1.43243597e-02],
       [ 4.63611056e-01, -4.39182116e-01,  5.14531075e-02,
         1.34403207e-01, -2.64064734e-01,  9.78367012e-02,
         8.53860125e-01, -3.41141556e-01,  2.16462582e-04,
        -6.99479406e-02, -7.37465943e-02,  1.20733294e-01,
        -1.48568054e-01,  9.58484097e-02,  3.26872300e-02,
        -6.52458807e-02,  1.92063549e-01, -2.45889365e-02],
       [-2.14051090e-01,  8.68996272e-02, -1.08062608e-01,
        -3.31292155e-02,  5.09294664e-02, -8.25132496e-02,
         1.32026745e-01,  1.39479147e-01, -1.51201256e-01,
        -1.58010016e-01, -1.07829130e-01, -5.88573244e-03,
         9.23319803e-02,  1.11697117e-02,  6.17332740e-02,
         1.43243597e-02, -2.45889365e-02,  1.24769693e-01]])
      jac: array([-7.68644408e-07, -1.94918156e-06, -2.18047802e-06,  2.57534734e-06,
        5.81312776e-06,  5.08667182e-06, -1.05101113e-07, -5.46599803e-07,
       -5.20324524e-07, -6.10622664e-08,  2.81996648e-07, -4.19294229e-07,
       -2.91766611e-06, -2.22044605e-06, -3.11972670e-06,  9.01131022e-07,
        2.36958601e-06,  4.73288075e-06])
  message: 'Optimization terminated successfully.'
     nfev: 1615
      nit: 74
     njev: 85
   status: 0
  success: True
        x: array([ 0.83216931, -1.19969609,  0.59839138,  1.0586168 , -1.22715608,
        0.16156605,  0.61932742, -2.07883396, -0.44645008,  0.05114527,
        0.55441801,  1.20854928, -0.00308793,  0.04782675, -0.35366967,
       -1.01768683, -0.58575372, -0.04184164])
