Program Begingeth
      fun: 0.3037850524315822
 hess_inv: array([[ 9.89057966e-01, -1.13395873e-01,  1.50903431e-01,
         3.53740742e-01, -2.32541630e-01,  3.42109706e-01,
         1.11395349e+00, -4.00666135e-01,  6.31385545e-01,
         9.91598369e-01, -7.48377398e-01, -2.89606385e-02,
        -3.63875977e-01, -6.82251294e-03,  1.00023306e-01,
        -1.43808130e-02, -2.37645731e-02, -1.96205349e-01],
       [-1.13395873e-01,  5.61188503e-01, -1.52092773e-01,
        -2.37660086e-01,  1.07823039e-01, -2.31419214e-01,
        -1.24280104e+00,  4.05075267e-01,  7.24433090e-02,
        -6.25414080e-01,  1.05927544e-01, -1.31159237e-01,
         6.37365572e-02, -1.79544026e-01, -2.08314574e-01,
         3.95796986e-02, -7.00916043e-03, -9.58569339e-02],
       [ 1.50903431e-01, -1.52092773e-01,  3.99605250e-01,
         1.83222796e-01,  2.38474069e-02,  2.20200605e-01,
         7.10487291e-01, -6.04518703e-01,  5.68560008e-01,
         7.22774060e-01,  8.96267769e-02,  1.15566120e-01,
        -5.10402233e-02,  1.54986007e-01,  9.49912753e-03,
         5.58894427e-02,  6.70924837e-02,  2.79021013e-02],
       [ 3.53740742e-01, -2.37660086e-01,  1.83222796e-01,
         5.72120738e-01,  3.88648896e-02,  2.44486667e-01,
         1.63462889e+00,  1.56226194e-01,  1.23553208e+00,
         1.60700795e+00,  8.18697918e-02, -2.34038214e-01,
        -1.74535628e-02,  1.00859648e-01,  1.40333415e-01,
         4.39026612e-02, -1.18405424e-02,  7.36412035e-03],
       [-2.32541630e-01,  1.07823039e-01,  2.38474069e-02,
         3.88648896e-02,  3.83726366e-01, -1.06321875e-01,
        -4.87986388e-01,  8.53456511e-01,  7.11924753e-01,
         1.69944596e-01,  9.07725464e-01, -2.00120285e-01,
         1.94611111e-01,  7.84375417e-02, -7.15156609e-02,
         9.13140139e-02,  4.27743894e-03,  6.83322248e-02],
       [ 3.42109706e-01, -2.31419214e-01,  2.20200605e-01,
         2.44486667e-01, -1.06321875e-01,  4.67402587e-01,
         1.53798895e+00, -7.22315560e-01,  1.11549507e+00,
         8.73372672e-01, -1.11087888e-01,  5.30383140e-01,
        -2.25172437e-01,  1.35106794e-01,  1.59120747e-01,
        -3.55814384e-02,  9.82377870e-02, -2.59973499e-02],
       [ 1.11395349e+00, -1.24280104e+00,  7.10487291e-01,
         1.63462889e+00, -4.87986388e-01,  1.53798895e+00,
         1.47445236e+01, -2.50533607e+00,  5.77346254e+00,
         4.55383569e+00,  8.67619297e-01,  2.10006479e-01,
        -1.08409155e+00,  4.85819385e-01,  5.99283829e-01,
        -3.17201857e-01,  6.74899543e-01, -2.74989142e-01],
       [-4.00666135e-01,  4.05075267e-01, -6.04518703e-01,
         1.56226194e-01,  8.53456511e-01, -7.22315560e-01,
        -2.50533607e+00,  5.00446785e+00,  8.41874170e-01,
         1.48452945e-02,  1.32938864e+00, -1.48860215e+00,
         5.88320569e-01, -7.53690321e-02, -9.72180734e-02,
         1.30530879e-01, -1.66046607e-01,  1.40045721e-01],
       [ 6.31385545e-01,  7.24433090e-02,  5.68560008e-01,
         1.23553208e+00,  7.11924753e-01,  1.11549507e+00,
         5.77346254e+00,  8.41874170e-01,  8.60189102e+00,
         4.23075870e+00,  2.42096431e+00,  1.05189756e-01,
        -3.22510284e-01,  3.78683630e-01,  2.25297440e-01,
         7.00578480e-02,  4.03523420e-01, -4.86777274e-02],
       [ 9.91598369e-01, -6.25414080e-01,  7.22774060e-01,
         1.60700795e+00,  1.69944596e-01,  8.73372672e-01,
         4.55383569e+00,  1.48452945e-02,  4.23075870e+00,
         4.88538114e+00,  4.33479228e-01, -3.52049187e-01,
        -1.29402618e-01,  3.73872813e-01,  3.75755225e-01,
         1.18560263e-01,  5.44100532e-02,  2.27826971e-02],
       [-7.48377398e-01,  1.05927544e-01,  8.96267769e-02,
         8.18697918e-02,  9.07725464e-01, -1.11087888e-01,
         8.67619297e-01,  1.32938864e+00,  2.42096431e+00,
         4.33479228e-01,  2.83638893e+00, -2.95298681e-01,
         3.20748940e-01,  2.39712045e-01, -1.41542715e-01,
         1.26334138e-01,  1.45793891e-01,  1.49688221e-01],
       [-2.89606385e-02, -1.31159237e-01,  1.15566120e-01,
        -2.34038214e-01, -2.00120285e-01,  5.30383140e-01,
         2.10006479e-01, -1.48860215e+00,  1.05189756e-01,
        -3.52049187e-01, -2.95298681e-01,  1.54289930e+00,
        -2.12897663e-01,  1.25146239e-01,  1.28213611e-01,
        -7.07810893e-02,  1.42810421e-01,  9.94352100e-04],
       [-3.63875977e-01,  6.37365572e-02, -5.10402233e-02,
        -1.74535628e-02,  1.94611111e-01, -2.25172437e-01,
        -1.08409155e+00,  5.88320569e-01, -3.22510284e-01,
        -1.29402618e-01,  3.20748940e-01, -2.12897663e-01,
         3.05879762e-01, -2.52985058e-03, -4.95166833e-02,
         9.85022310e-02, -7.99199687e-02,  1.16848243e-01],
       [-6.82251294e-03, -1.79544026e-01,  1.54986007e-01,
         1.00859648e-01,  7.84375417e-02,  1.35106794e-01,
         4.85819385e-01, -7.53690321e-02,  3.78683630e-01,
         3.73872813e-01,  2.39712045e-01,  1.25146239e-01,
        -2.52985058e-03,  1.47592031e-01,  5.47131654e-02,
         1.61081764e-02,  6.09860165e-02,  5.53943046e-02],
       [ 1.00023306e-01, -2.08314574e-01,  9.49912753e-03,
         1.40333415e-01, -7.15156609e-02,  1.59120747e-01,
         5.99283829e-01, -9.72180734e-02,  2.25297440e-01,
         3.75755225e-01, -1.41542715e-01,  1.28213611e-01,
        -4.95166833e-02,  5.47131654e-02,  1.42756298e-01,
        -3.20644916e-02,  1.52224015e-03,  4.54111710e-02],
       [-1.43808130e-02,  3.95796986e-02,  5.58894427e-02,
         4.39026612e-02,  9.13140139e-02, -3.55814384e-02,
        -3.17201857e-01,  1.30530879e-01,  7.00578480e-02,
         1.18560263e-01,  1.26334138e-01, -7.07810893e-02,
         9.85022310e-02,  1.61081764e-02, -3.20644916e-02,
         7.91793401e-02, -2.74936757e-02,  2.14149229e-02],
       [-2.37645731e-02, -7.00916043e-03,  6.70924837e-02,
        -1.18405424e-02,  4.27743894e-03,  9.82377870e-02,
         6.74899543e-01, -1.66046607e-01,  4.03523420e-01,
         5.44100532e-02,  1.45793891e-01,  1.42810421e-01,
        -7.99199687e-02,  6.09860165e-02,  1.52224015e-03,
        -2.74936757e-02,  1.06501582e-01, -1.27290446e-02],
       [-1.96205349e-01, -9.58569339e-02,  2.79021013e-02,
         7.36412035e-03,  6.83322248e-02, -2.59973499e-02,
        -2.74989142e-01,  1.40045721e-01, -4.86777274e-02,
         2.27826971e-02,  1.49688221e-01,  9.94352100e-04,
         1.16848243e-01,  5.53943046e-02,  4.54111710e-02,
         2.14149229e-02, -1.27290446e-02,  1.13432850e-01]])
      jac: array([-6.80389078e-05,  3.84943929e-05,  3.46004706e-05,  2.09721870e-04,
       -4.34593102e-05, -6.04412816e-05, -1.33545027e-05, -4.18554080e-06,
        6.25314615e-06, -5.25294623e-05,  1.63287902e-05,  5.61143724e-06,
       -1.82981408e-04,  4.91925019e-05,  7.90286355e-05,  1.20851847e-04,
       -2.86877929e-05, -1.28685951e-05])
  message: 'Desired error not necessarily achieved due to precision loss.'
     nfev: 2576
      nit: 80
     njev: 135
   status: 2
  success: False
        x: array([ 0.07486608,  0.18877103,  0.89800034,  1.3293883 , -0.75565336,
        0.30005086,  0.64739599, -1.704887  ,  0.83888643,  1.72727411,
       -0.67867421,  0.80878083,  0.05067506,  0.09425063, -0.27816911,
       -1.1497606 , -0.6151761 ,  0.04396344])
