Program Begingeth
      fun: 0.28889330625017734
 hess_inv: array([[ 2.75437671e+00, -7.36184171e-01, -1.86142443e-01,
         1.02538740e+00, -3.39781700e-01,  2.89207807e-01,
         1.05929060e+00,  1.12514311e+00,  1.43910738e+00,
         1.12011661e-01, -6.62843751e-01, -5.64665773e-02,
        -3.62354031e-01,  1.53914248e-01,  2.50123913e-01,
        -1.83597650e-01,  1.67988385e-01, -4.10951184e-02],
       [-7.36184171e-01,  2.06990460e+00,  7.99960057e-01,
        -1.66786264e-01,  8.32467437e-01,  2.02386671e-01,
        -5.63465081e-01,  3.90534645e-01,  1.29889936e+00,
        -3.13381993e-01,  4.66663651e-01, -5.96672417e-01,
         2.92559845e-01, -2.61969880e-01, -6.64029768e-02,
         4.98592962e-02, -1.37674751e-01,  3.26181219e-02],
       [-1.86142443e-01,  7.99960057e-01,  6.52564712e+00,
        -9.61472503e-01,  1.79141004e-01,  2.95843548e+00,
        -1.09057797e+01, -4.46564354e+00,  6.49485215e+00,
         8.22657616e-01,  1.47697860e+00, -3.73563099e-01,
        -2.14774841e-01, -8.31574336e-02, -4.38970495e-01,
         1.57215003e-01,  1.29632733e-01, -4.23390010e-01],
       [ 1.02538740e+00, -1.66786264e-01, -9.61472503e-01,
         5.62050936e-01, -7.48966898e-02, -3.18799244e-01,
         2.33238023e+00,  1.06976858e+00, -1.99065725e-01,
        -1.13898518e-01, -3.67914363e-01, -6.05643732e-02,
        -6.44095592e-02,  1.24737123e-02,  1.45328153e-01,
        -8.47829626e-02,  1.45099731e-02,  5.03108069e-02],
       [-3.39781700e-01,  8.32467437e-01,  1.79141004e-01,
        -7.48966898e-02,  3.80633223e-01,  2.41416896e-02,
        -2.07206559e-01,  6.10898885e-01,  2.78470722e-01,
        -8.38314393e-02,  1.31697792e-01, -2.00550173e-01,
         1.26225946e-01, -7.96025569e-02, -8.72106210e-03,
         3.08604476e-02, -5.43436200e-02,  2.25496192e-02],
       [ 2.89207807e-01,  2.02386671e-01,  2.95843548e+00,
        -3.18799244e-01,  2.41416896e-02,  1.43017716e+00,
        -5.06796950e+00, -1.75193583e+00,  3.27850197e+00,
         4.70018236e-01,  4.90605005e-01, -1.30284191e-01,
        -1.72380438e-01,  7.72543977e-03, -1.47837452e-01,
         3.99353180e-02,  8.11375077e-02, -1.99308705e-01],
       [ 1.05929060e+00, -5.63465081e-01, -1.09057797e+01,
         2.33238023e+00, -2.07206559e-01, -5.06796950e+00,
         2.40000860e+01,  6.75375535e+00, -9.49495315e+00,
        -1.46694525e+00, -1.67321813e+00, -5.75104367e-02,
         3.22217345e-01, -2.63918118e-01,  6.16376185e-01,
        -3.68333749e-01, -2.88980304e-01,  6.54814977e-01],
       [ 1.12514311e+00,  3.90534645e-01, -4.46564354e+00,
         1.06976858e+00,  6.10898885e-01, -1.75193583e+00,
         6.75375535e+00,  8.54991016e+00, -3.54128290e+00,
        -8.21590542e-02, -1.39368556e+00, -7.13531589e-02,
         3.50982372e-02,  9.67321838e-02,  6.00755360e-01,
        -1.82668570e-01, -9.52522713e-02,  3.10201599e-01],
       [ 1.43910738e+00,  1.29889936e+00,  6.49485215e+00,
        -1.99065725e-01,  2.78470722e-01,  3.27850197e+00,
        -9.49495315e+00, -3.54128290e+00,  1.00632739e+01,
         8.06289498e-01,  1.17777285e+00, -6.01853354e-01,
        -3.27820769e-01, -2.41924054e-01, -3.10016747e-01,
         7.12812776e-03,  6.41036961e-02, -4.29952706e-01],
       [ 1.12011661e-01, -3.13381993e-01,  8.22657616e-01,
        -1.13898518e-01, -8.38314393e-02,  4.70018236e-01,
        -1.46694525e+00, -8.21590542e-02,  8.06289498e-01,
         1.06328787e+00,  9.32293915e-02,  3.71176553e-02,
        -2.95277387e-01,  5.23386559e-02, -1.08053884e-01,
        -1.20045453e-03,  3.21923797e-02, -2.43013256e-01],
       [-6.62843751e-01,  4.66663651e-01,  1.47697860e+00,
        -3.67914363e-01,  1.31697792e-01,  4.90605005e-01,
        -1.67321813e+00, -1.39368556e+00,  1.17777285e+00,
         9.32293915e-02,  1.07584759e+00, -2.11069189e-01,
         6.76270003e-02, -2.19119990e-01, -2.61522122e-01,
         9.12467052e-02, -2.52089113e-02, -1.41836303e-01],
       [-5.64665773e-02, -5.96672417e-01, -3.73563099e-01,
        -6.05643732e-02, -2.00550173e-01, -1.30284191e-01,
        -5.75104367e-02, -7.13531589e-02, -6.01853354e-01,
         3.71176553e-02, -2.11069189e-01,  5.14031201e-01,
        -2.51540104e-03,  1.36410653e-01, -2.38494993e-02,
         5.57239361e-02,  5.48951514e-02,  3.00718784e-02],
       [-3.62354031e-01,  2.92559845e-01, -2.14774841e-01,
        -6.44095592e-02,  1.26225946e-01, -1.72380438e-01,
         3.22217345e-01,  3.50982372e-02, -3.27820769e-01,
        -2.95277387e-01,  6.76270003e-02, -2.51540104e-03,
         1.74445021e-01, -4.84581007e-02, -6.43657109e-03,
         6.07017185e-02, -4.89984718e-02,  7.41168364e-02],
       [ 1.53914248e-01, -2.61969880e-01, -8.31574336e-02,
         1.24737123e-02, -7.96025569e-02,  7.72543977e-03,
        -2.63918118e-01,  9.67321838e-02, -2.41924054e-01,
         5.23386559e-02, -2.19119990e-01,  1.36410653e-01,
        -4.84581007e-02,  1.13077173e-01,  3.46849978e-02,
        -3.60287252e-03,  5.91169519e-02,  7.71552120e-03],
       [ 2.50123913e-01, -6.64029768e-02, -4.38970495e-01,
         1.45328153e-01, -8.72106210e-03, -1.47837452e-01,
         6.16376185e-01,  6.00755360e-01, -3.10016747e-01,
        -1.08053884e-01, -2.61522122e-01, -2.38494993e-02,
        -6.43657109e-03,  3.46849978e-02,  1.13831432e-01,
        -4.04472393e-02, -8.01165481e-04,  7.16474220e-02],
       [-1.83597650e-01,  4.98592962e-02,  1.57215003e-01,
        -8.47829626e-02,  3.08604476e-02,  3.99353180e-02,
        -3.68333749e-01, -1.82668570e-01,  7.12812776e-03,
        -1.20045453e-03,  9.12467052e-02,  5.57239361e-02,
         6.07017185e-02, -3.60287252e-03, -4.04472393e-02,
         6.38801750e-02, -7.32760381e-03, -3.60366386e-03],
       [ 1.67988385e-01, -1.37674751e-01,  1.29632733e-01,
         1.45099731e-02, -5.43436200e-02,  8.11375077e-02,
        -2.88980304e-01, -9.52522713e-02,  6.41036961e-02,
         3.21923797e-02, -2.52089113e-02,  5.48951514e-02,
        -4.89984718e-02,  5.91169519e-02, -8.01165481e-04,
        -7.32760381e-03,  6.27241607e-02, -1.54195533e-02],
       [-4.10951184e-02,  3.26181219e-02, -4.23390010e-01,
         5.03108069e-02,  2.25496192e-02, -1.99308705e-01,
         6.54814977e-01,  3.10201599e-01, -4.29952706e-01,
        -2.43013256e-01, -1.41836303e-01,  3.00718784e-02,
         7.41168364e-02,  7.71552120e-03,  7.16474220e-02,
        -3.60366386e-03, -1.54195533e-02,  1.01833071e-01]])
      jac: array([ 2.47868393e-05,  1.68827915e-05,  5.33451061e-05, -2.71867714e-05,
       -7.26714985e-05, -1.07660177e-04, -1.77820721e-06,  5.91711865e-06,
        6.33937347e-07,  3.42692541e-05, -1.59753692e-05,  3.59046126e-06,
        8.41097562e-05, -5.33643500e-05,  6.35047570e-07, -6.12191779e-05,
        6.24778007e-05,  2.93480055e-05])
  message: 'Desired error not necessarily achieved due to precision loss.'
     nfev: 2233
      nit: 74
     njev: 117
   status: 2
  success: False
        x: array([ 1.12106366e+00, -1.34405296e+00,  3.50270710e-01,  1.45055234e+00,
       -1.30076745e+00,  6.81969794e-02,  1.42231828e+00, -1.65802362e+00,
       -9.34860386e-01,  6.15897492e-02,  4.94193253e-01,  1.12492018e+00,
       -1.03074746e-04,  2.28224131e-01, -2.52819208e-01, -1.32719244e+00,
       -5.12059735e-02,  1.35852482e-02])
