Program Begingeth
      fun: 0.27095357783605717
 hess_inv: array([[ 7.60542097e+00,  2.13368983e+00, -2.67656755e+00,
         1.71410963e+00,  1.13608283e+00, -1.59953407e+00,
        -7.81048914e-01,  8.02065753e-01, -4.18499720e+00,
        -5.60078905e-01, -4.31950278e-01, -2.02539581e-01,
        -1.43460542e+00, -3.21595173e-01,  5.19500971e-02,
        -1.98668622e-01, -8.50338833e-01,  2.75478298e-01],
       [ 2.13368983e+00,  3.68101043e+00, -1.12781119e+00,
         1.03084353e-01,  1.45451062e+00, -5.71407303e-01,
        -2.09732285e+00,  2.99996967e+00, -4.00366718e-01,
        -3.42832637e-02, -4.85846975e-01, -1.07186123e+00,
        -5.72512560e-01, -4.08237221e-01,  2.67187118e-01,
         9.27556882e-02, -3.15692230e-01,  1.42291645e-01],
       [-2.67656755e+00, -1.12781119e+00,  1.65357041e+01,
         1.66832183e+00, -8.40737003e-01,  6.28003528e+00,
         2.25673969e+01, -6.48456930e+00,  9.58458590e+00,
         5.25508623e-01,  4.13048190e+00, -1.77875405e+00,
         1.01034130e+00, -1.60371690e-01, -1.01762368e+00,
        -1.68407363e-01,  9.48324924e-01, -1.73040532e-01],
       [ 1.71410963e+00,  1.03084353e-01,  1.66832183e+00,
         8.17599137e-01,  9.08573467e-02,  4.97559905e-01,
         3.72787157e+00, -8.80068687e-01,  5.84881636e-02,
        -1.06009022e-01,  4.31390248e-01, -1.59105487e-01,
        -1.91002909e-01, -3.00772630e-02, -1.36206237e-01,
        -8.05653059e-02, -5.94247199e-02,  4.29481431e-02],
       [ 1.13608283e+00,  1.45451062e+00, -8.40737003e-01,
         9.08573467e-02,  6.40020340e-01, -3.73483899e-01,
        -1.06072991e+00,  1.61454146e+00, -5.54702511e-01,
        -1.09451970e-01, -2.99804843e-01, -3.17061681e-01,
        -2.74517937e-01, -1.27509073e-01,  1.36246630e-01,
         1.84995892e-02, -1.59364043e-01,  6.96447906e-02],
       [-1.59953407e+00, -5.71407303e-01,  6.28003528e+00,
         4.97559905e-01, -3.73483899e-01,  2.50104513e+00,
         8.63728102e+00, -2.17426538e+00,  4.07937938e+00,
         1.24505997e-01,  1.42243522e+00, -6.10171025e-01,
         5.25034103e-01, -6.52195479e-03, -3.28298544e-01,
        -3.31517593e-02,  4.11484812e-01, -8.19432773e-02],
       [-7.81048914e-01, -2.09732285e+00,  2.25673969e+01,
         3.72787157e+00, -1.06072991e+00,  8.63728102e+00,
         3.79911995e+01, -8.93677972e+00,  1.12798342e+01,
         4.43779280e-01,  4.92441917e+00, -1.78740964e+00,
         1.09490472e+00,  1.84113801e-01, -1.23917866e+00,
        -3.67497086e-01,  1.18433445e+00, -1.01363087e-01],
       [ 8.02065753e-01,  2.99996967e+00, -6.48456930e+00,
        -8.80068687e-01,  1.61454146e+00, -2.17426538e+00,
        -8.93677972e+00,  8.83007724e+00, -2.86984800e+00,
        -7.85273383e-01, -1.99422103e+00, -2.51416327e-02,
        -2.83805837e-01, -1.02399156e-01,  8.26901076e-01,
         2.10584925e-01, -4.15250673e-01,  1.27061336e-01],
       [-4.18499720e+00, -4.00366718e-01,  9.58458590e+00,
         5.84881636e-02, -5.54702511e-01,  4.07937938e+00,
         1.12798342e+01, -2.86984800e+00,  9.54417433e+00,
         1.59963235e-01,  2.20279645e+00, -1.09377250e+00,
         1.03512361e+00, -2.24068969e-01, -5.19646652e-01,
         5.02748018e-02,  6.38242693e-01, -2.49717620e-01],
       [-5.60078905e-01, -3.42832637e-02,  5.25508623e-01,
        -1.06009022e-01, -1.09451970e-01,  1.24505997e-01,
         4.43779280e-01, -7.85273383e-01,  1.59963235e-01,
         9.51924887e-01,  9.43964447e-02, -3.88508822e-02,
        -1.13863858e-01,  2.77604327e-02,  3.79093967e-03,
        -4.49229191e-03,  1.23549277e-01,  1.38089039e-01],
       [-4.31950278e-01, -4.85846975e-01,  4.13048190e+00,
         4.31390248e-01, -2.99804843e-01,  1.42243522e+00,
         4.92441917e+00, -1.99422103e+00,  2.20279645e+00,
         9.43964447e-02,  1.68941679e+00, -4.49497356e-01,
         1.90827190e-01, -1.92030340e-01, -4.49927319e-01,
        -8.86076959e-02,  1.96771648e-01, -1.36103431e-01],
       [-2.02539581e-01, -1.07186123e+00, -1.77875405e+00,
        -1.59105487e-01, -3.17061681e-01, -6.10171025e-01,
        -1.78740964e+00, -2.51416327e-02, -1.09377250e+00,
        -3.88508822e-02, -4.49497356e-01,  9.17637182e-01,
         1.58712528e-02,  2.42749628e-01,  1.06890060e-02,
        -5.77860852e-02,  1.71117351e-02,  5.74943640e-03],
       [-1.43460542e+00, -5.72512560e-01,  1.01034130e+00,
        -1.91002909e-01, -2.74517937e-01,  5.25034103e-01,
         1.09490472e+00, -2.83805837e-01,  1.03512361e+00,
        -1.13863858e-01,  1.90827190e-01,  1.58712528e-02,
         4.06269390e-01,  8.28800382e-02, -4.48948696e-02,
         6.75023878e-02,  1.98477749e-01, -1.00701417e-01],
       [-3.21595173e-01, -4.08237221e-01, -1.60371690e-01,
        -3.00772630e-02, -1.27509073e-01, -6.52195479e-03,
         1.84113801e-01, -1.02399156e-01, -2.24068969e-01,
         2.77604327e-02, -1.92030340e-01,  2.42749628e-01,
         8.28800382e-02,  1.50813435e-01,  3.13865412e-02,
        -4.64751908e-03,  8.12692752e-02,  1.36867793e-02],
       [ 5.19500971e-02,  2.67187118e-01, -1.01762368e+00,
        -1.36206237e-01,  1.36246630e-01, -3.28298544e-01,
        -1.23917866e+00,  8.26901076e-01, -5.19646652e-01,
         3.79093967e-03, -4.49927319e-01,  1.06890060e-02,
        -4.48948696e-02,  3.13865412e-02,  1.75455755e-01,
         4.08903257e-02, -5.10068652e-02,  6.31413615e-02],
       [-1.98668622e-01,  9.27556882e-02, -1.68407363e-01,
        -8.05653059e-02,  1.84995892e-02, -3.31517593e-02,
        -3.67497086e-01,  2.10584925e-01,  5.02748018e-02,
        -4.49229191e-03, -8.86076959e-02, -5.77860852e-02,
         6.75023878e-02, -4.64751908e-03,  4.08903257e-02,
         5.83908906e-02,  1.44611134e-02, -7.56908914e-03],
       [-8.50338833e-01, -3.15692230e-01,  9.48324924e-01,
        -5.94247199e-02, -1.59364043e-01,  4.11484812e-01,
         1.18433445e+00, -4.15250673e-01,  6.38242693e-01,
         1.23549277e-01,  1.96771648e-01,  1.71117351e-02,
         1.98477749e-01,  8.12692752e-02, -5.10068652e-02,
         1.44611134e-02,  1.74594148e-01, -2.57667887e-02],
       [ 2.75478298e-01,  1.42291645e-01, -1.73040532e-01,
         4.29481431e-02,  6.96447906e-02, -8.19432773e-02,
        -1.01363087e-01,  1.27061336e-01, -2.49717620e-01,
         1.38089039e-01, -1.36103431e-01,  5.74943640e-03,
        -1.00701417e-01,  1.36867793e-02,  6.31413615e-02,
        -7.56908914e-03, -2.57667887e-02,  7.98601987e-02]])
      jac: array([ 9.32624348e-06,  9.65942141e-05, -8.39591359e-05,  1.42985993e-04,
       -2.12241336e-05,  3.98294731e-04, -3.67198864e-05, -2.78665979e-06,
       -3.86124466e-05,  1.17744703e-04,  8.06484509e-05,  6.25866026e-05,
        2.81720573e-04,  1.30117768e-04,  1.00764212e-04, -2.26067683e-04,
       -3.81181383e-04, -1.25418564e-04])
  message: 'Desired error not necessarily achieved due to precision loss.'
     nfev: 2252
      nit: 73
     njev: 118
   status: 2
  success: False
        x: array([-0.72124318, -0.85345089,  0.21403528, -1.22823108, -0.92729213,
       -0.01789946, -1.49607204, -1.23734293, -0.97028438,  0.13368069,
        0.51295373,  1.10552951,  0.08805136,  0.21152986, -0.26791726,
        1.3770597 , -0.25865261,  0.02317837])
