Program Begingeth
      fun: 0.25560151098987977
 hess_inv: array([[ 4.82541257e+00, -1.87549799e+00,  1.56713161e+00,
         1.05973003e+00, -8.54055415e-01,  1.13259996e+00,
        -1.32716388e+00, -2.98441038e-01,  2.58345480e+00,
        -1.46191424e-02,  2.82912810e-02,  3.43756053e-01,
        -9.94348037e-01,  3.30448877e-01,  7.24749660e-02,
        -1.84459680e-01,  5.44002927e-01, -2.06819451e-01],
       [-1.87549799e+00,  3.17002070e+00, -1.17010230e+00,
        -8.62386482e-02,  1.24172781e+00, -6.40853038e-01,
         2.25600010e+00,  2.66684286e+00, -3.72750524e-01,
        -2.47109371e-01, -4.09467151e-01, -1.00663458e+00,
         5.59901326e-01, -4.02515231e-01,  2.14895223e-01,
        -5.82377974e-02, -3.18963209e-01,  1.66688379e-01],
       [ 1.56713161e+00, -1.17010230e+00,  1.04480301e+01,
        -1.18835719e+00, -6.62592409e-01,  4.18939650e+00,
        -1.63083548e+01, -5.50619943e+00,  6.75921126e+00,
         1.62238597e-01,  2.81148156e+00, -9.49842775e-01,
        -6.55521850e-01, -1.81435357e-02, -6.53602778e-01,
         1.46457007e-01,  5.65085501e-01, -3.11044631e-01],
       [ 1.05973003e+00, -8.62386482e-02, -1.18835719e+00,
         5.48635916e-01, -6.01490047e-02, -3.63820720e-01,
         2.76441079e+00,  8.40549349e-01, -1.53159617e-01,
        -7.13622897e-02, -3.63015404e-01,  1.08849954e-01,
        -1.22524087e-01,  1.91022890e-02,  1.15915715e-01,
        -7.49409522e-02,  2.78097732e-02, -2.41227497e-03],
       [-8.54055415e-01,  1.24172781e+00, -6.62592409e-01,
        -6.01490047e-02,  5.41270086e-01, -3.19613129e-01,
         9.08597572e-01,  1.48474511e+00, -4.08519486e-01,
        -2.24822353e-02, -2.42736511e-01, -3.16501180e-01,
         2.35261530e-01, -1.21249264e-01,  1.11420144e-01,
        -8.34232193e-03, -1.32823348e-01,  7.83403884e-02],
       [ 1.13259996e+00, -6.40853038e-01,  4.18939650e+00,
        -3.63820720e-01, -3.19613129e-01,  1.79250748e+00,
        -6.74187474e+00, -1.89243893e+00,  3.03930824e+00,
         1.72161945e-01,  9.55023358e-01, -3.03242157e-01,
        -3.92468945e-01,  5.88675618e-02, -2.01305637e-01,
         2.74932507e-02,  2.71992737e-01, -1.40424110e-01],
       [-1.32716388e+00,  2.25600010e+00, -1.63083548e+01,
         2.76441079e+00,  9.08597572e-01, -6.74187474e+00,
         3.23701267e+01,  7.65715133e+00, -9.16333347e+00,
        -5.04793305e-01, -3.43856398e+00,  8.97458627e-01,
         9.79386026e-01, -4.49287332e-01,  7.78968720e-01,
        -3.25058949e-01, -9.23641289e-01,  3.92941561e-01],
       [-2.98441038e-01,  2.66684286e+00, -5.50619943e+00,
         8.40549349e-01,  1.48474511e+00, -1.89243893e+00,
         7.65715133e+00,  9.47770742e+00, -2.91355516e+00,
         4.89302265e-01, -2.02911784e+00, -1.89540279e-01,
         1.73278759e-01, -5.71388509e-02,  8.15347115e-01,
        -2.27700931e-01, -3.19588032e-01,  2.27776946e-01],
       [ 2.58345480e+00, -3.72750524e-01,  6.75921126e+00,
        -1.53159617e-01, -4.08519486e-01,  3.03930824e+00,
        -9.16333347e+00, -2.91355516e+00,  7.73083942e+00,
         3.18592247e-01,  1.63599310e+00, -7.45450033e-01,
        -6.93162104e-01, -1.69343581e-01, -3.94720422e-01,
        -3.53571532e-02,  3.50013375e-01, -3.36697016e-01],
       [-1.46191424e-02, -2.47109371e-01,  1.62238597e-01,
        -7.13622897e-02, -2.24822353e-02,  1.72161945e-01,
        -5.04793305e-01,  4.89302265e-01,  3.18592247e-01,
         1.17162521e+00,  1.38990923e-01,  1.63132098e-02,
        -2.86965593e-01, -9.40434616e-03, -9.58792635e-02,
         1.34883904e-03, -3.65984201e-02, -2.42480632e-01],
       [ 2.82912810e-02, -4.09467151e-01,  2.81148156e+00,
        -3.63015404e-01, -2.42736511e-01,  9.55023358e-01,
        -3.43856398e+00, -2.02911784e+00,  1.63599310e+00,
         1.38990923e-01,  1.53282248e+00, -3.06633869e-01,
        -1.04397928e-01, -1.98949263e-01, -4.07011336e-01,
         9.07785231e-02,  9.97275173e-02, -2.00870551e-01],
       [ 3.43756053e-01, -1.00663458e+00, -9.49842775e-01,
         1.08849954e-01, -3.16501180e-01, -3.03242157e-01,
         8.97458627e-01, -1.89540279e-01, -7.45450033e-01,
         1.63132098e-02, -3.06633869e-01,  8.29923992e-01,
        -5.64837996e-02,  2.40326054e-01, -2.26533387e-02,
         6.14589325e-02,  7.97074407e-02,  2.09166678e-02],
       [-9.94348037e-01,  5.59901326e-01, -6.55521850e-01,
        -1.22524087e-01,  2.35261530e-01, -3.92468945e-01,
         9.79386026e-01,  1.73278759e-01, -6.93162104e-01,
        -2.86965593e-01, -1.04397928e-01, -5.64837996e-02,
         3.34070691e-01, -8.33509841e-02,  2.38815207e-02,
         6.33794926e-02, -1.34577000e-01,  1.13794166e-01],
       [ 3.30448877e-01, -4.02515231e-01, -1.81435357e-02,
         1.91022890e-02, -1.21249264e-01,  5.88675618e-02,
        -4.49287332e-01, -5.71388509e-02, -1.69343581e-01,
        -9.40434616e-03, -1.98949263e-01,  2.40326054e-01,
        -8.33509841e-02,  1.57295468e-01,  4.01705089e-02,
         4.43104001e-03,  8.79818907e-02,  2.15325372e-02],
       [ 7.24749660e-02,  2.14895223e-01, -6.53602778e-01,
         1.15915715e-01,  1.11420144e-01, -2.01305637e-01,
         7.78968720e-01,  8.15347115e-01, -3.94720422e-01,
        -9.58792635e-02, -4.07011336e-01, -2.26533387e-02,
         2.38815207e-02,  4.01705089e-02,  1.64843355e-01,
        -4.09833503e-02, -2.19220021e-02,  8.45623646e-02],
       [-1.84459680e-01, -5.82377974e-02,  1.46457007e-01,
        -7.49409522e-02, -8.34232193e-03,  2.74932507e-02,
        -3.25058949e-01, -2.27700931e-01, -3.53571532e-02,
         1.34883904e-03,  9.07785231e-02,  6.14589325e-02,
         6.33794926e-02,  4.43104001e-03, -4.09833503e-02,
         5.75550993e-02, -9.25597738e-03,  4.84672877e-03],
       [ 5.44002927e-01, -3.18963209e-01,  5.65085501e-01,
         2.78097732e-02, -1.32823348e-01,  2.71992737e-01,
        -9.23641289e-01, -3.19588032e-01,  3.50013375e-01,
        -3.65984201e-02,  9.97275173e-02,  7.97074407e-02,
        -1.34577000e-01,  8.79818907e-02, -2.19220021e-02,
        -9.25597738e-03,  1.24599495e-01, -2.20502428e-02],
       [-2.06819451e-01,  1.66688379e-01, -3.11044631e-01,
        -2.41227497e-03,  7.83403884e-02, -1.40424110e-01,
         3.92941561e-01,  2.27776946e-01, -3.36697016e-01,
        -2.42480632e-01, -2.00870551e-01,  2.09166678e-02,
         1.13794166e-01,  2.15325372e-02,  8.45623646e-02,
         4.84672877e-03, -2.20502428e-02,  1.07531851e-01]])
      jac: array([ 1.60908324e-06,  1.70419234e-06, -1.30414198e-06, -5.91822887e-06,
       -4.82539934e-06,  4.17443857e-06,  6.08402218e-07,  4.17073783e-07,
       -4.60742555e-07,  4.57041812e-07,  3.50460401e-07, -4.70364488e-07,
        3.47203747e-06,  1.54432023e-06, -1.64942134e-06, -8.31927120e-07,
       -1.16277358e-06, -8.28966525e-08])
  message: 'Optimization terminated successfully.'
     nfev: 1729
      nit: 76
     njev: 91
   status: 0
  success: True
        x: array([ 0.93547436, -0.85631212,  0.29146111,  1.42004975, -0.90510971,
        0.02302127,  1.53498368, -1.21328402, -0.92806599, -0.0167844 ,
        0.52996668,  1.07221975,  0.01912703,  0.25011262, -0.2526135 ,
       -1.31461788, -0.15133588,  0.02663784])
