Program Begingeth
      fun: 0.3160821996071957
 hess_inv: array([[ 5.77949275e+00,  1.26875963e+00, -7.87111557e-01,
         1.84588012e+00,  6.44118151e-01, -1.51816393e+00,
         1.51478774e-01, -1.24965930e+00, -6.02170478e+00,
         4.09669771e-02,  1.06492842e+00, -4.82331889e-01,
        -8.45757998e-01, -3.72982374e-01, -4.80845414e-01,
        -3.44323483e-01, -4.70072787e-01,  2.54500476e-01],
       [ 1.26875963e+00,  5.20966678e+00,  2.52378957e+00,
         6.24360945e-01,  2.16017163e+00,  8.55252492e-01,
         7.45488923e+00,  3.02047417e-01,  6.91879204e+00,
         4.84853911e-01,  7.97607553e-01, -1.54909893e+00,
        -6.25121014e-01, -4.76688582e-01, -3.23596536e-01,
        -1.44571766e-01, -3.56897412e-01,  4.30705872e-03],
       [-7.87111557e-01,  2.52378957e+00,  3.82362345e+00,
         2.92082794e-01,  8.96128610e-01,  1.77551115e+00,
         7.35140528e+00, -2.68450625e+00,  7.47990802e+00,
         7.07216635e-02,  1.06623135e+00, -8.91289705e-01,
         5.67387405e-02, -2.20113224e-01, -3.28205471e-01,
        -7.14919033e-02, -1.47565096e-02, -2.61160620e-01],
       [ 1.84588012e+00,  6.24360945e-01,  2.92082794e-01,
         7.25166795e-01,  2.91804189e-01, -2.44145892e-01,
         1.47123511e+00, -9.13704533e-01, -1.13902721e+00,
        -3.76209080e-02,  5.24405840e-01, -1.86338979e-01,
        -2.31825555e-01, -1.25616046e-01, -2.31945179e-01,
        -1.23772059e-01, -1.43993467e-01,  1.78569268e-02],
       [ 6.44118151e-01,  2.16017163e+00,  8.96128610e-01,
         2.91804189e-01,  1.00080586e+00,  2.95134882e-01,
         3.55417879e+00,  8.96788703e-01,  2.45372160e+00,
         1.31930883e-01,  2.36003363e-01, -5.59822933e-01,
        -3.18903294e-01, -1.48276910e-01, -1.05098118e-01,
        -9.72604110e-02, -1.79314659e-01,  2.37140038e-02],
       [-1.51816393e+00,  8.55252492e-01,  1.77551115e+00,
        -2.44145892e-01,  2.95134882e-01,  1.13155514e+00,
         3.45951050e+00, -5.49433507e-01,  4.80415029e+00,
        -9.25675078e-02,  1.38441047e-01, -2.59551936e-01,
         2.20134579e-01, -8.39340472e-03,  1.30099336e-03,
         5.94517847e-02,  6.48338329e-02, -1.57746027e-01],
       [ 1.51478774e-01,  7.45488923e+00,  7.35140528e+00,
         1.47123511e+00,  3.55417879e+00,  3.45951050e+00,
         2.61679272e+01, -1.50503598e-01,  1.58201834e+01,
        -2.85625473e-01,  1.61867870e+00, -1.61023146e+00,
        -6.29328730e-01, -4.06483378e-01, -6.80597398e-01,
        -4.42047952e-01, -6.93677530e-01, -4.77698303e-01],
       [-1.24965930e+00,  3.02047417e-01, -2.68450625e+00,
        -9.13704533e-01,  8.96788703e-01, -5.49433507e-01,
        -1.50503598e-01,  1.10009574e+01, -1.20091918e+00,
        -2.68747209e-01, -1.84875308e+00,  2.01770624e-01,
        -2.13032935e-01,  3.38403954e-01,  8.38832945e-01,
         1.54620205e-01, -1.21793576e-01,  3.25028464e-01],
       [-6.02170478e+00,  6.91879204e+00,  7.47990802e+00,
        -1.13902721e+00,  2.45372160e+00,  4.80415029e+00,
         1.58201834e+01, -1.20091918e+00,  2.65951852e+01,
         1.36584447e-01,  8.25119169e-01, -2.00479319e+00,
         5.11893298e-01, -5.89195013e-01, -1.07343401e-01,
         3.24556036e-01, -6.44951184e-02, -5.62854270e-01],
       [ 4.09669771e-02,  4.84853911e-01,  7.07216635e-02,
        -3.76209080e-02,  1.31930883e-01, -9.25675078e-02,
        -2.85625473e-01, -2.68747209e-01,  1.36584447e-01,
         8.41180028e-01, -4.47740268e-02, -1.64373667e-01,
        -2.28463383e-01, -1.00461526e-02,  3.52973798e-02,
        -1.33118060e-02,  4.24991068e-02,  1.83756867e-01],
       [ 1.06492842e+00,  7.97607553e-01,  1.06623135e+00,
         5.24405840e-01,  2.36003363e-01,  1.38441047e-01,
         1.61867870e+00, -1.84875308e+00,  8.25119169e-01,
        -4.47740268e-02,  1.19354581e+00, -4.25012706e-01,
        -9.85787450e-02, -2.93738581e-01, -3.78132780e-01,
        -1.08066945e-01, -8.47366445e-02, -1.56296822e-01],
       [-4.82331889e-01, -1.54909893e+00, -8.91289705e-01,
        -1.86338979e-01, -5.59822933e-01, -2.59551936e-01,
        -1.61023146e+00,  2.01770624e-01, -2.00479319e+00,
        -1.64373667e-01, -4.25012706e-01,  8.80878781e-01,
         1.48399341e-01,  2.58328312e-01,  6.39694790e-02,
        -1.79521908e-02,  1.28703257e-01,  1.23914785e-02],
       [-8.45757998e-01, -6.25121014e-01,  5.67387405e-02,
        -2.31825555e-01, -3.18903294e-01,  2.20134579e-01,
        -6.29328730e-01, -2.13032935e-01,  5.11893298e-01,
        -2.28463383e-01, -9.85787450e-02,  1.48399341e-01,
         3.00232779e-01,  6.80933513e-02,  5.28318014e-02,
         1.18619447e-01,  1.23620567e-01, -1.04594974e-01],
       [-3.72982374e-01, -4.76688582e-01, -2.20113224e-01,
        -1.25616046e-01, -1.48276910e-01, -8.39340472e-03,
        -4.06483378e-01,  3.38403954e-01, -5.89195013e-01,
        -1.00461526e-02, -2.93738581e-01,  2.58328312e-01,
         6.80933513e-02,  1.59553993e-01,  8.15739108e-02,
         1.07509355e-02,  9.25098113e-02,  2.29038372e-02],
       [-4.80845414e-01, -3.23596536e-01, -3.28205471e-01,
        -2.31945179e-01, -1.05098118e-01,  1.30099336e-03,
        -6.80597398e-01,  8.38832945e-01, -1.07343401e-01,
         3.52973798e-02, -3.78132780e-01,  6.39694790e-02,
         5.28318014e-02,  8.15739108e-02,  1.85369273e-01,
         6.22523349e-02,  3.32977634e-02,  7.55499299e-02],
       [-3.44323483e-01, -1.44571766e-01, -7.14919033e-02,
        -1.23772059e-01, -9.72604110e-02,  5.94517847e-02,
        -4.42047952e-01,  1.54620205e-01,  3.24556036e-01,
        -1.33118060e-02, -1.08066945e-01, -1.79521908e-02,
         1.18619447e-01,  1.07509355e-02,  6.22523349e-02,
         9.41209820e-02,  4.58923563e-02, -1.20823262e-02],
       [-4.70072787e-01, -3.56897412e-01, -1.47565096e-02,
        -1.43993467e-01, -1.79314659e-01,  6.48338329e-02,
        -6.93677530e-01, -1.21793576e-01, -6.44951184e-02,
         4.24991068e-02, -8.47366445e-02,  1.28703257e-01,
         1.23620567e-01,  9.25098113e-02,  3.32977634e-02,
         4.58923563e-02,  1.34282952e-01, -1.72325147e-02],
       [ 2.54500476e-01,  4.30705872e-03, -2.61160620e-01,
         1.78569268e-02,  2.37140038e-02, -1.57746027e-01,
        -4.77698303e-01,  3.25028464e-01, -5.62854270e-01,
         1.83756867e-01, -1.56296822e-01,  1.23914785e-02,
        -1.04594974e-01,  2.29038372e-02,  7.55499299e-02,
        -1.20823262e-02, -1.72325147e-02,  1.24677864e-01]])
      jac: array([-7.72345151e-07,  6.29126381e-08, -1.73638881e-06,  2.09684122e-06,
        2.66453526e-07,  2.92025663e-06, -2.36847579e-08, -5.84717460e-08,
       -1.63202785e-07, -1.85037171e-09, -1.69123974e-07, -1.27860685e-06,
        3.23815049e-07,  3.83767092e-07, -2.81293507e-06, -6.73905376e-07,
       -5.58442181e-07,  2.34183043e-06])
  message: 'Optimization terminated successfully.'
     nfev: 1330
      nit: 63
     njev: 70
   status: 0
  success: True
        x: array([-0.77491695, -1.06678149,  0.57220559, -1.07984951, -1.11447812,
        0.14969251, -0.6853331 , -1.81942703, -0.45309159,  0.09914539,
        0.56041433,  1.15726958,  0.12102443,  0.10732443, -0.32493583,
        1.27642748, -0.46724613, -0.01654649])
