Program Begingeth
      fun: 0.31308222909943323
 hess_inv: array([[ 1.0805347 , -0.24693051,  0.13364836,  0.28216312, -0.20642188,
         0.35178576,  0.80852176, -0.3210248 ,  0.56843115,  0.76461831,
        -0.69169622,  0.05092924, -0.41217094,  0.05945827,  0.07506965,
        -0.03064094, -0.02031695, -0.23642617],
       [-0.24693051,  0.6818493 , -0.1815466 , -0.32439005,  0.09196468,
        -0.28510384, -1.13181007,  0.2936735 , -0.38302239, -0.88799263,
         0.12392169, -0.01971044,  0.08099569, -0.2252834 , -0.24779121,
         0.03557108,  0.01504409, -0.1016934 ],
       [ 0.13364836, -0.1815466 ,  0.36497179,  0.21021501,  0.07826277,
         0.16580989,  0.33048197, -0.06491498,  0.69037358,  0.75966106,
         0.09172902, -0.03637896,  0.01439733,  0.17168278,  0.01460494,
         0.07340634,  0.05237299,  0.0552754 ],
       [ 0.28216312, -0.32439005,  0.21021501,  0.52863366,  0.1130673 ,
         0.21671641,  1.28684259,  0.3830947 ,  1.34587539,  1.46536229,
         0.24603971, -0.30352095,  0.03391696,  0.14883884,  0.1367487 ,
         0.0577849 , -0.02421195,  0.04614802],
       [-0.20642188,  0.09196468,  0.07826277,  0.1130673 ,  0.35626854,
        -0.06423421,  0.05538802,  0.8137239 ,  0.87761685,  0.37583743,
         0.87189415, -0.24750203,  0.17392051,  0.08236471, -0.05663243,
         0.09085984,  0.02451994,  0.06290064],
       [ 0.35178576, -0.28510384,  0.16580989,  0.21671641, -0.06423421,
         0.36008984,  0.82776822, -0.38406496,  0.9683417 ,  0.752559  ,
        -0.13763448,  0.30695213, -0.17235385,  0.15568501,  0.14351813,
        -0.02402395,  0.06290079, -0.01410329],
       [ 0.80852176, -1.13181007,  0.33048197,  1.28684259,  0.05538802,
         0.82776822,  7.56709962, -0.18343282,  4.69825359,  3.45371955,
         1.14706152, -0.64562237, -0.44126431,  0.4667685 ,  0.45806589,
        -0.13667668,  0.26734085, -0.07144244],
       [-0.3210248 ,  0.2936735 , -0.06491498,  0.3830947 ,  0.8137239 ,
        -0.38406496, -0.18343282,  3.61906912,  1.60625241,  0.86337624,
         1.63216015, -1.2291538 ,  0.46406789,  0.02939111, -0.1018761 ,
         0.18010372, -0.0733961 ,  0.12953143],
       [ 0.56843115, -0.38302239,  0.69037358,  1.34587539,  0.87761685,
         0.9683417 ,  4.69825359,  1.60625241,  8.16802994,  4.39357992,
         2.51938453, -0.45705874, -0.09936879,  0.59410901,  0.27149308,
         0.14255153,  0.32004816,  0.07473544],
       [ 0.76461831, -0.88799263,  0.75966106,  1.46536229,  0.37583743,
         0.752559  ,  3.45371955,  0.86337624,  4.39357992,  4.40114055,
         0.82883681, -0.60733517,  0.03448771,  0.52009387,  0.36422845,
         0.15777253,  0.02988128,  0.13483631],
       [-0.69169622,  0.12392169,  0.09172902,  0.24603971,  0.87189415,
        -0.13763448,  1.14706152,  1.63216015,  2.51938453,  0.82883681,
         2.60547548, -0.59336057,  0.36482233,  0.2053627 , -0.10806756,
         0.14258303,  0.11894854,  0.1517158 ],
       [ 0.05092924, -0.01971044, -0.03637896, -0.30352095, -0.24750203,
         0.30695213, -0.64562237, -1.2291538 , -0.45705874, -0.60733517,
        -0.59336057,  1.14111177, -0.19986084,  0.05016843,  0.06904002,
        -0.07455954,  0.10059815, -0.03837593],
       [-0.41217094,  0.08099569,  0.01439733,  0.03391696,  0.17392051,
        -0.17235385, -0.44126431,  0.46406789, -0.09936879,  0.03448771,
         0.36482233, -0.19986084,  0.29573885, -0.01165151, -0.02739975,
         0.09814031, -0.05195656,  0.13772373],
       [ 0.05945827, -0.2252834 ,  0.17168278,  0.14883884,  0.08236471,
         0.15568501,  0.4667685 ,  0.02939111,  0.59410901,  0.52009387,
         0.2053627 ,  0.05016843, -0.01165151,  0.17237647,  0.06925785,
         0.01861009,  0.06345164,  0.05357678],
       [ 0.07506965, -0.24779121,  0.01460494,  0.1367487 , -0.05663243,
         0.14351813,  0.45806589, -0.1018761 ,  0.27149308,  0.36422845,
        -0.10806756,  0.06904002, -0.02739975,  0.06925785,  0.14971912,
        -0.02704941, -0.01104772,  0.06548299],
       [-0.03064094,  0.03557108,  0.07340634,  0.0577849 ,  0.09085984,
        -0.02402395, -0.13667668,  0.18010372,  0.14255153,  0.15777253,
         0.14258303, -0.07455954,  0.09814031,  0.01861009, -0.02704941,
         0.07888238, -0.01603694,  0.02820275],
       [-0.02031695,  0.01504409,  0.05237299, -0.02421195,  0.02451994,
         0.06290079,  0.26734085, -0.0733961 ,  0.32004816,  0.02988128,
         0.11894854,  0.10059815, -0.05195656,  0.06345164, -0.01104772,
        -0.01603694,  0.09484972, -0.01063541],
       [-0.23642617, -0.1016934 ,  0.0552754 ,  0.04614802,  0.06290064,
        -0.01410329, -0.07144244,  0.12953143,  0.07473544,  0.13483631,
         0.1517158 , -0.03837593,  0.13772373,  0.05357678,  0.06548299,
         0.02820275, -0.01063541,  0.14012527]])
      jac: array([ 4.74472313e-06,  5.95671660e-06, -5.15920640e-06,  3.57639844e-06,
        1.91894648e-05,  3.17505281e-05,  1.56726484e-06, -2.77962838e-06,
       -3.91205587e-06,  2.22784754e-07, -1.99433063e-06, -4.76507722e-06,
        7.60502772e-07,  6.23871325e-06, -3.44146933e-05, -2.66960528e-05,
       -8.51985149e-06,  4.30115203e-05])
  message: 'Desired error not necessarily achieved due to precision loss.'
     nfev: 2007
      nit: 69
     njev: 105
   status: 2
  success: False
        x: array([ 0.10336958,  0.1462061 ,  0.88746591,  1.32318084, -0.96116637,
        0.35215971,  0.68735924, -1.97746138,  0.95151039,  1.74302057,
       -0.88050423,  0.93583965,  0.05822881,  0.08927811, -0.25811626,
       -1.18031828, -0.46177829,  0.04386842])
