Program Begingeth
      fun: 0.3733535256168685
 hess_inv: array([[ 9.92531421e-01, -2.07701393e-01,  9.55115321e-02,
         7.03273056e-02, -1.96908848e-01,  3.19585032e-01,
         2.90519650e-01, -1.26200640e+00,  2.12812748e-01,
         2.18025024e-01, -3.13897870e-01,  2.19245084e-01,
        -4.45325966e-01,  3.20722891e-02,  6.27796733e-02,
        -5.20094728e-02, -2.34484979e-02, -2.06839447e-01],
       [-2.07701393e-01,  7.24670298e-01, -1.44583340e-01,
        -2.01244146e-01,  2.10037695e-01, -2.49869532e-01,
        -7.13358590e-01,  4.43337906e-01,  2.44059162e-02,
        -7.37379869e-01,  4.12552418e-01, -2.82395154e-02,
         1.43210588e-01, -2.24980952e-01, -2.34822774e-01,
         6.40715000e-02, -1.74789944e-02, -8.09469282e-02],
       [ 9.55115321e-02, -1.44583340e-01,  3.94699340e-01,
        -1.82712271e-02, -4.18461375e-02,  1.42325155e-01,
         3.70118352e-01, -2.77333424e-01,  1.94352361e-01,
        -6.99552762e-02, -3.27508962e-01,  1.25493923e-01,
        -2.86354836e-02,  1.34846923e-01, -3.81058801e-02,
         5.45334308e-02,  3.87591307e-02,  3.78584636e-02],
       [ 7.03273056e-02, -2.01244146e-01, -1.82712271e-02,
         3.08708966e-01, -9.33344663e-03,  1.98601859e-01,
         1.14330871e+00,  3.87502627e-01, -3.20267520e-01,
         9.11551792e-01,  6.10470302e-02,  5.61992903e-01,
        -1.02302878e-02,  5.83373095e-02,  1.27014170e-01,
        -4.56619212e-03,  3.18442324e-02,  3.65086770e-02],
       [-1.96908848e-01,  2.10037695e-01, -4.18461375e-02,
        -9.33344663e-03,  3.73043936e-01, -1.45133788e-01,
         1.76998565e-01,  8.89489829e-01, -3.10485632e-01,
        -5.49955317e-01,  8.32039425e-01,  7.83330937e-02,
         2.54046710e-01,  3.40505285e-03, -7.88857766e-02,
         1.02751676e-01, -4.63081179e-02,  6.21987554e-02],
       [ 3.19585032e-01, -2.49869532e-01,  1.42325155e-01,
         1.98601859e-01, -1.45133788e-01,  4.88951847e-01,
         1.12951736e+00, -2.75847262e-02,  3.16848181e-01,
         9.12367778e-01, -3.72129589e-01,  1.03418330e+00,
        -2.57273549e-01,  1.28354687e-01,  1.77920719e-01,
        -5.95795441e-02,  1.16122842e-01,  9.08189302e-03],
       [ 2.90519650e-01, -7.13358590e-01,  3.70118352e-01,
         1.14330871e+00,  1.76998565e-01,  1.12951736e+00,
         6.27919568e+00,  1.87342428e+00, -8.43363942e-01,
         2.85177776e+00,  3.46484386e-01,  3.25674356e+00,
        -3.34622195e-02,  3.99189225e-01,  4.72578147e-01,
         3.28795847e-02,  1.79051846e-01,  2.47615778e-01],
       [-1.26200640e+00,  4.43337906e-01, -2.77333424e-01,
         3.87502627e-01,  8.89489829e-01, -2.75847262e-02,
         1.87342428e+00,  6.08776716e+00, -1.17068174e+00,
         1.27558732e+00,  1.63412202e+00,  1.96344268e+00,
         5.76824825e-01,  7.52331143e-02, -7.80419050e-02,
         1.31143350e-01,  2.16309219e-01,  2.69229967e-01],
       [ 2.12812748e-01,  2.44059162e-02,  1.94352361e-01,
        -3.20267520e-01, -3.10485632e-01,  3.16848181e-01,
        -8.43363942e-01, -1.17068174e+00,  2.25843229e+00,
        -4.53482262e-01, -1.08745257e+00, -1.03235238e-03,
        -2.80937910e-01,  6.75925756e-02,  2.11351430e-02,
        -4.58403958e-02,  8.83518476e-02, -8.17444594e-02],
       [ 2.18025024e-01, -7.37379869e-01, -6.99552762e-02,
         9.11551792e-01, -5.49955317e-01,  9.12367778e-01,
         2.85177776e+00,  1.27558732e+00, -4.53482262e-01,
         4.52154027e+00, -1.06024083e+00,  2.23048260e+00,
        -5.66238393e-01,  2.14099616e-01,  4.63527438e-01,
        -2.50518625e-01,  4.28349172e-01, -9.39949864e-03],
       [-3.13897870e-01,  4.12552418e-01, -3.27508962e-01,
         6.10470302e-02,  8.32039425e-01, -3.72129589e-01,
         3.46484386e-01,  1.63412202e+00, -1.08745257e+00,
        -1.06024083e+00,  2.30662312e+00,  6.18138139e-02,
         5.17095786e-01, -5.51719585e-02, -9.56066172e-02,
         1.63373621e-01, -1.25164753e-01,  1.08862969e-01],
       [ 2.19245084e-01, -2.82395154e-02,  1.25493923e-01,
         5.61992903e-01,  7.83330937e-02,  1.03418330e+00,
         3.25674356e+00,  1.96344268e+00, -1.03235238e-03,
         2.23048260e+00,  6.18138139e-02,  3.38670565e+00,
        -2.92788202e-01,  1.71466876e-01,  2.98555155e-01,
        -5.34614400e-02,  3.14105074e-01,  1.13011642e-01],
       [-4.45325966e-01,  1.43210588e-01, -2.86354836e-02,
        -1.02302878e-02,  2.54046710e-01, -2.57273549e-01,
        -3.34622195e-02,  5.76824825e-01, -2.80937910e-01,
        -5.66238393e-01,  5.17095786e-01, -2.92788202e-01,
         3.92365366e-01, -2.80287585e-02, -6.84011815e-02,
         1.29427894e-01, -9.14955849e-02,  1.25453174e-01],
       [ 3.20722891e-02, -2.24980952e-01,  1.34846923e-01,
         5.83373095e-02,  3.40505285e-03,  1.28354687e-01,
         3.99189225e-01,  7.52331143e-02,  6.75925756e-02,
         2.14099616e-01, -5.51719585e-02,  1.71466876e-01,
        -2.80287585e-02,  1.46278827e-01,  6.20977371e-02,
         3.02307837e-03,  5.94184646e-02,  5.07056641e-02],
       [ 6.27796733e-02, -2.34822774e-01, -3.81058801e-02,
         1.27014170e-01, -7.88857766e-02,  1.77920719e-01,
         4.72578147e-01, -7.80419050e-02,  2.11351430e-02,
         4.63527438e-01, -9.56066172e-02,  2.98555155e-01,
        -6.84011815e-02,  6.20977371e-02,  1.67291853e-01,
        -4.79511287e-02,  2.24172747e-02,  6.00289480e-02],
       [-5.20094728e-02,  6.40715000e-02,  5.45334308e-02,
        -4.56619212e-03,  1.02751676e-01, -5.95795441e-02,
         3.28795847e-02,  1.31143350e-01, -4.58403958e-02,
        -2.50518625e-01,  1.63373621e-01, -5.34614400e-02,
         1.29427894e-01,  3.02307837e-03, -4.79511287e-02,
         8.82403905e-02, -3.59790724e-02,  2.63295035e-02],
       [-2.34484979e-02, -1.74789944e-02,  3.87591307e-02,
         3.18442324e-02, -4.63081179e-02,  1.16122842e-01,
         1.79051846e-01,  2.16309219e-01,  8.83518476e-02,
         4.28349172e-01, -1.25164753e-01,  3.14105074e-01,
        -9.14955849e-02,  5.94184646e-02,  2.24172747e-02,
        -3.59790724e-02,  1.21170278e-01, -1.64272229e-03],
       [-2.06839447e-01, -8.09469282e-02,  3.78584636e-02,
         3.65086770e-02,  6.21987554e-02,  9.08189302e-03,
         2.47615778e-01,  2.69229967e-01, -8.17444594e-02,
        -9.39949864e-03,  1.08862969e-01,  1.13011642e-01,
         1.25453174e-01,  5.07056641e-02,  6.00289480e-02,
         2.63295035e-02, -1.64272229e-03,  1.22522236e-01]])
      jac: array([ 1.78046466e-05, -1.01607611e-05,  1.19334172e-05, -4.51057710e-05,
        4.61963801e-05, -3.48732154e-05,  3.24851257e-06, -2.71338507e-06,
        2.87547763e-07,  1.06514797e-05, -1.18275760e-05,  7.39112475e-06,
        3.72313291e-05, -2.61879407e-05,  3.73923115e-05, -2.82248299e-05,
        2.19783451e-05, -2.43560727e-05])
  message: 'Desired error not necessarily achieved due to precision loss.'
     nfev: 2234
      nit: 69
     njev: 117
   status: 2
  success: False
        x: array([ 0.127025  ,  0.09301862,  0.86254429,  1.24260187, -1.16063389,
        0.28601193,  2.027904  , -1.0146353 ,  1.37471913,  0.78873095,
       -1.72911876,  0.5790235 ,  0.05886708, -0.03721007, -0.26479924,
       -1.23719383, -0.63450358,  0.04126905])
