Program Begingeth
      fun: 0.21552469036458732
 hess_inv: array([[ 7.38967219e-01, -9.47808045e-02, -9.37074735e-02,
         9.69242127e-02,  4.35659584e-02,  8.82760573e-02,
         4.46222585e-01,  7.34080605e-01,  6.02118082e-01,
         5.26055737e-01,  3.99458355e-02, -3.32920344e-01,
        -3.60482690e-01,  2.32881440e-02,  2.45062009e-02,
        -8.82036763e-03, -2.10680309e-03, -1.87985393e-01],
       [-9.47808045e-02,  3.86211779e-01, -1.64932969e-02,
        -1.18814485e-02, -8.40560237e-02, -2.05826728e-02,
         2.27323189e-01, -2.81037523e-01, -2.69516893e-01,
        -1.70230841e-01, -2.12963100e-01,  5.69915439e-01,
         4.71262964e-02, -1.83520569e-01, -1.50551883e-01,
        -4.53285708e-03, -1.17035616e-02, -4.24923108e-02],
       [-9.37074735e-02, -1.64932969e-02,  4.03316979e-01,
        -2.65815783e-01, -1.13553779e-01, -5.64913251e-04,
        -9.80752621e-01, -7.94509093e-01, -5.48947825e-01,
        -6.89756355e-01, -7.08702100e-01,  1.68968778e-01,
         4.67555476e-02,  1.38505936e-01, -1.25972547e-01,
         7.37916780e-02,  4.93032032e-02,  5.75984771e-02],
       [ 9.69242127e-02, -1.18814485e-02, -2.65815783e-01,
         3.97514165e-01,  1.64722690e-01, -1.05165514e-01,
         1.74806577e+00,  1.19089995e+00,  1.01730398e+00,
         1.01934671e+00,  6.34067206e-01, -9.55407432e-01,
         3.47602486e-03, -6.18713533e-02,  1.17299377e-01,
        -6.58378221e-03, -1.71348323e-02, -4.27555320e-02],
       [ 4.35659584e-02, -8.40560237e-02, -1.13553779e-01,
         1.64722690e-01,  2.34477918e-01, -4.22523924e-02,
         6.51033163e-01,  1.04635745e+00,  5.30387041e-01,
         4.01633996e-01,  7.12944695e-01, -6.31978059e-01,
         1.59539457e-02,  5.14050663e-02,  1.16219554e-01,
         3.88689689e-03,  1.91199667e-02,  9.71988549e-03],
       [ 8.82760573e-02, -2.05826728e-02, -5.64913251e-04,
        -1.05165514e-01, -4.22523924e-02,  2.34428317e-01,
        -1.12324173e+00, -3.41928330e-01,  1.44227324e-02,
        -8.63683558e-02,  1.33693099e-01,  1.06031905e+00,
        -7.35283585e-02, -6.05892138e-02, -6.07016863e-04,
        -4.13524237e-02, -2.68095438e-02,  5.04155765e-03],
       [ 4.46222585e-01,  2.27323189e-01, -9.80752621e-01,
         1.74806577e+00,  6.51033163e-01, -1.12324173e+00,
         1.16427754e+01,  5.38226624e+00,  3.70760318e+00,
         3.21223285e+00,  1.39694265e+00, -6.76058447e+00,
         9.69134700e-02, -1.45492482e-01,  3.09626733e-01,
         6.83521567e-02, -6.11488710e-02, -3.18612957e-01],
       [ 7.34080605e-01, -2.81037523e-01, -7.94509093e-01,
         1.19089995e+00,  1.04635745e+00, -3.41928330e-01,
         5.38226624e+00,  7.30233189e+00,  3.73577131e+00,
         3.62161670e+00,  2.77098288e+00, -4.55592231e+00,
        -3.22002928e-01,  1.43506802e-01,  6.48543817e-01,
        -5.05757705e-02,  1.26597589e-01, -1.40382849e-01],
       [ 6.02118082e-01, -2.69516893e-01, -5.48947825e-01,
         1.01730398e+00,  5.30387041e-01,  1.44227324e-02,
         3.70760318e+00,  3.73577131e+00,  4.51908486e+00,
         2.99825310e+00,  2.07178421e+00, -2.51828883e+00,
        -1.84614036e-01, -9.53297077e-02,  3.80282583e-01,
        -4.94967090e-02, -3.60091344e-02, -1.56106343e-01],
       [ 5.26055737e-01, -1.70230841e-01, -6.89756355e-01,
         1.01934671e+00,  4.01633996e-01, -8.63683558e-02,
         3.21223285e+00,  3.62161670e+00,  2.99825310e+00,
         3.66353470e+00,  1.67237831e+00, -2.22907373e+00,
        -2.94806498e-01, -9.88319322e-02,  3.91344965e-01,
        -8.00730845e-02,  5.82907856e-02, -1.39456306e-01],
       [ 3.99458355e-02, -2.12963100e-01, -7.08702100e-01,
         6.34067206e-01,  7.12944695e-01,  1.33693099e-01,
         1.39694265e+00,  2.77098288e+00,  2.07178421e+00,
         1.67237831e+00,  3.14060728e+00, -5.16494513e-01,
         7.67653132e-02, -1.14870200e-01,  4.25119195e-01,
        -1.03461650e-01, -3.73927845e-02,  3.65162296e-02],
       [-3.32920344e-01,  5.69915439e-01,  1.68968778e-01,
        -9.55407432e-01, -6.31978059e-01,  1.06031905e+00,
        -6.76058447e+00, -4.55592231e+00, -2.51828883e+00,
        -2.22907373e+00, -5.16494513e-01,  7.46124338e+00,
         2.06171071e-02, -5.85774871e-01, -4.31305489e-01,
        -1.74935546e-01, -1.93601060e-01,  1.00677733e-01],
       [-3.60482690e-01,  4.71262964e-02,  4.67555476e-02,
         3.47602486e-03,  1.59539457e-02, -7.35283585e-02,
         9.69134700e-02, -3.22002928e-01, -1.84614036e-01,
        -2.94806498e-01,  7.67653132e-02,  2.06171071e-02,
         2.39471196e-01, -1.39388412e-02, -1.91740445e-02,
         4.18171333e-02, -2.02630125e-02,  9.21950606e-02],
       [ 2.32881440e-02, -1.83520569e-01,  1.38505936e-01,
        -6.18713533e-02,  5.14050663e-02, -6.05892138e-02,
        -1.45492482e-01,  1.43506802e-01, -9.53297077e-02,
        -9.88319322e-02, -1.14870200e-01, -5.85774871e-01,
        -1.39388412e-02,  1.83099850e-01,  4.18512280e-02,
         3.59233203e-02,  5.73477052e-02,  3.27093661e-02],
       [ 2.45062009e-02, -1.50551883e-01, -1.25972547e-01,
         1.17299377e-01,  1.16219554e-01, -6.07016863e-04,
         3.09626733e-01,  6.48543817e-01,  3.80282583e-01,
         3.91344965e-01,  4.25119195e-01, -4.31305489e-01,
        -1.91740445e-02,  4.18512280e-02,  1.42062513e-01,
        -2.46308834e-02,  3.65210279e-03,  2.84471028e-02],
       [-8.82036763e-03, -4.53285708e-03,  7.37916780e-02,
        -6.58378221e-03,  3.88689689e-03, -4.13524237e-02,
         6.83521567e-02, -5.05757705e-02, -4.94967090e-02,
        -8.00730845e-02, -1.03461650e-01, -1.74935546e-01,
         4.18171333e-02,  3.59233203e-02, -2.46308834e-02,
         4.76750816e-02,  6.03729027e-03,  7.41191375e-03],
       [-2.10680309e-03, -1.17035616e-02,  4.93032032e-02,
        -1.71348323e-02,  1.91199667e-02, -2.68095438e-02,
        -6.11488710e-02,  1.26597589e-01, -3.60091344e-02,
         5.82907856e-02, -3.73927845e-02, -1.93601060e-01,
        -2.02630125e-02,  5.73477052e-02,  3.65210279e-03,
         6.03729027e-03,  4.83560917e-02,  6.81208929e-03],
       [-1.87985393e-01, -4.24923108e-02,  5.75984771e-02,
        -4.27555320e-02,  9.71988549e-03,  5.04155765e-03,
        -3.18612957e-01, -1.40382849e-01, -1.56106343e-01,
        -1.39456306e-01,  3.65162296e-02,  1.00677733e-01,
         9.21950606e-02,  3.27093661e-02,  2.84471028e-02,
         7.41191375e-03,  6.81208929e-03,  8.35163187e-02]])
      jac: array([ 0.0377686 ,  0.01607901,  0.02104929,  0.14701829, -0.01321767,
        0.17079765, -0.00793499,  0.0111304 , -0.01632424, -0.04927912,
       -0.01861834, -0.02543554,  0.16539968, -0.01648893,  0.03495761,
       -0.1661613 ,  0.03979906, -0.08313986])
  message: 'Maximum number of iterations has been exceeded.'
     nfev: 2128
      nit: 100
     njev: 112
   status: 1
  success: False
        x: array([ 0.06737348,  0.2653745 ,  0.77134947,  1.31468869, -0.71986533,
       -0.16855351,  2.11640431, -0.67284268, -1.00233772,  0.82905993,
       -0.94629554, -0.53506672,  0.14051486,  0.25667604, -0.26748174,
       -1.18860437, -0.10341223,  0.04526727])
