Program Begingeth
      fun: 0.38033307364728347
 hess_inv: array([[ 1.39337090e+00, -2.31384216e-01,  5.69473738e-02,
         2.53933914e-01, -3.16008096e-01,  3.39371111e-01,
         7.40008589e-01, -2.61121676e-01,  2.84692440e-01,
         6.11590621e-01, -1.06444104e+00, -7.35125660e-02,
        -5.39596674e-01,  4.93850162e-03,  5.66280760e-02,
        -4.09713584e-02, -4.60918195e-02, -3.53572074e-01],
       [-2.31384216e-01,  7.49765743e-01, -1.74725579e-01,
        -2.79380181e-01,  1.53152412e-01, -3.15862650e-01,
        -9.24618754e-01,  3.98154695e-01, -2.38170330e-01,
        -7.92742530e-01,  3.40388903e-01, -1.06596453e-01,
         1.01863833e-01, -2.42095885e-01, -2.66797426e-01,
         5.77646248e-02,  2.65669135e-02, -9.88318760e-02],
       [ 5.69473738e-02, -1.74725579e-01,  4.95548309e-01,
         2.16094423e-01,  1.47408137e-01,  1.81189630e-01,
         3.05047187e-01, -2.62767462e-02,  8.66650132e-01,
         8.45744920e-01,  2.08461896e-01, -1.87623672e-02,
         5.91410825e-02,  2.11308270e-01, -1.65037039e-02,
         1.08045435e-01,  5.42397222e-02,  8.82023565e-02],
       [ 2.53933914e-01, -2.79380181e-01,  2.16094423e-01,
         5.19762126e-01,  1.14168453e-01,  1.97194446e-01,
         1.11178976e+00,  4.26323958e-01,  1.22439493e+00,
         1.44013276e+00,  1.59163893e-01, -2.69613376e-01,
         5.48476607e-02,  1.35194283e-01,  1.07952645e-01,
         5.90458238e-02, -4.41202709e-02,  3.51075590e-02],
       [-3.16008096e-01,  1.53152412e-01,  1.47408137e-01,
         1.14168453e-01,  4.58411851e-01, -9.77306616e-02,
         3.27624284e-03,  9.08834370e-01,  9.41973106e-01,
         4.17361356e-01,  1.12867702e+00, -2.26753698e-01,
         2.37095498e-01,  9.05821194e-02, -1.07376874e-01,
         1.21410948e-01,  1.88834885e-02,  9.08872955e-02],
       [ 3.39371111e-01, -3.15862650e-01,  1.81189630e-01,
         1.97194446e-01, -9.77306616e-02,  4.25971190e-01,
         9.01625060e-01, -3.71451167e-01,  1.04603733e+00,
         7.47215708e-01, -2.59869808e-01,  4.30417133e-01,
        -1.97381621e-01,  1.81134183e-01,  1.61052707e-01,
        -3.06856828e-02,  8.67706879e-02, -2.35008522e-02],
       [ 7.40008589e-01, -9.24618754e-01,  3.05047187e-01,
         1.11178976e+00,  3.27624284e-03,  9.01625060e-01,
         7.41219093e+00, -3.22859532e-01,  4.69639612e+00,
         3.17693723e+00,  9.86609619e-01, -2.43275044e-01,
        -5.30619587e-01,  4.78089661e-01,  3.86240969e-01,
        -1.64964325e-01,  4.02395794e-01, -1.64393141e-01],
       [-2.61121676e-01,  3.98154695e-01, -2.62767462e-02,
         4.26323958e-01,  9.08834370e-01, -3.71451167e-01,
        -3.22859532e-01,  3.62878833e+00,  1.72727152e+00,
         9.93927566e-01,  1.80737224e+00, -1.09211357e+00,
         4.82073943e-01,  2.34041484e-02, -1.51827998e-01,
         2.06624028e-01, -9.65338685e-02,  1.17125990e-01],
       [ 2.84692440e-01, -2.38170330e-01,  8.66650132e-01,
         1.22439493e+00,  9.41973106e-01,  1.04603733e+00,
         4.69639612e+00,  1.72727152e+00,  8.35100676e+00,
         4.34508305e+00,  2.61038169e+00, -3.28526596e-02,
        -7.36018281e-02,  6.56984942e-01,  1.85219342e-01,
         1.67681112e-01,  4.30178598e-01,  9.93829482e-02],
       [ 6.11590621e-01, -7.92742530e-01,  8.45744920e-01,
         1.44013276e+00,  4.17361356e-01,  7.47215708e-01,
         3.17693723e+00,  9.93927566e-01,  4.34508305e+00,
         4.43671168e+00,  7.37151040e-01, -4.57612319e-01,
         8.47726617e-02,  5.29202744e-01,  2.83203017e-01,
         1.60648537e-01,  1.54855201e-02,  1.19784839e-01],
       [-1.06444104e+00,  3.40388903e-01,  2.08461896e-01,
         1.59163893e-01,  1.12867702e+00, -2.59869808e-01,
         9.86609619e-01,  1.80737224e+00,  2.61038169e+00,
         7.37151040e-01,  3.39525660e+00, -5.09188992e-01,
         5.02767900e-01,  2.04433164e-01, -2.59035192e-01,
         1.91698601e-01,  1.47007756e-01,  2.12870464e-01],
       [-7.35125660e-02, -1.06596453e-01, -1.87623672e-02,
        -2.69613376e-01, -2.26753698e-01,  4.30417133e-01,
        -2.43275044e-01, -1.09211357e+00, -3.28526596e-02,
        -4.57612319e-01, -5.09188992e-01,  1.34709695e+00,
        -1.73587969e-01,  1.18395409e-01,  1.31182468e-01,
        -6.41367043e-02,  1.53347771e-01, -3.70929491e-03],
       [-5.39596674e-01,  1.01863833e-01,  5.91410825e-02,
         5.48476607e-02,  2.37095498e-01, -1.97381621e-01,
        -5.30619587e-01,  4.82073943e-01, -7.36018281e-02,
         8.47726617e-02,  5.02767900e-01, -1.73587969e-01,
         3.80688522e-01, -4.44642570e-03, -4.08778846e-02,
         1.19848209e-01, -7.19005506e-02,  1.89009598e-01],
       [ 4.93850162e-03, -2.42095885e-01,  2.11308270e-01,
         1.35194283e-01,  9.05821194e-02,  1.81134183e-01,
         4.78089661e-01,  2.34041484e-02,  6.56984942e-01,
         5.29202744e-01,  2.04433164e-01,  1.18395409e-01,
        -4.44642570e-03,  1.98933084e-01,  6.64920225e-02,
         2.17920588e-02,  7.60397193e-02,  6.58633650e-02],
       [ 5.66280760e-02, -2.66797426e-01, -1.65037039e-02,
         1.07952645e-01, -1.07376874e-01,  1.61052707e-01,
         3.86240969e-01, -1.51827998e-01,  1.85219342e-01,
         2.83203017e-01, -2.59035192e-01,  1.31182468e-01,
        -4.08778846e-02,  6.64920225e-02,  1.71612338e-01,
        -4.71167308e-02, -9.27346734e-03,  6.60654728e-02],
       [-4.09713584e-02,  5.77646248e-02,  1.08045435e-01,
         5.90458238e-02,  1.21410948e-01, -3.06856828e-02,
        -1.64964325e-01,  2.06624028e-01,  1.67681112e-01,
         1.60648537e-01,  1.91698601e-01, -6.41367043e-02,
         1.19848209e-01,  2.17920588e-02, -4.71167308e-02,
         1.00518526e-01, -2.27851276e-02,  3.49993987e-02],
       [-4.60918195e-02,  2.65669135e-02,  5.42397222e-02,
        -4.41202709e-02,  1.88834885e-02,  8.67706879e-02,
         4.02395794e-01, -9.65338685e-02,  4.30178598e-01,
         1.54855201e-02,  1.47007756e-01,  1.53347771e-01,
        -7.19005506e-02,  7.60397193e-02, -9.27346734e-03,
        -2.27851276e-02,  1.32346073e-01, -1.35176544e-02],
       [-3.53572074e-01, -9.88318760e-02,  8.82023565e-02,
         3.51075590e-02,  9.08872955e-02, -2.35008522e-02,
        -1.64393141e-01,  1.17125990e-01,  9.93829482e-02,
         1.19784839e-01,  2.12870464e-01, -3.70929491e-03,
         1.89009598e-01,  6.58633650e-02,  6.60654728e-02,
         3.49993987e-02, -1.35176544e-02,  1.86952255e-01]])
      jac: array([-5.07260900e-06, -6.07291994e-07, -1.04923477e-05,  3.02069481e-05,
        1.89333734e-05,  7.36995650e-05, -5.95523631e-06, -6.42560079e-06,
       -3.41763654e-06, -1.12769053e-05, -8.88178420e-08, -2.00987375e-05,
        1.43762779e-05, -1.46667863e-05, -2.07804144e-05, -7.24013442e-06,
        2.61294690e-05,  4.77617945e-06])
  message: 'Desired error not necessarily achieved due to precision loss.'
     nfev: 2501
      nit: 91
     njev: 131
   status: 2
  success: False
        x: array([ 0.08582844,  0.03564401,  0.88806544,  1.22835371, -1.15439739,
        0.34850582,  0.52961716, -2.24587264,  0.90860857,  1.655339  ,
       -1.06287538,  0.95061351,  0.0769248 , -0.02419185, -0.26025566,
       -1.12277575, -0.6153042 ,  0.04665979])
