Program Begingeth
      fun: 0.2649950187890615
 hess_inv: array([[ 4.21469442e+00,  1.49577104e+00, -6.71053374e-01,
         1.35076192e+00,  6.92849530e-01, -9.28420121e-01,
         6.84015337e-01, -7.21781466e-01, -2.97688251e+00,
         1.14839897e-02,  6.82913704e-01, -1.76320487e-01,
        -6.32664921e-01, -3.03690977e-01, -3.08287407e-01,
        -2.27460669e-01, -3.80222561e-01,  1.29597352e-01],
       [ 1.49577104e+00,  2.88772472e+00,  1.59815584e-01,
         3.03435713e-01,  1.23403487e+00, -1.86660950e-01,
         3.66825921e-01,  1.81202266e+00,  5.58027739e-01,
         4.07779988e-01,  2.06866528e-01, -8.64445318e-01,
        -4.69570479e-01, -2.98644947e-01, -1.00504008e-03,
        -4.36334099e-02, -2.14523165e-01,  1.35205480e-01],
       [-6.71053374e-01,  1.59815584e-01,  6.92451240e+00,
         8.25852029e-01, -7.32347822e-02,  3.17905668e+00,
         1.14971863e+01, -4.53135641e+00,  8.07029139e+00,
        -5.00067170e-01,  1.70326391e+00, -4.94109852e-01,
         3.10542039e-01, -2.24534773e-02, -4.75460037e-01,
        -1.72249608e-01,  2.56194697e-01, -4.38392320e-01],
       [ 1.35076192e+00,  3.03435713e-01,  8.25852029e-01,
         6.57970687e-01,  1.45669364e-01,  1.84673518e-01,
         2.46969444e+00, -1.06831315e+00,  3.18967228e-02,
        -1.52537940e-01,  4.64996918e-01, -1.69806082e-02,
        -1.21886316e-01, -5.89437706e-02, -1.92485331e-01,
        -1.04524368e-01, -6.77725917e-02, -4.83258991e-02],
       [ 6.92849530e-01,  1.23403487e+00, -7.32347822e-02,
         1.45669364e-01,  5.86470624e-01, -1.26755272e-01,
         2.89855553e-01,  1.32901991e+00, -7.10186728e-02,
         1.21125738e-01,  3.06225477e-03, -3.14783956e-01,
        -2.14308507e-01, -9.09624902e-02,  3.12078918e-02,
        -3.16720925e-02, -9.47145802e-02,  7.21428362e-02],
       [-9.28420121e-01, -1.86660950e-01,  3.17905668e+00,
         1.84673518e-01, -1.26755272e-01,  1.60313258e+00,
         5.31581877e+00, -1.67182381e+00,  4.20159748e+00,
        -3.32449088e-01,  5.62843474e-01, -1.52074938e-01,
         2.59050513e-01,  5.53256997e-02, -1.39722647e-01,
        -3.53714926e-02,  1.60053709e-01, -2.19633907e-01],
       [ 6.84015337e-01,  3.66825921e-01,  1.14971863e+01,
         2.46969444e+00,  2.89855553e-01,  5.31581877e+00,
         2.65093105e+01, -6.07905276e+00,  1.18478744e+01,
        -1.42386447e+00,  2.40746298e+00, -2.03916743e-01,
         3.31593315e-01,  2.18049651e-01, -8.21788854e-01,
        -4.85658017e-01,  2.76699685e-01, -7.87768315e-01],
       [-7.21781466e-01,  1.81202266e+00, -4.53135641e+00,
        -1.06831315e+00,  1.32901991e+00, -1.67182381e+00,
        -6.07905276e+00,  1.13614656e+01, -4.20771609e+00,
         1.23797653e-01, -1.98931047e+00, -3.32102116e-01,
        -2.16671788e-01,  1.08130936e-01,  9.14281264e-01,
         2.26902516e-01, -1.76695893e-01,  4.57812627e-01],
       [-2.97688251e+00,  5.58027739e-01,  8.07029139e+00,
         3.18967228e-02, -7.10186728e-02,  4.20159748e+00,
         1.18478744e+01, -4.20771609e+00,  1.42908310e+01,
        -6.30171024e-01,  1.56762554e+00, -7.39698426e-01,
         6.09554141e-01, -1.69215363e-01, -4.10973471e-01,
         2.92467151e-03,  2.77307920e-01, -5.89543431e-01],
       [ 1.14839897e-02,  4.07779988e-01, -5.00067170e-01,
        -1.52537940e-01,  1.21125738e-01, -3.32449088e-01,
        -1.42386447e+00,  1.23797653e-01, -6.30171024e-01,
         9.57163150e-01, -1.16306568e-01, -1.02483504e-01,
        -2.61366652e-01, -1.69638314e-02,  1.09523125e-01,
         6.94752157e-03,  1.98911126e-02,  2.33555305e-01],
       [ 6.82913704e-01,  2.06866528e-01,  1.70326391e+00,
         4.64996918e-01,  3.06225477e-03,  5.62843474e-01,
         2.40746298e+00, -1.98931047e+00,  1.56762554e+00,
        -1.16306568e-01,  1.12919846e+00, -2.11828442e-01,
        -3.49691697e-02, -1.96885480e-01, -3.28921713e-01,
        -1.04753681e-01, -4.49611884e-03, -1.69895437e-01],
       [-1.76320487e-01, -8.64445318e-01, -4.94109852e-01,
        -1.69806082e-02, -3.14783956e-01, -1.52074938e-01,
        -2.03916743e-01, -3.32102116e-01, -7.39698426e-01,
        -1.02483504e-01, -2.11828442e-01,  6.13059479e-01,
         6.31960770e-02,  1.57575148e-01, -3.03822096e-02,
        -3.95322701e-02,  6.23963419e-02, -1.62006737e-03],
       [-6.32664921e-01, -4.69570479e-01,  3.10542039e-01,
        -1.21886316e-01, -2.14308507e-01,  2.59050513e-01,
         3.31593315e-01, -2.16671788e-01,  6.09554141e-01,
        -2.61366652e-01, -3.49691697e-02,  6.31960770e-02,
         2.24443715e-01,  6.24227654e-02,  2.61983360e-03,
         6.60979661e-02,  8.12336976e-02, -9.79213816e-02],
       [-3.03690977e-01, -2.98644947e-01, -2.24534773e-02,
        -5.89437706e-02, -9.09624902e-02,  5.53256997e-02,
         2.18049651e-01,  1.08130936e-01, -1.69215363e-01,
        -1.69638314e-02, -1.96885480e-01,  1.57575148e-01,
         6.24227654e-02,  1.23545648e-01,  4.52292401e-02,
         7.21859577e-03,  7.57772602e-02,  6.92916097e-03],
       [-3.08287407e-01, -1.00504008e-03, -4.75460037e-01,
        -1.92485331e-01,  3.12078918e-02, -1.39722647e-01,
        -8.21788854e-01,  9.14281264e-01, -4.10973471e-01,
         1.09523125e-01, -3.28921713e-01, -3.03822096e-02,
         2.61983360e-03,  4.52292401e-02,  1.56813809e-01,
         4.65230942e-02,  4.27961081e-03,  8.82942091e-02],
       [-2.27460669e-01, -4.36334099e-02, -1.72249608e-01,
        -1.04524368e-01, -3.16720925e-02, -3.53714926e-02,
        -4.85658017e-01,  2.26902516e-01,  2.92467151e-03,
         6.94752157e-03, -1.04753681e-01, -3.95322701e-02,
         6.60979661e-02,  7.21859577e-03,  4.65230942e-02,
         6.35752567e-02,  1.75549852e-02,  2.46888769e-03],
       [-3.80222561e-01, -2.14523165e-01,  2.56194697e-01,
        -6.77725917e-02, -9.47145802e-02,  1.60053709e-01,
         2.76699685e-01, -1.76695893e-01,  2.77307920e-01,
         1.98911126e-02, -4.49611884e-03,  6.23963419e-02,
         8.12336976e-02,  7.57772602e-02,  4.27961081e-03,
         1.75549852e-02,  9.65571842e-02, -2.11650561e-02],
       [ 1.29597352e-01,  1.35205480e-01, -4.38392320e-01,
        -4.83258991e-02,  7.21428362e-02, -2.19633907e-01,
        -7.87768315e-01,  4.57812627e-01, -5.89543431e-01,
         2.33555305e-01, -1.69895437e-01, -1.62006737e-03,
        -9.79213816e-02,  6.92916097e-03,  8.82942091e-02,
         2.46888769e-03, -2.11650561e-02,  1.18270468e-01]])
      jac: array([-7.06434911e-06,  3.00389343e-06, -3.36767651e-06,  1.85148193e-05,
       -4.16037575e-06,  8.94062602e-06, -1.49880108e-06,  7.80856861e-08,
       -5.09962443e-07, -2.31481501e-06,  1.53210777e-06,  2.99020068e-07,
       -1.42419410e-05,  4.08006962e-06,  2.11312449e-06,  7.48660393e-06,
       -5.58109114e-06, -3.26886666e-06])
  message: 'Desired error not necessarily achieved due to precision loss.'
     nfev: 1874
      nit: 67
     njev: 98
   status: 2
  success: False
        x: array([-0.85842808, -1.10426468,  0.43618973, -1.19894838, -1.12801823,
        0.09214532, -1.0834657 , -1.53522382, -0.82841854,  0.07872214,
        0.56051253,  1.12832746,  0.10860327,  0.23911347, -0.27687712,
        1.34428562, -0.10906889,  0.00755636])
