Program Begingeth
      fun: 0.26429505643828277
 hess_inv: array([[ 1.18262277e+01,  1.07855145e+00, -2.37386725e+00,
         1.65419686e+00,  1.32210387e+00, -1.11238212e+00,
         3.10909968e-01,  1.37579615e+00, -4.02587492e+00,
        -1.99040503e+00, -8.45262996e-01, -1.13751992e-02,
        -2.71328873e+00,  3.26358495e-02,  2.79592123e-01,
         1.96246855e-01, -1.28981893e+00,  1.71507545e-01],
       [ 1.07855145e+00,  4.41948863e+00,  5.79098228e-01,
        -1.84976772e-01,  1.17597884e+00,  2.27491206e-01,
        -5.80022548e-01,  2.48092274e+00,  1.06165790e+00,
        -3.44486921e-01, -3.43527931e-01, -1.48545898e+00,
        -3.13897728e-01, -6.97246449e-01,  3.15312234e-01,
         2.84873056e-01,  8.80812744e-02,  1.03994279e-01],
       [-2.37386725e+00,  5.79098228e-01,  1.26298439e+01,
         9.92395512e-01, -6.57856996e-01,  3.12477206e+00,
         1.17487369e+01, -4.52923693e+00,  4.27297604e+00,
         9.03565544e-01,  3.50804570e+00, -2.11937835e+00,
         9.66436873e-01, -9.31464869e-01, -1.52810159e+00,
        -1.28202898e-02,  6.00698472e-01,  6.04541553e-01],
       [ 1.65419686e+00, -1.84976772e-01,  9.92395512e-01,
         5.31165516e-01,  4.89373833e-02,  1.83845689e-01,
         2.14381217e+00, -4.21580480e-01, -4.74383091e-01,
        -2.25653747e-01,  1.89353995e-01, -3.12892803e-02,
        -2.38785297e-01,  3.63866183e-02, -1.26363890e-01,
         2.54119519e-02, -1.03759286e-01,  8.88908546e-02],
       [ 1.32210387e+00,  1.17597884e+00, -6.57856996e-01,
         4.89373833e-02,  4.96724387e-01, -1.57345316e-01,
        -5.78130870e-01,  1.35636292e+00, -2.80478030e-01,
        -3.58775598e-01, -3.45527166e-01, -2.07508495e-01,
        -3.32540073e-01, -8.57512409e-02,  1.92080353e-01,
         6.90924324e-02, -1.02648706e-01,  1.46047698e-02],
       [-1.11238212e+00,  2.27491206e-01,  3.12477206e+00,
         1.83845689e-01, -1.57345316e-01,  8.93277553e-01,
         3.05003751e+00, -7.98255810e-01,  1.46461245e+00,
         1.50677930e-01,  7.20829022e-01, -5.05714032e-01,
         4.13497886e-01, -2.05027936e-01, -3.00790704e-01,
         1.34385370e-02,  2.10697002e-01,  1.36064853e-01],
       [ 3.10909968e-01, -5.80022548e-01,  1.17487369e+01,
         2.14381217e+00, -5.78130870e-01,  3.05003751e+00,
         1.72481483e+01, -4.16610687e+00,  2.04318497e+00,
         4.86232188e-01,  2.49079502e+00, -1.23935579e+00,
         7.17973473e-01, -2.43511844e-01, -1.22897611e+00,
        -5.97184443e-03,  5.07075804e-01,  6.72352398e-01],
       [ 1.37579615e+00,  2.48092274e+00, -4.52923693e+00,
        -4.21580480e-01,  1.35636292e+00, -7.98255810e-01,
        -4.16610687e+00,  7.24175284e+00, -8.10902845e-01,
        -1.24228366e+00, -1.58141572e+00,  8.84498508e-02,
        -3.03988467e-01,  4.21810008e-02,  9.87146501e-01,
         1.79019215e-01, -1.85826209e-01, -1.89856718e-01],
       [-4.02587492e+00,  1.06165790e+00,  4.27297604e+00,
        -4.74383091e-01, -2.80478030e-01,  1.46461245e+00,
         2.04318497e+00, -8.10902845e-01,  5.14619109e+00,
         3.40173047e-01,  1.19189279e+00, -9.25291387e-01,
         1.00238495e+00, -6.30400034e-01, -4.46426524e-01,
         3.06710267e-02,  4.14547785e-01,  2.26106768e-02],
       [-1.99040503e+00, -3.44486921e-01,  9.03565544e-01,
        -2.25653747e-01, -3.58775598e-01,  1.50677930e-01,
         4.86232188e-01, -1.24228366e+00,  3.40173047e-01,
         1.27310253e+00,  2.45306883e-01, -3.57922908e-02,
         2.47902951e-01,  1.20402420e-02, -1.16707363e-01,
        -6.14336395e-02,  2.71450615e-01,  1.74349022e-01],
       [-8.45262996e-01, -3.43527931e-01,  3.50804570e+00,
         1.89353995e-01, -3.45527166e-01,  7.20829022e-01,
         2.49079502e+00, -1.58141572e+00,  1.19189279e+00,
         2.45306883e-01,  1.70587721e+00, -5.49671169e-01,
         2.68411620e-01, -3.88466796e-01, -6.74031714e-01,
        -6.63841344e-02,  1.12251718e-01,  3.24108354e-02],
       [-1.13751992e-02, -1.48545898e+00, -2.11937835e+00,
        -3.12892803e-02, -2.07508495e-01, -5.05714032e-01,
        -1.23935579e+00,  8.84498508e-02, -9.25291387e-01,
        -3.57922908e-02, -5.49671169e-01,  1.14004288e+00,
        -2.81131381e-02,  4.86922306e-01,  1.17358097e-01,
        -1.32793779e-01, -5.08904528e-02, -1.01092759e-01],
       [-2.71328873e+00, -3.13897728e-01,  9.66436873e-01,
        -2.38785297e-01, -3.32540073e-01,  4.13497886e-01,
         7.17973473e-01, -3.03988467e-01,  1.00238495e+00,
         2.47902951e-01,  2.68411620e-01, -2.81131381e-02,
         7.86341852e-01,  3.67089372e-03, -9.85292108e-02,
         7.81527362e-04,  3.38092102e-01, -6.42228064e-02],
       [ 3.26358495e-02, -6.97246449e-01, -9.31464869e-01,
         3.63866183e-02, -8.57512409e-02, -2.05027936e-01,
        -2.43511844e-01,  4.21810008e-02, -6.30400034e-01,
         1.20402420e-02, -3.88466796e-01,  4.86922306e-01,
         3.67089372e-03,  2.91410382e-01,  1.09305607e-01,
        -4.73203158e-02,  6.19204886e-03, -1.15740482e-02],
       [ 2.79592123e-01,  3.15312234e-01, -1.52810159e+00,
        -1.26363890e-01,  1.92080353e-01, -3.00790704e-01,
        -1.22897611e+00,  9.87146501e-01, -4.46426524e-01,
        -1.16707363e-01, -6.74031714e-01,  1.17358097e-01,
        -9.85292108e-02,  1.09305607e-01,  3.30944393e-01,
         4.72608736e-02, -4.60927985e-02, -1.25724893e-02],
       [ 1.96246855e-01,  2.84873056e-01, -1.28202898e-02,
         2.54119519e-02,  6.90924324e-02,  1.34385370e-02,
        -5.97184443e-03,  1.79019215e-01,  3.06710267e-02,
        -6.14336395e-02, -6.63841344e-02, -1.32793779e-01,
         7.81527362e-04, -4.73203158e-02,  4.72608736e-02,
         6.34431570e-02, -1.22734492e-03,  2.51608477e-03],
       [-1.28981893e+00,  8.80812744e-02,  6.00698472e-01,
        -1.03759286e-01, -1.02648706e-01,  2.10697002e-01,
         5.07075804e-01, -1.85826209e-01,  4.14547785e-01,
         2.71450615e-01,  1.12251718e-01, -5.08904528e-02,
         3.38092102e-01,  6.19204886e-03, -4.60927985e-02,
        -1.22734492e-03,  2.20621576e-01,  1.56614373e-02],
       [ 1.71507545e-01,  1.03994279e-01,  6.04541553e-01,
         8.88908546e-02,  1.46047698e-02,  1.36064853e-01,
         6.72352398e-01, -1.89856718e-01,  2.26106768e-02,
         1.74349022e-01,  3.24108354e-02, -1.01092759e-01,
        -6.42228064e-02, -1.15740482e-02, -1.25724893e-02,
         2.51608477e-03,  1.56614373e-02,  1.16727744e-01]])
      jac: array([-4.37538894e-06,  1.27305574e-06, -2.64048043e-06,  1.45979525e-05,
       -2.95833728e-05,  1.96576089e-05, -2.91914641e-06,  5.92822088e-06,
       -1.17128529e-06, -8.63309424e-06, -6.05478630e-06, -6.51034782e-06,
       -3.12146605e-05, -5.68508203e-06, -2.33975802e-05,  3.96682687e-06,
        2.18036700e-05,  5.55037497e-06])
  message: 'Desired error not necessarily achieved due to precision loss.'
     nfev: 2481
      nit: 75
     njev: 130
   status: 2
  success: False
        x: array([-0.27742864, -0.57193625,  0.04314706, -1.07942338, -0.71505795,
       -0.10646898, -1.62295474, -0.98598351, -1.05460948,  0.10865759,
        0.48720795,  1.11373514,  0.01303492,  0.17389566, -0.28127083,
        1.270819  , -0.46637876,  0.02234415])
