Program Begingeth
      fun: 0.3003330827450022
 hess_inv: array([[ 7.17327910e-01, -8.66814556e-02, -2.21161548e-02,
        -9.04320552e-02,  1.69105482e-01,  2.91567686e-01,
        -1.11102324e-01,  3.80042093e-01,  2.29233626e-01,
        -3.63221753e-01,  3.65603750e-01,  4.65457568e-01,
        -2.89592690e-01,  3.65639217e-02, -6.22851630e-03,
         1.11486751e-02, -8.14350309e-02, -2.57240990e-01],
       [-8.66814556e-02,  4.39132583e-01, -7.38013616e-02,
         2.32516196e-01, -9.07848478e-03, -3.06458345e-01,
         6.61277176e-01,  3.94886203e-01,  2.25503067e-01,
         8.16168529e-01, -7.37177747e-02, -6.26430556e-01,
         6.42045412e-02, -1.68831261e-01, -1.87845970e-01,
         3.48019362e-02,  4.33949870e-02, -5.62534911e-02],
       [-2.21161548e-02, -7.38013616e-02,  2.46220788e-01,
        -1.20972802e-01,  8.04227189e-02,  3.53996563e-02,
        -1.30946540e-01, -9.45761490e-06, -1.50379796e-01,
        -3.99955594e-01,  3.02311049e-02,  7.86894555e-02,
         4.37224070e-02,  1.35809962e-01, -4.15076379e-02,
         7.62513627e-02,  4.98083100e-02,  4.24807364e-02],
       [-9.04320552e-02,  2.32516196e-01, -1.20972802e-01,
         7.64960800e-01,  2.52681873e-01, -3.25644893e-01,
         1.91438691e+00,  1.15217426e+00,  1.74954274e+00,
         2.07775866e+00,  7.36565731e-01, -1.35597732e+00,
         2.62560055e-01, -1.15839611e-01, -2.39186485e-02,
         8.30256071e-02, -4.23171069e-02,  9.37023729e-02],
       [ 1.69105482e-01, -9.07848478e-03,  8.04227189e-02,
         2.52681873e-01,  4.34409185e-01, -1.86556775e-02,
         8.32434246e-01,  1.07047855e+00,  1.07616577e+00,
         5.51636905e-01,  1.03236440e+00, -6.68326529e-01,
         7.63072859e-02,  1.36425028e-01,  3.77943802e-02,
         1.01675176e-01,  7.17853358e-03,  1.92504262e-02],
       [ 2.91567686e-01, -3.06458345e-01,  3.53996563e-02,
        -3.25644893e-01, -1.86556775e-02,  4.86097448e-01,
        -1.07843001e+00, -5.63938766e-01, -2.90708589e-01,
        -1.07093670e+00,  8.85287976e-02,  1.26905872e+00,
        -1.74177414e-01,  6.08049097e-02,  1.63462897e-01,
        -6.24532688e-02, -9.00362317e-02, -5.56592105e-02],
       [-1.11102324e-01,  6.61277176e-01, -1.30946540e-01,
         1.91438691e+00,  8.32434246e-01, -1.07843001e+00,
         6.29842697e+00,  3.24423655e+00,  4.45542930e+00,
         4.84243597e+00,  1.94279035e+00, -4.28107309e+00,
         6.62646462e-01, -1.20938018e-01, -2.84423186e-01,
         3.12537170e-01, -3.74660775e-02,  1.17875898e-01],
       [ 3.80042093e-01,  3.94886203e-01, -9.45761490e-06,
         1.15217426e+00,  1.07047855e+00, -5.63938766e-01,
         3.24423655e+00,  5.44088314e+00,  3.79456072e+00,
         3.90564320e+00,  2.21252945e+00, -3.51853135e+00,
         3.84831990e-03,  1.76754849e-01, -2.03530095e-02,
         1.49309436e-01,  1.94000467e-01,  1.62149710e-02],
       [ 2.29233626e-01,  2.25503067e-01, -1.50379796e-01,
         1.74954274e+00,  1.07616577e+00, -2.90708589e-01,
         4.45542930e+00,  3.79456072e+00,  6.05856959e+00,
         4.70473968e+00,  3.03996749e+00, -3.01355682e+00,
         4.29256087e-01, -3.20852589e-02,  1.34621548e-01,
         1.79552651e-01, -1.08105818e-01,  1.47203780e-01],
       [-3.63221753e-01,  8.16168529e-01, -3.99955594e-01,
         2.07775866e+00,  5.51636905e-01, -1.07093670e+00,
         4.84243597e+00,  3.90564320e+00,  4.70473968e+00,
         6.49520203e+00,  1.59456647e+00, -4.20881363e+00,
         5.15925207e-01, -3.46562553e-01, -9.90167862e-02,
         1.12280660e-01,  8.12198391e-02,  2.55883840e-01],
       [ 3.65603750e-01, -7.37177747e-02,  3.02311049e-02,
         7.36565731e-01,  1.03236440e+00,  8.85287976e-02,
         1.94279035e+00,  2.21252945e+00,  3.03996749e+00,
         1.59456647e+00,  2.89305905e+00, -1.33090476e+00,
         2.19314877e-01,  2.23145420e-01,  2.36546645e-01,
         1.69216056e-01, -5.54772062e-02,  1.01063111e-01],
       [ 4.65457568e-01, -6.26430556e-01,  7.86894555e-02,
        -1.35597732e+00, -6.68326529e-01,  1.26905872e+00,
        -4.28107309e+00, -3.51853135e+00, -3.01355682e+00,
        -4.20881363e+00, -1.33090476e+00,  4.73152928e+00,
        -4.62905330e-01, -7.53386532e-02,  2.35568818e-01,
        -2.22013151e-01, -2.77645736e-01, -1.96619509e-01],
       [-2.89592690e-01,  6.42045412e-02,  4.37224070e-02,
         2.62560055e-01,  7.63072859e-02, -1.74177414e-01,
         6.62646462e-01,  3.84831990e-03,  4.29256087e-01,
         5.15925207e-01,  2.19314877e-01, -4.62905330e-01,
         2.93332766e-01, -2.13721367e-02, -1.27183632e-02,
         9.95065010e-02, -2.94463453e-02,  1.44242240e-01],
       [ 3.65639217e-02, -1.68831261e-01,  1.35809962e-01,
        -1.15839611e-01,  1.36425028e-01,  6.08049097e-02,
        -1.20938018e-01,  1.76754849e-01, -3.20852589e-02,
        -3.46562553e-01,  2.23145420e-01, -7.53386532e-02,
        -2.13721367e-02,  1.95257050e-01,  4.72186380e-02,
         3.17876646e-02,  7.28219205e-02,  3.46712028e-02],
       [-6.22851630e-03, -1.87845970e-01, -4.15076379e-02,
        -2.39186485e-02,  3.77943802e-02,  1.63462897e-01,
        -2.84423186e-01, -2.03530095e-02,  1.34621548e-01,
        -9.90167862e-02,  2.36546645e-01,  2.35568818e-01,
        -1.27183632e-02,  4.72186380e-02,  1.76552922e-01,
        -4.72681017e-02, -2.51516823e-02,  8.18842337e-02],
       [ 1.11486751e-02,  3.48019362e-02,  7.62513627e-02,
         8.30256071e-02,  1.01675176e-01, -6.24532688e-02,
         3.12537170e-01,  1.49309436e-01,  1.79552651e-01,
         1.12280660e-01,  1.69216056e-01, -2.22013151e-01,
         9.95065010e-02,  3.17876646e-02, -4.72681017e-02,
         9.68434773e-02, -7.39715172e-03,  1.19516660e-02],
       [-8.14350309e-02,  4.33949870e-02,  4.98083100e-02,
        -4.23171069e-02,  7.17853358e-03, -9.00362317e-02,
        -3.74660775e-02,  1.94000467e-01, -1.08105818e-01,
         8.12198391e-02, -5.54772062e-02, -2.77645736e-01,
        -2.94463453e-02,  7.28219205e-02, -2.51516823e-02,
        -7.39715172e-03,  1.19355998e-01,  2.20812800e-02],
       [-2.57240990e-01, -5.62534911e-02,  4.24807364e-02,
         9.37023729e-02,  1.92504262e-02, -5.56592105e-02,
         1.17875898e-01,  1.62149710e-02,  1.47203780e-01,
         2.55883840e-01,  1.01063111e-01, -1.96619509e-01,
         1.44242240e-01,  3.46712028e-02,  8.18842337e-02,
         1.19516660e-02,  2.20812800e-02,  1.69254714e-01]])
      jac: array([ 1.25714254e-06, -2.85327317e-07,  9.67374329e-07, -2.52760775e-06,
        3.85987538e-07, -1.29563027e-06,  2.00580293e-07, -7.03141249e-09,
        6.95739762e-08,  5.73985304e-07, -1.13982897e-07,  2.14273044e-07,
        3.07124696e-06, -7.30526750e-07,  1.82409643e-06, -2.19713137e-06,
        6.51700916e-07, -1.40591242e-06])
  message: 'Optimization terminated successfully.'
     nfev: 1691
      nit: 76
     njev: 89
   status: 0
  success: True
        x: array([ 0.0465267 ,  0.28705703,  0.81650508,  1.13648816, -1.14046625,
       -0.34141319,  2.18997341, -0.95298941, -1.1909716 ,  0.96197032,
       -1.634148  , -0.82399603,  0.10968853,  0.0371074 , -0.41031315,
       -1.03517948, -0.37267537,  0.00319534])
