Program Begingeth
      fun: 0.35023615298058464
 hess_inv: array([[ 1.28191845e+01, -1.11035938e+00, -1.89130951e-01,
         5.43494694e-02, -2.01312110e+00,  4.03172297e-01,
         1.25111301e-01, -2.03244091e+00,  1.93951136e+00,
        -2.91024540e+00, -9.28331722e-01,  2.14598520e-01,
        -3.62541547e+00, -2.75978567e-01,  2.76541917e-01,
         1.43033048e+00,  1.26314288e+00, -3.28878331e-02],
       [-1.11035938e+00,  2.81852830e+00,  2.24219902e-02,
         3.50438922e-01,  5.56774205e-01,  2.18035564e-01,
         7.21050252e-01,  2.09890604e+00,  1.24241971e+00,
         6.42550944e-01, -2.35272086e-02, -1.41477669e+00,
         4.00602061e-01, -5.52741344e-01,  4.28062362e-01,
        -3.13653881e-01,  2.85341256e-01, -3.79577452e-03],
       [-1.89130951e-01,  2.24219902e-02,  2.00323614e+00,
        -1.33403274e-01, -1.53247190e-01,  2.25040334e-01,
        -1.39655770e+00, -1.25443359e+00,  7.07656012e-01,
         1.22507622e-01,  1.04344999e+00, -2.96283496e-01,
         1.03918339e-02, -3.27107965e-01, -3.92669505e-01,
        -4.03687486e-03, -2.75607568e-02,  2.78920989e-01],
       [ 5.43494694e-02,  3.50438922e-01, -1.33403274e-01,
         1.62964494e-01,  3.89521894e-02, -4.08602446e-02,
         7.39105869e-01,  1.58503395e-01,  1.95865068e-01,
        -8.69213428e-02,  9.90086100e-03, -2.23288351e-01,
         1.10638381e-01, -1.02111075e-01,  3.95818611e-02,
         6.68542285e-03,  2.30737339e-02, -1.43224798e-02],
       [-2.01312110e+00,  5.56774205e-01, -1.53247190e-01,
         3.89521894e-02,  4.51893119e-01, -1.66970112e-02,
         1.20717239e-01,  1.10392877e+00, -1.65857369e-01,
         6.26180853e-01,  3.12269399e-02, -1.37161552e-01,
         5.61379440e-01,  3.15536414e-02,  7.18721457e-02,
        -2.37986717e-01, -1.39881092e-01, -2.25959976e-02],
       [ 4.03172297e-01,  2.18035564e-01,  2.25040334e-01,
        -4.08602446e-02, -1.66970112e-02,  2.03090223e-01,
        -4.96144308e-01,  3.14539161e-01,  5.40682376e-01,
         2.71082170e-01, -1.05475127e-01, -1.12634490e-01,
        -2.23325915e-01, -5.30909143e-02,  1.12387190e-01,
         1.29138091e-02,  7.37811531e-02,  2.55907127e-02],
       [ 1.25111301e-01,  7.21050252e-01, -1.39655770e+00,
         7.39105869e-01,  1.20717239e-01, -4.96144308e-01,
         5.33974618e+00,  5.30156084e-01,  2.18299342e-02,
        -4.71451918e-01,  7.94195389e-02, -3.95032631e-01,
         4.34694438e-01, -2.18641888e-01,  6.37500064e-03,
         1.72125498e-02,  1.01852540e-02, -2.28285992e-01],
       [-2.03244091e+00,  2.09890604e+00, -1.25443359e+00,
         1.58503395e-01,  1.10392877e+00,  3.14539161e-01,
         5.30156084e-01,  6.60311871e+00,  5.71870041e-01,
         2.00316416e+00, -3.68872263e-01, -6.62811430e-01,
         2.64857221e-01, -1.23805164e-01,  7.56510111e-01,
        -3.82103307e-01,  3.27050114e-02, -2.58587836e-01],
       [ 1.93951136e+00,  1.24241971e+00,  7.07656012e-01,
         1.95865068e-01, -1.65857369e-01,  5.40682376e-01,
         2.18299342e-02,  5.71870041e-01,  3.37111474e+00,
         3.11977306e-01,  1.46071975e-01, -5.77704193e-01,
        -5.74946262e-01, -5.36725468e-01,  1.51220280e-01,
         1.35345654e-01,  3.03486694e-01,  2.12168887e-02],
       [-2.91024540e+00,  6.42550944e-01,  1.22507622e-01,
        -8.69213428e-02,  6.26180853e-01,  2.71082170e-01,
        -4.71451918e-01,  2.00316416e+00,  3.11977306e-01,
         2.42859453e+00,  2.71806469e-01, -2.25487462e-01,
         3.56684190e-01, -4.44129828e-02,  1.17156774e-01,
        -3.79158476e-01, -2.77440708e-01, -1.76554388e-01],
       [-9.28331722e-01, -2.35272086e-02,  1.04344999e+00,
         9.90086100e-03,  3.12269399e-02, -1.05475127e-01,
         7.94195389e-02, -3.68872263e-01,  1.46071975e-01,
         2.71806469e-01,  1.56684599e+00, -1.93901468e-01,
         2.90014995e-01, -3.84844015e-01, -4.90455830e-01,
        -5.92077890e-02, -1.49620193e-01,  1.06710116e-02],
       [ 2.14598520e-01, -1.41477669e+00, -2.96283496e-01,
        -2.23288351e-01, -1.37161552e-01, -1.12634490e-01,
        -3.95032631e-01, -6.62811430e-01, -5.77704193e-01,
        -2.25487462e-01, -1.93901468e-01,  1.22820001e+00,
        -1.27597931e-01,  4.45144979e-01, -2.35908421e-01,
         1.50094914e-01, -1.27003340e-01, -2.57789712e-02],
       [-3.62541547e+00,  4.00602061e-01,  1.03918339e-02,
         1.10638381e-01,  5.61379440e-01, -2.23325915e-01,
         4.34694438e-01,  2.64857221e-01, -5.74946262e-01,
         3.56684190e-01,  2.90014995e-01, -1.27597931e-01,
         1.24990248e+00,  4.29330311e-02, -1.20538749e-01,
        -3.60503598e-01, -3.66115578e-01,  5.34969960e-02],
       [-2.75978567e-01, -5.52741344e-01, -3.27107965e-01,
        -1.02111075e-01,  3.15536414e-02, -5.30909143e-02,
        -2.18641888e-01, -1.23805164e-01, -5.36725468e-01,
        -4.44129828e-02, -3.84844015e-01,  4.45144979e-01,
         4.29330311e-02,  3.04621121e-01,  1.83215140e-02,
         8.88460010e-03, -6.88968863e-02, -3.14382292e-03],
       [ 2.76541917e-01,  4.28062362e-01, -3.92669505e-01,
         3.95818611e-02,  7.18721457e-02,  1.12387190e-01,
         6.37500064e-03,  7.56510111e-01,  1.51220280e-01,
         1.17156774e-01, -4.90455830e-01, -2.35908421e-01,
        -1.20538749e-01,  1.83215140e-02,  3.02945608e-01,
        -2.68022330e-02,  9.44796644e-02, -1.75547426e-02],
       [ 1.43033048e+00, -3.13653881e-01, -4.03687486e-03,
         6.68542285e-03, -2.37986717e-01,  1.29138091e-02,
         1.72125498e-02, -3.82103307e-01,  1.35345654e-01,
        -3.79158476e-01, -5.92077890e-02,  1.50094914e-01,
        -3.60503598e-01,  8.88460010e-03, -2.68022330e-02,
         2.08730578e-01,  1.05310225e-01,  1.00597136e-03],
       [ 1.26314288e+00,  2.85341256e-01, -2.75607568e-02,
         2.30737339e-02, -1.39881092e-01,  7.37811531e-02,
         1.01852540e-02,  3.27050114e-02,  3.03486694e-01,
        -2.77440708e-01, -1.49620193e-01, -1.27003340e-01,
        -3.66115578e-01, -6.88968863e-02,  9.44796644e-02,
         1.05310225e-01,  2.20713331e-01,  3.85402460e-03],
       [-3.28878331e-02, -3.79577452e-03,  2.78920989e-01,
        -1.43224798e-02, -2.25959976e-02,  2.55907127e-02,
        -2.28285992e-01, -2.58587836e-01,  2.12168887e-02,
        -1.76554388e-01,  1.06710116e-02, -2.57789712e-02,
         5.34969960e-02, -3.14382292e-03, -1.75547426e-02,
         1.00597136e-03,  3.85402460e-03,  9.82860399e-02]])
      jac: array([-4.02862928e-06,  1.08986894e-06,  1.10393176e-06,  1.07913678e-05,
       -3.25258339e-06, -3.12009677e-06, -7.74935671e-07,  3.95979546e-07,
        3.42318766e-07, -1.84186000e-06,  4.54081217e-07,  6.46149800e-07,
       -9.58714589e-06,  2.95356332e-06,  2.24265051e-06,  6.16987942e-06,
       -1.33633845e-06, -1.08135723e-06])
  message: 'Desired error not necessarily achieved due to precision loss.'
     nfev: 2102
      nit: 73
     njev: 110
   status: 2
  success: False
        x: array([-0.0911654 , -0.71837079,  0.00565584,  1.38165982, -0.59477737,
       -0.11967985,  1.99503435, -0.71305037, -1.17818614,  0.07405274,
        0.38621685,  1.04460106,  0.23931497,  0.11676365, -0.24664056,
       -1.38987343, -0.84779875,  0.03431937])
