Program Begingeth
      fun: 0.339849999350244
 hess_inv: array([[ 2.61307315e+00,  9.54717905e-02,  3.01842460e-01,
         3.80383187e-01, -3.12458650e-01,  4.98744725e-01,
         5.56086302e-01, -5.45792394e-01,  8.57948937e-01,
         1.23592412e+00, -1.15238958e+00,  1.37704398e-01,
        -1.04716127e+00, -6.65692140e-02,  3.13896184e-02,
        -4.83004342e-02, -1.45757032e-02, -3.53500677e-01],
       [ 9.54717905e-02,  7.29531680e-01, -4.51922628e-02,
        -2.81179793e-01,  7.36812012e-03, -1.57727346e-01,
        -1.30867286e+00,  5.65462975e-02, -1.57539858e-01,
        -7.29165523e-01, -2.58276484e-01, -6.24405068e-02,
        -5.00239450e-02, -2.20368438e-01, -2.07248121e-01,
         2.73982893e-02,  2.94665555e-02, -1.36498790e-01],
       [ 3.01842460e-01, -4.51922628e-02,  4.84294212e-01,
         7.72782359e-02, -3.73556300e-03,  1.28010851e-01,
        -2.90250637e-01, -4.69743011e-01,  1.69792303e-01,
         4.77280834e-01, -1.12663061e-01,  6.56435407e-02,
        -1.02828083e-01,  9.95072108e-02, -1.03148321e-01,
         4.25445273e-02,  4.16889766e-02, -5.56711002e-03],
       [ 3.80383187e-01, -2.81179793e-01,  7.72782359e-02,
         4.10338735e-01,  5.92545028e-02,  2.04975937e-01,
         1.17231289e+00,  2.77189632e-01,  1.10749139e+00,
         1.16052045e+00,  2.55185689e-01, -1.12825991e-01,
        -8.71960636e-02,  8.82250435e-02,  1.37074990e-01,
         4.44154929e-03, -1.75520999e-02,  2.25053494e-02],
       [-3.12458650e-01,  7.36812012e-03, -3.73556300e-03,
         5.92545028e-02,  3.43884873e-01, -4.34986740e-02,
        -2.13487604e-02,  8.67402175e-01,  1.00393390e+00,
         1.76652458e-01,  9.76564071e-01, -2.43771360e-01,
         1.81180403e-01,  7.42504329e-02, -2.39036776e-02,
         4.58203905e-02,  1.78608175e-02,  4.62050864e-02],
       [ 4.98744725e-01, -1.57727346e-01,  1.28010851e-01,
         2.04975937e-01, -4.34986740e-02,  3.57567853e-01,
         7.81899349e-01, -4.73946428e-01,  1.05421161e+00,
         7.35619258e-01,  4.75005566e-03,  4.40070331e-01,
        -2.46579083e-01,  7.63305047e-02,  1.23917699e-01,
        -3.83866297e-02,  3.17006263e-02, -1.06919555e-02],
       [ 5.56086302e-01, -1.30867286e+00, -2.90250637e-01,
         1.17231289e+00, -2.13487604e-02,  7.81899349e-01,
         8.36118194e+00, -4.25916127e-01,  3.99659001e+00,
         2.61160230e+00,  1.47797183e+00,  1.86291436e-01,
        -3.93871350e-01,  2.34091423e-01,  6.78862735e-01,
        -2.48184904e-01,  2.50930327e-02,  1.34512167e-01],
       [-5.45792394e-01,  5.65462975e-02, -4.69743011e-01,
         2.77189632e-01,  8.67402175e-01, -4.73946428e-01,
        -4.25916127e-01,  4.80628693e+00,  1.71297321e+00,
         3.74014455e-01,  1.89129235e+00, -1.64230762e+00,
         5.39492199e-01,  3.37968941e-02,  3.20331108e-02,
         1.33344531e-01, -8.79983087e-02,  8.67330146e-02],
       [ 8.57948937e-01, -1.57539858e-01,  1.69792303e-01,
         1.10749139e+00,  1.00393390e+00,  1.05421161e+00,
         3.99659001e+00,  1.71297321e+00,  9.64950219e+00,
         3.56296640e+00,  3.66030630e+00, -2.42946223e-02,
        -3.59354859e-01,  2.24774069e-01,  3.55414556e-01,
        -5.41925520e-02,  1.26031493e-01,  4.18395062e-02],
       [ 1.23592412e+00, -7.29165523e-01,  4.77280834e-01,
         1.16052045e+00,  1.76652458e-01,  7.35619258e-01,
         2.61160230e+00,  3.74014455e-01,  3.56296640e+00,
         3.69055973e+00,  6.58021776e-01, -6.34943920e-02,
        -3.51084002e-01,  3.02227389e-01,  3.41454385e-01,
         9.28674669e-03, -8.93470175e-03,  5.12179704e-02],
       [-1.15238958e+00, -2.58276484e-01, -1.12663061e-01,
         2.55185689e-01,  9.76564071e-01,  4.75005566e-03,
         1.47797183e+00,  1.89129235e+00,  3.66030630e+00,
         6.58021776e-01,  3.36620772e+00, -4.96809328e-01,
         5.16661365e-01,  2.37428374e-01,  4.33273686e-02,
         5.33715486e-02,  5.53865371e-02,  1.88176076e-01],
       [ 1.37704398e-01, -6.24405068e-02,  6.56435407e-02,
        -1.12825991e-01, -2.43771360e-01,  4.40070331e-01,
         1.86291436e-01, -1.64230762e+00, -2.42946223e-02,
        -6.34943920e-02, -4.96809328e-01,  1.33520203e+00,
        -2.23053038e-01,  6.34155312e-02,  1.16590390e-01,
        -7.42533836e-02,  8.09015059e-02,  4.14966557e-03],
       [-1.04716127e+00, -5.00239450e-02, -1.02828083e-01,
        -8.71960636e-02,  1.81180403e-01, -2.46579083e-01,
        -3.93871350e-01,  5.39492199e-01, -3.59354859e-01,
        -3.51084002e-01,  5.16661365e-01, -2.23053038e-01,
         4.98785173e-01,  3.82098241e-02, -2.01110150e-02,
         7.03611980e-02, -1.53599574e-02,  1.53446362e-01],
       [-6.65692140e-02, -2.20368438e-01,  9.95072108e-02,
         8.82250435e-02,  7.42504329e-02,  7.63305047e-02,
         2.34091423e-01,  3.37968941e-02,  2.24774069e-01,
         3.02227389e-01,  2.37428374e-01,  6.34155312e-02,
         3.82098241e-02,  1.28468677e-01,  4.26169751e-02,
         8.69591250e-03,  2.50474168e-02,  5.45435491e-02],
       [ 3.13896184e-02, -2.07248121e-01, -1.03148321e-01,
         1.37074990e-01, -2.39036776e-02,  1.23917699e-01,
         6.78862735e-01,  3.20331108e-02,  3.55414556e-01,
         3.41454385e-01,  4.33273686e-02,  1.16590390e-01,
        -2.01110150e-02,  4.26169751e-02,  1.55386701e-01,
        -3.02984618e-02, -1.27117787e-02,  5.55240338e-02],
       [-4.83004342e-02,  2.73982893e-02,  4.25445273e-02,
         4.44154929e-03,  4.58203905e-02, -3.83866297e-02,
        -2.48184904e-01,  1.33344531e-01, -5.41925520e-02,
         9.28674669e-03,  5.33715486e-02, -7.42533836e-02,
         7.03611980e-02,  8.69591250e-03, -3.02984618e-02,
         4.96802670e-02, -5.07357487e-03,  7.69532260e-03],
       [-1.45757032e-02,  2.94665555e-02,  4.16889766e-02,
        -1.75520999e-02,  1.78608175e-02,  3.17006263e-02,
         2.50930327e-02, -8.79983087e-02,  1.26031493e-01,
        -8.93470175e-03,  5.53865371e-02,  8.09015059e-02,
        -1.53599574e-02,  2.50474168e-02, -1.27117787e-02,
        -5.07357487e-03,  3.84141693e-02, -8.01885361e-04],
       [-3.53500677e-01, -1.36498790e-01, -5.56711002e-03,
         2.25053494e-02,  4.62050864e-02, -1.06919555e-02,
         1.34512167e-01,  8.67330146e-02,  4.18395062e-02,
         5.12179704e-02,  1.88176076e-01,  4.14966557e-03,
         1.53446362e-01,  5.45435491e-02,  5.55240338e-02,
         7.69532260e-03, -8.01885361e-04,  9.71876879e-02]])
      jac: array([-6.38785321e-06,  1.67321712e-05, -8.13867492e-06,  9.80622990e-06,
       -4.56619927e-05,  1.97612297e-05, -6.77606119e-07,  3.67113747e-06,
       -1.03287749e-06, -1.51619458e-06,  9.72296318e-06, -4.46790753e-06,
       -1.68087766e-05,  4.36835753e-05, -2.43479311e-05,  6.32049968e-06,
       -3.67827990e-05,  1.47404311e-05])
  message: 'Desired error not necessarily achieved due to precision loss.'
     nfev: 2254
      nit: 72
     njev: 118
   status: 2
  success: False
        x: array([ 0.09874676,  0.09843634,  0.70237092,  1.72719576, -0.7552689 ,
        0.33316782,  1.36639031, -1.85109213,  0.6953245 ,  2.03102044,
       -0.65947169,  0.92713765,  0.00529168,  0.07720492, -0.17434581,
       -1.58184488, -0.5236664 ,  0.05364583])
