Program Begingeth
      fun: 0.2585512737229322
 hess_inv: array([[ 1.28877628e+01,  1.75298729e+00, -2.46913632e+00,
         1.76048955e+00,  1.47393254e+00, -1.27840749e+00,
         3.10123415e-01,  1.83003022e+00, -4.22041211e+00,
        -2.14516743e+00, -9.67387305e-01, -2.59790578e-01,
        -3.06619386e+00, -1.72953696e-01,  3.49133784e-01,
         1.26126960e-01, -1.39662946e+00,  3.48681021e-01],
       [ 1.75298729e+00,  4.31561902e+00,  2.89235498e-01,
        -1.20346011e-01,  1.21914911e+00,  6.78094348e-02,
        -1.01413029e+00,  2.85012869e+00,  7.17685738e-01,
        -4.29035082e-01, -4.38999279e-01, -1.57869738e+00,
        -5.08031415e-01, -7.10059310e-01,  3.06193290e-01,
         2.49786579e-01, -4.54019029e-02,  8.18613548e-02],
       [-2.46913632e+00,  2.89235498e-01,  1.29714764e+01,
         1.03367523e+00, -6.21753064e-01,  3.24362276e+00,
         1.20648515e+01, -4.37671230e+00,  4.82848234e+00,
         8.94775419e-01,  4.00543928e+00, -2.53156401e+00,
         9.67823840e-01, -8.81679120e-01, -1.62837750e+00,
        -9.63375451e-02,  6.17728894e-01,  4.22646862e-01],
       [ 1.76048955e+00, -1.20346011e-01,  1.03367523e+00,
         5.32944892e-01,  7.03922156e-02,  1.76863178e-01,
         2.16810448e+00, -3.99813428e-01, -4.03176433e-01,
        -2.36391120e-01,  2.44777304e-01, -1.06087905e-01,
        -2.99401767e-01,  7.93637843e-03, -1.27932085e-01,
        -7.36289479e-04, -1.18229427e-01,  1.03707621e-01],
       [ 1.47393254e+00,  1.21914911e+00, -6.21753064e-01,
         7.03922156e-02,  5.03228576e-01, -1.76767410e-01,
        -5.57874799e-01,  1.41498210e+00, -3.49271233e-01,
        -3.67535587e-01, -3.74914784e-01, -2.56280637e-01,
        -3.83492088e-01, -1.13660805e-01,  1.90316667e-01,
         5.69081677e-02, -1.29389903e-01,  3.87227615e-02],
       [-1.27840749e+00,  6.78094348e-02,  3.24362276e+00,
         1.76863178e-01, -1.76767410e-01,  9.33128967e-01,
         3.12959768e+00, -8.22116639e-01,  1.60845530e+00,
         1.76582555e-01,  8.75009786e-01, -5.84926174e-01,
         4.44967584e-01, -1.80628299e-01, -3.40852570e-01,
        -1.40633178e-02,  2.23832521e-01,  8.30797613e-02],
       [ 3.10123415e-01, -1.01413029e+00,  1.20648515e+01,
         2.16810448e+00, -5.57874799e-01,  3.12959768e+00,
         1.79106734e+01, -4.25735900e+00,  2.43684547e+00,
         5.18590530e-01,  2.96536361e+00, -1.53296567e+00,
         5.80651054e-01, -1.61527554e-01, -1.30484430e+00,
        -1.60074059e-01,  4.72378514e-01,  5.82700216e-01],
       [ 1.83003022e+00,  2.85012869e+00, -4.37671230e+00,
        -3.99813428e-01,  1.41498210e+00, -8.22116639e-01,
        -4.25735900e+00,  7.18979867e+00, -1.01949938e+00,
        -1.26555379e+00, -1.78662044e+00,  6.88462099e-03,
        -4.61810163e-01, -5.27597567e-02,  1.00970452e+00,
         1.80935255e-01, -2.51978488e-01, -8.16797190e-02],
       [-4.22041211e+00,  7.17685738e-01,  4.82848234e+00,
        -4.03176433e-01, -3.49271233e-01,  1.60845530e+00,
         2.43684547e+00, -1.01949938e+00,  5.40783824e+00,
         3.36081844e-01,  1.57821292e+00, -1.07556215e+00,
         1.12252925e+00, -6.05759931e-01, -6.02840401e-01,
         1.96167228e-02,  4.43863728e-01, -9.69257540e-02],
       [-2.14516743e+00, -4.29035082e-01,  8.94775419e-01,
        -2.36391120e-01, -3.67535587e-01,  1.76582555e-01,
         5.18590530e-01, -1.26555379e+00,  3.36081844e-01,
         1.24839409e+00,  2.75751754e-01, -2.54324090e-02,
         3.19725984e-01,  4.46286479e-02, -1.32421119e-01,
        -3.93824769e-02,  2.86869904e-01,  1.11327668e-01],
       [-9.67387305e-01, -4.38999279e-01,  4.00543928e+00,
         2.44777304e-01, -3.74914784e-01,  8.75009786e-01,
         2.96536361e+00, -1.78662044e+00,  1.57821292e+00,
         2.75751754e-01,  1.94026172e+00, -6.95513892e-01,
         3.26032638e-01, -3.83313138e-01, -7.42975410e-01,
        -8.00937177e-02,  1.58555089e-01,  2.27592244e-03],
       [-2.59790578e-01, -1.57869738e+00, -2.53156401e+00,
        -1.06087905e-01, -2.56280637e-01, -5.84926174e-01,
        -1.53296567e+00,  6.88462099e-03, -1.07556215e+00,
        -2.54324090e-02, -6.95513892e-01,  1.36563412e+00,
         3.48436675e-02,  5.29264794e-01,  1.77168380e-01,
        -1.07929023e-01, -3.06165470e-02, -8.99020185e-02],
       [-3.06619386e+00, -5.08031415e-01,  9.67823840e-01,
        -2.99401767e-01, -3.83492088e-01,  4.44967584e-01,
         5.80651054e-01, -4.61810163e-01,  1.12252925e+00,
         3.19725984e-01,  3.26032638e-01,  3.48436675e-02,
         8.69711355e-01,  5.08957815e-02, -1.21205858e-01,
         4.64205698e-03,  3.65913447e-01, -1.07957125e-01],
       [-1.72953696e-01, -7.10059310e-01, -8.81679120e-01,
         7.93637843e-03, -1.13660805e-01, -1.80628299e-01,
        -1.61527554e-01, -5.27597567e-02, -6.05759931e-01,
         4.46286479e-02, -3.83313138e-01,  5.29264794e-01,
         5.08957815e-02,  2.90309148e-01,  1.10892257e-01,
        -4.24496312e-02,  2.85279835e-02,  1.55057527e-03],
       [ 3.49133784e-01,  3.06193290e-01, -1.62837750e+00,
        -1.27932085e-01,  1.90316667e-01, -3.40852570e-01,
        -1.30484430e+00,  1.00970452e+00, -6.02840401e-01,
        -1.32421119e-01, -7.42975410e-01,  1.77168380e-01,
        -1.21205858e-01,  1.10892257e-01,  3.41752872e-01,
         4.63230957e-02, -6.61592164e-02,  3.59528538e-03],
       [ 1.26126960e-01,  2.49786579e-01, -9.63375451e-02,
        -7.36289479e-04,  5.69081677e-02, -1.40633178e-02,
        -1.60074059e-01,  1.80935255e-01,  1.96167228e-02,
        -3.93824769e-02, -8.00937177e-02, -1.07929023e-01,
         4.64205698e-03, -4.24496312e-02,  4.63230957e-02,
         5.60058555e-02, -2.11964526e-03, -3.27796123e-03],
       [-1.39662946e+00, -4.54019029e-02,  6.17728894e-01,
        -1.18229427e-01, -1.29389903e-01,  2.23832521e-01,
         4.72378514e-01, -2.51978488e-01,  4.43863728e-01,
         2.86869904e-01,  1.58555089e-01, -3.06165470e-02,
         3.65913447e-01,  2.85279835e-02, -6.61592164e-02,
        -2.11964526e-03,  2.19855739e-01, -1.19893763e-02],
       [ 3.48681021e-01,  8.18613548e-02,  4.22646862e-01,
         1.03707621e-01,  3.87227615e-02,  8.30797613e-02,
         5.82700216e-01, -8.16797190e-02, -9.69257540e-02,
         1.11327668e-01,  2.27592244e-03, -8.99020185e-02,
        -1.07957125e-01,  1.55057527e-03,  3.59528538e-03,
        -3.27796123e-03, -1.19893763e-02,  9.91805826e-02]])
      jac: array([-2.66379511e-06, -1.43403807e-06, -1.98137802e-06,  1.14130927e-06,
        5.57850063e-06,  5.68582218e-06, -3.33066907e-09, -7.29786602e-07,
       -1.31080332e-06, -2.61901612e-06,  9.97720425e-07, -5.72875081e-07,
       -7.93846470e-06, -1.53913919e-06, -4.33172017e-06,  8.62791320e-06,
        1.16869477e-06,  2.80849418e-06])
  message: 'Optimization terminated successfully.'
     nfev: 1444
      nit: 66
     njev: 76
   status: 0
  success: True
        x: array([-0.31101416, -0.53363669,  0.08772856, -1.11413621, -0.68837424,
       -0.08994745, -1.61321424, -0.95670062, -1.03577559,  0.1184456 ,
        0.49199012,  1.0840389 ,  0.01705264,  0.18614475, -0.27397888,
        1.30648837, -0.42497418,  0.02820423])
