Program Begingeth
      fun: 0.35038628201588456
 hess_inv: array([[ 5.14427155e+00, -1.66813296e-01,  4.57026419e-01,
         1.58110470e+00, -5.04773580e-01,  5.89594963e-01,
         5.64279409e-01, -2.70158423e+00,  1.23374614e-01,
        -1.13892048e+00, -4.86166515e-01, -4.07505499e-01,
        -5.04917970e-01, -8.70815686e-02,  5.01102136e-01,
        -2.04875171e-01,  7.86854727e-02,  2.81516702e-02],
       [-1.66813296e-01,  1.67328555e+00,  5.62494317e-01,
         1.44674657e-02,  5.80239156e-01,  8.81890680e-02,
         5.42867720e-01,  5.62422005e-01, -5.67704449e-01,
        -2.32645404e-01,  6.36588846e-02, -8.36347833e-01,
         1.18297133e-01, -9.21730164e-02,  6.43234183e-03,
         2.45001294e-02,  1.11117835e-01, -9.62313298e-02],
       [ 4.57026419e-01,  5.62494317e-01,  2.00962443e+00,
         6.35507425e-02,  1.59723689e-01,  6.85783511e-01,
        -1.63415199e+00,  5.69909924e-01,  3.11703271e-01,
        -7.47195462e-02,  5.34044722e-01, -6.43742068e-01,
        -1.59719398e-01, -6.81876341e-02,  6.72408577e-02,
        -2.28416311e-01,  2.27426588e-01,  1.40606484e-01],
       [ 1.58110470e+00,  1.44674657e-02,  6.35507425e-02,
         5.14938508e-01, -1.29562496e-01,  1.46266560e-01,
         3.45025264e-01, -8.25329226e-01,  3.65538233e-02,
        -3.70845464e-01, -1.80498735e-01, -1.79692064e-01,
        -1.11614243e-01, -3.46486390e-02,  1.59504330e-01,
        -2.81341810e-02,  5.66768372e-03,  3.83746849e-03],
       [-5.04773580e-01,  5.80239156e-01,  1.59723689e-01,
        -1.29562496e-01,  2.63829314e-01, -1.53342577e-02,
         1.47121574e-01,  4.57870672e-01, -9.29044502e-02,
         6.16764727e-02,  6.62621244e-02, -2.15120390e-01,
         9.20616968e-02,  1.30848879e-03, -4.63579346e-02,
         4.64721583e-02,  3.85586482e-02, -2.44843041e-02],
       [ 5.89594963e-01,  8.81890680e-02,  6.85783511e-01,
         1.46266560e-01, -1.53342577e-02,  3.14888605e-01,
        -6.53244911e-01,  1.45543307e-02,  1.28662638e-01,
         3.44643798e-02,  8.39105019e-03, -1.73261781e-01,
        -1.50511753e-01,  1.10728611e-02,  9.80125198e-02,
        -1.24009155e-01,  9.22544158e-02,  5.84169532e-02],
       [ 5.64279409e-01,  5.42867720e-01, -1.63415199e+00,
         3.45025264e-01,  1.47121574e-01, -6.53244911e-01,
         8.05453676e+00, -1.15147788e+00,  7.38055395e-01,
        -3.27198070e-01,  6.83830786e-01, -6.46876427e-01,
         2.75120662e-01, -3.99109758e-01, -2.01457393e-01,
         8.91924649e-01, -3.43262722e-01, -4.57202397e-01],
       [-2.70158423e+00,  5.62422005e-01,  5.69909924e-01,
        -8.25329226e-01,  4.57870672e-01,  1.45543307e-02,
        -1.15147788e+00,  6.09920662e+00,  2.71179329e-01,
         1.48453620e+00, -3.84877111e-02, -1.60752058e-01,
         2.27685842e-02,  2.04274832e-01, -2.77246517e-01,
        -6.19064227e-02,  5.48837671e-01, -9.67225043e-02],
       [ 1.23374614e-01, -5.67704449e-01,  3.11703271e-01,
         3.65538233e-02, -9.29044502e-02,  1.28662638e-01,
         7.38055395e-01,  2.71179329e-01,  4.06244456e+00,
         3.69418678e-01,  4.49574164e-01, -2.76548321e-01,
         3.65630177e-02,  4.14392713e-02,  7.41786720e-02,
         2.46602193e-01,  1.77877173e-02,  4.13174525e-01],
       [-1.13892048e+00, -2.32645404e-01, -7.47195462e-02,
        -3.70845464e-01,  6.16764727e-02,  3.44643798e-02,
        -3.27198070e-01,  1.48453620e+00,  3.69418678e-01,
         1.57184910e+00, -2.51062933e-02,  2.09935867e-01,
        -2.28692420e-01,  9.41824176e-02, -9.43058687e-02,
        -2.30216987e-02,  4.47156726e-02, -1.21424396e-01],
       [-4.86166515e-01,  6.36588846e-02,  5.34044722e-01,
        -1.80498735e-01,  6.62621244e-02,  8.39105019e-03,
         6.83830786e-01, -3.84877111e-02,  4.49574164e-01,
        -2.51062933e-02,  1.24908324e+00, -3.04573972e-01,
         8.15195333e-02, -2.70278154e-01, -2.38786227e-01,
         1.36553707e-01, -5.51738916e-02, -9.45396898e-02],
       [-4.07505499e-01, -8.36347833e-01, -6.43742068e-01,
        -1.79692064e-01, -2.15120390e-01, -1.73261781e-01,
        -6.46876427e-01, -1.60752058e-01, -2.76548321e-01,
         2.09935867e-01, -3.04573972e-01,  1.03544821e+00,
        -1.93936046e-02,  1.93901162e-01, -9.64587895e-02,
        -1.02435141e-02, -1.93503790e-02,  2.25287076e-02],
       [-5.04917970e-01,  1.18297133e-01, -1.59719398e-01,
        -1.11614243e-01,  9.20616968e-02, -1.50511753e-01,
         2.75120662e-01,  2.27685842e-02,  3.65630177e-02,
        -2.28692420e-01,  8.15195333e-02, -1.93936046e-02,
         2.09444642e-01, -1.42250613e-02, -5.83866478e-02,
         1.14214582e-01, -5.22968225e-02,  3.27116515e-02],
       [-8.70815686e-02, -9.21730164e-02, -6.81876341e-02,
        -3.46486390e-02,  1.30848879e-03,  1.10728611e-02,
        -3.99109758e-01,  2.04274832e-01,  4.14392713e-02,
         9.41824176e-02, -2.70278154e-01,  1.93901162e-01,
        -1.42250613e-02,  1.22010818e-01,  2.96676714e-02,
        -3.18634933e-02,  5.21488535e-02,  5.25475468e-02],
       [ 5.01102136e-01,  6.43234183e-03,  6.72408577e-02,
         1.59504330e-01, -4.63579346e-02,  9.80125198e-02,
        -2.01457393e-01, -2.77246517e-01,  7.41786720e-02,
        -9.43058687e-02, -2.38786227e-01, -9.64587895e-02,
        -5.83866478e-02,  2.96676714e-02,  1.32048816e-01,
        -5.80667874e-02,  8.93505976e-03,  6.51385632e-02],
       [-2.04875171e-01,  2.45001294e-02, -2.28416311e-01,
        -2.81341810e-02,  4.64721583e-02, -1.24009155e-01,
         8.91924649e-01, -6.19064227e-02,  2.46602193e-01,
        -2.30216987e-02,  1.36553707e-01, -1.02435141e-02,
         1.14214582e-01, -3.18634933e-02, -5.80667874e-02,
         1.60845036e-01, -5.68839859e-02, -2.20447453e-02],
       [ 7.86854727e-02,  1.11117835e-01,  2.27426588e-01,
         5.66768372e-03,  3.85586482e-02,  9.22544158e-02,
        -3.43262722e-01,  5.48837671e-01,  1.77877172e-02,
         4.47156726e-02, -5.51738916e-02, -1.93503790e-02,
        -5.22968225e-02,  5.21488535e-02,  8.93505976e-03,
        -5.68839859e-02,  1.22901918e-01,  1.27148215e-02],
       [ 2.81516702e-02, -9.62313298e-02,  1.40606484e-01,
         3.83746849e-03, -2.44843041e-02,  5.84169532e-02,
        -4.57202397e-01, -9.67225043e-02,  4.13174525e-01,
        -1.21424396e-01, -9.45396898e-02,  2.25287076e-02,
         3.27116515e-02,  5.25475468e-02,  6.51385632e-02,
        -2.20447453e-02,  1.27148215e-02,  1.41191554e-01]])
      jac: array([ 1.66977543e-05,  1.43659159e-05, -1.52152365e-05, -4.60180042e-05,
       -4.41028695e-05,  3.21217127e-05, -5.72282962e-06,  4.78987220e-06,
       -1.62462636e-06, -2.21304456e-06,  1.61315406e-06, -1.26287869e-05,
       -7.63907456e-06,  2.30197343e-05, -2.49178456e-05,  5.54530496e-05,
       -2.20138722e-05,  5.05669580e-06])
  message: 'Maximum number of iterations has been exceeded.'
     nfev: 2147
      nit: 100
     njev: 113
   status: 1
  success: False
        x: array([ 0.97338107, -0.90062742,  0.40674907,  1.35583009, -0.78429877,
        0.13688139, -1.65420472, -0.73016876,  1.0933139 ,  0.10062149,
        0.46514949,  1.06146371,  0.02811949,  0.05005029, -0.25083362,
       -1.36716329, -0.83395791,  0.12490272])
