Program Begingeth
      fun: 0.25131315140956695
 hess_inv: array([[ 4.27496903e+00, -1.37893181e+00,  8.35876073e-01,
         1.21196642e+00, -6.28782281e-01,  9.90507163e-01,
        -4.19778989e-02,  6.82077588e-01,  2.74367086e+00,
         3.83864859e-02, -5.74015472e-01,  2.51408432e-01,
        -7.40172383e-01,  3.29791736e-01,  2.85879759e-01,
        -2.13560093e-01,  4.28932737e-01, -1.52150950e-01],
       [-1.37893181e+00,  3.00372273e+00, -1.25233460e-01,
        -1.48408861e-01,  1.18218044e+00, -3.10634408e-01,
         5.84403584e-01,  1.81784687e+00,  2.55089996e-01,
        -5.33382868e-01,  1.17365430e-02, -1.03268918e+00,
         4.95745216e-01, -3.68650424e-01,  7.99733687e-02,
        -1.92454769e-02, -2.32902420e-01,  1.76909494e-01],
       [ 8.35876073e-01, -1.25233460e-01,  5.93952028e+00,
        -6.50298993e-01, -1.70666793e-01,  2.61181862e+00,
        -9.75168846e+00, -3.91674911e+00,  6.09321626e+00,
         2.72525362e-01,  1.56949491e+00, -5.54673849e-01,
        -2.78486312e-01, -6.98092229e-03, -4.21169301e-01,
         1.63994995e-01,  2.72371507e-01, -3.54206794e-01],
       [ 1.21196642e+00, -1.48408861e-01, -6.50298993e-01,
         5.54658190e-01, -9.28184730e-02, -1.18174875e-01,
         2.06144118e+00,  8.64652664e-01,  1.36189277e-01,
        -1.09894229e-01, -3.69070092e-01,  3.00471700e-02,
        -1.39282125e-01,  3.47872631e-02,  1.53824341e-01,
        -9.43427047e-02,  6.14951698e-02,  2.33421658e-02],
       [-6.28782281e-01,  1.18218044e+00, -1.70666793e-01,
        -9.28184730e-02,  5.27021012e-01, -1.57206530e-01,
        -6.20382754e-03,  1.23658114e+00, -2.10331787e-01,
        -1.51767645e-01, -9.05818589e-02, -3.40582692e-01,
         2.12686283e-01, -1.01572063e-01,  6.79718201e-02,
         1.02644149e-02, -9.55446795e-02,  8.88184002e-02],
       [ 9.90507163e-01, -3.10634408e-01,  2.61181862e+00,
        -1.18174875e-01, -1.57206530e-01,  1.29636245e+00,
        -4.48368475e+00, -1.28980924e+00,  3.07165121e+00,
         2.22456938e-01,  4.58406632e-01, -1.39028664e-01,
        -2.51801674e-01,  8.08001833e-02, -9.91260045e-02,
         3.31175240e-02,  1.73156573e-01, -1.70482640e-01],
       [-4.19778989e-02,  5.84403584e-01, -9.75168846e+00,
         2.06144118e+00, -6.20382754e-03, -4.48368475e+00,
         2.39456769e+01,  4.40959955e+00, -8.26208863e+00,
        -1.00095358e+00, -1.70702663e+00,  2.00950123e-01,
         3.43965342e-01, -4.71929577e-01,  5.09673612e-01,
        -4.46351113e-01, -4.24018021e-01,  5.54377042e-01],
       [ 6.82077588e-01,  1.81784687e+00, -3.91674911e+00,
         8.64652664e-01,  1.23658114e+00, -1.28980924e+00,
         4.40959955e+00,  1.00793259e+01, -3.73723763e+00,
        -1.11827111e-02, -2.08002119e+00, -1.82223858e-01,
         1.06677377e-01,  1.47903919e-01,  9.45490366e-01,
        -2.49201781e-01, -1.36536602e-01,  4.22550874e-01],
       [ 2.74367086e+00,  2.55089996e-01,  6.09321626e+00,
         1.36189277e-01, -2.10331787e-01,  3.07165121e+00,
        -8.26208863e+00, -3.73723763e+00,  1.05215406e+01,
         2.75942720e-01,  1.37839542e+00, -6.75518750e-01,
        -5.01378295e-01, -1.98156299e-01, -3.89575690e-01,
         4.61629400e-03,  2.49092253e-01, -4.74927055e-01],
       [ 3.83864859e-02, -5.33382868e-01,  2.72525362e-01,
        -1.09894229e-01, -1.51767645e-01,  2.22456938e-01,
        -1.00095358e+00, -1.11827111e-02,  2.75942720e-01,
         8.90233828e-01,  8.70386408e-02,  1.40406315e-01,
        -2.38309901e-01,  4.36774981e-02, -8.80016520e-02,
         1.89269560e-02, -9.74407140e-03, -2.05074080e-01],
       [-5.74015472e-01,  1.17365430e-02,  1.56949491e+00,
        -3.69070092e-01, -9.05818589e-02,  4.58406632e-01,
        -1.70702663e+00, -2.08002119e+00,  1.37839542e+00,
         8.70386408e-02,  1.20549317e+00, -2.40832006e-01,
         3.91179291e-02, -2.24301787e-01, -3.70076188e-01,
         1.00338710e-01, -5.77917793e-03, -1.85735469e-01],
       [ 2.51408432e-01, -1.03268918e+00, -5.54673849e-01,
         3.00471700e-02, -3.40582692e-01, -1.39028664e-01,
         2.00950123e-01, -1.82223858e-01, -6.75518750e-01,
         1.40406315e-01, -2.40832006e-01,  7.52731190e-01,
        -7.76251040e-02,  2.09532237e-01, -2.07102213e-02,
         6.19161650e-02,  7.38677305e-02,  7.71281598e-03],
       [-7.40172383e-01,  4.95745216e-01, -2.78486312e-01,
        -1.39282125e-01,  2.12686283e-01, -2.51801674e-01,
         3.43965342e-01,  1.06677377e-01, -5.01378295e-01,
        -2.38309901e-01,  3.91179291e-02, -7.76251040e-02,
         2.48882159e-01, -8.05756424e-02, -1.64256992e-02,
         7.00952435e-02, -9.91935750e-02,  9.25001433e-02],
       [ 3.29791736e-01, -3.68650424e-01, -6.98092229e-03,
         3.47872631e-02, -1.01572063e-01,  8.08001833e-02,
        -4.71929577e-01,  1.47903919e-01, -1.98156299e-01,
         4.36774981e-02, -2.24301787e-01,  2.09532237e-01,
        -8.05756424e-02,  1.53135008e-01,  6.04072215e-02,
         9.99131247e-04,  8.43773669e-02,  1.37677348e-02],
       [ 2.85879759e-01,  7.99733687e-02, -4.21169301e-01,
         1.53824341e-01,  6.79718201e-02, -9.91260045e-02,
         5.09673612e-01,  9.45490366e-01, -3.89575690e-01,
        -8.80016520e-02, -3.70076188e-01, -2.07102213e-02,
        -1.64256992e-02,  6.04072215e-02,  1.70773263e-01,
        -5.00123821e-02,  1.15578514e-02,  8.76600134e-02],
       [-2.13560093e-01, -1.92454769e-02,  1.63994995e-01,
        -9.43427047e-02,  1.02644149e-02,  3.31175240e-02,
        -4.46351113e-01, -2.49201781e-01,  4.61629400e-03,
         1.89269560e-02,  1.00338710e-01,  6.19161650e-02,
         7.00952435e-02,  9.99131247e-04, -5.00123821e-02,
         7.24868024e-02, -1.63147820e-02, -2.31562582e-03],
       [ 4.28932737e-01, -2.32902420e-01,  2.72371507e-01,
         6.14951698e-02, -9.55446795e-02,  1.73156573e-01,
        -4.24018021e-01, -1.36536602e-01,  2.49092253e-01,
        -9.74407140e-03, -5.77917793e-03,  7.38677305e-02,
        -9.91935750e-02,  8.43773669e-02,  1.15578514e-02,
        -1.63147820e-02,  1.01668243e-01, -1.95015632e-02],
       [-1.52150950e-01,  1.76909494e-01, -3.54206794e-01,
         2.33421658e-02,  8.88184002e-02, -1.70482640e-01,
         5.54377042e-01,  4.22550874e-01, -4.74927055e-01,
        -2.05074080e-01, -1.85735469e-01,  7.71281598e-03,
         9.25001433e-02,  1.37677348e-02,  8.76600134e-02,
        -2.31562582e-03, -1.95015632e-02,  1.11804212e-01]])
      jac: array([ 8.12683254e-07, -3.40468394e-08, -1.41553436e-06, -4.65923596e-06,
        2.72744790e-07,  6.20540656e-06,  7.83447381e-07, -7.63093292e-07,
       -7.77526192e-07,  4.05601478e-07, -9.18154442e-07,  9.21855185e-07,
        8.53946543e-06, -2.50355292e-06,  7.14132457e-06, -2.20712337e-06,
        4.58559117e-06, -9.05793958e-06])
  message: 'Optimization terminated successfully.'
     nfev: 1672
      nit: 77
     njev: 88
   status: 0
  success: True
        x: array([ 0.95076399, -0.96012528,  0.43293359,  1.33516803, -0.99793718,
        0.08367116,  1.23116246, -1.37577336, -0.85379927,  0.02393401,
        0.58056739,  1.10107002,  0.01439503,  0.2611851 , -0.27286501,
       -1.23340956, -0.10104291,  0.01219251])
