Program Begingeth
      fun: 0.21980457781559756
 hess_inv: array([[ 4.66153544e+00,  1.53548972e+00, -7.83181941e-01,
         7.55607864e-01,  5.10003149e-01, -1.21096413e+00,
        -1.29493238e+00, -5.88057586e-01, -3.01264070e+00,
        -3.76666874e-01,  1.54707916e-01, -8.86839195e-01,
        -1.03076343e+00, -4.83731718e-01, -1.55733788e-01,
        -1.99710372e-02, -5.05719230e-01,  4.50992389e-01],
       [ 1.53548972e+00,  2.58125527e+00, -6.74868808e-01,
        -9.07543115e-02,  8.44906954e-01, -5.92813170e-01,
        -2.24353343e+00,  2.94893859e+00, -6.12573207e-01,
         2.24999610e-01, -7.40459863e-01, -1.19926258e+00,
        -4.90111860e-01, -3.74044466e-01,  1.77552500e-01,
         1.87658740e-01, -1.45742978e-01,  2.50552384e-01],
       [-7.83181941e-01, -6.74868808e-01,  6.14753561e+00,
         1.02083803e+00, -1.84559715e-01,  2.26696780e+00,
         1.25419199e+01, -4.83718966e+00,  6.95999783e+00,
        -3.43363472e-01,  2.81168408e+00, -1.34850469e+00,
         2.26667402e-01, -6.44692734e-02, -8.19551837e-01,
        -4.70362630e-01,  1.79851311e-01, -4.82238145e-01],
       [ 7.55607864e-01, -9.07543115e-02,  1.02083803e+00,
         4.38951267e-01,  1.57219923e-02,  2.37685780e-01,
         2.91987662e+00, -1.20581120e+00,  4.96480044e-01,
        -2.38055087e-01,  5.72907715e-01, -2.32947531e-01,
        -1.05240407e-01, -2.66758275e-02, -1.93313743e-01,
        -1.11197835e-01, -5.05343773e-02, -3.25434975e-02],
       [ 5.10003149e-01,  8.44906954e-01, -1.84559715e-01,
         1.57219923e-02,  3.64515162e-01, -1.36310806e-01,
         1.37033657e-02,  1.51651345e+00, -3.71306158e-01,
        -2.27114759e-02, -3.03474849e-01, -3.18400687e-01,
        -1.67278802e-01, -5.86253510e-02,  9.91644095e-02,
         3.47270358e-02, -4.57770029e-02,  8.72921986e-02],
       [-1.21096413e+00, -5.92813170e-01,  2.26696780e+00,
         2.37685780e-01, -1.36310806e-01,  1.10871823e+00,
         5.19619257e+00, -1.18087851e+00,  3.14028438e+00,
        -2.05192015e-01,  8.22088840e-01, -2.08671046e-01,
         3.23181252e-01,  1.11260334e-01, -1.95361222e-01,
        -1.50471489e-01,  1.42512710e-01, -2.62972595e-01],
       [-1.29493238e+00, -2.24353343e+00,  1.25419199e+01,
         2.91987662e+00,  1.37033657e-02,  5.19619257e+00,
         3.68783907e+01, -7.35395706e+00,  1.27303678e+01,
        -1.86765310e+00,  4.91825455e+00, -1.51888017e+00,
         4.99905522e-01,  4.97767567e-01, -1.37234626e+00,
        -1.17793703e+00,  1.88814474e-01, -1.11796512e+00],
       [-5.88057586e-01,  2.94893859e+00, -4.83718966e+00,
        -1.20581120e+00,  1.51651345e+00, -1.18087851e+00,
        -7.35395706e+00,  1.40538558e+01, -4.61438850e+00,
         3.61412805e-04, -3.58857302e+00,  1.03010197e-01,
        -1.12429807e-02,  8.13315146e-02,  1.43458133e+00,
         6.23547806e-01, -4.51009921e-02,  4.36371365e-01],
       [-3.01264070e+00, -6.12573207e-01,  6.95999783e+00,
         4.96480044e-01, -3.71306158e-01,  3.14028438e+00,
         1.27303678e+01, -4.61438850e+00,  1.32360313e+01,
        -4.63604558e-01,  3.03877563e+00, -1.54100980e+00,
         7.33142521e-01, -3.26342159e-01, -9.27270741e-01,
        -3.45423659e-01,  2.07277208e-01, -8.37955131e-01],
       [-3.76666874e-01,  2.24999610e-01, -3.43363472e-01,
        -2.38055087e-01, -2.27114759e-02, -2.05192015e-01,
        -1.86765310e+00,  3.61412805e-04, -4.63604558e-01,
         9.99650235e-01, -3.10490836e-01,  9.55450377e-03,
        -1.32312995e-01,  3.95570488e-02,  1.01147006e-01,
         5.55466291e-02,  1.22186986e-01,  1.88026098e-01],
       [ 1.54707916e-01, -7.40459863e-01,  2.81168408e+00,
         5.72907715e-01, -3.03474849e-01,  8.22088840e-01,
         4.91825455e+00, -3.58857302e+00,  3.03877563e+00,
        -3.10490836e-01,  2.10634780e+00, -6.06446235e-01,
         3.58356387e-02, -2.02938789e-01, -6.38385283e-01,
        -2.84414022e-01,  1.42003892e-02, -3.01827466e-01],
       [-8.86839195e-01, -1.19926258e+00, -1.34850469e+00,
        -2.32947531e-01, -3.18400687e-01, -2.08671046e-01,
        -1.51888017e+00,  1.03010197e-01, -1.54100980e+00,
         9.55450377e-03, -6.06446235e-01,  1.39441710e+00,
         2.27920876e-01,  3.82868567e-01,  1.54849307e-01,
        -1.36455388e-02,  1.08803166e-01,  7.23988116e-03],
       [-1.03076343e+00, -4.90111860e-01,  2.26667402e-01,
        -1.05240407e-01, -1.67278802e-01,  3.23181252e-01,
         4.99905522e-01, -1.12429807e-02,  7.33142521e-01,
        -1.32312995e-01,  3.58356387e-02,  2.27920876e-01,
         3.42062524e-01,  1.14928890e-01,  1.14522557e-02,
         3.37944218e-02,  1.19073930e-01, -1.62138705e-01],
       [-4.83731718e-01, -3.74044466e-01, -6.44692734e-02,
        -2.66758275e-02, -5.86253510e-02,  1.11260334e-01,
         4.97767567e-01,  8.13315146e-02, -3.26342159e-01,
         3.95570488e-02, -2.02938789e-01,  3.82868567e-01,
         1.14928890e-01,  2.05576585e-01,  6.83694034e-02,
        -2.36527115e-02,  9.68961550e-02, -9.18768919e-03],
       [-1.55733788e-01,  1.77552500e-01, -8.19551837e-01,
        -1.93313743e-01,  9.91644095e-02, -1.95361222e-01,
        -1.37234626e+00,  1.43458133e+00, -9.27270741e-01,
         1.01147006e-01, -6.38385283e-01,  1.54849307e-01,
         1.14522557e-02,  6.83694034e-02,  2.52354276e-01,
         9.53475021e-02,  2.67583886e-04,  1.07977698e-01],
       [-1.99710372e-02,  1.87658740e-01, -4.70362630e-01,
        -1.11197835e-01,  3.47270358e-02, -1.50471489e-01,
        -1.17793703e+00,  6.23547806e-01, -3.45423659e-01,
         5.55466291e-02, -2.84414022e-01, -1.36455388e-02,
         3.37944218e-02, -2.36527115e-02,  9.53475021e-02,
         9.79973555e-02, -1.39744270e-03,  3.21754531e-02],
       [-5.05719230e-01, -1.45742978e-01,  1.79851311e-01,
        -5.05343773e-02, -4.57770029e-02,  1.42512710e-01,
         1.88814474e-01, -4.51009921e-02,  2.07277208e-01,
         1.22186986e-01,  1.42003892e-02,  1.08803166e-01,
         1.19073930e-01,  9.68961550e-02,  2.67583886e-04,
        -1.39744270e-03,  1.15618231e-01, -4.02660155e-02],
       [ 4.50992389e-01,  2.50552384e-01, -4.82238145e-01,
        -3.25434975e-02,  8.72921986e-02, -2.62972595e-01,
        -1.11796512e+00,  4.36371365e-01, -8.37955131e-01,
         1.88026098e-01, -3.01827466e-01,  7.23988116e-03,
        -1.62138705e-01, -9.18768919e-03,  1.07977698e-01,
         3.21754531e-02, -4.02660155e-02,  1.60316518e-01]])
      jac: array([-5.49541894e-06,  8.02136135e-07,  6.36638890e-06, -8.48765502e-07,
       -9.97905462e-06, -2.72717034e-05,  1.37741670e-06,  1.48399811e-06,
        1.46086846e-06, -3.62857892e-06, -3.22889863e-07, -4.57504405e-06,
        1.49317595e-05,  9.26777173e-06, -9.64709794e-06, -8.15310782e-06,
       -3.75736479e-06,  2.79644826e-05])
  message: 'Desired error not necessarily achieved due to precision loss.'
     nfev: 2102
      nit: 59
     njev: 110
   status: 2
  success: False
        x: array([-0.44147214, -0.50188582,  0.51469234, -1.0124651 , -0.68035161,
        0.04775658, -0.91166277, -1.1054355 , -0.82188248,  0.1357649 ,
        0.6562034 ,  1.01236536,  0.04993107,  0.24586763, -0.31652775,
        1.22476352, -0.21982563,  0.02345584])
