Program Begingeth
      fun: 0.3005905336934984
 hess_inv: array([[ 1.28595955e+01,  2.75696097e+00,  1.46132613e+00,
         3.21548670e+00,  1.87811907e+00, -7.32140391e-02,
         4.87120946e+00,  1.72069999e-01, -3.72424239e+00,
        -1.08582818e+00, -1.33322705e-02, -4.97728433e-01,
        -2.32965388e+00, -3.07913811e-01, -8.61025746e-02,
        -1.07981048e-01, -1.42621513e+00,  3.22250779e-01],
       [ 2.75696097e+00,  3.97764911e+00,  8.43408254e-01,
         4.34347476e-01,  1.52570448e+00,  3.34878703e-01,
         7.18817323e-01,  2.19651033e+00,  5.94375407e-01,
        -3.77200766e-01, -8.96322897e-02, -1.13700935e+00,
        -5.63431251e-01, -4.33631826e-01,  3.07984543e-01,
         1.68050269e-01, -2.30264867e-01,  1.59363832e-01],
       [ 1.46132613e+00,  8.43408254e-01,  6.63921814e+00,
         1.12925342e+00, -6.36010418e-04,  2.11145467e+00,
         7.92838971e+00, -2.55832378e+00,  1.84735344e+00,
         6.12808890e-02,  1.58901897e+00, -7.14415576e-01,
        -1.09629505e-03, -5.34132034e-01, -4.33103615e-01,
         5.02508724e-02, -5.33212828e-03,  2.77652542e-01],
       [ 3.21548670e+00,  4.34347476e-01,  1.12925342e+00,
         1.00064158e+00,  3.46520900e-01,  2.31528019e-01,
         2.64237805e+00, -3.70342913e-01, -8.70829763e-01,
        -2.42453553e-01,  1.61063774e-01, -6.85250297e-02,
        -4.85397907e-01, -6.22159595e-02, -9.51519139e-02,
        -1.83326326e-02, -3.00192565e-01,  9.78749388e-02],
       [ 1.87811907e+00,  1.52570448e+00, -6.36010417e-04,
         3.46520900e-01,  7.27232283e-01, -1.30693490e-03,
         2.22130212e-01,  1.31422014e+00, -2.14836286e-01,
        -2.83736061e-01, -1.42686182e-01, -3.10874012e-01,
        -3.70925356e-01, -1.05694122e-01,  1.28658179e-01,
         2.74505811e-02, -1.87445088e-01,  6.34510206e-02],
       [-7.32140391e-02,  3.34878703e-01,  2.11145467e+00,
         2.31528019e-01, -1.30693490e-03,  7.70240243e-01,
         2.49312078e+00, -5.01119883e-01,  1.05828633e+00,
        -5.09512711e-02,  4.13768733e-01, -2.34938957e-01,
         1.32696946e-01, -1.57164985e-01, -7.91319690e-02,
         4.13788738e-02,  5.81150346e-02,  7.69950399e-02],
       [ 4.87120946e+00,  7.18817323e-01,  7.92838971e+00,
         2.64237805e+00,  2.22130212e-01,  2.49312078e+00,
         1.45064288e+01, -2.95925057e+00,  4.01982604e-01,
        -6.21765604e-02,  1.29475549e+00, -4.46844830e-01,
        -3.55293510e-01, -2.96416061e-01, -4.50525879e-01,
         2.48796501e-02, -1.79815670e-01,  4.13840051e-01],
       [ 1.72069999e-01,  2.19651033e+00, -2.55832378e+00,
        -3.70342913e-01,  1.31422014e+00, -5.01119883e-01,
        -2.95925057e+00,  6.72733679e+00,  9.29192574e-02,
        -8.73635391e-01, -7.88601840e-01, -1.33592488e-01,
         3.66571766e-02,  7.41335513e-02,  5.35957542e-01,
         1.12051036e-01, -4.57997564e-02, -7.92511921e-02],
       [-3.72424239e+00,  5.94375407e-01,  1.84735344e+00,
        -8.70829763e-01, -2.14836286e-01,  1.05828633e+00,
         4.01982604e-01,  9.29192574e-02,  4.42860095e+00,
        -4.36777163e-03,  3.86539899e-01, -3.88569724e-01,
         7.49128536e-01, -2.98079272e-01,  4.03370607e-02,
         1.30587067e-01,  3.58890429e-01, -3.72517001e-02],
       [-1.08582818e+00, -3.77200766e-01,  6.12808890e-02,
        -2.42453553e-01, -2.83736061e-01, -5.09512711e-02,
        -6.21765604e-02, -8.73635391e-01, -4.36777163e-03,
         9.17083448e-01, -5.56175383e-02,  8.14379213e-02,
        -3.32811756e-05,  6.58151414e-02,  1.57008269e-02,
        -1.53289835e-02,  1.65021841e-01,  1.51561869e-01],
       [-1.33322705e-02, -8.96322897e-02,  1.58901897e+00,
         1.61063774e-01, -1.42686182e-01,  4.13768733e-01,
         1.29475549e+00, -7.88601840e-01,  3.86539899e-01,
        -5.56175383e-02,  9.67415811e-01, -1.99880232e-01,
         9.34824961e-02, -2.54743581e-01, -2.69846861e-01,
         6.03104668e-03,  1.33471001e-02, -5.70717355e-02],
       [-4.97728433e-01, -1.13700935e+00, -7.14415576e-01,
        -6.85250297e-02, -3.10874012e-01, -2.34938957e-01,
        -4.46844830e-01, -1.33592488e-01, -3.88569724e-01,
         8.14379213e-02, -1.99880232e-01,  7.07576010e-01,
         7.47040582e-02,  2.69110161e-01, -7.88598937e-02,
        -1.05807193e-01,  7.63763923e-02, -2.07688002e-02],
       [-2.32965388e+00, -5.63431251e-01, -1.09629505e-03,
        -4.85397907e-01, -3.70925356e-01,  1.32696946e-01,
        -3.55293510e-01,  3.66571766e-02,  7.49128536e-01,
        -3.32811757e-05,  9.34824961e-02,  7.47040582e-02,
         5.61111045e-01,  4.85113468e-02, -1.04919550e-02,
         6.80480401e-02,  2.88495822e-01, -1.03744191e-01],
       [-3.07913811e-01, -4.33631826e-01, -5.34132034e-01,
        -6.22159595e-02, -1.05694122e-01, -1.57164985e-01,
        -2.96416061e-01,  7.41335513e-02, -2.98079272e-01,
         6.58151414e-02, -2.54743581e-01,  2.69110161e-01,
         4.85113468e-02,  1.75068423e-01,  2.73684054e-02,
        -3.28311007e-02,  6.78611334e-02,  1.52781932e-03],
       [-8.61025746e-02,  3.07984543e-01, -4.33103615e-01,
        -9.51519139e-02,  1.28658179e-01, -7.91319690e-02,
        -4.50525879e-01,  5.35957542e-01,  4.03370607e-02,
         1.57008269e-02, -2.69846861e-01, -7.88598937e-02,
        -1.04919550e-02,  2.73684054e-02,  1.41290831e-01,
         2.87493933e-02,  5.07417911e-03,  3.49631586e-02],
       [-1.07981048e-01,  1.68050269e-01,  5.02508724e-02,
        -1.83326326e-02,  2.74505811e-02,  4.13788738e-02,
         2.48796501e-02,  1.12051036e-01,  1.30587067e-01,
        -1.53289835e-02,  6.03104668e-03, -1.05807193e-01,
         6.80480401e-02, -3.28311007e-02,  2.87493933e-02,
         5.78648361e-02,  2.47045548e-02, -7.12279012e-03],
       [-1.42621513e+00, -2.30264867e-01, -5.33212828e-03,
        -3.00192565e-01, -1.87445088e-01,  5.81150346e-02,
        -1.79815670e-01, -4.57997564e-02,  3.58890429e-01,
         1.65021841e-01,  1.33471001e-02,  7.63763923e-02,
         2.88495822e-01,  6.78611334e-02,  5.07417911e-03,
         2.47045548e-02,  2.23605892e-01, -1.88097431e-02],
       [ 3.22250779e-01,  1.59363832e-01,  2.77652542e-01,
         9.78749388e-02,  6.34510206e-02,  7.69950399e-02,
         4.13840051e-01, -7.92511921e-02, -3.72517001e-02,
         1.51561869e-01, -5.70717355e-02, -2.07688002e-02,
        -1.03744191e-01,  1.52781932e-03,  3.49631586e-02,
        -7.12279012e-03, -1.88097431e-02,  9.41857375e-02]])
      jac: array([ 2.46913601e-06, -1.49362004e-06, -2.55277281e-06, -9.46354106e-06,
        4.63074024e-06,  6.37045972e-06,  6.60952774e-07, -3.78586051e-07,
       -2.33886984e-07,  1.42515629e-06,  7.07582141e-07, -8.28966525e-07,
        3.05052280e-06,  7.77896266e-07, -7.13392308e-06,  2.22784754e-06,
       -8.34147566e-07,  2.79887225e-06])
  message: 'Optimization terminated successfully.'
     nfev: 2033
      nit: 92
     njev: 107
   status: 0
  success: True
        x: array([-0.53976525, -0.91489046, -0.02965005, -1.14989761, -0.94426915,
       -0.11869407, -1.74117055, -1.19942685, -1.06566402,  0.11750569,
        0.4475783 ,  1.16638297,  0.06036326,  0.14122003, -0.28178975,
        1.30157575, -0.5004942 ,  0.01155258])
