Program Begingeth
      fun: 0.26320584932216234
 hess_inv: array([[ 2.84917940e+00, -9.30316800e-01, -8.32084205e-02,
         1.09421790e+00, -4.09387276e-01,  4.46887965e-01,
         1.45287297e+00,  1.40474707e+00,  1.56990415e+00,
        -3.31337277e-02, -8.17051617e-01,  9.51189909e-02,
        -3.41335309e-01,  2.26377567e-01,  3.31299841e-01,
        -2.09899224e-01,  2.28583398e-01, -3.24971394e-02],
       [-9.30316800e-01,  2.88143262e+00,  6.52671648e-01,
        -2.25241916e-01,  1.22457218e+00,  4.08173220e-02,
        -1.05769372e+00,  1.02177342e+00,  1.69792550e+00,
        -4.14266889e-01,  5.82777314e-01, -8.30301336e-01,
         3.83105514e-01, -3.17359019e-01, -1.27286148e-01,
         7.41692204e-02, -1.86441280e-01,  4.66974087e-02],
       [-8.32084205e-02,  6.52671648e-01,  4.74547673e+00,
        -7.04800747e-01,  1.35478959e-01,  2.19648664e+00,
        -7.80975732e+00, -4.04200550e+00,  6.99311019e+00,
         5.72453644e-01,  1.42525026e+00, -3.21382862e-01,
        -1.24399188e-01, -1.41738259e-01, -5.26586405e-01,
         2.02785760e-01,  4.33111347e-02, -4.60459957e-01],
       [ 1.09421790e+00, -2.25241916e-01, -7.04800747e-01,
         5.69891006e-01, -9.03405363e-02, -1.63285511e-01,
         2.02594620e+00,  1.22276086e+00, -2.46772761e-01,
        -1.58609933e-01, -4.65577625e-01, -6.42839910e-03,
        -6.62818668e-02,  5.93497903e-02,  2.04388679e-01,
        -1.03423346e-01,  5.24220751e-02,  7.47239217e-02],
       [-4.09387276e-01,  1.22457218e+00,  1.35478959e-01,
        -9.03405363e-02,  5.77258143e-01, -2.97913208e-02,
        -4.84470734e-01,  9.98249352e-01,  3.95662965e-01,
        -1.45259047e-01,  1.48289202e-01, -3.02868042e-01,
         1.77213981e-01, -9.57819229e-02, -1.43902969e-02,
         4.13844925e-02, -7.97602447e-02,  4.24930696e-02],
       [ 4.46887965e-01,  4.08173220e-02,  2.19648664e+00,
        -1.63285511e-01, -2.97913208e-02,  1.15114368e+00,
        -3.68301285e+00, -1.47280309e+00,  3.65503922e+00,
         3.58541239e-01,  4.15775648e-01, -7.77972165e-02,
        -1.45382255e-01, -2.18477661e-03, -1.61967286e-01,
         4.88829466e-02,  4.80787445e-02, -2.23448850e-01],
       [ 1.45287297e+00, -1.05769372e+00, -7.80975732e+00,
         2.02594620e+00, -4.84470734e-01, -3.68301285e+00,
         1.89264910e+01,  5.72646824e+00, -1.07257621e+01,
        -1.33065506e+00, -1.92877682e+00,  6.76584815e-02,
         7.99344027e-02,  3.13801808e-02,  8.80057578e-01,
        -4.80658503e-01,  6.65162388e-02,  8.03834848e-01],
       [ 1.40474707e+00,  1.02177342e+00, -4.04200550e+00,
         1.22276086e+00,  9.98249352e-01, -1.47280309e+00,
         5.72646824e+00,  1.06391792e+01, -4.73511907e+00,
        -3.67517562e-01, -2.00609540e+00, -1.78702296e-01,
         1.21267938e-01,  2.35728692e-01,  9.71930844e-01,
        -2.99192243e-01, -6.74641115e-02,  5.39198633e-01],
       [ 1.56990415e+00,  1.69792550e+00,  6.99311019e+00,
        -2.46772761e-01,  3.95662965e-01,  3.65503922e+00,
        -1.07257621e+01, -4.73511907e+00,  1.51178903e+01,
         8.08719375e-01,  1.75798006e+00, -7.88462570e-01,
        -2.92882819e-01, -4.46293152e-01, -6.66529715e-01,
         8.40839735e-02, -8.98249357e-02, -7.48214311e-01],
       [-3.31337277e-02, -4.14266889e-01,  5.72453644e-01,
        -1.58609933e-01, -1.45259047e-01,  3.58541239e-01,
        -1.33065506e+00, -3.67517562e-01,  8.08719375e-01,
         9.07112800e-01,  1.30101151e-01,  9.29171485e-02,
        -2.47147002e-01,  1.45097948e-02, -1.53544229e-01,
         9.01264935e-03, -1.38963328e-02, -2.73537146e-01],
       [-8.17051617e-01,  5.82777314e-01,  1.42525026e+00,
        -4.65577625e-01,  1.48289202e-01,  4.15775648e-01,
        -1.92877682e+00, -2.00609540e+00,  1.75798006e+00,
         1.30101151e-01,  1.22533764e+00, -2.64264077e-01,
         6.67927704e-02, -2.62210976e-01, -3.93341915e-01,
         1.25637850e-01, -4.74316089e-02, -2.13112427e-01],
       [ 9.51189909e-02, -8.30301336e-01, -3.21382862e-01,
        -6.42839910e-03, -3.02868042e-01, -7.77972165e-02,
         6.76584815e-02, -1.78702296e-01, -7.88462570e-01,
         9.29171485e-02, -2.64264077e-01,  5.39068075e-01,
        -3.86302162e-02,  1.67595573e-01,  1.12740467e-02,
         4.71663598e-02,  7.33425114e-02,  2.81194996e-02],
       [-3.41335309e-01,  3.83105514e-01, -1.24399188e-01,
        -6.62818668e-02,  1.77213981e-01, -1.45382255e-01,
         7.99344027e-02,  1.21267938e-01, -2.92882819e-01,
        -2.47147002e-01,  6.67927704e-02, -3.86302162e-02,
         1.73973114e-01, -4.63093980e-02, -5.45793464e-04,
         6.80167745e-02, -5.55262345e-02,  8.86137507e-02],
       [ 2.26377567e-01, -3.17359019e-01, -1.41738259e-01,
         5.93497903e-02, -9.57819229e-02, -2.18477661e-03,
         3.13801808e-02,  2.35728692e-01, -4.46293152e-01,
         1.45097948e-02, -2.62210976e-01,  1.67595573e-01,
        -4.63093980e-02,  1.36152874e-01,  7.02814258e-02,
        -7.97905664e-03,  7.92465710e-02,  2.82199184e-02],
       [ 3.31299841e-01, -1.27286148e-01, -5.26586405e-01,
         2.04388679e-01, -1.43902969e-02, -1.61967286e-01,
         8.80057578e-01,  9.71930844e-01, -6.66529715e-01,
        -1.53544229e-01, -3.93341915e-01,  1.12740467e-02,
        -5.45793464e-04,  7.02814258e-02,  1.90204195e-01,
        -5.69477857e-02,  1.48593808e-02,  1.23759795e-01],
       [-2.09899224e-01,  7.41692204e-02,  2.02785760e-01,
        -1.03423346e-01,  4.13844925e-02,  4.88829466e-02,
        -4.80658503e-01, -2.99192243e-01,  8.40839735e-02,
         9.01264935e-03,  1.25637850e-01,  4.71663598e-02,
         6.80167745e-02, -7.97905664e-03, -5.69477857e-02,
         7.69851046e-02, -1.50271931e-02, -7.27466753e-03],
       [ 2.28583398e-01, -1.86441280e-01,  4.33111347e-02,
         5.24220751e-02, -7.97602447e-02,  4.80787445e-02,
         6.65162388e-02, -6.74641115e-02, -8.98249357e-02,
        -1.38963328e-02, -4.74316089e-02,  7.33425114e-02,
        -5.55262345e-02,  7.92465710e-02,  1.48593808e-02,
        -1.50271931e-02,  9.32596632e-02, -7.11885539e-03],
       [-3.24971394e-02,  4.66974087e-02, -4.60459957e-01,
         7.47239217e-02,  4.24930696e-02, -2.23448850e-01,
         8.03834848e-01,  5.39198633e-01, -7.48214311e-01,
        -2.73537146e-01, -2.13112427e-01,  2.81194996e-02,
         8.86137507e-02,  2.82199184e-02,  1.23759795e-01,
        -7.27466753e-03, -7.11885539e-03,  1.54223119e-01]])
      jac: array([-8.53391432e-07,  7.07582141e-07,  1.26158343e-06,  8.97800353e-07,
       -2.71227485e-06, -1.93104791e-06,  9.43689571e-08,  1.85037171e-07,
        2.87917838e-07, -6.46519875e-07,  1.54691075e-07,  6.12102961e-07,
       -7.51620988e-07,  3.72072743e-06,  2.41880590e-06,  1.06618418e-06,
       -3.45020309e-06, -2.87251704e-06])
  message: 'Optimization terminated successfully.'
     nfev: 1368
      nit: 67
     njev: 72
   status: 0
  success: True
        x: array([ 0.97760136, -1.20738052,  0.54990451,  1.23697708, -1.21448695,
        0.14767375,  0.98231626, -1.69792218, -0.73705624,  0.09574695,
        0.59880987,  1.15195997,  0.0069178 ,  0.24829937, -0.29589566,
       -1.14504892, -0.06717489, -0.01412372])
