Program Begingeth
      fun: 0.33025287324733105
 hess_inv: array([[ 7.92146911e+00,  1.81103124e+00,  6.30697583e+00,
         1.54389287e+00,  3.87278533e-01,  4.31161095e+00,
        -1.30422805e+01, -2.93846441e+00,  1.73434654e+01,
         6.92585760e-02,  1.77069341e-01, -2.09936800e-01,
        -1.08610142e+00,  1.46567476e-01,  9.02831799e-02,
        -2.58430104e-01,  5.08588499e-01, -6.13267267e-01],
       [ 1.81103124e+00,  8.82841515e+00,  9.89549605e+00,
        -9.34243553e-01,  3.28531464e+00,  4.88277766e+00,
        -2.52154118e+01, -5.61032326e+00,  2.31746865e+01,
        -2.13280581e-01,  2.15047587e+00, -2.49208625e+00,
         2.13065139e-01, -6.83805335e-01, -7.45506579e-01,
         1.84692350e-01, -2.53063499e-01, -6.42257949e-01],
       [ 6.30697583e+00,  9.89549605e+00,  1.86385150e+01,
        -1.11149075e+00,  3.25134124e+00,  9.51918725e+00,
        -4.22448660e+01, -1.50792726e+01,  3.89931929e+01,
         2.48428028e-01,  4.27908852e+00, -2.54163956e+00,
        -7.25824793e-01, -7.35142005e-01, -1.39682819e+00,
         2.60709825e-01,  1.07668674e-01, -1.42407744e+00],
       [ 1.54389287e+00, -9.34243553e-01, -1.11149075e+00,
         7.66262674e-01, -3.82991733e-01, -2.18765024e-01,
         3.43989690e+00,  1.70574300e+00, -7.72023364e-01,
        -7.88317969e-02, -6.74597708e-01,  2.46963785e-01,
        -1.96439922e-01,  1.36405902e-01,  2.88960012e-01,
        -1.30819015e-01,  1.35860200e-01,  6.57475266e-02],
       [ 3.87278533e-01,  3.28531464e+00,  3.25134124e+00,
        -3.82991733e-01,  1.34453988e+00,  1.60815322e+00,
        -9.27237291e+00, -9.30710588e-01,  7.71548852e+00,
        -5.21011080e-03,  6.37926092e-01, -8.64863587e-01,
         1.63210287e-01, -2.02832490e-01, -2.24309530e-01,
         1.01938805e-01, -1.31067055e-01, -1.93101128e-01],
       [ 4.31161095e+00,  4.88277766e+00,  9.51918725e+00,
        -2.18765024e-01,  1.60815322e+00,  5.14864424e+00,
        -2.18780300e+01, -6.88043870e+00,  2.12449298e+01,
         2.54874726e-01,  1.82623582e+00, -1.17319772e+00,
        -5.44186875e-01, -2.95185306e-01, -5.60814039e-01,
         5.07638323e-02,  1.09597852e-01, -7.45326084e-01],
       [-1.30422805e+01, -2.52154118e+01, -4.22448660e+01,
         3.43989690e+00, -9.27237291e+00, -2.18780300e+01,
         1.10288877e+02,  2.89203268e+01, -9.10616137e+01,
        -1.24699942e+00, -8.89088071e+00,  5.67718017e+00,
         1.00129108e+00,  1.53599165e+00,  3.09997254e+00,
        -8.64811810e-01,  3.63060721e-01,  3.28928339e+00],
       [-2.93846441e+00, -5.61032326e+00, -1.50792726e+01,
         1.70574300e+00, -9.30710588e-01, -6.88043870e+00,
         2.89203268e+01,  2.30970096e+01, -2.70425418e+01,
         2.96197121e-01, -4.76460832e+00,  1.38556216e+00,
         6.30040188e-01,  7.76034500e-01,  1.87854625e+00,
        -3.58160490e-01, -1.73410336e-01,  1.27911085e+00],
       [ 1.73434654e+01,  2.31746865e+01,  3.89931929e+01,
        -7.72023364e-01,  7.71548852e+00,  2.12449298e+01,
        -9.10616137e+01, -2.70425418e+01,  9.40836383e+01,
         6.25081618e-01,  7.63910131e+00, -5.79360916e+00,
        -1.84179505e+00, -1.78100112e+00, -2.37820521e+00,
         1.16924015e-01,  9.06531525e-02, -3.01444016e+00],
       [ 6.92585760e-02, -2.13280581e-01,  2.48428028e-01,
        -7.88317969e-02, -5.21011080e-03,  2.54874726e-01,
        -1.24699942e+00,  2.96197121e-01,  6.25081618e-01,
         9.69847800e-01,  1.17633900e-01,  8.82906291e-02,
        -2.35420818e-01, -1.02080330e-02, -5.97110263e-02,
        -1.08476050e-04, -6.68292274e-02, -2.08739429e-01],
       [ 1.77069341e-01,  2.15047587e+00,  4.27908852e+00,
        -6.74597708e-01,  6.37926092e-01,  1.82623582e+00,
        -8.89088071e+00, -4.76460832e+00,  7.63910131e+00,
         1.17633900e-01,  1.99830781e+00, -7.03921242e-01,
        -5.74562585e-02, -4.13042585e-01, -6.34326964e-01,
         1.53510342e-01, -4.99772724e-02, -4.34800309e-01],
       [-2.09936800e-01, -2.49208625e+00, -2.54163956e+00,
         2.46963785e-01, -8.64863587e-01, -1.17319772e+00,
         5.67718017e+00,  1.38556216e+00, -5.79360916e+00,
         8.82906291e-02, -7.03921242e-01,  1.15881429e+00,
        -5.86860379e-02,  3.20880531e-01,  1.50534628e-01,
         2.12526239e-02,  1.19063998e-01,  1.67970592e-01],
       [-1.08610142e+00,  2.13065139e-01, -7.25824793e-01,
        -1.96439922e-01,  1.63210287e-01, -5.44186875e-01,
         1.00129108e+00,  6.30040188e-01, -1.84179505e+00,
        -2.35420818e-01, -5.74562585e-02, -5.86860379e-02,
         3.14439995e-01, -3.63203160e-02, -2.22219857e-03,
         1.03693867e-01, -1.13046584e-01,  1.37166843e-01],
       [ 1.46567476e-01, -6.83805335e-01, -7.35142005e-01,
         1.36405902e-01, -2.02832490e-01, -2.95185306e-01,
         1.53599165e+00,  7.76034500e-01, -1.78100112e+00,
        -1.02080330e-02, -4.13042585e-01,  3.20880531e-01,
        -3.63203160e-02,  1.85774776e-01,  1.15424179e-01,
        -1.14513816e-02,  8.94025860e-02,  7.53019618e-02],
       [ 9.02831799e-02, -7.45506579e-01, -1.39682819e+00,
         2.88960012e-01, -2.24309530e-01, -5.60814039e-01,
         3.09997254e+00,  1.87854625e+00, -2.37820521e+00,
        -5.97110263e-02, -6.34326964e-01,  1.50534628e-01,
        -2.22219857e-03,  1.15424179e-01,  2.72116379e-01,
        -7.63160182e-02,  2.10105413e-02,  1.68831950e-01],
       [-2.58430104e-01,  1.84692350e-01,  2.60709825e-01,
        -1.30819015e-01,  1.01938805e-01,  5.07638323e-02,
        -8.64811810e-01, -3.58160490e-01,  1.16924015e-01,
        -1.08476050e-04,  1.53510342e-01,  2.12526239e-02,
         1.03693867e-01, -1.14513816e-02, -7.63160182e-02,
         9.91255298e-02, -3.55806226e-02, -9.52357118e-03],
       [ 5.08588499e-01, -2.53063499e-01,  1.07668674e-01,
         1.35860200e-01, -1.31067055e-01,  1.09597852e-01,
         3.63060721e-01, -1.73410336e-01,  9.06531525e-02,
        -6.68292274e-02, -4.99772724e-02,  1.19063998e-01,
        -1.13046584e-01,  8.94025860e-02,  2.10105413e-02,
        -3.55806226e-02,  1.30245369e-01, -1.38926519e-02],
       [-6.13267267e-01, -6.42257949e-01, -1.42407744e+00,
         6.57475266e-02, -1.93101128e-01, -7.45326084e-01,
         3.28928339e+00,  1.27911085e+00, -3.01444016e+00,
        -2.08739429e-01, -4.34800309e-01,  1.67970592e-01,
         1.37166843e-01,  7.53019618e-02,  1.68831950e-01,
        -9.52357118e-03, -1.38926519e-02,  2.11806196e-01]])
      jac: array([-5.57961085e-06,  2.60273284e-06,  4.16185605e-06,  1.41090843e-05,
       -5.71986902e-06, -9.29256672e-06, -1.09801057e-06,  6.84637532e-07,
        3.78586051e-07, -2.36699549e-06, -7.05731769e-07,  5.09222294e-07,
       -1.35591538e-05,  3.67816888e-06,  6.46556882e-06,  1.22502009e-05,
       -1.10356169e-06, -7.00328684e-06])
  message: 'Desired error not necessarily achieved due to precision loss.'
     nfev: 1779
      nit: 70
     njev: 93
   status: 2
  success: False
        x: array([ 9.68413373e-01, -1.04333999e+00,  5.24594332e-01,  1.29897806e+00,
       -1.06095861e+00,  1.35262650e-01,  9.94502189e-01, -1.69953666e+00,
       -4.96682282e-01,  9.08075114e-04,  5.31572591e-01,  1.14097080e+00,
       -1.38915854e-02,  1.08473944e-01, -3.07228889e-01, -1.22864598e+00,
       -5.03201518e-01, -8.51016902e-03])
