Program Begingeth
      fun: 0.3195399899218943
 hess_inv: array([[ 1.09067155e+01,  2.91225557e+00,  4.86438131e-01,
         2.90478793e+00,  1.82127827e+00, -3.05779855e-01,
         4.05023033e+00,  4.96320737e-01, -3.54876290e+00,
        -7.42939015e-01, -1.70360692e-01, -3.98460174e-01,
        -1.95502663e+00, -1.71529717e-01,  2.97350291e-02,
        -2.62856447e-01, -1.09058498e+00,  2.83258537e-01],
       [ 2.91225557e+00,  3.89706596e+00,  4.19513453e-01,
         5.37983659e-01,  1.61439867e+00,  1.87745423e-01,
         5.70648370e-01,  2.50476352e+00,  4.39802540e-01,
        -4.74810413e-01, -9.01876628e-02, -1.13221447e+00,
        -5.46073345e-01, -3.69749585e-01,  2.98791413e-01,
         9.69016738e-02, -2.83280774e-01,  9.12603619e-02],
       [ 4.86438131e-01,  4.19513453e-01,  5.39959698e+00,
         7.36473598e-01, -1.74602508e-01,  1.86162343e+00,
         6.22242376e+00, -2.66796819e+00,  2.14560373e+00,
        -6.60304610e-02,  1.47553286e+00, -5.88789100e-01,
         1.79620147e-01, -4.48540747e-01, -3.50282203e-01,
         7.89530109e-02,  6.52178424e-02,  8.70286402e-02],
       [ 2.90478793e+00,  5.37983659e-01,  7.36473598e-01,
         9.36421627e-01,  3.64897357e-01,  1.35480235e-01,
         2.29087693e+00, -2.96376907e-01, -8.63620224e-01,
        -1.83566737e-01,  7.56440828e-02, -4.76260584e-02,
        -4.36309394e-01, -3.01178313e-02, -3.97989486e-02,
        -5.66566502e-02, -2.41428103e-01,  8.53204302e-02],
       [ 1.82127827e+00,  1.61439867e+00, -1.74602508e-01,
         3.64897357e-01,  7.91027128e-01, -6.04644891e-02,
         1.45315311e-01,  1.54329165e+00, -2.56847778e-01,
        -2.97939170e-01, -1.50091441e-01, -3.51153928e-01,
        -3.44133158e-01, -8.91794115e-02,  1.44618393e-01,
        -4.10680883e-03, -1.83091516e-01,  4.99307253e-02],
       [-3.05779855e-01,  1.87745423e-01,  1.86162343e+00,
         1.35480235e-01, -6.04644891e-02,  7.38516020e-01,
         2.13125674e+00, -5.85647981e-01,  1.20803402e+00,
        -1.18820010e-01,  3.95698494e-01, -2.22355055e-01,
         1.87686070e-01, -1.40552881e-01, -5.84716227e-02,
         6.19101184e-02,  6.52562363e-02,  2.19889447e-02],
       [ 4.05023033e+00,  5.70648370e-01,  6.22242376e+00,
         2.29087693e+00,  1.45315311e-01,  2.13125674e+00,
         1.26349363e+01, -2.94202061e+00,  6.34891582e-01,
        -1.76603543e-01,  9.90651511e-01, -3.18939745e-01,
        -2.26694681e-01, -1.98790189e-01, -2.51875222e-01,
        -1.26869639e-03, -1.16697529e-01,  2.57032538e-01],
       [ 4.96320737e-01,  2.50476352e+00, -2.66796819e+00,
        -2.96376907e-01,  1.54329165e+00, -5.85647981e-01,
        -2.94202061e+00,  7.62354651e+00, -8.59876000e-02,
        -1.02548254e+00, -8.55673551e-01, -3.34995688e-01,
        -2.77425376e-02,  7.29947991e-02,  5.95439641e-01,
         7.28113324e-02, -1.23985462e-01, -2.35087492e-02],
       [-3.54876290e+00,  4.39802540e-01,  2.14560373e+00,
        -8.63620224e-01, -2.56847778e-01,  1.20803402e+00,
         6.34891582e-01, -8.59876000e-02,  4.98696479e+00,
        -1.94681228e-01,  4.90132042e-01, -4.29203697e-01,
         7.71204113e-01, -3.43835139e-01, -2.11996056e-02,
         2.20065990e-01,  2.84367555e-01, -1.17801769e-01],
       [-7.42939015e-01, -4.74810413e-01, -6.60304610e-02,
        -1.83566737e-01, -2.97939170e-01, -1.18820010e-01,
        -1.76603543e-01, -1.02548254e+00, -1.94681228e-01,
         1.04563540e+00, -1.01489613e-01,  1.59761355e-01,
        -9.97701408e-02,  8.38378661e-02,  5.12590887e-04,
        -1.26578955e-02,  1.24828641e-01,  1.62627891e-01],
       [-1.70360692e-01, -9.01876628e-02,  1.47553286e+00,
         7.56440828e-02, -1.50091441e-01,  3.95698494e-01,
         9.90651511e-01, -8.55673551e-01,  4.90132042e-01,
        -1.01489613e-01,  1.12822774e+00, -1.72244212e-01,
         9.79347260e-02, -2.81724686e-01, -3.01291855e-01,
        -4.82246786e-03,  2.99658594e-02, -1.21721759e-01],
       [-3.98460174e-01, -1.13221447e+00, -5.88789100e-01,
        -4.76260584e-02, -3.51153928e-01, -2.22355055e-01,
        -3.18939745e-01, -3.34995688e-01, -4.29203697e-01,
         1.59761355e-01, -1.72244212e-01,  7.37435594e-01,
         3.63857349e-02,  2.35494181e-01, -1.03701357e-01,
        -9.72472879e-02,  7.75216264e-02,  5.38393867e-03],
       [-1.95502663e+00, -5.46073345e-01,  1.79620147e-01,
        -4.36309394e-01, -3.44133158e-01,  1.87686070e-01,
        -2.26694681e-01, -2.77425376e-02,  7.71204113e-01,
        -9.97701408e-02,  9.79347260e-02,  3.63857349e-02,
         4.86858861e-01,  2.04651919e-02, -1.47192434e-02,
         9.76834589e-02,  2.19004425e-01, -9.18268569e-02],
       [-1.71529717e-01, -3.69749585e-01, -4.48540747e-01,
        -3.01178313e-02, -8.91794115e-02, -1.40552881e-01,
        -1.98790189e-01,  7.29947991e-02, -3.43835139e-01,
         8.38378661e-02, -2.81724686e-01,  2.35494181e-01,
         2.04651919e-02,  1.60598370e-01,  4.01786892e-02,
        -2.31241207e-02,  5.26733754e-02,  3.04841282e-02],
       [ 2.97350291e-02,  2.98791413e-01, -3.50282203e-01,
        -3.97989486e-02,  1.44618393e-01, -5.84716227e-02,
        -2.51875222e-01,  5.95439641e-01, -2.11996056e-02,
         5.12590887e-04, -3.01291855e-01, -1.03701357e-01,
        -1.47192434e-02,  4.01786892e-02,  1.51676735e-01,
         2.88565253e-02, -9.17382310e-03,  5.45998826e-02],
       [-2.62856447e-01,  9.69016738e-02,  7.89530109e-02,
        -5.66566502e-02, -4.10680883e-03,  6.19101184e-02,
        -1.26869639e-03,  7.28113324e-02,  2.20065990e-01,
        -1.26578955e-02, -4.82246786e-03, -9.72472879e-02,
         9.76834589e-02, -2.31241207e-02,  2.88565253e-02,
         6.26732823e-02,  3.41361094e-02, -7.90363298e-03],
       [-1.09058498e+00, -2.83280774e-01,  6.52178424e-02,
        -2.41428103e-01, -1.83091516e-01,  6.52562363e-02,
        -1.16697529e-01, -1.23985462e-01,  2.84367555e-01,
         1.24828641e-01,  2.99658594e-02,  7.75216264e-02,
         2.19004425e-01,  5.26733754e-02, -9.17382310e-03,
         3.41361094e-02,  1.63800050e-01, -1.45279455e-02],
       [ 2.83258537e-01,  9.12603619e-02,  8.70286402e-02,
         8.53204302e-02,  4.99307253e-02,  2.19889447e-02,
         2.57032538e-01, -2.35087492e-02, -1.17801769e-01,
         1.62627891e-01, -1.21721759e-01,  5.38393867e-03,
        -9.18268569e-02,  3.04841282e-02,  5.45998826e-02,
        -7.90363298e-03, -1.45279455e-02,  8.84219003e-02]])
      jac: array([-5.69174337e-07, -4.22624898e-07, -6.64283443e-07,  4.84427313e-07,
        1.43218770e-06,  1.37075536e-06,  1.03620816e-07, -1.00660221e-07,
       -6.88338275e-08, -5.50670620e-07,  3.09382150e-07, -3.00500365e-07,
       -2.02245628e-06, -3.36027502e-07, -1.33929904e-06,  2.20268248e-06,
        1.75785312e-07,  2.03355851e-06])
  message: 'Optimization terminated successfully.'
     nfev: 1957
      nit: 90
     njev: 103
   status: 0
  success: True
        x: array([-0.6845595 , -0.98679316, -0.00794839, -1.257003  , -0.98549387,
       -0.1017653 , -1.82605711, -1.21510589, -1.04582658,  0.13945399,
        0.41780984,  1.1454984 ,  0.08270787,  0.13460502, -0.26625332,
        1.39530377, -0.49388511,  0.01802961])
