Program Begingeth
      fun: 0.21235441187582385
 hess_inv: array([[ 2.98059968e+00, -8.05126645e-01, -4.79304447e-01,
         4.54613875e-01, -2.24567583e-01,  7.86681157e-01,
        -5.57567177e-01,  1.72971312e+00,  3.60365996e-01,
        -8.12792276e-01, -5.70740958e-01,  1.05260279e+00,
        -5.78441050e-01,  3.03396519e-01,  3.62735978e-01,
        -5.83035404e-03,  2.56696078e-01, -4.98020899e-01],
       [-8.05126645e-01,  2.19209156e+00,  1.07037303e+00,
        -5.26941906e-02,  5.51370301e-01, -1.02336178e-01,
        -1.70169046e+00,  4.34787899e-01,  2.94784448e+00,
         1.32093581e-01,  1.25024233e-01, -2.08008257e+00,
         3.12149559e-01, -4.60318895e-01, -2.59563349e-01,
        -7.83999148e-02, -5.64738554e-02,  3.54482042e-02],
       [-4.79304447e-01,  1.07037303e+00,  2.52952984e+00,
        -5.03396693e-01,  2.65376399e-01,  3.37543992e-01,
        -5.13316457e+00, -3.62617226e+00,  3.93756962e+00,
         4.27660641e-01,  1.77048376e+00, -2.16470806e+00,
         1.51349682e-01, -5.25601725e-01, -6.53904810e-01,
         2.74704107e-01, -2.79101545e-01, -2.13376519e-01],
       [ 4.54613875e-01, -5.26941906e-02, -5.03396693e-01,
         2.46734797e-01, -4.19997935e-02,  9.06039710e-03,
         1.49532896e+00,  1.26465263e+00, -3.26044000e-01,
        -2.67543090e-01, -4.86627677e-01,  3.00043408e-01,
        -3.87338046e-02,  7.25998027e-02,  1.95658230e-01,
        -6.96854596e-02,  9.82644559e-02,  3.23520742e-02],
       [-2.24567583e-01,  5.51370301e-01,  2.65376399e-01,
        -4.19997935e-02,  3.39642152e-01,  4.90375537e-02,
        -2.02319644e+00,  9.27209150e-01,  3.65872861e-01,
         2.71102583e-01, -5.92617863e-02, -4.03099140e-01,
         1.43460975e-01, -1.52254187e-02, -5.50009322e-03,
         2.09139565e-02, -1.01303102e-01, -1.14072014e-02],
       [ 7.86681157e-01, -1.02336178e-01,  3.37543992e-01,
         9.06039710e-03,  4.90375537e-02,  4.13405172e-01,
        -2.03069163e+00,  2.16662410e-01,  9.87616662e-01,
         7.01150005e-02,  7.00667592e-02, -1.61169602e-03,
        -1.76136200e-01,  3.16891961e-02,  5.33261450e-02,
         2.70929522e-02, -3.99779071e-02, -2.07975536e-01],
       [-5.57567177e-01, -1.70169046e+00, -5.13316457e+00,
         1.49532896e+00, -2.02319644e+00, -2.03069163e+00,
         3.31571477e+01,  3.14327296e+00, -8.02948819e+00,
        -3.02845081e+00, -3.18679733e+00,  3.04922223e+00,
        -4.53889432e-01,  5.23930894e-01,  1.05187012e+00,
        -8.18157755e-01,  1.85920236e+00,  1.49686642e+00],
       [ 1.72971312e+00,  4.34787899e-01, -3.62617226e+00,
         1.26465263e+00,  9.27209150e-01,  2.16662410e-01,
         3.14327296e+00,  1.63372578e+01, -4.97400879e+00,
        -3.03903440e-01, -4.04977262e+00,  1.94398399e+00,
        -1.60334510e-01,  9.07559134e-01,  1.82224886e+00,
        -7.64053818e-01,  5.35347814e-01,  2.82854756e-01],
       [ 3.60365996e-01,  2.94784448e+00,  3.93756962e+00,
        -3.26044000e-01,  3.65872861e-01,  9.87616662e-01,
        -8.02948819e+00, -4.97400879e+00,  1.36573028e+01,
         3.93918937e-01,  2.45233042e+00, -4.15974931e+00,
         8.17786033e-02, -1.48335976e+00, -1.05728330e+00,
         1.34177651e-01, -5.83808380e-01, -5.57108499e-01],
       [-8.12792276e-01,  1.32093581e-01,  4.27660641e-01,
        -2.67543090e-01,  2.71102583e-01,  7.01150005e-02,
        -3.02845081e+00, -3.03903440e-01,  3.93918937e-01,
         1.18193750e+00,  4.02759469e-01, -3.47107367e-01,
         6.37194156e-02, -9.57798834e-02, -1.35922731e-01,
         5.96167953e-02, -3.37350311e-01, -1.08083366e-01],
       [-5.70740958e-01,  1.25024233e-01,  1.77048376e+00,
        -4.86627677e-01, -5.92617863e-02,  7.00667592e-02,
        -3.18679733e+00, -4.04977262e+00,  2.45233042e+00,
         4.02759469e-01,  2.11506873e+00, -1.29008752e+00,
         9.86256364e-02, -4.97705346e-01, -7.04973869e-01,
         3.01390178e-01, -2.74316110e-01, -2.24874307e-01],
       [ 1.05260279e+00, -2.08008257e+00, -2.16470806e+00,
         3.00043408e-01, -4.03099140e-01, -1.61169602e-03,
         3.04922223e+00,  1.94398399e+00, -4.15974931e+00,
        -3.47107367e-01, -1.29008752e+00,  3.05558350e+00,
        -3.00647442e-01,  7.76411336e-01,  5.50678706e-01,
        -3.97693555e-02,  2.26604310e-01,  6.86774539e-02],
       [-5.78441050e-01,  3.12149559e-01,  1.51349682e-01,
        -3.87338046e-02,  1.43460975e-01, -1.76136200e-01,
        -4.53889432e-01, -1.60334510e-01,  8.17786033e-02,
         6.37194156e-02,  9.86256364e-02, -3.00647442e-01,
         2.62811202e-01, -7.52385967e-02, -7.79959769e-02,
         6.33846371e-02, -1.07891659e-01,  1.36841828e-01],
       [ 3.03396519e-01, -4.60318895e-01, -5.25601725e-01,
         7.25998027e-02, -1.52254187e-02,  3.16891961e-02,
         5.23930894e-01,  9.07559134e-01, -1.48335976e+00,
        -9.57798834e-02, -4.97705346e-01,  7.76411336e-01,
        -7.52385967e-02,  2.99741427e-01,  2.02255544e-01,
        -8.25266330e-03,  1.06155944e-01,  3.45346059e-02],
       [ 3.62735978e-01, -2.59563349e-01, -6.53904810e-01,
         1.95658230e-01, -5.50009322e-03,  5.33261450e-02,
         1.05187012e+00,  1.82224886e+00, -1.05728330e+00,
        -1.35922731e-01, -7.04973869e-01,  5.50678706e-01,
        -7.79959769e-02,  2.02255544e-01,  3.29018405e-01,
        -1.11672854e-01,  9.54823599e-02,  7.70282360e-02],
       [-5.83035404e-03, -7.83999148e-02,  2.74704107e-01,
        -6.96854596e-02,  2.09139565e-02,  2.70929522e-02,
        -8.18157755e-01, -7.64053818e-01,  1.34177651e-01,
         5.96167953e-02,  3.01390178e-01, -3.97693555e-02,
         6.33846371e-02, -8.25266330e-03, -1.11672854e-01,
         1.25597935e-01, -6.51062866e-02, -3.39476179e-02],
       [ 2.56696078e-01, -5.64738554e-02, -2.79101545e-01,
         9.82644559e-02, -1.01303102e-01, -3.99779071e-02,
         1.85920236e+00,  5.35347814e-01, -5.83808380e-01,
        -3.37350311e-01, -2.74316110e-01,  2.26604310e-01,
        -1.07891659e-01,  1.06155944e-01,  9.54823599e-02,
        -6.51062866e-02,  2.23552287e-01,  4.23210943e-02],
       [-4.98020899e-01,  3.54482042e-02, -2.13376519e-01,
         3.23520742e-02, -1.14072014e-02, -2.07975536e-01,
         1.49686642e+00,  2.82854756e-01, -5.57108499e-01,
        -1.08083366e-01, -2.24874307e-01,  6.86774539e-02,
         1.36841828e-01,  3.45346059e-02,  7.70282360e-02,
        -3.39476179e-02,  4.23210943e-02,  2.40695777e-01]])
      jac: array([-4.15223411e-07, -1.45457720e-06,  1.36094839e-06,  2.69580654e-06,
        1.83297821e-06, -7.94087018e-06, -4.08006962e-07, -2.11312449e-07,
        6.08957329e-07,  4.77395901e-08, -1.95954364e-07, -4.70919600e-07,
       -4.22717417e-06,  6.64098406e-07,  6.94703554e-06,  2.54981221e-06,
        1.36501921e-06, -2.97965356e-06])
  message: 'Optimization terminated successfully.'
     nfev: 1425
      nit: 65
     njev: 75
   status: 0
  success: True
        x: array([ 0.28106141, -0.31349408,  0.74920473,  0.87573611, -0.54882711,
        0.04785769,  0.41290237, -1.2463648 , -0.61239344,  0.02546628,
        0.77814441,  0.93294938,  0.09203819,  0.18941698, -0.4203554 ,
       -0.89279051, -0.44240553,  0.00856271])
