Program Begingeth
      fun: 0.2982883845726806
 hess_inv: array([[ 4.30993590e+00, -1.48725124e+00, -1.60358430e+00,
         1.79334513e+00, -6.19888438e-01, -1.73853679e+00,
        -3.35210496e-01, -1.26160134e+00, -1.03255925e+01,
        -4.64803784e-01,  9.53601694e-01,  2.05778274e-01,
        -7.25476745e-02, -1.96905451e-01, -5.00256676e-01,
        -2.40847488e-01, -1.09158213e-01, -1.22503681e-01],
       [-1.48725124e+00,  4.36921605e+00,  1.33192779e+00,
        -6.32660692e-01,  1.97221488e+00,  7.92991291e-01,
         1.55801139e+00,  1.96628669e+00,  7.64378611e+00,
         8.72983304e-01,  4.01383734e-01, -8.21341156e-01,
        -3.54097910e-01, -1.59876718e-01,  3.50950033e-03,
        -7.63116826e-02, -1.01259009e-01,  1.55456352e-01],
       [-1.60358430e+00,  1.33192779e+00,  2.05593951e+00,
        -4.57068682e-01,  4.90563438e-01,  1.37708245e+00,
         1.23519040e+00, -7.16991269e-01,  6.49265659e+00,
         1.95251990e-01,  7.44113703e-02, -2.72176180e-01,
         1.40098615e-01,  9.93545989e-02,  1.18435373e-01,
         6.65824621e-02,  1.85692553e-01, -1.41807863e-02],
       [ 1.79334513e+00, -6.32660692e-01, -4.57068682e-01,
         8.09563764e-01, -2.81258740e-01, -6.07493633e-01,
         1.57107660e-01, -8.27756411e-01, -3.97478443e+00,
        -2.27179121e-01,  4.49164389e-01,  1.10978858e-01,
         2.63139896e-02, -5.65945918e-02, -2.32198515e-01,
        -8.98188832e-02,  1.19056437e-03, -8.47288509e-02],
       [-6.19888438e-01,  1.97221488e+00,  4.90563438e-01,
        -2.81258740e-01,  9.62119170e-01,  2.93289428e-01,
         9.28751045e-01,  1.41996860e+00,  3.10900386e+00,
         3.49260228e-01,  1.41007864e-01, -3.06186780e-01,
        -2.09239086e-01, -5.89732811e-02, -2.90654577e-03,
        -7.18273626e-02, -8.77586674e-02,  7.68624308e-02],
       [-1.73853679e+00,  7.92991291e-01,  1.37708245e+00,
        -6.07493633e-01,  2.93289428e-01,  1.12636356e+00,
         6.82912663e-01, -1.42612559e-01,  5.64382686e+00,
         9.46097734e-02, -2.79404151e-01, -1.11882545e-01,
         1.37254902e-01,  1.24422885e-01,  2.00152728e-01,
         1.10458503e-01,  1.28585366e-01,  1.92990426e-02],
       [-3.35210496e-01,  1.55801139e+00,  1.23519040e+00,
         1.57107660e-01,  9.28751045e-01,  6.82912663e-01,
         4.60212400e+00,  1.38623803e+00,  3.41192837e+00,
        -2.52036940e-02,  2.95719899e-01,  7.62345442e-02,
        -1.25577767e-01,  1.69960766e-02, -1.55510587e-01,
        -1.60346309e-01, -1.49871149e-01, -9.48957105e-02],
       [-1.26160134e+00,  1.96628669e+00, -7.16991269e-01,
        -8.27756411e-01,  1.41996860e+00, -1.42612559e-01,
         1.38623803e+00,  6.66605858e+00,  2.02678759e+00,
         2.94927448e-01, -5.70686029e-01, -1.56770355e-01,
        -5.30806548e-01, -1.97330831e-02,  2.42658040e-01,
        -1.10608393e-01, -4.05471606e-01,  2.58091206e-01],
       [-1.03255925e+01,  7.64378611e+00,  6.49265659e+00,
        -3.97478443e+00,  3.10900386e+00,  5.64382686e+00,
         3.41192837e+00,  2.02678759e+00,  3.49852413e+01,
         1.44486078e+00, -1.20889380e+00, -1.21049486e+00,
         2.28997013e-01,  2.90070004e-01,  1.05215489e+00,
         5.57099071e-01,  3.68746783e-01,  3.53086709e-01],
       [-4.64803784e-01,  8.72983304e-01,  1.95251990e-01,
        -2.27179121e-01,  3.49260228e-01,  9.46097734e-02,
        -2.52036940e-02,  2.94927448e-01,  1.44486078e+00,
         8.19956241e-01, -1.35691204e-02, -2.07462202e-01,
        -2.12243006e-01, -2.32392539e-02,  1.33628409e-01,
        -5.56380021e-03,  1.39872492e-02,  2.38906413e-01],
       [ 9.53601694e-01,  4.01383734e-01,  7.44113703e-02,
         4.49164389e-01,  1.41007864e-01, -2.79404151e-01,
         2.95719899e-01, -5.70686029e-01, -1.20889380e+00,
        -1.35691204e-02,  8.82227656e-01, -1.84733885e-01,
        -4.43523607e-02, -1.85475187e-01, -2.74659779e-01,
        -1.00451880e-01, -1.00670086e-02, -1.24416766e-01],
       [ 2.05778274e-01, -8.21341156e-01, -2.72176180e-01,
         1.10978858e-01, -3.06186780e-01, -1.11882545e-01,
         7.62345442e-02, -1.56770355e-01, -1.21049486e+00,
        -2.07462202e-01, -1.84733885e-01,  4.99660527e-01,
         2.42388823e-02,  1.08745443e-01, -3.63677115e-02,
        -5.61740240e-02,  3.01798125e-02, -1.65657481e-02],
       [-7.25476745e-02, -3.54097910e-01,  1.40098615e-01,
         2.63139896e-02, -2.09239086e-01,  1.37254902e-01,
        -1.25577767e-01, -5.30806548e-01,  2.28997013e-01,
        -2.12243006e-01, -4.43523607e-02,  2.42388823e-02,
         1.76472773e-01,  4.42470572e-02, -1.80398078e-03,
         9.00190999e-02,  8.16614667e-02, -8.24747054e-02],
       [-1.96905451e-01, -1.59876718e-01,  9.93545989e-02,
        -5.65945918e-02, -5.89732811e-02,  1.24422885e-01,
         1.69960766e-02, -1.97330831e-02,  2.90070004e-01,
        -2.32392539e-02, -1.85475187e-01,  1.08745443e-01,
         4.42470572e-02,  1.05602379e-01,  4.65844179e-02,
         1.85617606e-02,  7.69910829e-02,  1.17773801e-02],
       [-5.00256676e-01,  3.50950033e-03,  1.18435373e-01,
        -2.32198515e-01, -2.90654577e-03,  2.00152728e-01,
        -1.55510587e-01,  2.42658040e-01,  1.05215489e+00,
         1.33628409e-01, -2.74659779e-01, -3.63677115e-02,
        -1.80398078e-03,  4.65844179e-02,  1.64992247e-01,
         5.33102644e-02,  9.67777787e-03,  1.07286244e-01],
       [-2.40847488e-01, -7.63116826e-02,  6.65824621e-02,
        -8.98188832e-02, -7.18273626e-02,  1.10458503e-01,
        -1.60346309e-01, -1.10608393e-01,  5.57099071e-01,
        -5.56380021e-03, -1.00451880e-01, -5.61740240e-02,
         9.00190999e-02,  1.85617606e-02,  5.33102644e-02,
         9.48355997e-02,  3.85157046e-02, -5.61237628e-03],
       [-1.09158213e-01, -1.01259009e-01,  1.85692553e-01,
         1.19056437e-03, -8.77586674e-02,  1.28585366e-01,
        -1.49871149e-01, -4.05471606e-01,  3.68746783e-01,
         1.39872492e-02, -1.00670086e-02,  3.01798125e-02,
         8.16614667e-02,  7.69910829e-02,  9.67777787e-03,
         3.85157046e-02,  1.29102481e-01, -1.26930193e-02],
       [-1.22503681e-01,  1.55456352e-01, -1.41807863e-02,
        -8.47288509e-02,  7.68624308e-02,  1.92990426e-02,
        -9.48957105e-02,  2.58091206e-01,  3.53086709e-01,
         2.38906413e-01, -1.24416766e-01, -1.65657481e-02,
        -8.24747054e-02,  1.17773801e-02,  1.07286244e-01,
        -5.61237628e-03, -1.26930193e-02,  1.42911149e-01]])
      jac: array([ 5.71916588e-05, -9.59787805e-06, -8.03634937e-05, -1.17098923e-04,
        5.97329593e-05,  1.59043889e-04,  1.37926707e-05, -7.64943664e-06,
       -9.63118474e-06,  1.45572443e-05,  1.22339176e-05,  6.92039019e-08,
        6.36072676e-05, -4.41169323e-05, -1.63165777e-05, -6.01304192e-05,
        6.93863485e-05,  1.13401880e-05])
  message: 'Desired error not necessarily achieved due to precision loss.'
     nfev: 1968
      nit: 54
     njev: 103
   status: 2
  success: False
        x: array([-0.78368877, -1.47826101,  0.7408515 , -0.86772932, -1.50758093,
        0.27163846, -0.30526651, -2.37795005, -0.14819594, -0.02924979,
        0.55614117,  1.2095494 ,  0.13015057,  0.10925891, -0.33821283,
        1.11841328, -0.2756187 , -0.06109683])
