Program Begingeth
      fun: 0.26378751011358864
 hess_inv: array([[ 1.32885180e+00, -1.73512570e-01, -1.34418635e-01,
        -2.55815641e-01,  3.79668412e-01, -2.57966964e-01,
         5.90916691e-02,  2.10783529e+00, -1.81799668e+00,
         5.13066418e-01, -2.17738557e-01,  1.28515535e+00,
        -1.06441689e+00,  3.63526307e-01, -4.55892017e-01,
        -2.12041531e-01,  1.97935584e-02, -1.36664048e-01],
       [-1.73512570e-01,  1.14392013e+00, -8.66804699e-02,
        -2.14488098e-01, -9.01339465e-02, -1.35746333e-01,
        -5.07133813e-01,  6.01642373e-01,  3.19260677e-01,
         6.74574752e-02,  4.24360690e-01, -2.73063862e-01,
        -1.25969958e-01, -7.85284398e-01,  9.01029386e-02,
        -8.96016299e-03, -1.33233665e-01,  2.07270471e-01],
       [-1.34418635e-01, -8.66804699e-02,  9.92973730e-01,
         2.09980591e-01,  1.49451401e-01, -1.17217313e-01,
         9.78419409e-01, -2.69068824e-01,  1.53775210e-01,
        -9.64628540e-01, -7.87206252e-02,  4.72489441e-02,
         4.71307718e-01,  1.80129071e-01, -6.86722929e-01,
         8.90416856e-02, -5.41854110e-02, -2.02272000e-01],
       [-2.55815641e-01, -2.14488098e-01,  2.09980591e-01,
         2.75747110e-01, -8.88615246e-02,  2.75453281e-03,
         4.75010168e-01, -1.11923793e+00,  4.12508377e-02,
        -3.39411157e-01,  1.70047174e-01, -1.32240300e-01,
         4.95047805e-01,  3.43451223e-02, -8.72702310e-02,
         1.07178786e-01, -6.02217068e-03, -4.19455121e-02],
       [ 3.79668412e-01, -9.01339465e-02,  1.49451401e-01,
        -8.88615246e-02,  2.36582071e-01, -5.95878677e-02,
         2.29775884e-01,  9.82605878e-01, -3.11266684e-01,
        -1.26254212e-03, -2.78942130e-01,  4.17701464e-01,
        -2.94185010e-01,  2.94139821e-01, -2.51904032e-01,
        -4.90240162e-02,  4.47969302e-02, -8.53790240e-02],
       [-2.57966964e-01, -1.35746333e-01, -1.17217313e-01,
         2.75453281e-03, -5.95878677e-02,  2.05011457e-01,
        -1.25383880e-01, -3.05738514e-01,  7.92868963e-01,
         1.40581014e-02, -2.25860584e-01, -2.77686034e-01,
         1.38542622e-01,  9.33243277e-02,  2.92873940e-01,
         3.51474774e-02,  3.64489895e-02,  5.18059451e-02],
       [ 5.90916691e-02, -5.07133813e-01,  9.78419409e-01,
         4.75010168e-01,  2.29775884e-01, -1.25383880e-01,
         2.48048291e+00, -8.18032417e-01, -2.85936885e-01,
        -7.80323979e-01, -2.33841280e-01,  4.98820352e-01,
         5.20908060e-01,  5.58666282e-01, -8.08503226e-01,
         1.05493050e-01,  2.54180091e-02, -2.72180757e-01],
       [ 2.10783529e+00,  6.01642373e-01, -2.69068824e-01,
        -1.11923793e+00,  9.82605878e-01, -3.05738514e-01,
        -8.18032417e-01,  7.62467876e+00, -1.52739337e+00,
         1.19164801e+00, -7.32918004e-01,  1.79730316e+00,
        -2.55714316e+00,  3.88372127e-01, -5.26190035e-01,
        -5.29764732e-01,  3.11592877e-02, -5.94840635e-02],
       [-1.81799668e+00,  3.19260677e-01,  1.53775210e-01,
         4.12508377e-02, -3.11266684e-01,  7.92868963e-01,
        -2.85936885e-01, -1.52739337e+00,  5.83414418e+00,
        -7.87635727e-01, -7.37728804e-01, -1.49430868e+00,
         1.18490380e+00, -1.58447450e-01,  7.70995679e-01,
         2.94779053e-01,  1.30163459e-02,  1.71060924e-01],
       [ 5.13066418e-01,  6.74574752e-02, -9.64628540e-01,
        -3.39411157e-01, -1.26254212e-03,  1.40581014e-02,
        -7.80323979e-01,  1.19164801e+00, -7.87635727e-01,
         1.32841017e+00, -4.54409234e-02,  3.07619118e-01,
        -9.22022757e-01, -4.41706395e-02,  4.98633070e-01,
        -1.95730728e-01,  7.82235579e-02,  1.43943843e-01],
       [-2.17738557e-01,  4.24360690e-01, -7.87206252e-02,
         1.70047174e-01, -2.78942130e-01, -2.25860584e-01,
        -2.33841280e-01, -7.32918004e-01, -7.37728804e-01,
        -4.54409234e-02,  1.66719251e+00, -3.30878947e-01,
         2.29420674e-01, -8.79274917e-01,  8.02556080e-02,
        -7.56893814e-02, -1.64032221e-01,  2.11190472e-01],
       [ 1.28515535e+00, -2.73063862e-01,  4.72489441e-02,
        -1.32240300e-01,  4.17701464e-01, -2.77686034e-01,
         4.98820352e-01,  1.79730316e+00, -1.49430868e+00,
         3.07619118e-01, -3.30878947e-01,  1.61988148e+00,
        -8.57848544e-01,  4.85125055e-01, -7.11270060e-01,
        -1.37375052e-01,  1.65544086e-02, -2.30890302e-01],
       [-1.06441689e+00, -1.25969958e-01,  4.71307718e-01,
         4.95047805e-01, -2.94185010e-01,  1.38542622e-01,
         5.20908060e-01, -2.55714316e+00,  1.18490380e+00,
        -9.22022757e-01,  2.29420674e-01, -8.57848544e-01,
         1.30773769e+00, -1.38882015e-01,  4.63019604e-02,
         3.02481226e-01, -3.29115691e-02, -6.97306174e-03],
       [ 3.63526307e-01, -7.85284398e-01,  1.80129071e-01,
         3.43451223e-02,  2.94139821e-01,  9.33243277e-02,
         5.58666282e-01,  3.88372127e-01, -1.58447450e-01,
        -4.41706395e-02, -8.79274917e-01,  4.85125055e-01,
        -1.38882015e-01,  9.03394316e-01, -2.35561054e-01,
         7.84480146e-03,  1.79702298e-01, -2.21046038e-01],
       [-4.55892017e-01,  9.01029386e-02, -6.86722929e-01,
        -8.72702310e-02, -2.51904032e-01,  2.92873940e-01,
        -8.08503226e-01, -5.26190035e-01,  7.70995679e-01,
         4.98633070e-01,  8.02556080e-02, -7.11270060e-01,
         4.63019604e-02, -2.35561054e-01,  8.68578711e-01,
        -4.89764649e-05,  4.38187906e-02,  2.73970891e-01],
       [-2.12041531e-01, -8.96016299e-03,  8.90416856e-02,
         1.07178786e-01, -4.90240162e-02,  3.51474774e-02,
         1.05493050e-01, -5.29764732e-01,  2.94779053e-01,
        -1.95730728e-01, -7.56893814e-02, -1.37375052e-01,
         3.02481226e-01,  7.84480146e-03, -4.89764649e-05,
         1.04575356e-01,  3.18431678e-04, -1.22033516e-02],
       [ 1.97935584e-02, -1.33233665e-01, -5.41854110e-02,
        -6.02217068e-03,  4.47969302e-02,  3.64489895e-02,
         2.54180091e-02,  3.11592877e-02,  1.30163459e-02,
         7.82235579e-02, -1.64032221e-01,  1.65544086e-02,
        -3.29115691e-02,  1.79702298e-01,  4.38187906e-02,
         3.18431678e-04,  6.96100836e-02, -1.44843198e-02],
       [-1.36664048e-01,  2.07270471e-01, -2.02272000e-01,
        -4.19455121e-02, -8.53790240e-02,  5.18059451e-02,
        -2.72180757e-01, -5.94840635e-02,  1.71060924e-01,
         1.43943843e-01,  2.11190472e-01, -2.30890302e-01,
        -6.97306174e-03, -2.21046038e-01,  2.73970891e-01,
        -1.22033516e-02, -1.44843198e-02,  1.43695224e-01]])
      jac: array([-2.46129043e-05,  1.63187982e-05, -1.05341661e-05,  3.39358171e-06,
       -5.46229728e-05,  4.49373872e-05,  9.11123029e-06,  9.03758550e-06,
       -5.78796270e-07, -9.16896189e-06,  1.65234493e-05, -4.64517314e-06,
       -3.69530332e-05,  5.86638145e-05, -3.12683213e-05,  6.08161669e-05,
       -3.47237054e-05,  1.26117635e-05])
  message: 'Desired error not necessarily achieved due to precision loss.'
     nfev: 1342
      nit: 31
     njev: 70
   status: 2
  success: False
        x: array([ 0.61984157, -0.07789784,  0.50194772,  0.21126186, -1.15085204,
       -0.56863624,  1.23150562, -1.62854268, -0.78584597, -0.90799294,
        0.04917427,  0.57815157,  0.12229235,  0.00598356, -0.30701222,
        0.07509901,  1.41484236, -0.62859802])
