Program Begingeth
      fun: 0.30038530840494865
 hess_inv: array([[ 5.10744971e+00,  2.76138777e-01,  1.01789882e+00,
         2.49652827e+00, -4.98856018e-02, -3.13514852e-01,
         4.27554240e+00, -2.95723033e-01, -5.50581545e+00,
         9.03088697e-01,  4.70054139e-01, -7.60805870e-01,
        -2.47610992e-02, -2.89701104e-01, -1.23871654e-01,
         1.50945941e-01, -4.70377643e-02,  1.02971659e-01],
       [ 2.76138777e-01,  1.94382937e+00, -1.59137559e-01,
         1.91677770e-01,  9.44652956e-01, -1.91119704e-01,
         2.74456071e-01,  8.11657620e-01,  1.34595844e+00,
         6.24649045e-01,  3.69545609e-01, -4.31194513e-02,
        -1.57034652e-01,  4.30887165e-02, -1.98600422e-01,
        -1.13027711e-01,  8.22333003e-02,  1.36762212e-02],
       [ 1.01789882e+00, -1.59137559e-01,  1.80807705e+00,
         6.27217577e-01, -1.63110112e-01,  7.15063495e-01,
         1.50455974e+00, -2.10830313e+00, -1.35861831e+00,
         3.59686590e-01, -1.53639712e-01,  1.69019121e-01,
         1.53733758e-02,  1.58598851e-01,  8.46948115e-02,
        -8.41432692e-03,  1.07889516e-01,  1.03686564e-01],
       [ 2.49652827e+00,  1.91677770e-01,  6.27217577e-01,
         1.25408092e+00,  6.96486229e-04, -9.45252093e-02,
         2.29101363e+00, -3.12799713e-01, -2.58499115e+00,
         4.71893519e-01,  2.57388686e-01, -3.21898732e-01,
        -3.35888878e-03, -1.19273979e-01, -7.21786205e-02,
         6.96043635e-02, -6.75837647e-04,  5.34135377e-02],
       [-4.98856018e-02,  9.44652956e-01, -1.63110112e-01,
         6.96486229e-04,  5.26573433e-01, -1.35060406e-01,
         5.89394593e-01,  9.60682066e-01,  8.78297682e-01,
         2.70936383e-01,  2.30282437e-01, -3.10831728e-02,
        -1.41674334e-01,  1.16240046e-02, -1.02162517e-01,
        -9.18126853e-02,  3.96702118e-03,  2.55641603e-02],
       [-3.13514852e-01, -1.91119704e-01,  7.15063495e-01,
        -9.45252093e-02, -1.35060406e-01,  4.45806157e-01,
        -4.54904892e-01, -1.25779833e+00,  3.04490037e-01,
        -5.80743600e-02, -2.23869186e-01,  2.21860943e-01,
         8.09235859e-02,  1.46909788e-01,  8.41887889e-02,
         3.20914494e-04,  9.16738710e-02,  1.39839731e-02],
       [ 4.27554240e+00,  2.74456071e-01,  1.50455974e+00,
         2.29101363e+00,  5.89394593e-01, -4.54904892e-01,
         1.44035759e+01,  3.94803665e+00, -5.17784010e+00,
         1.10543769e+00,  1.17580036e+00, -8.27518567e-01,
        -9.01320097e-01, -5.06035719e-01, -1.78809565e-01,
        -2.53671720e-01, -6.23337377e-01,  5.17805617e-01],
       [-2.95723033e-01,  8.11657620e-01, -2.10830313e+00,
        -3.12799713e-01,  9.60682066e-01, -1.25779833e+00,
         3.94803665e+00,  8.33863298e+00,  1.45962131e+00,
         5.31649873e-02,  8.86035309e-01, -1.06376032e+00,
        -5.77309107e-01, -4.27538982e-01, -1.66789014e-01,
        -1.56107539e-01, -3.87881438e-01,  9.71837156e-02],
       [-5.50581545e+00,  1.34595844e+00, -1.35861831e+00,
        -2.58499115e+00,  8.78297682e-01,  3.04490037e-01,
        -5.17784010e+00,  1.45962131e+00,  9.97782269e+00,
        -7.58023047e-01,  3.41146738e-01,  6.53110305e-01,
         5.46354377e-02,  3.30795386e-01, -8.27889788e-02,
        -2.54903280e-01,  2.63422136e-01, -1.83356796e-01],
       [ 9.03088697e-01,  6.24649045e-01,  3.59686590e-01,
         4.71893519e-01,  2.70936383e-01, -5.80743600e-02,
         1.10543769e+00,  5.31649873e-02, -7.58023047e-01,
         1.04479946e+00,  6.44827348e-02, -5.55912699e-02,
        -2.35271668e-01,  2.65123144e-02,  1.38633012e-02,
        -3.62333338e-02,  5.14156493e-02,  2.22197339e-01],
       [ 4.70054139e-01,  3.69545609e-01, -1.53639712e-01,
         2.57388686e-01,  2.30282437e-01, -2.23869186e-01,
         1.17580036e+00,  8.86035309e-01,  3.41146738e-01,
         6.44827348e-02,  7.68032331e-01, -2.12692394e-01,
        -7.18745674e-02, -1.78068055e-01, -1.94338536e-01,
        -5.45903116e-02, -3.22862689e-02, -8.59116132e-02],
       [-7.60805870e-01, -4.31194513e-02,  1.69019121e-01,
        -3.21898732e-01, -3.10831728e-02,  2.21860943e-01,
        -8.27518567e-01, -1.06376032e+00,  6.53110305e-01,
        -5.55912699e-02, -2.12692394e-01,  5.48983221e-01,
         1.36668448e-02,  1.70373964e-01, -6.14500572e-04,
        -7.13634224e-02,  9.22466872e-02,  1.71763829e-02],
       [-2.47610992e-02, -1.57034652e-01,  1.53733758e-02,
        -3.35888878e-03, -1.41674334e-01,  8.09235859e-02,
        -9.01320097e-01, -5.77309107e-01,  5.46354377e-02,
        -2.35271668e-01, -7.18745674e-02,  1.36668448e-02,
         1.78229082e-01,  2.40521870e-02,  4.56359212e-03,
         8.35996442e-02,  6.09030895e-02, -8.80562738e-02],
       [-2.89701104e-01,  4.30887165e-02,  1.58598851e-01,
        -1.19273979e-01,  1.16240046e-02,  1.46909788e-01,
        -5.06035719e-01, -4.27538982e-01,  3.30795386e-01,
         2.65123144e-02, -1.78068055e-01,  1.70373964e-01,
         2.40521870e-02,  1.19305656e-01,  3.51186580e-02,
        -8.88879666e-03,  7.94472636e-02,  2.20486812e-02],
       [-1.23871654e-01, -1.98600422e-01,  8.46948115e-02,
        -7.21786205e-02, -1.02162517e-01,  8.41887889e-02,
        -1.78809565e-01, -1.66789014e-01, -8.27889788e-02,
         1.38633012e-02, -1.94338536e-01, -6.14500572e-04,
         4.56359212e-03,  3.51186580e-02,  9.81856038e-02,
         2.20330338e-02, -2.28103242e-03,  6.17767050e-02],
       [ 1.50945941e-01, -1.13027711e-01, -8.41432692e-03,
         6.96043635e-02, -9.18126853e-02,  3.20914494e-04,
        -2.53671720e-01, -1.56107539e-01, -2.54903280e-01,
        -3.62333338e-02, -5.45903116e-02, -7.13634224e-02,
         8.35996442e-02, -8.88879666e-03,  2.20330338e-02,
         7.60462926e-02,  1.60615042e-02, -2.03590632e-02],
       [-4.70377643e-02,  8.22333003e-02,  1.07889516e-01,
        -6.75837647e-04,  3.96702118e-03,  9.16738710e-02,
        -6.23337377e-01, -3.87881438e-01,  2.63422136e-01,
         5.14156493e-02, -3.22862689e-02,  9.22466872e-02,
         6.09030895e-02,  7.94472636e-02, -2.28103242e-03,
         1.60615042e-02,  1.08343514e-01, -1.40533439e-02],
       [ 1.02971659e-01,  1.36762212e-02,  1.03686564e-01,
         5.34135377e-02,  2.55641603e-02,  1.39839731e-02,
         5.17805617e-01,  9.71837156e-02, -1.83356796e-01,
         2.22197339e-01, -8.59116132e-02,  1.71763829e-02,
        -8.80562738e-02,  2.20486812e-02,  6.17767050e-02,
        -2.03590632e-02, -1.40533439e-02,  1.17283873e-01]])
      jac: array([ 3.90835512e-06, -3.02646797e-06, -1.81891539e-06, -8.84810743e-06,
        6.94148443e-06,  3.10085291e-06,  5.38828241e-07, -5.67694040e-07,
       -2.77185682e-07,  2.30223248e-06, -6.95369688e-07, -8.68194405e-07,
        8.73227416e-06, -3.41319565e-06, -3.66373598e-07, -6.80492699e-06,
        2.74817206e-06, -5.01820807e-07])
  message: 'Optimization terminated successfully.'
     nfev: 1482
      nit: 70
     njev: 78
   status: 0
  success: True
        x: array([-1.56270460e+00, -1.07497127e+00,  6.48521644e-01, -1.36452261e+00,
       -1.15881667e+00,  3.40066159e-01, -4.34917625e-01, -1.61469952e+00,
        1.04772313e+00,  6.92577516e-02,  4.71639471e-01,  1.23780651e+00,
        1.13722558e-01,  1.63028515e-01, -2.74837896e-01,  1.26440811e+00,
       -3.39456020e-01,  1.11929490e-03])
