Program Begingeth
      fun: 0.2640422031771907
 hess_inv: array([[ 4.93527058e+00,  2.23985287e+00, -1.44431016e+00,
         1.34034661e+00,  9.66146393e-01, -1.50738215e+00,
        -8.12969148e-01, -4.09409492e-02, -4.31768392e+00,
         1.74142063e-01,  5.20175778e-01, -6.91021540e-01,
        -8.48210166e-01, -4.18404844e-01, -2.43937092e-01,
        -1.75945339e-01, -4.71266490e-01,  2.82817741e-01],
       [ 2.23985287e+00,  3.25540460e+00, -1.77910816e-01,
         4.55508013e-01,  1.39378807e+00, -4.92106287e-01,
         9.51554613e-02,  2.37829404e+00, -1.89975750e-01,
         5.17105337e-01,  9.35745130e-02, -1.07110000e+00,
        -6.37748038e-01, -3.49643164e-01, -3.90078912e-03,
        -4.41730643e-02, -2.74788976e-01,  2.22530737e-01],
       [-1.44431016e+00, -1.77910816e-01,  7.83617329e+00,
         8.32669572e-01, -2.59517592e-01,  3.62768664e+00,
         1.32911334e+01, -6.00951639e+00,  1.03750773e+01,
        -6.48901521e-01,  2.25031274e+00, -6.34146754e-01,
         4.93216655e-01, -4.94212490e-02, -6.80819418e-01,
        -2.49405331e-01,  3.05174846e-01, -6.41789689e-01],
       [ 1.34034661e+00,  4.55508013e-01,  8.32669572e-01,
         6.41953406e-01,  1.86791071e-01,  1.37007980e-01,
         2.46569292e+00, -1.20400836e+00,  1.56676557e-01,
        -1.28619261e-01,  5.18790517e-01, -1.95347509e-01,
        -1.37703832e-01, -8.80682428e-02, -2.07020355e-01,
        -1.00477234e-01, -7.34832165e-02, -4.35627000e-02],
       [ 9.66146393e-01,  1.39378807e+00, -2.59517592e-01,
         1.86791071e-01,  6.62042925e-01, -2.66612432e-01,
         8.09374766e-02,  1.66195315e+00, -4.52492198e-01,
         1.66030407e-01, -6.94649034e-02, -3.92026308e-01,
        -2.82063741e-01, -1.04857132e-01,  4.41429949e-02,
        -2.86369388e-02, -1.17126829e-01,  1.15734290e-01],
       [-1.50738215e+00, -4.92106287e-01,  3.62768664e+00,
         1.37007980e-01, -2.66612432e-01,  1.89009799e+00,
         6.20334157e+00, -2.34848270e+00,  5.47109305e+00,
        -4.38261633e-01,  7.86832580e-01, -1.06502026e-01,
         3.94213659e-01,  6.78005556e-02, -2.19729756e-01,
        -6.75224948e-02,  1.96491350e-01, -3.32464797e-01],
       [-8.12969148e-01,  9.51554613e-02,  1.32911334e+01,
         2.46569292e+00,  8.09374766e-02,  6.20334157e+00,
         3.04897929e+01, -8.96619897e+00,  1.66034054e+01,
        -1.67784244e+00,  3.35899772e+00, -6.35279376e-01,
         6.44804967e-01,  1.51358497e-01, -1.16329740e+00,
        -6.11916935e-01,  3.28234452e-01, -1.13723124e+00],
       [-4.09409492e-02,  2.37829404e+00, -6.00951639e+00,
        -1.20400836e+00,  1.66195315e+00, -2.34848270e+00,
        -8.96619897e+00,  1.40571925e+01, -6.87210733e+00,
         4.10758057e-01, -2.65394430e+00, -2.29022918e-01,
        -4.31537005e-01,  1.17714802e-01,  1.18267568e+00,
         3.27550186e-01, -2.44957848e-01,  6.98151540e-01],
       [-4.31768392e+00, -1.89975750e-01,  1.03750773e+01,
         1.56676557e-01, -4.52492198e-01,  5.47109305e+00,
         1.66034054e+01, -6.87210733e+00,  1.95301045e+01,
        -1.09636908e+00,  2.51818348e+00, -6.84589568e-01,
         9.83876838e-01, -2.21693022e-01, -7.73554020e-01,
        -1.28704600e-01,  3.32997011e-01, -9.93286059e-01],
       [ 1.74142063e-01,  5.17105337e-01, -6.48901521e-01,
        -1.28619261e-01,  1.66030407e-01, -4.38261633e-01,
        -1.67784244e+00,  4.10758057e-01, -1.09636908e+00,
         9.76762987e-01, -2.77645786e-01, -1.66755567e-01,
        -2.82263060e-01, -5.45692539e-05,  1.35027721e-01,
         2.60102261e-02,  2.52720580e-02,  2.62600020e-01],
       [ 5.20175778e-01,  9.35745130e-02,  2.25031274e+00,
         5.18790517e-01, -6.94649034e-02,  7.86832580e-01,
         3.35899772e+00, -2.65394430e+00,  2.51818348e+00,
        -2.77645786e-01,  1.41698660e+00, -3.46258225e-01,
         3.42737973e-02, -2.30387622e-01, -4.41871598e-01,
        -1.32484177e-01,  1.01754435e-02, -2.72829279e-01],
       [-6.91021540e-01, -1.07110000e+00, -6.34146754e-01,
        -1.95347509e-01, -3.92026308e-01, -1.06502026e-01,
        -6.35279376e-01, -2.29022918e-01, -6.84589568e-01,
        -1.66755567e-01, -3.46258225e-01,  7.67296195e-01,
         1.64944263e-01,  2.20768941e-01,  2.59282520e-02,
        -1.69678038e-02,  1.07647073e-01, -1.19191173e-02],
       [-8.48210166e-01, -6.37748038e-01,  4.93216655e-01,
        -1.37703832e-01, -2.82063741e-01,  3.94213659e-01,
         6.44804967e-01, -4.31537005e-01,  9.83876838e-01,
        -2.82263060e-01,  3.42737973e-02,  1.64944263e-01,
         2.76965810e-01,  8.09456797e-02, -1.26790199e-02,
         5.63535368e-02,  1.03229109e-01, -1.33226301e-01],
       [-4.18404844e-01, -3.49643164e-01, -4.94212490e-02,
        -8.80682428e-02, -1.04857132e-01,  6.78005556e-02,
         1.51358497e-01,  1.17714802e-01, -2.21693022e-01,
        -5.45692539e-05, -2.30387622e-01,  2.20768941e-01,
         8.09456797e-02,  1.52296805e-01,  6.14240602e-02,
         4.32761921e-03,  9.52840063e-02,  1.08212425e-02],
       [-2.43937092e-01, -3.90078912e-03, -6.80819418e-01,
        -2.07020355e-01,  4.41429949e-02, -2.19729756e-01,
        -1.16329740e+00,  1.18267568e+00, -7.73554020e-01,
         1.35027721e-01, -4.41871598e-01,  2.59282520e-02,
        -1.26790199e-02,  6.14240602e-02,  1.96558566e-01,
         5.77128681e-02, -2.51113457e-03,  1.18431929e-01],
       [-1.75945339e-01, -4.41730643e-02, -2.49405331e-01,
        -1.00477234e-01, -2.86369388e-02, -6.75224948e-02,
        -6.11916935e-01,  3.27550186e-01, -1.28704600e-01,
         2.60102261e-02, -1.32484177e-01, -1.69678038e-02,
         5.63535368e-02,  4.32761921e-03,  5.77128681e-02,
         6.77131975e-02,  9.49571113e-03,  1.18955020e-02],
       [-4.71266490e-01, -2.74788976e-01,  3.05174846e-01,
        -7.34832165e-02, -1.17126829e-01,  1.96491350e-01,
         3.28234452e-01, -2.44957848e-01,  3.32997011e-01,
         2.52720580e-02,  1.01754435e-02,  1.07647073e-01,
         1.03229109e-01,  9.52840063e-02, -2.51113457e-03,
         9.49571113e-03,  1.17425817e-01, -3.38770748e-02],
       [ 2.82817741e-01,  2.22530737e-01, -6.41789689e-01,
        -4.35627000e-02,  1.15734290e-01, -3.32464797e-01,
        -1.13723124e+00,  6.98151540e-01, -9.93286059e-01,
         2.62600020e-01, -2.72829279e-01, -1.19191173e-02,
        -1.33226301e-01,  1.08212425e-02,  1.18431929e-01,
         1.18955020e-02, -3.38770748e-02,  1.56650482e-01]])
      jac: array([-8.24310990e-05, -2.94375635e-05,  6.84874380e-05,  1.58608312e-04,
        3.78822899e-05, -1.36226215e-04, -1.20163139e-05,  4.56671738e-06,
        7.00476714e-06, -3.29484588e-05, -2.31962597e-05,  9.56272099e-07,
       -9.96436267e-05, -3.31497792e-05, -3.07243120e-05,  6.86484203e-05,
       -2.71856611e-06,  6.62421969e-05])
  message: 'Desired error not necessarily achieved due to precision loss.'
     nfev: 1798
      nit: 61
     njev: 94
   status: 2
  success: False
        x: array([-0.77459674, -0.97037797,  0.46301506, -1.13437675, -1.02422479,
        0.09099846, -1.01774265, -1.45695442, -0.78544251,  0.0985323 ,
        0.58572248,  1.12807481,  0.10404104,  0.22399486, -0.29421605,
        1.29649994, -0.19972688,  0.00428773])
