Program Begingeth
      fun: 0.42303432491878223
 hess_inv: array([[ 5.49140305e+00,  2.68265343e-01,  5.66268024e-01,
         1.68180162e+00, -7.43037874e-01,  2.22002067e-01,
        -2.12682167e+00,  5.79659667e+00,  2.27848685e+00,
        -1.56207479e+00,  2.37556799e-01, -6.29811658e-01,
        -5.59084616e-01, -3.59562050e-01,  3.19364565e-01,
        -5.82278204e-01,  1.30587061e+00,  4.76777781e-01],
       [ 2.68265343e-01,  2.24653883e+00, -1.42059340e-02,
         2.57122188e-01,  7.82433970e-01, -3.75661265e-02,
        -6.18269318e-01,  2.22722787e+00,  6.88456600e-01,
        -4.81898178e-01,  2.48708946e-01, -6.50177694e-01,
         2.03049381e-01, -8.88712579e-02,  2.16592873e-01,
        -1.19042589e-01,  3.80101795e-01,  2.07902014e-01],
       [ 5.66268024e-01, -1.42059340e-02,  2.09404778e+00,
         1.82875960e-01, -5.72834440e-02,  7.76509183e-01,
         1.71329402e+00, -9.29046798e-01,  8.44817704e-01,
         2.98135800e-01,  3.72902949e-01, -5.22716653e-02,
        -1.07366102e-01, -1.65724051e-01,  3.39901357e-02,
         1.79078649e-01, -1.31356200e-01,  2.54766949e-01],
       [ 1.68180162e+00,  2.57122188e-01,  1.82875960e-01,
         5.54930247e-01, -1.58726865e-01,  6.83338611e-02,
        -6.24179881e-01,  1.89815455e+00,  7.52964446e-01,
        -5.17203542e-01,  6.94775929e-02, -2.74726630e-01,
        -1.15649030e-01, -1.20335419e-01,  1.30363792e-01,
        -1.60113099e-01,  3.99702320e-01,  1.76088053e-01],
       [-7.43037874e-01,  7.82433970e-01, -5.72834440e-02,
        -1.58726865e-01,  4.29987650e-01, -2.67874567e-02,
         2.93464570e-01, -1.41574980e-01, -1.83553872e-01,
         1.10605423e-01,  2.15110407e-02, -9.51301602e-02,
         1.76109337e-01,  5.51191277e-02,  3.11280259e-02,
         9.49061134e-02, -6.99301778e-02,  1.83849599e-03],
       [ 2.22002067e-01, -3.75661265e-02,  7.76509183e-01,
         6.83338611e-02, -2.67874567e-02,  3.23277381e-01,
         6.99081480e-01, -3.86285772e-01,  2.20898268e-01,
         2.08794682e-01,  4.12733260e-02,  2.39005496e-03,
        -6.64008370e-02, -3.10976692e-02,  4.28014947e-02,
         7.14346981e-02, -5.09601731e-02,  8.81241719e-02],
       [-2.12682167e+00, -6.18269318e-01,  1.71329402e+00,
        -6.24179881e-01,  2.93464570e-01,  6.99081480e-01,
         9.14315167e+00, -4.77304724e+00, -6.82213389e-01,
         1.21581803e+00, -8.34122305e-01,  5.62266340e-01,
         4.03231492e-01,  3.71915627e-01,  1.22825074e-01,
         1.42636963e+00, -9.44011071e-01,  3.04506457e-01],
       [ 5.79659667e+00,  2.22722787e+00, -9.29046798e-01,
         1.89815455e+00, -1.41574980e-01, -3.86285772e-01,
        -4.77304724e+00,  1.42533475e+01,  3.52609529e+00,
        -2.95845458e+00,  4.21011093e-01, -1.00360455e+00,
        -2.46361461e-01, -3.14501970e-01,  6.04536509e-01,
        -9.50906963e-01,  2.52868354e+00,  8.42975217e-01],
       [ 2.27848685e+00,  6.88456600e-01,  8.44817704e-01,
         7.52964446e-01, -1.83553872e-01,  2.20898268e-01,
        -6.82213389e-01,  3.52609529e+00,  5.16178299e+00,
        -1.18057606e+00,  2.23616552e-01, -2.70749473e-01,
        -1.38355116e-01, -2.92555042e-01,  2.29281688e-01,
        -3.16852081e-01,  6.48734651e-01,  9.03281629e-01],
       [-1.56207479e+00, -4.81898178e-01,  2.98135800e-01,
        -5.17203542e-01,  1.10605423e-01,  2.08794682e-01,
         1.21581803e+00, -2.95845458e+00, -1.18057606e+00,
         1.44776367e+00, -7.75617575e-02,  3.46547564e-01,
        -7.80694934e-02,  1.13176222e-01, -1.58562552e-01,
         2.53566101e-01, -5.74246000e-01, -3.35301759e-01],
       [ 2.37556799e-01,  2.48708946e-01,  3.72902949e-01,
         6.94775929e-02,  2.15110407e-02,  4.12733260e-02,
        -8.34122305e-01,  4.21011093e-01,  2.23616552e-01,
        -7.75617575e-02,  8.52176039e-01, -1.55137693e-01,
        -5.19494567e-02, -2.52182593e-01, -1.49525831e-01,
        -1.34009936e-01,  6.20145553e-02, -8.62323466e-02],
       [-6.29811658e-01, -6.50177694e-01, -5.22716653e-02,
        -2.74726630e-01, -9.51301602e-02,  2.39005496e-03,
         5.62266340e-01, -1.00360455e+00, -2.70749473e-01,
         3.46547564e-01, -1.55137693e-01,  6.43107890e-01,
        -1.57675297e-02,  1.60005665e-01, -1.60980667e-01,
         1.47742555e-01, -1.55237806e-01, -8.42734159e-02],
       [-5.59084616e-01,  2.03049381e-01, -1.07366102e-01,
        -1.15649030e-01,  1.76109337e-01, -6.64008370e-02,
         4.03231492e-01, -2.46361461e-01, -1.38355116e-01,
        -7.80694934e-02, -5.19494567e-02, -1.57675297e-02,
         2.01315450e-01,  4.31644718e-02,  1.52230756e-02,
         1.31920429e-01, -1.07444432e-01,  3.26532385e-02],
       [-3.59562050e-01, -8.88712579e-02, -1.65724051e-01,
        -1.20335419e-01,  5.51191277e-02, -3.10976692e-02,
         3.71915627e-01, -3.14501970e-01, -2.92555042e-01,
         1.13176222e-01, -2.52182593e-01,  1.60005665e-01,
         4.31644718e-02,  1.37028506e-01,  8.02071676e-03,
         8.63563093e-02, -4.31429888e-02, -1.65168618e-02],
       [ 3.19364565e-01,  2.16592873e-01,  3.39901357e-02,
         1.30363792e-01,  3.11280259e-02,  4.28014947e-02,
         1.22825074e-01,  6.04536509e-01,  2.29281688e-01,
        -1.58562552e-01, -1.49525831e-01, -1.60980667e-01,
         1.52230756e-02,  8.02071676e-03,  1.37183228e-01,
        -9.02884319e-03,  1.02279918e-01,  1.23109783e-01],
       [-5.82278204e-01, -1.19042589e-01,  1.79078649e-01,
        -1.60113099e-01,  9.49061134e-02,  7.14346981e-02,
         1.42636963e+00, -9.50906963e-01, -3.16852081e-01,
         2.53566101e-01, -1.34009936e-01,  1.47742555e-01,
         1.31920429e-01,  8.63563093e-02, -9.02884319e-03,
         2.84237816e-01, -2.08318106e-01,  8.17698319e-03],
       [ 1.30587061e+00,  3.80101795e-01, -1.31356200e-01,
         3.99702320e-01, -6.99301778e-02, -5.09601731e-02,
        -9.44011071e-01,  2.52868354e+00,  6.48734651e-01,
        -5.74246000e-01,  6.20145553e-02, -1.55237806e-01,
        -1.07444432e-01, -4.31429888e-02,  1.02279918e-01,
        -2.08318106e-01,  5.20043504e-01,  1.47245505e-01],
       [ 4.76777781e-01,  2.07902014e-01,  2.54766949e-01,
         1.76088053e-01,  1.83849599e-03,  8.81241719e-02,
         3.04506457e-01,  8.42975217e-01,  9.03281629e-01,
        -3.35301759e-01, -8.62323466e-02, -8.42734159e-02,
         3.26532385e-02, -1.65168618e-02,  1.23109783e-01,
         8.17698319e-03,  1.47245505e-01,  2.58309654e-01]])
      jac: array([-1.56695397e-04, -4.00407855e-04, -1.10268609e-03,  4.81965949e-04,
        9.50070763e-04,  8.26116212e-04, -6.45339338e-05, -3.26732715e-04,
       -1.44582494e-04, -5.92340991e-05,  2.38438158e-04, -6.27630540e-04,
       -1.96345421e-03, -8.78295584e-04, -7.62893452e-04,  4.24960437e-04,
        5.85715550e-04,  1.89838552e-03])
  message: 'Maximum number of iterations has been exceeded.'
     nfev: 2166
      nit: 100
     njev: 114
   status: 1
  success: False
        x: array([ 0.94960529, -1.30148077,  0.03144807,  1.30864352, -1.08318932,
        0.01806009, -1.98138808, -1.1411075 , -0.93314454,  0.08242906,
        0.30303285,  1.13184231,  0.01624945, -0.09473314, -0.27436166,
       -1.36204552, -1.07364572, -0.13036674])
