Program Begingeth
      fun: 0.42498153381712755
 hess_inv: array([[ 6.99685515e-01, -1.38125294e-01, -2.07402524e-02,
         5.33605605e-02,  1.52663446e-01, -4.12508034e-01,
         4.10853551e-02,  5.05495201e-01, -2.36016363e+00,
        -1.25293715e-01,  3.39564854e-01,  6.53597757e-01,
        -2.60572741e-01,  4.83911003e-02, -5.07175217e-01,
        -7.63745874e-02, -6.80966958e-02, -1.74650744e-01],
       [-1.38125294e-01,  9.66037925e-01, -7.66299873e-02,
        -2.49764216e-01, -1.95194842e-01, -1.90346825e-01,
        -1.03533422e+00,  5.43273540e-02,  6.99705729e-01,
        -1.63973008e-02,  1.77940621e-01, -1.01121692e-01,
        -9.16123749e-02, -7.77208543e-01, -2.44352719e-02,
         3.58282293e-02, -2.16760043e-01,  2.18212879e-01],
       [-2.07402524e-02, -7.66299873e-02,  4.89630459e-01,
         9.35637779e-02,  1.64856622e-01, -7.33580653e-03,
         7.49684678e-01,  6.46236452e-02,  3.42270833e-01,
        -4.64953388e-01, -1.68600949e-01, -1.66185604e-01,
         1.78776053e-01,  2.32328701e-01, -3.01010042e-01,
         3.60846378e-02,  1.03119635e-02, -1.51493263e-01],
       [ 5.33605605e-02, -2.49764216e-01,  9.35637779e-02,
         2.59534748e-01,  1.14942079e-02, -2.70002290e-02,
         7.26355915e-01, -5.27728618e-01, -4.27005049e-01,
        -8.70731991e-02,  1.28754491e-01,  5.58661818e-02,
         2.49766436e-01,  1.35068680e-01, -1.01751308e-01,
         6.62931383e-02,  2.11767949e-02, -7.43343830e-02],
       [ 1.52663446e-01, -1.95194842e-01,  1.64856622e-01,
         1.14942079e-02,  2.90538237e-01,  1.57005492e-02,
         5.39447689e-01,  7.48207191e-01, -1.20513868e-01,
        -1.68526873e-01, -2.36207906e-01,  1.45989877e-01,
        -6.22201270e-02,  4.47216877e-01, -1.72450379e-01,
        -1.50509581e-02,  1.22212757e-01, -1.32952399e-01],
       [-4.12508034e-01, -1.90346825e-01, -7.33580653e-03,
        -2.70002290e-02,  1.57005492e-02,  5.73244768e-01,
         2.93804631e-01, -2.14701776e-01,  2.37048967e+00,
         6.26536827e-02, -6.39481716e-01, -3.36825164e-01,
         1.50250065e-01,  3.63806129e-01,  5.40929398e-01,
         6.05469039e-02,  1.65003831e-01,  8.91917213e-02],
       [ 4.10853551e-02, -1.03533422e+00,  7.49684678e-01,
         7.26355915e-01,  5.39447689e-01,  2.93804631e-01,
         4.49842550e+00, -3.47820724e-01,  4.51821839e-01,
        -5.11172770e-01, -5.84081813e-01,  1.18524408e-01,
         5.91936992e-01,  1.34150722e+00, -3.79643904e-01,
         1.21916864e-01,  3.33350413e-01, -4.27161313e-01],
       [ 5.05495201e-01,  5.43273540e-02,  6.46236452e-02,
        -5.27728618e-01,  7.48207191e-01, -2.14701776e-01,
        -3.47820724e-01,  5.04217101e+00, -1.24647775e+00,
        -2.77132153e-04, -7.30260708e-02,  4.21342422e-01,
        -9.14760670e-01,  4.48567246e-01, -3.17752938e-01,
        -2.91122119e-01,  9.27094667e-02, -9.67698240e-02],
       [-2.36016363e+00,  6.99705729e-01,  3.42270833e-01,
        -4.27005049e-01, -1.20513868e-01,  2.37048967e+00,
         4.51821839e-01, -1.24647775e+00,  1.52530208e+01,
        -3.64014611e-01, -2.87513614e+00, -1.74248611e+00,
         8.95263451e-01,  5.84208699e-01,  1.82927359e+00,
         4.39303501e-01,  3.81080479e-01,  4.05031727e-01],
       [-1.25293715e-01, -1.63973008e-02, -4.64953388e-01,
        -8.70731991e-02, -1.68526873e-01,  6.26536827e-02,
        -5.11172770e-01, -2.77132153e-04, -3.64014611e-01,
         7.27120305e-01,  1.39440752e-01, -1.90132967e-03,
        -1.98281980e-01, -1.57156881e-01,  3.98395286e-01,
        -6.05021640e-02,  4.47254768e-02,  1.67697508e-01],
       [ 3.39564854e-01,  1.77940621e-01, -1.68600949e-01,
         1.28754491e-01, -2.36207906e-01, -6.39481716e-01,
        -5.84081813e-01, -7.30260708e-02, -2.87513614e+00,
         1.39440752e-01,  1.58375993e+00,  2.21520044e-01,
        -1.01643781e-01, -8.42417197e-01, -3.21605371e-01,
        -1.41836623e-01, -2.82820559e-01,  1.30152608e-01],
       [ 6.53597757e-01, -1.01121692e-01, -1.66185604e-01,
         5.58661818e-02,  1.45989877e-01, -3.36825164e-01,
         1.18524408e-01,  4.21342422e-01, -1.74248611e+00,
        -1.90132967e-03,  2.21520044e-01,  9.21614337e-01,
        -2.52298315e-01,  7.24226040e-02, -4.72356888e-01,
        -4.23991265e-02, -4.97468625e-02, -1.78065628e-01],
       [-2.60572741e-01, -9.16123749e-02,  1.78776053e-01,
         2.49766436e-01, -6.22201270e-02,  1.50250065e-01,
         5.91936992e-01, -9.14760670e-01,  8.95263451e-01,
        -1.98281980e-01, -1.01643781e-01, -2.52298315e-01,
         4.80321507e-01,  7.65067836e-02,  5.96780488e-02,
         1.77249559e-01,  2.33894394e-02, -1.34189556e-02],
       [ 4.83911003e-02, -7.77208543e-01,  2.32328701e-01,
         1.35068680e-01,  4.47216877e-01,  3.63806129e-01,
         1.34150722e+00,  4.48567246e-01,  5.84208699e-01,
        -1.57156881e-01, -8.42417197e-01,  7.24226040e-02,
         7.65067836e-02,  1.17029288e+00,  1.80072334e-02,
         2.85647548e-02,  3.78167247e-01, -2.63358102e-01],
       [-5.07175217e-01, -2.44352719e-02, -3.01010042e-01,
        -1.01751308e-01, -1.72450379e-01,  5.40929398e-01,
        -3.79643904e-01, -3.17752938e-01,  1.82927359e+00,
         3.98395286e-01, -3.21605371e-01, -4.72356888e-01,
         5.96780488e-02,  1.80072334e-02,  8.59162658e-01,
         2.07277575e-02,  1.20290060e-01,  3.17840144e-01],
       [-7.63745874e-02,  3.58282293e-02,  3.60846378e-02,
         6.62931383e-02, -1.50509581e-02,  6.05469039e-02,
         1.21916864e-01, -2.91122119e-01,  4.39303501e-01,
        -6.05021640e-02, -1.41836623e-01, -4.23991265e-02,
         1.77249559e-01,  2.85647548e-02,  2.07277575e-02,
         1.09436290e-01,  1.01753984e-02, -5.22453764e-03],
       [-6.80966958e-02, -2.16760043e-01,  1.03119635e-02,
         2.11767949e-02,  1.22212757e-01,  1.65003831e-01,
         3.33350413e-01,  9.27094667e-02,  3.81080479e-01,
         4.47254768e-02, -2.82820559e-01, -4.97468625e-02,
         2.33894394e-02,  3.78167247e-01,  1.20290060e-01,
         1.01753984e-02,  1.68820651e-01, -3.26809342e-02],
       [-1.74650744e-01,  2.18212879e-01, -1.51493263e-01,
        -7.43343830e-02, -1.32952399e-01,  8.91917213e-02,
        -4.27161313e-01, -9.67698240e-02,  4.05031727e-01,
         1.67697508e-01,  1.30152608e-01, -1.78065628e-01,
        -1.34189556e-02, -2.63358102e-01,  3.17840144e-01,
        -5.22453764e-03, -3.26809342e-02,  2.23279700e-01]])
      jac: array([-9.42579348e-07,  3.86468635e-06,  5.91748872e-07,  6.55068592e-06,
        1.02436578e-06,  4.59262258e-07, -8.46360019e-07, -1.32486614e-07,
        3.97089769e-07,  1.11762451e-07,  1.95547282e-06,  4.23735121e-07,
       -4.47308857e-06,  5.10665584e-06,  2.62419716e-06,  2.76519548e-06,
       -6.52478072e-06, -3.56936702e-06])
  message: 'Optimization terminated successfully.'
     nfev: 798
      nit: 33
     njev: 42
   status: 0
  success: True
        x: array([ 0.73440774, -0.0724794 ,  0.42709222,  0.22472448, -1.11220207,
       -1.0663749 ,  1.32061173, -1.63529438, -1.25928723, -1.06622666,
        0.01035596,  0.56491246,  0.12226903,  0.04977878, -0.91610701,
        0.08331626,  1.41555396, -1.1558202 ])
