Program Begingeth
      fun: 0.3070363975119111
 hess_inv: array([[ 4.99844258e+00, -1.24067333e+00, -2.05064787e+00,
         1.92016381e+00, -4.79510099e-01, -2.12602136e+00,
        -1.49213934e+00, -1.08056991e+00, -1.17272441e+01,
        -3.79037227e-01,  1.10203485e+00,  1.54752257e-01,
        -2.19155655e-01, -2.44460233e-01, -5.63878054e-01,
        -3.10562877e-01, -1.57200551e-01, -8.92519389e-02],
       [-1.24067333e+00,  4.13926927e+00,  1.33905793e+00,
        -4.84384120e-01,  1.83585349e+00,  7.94371249e-01,
         2.68723374e+00,  2.01364247e+00,  7.39700098e+00,
         7.95256821e-01,  3.11916394e-01, -8.81905371e-01,
        -3.34246656e-01, -2.21009990e-01,  7.03357559e-04,
        -1.56523603e-02, -1.55355359e-01,  1.06817497e-01],
       [-2.05064787e+00,  1.33905793e+00,  2.35851307e+00,
        -5.66475289e-01,  4.83742669e-01,  1.60499551e+00,
         2.26967401e+00, -8.21122462e-01,  7.53717819e+00,
         1.56251283e-01,  5.31808378e-02, -2.79052589e-01,
         1.86972149e-01,  8.36643766e-02,  1.36293545e-01,
         1.12125613e-01,  1.60112129e-01, -3.34207520e-02],
       [ 1.92016381e+00, -4.84384120e-01, -5.66475289e-01,
         8.04105391e-01, -1.99044171e-01, -7.00966698e-01,
        -1.64941852e-01, -7.19594619e-01, -4.19736950e+00,
        -1.78912693e-01,  4.84887834e-01,  8.89086003e-02,
        -3.38993386e-02, -7.37446591e-02, -2.43526392e-01,
        -1.11188771e-01, -2.64001256e-02, -6.55995209e-02],
       [-4.79510099e-01,  1.83585349e+00,  4.83742669e-01,
        -1.99044171e-01,  8.88867601e-01,  2.90218352e-01,
         1.44313448e+00,  1.46900504e+00,  2.91453392e+00,
         3.08693637e-01,  8.99937194e-02, -3.23086549e-01,
        -1.95909118e-01, -7.39015707e-02, -6.73910910e-04,
        -4.30489219e-02, -9.78968486e-02,  5.36913956e-02],
       [-2.12602136e+00,  7.94371249e-01,  1.60499551e+00,
        -7.00966698e-01,  2.90218352e-01,  1.30628921e+00,
         1.47627416e+00, -1.23165970e-01,  6.45123017e+00,
         6.85876762e-02, -2.99503122e-01, -1.18503319e-01,
         1.79750815e-01,  1.14977349e-01,  2.20244294e-01,
         1.43558542e-01,  1.13899099e-01,  6.02285699e-03],
       [-1.49213934e+00,  2.68723374e+00,  2.26967401e+00,
        -1.64941852e-01,  1.44313448e+00,  1.47627416e+00,
         7.44927448e+00,  1.99234831e+00,  7.80112293e+00,
         1.38896694e-01,  1.02071628e-01, -6.07148670e-02,
        -1.38986337e-01,  3.99019765e-02, -4.21134460e-02,
        -8.08342120e-02, -1.77671666e-01, -6.96618193e-02],
       [-1.08056991e+00,  2.01364247e+00, -8.21122462e-01,
        -7.19594619e-01,  1.46900504e+00, -1.23165970e-01,
         1.99234831e+00,  7.58714067e+00,  2.02038227e+00,
         2.50801256e-01, -7.65733479e-01, -1.62566147e-01,
        -5.20426748e-01,  2.08820563e-02,  3.02480283e-01,
        -8.31218814e-02, -3.56873699e-01,  2.53265794e-01],
       [-1.17272441e+01,  7.39700098e+00,  7.53717819e+00,
        -4.19736950e+00,  2.91453392e+00,  6.45123017e+00,
         7.80112293e+00,  2.02038227e+00,  3.83291225e+01,
         1.18687640e+00, -1.33628200e+00, -1.38496430e+00,
         4.83348861e-01,  1.41573903e-01,  1.11405872e+00,
         7.63036858e-01,  2.36061108e-01,  1.97025717e-01],
       [-3.79037227e-01,  7.95256821e-01,  1.56251283e-01,
        -1.78912693e-01,  3.08693637e-01,  6.85876762e-02,
         1.38896694e-01,  2.50801256e-01,  1.18687640e+00,
         8.83940854e-01, -7.59519842e-02, -1.72467306e-01,
        -2.22864010e-01, -2.19467770e-03,  1.28938113e-01,
         3.00712583e-03,  3.14171508e-02,  2.36197032e-01],
       [ 1.10203485e+00,  3.11916394e-01,  5.31808378e-02,
         4.84887834e-01,  8.99937194e-02, -2.99503122e-01,
         1.02071628e-01, -7.65733479e-01, -1.33628200e+00,
        -7.59519842e-02,  9.16722713e-01, -2.02950964e-01,
        -3.54330702e-02, -2.13640617e-01, -2.82990011e-01,
        -9.46801732e-02, -3.35908643e-02, -1.38575041e-01],
       [ 1.54752257e-01, -8.81905371e-01, -2.79052589e-01,
         8.89086003e-02, -3.23086549e-01, -1.18503319e-01,
        -6.07148670e-02, -1.62566147e-01, -1.38496430e+00,
        -1.72467306e-01, -2.02950964e-01,  5.10089996e-01,
         2.63594942e-02,  1.37460573e-01, -1.99027604e-02,
        -5.69806478e-02,  5.12447670e-02, -2.97015599e-03],
       [-2.19155655e-01, -3.34246656e-01,  1.86972149e-01,
        -3.38993386e-02, -1.95909118e-01,  1.79750815e-01,
        -1.38986337e-01, -5.20426748e-01,  4.83348861e-01,
        -2.22864010e-01, -3.54330702e-02,  2.63594942e-02,
         1.78201050e-01,  3.64789979e-02,  8.28376902e-03,
         8.57313763e-02,  6.69527603e-02, -7.48009854e-02],
       [-2.44460233e-01, -2.21009990e-01,  8.36643766e-02,
        -7.37446591e-02, -7.39015707e-02,  1.14977349e-01,
         3.99019765e-02,  2.08820563e-02,  1.41573903e-01,
        -2.19467770e-03, -2.13640617e-01,  1.37460573e-01,
         3.64789979e-02,  1.20098837e-01,  5.49806103e-02,
         1.42948290e-02,  7.64107797e-02,  2.09592537e-02],
       [-5.63878054e-01,  7.03357559e-04,  1.36293545e-01,
        -2.43526392e-01, -6.73910910e-04,  2.20244294e-01,
        -4.21134460e-02,  3.02480283e-01,  1.11405872e+00,
         1.28938113e-01, -2.82990011e-01, -1.99027604e-02,
         8.28376902e-03,  5.49806103e-02,  1.60463370e-01,
         5.67678218e-02,  1.82305951e-02,  9.73759926e-02],
       [-3.10562877e-01, -1.56523603e-02,  1.12125613e-01,
        -1.11188771e-01, -4.30489219e-02,  1.43558542e-01,
        -8.08342120e-02, -8.31218814e-02,  7.63036858e-01,
         3.00712583e-03, -9.46801732e-02, -5.69806478e-02,
         8.57313763e-02,  1.42948290e-02,  5.67678218e-02,
         8.87644969e-02,  3.15248467e-02,  8.50468296e-04],
       [-1.57200551e-01, -1.55355359e-01,  1.60112129e-01,
        -2.64001256e-02, -9.78968486e-02,  1.13899099e-01,
        -1.77671666e-01, -3.56873699e-01,  2.36061108e-01,
         3.14171508e-02, -3.35908643e-02,  5.12447670e-02,
         6.69527603e-02,  7.64107797e-02,  1.82305951e-02,
         3.15248467e-02,  1.08789209e-01, -1.76477482e-03],
       [-8.92519389e-02,  1.06817497e-01, -3.34207520e-02,
        -6.55995209e-02,  5.36913956e-02,  6.02285699e-03,
        -6.96618193e-02,  2.53265794e-01,  1.97025717e-01,
         2.36197032e-01, -1.38575041e-01, -2.97015599e-03,
        -7.48009854e-02,  2.09592537e-02,  9.73759926e-02,
         8.50468296e-04, -1.76477482e-03,  1.28326785e-01]])
      jac: array([-2.59126054e-06, -6.78975395e-06, -5.78278166e-06,  7.46402940e-06,
        1.73513056e-05,  1.43862700e-05, -6.96479911e-07, -8.63383439e-07,
       -9.20744962e-07,  1.23123733e-06, -4.61408689e-06, -2.29372077e-06,
        1.58539848e-06, -1.87642494e-05, -1.47422815e-05, -1.98655907e-06,
        7.92329165e-06,  1.12073314e-05])
  message: 'Desired error not necessarily achieved due to precision loss.'
     nfev: 2178
      nit: 62
     njev: 114
   status: 2
  success: False
        x: array([-0.87546741, -1.41098244,  0.71103247, -1.0087757 , -1.43161884,
        0.25198985, -0.46538235, -2.24210883, -0.22611854, -0.00318271,
        0.55135894,  1.18808821,  0.13012031,  0.12133061, -0.32168925,
        1.22106134, -0.27496696, -0.04197751])
