Program Begingeth
      fun: 0.3301700041418544
 hess_inv: array([[ 1.81729227e+01, -5.82833004e+00, -1.07246841e+01,
         7.12096974e+00, -2.77980314e+00, -3.79535423e+00,
         1.58003140e+01,  5.78899322e+00,  3.26159403e+00,
        -6.09508077e-01, -9.48222897e-01, -1.16982597e-01,
        -1.84214260e+00,  3.92022933e-01,  1.58860220e-01,
        -5.72653840e-01,  1.30811646e+00, -4.80956222e-01],
       [-5.82833004e+00,  4.78476083e+00,  3.56091164e+00,
        -2.04536398e+00,  2.12605180e+00,  1.44467279e+00,
        -4.53191267e+00, -4.18081689e-01,  3.91515773e-01,
         3.11530960e-01,  2.80347543e-01, -5.28692881e-01,
         7.48024939e-01, -2.45411940e-01,  2.12664190e-01,
         1.54866090e-01, -4.79190355e-01,  2.43576297e-01],
       [-1.07246841e+01,  3.56091164e+00,  1.26504572e+01,
        -4.72788119e+00,  1.20803727e+00,  4.77744023e+00,
        -1.51171085e+01, -6.91973448e+00, -1.24252166e-01,
         5.22206708e-01,  1.61331009e+00, -3.07171363e-01,
         7.97573424e-01, -6.88763427e-01, -1.75463519e-01,
         1.61348063e-01, -7.38357583e-01,  3.74720474e-01],
       [ 7.12096974e+00, -2.04536398e+00, -4.72788119e+00,
         2.91542686e+00, -9.49807446e-01, -1.69335114e+00,
         7.10259019e+00,  2.57804069e+00,  1.33233640e+00,
        -2.66027847e-01, -4.41152231e-01, -7.75241607e-02,
        -6.29390809e-01,  1.57314210e-01,  8.27920748e-02,
        -1.89129976e-01,  4.68297913e-01, -1.82138210e-01],
       [-2.77980314e+00,  2.12605180e+00,  1.20803727e+00,
        -9.49807446e-01,  1.02340799e+00,  4.92638826e-01,
        -1.75087300e+00,  2.76321654e-01, -3.09382165e-02,
         1.86791523e-01,  4.65602040e-02, -1.48566530e-01,
         3.65775404e-01, -5.38754064e-02,  9.18089680e-02,
         1.02840731e-01, -2.23831284e-01,  1.01817912e-01],
       [-3.79535423e+00,  1.44467279e+00,  4.77744023e+00,
        -1.69335114e+00,  4.92638826e-01,  1.86715917e+00,
        -5.66502233e+00, -2.38610266e+00,  3.20015970e-01,
         2.80541572e-01,  5.41269526e-01, -1.41543537e-01,
         2.48217100e-01, -2.54971392e-01, -2.44895752e-02,
         3.63824226e-02, -2.63385417e-01,  1.40010448e-01],
       [ 1.58003140e+01, -4.53191267e+00, -1.51171085e+01,
         7.10259019e+00, -1.75087300e+00, -5.66502233e+00,
         2.23550824e+01,  8.07510020e+00,  2.01212753e+00,
        -6.27569519e-01, -1.49427494e+00,  8.45930773e-02,
        -1.08135145e+00,  5.71047263e-01,  1.44033723e-01,
        -2.48884307e-01,  9.12874484e-01, -5.00784362e-01],
       [ 5.78899322e+00, -4.18081689e-01, -6.91973448e+00,
         2.57804069e+00,  2.76321654e-01, -2.38610266e+00,
         8.07510020e+00,  7.44589263e+00,  8.76540876e-01,
         2.92088771e-01, -9.44011604e-01,  9.57505601e-02,
        -5.44024394e-01,  4.36010761e-01,  2.96225260e-01,
        -1.11938457e-01,  4.04146919e-01, -1.86053942e-01],
       [ 3.26159403e+00,  3.91515773e-01, -1.24252166e-01,
         1.33233640e+00, -3.09382165e-02,  3.20015970e-01,
         2.01212753e+00,  8.76540876e-01,  3.73728067e+00,
         2.33942578e-01,  2.90097853e-04, -2.93428136e-01,
        -3.42499134e-01, -1.73544691e-01,  1.29920533e-01,
        -1.77971393e-01,  1.17511182e-01, -7.48113504e-02],
       [-6.09508077e-01,  3.11530960e-01,  5.22206708e-01,
        -2.66027847e-01,  1.86791523e-01,  2.80541572e-01,
        -6.27569519e-01,  2.92088771e-01,  2.33942578e-01,
         8.95404683e-01,  1.73576551e-01, -4.59775369e-02,
        -1.64278354e-01, -4.69938918e-02, -7.71244300e-02,
        -3.40815129e-04, -6.62959642e-02, -1.82021511e-01],
       [-9.48222897e-01,  2.80347543e-01,  1.61331009e+00,
        -4.41152231e-01,  4.65602040e-02,  5.41269526e-01,
        -1.49427494e+00, -9.44011604e-01,  2.90097853e-04,
         1.73576551e-01,  7.81027638e-01, -1.23009751e-01,
         2.92712266e-02, -2.38559494e-01, -1.63742551e-01,
         1.03666114e-02, -8.49076948e-02, -8.29187957e-02],
       [-1.16982597e-01, -5.28692881e-01, -3.07171363e-01,
        -7.75241607e-02, -1.48566530e-01, -1.41543537e-01,
         8.45930773e-02,  9.57505601e-02, -2.93428136e-01,
        -4.59775369e-02, -1.23009751e-01,  4.55564246e-01,
         2.24604168e-02,  1.24457047e-01, -8.42974912e-02,
         6.71949489e-02,  4.90701589e-02,  1.16516301e-02],
       [-1.84214260e+00,  7.48024939e-01,  7.97573424e-01,
        -6.29390809e-01,  3.65775404e-01,  2.48217100e-01,
        -1.08135145e+00, -5.44024394e-01, -3.42499134e-01,
        -1.64278354e-01,  2.92712266e-02,  2.24604168e-02,
         3.35056146e-01, -3.18924071e-02,  7.55367982e-03,
         1.17520511e-01, -1.63074038e-01,  1.05164224e-01],
       [ 3.92022933e-01, -2.45411940e-01, -6.88763427e-01,
         1.57314210e-01, -5.38754064e-02, -2.54971392e-01,
         5.71047263e-01,  4.36010761e-01, -1.73544691e-01,
        -4.69938918e-02, -2.38559494e-01,  1.24457047e-01,
        -3.18924071e-02,  1.23952979e-01,  2.46052227e-02,
         6.41403376e-03,  7.35608061e-02,  1.09553528e-02],
       [ 1.58860220e-01,  2.12664190e-01, -1.75463519e-01,
         8.27920748e-02,  9.18089680e-02, -2.44895752e-02,
         1.44033723e-01,  2.96225260e-01,  1.29920533e-01,
        -7.71244300e-02, -1.63742551e-01, -8.42974912e-02,
         7.55367982e-03,  2.46052227e-02,  1.04020448e-01,
        -2.19807454e-02,  6.72932919e-03,  6.21959984e-02],
       [-5.72653840e-01,  1.54866090e-01,  1.61348063e-01,
        -1.89129976e-01,  1.02840731e-01,  3.63824226e-02,
        -2.48884307e-01, -1.11938457e-01, -1.77971393e-01,
        -3.40815129e-04,  1.03666114e-02,  6.71949489e-02,
         1.17520511e-01,  6.41403376e-03, -2.19807454e-02,
         7.42823489e-02, -5.06511059e-02,  1.74612675e-02],
       [ 1.30811646e+00, -4.79190355e-01, -7.38357583e-01,
         4.68297913e-01, -2.23831284e-01, -2.63385417e-01,
         9.12874484e-01,  4.04146919e-01,  1.17511182e-01,
        -6.62959642e-02, -8.49076948e-02,  4.90701589e-02,
        -1.63074038e-01,  7.35608061e-02,  6.72932919e-03,
        -5.06511059e-02,  1.52332977e-01, -2.81673078e-02],
       [-4.80956222e-01,  2.43576297e-01,  3.74720474e-01,
        -1.82138210e-01,  1.01817912e-01,  1.40010448e-01,
        -5.00784362e-01, -1.86053942e-01, -7.48113504e-02,
        -1.82021511e-01, -8.29187957e-02,  1.16516301e-02,
         1.05164224e-01,  1.09553528e-02,  6.21959984e-02,
         1.74612675e-02, -2.81673078e-02,  1.08046578e-01]])
      jac: array([-3.18863454e-05,  3.41282558e-05,  3.60685555e-05,  6.77639426e-05,
       -1.00098818e-04, -8.60855831e-05, -6.40746715e-06,  1.47752181e-05,
        3.62820885e-06,  1.62129569e-05, -2.00617301e-05,  8.28374406e-06,
        3.71547237e-05, -3.72539037e-05,  2.82840418e-05, -2.70109860e-05,
        7.23954230e-05, -3.53343281e-05])
  message: 'Desired error not necessarily achieved due to precision loss.'
     nfev: 2995
      nit: 96
     njev: 157
   status: 2
  success: False
        x: array([ 1.05462609, -1.28276719, -0.12038497,  1.42838467, -1.18029555,
       -0.1414642 ,  2.06314646, -1.32241377, -1.07247366,  0.00314283,
        0.39611081,  1.18450281,  0.00471415,  0.11688668, -0.27576137,
       -1.256475  , -0.48067595,  0.0037764 ])
