Program Begingeth
      fun: 0.3407717900224102
 hess_inv: array([[ 7.36074460e+00, -1.45045389e+00,  2.43271428e-01,
         1.84305795e+00, -8.65718548e-01,  1.51734163e+00,
         2.20279726e-01,  1.88301104e+00,  4.10110657e+00,
        -7.02613255e-01, -1.11330463e+00,  8.85604015e-01,
        -1.28773632e+00,  4.56509811e-01,  5.84095283e-01,
        -2.55885182e-01,  8.39901977e-01, -4.81947620e-01],
       [-1.45045389e+00,  4.73652028e+00,  1.43941295e+00,
        -3.62588367e-01,  1.82027358e+00,  1.67865857e-01,
        -6.52876533e+00, -1.98754114e-01,  4.40735249e+00,
        -1.73049448e-01,  2.90213811e-01, -1.85456247e+00,
         7.28008022e-01, -4.97720370e-01, -2.76113911e-01,
        -1.18203984e-03, -3.97780084e-01,  6.18800198e-02],
       [ 2.43271428e-01,  1.43941295e+00,  2.54898481e+00,
        -2.69500255e-01,  4.71440128e-01,  7.82808646e-01,
        -3.82053964e+00, -2.43425983e+00,  2.14523941e+00,
        -1.08294588e-01,  9.57058599e-01, -8.49674797e-01,
         1.24361157e-02, -1.68428814e-01, -3.30770458e-01,
         1.39933172e-01,  9.96150622e-03, -1.24370720e-01],
       [ 1.84305795e+00, -3.62588367e-01, -2.69500255e-01,
         5.65255708e-01, -2.29196634e-01,  2.71933173e-01,
         8.51851417e-01,  8.93328566e-01,  1.01072378e+00,
        -2.28745714e-01, -4.35295952e-01,  2.17761637e-01,
        -2.74182728e-01,  1.06416955e-01,  2.12933343e-01,
        -7.89658776e-02,  2.07674936e-01, -7.24165424e-02],
       [-8.65718548e-01,  1.82027358e+00,  4.71440128e-01,
        -2.29196634e-01,  8.86418988e-01,  2.87915150e-02,
        -3.93673064e+00,  5.50309403e-01,  1.34293332e+00,
         1.39546314e-01,  7.94891159e-02, -6.09964722e-01,
         4.19133616e-01, -1.39538145e-01, -9.53436713e-02,
         6.67861956e-02, -2.90365783e-01,  3.99926233e-02],
       [ 1.51734163e+00,  1.67865857e-01,  7.82808646e-01,
         2.71933173e-01,  2.87915150e-02,  6.04541805e-01,
        -1.72865630e+00, -6.26454484e-02,  1.76531292e+00,
        -9.99766896e-03, -4.66848951e-02, -4.88246633e-02,
        -2.64676232e-01,  5.84073281e-02,  7.06259133e-02,
        -2.82388906e-02,  1.20737157e-01, -1.29126420e-01],
       [ 2.20279726e-01, -6.52876533e+00, -3.82053964e+00,
         8.51851417e-01, -3.93673064e+00, -1.72865630e+00,
         3.17937352e+01, -2.57091786e+00, -8.22603103e+00,
        -1.53448823e+00, -5.45759636e-01,  1.76988160e+00,
        -1.38160368e+00,  3.66586946e-01,  3.55682991e-01,
        -4.37667462e-01,  1.78748239e+00,  4.34629214e-01],
       [ 1.88301104e+00, -1.98754114e-01, -2.43425983e+00,
         8.93328566e-01,  5.50309403e-01, -6.26454484e-02,
        -2.57091786e+00,  8.62995395e+00,  5.08598407e-01,
         3.73849804e-01, -1.78643766e+00,  5.98044690e-01,
         2.06178056e-02,  3.98367755e-01,  8.38254217e-01,
        -2.44958396e-01, -5.75227417e-02,  8.21836566e-02],
       [ 4.10110657e+00,  4.40735249e+00,  2.14523941e+00,
         1.01072378e+00,  1.34293332e+00,  1.76531292e+00,
        -8.22603103e+00,  5.08598407e-01,  1.26455185e+01,
        -4.33571282e-01, -1.98925389e-01, -1.46524507e+00,
        -2.54703672e-01, -5.01936503e-01,  1.59209270e-01,
        -2.78586622e-01, -2.25105135e-03, -2.27905306e-01],
       [-7.02613255e-01, -1.73049448e-01, -1.08294588e-01,
        -2.28745714e-01,  1.39546314e-01, -9.99766896e-03,
        -1.53448823e+00,  3.73849804e-01, -4.33571282e-01,
         9.55780525e-01,  1.11804014e-01,  9.41987419e-02,
        -7.06050404e-03, -1.83096530e-02, -3.88906089e-02,
         4.55144521e-02, -2.52220249e-01, -1.14453700e-01],
       [-1.11330463e+00,  2.90213811e-01,  9.57058599e-01,
        -4.35295952e-01,  7.94891159e-02, -4.66848951e-02,
        -5.45759636e-01, -1.78643766e+00, -1.98925389e-01,
         1.11804014e-01,  1.26979885e+00, -3.81565445e-01,
         1.51117617e-01, -2.82067403e-01, -4.08827814e-01,
         1.51749616e-01, -1.17415349e-01, -9.36847257e-02],
       [ 8.85604015e-01, -1.85456247e+00, -8.49674797e-01,
         2.17761637e-01, -6.09964722e-01, -4.88246633e-02,
         1.76988160e+00,  5.98044690e-01, -1.46524507e+00,
         9.41987419e-02, -3.81565445e-01,  1.19057152e+00,
        -2.63269529e-01,  3.26150672e-01,  1.26094416e-01,
         4.31279444e-02,  1.68567641e-01, -2.20941951e-02],
       [-1.28773632e+00,  7.28008022e-01,  1.24361157e-02,
        -2.74182728e-01,  4.19133616e-01, -2.64676232e-01,
        -1.38160368e+00,  2.06178056e-02, -2.54703672e-01,
        -7.06050404e-03,  1.51117617e-01, -2.63269529e-01,
         4.50185846e-01, -1.04418831e-01, -9.57857326e-02,
         1.25247054e-01, -2.58334628e-01,  1.34609625e-01],
       [ 4.56509811e-01, -4.97720370e-01, -1.68428814e-01,
         1.06416955e-01, -1.39538145e-01,  5.84073281e-02,
         3.66586946e-01,  3.98367755e-01, -5.01936503e-01,
        -1.83096530e-02, -2.82067403e-01,  3.26150672e-01,
        -1.04418831e-01,  1.81112800e-01,  9.42960113e-02,
         1.02124811e-03,  1.08814692e-01,  7.95025885e-03],
       [ 5.84095283e-01, -2.76113911e-01, -3.30770458e-01,
         2.12933343e-01, -9.53436713e-02,  7.06259133e-02,
         3.55682991e-01,  8.38254217e-01,  1.59209270e-01,
        -3.88906089e-02, -4.08827814e-01,  1.26094416e-01,
        -9.57857326e-02,  9.42960113e-02,  1.96517651e-01,
        -6.65382874e-02,  5.73929086e-02,  4.00670815e-02],
       [-2.55885182e-01, -1.18203984e-03,  1.39933172e-01,
        -7.89658776e-02,  6.67861956e-02, -2.82388906e-02,
        -4.37667462e-01, -2.44958396e-01, -2.78586622e-01,
         4.55144521e-02,  1.51749616e-01,  4.31279444e-02,
         1.25247054e-01,  1.02124811e-03, -6.65382874e-02,
         1.11574710e-01, -6.80426573e-02,  1.38608804e-02],
       [ 8.39901977e-01, -3.97780084e-01,  9.96150622e-03,
         2.07674936e-01, -2.90365783e-01,  1.20737157e-01,
         1.78748239e+00, -5.75227417e-02, -2.25105135e-03,
        -2.52220249e-01, -1.17415349e-01,  1.68567641e-01,
        -2.58334628e-01,  1.08814692e-01,  5.73929086e-02,
        -6.80426573e-02,  2.86825232e-01, -2.95762004e-02],
       [-4.81947620e-01,  6.18800198e-02, -1.24370720e-01,
        -7.24165424e-02,  3.99926233e-02, -1.29126420e-01,
         4.34629214e-01,  8.21836566e-02, -2.27905306e-01,
        -1.14453700e-01, -9.36847257e-02, -2.20941951e-02,
         1.34609625e-01,  7.95025885e-03,  4.00670815e-02,
         1.38608804e-02, -2.95762004e-02,  1.36711219e-01]])
      jac: array([-8.13793477e-07,  1.09912079e-07, -1.10652228e-06,  2.72559753e-06,
       -3.84507241e-07,  1.27564626e-06, -2.06501483e-07,  5.44009282e-08,
        1.51360406e-07,  2.29446092e-08,  7.27936230e-07, -4.22624898e-07,
       -2.27780757e-06,  1.12391578e-06, -2.71449530e-06,  2.72855812e-06,
        2.47949809e-07,  2.90434343e-06])
  message: 'Optimization terminated successfully.'
     nfev: 1330
      nit: 62
     njev: 70
   status: 0
  success: True
        x: array([ 0.64917042, -0.91324761,  0.54821866,  1.09794749, -0.97888128,
        0.10360279,  0.52552072, -1.85741729, -0.44836408,  0.00240133,
        0.5463445 ,  1.14076548,  0.02849203,  0.0163202 , -0.35442801,
       -1.07518556, -0.77616253, -0.01310966])
