Program Begingeth
      fun: 0.31231890561938674
 hess_inv: array([[ 1.01313357e+01,  3.14665673e+00,  5.60245904e+00,
         4.00448370e+00,  1.51610301e+00,  1.75331186e+00,
         9.76794281e+00, -2.68531192e+00, -1.98820277e+00,
        -1.95550316e-01,  8.36586372e-01, -3.91919890e-02,
        -1.12840799e+00, -2.68440416e-01, -2.63227737e-01,
        -3.74155834e-01, -6.59180609e-01,  2.51276345e-01],
       [ 3.14665673e+00,  4.09385908e+00,  2.27989096e+00,
         1.02068962e+00,  1.73600249e+00,  8.89825450e-01,
         2.78950547e+00,  1.02609120e+00,  7.93256833e-01,
        -1.92456599e-01,  2.71955779e-01, -7.72588881e-01,
        -4.69430693e-01, -3.06971304e-01,  1.50194746e-01,
        -3.26251246e-02, -2.78446607e-01,  1.34215006e-01],
       [ 5.60245904e+00,  2.27989096e+00,  1.45517199e+01,
         3.31290614e+00,  4.17561449e-01,  5.48367654e+00,
         1.70363973e+01, -6.83776152e+00,  2.72663473e+00,
        -4.54601108e-01,  2.80736459e+00, -8.57968833e-01,
        -1.36974431e-01, -8.22765403e-01, -4.70027658e-01,
        -5.31817898e-02, -1.84980652e-01,  1.90488268e-01],
       [ 4.00448370e+00,  1.02068962e+00,  3.31290614e+00,
         1.77566904e+00,  4.51881248e-01,  1.12845737e+00,
         5.49502512e+00, -1.67432098e+00, -6.06499101e-01,
        -1.00976299e-01,  5.10056352e-01, -1.32914938e-02,
        -3.44191720e-01, -1.13830627e-01, -1.40466083e-01,
        -1.23819758e-01, -1.97632000e-01,  1.00857870e-01],
       [ 1.51610301e+00,  1.73600249e+00,  4.17561449e-01,
         4.51881248e-01,  8.20363606e-01,  1.67387610e-01,
         7.71315482e-01,  1.00647147e+00,  5.43825907e-02,
        -1.27168127e-01, -2.09803470e-02, -2.31453311e-01,
        -2.38666412e-01, -6.68258878e-02,  8.40676576e-02,
        -4.31924753e-02, -1.32908917e-01,  5.95306701e-02],
       [ 1.75331186e+00,  8.89825450e-01,  5.48367654e+00,
         1.12845737e+00,  1.67387610e-01,  2.14206034e+00,
         6.36117986e+00, -2.27823686e+00,  1.41510870e+00,
        -2.71899508e-01,  9.65495311e-01, -3.52457119e-01,
         2.73558118e-02, -2.97349681e-01, -1.27253016e-01,
         1.43529495e-02, -4.73040435e-02,  6.61674422e-02],
       [ 9.76794281e+00,  2.78950547e+00,  1.70363973e+01,
         5.49502512e+00,  7.71315482e-01,  6.36117986e+00,
         2.55030534e+01, -7.88665501e+00,  1.05410105e+00,
        -3.75734326e-01,  2.66336039e+00, -5.96821505e-01,
        -3.80718249e-01, -6.00501216e-01, -4.55720775e-01,
        -1.75359652e-01, -2.14376961e-01,  3.53429159e-01],
       [-2.68531192e+00,  1.02609120e+00, -6.83776152e+00,
        -1.67432098e+00,  1.00647147e+00, -2.27823686e+00,
        -7.88665501e+00,  8.17502909e+00, -2.31806806e-01,
        -5.01321252e-01, -1.58989636e+00,  8.18141225e-02,
         1.52954004e-01,  4.03549396e-01,  5.49121806e-01,
         7.82725898e-02,  5.17911614e-02, -5.30991246e-02],
       [-1.98820277e+00,  7.93256833e-01,  2.72663473e+00,
        -6.06499101e-01,  5.43825907e-02,  1.41510870e+00,
         1.05410105e+00, -2.31806806e-01,  4.23652202e+00,
        -4.66151878e-01,  4.96369549e-01, -4.92373039e-01,
         3.86313380e-01, -3.52898647e-01,  1.84132885e-02,
         1.97615005e-01,  3.23509415e-02, -9.83599596e-02],
       [-1.95550316e-01, -1.92456599e-01, -4.54601108e-01,
        -1.00976299e-01, -1.27168127e-01, -2.71899508e-01,
        -3.75734326e-01, -5.01321252e-01, -4.66151878e-01,
         8.65248057e-01, -1.51341875e-01,  5.70767140e-02,
        -1.97414703e-01,  5.47724661e-02,  6.16142362e-02,
        -2.37769644e-02,  4.65015728e-02,  1.74309485e-01],
       [ 8.36586372e-01,  2.71955779e-01,  2.80736459e+00,
         5.10056352e-01, -2.09803470e-02,  9.65495311e-01,
         2.66336039e+00, -1.58989636e+00,  4.96369549e-01,
        -1.51341875e-01,  1.12517510e+00, -1.88327926e-01,
        -1.31537164e-02, -3.05958486e-01, -2.56285379e-01,
        -3.70894551e-02, -4.48194349e-02, -8.38196990e-02],
       [-3.91919890e-02, -7.72588881e-01, -8.57968833e-01,
        -1.32914938e-02, -2.31453311e-01, -3.52457119e-01,
        -5.96821505e-01,  8.18141225e-02, -4.92373039e-01,
         5.70767140e-02, -1.88327926e-01,  5.00772210e-01,
        -1.67113100e-02,  1.59057932e-01, -7.26484266e-02,
        -7.01248406e-02,  4.62732558e-02, -4.48471465e-03],
       [-1.12840799e+00, -4.69430693e-01, -1.36974431e-01,
        -3.44191720e-01, -2.38666412e-01,  2.73558118e-02,
        -3.80718249e-01,  1.52954004e-01,  3.86313380e-01,
        -1.97414703e-01, -1.31537164e-02, -1.67113100e-02,
         2.62437945e-01,  2.52295648e-02,  7.41044052e-03,
         9.29582405e-02,  1.05370817e-01, -7.49117487e-02],
       [-2.68440416e-01, -3.06971304e-01, -8.22765403e-01,
        -1.13830627e-01, -6.68258878e-02, -2.97349681e-01,
        -6.00501216e-01,  4.03549396e-01, -3.52898647e-01,
         5.47724661e-02, -3.05958486e-01,  1.59057932e-01,
         2.52295648e-02,  1.47219352e-01,  5.04621286e-02,
        -3.63277024e-03,  6.35924530e-02,  2.21843001e-02],
       [-2.63227737e-01,  1.50194746e-01, -4.70027658e-01,
        -1.40466083e-01,  8.40676576e-02, -1.27253016e-01,
        -4.55720775e-01,  5.49121806e-01,  1.84132885e-02,
         6.16142362e-02, -2.56285379e-01, -7.26484266e-02,
         7.41044052e-03,  5.04621286e-02,  1.24523795e-01,
         2.93154324e-02,  1.36062400e-02,  5.66052541e-02],
       [-3.74155834e-01, -3.26251246e-02, -5.31817898e-02,
        -1.23819758e-01, -4.31924753e-02,  1.43529495e-02,
        -1.75359652e-01,  7.82725898e-02,  1.97615005e-01,
        -2.37769644e-02, -3.70894551e-02, -7.01248406e-02,
         9.29582405e-02, -3.63277024e-03,  2.93154324e-02,
         6.46177109e-02,  3.12050622e-02, -1.17634883e-02],
       [-6.59180609e-01, -2.78446607e-01, -1.84980652e-01,
        -1.97632000e-01, -1.32908917e-01, -4.73040435e-02,
        -2.14376961e-01,  5.17911614e-02,  3.23509415e-02,
         4.65015728e-02, -4.48194349e-02,  4.62732558e-02,
         1.05370817e-01,  6.35924530e-02,  1.36062400e-02,
         3.12050622e-02,  1.04952114e-01, -4.88786333e-03],
       [ 2.51276345e-01,  1.34215006e-01,  1.90488268e-01,
         1.00857870e-01,  5.95306701e-02,  6.61674422e-02,
         3.53429159e-01, -5.30991246e-02, -9.83599596e-02,
         1.74309485e-01, -8.38196990e-02, -4.48471465e-03,
        -7.49117487e-02,  2.21843001e-02,  5.66052541e-02,
        -1.17634883e-02, -4.88786333e-03,  8.95569445e-02]])
      jac: array([ 1.39629049e-05,  1.15196741e-05, -1.88042174e-05, -3.10618198e-05,
       -3.28407671e-05,  5.19447448e-05,  4.72251867e-06,  4.23624099e-06,
       -5.02783000e-06,  9.18228456e-06, -4.46568708e-06,  3.85987538e-07,
       -8.69970762e-06, -1.33359990e-05, -1.52470629e-05,  2.40851783e-05,
        2.74332409e-05, -2.63977729e-05])
  message: 'Desired error not necessarily achieved due to precision loss.'
     nfev: 2387
      nit: 85
     njev: 125
   status: 2
  success: False
        x: array([-0.89407365, -1.22583105, -0.03940774, -1.28759519, -1.17793524,
       -0.10779632, -1.81742119, -1.3959047 , -1.07059132,  0.11156268,
        0.42168552,  1.1721468 ,  0.10597721,  0.15501167, -0.26803676,
        1.38572821, -0.35359082,  0.01150847])
