Program Begingeth
      fun: 0.3768889836769163
 hess_inv: array([[ 1.45047119e+01,  5.09439609e+00,  3.85676882e+00,
         4.99453550e+00,  2.79346504e+00,  1.04069518e+00,
         8.55638061e+00, -2.58374618e+00, -2.62977233e+00,
        -3.34304252e-01,  5.48539451e-01,  4.30088029e-02,
        -2.03929172e+00, -1.22689511e-01, -1.87693348e-01,
        -6.31987617e-01, -1.19403103e+00,  3.01995089e-01],
       [ 5.09439609e+00,  4.80102708e+00,  1.18769369e+00,
         1.42110515e+00,  2.32753072e+00,  5.28737967e-01,
         1.87992412e+00,  1.97851372e+00,  8.12104181e-01,
        -4.07378525e-01,  9.74302307e-02, -7.73687155e-01,
        -8.77483245e-01, -1.80897044e-01,  2.52224212e-01,
        -1.78980619e-01, -4.87488814e-01,  1.45429934e-01],
       [ 3.85676882e+00,  1.18769369e+00,  4.57248510e+00,
         1.70988075e+00,  3.71776987e-01,  1.74918759e+00,
         6.03124136e+00, -3.11187404e+00,  1.06300168e+00,
        -3.56446371e-01,  9.45619966e-01, -1.98471306e-01,
        -2.91056149e-01, -3.37693340e-01, -1.32299877e-01,
        -6.92609279e-02, -3.07883217e-01,  9.04565262e-02],
       [ 4.99453550e+00,  1.42110515e+00,  1.70988075e+00,
         1.85265050e+00,  7.86090715e-01,  5.05640108e-01,
         3.83298482e+00, -1.36013136e+00, -9.60022458e-01,
        -1.27552995e-01,  2.45661577e-01,  1.01938628e-01,
        -6.12004187e-01, -3.16356795e-02, -9.93897968e-02,
        -1.92372122e-01, -3.70934852e-01,  9.40488390e-02],
       [ 2.79346504e+00,  2.32753072e+00,  3.71776987e-01,
         7.86090715e-01,  1.21793272e+00,  1.63728709e-01,
         8.60373184e-01,  1.39104069e+00,  9.91261583e-02,
        -2.50775718e-01,  2.19770342e-03, -2.70857515e-01,
        -4.76017365e-01, -3.57357115e-02,  1.14315094e-01,
        -1.27344664e-01, -2.59062278e-01,  7.31894554e-02],
       [ 1.04069518e+00,  5.28737967e-01,  1.74918759e+00,
         5.05640108e-01,  1.63728709e-01,  7.64449511e-01,
         2.21947256e+00, -7.76905743e-01,  9.49615824e-01,
        -2.76916776e-01,  2.61718853e-01, -1.24084949e-01,
        -1.34314933e-02, -1.28989326e-01,  1.19534695e-02,
         1.26321068e-02, -9.48245488e-02,  2.81859793e-02],
       [ 8.55638061e+00,  1.87992412e+00,  6.03124136e+00,
         3.83298482e+00,  8.60373184e-01,  2.21947256e+00,
         1.28635433e+01, -4.50132582e+00, -5.91035944e-01,
        -3.23856394e-01,  7.11238004e-01,  1.41185656e-01,
        -7.22359109e-01, -1.43325180e-01, -1.40579393e-01,
        -2.29600046e-01, -5.22617149e-01,  2.11098538e-01],
       [-2.58374618e+00,  1.97851372e+00, -3.11187404e+00,
        -1.36013136e+00,  1.39104069e+00, -7.76905743e-01,
        -4.50132582e+00,  9.01043045e+00,  1.19002140e+00,
        -8.50622573e-01, -6.61412859e-01, -3.50688103e-01,
         2.81942348e-01,  1.84166484e-01,  4.77672176e-01,
         7.70676480e-02,  1.34873739e-01, -7.06175965e-02],
       [-2.62977233e+00,  8.12104181e-01,  1.06300168e+00,
        -9.60022458e-01,  9.91261583e-02,  9.49615824e-01,
        -5.91035944e-01,  1.19002140e+00,  4.99147837e+00,
        -6.02925089e-01,  1.86205401e-02, -4.56099116e-01,
         4.68947942e-01, -2.88586352e-01,  2.03031028e-01,
         2.33057000e-01,  5.76928745e-02, -7.66401318e-02],
       [-3.34304252e-01, -4.07378525e-01, -3.56446371e-01,
        -1.27552995e-01, -2.50775718e-01, -2.76916776e-01,
        -3.23856394e-01, -8.50622573e-01, -6.02925089e-01,
         1.11304662e+00, -1.97158102e-01,  9.36636868e-02,
        -2.25289026e-01,  8.19770508e-02,  2.36904919e-02,
        -2.27532140e-02,  8.39108830e-02,  1.85946104e-01],
       [ 5.48539451e-01,  9.74302307e-02,  9.45619966e-01,
         2.45661577e-01,  2.19770342e-03,  2.61718853e-01,
         7.11238004e-01, -6.61412859e-01,  1.86205401e-02,
        -1.97158102e-01,  8.99501866e-01, -6.78661160e-02,
        -9.33122459e-03, -2.28095430e-01, -1.98195145e-01,
        -2.51103727e-02, -4.99759800e-02, -1.16418192e-01],
       [ 4.30088029e-02, -7.73687155e-01, -1.98471306e-01,
         1.01938628e-01, -2.70857515e-01, -1.24084949e-01,
         1.41185656e-01, -3.50688103e-01, -4.56099116e-01,
         9.36636868e-02, -6.78661160e-02,  5.67533850e-01,
         1.20940003e-02,  1.26058983e-01, -1.35359157e-01,
        -5.92658689e-02,  5.24632479e-02,  1.24531984e-03],
       [-2.03929172e+00, -8.77483245e-01, -2.91056149e-01,
        -6.12004187e-01, -4.76017365e-01, -1.34314933e-02,
        -7.22359109e-01,  2.81942348e-01,  4.68947942e-01,
        -2.25289026e-01, -9.33122459e-03,  1.20940003e-02,
         4.43769417e-01,  7.10683364e-03,  1.99433331e-03,
         1.47432096e-01,  1.89620811e-01, -1.01055515e-01],
       [-1.22689511e-01, -1.80897044e-01, -3.37693340e-01,
        -3.16356795e-02, -3.57357115e-02, -1.28989326e-01,
        -1.43325180e-01,  1.84166484e-01, -2.88586352e-01,
         8.19770508e-02, -2.28095430e-01,  1.26058983e-01,
         7.10683364e-03,  1.16209755e-01,  2.40164298e-02,
        -8.27019207e-03,  5.31086235e-02,  2.98698532e-02],
       [-1.87693348e-01,  2.52224212e-01, -1.32299877e-01,
        -9.93897968e-02,  1.14315094e-01,  1.19534695e-02,
        -1.40579393e-01,  4.77672176e-01,  2.03031028e-01,
         2.36904919e-02, -1.98195145e-01, -1.35359157e-01,
         1.99433331e-03,  2.40164298e-02,  1.23717900e-01,
         2.39094835e-02,  3.99898156e-03,  5.60495994e-02],
       [-6.31987617e-01, -1.78980619e-01, -6.92609279e-02,
        -1.92372122e-01, -1.27344664e-01,  1.26321068e-02,
        -2.29600046e-01,  7.70676480e-02,  2.33057000e-01,
        -2.27532140e-02, -2.51103727e-02, -5.92658689e-02,
         1.47432096e-01, -8.27019207e-03,  2.39094835e-02,
         8.24207217e-02,  6.07548296e-02, -2.07889743e-02],
       [-1.19403103e+00, -4.87488814e-01, -3.07883217e-01,
        -3.70934852e-01, -2.59062278e-01, -9.48245488e-02,
        -5.22617149e-01,  1.34873739e-01,  5.76928745e-02,
         8.39108830e-02, -4.99759800e-02,  5.24632479e-02,
         1.89620811e-01,  5.31086235e-02,  3.99898156e-03,
         6.07548296e-02,  1.52556334e-01, -1.96923301e-02],
       [ 3.01995089e-01,  1.45429934e-01,  9.04565262e-02,
         9.40488390e-02,  7.31894554e-02,  2.81859793e-02,
         2.11098538e-01, -7.06175965e-02, -7.66401318e-02,
         1.85946104e-01, -1.16418192e-01,  1.24531984e-03,
        -1.01055515e-01,  2.98698532e-02,  5.60495994e-02,
        -2.07889743e-02, -1.96923301e-02,  8.82519561e-02]])
      jac: array([ 5.20805621e-06, -4.50676533e-06,  8.16939109e-06, -2.44589534e-05,
        8.06095931e-06, -1.74212496e-05,  3.58713059e-06,  4.95899618e-08,
        9.51091058e-08, -7.69347549e-06, -5.83903296e-06,  6.67540097e-06,
       -1.79023463e-05, -2.08640512e-05,  1.03250741e-06,  2.54996024e-05,
        2.12492986e-05,  2.32850776e-06])
  message: 'Desired error not necessarily achieved due to precision loss.'
     nfev: 2518
      nit: 75
     njev: 132
   status: 2
  success: False
        x: array([-0.92981086, -1.32858097, -0.06334803, -1.36222466, -1.19771249,
       -0.11883062, -1.99252345, -1.36876392, -1.05210518,  0.15829782,
        0.34059294,  1.16248042,  0.12403275,  0.05436118, -0.26764653,
        1.45853385, -0.61716007,  0.01222374])
