Program Begingeth
      fun: 0.40376908061335587
 hess_inv: array([[ 1.88407589e+00, -7.73068969e-02,  1.48367057e-01,
         2.52411962e-01, -3.93975752e-01,  4.44682855e-01,
         6.24508293e-01, -5.01828908e-01,  3.38149291e-01,
         7.64057993e-01, -1.34153837e+00,  1.81864531e-01,
        -7.76954030e-01, -4.26625700e-02,  7.17132455e-02,
        -5.33711951e-02, -2.23420905e-02, -3.46823729e-01],
       [-7.73068969e-02,  7.96291439e-01, -1.75910487e-01,
        -3.34595215e-01,  6.13723921e-02, -3.15648943e-01,
        -1.11795221e+00,  3.20742131e-01, -3.65518660e-01,
        -1.04754540e+00, -3.15214699e-03, -2.46510763e-01,
         3.58084639e-02, -2.96675902e-01, -2.61122767e-01,
         3.81778694e-02, -1.21971167e-02, -1.46643548e-01],
       [ 1.48367057e-01, -1.75910487e-01,  5.32118804e-01,
         1.55940192e-01,  7.62771728e-02,  1.78400470e-01,
         7.13128221e-02, -2.89281170e-01,  5.62868555e-01,
         7.19313281e-01,  7.82340921e-02,  4.81453625e-02,
        -1.59107453e-02,  1.86761247e-01, -5.07703440e-02,
         7.43878129e-02,  5.63320085e-02,  5.71914947e-02],
       [ 2.52411962e-01, -3.34595215e-01,  1.55940192e-01,
         4.65322054e-01,  5.60399995e-02,  2.67205027e-01,
         1.03817327e+00,  1.83127738e-01,  1.18239753e+00,
         1.40109241e+00,  1.66593620e-01,  1.08992291e-02,
        -1.22427749e-02,  1.38086534e-01,  1.58714443e-01,
         2.29073369e-02, -1.23865928e-02,  5.54701676e-02],
       [-3.93975752e-01,  6.13723921e-02,  7.62771728e-02,
         5.60399995e-02,  4.26572031e-01, -1.14515017e-01,
        -4.07702358e-01,  8.73273969e-01,  6.33553792e-01,
         1.89317193e-01,  1.08890137e+00, -2.22909772e-01,
         2.72594347e-01,  9.71416561e-02, -7.70517101e-02,
         9.60004624e-02,  2.68966817e-03,  9.01576580e-02],
       [ 4.44682855e-01, -3.15648943e-01,  1.78400470e-01,
         2.67205027e-01, -1.14515017e-01,  4.99269781e-01,
         1.16015186e+00, -5.67280057e-01,  1.28267310e+00,
         1.00521876e+00, -1.87455625e-01,  6.49149931e-01,
        -2.60854294e-01,  1.56525908e-01,  1.92608603e-01,
        -5.32118024e-02,  8.25939258e-02,  2.70802249e-03],
       [ 6.24508293e-01, -1.11795221e+00,  7.13128221e-02,
         1.03817327e+00, -4.07702358e-01,  1.16015186e+00,
         8.26069311e+00, -1.99193576e+00,  4.30225315e+00,
         3.06203901e+00,  4.68876827e-01,  1.01661897e+00,
        -6.88696162e-01,  3.44542716e-01,  6.32432364e-01,
        -3.01298877e-01,  3.71423451e-01,  2.63239409e-02],
       [-5.01828908e-01,  3.20742131e-01, -2.89281170e-01,
         1.83127738e-01,  8.73273969e-01, -5.67280057e-01,
        -1.99193576e+00,  4.14073301e+00,  5.70046702e-01,
         1.68097482e-01,  1.64318689e+00, -1.33851993e+00,
         6.14142534e-01, -1.89652415e-02, -1.03458696e-01,
         1.75659338e-01, -1.62245313e-01,  1.26099716e-01],
       [ 3.38149291e-01, -3.65518660e-01,  5.62868555e-01,
         1.18239753e+00,  6.33553792e-01,  1.28267310e+00,
         4.30225315e+00,  5.70046702e-01,  8.59821368e+00,
         4.23495382e+00,  2.46448507e+00,  9.11074942e-01,
        -2.35845359e-01,  4.19921351e-01,  4.03313035e-01,
        -3.63643136e-02,  2.99520757e-01,  2.04049944e-01],
       [ 7.64057993e-01, -1.04754540e+00,  7.19313281e-01,
         1.40109241e+00,  1.89317193e-01,  1.00521876e+00,
         3.06203901e+00,  1.68097482e-01,  4.23495382e+00,
         4.63418659e+00,  5.85588081e-01,  3.60104614e-01,
        -1.40933369e-01,  5.19872653e-01,  4.70040636e-01,
         3.88204052e-02,  4.86534935e-02,  1.86649295e-01],
       [-1.34153837e+00, -3.15214699e-03,  7.82340921e-02,
         1.66593620e-01,  1.08890137e+00, -1.87455625e-01,
         4.68876827e-01,  1.64318689e+00,  2.46448507e+00,
         5.85588081e-01,  3.44926245e+00, -3.49377188e-01,
         6.59281497e-01,  2.65771292e-01, -1.18564225e-01,
         1.45985930e-01,  8.93540904e-02,  2.73585743e-01],
       [ 1.81864531e-01, -2.46510763e-01,  4.81453625e-02,
         1.08992291e-02, -2.22909772e-01,  6.49149931e-01,
         1.01661897e+00, -1.33851993e+00,  9.11074942e-01,
         3.60104614e-01, -3.49377188e-01,  1.56806656e+00,
        -2.87187817e-01,  1.63126501e-01,  2.15788815e-01,
        -9.30339666e-02,  1.59946643e-01,  1.16369392e-03],
       [-7.76954030e-01,  3.58084639e-02, -1.59107453e-02,
        -1.22427749e-02,  2.72594347e-01, -2.60854294e-01,
        -6.88696162e-01,  6.14142534e-01, -2.35845359e-01,
        -1.40933369e-01,  6.59281497e-01, -2.87187817e-01,
         4.66983095e-01,  2.94404315e-02, -5.45973195e-02,
         1.13319933e-01, -5.38872509e-02,  1.67387682e-01],
       [-4.26625700e-02, -2.96675902e-01,  1.86761247e-01,
         1.38086534e-01,  9.71416561e-02,  1.56525908e-01,
         3.44542716e-01, -1.89652415e-02,  4.19921351e-01,
         5.19872653e-01,  2.65771292e-01,  1.63126501e-01,
         2.94404315e-02,  2.00242809e-01,  7.05434717e-02,
         1.93387820e-02,  5.56483494e-02,  8.37969928e-02],
       [ 7.17132455e-02, -2.61122767e-01, -5.07703440e-02,
         1.58714443e-01, -7.70517101e-02,  1.92608603e-01,
         6.32432364e-01, -1.03458696e-01,  4.03313035e-01,
         4.70040636e-01, -1.18564225e-01,  2.15788815e-01,
        -5.45973195e-02,  7.05434717e-02,  1.81266616e-01,
        -4.78124606e-02,  5.83734829e-03,  6.04426209e-02],
       [-5.33711951e-02,  3.81778694e-02,  7.43878129e-02,
         2.29073369e-02,  9.60004624e-02, -5.32118024e-02,
        -3.01298877e-01,  1.75659338e-01, -3.63643136e-02,
         3.88204052e-02,  1.45985930e-01, -9.30339666e-02,
         1.13319933e-01,  1.93387820e-02, -4.78124606e-02,
         8.46235681e-02, -2.00721897e-02,  1.80348435e-02],
       [-2.23420905e-02, -1.21971167e-02,  5.63320085e-02,
        -1.23865928e-02,  2.68966817e-03,  8.25939258e-02,
         3.71423451e-01, -1.62245313e-01,  2.99520757e-01,
         4.86534935e-02,  8.93540904e-02,  1.59946643e-01,
        -5.38872509e-02,  5.56483494e-02,  5.83734829e-03,
        -2.00721897e-02,  8.37135564e-02,  4.10868237e-03],
       [-3.46823729e-01, -1.46643548e-01,  5.71914947e-02,
         5.54701676e-02,  9.01576580e-02,  2.70802249e-03,
         2.63239409e-02,  1.26099716e-01,  2.04049944e-01,
         1.86649295e-01,  2.73585743e-01,  1.16369392e-03,
         1.67387682e-01,  8.37969928e-02,  6.04426209e-02,
         1.80348435e-02,  4.10868237e-03,  1.36308065e-01]])
      jac: array([-7.81782046e-06,  7.80449779e-06,  4.90189371e-05,  2.91019061e-05,
       -1.77513559e-05, -1.00651339e-04,  2.01838546e-06,  7.81115913e-06,
        8.94839758e-06, -1.20185343e-05, -4.81725770e-06,  2.44448906e-05,
       -2.27899181e-05,  3.26801549e-05,  8.89999185e-05,  3.03675603e-05,
       -1.26817075e-05, -5.39309338e-05])
  message: 'Desired error not necessarily achieved due to precision loss.'
     nfev: 2177
      nit: 71
     njev: 114
   status: 2
  success: False
        x: array([ 0.07547693,  0.00502801,  0.79494561,  1.46120175, -1.02955545,
        0.32426947,  0.79898889, -2.18663217,  0.65428426,  1.80221114,
       -0.96574659,  0.93151766,  0.04196408, -0.04869586, -0.22158034,
       -1.33941439, -0.74406214,  0.05069732])
