Program Begingeth
      fun: 0.34028552134147777
 hess_inv: array([[ 7.39226844e+00,  1.02841322e+00,  2.21486682e+00,
         2.43053653e+00,  3.59879407e-01,  2.56089310e+00,
        -4.20952236e+00,  2.12172650e+00,  1.26180196e+01,
         7.21594183e-02, -1.43132943e+00, -6.30830547e-02,
        -7.00430521e-01,  3.14467002e-01,  6.87576188e-01,
        -4.10400907e-01,  3.10508202e-01, -1.31520259e-01],
       [ 1.02841322e+00,  6.02122548e+00,  2.46090584e+00,
         1.89804229e-01,  2.58249782e+00,  1.41513342e+00,
        -7.98206742e+00,  1.75318280e+00,  1.09455598e+01,
        -8.27720575e-01,  2.90721801e-01, -1.34717453e+00,
         5.01612464e-01, -3.16073202e-01, -2.75828936e-02,
         1.11996697e-02, -2.67024354e-01,  4.36718391e-02],
       [ 2.21486682e+00,  2.46090584e+00,  3.57734795e+00,
         3.03672748e-01,  9.23715313e-01,  2.06373129e+00,
        -6.63103475e+00, -1.63202925e+00,  8.82358197e+00,
        -1.36129464e-01,  4.94409758e-01, -5.26749102e-01,
        -1.71796766e-01, -3.91990375e-02, -3.92401436e-02,
        -4.19784810e-02,  9.18063246e-02, -1.63933734e-01],
       [ 2.43053653e+00,  1.89804229e-01,  3.03672748e-01,
         9.12003907e-01,  5.98861772e-02,  6.43287502e-01,
        -2.55739067e-01,  1.13753567e+00,  3.60324675e+00,
        -2.29897574e-02, -5.92874918e-01, -4.06454234e-02,
        -1.91498763e-01,  9.20347331e-02,  2.81390427e-01,
        -1.41756639e-01,  8.51704203e-02,  5.47032814e-03],
       [ 3.59879407e-01,  2.58249782e+00,  9.23715313e-01,
         5.98861772e-02,  1.20259026e+00,  5.54612365e-01,
        -3.88423171e+00,  1.49100135e+00,  4.38094883e+00,
        -2.94916254e-01,  5.35794733e-02, -5.01160763e-01,
         2.70634402e-01, -9.82145933e-02,  7.41884746e-03,
         3.95095697e-02, -1.46472989e-01,  3.51185546e-02],
       [ 2.56089310e+00,  1.41513342e+00,  2.06373129e+00,
         6.43287502e-01,  5.54612365e-01,  1.52295955e+00,
        -4.26049516e+00, -1.43923828e-02,  7.07125450e+00,
         4.03740351e-02, -1.60128184e-01, -2.31100545e-01,
        -2.34022620e-01,  5.28443904e-02,  1.54577037e-01,
        -1.19385825e-01,  7.86417030e-02, -9.77509296e-02],
       [-4.20952236e+00, -7.98206742e+00, -6.63103475e+00,
        -2.55739067e-01, -3.88423171e+00, -4.26049516e+00,
         2.57169669e+01, -2.82467471e+00, -2.14608870e+01,
         4.24943236e-03, -1.57822210e-01,  8.29272212e-01,
        -3.67036728e-01,  2.70435005e-02,  2.49940936e-02,
        -1.55282742e-01,  4.86934935e-01,  3.32559772e-01],
       [ 2.12172650e+00,  1.75318280e+00, -1.63202925e+00,
         1.13753567e+00,  1.49100135e+00, -1.43923828e-02,
        -2.82467471e+00,  1.07559187e+01,  3.11001124e+00,
         7.63196534e-02, -1.53767882e+00, -1.88672748e-01,
         3.49650955e-01,  1.84743032e-01,  7.08197281e-01,
        -1.01367661e-01, -2.60076018e-01,  2.89661956e-01],
       [ 1.26180196e+01,  1.09455598e+01,  8.82358197e+00,
         3.60324675e+00,  4.38094883e+00,  7.07125450e+00,
        -2.14608870e+01,  3.11001124e+00,  4.16022333e+01,
        -6.40542218e-01, -9.42862675e-01, -2.10320927e+00,
        -5.46276689e-01, -2.74756185e-01,  7.99959700e-01,
        -6.63573591e-01, -7.02521571e-02, -2.82437190e-01],
       [ 7.21594183e-02, -8.27720575e-01, -1.36129464e-01,
        -2.29897574e-02, -2.94916254e-01,  4.03740351e-02,
         4.24943236e-03,  7.63196534e-02, -6.40542218e-01,
         9.42676094e-01,  5.46155159e-02,  2.40094013e-01,
        -2.71610657e-01,  1.74202249e-02, -7.66368337e-02,
        -1.58379351e-02, -2.26798890e-02, -2.28518632e-01],
       [-1.43132943e+00,  2.90721801e-01,  4.94409758e-01,
        -5.92874918e-01,  5.35794733e-02, -1.60128184e-01,
        -1.57822210e-01, -1.53767882e+00, -9.42862675e-01,
         5.46155159e-02,  1.12944145e+00, -2.35613657e-01,
         9.16969943e-02, -2.51728731e-01, -3.46546192e-01,
         1.15171778e-01, -5.67754256e-02, -1.41587278e-01],
       [-6.30830547e-02, -1.34717453e+00, -5.26749102e-01,
        -4.06454234e-02, -5.01160763e-01, -2.31100545e-01,
         8.29272212e-01, -1.88672748e-01, -2.10320927e+00,
         2.40094013e-01, -2.35613657e-01,  7.00917766e-01,
        -8.41939913e-02,  1.81615184e-01, -2.12953508e-02,
         5.65607297e-02,  7.74139450e-02,  1.39275474e-03],
       [-7.00430521e-01,  5.01612464e-01, -1.71796766e-01,
        -1.91498763e-01,  2.70634402e-01, -2.34022620e-01,
        -3.67036728e-01,  3.49650955e-01, -5.46276689e-01,
        -2.71610657e-01,  9.16969943e-02, -8.41939913e-02,
         2.64276448e-01, -5.47783199e-02, -3.59284649e-02,
         1.08666457e-01, -1.01116670e-01,  9.56248957e-02],
       [ 3.14467002e-01, -3.16073202e-01, -3.91990375e-02,
         9.20347331e-02, -9.82145933e-02,  5.28443904e-02,
         2.70435005e-02,  1.84743032e-01, -2.74756185e-01,
         1.74202249e-02, -2.51728731e-01,  1.81615184e-01,
        -5.47783199e-02,  1.34163352e-01,  6.31058876e-02,
        -1.13915043e-02,  7.88722306e-02,  2.42735719e-02],
       [ 6.87576188e-01, -2.75828936e-02, -3.92401436e-02,
         2.81390427e-01,  7.41884746e-03,  1.54577037e-01,
         2.49940936e-02,  7.08197281e-01,  7.99959700e-01,
        -7.66368337e-02, -3.46546192e-01, -2.12953508e-02,
        -3.59284649e-02,  6.31058876e-02,  1.77650054e-01,
        -5.96778369e-02,  2.15165938e-02,  7.96022020e-02],
       [-4.10400907e-01,  1.11996697e-02, -4.19784810e-02,
        -1.41756639e-01,  3.95095697e-02, -1.19385825e-01,
        -1.55282742e-01, -1.01367661e-01, -6.63573591e-01,
        -1.58379351e-02,  1.15171778e-01,  5.65607297e-02,
         1.08666457e-01, -1.13915043e-02, -5.96778369e-02,
         9.47591166e-02, -3.84157254e-02,  1.16431752e-02],
       [ 3.10508202e-01, -2.67024354e-01,  9.18063246e-02,
         8.51704203e-02, -1.46472989e-01,  7.86417030e-02,
         4.86934935e-01, -2.60076018e-01, -7.02521571e-02,
        -2.26798890e-02, -5.67754256e-02,  7.74139450e-02,
        -1.01116670e-01,  7.88722306e-02,  2.15165938e-02,
        -3.84157254e-02,  1.18452756e-01, -6.82393439e-03],
       [-1.31520259e-01,  4.36718391e-02, -1.63933734e-01,
         5.47032814e-03,  3.51185546e-02, -9.77509296e-02,
         3.32559772e-01,  2.89661956e-01, -2.82437190e-01,
        -2.28518632e-01, -1.41587278e-01,  1.39275474e-03,
         9.56248957e-02,  2.42735719e-02,  7.96022020e-02,
         1.16431752e-02, -6.82393439e-03,  1.27852004e-01]])
      jac: array([-1.61463435e-06,  4.69291273e-06, -5.65103520e-07,  3.69371200e-06,
       -1.28737761e-05,  3.81990735e-06, -3.59342186e-07,  6.27276009e-07,
       -2.58311890e-07,  7.06841992e-07,  1.95843342e-06,  7.77896266e-07,
        5.60292553e-06,  8.97467286e-06, -1.74675089e-06, -4.17147798e-06,
       -6.14027348e-06, -1.31709458e-06])
  message: 'Desired error not necessarily achieved due to precision loss.'
     nfev: 2159
      nit: 65
     njev: 113
   status: 2
  success: False
        x: array([ 1.05243264, -1.18657659,  0.60236525,  1.28502841, -1.19904103,
        0.18893646,  0.8306842 , -1.95896846, -0.33204234,  0.03315513,
        0.51574745,  1.16228284, -0.02416386,  0.0783414 , -0.31159424,
       -1.2113876 , -0.50817026, -0.02180243])
