Program Begingeth
      fun: 0.3318088491794044
 hess_inv: array([[ 7.52911057e-01, -1.22693466e-01,  2.42959517e-02,
        -1.25298199e-01,  1.85022692e-01,  3.40295524e-01,
        -2.46335451e-01,  2.96573306e-01,  2.17826289e-01,
        -5.28761784e-01,  3.75919032e-01,  6.13919996e-01,
        -2.82891534e-01,  4.97009096e-02, -8.54873336e-03,
         2.31034426e-02, -1.08339487e-01, -2.55872853e-01],
       [-1.22693466e-01,  5.17602833e-01, -1.00213605e-01,
         2.63453883e-01, -2.13872268e-02, -4.06415307e-01,
         9.11646900e-01,  5.28689049e-01,  1.71168200e-01,
         9.98043560e-01, -9.52864187e-02, -9.35545226e-01,
         4.01094724e-02, -1.72870485e-01, -2.18665967e-01,
         1.83710443e-02,  1.02806984e-01, -7.67214295e-02],
       [ 2.42959517e-02, -1.00213605e-01,  2.97936376e-01,
        -1.61945629e-01,  9.96701809e-02,  1.12172781e-01,
        -3.09874180e-01, -9.05959907e-02, -8.24413504e-02,
        -5.51484926e-01,  7.70872268e-02,  2.88881412e-01,
         3.17400798e-02,  1.41262299e-01, -4.92170635e-02,
         8.27863770e-02,  2.07574145e-02,  3.10432373e-02],
       [-1.25298199e-01,  2.63453883e-01, -1.61945629e-01,
         6.28193248e-01,  1.20173072e-01, -4.14165281e-01,
         1.78878626e+00,  1.00947695e+00,  9.95674229e-01,
         1.79060742e+00,  3.59902786e-01, -1.40081229e+00,
         1.94520464e-01, -1.15808583e-01, -6.85112275e-02,
         5.43284664e-02,  2.66266931e-02,  4.35784687e-02],
       [ 1.85022692e-01, -2.13872268e-02,  9.96701809e-02,
         1.20173072e-01,  3.87737337e-01, -6.30705949e-03,
         4.90001430e-01,  9.09054402e-01,  5.67442963e-01,
         1.45459057e-01,  8.66984873e-01, -4.64323326e-01,
         4.79017209e-02,  1.38150288e-01,  2.23514232e-04,
         9.74069277e-02,  3.10906306e-03, -2.24751868e-02],
       [ 3.40295524e-01, -4.06415307e-01,  1.12172781e-01,
        -4.14165281e-01, -6.30705949e-03,  6.51113789e-01,
        -1.45905896e+00, -8.86919272e-01, -2.43828859e-01,
        -1.47542045e+00,  1.27560450e-01,  1.77563553e+00,
        -1.59397835e-01,  7.49699313e-02,  1.93065270e-01,
        -4.93506463e-02, -1.59527682e-01, -3.55690059e-02],
       [-2.46335451e-01,  9.11646900e-01, -3.09874180e-01,
         1.78878626e+00,  4.90001430e-01, -1.45905896e+00,
         6.46768463e+00,  3.39669122e+00,  2.90023622e+00,
         4.94877071e+00,  1.02154234e+00, -4.91868356e+00,
         4.86717218e-01, -2.20200826e-01, -4.26988214e-01,
         2.03042857e-01,  1.62824086e-01, -5.76066832e-03],
       [ 2.96573306e-01,  5.28689049e-01, -9.05959907e-02,
         1.00947695e+00,  9.09054402e-01, -8.86919272e-01,
         3.39669122e+00,  5.90648328e+00,  2.45326091e+00,
         3.79307730e+00,  1.68843978e+00, -4.17920663e+00,
        -1.26107070e-01,  1.62170017e-01, -1.50623607e-01,
         8.17629472e-02,  3.57855153e-01, -1.07515486e-01],
       [ 2.17826289e-01,  1.71168200e-01, -8.24413504e-02,
         9.95674229e-01,  5.67442963e-01, -2.43828859e-01,
         2.90023622e+00,  2.45326091e+00,  3.35889298e+00,
         2.68518257e+00,  1.61257711e+00, -1.99110755e+00,
         1.71267492e-01, -4.06520837e-02, -2.60396120e-02,
         8.10015198e-02, -1.62688499e-02, -4.35154967e-02],
       [-5.28761784e-01,  9.98043560e-01, -5.51484926e-01,
         1.79060742e+00,  1.45459057e-01, -1.47542045e+00,
         4.94877071e+00,  3.79307730e+00,  2.68518257e+00,
         6.17197194e+00,  4.64569985e-01, -4.84602913e+00,
         3.02810626e-01, -3.56919161e-01, -2.60634020e-01,
         1.19027820e-02,  3.65049027e-01,  1.07004228e-01],
       [ 3.75919032e-01, -9.52864187e-02,  7.70872268e-02,
         3.59902786e-01,  8.66984873e-01,  1.27560450e-01,
         1.02154234e+00,  1.68843978e+00,  1.61257711e+00,
         4.64569985e-01,  2.36377759e+00, -7.15892249e-01,
         1.31851997e-01,  2.21450888e-01,  1.39960057e-01,
         1.40057062e-01, -4.91789765e-02,  8.57735665e-04],
       [ 6.13919996e-01, -9.35545226e-01,  2.88881412e-01,
        -1.40081229e+00, -4.64323326e-01,  1.77563553e+00,
        -4.91868356e+00, -4.17920663e+00, -1.99110755e+00,
        -4.84602913e+00, -7.15892249e-01,  5.93011588e+00,
        -3.44538045e-01, -1.71951798e-03,  4.07773351e-01,
        -1.50506347e-01, -4.98374395e-01, -6.24293598e-02],
       [-2.82891534e-01,  4.01094724e-02,  3.17400798e-02,
         1.94520464e-01,  4.79017209e-02, -1.59397835e-01,
         4.86717218e-01, -1.26107070e-01,  1.71267492e-01,
         3.02810626e-01,  1.31851997e-01, -3.44538045e-01,
         2.80272975e-01, -1.10628339e-02, -1.30975710e-02,
         1.01351099e-01, -3.03018099e-02,  1.29972190e-01],
       [ 4.97009096e-02, -1.72870485e-01,  1.41262299e-01,
        -1.15808583e-01,  1.38150288e-01,  7.49699313e-02,
        -2.20200826e-01,  1.62170017e-01, -4.06520837e-02,
        -3.56919161e-01,  2.21450888e-01, -1.71951798e-03,
        -1.10628339e-02,  1.87547069e-01,  3.94588755e-02,
         4.03610886e-02,  5.56770356e-02,  2.91047478e-02],
       [-8.54873336e-03, -2.18665967e-01, -4.92170635e-02,
        -6.85112275e-02,  2.23514232e-04,  1.93065270e-01,
        -4.26988214e-01, -1.50623607e-01, -2.60396120e-02,
        -2.60634020e-01,  1.39960057e-01,  4.07773351e-01,
        -1.30975710e-02,  3.94588755e-02,  1.86054457e-01,
        -5.04771172e-02, -4.25974627e-02,  8.60407589e-02],
       [ 2.31034426e-02,  1.83710443e-02,  8.27863770e-02,
         5.43284664e-02,  9.74069277e-02, -4.93506463e-02,
         2.03042857e-01,  8.17629472e-02,  8.10015198e-02,
         1.19027820e-02,  1.40057062e-01, -1.50506347e-01,
         1.01351099e-01,  4.03610886e-02, -5.04771172e-02,
         1.08095994e-01, -1.46818972e-02,  6.53902689e-03],
       [-1.08339487e-01,  1.02806984e-01,  2.07574145e-02,
         2.66266931e-02,  3.10906306e-03, -1.59527682e-01,
         1.62824086e-01,  3.57855153e-01, -1.62688499e-02,
         3.65049027e-01, -4.91789765e-02, -4.98374395e-01,
        -3.03018099e-02,  5.56770356e-02, -4.25974627e-02,
        -1.46818972e-02,  1.51049182e-01,  1.70907576e-02],
       [-2.55872853e-01, -7.67214295e-02,  3.10432373e-02,
         4.35784687e-02, -2.24751868e-02, -3.55690059e-02,
        -5.76066832e-03, -1.07515486e-01, -4.35154967e-02,
         1.07004228e-01,  8.57735665e-04, -6.24293598e-02,
         1.29972190e-01,  2.91047478e-02,  8.60407589e-02,
         6.53902689e-03,  1.70907576e-02,  1.64751978e-01]])
      jac: array([-1.44588045e-06, -3.62820884e-06,  1.38296781e-06,  4.63888187e-06,
        4.92013837e-06, -1.85703305e-06, -5.62512999e-08, -3.81546646e-07,
       -1.58391818e-07, -1.33448808e-06, -1.06729440e-06,  4.20034378e-07,
       -3.05163302e-06, -8.21157956e-06,  3.08604993e-06,  3.57935903e-06,
        7.37854222e-06, -3.34214138e-06])
  message: 'Optimization terminated successfully.'
     nfev: 1615
      nit: 72
     njev: 85
   status: 0
  success: True
        x: array([ 0.04962225,  0.23660779,  0.80936578,  1.1063168 , -1.23495025,
       -0.32529221,  2.12231516, -1.09666339, -1.28145035,  0.86277487,
       -1.78484263, -0.72730634,  0.10377136, -0.02891442, -0.41074692,
       -1.04831264, -0.47395975, -0.00248826])
