Program Begingeth
      fun: 0.3236101728232214
 hess_inv: array([[ 6.11598232e+00, -1.91599680e+00,  2.12941226e-02,
         1.75549891e+00, -9.78485215e-01,  1.31371119e+00,
         1.30441992e+00,  1.67027582e+00,  3.79193928e+00,
        -3.05310374e-01, -1.06792611e+00,  9.31934778e-01,
        -1.07085425e+00,  4.22248112e-01,  5.49788013e-01,
        -3.34981039e-01,  6.66819352e-01, -3.93384196e-01],
       [-1.91599680e+00,  4.67282285e+00,  1.40599429e+00,
        -5.30972587e-01,  1.93873429e+00,  6.83077048e-02,
        -5.49043956e+00,  4.92246318e-01,  3.79443822e+00,
        -2.99395561e-01,  4.32019292e-01, -1.75887982e+00,
         7.91244111e-01, -4.48615960e-01, -2.72972314e-01,
         1.09019858e-01, -4.23320410e-01,  1.54516208e-01],
       [ 2.12941226e-02,  1.40599429e+00,  2.20998486e+00,
        -2.71928580e-01,  5.03393827e-01,  7.09145976e-01,
        -3.25342194e+00, -1.93933185e+00,  2.27645031e+00,
        -1.40704932e-01,  8.17588316e-01, -7.53448818e-01,
         7.51873609e-02, -1.45747195e-01, -2.70812745e-01,
         1.40099021e-01, -1.38664582e-02, -9.63405222e-02],
       [ 1.75549891e+00, -5.30972587e-01, -2.71928580e-01,
         5.99452280e-01, -2.86979466e-01,  2.81530576e-01,
         1.05785455e+00,  8.17275246e-01,  1.10110459e+00,
        -1.20609696e-01, -4.24775626e-01,  2.47040611e-01,
        -2.66895149e-01,  9.89802869e-02,  2.13530653e-01,
        -1.14768442e-01,  1.73996502e-01, -6.82109267e-02],
       [-9.78485215e-01,  1.93873429e+00,  5.03393827e-01,
        -2.86979466e-01,  9.49659436e-01, -1.62813090e-03,
        -3.31799093e+00,  8.32380483e-01,  1.20203197e+00,
         2.97778078e-02,  1.32139062e-01, -6.34834571e-01,
         4.15765581e-01, -1.37862221e-01, -1.04018467e-01,
         1.01392162e-01, -2.63271075e-01,  6.56101226e-02],
       [ 1.31371119e+00,  6.83077048e-02,  7.09145976e-01,
         2.81530576e-01, -1.62813090e-03,  5.87024201e-01,
        -1.25346882e+00,  2.90736739e-02,  1.85948819e+00,
         3.29398589e-02, -7.53821575e-02, -1.83621184e-02,
        -2.28303980e-01,  5.57706086e-02,  8.62081846e-02,
        -5.26580648e-02,  1.02720237e-01, -1.09494959e-01],
       [ 1.30441992e+00, -5.49043956e+00, -3.25342194e+00,
         1.05785455e+00, -3.31799093e+00, -1.25346882e+00,
         2.25281261e+01, -3.28632728e+00, -5.59681132e+00,
        -9.91001498e-01, -5.32238880e-01,  1.46092155e+00,
        -1.16701444e+00,  2.33884925e-01,  3.30960437e-01,
        -4.94193688e-01,  1.26469551e+00,  2.41117419e-01],
       [ 1.67027582e+00,  4.92246318e-01, -1.93933185e+00,
         8.17275246e-01,  8.32380483e-01,  2.90736739e-02,
        -3.28632728e+00,  8.64008989e+00,  1.08144566e+00,
         4.91288426e-01, -1.55419421e+00,  3.11388506e-01,
         3.09284666e-02,  2.81299283e-01,  7.16629920e-01,
        -2.72927434e-01, -1.37625723e-01,  3.76261077e-02],
       [ 3.79193928e+00,  3.79443822e+00,  2.27645031e+00,
         1.10110459e+00,  1.20203197e+00,  1.85948819e+00,
        -5.59681132e+00,  1.08144566e+00,  1.24647320e+01,
        -4.50277390e-01, -2.79947614e-01, -1.26658921e+00,
        -2.25119017e-01, -3.92031259e-01,  2.54812447e-01,
        -3.01560096e-01,  1.12270207e-02, -1.05861059e-01],
       [-3.05310374e-01, -2.99395561e-01, -1.40704932e-01,
        -1.20609696e-01,  2.97778078e-02,  3.29398589e-02,
        -9.91001498e-01,  4.91288426e-01, -4.50277390e-01,
         8.04897416e-01, -9.99526328e-03,  1.39387576e-01,
        -8.84172376e-02,  4.82663826e-03, -1.20340460e-03,
         1.60388960e-02, -1.62721792e-01, -1.31654281e-01],
       [-1.06792611e+00,  4.32019292e-01,  8.17588316e-01,
        -4.24775626e-01,  1.32139062e-01, -7.53821575e-02,
        -5.32238880e-01, -1.55419421e+00, -2.79947614e-01,
        -9.99526328e-03,  1.07473516e+00, -4.14268744e-01,
         1.73239367e-01, -2.44311968e-01, -3.52084406e-01,
         1.51002818e-01, -9.52257981e-02, -7.39980904e-02],
       [ 9.31934778e-01, -1.75887982e+00, -7.53448818e-01,
         2.47040611e-01, -6.34834571e-01, -1.83621184e-02,
         1.46092155e+00,  3.11388506e-01, -1.26658921e+00,
         1.39387576e-01, -4.14268744e-01,  1.08682516e+00,
        -2.70736137e-01,  2.98699659e-01,  1.06978921e-01,
         4.15175404e-03,  1.80712072e-01, -4.78784206e-02],
       [-1.07085425e+00,  7.91244111e-01,  7.51873609e-02,
        -2.66895149e-01,  4.15765581e-01, -2.28303980e-01,
        -1.16701444e+00,  3.09284666e-02, -2.25119017e-01,
        -8.84172376e-02,  1.73239367e-01, -2.70736137e-01,
         3.79731799e-01, -1.02786053e-01, -9.91830810e-02,
         1.38868086e-01, -2.06560207e-01,  1.16514435e-01],
       [ 4.22248112e-01, -4.48615960e-01, -1.45747195e-01,
         9.89802869e-02, -1.37862221e-01,  5.57706086e-02,
         2.33884925e-01,  2.81299283e-01, -3.92031259e-01,
         4.82663826e-03, -2.44311968e-01,  2.98699659e-01,
        -1.02786053e-01,  1.59420472e-01,  6.98119120e-02,
        -1.00823050e-02,  1.05174006e-01, -8.01195498e-03],
       [ 5.49788013e-01, -2.72972314e-01, -2.70812745e-01,
         2.13530653e-01, -1.04018467e-01,  8.62081846e-02,
         3.30960437e-01,  7.16629920e-01,  2.54812447e-01,
        -1.20340460e-03, -3.52084406e-01,  1.06978921e-01,
        -9.91830810e-02,  6.98119120e-02,  1.82700628e-01,
        -8.12703277e-02,  4.37674326e-02,  3.67267120e-02],
       [-3.34981039e-01,  1.09019858e-01,  1.40099021e-01,
        -1.14768442e-01,  1.01392162e-01, -5.26580648e-02,
        -4.94193688e-01, -2.72927434e-01, -3.01560096e-01,
         1.60388960e-02,  1.51002818e-01,  4.15175404e-03,
         1.38868086e-01, -1.00823050e-02, -8.12703277e-02,
         1.17787131e-01, -7.05435197e-02,  1.18010991e-02],
       [ 6.66819352e-01, -4.23320410e-01, -1.38664582e-02,
         1.73996502e-01, -2.63271075e-01,  1.02720237e-01,
         1.26469551e+00, -1.37625723e-01,  1.12270207e-02,
        -1.62721792e-01, -9.52257981e-02,  1.80712072e-01,
        -2.06560207e-01,  1.05174006e-01,  4.37674326e-02,
        -7.05435197e-02,  2.25619747e-01, -3.16295393e-02],
       [-3.93384196e-01,  1.54516208e-01, -9.63405222e-02,
        -6.82109267e-02,  6.56101226e-02, -1.09494959e-01,
         2.41117419e-01,  3.76261077e-02, -1.05861059e-01,
        -1.31654281e-01, -7.39980904e-02, -4.78784206e-02,
         1.16514435e-01, -8.01195498e-03,  3.67267120e-02,
         1.18010991e-02, -3.16295393e-02,  1.25156266e-01]])
      jac: array([-1.38837090e-05, -1.01448479e-05,  5.19473353e-06,  3.53617136e-05,
        1.52585352e-05, -5.26541773e-06, -2.64196072e-06, -1.78930944e-06,
        1.52396614e-06, -4.56264656e-06, -3.21150514e-06,  4.72880994e-06,
       -6.92594130e-06, -1.85418347e-05,  9.65153883e-06, -4.52785957e-06,
        1.90943557e-05, -1.36102241e-05])
  message: 'Desired error not necessarily achieved due to precision loss.'
     nfev: 2197
      nit: 65
     njev: 115
   status: 2
  success: False
        x: array([ 0.71824181, -0.95683416,  0.57332313,  1.08769306, -1.02498346,
        0.12236812,  0.58442406, -1.865622  , -0.45848813,  0.00844551,
        0.56830718,  1.15876016,  0.01707635,  0.04532865, -0.35593663,
       -1.05591853, -0.67830386, -0.02190621])
