Program Begingeth
      fun: 0.340331503568496
 hess_inv: array([[ 1.38992314e+01, -1.58422575e+00, -2.14416012e+00,
         5.24847805e+00,  2.19125526e-02, -2.51718932e+00,
         4.65932803e+01,  2.02251961e+01,  4.14959798e+00,
        -2.85417143e+00,  2.58947642e+00, -6.09182207e+00,
        -1.63295649e+00, -2.29717148e+00,  5.35315995e-01,
         2.07195997e+00, -1.42652597e+00,  1.48171607e+00],
       [-1.58422575e+00,  2.43299655e+00,  4.62118137e-01,
        -5.06380973e-01,  8.72586913e-01,  3.04543522e-01,
        -1.01823885e+01, -4.91119330e+00, -6.16250775e-01,
         1.63574837e+00, -4.48780700e-01,  1.30849668e+00,
         1.12590309e-01,  5.40413206e-01, -3.03459275e-01,
        -5.26092011e-01,  3.56152461e-01, -2.24114942e-01],
       [-2.14416012e+00,  4.62118137e-01,  1.65778283e+00,
        -6.93697878e-01,  3.13621252e-02,  9.92595073e-01,
        -1.01591130e+01, -5.18222850e+00, -1.63817373e+00,
         7.97352803e-01, -3.66467014e-01,  1.24925460e+00,
         3.95427394e-01,  5.42342583e-01, -1.36264385e-01,
        -4.56169196e-01,  3.73789978e-01, -3.64150933e-01],
       [ 5.24847805e+00, -5.06380973e-01, -6.93697878e-01,
         2.02038977e+00,  1.59839105e-02, -8.89821854e-01,
         1.62581803e+01,  6.98954485e+00,  1.22240364e+00,
        -9.66756387e-01,  9.74278717e-01, -2.13855028e+00,
        -5.47249813e-01, -8.15396136e-01,  1.55462345e-01,
         7.36124391e-01, -4.85571142e-01,  4.95724285e-01],
       [ 2.19125526e-02,  8.72586913e-01,  3.13621252e-02,
         1.59839105e-02,  3.91312165e-01, -3.55511707e-02,
        -1.28685792e-01, -3.42254868e-01,  4.88751512e-01,
         4.16688391e-01, -2.22550842e-02,  8.13164562e-02,
        -1.19216350e-01,  6.86921275e-02, -5.15526021e-02,
        -6.04611430e-02,  2.51543856e-02,  6.78361647e-02],
       [-2.51718932e+00,  3.04543522e-01,  9.92595073e-01,
        -8.89821854e-01, -3.55511707e-02,  7.59885214e-01,
        -1.03914985e+01, -4.69648310e+00, -1.38595999e+00,
         6.05941103e-01, -5.11627037e-01,  1.28419765e+00,
         4.18599332e-01,  5.22309161e-01, -1.14566118e-01,
        -4.46680706e-01,  3.49139212e-01, -3.62878818e-01],
       [ 4.65932803e+01, -1.01823885e+01, -1.01591130e+01,
         1.62581803e+01, -1.28685792e-01, -1.03914985e+01,
         2.40903881e+02,  9.61691821e+01,  3.36415776e+01,
        -1.53363984e+01,  9.76301552e+00, -2.79629418e+01,
        -9.07913822e+00, -1.02015896e+01,  4.22080524e+00,
         1.00205046e+01, -7.78814184e+00,  8.81466271e+00],
       [ 2.02251961e+01, -4.91119330e+00, -5.18222850e+00,
         6.98954485e+00, -3.42254868e-01, -4.69648310e+00,
         9.61691821e+01,  4.98781325e+01,  1.64307616e+01,
        -7.34571280e+00,  4.39142936e+00, -1.38621849e+01,
        -3.24637654e+00, -4.58505094e+00,  1.89377986e+00,
         4.40448768e+00, -2.67333928e+00,  3.36689789e+00],
       [ 4.14959798e+00, -6.16250775e-01, -1.63817373e+00,
         1.22240364e+00,  4.88751512e-01, -1.38595999e+00,
         3.36415776e+01,  1.64307616e+01,  1.51768173e+01,
        -2.54241193e+00,  3.15218429e+00, -5.24366709e+00,
        -1.37093828e+00, -1.74236258e+00,  5.42231288e-01,
         1.21566769e+00, -9.36573025e-01,  1.52533691e+00],
       [-2.85417143e+00,  1.63574837e+00,  7.97352803e-01,
        -9.66756387e-01,  4.16688391e-01,  6.05941103e-01,
        -1.53363984e+01, -7.34571280e+00, -2.54241193e+00,
         2.38987251e+00, -8.53101281e-01,  2.07961624e+00,
         2.44831788e-01,  7.92193906e-01, -2.68786887e-01,
        -6.98863834e-01,  5.15704078e-01, -3.40147774e-01],
       [ 2.58947642e+00, -4.48780700e-01, -3.66467014e-01,
         9.74278717e-01, -2.22550842e-02, -5.11627037e-01,
         9.76301552e+00,  4.39142936e+00,  3.15218429e+00,
        -8.53101281e-01,  1.56230488e+00, -1.54506233e+00,
        -3.26308703e-01, -6.85238751e-01, -3.72608635e-02,
         3.64089845e-01, -2.92288471e-01,  2.51539278e-01],
       [-6.09182207e+00,  1.30849668e+00,  1.24925460e+00,
        -2.13855028e+00,  8.13164562e-02,  1.28419765e+00,
        -2.79629418e+01, -1.38621849e+01, -5.24366709e+00,
         2.07961624e+00, -1.54506233e+00,  4.31106259e+00,
         9.42357575e-01,  1.40966320e+00, -5.55011860e-01,
        -1.27692474e+00,  8.24757720e-01, -9.81230884e-01],
       [-1.63295649e+00,  1.12590309e-01,  3.95427394e-01,
        -5.47249813e-01, -1.19216350e-01,  4.18599332e-01,
        -9.07913822e+00, -3.24637654e+00, -1.37093828e+00,
         2.44831788e-01, -3.26308703e-01,  9.42357575e-01,
         4.67620670e-01,  3.49869142e-01, -1.54365255e-01,
        -3.22542313e-01,  3.07244322e-01, -4.00247856e-01],
       [-2.29717148e+00,  5.40413206e-01,  5.42342583e-01,
        -8.15396136e-01,  6.86921275e-02,  5.22309161e-01,
        -1.02015896e+01, -4.58505094e+00, -1.74236258e+00,
         7.92193906e-01, -6.85238751e-01,  1.40966320e+00,
         3.49869142e-01,  5.55079252e-01, -1.40516332e-01,
        -4.41539466e-01,  3.46103428e-01, -3.27109732e-01],
       [ 5.35315995e-01, -3.03459275e-01, -1.36264385e-01,
         1.55462345e-01, -5.15526021e-02, -1.14566118e-01,
         4.22080524e+00,  1.89377986e+00,  5.42231288e-01,
        -2.68786887e-01, -3.72608635e-02, -5.55011860e-01,
        -1.54365255e-01, -1.40516332e-01,  1.75264300e-01,
         1.98517319e-01, -1.32255161e-01,  2.02746942e-01],
       [ 2.07195997e+00, -5.26092011e-01, -4.56169196e-01,
         7.36124391e-01, -6.04611430e-02, -4.46680706e-01,
         1.00205046e+01,  4.40448768e+00,  1.21566769e+00,
        -6.98863834e-01,  3.64089845e-01, -1.27692474e+00,
        -3.22542313e-01, -4.41539466e-01,  1.98517319e-01,
         4.74525005e-01, -3.07615321e-01,  3.47037424e-01],
       [-1.42652597e+00,  3.56152461e-01,  3.73789978e-01,
        -4.85571142e-01,  2.51543856e-02,  3.49139212e-01,
        -7.78814184e+00, -2.67333928e+00, -9.36573025e-01,
         5.15704078e-01, -2.92288471e-01,  8.24757720e-01,
         3.07244322e-01,  3.46103428e-01, -1.32255161e-01,
        -3.07615321e-01,  3.11428718e-01, -2.81031920e-01],
       [ 1.48171607e+00, -2.24114942e-01, -3.64150933e-01,
         4.95724285e-01,  6.78361647e-02, -3.62878818e-01,
         8.81466271e+00,  3.36689789e+00,  1.52533691e+00,
        -3.40147774e-01,  2.51539278e-01, -9.81230884e-01,
        -4.00247856e-01, -3.27109732e-01,  2.02746942e-01,
         3.47037424e-01, -2.81031920e-01,  4.14289744e-01]])
      jac: array([-4.75952611e-06,  6.74645525e-07, -6.07699076e-06,  9.63969645e-06,
        1.14204942e-06,  8.85365855e-06,  4.86277685e-07,  1.13242749e-07,
       -1.22679644e-06, -1.12872674e-07,  1.04286949e-06, -4.14520270e-06,
       -1.68901929e-06,  2.27373675e-06, -4.98342108e-06, -7.50103683e-06,
        1.30266168e-06, -1.87590684e-06])
  message: 'Optimization terminated successfully.'
     nfev: 1824
      nit: 87
     njev: 96
   status: 0
  success: True
        x: array([-1.55816771, -0.91758857,  0.54575741, -1.52737869, -0.94618978,
        0.24335261,  0.65401353, -1.03412676,  0.7817685 ,  0.12123503,
        0.45544041,  1.06090452,  0.09635835,  0.10334541, -0.23262338,
        1.51044356, -0.50395892,  0.05448992])
