Program Begingeth
      fun: 0.3088926478676693
 hess_inv: array([[ 5.05547022e+00,  2.37118757e-01,  7.51189266e-01,
         2.47194183e+00,  8.74166629e-02, -4.22027040e-01,
         5.62437668e+00,  6.31044971e-01, -5.27375294e+00,
         8.28424749e-01,  6.99455761e-01, -5.30626721e-01,
        -1.75133575e-01, -3.22213343e-01, -2.19347524e-01,
         5.64327561e-02, -1.54096013e-01,  6.03819568e-02],
       [ 2.37118757e-01,  1.80334550e+00, -1.75265219e-01,
         1.57641899e-01,  8.87028858e-01, -1.78869091e-01,
         6.21354455e-01,  8.99753457e-01,  1.38900324e+00,
         6.54845119e-01,  3.71495320e-01, -3.06349475e-02,
        -1.95334405e-01,  1.98621137e-02, -1.69303791e-01,
        -9.44951724e-02,  5.30731275e-02,  3.78551687e-02],
       [ 7.51189266e-01, -1.75265219e-01,  1.51766721e+00,
         4.72863685e-01, -1.48184867e-01,  6.22983264e-01,
         1.20956078e+00, -1.98510944e+00, -1.09134758e+00,
         2.03064121e-01, -1.07175634e-01,  2.29471478e-01,
         2.81981908e-02,  1.38424416e-01,  5.28329188e-02,
        -8.65337256e-03,  7.52176596e-02,  6.46817269e-02],
       [ 2.47194183e+00,  1.57641899e-01,  4.72863685e-01,
         1.23557795e+00,  6.54371082e-02, -1.58756258e-01,
         3.00387723e+00,  1.85559409e-01, -2.49253000e+00,
         4.08514853e-01,  3.74376930e-01, -2.18200876e-01,
        -8.08579072e-02, -1.43834072e-01, -1.18864644e-01,
         2.40662631e-02, -6.46080975e-02,  2.95227669e-02],
       [ 8.74166629e-02,  8.87028858e-01, -1.48184867e-01,
         6.54371082e-02,  4.89877401e-01, -1.36377427e-01,
         8.84075248e-01,  9.83635511e-01,  7.51533297e-01,
         3.08811333e-01,  2.53684335e-01, -5.14209870e-02,
        -1.50752822e-01, -1.01703813e-02, -9.47624276e-02,
        -7.16188844e-02, -1.39617049e-03,  2.87760869e-02],
       [-4.22027040e-01, -1.78869091e-01,  6.22983264e-01,
        -1.58756258e-01, -1.36377427e-01,  4.09186825e-01,
        -7.32958384e-01, -1.30211979e+00,  4.04275832e-01,
        -1.31234141e-01, -2.14489833e-01,  2.08634399e-01,
         1.04404914e-01,  1.34381181e-01,  7.60881460e-02,
         8.32622334e-03,  8.25942282e-02,  5.86784766e-03],
       [ 5.62437668e+00,  6.21354455e-01,  1.20956078e+00,
         3.00387723e+00,  8.84075248e-01, -7.32958384e-01,
         1.80662757e+01,  5.82479804e+00, -5.67434681e+00,
         1.23047356e+00,  1.86784909e+00, -8.11464445e-01,
        -1.08659299e+00, -6.62154903e-01, -4.30523287e-01,
        -3.16615119e-01, -6.66885066e-01,  3.40401756e-01],
       [ 6.31044971e-01,  8.99753457e-01, -1.98510944e+00,
         1.85559409e-01,  9.83635511e-01, -1.30211979e+00,
         5.82479804e+00,  9.10803558e+00,  8.32018379e-01,
         3.55884274e-01,  1.04374456e+00, -1.30633493e+00,
        -6.50915488e-01, -5.27737686e-01, -1.63273117e-01,
        -1.31394354e-01, -3.91312882e-01,  1.00882443e-01],
       [-5.27375294e+00,  1.38900324e+00, -1.09134758e+00,
        -2.49253000e+00,  7.51533297e-01,  4.04275832e-01,
        -5.67434681e+00,  8.32018379e-01,  1.03097907e+01,
        -8.35358664e-01,  4.03724061e-01,  2.52377284e-01,
         1.98456041e-01,  2.32002033e-01, -8.58021410e-03,
        -1.29303608e-01,  2.90010167e-01, -1.54946516e-01],
       [ 8.28424749e-01,  6.54845119e-01,  2.03064121e-01,
         4.08514853e-01,  3.08811333e-01, -1.31234141e-01,
         1.23047356e+00,  3.55884274e-01, -8.35358664e-01,
         1.33997739e+00,  5.29060734e-02, -7.41400401e-02,
        -3.48306630e-01,  1.51999416e-03,  3.51100607e-02,
        -4.34604227e-02,  5.66340084e-03,  2.52747014e-01],
       [ 6.99455761e-01,  3.71495320e-01, -1.07175634e-01,
         3.74376930e-01,  2.53684335e-01, -2.14489833e-01,
         1.86784909e+00,  1.04374456e+00,  4.03724061e-01,
         5.29060734e-02,  9.08924496e-01, -2.10577964e-01,
        -9.81544658e-02, -2.10300085e-01, -2.09244321e-01,
        -5.65521814e-02, -5.13024036e-02, -8.66080380e-02],
       [-5.30626721e-01, -3.06349475e-02,  2.29471478e-01,
        -2.18200876e-01, -5.14209870e-02,  2.08634399e-01,
        -8.11464445e-01, -1.30633493e+00,  2.52377284e-01,
        -7.41400401e-02, -2.10577964e-01,  5.47878869e-01,
         3.77331582e-02,  1.57095062e-01, -2.22482273e-02,
        -5.47733761e-02,  8.76801671e-02,  4.53856941e-03],
       [-1.75133575e-01, -1.95334405e-01,  2.81981908e-02,
        -8.08579072e-02, -1.50752822e-01,  1.04404914e-01,
        -1.08659299e+00, -6.50915488e-01,  1.98456041e-01,
        -3.48306630e-01, -9.81544658e-02,  3.77331582e-02,
         1.92999907e-01,  3.43276372e-02,  1.08386379e-02,
         7.03183458e-02,  5.11417518e-02, -8.47732611e-02],
       [-3.22213343e-01,  1.98621137e-02,  1.38424416e-01,
        -1.43834072e-01, -1.01703813e-02,  1.34381181e-01,
        -6.62154903e-01, -5.27737686e-01,  2.32002033e-01,
         1.51999416e-03, -2.10300085e-01,  1.57095062e-01,
         3.43276372e-02,  1.13554572e-01,  3.80825646e-02,
        -2.62176395e-03,  6.90797920e-02,  1.86058657e-02],
       [-2.19347524e-01, -1.69303791e-01,  5.28329188e-02,
        -1.18864644e-01, -9.47624276e-02,  7.60881460e-02,
        -4.30523287e-01, -1.63273117e-01, -8.58021410e-03,
         3.51100607e-02, -2.09244321e-01, -2.22482273e-02,
         1.08386379e-02,  3.80825646e-02,  1.00659481e-01,
         2.28022948e-02,  4.62507913e-03,  5.70292806e-02],
       [ 5.64327561e-02, -9.44951724e-02, -8.65337256e-03,
         2.40662631e-02, -7.16188844e-02,  8.32622334e-03,
        -3.16615119e-01, -1.31394354e-01, -1.29303608e-01,
        -4.34604227e-02, -5.65521814e-02, -5.47733761e-02,
         7.03183458e-02, -2.62176395e-03,  2.28022948e-02,
         5.84222886e-02,  9.77277583e-03, -1.43068941e-02],
       [-1.54096013e-01,  5.30731275e-02,  7.52176596e-02,
        -6.46080975e-02, -1.39617049e-03,  8.25942282e-02,
        -6.66885066e-01, -3.91312882e-01,  2.90010167e-01,
         5.66340084e-03, -5.13024036e-02,  8.76801671e-02,
         5.11417518e-02,  6.90797920e-02,  4.62507913e-03,
         9.77277583e-03,  7.82957579e-02, -9.80831817e-03],
       [ 6.03819568e-02,  3.78551687e-02,  6.46817269e-02,
         2.95227669e-02,  2.87760869e-02,  5.86784766e-03,
         3.40401756e-01,  1.00882443e-01, -1.54946516e-01,
         2.52747014e-01, -8.66080380e-02,  4.53856941e-03,
        -8.47732611e-02,  1.86058657e-02,  5.70292806e-02,
        -1.43068941e-02, -9.80831817e-03,  9.79878564e-02]])
      jac: array([-6.36579678e-05, -9.22595334e-07, -2.11886064e-05,  1.21955779e-04,
        1.47977926e-05,  7.55044175e-05, -1.50879309e-06,  3.82138765e-06,
       -1.16891682e-05,  3.25117711e-05,  5.08186086e-06, -5.63253148e-07,
        1.73857965e-04, -5.39309338e-06, -1.20058408e-04, -1.13143199e-04,
       -1.18355326e-04,  1.45158330e-04])
  message: 'Desired error not necessarily achieved due to precision loss.'
     nfev: 1891
      nit: 61
     njev: 99
   status: 2
  success: False
        x: array([-1.73502202, -1.10684353,  0.63895573, -1.55849945, -1.17084625,
        0.33748992, -0.55388886, -1.6064009 ,  0.94485324,  0.07869996,
        0.43774667,  1.1770557 ,  0.13232158,  0.18467549, -0.24128703,
        1.43619048, -0.24243655,  0.01783204])
