Program Begingeth
      fun: 0.2725124970621909
 hess_inv: array([[ 4.37539027e+00, -1.55046529e+00, -2.45445295e-01,
         1.16583911e+00, -7.10855829e-01,  9.77771961e-01,
         1.51115428e+00,  1.53847656e+00,  1.92466252e+00,
        -5.58224663e-01, -7.47623551e-01,  9.51244850e-01,
        -7.37547494e-01,  3.90671706e-01,  4.22788875e-01,
        -1.24908374e-01,  5.52885847e-01, -4.25995215e-01],
       [-1.55046529e+00,  3.22353414e+00,  1.08677831e+00,
        -3.65076440e-01,  1.23257872e+00, -1.15559926e-01,
        -3.16910161e+00,  2.02896062e-01,  2.34516791e+00,
        -3.97990307e-02,  3.45595728e-01, -1.51205269e+00,
         5.10496636e-01, -3.99881098e-01, -3.11628684e-01,
         3.76165377e-03, -2.68952537e-01,  1.09578757e-01],
       [-2.45445295e-01,  1.08677831e+00,  2.09049303e+00,
        -3.57163538e-01,  3.46177409e-01,  5.73836970e-01,
        -2.89154765e+00, -2.04096604e+00,  2.35439573e+00,
        -2.10228714e-02,  8.87253793e-01, -8.98686667e-01,
         6.80189916e-02, -2.06102039e-01, -3.19491910e-01,
         1.67358031e-01, -5.51080974e-02, -8.10338842e-02],
       [ 1.16583911e+00, -3.65076440e-01, -3.57163538e-01,
         4.25786218e-01, -1.74734034e-01,  1.57361873e-01,
         1.10742149e+00,  8.74564624e-01,  4.36019658e-01,
        -1.95402284e-01, -3.54143987e-01,  2.56773313e-01,
        -1.41129904e-01,  9.01719722e-02,  1.81461937e-01,
        -6.15658690e-02,  1.30545540e-01, -5.04813597e-02],
       [-7.10855829e-01,  1.23257872e+00,  3.46177409e-01,
        -1.74734034e-01,  6.34671244e-01, -4.75481902e-02,
        -2.33732992e+00,  7.45375784e-01,  6.03811223e-01,
         1.39844020e-01,  4.97854287e-02, -4.72929846e-01,
         2.89783063e-01, -9.74524368e-02, -8.83986030e-02,
         5.46227165e-02, -2.13078853e-01,  5.38571605e-02],
       [ 9.77771961e-01, -1.15559926e-01,  5.73836970e-01,
         1.57361873e-01, -4.75481902e-02,  5.01179526e-01,
        -1.00770103e+00,  2.57963542e-02,  1.42134399e+00,
        -4.67146116e-03, -1.83390814e-02,  1.62689278e-02,
        -1.90017557e-01,  5.61418437e-02,  6.63411092e-02,
        -1.09155556e-02,  7.52493466e-02, -1.26240452e-01],
       [ 1.51115428e+00, -3.16910161e+00, -2.89154765e+00,
         1.10742149e+00, -2.33732992e+00, -1.00770103e+00,
         1.95373006e+01, -1.65634428e+00, -3.49213116e+00,
        -1.48600027e+00, -7.70841839e-01,  1.29113898e+00,
        -8.25804769e-01,  2.74432108e-01,  4.60400514e-01,
        -4.20876117e-01,  1.39170445e+00,  4.32253823e-01],
       [ 1.53847656e+00,  2.02896062e-01, -2.04096604e+00,
         8.74564624e-01,  7.45375784e-01,  2.57963542e-02,
        -1.65634428e+00,  8.84564371e+00, -3.24744272e-01,
         1.57065977e-01, -1.78484675e+00,  6.84951532e-01,
         8.41787436e-02,  4.10472798e-01,  8.37734629e-01,
        -3.14366752e-01, -5.87006002e-02,  1.33000766e-01],
       [ 1.92466252e+00,  2.34516791e+00,  2.35439573e+00,
         4.36019658e-01,  6.03811223e-01,  1.42134399e+00,
        -3.49213116e+00, -3.24744272e-01,  9.13684713e+00,
        -2.74211583e-01,  4.36664165e-01, -1.29226418e+00,
        -2.14833755e-01, -4.85441752e-01, -6.03912560e-02,
        -1.92058882e-01, -4.39911688e-02, -2.20758809e-01],
       [-5.58224663e-01, -3.97990307e-02, -2.10228714e-02,
        -1.95402284e-01,  1.39844020e-01, -4.67146116e-03,
        -1.48600027e+00,  1.57065977e-01, -2.74211583e-01,
         7.26638700e-01,  1.03271812e-01,  5.73900905e-03,
         7.73506258e-03, -4.85449062e-02, -6.06271366e-02,
         3.73534302e-02, -2.41880751e-01, -1.14841877e-01],
       [-7.47623551e-01,  3.45595728e-01,  8.87253793e-01,
        -3.54143987e-01,  4.97854287e-02, -1.83390814e-02,
        -7.70841839e-01, -1.78484675e+00,  4.36664165e-01,
         1.03271812e-01,  1.05655008e+00, -5.01263034e-01,
         9.54386387e-02, -2.74303322e-01, -3.72289720e-01,
         1.46921970e-01, -9.74357634e-02, -9.70580936e-02],
       [ 9.51244850e-01, -1.51205269e+00, -8.98686667e-01,
         2.56773313e-01, -4.72929846e-01,  1.62689278e-02,
         1.29113898e+00,  6.84951532e-01, -1.29226418e+00,
         5.73900905e-03, -5.01263034e-01,  1.14568935e+00,
        -2.17505419e-01,  3.41619985e-01,  1.99558743e-01,
         1.95463813e-02,  1.69406003e-01, -3.57458681e-02],
       [-7.37547494e-01,  5.10496636e-01,  6.80189916e-02,
        -1.41129904e-01,  2.89783063e-01, -1.90017557e-01,
        -8.25804769e-01,  8.41787436e-02, -2.14833755e-01,
         7.73506258e-03,  9.54386387e-02, -2.17505419e-01,
         2.89521960e-01, -7.95195537e-02, -6.52032214e-02,
         9.61717428e-02, -1.78863749e-01,  1.22301868e-01],
       [ 3.90671706e-01, -3.99881098e-01, -2.06102039e-01,
         9.01719722e-02, -9.74524368e-02,  5.61418437e-02,
         2.74432108e-01,  4.10472798e-01, -4.85441752e-01,
        -4.85449062e-02, -2.74303322e-01,  3.41619985e-01,
        -7.95195537e-02,  1.82526659e-01,  1.01493598e-01,
         2.41880408e-03,  1.13228636e-01,  5.85026516e-03],
       [ 4.22788875e-01, -3.11628684e-01, -3.19491910e-01,
         1.81461937e-01, -8.83986030e-02,  6.63411092e-02,
         4.60400514e-01,  8.37734629e-01, -6.03912560e-02,
        -6.06271366e-02, -3.72289720e-01,  1.99558743e-01,
        -6.52032214e-02,  1.01493598e-01,  2.00001201e-01,
        -7.17822911e-02,  4.74082166e-02,  5.80760193e-02],
       [-1.24908374e-01,  3.76165377e-03,  1.67358031e-01,
        -6.15658690e-02,  5.46227165e-02, -1.09155556e-02,
        -4.20876117e-01, -3.14366752e-01, -1.92058882e-01,
         3.73534302e-02,  1.46921970e-01,  1.95463813e-02,
         9.61717428e-02,  2.41880408e-03, -7.17822911e-02,
         1.22035000e-01, -5.21917345e-02, -8.53429486e-04],
       [ 5.52885847e-01, -2.68952537e-01, -5.51080974e-02,
         1.30545540e-01, -2.13078853e-01,  7.52493466e-02,
         1.39170445e+00, -5.87006002e-02, -4.39911688e-02,
        -2.41880751e-01, -9.74357634e-02,  1.69406003e-01,
        -1.78863749e-01,  1.13228636e-01,  4.74082166e-02,
        -5.21917345e-02,  2.65207258e-01, -2.01505381e-02],
       [-4.25995215e-01,  1.09578757e-01, -8.10338842e-02,
        -5.04813597e-02,  5.38571605e-02, -1.26240452e-01,
         4.32253823e-01,  1.33000766e-01, -2.20758809e-01,
        -1.14841877e-01, -9.70580936e-02, -3.57458681e-02,
         1.22301868e-01,  5.85026516e-03,  5.80760193e-02,
        -8.53429486e-04, -2.01505381e-02,  1.77621893e-01]])
      jac: array([-8.01951098e-07, -6.59102402e-07,  8.57462249e-07,  1.14093920e-06,
        2.06538490e-06, -7.88628422e-07,  4.03381032e-08, -1.43588845e-07,
       -1.06951485e-07, -5.09592368e-07,  5.07001848e-08,  4.05601478e-07,
       -1.08246745e-06, -2.56091444e-07,  1.39814086e-06, -1.58761893e-07,
       -4.75175455e-07, -1.87035572e-06])
  message: 'Optimization terminated successfully.'
     nfev: 1387
      nit: 61
     njev: 73
   status: 0
  success: True
        x: array([ 0.52865153, -0.74919661,  0.63229794,  0.91537215, -0.89480601,
        0.10019601,  0.41101598, -1.73192327, -0.53424776,  0.01545087,
        0.65613007,  1.13597298,  0.04364139,  0.0891977 , -0.39673856,
       -0.90295582, -0.61005719, -0.02838139])
