Program Begingeth
      fun: 0.3501774616564281
 hess_inv: array([[ 6.98348408e+00, -8.83440307e-01,  8.75860679e-01,
         2.08267197e+00, -7.06521962e-01,  1.69096875e+00,
         2.98268871e-01,  1.23683236e+00,  6.22592840e+00,
        -4.00487477e-01, -1.03942678e+00,  3.97441321e-01,
        -1.06843883e+00,  3.10180810e-01,  5.67400279e-01,
        -4.03914400e-01,  7.16501728e-01, -3.26005447e-01],
       [-8.83440307e-01,  5.18251851e+00,  1.59432919e+00,
        -2.96704946e-01,  2.19796607e+00,  4.95365796e-01,
        -7.17002391e+00,  8.18963277e-01,  5.61355378e+00,
        -2.05656394e-01,  3.19605719e-01, -1.59979590e+00,
         6.55068107e-01, -4.11579106e-01, -1.82870190e-01,
         6.18240090e-02, -4.41177261e-01,  1.34775983e-02],
       [ 8.75860679e-01,  1.59432919e+00,  2.42537626e+00,
        -3.88428648e-02,  5.84553724e-01,  1.05300729e+00,
        -4.14448400e+00, -1.39415955e+00,  3.49955837e+00,
        -8.84451973e-02,  6.84553623e-01, -6.17394307e-01,
        -5.40457783e-02, -1.22421401e-01, -1.65655625e-01,
         7.01625783e-02,  2.50787796e-02, -1.42549639e-01],
       [ 2.08267197e+00, -2.96704946e-01, -3.88428648e-02,
         7.12622197e-01, -2.38190542e-01,  3.86442853e-01,
         8.59564795e-01,  6.24789981e-01,  1.72798788e+00,
        -1.64241794e-01, -4.36950095e-01,  9.74980273e-02,
        -2.80385525e-01,  8.32601456e-02,  2.19261035e-01,
        -1.33240801e-01,  2.04468304e-01, -5.70585323e-02],
       [-7.06521962e-01,  2.19796607e+00,  5.84553724e-01,
        -2.38190542e-01,  1.08249144e+00,  1.44028409e-01,
        -4.01741023e+00,  9.27262487e-01,  1.90101446e+00,
         5.96134047e-02,  1.12163218e-01, -5.89727817e-01,
         3.92119152e-01, -1.30938923e-01, -8.35128780e-02,
         9.90701314e-02, -2.86319121e-01,  1.56664561e-02],
       [ 1.69096875e+00,  4.95365796e-01,  1.05300729e+00,
         3.86442853e-01,  1.44028409e-01,  7.89134034e-01,
        -1.96261701e+00,  2.39057322e-02,  2.89089312e+00,
         1.70172557e-02, -6.60515246e-02, -1.39103933e-01,
        -2.47126645e-01,  3.02175620e-02,  1.00801235e-01,
        -7.62866547e-02,  1.16176496e-01, -1.08230908e-01],
       [ 2.98268871e-01, -7.17002391e+00, -4.14448400e+00,
         8.59564795e-01, -4.01741023e+00, -1.96261701e+00,
         2.52545656e+01, -3.66768193e+00, -9.58857366e+00,
        -1.03073724e+00, -7.13893111e-01,  1.53861076e+00,
        -1.11526026e+00,  3.29954204e-01,  3.20283556e-01,
        -4.88140804e-01,  1.31809940e+00,  3.57091983e-01],
       [ 1.23683236e+00,  8.18963277e-01, -1.39415955e+00,
         6.24789981e-01,  9.27262487e-01,  2.39057322e-02,
        -3.66768193e+00,  7.21673751e+00,  1.40812492e+00,
         4.25835862e-01, -1.26093743e+00,  1.49675445e-02,
         1.64392400e-01,  2.35201158e-01,  5.67605950e-01,
        -1.42064043e-01, -1.94278820e-01,  8.23412504e-02],
       [ 6.22592840e+00,  5.61355378e+00,  3.49955837e+00,
         1.72798788e+00,  1.90101446e+00,  2.89089312e+00,
        -9.58857366e+00,  1.40812492e+00,  1.73569867e+01,
        -4.44752571e-01, -4.47068121e-01, -1.58746118e+00,
        -4.54725872e-01, -3.92251626e-01,  4.04058742e-01,
        -4.48867078e-01,  8.88135717e-02, -2.52020217e-01],
       [-4.00487477e-01, -2.05656394e-01, -8.84451973e-02,
        -1.64241794e-01,  5.96134047e-02,  1.70172557e-02,
        -1.03073724e+00,  4.25835862e-01, -4.44752571e-01,
         8.25621968e-01,  4.77013234e-02,  9.53785408e-02,
        -8.04960010e-02, -1.45317136e-03, -3.03622636e-02,
         3.56335164e-02, -1.50982075e-01, -1.31767707e-01],
       [-1.03942678e+00,  3.19605719e-01,  6.84553623e-01,
        -4.36950095e-01,  1.12163218e-01, -6.60515246e-02,
        -7.13893111e-01, -1.26093743e+00, -4.47068121e-01,
         4.77013234e-02,  1.06584405e+00, -2.73052930e-01,
         1.32537169e-01, -2.39835906e-01, -3.30238331e-01,
         1.34506680e-01, -1.00910509e-01, -1.06572288e-01],
       [ 3.97441321e-01, -1.59979590e+00, -6.17394307e-01,
         9.74980273e-02, -5.89727817e-01, -1.39103933e-01,
         1.53861076e+00,  1.49675445e-02, -1.58746118e+00,
         9.53785408e-02, -2.73052930e-01,  8.90014697e-01,
        -1.67455304e-01,  2.37795148e-01,  2.55825094e-02,
         3.83783562e-02,  1.44485530e-01, -2.95053532e-03],
       [-1.06843883e+00,  6.55068107e-01, -5.40457783e-02,
        -2.80385525e-01,  3.92119152e-01, -2.47126645e-01,
        -1.11526026e+00,  1.64392400e-01, -4.54725872e-01,
        -8.04960010e-02,  1.32537169e-01, -1.67455304e-01,
         3.66743825e-01, -7.27079663e-02, -8.84094671e-02,
         1.46326098e-01, -2.10543340e-01,  8.93862465e-02],
       [ 3.10180810e-01, -4.11579106e-01, -1.22421401e-01,
         8.32601456e-02, -1.30938923e-01,  3.02175620e-02,
         3.29954204e-01,  2.35201158e-01, -3.92251626e-01,
        -1.45317136e-03, -2.39835906e-01,  2.37795148e-01,
        -7.27079663e-02,  1.42902516e-01,  6.40556775e-02,
        -6.95193438e-03,  9.18876368e-02,  1.49221255e-02],
       [ 5.67400279e-01, -1.82870190e-01, -1.65655625e-01,
         2.19261035e-01, -8.35128780e-02,  1.00801235e-01,
         3.20283556e-01,  5.67605950e-01,  4.04058742e-01,
        -3.03622636e-02, -3.30238331e-01,  2.55825094e-02,
        -8.84094671e-02,  6.40556775e-02,  1.71116208e-01,
        -7.60951907e-02,  5.12018159e-02,  4.86727734e-02],
       [-4.03914400e-01,  6.18240090e-02,  7.01625783e-02,
        -1.33240801e-01,  9.90701314e-02, -7.62866547e-02,
        -4.88140804e-01, -1.42064043e-01, -4.48867078e-01,
         3.56335164e-02,  1.34506680e-01,  3.83783562e-02,
         1.46326098e-01, -6.95193438e-03, -7.60951907e-02,
         1.20633404e-01, -8.16272657e-02,  7.55735537e-03],
       [ 7.16501728e-01, -4.41177261e-01,  2.50787796e-02,
         2.04468304e-01, -2.86319121e-01,  1.16176496e-01,
         1.31809940e+00, -1.94278820e-01,  8.88135717e-02,
        -1.50982075e-01, -1.00910509e-01,  1.44485530e-01,
        -2.10543340e-01,  9.18876368e-02,  5.12018159e-02,
        -8.16272657e-02,  2.23699176e-01, -1.91082191e-02],
       [-3.26005447e-01,  1.34775983e-02, -1.42549639e-01,
        -5.70585323e-02,  1.56664561e-02, -1.08230908e-01,
         3.57091983e-01,  8.23412504e-02, -2.52020217e-01,
        -1.31767707e-01, -1.06572288e-01, -2.95053532e-03,
         8.93862465e-02,  1.49221255e-02,  4.86727734e-02,
         7.55735537e-03, -1.91082191e-02,  1.12279616e-01]])
      jac: array([-3.23444975e-06, -3.47610829e-06, -2.94986258e-06,  1.05989291e-05,
        8.13497418e-06,  5.85457608e-06, -9.82917451e-07, -5.52520992e-07,
       -5.07371922e-07, -9.52941429e-07, -1.15130128e-06, -2.72485738e-06,
       -1.20688644e-05, -6.29792514e-06, -1.14734148e-05,  4.96121662e-06,
        5.06113670e-06,  1.31898196e-05])
  message: 'Desired error not necessarily achieved due to precision loss.'
     nfev: 2254
      nit: 68
     njev: 118
   status: 2
  success: False
        x: array([ 0.80566866, -1.07341639,  0.54704688,  1.15004099, -1.10635431,
        0.13071076,  0.65165478, -1.95818531, -0.42596119,  0.00886267,
        0.51588145,  1.1695836 ,  0.00224347,  0.01155186, -0.34063546,
       -1.10787687, -0.72842119, -0.0208901 ])
