Program Begingeth
      fun: 0.28400268228237524
 hess_inv: array([[ 4.21070741e+00, -1.34677553e+00,  6.67211961e-01,
         1.25784997e+00, -6.95597831e-01,  5.58538959e-01,
         6.26555596e-01, -5.73288388e-03,  1.83472055e+00,
         4.19286978e-02,  8.04113329e-04,  9.22262774e-03,
        -7.20059150e-01,  1.29866034e-01,  5.08754932e-02,
        -2.25301156e-01,  3.71748511e-01, -1.35451816e-01],
       [-1.34677553e+00,  2.91687401e+00, -3.55884381e-01,
        -1.42810532e-01,  1.17242626e+00, -1.81309003e-01,
         7.53371446e-01,  1.79451698e+00,  4.80286496e-01,
        -1.28737857e-01, -1.63308640e-01, -8.42018379e-01,
         4.01317361e-01, -3.10194996e-01,  2.01388550e-01,
         1.98530753e-03, -2.46700976e-01,  1.08181957e-01],
       [ 6.67211961e-01, -3.55884381e-01,  1.15961973e+01,
        -1.23549923e+00, -5.35192110e-01,  4.68527289e+00,
        -1.51664369e+01, -5.50742676e+00,  5.95001732e+00,
         6.65300392e-01,  2.86222086e+00, -1.02010346e+00,
        -6.40023715e-01, -3.52056172e-01, -5.70845106e-01,
        -1.75310343e-02,  3.99244340e-01, -3.07962814e-01],
       [ 1.25784997e+00, -1.42810532e-01, -1.23549923e+00,
         6.29653693e-01, -7.29403175e-02, -4.19344290e-01,
         2.59666826e+00,  7.73355064e-01,  3.25129160e-02,
        -9.64265822e-02, -2.97344071e-01,  2.45177882e-02,
        -1.00054668e-01,  2.12710220e-02,  8.97223236e-02,
        -6.31760889e-02,  3.21228546e-02,  1.26914993e-03],
       [-6.95597831e-01,  1.17242626e+00, -5.35192110e-01,
        -7.29403175e-02,  5.28600650e-01, -2.27310398e-01,
         6.48007250e-01,  1.18590990e+00, -1.17933068e-01,
        -1.76575833e-02, -1.68360132e-01, -2.51184035e-01,
         1.93261403e-01, -8.81512117e-02,  1.05600676e-01,
         1.97344096e-02, -1.13399361e-01,  6.11837899e-02],
       [ 5.58538959e-01, -1.81309003e-01,  4.68527289e+00,
        -4.19344290e-01, -2.27310398e-01,  1.96185780e+00,
        -6.21162006e+00, -1.99190256e+00,  2.70772841e+00,
         3.57437402e-01,  1.04116287e+00, -4.04609433e-01,
        -3.31875829e-01, -1.15259510e-01, -1.88725022e-01,
        -3.34200248e-02,  1.80816058e-01, -1.28540715e-01],
       [ 6.26555596e-01,  7.53371446e-01, -1.51664369e+01,
         2.59666826e+00,  6.48007250e-01, -6.21162006e+00,
         2.53356345e+01,  7.17881767e+00, -6.40356469e+00,
        -9.16142722e-01, -2.99907111e+00,  8.94838095e-01,
         7.81123087e-01,  8.61437885e-02,  6.00303401e-01,
        -3.70345633e-02, -5.77432678e-01,  3.17169021e-01],
       [-5.73288388e-03,  1.79451698e+00, -5.50742676e+00,
         7.73355064e-01,  1.18590990e+00, -1.99190256e+00,
         7.17881767e+00,  7.60888062e+00, -2.03187947e+00,
         2.52234251e-01, -1.54359069e+00, -1.80838395e-03,
         1.90227938e-01,  7.45696841e-02,  6.07258680e-01,
        -6.35936930e-02, -2.46742940e-01,  2.14797953e-01],
       [ 1.83472055e+00,  4.80286496e-01,  5.95001732e+00,
         3.25129160e-02, -1.17933068e-01,  2.70772841e+00,
        -6.40356469e+00, -2.03187947e+00,  6.36164897e+00,
         6.31184636e-01,  1.33737882e+00, -8.08860717e-01,
        -5.35748670e-01, -3.65892227e-01, -2.22191279e-01,
        -1.41699802e-01,  1.57939539e-01, -2.50010779e-01],
       [ 4.19286978e-02, -1.28737857e-01,  6.65300392e-01,
        -9.64265822e-02, -1.76575833e-02,  3.57437402e-01,
        -9.16142722e-01,  2.52234251e-01,  6.31184636e-01,
         1.09798478e+00,  2.12097218e-01, -5.82696034e-02,
        -3.00836486e-01, -3.60727235e-02, -1.14401101e-01,
        -1.27674588e-02, -9.84322652e-03, -2.30272186e-01],
       [ 8.04113329e-04, -1.63308640e-01,  2.86222086e+00,
        -2.97344071e-01, -1.68360132e-01,  1.04116287e+00,
        -2.99907111e+00, -1.54359069e+00,  1.33737882e+00,
         2.12097218e-01,  1.33806490e+00, -2.64412609e-01,
        -1.17292329e-01, -2.34719872e-01, -3.09531130e-01,
         3.23889519e-02,  7.13004219e-02, -1.72365897e-01],
       [ 9.22262774e-03, -8.42018379e-01, -1.02010346e+00,
         2.45177882e-02, -2.51184035e-01, -4.04609433e-01,
         8.94838095e-01, -1.80838395e-03, -8.08860717e-01,
        -5.82696034e-02, -2.64412609e-01,  6.75234203e-01,
         1.79061716e-02,  1.91156478e-01, -4.74513084e-02,
         6.49358678e-02,  4.82906577e-02,  3.36026442e-02],
       [-7.20059150e-01,  4.01317361e-01, -6.40023715e-01,
        -1.00054668e-01,  1.93261403e-01, -3.31875829e-01,
         7.81123087e-01,  1.90227938e-01, -5.35748670e-01,
        -3.00836486e-01, -1.17292329e-01,  1.79061716e-02,
         2.64663893e-01, -2.92415316e-02,  3.57684103e-02,
         7.15248332e-02, -9.49972570e-02,  9.28664150e-02],
       [ 1.29866034e-01, -3.10194996e-01, -3.52056172e-01,
         2.12710220e-02, -8.81512117e-02, -1.15259510e-01,
         8.61437885e-02,  7.45696841e-02, -3.65892227e-01,
        -3.60727235e-02, -2.34719872e-01,  1.91156478e-01,
        -2.92415316e-02,  1.28462902e-01,  3.48217146e-02,
         2.71610642e-03,  5.68447432e-02,  2.94968672e-02],
       [ 5.08754932e-02,  2.01388550e-01, -5.70845106e-01,
         8.97223236e-02,  1.05600676e-01, -1.88725022e-01,
         6.00303401e-01,  6.07258680e-01, -2.22191279e-01,
        -1.14401101e-01, -3.09531130e-01, -4.74513084e-02,
         3.57684103e-02,  3.48217146e-02,  1.30311232e-01,
        -2.41064042e-02, -1.79665753e-02,  7.66687052e-02],
       [-2.25301156e-01,  1.98530753e-03, -1.75310343e-02,
        -6.31760889e-02,  1.97344096e-02, -3.34200248e-02,
        -3.70345633e-02, -6.35936930e-02, -1.41699802e-01,
        -1.27674588e-02,  3.23889519e-02,  6.49358678e-02,
         7.15248332e-02,  2.71610642e-03, -2.41064042e-02,
         5.29025696e-02, -1.78937178e-02,  8.54120561e-03],
       [ 3.71748511e-01, -2.46700976e-01,  3.99244340e-01,
         3.21228546e-02, -1.13399361e-01,  1.80816058e-01,
        -5.77432678e-01, -2.46742940e-01,  1.57939539e-01,
        -9.84322652e-03,  7.13004219e-02,  4.82906577e-02,
        -9.49972570e-02,  5.68447432e-02, -1.79665753e-02,
        -1.78937178e-02,  9.37857845e-02, -1.35981084e-02],
       [-1.35451816e-01,  1.08181957e-01, -3.07962814e-01,
         1.26914993e-03,  6.11837899e-02, -1.28540715e-01,
         3.17169021e-01,  2.14797953e-01, -2.50010779e-01,
        -2.30272186e-01, -1.72365897e-01,  3.36026442e-02,
         9.28664150e-02,  2.94968672e-02,  7.66687052e-02,
         8.54120561e-03, -1.35981084e-02,  9.54247853e-02]])
      jac: array([-3.05348339e-06, -2.88199094e-05,  1.32782674e-05,  8.22157157e-06,
        6.93371286e-05, -2.41810276e-05,  6.98330283e-07, -4.46531701e-06,
        1.69679086e-06, -1.31043324e-06, -1.81695399e-05,  9.86396150e-06,
        4.35984582e-06, -7.09395505e-05,  3.95383726e-05, -5.50559598e-06,
        5.10843220e-05, -4.11833530e-05])
  message: 'Desired error not necessarily achieved due to precision loss.'
     nfev: 2139
      nit: 69
     njev: 112
   status: 2
  success: False
        x: array([ 1.10975634e+00, -1.10235250e+00,  1.81401378e-01,  1.53573374e+00,
       -1.08853682e+00, -6.65238527e-03,  1.76880533e+00, -1.34405244e+00,
       -9.87217259e-01, -4.57332300e-03,  4.63614451e-01,  1.09809977e+00,
       -7.13003863e-06,  2.29992475e-01, -2.38223336e-01, -1.39544238e+00,
       -1.33898009e-01,  2.65596268e-02])
