Program Begingeth
      fun: 0.2767343438843094
 hess_inv: array([[ 1.46780756e+00, -1.11725347e-01,  1.82327548e-01,
         3.80710218e-01, -1.98676369e-01,  3.53794410e-01,
         1.06936234e+00, -2.91930461e-01,  9.88330837e-01,
         1.14113448e+00, -6.78549433e-01, -8.05301943e-02,
        -5.64677045e-01,  8.40979912e-03,  5.07822449e-02,
        -2.07337472e-02, -1.59249190e-02, -2.50215209e-01],
       [-1.11725347e-01,  6.06201597e-01, -1.31459190e-01,
        -2.90295033e-01,  6.47593087e-02, -2.01921434e-01,
        -1.49586430e+00,  2.98621003e-01, -7.80193807e-02,
        -7.62498776e-01, -5.50059728e-02, -5.88230811e-02,
         5.04650782e-02, -1.92589830e-01, -1.93148669e-01,
         3.21466664e-02,  2.41407892e-04, -9.47085296e-02],
       [ 1.82327548e-01, -1.31459190e-01,  3.73532583e-01,
         1.35147841e-01,  1.57135710e-03,  1.53217468e-01,
         1.92821824e-01, -4.63643110e-01,  3.35927285e-01,
         5.92008391e-01, -4.15200878e-02,  8.17985535e-02,
        -5.50427679e-02,  1.23373631e-01, -3.02620710e-02,
         4.17814943e-02,  4.06890609e-02,  1.52278211e-02],
       [ 3.80710218e-01, -2.90295033e-01,  1.35147841e-01,
         5.42817625e-01,  9.04515455e-02,  2.17058628e-01,
         1.71889280e+00,  3.70356335e-01,  1.47095375e+00,
         1.52867691e+00,  3.16381562e-01, -3.18366548e-01,
        -6.29970664e-02,  1.09977265e-01,  1.41236555e-01,
         1.82005548e-02, -7.66780518e-03,  1.42260174e-02],
       [-1.98676369e-01,  6.47593087e-02,  1.57135710e-03,
         9.04515455e-02,  3.17458562e-01, -6.12803223e-02,
         3.26343216e-02,  8.47316191e-01,  9.53015425e-01,
         2.80570671e-01,  8.44003501e-01, -2.98385711e-01,
         1.43309516e-01,  5.57755083e-02, -3.39785200e-02,
         5.14280912e-02,  1.84538900e-02,  3.79209873e-02],
       [ 3.53794410e-01, -2.01921434e-01,  1.53217468e-01,
         2.17058628e-01, -6.12803223e-02,  3.22570122e-01,
         9.61086322e-01, -5.42917418e-01,  8.65917312e-01,
         7.57721456e-01, -5.74203462e-02,  3.51425810e-01,
        -1.80847451e-01,  9.98296125e-02,  1.12456441e-01,
        -2.56162678e-02,  3.87187403e-02, -1.18181312e-02],
       [ 1.06936234e+00, -1.49586430e+00,  1.92821824e-01,
         1.71889280e+00,  3.26343216e-02,  9.61086322e-01,
         1.12372178e+01, -3.83196910e-01,  5.40252214e+00,
         4.27385797e+00,  1.67361427e+00, -6.76359487e-01,
        -6.11763806e-01,  4.13589361e-01,  6.66559356e-01,
        -2.29705162e-01,  1.54859056e-01,  9.86259611e-03],
       [-2.91930461e-01,  2.98621003e-01, -4.63643110e-01,
         3.70356335e-01,  8.47316191e-01, -5.42917418e-01,
        -3.83196910e-01,  5.04370463e+00,  2.03097923e+00,
         6.40186330e-01,  1.69799825e+00, -1.89841036e+00,
         4.59031842e-01, -5.61566952e-02, -2.25931926e-02,
         1.22322772e-01, -8.04472019e-02,  6.43423997e-02],
       [ 9.88330837e-01, -7.80193807e-02,  3.35927285e-01,
         1.47095375e+00,  9.53015425e-01,  8.65917312e-01,
         5.40252214e+00,  2.03097923e+00,  9.58848226e+00,
         4.62014977e+00,  3.10729828e+00, -9.65363558e-01,
        -3.12201402e-01,  2.81215276e-01,  2.52468272e-01,
         3.58701558e-02,  1.76604471e-01, -5.10857759e-02],
       [ 1.14113448e+00, -7.62498776e-01,  5.92008391e-01,
         1.52867691e+00,  2.80570671e-01,  7.57721456e-01,
         4.27385797e+00,  6.40186330e-01,  4.62014977e+00,
         4.68470183e+00,  8.78567988e-01, -6.23920116e-01,
        -2.43285788e-01,  3.77536592e-01,  3.60078855e-01,
         5.47666828e-02,  2.77246046e-02,  3.24826907e-02],
       [-6.78549433e-01, -5.50059728e-02, -4.15200878e-02,
         3.16381562e-01,  8.44003501e-01, -5.74203462e-02,
         1.67361427e+00,  1.69799825e+00,  3.10729828e+00,
         8.78567988e-01,  2.76216625e+00, -6.91236082e-01,
         3.29396804e-01,  1.87276616e-01, -8.58878955e-03,
         6.48368806e-02,  7.81786932e-02,  1.29635087e-01],
       [-8.05301943e-02, -5.88230811e-02,  8.17985535e-02,
        -3.18366548e-01, -2.98385711e-01,  3.51425810e-01,
        -6.76359487e-01, -1.89841036e+00, -9.65363558e-01,
        -6.23920116e-01, -6.91236082e-01,  1.48063875e+00,
        -1.38221098e-01,  5.95582970e-02,  6.24887681e-02,
        -5.74324660e-02,  6.97019823e-02,  1.32424848e-02],
       [-5.64677045e-01,  5.04650782e-02, -5.50427679e-02,
        -6.29970664e-02,  1.43309516e-01, -1.80847451e-01,
        -6.11763806e-01,  4.59031842e-01, -3.12201402e-01,
        -2.43285788e-01,  3.29396804e-01, -1.38221098e-01,
         3.08693006e-01,  2.86924766e-05, -2.41691277e-02,
         6.41796659e-02, -2.33770374e-02,  1.15651177e-01],
       [ 8.40979912e-03, -1.92589830e-01,  1.23373631e-01,
         1.09977265e-01,  5.57755083e-02,  9.98296125e-02,
         4.13589361e-01, -5.61566952e-02,  2.81215276e-01,
         3.77536592e-01,  1.87276616e-01,  5.95582970e-02,
         2.86924766e-05,  1.22959252e-01,  4.66001870e-02,
         7.87116227e-03,  3.62388156e-02,  4.37048451e-02],
       [ 5.07822449e-02, -1.93148669e-01, -3.02620710e-02,
         1.41236555e-01, -3.39785200e-02,  1.12456441e-01,
         6.66559356e-01, -2.25931926e-02,  2.52468272e-01,
         3.60078855e-01, -8.58878955e-03,  6.24887681e-02,
        -2.41691277e-02,  4.66001870e-02,  1.27380731e-01,
        -2.51789172e-02, -5.14888891e-03,  4.79414254e-02],
       [-2.07337472e-02,  3.21466664e-02,  4.17814943e-02,
         1.82005548e-02,  5.14280912e-02, -2.56162678e-02,
        -2.29705162e-01,  1.22322772e-01,  3.58701558e-02,
         5.47666828e-02,  6.48368806e-02, -5.74324660e-02,
         6.41796659e-02,  7.87116227e-03, -2.51789172e-02,
         5.22927838e-02, -8.52726886e-03,  1.05547462e-02],
       [-1.59249190e-02,  2.41407892e-04,  4.06890609e-02,
        -7.66780518e-03,  1.84538900e-02,  3.87187403e-02,
         1.54859056e-01, -8.04472019e-02,  1.76604471e-01,
         2.77246046e-02,  7.81786932e-02,  6.97019823e-02,
        -2.33770374e-02,  3.62388156e-02, -5.14888891e-03,
        -8.52726886e-03,  4.39022996e-02,  5.35404667e-05],
       [-2.50215209e-01, -9.47085296e-02,  1.52278211e-02,
         1.42260174e-02,  3.79209873e-02, -1.18181312e-02,
         9.86259611e-03,  6.43423997e-02, -5.10857759e-02,
         3.24826907e-02,  1.29635087e-01,  1.32424848e-02,
         1.15651177e-01,  4.37048451e-02,  4.79414254e-02,
         1.05547462e-02,  5.35404667e-05,  9.43745372e-02]])
      jac: array([ 5.91082738e-06, -6.93075227e-06,  5.58812256e-08, -8.37922324e-06,
        2.38590629e-05, -1.23390187e-05,  1.03990890e-06, -2.00876353e-06,
        5.98780285e-07,  2.72892819e-06, -4.97490937e-06,  3.12638804e-06,
        1.02799251e-05, -1.72058664e-05,  2.44508117e-06, -1.65119770e-05,
        1.02129416e-05,  3.36434584e-06])
  message: 'Desired error not necessarily achieved due to precision loss.'
     nfev: 1911
      nit: 67
     njev: 100
   status: 2
  success: False
        x: array([ 0.10589724,  0.19658666,  0.78912312,  1.56036991, -0.72437873,
        0.32227695,  1.03283557, -1.67094774,  0.8377573 ,  1.92021861,
       -0.63430741,  0.8552847 ,  0.03563468,  0.1509383 , -0.21686763,
       -1.38830665, -0.38906916,  0.05050505])
