Program Begingeth
      fun: 0.27384510982978755
 hess_inv: array([[ 3.47431901e+00, -1.43554790e+00,  3.71974034e-01,
         1.19537259e+00, -6.66537725e-01,  7.37375404e-01,
         9.45861981e-01,  6.48909133e-01,  2.41342402e+00,
         2.33193700e-01, -7.04206070e-01,  1.67296295e-01,
        -5.35784173e-01,  2.24296059e-01,  2.71646814e-01,
        -2.22248679e-01,  2.54520808e-01, -1.40237170e-01],
       [-1.43554790e+00,  3.20975279e+00,  8.09441144e-01,
        -4.22995933e-01,  1.39717511e+00,  1.09267347e-01,
        -1.90735195e+00,  1.38888023e+00,  1.64945046e+00,
        -4.88785280e-01,  4.18247007e-01, -8.49679288e-01,
         4.96985244e-01, -2.72144829e-01, -7.71754260e-02,
         1.02241409e-01, -1.97833786e-01,  1.03819617e-01],
       [ 3.71974034e-01,  8.09441144e-01,  7.36991458e+00,
        -1.00287074e+00,  7.52091221e-02,  3.43125413e+00,
        -1.25876912e+01, -6.56430197e+00,  1.01363488e+01,
         5.85207613e-01,  2.07969256e+00, -5.38986255e-01,
        -2.76512187e-01, -1.64930179e-01, -6.72305905e-01,
         2.14031825e-01,  1.54053503e-01, -6.28583310e-01],
       [ 1.19537259e+00, -4.22995933e-01, -1.00287074e+00,
         6.44317743e-01, -1.68816820e-01, -2.82177190e-01,
         2.68399349e+00,  1.39405216e+00, -5.33524817e-01,
        -6.87764551e-02, -5.39280445e-01,  3.72133657e-02,
        -1.04806354e-01,  5.94381122e-02,  2.09461528e-01,
        -1.10611510e-01,  3.93252677e-02,  6.75570753e-02],
       [-6.66537725e-01,  1.39717511e+00,  7.52091221e-02,
        -1.68816820e-01,  6.79062724e-01, -6.33669257e-02,
        -6.83579256e-01,  1.38468541e+00,  1.90296236e-01,
        -1.81890812e-01,  4.71062422e-02, -3.11303889e-01,
         2.40328024e-01, -7.52668353e-02,  1.98246606e-02,
         5.51084012e-02, -9.08364832e-02,  8.08241110e-02],
       [ 7.37375404e-01,  1.09267347e-01,  3.43125413e+00,
        -2.82177190e-01, -6.33669257e-02,  1.74234716e+00,
        -5.91576334e+00, -2.68898364e+00,  5.22316014e+00,
         4.05542485e-01,  7.34165590e-01, -1.72629834e-01,
        -2.37689414e-01, -1.58086221e-02, -2.37764755e-01,
         5.37429509e-02,  1.01141480e-01, -3.14501055e-01],
       [ 9.45861981e-01, -1.90735195e+00, -1.25876912e+01,
         2.68399349e+00, -6.83579256e-01, -5.91576334e+00,
         2.84965377e+01,  9.62440390e+00, -1.63720195e+01,
        -1.27877040e+00, -3.03178288e+00,  4.06682739e-01,
         2.19601968e-01,  2.68386818e-02,  1.11395856e+00,
        -5.69090963e-01, -1.36231428e-01,  1.05831062e+00],
       [ 6.48909133e-01,  1.38888023e+00, -6.56430197e+00,
         1.39405216e+00,  1.38468541e+00, -2.68898364e+00,
         9.62440390e+00,  1.46526962e+01, -8.22043992e+00,
        -2.87537234e-01, -2.71433553e+00, -1.03189785e-01,
         3.48736441e-01,  2.62516009e-01,  1.17102201e+00,
        -2.61824354e-01, -2.03064769e-01,  7.49707406e-01],
       [ 2.41342402e+00,  1.64945046e+00,  1.01363488e+01,
        -5.33524817e-01,  1.90296236e-01,  5.22316014e+00,
        -1.63720195e+01, -8.22043992e+00,  1.93573296e+01,
         1.04094797e+00,  2.46735586e+00, -9.34386220e-01,
        -5.87428383e-01, -4.36113730e-01, -8.63177795e-01,
         8.18120627e-02,  7.41531354e-02, -1.01068429e+00],
       [ 2.33193700e-01, -4.88785280e-01,  5.85207613e-01,
        -6.87764551e-02, -1.81890812e-01,  4.05542485e-01,
        -1.27877040e+00, -2.87537234e-01,  1.04094797e+00,
         9.83011838e-01,  1.44775891e-01,  5.47872323e-02,
        -3.10208001e-01,  1.12110401e-03, -1.26593398e-01,
        -2.33613903e-02, -1.00838928e-02, -2.80895328e-01],
       [-7.04206070e-01,  4.18247007e-01,  2.07969256e+00,
        -5.39280445e-01,  4.71062422e-02,  7.34165590e-01,
        -3.03178288e+00, -2.71433553e+00,  2.46735586e+00,
         1.44775891e-01,  1.37258756e+00, -2.74994866e-01,
         1.21675273e-02, -2.54698610e-01, -4.25922378e-01,
         1.16967050e-01, -1.06703147e-02, -2.60917616e-01],
       [ 1.67296295e-01, -8.49679288e-01, -5.38986255e-01,
         3.72133657e-02, -3.11303889e-01, -1.72629834e-01,
         4.06682739e-01, -1.03189785e-01, -9.34386220e-01,
         5.47872323e-02, -2.74994866e-01,  5.71044043e-01,
        -5.30990278e-02,  1.63829894e-01,  1.70177570e-02,
         2.86515553e-02,  7.81141156e-02,  3.66624517e-02],
       [-5.35784173e-01,  4.96985244e-01, -2.76512187e-01,
        -1.04806354e-01,  2.40328024e-01, -2.37689414e-01,
         2.19601968e-01,  3.48736441e-01, -5.87428383e-01,
        -3.10208001e-01,  1.21675273e-02, -5.30990278e-02,
         2.27192465e-01, -4.07854025e-02,  1.45967381e-02,
         7.66025919e-02, -6.56768715e-02,  1.16447501e-01],
       [ 2.24296059e-01, -2.72144829e-01, -1.64930179e-01,
         5.94381122e-02, -7.52668353e-02, -1.58086221e-02,
         2.68386818e-02,  2.62516009e-01, -4.36113730e-01,
         1.12110401e-03, -2.54698610e-01,  1.63829894e-01,
        -4.07854025e-02,  1.28813430e-01,  7.09436558e-02,
        -6.67361495e-03,  7.19219445e-02,  3.46060989e-02],
       [ 2.71646814e-01, -7.71754260e-02, -6.72305905e-01,
         2.09461528e-01,  1.98246606e-02, -2.37764755e-01,
         1.11395856e+00,  1.17102201e+00, -8.63177795e-01,
        -1.26593398e-01, -4.25922378e-01,  1.70177570e-02,
         1.45967381e-02,  7.09436558e-02,  1.88766107e-01,
        -4.60524008e-02,  4.14394530e-03,  1.25453372e-01],
       [-2.22248679e-01,  1.02241409e-01,  2.14031825e-01,
        -1.10611510e-01,  5.51084012e-02,  5.37429509e-02,
        -5.69090963e-01, -2.61824354e-01,  8.18120627e-02,
        -2.33613903e-02,  1.16967050e-01,  2.86515553e-02,
         7.66025919e-02, -6.67361495e-03, -4.60524008e-02,
         7.46183252e-02, -1.40940382e-02,  1.47556354e-03],
       [ 2.54520808e-01, -1.97833786e-01,  1.54053503e-01,
         3.93252677e-02, -9.08364832e-02,  1.01141480e-01,
        -1.36231428e-01, -2.03064769e-01,  7.41531354e-02,
        -1.00838928e-02, -1.06703147e-02,  7.81141156e-02,
        -6.56768715e-02,  7.19219445e-02,  4.14394530e-03,
        -1.40940382e-02,  9.07846863e-02, -1.42864606e-02],
       [-1.40237170e-01,  1.03819617e-01, -6.28583310e-01,
         6.75570753e-02,  8.08241110e-02, -3.14501055e-01,
         1.05831062e+00,  7.49707406e-01, -1.01068429e+00,
        -2.80895328e-01, -2.60917616e-01,  3.66624517e-02,
         1.16447501e-01,  3.46060989e-02,  1.25453372e-01,
         1.47556354e-03, -1.42864606e-02,  1.62874541e-01]])
      jac: array([-5.22952052e-06, -1.80411242e-06, -2.27669735e-06,  1.02673425e-05,
        3.87726888e-06,  6.54809540e-06, -4.53341068e-07, -2.40178248e-07,
       -2.67193675e-07, -3.18300941e-06, -9.71075072e-07, -8.13423403e-07,
       -1.15448392e-05, -5.15180491e-06, -2.62049641e-06,  8.78778532e-06,
        4.29027184e-06,  1.20163139e-06])
  message: 'Desired error not necessarily achieved due to precision loss.'
     nfev: 2062
      nit: 75
     njev: 108
   status: 2
  success: False
        x: array([ 1.00183181e+00, -1.16062814e+00,  5.06874031e-01,  1.28795391e+00,
       -1.16285148e+00,  1.27246932e-01,  1.09454140e+00, -1.63302482e+00,
       -7.52758330e-01,  6.33060925e-02,  5.76295973e-01,  1.14656798e+00,
        1.13224747e-03,  2.26385629e-01, -2.90384780e-01, -1.19159857e+00,
       -1.49744792e-01, -6.26289240e-03])
