Program Begingeth
      fun: 0.2937231390278975
 hess_inv: array([[ 8.29023736e+00,  2.25087844e-01,  1.19088966e-01,
         4.62713712e-01, -1.16330221e+00,  3.62484058e-01,
         1.05442238e+00, -6.85901941e-01,  2.21054398e+00,
        -1.51373156e+00, -2.31452842e-01, -3.00789782e-01,
        -2.13918078e+00, -4.75667362e-01,  2.09601633e-01,
         8.11680417e-01,  9.36377110e-01, -1.99236431e-02],
       [ 2.25087844e-01,  2.71440299e+00,  3.44433915e-02,
         3.79580634e-01,  4.26875147e-01,  2.65669845e-01,
         8.16586293e-01,  1.74229692e+00,  1.57134095e+00,
         2.88711628e-01, -2.29358227e-01, -1.04191261e+00,
         6.88453976e-02, -4.75204139e-01,  3.85182237e-01,
        -1.33294263e-01,  4.14006727e-01,  1.92982910e-02],
       [ 1.19088966e-01,  3.44433915e-02,  3.43339892e+00,
        -2.82546365e-01, -3.51887673e-01,  4.86848230e-01,
        -2.54723817e+00, -2.15188955e+00,  1.08656351e+00,
         6.81444118e-02,  1.34562321e+00, -5.39465120e-01,
        -1.78670631e-01, -5.03457764e-01, -5.60338339e-01,
        -1.03416558e-02,  1.48507981e-02,  4.69593500e-01],
       [ 4.62713712e-01,  3.79580634e-01, -2.82546365e-01,
         2.23282542e-01,  1.90390155e-02, -2.88162362e-02,
         9.92404701e-01,  2.91412102e-01,  3.80792468e-01,
        -9.11296214e-02, -8.06564286e-02, -1.76878732e-01,
         1.61809975e-02, -9.87460947e-02,  7.53091856e-02,
         5.24122370e-02,  5.68798441e-02, -3.63822548e-02],
       [-1.16330221e+00,  4.26875147e-01, -3.51887673e-01,
         1.90390155e-02,  3.40292722e-01, -3.01163706e-02,
         1.75016787e-01,  9.70514682e-01, -1.55352397e-01,
         3.31468062e-01, -1.60812636e-01, -1.94902441e-02,
         3.32507009e-01,  8.23438803e-02,  1.06619286e-01,
        -1.16648806e-01, -6.42431064e-02, -3.42499781e-02],
       [ 3.62484058e-01,  2.65669845e-01,  4.86848230e-01,
        -2.88162362e-02, -3.01163706e-02,  2.17702622e-01,
        -5.43344461e-01,  9.52106805e-02,  6.20349646e-01,
         1.64544063e-01,  2.26254554e-03, -1.50363042e-01,
        -1.74134368e-01, -9.15758913e-02,  5.25649651e-02,
         5.88678520e-03,  7.62921479e-02,  6.74714844e-02],
       [ 1.05442238e+00,  8.16586293e-01, -2.54723817e+00,
         9.92404701e-01,  1.75016787e-01, -5.43344461e-01,
         6.47371063e+00,  1.58208740e+00,  5.08389917e-01,
        -2.94020659e-01, -4.38330280e-01, -2.22989671e-01,
         2.67810504e-01, -1.33927545e-01,  2.52201080e-01,
         1.39888847e-01,  5.23932932e-02, -3.87198486e-01],
       [-6.85901941e-01,  1.74229692e+00, -2.15188955e+00,
         2.91412102e-01,  9.70514682e-01,  9.52106805e-02,
         1.58208740e+00,  5.97574210e+00,  4.16470061e-01,
         1.09296544e+00, -8.67426158e-01, -1.97580895e-01,
         1.23648305e-01,  1.18923702e-01,  7.77906923e-01,
        -1.40342430e-01,  1.30445202e-01, -3.14221286e-01],
       [ 2.21054398e+00,  1.57134095e+00,  1.08656351e+00,
         3.80792468e-01, -1.55352397e-01,  6.20349646e-01,
         5.08389917e-01,  4.16470061e-01,  3.94061129e+00,
         1.93322130e-01,  1.82584070e-01, -7.04116127e-01,
        -5.15419371e-01, -6.19347323e-01,  1.04805284e-01,
         1.39867846e-01,  3.53036037e-01,  7.49919647e-02],
       [-1.51373156e+00,  2.88711628e-01,  6.81444118e-02,
        -9.11296214e-02,  3.31468062e-01,  1.64544063e-01,
        -2.94020659e-01,  1.09296544e+00,  1.93322130e-01,
         1.25666463e+00,  8.41270508e-02, -1.14622955e-01,
         1.54044614e-01, -2.57593566e-04,  6.74759058e-02,
        -1.76634186e-01, -1.66128644e-01, -1.13426551e-01],
       [-2.31452842e-01, -2.29358227e-01,  1.34562321e+00,
        -8.06564286e-02, -1.60812636e-01,  2.26254554e-03,
        -4.38330280e-01, -8.67426158e-01,  1.82584070e-01,
         8.41270508e-02,  1.28954654e+00, -2.33067898e-01,
         2.62736341e-02, -3.55883315e-01, -4.69993615e-01,
        -4.75053964e-03, -9.31466971e-02,  6.13479440e-02],
       [-3.00789782e-01, -1.04191261e+00, -5.39465120e-01,
        -1.76878732e-01, -1.94902441e-02, -1.50363042e-01,
        -2.22989671e-01, -1.97580895e-01, -7.04116127e-01,
        -1.14622955e-01, -2.33067898e-01,  8.43120846e-01,
         3.97822195e-02,  3.84915949e-01, -9.99358776e-02,
         6.85365688e-02, -1.26444472e-01, -5.20939252e-02],
       [-2.13918078e+00,  6.88453976e-02, -1.78670631e-01,
         1.61809975e-02,  3.32507009e-01, -1.74134368e-01,
         2.67810504e-01,  1.23648305e-01, -5.15419371e-01,
         1.54044614e-01,  2.62736341e-02,  3.97822195e-02,
         7.28924889e-01,  1.03002041e-01, -5.64495624e-02,
        -1.68386291e-01, -2.54771777e-01,  2.17730875e-02],
       [-4.75667362e-01, -4.75204139e-01, -5.03457764e-01,
        -9.87460947e-02,  8.23438803e-02, -9.15758913e-02,
        -1.33927545e-01,  1.18923702e-01, -6.19347323e-01,
        -2.57593566e-04, -3.55883315e-01,  3.84915949e-01,
         1.03002041e-01,  2.93497967e-01,  5.40966311e-02,
        -7.06869889e-03, -7.79077663e-02, -2.84944647e-02],
       [ 2.09601633e-01,  3.85182237e-01, -5.60338339e-01,
         7.53091856e-02,  1.06619286e-01,  5.25649651e-02,
         2.52201080e-01,  7.77906923e-01,  1.04805284e-01,
         6.74759058e-02, -4.69993615e-01, -9.99358776e-02,
        -5.64495624e-02,  5.40966311e-02,  2.73662276e-01,
        -1.57726789e-02,  7.88146238e-02, -3.67295486e-02],
       [ 8.11680417e-01, -1.33294263e-01, -1.03416558e-02,
         5.24122370e-02, -1.16648806e-01,  5.88678520e-03,
         1.39888847e-01, -1.40342430e-01,  1.39867846e-01,
        -1.76634186e-01, -4.75053964e-03,  6.85365688e-02,
        -1.68386291e-01, -7.06869889e-03, -1.57726789e-02,
         1.26317372e-01,  6.06343568e-02, -1.74799279e-03],
       [ 9.36377110e-01,  4.14006727e-01,  1.48507981e-02,
         5.68798441e-02, -6.42431064e-02,  7.62921479e-02,
         5.23932932e-02,  1.30445202e-01,  3.53036037e-01,
        -1.66128644e-01, -9.31466971e-02, -1.26444472e-01,
        -2.54771777e-01, -7.79077663e-02,  7.88146238e-02,
         6.06343568e-02,  2.05833867e-01,  8.24453047e-03],
       [-1.99236431e-02,  1.92982910e-02,  4.69593500e-01,
        -3.63822548e-02, -3.42499781e-02,  6.74714844e-02,
        -3.87198486e-01, -3.14221286e-01,  7.49919647e-02,
        -1.13426551e-01,  6.13479440e-02, -5.20939252e-02,
         2.17730875e-02, -2.84944647e-02, -3.67295486e-02,
        -1.74799279e-03,  8.24453047e-03,  1.20496398e-01]])
      jac: array([-1.48806893e-06, -1.27194551e-06, -3.75995531e-07,  7.90996898e-06,
        3.27182725e-06, -2.61642559e-07, -6.19504448e-07, -2.69414121e-07,
        1.30636243e-07, -1.01770444e-07,  3.15673413e-07,  5.65103520e-07,
       -4.60150436e-06, -1.12317563e-06,  1.17313566e-07,  3.96349620e-07,
        2.32628731e-06,  2.33998006e-06])
  message: 'Optimization terminated successfully.'
     nfev: 2166
      nit: 96
     njev: 114
   status: 0
  success: True
        x: array([-0.02834239, -0.64177058, -0.01300164,  1.25681921, -0.55812607,
       -0.13160826,  1.90403646, -0.72866585, -1.11670719,  0.04888334,
        0.44390545,  1.10286085,  0.20626131,  0.15509683, -0.2747705 ,
       -1.24501395, -0.77909822,  0.0243421 ])
