Program Begingeth
      fun: 0.32324111649216536
 hess_inv: array([[ 5.75105869e+00,  1.62424754e+00, -3.29336789e-01,
         1.44625704e+00,  9.72653567e-01, -1.23514053e+00,
         1.21234432e+00, -6.30002196e-01, -2.90409460e+00,
        -6.47750674e-01,  6.85782136e-01, -6.37073659e-01,
        -1.00478957e+00, -3.42824108e-01, -4.13732987e-01,
        -1.33643597e-01, -7.34626948e-01,  4.63558872e-01],
       [ 1.62424754e+00,  4.10431646e+00,  1.16382620e+00,
         3.59713248e-01,  1.63989562e+00,  2.81560413e-02,
         4.52248440e+00,  3.56726702e-01,  3.06839266e+00,
        -3.02262343e-02,  3.10856499e-01, -1.55477210e+00,
        -6.10582557e-01, -4.11524826e-01, -2.51496391e-01,
         1.81282352e-02, -3.30905666e-01,  9.05855624e-02],
       [-3.29336789e-01,  1.16382620e+00,  2.29608213e+00,
         2.04888959e-01,  4.17396676e-01,  7.55320367e-01,
         3.18581382e+00, -1.66302461e+00,  1.95280674e+00,
         3.94167401e-02,  7.75954391e-01, -6.60406789e-01,
         1.49797226e-02, -1.01636096e-01, -2.41382182e-01,
        -1.46430198e-01,  3.31004393e-02, -6.94543778e-02],
       [ 1.44625704e+00,  3.59713248e-01,  2.04888959e-01,
         4.67896582e-01,  2.42992624e-01, -2.11367669e-01,
         9.73217694e-01, -4.76651504e-01, -7.52774972e-01,
        -2.16021434e-01,  2.98630819e-01, -1.26249626e-01,
        -1.97827299e-01, -6.34477570e-02, -1.60382642e-01,
        -5.26321930e-02, -1.70484417e-01,  7.53746506e-02],
       [ 9.72653567e-01,  1.63989562e+00,  4.17396676e-01,
         2.42992624e-01,  8.28115599e-01, -2.72296608e-02,
         2.90597819e+00,  6.62084767e-01,  8.58749479e-01,
        -2.06630982e-01,  1.11608342e-01, -5.14835520e-01,
        -3.60080640e-01, -1.17826836e-01, -1.08112355e-01,
        -5.91033661e-02, -2.60066796e-01,  4.81317593e-02],
       [-1.23514053e+00,  2.81560413e-02,  7.55320367e-01,
        -2.11367669e-01, -2.72296608e-02,  5.49865704e-01,
         1.20717510e+00, -1.48854663e-01,  1.43403935e+00,
         1.37566880e-02, -4.94535418e-03, -3.95249979e-02,
         2.26607577e-01,  5.64382932e-02,  6.19290104e-02,
         6.70489865e-03,  1.16424190e-01, -1.09891152e-01],
       [ 1.21234432e+00,  4.52248440e+00,  3.18581382e+00,
         9.73217694e-01,  2.90597819e+00,  1.20717510e+00,
         2.10717162e+01,  2.01941753e+00,  4.84506835e+00,
        -1.56253720e+00,  7.77541365e-01, -1.19421894e+00,
        -9.09817996e-01, -2.79901068e-01, -4.55663523e-01,
        -3.88817866e-01, -1.36905993e+00, -3.83058041e-01],
       [-6.30002196e-01,  3.56726702e-01, -1.66302461e+00,
        -4.76651504e-01,  6.62084767e-01, -1.48854663e-01,
         2.01941753e+00,  6.16528466e+00,  5.11620527e-02,
        -3.29635854e-01, -1.15485388e+00,  2.23939218e-01,
        -1.66731610e-01,  2.40742435e-01,  5.36009382e-01,
         1.56229371e-01, -1.47158029e-01,  6.31566552e-02],
       [-2.90409460e+00,  3.06839266e+00,  1.95280674e+00,
        -7.52774972e-01,  8.58749479e-01,  1.43403935e+00,
         4.84506835e+00,  5.11620527e-02,  9.03413098e+00,
         3.29740603e-01, -4.51130487e-02, -1.23305097e+00,
         2.31509574e-01, -3.95869174e-01,  1.43679378e-01,
         2.33835301e-01,  3.75026596e-02, -1.70946591e-01],
       [-6.47750674e-01, -3.02262343e-02,  3.94167401e-02,
        -2.16021434e-01, -2.06630982e-01,  1.37566880e-02,
        -1.56253720e+00, -3.29635854e-01,  3.29740603e-01,
         7.55590291e-01, -6.39497695e-02, -8.35289714e-02,
         3.04829127e-02,  1.27237772e-02,  5.73553481e-02,
         4.51862395e-02,  2.34842611e-01,  9.13735831e-02],
       [ 6.85782136e-01,  3.10856499e-01,  7.75954391e-01,
         2.98630819e-01,  1.11608342e-01, -4.94535418e-03,
         7.77541365e-01, -1.15485388e+00, -4.51130487e-02,
        -6.39497695e-02,  9.33967630e-01, -2.99915746e-01,
        -1.13415561e-01, -2.07448842e-01, -2.93882608e-01,
        -1.21687822e-01, -8.99358310e-02, -5.44492295e-02],
       [-6.37073659e-01, -1.55477210e+00, -6.60406789e-01,
        -1.26249626e-01, -5.14835520e-01, -3.95249979e-02,
        -1.19421894e+00,  2.23939218e-01, -1.23305097e+00,
        -8.35289714e-02, -2.99915746e-01,  9.79265165e-01,
         1.96317546e-01,  2.67798923e-01,  6.92214389e-02,
        -6.30099145e-02,  1.17634526e-01, -4.81253876e-02],
       [-1.00478957e+00, -6.10582557e-01,  1.49797226e-02,
        -1.97827299e-01, -3.60080640e-01,  2.26607577e-01,
        -9.09817996e-01, -1.66731610e-01,  2.31509574e-01,
         3.04829127e-02, -1.13415561e-01,  1.96317546e-01,
         3.44644764e-01,  8.78822122e-02,  7.62244935e-02,
         9.26124971e-02,  2.16289163e-01, -1.14247135e-01],
       [-3.42824108e-01, -4.11524826e-01, -1.01636096e-01,
        -6.34477570e-02, -1.17826836e-01,  5.64382932e-02,
        -2.79901068e-01,  2.40742435e-01, -3.95869174e-01,
         1.27237772e-02, -2.07448842e-01,  2.67798923e-01,
         8.78822122e-02,  1.55379295e-01,  6.20263798e-02,
        -1.19179309e-02,  9.98536651e-02, -4.35990189e-03],
       [-4.13732987e-01, -2.51496391e-01, -2.41382182e-01,
        -1.60382642e-01, -1.08112355e-01,  6.19290104e-02,
        -4.55663523e-01,  5.36009382e-01,  1.43679378e-01,
         5.73553481e-02, -2.93882608e-01,  6.92214389e-02,
         7.62244935e-02,  6.20263798e-02,  1.63239791e-01,
         6.29002302e-02,  4.94556785e-02,  3.79081018e-02],
       [-1.33643597e-01,  1.81282352e-02, -1.46430198e-01,
        -5.26321930e-02, -5.91033661e-02,  6.70489865e-03,
        -3.88817866e-01,  1.56229371e-01,  2.33835301e-01,
         4.51862395e-02, -1.21687822e-01, -6.30099145e-02,
         9.26124971e-02, -1.19179309e-02,  6.29002302e-02,
         1.05007157e-01,  5.18630602e-02, -2.54963126e-03],
       [-7.34626948e-01, -3.30905666e-01,  3.31004393e-02,
        -1.70484417e-01, -2.60066796e-01,  1.16424190e-01,
        -1.36905993e+00, -1.47158029e-01,  3.75026596e-02,
         2.34842611e-01, -8.99358310e-02,  1.17634526e-01,
         2.16289163e-01,  9.98536651e-02,  4.94556785e-02,
         5.18630602e-02,  2.67452127e-01, -3.17509742e-02],
       [ 4.63558872e-01,  9.05855624e-02, -6.94543778e-02,
         7.53746506e-02,  4.81317593e-02, -1.09891152e-01,
        -3.83058041e-01,  6.31566552e-02, -1.70946591e-01,
         9.13735831e-02, -5.44492295e-02, -4.81253876e-02,
        -1.14247135e-01, -4.35990189e-03,  3.79081018e-02,
        -2.54963126e-03, -3.17509742e-02,  1.35127146e-01]])
      jac: array([-7.80856861e-06, -8.92101208e-06, -2.57904809e-06,  3.07235718e-05,
        3.60959411e-05,  1.01811152e-05, -2.03096799e-06,  4.33727128e-07,
       -1.62462636e-07,  6.02555043e-06, -7.53434352e-06,  1.81521465e-06,
       -1.02806652e-06, -4.99134067e-05,  5.79166345e-06, -1.99788334e-05,
        1.94029977e-05, -3.12934863e-06])
  message: 'Desired error not necessarily achieved due to precision loss.'
     nfev: 2157
      nit: 68
     njev: 113
   status: 2
  success: False
        x: array([-0.46445112, -0.95483108,  0.54905402, -0.88922985, -1.03564138,
        0.09503437, -0.34030659, -1.92063711, -0.50449887,  0.10032733,
        0.56140104,  1.16487316,  0.08194476,  0.0177621 , -0.36770425,
        1.1283762 , -0.73724983, -0.0172397 ])
