Program Begingeth
      fun: 0.2781079003883567
 hess_inv: array([[ 4.40098686e+00,  1.88995986e+00, -1.38457221e-01,
         1.60502462e+00,  8.51647770e-01, -1.12402630e+00,
         1.95669112e+00, -1.12627574e+00, -4.08812130e+00,
         1.03835602e-01,  1.03551955e+00, -6.47739823e-01,
        -6.16621097e-01, -3.52551732e-01, -4.77400239e-01,
        -3.03698349e-01, -3.69985250e-01,  2.21926362e-01],
       [ 1.88995986e+00,  4.56850262e+00,  1.00763445e+00,
         6.28801464e-01,  2.00076461e+00, -1.11978047e-01,
         3.89521882e+00,  1.62162859e+00,  2.81774455e+00,
         4.66889898e-01,  6.13924937e-01, -1.38054106e+00,
        -6.38504604e-01, -4.27762308e-01, -3.21532937e-01,
        -1.41555354e-01, -3.72534945e-01,  1.29297439e-01],
       [-1.38457221e-01,  1.00763445e+00,  2.21538021e+00,
         2.65931125e-01,  3.49678490e-01,  9.78896554e-01,
         3.07767949e+00, -1.55521561e+00,  3.65980767e+00,
         4.19927901e-04,  7.40325354e-01, -5.10494218e-01,
         6.23414211e-02, -1.16845565e-01, -1.94206296e-01,
        -7.41457700e-02,  1.88589715e-02, -1.47524703e-01],
       [ 1.60502462e+00,  6.28801464e-01,  2.65931125e-01,
         6.84403999e-01,  2.76507063e-01, -2.61307502e-01,
         1.37400016e+00, -8.32153962e-01, -1.18169241e+00,
        -9.94574929e-03,  5.04047375e-01, -2.17265270e-01,
        -1.65673971e-01, -1.16354830e-01, -2.22859637e-01,
        -1.17037285e-01, -1.06632215e-01,  2.57187017e-02],
       [ 8.51647770e-01,  2.00076461e+00,  3.49678490e-01,
         2.76507063e-01,  9.81952373e-01, -7.22660119e-02,
         2.20586772e+00,  1.42097389e+00,  9.33232059e-01,
         1.13464813e-01,  1.84545803e-01, -5.16621111e-01,
        -3.29755851e-01, -1.45535373e-01, -1.19227464e-01,
        -1.00276377e-01, -2.08369619e-01,  6.45202325e-02],
       [-1.12402630e+00, -1.11978047e-01,  9.78896554e-01,
        -2.61307502e-01, -7.22660119e-02,  7.55614308e-01,
         1.04692552e+00, -2.36471232e-01,  2.80767063e+00,
        -1.23330271e-01, -2.53403052e-02, -6.56131134e-03,
         2.12093192e-01,  5.56175607e-02,  7.22319565e-02,
         6.38742061e-02,  8.49762408e-02, -1.10919349e-01],
       [ 1.95669112e+00,  3.89521882e+00,  3.07767949e+00,
         1.37400016e+00,  2.20586772e+00,  1.04692552e+00,
         1.39349405e+01,  1.65491859e+00,  4.51769841e+00,
        -3.92016403e-01,  1.07985708e+00, -8.21944806e-01,
        -6.22283711e-01, -2.84389228e-01, -5.16737701e-01,
        -4.33742972e-01, -7.15604906e-01, -2.13016491e-01],
       [-1.12627574e+00,  1.62162859e+00, -1.55521561e+00,
        -8.32153962e-01,  1.42097389e+00, -2.36471232e-01,
         1.65491859e+00,  9.43683311e+00,  4.26717146e-01,
        -2.74023946e-01, -1.40937498e+00, -9.14840174e-03,
        -3.40797888e-01,  1.90927689e-01,  5.29213517e-01,
         1.04615480e-01, -2.96641183e-01,  1.98095069e-01],
       [-4.08812130e+00,  2.81774455e+00,  3.65980767e+00,
        -1.18169241e+00,  9.33232059e-01,  2.80767063e+00,
         4.51769841e+00,  4.26717146e-01,  1.61559788e+01,
         7.13340577e-02,  1.20127607e-02, -9.64428626e-01,
         4.65674340e-01, -2.61652922e-01,  1.85088620e-01,
         3.66685584e-01,  3.83307748e-02, -2.75104813e-01],
       [ 1.03835602e-01,  4.66889898e-01,  4.19927901e-04,
        -9.94574929e-03,  1.13464813e-01, -1.23330271e-01,
        -3.92016403e-01, -2.74023946e-01,  7.13340577e-02,
         6.36048272e-01, -1.37150358e-03, -1.79480969e-01,
        -1.58715094e-01, -2.94325115e-02,  2.80245711e-02,
         9.17124428e-03,  4.46918210e-02,  1.64599339e-01],
       [ 1.03551955e+00,  6.13924937e-01,  7.40325354e-01,
         5.04047375e-01,  1.84545803e-01, -2.53403052e-02,
         1.07985708e+00, -1.40937498e+00,  1.20127607e-02,
        -1.37150358e-03,  1.01214120e+00, -3.82181260e-01,
        -9.19944845e-02, -2.39952122e-01, -3.34989350e-01,
        -1.24794294e-01, -5.88585628e-02, -1.21091991e-01],
       [-6.47739823e-01, -1.38054106e+00, -5.10494218e-01,
        -2.17265270e-01, -5.16621111e-01, -6.56131134e-03,
        -8.21944806e-01, -9.14840174e-03, -9.64428626e-01,
        -1.79480969e-01, -3.82181260e-01,  7.43790702e-01,
         1.45166596e-01,  2.25712372e-01,  9.37274871e-02,
        -9.00349317e-03,  1.14112894e-01, -2.01505121e-02],
       [-6.16621097e-01, -6.38504604e-01,  6.23414211e-02,
        -1.65673971e-01, -3.29755851e-01,  2.12093192e-01,
        -6.22283711e-01, -3.40797888e-01,  4.65674340e-01,
        -1.58715094e-01, -9.19944845e-02,  1.45166596e-01,
         2.48099045e-01,  7.14698401e-02,  5.38168904e-02,
         1.08985045e-01,  1.26274608e-01, -9.43187430e-02],
       [-3.52551732e-01, -4.27762308e-01, -1.16845565e-01,
        -1.16354830e-01, -1.45535373e-01,  5.56175607e-02,
        -2.84389228e-01,  1.90927689e-01, -2.61652922e-01,
        -2.94325115e-02, -2.39952122e-01,  2.25712372e-01,
         7.14698401e-02,  1.36487341e-01,  7.58073803e-02,
         1.90947027e-02,  8.81830864e-02,  7.36767657e-03],
       [-4.77400239e-01, -3.21532937e-01, -1.94206296e-01,
        -2.22859637e-01, -1.19227464e-01,  7.22319565e-02,
        -5.16737701e-01,  5.29213517e-01,  1.85088620e-01,
         2.80245711e-02, -3.34989350e-01,  9.37274871e-02,
         5.38168904e-02,  7.58073803e-02,  1.67310487e-01,
         6.57165484e-02,  3.14833910e-02,  6.75479530e-02],
       [-3.03698349e-01, -1.41555354e-01, -7.41457700e-02,
        -1.17037285e-01, -1.00276377e-01,  6.38742061e-02,
        -4.33742972e-01,  1.04615480e-01,  3.66685584e-01,
         9.17124428e-03, -1.24794294e-01, -9.00349317e-03,
         1.08985045e-01,  1.90947027e-02,  6.57165484e-02,
         1.01962393e-01,  5.39894831e-02, -8.05581560e-03],
       [-3.69985250e-01, -3.72534945e-01,  1.88589715e-02,
        -1.06632215e-01, -2.08369619e-01,  8.49762408e-02,
        -7.15604906e-01, -2.96641183e-01,  3.83307748e-02,
         4.46918210e-02, -5.88585628e-02,  1.14112894e-01,
         1.26274608e-01,  8.81830864e-02,  3.14833910e-02,
         5.39894831e-02,  1.51220867e-01, -2.28415233e-02],
       [ 2.21926362e-01,  1.29297439e-01, -1.47524703e-01,
         2.57187017e-02,  6.45202325e-02, -1.10919349e-01,
        -2.13016491e-01,  1.98095069e-01, -2.75104813e-01,
         1.64599339e-01, -1.21091991e-01, -2.01505121e-02,
        -9.43187430e-02,  7.36767657e-03,  6.75479530e-02,
        -8.05581560e-03, -2.28415233e-02,  1.32195369e-01]])
      jac: array([-6.53181213e-07, -1.58391818e-06,  1.57614662e-06,  8.17124146e-07,
        3.67409806e-06, -4.34504284e-06, -6.25425637e-08, -2.52020627e-07,
        3.74885308e-07, -8.13423403e-07, -1.08875871e-06,  5.57702033e-07,
       -3.24185123e-07, -2.82995849e-06,  1.83297821e-06,  8.51911134e-07,
        1.75193193e-06, -9.37398307e-07])
  message: 'Optimization terminated successfully.'
     nfev: 1292
      nit: 62
     njev: 68
   status: 0
  success: True
        x: array([-0.66497775, -1.05820008,  0.63227195, -0.89546545, -1.13936637,
        0.1644121 , -0.48777202, -1.88465834, -0.44798293,  0.06946411,
        0.62343952,  1.18950901,  0.11189504,  0.12658637, -0.36005745,
        1.1079491 , -0.40723462, -0.04086042])
