Program Begingeth
      fun: 0.4024141348986274
 hess_inv: array([[ 4.99109514e+00,  7.28223972e-01,  2.42374979e-01,
         2.00344223e+00,  9.88688403e-02,  3.75127570e-01,
         2.81449063e+00, -4.88842577e+00, -2.24333963e+00,
        -1.17282883e+00, -4.64621999e-01, -1.56926240e-01,
         7.06720921e-02, -1.22831185e-01,  3.24864655e-01,
         1.44354529e-01, -4.84634466e-01, -1.86454114e-01],
       [ 7.28223972e-01,  1.78256905e+00,  5.97806744e-02,
         3.08915359e-01,  6.66928724e-01,  7.15869517e-03,
         2.32148012e+00, -1.00407037e+00, -9.66371980e-01,
        -6.15207635e-01, -3.20824066e-01, -1.63114422e-01,
         1.40293789e-01, -2.09141763e-02, -4.76982839e-02,
         2.26101428e-01, -1.02584600e-01, -1.84892159e-01],
       [ 2.42374979e-01,  5.97806744e-02,  9.67166982e-01,
         4.95188517e-02,  2.69209102e-02,  3.88865564e-01,
         2.36866289e-01, -1.90225477e-01,  9.53419385e-01,
        -1.93818317e-01,  3.47504816e-01, -2.17818321e-01,
        -2.37897496e-02, -3.07985260e-02,  1.50859120e-02,
         9.53423656e-03,  4.76580601e-02,  6.93283562e-02],
       [ 2.00344223e+00,  3.08915359e-01,  4.95188517e-02,
         8.22136570e-01,  4.81960340e-02,  1.30059270e-01,
         1.10321804e+00, -1.93651620e+00, -9.27509406e-01,
        -4.64151671e-01, -2.29174236e-01, -6.88620072e-02,
         5.13991556e-02, -4.45677061e-02,  1.35785421e-01,
         6.89427412e-02, -2.01673850e-01, -7.07576681e-02],
       [ 9.88688403e-02,  6.66928724e-01,  2.69209102e-02,
         4.81960340e-02,  2.71835402e-01, -2.18887322e-03,
         7.43065708e-01, -1.12325407e-01, -1.80189436e-01,
        -1.28415697e-01, -1.17225954e-01, -3.16700489e-02,
         4.64462533e-02,  1.92260788e-02, -3.45478229e-02,
         8.78759559e-02, -3.36250298e-03, -5.69251946e-02],
       [ 3.75127570e-01,  7.15869517e-03,  3.88865564e-01,
         1.30059270e-01, -2.18887322e-03,  1.92438303e-01,
         2.03106559e-01, -3.10471591e-01,  3.46650124e-01,
        -1.51269518e-02,  8.97855045e-02, -8.46656507e-02,
        -3.66542641e-02, -1.05454825e-02,  4.16727428e-02,
         5.12116781e-03, -6.53749330e-03,  2.74217813e-02],
       [ 2.81449063e+00,  2.32148012e+00,  2.36866289e-01,
         1.10321804e+00,  7.43065708e-01,  2.03106559e-01,
         9.73482873e+00, -4.99282004e+00, -2.26569295e+00,
        -1.22696698e+00,  3.64394500e-01, -3.62819227e-02,
         1.06582046e-01, -2.83835741e-01, -1.88536649e-01,
         8.25709293e-01, -4.19743218e-01, -6.23409960e-01],
       [-4.88842577e+00, -1.00407037e+00, -1.90225477e-01,
        -1.93651620e+00, -1.12325407e-01, -3.10471591e-01,
        -4.99282004e+00,  9.08262390e+00,  3.98211316e+00,
         1.85762388e+00, -8.47243242e-02, -1.40999677e-01,
        -2.51316776e-01,  3.47376482e-01, -1.78808137e-01,
        -4.23477091e-01,  8.87525774e-01,  4.10301617e-01],
       [-2.24333963e+00, -9.66371980e-01,  9.53419385e-01,
        -9.27509406e-01, -1.80189436e-01,  3.46650124e-01,
        -2.26569295e+00,  3.98211316e+00,  5.48769175e+00,
         1.32067985e+00,  7.82734392e-01, -2.92866945e-02,
        -2.19001227e-01,  1.70272582e-01, -1.28701708e-01,
        -1.26591067e-01,  5.47954531e-01,  4.03099021e-01],
       [-1.17282883e+00, -6.15207635e-01, -1.93818317e-01,
        -4.64151671e-01, -1.28415697e-01, -1.51269518e-02,
        -1.22696698e+00,  1.85762388e+00,  1.32067985e+00,
         2.42467961e+00,  2.84227067e-01,  1.61230973e-01,
        -4.95840649e-01,  5.32025273e-02, -1.41613912e-01,
        -1.04015665e-01,  1.58163732e-01, -1.08561416e-01],
       [-4.64621999e-01, -3.20824066e-01,  3.47504816e-01,
        -2.29174236e-01, -1.17225954e-01,  8.97855045e-02,
         3.64394500e-01, -8.47243242e-02,  7.82734392e-01,
         2.84227067e-01,  1.00897725e+00, -1.15756808e-02,
        -1.03976615e-01, -1.62280139e-01, -1.67623809e-01,
         2.52522782e-02,  4.86498953e-02, -9.53042628e-02],
       [-1.56926240e-01, -1.63114422e-01, -2.17818321e-01,
        -6.88620072e-02, -3.16700489e-02, -8.46656507e-02,
        -3.62819227e-02, -1.40999677e-01, -2.92866945e-02,
         1.61230973e-01, -1.15756808e-02,  4.79219424e-01,
         1.27979685e-03,  6.50397341e-02, -9.10232392e-02,
         5.09652936e-02,  2.97083023e-02,  3.25158404e-03],
       [ 7.06720921e-02,  1.40293789e-01, -2.37897496e-02,
         5.13991556e-02,  4.64462533e-02, -3.66542641e-02,
         1.06582046e-01, -2.51316776e-01, -2.19001227e-01,
        -4.95840649e-01, -1.03976615e-01,  1.27979685e-03,
         1.55428313e-01,  8.63185242e-03,  2.14764375e-02,
         4.65830078e-02, -2.63072252e-02,  4.48833004e-02],
       [-1.22831185e-01, -2.09141763e-02, -3.07985260e-02,
        -4.45677061e-02,  1.92260788e-02, -1.05454825e-02,
        -2.83835741e-01,  3.47376482e-01,  1.70272582e-01,
         5.32025273e-02, -1.62280139e-01,  6.50397341e-02,
         8.63185242e-03,  7.85650616e-02,  1.01410545e-02,
        -8.43312616e-03,  5.39805074e-02,  4.88236848e-02],
       [ 3.24864655e-01, -4.76982839e-02,  1.50859120e-02,
         1.35785421e-01, -3.45478229e-02,  4.16727428e-02,
        -1.88536649e-01, -1.78808137e-01, -1.28701708e-01,
        -1.41613912e-01, -1.67623809e-01, -9.10232392e-02,
         2.14764375e-02,  1.01410545e-02,  1.02654147e-01,
        -3.03456671e-02, -3.52281646e-02,  5.40254602e-02],
       [ 1.44354529e-01,  2.26101428e-01,  9.53423656e-03,
         6.89427412e-02,  8.78759559e-02,  5.12116781e-03,
         8.25709293e-01, -4.23477091e-01, -1.26591067e-01,
        -1.04015665e-01,  2.52522782e-02,  5.09652936e-02,
         4.65830078e-02, -8.43312616e-03, -3.03456671e-02,
         1.08311940e-01, -3.09107585e-02, -4.01189241e-02],
       [-4.84634466e-01, -1.02584600e-01,  4.76580601e-02,
        -2.01673850e-01, -3.36250298e-03, -6.53749330e-03,
        -4.19743218e-01,  8.87525774e-01,  5.47954531e-01,
         1.58163732e-01,  4.86498953e-02,  2.97083023e-02,
        -2.63072252e-02,  5.39805074e-02, -3.52281646e-02,
        -3.09107585e-02,  1.22781833e-01,  4.88939249e-02],
       [-1.86454114e-01, -1.84892159e-01,  6.93283562e-02,
        -7.07576681e-02, -5.69251946e-02,  2.74217813e-02,
        -6.23409960e-01,  4.10301617e-01,  4.03099021e-01,
        -1.08561416e-01, -9.53042628e-02,  3.25158404e-03,
         4.48833004e-02,  4.88236848e-02,  5.40254602e-02,
        -4.01189241e-02,  4.88939249e-02,  1.18818835e-01]])
      jac: array([-0.03222693, -0.03416891,  0.00324226,  0.10968657,  0.10489332,
       -0.01528979,  0.01043615,  0.01270325, -0.02046799, -0.02164992,
        0.03744498,  0.0025868 , -0.10514926,  0.08136115,  0.02270701,
       -0.08747654, -0.04583138,  0.10204559])
  message: 'Maximum number of iterations has been exceeded.'
     nfev: 2090
      nit: 100
     njev: 110
   status: 1
  success: False
        x: array([ 1.43270019, -0.92969973,  0.43533541,  1.64033727, -0.82356109,
        0.18365395, -1.76568424, -0.78776358,  1.04206023,  0.08165527,
        0.35428634,  0.95760438, -0.01946266,  0.01352706, -0.19095248,
       -1.57504608, -0.8377328 ,  0.12393341])
