Program Begingeth
      fun: 0.30729692109373136
 hess_inv: array([[ 6.88785369e+00, -2.35609655e+00, -3.54512603e+00,
         2.70580533e+00, -1.10723197e+00, -1.07370264e+00,
         6.33914584e+00,  1.67222975e+00,  1.22319261e+00,
        -1.23116885e-01, -6.59693320e-01,  2.00302528e-01,
        -7.75133743e-01,  2.16853818e-01,  1.58344010e-01,
        -2.65063076e-01,  4.39187647e-01, -1.66113594e-01],
       [-2.35609655e+00,  3.90377337e+00,  1.34845482e+00,
        -6.51140236e-01,  1.62908805e+00,  5.25367670e-01,
        -1.36255543e+00,  1.14903617e+00,  8.94712449e-01,
         7.13731656e-02,  1.56521130e-01, -8.27185134e-01,
         4.36575139e-01, -2.93452139e-01,  1.84770885e-01,
         2.51715567e-02, -2.47721821e-01,  1.38926115e-01],
       [-3.54512603e+00,  1.34845482e+00,  1.96857963e+01,
        -3.33076357e+00, -2.78737390e-01,  7.64516553e+00,
        -2.30760708e+01, -9.41545266e+00,  5.37319037e+00,
         3.51909988e-01,  3.99899841e+00, -1.40098878e+00,
        -4.05334978e-01, -9.44785361e-01, -6.26209971e-01,
        -6.10430030e-02,  1.76938784e-01,  2.99431873e-02],
       [ 2.70580533e+00, -6.51140236e-01, -3.33076357e+00,
         1.35766293e+00, -2.35070281e-01, -1.19893748e+00,
         5.15488114e+00,  1.64066565e+00,  4.75642160e-02,
        -8.93535560e-02, -6.00768093e-01,  1.30553125e-01,
        -1.58932024e-01,  1.17193161e-01,  1.20820643e-01,
        -7.03774681e-02,  8.76408837e-02, -5.56947025e-02],
       [-1.10723197e+00,  1.62908805e+00, -2.78737390e-01,
        -2.35070281e-01,  7.70527440e-01, -1.08257478e-01,
         2.26396887e-01,  1.17588232e+00,  9.08273734e-03,
         6.74697277e-02, -1.28016922e-01, -2.20070631e-01,
         2.30225439e-01, -4.93207492e-02,  1.06425915e-01,
         3.97506779e-02, -1.18031992e-01,  6.82241734e-02],
       [-1.07370264e+00,  5.25367670e-01,  7.64516553e+00,
        -1.19893748e+00, -1.08257478e-01,  3.03556930e+00,
        -8.98934537e+00, -3.43048213e+00,  2.40458994e+00,
         2.15145771e-01,  1.44252193e+00, -5.56762112e-01,
        -2.22949759e-01, -3.43665876e-01, -1.97388798e-01,
        -4.96106136e-02,  9.04398899e-02,  1.09059926e-02],
       [ 6.33914584e+00, -1.36255543e+00, -2.30760708e+01,
         5.15488114e+00,  2.26396887e-01, -8.98934537e+00,
         3.20663228e+01,  1.06885697e+01, -4.51055538e+00,
        -4.31958487e-01, -4.03507426e+00,  1.30430858e+00,
         4.46314003e-01,  7.66169545e-01,  5.78519466e-01,
         4.23146572e-02, -2.50037030e-01, -1.42374988e-01],
       [ 1.67222975e+00,  1.14903617e+00, -9.41545266e+00,
         1.64066565e+00,  1.17588232e+00, -3.43048213e+00,
         1.06885697e+01,  8.80341152e+00, -1.89255637e+00,
         3.77545378e-01, -2.19138869e+00,  4.22263922e-01,
         1.33566387e-01,  5.03149565e-01,  5.93286939e-01,
        -1.27190404e-02, -8.67934639e-02,  6.78067609e-02],
       [ 1.22319261e+00,  8.94712449e-01,  5.37319037e+00,
         4.75642160e-02,  9.08273734e-03,  2.40458994e+00,
        -4.51055538e+00, -1.89255637e+00,  4.81682976e+00,
         3.42902452e-01,  9.93852281e-01, -6.55506753e-01,
        -3.32364489e-01, -4.21524170e-01, -9.75954214e-02,
        -1.39120770e-01,  4.99100389e-02, -9.08378461e-02],
       [-1.23116885e-01,  7.13731656e-02,  3.51909988e-01,
        -8.93535560e-02,  6.74697277e-02,  2.15145771e-01,
        -4.31958487e-01,  3.77545378e-01,  3.42902452e-01,
         8.65331229e-01,  1.12314343e-01, -5.32657498e-02,
        -2.06222893e-01, -2.59864651e-02, -8.02494853e-02,
        -7.36911604e-03, -1.96512571e-02, -1.90937121e-01],
       [-6.59693320e-01,  1.56521130e-01,  3.99899841e+00,
        -6.00768093e-01, -1.28016922e-01,  1.44252193e+00,
        -4.03507426e+00, -2.19138869e+00,  9.93852281e-01,
         1.12314343e-01,  1.44425001e+00, -3.15317861e-01,
        -6.48188993e-02, -3.48771896e-01, -3.06634354e-01,
         1.75886997e-02,  1.64237218e-02, -1.12607966e-01],
       [ 2.00302528e-01, -8.27185134e-01, -1.40098878e+00,
         1.30553125e-01, -2.20070631e-01, -5.56762112e-01,
         1.30430858e+00,  4.22263922e-01, -6.55506753e-01,
        -5.32657498e-02, -3.15317861e-01,  6.19957648e-01,
         2.66806228e-02,  2.08952989e-01, -5.16030889e-02,
         8.13473034e-02,  6.37955105e-02,  1.44595566e-02],
       [-7.75133743e-01,  4.36575139e-01, -4.05334978e-01,
        -1.58932024e-01,  2.30225439e-01, -2.22949759e-01,
         4.46314003e-01,  1.33566387e-01, -3.32364489e-01,
        -2.06222893e-01, -6.48188993e-02,  2.66806228e-02,
         2.39022225e-01, -1.17818246e-02,  1.55108890e-02,
         8.13833440e-02, -8.91145361e-02,  7.20711104e-02],
       [ 2.16853818e-01, -2.93452139e-01, -9.44785361e-01,
         1.17193161e-01, -4.93207492e-02, -3.43665876e-01,
         7.66169545e-01,  5.03149565e-01, -4.21524170e-01,
        -2.59864651e-02, -3.48771896e-01,  2.08952989e-01,
        -1.17818246e-02,  1.54439680e-01,  5.39213213e-02,
         1.04687556e-02,  5.41376571e-02,  2.86264445e-02],
       [ 1.58344010e-01,  1.84770885e-01, -6.26209971e-01,
         1.20820643e-01,  1.06425915e-01, -1.97388798e-01,
         5.78519466e-01,  5.93286939e-01, -9.75954214e-02,
        -8.02494853e-02, -3.06634354e-01, -5.16030889e-02,
         1.55108890e-02,  5.39213213e-02,  1.31803440e-01,
        -2.65654899e-02, -3.70627368e-03,  6.78586731e-02],
       [-2.65063076e-01,  2.51715567e-02, -6.10430030e-02,
        -7.03774681e-02,  3.97506779e-02, -4.96106136e-02,
         4.23146572e-02, -1.27190404e-02, -1.39120770e-01,
        -7.36911604e-03,  1.75886997e-02,  8.13473034e-02,
         8.13833440e-02,  1.04687556e-02, -2.65654899e-02,
         6.37528365e-02, -2.02715133e-02,  8.04454357e-03],
       [ 4.39187647e-01, -2.47721821e-01,  1.76938784e-01,
         8.76408837e-02, -1.18031992e-01,  9.04398899e-02,
        -2.50037030e-01, -8.67934639e-02,  4.99100389e-02,
        -1.96512571e-02,  1.64237218e-02,  6.37955105e-02,
        -8.91145361e-02,  5.41376571e-02, -3.70627368e-03,
        -2.02715133e-02,  9.42202063e-02, -3.02604396e-03],
       [-1.66113594e-01,  1.38926115e-01,  2.99431873e-02,
        -5.56947025e-02,  6.82241734e-02,  1.09059926e-02,
        -1.42374988e-01,  6.78067609e-02, -9.08378461e-02,
        -1.90937121e-01, -1.12607966e-01,  1.44595566e-02,
         7.20711104e-02,  2.86264445e-02,  6.78586731e-02,
         8.04454357e-03, -3.02604396e-03,  9.37626068e-02]])
      jac: array([-2.06605103e-05, -2.10165219e-06, -1.23930495e-05,  4.90896213e-05,
        5.73837274e-06,  2.86674388e-05, -3.70370401e-06, -5.05891625e-07,
       -1.20348176e-06, -1.13135427e-05,  2.55351296e-07, -4.69143243e-06,
       -5.14736402e-05, -4.55006403e-06, -2.47150448e-05,  3.80750986e-05,
       -2.22488694e-06,  1.65530552e-05])
  message: 'Desired error not necessarily achieved due to precision loss.'
     nfev: 2216
      nit: 72
     njev: 116
   status: 2
  success: False
        x: array([ 1.06293094, -1.21135963,  0.03198675,  1.44835232, -1.16067388,
       -0.07541492,  1.89165218, -1.3737272 , -1.0607136 ,  0.01403093,
        0.43606561,  1.15796385,  0.00571605,  0.17677225, -0.2612416 ,
       -1.29907327, -0.29777613,  0.01416464])
