Program Begingeth
      fun: 0.24034714418017286
 hess_inv: array([[ 3.29808525e+00,  5.89534764e-01,  1.08702823e+00,
         1.71609968e+00,  2.90407607e-01,  4.93655914e-02,
         4.66986271e+00,  8.78158985e-01, -2.28239757e+00,
         5.46518146e-01,  6.61910859e-01, -2.91966083e-01,
        -7.54959743e-02, -1.98639800e-01, -1.32426997e-01,
         3.89190614e-02, -4.22068275e-02,  7.45914834e-02],
       [ 5.89534764e-01,  1.30813375e+00,  6.73078459e-02,
         3.49114226e-01,  6.57748946e-01, -1.01935881e-01,
         1.18398566e+00,  7.89628844e-01,  5.49390664e-01,
         4.61544198e-01,  4.58279790e-01, -6.78919163e-02,
        -1.22075532e-01, -1.37564061e-02, -1.44538301e-01,
        -6.17859946e-02,  5.13924308e-02,  1.23116819e-02],
       [ 1.08702823e+00,  6.73078459e-02,  1.75432053e+00,
         6.46415466e-01,  7.45029127e-03,  7.15273977e-01,
         2.24907678e+00, -1.28826784e+00, -9.42896276e-01,
         1.53869127e-01, -1.94379741e-02,  2.12752483e-01,
        -2.03963395e-03,  1.21032499e-01,  6.63007129e-02,
        -1.34157495e-02,  6.92714995e-02,  9.94407529e-02],
       [ 1.71609968e+00,  3.49114226e-01,  6.46415466e-01,
         9.09919900e-01,  1.73779186e-01,  6.21973025e-02,
         2.60365407e+00,  3.85184982e-01, -1.11309357e+00,
         2.78354221e-01,  3.74268341e-01, -1.30636145e-01,
        -3.60080582e-02, -9.41044172e-02, -7.71403200e-02,
         1.69523731e-02, -1.35829309e-02,  3.73115279e-02],
       [ 2.90407607e-01,  6.57748946e-01,  7.45029127e-03,
         1.73779186e-01,  3.59705255e-01, -7.86347532e-02,
         9.07271574e-01,  7.49228640e-01,  3.63816217e-01,
         2.27208703e-01,  2.87997859e-01, -7.90757321e-02,
        -9.17785690e-02, -2.50808177e-02, -8.11260015e-02,
        -4.59339956e-02,  1.27932141e-02,  1.12010250e-02],
       [ 4.93655914e-02, -1.01935881e-01,  7.15273977e-01,
         6.21973025e-02, -7.86347532e-02,  3.78379188e-01,
         1.00909312e-01, -1.01297349e+00, -1.30229627e-01,
        -6.71997223e-02, -1.75968358e-01,  1.78301867e-01,
         5.26024874e-02,  1.13937246e-01,  6.51763914e-02,
         2.43846754e-03,  5.72911079e-02,  2.66854713e-02],
       [ 4.66986271e+00,  1.18398566e+00,  2.24907678e+00,
         2.60365407e+00,  9.07271574e-01,  1.00909312e-01,
         1.40538818e+01,  4.61153135e+00, -2.18153568e+00,
         8.42472390e-01,  1.95659899e+00, -8.26553812e-01,
        -6.33152750e-01, -5.98108726e-01, -3.07604209e-01,
        -1.96930767e-01, -3.59334916e-01,  2.78426516e-01],
       [ 8.78158985e-01,  7.89628844e-01, -1.28826784e+00,
         3.85184982e-01,  7.49228640e-01, -1.01297349e+00,
         4.61153135e+00,  7.36773957e+00,  8.61997033e-01,
         5.96851392e-01,  1.13337373e+00, -1.31501530e+00,
        -4.97294442e-01, -5.33284091e-01, -1.72803945e-01,
        -9.14982760e-02, -2.70612978e-01,  8.91284779e-02],
       [-2.28239757e+00,  5.49390664e-01, -9.42896276e-01,
        -1.11309357e+00,  3.63816217e-01, -1.30229627e-01,
        -2.18153568e+00,  8.61997033e-01,  4.62813841e+00,
        -4.82602883e-01,  5.54139432e-01, -2.35202448e-01,
         1.02836041e-02,  1.45625167e-02, -1.16059332e-01,
        -1.25549315e-01,  7.53729310e-02, -1.59041747e-01],
       [ 5.46518146e-01,  4.61544198e-01,  1.53869127e-01,
         2.78354221e-01,  2.27208703e-01, -6.71997223e-02,
         8.42472390e-01,  5.96851392e-01, -4.82602883e-01,
         1.01687931e+00,  1.10463425e-01, -1.16647923e-02,
        -2.47360073e-01, -1.57666311e-02,  6.63313160e-02,
        -2.36633702e-02,  2.46141781e-02,  2.26293319e-01],
       [ 6.61910859e-01,  4.58279790e-01, -1.94379741e-02,
         3.74268341e-01,  2.87997859e-01, -1.75968358e-01,
         1.95659899e+00,  1.13337373e+00,  5.54139432e-01,
         1.10463425e-01,  8.81789325e-01, -2.84328950e-01,
        -1.02150140e-01, -2.04935302e-01, -1.78193906e-01,
        -6.16121719e-02, -4.28535200e-02, -5.05926740e-02],
       [-2.91966083e-01, -6.78919163e-02,  2.12752483e-01,
        -1.30636145e-01, -7.90757321e-02,  1.78301867e-01,
        -8.26553812e-01, -1.31501530e+00, -2.35202448e-01,
        -1.16647923e-02, -2.84328950e-01,  4.77392439e-01,
         3.30179846e-02,  1.53797623e-01,  1.12299294e-02,
        -2.70789624e-02,  7.53228693e-02,  1.55747379e-02],
       [-7.54959743e-02, -1.22075532e-01, -2.03963395e-03,
        -3.60080582e-02, -9.17785690e-02,  5.26024874e-02,
        -6.33152750e-01, -4.97294442e-01,  1.02836041e-02,
        -2.47360073e-01, -1.02150140e-01,  3.30179846e-02,
         1.28098108e-01,  3.55025221e-02, -3.64749356e-03,
         4.96267309e-02,  2.62167911e-02, -6.78990170e-02],
       [-1.98639800e-01, -1.37564061e-02,  1.21032499e-01,
        -9.41044172e-02, -2.50808177e-02,  1.13937246e-01,
        -5.98108726e-01, -5.33284091e-01,  1.45625167e-02,
        -1.57666311e-02, -2.04935302e-01,  1.53797623e-01,
         3.55025221e-02,  1.08010373e-01,  3.39608374e-02,
         3.34399333e-03,  6.35368921e-02,  8.57039382e-03],
       [-1.32426997e-01, -1.44538301e-01,  6.63007129e-02,
        -7.71403200e-02, -8.11260015e-02,  6.51763914e-02,
        -3.07604209e-01, -1.72803945e-01, -1.16059332e-01,
         6.63313160e-02, -1.78193906e-01,  1.12299294e-02,
        -3.64749356e-03,  3.39608374e-02,  8.45773474e-02,
         1.66507560e-02,  4.21851619e-03,  5.80573079e-02],
       [ 3.89190614e-02, -6.17859946e-02, -1.34157495e-02,
         1.69523731e-02, -4.59339956e-02,  2.43846754e-03,
        -1.96930767e-01, -9.14982760e-02, -1.25549315e-01,
        -2.36633702e-02, -6.16121719e-02, -2.70789624e-02,
         4.96267309e-02,  3.34399333e-03,  1.66507560e-02,
         4.54825478e-02,  4.16168065e-03, -8.11780392e-03],
       [-4.22068275e-02,  5.13924308e-02,  6.92714995e-02,
        -1.35829309e-02,  1.27932141e-02,  5.72911079e-02,
        -3.59334916e-01, -2.70612978e-01,  7.53729310e-02,
         2.46141781e-02, -4.28535200e-02,  7.53228693e-02,
         2.62167911e-02,  6.35368921e-02,  4.21851619e-03,
         4.16168065e-03,  6.27310026e-02, -2.84823793e-03],
       [ 7.45914834e-02,  1.23116819e-02,  9.94407529e-02,
         3.73115279e-02,  1.12010250e-02,  2.66854713e-02,
         2.78426516e-01,  8.91284779e-02, -1.59041747e-01,
         2.26293319e-01, -5.05926740e-02,  1.55747379e-02,
        -6.78990170e-02,  8.57039382e-03,  5.80573079e-02,
        -8.11780392e-03, -2.84823793e-03,  9.26742316e-02]])
      jac: array([ 4.06711701e-07, -1.24548520e-06,  2.85271806e-06, -1.15463195e-07,
        1.24585527e-06, -6.19263900e-06, -2.40363285e-07, -2.32221649e-07,
        7.93624426e-07,  1.49880108e-07, -3.90428430e-07, -1.60242190e-07,
        2.46191956e-06,  3.25295346e-06, -1.64090963e-06, -2.23672932e-06,
       -3.64467715e-06,  1.53155266e-06])
  message: 'Optimization terminated successfully.'
     nfev: 1539
      nit: 70
     njev: 81
   status: 0
  success: True
        x: array([-1.80980735, -1.19599715,  0.56839228, -1.5736941 , -1.23074663,
        0.32414651, -0.55614333, -1.41288321,  1.20064993, -0.01154174,
        0.54277258,  1.14171716,  0.106473  ,  0.30123577, -0.24038051,
        1.34465557,  0.12783083,  0.00996791])
