Program Begingeth
      fun: 0.2261250333304919
 hess_inv: array([[ 1.18238289e+01, -2.53968200e+00,  3.12892835e+00,
         6.44870163e-01, -9.32325959e-01,  2.36609092e+00,
        -4.72055888e+00, -8.33162176e-01,  5.18315087e+00,
        -3.58517147e+00,  9.90740421e-01,  7.02362046e-01,
        -2.77548301e+00,  7.66855025e-01,  3.36123579e-02,
         5.35086376e-01,  1.12034131e+00, -7.06022577e-01],
       [-2.53968200e+00,  7.49977118e+00, -3.89440648e+00,
         1.39775718e+00,  1.72211734e+00, -1.55373629e+00,
         1.20447181e+01,  8.18679541e+00, -1.02341981e+00,
         7.99441237e-01, -3.29954224e+00, -1.76030507e+00,
         9.54128464e-01, -1.32020252e+00,  4.97657242e-01,
        -6.94566932e-01, -1.30324033e-01, -4.37196379e-02],
       [ 3.12892835e+00, -3.89440648e+00,  1.27592894e+01,
        -2.09550553e+00, -9.24578561e-01,  3.57012960e+00,
        -1.99413793e+01, -6.70293064e+00,  6.37892802e+00,
        -1.33156253e+00,  4.99239269e+00, -3.37376493e+00,
        -1.11924751e+00,  6.09859952e-01, -1.22968698e+00,
         8.56060822e-01,  7.82594424e-01,  2.89194632e-01],
       [ 6.44870163e-01,  1.39775718e+00, -2.09550553e+00,
         7.30806801e-01,  2.51101164e-01, -5.17752259e-01,
         5.10412218e+00,  2.03485804e+00, -2.00890270e-01,
        -1.49110652e-01, -9.93988451e-01,  2.07519573e-01,
         3.56228956e-02, -2.81664807e-01,  2.20670408e-01,
        -1.51117871e-01, -4.72163007e-02, -1.40652940e-01],
       [-9.32325959e-01,  1.72211734e+00, -9.24578561e-01,
         2.51101164e-01,  4.81394943e-01, -3.70153062e-01,
         2.44902326e+00,  2.30979754e+00, -4.28730846e-01,
         3.97519197e-01, -7.66558542e-01, -3.36822009e-01,
         2.75716633e-01, -2.67000146e-01,  1.28954971e-01,
        -1.50630527e-01, -5.93418648e-02,  1.36569751e-02],
       [ 2.36609092e+00, -1.55373629e+00,  3.57012960e+00,
        -5.17752259e-01, -3.70153062e-01,  1.30573384e+00,
        -6.31854012e+00, -1.65644602e+00,  2.34547235e+00,
        -6.43319624e-01,  1.29499527e+00, -5.68694583e-01,
        -7.21080009e-01,  3.40289233e-01, -2.36094106e-01,
         2.84671607e-01,  3.30888651e-01, -2.37694071e-02],
       [-4.72055888e+00,  1.20447181e+01, -1.99413793e+01,
         5.10412218e+00,  2.44902326e+00, -6.31854012e+00,
         4.57637082e+01,  1.55496962e+01, -6.99469559e+00,
         1.88213183e+00, -8.25689389e+00,  1.89515238e+00,
         2.27877560e+00, -2.66408005e+00,  1.59206825e+00,
        -1.72551934e+00, -1.22273276e+00, -6.36075122e-01],
       [-8.33162176e-01,  8.18679541e+00, -6.70293064e+00,
         2.03485804e+00,  2.30979754e+00, -1.65644602e+00,
         1.55496962e+01,  1.55095267e+01, -1.11963075e+00,
         1.47549913e+00, -4.33963094e+00, -5.80951770e-01,
         3.77639105e-01, -1.34581677e+00,  1.08771365e+00,
        -8.60963205e-01, -2.13659734e-01, -3.49770267e-01],
       [ 5.18315087e+00, -1.02341981e+00,  6.37892802e+00,
        -2.00890270e-01, -4.28730846e-01,  2.34547235e+00,
        -6.99469559e+00, -1.11963075e+00,  7.62165074e+00,
        -1.35918681e+00,  2.30715662e+00, -1.81792509e+00,
        -1.24940451e+00, -4.40501340e-02, -6.19292755e-01,
         4.44290636e-01,  5.41726895e-01, -2.56082172e-01],
       [-3.58517147e+00,  7.99441237e-01, -1.33156253e+00,
        -1.49110652e-01,  3.97519197e-01, -6.43319624e-01,
         1.88213183e+00,  1.47549913e+00, -1.35918681e+00,
         2.15185867e+00, -3.37829325e-01, -1.17688278e-01,
         6.00323947e-01, -2.76344130e-01,  3.50035461e-02,
        -1.96325215e-01, -4.41305893e-01,  2.32836738e-03],
       [ 9.90740421e-01, -3.29954224e+00,  4.99239269e+00,
        -9.93988451e-01, -7.66558542e-01,  1.29499527e+00,
        -8.25689389e+00, -4.33963094e+00,  2.30715662e+00,
        -3.37829325e-01,  3.21668431e+00, -7.61357448e-01,
        -4.28581490e-01,  3.09530197e-01, -7.56477182e-01,
         4.66614513e-01,  1.62113702e-01,  2.12262110e-02],
       [ 7.02362046e-01, -1.76030507e+00, -3.37376493e+00,
         2.07519573e-01, -3.36822009e-01, -5.68694583e-01,
         1.89515238e+00, -5.80951770e-01, -1.81792509e+00,
        -1.17688278e-01, -7.61357448e-01,  2.62119973e+00,
        -1.67692636e-01,  5.27972942e-01,  2.94952612e-01,
         2.90816692e-02, -1.01668152e-01, -1.19148892e-01],
       [-2.77548301e+00,  9.54128464e-01, -1.11924751e+00,
         3.56228956e-02,  2.75716633e-01, -7.21080009e-01,
         2.27877560e+00,  3.77639105e-01, -1.24940451e+00,
         6.00323947e-01, -4.28581490e-01, -1.67692636e-01,
         8.17055462e-01, -2.61058576e-01,  1.35227833e-02,
        -1.15964902e-01, -2.90644485e-01,  1.99516656e-01],
       [ 7.66855025e-01, -1.32020252e+00,  6.09859952e-01,
        -2.81664807e-01, -2.67000146e-01,  3.40289233e-01,
        -2.66408005e+00, -1.34581677e+00, -4.40501340e-02,
        -2.76344130e-01,  3.09530197e-01,  5.27972942e-01,
        -2.61058576e-01,  3.85284685e-01, -9.45419297e-03,
         1.34235868e-01,  1.13077228e-01,  2.72568472e-02],
       [ 3.36123579e-02,  4.97657242e-01, -1.22968698e+00,
         2.20670408e-01,  1.28954971e-01, -2.36094106e-01,
         1.59206825e+00,  1.08771365e+00, -6.19292755e-01,
         3.50035461e-02, -7.56477182e-01,  2.94952612e-01,
         1.35227833e-02, -9.45419297e-03,  2.54445169e-01,
        -1.05710154e-01, -3.41130127e-02,  1.78971963e-03],
       [ 5.35086376e-01, -6.94566932e-01,  8.56060822e-01,
        -1.51117871e-01, -1.50630527e-01,  2.84671607e-01,
        -1.72551934e+00, -8.60963205e-01,  4.44290636e-01,
        -1.96325215e-01,  4.66614513e-01,  2.90816692e-02,
        -1.15964902e-01,  1.34235868e-01, -1.05710154e-01,
         1.36690919e-01,  5.73055195e-02,  5.16721553e-03],
       [ 1.12034131e+00, -1.30324033e-01,  7.82594424e-01,
        -4.72163007e-02, -5.93418648e-02,  3.30888651e-01,
        -1.22273276e+00, -2.13659734e-01,  5.41726895e-01,
        -4.41305893e-01,  1.62113702e-01, -1.01668152e-01,
        -2.90644485e-01,  1.13077228e-01, -3.41130127e-02,
         5.73055195e-02,  1.96950051e-01, -3.22827523e-02],
       [-7.06022577e-01, -4.37196379e-02,  2.89194632e-01,
        -1.40652940e-01,  1.36569751e-02, -2.37694071e-02,
        -6.36075122e-01, -3.49770267e-01, -2.56082172e-01,
         2.32836738e-03,  2.12262110e-02, -1.19148892e-01,
         1.99516656e-01,  2.72568472e-02,  1.78971963e-03,
         5.16721553e-03, -3.22827523e-02,  1.42632335e-01]])
      jac: array([ 4.65201951e-06,  4.66241860e-05,  2.99408646e-06,  1.49889360e-05,
       -1.13847080e-04,  2.79111919e-05, -2.58829995e-06,  8.07261665e-06,
       -9.58659078e-06,  4.42368364e-06,  8.78723020e-06,  3.05398299e-05,
       -2.38679447e-05,  1.32333033e-05, -5.32227965e-05,  2.53434311e-05,
       -7.87832762e-05,  6.82317166e-05])
  message: 'Desired error not necessarily achieved due to precision loss.'
     nfev: 2348
      nit: 74
     njev: 123
   status: 2
  success: False
        x: array([ 0.31071006, -0.2924884 ,  0.37875026,  1.12380954, -0.52816998,
       -0.03908543,  1.41398278, -0.83488219, -0.90750545, -0.00420033,
        0.58276256,  0.98045645,  0.11224713,  0.19540232, -0.32124251,
       -1.10159813, -0.40750916,  0.04022757])
