Program Begingeth
      fun: 0.32257182933664613
 hess_inv: array([[ 1.56900667e+00, -4.11934831e-01,  4.24660259e-01,
        -9.31140689e-01, -2.48461986e-01,  8.81079876e-01,
        -2.85669575e+00, -1.75678165e+00, -1.66501799e+00,
        -2.89655012e+00, -8.49416109e-01,  3.13317983e+00,
        -6.94330878e-01,  1.47119409e-01, -5.65932204e-02,
         5.36449326e-02, -1.19110658e-01, -2.44813012e-01],
       [-4.11934831e-01,  8.66489647e-01, -6.11505120e-01,
         1.12862862e+00,  4.10843511e-01, -8.48126005e-01,
         3.47852056e+00,  2.86050397e+00,  2.45775341e+00,
         3.59079977e+00,  1.28628217e+00, -3.31936939e+00,
         2.34104120e-01, -3.54544551e-01, -7.14012775e-02,
        -2.93538651e-02,  1.00255290e-01, -7.44979271e-02],
       [ 4.24660259e-01, -6.11505120e-01,  1.03239780e+00,
        -1.43772452e+00, -5.66794049e-01,  1.00335271e+00,
        -4.13970654e+00, -3.81817731e+00, -3.37004115e+00,
        -4.64538187e+00, -1.89134895e+00,  4.46302099e+00,
        -2.29517747e-01,  3.06895454e-01, -1.57093624e-01,
         8.22168773e-02, -7.82721478e-02,  4.54718603e-02],
       [-9.31140689e-01,  1.12862862e+00, -1.43772452e+00,
         2.70082851e+00,  1.14574255e+00, -1.88639969e+00,
         8.23167568e+00,  7.20342939e+00,  6.50625694e+00,
         8.45328591e+00,  3.51783592e+00, -8.40811789e+00,
         5.87099868e-01, -4.54820731e-01,  1.35494989e-01,
        -4.98674721e-02,  1.86444671e-01, -9.01590143e-03],
       [-2.48461986e-01,  4.10843511e-01, -5.66794049e-01,
         1.14574255e+00,  7.51635650e-01, -7.83276735e-01,
         3.66422386e+00,  3.71592679e+00,  3.21869776e+00,
         3.43935890e+00,  2.17663434e+00, -3.91487888e+00,
         2.37663408e-01, -8.65723222e-02,  1.09922844e-01,
         1.59382469e-02,  9.54420567e-02,  3.87872560e-03],
       [ 8.81079876e-01, -8.48126005e-01,  1.00335271e+00,
        -1.88639969e+00, -7.83276735e-01,  1.53826993e+00,
        -6.01152833e+00, -5.17215581e+00, -4.19121033e+00,
        -5.96367402e+00, -2.27061004e+00,  6.43812781e+00,
        -4.68597233e-01,  2.93877408e-01, -3.45329842e-02,
         4.37491403e-02, -1.78945259e-01, -4.82219407e-03],
       [-2.85669575e+00,  3.47852056e+00, -4.13970654e+00,
         8.23167568e+00,  3.66422386e+00, -6.01152833e+00,
         2.68472600e+01,  2.21775688e+01,  1.98610925e+01,
         2.50913015e+01,  1.08434512e+01, -2.65050531e+01,
         1.88928087e+00, -1.25215505e+00,  2.26889521e-01,
        -7.47482620e-02,  5.93169635e-01, -5.42145559e-02],
       [-1.75678165e+00,  2.86050397e+00, -3.81817731e+00,
         7.20342939e+00,  3.71592679e+00, -5.17215581e+00,
         2.21775688e+01,  2.33087177e+01,  1.86117357e+01,
         2.31076120e+01,  1.05353264e+01, -2.44099141e+01,
         1.12050191e+00, -9.32814338e-01,  5.37220511e-01,
        -1.62099872e-01,  6.30596848e-01, -7.65189875e-02],
       [-1.66501799e+00,  2.45775341e+00, -3.37004115e+00,
         6.50625694e+00,  3.21869776e+00, -4.19121033e+00,
         1.98610925e+01,  1.86117357e+01,  1.78914000e+01,
         2.01779189e+01,  9.89271368e+00, -2.03770863e+01,
         1.25022300e+00, -9.58466818e-01,  4.95862411e-01,
        -9.19260039e-02,  4.11698567e-01, -4.55182133e-02],
       [-2.89655012e+00,  3.59079977e+00, -4.64538187e+00,
         8.45328591e+00,  3.43935890e+00, -5.96367402e+00,
         2.50913015e+01,  2.31076120e+01,  2.01779189e+01,
         2.72915060e+01,  1.05648306e+01, -2.65157987e+01,
         1.61150649e+00, -1.48066313e+00,  4.62519024e-01,
        -2.79585981e-01,  6.66605613e-01, -5.33791472e-02],
       [-8.49416109e-01,  1.28628217e+00, -1.89134895e+00,
         3.51783592e+00,  2.17663434e+00, -2.27061004e+00,
         1.08434512e+01,  1.05353264e+01,  9.89271368e+00,
         1.05648306e+01,  6.75719683e+00, -1.13831882e+01,
         7.58350319e-01, -4.01298209e-01,  3.90626868e-01,
         5.02893421e-03,  2.38081579e-01,  1.31041944e-02],
       [ 3.13317983e+00, -3.31936939e+00,  4.46302099e+00,
        -8.40811789e+00, -3.91487888e+00,  6.43812781e+00,
        -2.65050531e+01, -2.44099141e+01, -2.03770863e+01,
        -2.65157987e+01, -1.13831882e+01,  2.87253042e+01,
        -1.81856459e+00,  1.10076552e+00, -4.50271990e-01,
         1.71129540e-01, -7.48415082e-01, -1.98643421e-02],
       [-6.94330878e-01,  2.34104120e-01, -2.29517747e-01,
         5.87099868e-01,  2.37663408e-01, -4.68597233e-01,
         1.88928087e+00,  1.12050191e+00,  1.25022300e+00,
         1.61150649e+00,  7.58350319e-01, -1.81856459e+00,
         3.99189302e-01, -7.61608173e-02,  2.49484993e-02,
         2.69787620e-02,  3.79749080e-02,  1.07739378e-01],
       [ 1.47119409e-01, -3.54544551e-01,  3.06895454e-01,
        -4.54820731e-01, -8.65723222e-02,  2.93877408e-01,
        -1.25215505e+00, -9.32814338e-01, -9.58466818e-01,
        -1.48066313e+00, -4.01298209e-01,  1.10076552e+00,
        -7.61608173e-02,  2.12144379e-01,  1.60928514e-02,
         2.98871213e-02, -3.74817262e-05,  4.22367479e-02],
       [-5.65932204e-02, -7.14012775e-02, -1.57093624e-01,
         1.35494989e-01,  1.09922844e-01, -3.45329842e-02,
         2.26889521e-01,  5.37220511e-01,  4.95862411e-01,
         4.62519024e-01,  3.90626868e-01, -4.50271990e-01,
         2.49484993e-02,  1.60928514e-02,  1.32275604e-01,
        -2.18288643e-02, -1.95857751e-03,  4.91910458e-02],
       [ 5.36449326e-02, -2.93538651e-02,  8.22168773e-02,
        -4.98674721e-02,  1.59382469e-02,  4.37491403e-02,
        -7.47482620e-02, -1.62099872e-01, -9.19260039e-02,
        -2.79585981e-01,  5.02893421e-03,  1.71129540e-01,
         2.69787620e-02,  2.98871213e-02, -2.18288643e-02,
         5.05831898e-02, -1.16604696e-02, -1.47838947e-04],
       [-1.19110658e-01,  1.00255290e-01, -7.82721478e-02,
         1.86444671e-01,  9.54420567e-02, -1.78945259e-01,
         5.93169635e-01,  6.30596848e-01,  4.11698567e-01,
         6.66605613e-01,  2.38081579e-01, -7.48415082e-01,
         3.79749080e-02, -3.74817262e-05, -1.95857751e-03,
        -1.16604696e-02,  6.14215632e-02,  7.39517807e-03],
       [-2.44813012e-01, -7.44979271e-02,  4.54718603e-02,
        -9.01590143e-03,  3.87872560e-03, -4.82219407e-03,
        -5.42145559e-02, -7.65189875e-02, -4.55182133e-02,
        -5.33791472e-02,  1.31041944e-02, -1.98643421e-02,
         1.07739378e-01,  4.22367479e-02,  4.91910458e-02,
        -1.47838947e-04,  7.39517807e-03,  9.30874048e-02]])
      jac: array([ 4.03010958e-07, -1.30895295e-06, -1.69086967e-06, -3.01240514e-07,
        2.38957002e-06,  3.55530420e-06,  7.84557604e-08, -3.58972111e-08,
       -2.36107430e-07, -1.76895535e-07, -5.67694040e-07, -7.49770616e-07,
        1.14352972e-06, -3.21446573e-06, -3.68075940e-06, -1.57799699e-06,
        3.02461759e-06,  2.36662541e-06])
  message: 'Optimization terminated successfully.'
     nfev: 1881
      nit: 87
     njev: 99
   status: 0
  success: True
        x: array([-0.01150317,  0.17220804,  0.67395365,  1.56736796, -1.06591779,
       -0.23544849,  2.42024017, -0.83127692, -1.21163597,  1.32980637,
       -1.53671613, -0.60922025,  0.13280637,  0.07819453, -0.25931939,
       -1.4446262 , -0.26200051,  0.05068374])
