Program Begingeth
      fun: 0.31862160601608625
 hess_inv: array([[ 7.74978676e-01, -1.19160754e-01, -2.77785705e-02,
        -4.34400353e-03,  1.99318429e-01,  2.31603001e-01,
         1.54899156e-01,  4.97712378e-01,  4.20556399e-01,
        -6.43888304e-02,  4.70836580e-01,  2.14935571e-01,
        -3.05512043e-01,  6.79285456e-02, -2.72270635e-02,
         1.97539252e-02, -5.36453918e-02, -2.66363779e-01],
       [-1.19160754e-01,  5.32202805e-01, -6.05640274e-02,
         3.64950544e-01,  3.91672733e-02, -3.53127314e-01,
         1.03300830e+00,  4.47352344e-01,  6.50569799e-01,
         1.11067206e+00,  6.84138528e-02, -8.43420033e-01,
         1.40091664e-01, -2.01978479e-01, -2.04246407e-01,
         6.19406659e-02,  3.20697182e-02, -3.64581670e-02],
       [-2.77785705e-02, -6.05640274e-02,  2.51042871e-01,
        -7.80461606e-02,  7.72126566e-02,  3.99531938e-02,
        -8.06378036e-02,  6.73006562e-02, -6.30606841e-02,
        -2.51599036e-01,  4.79427278e-02,  6.98129713e-02,
         4.46400807e-02,  1.20525379e-01, -3.80004007e-02,
         7.19093425e-02,  5.08340848e-02,  5.03499224e-02],
       [-4.34400353e-03,  3.64950544e-01, -7.80461606e-02,
         1.07970800e+00,  4.56489043e-01, -3.51671253e-01,
         2.78446128e+00,  1.53856424e+00,  3.14908242e+00,
         2.90436851e+00,  1.32740362e+00, -1.82745940e+00,
         3.46029697e-01, -1.47622984e-01, -5.11618406e-02,
         1.46957701e-01, -7.59366394e-02,  1.04169744e-01],
       [ 1.99318429e-01,  3.91672733e-02,  7.72126566e-02,
         4.56489043e-01,  5.13032965e-01, -4.13958503e-02,
         1.34696327e+00,  1.28140666e+00,  1.86403309e+00,
         1.16699684e+00,  1.32047080e+00, -9.68711707e-01,
         1.03893826e-01,  1.15635570e-01,  4.37264264e-02,
         1.15300822e-01,  5.31420454e-03,  3.81828144e-02],
       [ 2.31603001e-01, -3.53127314e-01,  3.99531938e-02,
        -3.51671253e-01, -4.13958503e-02,  3.99125117e-01,
        -1.08972671e+00, -4.21562151e-01, -5.76066317e-01,
        -1.03586636e+00, -1.95262316e-02,  1.05581891e+00,
        -1.91598277e-01,  1.08408382e-01,  1.53671145e-01,
        -6.99424767e-02, -3.87815666e-02, -3.92276192e-02],
       [ 1.54899156e-01,  1.03300830e+00, -8.06378036e-02,
         2.78446128e+00,  1.34696327e+00, -1.08972671e+00,
         8.41406938e+00,  4.25651074e+00,  8.25334989e+00,
         7.22816928e+00,  3.57596871e+00, -5.40990878e+00,
         8.50421069e-01, -2.49809159e-01, -2.99998306e-01,
         4.47606374e-01, -1.23286898e-01,  1.50554559e-01],
       [ 4.97712378e-01,  4.47352344e-01,  6.73006562e-02,
         1.53856424e+00,  1.28140666e+00, -4.21562151e-01,
         4.25651074e+00,  5.35048062e+00,  5.75083293e+00,
         4.74608827e+00,  2.99097471e+00, -3.60330825e+00,
         1.29332129e-01,  1.30494161e-01,  2.22302257e-02,
         2.13741360e-01,  9.04452772e-02,  7.54286318e-02],
       [ 4.20556399e-01,  6.50569799e-01, -6.30606841e-02,
         3.14908242e+00,  1.86403309e+00, -5.76066317e-01,
         8.25334989e+00,  5.75083293e+00,  1.14249176e+01,
         8.55234153e+00,  5.35513516e+00, -5.48994539e+00,
         8.00467654e-01, -1.07405396e-01,  9.04764035e-02,
         4.18145366e-01, -1.71012895e-01,  2.71390475e-01],
       [-6.43888304e-02,  1.11067206e+00, -2.51599036e-01,
         2.90436851e+00,  1.16699684e+00, -1.03586636e+00,
         7.22816928e+00,  4.74608827e+00,  8.55234153e+00,
         8.38213131e+00,  3.33617242e+00, -5.20496574e+00,
         7.90938092e-01, -4.12548146e-01, -1.47896129e-01,
         3.18636987e-01, -8.07421789e-02,  2.83437142e-01],
       [ 4.70836580e-01,  6.84138528e-02,  4.79427278e-02,
         1.32740362e+00,  1.32047080e+00, -1.95262316e-02,
         3.57596871e+00,  2.99097471e+00,  5.35513516e+00,
         3.33617242e+00,  3.80982656e+00, -2.38694680e+00,
         3.16512557e-01,  1.91555458e-01,  2.31497785e-01,
         2.40652815e-01, -6.24330338e-02,  1.43605213e-01],
       [ 2.14935571e-01, -8.43420033e-01,  6.98129713e-02,
        -1.82745940e+00, -9.68711707e-01,  1.05581891e+00,
        -5.40990878e+00, -3.60330825e+00, -5.48994539e+00,
        -5.20496574e+00, -2.38694680e+00,  4.71805938e+00,
        -6.02621011e-01,  7.29517999e-02,  2.03862131e-01,
        -3.06060735e-01, -1.08418888e-01, -1.91171644e-01],
       [-3.05512043e-01,  1.40091664e-01,  4.46400807e-02,
         3.46029697e-01,  1.03893826e-01, -1.91598277e-01,
         8.50421069e-01,  1.29332129e-01,  8.00467654e-01,
         7.90938092e-01,  3.16512557e-01, -6.02621011e-01,
         3.12000856e-01, -5.59862598e-02, -2.18761129e-02,
         1.04870928e-01, -3.18097892e-02,  1.49348557e-01],
       [ 6.79285456e-02, -2.01978479e-01,  1.20525379e-01,
        -1.47622984e-01,  1.15635570e-01,  1.08408382e-01,
        -2.49809159e-01,  1.30494161e-01, -1.07405396e-01,
        -4.12548146e-01,  1.91555458e-01,  7.29517999e-02,
        -5.59862598e-02,  1.95973164e-01,  6.58477267e-02,
         1.50731541e-02,  6.93264513e-02,  2.53081023e-02],
       [-2.72270635e-02, -2.04246407e-01, -3.80004007e-02,
        -5.11618406e-02,  4.37264264e-02,  1.53671145e-01,
        -2.99998306e-01,  2.22302257e-02,  9.04764035e-02,
        -1.47896129e-01,  2.31497785e-01,  2.03862131e-01,
        -2.18761129e-02,  6.58477267e-02,  1.79153359e-01,
        -5.00175334e-02, -1.43067083e-02,  8.85724031e-02],
       [ 1.97539252e-02,  6.19406659e-02,  7.19093425e-02,
         1.46957701e-01,  1.15300822e-01, -6.99424767e-02,
         4.47606374e-01,  2.13741360e-01,  4.18145366e-01,
         3.18636987e-01,  2.40652815e-01, -3.06060735e-01,
         1.04870928e-01,  1.50731541e-02, -5.00175334e-02,
         9.80917960e-02, -6.79626894e-03,  1.29790970e-02],
       [-5.36453918e-02,  3.20697182e-02,  5.08340848e-02,
        -7.59366394e-02,  5.31420454e-03, -3.87815666e-02,
        -1.23286898e-01,  9.04452772e-02, -1.71012895e-01,
        -8.07421789e-02, -6.24330338e-02, -1.08418888e-01,
        -3.18097892e-02,  6.93264513e-02, -1.43067083e-02,
        -6.79626894e-03,  9.89142360e-02,  1.26110692e-02],
       [-2.66363779e-01, -3.64581670e-02,  5.03499224e-02,
         1.04169744e-01,  3.81828144e-02, -3.92276192e-02,
         1.50554559e-01,  7.54286318e-02,  2.71390475e-01,
         2.83437142e-01,  1.43605213e-01, -1.91171644e-01,
         1.49348557e-01,  2.53081023e-02,  8.85724031e-02,
         1.29790970e-02,  1.26110692e-02,  1.75989662e-01]])
      jac: array([-2.19850064e-05, -3.20843352e-05,  1.09393975e-06,  6.51238323e-05,
        8.89821550e-05,  4.49392375e-05, -2.92580774e-06, -6.15618667e-06,
       -5.40826643e-06, -1.39036930e-05, -2.29912385e-05, -1.31550326e-05,
       -3.44165437e-05, -9.57552556e-05,  5.00747592e-06,  3.11177010e-05,
        6.27316717e-05, -9.01131022e-06])
  message: 'Desired error not necessarily achieved due to precision loss.'
     nfev: 1949
      nit: 65
     njev: 102
   status: 2
  success: False
        x: array([ 0.06395704,  0.2959863 ,  0.78480367,  1.17143495, -1.21386902,
       -0.35122107,  2.27439219, -1.00241929, -1.14648797,  1.01932394,
       -1.66915585, -0.90900985,  0.12674924,  0.04909848, -0.3844539 ,
       -1.06332353, -0.23646944,  0.0125992 ])
