Program Begingeth
      fun: 0.23379775987353948
 hess_inv: array([[ 3.47606265e+00,  2.97362110e-01,  1.23953828e+00,
         1.75500492e+00,  1.34201327e-01,  1.25932724e-01,
         4.46666727e+00,  8.54926393e-01, -2.53653822e+00,
         4.32873518e-01,  4.17650722e-01, -3.37518842e-01,
        -3.72759139e-02, -1.84813138e-01, -7.64995531e-02,
         8.86438568e-02, -5.38874729e-02,  9.25424332e-02],
       [ 2.97362110e-01,  1.19557560e+00,  1.50137776e-01,
         1.96131294e-01,  5.79413929e-01, -1.29532287e-02,
         7.00025242e-01,  2.44361538e-01,  6.35029160e-01,
         3.73055090e-01,  3.01367449e-01,  5.81800823e-03,
        -1.02957739e-01,  3.34759502e-02, -1.09921628e-01,
        -6.45388943e-02,  5.97063507e-02,  1.58581085e-02],
       [ 1.23953828e+00,  1.50137776e-01,  1.72577940e+00,
         6.98986040e-01,  5.34316637e-02,  6.67785245e-01,
         2.37671360e+00, -1.11737926e+00, -1.18451814e+00,
         1.80075216e-01,  1.78432323e-02,  1.92031695e-01,
        -2.67450930e-02,  9.45110464e-02,  5.46247171e-02,
        -1.16710620e-02,  4.39554062e-02,  1.02830135e-01],
       [ 1.75500492e+00,  1.96131294e-01,  6.98986040e-01,
         9.02514917e-01,  9.04007925e-02,  9.74681343e-02,
         2.40718865e+00,  3.37145455e-01, -1.21232464e+00,
         2.06926626e-01,  2.42040336e-01, -1.49194312e-01,
        -1.20299780e-02, -8.44087393e-02, -4.68166563e-02,
         4.34767893e-02, -1.85504875e-02,  4.38988720e-02],
       [ 1.34201327e-01,  5.79413929e-01,  5.34316637e-02,
         9.04007925e-02,  3.08265937e-01, -3.13970614e-02,
         6.82831463e-01,  4.55563946e-01,  4.09466870e-01,
         1.70708745e-01,  2.00295113e-01, -5.01287687e-02,
        -8.18479962e-02, -3.45056549e-03, -6.08154294e-02,
        -4.55850634e-02,  1.33387052e-02,  1.36157458e-02],
       [ 1.25932724e-01, -1.29532287e-02,  6.67785245e-01,
         9.74681343e-02, -3.13970614e-02,  3.38791505e-01,
         1.55373574e-01, -9.19018396e-01, -2.32203332e-01,
        -2.94848180e-02, -1.16480136e-01,  1.77480764e-01,
         4.11120505e-02,  9.88434420e-02,  5.12223465e-02,
        -8.71750137e-04,  4.93565073e-02,  2.48914044e-02],
       [ 4.46666727e+00,  7.00025242e-01,  2.37671360e+00,
         2.40718865e+00,  6.82831463e-01,  1.55373574e-01,
         1.48437045e+01,  4.85565595e+00, -2.08821100e+00,
         5.29325260e-01,  1.62954573e+00, -1.05458717e+00,
        -7.03465623e-01, -6.58091108e-01, -2.01358169e-01,
        -1.59597140e-01, -4.89589763e-01,  3.61380314e-01],
       [ 8.54926393e-01,  2.44361538e-01, -1.11737926e+00,
         3.37145455e-01,  4.55563946e-01, -9.19018396e-01,
         4.85565595e+00,  7.32337493e+00,  1.06021200e+00,
         3.63444749e-01,  8.51116153e-01, -1.56046056e+00,
        -4.55568763e-01, -5.66238450e-01, -1.06002775e-01,
        -3.24862660e-02, -3.19796848e-01,  9.33514330e-02],
       [-2.53653822e+00,  6.35029160e-01, -1.18451814e+00,
        -1.21232464e+00,  4.09466870e-01, -2.32203332e-01,
        -2.08821100e+00,  1.06021200e+00,  5.29622296e+00,
        -3.62719688e-01,  7.76658249e-01, -4.17722482e-01,
        -2.78746339e-02, -4.32566726e-02, -1.09361580e-01,
        -1.40815706e-01,  7.07718474e-02, -1.38883524e-01],
       [ 4.32873518e-01,  3.73055090e-01,  1.80075216e-01,
         2.06926626e-01,  1.70708745e-01, -2.94848180e-02,
         5.29325260e-01,  3.63444749e-01, -3.62719688e-01,
         9.72975662e-01,  3.25174056e-02, -7.38117279e-03,
        -2.46832080e-01,  3.83722142e-03,  8.27796204e-02,
        -3.37070139e-02,  3.09609369e-02,  2.24909665e-01],
       [ 4.17650722e-01,  3.01367449e-01,  1.78432323e-02,
         2.42040336e-01,  2.00295113e-01, -1.16480136e-01,
         1.62954573e+00,  8.51116153e-01,  7.76658249e-01,
         3.25174056e-02,  7.65717700e-01, -2.92360749e-01,
        -8.70449966e-02, -1.82367018e-01, -1.40578514e-01,
        -5.21466670e-02, -4.06700112e-02, -3.96004281e-02],
       [-3.37518842e-01,  5.81800823e-03,  1.92031695e-01,
        -1.49194312e-01, -5.01287687e-02,  1.77480764e-01,
        -1.05458717e+00, -1.56046056e+00, -4.17722482e-01,
        -7.38117279e-03, -2.92360749e-01,  5.96215503e-01,
         3.81843606e-02,  1.78305619e-01,  1.89360410e-03,
        -3.92667699e-02,  8.61215510e-02,  9.84865463e-03],
       [-3.72759139e-02, -1.02957739e-01, -2.67450930e-02,
        -1.20299780e-02, -8.18479962e-02,  4.11120505e-02,
        -7.03465623e-01, -4.55568763e-01, -2.78746339e-02,
        -2.46832080e-01, -8.70449966e-02,  3.81843606e-02,
         1.47292770e-01,  3.75591164e-02, -1.15309380e-02,
         5.92857839e-02,  3.57565716e-02, -7.97885192e-02],
       [-1.84813138e-01,  3.34759502e-02,  9.45110464e-02,
        -8.44087393e-02, -3.45056549e-03,  9.88434420e-02,
        -6.58091108e-01, -5.66238450e-01, -4.32566726e-02,
         3.83722142e-03, -1.82367018e-01,  1.78305619e-01,
         3.75591164e-02,  1.10357396e-01,  2.61767585e-02,
         7.36553075e-04,  6.79838830e-02,  3.91735310e-03],
       [-7.64995531e-02, -1.09921628e-01,  5.46247171e-02,
        -4.68166563e-02, -6.08154294e-02,  5.12223465e-02,
        -2.01358169e-01, -1.06002775e-01, -1.09361580e-01,
         8.27796204e-02, -1.40578514e-01,  1.89360410e-03,
        -1.15309380e-02,  2.61767585e-02,  7.86166646e-02,
         1.12294665e-02,  2.02263045e-03,  5.99265970e-02],
       [ 8.86438568e-02, -6.45388943e-02, -1.16710620e-02,
         4.34767893e-02, -4.55850634e-02, -8.71750137e-04,
        -1.59597140e-01, -3.24862660e-02, -1.40815706e-01,
        -3.37070139e-02, -5.21466670e-02, -3.92667699e-02,
         5.92857839e-02,  7.36553075e-04,  1.12294665e-02,
         5.14747648e-02,  7.11958455e-03, -1.54630893e-02],
       [-5.38874729e-02,  5.97063507e-02,  4.39554062e-02,
        -1.85504875e-02,  1.33387052e-02,  4.93565073e-02,
        -4.89589763e-01, -3.19796848e-01,  7.07718474e-02,
         3.09609369e-02, -4.06700112e-02,  8.61215510e-02,
         3.57565716e-02,  6.79838830e-02,  2.02263045e-03,
         7.11958455e-03,  6.94762848e-02, -8.24803600e-03],
       [ 9.25424332e-02,  1.58581085e-02,  1.02830135e-01,
         4.38988720e-02,  1.36157458e-02,  2.48914044e-02,
         3.61380314e-01,  9.33514330e-02, -1.38883524e-01,
         2.24909665e-01, -3.96004281e-02,  9.84865463e-03,
        -7.97885192e-02,  3.91735310e-03,  5.99265970e-02,
        -1.54630893e-02, -8.24803600e-03,  9.96145441e-02]])
      jac: array([-9.50369413e-06, -2.53260376e-05,  1.49719126e-05,  8.13279074e-05,
        6.79323264e-05,  5.54445379e-05, -1.38015525e-05, -4.17221813e-06,
        1.68840867e-05,  3.03771823e-05, -1.29485311e-05,  2.61883108e-06,
        6.27720098e-06, -4.31736128e-05,  2.61048590e-05, -1.83995412e-05,
        7.37872726e-06, -9.13646936e-05])
  message: 'Desired error not necessarily achieved due to precision loss.'
     nfev: 2387
      nit: 71
     njev: 125
   status: 2
  success: False
        x: array([-1.77211116, -1.08428948,  0.55034869, -1.5511619 , -1.11874187,
        0.30755263, -0.45345478, -1.24378349,  1.21423115,  0.00603546,
        0.57917698,  1.12710086,  0.1076754 ,  0.30029931, -0.24679794,
        1.33586014,  0.0825482 ,  0.01016343])
