Program Begingeth
      fun: 0.2956741393442992
 hess_inv: array([[ 3.65490984e+00, -9.61255056e-01,  2.67610026e+00,
         9.36724059e-01, -6.05612174e-01,  1.70171412e+00,
        -2.65073597e+00, -1.53767829e+00,  4.74187922e+00,
         2.93556334e-01, -9.89736854e-02, -6.72642330e-02,
        -6.05496922e-01,  1.78974908e-01,  9.46986123e-02,
        -1.75205853e-01,  3.63441012e-01, -2.49933408e-01],
       [-9.61255056e-01,  3.06073377e+00,  1.43392661e+00,
        -3.09181513e-01,  1.30038898e+00,  5.00108121e-01,
        -2.13056695e+00,  7.99949373e-01,  2.33079542e+00,
        -2.62873566e-01,  4.08534708e-01, -8.09692398e-01,
         3.57509701e-01, -2.26249969e-01, -5.89687750e-02,
         8.76965593e-02, -1.41757422e-01,  2.68352044e-02],
       [ 2.67610026e+00,  1.43392661e+00,  2.61499230e+01,
        -2.99619291e+00, -3.89458023e-01,  1.25483540e+01,
        -4.33011927e+01, -2.10762256e+01,  3.13495474e+01,
         2.18886646e+00,  5.24262252e+00, -9.94836141e-01,
        -1.29143978e+00, -2.63714254e-02, -1.57117218e+00,
         4.83901836e-01,  9.45692157e-01, -1.73319851e+00],
       [ 9.36724059e-01, -3.09181513e-01, -2.99619291e+00,
         8.74905666e-01, -6.11657286e-02, -1.30546902e+00,
         6.14022589e+00,  2.81276125e+00, -2.89056845e+00,
        -2.67253980e-01, -7.89672025e-01,  1.80812019e-02,
         2.46875761e-02,  1.82912463e-02,  2.80362271e-01,
        -1.31065942e-01, -4.27811615e-02,  1.90331147e-01],
       [-6.05612174e-01,  1.30038898e+00, -3.89458023e-01,
        -6.11657286e-02,  6.44368669e-01, -2.59565831e-01,
         5.12574354e-01,  1.59033955e+00, -3.57866187e-01,
        -1.30682901e-01, -6.76247011e-02, -2.70492194e-01,
         2.13227406e-01, -6.49147140e-02,  5.19050869e-02,
         3.98910004e-02, -9.81678017e-02,  8.81159729e-02],
       [ 1.70171412e+00,  5.00108121e-01,  1.25483540e+01,
        -1.30546902e+00, -2.59565831e-01,  6.11746553e+00,
        -2.08128756e+01, -9.88020754e+00,  1.53649380e+01,
         1.15622789e+00,  2.34606033e+00, -4.28415109e-01,
        -7.07347314e-01,  3.35898005e-02, -7.00410490e-01,
         1.98754881e-01,  4.81636097e-01, -8.44308906e-01],
       [-2.65073597e+00, -2.13056695e+00, -4.33011927e+01,
         6.14022589e+00,  5.12574354e-01, -2.08128756e+01,
         7.85576617e+01,  3.49744042e+01, -5.08110674e+01,
        -3.83838526e+00, -8.22364079e+00,  1.00073029e+00,
         2.02288096e+00, -2.60826508e-01,  2.64426572e+00,
        -9.73690809e-01, -1.51777719e+00,  2.88803070e+00],
       [-1.53767829e+00,  7.99949373e-01, -2.10762256e+01,
         2.81276125e+00,  1.59033955e+00, -9.88020754e+00,
         3.49744042e+01,  2.42040559e+01, -2.50639391e+01,
        -1.31357435e+00, -4.80692082e+00,  2.54712210e-01,
         1.03964967e+00,  8.50194744e-02,  1.70986234e+00,
        -4.31899417e-01, -8.06122460e-01,  1.54389701e+00],
       [ 4.74187922e+00,  2.33079542e+00,  3.13495474e+01,
        -2.89056845e+00, -3.57866187e-01,  1.53649380e+01,
        -5.08110674e+01, -2.50639391e+01,  4.16150482e+01,
         2.75039431e+00,  6.12032387e+00, -1.43283056e+00,
        -1.69820846e+00, -2.30712394e-01, -1.86092119e+00,
         4.30899858e-01,  1.04245959e+00, -2.19645612e+00],
       [ 2.93556334e-01, -2.62873566e-01,  2.18886646e+00,
        -2.67253980e-01, -1.30682901e-01,  1.15622789e+00,
        -3.83838526e+00, -1.31357435e+00,  2.75039431e+00,
         1.12342116e+00,  4.60386466e-01, -1.27728237e-02,
        -3.55300600e-01,  3.18514855e-03, -2.02516394e-01,
         2.71404037e-02,  5.11996545e-02, -3.57953479e-01],
       [-9.89736854e-02,  4.08534708e-01,  5.24262252e+00,
        -7.89672025e-01, -6.76247011e-02,  2.34606033e+00,
        -8.22364079e+00, -4.80692082e+00,  6.12032387e+00,
         4.60386466e-01,  1.77857412e+00, -3.21693716e-01,
        -1.85480661e-01, -2.15152606e-01, -5.10305226e-01,
         1.39147125e-01,  1.18342471e-01, -4.42202600e-01],
       [-6.72642330e-02, -8.09692398e-01, -9.94836141e-01,
         1.80812019e-02, -2.70492194e-01, -4.28415109e-01,
         1.00073029e+00,  2.54712210e-01, -1.43283056e+00,
        -1.27728237e-02, -3.21693716e-01,  5.65708669e-01,
         7.98147856e-03,  1.49016939e-01,  1.26040684e-02,
         4.14423053e-02,  4.23420927e-02,  7.19684146e-02],
       [-6.05496922e-01,  3.57509701e-01, -1.29143978e+00,
         2.46875761e-02,  2.13227406e-01, -7.07347314e-01,
         2.02288096e+00,  1.03964967e+00, -1.69820846e+00,
        -3.55300600e-01, -1.85480661e-01,  7.98147856e-03,
         2.55447048e-01, -4.09040419e-02,  6.36184885e-02,
         5.30912525e-02, -1.05016095e-01,  1.61600075e-01],
       [ 1.78974908e-01, -2.26249969e-01, -2.63714254e-02,
         1.82912463e-02, -6.49147140e-02,  3.35898005e-02,
        -2.60826508e-01,  8.50194744e-02, -2.30712394e-01,
         3.18514855e-03, -2.15152606e-01,  1.49016939e-01,
        -4.09040419e-02,  1.23540548e-01,  4.42925973e-02,
        -6.78233941e-04,  7.33536001e-02,  2.53030368e-02],
       [ 9.46986123e-02, -5.89687750e-02, -1.57117218e+00,
         2.80362271e-01,  5.19050869e-02, -7.00410490e-01,
         2.64426572e+00,  1.70986234e+00, -1.86092119e+00,
        -2.02516394e-01, -5.10305226e-01,  1.26040684e-02,
         6.36184885e-02,  4.42925973e-02,  2.03618204e-01,
        -5.60868138e-02, -3.94622736e-02,  1.69847798e-01],
       [-1.75205853e-01,  8.76965593e-02,  4.83901836e-01,
        -1.31065942e-01,  3.98910004e-02,  1.98754881e-01,
        -9.73690809e-01, -4.31899417e-01,  4.30899858e-01,
         2.71404037e-02,  1.39147125e-01,  4.14423053e-02,
         5.30912525e-02, -6.78233941e-04, -5.60868138e-02,
         7.42776976e-02, -3.04324823e-03, -1.87900125e-02],
       [ 3.63441012e-01, -1.41757422e-01,  9.45692157e-01,
        -4.27811615e-02, -9.81678017e-02,  4.81636097e-01,
        -1.51777719e+00, -8.06122460e-01,  1.04245959e+00,
         5.11996545e-02,  1.18342471e-01,  4.23420927e-02,
        -1.05016095e-01,  7.33536001e-02, -3.94622736e-02,
        -3.04324823e-03,  1.18463613e-01, -6.12758367e-02],
       [-2.49933408e-01,  2.68352044e-02, -1.73319851e+00,
         1.90331147e-01,  8.81159729e-02, -8.44308906e-01,
         2.88803070e+00,  1.54389701e+00, -2.19645612e+00,
        -3.57953479e-01, -4.42202600e-01,  7.19684146e-02,
         1.61600075e-01,  2.53030368e-02,  1.69847798e-01,
        -1.87900125e-02, -6.12758367e-02,  2.17390815e-01]])
      jac: array([-1.45750079e-05, -5.43084096e-06,  1.42663659e-06,  3.65966516e-05,
        3.82027743e-06,  7.01697959e-06, -2.80960440e-06,  1.30932302e-06,
       -1.60575257e-06,  9.62193288e-09, -4.91865807e-06,  1.88552877e-06,
        1.55964130e-05, -2.14232336e-05, -2.84365124e-06, -1.82565074e-05,
        2.40988710e-05, -9.60305909e-06])
  message: 'Desired error not necessarily achieved due to precision loss.'
     nfev: 2387
      nit: 79
     njev: 125
   status: 2
  success: False
        x: array([ 1.06174857, -1.26111386,  0.41993149,  1.36020717, -1.22889826,
        0.0936465 ,  1.28694704, -1.66139005, -0.83261365,  0.05358165,
        0.52211619,  1.14843396, -0.00503511,  0.19710376, -0.27670289,
       -1.25500784, -0.19703653,  0.00204585])
