Program Begingeth
      fun: 0.2727142338105074
 hess_inv: array([[ 9.73305253e-01, -1.22341367e-01,  1.10449808e-01,
         3.82392886e-01, -2.15746741e-01,  3.18702310e-01,
         1.29327439e+00, -2.43936751e-01,  6.32465780e-01,
         1.06674052e+00, -6.67675047e-01, -1.22907761e-01,
        -3.78084477e-01, -1.54806263e-02,  1.02383979e-01,
        -4.52711882e-02, -2.05745209e-02, -2.12649492e-01],
       [-1.22341367e-01,  5.50746201e-01, -1.46761648e-01,
        -2.55874188e-01,  1.34682975e-01, -2.21966444e-01,
        -1.42560022e+00,  3.09810263e-01,  1.75627690e-01,
        -6.51039991e-01,  1.82449996e-01, -7.82882848e-02,
         7.70008630e-02, -1.58246467e-01, -2.10415841e-01,
         5.43853327e-02, -3.55378350e-03, -8.10468818e-02],
       [ 1.10449808e-01, -1.46761648e-01,  4.02090819e-01,
         1.62930716e-01, -2.17035424e-03,  2.38230000e-01,
         7.94317583e-01, -8.69556557e-01,  4.43622982e-01,
         6.88256933e-01,  5.66442051e-02,  2.06750548e-01,
        -6.22858651e-02,  1.61544797e-01,  1.67238263e-02,
         4.09063235e-02,  8.09705269e-02,  3.25234279e-02],
       [ 3.82392886e-01, -2.55874188e-01,  1.62930716e-01,
         6.41988695e-01,  1.67291186e-02,  2.34741295e-01,
         2.06765023e+00,  1.75327211e-01,  1.24791897e+00,
         1.77569034e+00,  5.47540727e-02, -3.57471827e-01,
        -4.06593003e-02,  9.35293315e-02,  1.54358666e-01,
         2.36499541e-02, -8.87513017e-03, -9.31130659e-03],
       [-2.15746741e-01,  1.34682975e-01, -2.17035424e-03,
         1.67291186e-02,  3.63692442e-01, -1.33046974e-01,
        -4.62828987e-01,  8.16897391e-01,  6.96363491e-01,
         9.67099747e-02,  8.76572416e-01, -2.38277354e-01,
         1.71978827e-01,  6.33268314e-02, -8.38476231e-02,
         8.05870085e-02,  1.28473093e-02,  5.81530776e-02],
       [ 3.18702310e-01, -2.21966444e-01,  2.38230000e-01,
         2.34741295e-01, -1.33046974e-01,  4.73336420e-01,
         1.59858754e+00, -9.11633822e-01,  9.21558855e-01,
         8.56413874e-01, -1.87550284e-01,  5.80250870e-01,
        -2.28981989e-01,  1.31502172e-01,  1.56414525e-01,
        -4.29496791e-02,  9.58395942e-02, -3.00204518e-02],
       [ 1.29327439e+00, -1.42560022e+00,  7.94317583e-01,
         2.06765023e+00, -4.62828987e-01,  1.59858754e+00,
         1.73882291e+01, -2.23828836e+00,  6.00781807e+00,
         5.59110969e+00,  9.44768192e-01, -3.92664996e-01,
        -1.13585827e+00,  5.50857784e-01,  6.67761331e-01,
        -3.24124854e-01,  6.68851736e-01, -3.74435702e-01],
       [-2.43936751e-01,  3.09810263e-01, -8.69556557e-01,
         1.75327211e-01,  8.16897391e-01, -9.11633822e-01,
        -2.23828836e+00,  6.16532045e+00,  8.47703229e-01,
        -1.53586769e-01,  1.29142365e+00, -2.06279142e+00,
         5.07028218e-01, -1.53888516e-01, -7.77465515e-02,
         6.33767419e-02, -1.86554778e-01,  8.92054704e-02],
       [ 6.32465780e-01,  1.75627690e-01,  4.43622982e-01,
         1.24791897e+00,  6.96363491e-01,  9.21558855e-01,
         6.00781807e+00,  8.47703229e-01,  8.39546926e+00,
         4.14709963e+00,  2.25583187e+00, -3.47056444e-01,
        -3.03394599e-01,  3.36542745e-01,  1.85112291e-01,
         7.50284023e-02,  3.80759222e-01, -7.35843170e-02],
       [ 1.06674052e+00, -6.51039991e-01,  6.88256933e-01,
         1.77569034e+00,  9.67099747e-02,  8.56413874e-01,
         5.59110969e+00, -1.53586769e-01,  4.14709963e+00,
         5.31273117e+00,  2.91879276e-01, -6.01643297e-01,
        -1.88717745e-01,  3.59154918e-01,  4.05851133e-01,
         7.27155586e-02,  6.20472949e-02, -1.83048481e-02],
       [-6.67675047e-01,  1.82449996e-01,  5.66442051e-02,
         5.47540727e-02,  8.76572416e-01, -1.87550284e-01,
         9.44768192e-01,  1.29142365e+00,  2.25583187e+00,
         2.91879276e-01,  2.70968435e+00, -4.49451150e-01,
         2.89230570e-01,  2.10934663e-01, -1.82896622e-01,
         1.27879180e-01,  1.48387602e-01,  1.12834638e-01],
       [-1.22907761e-01, -7.82882848e-02,  2.06750548e-01,
        -3.57471827e-01, -2.38277354e-01,  5.80250870e-01,
        -3.92664996e-01, -2.06279142e+00, -3.47056444e-01,
        -6.01643297e-01, -4.49451150e-01,  1.91529378e+00,
        -1.86036664e-01,  1.27777768e-01,  1.05610842e-01,
        -5.45694460e-02,  1.31724529e-01,  2.83050211e-02],
       [-3.78084477e-01,  7.70008630e-02, -6.22858651e-02,
        -4.06593003e-02,  1.71978827e-01, -2.28981989e-01,
        -1.13585827e+00,  5.07028218e-01, -3.03394599e-01,
        -1.88717745e-01,  2.89230570e-01, -1.86036664e-01,
         2.99908529e-01, -1.23752802e-02, -4.83997422e-02,
         9.32842752e-02, -7.37147557e-02,  1.26415269e-01],
       [-1.54806263e-02, -1.58246467e-01,  1.61544797e-01,
         9.35293315e-02,  6.33268314e-02,  1.31502172e-01,
         5.50857784e-01, -1.53888516e-01,  3.36542745e-01,
         3.59154918e-01,  2.10934663e-01,  1.27777768e-01,
        -1.23752802e-02,  1.39341536e-01,  4.82352099e-02,
         9.24114118e-03,  6.58262622e-02,  5.12746793e-02],
       [ 1.02383979e-01, -2.10415841e-01,  1.67238263e-02,
         1.54358666e-01, -8.38476231e-02,  1.56414525e-01,
         6.67761331e-01, -7.77465515e-02,  1.85112291e-01,
         4.05851133e-01, -1.82896622e-01,  1.05610842e-01,
        -4.83997422e-02,  4.82352099e-02,  1.42556157e-01,
        -3.30108306e-02, -3.82792856e-03,  4.17348601e-02],
       [-4.52711882e-02,  5.43853327e-02,  4.09063235e-02,
         2.36499541e-02,  8.05870085e-02, -4.29496791e-02,
        -3.24124854e-01,  6.33767419e-02,  7.50284023e-02,
         7.27155586e-02,  1.27879180e-01, -5.45694460e-02,
         9.32842752e-02,  9.24114118e-03, -3.30108306e-02,
         6.74234115e-02, -1.95617855e-02,  2.71655979e-02],
       [-2.05745209e-02, -3.55378350e-03,  8.09705269e-02,
        -8.87513017e-03,  1.28473093e-02,  9.58395942e-02,
         6.68851736e-01, -1.86554778e-01,  3.80759222e-01,
         6.20472949e-02,  1.48387602e-01,  1.31724529e-01,
        -7.37147557e-02,  6.58262622e-02, -3.82792856e-03,
        -1.95617855e-02,  1.01842495e-01, -1.39605499e-02],
       [-2.12649492e-01, -8.10468818e-02,  3.25234279e-02,
        -9.31130659e-03,  5.81530776e-02, -3.00204518e-02,
        -3.74435702e-01,  8.92054704e-02, -7.35843170e-02,
        -1.83048481e-02,  1.12834638e-01,  2.83050211e-02,
         1.26415269e-01,  5.12746793e-02,  4.17348601e-02,
         2.71655979e-02, -1.39605499e-02,  1.21408545e-01]])
      jac: array([ 1.67262500e-05,  6.63839354e-06, -1.20152036e-05, -5.36167407e-05,
       -8.36738086e-06,  3.45012907e-05,  3.79770289e-06,  4.76766774e-06,
       -1.29526020e-07,  1.04401673e-05, -4.27176813e-06, -3.81102557e-06,
        8.55186292e-05,  5.45900362e-05, -3.24481183e-05, -3.59715961e-05,
       -2.73547851e-05, -2.37151040e-05])
  message: 'Desired error not necessarily achieved due to precision loss.'
     nfev: 2254
      nit: 84
     njev: 118
   status: 2
  success: False
        x: array([ 0.08340826,  0.24756328,  0.89993865,  1.32785636, -0.66868862,
        0.29643092,  0.6769893 , -1.53392416,  0.91777258,  1.73564191,
       -0.59010796,  0.77643934,  0.05016399,  0.14418172, -0.28284237,
       -1.13634217, -0.52873222,  0.04098918])
