Program Begingeth
      fun: 0.3584097896673892
 hess_inv: array([[ 9.57113172e-01, -1.52983908e-01,  9.86949333e-02,
        -1.73586970e-01,  1.99207532e-01,  4.49237380e-01,
        -4.04753319e-01,  1.44705311e-01,  3.12814002e-01,
        -8.20072065e-01,  4.33631185e-01,  9.88426243e-01,
        -3.22178989e-01,  6.02121980e-02, -4.14546157e-03,
         4.91815133e-02, -1.30066165e-01, -2.35732660e-01],
       [-1.52983908e-01,  6.06939106e-01, -2.10635366e-01,
         3.31490351e-01, -2.35123540e-02, -4.77209833e-01,
         1.22570176e+00,  6.99213136e-01,  9.28733816e-02,
         1.21924247e+00, -6.79573562e-02, -1.20297170e+00,
         3.83855855e-02, -2.28827975e-01, -1.99531442e-01,
         9.32609709e-04,  1.08430671e-01, -1.10233987e-01],
       [ 9.86949333e-02, -2.10635366e-01,  4.44984046e-01,
        -3.69306749e-01,  3.81083993e-02,  3.45061850e-01,
        -1.02306875e+00, -8.04406807e-01, -3.11501485e-01,
        -1.34015654e+00, -6.67952834e-02,  1.19627836e+00,
         2.20999820e-02,  1.58700622e-01, -5.01025441e-02,
         8.76808910e-02, -4.54956689e-02,  4.84859914e-02],
       [-1.73586970e-01,  3.31490351e-01, -3.69306749e-01,
         7.45866689e-01,  8.94028383e-02, -6.20309963e-01,
         2.32265557e+00,  1.77672675e+00,  8.52912550e-01,
         2.44842298e+00,  2.58086711e-01, -2.24869017e+00,
         1.01098945e-01, -1.46867440e-01, -3.52675838e-02,
        -9.91655736e-03,  1.08511957e-01, -1.87317814e-02],
       [ 1.99207532e-01, -2.35123540e-02,  3.81083993e-02,
         8.94028383e-02,  3.17384523e-01, -1.87677436e-03,
         4.01758591e-01,  8.61546149e-01,  4.26165139e-01,
         5.06182692e-02,  7.34128185e-01, -3.93687089e-01,
         1.18760099e-02,  9.89575660e-02,  2.08121429e-02,
         6.20844563e-02, -2.73501068e-03, -3.11919625e-02],
       [ 4.49237380e-01, -4.77209833e-01,  3.45061850e-01,
        -6.20309963e-01, -1.87677436e-03,  9.16484042e-01,
        -2.28224810e+00, -1.62446337e+00, -2.22696061e-01,
        -2.29768400e+00,  1.29541162e-01,  2.85365295e+00,
        -1.23561446e-01,  1.21161030e-01,  1.69811692e-01,
         1.60761994e-02, -2.14491335e-01,  3.22659717e-02],
       [-4.04753319e-01,  1.22570176e+00, -1.02306875e+00,
         2.32265557e+00,  4.01758591e-01, -2.28224810e+00,
         8.88264980e+00,  5.93251906e+00,  2.52206112e+00,
         7.28327454e+00,  7.50358343e-01, -8.04020584e+00,
         2.61048800e-01, -3.92089044e-01, -3.85398909e-01,
         1.77083096e-02,  3.88180459e-01, -2.16451790e-01],
       [ 1.44705311e-01,  6.99213136e-01, -8.04406807e-01,
         1.77672675e+00,  8.61546149e-01, -1.62446337e+00,
         5.93251906e+00,  8.42748636e+00,  2.71843727e+00,
         6.56065052e+00,  1.58054934e+00, -7.16114774e+00,
        -2.00103572e-01, -1.16671183e-02,  8.84373887e-03,
        -6.37473264e-02,  4.83532741e-01, -1.67590333e-01],
       [ 3.12814002e-01,  9.28733816e-02, -3.11501485e-01,
         8.52912550e-01,  4.26165139e-01, -2.22696061e-01,
         2.52206112e+00,  2.71843727e+00,  2.58175443e+00,
         2.48757549e+00,  1.28826908e+00, -1.93092843e+00,
        -3.86039303e-03, -8.36091338e-02,  1.02159495e-01,
         7.69096900e-04,  4.91519725e-03, -8.19529392e-02],
       [-8.20072065e-01,  1.21924247e+00, -1.34015654e+00,
         2.44842298e+00,  5.06182692e-02, -2.29768400e+00,
         7.28327454e+00,  6.56065052e+00,  2.48757549e+00,
         9.22371230e+00,  1.36721877e-01, -8.19048558e+00,
         9.14497262e-02, -4.78896515e-01, -1.08305032e-01,
        -1.89303446e-01,  6.23879258e-01, -4.13942314e-02],
       [ 4.33631185e-01, -6.79573562e-02, -6.67952834e-02,
         2.58086711e-01,  7.34128185e-01,  1.29541162e-01,
         7.50358343e-01,  1.58054934e+00,  1.28826908e+00,
         1.36721877e-01,  2.11561601e+00, -5.48765665e-01,
         6.27271637e-02,  1.36916641e-01,  1.64904998e-01,
         9.56792263e-02, -6.07571725e-02, -4.30552477e-02],
       [ 9.88426243e-01, -1.20297170e+00,  1.19627836e+00,
        -2.24869017e+00, -3.93687089e-01,  2.85365295e+00,
        -8.04020584e+00, -7.16114774e+00, -1.93092843e+00,
        -8.19048558e+00, -5.48765665e-01,  1.01165150e+01,
        -2.22551813e-01,  1.92667070e-01,  3.12975701e-01,
         7.11890308e-02, -7.15106394e-01,  1.28295147e-01],
       [-3.22178989e-01,  3.83855855e-02,  2.20999820e-02,
         1.01098945e-01,  1.18760099e-02, -1.23561446e-01,
         2.61048800e-01, -2.00103572e-01, -3.86039303e-03,
         9.14497262e-02,  6.27271637e-02, -2.22551813e-01,
         2.39166493e-01, -1.80919945e-02, -1.16524766e-02,
         6.33182331e-02, -1.82578727e-02,  9.70223671e-02],
       [ 6.02121980e-02, -2.28827975e-01,  1.58700622e-01,
        -1.46867440e-01,  9.89575660e-02,  1.21161030e-01,
        -3.92089044e-01, -1.16671183e-02, -8.36091338e-02,
        -4.78896515e-01,  1.36916641e-01,  1.92667070e-01,
        -1.80919945e-02,  1.85732535e-01,  4.65449690e-02,
         2.64930491e-02,  3.09782509e-02,  4.19317993e-02],
       [-4.14546157e-03, -1.99531442e-01, -5.01025441e-02,
        -3.52675838e-02,  2.08121429e-02,  1.69811692e-01,
        -3.85398909e-01,  8.84373887e-03,  1.02159495e-01,
        -1.08305032e-01,  1.64904998e-01,  3.12975701e-01,
        -1.16524766e-02,  4.65449690e-02,  1.74978185e-01,
        -4.02064913e-02, -2.91665230e-02,  8.75978237e-02],
       [ 4.91815133e-02,  9.32609709e-04,  8.76808910e-02,
        -9.91655736e-03,  6.20844563e-02,  1.60761994e-02,
         1.77083096e-02, -6.37473264e-02,  7.69096900e-04,
        -1.89303446e-01,  9.56792263e-02,  7.11890308e-02,
         6.33182331e-02,  2.64930491e-02, -4.02064913e-02,
         7.83157409e-02, -2.24164819e-02, -7.58319204e-03],
       [-1.30066165e-01,  1.08430671e-01, -4.54956689e-02,
         1.08511957e-01, -2.73501068e-03, -2.14491335e-01,
         3.88180459e-01,  4.83532741e-01,  4.91519725e-03,
         6.23879258e-01, -6.07571725e-02, -7.15106394e-01,
        -1.82578727e-02,  3.09782509e-02, -2.91665230e-02,
        -2.24164819e-02,  1.37497260e-01,  8.28358732e-03],
       [-2.35732660e-01, -1.10233987e-01,  4.84859914e-02,
        -1.87317814e-02, -3.11919625e-02,  3.22659717e-02,
        -2.16451790e-01, -1.67590333e-01, -8.19529392e-02,
        -4.13942314e-02, -4.30552477e-02,  1.28295147e-01,
         9.70223671e-02,  4.19317993e-02,  8.75978237e-02,
        -7.58319204e-03,  8.28358732e-03,  1.40311769e-01]])
      jac: array([-3.67853895e-07,  1.50028138e-06, -3.57491814e-07,  1.02584607e-06,
       -3.85950531e-06,  1.16388380e-06, -6.32827124e-08,  2.04281037e-07,
        2.55351296e-08, -2.08721929e-07,  8.02691247e-07, -2.87547763e-07,
       -1.16980499e-06,  3.43799063e-06, -1.37556633e-06,  8.80406859e-07,
       -2.64825199e-06,  1.23197748e-06])
  message: 'Optimization terminated successfully.'
     nfev: 1406
      nit: 64
     njev: 74
   status: 0
  success: True
        x: array([ 0.04659081,  0.17434419,  0.77129235,  1.22710131, -1.24473265,
       -0.26646132,  2.14327493, -1.14944964, -1.33557299,  0.90442792,
       -1.79236213, -0.57106999,  0.11156488, -0.0275272 , -0.3542236 ,
       -1.18829829, -0.46654255,  0.01657853])
