Program Begingeth
      fun: 0.3972760022819601
 hess_inv: array([[ 1.96465658e+00,  8.69160175e-02,  1.05795046e-01,
         4.17680769e-01, -5.31070827e-01,  5.64454292e-01,
         1.55646498e+00, -6.95308829e-01,  6.69259983e-01,
         1.30841398e+00, -1.64663709e+00,  2.76816168e-01,
        -8.61943137e-01, -1.63234437e-01,  1.68311961e-01,
        -9.66444143e-02, -1.82536416e-02, -3.42946343e-01],
       [ 8.69160175e-02,  7.72532363e-01, -7.83723939e-02,
        -3.04193691e-01,  3.19396566e-02, -2.14984364e-01,
        -1.62346783e+00,  2.43222114e-01, -7.94080962e-02,
        -8.97929320e-01, -2.85648816e-01, -1.37312540e-01,
         8.16531839e-03, -2.56800495e-01, -2.53472916e-01,
         4.80032927e-02, -2.02370927e-02, -1.55925882e-01],
       [ 1.05795046e-01, -7.83723939e-02,  4.21172288e-01,
         8.33775377e-02,  4.70301530e-02,  1.36760815e-01,
         2.47366362e-02, -5.12374994e-01,  3.70133178e-01,
         4.97449441e-01,  8.95946921e-02,  9.10049340e-02,
        -3.94387567e-02,  1.25743625e-01, -5.79282903e-02,
         4.86335193e-02,  4.53358304e-02,  3.33186762e-02],
       [ 4.17680769e-01, -3.04193691e-01,  8.33775377e-02,
         5.67870988e-01, -4.06114938e-02,  3.46600945e-01,
         1.82906832e+00,  6.78792411e-03,  1.20361781e+00,
         1.74556339e+00,  3.76942880e-02,  1.10841517e-01,
        -1.40413134e-01,  8.39416343e-02,  2.18435221e-01,
        -2.26212260e-02,  7.81276878e-03,  1.92132165e-02],
       [-5.31070827e-01,  3.19396566e-02,  4.70301530e-02,
        -4.06114938e-02,  5.72959865e-01, -2.23638143e-01,
        -1.46525398e+00,  1.11366714e+00,  4.90414262e-01,
        -8.57370173e-02,  1.42087021e+00, -3.44223176e-01,
         3.87016148e-01,  1.50140770e-01, -1.16237796e-01,
         1.27552204e-01, -1.88595145e-02,  1.17481463e-01],
       [ 5.64454292e-01, -2.14984364e-01,  1.36760815e-01,
         3.46600945e-01, -2.23638143e-01,  6.07564745e-01,
         2.14114118e+00, -8.94366718e-01,  1.41557111e+00,
         1.26481193e+00, -3.11155068e-01,  8.91191887e-01,
        -3.80637506e-01,  6.56421143e-02,  2.27267052e-01,
        -8.91364024e-02,  9.73339404e-02, -3.65731016e-02],
       [ 1.55646498e+00, -1.62346783e+00,  2.47366362e-02,
         1.82906832e+00, -1.46525398e+00,  2.14114118e+00,
         2.08534213e+01, -4.46689488e+00,  6.01204457e+00,
         5.11130987e+00, -1.56481033e-01,  2.34871747e+00,
        -1.93274886e+00,  8.05475885e-02,  1.00929204e+00,
        -7.73184964e-01,  7.48509804e-01, -2.48387138e-01],
       [-6.95308829e-01,  2.43222114e-01, -5.12374994e-01,
         6.78792411e-03,  1.11366714e+00, -8.94366718e-01,
        -4.46689488e+00,  5.36814165e+00, -3.78187963e-02,
        -4.41139448e-01,  1.96908580e+00, -1.97933642e+00,
         8.46385678e-01,  6.46749075e-02, -1.20021975e-01,
         2.07160848e-01, -2.04140553e-01,  1.70184229e-01],
       [ 6.69259983e-01, -7.94080962e-02,  3.70133178e-01,
         1.20361781e+00,  4.90414262e-01,  1.41557111e+00,
         6.01204457e+00, -3.78187963e-02,  8.78966850e+00,
         4.30865117e+00,  2.57094915e+00,  1.40265636e+00,
        -5.23107719e-01,  1.87940378e-01,  3.89102865e-01,
        -1.03538897e-01,  3.24132983e-01,  6.63813420e-02],
       [ 1.30841398e+00, -8.97929320e-01,  4.97449441e-01,
         1.74556339e+00, -8.57370173e-02,  1.26481193e+00,
         5.11130987e+00, -4.41139448e-01,  4.30865117e+00,
         5.81023599e+00,  1.64714129e-01,  7.45142717e-01,
        -5.05053879e-01,  3.40471863e-01,  6.51414767e-01,
        -7.83490402e-02,  8.04062674e-02,  7.46897816e-02],
       [-1.64663709e+00, -2.85648816e-01,  8.95946921e-02,
         3.76942880e-02,  1.42087021e+00, -3.11155068e-01,
        -1.56481033e-01,  1.96908580e+00,  2.57094915e+00,
         1.64714129e-01,  4.62478977e+00, -4.41560850e-01,
         8.18988449e-01,  4.40944172e-01, -1.90019536e-01,
         1.85187959e-01,  1.02359065e-01,  3.35764238e-01],
       [ 2.76816168e-01, -1.37312540e-01,  9.10049340e-02,
         1.10841517e-01, -3.44223176e-01,  8.91191887e-01,
         2.34871747e+00, -1.97933642e+00,  1.40265636e+00,
         7.45142717e-01, -4.41560850e-01,  2.17865769e+00,
        -4.26326944e-01,  8.48380641e-02,  2.45675039e-01,
        -1.27326236e-01,  1.98487571e-01, -3.56742704e-02],
       [-8.61943137e-01,  8.16531839e-03, -3.94387567e-02,
        -1.40413134e-01,  3.87016148e-01, -3.80637506e-01,
        -1.93274886e+00,  8.46385678e-01, -5.23107719e-01,
        -5.05053879e-01,  8.18988449e-01, -4.26326944e-01,
         5.60719098e-01,  8.70617424e-02, -1.03249331e-01,
         1.43957120e-01, -7.80077988e-02,  1.80873658e-01],
       [-1.63234437e-01, -2.56800495e-01,  1.25743625e-01,
         8.39416343e-02,  1.50140770e-01,  6.56421143e-02,
         8.05475885e-02,  6.46749075e-02,  1.87940378e-01,
         3.40471863e-01,  4.40944172e-01,  8.48380641e-02,
         8.70617424e-02,  1.81581542e-01,  4.67457084e-02,
         2.63048932e-02,  3.93722951e-02,  9.28154331e-02],
       [ 1.68311961e-01, -2.53472916e-01, -5.79282903e-02,
         2.18435221e-01, -1.16237796e-01,  2.27267052e-01,
         1.00929204e+00, -1.20021975e-01,  3.89102865e-01,
         6.51414767e-01, -1.90019536e-01,  2.45675039e-01,
        -1.03249331e-01,  4.67457084e-02,  2.01386025e-01,
        -5.20253980e-02,  8.24670592e-03,  4.46165467e-02],
       [-9.66444143e-02,  4.80032927e-02,  4.86335193e-02,
        -2.26212260e-02,  1.27552204e-01, -8.91364024e-02,
        -7.73184964e-01,  2.07160848e-01, -1.03538897e-01,
        -7.83490402e-02,  1.85187959e-01, -1.27326236e-01,
         1.43957120e-01,  2.63048932e-02, -5.20253980e-02,
         8.61736674e-02, -3.42442392e-02,  2.89532422e-02],
       [-1.82536416e-02, -2.02370927e-02,  4.53358304e-02,
         7.81276878e-03, -1.88595145e-02,  9.73339404e-02,
         7.48509804e-01, -2.04140553e-01,  3.24132983e-01,
         8.04062674e-02,  1.02359065e-01,  1.98487571e-01,
        -7.80077988e-02,  3.93722951e-02,  8.24670592e-03,
        -3.42442392e-02,  8.58677324e-02, -4.92233018e-03],
       [-3.42946343e-01, -1.55925882e-01,  3.33186762e-02,
         1.92132165e-02,  1.17481463e-01, -3.65731016e-02,
        -2.48387138e-01,  1.70184229e-01,  6.63813420e-02,
         7.46897816e-02,  3.35764238e-01, -3.56742704e-02,
         1.80873658e-01,  9.28154331e-02,  4.46165467e-02,
         2.89532422e-02, -4.92233018e-03,  1.30803167e-01]])
      jac: array([-2.07833750e-05,  3.75414514e-05,  3.39765253e-06,  5.13367127e-05,
       -4.45628719e-05,  2.68137364e-05, -1.85370238e-06,  2.03836947e-06,
       -4.75693559e-06, -1.14449191e-05,  1.20337074e-05, -5.03560157e-06,
       -4.72292575e-05,  5.86179253e-05, -7.71567995e-06,  2.35644837e-05,
       -5.36174808e-05,  2.27921385e-05])
  message: 'Desired error not necessarily achieved due to precision loss.'
     nfev: 2538
      nit: 85
     njev: 133
   status: 2
  success: False
        x: array([ 0.05523494,  0.05812368,  0.79765823,  1.5015247 , -0.8040853 ,
        0.28317324,  0.8193203 , -1.91009894,  0.53403678,  1.80927395,
       -0.75571651,  0.82325625,  0.01899925, -0.01984333, -0.23338769,
       -1.34786835, -0.85282037,  0.04773039])
