Program Begingeth
      fun: 0.26287473719417065
 hess_inv: array([[ 3.41955655e+00, -3.97415678e-01, -2.97702048e-01,
         4.18252069e-01, -2.50256441e-01,  7.43873915e-01,
        -1.74359775e+00,  8.43458603e-01,  1.03688454e-01,
        -1.04806073e+00, -4.94437329e-01,  5.51202365e-01,
        -5.75062554e-01,  1.14681315e-01,  3.16202590e-01,
         1.24424599e-01,  2.04644279e-01, -5.79032962e-01],
       [-3.97415678e-01,  2.60559824e+00,  1.01272992e+00,
         6.20161066e-02,  5.27417336e-01, -3.68913611e-02,
        -1.65912990e+00, -3.66356967e-01,  3.54291035e+00,
         1.57522803e-01, -6.09670462e-02, -1.97169705e+00,
         2.16975473e-01, -4.64291153e-01, -2.37373289e-01,
        -1.21866732e-01,  8.16927098e-02,  2.97719832e-02],
       [-2.97702048e-01,  1.01272992e+00,  2.15155435e+00,
        -2.81266266e-01,  1.65604208e-01,  1.13339803e-01,
        -1.12940262e+00, -3.14640894e+00,  1.97324768e+00,
         1.00902992e-01,  1.35626005e+00, -1.71682206e+00,
         5.55563760e-02, -3.71445359e-01, -4.97236572e-01,
         2.20206219e-01, -4.49917430e-02,  5.04341619e-02],
       [ 4.18252069e-01,  6.20161066e-02, -2.81266266e-01,
         1.68125104e-01, -6.66592794e-03,  5.80674766e-02,
         1.17389478e-01,  7.36471830e-01,  1.75767970e-01,
        -1.64973056e-01, -3.14641558e-01,  7.38078491e-02,
         4.82538192e-03,  7.31814817e-03,  1.27594427e-01,
        -1.90765482e-02,  2.73286568e-02, -2.52764595e-02],
       [-2.50256441e-01,  5.27417336e-01,  1.65604208e-01,
        -6.66592794e-03,  3.57204283e-01,  2.29688372e-02,
        -2.49336476e+00,  2.53271052e-01,  3.98476368e-01,
         3.86480602e-01, -4.63463724e-02, -2.69421405e-01,
         1.77322024e-01,  1.36467449e-02, -2.52272345e-02,
        -5.54994664e-03, -1.57804022e-01, -1.63665208e-02],
       [ 7.43873915e-01, -3.68913611e-02,  1.13339803e-01,
         5.80674766e-02,  2.29688372e-02,  2.86774215e-01,
        -1.31051601e+00,  1.31150908e-01,  2.94573081e-01,
        -1.02314857e-02, -1.24689585e-01,  5.74226214e-02,
        -1.55095396e-01,  4.91471113e-02,  1.07789287e-01,
         8.60435274e-03, -1.05588491e-02, -1.32316625e-01],
       [-1.74359775e+00, -1.65912990e+00, -1.12940262e+00,
         1.17389478e-01, -2.49336476e+00, -1.31051601e+00,
         3.27171403e+01,  5.64458335e-01, -2.14297587e+00,
        -2.73173771e+00, -3.66984443e-01,  6.54051598e-01,
        -8.07536503e-01, -1.72588107e-01,  7.59571432e-03,
        -4.66792751e-02,  2.18271335e+00,  1.17298755e+00],
       [ 8.43458603e-01, -3.66356967e-01, -3.14640894e+00,
         7.36471830e-01,  2.53271052e-01,  1.31150908e-01,
         5.64458335e-01,  9.88057241e+00, -2.11616409e+00,
        -1.16035114e-01, -2.75782770e+00,  1.77655616e+00,
        -4.24678833e-02,  6.14014542e-01,  1.21501737e+00,
        -5.71044953e-01,  3.82537946e-01,  4.77451290e-02],
       [ 1.03688454e-01,  3.54291035e+00,  1.97324768e+00,
         1.75767970e-01,  3.98476368e-01,  2.94573081e-01,
        -2.14297587e+00, -2.11616409e+00,  9.24943124e+00,
        -5.75559183e-02,  4.17219536e-01, -3.06417182e+00,
         1.70381501e-01, -1.05010155e+00, -3.80252482e-01,
        -1.61354750e-01, -3.02404782e-02,  1.29984344e-01],
       [-1.04806073e+00,  1.57522803e-01,  1.00902992e-01,
        -1.64973056e-01,  3.86480602e-01, -1.02314857e-02,
        -2.73173771e+00, -1.16035114e-01, -5.75559183e-02,
         1.25353656e+00,  6.18627127e-02, -4.18371521e-02,
         1.46619287e-01,  7.27716507e-02, -3.90105855e-02,
        -5.42654147e-02, -3.33371587e-01,  2.33033223e-03],
       [-4.94437329e-01, -6.09670462e-02,  1.35626005e+00,
        -3.14641558e-01, -4.63463724e-02, -1.24689585e-01,
        -3.66984443e-01, -2.75782770e+00,  4.17219536e-01,
         6.18627127e-02,  1.73266281e+00, -8.46715549e-01,
         8.54484949e-02, -3.14897273e-01, -5.36687643e-01,
         2.53559543e-01, -1.42549541e-01, -2.06004717e-02],
       [ 5.51202365e-01, -1.97169705e+00, -1.71682206e+00,
         7.38078491e-02, -2.69421405e-01,  5.74226214e-02,
         6.54051598e-01,  1.77655616e+00, -3.06417182e+00,
        -4.18371521e-02, -8.46715549e-01,  2.41745035e+00,
        -1.89888874e-01,  6.09710501e-01,  3.77065431e-01,
        -3.11551227e-04, -5.71987410e-03, -8.84768071e-02],
       [-5.75062554e-01,  2.16975473e-01,  5.55563760e-02,
         4.82538192e-03,  1.77322024e-01, -1.55095396e-01,
        -8.07536503e-01, -4.24678833e-02,  1.70381501e-01,
         1.46619287e-01,  8.54484949e-02, -1.89888874e-01,
         2.87303035e-01, -3.86266170e-02, -5.73813305e-02,
         3.06286837e-02, -1.51965919e-01,  1.22893027e-01],
       [ 1.14681315e-01, -4.64291153e-01, -3.71445359e-01,
         7.31814817e-03,  1.36467449e-02,  4.91471113e-02,
        -1.72588107e-01,  6.14014542e-01, -1.05010155e+00,
         7.27716507e-02, -3.14897273e-01,  6.09710501e-01,
        -3.86266170e-02,  2.42156738e-01,  1.30694114e-01,
         7.96121529e-03,  1.14821755e-02, -8.50843078e-03],
       [ 3.16202590e-01, -2.37373289e-01, -4.97236572e-01,
         1.27594427e-01, -2.52272345e-02,  1.07789287e-01,
         7.59571432e-03,  1.21501737e+00, -3.80252482e-01,
        -3.90105855e-02, -5.36687643e-01,  3.77065431e-01,
        -5.73813305e-02,  1.30694114e-01,  2.58495210e-01,
        -8.41042257e-02,  2.88638742e-02,  6.12227161e-03],
       [ 1.24424599e-01, -1.21866732e-01,  2.20206219e-01,
        -1.90765482e-02, -5.54994664e-03,  8.60435274e-03,
        -4.66792751e-02, -5.71044953e-01, -1.61354750e-01,
        -5.42654147e-02,  2.53559543e-01, -3.11551227e-04,
         3.06286837e-02,  7.96121529e-03, -8.41042257e-02,
         1.24082044e-01, -2.73445484e-02, -1.78670395e-02],
       [ 2.04644279e-01,  8.16927098e-02, -4.49917430e-02,
         2.73286568e-02, -1.57804022e-01, -1.05588491e-02,
         2.18271335e+00,  3.82537946e-01, -3.02404782e-02,
        -3.33371587e-01, -1.42549541e-01, -5.71987410e-03,
        -1.51965919e-01,  1.14821755e-02,  2.88638742e-02,
        -2.73445484e-02,  2.76262431e-01,  2.50110624e-02],
       [-5.79032962e-01,  2.97719832e-02,  5.04341619e-02,
        -2.52764595e-02, -1.63665208e-02, -1.32316625e-01,
         1.17298755e+00,  4.77451290e-02,  1.29984344e-01,
         2.33033223e-03, -2.06004717e-02, -8.84768071e-02,
         1.22893027e-01, -8.50843078e-03,  6.12227161e-03,
        -1.78670395e-02,  2.50110624e-02,  2.07880099e-01]])
      jac: array([ 1.48029737e-07, -6.35417645e-07,  4.69624339e-07, -1.33374793e-06,
        2.29039010e-06, -1.29229960e-06,  1.06951485e-07, -8.54871729e-08,
        9.58492545e-08, -1.79115981e-07, -4.51860771e-07,  2.72374715e-07,
        6.51330841e-08, -2.17529698e-06,  1.63979941e-06,  2.35367281e-07,
        9.76996262e-07, -1.07617619e-06])
  message: 'Optimization terminated successfully.'
     nfev: 1273
      nit: 60
     njev: 67
   status: 0
  success: True
        x: array([ 0.19511494, -0.42477592,  0.6968946 ,  0.93066314, -0.56019689,
        0.03775737,  0.13122881, -1.52142702, -0.50671979,  0.06990807,
        0.71953709,  0.97305805,  0.11130463,  0.112735  , -0.41704389,
       -0.95745432, -0.73888072,  0.01903236])
