Program Begingeth
      fun: 0.2996415259250763
 hess_inv: array([[ 4.06400768e-01, -1.43050858e-02, -5.43221996e-02,
        -2.48597769e-02,  7.22822641e-02, -2.74685914e-01,
        -8.92334519e-02,  3.44994796e-01, -1.39919267e+00,
         2.65228178e-03,  1.78457427e-01,  3.96852065e-01,
        -2.39895916e-01, -2.70560401e-02, -3.11794689e-01,
        -7.82092100e-02, -5.86744309e-02, -9.70923583e-02],
       [-1.43050858e-02,  5.71591554e-01, -5.05291017e-02,
        -2.21291276e-01, -1.13627562e-01, -1.69392769e-01,
        -7.81703826e-01,  2.97331943e-01,  8.58928926e-02,
         9.98855429e-03,  1.05396552e-01, -2.55281767e-02,
        -1.67970645e-01, -4.91579291e-01, -5.57278919e-02,
        -9.37956993e-03, -1.46851441e-01,  1.25635830e-01],
       [-5.43221996e-02, -5.05291017e-02,  4.22109630e-01,
         1.28268602e-01,  1.14289294e-01, -4.99188311e-02,
         6.77946665e-01, -1.80143850e-01,  3.17122207e-01,
        -3.93325767e-01, -8.33966100e-02, -1.58627490e-01,
         2.28277504e-01,  1.64929698e-01, -3.17911812e-01,
         5.18433260e-02,  2.14191541e-03, -1.56652705e-01],
       [-2.48597769e-02, -2.21291276e-01,  1.28268602e-01,
         2.58764628e-01,  7.34538144e-02,  5.36481566e-02,
         8.29755913e-01, -3.75118822e-01,  1.63486187e-01,
        -1.29387871e-01, -3.95467214e-02,  2.41713365e-02,
         3.06089406e-01,  2.37852877e-01, -7.98407430e-02,
         1.00385692e-01,  5.94677116e-02, -8.91546701e-02],
       [ 7.22822641e-02, -1.13627562e-01,  1.14289294e-01,
         7.34538144e-02,  1.49147537e-01, -5.22115074e-02,
         4.09091262e-01,  8.75130461e-02, -2.84257219e-01,
        -1.00701532e-01, -5.79966201e-02,  6.78603495e-02,
         4.72722736e-02,  2.52301304e-01, -1.57085270e-01,
         1.55949339e-02,  7.60953176e-02, -8.80356218e-02],
       [-2.74685914e-01, -1.69392769e-01, -4.99188311e-02,
         5.36481566e-02, -5.22115074e-02,  4.21690823e-01,
         2.04837306e-01, -4.58087850e-01,  1.41875813e+00,
         4.70567010e-02, -2.78841449e-01, -2.51250547e-01,
         1.86203719e-01,  1.79945114e-01,  4.76862371e-01,
         6.36178238e-02,  9.72599402e-02,  1.19008714e-01],
       [-8.92334519e-02, -7.81703826e-01,  6.77946665e-01,
         8.29755913e-01,  4.09091262e-01,  2.04837306e-01,
         4.17022368e+00, -1.12276932e+00,  6.94481542e-01,
        -5.00683608e-01, -3.64111955e-01,  3.60029130e-02,
         8.27736305e-01,  1.07906453e+00, -3.93553431e-01,
         2.06903904e-01,  2.80642690e-01, -3.73905860e-01],
       [ 3.44994796e-01,  2.97331943e-01, -1.80143850e-01,
        -3.75118822e-01,  8.75130461e-02, -4.58087850e-01,
        -1.12276932e+00,  2.17535228e+00, -2.32755465e+00,
         2.39182537e-01,  5.26734443e-01,  1.92977045e-01,
        -6.41794178e-01, -4.03833656e-01, -1.86247231e-01,
        -2.17659024e-01, -1.56729878e-01,  1.06780649e-01],
       [-1.39919267e+00,  8.58928926e-02,  3.17122207e-01,
         1.63486187e-01, -2.84257219e-01,  1.41875813e+00,
         6.94481542e-01, -2.32755465e+00,  8.60151786e+00,
        -4.58108232e-01, -1.14793445e+00, -1.15035590e+00,
         1.08664951e+00,  2.20178763e-01,  1.09801083e+00,
         4.21575524e-01,  1.70861809e-01,  2.28122617e-01],
       [ 2.65228178e-03,  9.98855429e-03, -3.93325767e-01,
        -1.29387871e-01, -1.00701532e-01,  4.70567010e-02,
        -5.00683608e-01,  2.39182537e-01, -4.58108232e-01,
         5.32016963e-01,  7.67767596e-02,  9.77659973e-02,
        -2.65551344e-01, -1.16121913e-01,  3.25104204e-01,
        -7.69328003e-02,  2.76940768e-02,  1.50769340e-01],
       [ 1.78457427e-01,  1.05396552e-01, -8.33966100e-02,
        -3.95467214e-02, -5.79966201e-02, -2.78841449e-01,
        -3.64111955e-01,  5.26734443e-01, -1.14793445e+00,
         7.67767596e-02,  6.81629268e-01,  1.17353234e-01,
        -1.94160713e-01, -3.80165971e-01, -1.36490823e-01,
        -1.29843747e-01, -1.34535423e-01,  7.22865982e-02],
       [ 3.96852065e-01, -2.55281767e-02, -1.58627490e-01,
         2.41713365e-02,  6.78603495e-02, -2.51250547e-01,
         3.60029130e-02,  1.92977045e-01, -1.15035590e+00,
         9.77659973e-02,  1.17353234e-01,  6.30195498e-01,
        -1.88653620e-01,  5.51555162e-03, -3.24969371e-01,
        -2.84259966e-02, -4.66044286e-02, -1.15020343e-01],
       [-2.39895916e-01, -1.67970645e-01,  2.28277504e-01,
         3.06089406e-01,  4.72722736e-02,  1.86203719e-01,
         8.27736305e-01, -6.41794178e-01,  1.08664951e+00,
        -2.65551344e-01, -1.94160713e-01, -1.88653620e-01,
         5.53514554e-01,  2.52392772e-01,  7.36833632e-03,
         2.17262799e-01,  7.47796828e-02, -7.07549895e-02],
       [-2.70560401e-02, -4.91579291e-01,  1.64929698e-01,
         2.37852877e-01,  2.52301304e-01,  1.79945114e-01,
         1.07906453e+00, -4.03833656e-01,  2.20178763e-01,
        -1.16121913e-01, -3.80165971e-01,  5.51555162e-03,
         2.52392772e-01,  7.49803440e-01, -2.75863136e-02,
         7.85911819e-02,  2.70764223e-01, -1.69860642e-01],
       [-3.11794689e-01, -5.57278919e-02, -3.17911812e-01,
        -7.98407430e-02, -1.57085270e-01,  4.76862371e-01,
        -3.93553431e-01, -1.86247231e-01,  1.09801083e+00,
         3.25104204e-01, -1.36490823e-01, -3.24969371e-01,
         7.36833632e-03, -2.75863136e-02,  8.38652611e-01,
         4.41574863e-03,  8.57034988e-02,  3.42704322e-01],
       [-7.82092100e-02, -9.37956993e-03,  5.18433260e-02,
         1.00385692e-01,  1.55949339e-02,  6.36178238e-02,
         2.06903904e-01, -2.17659024e-01,  4.21575524e-01,
        -7.69328003e-02, -1.29843747e-01, -2.84259966e-02,
         2.17262799e-01,  7.85911819e-02,  4.41574863e-03,
         1.22718912e-01,  2.37740912e-02, -1.98428754e-02],
       [-5.86744309e-02, -1.46851441e-01,  2.14191541e-03,
         5.94677116e-02,  7.60953176e-02,  9.72599402e-02,
         2.80642690e-01, -1.56729878e-01,  1.70861809e-01,
         2.76940768e-02, -1.34535423e-01, -4.66044286e-02,
         7.47796828e-02,  2.70764223e-01,  8.57034988e-02,
         2.37740912e-02,  1.38647947e-01, -1.28609058e-02],
       [-9.70923583e-02,  1.25635830e-01, -1.56652705e-01,
        -8.91546701e-02, -8.80356218e-02,  1.19008714e-01,
        -3.73905860e-01,  1.06780649e-01,  2.28122617e-01,
         1.50769340e-01,  7.22865982e-02, -1.15020343e-01,
        -7.07549895e-02, -1.69860642e-01,  3.42704322e-01,
        -1.98428754e-02, -1.28609058e-02,  2.15306206e-01]])
      jac: array([ 1.72195591e-06, -4.30000480e-05,  2.09269639e-05,  7.71542089e-05,
        1.04111904e-04, -3.31519997e-05, -7.62649203e-06, -9.14749758e-06,
        4.56523708e-06,  1.22309570e-06, -3.69559938e-05,  9.08976598e-06,
       -3.57954407e-05, -1.13602091e-04,  2.31107726e-05,  6.88264260e-06,
        7.86367268e-05, -1.44254978e-06])
  message: 'Desired error not necessarily achieved due to precision loss.'
     nfev: 1569
      nit: 33
     njev: 82
   status: 2
  success: False
        x: array([ 0.75691302, -0.04223865,  0.50255494,  0.23102191, -0.96547551,
       -0.98876389,  1.23646718, -1.49087148, -1.2349895 , -1.09514906,
        0.03726859,  0.65371879,  0.13707498,  0.04532022, -0.82988058,
        0.09105549,  1.24457938, -1.05116633])
