Program Begingeth
      fun: 0.34777490675812983
 hess_inv: array([[ 6.21857328e+00, -1.48942053e+00,  8.29450945e-01,
         1.80379107e+00, -1.03784167e+00,  1.44215367e+00,
         1.46076707e+00,  1.77827466e-01,  4.16923224e+00,
        -3.71733444e-01, -7.62264176e-01,  4.35141062e-01,
        -1.04791916e+00,  3.06292598e-01,  4.27657680e-01,
        -3.14279983e-01,  7.97232503e-01, -3.88417162e-01],
       [-1.48942053e+00,  5.02123205e+00,  1.15604865e+00,
        -3.51849791e-01,  2.14939657e+00,  1.74310249e-01,
        -5.42997004e+00,  8.52542719e-01,  4.34443168e+00,
        -2.08346937e-01,  3.55115635e-01, -1.54845635e+00,
         7.27054121e-01, -4.16201601e-01, -1.80500852e-01,
         5.87374448e-02, -4.56733710e-01,  1.07761801e-01],
       [ 8.29450945e-01,  1.15604865e+00,  2.20188998e+00,
        -1.18791217e-02,  3.87153917e-01,  9.45865916e-01,
        -2.86898641e+00, -1.40258322e+00,  2.63192647e+00,
        -6.60931219e-02,  5.89815901e-01, -4.67654964e-01,
        -9.91826766e-02, -6.78847611e-02, -1.30474203e-01,
         7.15005300e-02,  8.65153062e-02, -1.08187640e-01],
       [ 1.80379107e+00, -3.51849791e-01, -1.18791217e-02,
         6.17335532e-01, -2.78154823e-01,  3.18437815e-01,
         9.98495564e-01,  3.32903223e-01,  1.24880778e+00,
        -1.57665785e-01, -3.22323884e-01,  6.67745321e-02,
        -2.47875427e-01,  6.82240577e-02,  1.69833972e-01,
        -1.01704448e-01,  2.12865890e-01, -7.15464734e-02],
       [-1.03784167e+00,  2.14939657e+00,  3.87153917e-01,
        -2.78154823e-01,  1.08575206e+00, -3.47053856e-03,
        -3.34188468e+00,  9.41120452e-01,  1.36063846e+00,
         7.39208614e-02,  1.23926573e-01, -5.72532661e-01,
         4.40882648e-01, -1.37027895e-01, -8.16587319e-02,
         1.02867132e-01, -3.22146269e-01,  6.61456277e-02],
       [ 1.44215367e+00,  1.74310249e-01,  9.45865916e-01,
         3.18437815e-01, -3.47053856e-03,  6.79390922e-01,
        -1.20938912e+00, -2.22544507e-01,  2.03906032e+00,
         2.88252133e-02, -2.91055926e-02, -7.04941268e-02,
        -2.49318999e-01,  4.65682860e-02,  8.11700138e-02,
        -5.56720284e-02,  1.42642641e-01, -1.04086493e-01],
       [ 1.46076707e+00, -5.42997004e+00, -2.86898641e+00,
         9.98495564e-01, -3.34188468e+00, -1.20938912e+00,
         2.04464388e+01, -3.16641764e+00, -5.43885107e+00,
        -1.11746312e+00, -5.49252066e-01,  1.09429081e+00,
        -1.09897435e+00,  2.29317420e-01,  2.76015417e-01,
        -4.76195650e-01,  1.35433649e+00,  2.26409824e-01],
       [ 1.77827466e-01,  8.52542719e-01, -1.40258322e+00,
         3.32903223e-01,  9.41120452e-01, -2.22544507e-01,
        -3.16641764e+00,  6.21437690e+00,  3.94876939e-01,
         4.51545488e-01, -9.33990144e-01, -8.20839993e-02,
         3.20857897e-01,  1.46548999e-01,  4.32913750e-01,
        -7.29333895e-02, -3.13307299e-01,  1.06473707e-01],
       [ 4.16923224e+00,  4.34443168e+00,  2.63192647e+00,
         1.24880778e+00,  1.36063846e+00,  2.03906032e+00,
        -5.43885107e+00,  3.94876939e-01,  1.24805932e+01,
        -4.10842415e-01, -1.57861136e-01, -1.38144501e+00,
        -2.98931405e-01, -3.76699099e-01,  2.82420450e-01,
        -3.63429248e-01,  1.14125840e-01, -1.41158983e-01],
       [-3.71733444e-01, -2.08346937e-01, -6.60931219e-02,
        -1.57665785e-01,  7.39208614e-02,  2.88252133e-02,
        -1.11746312e+00,  4.51545488e-01, -4.10842415e-01,
         7.46436301e-01,  6.06140585e-02,  9.24747819e-02,
        -6.31781328e-02, -2.97268422e-03, -3.42780101e-02,
         3.66746075e-02, -1.67931263e-01, -1.34502132e-01],
       [-7.62264176e-01,  3.55115635e-01,  5.89815901e-01,
        -3.22323884e-01,  1.23926573e-01, -2.91055926e-02,
        -5.49252066e-01, -9.33990144e-01, -1.57861136e-01,
         6.06140585e-02,  9.20799575e-01, -2.67745337e-01,
         8.90612509e-02, -2.27010854e-01, -2.74379479e-01,
         9.86412600e-02, -9.04057368e-02, -1.05520051e-01],
       [ 4.35141062e-01, -1.54845635e+00, -4.67654964e-01,
         6.67745321e-02, -5.72532661e-01, -7.04941268e-02,
         1.09429081e+00, -8.20839993e-02, -1.38144501e+00,
         9.24747819e-02, -2.67745337e-01,  8.60941359e-01,
        -1.69712029e-01,  2.41086961e-01,  1.59050757e-02,
         5.53239319e-02,  1.45925646e-01, -1.70985046e-02],
       [-1.04791916e+00,  7.27054121e-01, -9.91826766e-02,
        -2.47875427e-01,  4.40882648e-01, -2.49318999e-01,
        -1.09897435e+00,  3.20857897e-01, -2.98931405e-01,
        -6.31781328e-02,  8.90612509e-02, -1.69712029e-01,
         3.77700698e-01, -6.95599441e-02, -6.36156008e-02,
         1.37926094e-01, -2.29784467e-01,  1.16215779e-01],
       [ 3.06292598e-01, -4.16201601e-01, -6.78847611e-02,
         6.82240577e-02, -1.37027895e-01,  4.65682860e-02,
         2.29317420e-01,  1.46548999e-01, -3.76699099e-01,
        -2.97268422e-03, -2.27010854e-01,  2.41086961e-01,
        -6.95599441e-02,  1.45436073e-01,  5.58187044e-02,
         5.45424592e-03,  9.50987601e-02,  1.52217244e-02],
       [ 4.27657680e-01, -1.80500852e-01, -1.30474203e-01,
         1.69833972e-01, -8.16587319e-02,  8.11700138e-02,
         2.76015417e-01,  4.32913750e-01,  2.82420450e-01,
        -3.42780101e-02, -2.74379479e-01,  1.59050757e-02,
        -6.36156008e-02,  5.58187044e-02,  1.48013414e-01,
        -6.14531611e-02,  4.26228137e-02,  5.10706047e-02],
       [-3.14279983e-01,  5.87374448e-02,  7.15005300e-02,
        -1.01704448e-01,  1.02867132e-01, -5.56720284e-02,
        -4.76195650e-01, -7.29333895e-02, -3.63429248e-01,
         3.66746075e-02,  9.86412600e-02,  5.53239319e-02,
         1.37926094e-01,  5.45424592e-03, -6.14531611e-02,
         1.21020081e-01, -7.57493899e-02,  1.39869956e-02],
       [ 7.97232503e-01, -4.56733710e-01,  8.65153062e-02,
         2.12865890e-01, -3.22146269e-01,  1.42642641e-01,
         1.35433649e+00, -3.13307299e-01,  1.14125840e-01,
        -1.67931263e-01, -9.04057368e-02,  1.45925646e-01,
        -2.29784467e-01,  9.50987601e-02,  4.26228137e-02,
        -7.57493899e-02,  2.60663669e-01, -3.10113881e-02],
       [-3.88417162e-01,  1.07761801e-01, -1.08187640e-01,
        -7.15464734e-02,  6.61456277e-02, -1.04086493e-01,
         2.26409824e-01,  1.06473707e-01, -1.41158983e-01,
        -1.34502132e-01, -1.05520051e-01, -1.70985046e-02,
         1.16215779e-01,  1.52217244e-02,  5.10706047e-02,
         1.39869956e-02, -3.10113881e-02,  1.36589808e-01]])
      jac: array([ 5.86567831e-07,  5.85087534e-07,  7.83854463e-06,  4.77802982e-06,
        8.43769499e-07, -2.28062014e-05, -8.51170986e-07, -6.87598127e-07,
        8.82997379e-07,  4.48530102e-07,  1.50361205e-06,  4.74324284e-06,
       -6.91965004e-06,  7.16093851e-06,  2.00746827e-05,  6.50590693e-07,
       -3.87948932e-06, -8.89880762e-06])
  message: 'Desired error not necessarily achieved due to precision loss.'
     nfev: 2102
      nit: 63
     njev: 110
   status: 2
  success: False
        x: array([ 0.75125771, -1.12588733,  0.53482771,  1.0924289 , -1.1460167 ,
        0.12044487,  0.59560246, -2.03502369, -0.47403707,  0.01933947,
        0.50987513,  1.1888577 ,  0.00804944, -0.01037078, -0.34958874,
       -1.05552427, -0.77305679, -0.02500613])
