Program Begingeth
      fun: 0.2853326903706605
 hess_inv: array([[ 1.63752364e+00, -1.63618693e-02,  2.02705524e-01,
         3.20031261e-01, -2.08395135e-01,  3.64985315e-01,
         7.75969414e-01, -5.15897943e-01,  8.04585230e-01,
         1.01139299e+00, -6.69539023e-01,  4.10166545e-02,
        -6.59679550e-01, -3.71625658e-02,  3.66050629e-02,
        -3.54513594e-02, -2.59733889e-02, -2.52042450e-01],
       [-1.63618693e-02,  6.64643996e-01, -7.17744943e-02,
        -2.79902066e-01,  3.98202311e-02, -1.83604936e-01,
        -1.58942998e+00,  1.53402398e-01,  2.86190813e-02,
        -7.02356472e-01, -1.63485998e-01, -1.02979772e-01,
         1.98131863e-02, -2.04942488e-01, -2.10266547e-01,
         3.66739224e-02,  3.99406697e-03, -1.14141293e-01],
       [ 2.02705524e-01, -7.17744943e-02,  4.06294426e-01,
         1.15713281e-01, -2.19048040e-02,  1.49939983e-01,
         1.93916838e-01, -6.86937592e-01,  3.45675671e-01,
         5.54368218e-01, -4.71432478e-02,  1.05153171e-01,
        -8.20688910e-02,  9.96316137e-02, -6.06521262e-02,
         3.43727722e-02,  5.21016577e-02,  6.11180092e-03],
       [ 3.20031261e-01, -2.79902066e-01,  1.15713281e-01,
         5.18724640e-01,  8.10154181e-02,  2.13709698e-01,
         1.74716958e+00,  2.99290188e-01,  1.40399505e+00,
         1.46696847e+00,  3.66657914e-01, -2.41435938e-01,
        -5.85597345e-02,  9.17155143e-02,  1.45341054e-01,
         7.46173688e-03, -5.40530265e-03,  3.14527062e-02],
       [-2.08395135e-01,  3.98202311e-02, -2.19048040e-02,
         8.10154181e-02,  3.10884721e-01, -6.33296478e-02,
         1.66248844e-02,  8.98980284e-01,  9.19414520e-01,
         2.25929384e-01,  8.40204683e-01, -3.11224517e-01,
         1.45287599e-01,  5.77429445e-02, -2.04171376e-02,
         4.32015706e-02,  1.98976133e-02,  3.97314747e-02],
       [ 3.64985315e-01, -1.83604936e-01,  1.49939983e-01,
         2.13709698e-01, -6.33296478e-02,  3.65302364e-01,
         1.12356332e+00, -7.00158478e-01,  1.02409299e+00,
         7.54171522e-01,  2.15215206e-02,  4.85467532e-01,
        -2.10307637e-01,  8.53427542e-02,  1.19552527e-01,
        -3.82622259e-02,  4.16822889e-02, -4.02578918e-03],
       [ 7.75969414e-01, -1.58942998e+00,  1.93916838e-01,
         1.74716958e+00,  1.66248844e-02,  1.12356332e+00,
         1.26835200e+01, -1.04904619e+00,  5.98293198e+00,
         4.29405395e+00,  2.16817322e+00, -9.95226095e-02,
        -5.95409996e-01,  3.68190287e-01,  7.30912022e-01,
        -2.69111387e-01,  1.54367877e-01,  1.11036049e-01],
       [-5.15897943e-01,  1.53402398e-01, -6.86937592e-01,
         2.99290188e-01,  8.98980284e-01, -7.00158478e-01,
        -1.04904619e+00,  6.24544587e+00,  1.30375453e+00,
         2.99322491e-01,  1.66988236e+00, -2.18512583e+00,
         5.96469790e-01, -5.01601493e-02,  6.64411136e-02,
         1.09538878e-01, -1.24713838e-01,  1.18513319e-01],
       [ 8.04585230e-01,  2.86190813e-02,  3.45675671e-01,
         1.40399505e+00,  9.19414520e-01,  1.02409299e+00,
         5.98293198e+00,  1.30375453e+00,  1.05907446e+01,
         4.41416899e+00,  3.47649020e+00, -5.13480989e-01,
        -3.38038711e-01,  1.71117662e-01,  2.87881284e-01,
        -1.62477705e-02,  1.77739444e-01,  3.06685813e-02],
       [ 1.01139299e+00, -7.02356472e-01,  5.54368218e-01,
         1.46696847e+00,  2.25929384e-01,  7.54171522e-01,
         4.29405395e+00,  2.99322491e-01,  4.41416899e+00,
         4.53253713e+00,  9.53863892e-01, -3.91183077e-01,
        -2.42639471e-01,  3.05946518e-01,  3.64365625e-01,
         2.79988961e-02,  2.82247782e-02,  8.01557467e-02],
       [-6.69539023e-01, -1.63485998e-01, -4.71432478e-02,
         3.66657914e-01,  8.40204683e-01,  2.15215206e-02,
         2.16817322e+00,  1.66988236e+00,  3.47649020e+00,
         9.53863892e-01,  2.89104992e+00, -6.42757687e-01,
         3.11245375e-01,  2.10745471e-01,  4.04626038e-02,
         4.65551520e-02,  9.27663752e-02,  1.38420435e-01],
       [ 4.10166545e-02, -1.02979772e-01,  1.05153171e-01,
        -2.41435938e-01, -3.11224517e-01,  4.85467532e-01,
        -9.95226095e-02, -2.18512583e+00, -5.13480989e-01,
        -3.91183077e-01, -6.42757687e-01,  1.70527024e+00,
        -2.18444657e-01,  8.63284155e-02,  9.44923434e-02,
        -7.36624174e-02,  8.71579392e-02,  1.31698821e-03],
       [-6.59679550e-01,  1.98131863e-02, -8.20688910e-02,
        -5.85597345e-02,  1.45287599e-01, -2.10307637e-01,
        -5.95409996e-01,  5.96469790e-01, -3.38038711e-01,
        -2.42639471e-01,  3.11245375e-01, -2.18444657e-01,
         3.53080827e-01,  1.78041789e-02, -2.18621618e-02,
         6.37366687e-02, -1.40292483e-02,  1.15185635e-01],
       [-3.71625658e-02, -2.04942488e-01,  9.96316137e-02,
         9.17155143e-02,  5.77429445e-02,  8.53427542e-02,
         3.68190287e-01, -5.01601493e-02,  1.71117662e-01,
         3.05946518e-01,  2.10745471e-01,  8.63284155e-02,
         1.78041789e-02,  1.21451755e-01,  4.76194960e-02,
         7.35400473e-03,  3.24578445e-02,  5.07220204e-02],
       [ 3.66050629e-02, -2.10266547e-01, -6.06521262e-02,
         1.45341054e-01, -2.04171376e-02,  1.19552527e-01,
         7.30912022e-01,  6.64411136e-02,  2.87881284e-01,
         3.64365625e-01,  4.04626038e-02,  9.44923434e-02,
        -2.18621618e-02,  4.76194960e-02,  1.41146026e-01,
        -2.89170511e-02, -9.49234575e-03,  5.28146302e-02],
       [-3.54513594e-02,  3.66739224e-02,  3.43727722e-02,
         7.46173688e-03,  4.32015706e-02, -3.82622259e-02,
        -2.69111387e-01,  1.09538878e-01, -1.62477705e-02,
         2.79988961e-02,  4.65551520e-02, -7.36624174e-02,
         6.37366687e-02,  7.35400473e-03, -2.89170511e-02,
         4.54734731e-02, -2.91100722e-03,  7.89090221e-03],
       [-2.59733889e-02,  3.99406697e-03,  5.21016577e-02,
        -5.40530265e-03,  1.98976133e-02,  4.16822889e-02,
         1.54367877e-01, -1.24713838e-01,  1.77739444e-01,
         2.82247782e-02,  9.27663752e-02,  8.71579392e-02,
        -1.40292483e-02,  3.24578445e-02, -9.49234575e-03,
        -2.91100722e-03,  3.95134688e-02,  3.20655258e-03],
       [-2.52042450e-01, -1.14141293e-01,  6.11180092e-03,
         3.14527062e-02,  3.97314747e-02, -4.02578918e-03,
         1.11036049e-01,  1.18513319e-01,  3.06685813e-02,
         8.01557467e-02,  1.38420435e-01,  1.31698821e-03,
         1.15185635e-01,  5.07220204e-02,  5.28146302e-02,
         7.89090221e-03,  3.20655258e-03,  8.80513957e-02]])
      jac: array([-1.24567023e-06,  4.95159469e-07,  4.49640325e-06, -6.84637532e-08,
       -4.50084414e-06, -2.80812410e-06, -3.26035495e-07,  6.31346827e-07,
       -2.80886425e-07,  2.46839586e-07,  2.35589326e-06,  1.27453603e-06,
       -1.30007116e-06, -2.25708341e-06,  6.85969799e-06,  1.60982339e-06,
       -3.30476387e-06, -4.83539135e-06])
  message: 'Optimization terminated successfully.'
     nfev: 1596
      nit: 75
     njev: 84
   status: 0
  success: True
        x: array([ 0.09638562,  0.18534622,  0.75342812,  1.62820575, -0.65198494,
        0.31090095,  1.16630276, -1.60736635,  0.75298764,  1.95558985,
       -0.56042923,  0.8367831 ,  0.02164259,  0.14272013, -0.20273236,
       -1.46377625, -0.44359448,  0.05167667])
