Program Begingeth
      fun: 0.2977830623811011
 hess_inv: array([[ 3.46302671e+00, -9.37807399e-01,  2.07966335e+00,
         1.02268039e+00, -5.82314638e-01,  1.30998889e+00,
        -1.33658961e+00, -8.57817912e-01,  3.60015421e+00,
         8.98922175e-02, -9.49509824e-02, -2.55507113e-01,
        -4.78161454e-01,  9.39594741e-02,  1.50276173e-01,
        -1.76465104e-01,  2.89627279e-01, -1.37389659e-01],
       [-9.37807399e-01,  2.91229010e+00,  6.01963759e-01,
        -1.95149057e-01,  1.27357311e+00,  1.53698686e-01,
        -6.64806213e-01,  1.44453665e+00,  1.25008592e+00,
        -3.72054770e-01,  2.50804495e-01, -6.76112944e-01,
         3.80490084e-01, -2.06005309e-01,  3.36017704e-02,
         7.73830970e-02, -1.48894518e-01,  9.11664387e-02],
       [ 2.07966335e+00,  6.01963759e-01,  1.93703623e+01,
        -1.94360415e+00, -4.98929745e-01,  9.08129619e+00,
        -2.92784358e+01, -1.41990972e+01,  1.92972407e+01,
         1.43076339e+00,  3.49218016e+00, -8.84575187e-01,
        -9.81703855e-01,  2.98408739e-02, -8.51750642e-01,
         2.01288265e-01,  8.13395097e-01, -9.79674071e-01],
       [ 1.02268039e+00, -1.95149057e-01, -1.94360415e+00,
         7.23489920e-01, -5.50941544e-02, -7.96949407e-01,
         4.04746935e+00,  1.79803151e+00, -1.19074716e+00,
        -2.14051795e-01, -4.72569821e-01, -6.49287761e-02,
         5.40546696e-04, -1.68213183e-02,  1.82635480e-01,
        -8.93323240e-02, -3.36476076e-02,  9.94393913e-02],
       [-5.82314638e-01,  1.27357311e+00, -4.98929745e-01,
        -5.50941544e-02,  6.33888764e-01, -2.85113911e-01,
         6.25844004e-01,  1.55708398e+00, -3.46483174e-01,
        -1.53006190e-01, -4.93404597e-02, -2.19518908e-01,
         2.09786415e-01, -6.36980063e-02,  5.46102894e-02,
         4.23898687e-02, -9.47863961e-02,  7.97102682e-02],
       [ 1.30998889e+00,  1.53698686e-01,  9.08129619e+00,
        -7.96949407e-01, -2.85113911e-01,  4.32743071e+00,
        -1.37193437e+01, -6.44531980e+00,  9.33954975e+00,
         7.30905198e-01,  1.50079328e+00, -4.08774510e-01,
        -5.16917611e-01,  4.17033380e-02, -3.52067904e-01,
         6.90594941e-02,  3.95590696e-01, -4.60916185e-01],
       [-1.33658961e+00, -6.64806213e-01, -2.92784358e+01,
         4.04746935e+00,  6.25844004e-01, -1.37193437e+01,
         5.02594789e+01,  2.13347194e+01, -2.76523433e+01,
        -2.28642554e+00, -4.75507713e+00,  6.73892879e-01,
         1.31485494e+00, -3.69092575e-01,  1.31125428e+00,
        -4.87054650e-01, -1.20999416e+00,  1.45323264e+00],
       [-8.57817912e-01,  1.44453665e+00, -1.41990972e+01,
         1.79803151e+00,  1.55708398e+00, -6.44531980e+00,
         2.13347194e+01,  1.68322249e+01, -1.35959139e+01,
        -8.03064405e-01, -2.95975524e+00,  8.38008455e-02,
         7.38801837e-01,  1.12651746e-02,  1.01818291e+00,
        -1.91801620e-01, -6.23145135e-01,  8.41047927e-01],
       [ 3.60015421e+00,  1.25008592e+00,  1.92972407e+01,
        -1.19074716e+00, -3.46483174e-01,  9.33954975e+00,
        -2.76523433e+01, -1.35959139e+01,  2.28177450e+01,
         1.35568655e+00,  3.29823620e+00, -1.19986425e+00,
        -1.03526538e+00, -1.69198311e-01, -7.46159109e-01,
         9.15685321e-02,  7.08778168e-01, -9.96886241e-01],
       [ 8.98922175e-02, -3.72054770e-01,  1.43076339e+00,
        -2.14051795e-01, -1.53006190e-01,  7.30905198e-01,
        -2.28642554e+00, -8.03064405e-01,  1.35568655e+00,
         1.06114792e+00,  2.79821189e-01,  1.51287405e-02,
        -3.21476532e-01,  2.05345189e-02, -1.67708486e-01,
         9.01430491e-03,  3.74292943e-02, -2.82545587e-01],
       [-9.49509824e-02,  2.50804495e-01,  3.49218016e+00,
        -4.72569821e-01, -4.93404597e-02,  1.50079328e+00,
        -4.75507713e+00, -2.95975524e+00,  3.29823620e+00,
         2.79821189e-01,  1.32463892e+00, -1.89645919e-01,
        -1.19625723e-01, -1.70144811e-01, -3.28859194e-01,
         7.44087148e-02,  1.03061027e-01, -2.55201487e-01],
       [-2.55507113e-01, -6.76112944e-01, -8.84575187e-01,
        -6.49287761e-02, -2.19518908e-01, -4.08774510e-01,
         6.73892879e-01,  8.38008455e-02, -1.19986425e+00,
         1.51287405e-02, -1.89645919e-01,  5.52030197e-01,
         3.10875714e-02,  1.11927632e-01, -5.35307059e-02,
         5.44572856e-02,  2.09609111e-02,  3.24241902e-02],
       [-4.78161454e-01,  3.80490084e-01, -9.81703855e-01,
         5.40546696e-04,  2.09786415e-01, -5.16917611e-01,
         1.31485494e+00,  7.38801837e-01, -1.03526538e+00,
        -3.21476532e-01, -1.19625723e-01,  3.10875714e-02,
         2.18811588e-01, -3.44467135e-02,  4.06330420e-02,
         5.48194089e-02, -8.54534801e-02,  1.14686949e-01],
       [ 9.39594741e-02, -2.06005309e-01,  2.98408739e-02,
        -1.68213183e-02, -6.36980063e-02,  4.17033380e-02,
        -3.69092575e-01,  1.12651746e-02, -1.69198311e-01,
         2.05345189e-02, -1.70144811e-01,  1.11927632e-01,
        -3.44467135e-02,  1.04616692e-01,  2.53243158e-02,
         1.23694761e-03,  6.26079392e-02,  1.16525947e-02],
       [ 1.50276173e-01,  3.36017704e-02, -8.51750642e-01,
         1.82635480e-01,  5.46102894e-02, -3.52067904e-01,
         1.31125428e+00,  1.01818291e+00, -7.46159109e-01,
        -1.67708486e-01, -3.28859194e-01, -5.35307059e-02,
         4.06330420e-02,  2.53243158e-02,  1.46499961e-01,
        -3.76819436e-02, -2.71034259e-02,  1.08107550e-01],
       [-1.76465104e-01,  7.73830970e-02,  2.01288265e-01,
        -8.93323240e-02,  4.23898687e-02,  6.90594941e-02,
        -4.87054650e-01, -1.91801620e-01,  9.15685321e-02,
         9.01430491e-03,  7.44087148e-02,  5.44572856e-02,
         5.48194089e-02,  1.23694761e-03, -3.76819436e-02,
         6.06903723e-02, -6.50682771e-03, -6.74874788e-03],
       [ 2.89627279e-01, -1.48894518e-01,  8.13395097e-01,
        -3.36476076e-02, -9.47863961e-02,  3.95590696e-01,
        -1.20999416e+00, -6.23145135e-01,  7.08778168e-01,
         3.74292943e-02,  1.03061027e-01,  2.09609111e-02,
        -8.54534801e-02,  6.26079392e-02, -2.71034259e-02,
        -6.50682771e-03,  1.06749949e-01, -4.16046516e-02],
       [-1.37389659e-01,  9.11664387e-02, -9.79674071e-01,
         9.94393913e-02,  7.97102682e-02, -4.60916185e-01,
         1.45323264e+00,  8.41047927e-01, -9.96886241e-01,
        -2.82545587e-01, -2.55201487e-01,  3.24241902e-02,
         1.14686949e-01,  1.16525947e-02,  1.08107550e-01,
        -6.74874788e-03, -4.16046516e-02,  1.36879777e-01]])
      jac: array([-6.86669240e-05, -1.16530859e-04, -8.11239964e-05,  2.08448444e-04,
        3.58585384e-04,  9.13358278e-05, -2.32399285e-05, -3.67876100e-05,
        1.47744779e-05, -1.00495908e-04,  4.05805019e-05, -3.45860377e-05,
       -4.17629635e-04,  1.42246215e-04, -1.27814426e-04,  1.89157579e-04,
       -1.89411820e-04,  1.24143658e-04])
  message: 'Desired error not necessarily achieved due to precision loss.'
     nfev: 2082
      nit: 76
     njev: 109
   status: 2
  success: False
        x: array([ 1.10721022, -1.37254779,  0.36584837,  1.41541603, -1.32062897,
        0.0739368 ,  1.3871209 , -1.70450045, -0.91869544,  0.06710741,
        0.49400085,  1.13894992, -0.00176238,  0.20869648, -0.26111922,
       -1.30066005, -0.10761496,  0.00883799])
