Program Begingeth
      fun: 0.2630927228184977
 hess_inv: array([[ 3.61286853e+00, -1.96783817e-02,  8.96899705e-01,
         1.60370476e+00, -7.40717218e-02,  3.30748547e-01,
         2.78595237e+00, -1.79734855e-04, -4.84516674e+00,
         5.20577074e-01, -3.52153194e-01,  1.13987031e-01,
        -2.82401051e-01,  1.24507052e-01, -3.20172923e-02,
        -8.85350382e-02,  1.55893946e-01, -4.10269900e-01],
       [-1.96783817e-02,  3.41798205e+00,  3.43130730e-01,
         3.24230365e-01,  1.53547097e+00, -6.06687871e-01,
         1.57307417e+00,  9.44652154e-01, -3.54794364e+00,
        -3.46612988e-01,  7.76752826e-01, -8.66981992e-01,
         4.45222200e-01, -2.58126647e-01, -3.17035239e-01,
         1.98049248e-01, -1.65858229e-01, -7.98500508e-03],
       [ 8.96899705e-01,  3.43130730e-01,  1.31085297e+00,
         4.30605824e-01,  2.87009448e-01,  4.73743831e-01,
         1.91512091e+00,  7.52430767e-01, -1.35763645e+00,
         2.09053475e-01,  2.96837013e-01,  2.28009804e-02,
        -3.92225936e-02,  1.36474211e-01, -9.52064619e-02,
         1.17370081e-01,  1.52877123e-01, -1.45598332e-01],
       [ 1.60370476e+00,  3.24230365e-01,  4.30605824e-01,
         8.30548523e-01,  1.16353674e-01,  9.34463414e-02,
         1.84804649e+00, -2.23038783e-01, -2.50525305e+00,
         2.62369275e-01, -1.07852322e-01, -3.23878570e-02,
        -2.06917712e-02,  5.10146690e-03, -2.28218796e-02,
         1.01657497e-02, -1.99169438e-02, -1.60315739e-01],
       [-7.40717218e-02,  1.53547097e+00,  2.87009448e-01,
         1.16353674e-01,  7.47786623e-01, -2.15914685e-01,
         8.41106950e-01,  7.42754003e-01, -1.43782643e+00,
        -1.72561894e-01,  3.97375117e-01, -3.19662523e-01,
         2.25791512e-01, -8.27920292e-02, -1.63022911e-01,
         1.35622024e-01, -6.13806437e-02,  2.89713013e-03],
       [ 3.30748547e-01, -6.06687871e-01,  4.73743831e-01,
         9.34463414e-02, -2.15914685e-01,  3.71509888e-01,
         4.43865324e-01,  2.80093920e-02,  4.88346429e-01,
         1.69616494e-01, -1.21864255e-01,  2.10307342e-01,
        -1.11169126e-01,  1.36321206e-01,  5.74447970e-02,
         2.98989001e-03,  9.96104811e-02, -4.52434846e-02],
       [ 2.78595237e+00,  1.57307417e+00,  1.91512091e+00,
         1.84804649e+00,  8.41106950e-01,  4.43865324e-01,
         7.07053965e+00, -3.44316079e-01, -5.46644458e+00,
         7.19349575e-01,  3.12700947e-01, -4.16363616e-02,
         2.47836633e-01,  2.89747948e-02, -1.79163542e-01,
         2.94449559e-01, -1.47544719e-01, -2.84355250e-01],
       [-1.79734855e-04,  9.44652154e-01,  7.52430767e-01,
        -2.23038783e-01,  7.42754003e-01,  2.80093920e-02,
        -3.44316079e-01,  4.07469622e+00, -8.45955971e-01,
        -5.60697739e-01,  5.46649289e-01,  3.98341733e-02,
         3.93171383e-03,  1.15247275e-01, -2.91167862e-01,
         1.16633889e-01,  2.42574108e-01, -7.34860414e-02],
       [-4.84516674e+00, -3.54794364e+00, -1.35763645e+00,
        -2.50525305e+00, -1.43782643e+00,  4.88346429e-01,
        -5.46644458e+00, -8.45955971e-01,  1.24709432e+01,
        -6.39204080e-01, -5.57831261e-01,  7.83696182e-01,
         2.79249038e-02,  2.51815550e-01,  4.70595262e-01,
        -1.78901080e-02,  2.15941328e-02,  6.25762683e-01],
       [ 5.20577074e-01, -3.46612988e-01,  2.09053475e-01,
         2.62369275e-01, -1.72561894e-01,  1.69616494e-01,
         7.19349575e-01, -5.60697739e-01, -6.39204080e-01,
         6.92323512e-01, -4.34857013e-02,  6.69233246e-02,
        -1.69439647e-01, -5.96297084e-03, -4.23425700e-02,
        -1.71981011e-02, -3.70842124e-02, -2.11823159e-01],
       [-3.52153194e-01,  7.76752826e-01,  2.96837013e-01,
        -1.07852322e-01,  3.97375117e-01, -1.21864255e-01,
         3.12700947e-01,  5.46649289e-01, -5.57831261e-01,
        -4.34857013e-02,  7.22008118e-01, -2.44424811e-01,
         1.03226379e-01, -1.32066808e-01, -2.10288393e-01,
         1.06279285e-01, -9.60890781e-03, -8.21002174e-02],
       [ 1.13987031e-01, -8.66981992e-01,  2.28009804e-02,
        -3.23878570e-02, -3.19662523e-01,  2.10307342e-01,
        -4.16363616e-02,  3.98341733e-02,  7.83696182e-01,
         6.69233246e-02, -2.44424811e-01,  5.28287871e-01,
        -6.99488924e-02,  1.62987333e-01,  4.74397081e-02,
         3.12834192e-02,  9.78362596e-02,  2.12375596e-02],
       [-2.82401051e-01,  4.45222200e-01, -3.92225936e-02,
        -2.06917712e-02,  2.25791512e-01, -1.11169126e-01,
         2.47836633e-01,  3.93171383e-03,  2.79249038e-02,
        -1.69439647e-01,  1.03226379e-01, -6.99488924e-02,
         1.94725447e-01, -4.54003658e-02, -1.35348659e-02,
         1.07285357e-01, -8.29325200e-02,  9.30117803e-02],
       [ 1.24507052e-01, -2.58126647e-01,  1.36474211e-01,
         5.10146690e-03, -8.27920292e-02,  1.36321206e-01,
         2.89747948e-02,  1.15247275e-01,  2.51815550e-01,
        -5.96297084e-03, -1.32066808e-01,  1.62987333e-01,
        -4.54003658e-02,  1.14389024e-01,  3.31667410e-02,
         2.27727939e-03,  9.35521262e-02,  1.07821739e-02],
       [-3.20172923e-02, -3.17035239e-01, -9.52064619e-02,
        -2.28218796e-02, -1.63022911e-01,  5.74447970e-02,
        -1.79163542e-01, -2.91167862e-01,  4.70595262e-01,
        -4.23425700e-02, -2.10288393e-01,  4.74397081e-02,
        -1.35348659e-02,  3.31667410e-02,  1.10739771e-01,
        -3.66610756e-02, -5.37613104e-03,  7.81986587e-02],
       [-8.85350382e-02,  1.98049248e-01,  1.17370081e-01,
         1.01657497e-02,  1.35622024e-01,  2.98989001e-03,
         2.94449559e-01,  1.16633889e-01, -1.78901080e-02,
        -1.71981011e-02,  1.06279285e-01,  3.12834192e-02,
         1.07285357e-01,  2.27727939e-03, -3.66610756e-02,
         1.09392046e-01, -2.30771931e-02,  2.04429934e-02],
       [ 1.55893946e-01, -1.65858229e-01,  1.52877123e-01,
        -1.99169438e-02, -6.13806437e-02,  9.96104811e-02,
        -1.47544719e-01,  2.42574108e-01,  2.15941328e-02,
        -3.70842124e-02, -9.60890781e-03,  9.78362596e-02,
        -8.29325200e-02,  9.35521262e-02, -5.37613104e-03,
        -2.30771931e-02,  1.39144562e-01, -2.52380674e-02],
       [-4.10269900e-01, -7.98500508e-03, -1.45598332e-01,
        -1.60315739e-01,  2.89713013e-03, -4.52434846e-02,
        -2.84355250e-01, -7.34860414e-02,  6.25762683e-01,
        -2.11823159e-01, -8.21002174e-02,  2.12375596e-02,
         9.30117803e-02,  1.07821739e-02,  7.81986587e-02,
         2.04429934e-02, -2.52380674e-02,  1.53802414e-01]])
      jac: array([-2.31333471e-06,  1.56952229e-05,  6.53329243e-06,  8.82590297e-06,
       -2.93624384e-05, -8.54871729e-06, -1.85666297e-06,  1.95991371e-06,
        1.07469589e-06,  5.10702591e-08,  5.00414525e-06,  9.09309665e-06,
       -9.34807787e-07,  1.14397380e-05,  1.83316325e-05, -3.46611628e-06,
       -1.49058543e-05, -6.71758945e-06])
  message: 'Desired error not necessarily achieved due to precision loss.'
     nfev: 2518
      nit: 78
     njev: 132
   status: 2
  success: False
        x: array([ 0.91033202, -1.26227274,  0.78155539,  1.12764617, -1.20773028,
        0.36542869,  2.10017525, -0.89593526,  0.85175998,  0.11568277,
        0.56742815,  1.26762043,  0.02846451,  0.16189647, -0.32584378,
       -0.93097757, -0.33049073, -0.03759105])
