Program Begingeth
      fun: 0.33393459913600027
 hess_inv: array([[ 2.39583201e+01, -6.53956771e+00, -2.22398184e+01,
         1.05761383e+01, -2.50876636e+00, -8.45378432e+00,
         2.78932779e+01,  1.38146810e+01,  4.24257640e+00,
        -1.22193600e+00, -2.14406421e+00, -8.02982454e-01,
        -1.58467492e+00,  7.05653468e-01,  4.26283298e-01,
        -6.89146734e-01,  1.34471019e+00, -4.48440054e-01],
       [-6.53956771e+00,  5.09591753e+00,  5.76859704e+00,
        -2.56694510e+00,  2.10940687e+00,  2.39453968e+00,
        -6.61809241e+00, -1.98115194e+00,  5.38649181e-01,
         4.79601866e-01,  4.27767749e-01, -4.05134918e-01,
         6.47865352e-01, -3.24152846e-01,  1.86654232e-01,
         1.82655438e-01, -4.85309325e-01,  2.10347149e-01],
       [-2.22398184e+01,  5.76859704e+00,  2.78668630e+01,
        -1.04017616e+01,  1.69089221e+00,  1.07993906e+01,
        -3.23321706e+01, -1.71165376e+01, -2.32516179e+00,
         1.54859990e+00,  3.18140604e+00,  4.63897201e-01,
         1.11519335e+00, -1.14993020e+00, -5.05587031e-01,
         4.69485249e-01, -1.26270155e+00,  4.34503595e-01],
       [ 1.05761383e+01, -2.56694510e+00, -1.04017616e+01,
         4.80063493e+00, -9.34820160e-01, -3.96380064e+00,
         1.32654291e+01,  6.47753189e+00,  1.98268351e+00,
        -5.74829014e-01, -1.00842707e+00, -3.95421131e-01,
        -6.01439662e-01,  3.07832506e-01,  2.07379562e-01,
        -2.67532051e-01,  5.49193584e-01, -1.90514309e-01],
       [-2.50876636e+00,  2.10940687e+00,  1.69089221e+00,
        -9.34820160e-01,  9.49606399e-01,  7.24888295e-01,
        -2.06311159e+00, -9.74098019e-02,  1.67025479e-01,
         2.19496031e-01,  6.41589024e-02, -1.13335063e-01,
         2.75491628e-01, -7.23600693e-02,  9.03179968e-02,
         9.50238175e-02, -1.84924848e-01,  8.08183600e-02],
       [-8.45378432e+00,  2.39453968e+00,  1.07993906e+01,
        -3.96380064e+00,  7.24888295e-01,  4.24973105e+00,
        -1.25205635e+01, -6.36173543e+00, -5.25093553e-01,
         7.01084981e-01,  1.14232602e+00,  1.40214772e-01,
         3.94848117e-01, -4.42098492e-01, -1.48795493e-01,
         1.62921219e-01, -4.90299888e-01,  1.69226120e-01],
       [ 2.78932779e+01, -6.61809241e+00, -3.23321706e+01,
         1.32654291e+01, -2.06311159e+00, -1.25205635e+01,
         4.15651108e+01,  1.97588848e+01,  4.43082992e+00,
        -1.64152639e+00, -3.10528226e+00, -8.36871199e-01,
        -1.29260062e+00,  1.00789943e+00,  4.80240479e-01,
        -5.55765330e-01,  1.35934775e+00, -5.87884288e-01],
       [ 1.38146810e+01, -1.98115194e+00, -1.71165376e+01,
         6.47753189e+00, -9.74098019e-02, -6.36173543e+00,
         1.97588848e+01,  1.44824307e+01,  2.58473712e+00,
        -1.99633141e-01, -2.11755146e+00, -3.98158387e-01,
        -8.43430568e-01,  7.40107882e-01,  5.29359159e-01,
        -3.23639739e-01,  7.55005777e-01, -2.72343267e-01],
       [ 4.24257640e+00,  5.38649181e-01, -2.32516179e+00,
         1.98268351e+00,  1.67025479e-01, -5.25093553e-01,
         4.43082992e+00,  2.58473712e+00,  4.10286034e+00,
         2.92932981e-01, -3.16489607e-01, -4.53742641e-01,
        -2.76291569e-01, -1.37339682e-01,  1.85445693e-01,
        -1.70182321e-01,  4.46388470e-02, -1.08050840e-01],
       [-1.22193600e+00,  4.79601866e-01,  1.54859990e+00,
        -5.74829014e-01,  2.19496031e-01,  7.01084981e-01,
        -1.64152639e+00, -1.99633141e-01,  2.92932981e-01,
         1.09159905e+00,  2.33267887e-01, -2.16204786e-02,
        -1.86492742e-01, -9.33598176e-02, -9.85861791e-02,
         4.20257920e-03, -1.06831594e-01, -1.92391043e-01],
       [-2.14406421e+00,  4.27767749e-01,  3.18140604e+00,
        -1.00842707e+00,  6.41589024e-02,  1.14232602e+00,
        -3.10528226e+00, -2.11755146e+00, -3.16489607e-01,
         2.33267887e-01,  9.84777290e-01,  1.78872065e-02,
         8.96621318e-02, -2.84639020e-01, -2.20997744e-01,
         5.61833537e-02, -1.40106873e-01, -7.07897677e-02],
       [-8.02982454e-01, -4.05134918e-01,  4.63897201e-01,
        -3.95421131e-01, -1.13335063e-01,  1.40214772e-01,
        -8.36871199e-01, -3.98158387e-01, -4.53742641e-01,
        -2.16204786e-02,  1.78872065e-02,  4.73866083e-01,
         6.29627931e-02,  8.57871512e-02, -1.18717456e-01,
         8.67778316e-02,  1.23319901e-02,  1.64226632e-02],
       [-1.58467492e+00,  6.47865352e-01,  1.11519335e+00,
        -6.01439662e-01,  2.75491628e-01,  3.94848117e-01,
        -1.29260062e+00, -8.43430568e-01, -2.76291569e-01,
        -1.86492742e-01,  8.96621318e-02,  6.29627931e-02,
         2.66408170e-01, -4.06469294e-02, -2.28208160e-03,
         1.08532335e-01, -1.16702761e-01,  9.20168688e-02],
       [ 7.05653468e-01, -3.24152846e-01, -1.14993020e+00,
         3.07832506e-01, -7.23600693e-02, -4.42098492e-01,
         1.00789943e+00,  7.40107882e-01, -1.37339682e-01,
        -9.33598176e-02, -2.84639020e-01,  8.57871512e-02,
        -4.06469294e-02,  1.40867757e-01,  3.94050647e-02,
        -6.07951231e-03,  9.22987039e-02,  1.43329557e-02],
       [ 4.26283298e-01,  1.86654232e-01, -5.05587031e-01,
         2.07379562e-01,  9.03179968e-02, -1.48795493e-01,
         4.80240479e-01,  5.29359159e-01,  1.85445693e-01,
        -9.85861791e-02, -2.20997744e-01, -1.18717456e-01,
        -2.28208160e-03,  3.94050647e-02,  1.23713469e-01,
        -2.90102661e-02,  2.06905059e-02,  6.35145925e-02],
       [-6.89146734e-01,  1.82655438e-01,  4.69485249e-01,
        -2.67532051e-01,  9.50238175e-02,  1.62921219e-01,
        -5.55765330e-01, -3.23639739e-01, -1.70182321e-01,
         4.20257920e-03,  5.61833537e-02,  8.67778316e-02,
         1.08532335e-01, -6.07951231e-03, -2.90102661e-02,
         7.60080437e-02, -4.74593292e-02,  1.80006186e-02],
       [ 1.34471019e+00, -4.85309325e-01, -1.26270155e+00,
         5.49193584e-01, -1.84924848e-01, -4.90299888e-01,
         1.35934775e+00,  7.55005777e-01,  4.46388470e-02,
        -1.06831594e-01, -1.40106873e-01,  1.23319901e-02,
        -1.16702761e-01,  9.22987039e-02,  2.06905059e-02,
        -4.74593292e-02,  1.36317874e-01, -1.73311714e-02],
       [-4.48440054e-01,  2.10347149e-01,  4.34503595e-01,
        -1.90514309e-01,  8.08183600e-02,  1.69226120e-01,
        -5.87884288e-01, -2.72343267e-01, -1.08050840e-01,
        -1.92391043e-01, -7.07897677e-02,  1.64226632e-02,
         9.20168688e-02,  1.43329557e-02,  6.35145925e-02,
         1.80006186e-02, -1.73311714e-02,  1.02861617e-01]])
      jac: array([ 1.54339504e-05,  5.31759821e-06, -4.18813132e-06, -3.44043312e-05,
       -1.40554235e-05,  1.11096317e-05,  2.13051798e-06,  1.08616819e-06,
       -8.06021916e-07,  1.02706732e-05,  4.48456087e-06, -2.17603713e-07,
        4.99596660e-05,  1.79826524e-05, -7.15575747e-06, -3.89843713e-05,
       -9.18857583e-06,  2.71449530e-06])
  message: 'Desired error not necessarily achieved due to precision loss.'
     nfev: 2102
      nit: 75
     njev: 110
   status: 2
  success: False
        x: array([ 1.19722854, -1.39905269, -0.15348   ,  1.51449691, -1.26882863,
       -0.14996424,  2.13875709, -1.3613365 , -1.09516212,  0.00644308,
        0.37481695,  1.16898027, -0.00536582,  0.13123542, -0.26205127,
       -1.31999898, -0.38922332,  0.00870981])
