Program Begingeth
      fun: 0.396697443701313
 hess_inv: array([[ 1.59748253e+00, -3.30350270e-02,  1.15703635e-01,
         2.67256608e-01, -3.78969202e-01,  4.20895011e-01,
         6.71080982e-01, -4.34324088e-01,  3.05675411e-01,
         8.12915964e-01, -1.28632276e+00,  1.57157868e-01,
        -6.52132021e-01, -7.07128982e-02,  8.91795798e-02,
        -4.47095208e-02, -3.45596357e-02, -3.16007435e-01],
       [-3.30350270e-02,  7.97388737e-01, -1.19003662e-01,
        -3.66730194e-01,  2.91878757e-02, -3.20217951e-01,
        -1.57322185e+00,  1.81174894e-01, -5.37644086e-01,
        -1.09080905e+00, -1.89883817e-01, -2.00266461e-01,
         2.93768728e-02, -2.82874013e-01, -3.02261589e-01,
         4.20505218e-02, -1.60669736e-02, -1.68745942e-01],
       [ 1.15703635e-01, -1.19003662e-01,  4.06935835e-01,
         1.55676601e-01,  7.36018181e-02,  1.50679077e-01,
         2.23250809e-01, -2.58180825e-01,  5.68401862e-01,
         6.57023825e-01,  1.21790219e-01,  2.92604797e-02,
        -7.50614455e-03,  1.38843310e-01, -2.48936675e-02,
         6.78327872e-02,  4.02476051e-02,  5.30783611e-02],
       [ 2.67256608e-01, -3.66730194e-01,  1.55676601e-01,
         5.60424060e-01,  6.59400006e-02,  2.90608588e-01,
         1.52963296e+00,  2.13636342e-01,  1.28998129e+00,
         1.67118752e+00,  2.54535757e-01, -3.18333342e-02,
        -1.80010141e-02,  1.45117719e-01,  1.86098251e-01,
         2.11609131e-02, -3.04753644e-03,  5.90202627e-02],
       [-3.78969202e-01,  2.91878757e-02,  7.36018181e-02,
         6.59400006e-02,  4.88502775e-01, -1.27652075e-01,
        -6.22136588e-01,  9.44017818e-01,  6.97192978e-01,
         2.27622062e-01,  1.24482547e+00, -2.47052046e-01,
         2.85218276e-01,  1.21170604e-01, -7.63634551e-02,
         1.00788503e-01, -1.31342067e-02,  1.05631917e-01],
       [ 4.20895011e-01, -3.20217951e-01,  1.50679077e-01,
         2.90608588e-01, -1.27652075e-01,  5.62399280e-01,
         1.71523715e+00, -6.01728581e-01,  1.42686624e+00,
         1.08258728e+00, -1.21646285e-01,  7.72540740e-01,
        -2.90855998e-01,  1.51850963e-01,  2.21349346e-01,
        -6.52691656e-02,  1.08408957e-01, -4.32545555e-03],
       [ 6.71080982e-01, -1.57322185e+00,  2.23250809e-01,
         1.52963296e+00, -6.22136588e-01,  1.71523715e+00,
         1.45147049e+01, -2.69979405e+00,  6.24536860e+00,
         4.60166782e+00,  1.10359473e+00,  1.51475907e+00,
        -1.10328511e+00,  4.84177170e-01,  8.32599114e-01,
        -4.61141066e-01,  7.25613490e-01, -2.39621722e-02],
       [-4.34324088e-01,  1.81174894e-01, -2.58180825e-01,
         2.13636342e-01,  9.44017818e-01, -6.01728581e-01,
        -2.69979405e+00,  4.41760951e+00,  3.91095168e-01,
         2.70556015e-01,  1.69818263e+00, -1.47244080e+00,
         6.28617967e-01,  6.48454974e-02, -7.57015436e-02,
         1.53947658e-01, -1.72331476e-01,  1.65926200e-01],
       [ 3.05675411e-01, -5.37644086e-01,  5.68401862e-01,
         1.28998129e+00,  6.97192978e-01,  1.42686624e+00,
         6.24536860e+00,  3.91095168e-01,  8.87116481e+00,
         4.61258937e+00,  3.02497021e+00,  1.21180343e+00,
        -3.38115247e-01,  5.19505544e-01,  4.49810403e-01,
        -5.00274202e-02,  4.19612180e-01,  2.01039212e-01],
       [ 8.12915964e-01, -1.09080905e+00,  6.57023825e-01,
         1.67118752e+00,  2.27622062e-01,  1.08258728e+00,
         4.60166782e+00,  2.70556015e-01,  4.61258937e+00,
         5.39905869e+00,  8.95742394e-01,  3.04724368e-01,
        -1.70824517e-01,  5.17851036e-01,  5.51509702e-01,
         3.33540176e-02,  7.74844717e-02,  1.80050186e-01],
       [-1.28632276e+00, -1.89883817e-01,  1.21790219e-01,
         2.54535757e-01,  1.24482547e+00, -1.21646285e-01,
         1.10359473e+00,  1.69818263e+00,  3.02497021e+00,
         8.95742394e-01,  4.10333871e+00, -3.03784778e-01,
         6.02534630e-01,  3.74757486e-01, -9.88042956e-02,
         1.34895237e-01,  1.24868499e-01,  3.04477020e-01],
       [ 1.57157868e-01, -2.00266461e-01,  2.92604797e-02,
        -3.18333342e-02, -2.47052046e-01,  7.72540740e-01,
         1.51475907e+00, -1.47244080e+00,  1.21180343e+00,
         3.04724368e-01, -3.03784778e-01,  1.90901339e+00,
        -3.54611120e-01,  1.53210462e-01,  2.28996234e-01,
        -1.15429238e-01,  2.07467654e-01, -1.95266910e-02],
       [-6.52132021e-01,  2.93768728e-02, -7.50614455e-03,
        -1.80010141e-02,  2.85218276e-01, -2.90855998e-01,
        -1.10328511e+00,  6.28617967e-01, -3.38115247e-01,
        -1.70824517e-01,  6.02534630e-01, -3.54611120e-01,
         4.50630775e-01,  3.52864550e-02, -6.34688410e-02,
         1.21860191e-01, -8.17579937e-02,  1.68320245e-01],
       [-7.07128982e-02, -2.82874013e-01,  1.38843310e-01,
         1.45117719e-01,  1.21170604e-01,  1.51850963e-01,
         4.84177170e-01,  6.48454974e-02,  5.19505544e-01,
         5.17851036e-01,  3.74757486e-01,  1.53210462e-01,
         3.52864550e-02,  1.88206720e-01,  8.75405685e-02,
         1.39183915e-02,  5.35353400e-02,  9.36164984e-02],
       [ 8.91795798e-02, -3.02261589e-01, -2.48936675e-02,
         1.86098251e-01, -7.63634551e-02,  2.21349346e-01,
         8.32599114e-01, -7.57015436e-02,  4.49810403e-01,
         5.51509702e-01, -9.88042956e-02,  2.28996234e-01,
        -6.34688410e-02,  8.75405685e-02,  1.98177835e-01,
        -4.52494099e-02,  1.30705411e-02,  7.05080777e-02],
       [-4.47095208e-02,  4.20505218e-02,  6.78327872e-02,
         2.11609131e-02,  1.00788503e-01, -6.52691656e-02,
        -4.61141066e-01,  1.53947658e-01, -5.00274202e-02,
         3.33540176e-02,  1.34895237e-01, -1.15429238e-01,
         1.21860191e-01,  1.39183915e-02, -4.52494099e-02,
         8.72317018e-02, -3.74178452e-02,  2.54045465e-02],
       [-3.45596357e-02, -1.60669736e-02,  4.02476051e-02,
        -3.04753644e-03, -1.31342067e-02,  1.08408957e-01,
         7.25613490e-01, -1.72331476e-01,  4.19612180e-01,
         7.74844717e-02,  1.24868499e-01,  2.07467654e-01,
        -8.17579937e-02,  5.35353400e-02,  1.30705411e-02,
        -3.74178452e-02,  1.09497447e-01, -3.60444111e-03],
       [-3.16007435e-01, -1.68745942e-01,  5.30783611e-02,
         5.90202627e-02,  1.05631917e-01, -4.32545555e-03,
        -2.39621722e-02,  1.65926200e-01,  2.01039212e-01,
         1.80050186e-01,  3.04477020e-01, -1.95266910e-02,
         1.68320245e-01,  9.36164984e-02,  7.05080777e-02,
         2.54045465e-02, -3.60444111e-03,  1.51998459e-01]])
      jac: array([ 3.75403412e-06, -1.83268215e-05,  1.88941455e-05,  1.87620290e-05,
        4.74498219e-05, -1.27442131e-04,  1.49621056e-06, -1.92697710e-06,
        1.10689236e-06,  6.64061399e-06, -4.01345623e-06,  3.42052312e-05,
       -3.21790742e-05, -2.02811841e-05,  7.41425440e-05, -1.95195711e-05,
        1.21388085e-05, -3.90813308e-05])
  message: 'Desired error not necessarily achieved due to precision loss.'
     nfev: 2672
      nit: 85
     njev: 140
   status: 2
  success: False
        x: array([ 0.06016778,  0.02467998,  0.829165  ,  1.40030838, -0.97112427,
        0.29940888,  0.66769379, -2.10343753,  0.62278563,  1.74184556,
       -0.90614016,  0.86668706,  0.04679377, -0.05005514, -0.24469407,
       -1.25936432, -0.81608616,  0.04944259])
