Program Begingeth
      fun: 0.19512515806939582
 hess_inv: array([[ 9.34971357e-01, -1.86441932e-02,  2.42299424e-02,
         1.12130247e-01,  2.38953638e-01,  6.11241219e-01,
        -4.04376599e-01, -3.14144767e-01,  2.14126276e+00,
         5.76213938e-01,  1.03108317e+00,  1.04225623e+00,
        -3.60643604e-01, -7.01072254e-03,  6.96280761e-02,
         1.99732282e-02, -6.35608993e-02, -2.10662583e-01],
       [-1.86441932e-02,  2.88011403e-01, -4.81440470e-02,
        -4.11414261e-02, -1.29926252e-02, -3.30443403e-01,
         2.64680970e-01,  2.87403609e-01, -1.29157549e+00,
        -1.96205016e-01, -2.11390891e-01, -5.50146360e-01,
         8.05111624e-03, -7.95160639e-02, -1.52362378e-01,
         2.19985814e-02,  3.45522438e-02, -7.68891639e-02],
       [ 2.42299424e-02, -4.81440470e-02,  1.94446709e-01,
         5.57949672e-02,  1.49550134e-01,  1.87067280e-01,
        -1.19222755e-01,  2.53051510e-01,  9.20375577e-01,
         2.86983733e-01,  3.60756579e-01,  3.39380294e-01,
         1.47670924e-02,  8.72610477e-02, -4.36862497e-03,
         3.50880806e-02,  2.28078253e-02,  3.88813719e-02],
       [ 1.12130247e-01, -4.11414261e-02,  5.57949672e-02,
         5.57184747e-01,  1.88293747e-01,  5.04535664e-01,
        -9.58544784e-02, -1.79605109e-01,  3.07143160e+00,
         1.84722688e+00,  7.00976952e-01,  1.09270435e+00,
         1.55696357e-01, -7.12741177e-03,  3.36446272e-02,
         7.59690880e-02, -9.78885135e-02,  9.28597117e-03],
       [ 2.38953638e-01, -1.29926252e-02,  1.49550134e-01,
         1.88293747e-01,  3.02392132e-01,  4.15895233e-01,
        -3.26507708e-01,  2.93879287e-01,  2.19724223e+00,
         8.34688878e-01,  9.15170344e-01,  7.29247329e-01,
        -4.36747375e-02,  7.61978479e-02,  2.67542015e-02,
         4.57177400e-02, -8.37642152e-03, -1.92653910e-02],
       [ 6.11241219e-01, -3.30443403e-01,  1.87067280e-01,
         5.04535664e-01,  4.15895233e-01,  1.48460649e+00,
        -1.65101831e+00, -7.54889307e-01,  6.89092650e+00,
         2.32555102e+00,  1.96214615e+00,  2.83483881e+00,
        -1.51702178e-01,  7.36647152e-02,  2.82261222e-01,
         5.35845546e-03, -1.30729368e-01, -2.33640604e-02],
       [-4.04376599e-01,  2.64680970e-01, -1.19222755e-01,
        -9.58544784e-02, -3.26507708e-01, -1.65101831e+00,
         4.69426117e+00,  7.09267747e-01, -7.74639325e+00,
        -2.20638739e+00, -2.06459319e+00, -3.43185847e+00,
         3.42136164e-01,  3.27725810e-02, -2.57535403e-01,
         1.43198174e-01,  7.74768408e-02,  6.03132934e-02],
       [-3.14144767e-01,  2.87403609e-01,  2.53051510e-01,
        -1.79605109e-01,  2.93879287e-01, -7.54889307e-01,
         7.09267747e-01,  2.98627431e+00, -2.58578189e+00,
        -5.63953607e-01, -3.67072185e-01, -1.54698191e+00,
         8.06782944e-02,  1.61894477e-01, -3.35044495e-01,
         7.99400277e-02,  1.60131346e-01,  1.88792489e-03],
       [ 2.14126276e+00, -1.29157549e+00,  9.20375577e-01,
         3.07143160e+00,  2.19724223e+00,  6.89092650e+00,
        -7.74639325e+00, -2.58578189e+00,  3.54607847e+01,
         1.34296295e+01,  9.53146176e+00,  1.31990893e+01,
        -2.02331850e-01,  3.64049246e-01,  1.12466247e+00,
         1.32302600e-01, -5.94274198e-01,  1.24085303e-03],
       [ 5.76213938e-01, -1.96205016e-01,  2.86983733e-01,
         1.84722688e+00,  8.34688878e-01,  2.32555102e+00,
        -2.20638739e+00, -5.63953607e-01,  1.34296295e+01,
         7.04774164e+00,  3.29730687e+00,  4.90449915e+00,
         3.04023098e-01,  3.16303967e-04,  1.78215666e-01,
         1.75004507e-01, -3.11491589e-01, -1.59981540e-02],
       [ 1.03108317e+00, -2.11390891e-01,  3.60756579e-01,
         7.00976952e-01,  9.15170344e-01,  1.96214615e+00,
        -2.06459319e+00, -3.67072185e-01,  9.53146176e+00,
         3.29730687e+00,  3.56027061e+00,  3.59736434e+00,
        -2.77357790e-01,  1.40107332e-01,  2.90258882e-01,
         6.57773263e-02, -1.29240821e-01, -9.13242704e-02],
       [ 1.04225623e+00, -5.50146360e-01,  3.39380294e-01,
         1.09270435e+00,  7.29247329e-01,  2.83483881e+00,
        -3.43185847e+00, -1.54698191e+00,  1.31990893e+01,
         4.90449915e+00,  3.59736434e+00,  5.75963452e+00,
        -1.80329144e-01,  5.29065008e-02,  4.57157101e-01,
         2.55343207e-02, -2.90884398e-01, -5.86308497e-02],
       [-3.60643604e-01,  8.05111624e-03,  1.47670924e-02,
         1.55696357e-01, -4.36747375e-02, -1.51702178e-01,
         3.42136164e-01,  8.06782944e-02, -2.02331850e-01,
         3.04023098e-01, -2.77357790e-01, -1.80329144e-01,
         2.48771979e-01,  2.06051648e-03, -3.36208878e-02,
         5.16642905e-02, -1.07977839e-02,  9.69185555e-02],
       [-7.01072254e-03, -7.95160639e-02,  8.72610477e-02,
        -7.12741177e-03,  7.61978479e-02,  7.36647152e-02,
         3.27725810e-02,  1.61894477e-01,  3.64049246e-01,
         3.16303967e-04,  1.40107332e-01,  5.29065008e-02,
         2.06051648e-03,  8.84418234e-02,  2.80431325e-02,
         1.26152481e-02,  3.01737020e-02,  3.86841453e-02],
       [ 6.96280761e-02, -1.52362378e-01, -4.36862497e-03,
         3.36446272e-02,  2.67542015e-02,  2.82261222e-01,
        -2.57535403e-01, -3.35044495e-01,  1.12466247e+00,
         1.78215666e-01,  2.90258882e-01,  4.57157101e-01,
        -3.36208878e-02,  2.80431325e-02,  1.34372532e-01,
        -2.22801557e-02, -2.83107919e-02,  4.18288288e-02],
       [ 1.99732282e-02,  2.19985814e-02,  3.50880806e-02,
         7.59690880e-02,  4.57177400e-02,  5.35845546e-03,
         1.43198174e-01,  7.99400277e-02,  1.32302600e-01,
         1.75004507e-01,  6.57773263e-02,  2.55343207e-02,
         5.16642905e-02,  1.26152481e-02, -2.22801557e-02,
         4.92635089e-02, -5.25517845e-03,  2.17023207e-03],
       [-6.35608993e-02,  3.45522438e-02,  2.28078253e-02,
        -9.78885135e-02, -8.37642152e-03, -1.30729368e-01,
         7.74768408e-02,  1.60131346e-01, -5.94274198e-01,
        -3.11491589e-01, -1.29240821e-01, -2.90884398e-01,
        -1.07977839e-02,  3.01737020e-02, -2.83107919e-02,
        -5.25517845e-03,  5.00018747e-02,  8.29370842e-03],
       [-2.10662583e-01, -7.68891639e-02,  3.88813719e-02,
         9.28597117e-03, -1.92653910e-02, -2.33640604e-02,
         6.03132934e-02,  1.88792489e-03,  1.24085303e-03,
        -1.59981540e-02, -9.13242704e-02, -5.86308497e-02,
         9.69185555e-02,  3.86841453e-02,  4.18288288e-02,
         2.17023207e-03,  8.29370842e-03,  9.65663719e-02]])
      jac: array([-1.33097237e-06, -6.85414688e-06,  6.67299549e-06, -2.95892940e-06,
        4.77025826e-06, -1.81645439e-05,  2.63122857e-07,  4.87387908e-07,
        1.22494607e-07,  2.30408285e-06, -3.10492373e-07,  4.99822406e-06,
       -1.61019346e-06, -9.06386077e-06,  2.37352730e-05,  3.17875356e-06,
        1.03136018e-05, -1.86267668e-05])
  message: 'Desired error not necessarily achieved due to precision loss.'
     nfev: 2767
      nit: 94
     njev: 145
   status: 2
  success: False
        x: array([ 0.03519835,  0.32673071,  0.77769776,  1.58703254, -0.50819075,
       -0.13529383,  2.47181945, -0.22093268,  0.30124085,  1.93173936,
       -0.5571636 , -0.64595388,  0.14199403,  0.22180848, -0.29615723,
       -1.17734893, -0.27676236,  0.0517355 ])
