Program Begingeth
      fun: 0.28622169077523796
 hess_inv: array([[ 6.16854257e+00, -5.67026876e-01, -7.41117580e+00,
         2.60593888e+00, -3.20215321e-01, -3.83031695e+00,
        -5.10040371e+00, -3.40560173e+00, -8.66394934e+00,
         5.95282522e-01, -5.32676156e-02,  4.00418980e-01,
         4.58669892e-01, -1.01237832e-01, -1.36053942e-01,
         2.96206364e-01, -3.76558376e-01,  1.21566827e-01],
       [-5.67026876e-01,  1.13373051e+00,  6.90797442e-01,
        -2.61450193e-01,  6.13290819e-01,  2.81264471e-01,
         7.27320689e-01,  9.53306960e-01,  4.28357672e-01,
        -2.08265261e-01,  7.36294254e-02,  2.21226030e-01,
         6.99231232e-05,  1.17188805e-01, -1.00552795e-01,
         4.01521422e-02,  9.07295359e-02, -2.06600316e-02],
       [-7.41117580e+00,  6.90797442e-01,  1.47141094e+01,
        -2.56188885e+00,  7.25931542e-01,  7.66009880e+00,
         1.23938797e+01,  6.99567070e+00,  1.57117131e+01,
        -7.97198609e-01, -6.67398766e-01, -3.78181660e-01,
        -3.04210217e-01,  4.03908564e-01,  4.67378716e-01,
        -2.32043110e-01,  4.17234158e-01, -4.88218419e-02],
       [ 2.60593888e+00, -2.61450193e-01, -2.56188885e+00,
         1.19321813e+00, -1.18025782e-01, -1.32555502e+00,
        -1.30355678e+00, -1.22971974e+00, -3.04086275e+00,
         2.26661484e-01, -6.12930441e-02,  1.59111926e-01,
         2.51769825e-01, -4.46618275e-02, -3.61116365e-02,
         1.52647666e-01, -1.91444323e-01,  6.16683652e-02],
       [-3.20215321e-01,  6.13290819e-01,  7.25931542e-01,
        -1.18025782e-01,  3.74434214e-01,  3.41850936e-01,
         7.41548993e-01,  8.58224066e-01,  5.50160255e-01,
        -8.08254959e-02,  8.50712579e-03,  1.50812250e-01,
         9.02291172e-03,  9.01821905e-02, -4.03649722e-02,
         3.64486948e-02,  5.14452251e-02, -1.03390727e-02],
       [-3.83031695e+00,  2.81264471e-01,  7.66009880e+00,
        -1.32555502e+00,  3.41850936e-01,  4.02080654e+00,
         6.34389205e+00,  3.66090250e+00,  8.29657980e+00,
        -3.39517095e-01, -4.14381600e-01, -2.04019812e-01,
        -1.78168558e-01,  2.12795393e-01,  2.68956977e-01,
        -1.30514644e-01,  2.06604891e-01, -2.54280110e-02],
       [-5.10040371e+00,  7.27320689e-01,  1.23938797e+01,
        -1.30355678e+00,  7.41548993e-01,  6.34389205e+00,
         1.32854550e+01,  5.68681013e+00,  1.32674489e+01,
        -7.32641341e-01, -3.41296974e-01, -2.23891283e-01,
         6.49189393e-02,  2.41060522e-01,  2.63644266e-01,
        -2.17686037e-02,  1.61039093e-01, -4.07417856e-02],
       [-3.40560173e+00,  9.53306960e-01,  6.99567070e+00,
        -1.22971974e+00,  8.58224066e-01,  3.66090250e+00,
         5.68681013e+00,  5.47481147e+00,  7.18272881e+00,
        -9.68722125e-02, -2.41857886e-01,  1.06025591e-01,
        -2.28901206e-01,  2.93850230e-01,  1.65199278e-01,
        -7.54619515e-02,  2.25317216e-01, -7.02852810e-02],
       [-8.66394934e+00,  4.28357672e-01,  1.57117131e+01,
        -3.04086275e+00,  5.50160255e-01,  8.29657980e+00,
         1.32674489e+01,  7.18272881e+00,  1.85052228e+01,
        -7.08994171e-01, -6.44063716e-01, -5.29422129e-01,
        -3.82948034e-01,  2.60393885e-01,  4.70081343e-01,
        -2.91765664e-01,  3.39622632e-01, -1.30832228e-01],
       [ 5.95282522e-01, -2.08265261e-01, -7.97198609e-01,
         2.26661484e-01, -8.08254959e-02, -3.39517095e-01,
        -7.32641341e-01, -9.68722125e-02, -7.08994171e-01,
         8.37730800e-01,  2.77426865e-02, -2.37794199e-02,
        -1.56887365e-01, -4.37771693e-02, -8.92784578e-02,
         1.83175748e-04, -6.92546852e-02, -1.92006589e-01],
       [-5.32676156e-02,  7.36294254e-02, -6.67398766e-01,
        -6.12930441e-02,  8.50712579e-03, -4.14381600e-01,
        -3.41296974e-01, -2.41857886e-01, -6.44063716e-01,
         2.77426865e-02,  5.09346976e-01, -2.15701323e-02,
        -1.25483184e-02, -1.15077930e-01, -1.57482163e-01,
         1.25363775e-02,  4.09620280e-03, -1.03711691e-01],
       [ 4.00418980e-01,  2.21226030e-01, -3.78181660e-01,
         1.59111926e-01,  1.50812250e-01, -2.04019812e-01,
        -2.23891283e-01,  1.06025591e-01, -5.29422129e-01,
        -2.37794199e-02, -2.15701323e-02,  3.26626812e-01,
         6.90754436e-02,  7.92396952e-02, -5.79352874e-02,
         8.03436063e-02,  3.27655221e-02,  3.15247668e-02],
       [ 4.58669892e-01,  6.99231232e-05, -3.04210217e-01,
         2.51769825e-01,  9.02291172e-03, -1.78168558e-01,
         6.49189393e-02, -2.28901206e-01, -3.82948034e-01,
        -1.56887365e-01, -1.25483184e-02,  6.90754436e-02,
         1.46565588e-01, -5.35041444e-03,  6.54958353e-03,
         7.95548217e-02, -4.64685337e-02,  6.42452184e-02],
       [-1.01237832e-01,  1.17188805e-01,  4.03908564e-01,
        -4.46618275e-02,  9.01821905e-02,  2.12795393e-01,
         2.41060522e-01,  2.93850230e-01,  2.60393885e-01,
        -4.37771693e-02, -1.15077930e-01,  7.92396952e-02,
        -5.35041444e-03,  9.17343791e-02,  2.69619765e-02,
         5.01996711e-03,  6.19397674e-02,  2.71249098e-02],
       [-1.36053942e-01, -1.00552795e-01,  4.67378716e-01,
        -3.61116365e-02, -4.03649722e-02,  2.68956977e-01,
         2.63644266e-01,  1.65199278e-01,  4.70081343e-01,
        -8.92784578e-02, -1.57482163e-01, -5.79352874e-02,
         6.54958353e-03,  2.69619765e-02,  1.04537242e-01,
        -2.23527980e-02,  1.61812632e-03,  7.07610693e-02],
       [ 2.96206364e-01,  4.01521422e-02, -2.32043110e-01,
         1.52647666e-01,  3.64486948e-02, -1.30514644e-01,
        -2.17686037e-02, -7.54619515e-02, -2.91765664e-01,
         1.83175748e-04,  1.25363775e-02,  8.03436063e-02,
         7.95548217e-02,  5.01996711e-03, -2.23527980e-02,
         7.26910646e-02, -2.36469610e-02,  1.14144745e-02],
       [-3.76558376e-01,  9.07295359e-02,  4.17234158e-01,
        -1.91444323e-01,  5.14452251e-02,  2.06604891e-01,
         1.61039093e-01,  2.25317216e-01,  3.39622632e-01,
        -6.92546852e-02,  4.09620280e-03,  3.27655221e-02,
        -4.64685337e-02,  6.19397674e-02,  1.61812632e-03,
        -2.36469610e-02,  9.09333337e-02,  5.47070095e-04],
       [ 1.21566827e-01, -2.06600316e-02, -4.88218419e-02,
         6.16683652e-02, -1.03390727e-02, -2.54280110e-02,
        -4.07417856e-02, -7.02852810e-02, -1.30832228e-01,
        -1.92006589e-01, -1.03711691e-01,  3.15247668e-02,
         6.42452184e-02,  2.71249098e-02,  7.07610693e-02,
         1.14144745e-02,  5.47070095e-04,  1.04390238e-01]])
      jac: array([-1.29970109e-06, -1.57444428e-05,  2.25908181e-05,  2.06464475e-06,
        2.78529052e-05, -4.73580434e-05, -6.93519316e-07,  4.90718577e-07,
        2.36588527e-06, -1.88745316e-05,  4.66959804e-06,  1.03276647e-05,
       -4.36432372e-05,  8.83515483e-06,  2.38028116e-05,  4.40632716e-05,
       -4.63795669e-05, -3.30154422e-05])
  message: 'Desired error not necessarily achieved due to precision loss.'
     nfev: 2482
      nit: 76
     njev: 130
   status: 2
  success: False
        x: array([ 2.04168437, -1.12520985,  0.22317297,  1.76132964, -1.18667901,
        0.01917064,  2.33138687, -1.29523279, -0.98354065,  0.07832521,
        0.41633094,  1.23128127,  0.04552828,  0.1780027 , -0.28173268,
       -1.1059853 , -0.28515481, -0.00501728])
