Program Begingeth
      fun: 0.26830329257245167
 hess_inv: array([[ 4.16507554e+00, -1.90401970e+00, -2.44533575e-01,
         1.40308893e+00, -7.66183161e-01,  7.97078166e-01,
         2.34255250e+00,  1.81264985e+00,  1.84144135e+00,
        -8.91280057e-02, -9.95523914e-01,  8.67954037e-01,
        -6.51953749e-01,  4.44229794e-01,  4.43106764e-01,
        -2.31075302e-01,  4.47173082e-01, -1.85042569e-01],
       [-1.90401970e+00,  3.76351182e+00,  1.50243268e+00,
        -6.70692141e-01,  1.50748735e+00,  1.37976222e-01,
        -4.06615907e+00,  2.17958461e-01,  3.24125295e+00,
        -3.31356800e-01,  7.70382892e-01, -1.51659425e+00,
         5.63628936e-01, -4.73410924e-01, -3.44843722e-01,
         1.12274903e-01, -3.10003313e-01,  3.31687290e-02],
       [-2.44533575e-01,  1.50243268e+00,  3.69467382e+00,
        -7.00000619e-01,  4.43699119e-01,  1.46898600e+00,
        -6.76882525e+00, -3.85164025e+00,  6.16032751e+00,
         9.42832072e-02,  1.56103517e+00, -9.76417060e-01,
        -2.13436178e-02, -3.08076080e-01, -5.38715739e-01,
         1.81844211e-01, -5.91917685e-02, -3.67098714e-01],
       [ 1.40308893e+00, -6.70692141e-01, -7.00000619e-01,
         6.40694661e-01, -2.49470695e-01, -4.07531086e-03,
         2.29506191e+00,  1.45932476e+00, -2.53077521e-01,
        -1.12118332e-01, -5.98648288e-01,  3.30806912e-01,
        -1.59865805e-01,  1.58843625e-01,  2.58037055e-01,
        -1.07361781e-01,  1.34260730e-01,  3.93302209e-02],
       [-7.66183161e-01,  1.50748735e+00,  4.43699119e-01,
        -2.49470695e-01,  7.04339288e-01,  1.88717397e-02,
        -1.89791011e+00,  9.76618967e-01,  8.88062199e-01,
        -6.73275144e-02,  1.64267028e-01, -5.26003651e-01,
         2.65399182e-01, -1.32311584e-01, -7.76438767e-02,
         6.60669324e-02, -1.42121682e-01,  4.23457017e-02],
       [ 7.97078166e-01,  1.37976222e-01,  1.46898600e+00,
        -4.07531086e-03,  1.88717397e-02,  8.43876028e-01,
        -2.65498679e+00, -9.88196961e-01,  3.17147961e+00,
         1.52412799e-01,  3.51351737e-01, -1.60250759e-01,
        -1.81997587e-01, -1.78417892e-02, -9.52735160e-02,
         1.05329549e-02,  4.37110363e-02, -2.00117693e-01],
       [ 2.34255250e+00, -4.06615907e+00, -6.76882525e+00,
         2.29506191e+00, -1.89791011e+00, -2.65498679e+00,
         2.23900931e+01,  4.31899413e+00, -1.10952494e+01,
        -8.35646509e-01, -2.65642376e+00,  1.68085457e+00,
        -4.41515216e-01,  5.74652847e-01,  1.08958049e+00,
        -5.62417288e-01,  6.77196607e-01,  7.58115627e-01],
       [ 1.81264985e+00,  2.17958461e-01, -3.85164025e+00,
         1.45932476e+00,  9.76618967e-01, -9.88196961e-01,
         4.31899413e+00,  1.41486061e+01, -4.94079285e+00,
         6.00635394e-02, -2.65696831e+00,  5.22378401e-01,
         1.45131888e-01,  5.02888131e-01,  1.21939436e+00,
        -3.39605704e-01, -6.04934330e-03,  5.31964140e-01],
       [ 1.84144135e+00,  3.24125295e+00,  6.16032751e+00,
        -2.53077521e-01,  8.88062199e-01,  3.17147961e+00,
        -1.10952494e+01, -4.94079285e+00,  1.75342626e+01,
         1.89218718e-01,  2.18074028e+00, -1.75207785e+00,
        -3.09419584e-01, -7.92747403e-01, -7.54656157e-01,
         2.87117148e-04, -2.48526791e-01, -7.59361891e-01],
       [-8.91280057e-02, -3.31356800e-01,  9.42832072e-02,
        -1.12118332e-01, -6.73275144e-02,  1.52412799e-01,
        -8.35646509e-01,  6.00635394e-02,  1.89218718e-01,
         8.06853366e-01,  1.25665553e-01,  9.32560651e-02,
        -1.85201435e-01, -1.09115411e-02, -7.57382663e-02,
         1.46556996e-02, -7.01511350e-02, -2.15121611e-01],
       [-9.95523914e-01,  7.70382892e-01,  1.56103517e+00,
        -5.98648288e-01,  1.64267028e-01,  3.51351737e-01,
        -2.65642376e+00, -2.65696831e+00,  2.18074028e+00,
         1.25665553e-01,  1.43211900e+00, -6.40238151e-01,
         6.87624173e-02, -3.67632812e-01, -4.79888626e-01,
         1.31727991e-01, -1.08339556e-01, -2.45007350e-01],
       [ 8.67954037e-01, -1.51659425e+00, -9.76417060e-01,
         3.30806912e-01, -5.26003651e-01, -1.60250759e-01,
         1.68085457e+00,  5.22378401e-01, -1.75207785e+00,
         9.32560651e-02, -6.40238151e-01,  9.97522050e-01,
        -1.71713360e-01,  3.31832456e-01,  1.80156071e-01,
        -1.85764579e-03,  1.69269109e-01,  4.86147323e-02],
       [-6.51953749e-01,  5.63628936e-01, -2.13436178e-02,
        -1.59865805e-01,  2.65399182e-01, -1.81997587e-01,
        -4.41515216e-01,  1.45131888e-01, -3.09419584e-01,
        -1.85201435e-01,  6.87624173e-02, -1.71713360e-01,
         2.48544036e-01, -7.15647014e-02, -3.38933639e-02,
         9.02711886e-02, -1.05145150e-01,  1.09757649e-01],
       [ 4.44229794e-01, -4.73410924e-01, -3.08076080e-01,
         1.58843625e-01, -1.32311584e-01, -1.78417892e-02,
         5.74652847e-01,  5.02888131e-01, -7.92747403e-01,
        -1.09115411e-02, -3.67632812e-01,  3.31832456e-01,
        -7.15647014e-02,  1.94702882e-01,  1.17560912e-01,
        -1.10475254e-02,  1.15815687e-01,  3.75283754e-02],
       [ 4.43106764e-01, -3.44843722e-01, -5.38715739e-01,
         2.58037055e-01, -7.76438767e-02, -9.52735160e-02,
         1.08958049e+00,  1.21939436e+00, -7.54656157e-01,
        -7.57382663e-02, -4.79888626e-01,  1.80156071e-01,
        -3.38933639e-02,  1.17560912e-01,  2.23372739e-01,
        -6.61705743e-02,  3.94524772e-02,  1.15074478e-01],
       [-2.31075302e-01,  1.12274903e-01,  1.81844211e-01,
        -1.07361781e-01,  6.60669324e-02,  1.05329549e-02,
        -5.62417288e-01, -3.39605704e-01,  2.87117148e-04,
         1.46556996e-02,  1.31727991e-01, -1.85764579e-03,
         9.02711886e-02, -1.10475254e-02, -6.61705743e-02,
         9.37730029e-02, -3.15316409e-02, -2.77370493e-03],
       [ 4.47173082e-01, -3.10003313e-01, -5.91917685e-02,
         1.34260730e-01, -1.42121682e-01,  4.37110363e-02,
         6.77196607e-01, -6.04934330e-03, -2.48526791e-01,
        -7.01511350e-02, -1.08339556e-01,  1.69269109e-01,
        -1.05145150e-01,  1.15815687e-01,  3.94524772e-02,
        -3.15316409e-02,  1.46879181e-01, -1.13050334e-02],
       [-1.85042569e-01,  3.31687290e-02, -3.67098714e-01,
         3.93302209e-02,  4.23457017e-02, -2.00117693e-01,
         7.58115627e-01,  5.31964140e-01, -7.59361891e-01,
        -2.15121611e-01, -2.45007350e-01,  4.86147323e-02,
         1.09757649e-01,  3.75283754e-02,  1.15074478e-01,
        -2.77370493e-03, -1.13050334e-02,  1.69183709e-01]])
      jac: array([ 2.68818301e-05, -3.31179528e-06, -2.19165427e-05, -5.57535499e-05,
        3.17660713e-05,  5.26837833e-06,  3.50904491e-06, -4.44237240e-06,
        3.55604435e-06, -8.12683254e-07,  1.87997766e-05, -1.62532950e-05,
       -1.35587837e-05,  6.11540448e-05, -1.26765265e-05, -4.51009600e-06,
       -5.24754314e-05,  3.13715720e-05])
  message: 'Desired error not necessarily achieved due to precision loss.'
     nfev: 1892
      nit: 72
     njev: 99
   status: 2
  success: False
        x: array([ 0.79049137, -0.89839936,  0.61387803,  1.09015435, -0.98410945,
        0.14264714,  0.7525527 , -1.61348097, -0.55263276,  0.02768108,
        0.64944979,  1.14975488,  0.01261478,  0.17476235, -0.34790093,
       -1.04017468, -0.35732145, -0.02647977])
