Program Begingeth
      fun: 0.2562481743937752
 hess_inv: array([[ 5.18356136e+00,  1.84863703e+00, -1.91866135e+00,
         1.12302607e+00,  7.85613555e-01, -1.62385772e+00,
        -1.84514746e+00,  1.63885045e-01, -4.26455233e+00,
        -1.93872832e-01,  1.51408813e-01, -5.28218936e-01,
        -9.49174446e-01, -4.59252843e-01, -1.71685757e-01,
        -1.03633487e-01, -6.00483434e-01,  3.30248874e-01],
       [ 1.84863703e+00,  3.15029009e+00, -1.00298421e+00,
         7.86759278e-02,  1.23723191e+00, -7.57747059e-01,
        -2.00624269e+00,  3.09887308e+00, -9.37542120e-01,
         4.72864410e-01, -5.06425786e-01, -1.08787972e+00,
        -5.86484557e-01, -3.53925040e-01,  1.67164138e-01,
         1.02620594e-01, -2.38317354e-01,  2.76597511e-01],
       [-1.91866135e+00, -1.00298421e+00,  9.41816990e+00,
         1.22361052e+00, -4.92461142e-01,  4.17688538e+00,
         1.77156524e+01, -6.70740144e+00,  1.16382412e+01,
        -5.59414431e-01,  3.01190729e+00, -7.58830492e-01,
         6.38525870e-01,  4.23625308e-02, -9.30293743e-01,
        -4.12924047e-01,  4.54098521e-01, -7.52260635e-01],
       [ 1.12302607e+00,  7.86759278e-02,  1.22361052e+00,
         6.37418243e-01,  5.98669155e-02,  3.50060754e-01,
         3.43027027e+00, -1.36222681e+00,  7.91199789e-01,
        -2.60069312e-01,  6.09154545e-01, -1.34080102e-01,
        -9.68062539e-02, -6.07518732e-02, -2.40233510e-01,
        -1.18311884e-01, -6.44345067e-02, -7.76674156e-02],
       [ 7.85613555e-01,  1.23723191e+00, -4.92461142e-01,
         5.98669155e-02,  5.60259558e-01, -3.11401245e-01,
        -5.00734891e-01,  1.82390757e+00, -6.46446032e-01,
         9.92095895e-02, -2.81551189e-01, -3.53276127e-01,
        -2.37843160e-01, -9.07938863e-02,  1.05000256e-01,
         2.46001162e-02, -9.60024529e-02,  1.21676850e-01],
       [-1.62385772e+00, -7.57747059e-01,  4.17688538e+00,
         3.50060754e-01, -3.11401245e-01,  2.04928558e+00,
         8.00527895e+00, -2.46323474e+00,  5.69321344e+00,
        -3.40954368e-01,  1.12236889e+00, -1.68540186e-01,
         4.50635236e-01,  1.13695572e-01, -3.16852529e-01,
        -1.44361752e-01,  2.65663617e-01, -3.70574059e-01],
       [-1.84514746e+00, -2.00624269e+00,  1.77156524e+01,
         3.43027027e+00, -5.00734891e-01,  8.00527895e+00,
         4.21821119e+01, -1.09241667e+01,  2.08186889e+01,
        -2.00190787e+00,  5.28896638e+00, -7.60439879e-01,
         1.04088794e+00,  3.56352733e-01, -1.73448850e+00,
        -9.87642521e-01,  6.23316268e-01, -1.50904089e+00],
       [ 1.63885045e-01,  3.09887308e+00, -6.70740144e+00,
        -1.36222681e+00,  1.82390757e+00, -2.46323474e+00,
        -1.09241667e+01,  1.46934966e+01, -7.37661873e+00,
         2.44563280e-01, -3.28210093e+00, -2.31169425e-01,
        -3.75450782e-01,  5.77009134e-02,  1.40145899e+00,
         5.00489572e-01, -2.64602863e-01,  7.06228760e-01],
       [-4.26455233e+00, -9.37542120e-01,  1.16382412e+01,
         7.91199789e-01, -6.46446032e-01,  5.69321344e+00,
         2.08186889e+01, -7.37661873e+00,  1.92720171e+01,
        -7.01958427e-01,  3.34843951e+00, -9.63068643e-01,
         1.06192923e+00, -1.13497578e-01, -1.03352106e+00,
        -3.23057032e-01,  5.40525887e-01, -1.05512155e+00],
       [-1.93872832e-01,  4.72864410e-01, -5.59414431e-01,
        -2.60069312e-01,  9.92095895e-02, -3.40954368e-01,
        -2.00190787e+00,  2.44563280e-01, -7.01958427e-01,
         1.00301795e+00, -3.35768311e-01, -1.22849350e-01,
        -2.22549281e-01,  7.76291894e-03,  1.44588944e-01,
         5.15049284e-02,  6.78954451e-02,  2.46314767e-01],
       [ 1.51408813e-01, -5.06425786e-01,  3.01190729e+00,
         6.09154545e-01, -2.81551189e-01,  1.12236889e+00,
         5.28896638e+00, -3.28210093e+00,  3.34843951e+00,
        -3.35768311e-01,  1.65990427e+00, -2.92418884e-01,
         1.15797143e-01, -1.64340079e-01, -5.38438671e-01,
        -1.97110097e-01,  6.16006132e-02, -3.32442921e-01],
       [-5.28218936e-01, -1.08787972e+00, -7.58830492e-01,
        -1.34080102e-01, -3.53276127e-01, -1.68540186e-01,
        -7.60439879e-01, -2.31169425e-01, -9.63068643e-01,
        -1.22849350e-01, -2.92418884e-01,  8.46259213e-01,
         1.36676124e-01,  2.44204085e-01,  2.85252931e-02,
        -4.03942074e-02,  8.90452244e-02, -9.73201717e-04],
       [-9.49174446e-01, -5.86484557e-01,  6.38525870e-01,
        -9.68062539e-02, -2.37843160e-01,  4.50635236e-01,
         1.04088794e+00, -3.75450782e-01,  1.06192923e+00,
        -2.22549281e-01,  1.15797143e-01,  1.36676124e-01,
         3.01309471e-01,  9.95346255e-02, -2.39559899e-02,
         3.54826276e-02,  1.29112251e-01, -1.44598219e-01],
       [-4.59252843e-01, -3.53925040e-01,  4.23625308e-02,
        -6.07518732e-02, -9.07938863e-02,  1.13695572e-01,
         3.56352733e-01,  5.77009134e-02, -1.13497578e-01,
         7.76291894e-03, -1.64340079e-01,  2.44204085e-01,
         9.95346255e-02,  1.63733186e-01,  4.86354022e-02,
        -8.25230592e-03,  1.04555649e-01, -3.57000525e-04],
       [-1.71685757e-01,  1.67164138e-01, -9.30293743e-01,
        -2.40233510e-01,  1.05000256e-01, -3.16852529e-01,
        -1.73448850e+00,  1.40145899e+00, -1.03352106e+00,
         1.44588944e-01, -5.38438671e-01,  2.85252931e-02,
        -2.39559899e-02,  4.86354022e-02,  2.31437519e-01,
         7.97870976e-02, -1.32023367e-02,  1.32859872e-01],
       [-1.03633487e-01,  1.02620594e-01, -4.12924047e-01,
        -1.18311884e-01,  2.46001162e-02, -1.44361752e-01,
        -9.87642521e-01,  5.00489572e-01, -3.23057032e-01,
         5.15049284e-02, -1.97110097e-01, -4.03942074e-02,
         3.54826276e-02, -8.25230592e-03,  7.97870976e-02,
         7.87036127e-02,  3.35922597e-04,  2.88931900e-02],
       [-6.00483434e-01, -2.38317354e-01,  4.54098521e-01,
        -6.44345067e-02, -9.60024529e-02,  2.65663617e-01,
         6.23316268e-01, -2.64602863e-01,  5.40525887e-01,
         6.78954451e-02,  6.16006132e-02,  8.90452244e-02,
         1.29112251e-01,  1.04555649e-01, -1.32023367e-02,
         3.35922597e-04,  1.36719697e-01, -4.42169873e-02],
       [ 3.30248874e-01,  2.76597511e-01, -7.52260635e-01,
        -7.76674156e-02,  1.21676850e-01, -3.70574059e-01,
        -1.50904089e+00,  7.06228760e-01, -1.05512155e+00,
         2.46314767e-01, -3.32442921e-01, -9.73201717e-04,
        -1.44598219e-01, -3.57000525e-04,  1.32859872e-01,
         2.88931900e-02, -4.42169873e-02,  1.63429213e-01]])
      jac: array([-6.62062997e-07,  1.01844459e-06,  1.01289347e-06,  6.40228611e-07,
       -3.68668059e-06, -2.45655348e-06,  5.92118947e-09,  4.85537536e-07,
       -9.62193288e-09, -1.67643677e-07, -5.68804263e-07,  4.44829359e-07,
       -8.59682695e-07, -1.00808251e-06, -3.29366164e-08,  1.94659104e-07,
       -8.10832882e-07, -1.57836707e-06])
  message: 'Optimization terminated successfully.'
     nfev: 1463
      nit: 62
     njev: 77
   status: 0
  success: True
        x: array([-0.66485844, -0.79929855,  0.4488457 , -1.09940606, -0.89555894,
        0.06611585, -1.0363887 , -1.31329979, -0.80935239,  0.1234461 ,
        0.59963094,  1.10216489,  0.08954449,  0.22158859, -0.30081864,
        1.2772569 , -0.24780552,  0.01093441])
