Program Begingeth
      fun: 0.2668680816774895
 hess_inv: array([[ 8.79419168e+00, -1.28853178e+00,  6.73532989e-01,
         1.80919270e+00, -9.60606794e-01,  6.83083084e-01,
         1.48723850e+00, -6.12424577e-01,  3.28838216e+00,
        -1.12777853e+00,  3.33357853e-01,  4.96315092e-01,
        -1.86296327e+00,  1.89460012e-01, -9.73532125e-02,
        -2.03828290e-01,  9.06570660e-01, -2.23390835e-01],
       [-1.28853178e+00,  3.40591821e+00, -1.31769527e-01,
        -2.45528360e-02,  1.11639458e+00,  2.73665101e-02,
         4.57298564e-01,  2.50128222e+00,  5.74528458e-01,
         2.34025818e-01, -4.96117498e-01, -1.24820435e+00,
         3.14971657e-01, -4.59371203e-01,  3.66920535e-01,
        -1.65793306e-01, -1.29273061e-01,  6.62242772e-02],
       [ 6.73532989e-01, -1.31769527e-01,  8.97748968e+00,
        -8.03857516e-01, -4.74086481e-01,  2.57926393e+00,
        -8.91969089e+00, -3.74886840e+00,  3.25615316e+00,
        -6.13530101e-01,  3.15517168e+00, -1.38510370e+00,
        -3.49502442e-01, -6.74413958e-01, -1.04404072e+00,
        -1.03797048e-02,  2.63094735e-01,  5.40402652e-02],
       [ 1.80919270e+00, -2.45528360e-02, -8.03857516e-01,
         5.57092487e-01, -9.78408707e-02, -1.39066024e-01,
         1.78672362e+00,  3.31124275e-01,  5.77583526e-01,
        -1.98900902e-01, -2.16360348e-01,  1.35970498e-01,
        -3.06160481e-01,  3.51232622e-02,  8.59912924e-02,
        -3.87005925e-02,  1.36857930e-01, -5.51472065e-02],
       [-9.60606794e-01,  1.11639458e+00, -4.74086481e-01,
        -9.78408707e-02,  4.63197876e-01, -1.29217506e-01,
         3.16212007e-01,  1.29258591e+00, -1.91208189e-01,
         2.38298527e-01, -3.06736683e-01, -3.01490404e-01,
         2.12073417e-01, -9.44485537e-02,  1.70755136e-01,
        -2.54962719e-02, -9.75499968e-02,  3.08372277e-02],
       [ 6.83083084e-01,  2.73665101e-02,  2.57926393e+00,
        -1.39066024e-01, -1.29217506e-01,  8.43690406e-01,
        -2.67355347e+00, -7.75656091e-01,  1.37111636e+00,
        -9.50269643e-02,  7.84045076e-01, -3.92055398e-01,
        -2.44202515e-01, -1.77780144e-01, -2.36670300e-01,
        -3.31958285e-02,  1.18601839e-01,  6.26622219e-03],
       [ 1.48723850e+00,  4.57298564e-01, -8.91969089e+00,
         1.78672362e+00,  3.16212007e-01, -2.67355347e+00,
         1.42179133e+01,  3.33622963e+00, -1.59592849e+00,
         3.04638801e-01, -2.29249768e+00,  1.07074178e+00,
         1.11166572e-01,  2.77602773e-01,  7.55300305e-01,
        -2.22358223e-02, -1.84288839e-01, -2.27044811e-01],
       [-6.12424577e-01,  2.50128222e+00, -3.74886840e+00,
         3.31124275e-01,  1.29258591e+00, -7.75656091e-01,
         3.33622963e+00,  7.09495946e+00, -3.88341661e-01,
         1.26553117e+00, -1.50430678e+00, -2.26799133e-01,
        -1.63698937e-02, -1.83995116e-02,  8.22045801e-01,
        -1.48724824e-01, -1.57109152e-01, -5.98250291e-02],
       [ 3.28838216e+00,  5.74528458e-01,  3.25615316e+00,
         5.77583526e-01, -1.91208189e-01,  1.37111636e+00,
        -1.59592849e+00, -3.88341661e-01,  5.11860916e+00,
        -2.05198075e-01,  1.07983296e+00, -5.73209488e-01,
        -7.31823963e-01, -4.67853195e-01, -2.99361763e-01,
        -1.37450171e-01,  2.55505371e-01, -1.18532863e-01],
       [-1.12777853e+00,  2.34025818e-01, -6.13530101e-01,
        -1.98900902e-01,  2.38298527e-01, -9.50269643e-02,
         3.04638801e-01,  1.26553117e+00, -2.05198075e-01,
         1.39395510e+00, -7.65756837e-02, -7.73099613e-02,
        -5.34317090e-02, -5.55716297e-02,  5.06313354e-02,
         3.48869504e-03, -1.80839136e-01, -1.97899448e-01],
       [ 3.33357853e-01, -4.96117498e-01,  3.15517168e+00,
        -2.16360348e-01, -3.06736683e-01,  7.84045076e-01,
        -2.29249768e+00, -1.50430678e+00,  1.07983296e+00,
        -7.65756837e-02,  1.86056835e+00, -3.98079587e-01,
        -1.52661209e-01, -3.49730413e-01, -6.07426574e-01,
         4.05788951e-02,  7.71012120e-02, -1.31037965e-01],
       [ 4.96315092e-01, -1.24820435e+00, -1.38510370e+00,
         1.35970498e-01, -3.01490404e-01, -3.92055398e-01,
         1.07074178e+00, -2.26799133e-01, -5.73209488e-01,
        -7.73099613e-02, -3.98079587e-01,  1.02551241e+00,
        -5.85195928e-02,  3.67701633e-01,  3.75761063e-04,
         9.69598235e-02,  6.67606144e-02,  2.06935003e-03],
       [-1.86296327e+00,  3.14971657e-01, -3.49502442e-01,
        -3.06160481e-01,  2.12073417e-01, -2.44202515e-01,
         1.11166572e-01, -1.63698937e-02, -7.31823963e-01,
        -5.34317090e-02, -1.52661209e-01, -5.85195928e-02,
         5.34094685e-01, -3.28605269e-02,  3.85228222e-02,
         8.27597352e-02, -2.07050462e-01,  1.01938353e-01],
       [ 1.89460012e-01, -4.59371203e-01, -6.74413958e-01,
         3.51232622e-02, -9.44485537e-02, -1.77780144e-01,
         2.77602773e-01, -1.83995116e-02, -4.67853195e-01,
        -5.55716297e-02, -3.49730413e-01,  3.67701633e-01,
        -3.28605269e-02,  2.10887300e-01,  7.44649355e-02,
         2.63052283e-02,  4.99014183e-02,  2.94734355e-02],
       [-9.73532125e-02,  3.66920535e-01, -1.04404072e+00,
         8.59912924e-02,  1.70755136e-01, -2.36670300e-01,
         7.55300305e-01,  8.22045801e-01, -2.99361763e-01,
         5.06313354e-02, -6.07426574e-01,  3.75761063e-04,
         3.85228222e-02,  7.44649355e-02,  2.57246282e-01,
        -3.54557730e-02, -2.94914889e-02,  5.37742369e-02],
       [-2.03828290e-01, -1.65793306e-01, -1.03797048e-02,
        -3.87005925e-02, -2.54962719e-02, -3.31958285e-02,
        -2.22358223e-02, -1.48724824e-01, -1.37450171e-01,
         3.48869504e-03,  4.05788951e-02,  9.69598235e-02,
         8.27597352e-02,  2.63052283e-02, -3.54557730e-02,
         5.40037979e-02, -2.49806727e-02,  7.48862248e-03],
       [ 9.06570660e-01, -1.29273061e-01,  2.63094735e-01,
         1.36857930e-01, -9.75499968e-02,  1.18601839e-01,
        -1.84288839e-01, -1.57109152e-01,  2.55505371e-01,
        -1.80839136e-01,  7.71012120e-02,  6.67606144e-02,
        -2.07050462e-01,  4.99014183e-02, -2.94914889e-02,
        -2.49806727e-02,  1.41699773e-01, -8.14374913e-03],
       [-2.23390835e-01,  6.62242772e-02,  5.40402652e-02,
        -5.51472065e-02,  3.08372277e-02,  6.26622219e-03,
        -2.27044811e-01, -5.98250291e-02, -1.18532863e-01,
        -1.97899448e-01, -1.31037965e-01,  2.06935003e-03,
         1.01938353e-01,  2.94734355e-02,  5.37742369e-02,
         7.48862248e-03, -8.14374913e-03,  8.91026361e-02]])
      jac: array([ 1.50620257e-07, -4.49270251e-07,  1.04027897e-06,  3.75810494e-06,
        2.57238675e-06, -1.31598436e-06,  5.92118947e-08, -1.05841262e-07,
       -2.20564308e-07,  2.67193675e-07,  5.89528426e-07, -2.07241631e-07,
        9.98460573e-07,  3.44132130e-06, -1.07691633e-07, -5.20583576e-06,
       -4.39426273e-06,  7.44589575e-07])
  message: 'Optimization terminated successfully.'
     nfev: 1501
      nit: 70
     njev: 79
   status: 0
  success: True
        x: array([ 0.69607964, -0.62638476,  0.08838677,  1.39158008, -0.71419894,
       -0.06595051,  1.85245099, -0.93096576, -1.00290989, -0.03564118,
        0.46195935,  1.05939847,  0.05687781,  0.20842289, -0.24417613,
       -1.30864224, -0.36899007,  0.03277069])
