Program Begingeth
      fun: 0.2029350660700853
 hess_inv: array([[ 6.63003947e+00,  2.55544145e+00, -1.34568835e+00,
         3.72224882e-01,  7.78485754e-01, -1.70265112e+00,
        -4.24596372e+00,  9.35048646e-01, -3.51598706e+00,
        -1.37858504e+00, -4.15648418e-01, -1.43716797e+00,
        -1.64310977e+00, -7.41660434e-01, -1.29255842e-01,
         2.09682930e-01, -6.76306452e-01,  6.17310303e-01],
       [ 2.55544145e+00,  3.79339201e+00, -1.91261225e+00,
        -5.59559560e-01,  9.63565786e-01, -1.17335802e+00,
        -7.11744308e+00,  4.75725505e+00, -1.46019951e+00,
        -1.38621681e-01, -1.81386125e+00, -1.64291521e+00,
        -7.92219385e-01, -6.93697469e-01,  3.04502275e-01,
         4.35682164e-01, -2.13283854e-01,  2.96749372e-01],
       [-1.34568835e+00, -1.91261225e+00,  7.93686993e+00,
         1.54223407e+00, -4.03312879e-01,  2.60143991e+00,
         1.70770976e+01, -6.51902193e+00,  7.68960559e+00,
        -3.40404344e-01,  4.28450486e+00, -2.10698493e+00,
         4.94884707e-01,  8.37662110e-02, -1.06416438e+00,
        -7.13599660e-01,  2.70193567e-01, -4.18654411e-01],
       [ 3.72224882e-01, -5.59559560e-01,  1.54223407e+00,
         5.19200467e-01, -6.01399900e-02,  4.46912337e-01,
         4.48875642e+00, -1.60344019e+00,  8.87817636e-01,
        -3.32806792e-01,  9.01818188e-01, -2.48378632e-01,
         1.09972906e-02,  8.46533562e-02, -2.32206256e-01,
        -1.62704153e-01,  3.41881151e-03, -4.43800902e-02],
       [ 7.78485754e-01,  9.63565786e-01, -4.03312879e-01,
        -6.01399900e-02,  3.39963042e-01, -2.39789761e-01,
        -9.48617926e-01,  1.72322117e+00, -5.51323641e-01,
        -2.00823030e-01, -4.82264607e-01, -3.69988448e-01,
        -2.12714986e-01, -1.17059279e-01,  1.12858027e-01,
         8.68911904e-02, -5.99164095e-02,  9.00138932e-02],
       [-1.70265112e+00, -1.17335802e+00,  2.60143991e+00,
         4.46912337e-01, -2.39789761e-01,  1.21508212e+00,
         6.72724053e+00, -1.75088873e+00,  3.06188477e+00,
        -4.26794454e-02,  1.21923856e+00, -1.96427673e-01,
         5.23154802e-01,  2.35918723e-01, -2.16083750e-01,
        -2.51048437e-01,  1.92222132e-01, -2.47878969e-01],
       [-4.24596372e+00, -7.11744308e+00,  1.70770976e+01,
         4.48875642e+00, -9.48617926e-01,  6.72724053e+00,
         5.20868578e+01, -1.38109698e+01,  1.44843082e+01,
        -1.77699167e+00,  8.50838553e+00, -1.62420813e+00,
         1.72378615e+00,  1.53572803e+00, -1.83266118e+00,
        -1.88097872e+00,  6.51657172e-01, -1.12622404e+00],
       [ 9.35048646e-01,  4.75725505e+00, -6.51902193e+00,
        -1.60344019e+00,  1.72322117e+00, -1.75088873e+00,
        -1.38109698e+01,  1.64732578e+01, -5.51737320e+00,
        -5.09270798e-01, -4.85055978e+00, -5.62283076e-02,
        -2.59172103e-01, -4.54505623e-01,  1.60765438e+00,
         9.43032123e-01, -1.98409495e-01,  3.64766712e-01],
       [-3.51598706e+00, -1.46019951e+00,  7.68960559e+00,
         8.87817636e-01, -5.51323641e-01,  3.06188477e+00,
         1.44843082e+01, -5.51737320e+00,  1.30949500e+01,
        -5.88976867e-02,  4.11121172e+00, -2.12709866e+00,
         9.44837461e-01, -2.80903608e-01, -1.10182806e+00,
        -5.91854090e-01,  2.73374492e-01, -7.46987218e-01],
       [-1.37858504e+00, -1.38621681e-01, -3.40404344e-01,
        -3.32806792e-01, -2.00823030e-01, -4.26794454e-02,
        -1.77699167e+00, -5.09270798e-01, -5.88976867e-02,
         1.43854114e+00, -3.44717387e-01,  2.86039955e-01,
         6.78297810e-02,  1.32497883e-01,  8.73007170e-02,
         2.66770875e-02,  2.30092909e-01,  6.66954865e-02],
       [-4.15648418e-01, -1.81386125e+00,  4.28450486e+00,
         9.01818188e-01, -4.82264607e-01,  1.21923856e+00,
         8.50838553e+00, -4.85055978e+00,  4.11121172e+00,
        -3.44717387e-01,  3.41152967e+00, -9.23650063e-01,
         2.30800529e-01, -1.02652898e-01, -8.69128752e-01,
        -4.69063677e-01,  6.43430477e-02, -3.21420307e-01],
       [-1.43716797e+00, -1.64291521e+00, -2.10698493e+00,
        -2.48378632e-01, -3.69988448e-01, -1.96427673e-01,
        -1.62420813e+00, -5.62283076e-02, -2.12709866e+00,
         2.86039955e-01, -9.23650063e-01,  2.40638134e+00,
         3.77111937e-01,  6.03957458e-01,  2.79544645e-01,
        -2.79490696e-02,  1.17512884e-01, -1.43842682e-02],
       [-1.64310977e+00, -7.92219385e-01,  4.94884707e-01,
         1.09972906e-02, -2.12714986e-01,  5.23154802e-01,
         1.72378615e+00, -2.59172103e-01,  9.44837461e-01,
         6.78297810e-02,  2.30800529e-01,  3.77111937e-01,
         5.33254785e-01,  2.06817637e-01,  1.64980389e-02,
        -3.76207181e-02,  1.71048634e-01, -2.07974678e-01],
       [-7.41660434e-01, -6.93697469e-01,  8.37662110e-02,
         8.46533562e-02, -1.17059279e-01,  2.35918723e-01,
         1.53572803e+00, -4.54505623e-01, -2.80903608e-01,
         1.32497883e-01, -1.02652898e-01,  6.03957458e-01,
         2.06817637e-01,  3.09148724e-01,  6.78745877e-02,
        -7.22593756e-02,  1.17942315e-01, -2.25794151e-02],
       [-1.29255842e-01,  3.04502275e-01, -1.06416438e+00,
        -2.32206256e-01,  1.12858027e-01, -2.16083750e-01,
        -1.83266118e+00,  1.60765438e+00, -1.10182806e+00,
         8.73007170e-02, -8.69128752e-01,  2.79544645e-01,
         1.64980389e-02,  6.78745877e-02,  2.99044429e-01,
         1.23174506e-01, -1.20809271e-03,  8.36272123e-02],
       [ 2.09682930e-01,  4.35682164e-01, -7.13599660e-01,
        -1.62704153e-01,  8.68911904e-02, -2.51048437e-01,
        -1.88097872e+00,  9.43032123e-01, -5.91854090e-01,
         2.66770875e-02, -4.69063677e-01, -2.79490696e-02,
        -3.76207181e-02, -7.22593756e-02,  1.23174506e-01,
         1.26658956e-01, -2.51873457e-02,  4.18879009e-02],
       [-6.76306452e-01, -2.13283854e-01,  2.70193567e-01,
         3.41881151e-03, -5.99164095e-02,  1.92222132e-01,
         6.51657172e-01, -1.98409495e-01,  2.73374492e-01,
         2.30092909e-01,  6.43430477e-02,  1.17512884e-01,
         1.71048634e-01,  1.17942315e-01, -1.20809271e-03,
        -2.51873457e-02,  1.26991462e-01, -4.90172743e-02],
       [ 6.17310303e-01,  2.96749372e-01, -4.18654411e-01,
        -4.43800902e-02,  9.00138932e-02, -2.47878969e-01,
        -1.12622404e+00,  3.64766712e-01, -7.46987218e-01,
         6.66954865e-02, -3.21420307e-01, -1.43842682e-02,
        -2.07974678e-01, -2.25794151e-02,  8.36272123e-02,
         4.18879009e-02, -4.90172743e-02,  1.43604598e-01]])
      jac: array([-4.17998969e-07, -6.06921920e-08, -4.70364488e-07, -8.35257789e-07,
        1.11614421e-06,  1.54061948e-06, -7.40148683e-10, -2.91618581e-07,
       -1.64868119e-07, -6.63543294e-07,  1.01215332e-07,  2.66638563e-07,
       -1.18793864e-06, -2.15790349e-06, -8.77816338e-07,  2.95097280e-06,
        1.91624494e-06,  1.40794783e-06])
  message: 'Optimization terminated successfully.'
     nfev: 1425
      nit: 64
     njev: 75
   status: 0
  success: True
        x: array([-0.27328768, -0.32146205,  0.5098585 , -1.00662583, -0.53965623,
        0.01360589, -0.99245431, -0.94586571, -0.83568561,  0.13320886,
        0.65200187,  0.92675912,  0.01601191,  0.2421931 , -0.31671937,
        1.23840826, -0.24474793,  0.03983873])
