Program Begingeth
      fun: 0.41690508302510865
 hess_inv: array([[ 8.67701596e+00, -8.43831834e-01, -8.10820630e-01,
        -1.18950441e+00,  6.75099967e-01, -6.02054265e-01,
        -2.22199287e+00,  2.24886607e+00,  1.85179801e-01,
        -5.70953025e+00, -8.97561706e+00, -7.83698652e+00,
        -4.17591925e+00,  1.49281749e+00,  1.21395570e+00,
        -1.21196512e+00, -1.90197874e+00, -3.40805589e-01],
       [-8.43831834e-01,  1.22904330e+00, -1.43240470e-01,
         3.85205959e-01,  7.68252078e-02,  2.46293908e-01,
         1.67001770e+00,  8.09903383e-01, -2.89195913e-01,
        -1.56996739e+00,  1.24922304e+00,  1.98245360e+00,
         8.26452141e-01, -5.12986113e-01,  2.22715900e-01,
        -1.84603136e-01,  3.51554230e-01,  4.83523873e-01],
       [-8.10820630e-01, -1.43240470e-01,  7.64590679e-01,
         1.19214551e-02, -2.08751449e-01, -1.06852722e-02,
        -4.71448834e-01, -6.09962610e-01,  6.93644907e-01,
         1.92160972e+00,  1.22215245e+00,  7.91730200e-01,
         1.85957098e-01, -2.39202036e-01, -5.59861650e-01,
         3.36446924e-01,  1.85348743e-01, -2.36754496e-02],
       [-1.18950441e+00,  3.85205959e-01,  1.19214551e-02,
         3.20805229e-01, -5.26133988e-02,  1.45362406e-01,
         1.11309956e+00, -2.09822725e-01, -2.81650471e-01,
        -1.03269780e-02,  1.38373555e+00,  1.45014173e+00,
         7.72193723e-01, -2.79675705e-01, -3.11738228e-02,
         6.35936273e-02,  3.13710588e-01,  1.82928509e-01],
       [ 6.75099967e-01,  7.68252078e-02, -2.08751449e-01,
        -5.26133988e-02,  1.52815325e-01, -2.11514820e-02,
         4.99561113e-02,  6.03663968e-01, -6.48658783e-02,
        -1.07529566e+00, -9.01431326e-01, -3.13449774e-01,
        -2.30018821e-01,  1.67103462e-01,  1.87194884e-01,
        -1.93249521e-01, -1.51997359e-01,  6.89655556e-02],
       [-6.02054265e-01,  2.46293908e-01, -1.06852722e-02,
         1.45362406e-01, -2.11514820e-02,  1.57051801e-01,
         6.62349853e-01, -2.65636805e-01,  1.37328766e-01,
        -2.38992385e-01,  2.49638045e-01,  5.02595789e-01,
         3.76837181e-01, -1.00396594e-01,  9.73908034e-02,
        -3.06850555e-02,  8.44431031e-02,  8.33068084e-02],
       [-2.22199287e+00,  1.67001770e+00, -4.71448834e-01,
         1.11309956e+00,  4.99561113e-02,  6.62349853e-01,
         6.82050693e+00, -1.80233444e-02, -1.23185223e+00,
        -1.83294762e+00,  2.09692490e+00,  3.05343247e+00,
         1.85362833e+00, -6.94532903e-01,  7.08447965e-01,
        -1.38470771e-01,  5.75824645e-01,  6.26599115e-01],
       [ 2.24886607e+00,  8.09903383e-01, -6.09962610e-01,
        -2.09822725e-01,  6.03663968e-01, -2.65636805e-01,
        -1.80233444e-02,  5.41157800e+00, -8.44906047e-01,
        -1.84876390e+00, -1.09219409e+00, -2.37120445e-01,
        -8.97538236e-01, -1.23332504e-02,  2.93843569e-01,
        -2.48758048e-01, -2.04690893e-01,  2.84630170e-01],
       [ 1.85179801e-01, -2.89195913e-01,  6.93644907e-01,
        -2.81650471e-01, -6.48658783e-02,  1.37328766e-01,
        -1.23185223e+00, -8.44906047e-01,  2.97352141e+00,
         5.35136597e-01, -1.32191332e+00, -4.09244733e-01,
        -4.07677036e-01,  2.29266306e-01, -3.08637193e-01,
        -2.36629552e-02, -2.51790166e-01, -6.50017767e-02],
       [-5.70953025e+00, -1.56996739e+00,  1.92160972e+00,
        -1.03269780e-02, -1.07529566e+00, -2.38992385e-01,
        -1.83294762e+00, -1.84876390e+00,  5.35136597e-01,
         1.71913643e+01,  8.69842949e+00,  1.81208442e+00,
         9.31280907e-01, -1.26122567e+00, -2.39529484e+00,
         3.22937258e+00,  1.30435116e+00, -1.31690764e+00],
       [-8.97561706e+00,  1.24922304e+00,  1.22215245e+00,
         1.38373555e+00, -9.01431326e-01,  2.49638045e-01,
         2.09692490e+00, -1.09219409e+00, -1.32191332e+00,
         8.69842949e+00,  1.54816346e+01,  9.73432471e+00,
         4.34371655e+00, -2.54959959e+00, -1.99328397e+00,
         1.94832448e+00,  3.09188035e+00,  4.54200747e-01],
       [-7.83698652e+00,  1.98245360e+00,  7.91730200e-01,
         1.45014173e+00, -3.13449774e-01,  5.02595789e-01,
         3.05343247e+00, -2.37120445e-01, -4.09244733e-01,
         1.81208442e+00,  9.73432471e+00,  1.32187638e+01,
         4.52683599e+00, -1.68962178e+00, -1.43452194e+00,
         6.97983804e-01,  2.21997990e+00,  1.81199712e+00],
       [-4.17591925e+00,  8.26452141e-01,  1.85957098e-01,
         7.72193723e-01, -2.30018821e-01,  3.76837181e-01,
         1.85362833e+00, -8.97538236e-01, -4.07677036e-01,
         9.31280907e-01,  4.34371655e+00,  4.52683599e+00,
         2.35847420e+00, -7.72876762e-01, -3.65297573e-01,
         3.07112678e-01,  9.79918069e-01,  4.36632892e-01],
       [ 1.49281749e+00, -5.12986113e-01, -2.39202036e-01,
        -2.79675705e-01,  1.67103462e-01, -1.00396594e-01,
        -6.94532903e-01, -1.23332504e-02,  2.29266306e-01,
        -1.26122567e+00, -2.54959959e+00, -1.68962178e+00,
        -7.72876762e-01,  5.85170497e-01,  2.61143496e-01,
        -3.03194427e-01, -4.99277157e-01, -1.37331816e-01],
       [ 1.21395570e+00,  2.22715900e-01, -5.59861650e-01,
        -3.11738228e-02,  1.87194884e-01,  9.73908034e-02,
         7.08447965e-01,  2.93843569e-01, -3.08637193e-01,
        -2.39529484e+00, -1.99328397e+00, -1.43452194e+00,
        -3.65297573e-01,  2.61143496e-01,  6.75145450e-01,
        -4.52688018e-01, -3.50142335e-01,  1.63882460e-02],
       [-1.21196512e+00, -1.84603136e-01,  3.36446924e-01,
         6.35936273e-02, -1.93249521e-01, -3.06850555e-02,
        -1.38470771e-01, -2.48758048e-01, -2.36629552e-02,
         3.22937258e+00,  1.94832448e+00,  6.97983804e-01,
         3.07112678e-01, -3.03194427e-01, -4.52688018e-01,
         6.47452375e-01,  3.11999426e-01, -1.86049532e-01],
       [-1.90197874e+00,  3.51554230e-01,  1.85348743e-01,
         3.13710588e-01, -1.51997359e-01,  8.44431031e-02,
         5.75824645e-01, -2.04690893e-01, -2.51790166e-01,
         1.30435116e+00,  3.09188035e+00,  2.21997990e+00,
         9.79918069e-01, -4.99277157e-01, -3.50142335e-01,
         3.11999426e-01,  6.56508079e-01,  1.63707448e-01],
       [-3.40805589e-01,  4.83523873e-01, -2.36754496e-02,
         1.82928509e-01,  6.89655556e-02,  8.33068084e-02,
         6.26599115e-01,  2.84630170e-01, -6.50017767e-02,
        -1.31690764e+00,  4.54200747e-01,  1.81199712e+00,
         4.36632892e-01, -1.37331816e-01,  1.63882460e-02,
        -1.86049532e-01,  1.63707448e-01,  4.53301918e-01]])
      jac: array([ 0.00734109, -0.00070234, -0.00316556,  0.00238455, -0.01845064,
       -0.0052826 , -0.00032812,  0.00135239,  0.00137193,  0.00308164,
       -0.00362605,  0.0007466 ,  0.01282505,  0.00216196,  0.00171902,
       -0.00537598,  0.01457916, -0.00355072])
  message: 'Maximum number of iterations has been exceeded.'
     nfev: 2109
      nit: 100
     njev: 111
   status: 1
  success: False
        x: array([ 0.05389261,  0.18642789, -0.4285966 ,  1.66871532, -0.47904525,
        0.205696  ,  2.24267313, -0.4094105 ,  1.16987733, -1.12700074,
       -0.34374982,  0.49326087,  0.4777092 , -0.01246574,  0.28395265,
       -1.71716333, -0.75296749,  0.13057912])
