Program Begingeth
      fun: 0.3120493733511248
 hess_inv: array([[ 1.56282813e+01, -2.57012947e+00,  1.31443368e+00,
         3.05742102e+00, -1.99532294e+00,  1.27860984e+00,
         5.65672344e+00, -2.04234532e+00, -6.24321819e+00,
        -2.33273149e+00, -1.52054528e+00,  2.24432408e+00,
        -3.47510696e+00,  7.64439782e-01,  2.31396166e-01,
        -1.82837249e-01,  1.69773199e+00, -5.87662746e-01],
       [-2.57012947e+00,  2.22417447e+00,  1.25962064e-01,
        -2.90146557e-01,  8.19196006e-01, -3.18494712e-01,
        -4.66105178e-01,  1.08811343e+00, -2.91683965e-01,
        -6.86612901e-02, -2.14361171e-01, -1.37805216e+00,
         7.92618638e-01, -2.94250768e-01,  9.84809629e-02,
        -5.13407234e-02, -2.18083154e-01,  1.97839241e-01],
       [ 1.31443368e+00,  1.25962064e-01,  1.90409313e+00,
         4.08279814e-01,  9.68001539e-02,  5.07961612e-01,
         2.41543507e+00,  1.25188607e+00, -6.31843279e-01,
        -3.29300490e-01,  6.27534769e-01, -3.80780927e-01,
        -1.99265015e-01, -4.71083413e-02, -1.42465220e-01,
         5.20908891e-02,  1.86595022e-01,  2.77676594e-02],
       [ 3.05742102e+00, -2.90146557e-01,  4.08279814e-01,
         7.19368304e-01, -3.15437091e-01,  2.88611035e-01,
         1.89953361e+00, -3.51474443e-01, -1.44161736e+00,
        -4.70920555e-01, -3.93345255e-01,  3.22350071e-01,
        -5.99048813e-01,  1.39960632e-01,  8.63552094e-02,
        -1.80572272e-02,  3.12228219e-01, -7.98284074e-02],
       [-1.99532294e+00,  8.19196006e-01,  9.68001539e-02,
        -3.15437091e-01,  4.82383023e-01, -1.73285305e-01,
        -3.59030180e-01,  1.20823000e+00,  4.46887465e-01,
         1.46914723e-02,  1.08422947e-01, -5.29173953e-01,
         5.63542727e-01, -1.00662393e-01, -3.60250968e-02,
         3.52295469e-02, -1.84821912e-01,  1.25650873e-01],
       [ 1.27860984e+00, -3.18494712e-01,  5.07961612e-01,
         2.88611035e-01, -1.73285305e-01,  3.00815890e-01,
         1.18690082e+00, -2.33508865e-01, -1.15835982e-01,
         5.00951635e-03, -2.46869375e-02,  1.47085731e-01,
        -3.33355986e-01,  8.16141691e-02,  3.64878710e-02,
        -7.16050849e-03,  1.40114470e-01, -3.40970931e-02],
       [ 5.65672344e+00, -4.66105178e-01,  2.41543507e+00,
         1.89953361e+00, -3.59030180e-01,  1.18690082e+00,
         9.74210404e+00, -1.45826797e-01, -2.64640441e+00,
        -5.24461310e-01, -6.40265575e-01,  5.99576251e-01,
        -9.61383830e-01,  3.74854340e-01,  2.15091810e-01,
         7.78565690e-02,  5.39473780e-01, -6.21388754e-03],
       [-2.04234532e+00,  1.08811343e+00,  1.25188607e+00,
        -3.51474443e-01,  1.20823000e+00, -2.33508865e-01,
        -1.45826797e-01,  8.15565151e+00,  2.34088236e-01,
        -1.81954188e+00,  3.67701264e-01, -7.42771985e-01,
         1.02274876e+00,  6.01665134e-02, -3.77839915e-01,
         1.63779949e-01, -6.90510516e-02,  3.16537294e-01],
       [-6.24321819e+00, -2.91683965e-01, -6.31843279e-01,
        -1.44161736e+00,  4.46887465e-01, -1.15835982e-01,
        -2.64640441e+00,  2.34088236e-01,  6.22795269e+00,
         1.00501132e+00,  7.72833520e-01, -4.38836305e-01,
         1.18139679e+00, -7.03578890e-02, -2.97620093e-02,
         8.26424632e-02, -6.35053157e-01,  2.12018028e-01],
       [-2.33273149e+00, -6.86612901e-02, -3.29300490e-01,
        -4.70920555e-01,  1.46914723e-02,  5.00951635e-03,
        -5.24461310e-01, -1.81954188e+00,  1.00501132e+00,
         2.09045920e+00,  3.88312369e-01, -1.15008581e-01,
         7.64345529e-02, -1.64409901e-01,  3.61730641e-03,
        -6.69172733e-03, -3.48991101e-01, -1.29878281e-01],
       [-1.52054528e+00, -2.14361171e-01,  6.27534769e-01,
        -3.93345255e-01,  1.08422947e-01, -2.46869375e-02,
        -6.40265575e-01,  3.67701264e-01,  7.72833520e-01,
         3.88312369e-01,  1.43779036e+00, -2.37966335e-01,
         2.66844402e-01, -2.54895324e-01, -3.36111988e-01,
         9.51357910e-02, -1.54867192e-01, -7.39620744e-02],
       [ 2.24432408e+00, -1.37805216e+00, -3.80780927e-01,
         3.22350071e-01, -5.29173953e-01,  1.47085731e-01,
         5.99576251e-01, -7.42771985e-01, -4.38836305e-01,
        -1.15008581e-01, -2.37966335e-01,  1.39926486e+00,
        -5.94010733e-01,  3.21214326e-01, -6.46894956e-02,
         4.77221084e-02,  2.45938377e-01, -1.25085800e-01],
       [-3.47510696e+00,  7.92618638e-01, -1.99265015e-01,
        -5.99048813e-01,  5.63542727e-01, -3.33355986e-01,
        -9.61383830e-01,  1.02274876e+00,  1.18139679e+00,
         7.64345529e-02,  2.66844402e-01, -5.94010733e-01,
         9.64358853e-01, -1.65178502e-01, -5.11303091e-02,
         8.96210763e-02, -3.75396674e-01,  2.04044107e-01],
       [ 7.64439782e-01, -2.94250768e-01, -4.71083413e-02,
         1.39960632e-01, -1.00662393e-01,  8.16141691e-02,
         3.74854340e-01,  6.01665134e-02, -7.03578890e-02,
        -1.64409901e-01, -2.54895324e-01,  3.21214326e-01,
        -1.65178502e-01,  1.49995811e-01,  3.26361822e-02,
         4.66412217e-03,  1.05895152e-01, -8.55856865e-04],
       [ 2.31396166e-01,  9.84809629e-02, -1.42465220e-01,
         8.63552094e-02, -3.60250968e-02,  3.64878710e-02,
         2.15091810e-01, -3.77839915e-01, -2.97620093e-02,
         3.61730641e-03, -3.36111988e-01, -6.46894956e-02,
        -5.11303091e-02,  3.26361822e-02,  1.35894803e-01,
        -3.58582981e-02,  1.17952067e-02,  3.31255917e-02],
       [-1.82837249e-01, -5.13407234e-02,  5.20908891e-02,
        -1.80572272e-02,  3.52295469e-02, -7.16050849e-03,
         7.78565690e-02,  1.63779949e-01,  8.26424632e-02,
        -6.69172733e-03,  9.51357910e-02,  4.77221084e-02,
         8.96210763e-02,  4.66412217e-03, -3.58582981e-02,
         5.28811673e-02, -2.55627800e-02,  1.34492531e-02],
       [ 1.69773199e+00, -2.18083154e-01,  1.86595022e-01,
         3.12228219e-01, -1.84821912e-01,  1.40114470e-01,
         5.39473780e-01, -6.90510516e-02, -6.35053157e-01,
        -3.48991101e-01, -1.54867192e-01,  2.45938377e-01,
        -3.75396674e-01,  1.05895152e-01,  1.17952067e-02,
        -2.55627800e-02,  2.28111826e-01, -5.38537087e-02],
       [-5.87662746e-01,  1.97839241e-01,  2.77676594e-02,
        -7.98284074e-02,  1.25650873e-01, -3.40970931e-02,
        -6.21388754e-03,  3.16537294e-01,  2.12018028e-01,
        -1.29878281e-01, -7.39620744e-02, -1.25085800e-01,
         2.04044107e-01, -8.55856865e-04,  3.31255917e-02,
         1.34492531e-02, -5.38537087e-02,  9.31922162e-02]])
      jac: array([-8.87327249e-06,  2.40544621e-05, -1.05626619e-05,  3.64967316e-05,
       -5.05995246e-05,  7.01797879e-05, -7.58652400e-06,  5.14773409e-06,
       -2.30926389e-06, -2.73521946e-06,  2.98168897e-06,  7.60946861e-06,
        2.83365923e-05,  2.21348865e-05, -2.47431705e-05, -1.81669494e-05,
        2.79924232e-06, -4.03040564e-05])
  message: 'Desired error not necessarily achieved due to precision loss.'
     nfev: 2082
      nit: 78
     njev: 109
   status: 2
  success: False
        x: array([ 5.96085208e-01, -7.02345701e-01,  4.07562545e-01,  1.41665163e+00,
       -6.97365703e-01,  1.91551327e-01,  1.99046387e+00, -5.57646933e-01,
        1.07656954e+00,  1.38990225e-03,  4.98970668e-01,  1.01586832e+00,
        6.30612417e-02,  1.42612058e-01, -2.47793510e-01, -1.35270797e+00,
       -5.54281816e-01,  3.90586533e-02])
