Program Begingeth
      fun: 0.32140655509196103
 hess_inv: array([[ 5.85682006e+00, -1.84348100e+00,  1.20869228e-01,
         1.69412754e+00, -1.02386213e+00,  1.19930012e+00,
         1.60605792e+00,  9.98948639e-01,  2.99753350e+00,
        -5.15393038e-01, -9.64863102e-01,  7.78042956e-01,
        -9.20490311e-01,  3.97180223e-01,  4.83169058e-01,
        -2.19078339e-01,  7.13320701e-01, -3.86046907e-01],
       [-1.84348100e+00,  4.55161136e+00,  1.27151067e+00,
        -4.68758887e-01,  1.85263323e+00,  3.31212806e-02,
        -4.26201632e+00,  3.79260126e-01,  3.51668159e+00,
        -1.78576297e-01,  4.77721686e-01, -1.62411839e+00,
         6.60643368e-01, -4.40550940e-01, -2.81254045e-01,
         3.40453335e-02, -3.61827536e-01,  1.21701048e-01],
       [ 1.20869228e-01,  1.27151067e+00,  2.12731463e+00,
        -2.33325842e-01,  4.41070503e-01,  7.42720901e-01,
        -2.86611836e+00, -1.68540536e+00,  2.30573094e+00,
        -1.70235401e-02,  7.81083932e-01, -6.91933893e-01,
        -2.32802449e-02, -1.46700973e-01, -2.26337213e-01,
         8.56228883e-02,  1.30118733e-03, -1.06004823e-01],
       [ 1.69412754e+00, -4.68758887e-01, -2.33325842e-01,
         5.85107551e-01, -2.76136114e-01,  2.44274928e-01,
         1.02724509e+00,  6.11192464e-01,  8.37602712e-01,
        -2.08858300e-01, -4.10320709e-01,  2.01857771e-01,
        -2.04873214e-01,  1.01809041e-01,  1.90747733e-01,
        -7.16767612e-02,  1.88345847e-01, -6.44414208e-02],
       [-1.02386213e+00,  1.85263323e+00,  4.41070503e-01,
        -2.76136114e-01,  9.11699155e-01, -3.02275526e-02,
        -2.70135596e+00,  7.34957408e-01,  1.00561169e+00,
         7.77363476e-02,  1.44775673e-01, -5.66377200e-01,
         3.76920357e-01, -1.29064487e-01, -1.06204164e-01,
         7.82638626e-02, -2.54514130e-01,  6.59115977e-02],
       [ 1.19930012e+00,  3.31212806e-02,  7.42720901e-01,
         2.44274928e-01, -3.02275526e-02,  5.63144102e-01,
        -1.06334721e+00, -1.50859635e-01,  1.63721664e+00,
         1.61606000e-02, -2.78036070e-02, -4.05292147e-02,
        -2.19529988e-01,  4.79395540e-02,  7.02240860e-02,
        -4.10075047e-02,  1.08188834e-01, -1.05600237e-01],
       [ 1.60605792e+00, -4.26201632e+00, -2.86611836e+00,
         1.02724509e+00, -2.70135596e+00, -1.06334721e+00,
         1.76701999e+01, -2.28624935e+00, -4.32266832e+00,
        -1.20006498e+00, -7.99264100e-01,  1.12154045e+00,
        -8.55320049e-01,  2.60334065e-01,  3.59088280e-01,
        -3.68098956e-01,  1.19327549e+00,  2.61328733e-01],
       [ 9.98948639e-01,  3.79260126e-01, -1.68540536e+00,
         6.11192464e-01,  7.34957408e-01, -1.50859635e-01,
        -2.28624935e+00,  6.73917313e+00, -3.48144312e-02,
         1.87986102e-01, -1.34991632e+00,  2.92887817e-01,
         2.16092090e-01,  3.00172569e-01,  5.79156897e-01,
        -1.18261182e-01, -1.46247515e-01,  1.28841463e-01],
       [ 2.99753350e+00,  3.51668159e+00,  2.30573094e+00,
         8.37602712e-01,  1.00561169e+00,  1.63721664e+00,
        -4.32266832e+00, -3.48144312e-02,  1.07325983e+01,
        -4.85346624e-01,  3.78471530e-02, -1.24544513e+00,
        -2.50055851e-01, -4.21343479e-01,  1.43787324e-01,
        -3.28161125e-01,  8.04164991e-02, -9.73364345e-02],
       [-5.15393038e-01, -1.78576297e-01, -1.70235401e-02,
        -2.08858300e-01,  7.77363476e-02,  1.61606000e-02,
        -1.20006498e+00,  1.87986102e-01, -4.85346624e-01,
         7.46663726e-01,  7.15724225e-02,  6.97515232e-02,
        -4.60019096e-02, -1.61979776e-02, -4.38268417e-02,
         4.21830531e-02, -1.94598508e-01, -1.19740375e-01],
       [-9.64863102e-01,  4.77721686e-01,  7.81083932e-01,
        -4.10320709e-01,  1.44775673e-01, -2.78036070e-02,
        -7.99264100e-01, -1.34991632e+00,  3.78471530e-02,
         7.15724225e-02,  1.05270296e+00, -4.08910964e-01,
         1.10000932e-01, -2.69221988e-01, -3.23546554e-01,
         1.08382650e-01, -1.09187706e-01, -8.85197073e-02],
       [ 7.78042956e-01, -1.62411839e+00, -6.91933893e-01,
         2.01857771e-01, -5.66377200e-01, -4.05292147e-02,
         1.12154045e+00,  2.92887817e-01, -1.24544513e+00,
         6.97515232e-02, -4.08910964e-01,  9.88386062e-01,
        -1.84223181e-01,  2.81041196e-01,  9.18988797e-02,
         4.49134919e-02,  1.44464323e-01, -2.88135932e-02],
       [-9.20490311e-01,  6.60643368e-01, -2.32802449e-02,
        -2.04873214e-01,  3.76920357e-01, -2.19529988e-01,
        -8.55320049e-01,  2.16092090e-01, -2.50055851e-01,
        -4.60019096e-02,  1.10000932e-01, -1.84223181e-01,
         3.30342527e-01, -7.63571691e-02, -7.15241730e-02,
         1.13303438e-01, -1.92730113e-01,  1.07272397e-01],
       [ 3.97180223e-01, -4.40550940e-01, -1.46700973e-01,
         1.01809041e-01, -1.29064487e-01,  4.79395540e-02,
         2.60334065e-01,  3.00172569e-01, -4.21343479e-01,
        -1.61979776e-02, -2.69221988e-01,  2.81041196e-01,
        -7.63571691e-02,  1.65588019e-01,  7.61676627e-02,
         2.59651574e-03,  1.01652792e-01,  3.90828029e-03],
       [ 4.83169058e-01, -2.81254045e-01, -2.26337213e-01,
         1.90747733e-01, -1.06204164e-01,  7.02240860e-02,
         3.59088280e-01,  5.79156897e-01,  1.43787324e-01,
        -4.38268417e-02, -3.23546554e-01,  9.18988797e-02,
        -7.15241730e-02,  7.61676627e-02,  1.67234746e-01,
        -6.22919238e-02,  4.72462241e-02,  4.80340062e-02],
       [-2.19078339e-01,  3.40453335e-02,  8.56228883e-02,
        -7.16767612e-02,  7.82638626e-02, -4.10075047e-02,
        -3.68098956e-01, -1.18261182e-01, -3.28161125e-01,
         4.21830531e-02,  1.08382650e-01,  4.49134919e-02,
         1.13303438e-01,  2.59651574e-03, -6.22919238e-02,
         1.12259508e-01, -6.17699972e-02,  6.01007983e-04],
       [ 7.13320701e-01, -3.61827536e-01,  1.30118733e-03,
         1.88345847e-01, -2.54514130e-01,  1.08188834e-01,
         1.19327549e+00, -1.46247515e-01,  8.04164991e-02,
        -1.94598508e-01, -1.09187706e-01,  1.44464323e-01,
        -1.92730113e-01,  1.01652792e-01,  4.72462241e-02,
        -6.17699972e-02,  2.41964561e-01, -2.90439572e-02],
       [-3.86046907e-01,  1.21701048e-01, -1.06004823e-01,
        -6.44414208e-02,  6.59115977e-02, -1.05600237e-01,
         2.61328733e-01,  1.28841463e-01, -9.73364345e-02,
        -1.19740375e-01, -8.85197073e-02, -2.88135932e-02,
         1.07272397e-01,  3.90828029e-03,  4.80340062e-02,
         6.01007983e-04, -2.90439572e-02,  1.35971140e-01]])
      jac: array([ 1.11207340e-06,  1.85518267e-06,  2.76149474e-06, -2.56017430e-06,
       -5.39457368e-06, -7.26455932e-06,  1.66533454e-08,  3.70074342e-07,
        6.05071549e-07,  1.38148752e-06,  1.65682283e-06,  6.73165227e-07,
        2.28520906e-06,  6.47334038e-06,  5.68138129e-06, -3.50793468e-06,
       -2.91100477e-06, -1.97249624e-06])
  message: 'Optimization terminated successfully.'
     nfev: 1349
      nit: 62
     njev: 71
   status: 0
  success: True
        x: array([ 0.6769846 , -1.00042976,  0.56491027,  1.03450347, -1.06116618,
        0.11545866,  0.52468302, -1.94180284, -0.48942222,  0.01801986,
        0.56195363,  1.17764526,  0.02089415,  0.0246374 , -0.36477377,
       -1.00543849, -0.72060903, -0.02677899])
