Program Begingeth
      fun: 0.23505813771338968
 hess_inv: array([[ 5.01165698e+00,  1.76607679e+00, -1.28231057e+00,
         1.02754555e+00,  7.12977687e-01, -1.16753098e+00,
        -1.44035890e+00, -2.20541405e-01, -2.86897450e+00,
        -2.49598693e-01,  1.60791494e-01, -5.18577272e-01,
        -1.01310190e+00, -4.59673026e-01, -1.42494814e-01,
        -1.35976926e-01, -5.80397444e-01,  2.46239943e-01],
       [ 1.76607679e+00,  2.84725027e+00, -5.14131424e-01,
         9.59086990e-02,  1.04106116e+00, -4.52151989e-01,
        -1.68444874e+00,  2.16563777e+00,  1.71358102e-02,
         3.45647114e-01, -3.28231837e-01, -1.09857339e+00,
        -5.40528715e-01, -4.09569369e-01,  1.43499209e-01,
         9.15735983e-02, -2.58484828e-01,  1.94052115e-01],
       [-1.28231057e+00, -5.14131424e-01,  6.81926261e+00,
         8.06373765e-01, -1.94921563e-01,  2.74390321e+00,
         1.22846854e+01, -2.75126852e+00,  5.38903161e+00,
        -7.92203429e-02,  1.99308495e+00, -9.68540588e-01,
         3.80572384e-01,  4.64743315e-02, -4.59618835e-01,
        -1.99271022e-01,  3.93190743e-01, -2.83802393e-01],
       [ 1.02754555e+00,  9.59086990e-02,  8.06373765e-01,
         4.70204402e-01,  8.19771056e-02,  1.88924867e-01,
         2.33867687e+00, -5.77891471e-01, -7.39826346e-02,
        -1.45911497e-01,  3.30641040e-01, -1.29953013e-01,
        -1.44388375e-01, -2.99379534e-02, -1.12110999e-01,
        -7.82431577e-02, -5.27442816e-02,  1.30475812e-03],
       [ 7.12977687e-01,  1.04106116e+00, -1.94921563e-01,
         8.19771056e-02,  4.32297135e-01, -1.52356745e-01,
        -1.89274036e-01,  1.16070670e+00, -1.73598148e-01,
         6.89939256e-02, -1.63996234e-01, -3.56580772e-01,
        -2.06913556e-01, -1.10353604e-01,  7.76467381e-02,
         1.69692513e-02, -8.78909816e-02,  7.97312294e-02],
       [-1.16753098e+00, -4.52151989e-01,  2.74390321e+00,
         1.88924867e-01, -1.52356745e-01,  1.24625594e+00,
         5.21187390e+00, -7.47427072e-01,  2.53983475e+00,
        -1.01951733e-01,  6.29764021e-01, -2.59600749e-01,
         3.07238076e-01,  1.03732476e-01, -1.17542028e-01,
        -5.19187045e-02,  2.18973275e-01, -1.42006575e-01],
       [-1.44035890e+00, -1.68444874e+00,  1.22846854e+01,
         2.33867687e+00, -1.89274036e-01,  5.21187390e+00,
         3.06728087e+01, -3.24464601e+00,  7.88708436e+00,
        -6.34734929e-01,  2.73176125e+00, -8.71728482e-01,
         6.07861969e-01,  6.27103970e-01, -5.82252131e-01,
        -5.34775464e-01,  6.99660408e-01, -4.56630651e-01],
       [-2.20541405e-01,  2.16563777e+00, -2.75126852e+00,
        -5.77891471e-01,  1.16070670e+00, -7.47427072e-01,
        -3.24464601e+00,  8.23017927e+00, -1.46865932e+00,
        -1.22724729e-01, -1.59853793e+00, -4.30548049e-01,
        -5.19447528e-02, -4.34666716e-02,  7.64832739e-01,
         2.60044647e-01, -1.24513903e-01,  2.31666853e-01],
       [-2.86897450e+00,  1.71358102e-02,  5.38903161e+00,
        -7.39826346e-02, -1.73598148e-01,  2.53983475e+00,
         7.88708436e+00, -1.46865932e+00,  8.47091111e+00,
        -1.21232205e-01,  1.46742819e+00, -9.38133836e-01,
         6.11684641e-01, -1.84293577e-01, -3.57862744e-01,
        -6.60933752e-04,  3.13638748e-01, -3.88932895e-01],
       [-2.49598693e-01,  3.45647114e-01, -7.92203429e-02,
        -1.45911497e-01,  6.89939256e-02, -1.01951733e-01,
        -6.34734929e-01, -1.22724729e-01, -1.21232205e-01,
         1.01086833e+00, -1.85076112e-01, -8.41928223e-02,
        -2.01040546e-01,  2.32679860e-02,  1.02565331e-01,
         2.68794237e-02,  6.69766189e-02,  2.03860897e-01],
       [ 1.60791494e-01, -3.28231837e-01,  1.99308495e+00,
         3.30641040e-01, -1.63996234e-01,  6.29764021e-01,
         2.73176125e+00, -1.59853793e+00,  1.46742819e+00,
        -1.85076112e-01,  1.32347061e+00, -3.31886451e-01,
         3.61061369e-02, -1.71092007e-01, -3.54971340e-01,
        -1.14942882e-01,  5.40766327e-02, -1.80445681e-01],
       [-5.18577272e-01, -1.09857339e+00, -9.68540588e-01,
        -1.29953013e-01, -3.56580772e-01, -2.59600749e-01,
        -8.71728482e-01, -4.30548049e-01, -9.38133836e-01,
        -8.41928223e-02, -3.31886451e-01,  9.65585854e-01,
         1.28667555e-01,  2.70658128e-01, -7.44647308e-03,
        -5.24577769e-02,  9.36723499e-02, -5.85553759e-03],
       [-1.01310190e+00, -5.40528715e-01,  3.80572384e-01,
        -1.44388375e-01, -2.06913556e-01,  3.07238076e-01,
         6.07861969e-01, -5.19447528e-02,  6.11684641e-01,
        -2.01040546e-01,  3.61061369e-02,  1.28667555e-01,
         3.16798002e-01,  1.06081711e-01, -3.58378055e-03,
         4.94133268e-02,  1.28701559e-01, -1.12819614e-01],
       [-4.59673026e-01, -4.09569369e-01,  4.64743315e-02,
        -2.99379534e-02, -1.10353604e-01,  1.03732476e-01,
         6.27103970e-01, -4.34666716e-02, -1.84293577e-01,
         2.32679860e-02, -1.71092007e-01,  2.70658128e-01,
         1.06081711e-01,  1.75789186e-01,  3.86330900e-02,
        -1.18679604e-02,  1.04517241e-01,  2.93512682e-03],
       [-1.42494814e-01,  1.43499209e-01, -4.59618835e-01,
        -1.12110999e-01,  7.76467381e-02, -1.17542028e-01,
        -5.82252131e-01,  7.64832739e-01, -3.57862744e-01,
         1.02565331e-01, -3.54971340e-01, -7.44647308e-03,
        -3.58378055e-03,  3.86330900e-02,  1.56995984e-01,
         4.42221752e-02, -7.41879028e-03,  7.86579586e-02],
       [-1.35976926e-01,  9.15735983e-02, -1.99271022e-01,
        -7.82431577e-02,  1.69692513e-02, -5.19187045e-02,
        -5.34775464e-01,  2.60044647e-01, -6.60933752e-04,
         2.68794237e-02, -1.14942882e-01, -5.24577769e-02,
         4.94133268e-02, -1.18679604e-02,  4.42221752e-02,
         5.92921673e-02,  1.88634469e-03,  2.80362082e-03],
       [-5.80397444e-01, -2.58484828e-01,  3.93190743e-01,
        -5.27442816e-02, -8.78909816e-02,  2.18973275e-01,
         6.99660408e-01, -1.24513903e-01,  3.13638748e-01,
         6.69766189e-02,  5.40766327e-02,  9.36723499e-02,
         1.28701559e-01,  1.04517241e-01, -7.41879028e-03,
         1.88634469e-03,  1.24452990e-01, -2.74061798e-02],
       [ 2.46239943e-01,  1.94052115e-01, -2.83802393e-01,
         1.30475812e-03,  7.97312294e-02, -1.42006575e-01,
        -4.56630651e-01,  2.31666853e-01, -3.88932895e-01,
         2.03860897e-01, -1.80445681e-01, -5.85553759e-03,
        -1.12819614e-01,  2.93512682e-03,  7.86579586e-02,
         2.80362082e-03, -2.74061798e-02,  1.04631386e-01]])
      jac: array([-1.36359442e-05, -3.16848399e-05,  1.18127175e-04,  7.29438732e-05,
        7.32423381e-05, -2.35259405e-04, -3.96497650e-06,  1.23169993e-05,
        5.79980508e-06,  1.94055882e-05, -3.55271368e-07,  1.22897988e-05,
        5.06589215e-05,  1.00688902e-04,  8.07507764e-05, -1.89093186e-05,
       -1.22736821e-04,  3.06717614e-06])
  message: 'Desired error not necessarily achieved due to precision loss.'
     nfev: 2044
      nit: 67
     njev: 107
   status: 2
  success: False
        x: array([-0.68468461, -0.72865518,  0.3668332 , -1.20605221, -0.83391663,
        0.03846923, -1.218532  , -1.1836558 , -0.88992658,  0.13829545,
        0.57174168,  1.04768834,  0.07927565,  0.26177582, -0.26469409,
        1.37051881, -0.12009539,  0.02797792])
