Program Begingeth
      fun: 0.2965074809186568
 hess_inv: array([[ 4.10063777e+00,  1.53706835e+00, -2.49238297e-01,
         1.42007233e+00,  7.33322071e-01, -8.97532484e-01,
         1.33745190e+00, -5.96576011e-01, -3.25429257e+00,
        -7.87740984e-02,  9.99773445e-01, -4.12810378e-01,
        -5.60786614e-01, -3.20640000e-01, -4.22816879e-01,
        -2.54070093e-01, -3.19321634e-01,  7.57374592e-02],
       [ 1.53706835e+00,  4.06006383e+00,  1.89878384e+00,
         6.71112957e-01,  1.72542171e+00,  5.67152348e-01,
         5.42339832e+00,  3.21917666e-01,  4.67975339e+00,
         2.93180219e-01,  7.85872781e-01, -1.14930999e+00,
        -5.19717808e-01, -3.79543032e-01, -3.03256833e-01,
        -1.53907646e-01, -2.88873773e-01, -1.98932526e-02],
       [-2.49238297e-01,  1.89878384e+00,  4.56648785e+00,
         6.61750593e-01,  6.13789797e-01,  2.10046767e+00,
         8.85115238e+00, -4.53810135e+00,  8.17475317e+00,
        -1.32847982e-01,  1.36317049e+00, -6.03232635e-01,
         8.41630379e-02, -1.81550187e-01, -4.72934328e-01,
        -1.47589521e-01, -1.33551239e-02, -3.32895572e-01],
       [ 1.42007233e+00,  6.71112957e-01,  6.61750593e-01,
         6.71589796e-01,  2.92724171e-01,  3.87636346e-02,
         2.27934243e+00, -1.08880377e+00,  2.79407154e-02,
        -9.91106048e-02,  5.76539114e-01, -1.44845783e-01,
        -1.41731263e-01, -1.08877106e-01, -2.45655843e-01,
        -1.11601612e-01, -9.34242419e-02, -5.41204943e-02],
       [ 7.33322071e-01,  1.72542171e+00,  6.13789797e-01,
         2.92724171e-01,  8.25720257e-01,  1.63885446e-01,
         2.46331406e+00,  9.92446036e-01,  1.49431476e+00,
         6.29826493e-02,  2.28328623e-01, -4.24435425e-01,
        -2.60817311e-01, -1.15612231e-01, -8.89164485e-02,
        -8.90061883e-02, -1.37977971e-01,  1.48582654e-02],
       [-8.97532484e-01,  5.67152348e-01,  2.10046767e+00,
         3.87636346e-02,  1.63885446e-01,  1.17685302e+00,
         4.04697230e+00, -1.66675880e+00,  4.62342546e+00,
        -1.31060535e-01,  3.19824450e-01, -1.55985481e-01,
         1.64913136e-01, -3.49979816e-03, -9.74266899e-02,
        -3.13501803e-03,  3.66993477e-02, -1.57563716e-01],
       [ 1.33745190e+00,  5.42339832e+00,  8.85115238e+00,
         2.27934243e+00,  2.46331406e+00,  4.04697230e+00,
         2.62815027e+01, -5.08053415e+00,  1.60016730e+01,
        -7.42870581e-01,  2.45744785e+00, -9.84611672e-01,
        -3.09960101e-01, -3.22123714e-01, -1.03115331e+00,
        -5.46563215e-01, -4.53261287e-01, -7.08731665e-01],
       [-5.96576011e-01,  3.21917666e-01, -4.53810135e+00,
        -1.08880377e+00,  9.92446036e-01, -1.66675880e+00,
        -5.08053415e+00,  1.33853241e+01, -6.05553544e+00,
        -4.54247781e-02, -2.30896239e+00,  1.33665578e-01,
        -3.56048058e-01,  3.50091486e-01,  1.00432644e+00,
         1.68158580e-01, -1.51700841e-01,  5.44708647e-01],
       [-3.25429257e+00,  4.67975339e+00,  8.17475317e+00,
         2.79407154e-02,  1.49431476e+00,  4.62342546e+00,
         1.60016730e+01, -6.05553544e+00,  2.33348156e+01,
        -1.65045078e-01,  1.61878366e+00, -1.33331564e+00,
         3.72991165e-01, -5.01119589e-01, -5.31925971e-01,
         6.33344082e-02, -1.24066990e-01, -6.15584221e-01],
       [-7.87740984e-02,  2.93180219e-01, -1.32847982e-01,
        -9.91106048e-02,  6.29826493e-02, -1.31060535e-01,
        -7.42870581e-01, -4.54247781e-02, -1.65045078e-01,
         7.91792476e-01, -1.60013806e-01, -8.71923197e-02,
        -1.74583075e-01,  2.49454835e-02,  9.57883210e-02,
         1.74104246e-02,  6.37259284e-02,  1.96411031e-01],
       [ 9.99773445e-01,  7.85872781e-01,  1.36317049e+00,
         5.76539114e-01,  2.28328623e-01,  3.19824450e-01,
         2.45744785e+00, -2.30896239e+00,  1.61878366e+00,
        -1.60013806e-01,  1.36308944e+00, -3.56986169e-01,
        -7.51970248e-02, -3.01599254e-01, -4.41741017e-01,
        -1.33584817e-01, -7.78989680e-02, -2.31535962e-01],
       [-4.12810378e-01, -1.14930999e+00, -6.03232635e-01,
        -1.44845783e-01, -4.24435425e-01, -1.55985481e-01,
        -9.84611672e-01,  1.33665578e-01, -1.33331564e+00,
        -8.71923197e-02, -3.56986169e-01,  6.63173599e-01,
         1.07872506e-01,  2.02888254e-01,  5.63446492e-02,
        -1.14788951e-02,  1.07826627e-01,  2.38412727e-02],
       [-5.60786614e-01, -5.19717808e-01,  8.41630379e-02,
        -1.41731263e-01, -2.60817311e-01,  1.64913136e-01,
        -3.09960101e-01, -3.56048058e-01,  3.72991165e-01,
        -1.74583075e-01, -7.51970248e-02,  1.07872506e-01,
         2.12440293e-01,  5.44838688e-02,  2.69853290e-02,
         8.39539034e-02,  7.90374445e-02, -7.33531481e-02],
       [-3.20640000e-01, -3.79543032e-01, -1.81550187e-01,
        -1.08877106e-01, -1.15612231e-01, -3.49979816e-03,
        -3.22123714e-01,  3.50091486e-01, -5.01119589e-01,
         2.49454835e-02, -3.01599254e-01,  2.02888254e-01,
         5.44838688e-02,  1.48654346e-01,  8.77874273e-02,
         1.59186899e-02,  8.61673138e-02,  3.85484225e-02],
       [-4.22816879e-01, -3.03256833e-01, -4.72934328e-01,
        -2.45655843e-01, -8.89164485e-02, -9.74266899e-02,
        -1.03115331e+00,  1.00432644e+00, -5.31925971e-01,
         9.57883210e-02, -4.41741017e-01,  5.63446492e-02,
         2.69853290e-02,  8.77874273e-02,  2.02384288e-01,
         6.26599724e-02,  2.71805695e-02,  1.09689688e-01],
       [-2.54070093e-01, -1.53907646e-01, -1.47589521e-01,
        -1.11601612e-01, -8.90061883e-02, -3.13501803e-03,
        -5.46563215e-01,  1.68158580e-01,  6.33344082e-02,
         1.74104246e-02, -1.33584817e-01, -1.14788951e-02,
         8.39539034e-02,  1.59186899e-02,  6.26599724e-02,
         8.04375980e-02,  3.02218396e-02,  8.78496501e-03],
       [-3.19321634e-01, -2.88873773e-01, -1.33551239e-02,
        -9.34242419e-02, -1.37977971e-01,  3.66993477e-02,
        -4.53261287e-01, -1.51700841e-01, -1.24066990e-01,
         6.37259284e-02, -7.78989680e-02,  1.07826627e-01,
         7.90374445e-02,  8.61673138e-02,  2.71805695e-02,
         3.02218396e-02,  1.06986698e-01,  1.31794788e-03],
       [ 7.57374592e-02, -1.98932526e-02, -3.32895572e-01,
        -5.41204943e-02,  1.48582654e-02, -1.57563716e-01,
        -7.08731665e-01,  5.44708647e-01, -6.15584221e-01,
         1.96411031e-01, -2.31535962e-01,  2.38412727e-02,
        -7.33531481e-02,  3.85484225e-02,  1.09689688e-01,
         8.78496501e-03,  1.31794788e-03,  1.29652438e-01]])
      jac: array([-3.41715545e-05, -3.90569059e-05,  3.62106641e-05,  1.04456444e-04,
        1.39594632e-04, -8.51130277e-05, -8.78815539e-06, -1.29030120e-05,
        5.58257144e-06, -8.40549852e-06, -3.78208576e-05,  5.15417339e-05,
       -1.02011732e-04, -1.67445317e-04,  1.86856456e-04,  5.90361093e-05,
        1.03936489e-04, -1.67889036e-04])
  message: 'Desired error not necessarily achieved due to precision loss.'
     nfev: 2045
      nit: 60
     njev: 107
   status: 2
  success: False
        x: array([-0.81819053, -1.10848103,  0.56650931, -1.1024604 , -1.14102303,
        0.15111941, -0.77930425, -1.7648173 , -0.53772045,  0.08152848,
        0.57491682,  1.15797186,  0.12149843,  0.15647354, -0.31460317,
        1.28450917, -0.33365216, -0.01497548])
