Program Begingeth
      fun: 0.26894233801446893
 hess_inv: array([[ 8.65072924e+00,  1.53440319e+00, -2.34691328e+00,
         1.67015647e+00,  1.08210339e+00, -1.27968800e+00,
        -7.94116917e-02,  9.47918011e-01, -3.74285868e+00,
        -1.14226136e+00, -6.25535086e-01, -9.06462029e-02,
        -1.76391584e+00, -1.88575240e-01,  1.56533043e-01,
        -1.08845219e-01, -9.88091751e-01,  2.46531647e-01],
       [ 1.53440319e+00,  3.72402942e+00, -6.55272195e-02,
        -3.06362561e-05,  1.26345416e+00, -4.41583471e-02,
        -8.83841106e-01,  2.61063861e+00,  5.25608665e-01,
        -1.88273053e-01, -3.84900142e-01, -1.24602514e+00,
        -4.10250663e-01, -4.77720718e-01,  3.00608170e-01,
         1.80412288e-01, -1.27802956e-01,  1.09049631e-01],
       [-2.34691328e+00, -6.55272195e-02,  1.40240137e+01,
         1.18606236e+00, -5.89733882e-01,  4.38999549e+00,
         1.51756748e+01, -4.51764777e+00,  5.84176794e+00,
         9.90920831e-01,  4.00032569e+00, -2.09144136e+00,
         8.37431929e-01, -6.24107305e-01, -1.23114234e+00,
        -9.94991108e-02,  7.15648527e-01,  2.36314935e-01],
       [ 1.67015647e+00, -3.06362561e-05,  1.18606236e+00,
         6.41277250e-01,  8.76399523e-02,  2.72926329e-01,
         2.56780197e+00, -4.28291059e-01, -3.56824326e-01,
        -1.56633357e-01,  2.93277949e-01, -1.06246661e-01,
        -2.28422953e-01, -1.56413571e-02, -1.14993745e-01,
        -4.08231982e-02, -9.51323147e-02,  8.05318674e-02],
       [ 1.08210339e+00,  1.26345416e+00, -5.89733882e-01,
         8.76399523e-02,  5.31211586e-01, -2.01325262e-01,
        -5.43882689e-01,  1.37293570e+00, -2.88252158e-01,
        -2.38644617e-01, -3.03332520e-01, -2.80777753e-01,
        -2.45971635e-01, -1.04569751e-01,  1.56100191e-01,
         3.96915650e-02, -1.11537662e-01,  4.10626657e-02],
       [-1.27968800e+00, -4.41583471e-02,  4.38999549e+00,
         2.72926329e-01, -2.01325262e-01,  1.49092828e+00,
         4.89189577e+00, -1.09158765e+00,  2.25071023e+00,
         2.47597664e-01,  1.10567791e+00, -6.22308974e-01,
         4.15737140e-01, -1.53778942e-01, -3.19644226e-01,
        -2.28222819e-03,  2.78809724e-01,  5.52928219e-02],
       [-7.94116917e-02, -8.83841106e-01,  1.51756748e+01,
         2.56780197e+00, -5.43882689e-01,  4.89189577e+00,
         2.33449888e+01, -4.44156755e+00,  4.47739328e+00,
         6.92125884e-01,  3.52495752e+00, -1.55771828e+00,
         7.17036508e-01, -1.36172527e-01, -1.11472882e+00,
        -1.85473220e-01,  7.17670023e-01,  3.97451060e-01],
       [ 9.47918011e-01,  2.61063861e+00, -4.51764777e+00,
        -4.28291059e-01,  1.37293570e+00, -1.09158765e+00,
        -4.44156755e+00,  7.15766528e+00, -1.05181885e+00,
        -1.14217461e+00, -1.71986063e+00, -3.75746585e-02,
        -1.25850036e-01,  2.28025395e-02,  8.31150989e-01,
         1.99294019e-01, -2.03655472e-01, -5.89415255e-02],
       [-3.74285868e+00,  5.25608665e-01,  5.84176794e+00,
        -3.56824326e-01, -2.88252158e-01,  2.25071023e+00,
         4.47739328e+00, -1.05181885e+00,  6.22333924e+00,
         3.80942529e-01,  1.53731309e+00, -1.04130557e+00,
         8.78496165e-01, -4.73227543e-01, -4.50642440e-01,
         9.51847777e-02,  4.29232195e-01, -9.09353718e-02],
       [-1.14226136e+00, -1.88273053e-01,  9.90920831e-01,
        -1.56633357e-01, -2.38644617e-01,  2.47597664e-01,
         6.92125884e-01, -1.14217461e+00,  3.80942529e-01,
         1.09404549e+00,  1.89540646e-01, -8.73029062e-02,
         3.40038472e-02,  1.70847084e-02, -5.44399038e-02,
         1.84165506e-03,  1.95054367e-01,  1.66735472e-01],
       [-6.25535086e-01, -3.84900142e-01,  4.00032569e+00,
         2.93277949e-01, -3.03332520e-01,  1.10567791e+00,
         3.52495752e+00, -1.71986063e+00,  1.53731309e+00,
         1.89540646e-01,  1.85158038e+00, -5.55179512e-01,
         2.06580209e-01, -3.09536111e-01, -5.85555728e-01,
        -9.00742712e-02,  1.71153307e-01, -6.08749087e-02],
       [-9.06462029e-02, -1.24602514e+00, -2.09144136e+00,
        -1.06246661e-01, -2.80777753e-01, -6.22308974e-01,
        -1.55771828e+00, -3.75746585e-02, -1.04130557e+00,
        -8.73029062e-02, -5.55179512e-01,  1.03782847e+00,
        -3.70617523e-03,  3.48292522e-01,  5.53706723e-02,
        -8.59584120e-02, -2.06146355e-02, -5.44684787e-02],
       [-1.76391584e+00, -4.10250663e-01,  8.37431929e-01,
        -2.28422953e-01, -2.45971635e-01,  4.15737140e-01,
         7.17036508e-01, -1.25850036e-01,  8.78496165e-01,
         3.40038472e-02,  2.06580209e-01, -3.70617523e-03,
         4.90934591e-01,  5.65293933e-02, -5.63215124e-02,
         5.59322472e-02,  2.36857426e-01, -8.76402093e-02],
       [-1.88575240e-01, -4.77720718e-01, -6.24107305e-01,
        -1.56413571e-02, -1.04569751e-01, -1.53778942e-01,
        -1.36172527e-01,  2.28025395e-02, -4.73227543e-01,
         1.70847084e-02, -3.09536111e-01,  3.48292522e-01,
         5.65293933e-02,  1.97476187e-01,  6.75586812e-02,
        -1.74285938e-02,  4.94419780e-02,  8.71059210e-03],
       [ 1.56533043e-01,  3.00608170e-01, -1.23114234e+00,
        -1.14993745e-01,  1.56100191e-01, -3.19644226e-01,
        -1.11472882e+00,  8.31150989e-01, -4.50642440e-01,
        -5.44399038e-02, -5.85555728e-01,  5.53706723e-02,
        -5.63215124e-02,  6.75586812e-02,  2.40673970e-01,
         4.96307748e-02, -4.98500564e-02,  4.05693984e-02],
       [-1.08845219e-01,  1.80412288e-01, -9.94991108e-02,
        -4.08231982e-02,  3.96915650e-02, -2.28222819e-03,
        -1.85473220e-01,  1.99294019e-01,  9.51847777e-02,
         1.84165506e-03, -9.00742712e-02, -8.59584120e-02,
         5.59322472e-02, -1.74285938e-02,  4.96307748e-02,
         5.74352135e-02,  1.62342246e-02, -2.27582251e-03],
       [-9.88091751e-01, -1.27802956e-01,  7.15648527e-01,
        -9.51323147e-02, -1.11537662e-01,  2.78809724e-01,
         7.17670023e-01, -2.03655472e-01,  4.29232195e-01,
         1.95054367e-01,  1.71153307e-01, -2.06146355e-02,
         2.36857426e-01,  4.94419780e-02, -4.98500564e-02,
         1.62342246e-02,  1.85166497e-01, -6.95387219e-03],
       [ 2.46531647e-01,  1.09049631e-01,  2.36314935e-01,
         8.05318674e-02,  4.10626657e-02,  5.52928219e-02,
         3.97451060e-01, -5.89415255e-02, -9.09353718e-02,
         1.66735472e-01, -6.08749087e-02, -5.44684787e-02,
        -8.76402093e-02,  8.71059210e-03,  4.05693984e-02,
        -2.27582251e-03, -6.95387219e-03,  9.37456854e-02]])
      jac: array([-1.59712984e-05, -2.10942375e-07,  4.95277893e-05,  5.72416189e-05,
       -9.05449789e-05, -6.22605671e-05, -2.14717133e-06,  2.68448227e-05,
       -1.12698739e-05, -1.59724086e-05, -6.88589926e-05,  2.18099612e-05,
       -8.38647670e-05, -9.61301409e-05,  3.89725289e-06,  1.31006317e-05,
        8.89769740e-05, -5.78374385e-05])
  message: 'Desired error not necessarily achieved due to precision loss.'
     nfev: 2442
      nit: 76
     njev: 128
   status: 2
  success: False
        x: array([-0.52196854, -0.7007739 ,  0.12155088, -1.1559727 , -0.81664622,
       -0.06742673, -1.58312791, -1.10537508, -1.01988459,  0.12983768,
        0.50016964,  1.10761848,  0.05712824,  0.19101047, -0.27512291,
        1.32466702, -0.36463859,  0.02387218])
