Program Begingeth
      fun: 0.30719346896843563
 hess_inv: array([[ 6.84801048e-01, -6.70011301e-02,  8.20398074e-03,
        -1.31603921e-01,  1.09872318e-01,  2.88322614e-01,
        -2.99263153e-01,  1.94730686e-01,  1.09628504e-01,
        -4.78312342e-01,  2.38621866e-01,  5.60341063e-01,
        -2.82080123e-01,  2.22168555e-02, -7.59072764e-03,
         6.02230616e-03, -6.54856510e-02, -2.21798742e-01],
       [-6.70011301e-02,  5.00783396e-01, -1.36514027e-01,
         3.71997436e-01,  5.25616074e-02, -3.75672716e-01,
         1.11966180e+00,  7.63186506e-01,  5.17790000e-01,
         1.26862187e+00,  1.19484596e-01, -9.79844482e-01,
         6.07207982e-02, -1.88593269e-01, -1.84319813e-01,
         3.28909996e-02,  5.91919054e-02, -7.38253194e-02],
       [ 8.20398074e-03, -1.36514027e-01,  3.04960736e-01,
        -2.45101192e-01,  2.14958025e-02,  1.20199554e-01,
        -4.83281749e-01, -3.26718325e-01, -4.09153212e-01,
        -8.11386947e-01, -1.36676283e-01,  4.27031599e-01,
         1.41785992e-02,  1.47768754e-01, -5.00391193e-02,
         6.40800504e-02,  3.06370804e-02,  3.16101027e-02],
       [-1.31603921e-01,  3.71997436e-01, -2.45101192e-01,
         9.60521746e-01,  3.15422226e-01, -5.05151865e-01,
         2.51138858e+00,  1.78385384e+00,  2.10746486e+00,
         2.84751581e+00,  9.48928298e-01, -2.05711601e+00,
         2.54333159e-01, -1.50882932e-01, -3.83369989e-02,
         7.49728024e-02,  2.38238209e-02,  6.90226408e-02],
       [ 1.09872318e-01,  5.25616074e-02,  2.14958025e-02,
         3.15422226e-01,  4.27050691e-01, -1.06899678e-01,
         9.43310432e-01,  1.21632437e+00,  1.13536385e+00,
         7.95135293e-01,  1.07244297e+00, -9.32351285e-01,
         8.74156242e-02,  1.05306887e-01,  2.72026766e-02,
         8.37154422e-02,  3.34554115e-02,  1.68209264e-02],
       [ 2.88322614e-01, -3.75672716e-01,  1.20199554e-01,
        -5.05151865e-01, -1.06899678e-01,  5.90301094e-01,
        -1.58533839e+00, -1.08839110e+00, -6.89329887e-01,
        -1.69097034e+00, -1.62924776e-01,  1.78141467e+00,
        -1.75928094e-01,  7.59101422e-02,  1.62207271e-01,
        -5.68621933e-02, -1.12383819e-01, -3.40327567e-02],
       [-2.99263153e-01,  1.11966180e+00, -4.83281749e-01,
         2.51138858e+00,  9.43310432e-01, -1.58533839e+00,
         8.01923399e+00,  4.81468008e+00,  5.43482955e+00,
         7.05171660e+00,  2.44851782e+00, -6.13364602e+00,
         6.97270397e-01, -2.89976525e-01, -3.14649661e-01,
         2.83388515e-01,  1.30705291e-01,  9.61089332e-02],
       [ 1.94730686e-01,  7.63186506e-01, -3.26718325e-01,
         1.78385384e+00,  1.21632437e+00, -1.08839110e+00,
         4.81468008e+00,  7.05714508e+00,  4.90600399e+00,
         6.13166525e+00,  2.75020261e+00, -5.44527351e+00,
         7.85122481e-02,  2.22344630e-02, -6.41211187e-02,
         1.15330759e-01,  3.00705921e-01,  8.03833621e-03],
       [ 1.09628504e-01,  5.17790000e-01, -4.09153212e-01,
         2.10746486e+00,  1.13536385e+00, -6.89329887e-01,
         5.43482955e+00,  4.90600399e+00,  6.62358892e+00,
         6.13583899e+00,  3.35866905e+00, -4.47534042e+00,
         4.32316266e-01, -1.35099744e-01,  1.00867342e-01,
         1.64862413e-01,  3.10911998e-02,  1.04491332e-01],
       [-4.78312342e-01,  1.26862187e+00, -8.11386947e-01,
         2.84751581e+00,  7.95135293e-01, -1.69097034e+00,
         7.05171660e+00,  6.13166525e+00,  6.13583899e+00,
         9.37940665e+00,  2.36176974e+00, -6.64624621e+00,
         5.19986684e-01, -4.79770115e-01, -1.59249593e-01,
         9.45419906e-02,  2.57799519e-01,  1.81233435e-01],
       [ 2.38621866e-01,  1.19484596e-01, -1.36676283e-01,
         9.48928298e-01,  1.07244297e+00, -1.62924776e-01,
         2.44851782e+00,  2.75020261e+00,  3.35866905e+00,
         2.36176974e+00,  3.15583331e+00, -2.13865296e+00,
         2.59049998e-01,  1.44683179e-01,  2.01063834e-01,
         1.48355745e-01,  1.63345503e-02,  8.25220478e-02],
       [ 5.60341063e-01, -9.79844482e-01,  4.27031599e-01,
        -2.05711601e+00, -9.32351285e-01,  1.78141467e+00,
        -6.13364602e+00, -5.44527351e+00, -4.47534042e+00,
        -6.64624621e+00, -2.13865296e+00,  6.86123498e+00,
        -5.22236496e-01,  3.87340831e-02,  2.75726503e-01,
        -2.05402611e-01, -3.80757285e-01, -1.36458706e-01],
       [-2.82080123e-01,  6.07207982e-02,  1.41785992e-02,
         2.54333159e-01,  8.74156242e-02, -1.75928094e-01,
         6.97270397e-01,  7.85122481e-02,  4.32316266e-01,
         5.19986684e-01,  2.59049998e-01, -5.22236496e-01,
         2.70822578e-01, -1.39491821e-02, -9.13028382e-03,
         9.04072871e-02, -1.87588591e-02,  1.18027210e-01],
       [ 2.22168555e-02, -1.88593269e-01,  1.47768754e-01,
        -1.50882932e-01,  1.05306887e-01,  7.59101422e-02,
        -2.89976525e-01,  2.22344630e-02, -1.35099744e-01,
        -4.79770115e-01,  1.44683179e-01,  3.87340831e-02,
        -1.39491821e-02,  1.89534374e-01,  4.02137426e-02,
         2.41365129e-02,  5.77732419e-02,  3.75577647e-02],
       [-7.59072764e-03, -1.84319813e-01, -5.00391193e-02,
        -3.83369989e-02,  2.72026766e-02,  1.62207271e-01,
        -3.14649661e-01, -6.41211187e-02,  1.00867342e-01,
        -1.59249593e-01,  2.01063834e-01,  2.75726503e-01,
        -9.13028382e-03,  4.02137426e-02,  1.65199867e-01,
        -4.32030548e-02, -3.36523397e-02,  7.28138544e-02],
       [ 6.02230616e-03,  3.28909996e-02,  6.40800504e-02,
         7.49728024e-02,  8.37154422e-02, -5.68621933e-02,
         2.83388515e-01,  1.15330759e-01,  1.64862413e-01,
         9.45419906e-02,  1.48355745e-01, -2.05402611e-01,
         9.04072871e-02,  2.41365129e-02, -4.32030548e-02,
         8.42608864e-02, -4.78341777e-03,  6.65546964e-03],
       [-6.54856510e-02,  5.91919054e-02,  3.06370804e-02,
         2.38238209e-02,  3.34554115e-02, -1.12383819e-01,
         1.30705291e-01,  3.00705921e-01,  3.10911998e-02,
         2.57799519e-01,  1.63345503e-02, -3.80757285e-01,
        -1.87588591e-02,  5.77732419e-02, -3.36523397e-02,
        -4.78341777e-03,  1.03324730e-01,  1.24490857e-02],
       [-2.21798742e-01, -7.38253194e-02,  3.16101027e-02,
         6.90226408e-02,  1.68209264e-02, -3.40327567e-02,
         9.61089332e-02,  8.03833621e-03,  1.04491332e-01,
         1.81233435e-01,  8.25220478e-02, -1.36458706e-01,
         1.18027210e-01,  3.75577647e-02,  7.28138544e-02,
         6.65546964e-03,  1.24490857e-02,  1.37295818e-01]])
      jac: array([-3.26886666e-06, -2.95208302e-06, -2.22303657e-06,  5.99742478e-06,
        4.48678132e-06,  4.75397499e-06, -2.32406687e-07, -3.76735680e-07,
       -3.17893859e-07, -1.61685480e-06, -5.82867088e-07, -1.51841502e-06,
       -7.21941025e-06, -5.14884431e-06, -7.15057643e-06,  4.16333634e-06,
        1.70160182e-06,  3.44206145e-06])
  message: 'Optimization terminated successfully.'
     nfev: 1558
      nit: 71
     njev: 82
   status: 0
  success: True
        x: array([ 0.03297913,  0.25698019,  0.79887266,  1.22097832, -1.09155873,
       -0.31061374,  2.23276951, -0.90409205, -1.18980569,  1.02842572,
       -1.57930847, -0.74396963,  0.11082048,  0.03699814, -0.38467483,
       -1.10741553, -0.42192899,  0.01122037])
