Program Begingeth
      fun: 0.32268619830485523
 hess_inv: array([[ 7.47890667e-01, -1.26145595e-01, -2.90763424e-02,
        -9.71450696e-02,  1.57053709e-01,  2.63061198e-01,
        -1.32648741e-01,  3.78345242e-01,  2.24694102e-01,
        -3.30014271e-01,  3.49108146e-01,  3.63976845e-01,
        -3.16682782e-01,  6.27281654e-02,  7.21011291e-03,
         6.95388707e-03, -5.92647103e-02, -2.37212535e-01],
       [-1.26145595e-01,  5.36228761e-01, -6.02114609e-02,
         3.29484286e-01,  3.80733579e-02, -3.59360885e-01,
         9.41882435e-01,  5.41706328e-01,  4.77091342e-01,
         1.10420520e+00,  7.94489593e-02, -8.47111076e-01,
         1.01692814e-01, -1.89287284e-01, -2.08008939e-01,
         4.12008666e-02,  6.21748294e-02, -4.83444857e-02],
       [-2.90763424e-02, -6.02114609e-02,  2.44497711e-01,
        -1.26297420e-01,  5.15460051e-02,  4.07256364e-02,
        -1.50386549e-01, -5.57581316e-02, -1.93566736e-01,
        -4.12349475e-01, -2.92316300e-02,  1.43219533e-01,
         3.45579680e-02,  1.20722822e-01, -5.40078983e-02,
         6.36900600e-02,  4.99273577e-02,  3.34633821e-02],
       [-9.71450696e-02,  3.29484286e-01, -1.26297420e-01,
         9.22101910e-01,  3.52299214e-01, -3.90815099e-01,
         2.40017505e+00,  1.38289562e+00,  2.32243010e+00,
         2.50278597e+00,  1.04831692e+00, -1.75250076e+00,
         3.17438025e-01, -1.29149805e-01, -4.07476370e-02,
         1.15094319e-01, -3.15335192e-02,  8.84737777e-02],
       [ 1.57053709e-01,  3.80733579e-02,  5.15460051e-02,
         3.52299214e-01,  4.55901979e-01, -7.41234022e-02,
         1.10193660e+00,  1.18031441e+00,  1.37177649e+00,
         8.59886253e-01,  1.15271178e+00, -9.21832864e-01,
         9.24210826e-02,  1.15892338e-01,  3.07980400e-02,
         1.02494561e-01,  1.81673803e-02,  1.76047125e-02],
       [ 2.63061198e-01, -3.59360885e-01,  4.07256364e-02,
        -3.90815099e-01, -7.41234022e-02,  4.63968546e-01,
        -1.24016611e+00, -6.47420323e-01, -5.64292915e-01,
        -1.22046107e+00, -9.41229227e-02,  1.30034411e+00,
        -1.89000834e-01,  7.96600775e-02,  1.63443567e-01,
        -6.75730768e-02, -7.88755364e-02, -3.94480659e-02],
       [-1.32648741e-01,  9.41882435e-01, -1.50386549e-01,
         2.40017505e+00,  1.10193660e+00, -1.24016611e+00,
         7.61013379e+00,  3.93115516e+00,  6.12623766e+00,
         6.19199192e+00,  2.85387218e+00, -5.34777730e+00,
         8.27053728e-01, -1.74118618e-01, -3.01127371e-01,
         3.92732600e-01, -2.55424415e-03,  1.33079558e-01],
       [ 3.78345242e-01,  5.41706328e-01, -5.57581316e-02,
         1.38289562e+00,  1.18031441e+00, -6.47420323e-01,
         3.93115516e+00,  5.61681351e+00,  4.64493637e+00,
         4.53128255e+00,  2.67533834e+00, -4.01663904e+00,
         5.51549573e-02,  1.30180853e-01, -3.45228163e-02,
         1.57069729e-01,  2.02563191e-01,  7.38810532e-03],
       [ 2.24694102e-01,  4.77091342e-01, -1.93566736e-01,
         2.32243010e+00,  1.37177649e+00, -5.64292915e-01,
         6.12623766e+00,  4.64493637e+00,  7.91590095e+00,
         6.31565186e+00,  4.00130088e+00, -4.48337565e+00,
         5.99557114e-01, -7.80182490e-02,  9.01626424e-02,
         2.83576177e-01, -7.40093791e-02,  1.57302562e-01],
       [-3.30014271e-01,  1.10420520e+00, -4.12349475e-01,
         2.50278597e+00,  8.59886253e-01, -1.22046107e+00,
         6.19199192e+00,  4.53128255e+00,  6.31565186e+00,
         7.62765817e+00,  2.51984772e+00, -5.20408392e+00,
         6.48767151e-01, -3.83085799e-01, -1.61494253e-01,
         1.98869031e-01,  9.90355792e-02,  2.18103190e-01],
       [ 3.49108146e-01,  7.94489593e-02, -2.92316300e-02,
         1.04831692e+00,  1.15271178e+00, -9.41229227e-02,
         2.85387218e+00,  2.67533834e+00,  4.00130088e+00,
         2.51984772e+00,  3.33586755e+00, -2.18732315e+00,
         2.91334193e-01,  1.75862287e-01,  2.01832779e-01,
         2.06542306e-01, -3.24778184e-02,  9.08626160e-02],
       [ 3.63976845e-01, -8.47111076e-01,  1.43219533e-01,
        -1.75250076e+00, -9.21832864e-01,  1.30034411e+00,
        -5.34777730e+00, -4.01663904e+00, -4.48337565e+00,
        -5.20408392e+00, -2.18732315e+00,  5.29526668e+00,
        -5.64999693e-01,  5.00650642e-03,  2.47404302e-01,
        -2.75017746e-01, -2.39163203e-01, -1.54562828e-01],
       [-3.16682782e-01,  1.01692814e-01,  3.45579680e-02,
         3.17438025e-01,  9.24210826e-02, -1.89000834e-01,
         8.27053728e-01,  5.51549573e-02,  5.99557114e-01,
         6.48767151e-01,  2.91334193e-01, -5.64999693e-01,
         3.18968936e-01, -4.03746660e-02, -1.86052141e-02,
         1.03939019e-01, -3.17425455e-02,  1.35924930e-01],
       [ 6.27281654e-02, -1.89287284e-01,  1.20722822e-01,
        -1.29149805e-01,  1.15892338e-01,  7.96600775e-02,
        -1.74118618e-01,  1.30180853e-01, -7.80182490e-02,
        -3.83085799e-01,  1.75862287e-01,  5.00650642e-03,
        -4.03746660e-02,  1.92958707e-01,  4.79642166e-02,
         2.36809028e-02,  6.59525626e-02,  2.25110469e-02],
       [ 7.21011291e-03, -2.08008939e-01, -5.40078983e-02,
        -4.07476370e-02,  3.07980400e-02,  1.63443567e-01,
        -3.01127371e-01, -3.45228163e-02,  9.01626424e-02,
        -1.61494253e-01,  2.01832779e-01,  2.47404302e-01,
        -1.86052141e-02,  4.79642166e-02,  1.76161729e-01,
        -4.25412245e-02, -3.63770461e-02,  7.33950073e-02],
       [ 6.95388707e-03,  4.12008666e-02,  6.36900600e-02,
         1.15094319e-01,  1.02494561e-01, -6.75730768e-02,
         3.92732600e-01,  1.57069729e-01,  2.83576177e-01,
         1.98869031e-01,  2.06542306e-01, -2.75017746e-01,
         1.03939019e-01,  2.36809028e-02, -4.25412245e-02,
         9.18127609e-02, -5.52139163e-03,  1.16976854e-02],
       [-5.92647103e-02,  6.21748294e-02,  4.99273577e-02,
        -3.15335192e-02,  1.81673803e-02, -7.88755364e-02,
        -2.55424415e-03,  2.02563191e-01, -7.40093791e-02,
         9.90355792e-02, -3.24778184e-02, -2.39163203e-01,
        -3.17425455e-02,  6.59525626e-02, -3.63770461e-02,
        -5.52139163e-03,  1.12014379e-01,  7.80656694e-03],
       [-2.37212535e-01, -4.83444857e-02,  3.34633821e-02,
         8.84737777e-02,  1.76047125e-02, -3.94480659e-02,
         1.33079558e-01,  7.38810532e-03,  1.57302562e-01,
         2.18103190e-01,  9.08626160e-02, -1.54562828e-01,
         1.35924930e-01,  2.25110469e-02,  7.33950073e-02,
         1.16976854e-02,  7.80656694e-03,  1.44745130e-01]])
      jac: array([-3.30424577e-05,  2.10124510e-05,  7.44515560e-06,  2.53438011e-05,
       -3.41663734e-05,  3.98037159e-05,  3.37544807e-06, -5.88418203e-06,
       -1.03028697e-06, -2.95060273e-06,  1.02318154e-05, -9.78217507e-06,
       -4.92961227e-05,  5.28821431e-05, -6.02851102e-06,  2.82836717e-05,
       -4.45173528e-05, -1.84589381e-05])
  message: 'Desired error not necessarily achieved due to precision loss.'
     nfev: 2176
      nit: 69
     njev: 114
   status: 2
  success: False
        x: array([ 0.05070644,  0.26988697,  0.78169813,  1.20139221, -1.19385559,
       -0.33627726,  2.26485683, -0.9873583 , -1.19171311,  1.02631542,
       -1.67253641, -0.84091466,  0.12222766,  0.03124641, -0.38040128,
       -1.09865412, -0.31542686,  0.01263055])
