Program Begingeth
      fun: 0.29696936709503374
 hess_inv: array([[ 1.31751725e+01, -8.76769521e-01, -3.09569941e-01,
         2.09136530e+00, -1.56622370e+00,  5.65555318e-01,
         2.63736317e+00, -1.63838910e-01,  4.13795222e+00,
        -1.69063446e+00, -1.17288471e-01,  3.75881220e-01,
        -3.10935536e+00, -2.59768181e-02,  1.69317789e-01,
         1.44640128e-01,  1.57699518e+00, -2.17742741e-01],
       [-8.76769521e-01,  3.23395664e+00,  9.73386606e-02,
         1.77278161e-01,  9.44088398e-01,  1.84373425e-01,
         6.15407244e-01,  1.89260678e+00,  1.17401504e+00,
         2.62968610e-01, -2.80394910e-01, -1.25098208e+00,
         2.80501137e-01, -4.30496345e-01,  3.78382423e-01,
        -2.31117853e-01,  5.98165203e-02,  5.53438815e-02],
       [-3.09569941e-01,  9.73386606e-02,  3.95154612e+00,
        -4.53577433e-01, -2.70375482e-01,  9.60888995e-01,
        -3.89810107e+00, -2.28623251e+00,  1.31114353e+00,
        -6.16367536e-02,  1.33498517e+00, -5.35605884e-01,
        -6.46424370e-02, -4.49843163e-01, -4.94373379e-01,
        -3.36942884e-02,  1.82416815e-03,  2.33466298e-01],
       [ 2.09136530e+00,  1.77278161e-01, -4.53577433e-01,
         4.94990878e-01, -1.40215814e-01, -1.95567622e-02,
         1.38243047e+00,  3.04942771e-01,  7.41282547e-01,
        -2.71499438e-01, -1.18295227e-01, -5.57928745e-02,
        -3.96661797e-01, -4.83497181e-02,  9.31707968e-02,
         2.66294418e-02,  2.22097435e-01, -5.25978425e-02],
       [-1.56622370e+00,  9.44088398e-01, -2.70375482e-01,
        -1.40215814e-01,  4.89911868e-01, -6.86914570e-02,
         1.41238647e-01,  1.03481419e+00, -2.32637120e-01,
         3.22274006e-01, -1.99114257e-01, -2.72459949e-01,
         3.92477732e-01, -3.56345969e-02,  1.35251249e-01,
        -5.53389401e-02, -1.42500474e-01,  2.09484132e-02],
       [ 5.65555318e-01,  1.84373425e-01,  9.60888995e-01,
        -1.95567622e-02, -6.86914570e-02,  3.61440034e-01,
        -1.00781064e+00, -2.40859409e-01,  8.43208326e-01,
         6.08112763e-02,  1.68396179e-01, -1.69606261e-01,
        -2.19205518e-01, -1.04854579e-01, -2.57509991e-02,
        -2.91979189e-02,  8.64205346e-02,  5.05524398e-02],
       [ 2.63736317e+00,  6.15407244e-01, -3.89810107e+00,
         1.38243047e+00,  1.41238647e-01, -1.00781064e+00,
         8.18929149e+00,  2.17076956e+00,  2.20232524e-01,
        -2.43916610e-01, -7.59623984e-01,  4.88808713e-02,
        -1.92707118e-01,  1.60327298e-02,  3.70797990e-01,
         5.63728478e-02,  1.52461141e-01, -3.07828946e-01],
       [-1.63838910e-01,  1.89260678e+00, -2.28623251e+00,
         3.04942771e-01,  1.03481419e+00, -2.40859409e-01,
         2.17076956e+00,  5.63697197e+00,  2.10903933e-01,
         9.02996256e-01, -9.63878272e-01, -3.10924907e-01,
        -5.80886221e-02,  9.27819970e-02,  6.68366934e-01,
        -1.14508929e-01,  3.08441711e-02, -1.39230394e-01],
       [ 4.13795222e+00,  1.17401504e+00,  1.31114353e+00,
         7.41282547e-01, -2.32637120e-01,  8.43208326e-01,
         2.20232524e-01,  2.10903933e-01,  4.39660777e+00,
        -1.08787147e-01,  2.05376281e-01, -5.35853506e-01,
        -1.03130734e+00, -4.41324987e-01,  7.75738207e-02,
        -8.22306206e-02,  4.75830373e-01, -4.64144502e-02],
       [-1.69063446e+00,  2.62968610e-01, -6.16367536e-02,
        -2.71499438e-01,  3.22274006e-01,  6.08112763e-02,
        -2.43916610e-01,  9.02996256e-01, -1.08787147e-01,
         1.18938845e+00,  3.56671121e-02, -1.24507089e-01,
         1.60087735e-01, -3.03074962e-02,  1.59861066e-02,
        -4.00849600e-02, -2.39993361e-01, -1.44715669e-01],
       [-1.17288471e-01, -2.80394910e-01,  1.33498517e+00,
        -1.18295227e-01, -1.99114257e-01,  1.68396179e-01,
        -7.59623984e-01, -9.63878272e-01,  2.05376281e-01,
         3.56671121e-02,  1.16451752e+00, -1.53068134e-01,
        -5.95688454e-03, -3.05115519e-01, -4.05352770e-01,
         2.50713975e-02, -4.73506014e-02, -5.60323423e-02],
       [ 3.75881220e-01, -1.25098208e+00, -5.35605884e-01,
        -5.57928745e-02, -2.72459949e-01, -1.69606261e-01,
         4.88808713e-02, -3.10924907e-01, -5.35853506e-01,
        -1.24507089e-01, -1.53068134e-01,  8.89465722e-01,
        -9.42938194e-02,  3.25684995e-01, -1.21385828e-01,
         1.35813522e-01,  3.36545069e-02, -2.33782961e-02],
       [-3.10935536e+00,  2.80501137e-01, -6.46424370e-02,
        -3.96661797e-01,  3.92477732e-01, -2.19205518e-01,
        -1.92707118e-01, -5.80886221e-02, -1.03130734e+00,
         1.60087735e-01, -5.95688454e-03, -9.42938194e-02,
         8.83771162e-01, -3.46777898e-03, -3.51027884e-02,
         1.17678189e-02, -3.92768355e-01,  8.95933323e-02],
       [-2.59768181e-02, -4.30496345e-01, -4.49843163e-01,
        -4.83497181e-02, -3.56345969e-02, -1.04854579e-01,
         1.60327298e-02,  9.27819970e-02, -4.41324987e-01,
        -3.03074962e-02, -3.05115519e-01,  3.25684995e-01,
        -3.46777898e-03,  2.17218155e-01,  4.79975200e-02,
         4.12383527e-02,  1.82910940e-02,  1.13588137e-02],
       [ 1.69317789e-01,  3.78382423e-01, -4.94373379e-01,
         9.31707968e-02,  1.35251249e-01, -2.57509991e-02,
         3.70797990e-01,  6.68366934e-01,  7.75738207e-02,
         1.59861066e-02, -4.05352770e-01, -1.21385828e-01,
        -3.51027884e-02,  4.79975200e-02,  2.20203760e-01,
        -4.06236579e-02,  3.68938625e-02,  2.58202721e-02],
       [ 1.44640128e-01, -2.31117853e-01, -3.36942884e-02,
         2.66294418e-02, -5.53389401e-02, -2.91979189e-02,
         5.63728478e-02, -1.14508929e-01, -8.22306206e-02,
        -4.00849600e-02,  2.50713975e-02,  1.35813522e-01,
         1.17678189e-02,  4.12383527e-02, -4.06236579e-02,
         6.26253230e-02, -6.15156517e-04, -1.89012421e-03],
       [ 1.57699518e+00,  5.98165203e-02,  1.82416815e-03,
         2.22097435e-01, -1.42500474e-01,  8.64205346e-02,
         1.52461141e-01,  3.08441711e-02,  4.75830373e-01,
        -2.39993361e-01, -4.73506014e-02,  3.36545069e-02,
        -3.92768355e-01,  1.82910940e-02,  3.68938625e-02,
        -6.15156517e-04,  2.48304785e-01, -1.06527313e-02],
       [-2.17742741e-01,  5.53438815e-02,  2.33466298e-01,
        -5.25978425e-02,  2.09484132e-02,  5.05524398e-02,
        -3.07828946e-01, -1.39230394e-01, -4.64144502e-02,
        -1.44715669e-01, -5.60323423e-02, -2.33782961e-02,
         8.95933323e-02,  1.13588137e-02,  2.58202721e-02,
        -1.89012421e-03, -1.06527313e-02,  9.17053248e-02]])
      jac: array([ 9.09642732e-07, -9.18524516e-07,  3.24555198e-07, -3.50830476e-06,
        7.39963646e-06, -2.51946612e-06,  2.66453526e-07, -9.18894590e-07,
        6.03221177e-07, -1.00586206e-06, -7.24605561e-07, -1.62314606e-06,
       -2.81626574e-06,  1.74119978e-06, -1.06063306e-06,  3.09752224e-07,
       -3.79881312e-06, -6.18764299e-07])
  message: 'Optimization terminated successfully.'
     nfev: 1995
      nit: 95
     njev: 105
   status: 0
  success: True
        x: array([ 0.41733124, -0.71147145, -0.01547938,  1.28602968, -0.73682694,
       -0.11628682,  1.90657817, -0.92846409, -1.07442055,  0.00470386,
        0.43542609,  1.11516311,  0.10588234,  0.14590924, -0.2664574 ,
       -1.22517269, -0.60710839,  0.02123199])
