Program Begingeth
      fun: 0.24333559139576896
 hess_inv: array([[ 4.17148117e+00,  1.80621774e+00,  9.02460429e-01,
         1.31176602e+00,  6.46587863e-01, -5.96220825e-01,
         3.05442873e+00, -2.50391797e+00, -8.69832738e-01,
        -3.29963259e-01,  1.07890882e+00, -1.12720978e+00,
        -7.29435525e-01, -5.08822833e-01, -5.02151420e-01,
        -2.19901195e-01, -4.61508594e-01,  2.12059587e-01],
       [ 1.80621774e+00,  3.05871052e+00,  8.08159947e-01,
         3.84818887e-01,  1.15352671e+00, -1.83261610e-01,
         1.73668697e+00,  1.15115336e+00,  1.69743831e+00,
         2.71525765e-01,  2.77558318e-01, -1.46878643e+00,
        -5.63359882e-01, -4.33279865e-01, -1.86819014e-01,
        -1.83394804e-02, -2.25691199e-01,  1.61020781e-01],
       [ 9.02460429e-01,  8.08159947e-01,  3.48681183e+00,
         9.33419115e-01,  2.38553568e-01,  1.19906008e+00,
         7.66472657e+00, -4.08833890e+00,  5.11149891e+00,
        -3.92977509e-01,  1.69399251e+00, -1.00105188e+00,
        -6.90332411e-02, -3.01424585e-01, -6.39958755e-01,
        -2.59594598e-01, -1.49365875e-01, -3.58997944e-01],
       [ 1.31176602e+00,  3.84818887e-01,  9.33419115e-01,
         6.27699207e-01,  1.44682036e-01,  1.02040052e-01,
         2.92670162e+00, -1.71894371e+00,  5.21172604e-01,
        -2.58328515e-01,  6.51614763e-01, -3.45155425e-01,
        -1.53356321e-01, -1.40772531e-01, -2.86092714e-01,
        -1.21084488e-01, -1.36216765e-01, -5.87126811e-02],
       [ 6.46587863e-01,  1.15352671e+00,  2.38553568e-01,
         1.44682036e-01,  5.45041937e-01, -4.64471802e-02,
         1.20651318e+00,  1.32192309e+00,  3.13969309e-01,
         1.52690185e-02, -2.41505807e-02, -4.57485110e-01,
        -2.34439103e-01, -9.26099528e-02, -1.08926436e-02,
        -3.17483348e-02, -9.33826500e-02,  7.25678660e-02],
       [-5.96220825e-01, -1.83261610e-01,  1.19906008e+00,
         1.02040052e-01, -4.64471802e-02,  7.03613704e-01,
         2.89958450e+00, -7.66118053e-01,  2.47028766e+00,
        -2.21046795e-01,  3.30099927e-01, -5.98952041e-02,
         1.69985593e-01,  2.27531433e-02, -9.39976904e-02,
        -4.28341423e-02,  1.68472017e-02, -1.94179179e-01],
       [ 3.05442873e+00,  1.73668697e+00,  7.66472657e+00,
         2.92670162e+00,  1.20651318e+00,  2.89958450e+00,
         2.79383887e+01, -5.84115034e+00,  1.02995909e+01,
        -1.96107040e+00,  3.21130675e+00, -1.48424675e+00,
        -4.24177685e-01, -3.95117989e-01, -1.37057633e+00,
        -8.23641232e-01, -7.86638454e-01, -9.91887227e-01],
       [-2.50391797e+00,  1.15115336e+00, -4.08833890e+00,
        -1.71894371e+00,  1.32192309e+00, -7.66118053e-01,
        -5.84115034e+00,  1.66311066e+01, -4.85733757e+00,
         2.98595011e-01, -3.30213443e+00,  5.76690841e-01,
         8.07036796e-03,  5.82840744e-01,  1.55818215e+00,
         4.81122592e-01,  2.10244379e-01,  5.79806065e-01],
       [-8.69832738e-01,  1.69743831e+00,  5.11149891e+00,
         5.21172604e-01,  3.13969309e-01,  2.47028766e+00,
         1.02995909e+01, -4.85733757e+00,  1.45534217e+01,
        -4.22512730e-01,  2.08844833e+00, -1.54913328e+00,
         2.05954132e-01, -7.43936073e-01, -7.91088497e-01,
        -8.27605530e-02, -3.05939873e-01, -6.66973249e-01],
       [-3.29963259e-01,  2.71525765e-01, -3.92977509e-01,
        -2.58328515e-01,  1.52690185e-02, -2.21046795e-01,
        -1.96107040e+00,  2.98595011e-01, -4.22512730e-01,
         7.78421976e-01, -2.71640354e-01, -6.99434666e-02,
        -1.07330108e-01,  2.83027208e-02,  1.17776358e-01,
         6.88510547e-02,  1.23211438e-01,  1.83758692e-01],
       [ 1.07890882e+00,  2.77558318e-01,  1.69399251e+00,
         6.51614763e-01, -2.41505807e-02,  3.30099927e-01,
         3.21130675e+00, -3.30213443e+00,  2.08844833e+00,
        -2.71640354e-01,  1.56641599e+00, -6.19306294e-01,
        -8.82685710e-02, -3.51240366e-01, -5.62140656e-01,
        -1.79996269e-01, -1.27518973e-01, -2.55905182e-01],
       [-1.12720978e+00, -1.46878643e+00, -1.00105188e+00,
        -3.45155425e-01, -4.57485110e-01, -5.98952041e-02,
        -1.48424675e+00,  5.76690841e-01, -1.54913328e+00,
        -6.99434666e-02, -6.19306294e-01,  1.16409981e+00,
         2.47218211e-01,  3.71380423e-01,  2.00456924e-01,
         3.28049091e-03,  1.63049491e-01, -2.28321516e-03],
       [-7.29435525e-01, -5.63359882e-01, -6.90332411e-02,
        -1.53356321e-01, -2.34439103e-01,  1.69985593e-01,
        -4.24177685e-01,  8.07036796e-03,  2.05954132e-01,
        -1.07330108e-01, -8.82685710e-02,  2.47218211e-01,
         2.57827075e-01,  1.01547379e-01,  5.35909572e-02,
         7.57521566e-02,  1.11732080e-01, -1.03768158e-01],
       [-5.08822833e-01, -4.33279865e-01, -3.01424585e-01,
        -1.40772531e-01, -9.26099528e-02,  2.27531433e-02,
        -3.95117989e-01,  5.82840744e-01, -7.43936073e-01,
         2.83027208e-02, -3.51240366e-01,  3.71380423e-01,
         1.01547379e-01,  2.10354902e-01,  1.26343935e-01,
         1.17066932e-02,  1.16546891e-01,  1.63771844e-02],
       [-5.02151420e-01, -1.86819014e-01, -6.39958755e-01,
        -2.86092714e-01, -1.08926436e-02, -9.39976904e-02,
        -1.37057633e+00,  1.55818215e+00, -7.91088497e-01,
         1.17776358e-01, -5.62140656e-01,  2.00456924e-01,
         5.35909572e-02,  1.26343935e-01,  2.65310482e-01,
         8.65698875e-02,  5.63609223e-02,  1.16333536e-01],
       [-2.19901195e-01, -1.83394804e-02, -2.59594598e-01,
        -1.21084488e-01, -3.17483348e-02, -4.28341423e-02,
        -8.23641232e-01,  4.81122592e-01, -8.27605530e-02,
         6.88510547e-02, -1.79996269e-01,  3.28049091e-03,
         7.57521566e-02,  1.17066932e-02,  8.65698875e-02,
         9.19911054e-02,  3.93359934e-02,  2.24071652e-02],
       [-4.61508594e-01, -2.25691199e-01, -1.49365875e-01,
        -1.36216765e-01, -9.33826500e-02,  1.68472017e-02,
        -7.86638454e-01,  2.10244379e-01, -3.05939873e-01,
         1.23211438e-01, -1.27518973e-01,  1.63049491e-01,
         1.11732080e-01,  1.16546891e-01,  5.63609223e-02,
         3.93359934e-02,  1.42866038e-01, -8.01409062e-03],
       [ 2.12059587e-01,  1.61020781e-01, -3.58997944e-01,
        -5.87126811e-02,  7.25678660e-02, -1.94179179e-01,
        -9.91887227e-01,  5.79806065e-01, -6.66973249e-01,
         1.83758692e-01, -2.55905182e-01, -2.28321516e-03,
        -1.03768158e-01,  1.63771844e-02,  1.16333536e-01,
         2.24071652e-02, -8.01409062e-03,  1.60592032e-01]])
      jac: array([ 3.51535467e-05, -1.15210989e-04, -2.56109948e-05, -2.99961907e-05,
        2.41052548e-04,  6.58906263e-05,  5.96541335e-06, -1.07971040e-05,
        6.59842551e-07,  1.56763491e-05, -6.80996000e-05, -5.44749431e-07,
        4.34089801e-05, -2.85929243e-04, -8.34554648e-06, -5.64141326e-05,
        2.20083766e-04, -1.72016105e-05])
  message: 'Desired error not necessarily achieved due to precision loss.'
     nfev: 1931
      nit: 59
     njev: 101
   status: 2
  success: False
        x: array([-0.55374083, -0.72601758,  0.59522935, -0.9344649 , -0.86636868,
        0.1061721 , -0.66618135, -1.39696222, -0.67084089,  0.1080444 ,
        0.67542303,  1.10742642,  0.08269659,  0.2123455 , -0.34702663,
        1.14235337, -0.27922331, -0.0098354 ])
