Program Begingeth
      fun: 0.3533489805600031
 hess_inv: array([[ 8.94810177e-01, -1.60215424e-01,  9.13171408e-02,
         1.51657988e-01, -1.70997767e-01,  3.51704252e-01,
         6.25135695e-01, -9.45344901e-01, -6.83774627e-02,
         4.76659834e-01, -3.12230413e-01,  4.25970728e-01,
        -3.86837635e-01,  3.36982821e-02,  5.24969567e-02,
        -2.80015179e-02,  3.71505381e-03, -2.36574128e-01],
       [-1.60215424e-01,  5.71003900e-01, -9.17938289e-02,
        -1.65332936e-01,  2.17090671e-01, -2.39076727e-01,
        -5.18698053e-01,  3.22631901e-01,  6.56581463e-02,
        -7.06420523e-01,  4.22512821e-01, -1.12894965e-01,
         1.53639904e-01, -1.59005598e-01, -2.13718083e-01,
         8.18337270e-02, -3.22619456e-02, -5.61522858e-02],
       [ 9.13171408e-02, -9.17938289e-02,  3.64015867e-01,
         1.29394962e-02, -5.13992337e-03,  1.63100424e-01,
         5.41755798e-01, -1.09841680e-01,  6.88502411e-02,
         2.98096196e-02, -2.62502092e-01,  2.71398135e-01,
        -1.71348898e-02,  1.37232590e-01, -2.40830219e-02,
         7.16266644e-02,  5.81125089e-02,  4.02232328e-02],
       [ 1.51657988e-01, -1.65332936e-01,  1.29394962e-02,
         3.45556855e-01,  8.87825725e-03,  2.37571976e-01,
         1.25150739e+00,  3.56725005e-01, -4.99163288e-01,
         1.04252220e+00,  1.01299010e-01,  6.89129558e-01,
        -3.63326188e-02,  6.80928094e-02,  1.13247161e-01,
         2.27378693e-03,  4.98813612e-02,  2.96000778e-03],
       [-1.70997767e-01,  2.17090671e-01, -5.13992337e-03,
         8.87825725e-03,  4.37850774e-01, -1.43520341e-01,
         2.69234193e-01,  9.90102763e-01, -3.08293731e-01,
        -5.27086945e-01,  9.15839730e-01,  1.36445927e-01,
         2.69613152e-01,  2.58175711e-02, -9.28062400e-02,
         1.26894971e-01, -6.60677728e-02,  7.92544598e-02],
       [ 3.51704252e-01, -2.39076727e-01,  1.63100424e-01,
         2.37571976e-01, -1.43520341e-01,  5.63872619e-01,
         1.26363486e+00,  5.27594196e-02,  1.75340151e-01,
         1.13016366e+00, -3.75706170e-01,  1.22804707e+00,
        -2.84855140e-01,  1.60863454e-01,  1.80144068e-01,
        -5.26945328e-02,  1.72192072e-01, -3.48283007e-02],
       [ 6.25135695e-01, -5.18698053e-01,  5.41755798e-01,
         1.25150739e+00,  2.69234193e-01,  1.26363486e+00,
         6.62477354e+00,  1.65429899e+00, -1.48188569e+00,
         3.26545760e+00,  4.36829860e-01,  3.68230366e+00,
        -1.15311585e-01,  4.64147662e-01,  3.81318703e-01,
         1.09201701e-01,  2.58556602e-01,  9.65432029e-02],
       [-9.45344901e-01,  3.22631901e-01, -1.09841680e-01,
         3.56725005e-01,  9.90102763e-01,  5.27594196e-02,
         1.65429899e+00,  5.53499753e+00, -1.12213490e+00,
         1.19662938e+00,  1.84328212e+00,  1.94597532e+00,
         4.89791593e-01,  2.02695495e-01, -7.72350997e-02,
         1.70536306e-01,  1.98421410e-01,  2.58685252e-01],
       [-6.83774627e-02,  6.56581463e-02,  6.88502411e-02,
        -4.99163288e-01, -3.08293731e-01,  1.75340151e-01,
        -1.48188569e+00, -1.12213490e+00,  2.59653604e+00,
        -1.06326834e+00, -1.04390756e+00, -3.46216705e-01,
        -1.80415755e-01,  1.41484013e-02,  2.13311954e-02,
        -6.02176002e-02,  5.70616583e-02, -3.22854255e-02],
       [ 4.76659834e-01, -7.06420523e-01,  2.98096196e-02,
         1.04252220e+00, -5.27086945e-01,  1.13016366e+00,
         3.26545760e+00,  1.19662938e+00, -1.06326834e+00,
         5.05839988e+00, -8.83712473e-01,  2.78517848e+00,
        -6.79242661e-01,  2.93710456e-01,  4.61238640e-01,
        -2.39975851e-01,  5.71806623e-01, -1.40799602e-01],
       [-3.12230413e-01,  4.22512821e-01, -2.62502092e-01,
         1.01299010e-01,  9.15839730e-01, -3.75706170e-01,
         4.36829860e-01,  1.84328212e+00, -1.04390756e+00,
        -8.83712473e-01,  2.38192126e+00,  1.59042520e-01,
         5.27560222e-01, -1.47334087e-02, -1.31920342e-01,
         1.79255403e-01, -1.38895190e-01,  1.33820889e-01],
       [ 4.25970728e-01, -1.12894965e-01,  2.71398135e-01,
         6.89129558e-01,  1.36445927e-01,  1.22804707e+00,
         3.68230366e+00,  1.94597532e+00, -3.46216705e-01,
         2.78517848e+00,  1.59042520e-01,  3.77594779e+00,
        -3.64501151e-01,  3.31968159e-01,  3.02133825e-01,
        -4.52010689e-03,  4.35796586e-01,  1.85965989e-02],
       [-3.86837635e-01,  1.53639904e-01, -1.71348898e-02,
        -3.63326188e-02,  2.69613152e-01, -2.84855140e-01,
        -1.15311585e-01,  4.89791593e-01, -1.80415755e-01,
        -6.79242661e-01,  5.27560222e-01, -3.64501151e-01,
         3.74713477e-01, -3.74193835e-02, -7.68864042e-02,
         1.30019458e-01, -1.26557454e-01,  1.46748802e-01],
       [ 3.36982821e-02, -1.59005598e-01,  1.37232590e-01,
         6.80928094e-02,  2.58175711e-02,  1.60863454e-01,
         4.64147662e-01,  2.02695495e-01,  1.41484013e-02,
         2.93710456e-01, -1.47334087e-02,  3.31968159e-01,
        -3.74193835e-02,  1.41500578e-01,  5.41735796e-02,
         8.09756577e-03,  8.39324800e-02,  3.96285434e-02],
       [ 5.24969567e-02, -2.13718083e-01, -2.40830219e-02,
         1.13247161e-01, -9.28062400e-02,  1.80144068e-01,
         3.81318703e-01, -7.72350997e-02,  2.13311954e-02,
         4.61238640e-01, -1.31920342e-01,  3.02133825e-01,
        -7.68864042e-02,  5.41735796e-02,  1.54154902e-01,
        -5.40526444e-02,  3.02865688e-02,  4.90735104e-02],
       [-2.80015179e-02,  8.18337270e-02,  7.16266644e-02,
         2.27378693e-03,  1.26894971e-01, -5.26945328e-02,
         1.09201701e-01,  1.70536306e-01, -6.02176002e-02,
        -2.39975851e-01,  1.79255403e-01, -4.52010689e-03,
         1.30019458e-01,  8.09756577e-03, -5.40526444e-02,
         1.02118649e-01, -4.28726933e-02,  3.09122658e-02],
       [ 3.71505381e-03, -3.22619456e-02,  5.81125089e-02,
         4.98813612e-02, -6.60677728e-02,  1.72192072e-01,
         2.58556602e-01,  1.98421410e-01,  5.70616583e-02,
         5.71806623e-01, -1.38895190e-01,  4.35796586e-01,
        -1.26557454e-01,  8.39324800e-02,  3.02865688e-02,
        -4.28726933e-02,  1.67411156e-01, -2.14418559e-02],
       [-2.36574128e-01, -5.61522858e-02,  4.02232328e-02,
         2.96000778e-03,  7.92544598e-02, -3.48283007e-02,
         9.65432029e-02,  2.58685252e-01, -3.22854255e-02,
        -1.40799602e-01,  1.33820889e-01,  1.85965989e-02,
         1.46748802e-01,  3.96285434e-02,  4.90735104e-02,
         3.09122658e-02, -2.14418559e-02,  1.45985168e-01]])
      jac: array([-3.26146517e-06, -1.30377191e-06, -5.35497572e-06,  7.74824649e-06,
        1.25629137e-05,  1.47193369e-05, -1.27083529e-06, -1.00586206e-06,
       -2.47209660e-07, -1.97656706e-06, -2.53648954e-06, -1.06063306e-06,
        9.36288084e-08,  6.76310859e-06, -1.10637425e-05, -9.32883400e-06,
       -3.38358971e-06, -6.17135972e-06])
  message: 'Desired error not necessarily achieved due to precision loss.'
     nfev: 2367
      nit: 73
     njev: 124
   status: 2
  success: False
        x: array([ 0.11430298,  0.11661223,  0.9156112 ,  1.10519466, -1.14088366,
        0.28618675,  1.9588113 , -0.97386215,  1.30641779,  0.65266629,
       -1.6829791 ,  0.62388372,  0.06863299, -0.02759839, -0.29263079,
       -1.09120332, -0.65663834,  0.04001421])
