Program Begingeth
      fun: 0.30437353967370234
 hess_inv: array([[ 1.45355220e+00, -1.46685039e-01,  1.67309908e-01,
         2.80670883e-01, -2.33524662e-01,  3.59286974e-01,
         7.65076098e-01, -4.30565130e-01,  6.77277469e-01,
         8.38722084e-01, -7.77293749e-01,  3.05861265e-02,
        -5.76880680e-01,  2.06043712e-02,  4.03235439e-02,
        -2.62349578e-02, -1.63990535e-02, -2.70395385e-01],
       [-1.46685039e-01,  6.35033943e-01, -9.47415799e-02,
        -2.79507774e-01,  6.77107466e-02, -2.23296057e-01,
        -1.24827401e+00,  1.77652213e-01, -2.02922059e-01,
        -7.55088800e-01,  5.82178271e-03, -6.51803230e-02,
         6.40523763e-02, -2.01092023e-01, -2.17304567e-01,
         4.10632182e-02,  8.81759595e-03, -9.03404762e-02],
       [ 1.67309908e-01, -9.47415799e-02,  3.23237071e-01,
         1.40254750e-01,  1.37121293e-02,  1.32508311e-01,
         2.06734123e-01, -3.33473305e-01,  4.33477088e-01,
         5.59728095e-01, -2.52383480e-02,  8.11488666e-03,
        -3.72532939e-02,  1.09193361e-01, -1.68951996e-02,
         4.26049515e-02,  4.14035023e-02,  2.25053766e-02],
       [ 2.80670883e-01, -2.79507774e-01,  1.40254750e-01,
         4.51234699e-01,  7.65156382e-02,  2.05649012e-01,
         1.28810258e+00,  3.23349279e-01,  1.26588287e+00,
         1.29126422e+00,  2.36806423e-01, -2.12815915e-01,
        -2.91253206e-02,  1.17712917e-01,  1.25341841e-01,
         2.27658953e-02,  2.46419896e-05,  2.43810712e-02],
       [-2.33524662e-01,  6.77107466e-02,  1.37121293e-02,
         7.65156382e-02,  3.14720449e-01, -5.97396946e-02,
        -2.74132595e-02,  8.08369010e-01,  8.21239215e-01,
         2.46553168e-01,  8.15146750e-01, -2.20332399e-01,
         1.61509296e-01,  6.23431049e-02, -3.91890905e-02,
         5.85962102e-02,  2.21536717e-02,  4.59117608e-02],
       [ 3.59286974e-01, -2.23296057e-01,  1.32508311e-01,
         2.05649012e-01, -5.97396946e-02,  3.46996421e-01,
         9.31021750e-01, -4.77121286e-01,  9.88049173e-01,
         7.27235914e-01, -6.33852149e-02,  3.67889292e-01,
        -1.92334716e-01,  1.14636728e-01,  1.29979555e-01,
        -3.19214446e-02,  4.73766533e-02, -1.28133574e-02],
       [ 7.65076098e-01, -1.24827401e+00,  2.06734123e-01,
         1.28810258e+00, -2.74132595e-02,  9.31021750e-01,
         8.73869086e+00, -7.44338219e-01,  4.86164819e+00,
         3.41699709e+00,  1.27438124e+00, -2.09123953e-01,
        -5.53712947e-01,  4.20907834e-01,  5.61146601e-01,
        -2.26730460e-01,  2.34455227e-01,  4.48202057e-03],
       [-4.30565130e-01,  1.77652213e-01, -3.33473305e-01,
         3.23349279e-01,  8.08369010e-01, -4.77121286e-01,
        -7.44338219e-01,  4.60533385e+00,  1.38461978e+00,
         5.77293059e-01,  1.56923369e+00, -1.44437104e+00,
         5.26110707e-01,  4.01119412e-04, -3.12806955e-02,
         1.46276987e-01, -9.12741627e-02,  1.09432664e-01],
       [ 6.77277469e-01, -2.02922059e-01,  4.33477088e-01,
         1.26588287e+00,  8.21239215e-01,  9.88049173e-01,
         4.86164819e+00,  1.38461978e+00,  8.87520107e+00,
         4.17151119e+00,  2.73376999e+00, -3.02211558e-01,
        -2.63957468e-01,  3.93276821e-01,  2.83682959e-01,
         2.66687785e-02,  2.60850984e-01,  2.76087294e-02],
       [ 8.38722084e-01, -7.55088800e-01,  5.59728095e-01,
         1.29126422e+00,  2.46553168e-01,  7.27235914e-01,
         3.41699709e+00,  5.77293059e-01,  4.17151119e+00,
         4.01159787e+00,  7.29729210e-01, -3.74334356e-01,
        -1.52400333e-01,  3.97116681e-01,  3.41666141e-01,
         5.55900367e-02,  5.36333889e-02,  6.91782781e-02],
       [-7.77293749e-01,  5.82178271e-03, -2.52383480e-02,
         2.36806423e-01,  8.15146750e-01, -6.33852149e-02,
         1.27438124e+00,  1.56923369e+00,  2.73376999e+00,
         7.29729210e-01,  2.61542138e+00, -4.71854941e-01,
         3.60816900e-01,  1.87981543e-01, -3.49853152e-02,
         7.49644931e-02,  1.01869196e-01,  1.37608133e-01],
       [ 3.05861265e-02, -6.51803230e-02,  8.11488666e-03,
        -2.12815915e-01, -2.20332399e-01,  3.67889292e-01,
        -2.09123953e-01, -1.44437104e+00, -3.02211558e-01,
        -3.74334356e-01, -4.71854941e-01,  1.25735769e+00,
        -1.73770983e-01,  6.36441624e-02,  9.55757692e-02,
        -6.22275660e-02,  7.09617692e-02, -6.94081968e-03],
       [-5.76880680e-01,  6.40523763e-02, -3.72532939e-02,
        -2.91253206e-02,  1.61509296e-01, -1.92334716e-01,
        -5.53712947e-01,  5.26110707e-01, -2.63957468e-01,
        -1.52400333e-01,  3.60816900e-01, -1.73770983e-01,
         3.32740439e-01, -2.94974281e-03, -2.72513171e-02,
         7.56593501e-02, -2.76274079e-02,  1.28530297e-01],
       [ 2.06043712e-02, -2.01092023e-01,  1.09193361e-01,
         1.17712917e-01,  6.23431049e-02,  1.14636728e-01,
         4.20907834e-01,  4.01119412e-04,  3.93276821e-01,
         3.97116681e-01,  1.87981543e-01,  6.36441624e-02,
        -2.94974281e-03,  1.31660055e-01,  5.95140193e-02,
         6.70988748e-03,  3.92073906e-02,  4.56149205e-02],
       [ 4.03235439e-02, -2.17304567e-01, -1.68951996e-02,
         1.25341841e-01, -3.91890905e-02,  1.29979555e-01,
         5.61146601e-01, -3.12806955e-02,  2.83682959e-01,
         3.41666141e-01, -3.49853152e-02,  9.55757692e-02,
        -2.72513171e-02,  5.95140193e-02,  1.35288434e-01,
        -2.91800966e-02, -3.04973992e-03,  5.50895997e-02],
       [-2.62349578e-02,  4.10632182e-02,  4.26049515e-02,
         2.27658953e-02,  5.85962102e-02, -3.19214446e-02,
        -2.26730460e-01,  1.46276987e-01,  2.66687785e-02,
         5.55900367e-02,  7.49644931e-02, -6.22275660e-02,
         7.56593501e-02,  6.70988748e-03, -2.91800966e-02,
         5.91075958e-02, -9.73707922e-03,  1.22072141e-02],
       [-1.63990535e-02,  8.81759595e-03,  4.14035023e-02,
         2.46419896e-05,  2.21536717e-02,  4.73766533e-02,
         2.34455227e-01, -9.12741627e-02,  2.60850984e-01,
         5.36333889e-02,  1.01869196e-01,  7.09617692e-02,
        -2.76274079e-02,  3.92073906e-02, -3.04973992e-03,
        -9.73707922e-03,  5.30104185e-02,  1.22870762e-03],
       [-2.70395385e-01, -9.03404762e-02,  2.25053766e-02,
         2.43810712e-02,  4.59117608e-02, -1.28133574e-02,
         4.48202057e-03,  1.09432664e-01,  2.76087294e-02,
         6.91782781e-02,  1.37608133e-01, -6.94081968e-03,
         1.28530297e-01,  4.56149205e-02,  5.50895997e-02,
         1.22072141e-02,  1.22870762e-03,  1.10156451e-01]])
      jac: array([ 1.37297581e-06,  9.74405741e-07,  1.33966912e-06, -2.54648154e-06,
        1.77635684e-06, -6.57696120e-06,  3.15673413e-07, -2.53130850e-07,
        3.97459843e-07,  8.20084741e-07, -4.69994414e-07,  1.36779477e-06,
        2.50614344e-06,  2.58459920e-06,  5.06039655e-06, -3.39062112e-06,
       -3.22556796e-06, -2.56535534e-06])
  message: 'Optimization terminated successfully.'
     nfev: 1349
      nit: 62
     njev: 71
   status: 0
  success: True
        x: array([ 0.10617045,  0.15493886,  0.81755056,  1.48976169, -0.86754328,
        0.33974189,  0.89708679, -1.87921654,  0.84982541,  1.86434239,
       -0.78826473,  0.91775016,  0.04534551,  0.11040281, -0.22651865,
       -1.33579312, -0.42843304,  0.04973488])
