Program Begingeth
      fun: 0.29508125113171996
 hess_inv: array([[ 2.82518561e+00, -2.88633000e-01,  1.89286729e+00,
         8.82457455e-01, -3.05964435e-01,  1.38046519e+00,
        -1.51665107e+00, -1.16018500e+00,  5.43278050e+00,
         1.51752310e-01, -2.76044674e-01, -2.10463935e-01,
        -3.65294550e-01,  7.73960444e-02,  1.43409509e-01,
        -1.85014557e-01,  1.76533548e-01, -1.66633896e-01],
       [-2.88633000e-01,  2.88067469e+00,  2.02580731e+00,
        -2.25881320e-01,  1.17603508e+00,  8.77093176e-01,
        -3.49505337e+00, -4.83976556e-01,  4.62906395e+00,
        -2.22864973e-01,  7.80952310e-01, -7.42408603e-01,
         2.37802354e-01, -2.81338293e-01, -1.91879298e-01,
         7.58665442e-02, -1.53711830e-01, -9.38811910e-02],
       [ 1.89286729e+00,  2.02580731e+00,  8.18501988e+00,
        -3.98878082e-01,  3.85009230e-01,  4.25213726e+00,
        -1.23547263e+01, -7.94865056e+00,  1.55376639e+01,
         8.03877857e-01,  1.93095121e+00, -5.91571927e-01,
        -5.04387743e-01, -2.39241022e-01, -6.42906013e-01,
         2.98873262e-02,  1.55034745e-01, -7.47817059e-01],
       [ 8.82457455e-01, -2.25881320e-01, -3.98878082e-01,
         4.64556478e-01, -1.04541871e-01, -5.67991696e-02,
         1.44549386e+00,  8.17654706e-01,  1.24625363e-01,
        -9.13094774e-02, -3.50529141e-01, -9.39870698e-02,
        -4.23246058e-02,  2.54421772e-02,  1.62096772e-01,
        -7.89531512e-02,  2.08911676e-02,  5.65618919e-02],
       [-3.05964435e-01,  1.17603508e+00,  3.85009230e-01,
        -1.04541871e-01,  5.57924367e-01,  1.28367339e-01,
        -9.98451115e-01,  6.87959572e-01,  9.29431298e-01,
        -9.92112529e-02,  1.88987364e-01, -2.51142498e-01,
         1.51582146e-01, -8.06650329e-02, -3.30615554e-02,
         5.19367953e-02, -7.78829976e-02,  1.14609495e-02],
       [ 1.38046519e+00,  8.77093176e-01,  4.25213726e+00,
        -5.67991696e-02,  1.28367339e-01,  2.31688969e+00,
        -6.36619637e+00, -3.87096737e+00,  8.54091324e+00,
         5.03133419e-01,  7.97053625e-01, -2.75523288e-01,
        -3.28066684e-01, -8.39513953e-02, -2.68493616e-01,
        -2.40843774e-02,  9.71778015e-02, -3.91993314e-01],
       [-1.51665107e+00, -3.49505337e+00, -1.23547263e+01,
         1.44549386e+00, -9.98451115e-01, -6.36619637e+00,
         2.41048652e+01,  1.13676388e+01, -2.25576936e+01,
        -1.28393008e+00, -2.67879096e+00,  3.11568672e-01,
         5.18579616e-01,  1.70038791e-01,  1.09909037e+00,
        -2.78280501e-01, -1.53418548e-01,  1.15509894e+00],
       [-1.16018500e+00, -4.83976556e-01, -7.94865056e+00,
         8.17654706e-01,  6.87959572e-01, -3.87096737e+00,
         1.13676388e+01,  1.42455000e+01, -1.41845594e+01,
        -6.18162960e-01, -2.42662210e+00,  9.94962759e-02,
         6.23431913e-01,  2.73490724e-01,  1.04145955e+00,
        -6.08120713e-02, -2.58258881e-01,  8.88736427e-01],
       [ 5.43278050e+00,  4.62906395e+00,  1.55376639e+01,
         1.24625363e-01,  9.29431298e-01,  8.54091324e+00,
        -2.25576936e+01, -1.41845594e+01,  3.49320404e+01,
         1.56068501e+00,  3.27534555e+00, -1.48502445e+00,
        -1.06553884e+00, -6.87002058e-01, -1.07419355e+00,
        -1.60791999e-01,  1.32961788e-01, -1.46362489e+00],
       [ 1.51752310e-01, -2.22864973e-01,  8.03877857e-01,
        -9.13094774e-02, -9.92112529e-02,  5.03133419e-01,
        -1.28393008e+00, -6.18162960e-01,  1.56068501e+00,
         1.06530607e+00,  1.38871770e-01,  4.57218804e-02,
        -3.16420211e-01, -1.57665813e-03, -1.80757352e-01,
        -2.01866674e-02, -1.44416640e-03, -3.21015050e-01],
       [-2.76044674e-01,  7.80952310e-01,  1.93095121e+00,
        -3.50529141e-01,  1.88987364e-01,  7.97053625e-01,
        -2.67879096e+00, -2.42662210e+00,  3.27534555e+00,
         1.38871770e-01,  1.23307122e+00, -2.51834406e-01,
        -3.37033245e-02, -2.57750312e-01, -3.54118397e-01,
         7.04350549e-02, -1.97835299e-02, -2.46872205e-01],
       [-2.10463935e-01, -7.42408603e-01, -5.91571927e-01,
        -9.39870698e-02, -2.51142498e-01, -2.75523288e-01,
         3.11568672e-01,  9.94962759e-02, -1.48502445e+00,
         4.57218804e-02, -2.51834406e-01,  5.56524004e-01,
         1.11503339e-02,  1.54226355e-01, -1.33314224e-02,
         6.60726919e-02,  6.58598435e-02,  4.76454355e-02],
       [-3.65294550e-01,  2.37802354e-01, -5.04387743e-01,
        -4.23246058e-02,  1.51582146e-01, -3.28066684e-01,
         5.18579616e-01,  6.23431913e-01, -1.06553884e+00,
        -3.16420211e-01, -3.37033245e-02,  1.11503339e-02,
         1.92849257e-01, -1.69201935e-02,  4.18892544e-02,
         6.75406531e-02, -4.96075736e-02,  1.23090195e-01],
       [ 7.73960444e-02, -2.81338293e-01, -2.39241022e-01,
         2.54421772e-02, -8.06650329e-02, -8.39513953e-02,
         1.70038791e-01,  2.73490724e-01, -6.87002058e-01,
        -1.57665813e-03, -2.57750312e-01,  1.54226355e-01,
        -1.69201935e-02,  1.24591635e-01,  5.61966315e-02,
         1.03031408e-03,  6.78831469e-02,  3.82031397e-02],
       [ 1.43409509e-01, -1.91879298e-01, -6.42906013e-01,
         1.62096772e-01, -3.30615554e-02, -2.68493616e-01,
         1.09909037e+00,  1.04145955e+00, -1.07419355e+00,
        -1.80757352e-01, -3.54118397e-01, -1.33314224e-02,
         4.18892544e-02,  5.61966315e-02,  1.75993621e-01,
        -3.56661368e-02,  2.73350278e-04,  1.37855475e-01],
       [-1.85014557e-01,  7.58665442e-02,  2.98873262e-02,
        -7.89531512e-02,  5.19367953e-02, -2.40843774e-02,
        -2.78280501e-01, -6.08120713e-02, -1.60791999e-01,
        -2.01866674e-02,  7.04350549e-02,  6.60726919e-02,
         6.75406531e-02,  1.03031408e-03, -3.56661368e-02,
         6.70562756e-02, -1.07420436e-02,  5.79597432e-03],
       [ 1.76533548e-01, -1.53711830e-01,  1.55034745e-01,
         2.08911676e-02, -7.78829976e-02,  9.71778015e-02,
        -1.53418548e-01, -2.58258881e-01,  1.32961788e-01,
        -1.44416640e-03, -1.97835299e-02,  6.58598435e-02,
        -4.96075736e-02,  6.78831469e-02,  2.73350278e-04,
        -1.07420436e-02,  8.41832132e-02, -1.18711212e-02],
       [-1.66633896e-01, -9.38811910e-02, -7.47817059e-01,
         5.65618919e-02,  1.14609495e-02, -3.91993314e-01,
         1.15509894e+00,  8.88736427e-01, -1.46362489e+00,
        -3.21015050e-01, -2.46872205e-01,  4.76454355e-02,
         1.23090195e-01,  3.82031397e-02,  1.37855475e-01,
         5.79597432e-03, -1.18711212e-02,  1.79243095e-01]])
      jac: array([-2.02689717e-06, -6.32827124e-07, -4.92568949e-06,  6.95702755e-06,
        9.44540742e-06,  5.58960285e-06, -1.49287989e-06, -1.60871316e-06,
       -7.85297753e-07, -7.40111676e-06, -3.01758618e-06, -1.35114142e-06,
       -2.90327022e-05, -4.69883391e-06,  1.01030295e-06,  2.00539585e-05,
       -3.38358970e-06,  1.60205182e-06])
  message: 'Desired error not necessarily achieved due to precision loss.'
     nfev: 1969
      nit: 72
     njev: 103
   status: 2
  success: False
        x: array([ 1.06929401, -1.4175127 ,  0.56732235,  1.30785492, -1.38735809,
        0.17049776,  0.98522264, -1.94889582, -0.67383404,  0.11729752,
        0.54410854,  1.1508334 , -0.00240514,  0.20929936, -0.28420631,
       -1.22224298, -0.07706954, -0.01356173])
