Program Begingeth
      fun: 0.3007440856454348
 hess_inv: array([[ 4.00905106e+00, -1.15925043e+00,  1.41755050e-01,
         1.44751801e+00, -6.41258789e-01,  3.77433664e-01,
         1.65247140e+00,  3.20031280e-01,  1.89613113e+00,
         4.97937473e-02, -2.60574927e-01, -1.83976043e-01,
        -5.10809766e-01,  5.33064305e-02,  1.68009767e-01,
        -2.06640731e-01,  2.49063116e-01, -8.46108954e-02],
       [-1.15925043e+00,  3.00304345e+00, -1.04038385e-01,
        -1.65557858e-01,  1.30284850e+00, -9.32028667e-02,
         3.29846796e-01,  1.82498681e+00,  5.14612524e-01,
        -2.65342925e-01, -1.83373205e-02, -6.97023414e-01,
         3.71867942e-01, -1.98965702e-01,  1.47990018e-01,
         1.87990508e-02, -1.77931594e-01,  1.11581220e-01],
       [ 1.41755050e-01, -1.04038385e-01,  1.77104057e+01,
        -2.11338648e+00, -7.33310296e-01,  7.45018210e+00,
        -2.31282664e+01, -9.92845219e+00,  9.06025633e+00,
         9.00733779e-01,  3.62075596e+00, -1.16561341e+00,
        -7.74845568e-01, -4.11737271e-01, -5.57099803e-01,
         2.67485006e-02,  5.58695734e-01, -3.16303031e-01],
       [ 1.44751801e+00, -1.65557858e-01, -2.11338648e+00,
         8.57994471e-01, -5.41492497e-02, -7.86674138e-01,
         3.93577033e+00,  1.39540104e+00, -2.49786794e-01,
        -1.35769876e-01, -4.70612602e-01, -1.19675137e-02,
        -4.10061642e-02,  1.62624388e-02,  1.31032788e-01,
        -6.92552270e-02, -9.33487356e-03,  1.81771679e-02],
       [-6.41258789e-01,  1.30284850e+00, -7.33310296e-01,
        -5.41492497e-02,  6.34814248e-01, -3.26878520e-01,
         8.17411630e-01,  1.46088191e+00, -2.46663519e-01,
        -8.73684885e-02, -1.60305176e-01, -1.97595921e-01,
         1.96542410e-01, -4.39628895e-02,  8.56354633e-02,
         2.52514557e-02, -9.70558553e-02,  6.22731998e-02],
       [ 3.77433664e-01, -9.32028667e-02,  7.45018210e+00,
        -7.86674138e-01, -3.26878520e-01,  3.20512991e+00,
        -9.77817350e+00, -3.93314065e+00,  4.13440932e+00,
         4.62592687e-01,  1.39358153e+00, -5.01833026e-01,
        -3.90995052e-01, -1.48008021e-01, -1.86503884e-01,
        -1.69605618e-02,  2.51447107e-01, -1.35414057e-01],
       [ 1.65247140e+00,  3.29846796e-01, -2.31282664e+01,
         3.93577033e+00,  8.17411630e-01, -9.77817350e+00,
         3.63828136e+01,  1.24636233e+01, -1.01592879e+01,
        -1.18531783e+00, -3.97238218e+00,  1.01608282e+00,
         9.32174844e-01,  1.36733401e-01,  6.17449587e-01,
        -1.25176807e-01, -7.98083698e-01,  3.34736643e-01],
       [ 3.20031280e-01,  1.82498681e+00, -9.92845219e+00,
         1.39540104e+00,  1.46088191e+00, -3.93314065e+00,
         1.24636233e+01,  1.08152573e+01, -4.25083768e+00,
         3.65648799e-02, -2.32504991e+00,  2.14572229e-01,
         3.39415331e-01,  2.22905727e-01,  6.32581082e-01,
        -8.75850359e-02, -3.51549710e-01,  2.23197888e-01],
       [ 1.89613113e+00,  5.14612524e-01,  9.06025633e+00,
        -2.49786794e-01, -2.46663519e-01,  4.13440932e+00,
        -1.01592879e+01, -4.25083768e+00,  7.91391513e+00,
         6.01984740e-01,  1.64030604e+00, -9.41997994e-01,
        -5.68646677e-01, -3.55865523e-01, -1.46775152e-01,
        -1.26957806e-01,  2.56940608e-01, -2.03190009e-01],
       [ 4.97937473e-02, -2.65342925e-01,  9.00733779e-01,
        -1.35769876e-01, -8.73684885e-02,  4.62592687e-01,
        -1.18531783e+00,  3.65648799e-02,  6.01984740e-01,
         1.13067241e+00,  2.05630852e-01, -4.06428940e-02,
        -3.51561505e-01, -9.24306089e-03, -1.20344192e-01,
        -4.02650379e-02,  2.02287384e-02, -2.43683891e-01],
       [-2.60574927e-01, -1.83373205e-02,  3.62075596e+00,
        -4.70612602e-01, -1.60305176e-01,  1.39358153e+00,
        -3.97238218e+00, -2.32504991e+00,  1.64030604e+00,
         2.05630852e-01,  1.39211164e+00, -2.53719675e-01,
        -1.03373974e-01, -2.43909215e-01, -2.78586601e-01,
         4.95141139e-02,  7.72039710e-02, -1.48995039e-01],
       [-1.83976043e-01, -6.97023414e-01, -1.16561341e+00,
        -1.19675137e-02, -1.97595921e-01, -5.01833026e-01,
         1.01608282e+00,  2.14572229e-01, -9.41997994e-01,
        -4.06428940e-02, -2.53719675e-01,  6.19670442e-01,
         5.98370638e-02,  1.49888945e-01, -6.28890488e-02,
         8.00254332e-02,  2.33762157e-02,  2.94934236e-02],
       [-5.10809766e-01,  3.71867942e-01, -7.74845568e-01,
        -4.10061642e-02,  1.96542410e-01, -3.90995052e-01,
         9.32174844e-01,  3.39415331e-01, -5.68646677e-01,
        -3.51561505e-01, -1.03373974e-01,  5.98370638e-02,
         2.38877659e-01, -1.09860466e-02,  2.60956632e-02,
         7.55393439e-02, -7.20880424e-02,  9.28463940e-02],
       [ 5.33064305e-02, -1.98965702e-01, -4.11737271e-01,
         1.62624388e-02, -4.39628895e-02, -1.48008021e-01,
         1.36733401e-01,  2.22905727e-01, -3.55865523e-01,
        -9.24306089e-03, -2.43909215e-01,  1.49888945e-01,
        -1.09860466e-02,  1.06319643e-01,  3.12774426e-02,
         3.48972784e-03,  3.94341132e-02,  2.35120496e-02],
       [ 1.68009767e-01,  1.47990018e-01, -5.57099803e-01,
         1.31032788e-01,  8.56354633e-02, -1.86503884e-01,
         6.17449587e-01,  6.32581082e-01, -1.46775152e-01,
        -1.20344192e-01, -2.78586601e-01, -6.28890488e-02,
         2.60956632e-02,  3.12774426e-02,  1.20139367e-01,
        -2.75164357e-02, -1.49011399e-02,  7.04587568e-02],
       [-2.06640731e-01,  1.87990508e-02,  2.67485006e-02,
        -6.92552270e-02,  2.52514557e-02, -1.69605618e-02,
        -1.25176807e-01, -8.75850359e-02, -1.26957806e-01,
        -4.02650379e-02,  4.95141139e-02,  8.00254332e-02,
         7.55393439e-02,  3.48972784e-03, -2.75164357e-02,
         6.32141395e-02, -1.13939790e-02,  1.18632665e-02],
       [ 2.49063116e-01, -1.77931594e-01,  5.58695734e-01,
        -9.33487356e-03, -9.70558553e-02,  2.51447107e-01,
        -7.98083698e-01, -3.51549710e-01,  2.56940608e-01,
         2.02287384e-02,  7.72039710e-02,  2.33762157e-02,
        -7.20880424e-02,  3.94341132e-02, -1.49011399e-02,
        -1.13939790e-02,  7.86589642e-02, -1.35345172e-02],
       [-8.46108954e-02,  1.11581220e-01, -3.16303031e-01,
         1.81771679e-02,  6.22731998e-02, -1.35414057e-01,
         3.34736643e-01,  2.23197888e-01, -2.03190009e-01,
        -2.43683891e-01, -1.48995039e-01,  2.94934236e-02,
         9.28463940e-02,  2.35120496e-02,  7.04587568e-02,
         1.18632665e-02, -1.35345172e-02,  9.52379358e-02]])
      jac: array([ 8.29503133e-05, -7.53582382e-06,  4.87794990e-05, -1.94113244e-04,
       -3.31582909e-05, -7.73758835e-05,  1.31024821e-05,  1.44173562e-05,
        9.39988828e-07,  6.75833463e-05, -3.09019477e-05,  4.75175455e-07,
        2.58285245e-04, -5.32699810e-05, -1.76525461e-05, -1.56871923e-04,
        4.81903406e-05,  3.87541850e-06])
  message: 'Desired error not necessarily achieved due to precision loss.'
     nfev: 2273
      nit: 74
     njev: 119
   status: 2
  success: False
        x: array([ 1.15496277, -1.29167191,  0.15954985,  1.52566752, -1.23562898,
       -0.01473693,  1.77642475, -1.48752034, -1.02988321,  0.02231214,
        0.44410284,  1.12522756, -0.00280186,  0.20747099, -0.24397554,
       -1.37963983, -0.14161935,  0.02131291])
