Program Begingeth
      fun: 0.2864733265923329
 hess_inv: array([[ 2.06033896e+00, -3.45167162e-01, -4.21788700e+00,
         7.08465348e-01, -2.38489554e-01, -2.18636677e+00,
        -3.83160392e+00, -2.13816221e+00, -3.41014281e+00,
        -2.03158885e-02,  4.62494001e-01, -1.41450726e-02,
         2.23763227e-01, -9.12850930e-02, -1.94523034e-01,
         1.56848471e-01, -6.39995134e-02, -1.53145734e-02],
       [-3.45167162e-01,  1.29137470e+00,  2.24551429e+00,
         1.42931967e-02,  7.57761550e-01,  1.09821928e+00,
         2.67788521e+00,  1.74941350e+00,  1.22947851e+00,
         1.12172029e-02, -2.43206374e-01,  3.39093573e-01,
         3.22651711e-03,  1.82317660e-01, -4.05089207e-03,
         5.07705563e-02,  5.45653269e-02, -2.85081511e-03],
       [-4.21788700e+00,  2.24551429e+00,  2.93137819e+01,
         5.40713870e-01,  2.24188879e+00,  1.49883914e+01,
         3.12884670e+01,  1.62432050e+01,  2.03627563e+01,
         2.25033795e-01, -4.01582860e+00,  8.33889269e-01,
         3.82502298e-02,  9.82291710e-01,  1.44531818e+00,
        -1.17366500e-01, -1.06986926e-01,  4.55505871e-01],
       [ 7.08465348e-01,  1.42931967e-02,  5.40713870e-01,
         4.70971601e-01,  7.42097423e-02,  2.51587496e-01,
         1.21362774e+00,  3.45364698e-01,  2.08013251e-01,
        -1.21099160e-02, -1.00627986e-01,  5.94008618e-02,
         1.55426811e-01,  1.92511538e-02,  2.05641076e-02,
         8.73692428e-02, -6.66793360e-02,  3.34762805e-02],
       [-2.38489554e-01,  7.57761550e-01,  2.24188879e+00,
         7.42097423e-02,  5.08602806e-01,  1.12340016e+00,
         2.53270460e+00,  1.70809015e+00,  1.33384895e+00,
         6.43492716e-02, -2.75127792e-01,  2.40432977e-01,
         1.24095717e-02,  1.47099617e-01,  4.95549201e-02,
         4.05673055e-02,  2.48298159e-02,  1.39532809e-02],
       [-2.18636677e+00,  1.09821928e+00,  1.49883914e+01,
         2.51587496e-01,  1.12340016e+00,  7.69199056e+00,
         1.58529470e+01,  8.34237805e+00,  1.05385353e+01,
         1.66473111e-01, -2.11110455e+00,  4.20393533e-01,
        -1.92182569e-03,  5.07973893e-01,  7.61084392e-01,
        -7.11491056e-02, -5.80717611e-02,  2.35325863e-01],
       [-3.83160392e+00,  2.67788521e+00,  3.12884670e+01,
         1.21362774e+00,  2.53270460e+00,  1.58529470e+01,
         3.65675401e+01,  1.70048086e+01,  2.19589276e+01,
         1.52121146e-01, -3.86396180e+00,  9.48705389e-01,
         3.06794925e-01,  8.88235383e-01,  1.31927164e+00,
         2.82751125e-02, -2.63181193e-01,  4.15332465e-01],
       [-2.13816221e+00,  1.74941350e+00,  1.62432050e+01,
         3.45364698e-01,  1.70809015e+00,  8.34237805e+00,
         1.70048086e+01,  1.12461934e+01,  1.09663590e+01,
         6.15513437e-01, -2.16244454e+00,  7.07900867e-01,
        -6.73823956e-02,  6.44951340e-01,  7.69033073e-01,
        -8.00747867e-03, -3.66477425e-02,  1.94726459e-01],
       [-3.41014281e+00,  1.22947851e+00,  2.03627563e+01,
         2.08013251e-01,  1.33384895e+00,  1.05385353e+01,
         2.19589276e+01,  1.09663590e+01,  1.58742186e+01,
         2.20781575e-01, -2.84561946e+00,  5.36937812e-01,
         5.74299803e-03,  5.58097347e-01,  9.98847560e-01,
        -1.21484915e-01, -1.64239390e-01,  2.81761799e-01],
       [-2.03158885e-02,  1.12172029e-02,  2.25033795e-01,
        -1.21099160e-02,  6.43492716e-02,  1.66473111e-01,
         1.52121146e-01,  6.15513437e-01,  2.20781575e-01,
         8.38373597e-01,  4.92247511e-02, -1.19475177e-02,
        -2.07952465e-01, -5.53741422e-03, -7.84258679e-02,
        -1.01301961e-02, -2.04545948e-02, -1.95776147e-01],
       [ 4.62494001e-01, -2.43206374e-01, -4.01582860e+00,
        -1.00627986e-01, -2.75127792e-01, -2.11110455e+00,
        -3.86396180e+00, -2.16244454e+00, -2.84561946e+00,
         4.92247511e-02,  1.02237405e+00, -1.16600708e-01,
        -2.05169136e-02, -2.36256933e-01, -3.20899168e-01,
         2.74563110e-02,  1.90988723e-02, -1.62765906e-01],
       [-1.41450726e-02,  3.39093573e-01,  8.33889269e-01,
         5.94008618e-02,  2.40432977e-01,  4.20393534e-01,
         9.48705389e-01,  7.07900867e-01,  5.36937812e-01,
        -1.19475177e-02, -1.16600708e-01,  3.66466404e-01,
         5.06380876e-02,  1.04198931e-01, -2.83252813e-02,
         7.35601175e-02,  4.54576367e-02,  2.43020622e-02],
       [ 2.23763227e-01,  3.22651711e-03,  3.82502298e-02,
         1.55426811e-01,  1.24095717e-02, -1.92182569e-03,
         3.06794925e-01, -6.73823956e-02,  5.74299803e-03,
        -2.07952465e-01, -2.05169136e-02,  5.06380876e-02,
         1.33347148e-01,  3.06981153e-03,  1.08986398e-02,
         6.55233601e-02, -2.19815793e-02,  5.69977496e-02],
       [-9.12850930e-02,  1.82317660e-01,  9.82291710e-01,
         1.92511538e-02,  1.47099617e-01,  5.07973893e-01,
         8.88235383e-01,  6.44951340e-01,  5.58097347e-01,
        -5.53741422e-03, -2.36256933e-01,  1.04198931e-01,
         3.06981153e-03,  1.06684847e-01,  6.14624758e-02,
         9.33375066e-03,  3.87697502e-02,  3.82883221e-02],
       [-1.94523034e-01, -4.05089207e-03,  1.44531818e+00,
         2.05641076e-02,  4.95549201e-02,  7.61084392e-01,
         1.31927164e+00,  7.69033073e-01,  9.98847560e-01,
        -7.84258679e-02, -3.20899168e-01, -2.83252813e-02,
         1.08986398e-02,  6.14624758e-02,  1.55953187e-01,
        -2.75819403e-02, -1.18494781e-02,  8.77221438e-02],
       [ 1.56848471e-01,  5.07705563e-02, -1.17366500e-01,
         8.73692428e-02,  4.05673055e-02, -7.11491056e-02,
         2.82751125e-02, -8.00747867e-03, -1.21484915e-01,
        -1.01301961e-02,  2.74563110e-02,  7.35601175e-02,
         6.55233601e-02,  9.33375066e-03, -2.75819403e-02,
         6.59907270e-02, -4.83918184e-03,  3.14029897e-03],
       [-6.39995134e-02,  5.45653269e-02, -1.06986926e-01,
        -6.66793360e-02,  2.48298159e-02, -5.80717611e-02,
        -2.63181193e-01, -3.66477425e-02, -1.64239390e-01,
        -2.04545948e-02,  1.90988723e-02,  4.54576367e-02,
        -2.19815793e-02,  3.87697502e-02, -1.18494781e-02,
        -4.83918184e-03,  5.51908967e-02,  5.30594703e-04],
       [-1.53145734e-02, -2.85081511e-03,  4.55505871e-01,
         3.34762805e-02,  1.39532809e-02,  2.35325863e-01,
         4.15332465e-01,  1.94726459e-01,  2.81761799e-01,
        -1.95776147e-01, -1.62765906e-01,  2.43020622e-02,
         5.69977496e-02,  3.82883221e-02,  8.77221438e-02,
         3.14029897e-03,  5.30594703e-04,  9.70661146e-02]])
      jac: array([-4.86444218e-05, -1.61826108e-05, -6.95384491e-05,  9.99219226e-05,
        4.84919512e-05,  1.29117087e-04, -3.73516033e-06, -5.20546569e-06,
       -8.92471282e-06, -6.59520586e-05,  5.21412543e-05,  4.03414339e-05,
       -1.71191950e-04,  1.30343144e-04,  2.32214618e-04,  1.33109079e-04,
       -1.28527559e-04, -1.97254435e-04])
  message: 'Desired error not necessarily achieved due to precision loss.'
     nfev: 2329
      nit: 85
     njev: 122
   status: 2
  success: False
        x: array([ 2.23843182, -1.06366959,  0.02776347,  1.91681415, -1.12354457,
       -0.07161771,  2.27086176, -1.28725859, -1.1063867 ,  0.04346253,
        0.41427932,  1.19671806,  0.02977504,  0.19482999, -0.26483976,
       -1.2128117 , -0.26276433,  0.00889526])
