Program Begingeth
      fun: 0.4493713777468674
 hess_inv: array([[ 1.15726615e+00, -1.98774980e-01,  1.37521184e-01,
         8.30488426e-02,  2.17527514e-01, -4.34193834e-01,
         1.40604505e-01,  6.38471235e-01, -2.68455009e+00,
        -2.98299495e-01,  4.52435112e-01,  1.10170789e+00,
        -4.04649550e-01,  8.89998164e-02, -6.84831037e-01,
        -1.00343027e-01, -8.87378393e-02, -1.96222761e-01],
       [-1.98774980e-01,  1.96619505e+00, -1.20836245e-01,
        -3.20766630e-01, -2.37959368e-01, -4.00430966e-01,
        -1.43348394e+00,  8.57191904e-02,  6.83822800e-01,
         2.37523424e-02,  6.78344056e-01, -1.61121906e-01,
        -1.14431441e-01, -1.42611031e+00, -1.43311432e-01,
         3.84269517e-02, -3.27125419e-01,  2.87409904e-01],
       [ 1.37521184e-01, -1.20836245e-01,  7.84595190e-01,
         1.14016970e-01,  2.25122148e-01, -9.76892847e-02,
         9.58060542e-01,  3.23861732e-01, -2.27493258e-01,
        -7.56161213e-01, -4.18995625e-02,  9.74213381e-03,
         1.65831309e-01,  2.38825363e-01, -5.30159362e-01,
         1.05946830e-02, -2.77855468e-02, -1.78269787e-01],
       [ 8.30488426e-02, -3.20766630e-01,  1.14016970e-01,
         2.10368315e-01,  1.12837340e-02, -2.12635078e-02,
         5.81328110e-01, -4.76395566e-01, -4.60446346e-01,
        -1.36398980e-01,  1.72811705e-01,  9.20263194e-02,
         1.89489920e-01,  1.51750671e-01, -9.81049707e-02,
         3.87424143e-02,  1.71136100e-02, -5.49605036e-02],
       [ 2.17527514e-01, -2.37959368e-01,  2.25122148e-01,
         1.12837340e-02,  2.37489248e-01, -2.55941116e-03,
         4.73255607e-01,  7.23116170e-01, -2.84982142e-01,
        -2.18616531e-01, -2.55269399e-01,  2.06735972e-01,
        -7.32268796e-02,  3.89134203e-01, -2.01289843e-01,
        -1.50411529e-02,  8.17629917e-02, -1.10391111e-01],
       [-4.34193834e-01, -4.00430966e-01, -9.76892847e-02,
        -2.12635078e-02, -2.55941116e-03,  4.72635905e-01,
         2.40989089e-01, -2.11520727e-01,  1.78001618e+00,
         1.22694292e-01, -8.22772317e-01, -3.74778283e-01,
         1.56857894e-01,  4.70404527e-01,  4.87774033e-01,
         6.13348080e-02,  1.64298080e-01,  3.52171941e-02],
       [ 1.40604505e-01, -1.43348394e+00,  9.58060542e-01,
         5.81328110e-01,  4.73255607e-01,  2.40989089e-01,
         3.97171216e+00, -1.18858633e-01, -2.91233349e-01,
        -7.29060292e-01, -7.70379924e-01,  2.33847191e-01,
         4.47747594e-01,  1.43640291e+00, -4.56146182e-01,
         6.47990419e-02,  2.81420418e-01, -3.71239205e-01],
       [ 6.38471235e-01,  8.57191904e-02,  3.23861732e-01,
        -4.76395566e-01,  7.23116170e-01, -2.11520727e-01,
        -1.18858633e-01,  5.23919594e+00, -1.16731435e+00,
        -1.04493820e-01, -2.25343514e-01,  4.56712338e-01,
        -8.79773587e-01,  3.92577108e-01, -4.55917509e-01,
        -2.49521629e-01,  5.21751664e-02, -1.34133648e-01],
       [-2.68455009e+00,  6.83822800e-01, -2.27493258e-01,
        -4.60446346e-01, -2.84982142e-01,  1.78001618e+00,
        -2.91233349e-01, -1.16731435e+00,  1.21040340e+01,
         5.32459353e-02, -3.09984074e+00, -2.03854277e+00,
         9.44948199e-01,  4.01735612e-01,  1.70600277e+00,
         4.15234406e-01,  3.03497042e-01,  3.25427278e-01],
       [-2.98299495e-01,  2.37523424e-02, -7.56161213e-01,
        -1.36398980e-01, -2.18616531e-01,  1.22694292e-01,
        -7.29060292e-01, -1.04493820e-01,  5.32459353e-02,
         1.10339235e+00,  1.04750295e-02, -2.11328091e-01,
        -2.42224842e-01, -1.61724165e-01,  6.09606400e-01,
        -5.55123558e-02,  7.89961811e-02,  1.89229593e-01],
       [ 4.52435112e-01,  6.78344056e-01, -4.18995625e-02,
         1.72811705e-01, -2.55269399e-01, -8.22772317e-01,
        -7.70379924e-01, -2.25343514e-01, -3.09984074e+00,
         1.04750295e-02,  2.88385390e+00,  2.25245620e-01,
        -1.05499260e-01, -1.41407938e+00, -4.87403226e-01,
        -1.99586430e-01, -3.93495366e-01,  2.01930438e-01],
       [ 1.10170789e+00, -1.61121906e-01,  9.74213381e-03,
         9.20263194e-02,  2.06735972e-01, -3.74778283e-01,
         2.33847191e-01,  4.56712338e-01, -2.03854277e+00,
        -2.11328091e-01,  2.25245620e-01,  1.45336902e+00,
        -3.66749995e-01,  1.29818558e-01, -7.13886212e-01,
        -4.88417972e-02, -8.17780078e-02, -2.29061521e-01],
       [-4.04649550e-01, -1.14431441e-01,  1.65831309e-01,
         1.89489920e-01, -7.32268796e-02,  1.56857894e-01,
         4.47747594e-01, -8.79773587e-01,  9.44948199e-01,
        -2.42224842e-01, -1.05499260e-01, -3.66749995e-01,
         4.81232740e-01,  7.81048037e-02,  1.08311089e-01,
         1.51653018e-01,  2.56439882e-02,  1.04769506e-02],
       [ 8.89998164e-02, -1.42611031e+00,  2.38825363e-01,
         1.51750671e-01,  3.89134203e-01,  4.70404527e-01,
         1.43640291e+00,  3.92577108e-01,  4.01735612e-01,
        -1.61724165e-01, -1.41407938e+00,  1.29818558e-01,
         7.81048037e-02,  1.52614095e+00,  1.04864507e-01,
         3.89955469e-02,  4.00629255e-01, -2.79555549e-01],
       [-6.84831037e-01, -1.43311432e-01, -5.30159362e-01,
        -9.81049707e-02, -2.01289843e-01,  4.87774033e-01,
        -4.56146182e-01, -4.55917509e-01,  1.70600277e+00,
         6.09606400e-01, -4.87403226e-01, -7.13886212e-01,
         1.08311089e-01,  1.04864507e-01,  9.18758540e-01,
         3.80008351e-02,  1.50922449e-01,  2.57748523e-01],
       [-1.00343027e-01,  3.84269517e-02,  1.05946830e-02,
         3.87424143e-02, -1.50411529e-02,  6.13348080e-02,
         6.47990419e-02, -2.49521629e-01,  4.15234406e-01,
        -5.55123558e-02, -1.99586430e-01, -4.88417972e-02,
         1.51653018e-01,  3.89955469e-02,  3.80008351e-02,
         9.38781744e-02,  1.24224599e-02, -8.11452925e-05],
       [-8.87378393e-02, -3.27125419e-01, -2.77855468e-02,
         1.71136100e-02,  8.17629917e-02,  1.64298080e-01,
         2.81420418e-01,  5.21751664e-02,  3.03497042e-01,
         7.89961811e-02, -3.93495366e-01, -8.17780078e-02,
         2.56439882e-02,  4.00629255e-01,  1.50922449e-01,
         1.24224599e-02,  1.54027215e-01, -2.63448954e-02],
       [-1.96222761e-01,  2.87409904e-01, -1.78269787e-01,
        -5.49605036e-02, -1.10391111e-01,  3.52171941e-02,
        -3.71239205e-01, -1.34133648e-01,  3.25427278e-01,
         1.89229593e-01,  2.01930438e-01, -2.29061521e-01,
         1.04769506e-02, -2.79555549e-01,  2.57748523e-01,
        -8.11452924e-05, -2.63448954e-02,  1.73633206e-01]])
      jac: array([ 3.10307335e-06, -5.07401528e-05,  2.79583764e-05, -7.49585579e-06,
        1.38793791e-04, -4.24612197e-05,  2.36144437e-06, -9.35918010e-06,
        2.64788191e-06,  1.09408778e-05, -2.28746651e-05,  1.15481698e-05,
        1.72336219e-05, -1.33409580e-04,  6.82624328e-05, -1.58650870e-06,
        7.61353943e-05, -6.69405272e-05])
  message: 'Desired error not necessarily achieved due to precision loss.'
     nfev: 1322
      nit: 34
     njev: 69
   status: 2
  success: False
        x: array([ 0.63740083, -0.12384223,  0.40590232,  0.21411771, -1.26560476,
       -0.8589139 ,  1.35916107, -1.77173453, -0.98153701, -0.93759768,
       -0.02992944,  0.50183511,  0.11604455,  0.05030123, -0.65276563,
        0.07627708,  1.57354551, -0.96932759])
