Program Begingeth
      fun: 0.3071385378350085
 hess_inv: array([[ 5.58349337e+00,  1.42752561e+00, -5.13675594e-01,
         1.66553129e+00,  8.37543445e-01, -1.33772935e+00,
         1.77496343e+00, -1.06462686e+00, -3.97944841e+00,
        -4.34722565e-01,  8.89301116e-01, -5.04084127e-01,
        -8.85952087e-01, -3.93738477e-01, -4.60098072e-01,
        -2.46745176e-01, -7.14935877e-01,  3.74014627e-01],
       [ 1.42752561e+00,  4.28185743e+00,  1.29305264e+00,
         3.72491700e-01,  1.82434013e+00,  1.79359609e-01,
         4.85568264e+00,  1.07279401e+00,  3.69583635e+00,
         1.07525446e-01,  3.55625311e-01, -1.45245511e+00,
        -6.16431235e-01, -4.31946319e-01, -2.14687996e-01,
        -4.72190591e-02, -4.31615618e-01,  1.13668009e-01],
       [-5.13675594e-01,  1.29305264e+00,  2.50415440e+00,
         1.47217715e-01,  4.87609476e-01,  1.02329278e+00,
         3.61771188e+00, -1.31767510e+00,  3.07154218e+00,
         5.31922027e-02,  6.11440755e-01, -6.34892131e-01,
         1.96911677e-02, -9.08712268e-02, -1.57616165e-01,
        -1.22120707e-01,  8.94914725e-03, -8.01653829e-02],
       [ 1.66553129e+00,  3.72491700e-01,  1.47217715e-01,
         6.04516710e-01,  2.38075962e-01, -2.82042889e-01,
         1.24099135e+00, -6.66245812e-01, -1.13584654e+00,
        -1.72958661e-01,  3.90293575e-01, -1.12899123e-01,
        -2.10070342e-01, -9.48045363e-02, -1.94001910e-01,
        -9.10538902e-02, -1.90137707e-01,  6.13387214e-02],
       [ 8.37543445e-01,  1.82434013e+00,  4.87609476e-01,
         2.38075962e-01,  9.13612120e-01,  3.94740392e-02,
         2.88646111e+00,  1.02312126e+00,  1.20224739e+00,
        -9.15492157e-02,  1.20781428e-01, -5.16812970e-01,
        -3.44188884e-01, -1.41630076e-01, -9.03632306e-02,
        -7.60774052e-02, -2.68510852e-01,  5.92902736e-02],
       [-1.33772935e+00,  1.79359609e-01,  1.02329278e+00,
        -2.82042889e-01,  3.94740392e-02,  7.28472660e-01,
         1.32324328e+00,  2.96952571e-02,  2.25104900e+00,
        -6.18527281e-03, -7.44475071e-02, -1.03469950e-01,
         2.15806477e-01,  6.45500683e-02,  9.14484596e-02,
         3.34422002e-02,  1.20482493e-01, -9.89136680e-02],
       [ 1.77496343e+00,  4.85568264e+00,  3.61771188e+00,
         1.24099135e+00,  2.88646111e+00,  1.32324328e+00,
         1.86872192e+01,  2.24112052e+00,  5.26135738e+00,
        -1.02220286e+00,  8.03968472e-01, -1.21293996e+00,
        -8.48587229e-01, -3.15601698e-01, -4.64267056e-01,
        -4.17715285e-01, -1.16515027e+00, -2.49275406e-01],
       [-1.06462686e+00,  1.07279401e+00, -1.31767510e+00,
        -6.66245812e-01,  1.02312126e+00,  2.96952571e-02,
         2.24112052e+00,  7.50650942e+00,  1.15326130e+00,
        -3.20534176e-01, -1.25138862e+00,  7.73752090e-02,
        -1.69504214e-01,  2.17926866e-01,  5.60818069e-01,
         1.82997783e-01, -1.67974293e-01,  1.12975023e-01],
       [-3.97944841e+00,  3.69583635e+00,  3.07154218e+00,
        -1.13584654e+00,  1.20224739e+00,  2.25104900e+00,
         5.26135738e+00,  1.15326130e+00,  1.27865969e+01,
         3.52433301e-01, -1.92599786e-01, -1.37296325e+00,
         2.99257808e-01, -3.50654848e-01,  2.46458595e-01,
         2.83357674e-01,  5.66360285e-02, -1.76104968e-01],
       [-4.34722565e-01,  1.07525446e-01,  5.31922027e-02,
        -1.72958661e-01, -9.15492157e-02, -6.18527281e-03,
        -1.02220286e+00, -3.20534176e-01,  3.52433301e-01,
         6.84192119e-01, -6.86171667e-02, -7.23765259e-02,
        -4.40795779e-02,  1.99307281e-02,  5.94793761e-02,
         3.88085247e-02,  1.63926586e-01,  1.33160675e-01],
       [ 8.89301116e-01,  3.55625311e-01,  6.11440755e-01,
         3.90293575e-01,  1.20781428e-01, -7.44475071e-02,
         8.03968472e-01, -1.25138862e+00, -1.92599786e-01,
        -6.86171667e-02,  9.27787084e-01, -2.45056138e-01,
        -1.16722345e-01, -2.10796096e-01, -3.24781974e-01,
        -1.31508538e-01, -9.06975958e-02, -9.36027310e-02],
       [-5.04084127e-01, -1.45245511e+00, -6.34892131e-01,
        -1.12899123e-01, -5.16812970e-01, -1.03469950e-01,
        -1.21293996e+00,  7.73752090e-02, -1.37296325e+00,
        -7.23765259e-02, -2.45056138e-01,  8.63183956e-01,
         1.67411223e-01,  2.53994191e-01,  4.60107491e-02,
        -4.15885829e-02,  1.63544066e-01, -3.19861526e-02],
       [-8.85952087e-01, -6.16431235e-01,  1.96911677e-02,
        -2.10070342e-01, -3.44188884e-01,  2.15806477e-01,
        -8.48587229e-01, -1.69504214e-01,  2.99257808e-01,
        -4.40795779e-02, -1.16722345e-01,  1.67411223e-01,
         3.04217270e-01,  9.08957323e-02,  6.58292887e-02,
         1.06473921e-01,  1.95291918e-01, -1.13837378e-01],
       [-3.93738477e-01, -4.31946319e-01, -9.08712268e-02,
        -9.48045363e-02, -1.41630076e-01,  6.45500683e-02,
        -3.15601698e-01,  2.17926866e-01, -3.50654848e-01,
         1.99307281e-02, -2.10796096e-01,  2.53994191e-01,
         9.08957323e-02,  1.53943606e-01,  7.05663134e-02,
         4.39524350e-03,  1.15369398e-01,  1.56338030e-03],
       [-4.60098072e-01, -2.14687996e-01, -1.57616165e-01,
        -1.94001910e-01, -9.03632306e-02,  9.14484596e-02,
        -4.64267056e-01,  5.60818069e-01,  2.46458595e-01,
         5.94793761e-02, -3.24781974e-01,  4.60107491e-02,
         6.58292887e-02,  7.05663134e-02,  1.72920623e-01,
         6.76766552e-02,  5.10069274e-02,  6.11681375e-02],
       [-2.46745176e-01, -4.72190591e-02, -1.22120707e-01,
        -9.10538902e-02, -7.60774052e-02,  3.34422002e-02,
        -4.17715285e-01,  1.82997783e-01,  2.83357674e-01,
         3.88085247e-02, -1.31508538e-01, -4.15885829e-02,
         1.06473921e-01,  4.39524350e-03,  6.76766552e-02,
         1.08385939e-01,  6.02640617e-02, -7.28709674e-03],
       [-7.14935877e-01, -4.31615618e-01,  8.94914725e-03,
        -1.90137707e-01, -2.68510852e-01,  1.20482493e-01,
        -1.16515027e+00, -1.67974293e-01,  5.66360285e-02,
         1.63926586e-01, -9.06975958e-02,  1.63544066e-01,
         1.95291918e-01,  1.15369398e-01,  5.10069274e-02,
         6.02640617e-02,  2.40654055e-01, -3.39848441e-02],
       [ 3.74014627e-01,  1.13668009e-01, -8.01653829e-02,
         6.13387214e-02,  5.92902736e-02, -9.89136680e-02,
        -2.49275406e-01,  1.12975023e-01, -1.76104968e-01,
         1.33160675e-01, -9.36027310e-02, -3.19861526e-02,
        -1.13837378e-01,  1.56338030e-03,  6.11681375e-02,
        -7.28709674e-03, -3.39848441e-02,  1.49949651e-01]])
      jac: array([ 1.05619217e-06,  3.60489416e-06,  1.40639352e-05, -2.52649753e-06,
       -1.03868765e-05, -3.22749235e-05,  5.05891625e-07,  1.04620016e-06,
        2.20934382e-06, -2.14125014e-06,  1.21754458e-07,  5.47524988e-06,
       -2.55351296e-08,  4.57263856e-06,  2.51472917e-05, -1.39407004e-06,
        3.83100958e-06, -1.47996430e-05])
  message: 'Desired error not necessarily achieved due to precision loss.'
     nfev: 1646
      nit: 63
     njev: 86
   status: 2
  success: False
        x: array([-0.53813414, -0.99371273,  0.57454964, -0.8792921 , -1.07974874,
        0.11659478, -0.38961678, -1.92359864, -0.49565997,  0.0954801 ,
        0.58081478,  1.17969195,  0.09413105,  0.04731905, -0.36806186,
        1.10841028, -0.63749937, -0.02723299])
