Program Begingeth
      fun: 0.35198684895986565
 hess_inv: array([[ 1.43264970e+01, -2.73807416e+00, -1.25934551e+00,
         3.29224182e+00, -2.16775867e+00,  2.30256928e-01,
         4.38050310e+00, -3.97676393e-01,  3.92744020e+00,
        -1.43330469e+00, -3.65399763e-01,  7.75186717e-01,
        -2.98663660e+00,  2.42756626e-01,  1.38130928e-01,
        -4.24131967e-01,  1.62810312e+00, -2.44147568e-01],
       [-2.73807416e+00,  2.26470512e+00,  6.11942687e-01,
        -4.72791494e-01,  1.08232512e+00,  2.21044870e-01,
        -5.81348902e-01,  2.03926484e+00,  3.74169186e-01,
         5.18371593e-01,  9.67403159e-02, -7.12723637e-01,
         5.76242330e-01, -2.54408894e-01,  1.76310956e-01,
        -3.42037884e-02, -3.19388505e-01,  1.13000207e-01],
       [-1.25934551e+00,  6.11942687e-01,  2.43567413e+00,
        -5.14559425e-01,  9.66497325e-02,  7.95034869e-01,
        -2.87791636e+00, -1.37648700e+00,  9.49121300e-01,
         2.46860736e-01,  7.34954757e-01, -4.65650303e-01,
         1.28238126e-01, -3.05776214e-01, -1.43907943e-01,
        -3.89536186e-02, -1.10714989e-01,  6.11687750e-02],
       [ 3.29224182e+00, -4.72791494e-01, -5.14559425e-01,
         8.79145802e-01, -4.23165305e-01, -3.93313105e-02,
         1.79788667e+00,  1.41091748e-01,  9.37437751e-01,
        -3.63063343e-01, -9.72101032e-02,  1.15939093e-01,
        -6.00697347e-01,  2.62146292e-02,  4.75616692e-02,
        -7.99343905e-02,  3.36459490e-01, -5.24585442e-02],
       [-2.16775867e+00,  1.08232512e+00,  9.66497325e-02,
        -4.23165305e-01,  6.54402547e-01,  5.31871801e-03,
        -4.14699774e-01,  1.33586948e+00, -2.97199205e-01,
         3.88014382e-01, -2.08280064e-03, -2.64705785e-01,
         4.55673867e-01, -6.51646739e-02,  8.43248165e-02,
         4.12310224e-02, -2.45581832e-01,  5.56358223e-02],
       [ 2.30256928e-01,  2.21044870e-01,  7.95034869e-01,
        -3.93313105e-02,  5.31871801e-03,  3.77588053e-01,
        -9.97788077e-01, -1.03584887e-01,  8.51609163e-01,
         2.03296063e-01,  1.16829800e-01, -1.42190514e-01,
        -1.49946467e-01, -8.28623028e-02,  2.45311898e-02,
        -5.45608565e-02,  3.14659245e-02,  1.16743560e-02],
       [ 4.38050310e+00, -5.81348902e-01, -2.87791636e+00,
         1.79788667e+00, -4.14699774e-01, -9.97788077e-01,
         8.20721328e+00,  1.15141234e+00,  2.48594526e-01,
        -7.16282268e-01, -2.57409534e-01,  1.94497128e-01,
        -4.68383210e-01,  4.21627480e-02,  4.50894117e-02,
        -3.99009679e-02,  3.25352333e-01, -1.41601120e-01],
       [-3.97676393e-01,  2.03926484e+00, -1.37648700e+00,
         1.41091748e-01,  1.33586948e+00, -1.03584887e-01,
         1.15141234e+00,  7.44791052e+00,  2.21396885e-01,
         1.17404452e+00, -3.96098087e-01, -3.42681272e-01,
        -9.23814863e-02,  1.80228736e-02,  5.42262208e-01,
        -8.49285138e-02, -6.21498960e-02,  2.17514577e-03],
       [ 3.92744020e+00,  3.74169186e-01,  9.49121300e-01,
         9.37437751e-01, -2.97199205e-01,  8.51609163e-01,
         2.48594526e-01,  2.21396885e-01,  4.68388586e+00,
         1.91484862e-01,  9.19084736e-02, -1.78613617e-01,
        -9.13112473e-01, -2.46476345e-01,  1.07602477e-01,
        -2.20035189e-01,  3.43251897e-01, -8.81775623e-02],
       [-1.43330469e+00,  5.18371593e-01,  2.46860736e-01,
        -3.63063343e-01,  3.88014382e-01,  2.03296063e-01,
        -7.16282268e-01,  1.17404452e+00,  1.91484862e-01,
         1.28996368e+00,  1.26354305e-01, -1.83908855e-01,
        -1.44521011e-04, -8.35796251e-02,  2.80163906e-02,
        -3.05246567e-03, -2.10117949e-01, -1.38127177e-01],
       [-3.65399763e-01,  9.67403159e-02,  7.34954757e-01,
        -9.72101032e-02, -2.08280064e-03,  1.16829800e-01,
        -2.57409534e-01, -3.96098087e-01,  9.19084736e-02,
         1.26354305e-01,  9.35649620e-01, -1.79582758e-01,
         5.67176288e-02, -2.64182681e-01, -2.27146795e-01,
         1.32062669e-02, -5.73372108e-02, -1.03120541e-01],
       [ 7.75186717e-01, -7.12723637e-01, -4.65650303e-01,
         1.15939093e-01, -2.64705785e-01, -1.42190514e-01,
         1.94497128e-01, -3.42681272e-01, -1.78613617e-01,
        -1.83908855e-01, -1.79582758e-01,  6.06411125e-01,
        -1.34742730e-01,  1.99893633e-01, -8.17031008e-02,
         6.74550825e-02,  1.49075410e-01, -1.97670725e-02],
       [-2.98663660e+00,  5.76242330e-01,  1.28238126e-01,
        -6.00697347e-01,  4.55673867e-01, -1.49946467e-01,
        -4.68383210e-01, -9.23814863e-02, -9.13112473e-01,
        -1.44521011e-04,  5.67176288e-02, -1.34742730e-01,
         7.83265631e-01, -4.73855426e-02, -4.27029294e-02,
         1.46756871e-01, -3.58278241e-01,  9.40806895e-02],
       [ 2.42756626e-01, -2.54408894e-01, -3.05776214e-01,
         2.62146292e-02, -6.51646739e-02, -8.28623028e-02,
         4.21627480e-02,  1.80228736e-02, -2.46476345e-01,
        -8.35796251e-02, -2.64182681e-01,  1.99893633e-01,
        -4.73855426e-02,  1.49049616e-01,  3.24081467e-02,
         1.87550988e-02,  6.93581315e-02,  2.15564661e-02],
       [ 1.38130928e-01,  1.76310956e-01, -1.43907943e-01,
         4.75616692e-02,  8.43248165e-02,  2.45311898e-02,
         4.50894117e-02,  5.42262208e-01,  1.07602477e-01,
         2.80163906e-02, -2.27146795e-01, -8.17031008e-02,
        -4.27029294e-02,  3.24081467e-02,  1.30420624e-01,
        -3.26838023e-02,  1.04492943e-02,  4.83092948e-02],
       [-4.24131967e-01, -3.42037884e-02, -3.89536186e-02,
        -7.99343905e-02,  4.12310224e-02, -5.45608565e-02,
        -3.99009679e-02, -8.49285138e-02, -2.20035189e-01,
        -3.05246567e-03,  1.32062669e-02,  6.74550825e-02,
         1.46756871e-01,  1.87550988e-02, -3.26838023e-02,
         7.05286195e-02, -5.37745707e-02,  7.27467907e-03],
       [ 1.62810312e+00, -3.19388505e-01, -1.10714989e-01,
         3.36459490e-01, -2.45581832e-01,  3.14659245e-02,
         3.25352333e-01, -6.21498960e-02,  3.43251897e-01,
        -2.10117949e-01, -5.73372108e-02,  1.49075410e-01,
        -3.58278241e-01,  6.93581315e-02,  1.04492943e-02,
        -5.37745707e-02,  2.33240869e-01, -1.37392953e-02],
       [-2.44147568e-01,  1.13000207e-01,  6.11687750e-02,
        -5.24585442e-02,  5.56358223e-02,  1.16743560e-02,
        -1.41601120e-01,  2.17514577e-03, -8.81775623e-02,
        -1.38127177e-01, -1.03120541e-01, -1.97670725e-02,
         9.40806895e-02,  2.15564661e-02,  4.83092948e-02,
         7.27467907e-03, -1.37392953e-02,  7.37365112e-02]])
      jac: array([ 9.88184349e-04, -1.35437032e-03,  1.20984778e-03, -2.85873251e-03,
        2.63562320e-03, -3.43168346e-03,  1.89586865e-04,  5.47447273e-05,
        4.16424303e-04,  3.93701368e-04, -9.15515441e-04, -4.08025095e-04,
       -4.15624572e-04, -8.36959391e-04, -2.99062960e-03, -3.09983150e-04,
       -2.05913249e-03,  3.99111855e-03])
  message: 'Maximum number of iterations has been exceeded.'
     nfev: 2147
      nit: 100
     njev: 113
   status: 1
  success: False
        x: array([ 0.71015036, -0.9419284 , -0.01336639,  1.41765004, -0.88815706,
       -0.10457177,  2.03671771, -1.05025218, -1.05150714, -0.03756102,
        0.37552635,  1.12025273,  0.046417  ,  0.09501949, -0.25815025,
       -1.3225768 , -0.67461463,  0.02170778])
