Program Begingeth
      fun: 0.28978378342295047
 hess_inv: array([[ 3.04408012e+00, -5.80956533e-01,  1.40566931e+00,
         9.87677572e-01, -3.92303832e-01,  1.25609908e+00,
        -1.03400028e+00, -6.40411981e-01,  5.10014888e+00,
         1.99249572e-01, -4.64752595e-01, -1.85795371e-02,
        -4.23259755e-01,  1.25064802e-01,  2.04203918e-01,
        -2.22869771e-01,  1.83013412e-01, -1.65839862e-01],
       [-5.80956533e-01,  3.11804440e+00,  1.80673119e+00,
        -3.43679554e-01,  1.30705516e+00,  7.26323232e-01,
        -3.78836731e+00, -2.50740338e-01,  4.80468930e+00,
        -2.44978412e-01,  8.25954735e-01, -7.30424528e-01,
         2.92978463e-01, -3.12735156e-01, -2.58671588e-01,
         1.11154853e-01, -2.09099462e-01, -8.66962316e-02],
       [ 1.40566931e+00,  1.80673119e+00,  5.65183055e+00,
        -2.82417074e-01,  4.33420066e-01,  2.98850873e+00,
        -8.77209072e+00, -5.48713661e+00,  1.20238811e+01,
         5.30851168e-01,  1.51829434e+00, -5.85279303e-01,
        -3.97622206e-01, -2.46387734e-01, -4.67548272e-01,
        -1.34613830e-02,  5.48173878e-02, -5.55596097e-01],
       [ 9.87677572e-01, -3.43679554e-01, -2.82417074e-01,
         4.69455521e-01, -1.55166996e-01,  4.23689760e-02,
         1.13652591e+00,  6.76002882e-01,  3.49600992e-01,
        -3.35628866e-02, -3.89853388e-01,  1.58169963e-02,
        -7.40030576e-02,  5.71329906e-02,  1.56893084e-01,
        -7.93343431e-02,  4.01262440e-02,  3.41141758e-02],
       [-3.92303832e-01,  1.30705516e+00,  4.33420066e-01,
        -1.55166996e-01,  6.31946050e-01,  1.38649741e-01,
        -1.40513151e+00,  7.66949741e-01,  1.21885444e+00,
        -8.28251204e-02,  2.20080675e-01, -2.43666500e-01,
         1.76953208e-01, -9.07729753e-02, -6.87897719e-02,
         7.38313467e-02, -1.03551422e-01,  5.19045698e-03],
       [ 1.25609908e+00,  7.26323232e-01,  2.98850873e+00,
         4.23689760e-02,  1.38649741e-01,  1.72277419e+00,
        -4.60682320e+00, -2.58668765e+00,  6.96706795e+00,
         3.84097418e-01,  5.61949989e-01, -2.39690074e-01,
        -2.94606092e-01, -8.07809543e-02, -1.69101244e-01,
        -5.81724965e-02,  4.74751737e-02, -3.03107112e-01],
       [-1.03400028e+00, -3.78836731e+00, -8.77209072e+00,
         1.13652591e+00, -1.40513151e+00, -4.60682320e+00,
         1.96348893e+01,  6.64018059e+00, -1.84640379e+01,
        -9.51846418e-01, -2.19298839e+00,  6.34306840e-01,
         3.00288905e-01,  3.15474271e-01,  8.19279362e-01,
        -1.89242300e-01,  1.41099595e-01,  8.89173661e-01],
       [-6.40411981e-01, -2.50740338e-01, -5.48713661e+00,
         6.76002882e-01,  7.66949741e-01, -2.58668765e+00,
         6.64018059e+00,  1.25443290e+01, -1.04430458e+01,
        -1.70314023e-01, -2.13131906e+00,  3.34739158e-01,
         5.40749174e-01,  3.43443148e-01,  8.15128506e-01,
         1.56502413e-02, -2.11702113e-01,  6.53439944e-01],
       [ 5.10014888e+00,  4.80468930e+00,  1.20238811e+01,
         3.49600992e-01,  1.21885444e+00,  6.96706795e+00,
        -1.84640379e+01, -1.04430458e+01,  3.23741322e+01,
         1.19744049e+00,  2.71423523e+00, -1.39558160e+00,
        -9.73582405e-01, -7.52354341e-01, -8.63070396e-01,
        -2.65692985e-01, -8.60864559e-02, -1.25367235e+00],
       [ 1.99249572e-01, -2.44978412e-01,  5.30851168e-01,
        -3.35628866e-02, -8.28251204e-02,  3.84097418e-01,
        -9.51846418e-01, -1.70314023e-01,  1.19744049e+00,
         8.91763255e-01,  8.42242394e-02,  4.61009927e-02,
        -2.61296277e-01, -2.70627102e-04, -1.12628043e-01,
        -2.27856189e-02, -1.78762670e-02, -2.54605473e-01],
       [-4.64752595e-01,  8.25954735e-01,  1.51829434e+00,
        -3.89853388e-01,  2.20080675e-01,  5.61949989e-01,
        -2.19298839e+00, -2.13131906e+00,  2.71423523e+00,
         8.42242394e-02,  1.19959225e+00, -3.25274652e-01,
        -1.73695099e-02, -2.71198243e-01, -3.49211979e-01,
         6.25504519e-02, -3.79761523e-02, -2.30960472e-01],
       [-1.85795371e-02, -7.30424528e-01, -5.85279303e-01,
         1.58169963e-02, -2.43666500e-01, -2.39690074e-01,
         6.34306840e-01,  3.34739158e-01, -1.39558160e+00,
         4.61009927e-02, -3.25274652e-01,  4.88713659e-01,
         2.36728177e-03,  1.54734035e-01,  3.49146224e-02,
         4.50064771e-02,  6.68016716e-02,  5.87249937e-02],
       [-4.23259755e-01,  2.92978463e-01, -3.97622206e-01,
        -7.40030576e-02,  1.76953208e-01, -2.94606092e-01,
         3.00288905e-01,  5.40749174e-01, -9.73582405e-01,
        -2.61296277e-01, -1.73695099e-02,  2.36728177e-03,
         1.98494679e-01, -1.91537204e-02,  1.33803551e-02,
         8.32250958e-02, -5.66280025e-02,  1.06563813e-01],
       [ 1.25064802e-01, -3.12735156e-01, -2.46387734e-01,
         5.71329906e-02, -9.07729753e-02, -8.07809543e-02,
         3.15474271e-01,  3.43443148e-01, -7.52354341e-01,
        -2.70627102e-04, -2.71198243e-01,  1.54734035e-01,
        -1.91537204e-02,  1.26104803e-01,  7.06010947e-02,
        -2.67016817e-03,  6.96457402e-02,  4.48113194e-02],
       [ 2.04203918e-01, -2.58671588e-01, -4.67548272e-01,
         1.56893084e-01, -6.87897719e-02, -1.69101244e-01,
         8.19279362e-01,  8.15128506e-01, -8.63070396e-01,
        -1.12628043e-01, -3.49211979e-01,  3.49146224e-02,
         1.33803551e-02,  7.06010947e-02,  1.56212282e-01,
        -3.66238860e-02,  1.21574230e-02,  1.09361907e-01],
       [-2.22869771e-01,  1.11154853e-01, -1.34613830e-02,
        -7.93343431e-02,  7.38313467e-02, -5.81724965e-02,
        -1.89242300e-01,  1.56502413e-02, -2.65692985e-01,
        -2.27856189e-02,  6.25504519e-02,  4.50064771e-02,
         8.32250958e-02, -2.67016817e-03, -3.66238860e-02,
         7.50225797e-02, -2.00477514e-02,  1.19329392e-02],
       [ 1.83013412e-01, -2.09099462e-01,  5.48173878e-02,
         4.01262440e-02, -1.03551422e-01,  4.74751737e-02,
         1.41099595e-01, -2.11702113e-01, -8.60864559e-02,
        -1.78762670e-02, -3.79761523e-02,  6.68016716e-02,
        -5.66280025e-02,  6.96457402e-02,  1.21574230e-02,
        -2.00477514e-02,  8.98613166e-02, -4.69815212e-03],
       [-1.65839862e-01, -8.66962316e-02, -5.55596097e-01,
         3.41141758e-02,  5.19045698e-03, -3.03107112e-01,
         8.89173661e-01,  6.53439944e-01, -1.25367235e+00,
        -2.54605473e-01, -2.30960472e-01,  5.87249937e-02,
         1.06563813e-01,  4.48113194e-02,  1.09361907e-01,
         1.19329392e-02, -4.69815212e-03,  1.51847059e-01]])
      jac: array([ 2.25597319e-06,  4.65590529e-06, -1.06070708e-05, -5.16586773e-06,
       -1.50564746e-05,  2.47394697e-05,  4.40388467e-08,  1.17646633e-06,
       -1.29785072e-06,  4.14853337e-06, -1.95436260e-06, -9.79216708e-06,
        1.53195974e-05,  4.45606515e-06, -3.24211028e-05, -2.36625534e-06,
        6.64912569e-06,  2.20286752e-05])
  message: 'Desired error not necessarily achieved due to precision loss.'
     nfev: 2539
      nit: 79
     njev: 133
   status: 2
  success: False
        x: array([ 1.03192714, -1.30389568,  0.60546336,  1.25633128, -1.29568564,
        0.18422374,  0.90458366, -1.90991095, -0.57358367,  0.10101957,
        0.57499519,  1.16117316, -0.00686625,  0.19772924, -0.30182859,
       -1.17782629, -0.16060998, -0.02255984])
