Program Begingeth
      fun: 0.27314156038196385
 hess_inv: array([[ 5.46904287e+00,  6.13803856e-01,  1.17385451e+00,
         2.69343885e+00,  3.50388189e-01, -2.55597653e-01,
         8.07373474e+00,  2.19737660e+00, -4.29907806e+00,
         8.34682548e-01,  8.71339642e-01, -7.05193150e-01,
        -3.01106580e-01, -4.12976868e-01, -2.05510752e-01,
         3.88255850e-02, -2.25307662e-01,  1.28935770e-01],
       [ 6.13803856e-01,  1.73029766e+00, -2.96976273e-03,
         3.46091624e-01,  8.33727361e-01, -1.60558724e-01,
         1.24621362e+00,  6.90714074e-01,  9.60879432e-01,
         6.76361915e-01,  4.56670147e-01, -1.07132198e-01,
        -2.05984771e-01, -1.00836022e-02, -1.70915730e-01,
        -8.80704397e-02,  4.36954090e-02,  4.19155422e-02],
       [ 1.17385451e+00, -2.96976273e-03,  1.66831929e+00,
         6.65464323e-01, -1.98337646e-02,  6.32664032e-01,
         2.40423618e+00, -1.26642682e+00, -1.35376756e+00,
         1.97368292e-01, -3.28180175e-02,  1.51470785e-01,
        -3.05458584e-02,  9.21940870e-02,  5.25052558e-02,
        -2.79534218e-03,  2.35032134e-02,  8.98385771e-02],
       [ 2.69343885e+00,  3.46091624e-01,  6.65464323e-01,
         1.34819300e+00,  1.95630097e-01, -8.67898509e-02,
         4.21244468e+00,  9.69198477e-01, -2.03023943e+00,
         4.05062661e-01,  4.66157295e-01, -3.18025915e-01,
        -1.44216649e-01, -1.93922330e-01, -1.10879206e-01,
         1.70857877e-02, -1.03237592e-01,  6.42034443e-02],
       [ 3.50388189e-01,  8.33727361e-01, -1.98337646e-02,
         1.95630097e-01,  4.41113361e-01, -1.16675795e-01,
         1.24979822e+00,  8.07494410e-01,  4.94880010e-01,
         3.38807916e-01,  2.85908682e-01, -1.15240513e-01,
        -1.52923422e-01, -3.28326000e-02, -8.97135184e-02,
        -5.98135062e-02, -6.00662670e-03,  3.70832750e-02],
       [-2.55597653e-01, -1.60558724e-01,  6.32664032e-01,
        -8.67898509e-02, -1.16675795e-01,  3.85067186e-01,
        -6.08387454e-01, -1.24242098e+00,  1.56394346e-02,
        -1.21207341e-01, -2.14035191e-01,  2.16664064e-01,
         9.86598886e-02,  1.35126822e-01,  7.02719013e-02,
         1.27834218e-02,  7.27400440e-02,  3.71955671e-03],
       [ 8.07373474e+00,  1.24621362e+00,  2.40423618e+00,
         4.21244468e+00,  1.24979822e+00, -6.08387454e-01,
         2.65174002e+01,  8.90984628e+00, -5.44784882e+00,
         1.55827371e+00,  2.53115662e+00, -1.74193301e+00,
        -1.52442140e+00, -1.13423210e+00, -4.17730401e-01,
        -2.92280074e-01, -9.72028116e-01,  6.10868265e-01],
       [ 2.19737660e+00,  6.90714074e-01, -1.26642682e+00,
         9.69198477e-01,  8.07494410e-01, -1.24242098e+00,
         8.90984628e+00,  9.78974428e+00, -2.31010058e-02,
         8.55075073e-01,  1.10918847e+00, -1.90089170e+00,
        -8.00449866e-01, -7.38845542e-01, -1.14255392e-01,
        -7.43482611e-02, -4.82482115e-01,  2.37404898e-01],
       [-4.29907806e+00,  9.60879432e-01, -1.35376756e+00,
        -2.03023943e+00,  4.94880010e-01,  1.56394346e-02,
        -5.44784882e+00, -2.31010058e-02,  8.16842774e+00,
        -5.61538354e-01,  6.62516261e-01, -5.54567595e-02,
         1.75954801e-01,  1.45335084e-01, -1.01767691e-01,
        -1.18338012e-01,  2.68911177e-01, -1.93925084e-01],
       [ 8.34682548e-01,  6.76361915e-01,  1.97368292e-01,
         4.05062661e-01,  3.38807916e-01, -1.21207341e-01,
         1.55827371e+00,  8.55075073e-01, -5.61538354e-01,
         1.25747799e+00,  9.28108625e-02, -1.09285484e-01,
        -3.57088410e-01, -2.97555250e-02,  3.70333044e-02,
        -4.50913821e-02, -4.77503453e-03,  2.45684085e-01],
       [ 8.71339642e-01,  4.56670147e-01, -3.28180175e-02,
         4.66157295e-01,  2.85908682e-01, -2.14035191e-01,
         2.53115662e+00,  1.10918847e+00,  6.62516261e-01,
         9.28108625e-02,  9.87077600e-01, -3.38890902e-01,
        -1.32486218e-01, -2.48100730e-01, -2.08016644e-01,
        -5.81771254e-02, -6.98077322e-02, -5.79443881e-02],
       [-7.05193150e-01, -1.07132198e-01,  1.51470785e-01,
        -3.18025915e-01, -1.15240513e-01,  2.16664064e-01,
        -1.74193301e+00, -1.90089170e+00, -5.54567595e-02,
        -1.09285484e-01, -3.38890902e-01,  6.72058711e-01,
         9.37946850e-02,  2.11216667e-01,  3.18117623e-03,
        -3.77605196e-02,  1.12677254e-01, -7.25635317e-03],
       [-3.01106580e-01, -2.05984771e-01, -3.05458584e-02,
        -1.44216649e-01, -1.52923422e-01,  9.86598886e-02,
        -1.52442140e+00, -8.00449866e-01,  1.75954801e-01,
        -3.57088410e-01, -1.32486218e-01,  9.37946850e-02,
         2.07391124e-01,  6.41308259e-02,  8.86547213e-03,
         6.26450715e-02,  6.45637881e-02, -9.57610255e-02],
       [-4.12976868e-01, -1.00836022e-02,  9.21940870e-02,
        -1.93922330e-01, -3.28326000e-02,  1.35126822e-01,
        -1.13423210e+00, -7.38845542e-01,  1.45335084e-01,
        -2.97555250e-02, -2.48100730e-01,  2.11216667e-01,
         6.41308259e-02,  1.37269153e-01,  4.04180028e-02,
         1.74648715e-03,  8.48714218e-02,  2.45132736e-03],
       [-2.05510752e-01, -1.70915730e-01,  5.25052558e-02,
        -1.10879206e-01, -8.97135184e-02,  7.02719013e-02,
        -4.17730401e-01, -1.14255392e-01, -1.01767691e-01,
         3.70333044e-02, -2.08016644e-01,  3.18117623e-03,
         8.86547213e-03,  4.04180028e-02,  8.88293284e-02,
         1.95717388e-02,  6.29771559e-03,  4.81096249e-02],
       [ 3.88255850e-02, -8.80704397e-02, -2.79534218e-03,
         1.70857877e-02, -5.98135062e-02,  1.27834218e-02,
        -2.92280074e-01, -7.43482611e-02, -1.18338012e-01,
        -4.50913821e-02, -5.81771254e-02, -3.77605196e-02,
         6.26450715e-02,  1.74648715e-03,  1.95717388e-02,
         4.88980760e-02,  8.82043158e-03, -1.45083619e-02],
       [-2.25307662e-01,  4.36954090e-02,  2.35032134e-02,
        -1.03237592e-01, -6.00662670e-03,  7.27400440e-02,
        -9.72028116e-01, -4.82482115e-01,  2.68911177e-01,
        -4.77503453e-03, -6.98077322e-02,  1.12677254e-01,
         6.45637881e-02,  8.48714218e-02,  6.29771559e-03,
         8.82043158e-03,  8.66867598e-02, -1.84301981e-02],
       [ 1.28935770e-01,  4.19155422e-02,  8.98385771e-02,
         6.42034443e-02,  3.70832750e-02,  3.71955671e-03,
         6.10868265e-01,  2.37404898e-01, -1.93925084e-01,
         2.45684085e-01, -5.79443881e-02, -7.25635317e-03,
        -9.57610255e-02,  2.45132736e-03,  4.81096249e-02,
        -1.45083619e-02, -1.84301981e-02,  9.47284208e-02]])
      jac: array([-5.06705789e-06, -1.18460797e-06, -3.64116145e-06,  1.12602520e-05,
        1.93326836e-06,  7.41036862e-06, -3.70814490e-07, -3.83026944e-07,
       -4.96639766e-07, -1.72343621e-06, -2.74225087e-07, -2.60717374e-06,
       -7.05657754e-06,  1.32005518e-06, -8.57351227e-06,  4.34911366e-06,
        2.53537931e-06,  7.35485746e-06])
  message: 'Desired error not necessarily achieved due to precision loss.'
     nfev: 2121
      nit: 68
     njev: 111
   status: 2
  success: False
        x: array([-1.79246825, -1.05144304,  0.58214348, -1.60430764, -1.09875148,
        0.31392116, -0.48938461, -1.34416997,  1.0495845 ,  0.06055162,
        0.50836214,  1.13720224,  0.12751231,  0.24300184, -0.23843934,
        1.43632132, -0.09436892,  0.01908232])
