Program Begingeth
      fun: 0.3599543403549575
 hess_inv: array([[ 2.48720669e+00, -9.65284577e-03,  2.59516498e-01,
         2.89683576e-01, -3.02290449e-01,  4.30546354e-01,
         3.63499195e-01, -4.38669789e-01,  5.92761865e-01,
         9.28983451e-01, -1.12471013e+00,  1.06686324e-01,
        -1.00239400e+00, -2.35753529e-02,  1.91206068e-03,
        -4.71206430e-02, -1.06118584e-02, -3.57114979e-01],
       [-9.65284577e-03,  7.20406081e-01, -7.58327388e-02,
        -2.59765292e-01,  2.40273016e-02, -1.82022207e-01,
        -1.14547166e+00,  1.19053300e-01, -2.64548219e-01,
        -7.02311924e-01, -1.68831280e-01, -7.93087257e-02,
        -4.68699323e-03, -2.32434174e-01, -1.93999173e-01,
         1.99018394e-02,  1.53946209e-02, -1.17811782e-01],
       [ 2.59516498e-01, -7.58327388e-02,  4.98160842e-01,
         7.29011633e-02,  1.42849226e-02,  1.04918349e-01,
        -2.98471203e-01, -3.19791098e-01,  1.27342201e-01,
         4.32958018e-01, -8.51177806e-02,  1.69592531e-02,
        -7.45259887e-02,  1.10051916e-01, -1.09123853e-01,
         5.16177702e-02,  3.96607024e-02,  9.18728653e-03],
       [ 2.89683576e-01, -2.59765292e-01,  7.29011633e-02,
         3.59199511e-01,  5.66118343e-02,  1.62914013e-01,
         9.47141106e-01,  2.80168992e-01,  9.30482725e-01,
         9.94804926e-01,  2.07373194e-01, -1.26617048e-01,
        -4.06433437e-02,  8.38763747e-02,  1.15294699e-01,
         1.69139459e-02, -2.14452069e-02,  2.71160362e-02],
       [-3.02290449e-01,  2.40273016e-02,  1.42849226e-02,
         5.66118343e-02,  3.06611886e-01, -3.16862668e-02,
         1.91650112e-02,  7.49498353e-01,  8.72310649e-01,
         1.79625257e-01,  8.60988626e-01, -1.83491916e-01,
         1.69271858e-01,  6.55388788e-02, -2.52795817e-02,
         4.32186236e-02,  2.10596087e-02,  4.54538449e-02],
       [ 4.30546354e-01, -1.82022207e-01,  1.04918349e-01,
         1.62914013e-01, -3.16862668e-02,  2.93759952e-01,
         5.61304515e-01, -3.15984860e-01,  9.07757760e-01,
         5.82945563e-01,  2.79904505e-03,  3.38262842e-01,
        -2.05431608e-01,  8.41663430e-02,  1.02849602e-01,
        -2.83580011e-02,  2.62428622e-02, -1.03038957e-02],
       [ 3.63499195e-01, -1.14547166e+00, -2.98471203e-01,
         9.47141106e-01,  1.91650112e-02,  5.61304515e-01,
         6.45685555e+00, -8.89388890e-02,  3.34987014e+00,
         2.08001825e+00,  1.27311273e+00, -6.44507379e-02,
        -2.48047022e-01,  2.17472239e-01,  5.49424127e-01,
        -1.87559746e-01,  8.48045745e-03,  1.15216147e-01],
       [-4.38669789e-01,  1.19053300e-01, -3.19791098e-01,
         2.80168992e-01,  7.49498353e-01, -3.15984860e-01,
        -8.89388890e-02,  3.92595995e+00,  1.64090145e+00,
         4.99767490e-01,  1.61992443e+00, -1.21423354e+00,
         4.35000618e-01,  4.02288894e-02,  2.57079629e-02,
         1.16311912e-01, -4.70057222e-02,  7.37251002e-02],
       [ 5.92761865e-01, -2.64548219e-01,  1.27342201e-01,
         9.30482725e-01,  8.72310649e-01,  9.07757760e-01,
         3.34987014e+00,  1.64090145e+00,  8.25252022e+00,
         2.96494908e+00,  3.14237062e+00,  1.96918421e-02,
        -2.37795687e-01,  2.53512004e-01,  3.32290335e-01,
        -3.29275830e-02,  1.16322847e-01,  7.49144083e-02],
       [ 9.28983451e-01, -7.02311924e-01,  4.32958018e-01,
         9.94804926e-01,  1.79625257e-01,  5.82945563e-01,
         2.08001825e+00,  4.99767490e-01,  2.96494908e+00,
         3.09240875e+00,  5.66136931e-01, -1.51652291e-01,
        -2.00033999e-01,  2.95441908e-01,  2.81214676e-01,
         4.41407499e-02, -1.97486606e-02,  7.09424184e-02],
       [-1.12471013e+00, -1.68831280e-01, -8.51177806e-02,
         2.07373194e-01,  8.60988626e-01,  2.79904505e-03,
         1.27311273e+00,  1.61992443e+00,  3.14237062e+00,
         5.66136931e-01,  2.95479159e+00, -3.66577390e-01,
         4.88878742e-01,  1.98054831e-01,  2.79418943e-02,
         4.88066180e-02,  6.17424207e-02,  1.79437903e-01],
       [ 1.06686324e-01, -7.93087257e-02,  1.69592531e-02,
        -1.26617048e-01, -1.83491916e-01,  3.38262842e-01,
        -6.44507379e-02, -1.21423354e+00,  1.96918421e-02,
        -1.51652291e-01, -3.66577390e-01,  1.06301863e+00,
        -1.78204063e-01,  6.44009019e-02,  8.55059528e-02,
        -5.97359625e-02,  6.81156067e-02, -8.63367941e-03],
       [-1.00239400e+00, -4.68699323e-03, -7.45259887e-02,
        -4.06433437e-02,  1.69271858e-01, -2.05431608e-01,
        -2.48047022e-01,  4.35000618e-01, -2.37795687e-01,
        -2.00033999e-01,  4.88878742e-01, -1.78204063e-01,
         4.84431416e-01,  1.97987502e-02, -4.87527384e-03,
         7.23201942e-02, -1.69561003e-02,  1.58377438e-01],
       [-2.35753529e-02, -2.32434174e-01,  1.10051916e-01,
         8.38763747e-02,  6.55388788e-02,  8.41663430e-02,
         2.17472239e-01,  4.02288894e-02,  2.53512004e-01,
         2.95441908e-01,  1.98054831e-01,  6.44009019e-02,
         1.97987502e-02,  1.36080654e-01,  3.94711678e-02,
         1.13549030e-02,  3.09151014e-02,  4.90609902e-02],
       [ 1.91206068e-03, -1.93999173e-01, -1.09123853e-01,
         1.15294699e-01, -2.52795817e-02,  1.02849602e-01,
         5.49424127e-01,  2.57079629e-02,  3.32290335e-01,
         2.81214676e-01,  2.79418943e-02,  8.55059528e-02,
        -4.87527384e-03,  3.94711678e-02,  1.44392980e-01,
        -2.49126133e-02, -1.38372871e-02,  5.30048288e-02],
       [-4.71206430e-02,  1.99018394e-02,  5.16177702e-02,
         1.69139459e-02,  4.32186236e-02, -2.83580011e-02,
        -1.87559746e-01,  1.16311912e-01, -3.29275830e-02,
         4.41407499e-02,  4.88066180e-02, -5.97359625e-02,
         7.23201942e-02,  1.13549030e-02, -2.49126133e-02,
         5.11497650e-02, -5.38679429e-03,  1.26926622e-02],
       [-1.06118584e-02,  1.53946209e-02,  3.96607024e-02,
        -2.14452069e-02,  2.10596087e-02,  2.62428622e-02,
         8.48045745e-03, -4.70057222e-02,  1.16322847e-01,
        -1.97486606e-02,  6.17424207e-02,  6.81156067e-02,
        -1.69561003e-02,  3.09151014e-02, -1.38372871e-02,
        -5.38679429e-03,  4.11482312e-02, -3.00293021e-04],
       [-3.57114979e-01, -1.17811782e-01,  9.18728653e-03,
         2.71160362e-02,  4.54538449e-02, -1.03038957e-02,
         1.15216147e-01,  7.37251002e-02,  7.49144083e-02,
         7.09424184e-02,  1.79437903e-01, -8.63367941e-03,
         1.58377438e-01,  4.90609902e-02,  5.30048288e-02,
         1.26926622e-02, -3.00293021e-04,  1.01248470e-01]])
      jac: array([ 2.30297263e-06,  3.26664621e-06,  2.31555516e-06, -2.76149474e-06,
        8.47470242e-07,  1.86909747e-05, -3.84877315e-08,  1.15093120e-07,
       -1.49287989e-06, -1.51730480e-06,  1.38407804e-07, -4.49344266e-06,
        1.21114230e-05,  2.79665180e-06,  4.71622741e-06, -7.00032625e-06,
        1.95399252e-06, -6.95665747e-06])
  message: 'Desired error not necessarily achieved due to precision loss.'
     nfev: 2309
      nit: 64
     njev: 121
   status: 2
  success: False
        x: array([ 0.10441424,  0.06270664,  0.70735535,  1.69829588, -0.88231484,
        0.34635888,  1.27130487, -2.02485765,  0.713016  ,  2.01389103,
       -0.79334135,  0.97262028,  0.01549595,  0.04613353, -0.17437405,
       -1.56400349, -0.51917117,  0.05399195])
