Program Begingeth
      fun: 0.24190221340203433
 hess_inv: array([[ 2.41278781e+00, -1.02352824e+00,  2.37894742e-01,
         7.41837695e-01, -4.31194647e-01,  4.99419350e-01,
         7.13710207e-02,  7.87239711e-01,  1.35637375e+00,
        -6.97940013e-04, -5.83123501e-01,  1.10909357e-01,
        -3.84553535e-01,  2.50924424e-01,  2.41734409e-01,
        -1.56299416e-01,  2.54164777e-01, -4.94382975e-02],
       [-1.02352824e+00,  2.29826614e+00,  1.68231896e-01,
        -1.51123328e-01,  9.28435196e-01, -1.49215243e-01,
        -5.12954270e-03,  1.05466457e+00,  6.78726292e-01,
        -3.79707621e-01,  3.33153373e-01, -7.53114328e-01,
         3.86204493e-01, -3.34628909e-01, -2.52892567e-02,
         3.67485667e-02, -2.19006554e-01,  9.86768357e-02],
       [ 2.37894742e-01,  1.68231896e-01,  2.94104051e+00,
        -3.12486208e-01, -2.67089938e-03,  1.28327964e+00,
        -4.46054791e+00, -2.15908629e+00,  3.26008342e+00,
         2.29844556e-01,  8.86043740e-01, -2.97204044e-01,
        -9.64857702e-02, -4.84554829e-02, -2.58427300e-01,
         8.58223096e-02,  1.00665959e-01, -2.12868708e-01],
       [ 7.41837695e-01, -1.51123328e-01, -3.12486208e-01,
         3.29169949e-01, -7.31204344e-02, -2.68600183e-02,
         9.48604669e-01,  5.97273787e-01,  1.74523851e-01,
        -9.35311923e-02, -2.56117218e-01, -2.86628261e-02,
        -7.13337097e-02,  3.52058543e-02,  1.17039031e-01,
        -6.23225867e-02,  4.17667481e-02,  2.87847327e-02],
       [-4.31194647e-01,  9.28435196e-01, -2.67089938e-03,
        -7.31204344e-02,  4.28607404e-01, -6.85786097e-02,
        -2.18825134e-01,  9.35631945e-01,  5.99185862e-02,
        -1.00356827e-01,  4.54368494e-02, -2.59020749e-01,
         1.62798701e-01, -9.65981502e-02,  2.43078384e-02,
         2.60943227e-02, -8.63970715e-02,  5.19800937e-02],
       [ 4.99419350e-01, -1.49215243e-01,  1.28327964e+00,
        -2.68600183e-02, -6.85786097e-02,  6.69236296e-01,
        -2.14998484e+00, -5.46470364e-01,  1.68193738e+00,
         1.95680430e-01,  1.80596483e-01, -6.72427433e-02,
        -1.27866720e-01,  4.59375402e-02, -4.30256441e-02,
         4.30963488e-03,  7.73038009e-02, -1.01649507e-01],
       [ 7.13710207e-02, -5.12954270e-03, -4.46054791e+00,
         9.48604669e-01, -2.18825134e-01, -2.14998484e+00,
         1.22300072e+01,  1.22225031e+00, -4.07061574e+00,
        -7.29312774e-01, -5.63952822e-01, -1.30650111e-01,
         5.89779512e-02, -2.46942033e-01,  2.52793060e-01,
        -2.58556722e-01, -9.90123038e-02,  3.26982946e-01],
       [ 7.87239711e-01,  1.05466457e+00, -2.15908629e+00,
         5.97273787e-01,  9.35631945e-01, -5.46470364e-01,
         1.22225031e+00,  8.74174865e+00, -2.06264451e+00,
         1.57481512e-01, -1.56113080e+00, -2.27361140e-01,
         3.74843904e-02,  1.72178684e-01,  7.64285883e-01,
        -1.62018798e-01, -9.07778131e-02,  3.06103323e-01],
       [ 1.35637375e+00,  6.78726292e-01,  3.26008342e+00,
         1.74523851e-01,  5.99185862e-02,  1.68193738e+00,
        -4.07061574e+00, -2.06264451e+00,  7.18938980e+00,
         2.46926115e-01,  8.89797250e-01, -6.01860100e-01,
        -2.01486659e-01, -2.82696524e-01, -2.65463608e-01,
        -4.99643476e-02, -1.29002941e-03, -3.08165774e-01],
       [-6.97940013e-04, -3.79707621e-01,  2.29844556e-01,
        -9.35311923e-02, -1.00356827e-01,  1.95680430e-01,
        -7.29312774e-01,  1.57481512e-01,  2.46926115e-01,
         9.11136690e-01, -2.41638502e-02,  7.96091841e-02,
        -2.48496115e-01,  4.24292751e-02, -9.67765828e-02,
        -1.11129574e-02, -1.27410353e-02, -2.21625301e-01],
       [-5.83123501e-01,  3.33153373e-01,  8.86043740e-01,
        -2.56117218e-01,  4.54368494e-02,  1.80596483e-01,
        -5.63952822e-01, -1.56113080e+00,  8.89797250e-01,
        -2.41638502e-02,  9.71386733e-01, -2.15970158e-01,
         8.70644525e-02, -2.25763909e-01, -2.82309297e-01,
         7.89497586e-02, -3.68418857e-02, -1.13376539e-01],
       [ 1.10909357e-01, -7.53114328e-01, -2.97204044e-01,
        -2.86628261e-02, -2.59020749e-01, -6.72427433e-02,
        -1.30650111e-01, -2.27361140e-01, -6.01860100e-01,
         7.96091841e-02, -2.15970158e-01,  5.49807509e-01,
        -5.00671703e-02,  1.71522534e-01, -1.58134182e-02,
         4.83925300e-02,  7.58606624e-02,  9.42124868e-03],
       [-3.84553535e-01,  3.86204493e-01, -9.64857702e-02,
        -7.13337097e-02,  1.62798701e-01, -1.27866720e-01,
         5.89779512e-02,  3.74843904e-02, -2.01486659e-01,
        -2.48496115e-01,  8.70644525e-02, -5.00671703e-02,
         1.83240745e-01, -6.53791176e-02, -5.62742471e-03,
         6.24788874e-02, -6.36847463e-02,  7.69000761e-02],
       [ 2.50924424e-01, -3.34628909e-01, -4.84554829e-02,
         3.52058543e-02, -9.65981502e-02,  4.59375402e-02,
        -2.46942033e-01,  1.72178684e-01, -2.82696524e-01,
         4.24292751e-02, -2.25763909e-01,  1.71522534e-01,
        -6.53791176e-02,  1.39387767e-01,  5.40997346e-02,
        -4.58908955e-03,  8.18415216e-02,  9.93788101e-03],
       [ 2.41734409e-01, -2.52892567e-02, -2.58427300e-01,
         1.17039031e-01,  2.43078384e-02, -4.30256441e-02,
         2.52793060e-01,  7.64285883e-01, -2.65463608e-01,
        -9.67765828e-02, -2.82309297e-01, -1.58134182e-02,
        -5.62742471e-03,  5.40997346e-02,  1.45576206e-01,
        -3.64656051e-02,  1.29248113e-02,  8.24605304e-02],
       [-1.56299416e-01,  3.67485667e-02,  8.58223096e-02,
        -6.23225867e-02,  2.60943227e-02,  4.30963488e-03,
        -2.58556722e-01, -1.62018798e-01, -4.99643476e-02,
        -1.11129574e-02,  7.89497586e-02,  4.83925300e-02,
         6.24788874e-02, -4.58908955e-03, -3.64656051e-02,
         5.84045130e-02, -1.22161711e-02,  2.37592713e-03],
       [ 2.54164777e-01, -2.19006554e-01,  1.00665959e-01,
         4.17667481e-02, -8.63970715e-02,  7.73038009e-02,
        -9.90123038e-02, -9.07778131e-02, -1.29002941e-03,
        -1.27410353e-02, -3.68418857e-02,  7.58606624e-02,
        -6.36847463e-02,  8.18415216e-02,  1.29248113e-02,
        -1.22161711e-02,  8.88867454e-02, -7.04062961e-03],
       [-4.94382975e-02,  9.86768357e-02, -2.12868708e-01,
         2.87847327e-02,  5.19800937e-02, -1.01649507e-01,
         3.26982946e-01,  3.06103323e-01, -3.08165774e-01,
        -2.21625301e-01, -1.13376539e-01,  9.42124868e-03,
         7.69000761e-02,  9.93788101e-03,  8.24605304e-02,
         2.37592713e-03, -7.04062961e-03,  1.06427145e-01]])
      jac: array([-1.07042153e-05,  4.72714460e-06, -2.17938630e-05,  2.29125977e-05,
       -1.28680400e-05,  5.33586138e-05, -9.73480556e-07,  8.86883160e-07,
       -2.93672494e-06, -4.46161626e-06,  7.12763182e-06, -1.11575564e-05,
       -1.00972934e-05,  2.69151368e-05, -3.38292357e-05,  9.14953298e-06,
       -1.95375197e-05,  2.06318296e-05])
  message: 'Desired error not necessarily achieved due to precision loss.'
     nfev: 2064
      nit: 75
     njev: 108
   status: 2
  success: False
        x: array([ 0.98845871, -1.15341933,  0.46876554,  1.32954826, -1.17292068,
        0.11151456,  1.09659371, -1.54825314, -0.86768724,  0.08429172,
        0.58270756,  1.1083427 ,  0.02063479,  0.29704146, -0.26425206,
       -1.21347596,  0.08503873,  0.00750771])
