Program Begingeth
      fun: 0.42753946632250833
 hess_inv: array([[ 1.04929837e+01,  1.74183636e+00,  1.45835542e+00,
         4.48388388e+00,  1.24952870e+00,  1.68203729e+00,
        -1.35740289e+00,  1.58978365e+00,  9.80570108e+00,
        -6.91932264e-01, -1.57309219e+00,  1.24772272e+00,
         4.75462095e-01,  8.41869759e-01,  7.09904548e-01,
         2.12732036e-01,  1.18153051e-01,  8.35823495e-01],
       [ 1.74183636e+00,  3.56871317e+00, -1.35566028e-01,
         7.48354433e-01,  1.69510302e+00,  5.59131044e-03,
        -8.82535826e-01,  1.10063790e+00,  4.12672812e+00,
        -8.25873590e-01, -1.71822108e-01,  1.33946565e-01,
         3.65123848e-01,  1.80495756e-01, -6.85250625e-02,
         1.48241833e-01,  3.72477171e-02,  2.57282704e-01],
       [ 1.45835542e+00, -1.35566028e-01,  2.42381929e+00,
         5.21140751e-01, -1.34569265e-01,  1.27193378e+00,
         2.60242233e+00, -1.35082350e+00,  1.52343164e+00,
        -1.24485889e-01, -1.58455509e-01,  8.92457984e-02,
        -2.12804699e-01,  2.54355617e-01,  1.33690469e-01,
         4.76774777e-02,  2.82639897e-01,  9.35938384e-03],
       [ 4.48388388e+00,  7.48354433e-01,  5.21140751e-01,
         1.93918119e+00,  5.52804430e-01,  6.69069141e-01,
        -8.13068668e-01,  8.00651650e-01,  4.13694706e+00,
        -3.11491255e-01, -7.00404335e-01,  5.10525578e-01,
         2.51415220e-01,  3.52769309e-01,  3.18803204e-01,
         1.02841142e-01,  1.91145199e-02,  3.76872230e-01],
       [ 1.24952870e+00,  1.69510302e+00, -1.34569265e-01,
         5.52804430e-01,  9.20823650e-01, -3.20731701e-03,
        -2.13955398e+00,  9.59578697e-01,  2.33180983e+00,
        -3.45449997e-01, -1.36906910e-01,  8.14091276e-02,
         3.13131829e-01,  1.02422789e-01,  2.03600985e-02,
         8.81626336e-02, -9.26957550e-02,  2.04070522e-01],
       [ 1.68203729e+00,  5.59131044e-03,  1.27193378e+00,
         6.69069141e-01, -3.20731701e-03,  7.90348015e-01,
         1.51059875e+00, -4.63898694e-01,  1.67486751e+00,
        -4.24802770e-02, -2.80568753e-01,  1.67346823e-01,
        -1.14369133e-01,  2.12706788e-01,  1.56475599e-01,
         2.52594591e-02,  1.71623484e-01,  7.84918849e-02],
       [-1.35740289e+00, -8.82535826e-01,  2.60242233e+00,
        -8.13068668e-01, -2.13955398e+00,  1.51059875e+00,
         3.76571539e+01, -6.49507097e+00, -1.97886775e+00,
        -8.33840297e-01, -3.46546839e-02,  1.07095032e+00,
        -2.61807359e+00,  6.13303669e-01, -5.26650518e-01,
         1.65308392e-02,  2.68365741e+00, -1.15509075e+00],
       [ 1.58978365e+00,  1.10063790e+00, -1.35082350e+00,
         8.00651650e-01,  9.59578697e-01, -4.63898694e-01,
        -6.49507097e+00,  5.45708773e+00,  3.02103618e+00,
         3.33172771e-02,  4.78374073e-02, -5.58254260e-01,
         4.84854893e-01, -5.78573210e-02,  2.92693922e-01,
        -1.16777897e-01, -2.42676290e-01,  3.81675636e-01],
       [ 9.80570108e+00,  4.12672812e+00,  1.52343164e+00,
         4.13694706e+00,  2.33180983e+00,  1.67486751e+00,
        -1.97886775e+00,  3.02103618e+00,  1.52871695e+01,
        -1.24948258e+00, -6.62965047e-01,  1.01218970e+00,
         6.34214038e-01,  6.90380029e-01,  5.00228324e-01,
         2.80502658e-01,  2.11033432e-01,  1.04243548e+00],
       [-6.91932264e-01, -8.25873590e-01, -1.24485889e-01,
        -3.11491255e-01, -3.45449997e-01, -4.24802770e-02,
        -8.33840297e-01,  3.33172771e-02, -1.24948258e+00,
         1.00595976e+00,  1.37331658e-01, -1.10734547e-01,
        -2.50294559e-01, -1.23737369e-01, -2.16472316e-02,
        -9.17325609e-02, -1.27874328e-01, -1.98773982e-01],
       [-1.57309219e+00, -1.71822108e-01, -1.58455509e-01,
        -7.00404335e-01, -1.36906910e-01, -2.80568753e-01,
        -3.46546839e-02,  4.78374073e-02, -6.62965047e-01,
         1.37331658e-01,  1.03542213e+00, -2.48428549e-01,
        -8.29161741e-02, -3.02753652e-01, -2.71339436e-01,
        -2.12867712e-02, -9.60689906e-03, -2.32691813e-01],
       [ 1.24772272e+00,  1.33946565e-01,  8.92457984e-02,
         5.10525578e-01,  8.14091276e-02,  1.67346823e-01,
         1.07095032e+00, -5.58254260e-01,  1.01218970e+00,
        -1.10734547e-01, -2.48428549e-01,  6.86575563e-01,
         1.62634023e-02,  1.87916435e-01, -4.58293908e-02,
         1.06124078e-01,  1.05533605e-01,  6.16402972e-02],
       [ 4.75462095e-01,  3.65123848e-01, -2.12804699e-01,
         2.51415220e-01,  3.13131829e-01, -1.14369133e-01,
        -2.61807359e+00,  4.84854893e-01,  6.34214038e-01,
        -2.50294559e-01, -8.29161741e-02,  1.62634023e-02,
         3.42995491e-01,  5.30766589e-03,  4.92252897e-02,
         8.26908408e-02, -1.91385902e-01,  1.69145366e-01],
       [ 8.41869759e-01,  1.80495756e-01,  2.54355617e-01,
         3.52769309e-01,  1.02422789e-01,  2.12706788e-01,
         6.13303669e-01, -5.78573210e-02,  6.90380029e-01,
        -1.23737369e-01, -3.02753652e-01,  1.87916435e-01,
         5.30766589e-03,  1.67352518e-01,  7.16267005e-02,
         2.89811577e-02,  9.64944338e-02,  7.99741646e-02],
       [ 7.09904548e-01, -6.85250625e-02,  1.33690469e-01,
         3.18803204e-01,  2.03600985e-02,  1.56475599e-01,
        -5.26650518e-01,  2.92693922e-01,  5.00228324e-01,
        -2.16472316e-02, -2.71339436e-01, -4.58293908e-02,
         4.92252897e-02,  7.16267005e-02,  1.61977566e-01,
        -1.68644118e-02, -2.77716151e-02,  1.21438872e-01],
       [ 2.12732036e-01,  1.48241833e-01,  4.76774777e-02,
         1.02841142e-01,  8.81626336e-02,  2.52594591e-02,
         1.65308392e-02, -1.16777897e-01,  2.80502658e-01,
        -9.17325609e-02, -2.12867712e-02,  1.06124078e-01,
         8.26908408e-02,  2.89811577e-02, -1.68644118e-02,
         7.67082243e-02, -8.48666305e-03,  2.90335022e-02],
       [ 1.18153051e-01,  3.72477171e-02,  2.82639897e-01,
         1.91145199e-02, -9.26957550e-02,  1.71623484e-01,
         2.68365741e+00, -2.42676290e-01,  2.11033432e-01,
        -1.27874328e-01, -9.60689906e-03,  1.05533605e-01,
        -1.91385902e-01,  9.64944338e-02, -2.77716151e-02,
        -8.48666305e-03,  2.60937265e-01, -5.83273874e-02],
       [ 8.35823495e-01,  2.57282704e-01,  9.35938384e-03,
         3.76872230e-01,  2.04070522e-01,  7.84918849e-02,
        -1.15509075e+00,  3.81675636e-01,  1.04243548e+00,
        -1.98773982e-01, -2.32691813e-01,  6.16402972e-02,
         1.69145366e-01,  7.99741646e-02,  1.21438872e-01,
         2.90335022e-02, -5.83273874e-02,  1.88275998e-01]])
      jac: array([-8.59765962e-04, -1.46158752e-03,  4.00986281e-04,  2.01304492e-03,
        2.52363649e-03, -1.07745442e-03,  1.77946546e-05, -1.89760060e-04,
        2.91752178e-04, -4.23400574e-04, -3.01221640e-04, -1.09430243e-04,
       -5.91215965e-04, -9.76666155e-04,  1.24809755e-03, -4.06358280e-04,
        7.24919384e-04, -2.04716392e-03])
  message: 'Maximum number of iterations has been exceeded.'
     nfev: 2128
      nit: 100
     njev: 112
   status: 1
  success: False
        x: array([ 1.60494836, -1.02953266,  0.52060414,  1.53116556, -1.10350032,
        0.23698599,  0.10465229, -1.8543212 ,  0.47311529, -0.04967028,
        0.26468337,  1.17997749, -0.00914133, -0.06322476, -0.25663021,
       -1.2308272 , -0.92298297,  0.02236557])
