Program Begingeth
      fun: 0.28569991099753994
 hess_inv: array([[ 6.61205131e+00,  1.94430000e+00, -3.83717982e+00,
         1.63322815e+00,  1.08292452e+00, -2.25421742e+00,
        -2.53797020e+00,  9.68684604e-01, -5.51224309e+00,
        -6.38291304e-02, -2.76803600e-01,  1.32960608e-01,
        -1.12407358e+00, -2.45281546e-01, -1.00337684e-01,
        -2.41319227e-01, -7.15341350e-01,  2.75297104e-01],
       [ 1.94430000e+00,  3.66322015e+00, -2.01693975e+00,
         3.78953682e-03,  1.60296497e+00, -1.03037533e+00,
        -3.37014694e+00,  3.57834041e+00, -9.48722502e-01,
         2.15000205e-01, -4.36822621e-01, -8.31565131e-01,
        -6.03743914e-01, -3.32993209e-01,  1.92329657e-01,
         3.20434344e-02, -3.58117287e-01,  1.80832249e-01],
       [-3.83717982e+00, -2.01693975e+00,  2.78673467e+01,
         3.01400854e+00, -1.48115763e+00,  1.21072694e+01,
         4.08937659e+01, -1.26742473e+01,  2.04562929e+01,
        -6.24640711e-01,  5.43776085e+00, -1.78017341e+00,
         1.76629331e+00,  1.65209435e-01, -1.03916781e+00,
        -2.69114797e-01,  1.59546423e+00, -6.80457578e-01],
       [ 1.63322815e+00,  3.78953682e-03,  3.01400854e+00,
         1.10871084e+00,  8.39855891e-03,  1.12703062e+00,
         6.06475003e+00, -1.88858458e+00,  1.07575750e+00,
        -1.36279531e-01,  7.00597238e-01, -8.11559378e-02,
        -5.30730599e-02,  1.43121319e-02, -2.03526593e-01,
        -1.24920289e-01,  4.75230733e-02, -2.28571353e-02],
       [ 1.08292452e+00,  1.60296497e+00, -1.48115763e+00,
         8.39855891e-03,  7.63529668e-01, -7.09425776e-01,
        -2.08007540e+00,  2.07314045e+00, -1.03877892e+00,
         5.21958213e-02, -3.26667510e-01, -2.51864242e-01,
        -3.17761248e-01, -1.14412036e-01,  1.10626463e-01,
        -5.47781538e-03, -1.91250989e-01,  1.02655575e-01],
       [-2.25421742e+00, -1.03037533e+00,  1.21072694e+01,
         1.12703062e+00, -7.09425776e-01,  5.37302635e+00,
         1.77220293e+01, -5.21696465e+00,  9.37684082e+00,
        -3.42837346e-01,  2.20543690e+00, -7.34721187e-01,
         8.74270481e-01,  1.10553703e-01, -3.93099968e-01,
        -8.23059463e-02,  7.29049874e-01, -3.11049394e-01],
       [-2.53797020e+00, -3.37014694e+00,  4.08937659e+01,
         6.06475003e+00, -2.08007540e+00,  1.77220293e+01,
         6.75531485e+01, -1.91313240e+01,  2.78060790e+01,
        -1.01273468e+00,  7.36359357e+00, -1.87483312e+00,
         2.29195304e+00,  6.14786724e-01, -1.48717757e+00,
        -6.01249693e-01,  2.25259535e+00, -8.74683227e-01],
       [ 9.68684604e-01,  3.57834041e+00, -1.26742473e+01,
        -1.88858458e+00,  2.07314045e+00, -5.21696465e+00,
        -1.91313240e+01,  1.24779481e+01, -7.92254382e+00,
        -5.57024323e-02, -2.94926993e+00,  1.06539392e-01,
        -8.04591325e-01, -1.90604366e-01,  8.89030971e-01,
         2.28800651e-01, -7.90911543e-01,  4.03700626e-01],
       [-5.51224309e+00, -9.48722502e-01,  2.04562929e+01,
         1.07575750e+00, -1.03877892e+00,  9.37684082e+00,
         2.78060790e+01, -7.92254382e+00,  1.97051126e+01,
        -6.35087750e-01,  3.67384946e+00, -1.61639917e+00,
         1.62643788e+00, -9.39132686e-02, -6.28928301e-01,
         1.28253836e-02,  1.14985166e+00, -6.38708852e-01],
       [-6.38291304e-02,  2.15000205e-01, -6.24640711e-01,
        -1.36279531e-01,  5.21958213e-02, -3.42837346e-01,
        -1.01273468e+00, -5.57024323e-02, -6.35087750e-01,
         8.70341569e-01, -2.24291897e-01, -3.53175380e-03,
        -2.24675861e-01,  3.38290872e-02,  1.09117626e-01,
         9.46863858e-03,  2.59938335e-02,  2.02919480e-01],
       [-2.76803600e-01, -4.36822621e-01,  5.43776085e+00,
         7.00597238e-01, -3.26667510e-01,  2.20543690e+00,
         7.36359357e+00, -2.94926993e+00,  3.67384946e+00,
        -2.24291897e-01,  1.72837753e+00, -4.13855930e-01,
         2.97490597e-01, -1.32232050e-01, -3.95718362e-01,
        -8.89424913e-02,  2.68520108e-01, -2.37695393e-01],
       [ 1.32960608e-01, -8.31565131e-01, -1.78017341e+00,
        -8.11559378e-02, -2.51864242e-01, -7.34721187e-01,
        -1.87483312e+00,  1.06539392e-01, -1.61639917e+00,
        -3.53175380e-03, -4.13855930e-01,  7.18895476e-01,
        -4.50382258e-02,  1.74294506e-01, -9.65803711e-03,
        -5.13490538e-02, -4.90869475e-03,  4.05144121e-02],
       [-1.12407358e+00, -6.03743914e-01,  1.76629331e+00,
        -5.30730599e-02, -3.17761248e-01,  8.74270481e-01,
         2.29195304e+00, -8.04591325e-01,  1.62643788e+00,
        -2.24675861e-01,  2.97490597e-01, -4.50382258e-02,
         3.50293052e-01,  5.92492570e-02, -5.73578995e-02,
         5.69142823e-02,  1.89693445e-01, -1.26870109e-01],
       [-2.45281546e-01, -3.32993209e-01,  1.65209435e-01,
         1.43121319e-02, -1.14412036e-01,  1.10553703e-01,
         6.14786724e-01, -1.90604366e-01, -9.39132686e-02,
         3.38290872e-02, -1.32232050e-01,  1.74294506e-01,
         5.92492570e-02,  1.33329237e-01,  2.14336134e-02,
        -1.15160645e-02,  9.28102988e-02,  1.83693444e-02],
       [-1.00337684e-01,  1.92329657e-01, -1.03916781e+00,
        -2.03526593e-01,  1.10626463e-01, -3.93099968e-01,
        -1.48717757e+00,  8.89030971e-01, -6.28928301e-01,
         1.09117626e-01, -3.95718362e-01, -9.65803711e-03,
        -5.73578995e-02,  2.14336134e-02,  1.49590188e-01,
         3.62934235e-02, -4.99953123e-02,  8.71346402e-02],
       [-2.41319227e-01,  3.20434344e-02, -2.69114797e-01,
        -1.24920289e-01, -5.47781538e-03, -8.23059463e-02,
        -6.01249693e-01,  2.28800651e-01,  1.28253836e-02,
         9.46863858e-03, -8.89424913e-02, -5.13490538e-02,
         5.69142823e-02, -1.15160645e-02,  3.62934235e-02,
         6.16892234e-02,  4.07460256e-03, -5.90028606e-03],
       [-7.15341350e-01, -3.58117287e-01,  1.59546423e+00,
         4.75230733e-02, -1.91250989e-01,  7.29049874e-01,
         2.25259535e+00, -7.90911543e-01,  1.14985166e+00,
         2.59938335e-02,  2.68520108e-01, -4.90869475e-03,
         1.89693445e-01,  9.28102988e-02, -4.99953123e-02,
         4.07460256e-03,  1.97152165e-01, -4.68299445e-02],
       [ 2.75297104e-01,  1.80832249e-01, -6.80457578e-01,
        -2.28571353e-02,  1.02655575e-01, -3.11049394e-01,
        -8.74683227e-01,  4.03700626e-01, -6.38708852e-01,
         2.02919480e-01, -2.37695393e-01,  4.05144121e-02,
        -1.26870109e-01,  1.83693444e-02,  8.71346402e-02,
        -5.90028606e-03, -4.68299445e-02,  1.10579401e-01]])
      jac: array([ 1.51619458e-06,  4.12773519e-05, -5.29221111e-05,  2.81200988e-05,
       -8.43025649e-05,  1.51404815e-04, -4.78506124e-06, -1.97471669e-06,
       -1.49587750e-05,  2.62752782e-06, -9.72999459e-06,  3.78845103e-06,
       -2.78950936e-05, -6.76862270e-05, -1.93027076e-05, -3.13175412e-05,
        6.37105184e-05,  1.45783385e-05])
  message: 'Desired error not necessarily achieved due to precision loss.'
     nfev: 2121
      nit: 67
     njev: 111
   status: 2
  success: False
        x: array([-0.82765687, -1.06395305,  0.25507275, -1.22463239, -1.08513122,
        0.0082465 , -1.41212427, -1.42350049, -0.94663098,  0.10944455,
        0.50897609,  1.14077329,  0.10555819,  0.19579295, -0.274751  ,
        1.36226488, -0.25273117,  0.01429607])
