Program Begingeth
      fun: 0.26074538421748367
 hess_inv: array([[ 4.38113540e+00,  1.71677677e+00,  4.56194356e-01,
         1.26148546e+00,  6.69177017e-01, -9.29478938e-01,
         2.04449025e+00, -2.34391237e+00, -1.90547690e+00,
        -5.34114834e-01,  8.62828650e-01, -1.06448824e+00,
        -7.20040838e-01, -4.60313124e-01, -4.98596749e-01,
        -1.71167496e-01, -5.33208271e-01,  3.41849171e-01],
       [ 1.71677677e+00,  3.17584484e+00,  1.12223534e+00,
         4.49594007e-01,  1.18797932e+00, -1.35261783e-01,
         3.26486088e+00,  2.80013530e-01,  2.21233501e+00,
         1.72462953e-02,  3.62893984e-01, -1.60162264e+00,
        -5.12633863e-01, -4.39500867e-01, -3.29366968e-01,
        -2.29914478e-02, -2.76535602e-01,  9.08661376e-02],
       [ 4.56194356e-01,  1.12223534e+00,  2.25451012e+00,
         4.47664786e-01,  4.12017401e-01,  6.44308019e-01,
         3.86705436e+00, -1.84392166e+00,  2.70989226e+00,
        -4.76216830e-02,  9.60773392e-01, -9.63031463e-01,
        -1.17878872e-01, -2.16044262e-01, -3.27175855e-01,
        -1.69327567e-01, -1.02111967e-01, -8.45064621e-02],
       [ 1.26148546e+00,  4.49594007e-01,  4.47664786e-01,
         4.80253676e-01,  1.93036709e-01, -1.45617629e-01,
         1.48793226e+00, -1.08330803e+00, -3.48972833e-01,
        -2.05247421e-01,  4.18419972e-01, -3.06052957e-01,
        -1.61977498e-01, -1.16987878e-01, -2.10422043e-01,
        -7.71915955e-02, -1.43940838e-01,  3.75417878e-02],
       [ 6.69177017e-01,  1.18797932e+00,  4.12017401e-01,
         1.93036709e-01,  5.86397182e-01, -1.40549903e-02,
         2.23110509e+00,  8.43003009e-01,  5.74444082e-01,
        -1.20733510e-01,  6.19455148e-02, -4.94789920e-01,
        -2.46422202e-01, -1.00315967e-01, -8.98907674e-02,
        -4.74189380e-02, -1.62702522e-01,  3.35716076e-02],
       [-9.29478938e-01, -1.35261783e-01,  6.44308019e-01,
        -1.45617629e-01, -1.40549903e-02,  5.35591289e-01,
         1.26845199e+00,  2.41252389e-01,  1.61673010e+00,
        -2.86117601e-02,  1.39667139e-02,  1.37986448e-02,
         1.69076570e-01,  6.33765769e-02,  6.61613715e-02,
         8.17037477e-03,  5.64704562e-02, -1.15898059e-01],
       [ 2.04449025e+00,  3.26486088e+00,  3.86705436e+00,
         1.48793226e+00,  2.23110509e+00,  1.26845199e+00,
         2.07688196e+01,  1.27358637e+00,  4.81641820e+00,
        -1.38360319e+00,  1.19375052e+00, -1.48726379e+00,
        -7.91196400e-01, -3.41094878e-01, -5.98963246e-01,
        -4.30217434e-01, -1.19155867e+00, -3.67383393e-01],
       [-2.34391237e+00,  2.80013530e-01, -1.84392166e+00,
        -1.08330803e+00,  8.43003009e-01,  2.41252389e-01,
         1.27358637e+00,  1.04855574e+01, -4.86089545e-01,
        -3.47257887e-02, -1.98402909e+00,  6.89238879e-01,
         5.25560698e-02,  5.22356206e-01,  9.28094886e-01,
         3.21758135e-01,  1.09062247e-01,  6.47271113e-02],
       [-1.90547690e+00,  2.21233501e+00,  2.70989226e+00,
        -3.48972833e-01,  5.74444082e-01,  1.61673010e+00,
         4.81641820e+00, -4.86089545e-01,  1.09069430e+01,
         1.39623380e-01,  6.14638508e-01, -1.34302426e+00,
         2.08527928e-01, -5.53318820e-01, -1.56985260e-01,
         1.69684387e-01, -1.37314708e-01, -2.62563909e-01],
       [-5.34114834e-01,  1.72462953e-02, -4.76216830e-02,
        -2.05247421e-01, -1.20733510e-01, -2.86117601e-02,
        -1.38360319e+00, -3.47257887e-02,  1.39623380e-01,
         7.53297299e-01, -1.02022048e-01, -4.99632139e-02,
        -1.94742376e-02,  4.12879481e-02,  7.49275361e-02,
         4.50496960e-02,  2.02123441e-01,  1.15181256e-01],
       [ 8.62828650e-01,  3.62893984e-01,  9.60773392e-01,
         4.18419972e-01,  6.19455148e-02,  1.39667139e-02,
         1.19375052e+00, -1.98402909e+00,  6.14638508e-01,
        -1.02022048e-01,  1.06622611e+00, -4.61408216e-01,
        -1.05558876e-01, -2.50888144e-01, -3.79619209e-01,
        -1.44995075e-01, -8.72947349e-02, -8.43368055e-02],
       [-1.06448824e+00, -1.60162264e+00, -9.63031463e-01,
        -3.06052957e-01, -4.94789920e-01,  1.37986448e-02,
        -1.48726379e+00,  6.89238879e-01, -1.34302426e+00,
        -4.99632139e-02, -4.61408216e-01,  1.21607513e+00,
         2.44984475e-01,  3.49676989e-01,  1.94922813e-01,
        -1.08023956e-02,  1.69816048e-01, -5.64349785e-02],
       [-7.20040838e-01, -5.12633863e-01, -1.17878872e-01,
        -1.61977498e-01, -2.46422202e-01,  1.69076570e-01,
        -7.91196400e-01,  5.25560698e-02,  2.08527928e-01,
        -1.94742376e-02, -1.05558876e-01,  2.44984475e-01,
         2.55846490e-01,  9.05559920e-02,  7.13349318e-02,
         8.16575222e-02,  1.43843860e-01, -1.06538712e-01],
       [-4.60313124e-01, -4.39500867e-01, -2.16044262e-01,
        -1.16987878e-01, -1.00315967e-01,  6.33765769e-02,
        -3.41094878e-01,  5.22356206e-01, -5.53318820e-01,
         4.12879481e-02, -2.50888144e-01,  3.49676989e-01,
         9.05559920e-02,  1.85340264e-01,  1.05726568e-01,
         2.55230860e-04,  1.14752563e-01, -7.65612827e-03],
       [-4.98596749e-01, -3.29366968e-01, -3.27175855e-01,
        -2.10422043e-01, -8.98907674e-02,  6.61613715e-02,
        -5.98963246e-01,  9.28094886e-01, -1.56985260e-01,
         7.49275361e-02, -3.79619209e-01,  1.94922813e-01,
         7.13349318e-02,  1.05726568e-01,  2.05803523e-01,
         6.79089270e-02,  5.17345598e-02,  5.22878839e-02],
       [-1.71167496e-01, -2.29914478e-02, -1.69327567e-01,
        -7.71915955e-02, -4.74189380e-02,  8.17037477e-03,
        -4.30217434e-01,  3.21758135e-01,  1.69684387e-01,
         4.50496960e-02, -1.44995075e-01, -1.08023956e-02,
         8.16575222e-02,  2.55230860e-04,  6.79089270e-02,
         9.72027813e-02,  3.84559667e-02, -9.50979079e-04],
       [-5.33208271e-01, -2.76535602e-01, -1.02111967e-01,
        -1.43940838e-01, -1.62702522e-01,  5.64704562e-02,
        -1.19155867e+00,  1.09062247e-01, -1.37314708e-01,
         2.02123441e-01, -8.72947349e-02,  1.69816048e-01,
         1.43843860e-01,  1.14752563e-01,  5.17345598e-02,
         3.84559667e-02,  2.11256392e-01, -2.46543452e-02],
       [ 3.41849171e-01,  9.08661376e-02, -8.45064621e-02,
         3.75417878e-02,  3.35716076e-02, -1.15898059e-01,
        -3.67383393e-01,  6.47271113e-02, -2.62563909e-01,
         1.15181256e-01, -8.43368055e-02, -5.64349785e-02,
        -1.06538712e-01, -7.65612827e-03,  5.22878839e-02,
        -9.50979079e-04, -2.46543452e-02,  1.43735483e-01]])
      jac: array([-1.18653235e-05,  8.62976357e-06, -1.04990091e-05,  1.73113376e-05,
       -1.79548968e-05,  1.84123087e-05, -4.58522109e-07,  1.00771243e-06,
       -2.30926389e-06, -1.08087613e-05,  8.93729535e-07, -5.35053483e-06,
       -1.29899795e-05,  1.28708155e-05, -4.18787227e-05,  1.67488246e-05,
       -9.78661596e-06,  4.38985885e-05])
  message: 'Maximum number of iterations has been exceeded.'
     nfev: 2204
      nit: 100
     njev: 116
   status: 1
  success: False
        x: array([-0.42726357, -0.71996707,  0.6434083 , -0.80977502, -0.88884539,
        0.10510205, -0.35745148, -1.63738961, -0.54102604,  0.10570111,
        0.67743449,  1.12167445,  0.07571689,  0.12885663, -0.38980117,
        1.04913816, -0.48610202, -0.02395565])
