Program Begingeth
      fun: 0.37185103735577696
 hess_inv: array([[ 1.50721559e+00, -7.59949620e-02,  8.83341619e-02,
         2.37600641e-01, -3.15468082e-01,  3.52370718e-01,
         5.82782552e-01, -3.26852811e-01,  2.36198060e-01,
         6.70888151e-01, -1.09102640e+00,  8.12031873e-02,
        -6.02556812e-01, -3.88161777e-02,  6.00639685e-02,
        -3.90748120e-02, -3.15718384e-02, -3.07250381e-01],
       [-7.59949620e-02,  6.93529657e-01, -9.10110079e-02,
        -2.88004155e-01,  6.18523717e-02, -2.69902865e-01,
        -1.24823525e+00,  2.25025750e-01, -3.79163714e-01,
        -8.33614706e-01, -3.91926729e-02, -1.62510403e-01,
         5.12826277e-02, -2.46089665e-01, -2.53463986e-01,
         5.03475240e-02, -2.20854397e-02, -1.26194616e-01],
       [ 8.83341619e-02, -9.10110079e-02,  4.06034096e-01,
         1.29936176e-01,  8.31194925e-02,  1.57689503e-01,
         6.46558770e-02, -2.38899706e-01,  6.42786713e-01,
         5.93218302e-01,  1.27810104e-01,  7.45242532e-02,
         4.04769682e-03,  1.44596595e-01, -3.89315523e-02,
         6.80990061e-02,  5.72214803e-02,  4.52214390e-02],
       [ 2.37600641e-01, -2.88004155e-01,  1.29936176e-01,
         4.98452983e-01,  7.62257265e-02,  2.60431609e-01,
         1.21972376e+00,  2.63586070e-01,  1.38568506e+00,
         1.46274428e+00,  2.30784557e-01, -6.55241351e-02,
        -6.14488653e-05,  1.24845381e-01,  1.60390476e-01,
         1.98581444e-02, -1.78559567e-03,  4.87835307e-02],
       [-3.15468082e-01,  6.18523717e-02,  8.31194925e-02,
         7.62257265e-02,  4.10982704e-01, -6.73229755e-02,
        -2.79909105e-01,  8.09700504e-01,  8.76962699e-01,
         2.92094332e-01,  1.05980499e+00, -1.83836908e-01,
         2.22358600e-01,  1.00967233e-01, -6.26012602e-02,
         8.60272331e-02,  1.70772848e-02,  8.45605964e-02],
       [ 3.52370718e-01, -2.69902865e-01,  1.57689503e-01,
         2.60431609e-01, -6.73229755e-02,  4.83812278e-01,
         1.23734949e+00, -4.81471922e-01,  1.43789811e+00,
         9.66922163e-01, -3.79733354e-02,  5.99450857e-01,
        -2.21628777e-01,  1.49031094e-01,  1.82548373e-01,
        -4.78660880e-02,  8.92939141e-02,  2.83908460e-04],
       [ 5.82782552e-01, -1.24823525e+00,  6.46558770e-02,
         1.21972376e+00, -2.79909105e-01,  1.23734949e+00,
         9.87706052e+00, -1.54385715e+00,  5.49627394e+00,
         3.41595025e+00,  1.07466502e+00,  7.12759616e-01,
        -7.12621549e-01,  4.03931139e-01,  6.72280649e-01,
        -3.49944992e-01,  4.38202080e-01,  4.85403725e-03],
       [-3.26852811e-01,  2.25025750e-01, -2.38899706e-01,
         2.63586070e-01,  8.09700504e-01, -4.81471922e-01,
        -1.54385715e+00,  4.02710785e+00,  8.14148163e-01,
         4.53274382e-01,  1.47325739e+00, -1.29489118e+00,
         5.11620227e-01,  2.53015846e-02, -5.52579571e-02,
         1.52820753e-01, -1.24419102e-01,  1.34201555e-01],
       [ 2.36198060e-01, -3.79163714e-01,  6.42786713e-01,
         1.38568506e+00,  8.76962699e-01,  1.43789811e+00,
         5.49627394e+00,  8.14148163e-01,  1.03024725e+01,
         4.83134485e+00,  3.28761618e+00,  8.10446252e-01,
        -1.75378537e-01,  4.91417024e-01,  4.31344808e-01,
        -1.75575247e-03,  3.54167856e-01,  2.09506159e-01],
       [ 6.70888151e-01, -8.33614706e-01,  5.93218302e-01,
         1.46274428e+00,  2.92094332e-01,  9.66922163e-01,
         3.41595025e+00,  4.53274382e-01,  4.83134485e+00,
         4.70614459e+00,  8.67719353e-01,  1.79868492e-01,
        -7.57359376e-02,  4.68759742e-01,  4.56340163e-01,
         4.46359954e-02,  7.96579458e-02,  1.53432628e-01],
       [-1.09102640e+00, -3.91926729e-02,  1.27810104e-01,
         2.30784557e-01,  1.05980499e+00, -3.79733354e-02,
         1.07466502e+00,  1.47325739e+00,  3.28761618e+00,
         8.67719353e-01,  3.45560943e+00, -2.84203324e-01,
         4.98735147e-01,  2.87907010e-01, -7.87477875e-02,
         1.15295052e-01,  1.35587631e-01,  2.52223214e-01],
       [ 8.12031873e-02, -1.62510403e-01,  7.45242532e-02,
        -6.55241351e-02, -1.83836908e-01,  5.99450857e-01,
         7.12759616e-01, -1.29489118e+00,  8.10446252e-01,
         1.79868492e-01, -2.84203324e-01,  1.49823476e+00,
        -2.48787482e-01,  1.50190909e-01,  1.71846754e-01,
        -8.08316131e-02,  1.60388784e-01, -1.35324302e-03],
       [-6.02556812e-01,  5.12826277e-02,  4.04769682e-03,
        -6.14488653e-05,  2.22358600e-01, -2.21628777e-01,
        -7.12621549e-01,  5.11620227e-01, -1.75378537e-01,
        -7.57359376e-02,  4.98735147e-01, -2.48787482e-01,
         3.86752581e-01,  1.64793784e-02, -4.44897554e-02,
         1.02763256e-01, -5.19729640e-02,  1.54054922e-01],
       [-3.88161777e-02, -2.46089665e-01,  1.44596595e-01,
         1.24845381e-01,  1.00967233e-01,  1.49031094e-01,
         4.03931139e-01,  2.53015846e-02,  4.91417024e-01,
         4.68759742e-01,  2.87907010e-01,  1.50190909e-01,
         1.64793784e-02,  1.81068179e-01,  6.92786820e-02,
         1.14231442e-02,  6.33798079e-02,  7.20746080e-02],
       [ 6.00639685e-02, -2.53463986e-01, -3.89315523e-02,
         1.60390476e-01, -6.26012602e-02,  1.82548373e-01,
         6.72280649e-01, -5.52579571e-02,  4.31344808e-01,
         4.56340163e-01, -7.87477875e-02,  1.71846754e-01,
        -4.44897554e-02,  6.92786820e-02,  1.74575090e-01,
        -4.37616987e-02,  5.78278653e-03,  6.24291731e-02],
       [-3.90748120e-02,  5.03475240e-02,  6.80990061e-02,
         1.98581444e-02,  8.60272331e-02, -4.78660880e-02,
        -3.49944992e-01,  1.52820753e-01, -1.75575247e-03,
         4.46359954e-02,  1.15295052e-01, -8.08316131e-02,
         1.02763256e-01,  1.14231442e-02, -4.37616987e-02,
         7.83012626e-02, -2.15686557e-02,  1.96693102e-02],
       [-3.15718384e-02, -2.20854397e-02,  5.72214803e-02,
        -1.78559567e-03,  1.70772848e-02,  8.92939141e-02,
         4.38202080e-01, -1.24419102e-01,  3.54167856e-01,
         7.96579458e-02,  1.35587631e-01,  1.60388784e-01,
        -5.19729640e-02,  6.33798079e-02,  5.78278653e-03,
        -2.15686557e-02,  8.54497339e-02,  2.03635443e-03],
       [-3.07250381e-01, -1.26194616e-01,  4.52214390e-02,
         4.87835307e-02,  8.45605964e-02,  2.83908460e-04,
         4.85403725e-03,  1.34201555e-01,  2.09506159e-01,
         1.53432628e-01,  2.52223214e-01, -1.35324302e-03,
         1.54054922e-01,  7.20746080e-02,  6.24291731e-02,
         1.96693102e-02,  2.03635443e-03,  1.35063068e-01]])
      jac: array([-2.37846779e-06, -1.23234756e-06, -2.61272485e-07,  5.24025268e-06,
        3.26812651e-06,  2.36884586e-06, -1.81336427e-08,  3.31586610e-07,
       -5.27726011e-07, -1.18941893e-06, -2.96429548e-07,  4.87387908e-07,
       -5.04818409e-06, -1.70419234e-06, -3.78104955e-06,  2.17011594e-06,
       -2.03281836e-06, -1.97989773e-07])
  message: 'Optimization terminated successfully.'
     nfev: 1501
      nit: 70
     njev: 79
   status: 0
  success: True
        x: array([ 0.07600141,  0.05784139,  0.82852584,  1.42155489, -0.96913769,
        0.32099951,  0.74312583, -2.07737649,  0.70196163,  1.77677216,
       -0.902321  ,  0.9100086 ,  0.04641641, -0.00448146, -0.2380548 ,
       -1.28847929, -0.69068749,  0.04940974])
