Program Begingeth
      fun: 0.19641584070261725
 hess_inv: array([[ 6.40293054e+00,  1.80812660e+00, -8.06272743e-01,
         4.76745296e-01,  5.19089124e-01, -1.44746695e+00,
        -3.17020046e+00, -5.78502194e-01, -2.56302910e+00,
        -1.45087813e+00,  1.54921026e-01, -1.29756891e+00,
        -1.57892849e+00, -7.23437431e-01, -2.99004208e-01,
         1.02028040e-01, -6.92690122e-01,  4.72986427e-01],
       [ 1.80812660e+00,  3.43437902e+00, -1.85565800e+00,
        -5.91299701e-01,  8.37141591e-01, -9.70982013e-01,
        -6.42413138e+00,  4.10987482e+00, -9.32779516e-01,
         5.09842899e-02, -1.74736033e+00, -1.39946477e+00,
        -6.48863537e-01, -6.14781301e-01,  3.28564574e-01,
         3.69765143e-01, -1.80428699e-01,  2.09014714e-01],
       [-8.06272743e-01, -1.85565800e+00,  7.76233744e+00,
         1.45695401e+00, -4.02697296e-01,  2.35435045e+00,
         1.54618356e+01, -5.97978840e+00,  6.97386673e+00,
        -3.71713113e-01,  4.47217674e+00, -2.27215354e+00,
         3.58404776e-01, -4.89250332e-02, -1.10512547e+00,
        -6.36363581e-01,  2.22518359e-01, -3.54957566e-01],
       [ 4.76745296e-01, -5.91299701e-01,  1.45695401e+00,
         4.72496071e-01, -9.01209356e-02,  3.75934913e-01,
         3.85012956e+00, -1.57745788e+00,  8.19008857e-01,
        -3.16997287e-01,  9.48340952e-01, -2.63517630e-01,
        -2.28324553e-02,  4.59617291e-02, -2.52736984e-01,
        -1.41448411e-01, -1.10729624e-02, -3.52853256e-02],
       [ 5.19089124e-01,  8.37141591e-01, -4.02697296e-01,
        -9.01209356e-02,  2.83190160e-01, -1.89890609e-01,
        -9.08945777e-01,  1.46729651e+00, -3.66093193e-01,
        -1.18448889e-01, -4.65520656e-01, -2.99562105e-01,
        -1.66369190e-01, -9.77013391e-02,  1.14728634e-01,
         7.06898246e-02, -4.83595211e-02,  6.32645135e-02],
       [-1.44746695e+00, -9.70982013e-01,  2.35435045e+00,
         3.75934913e-01, -1.89890609e-01,  1.04035114e+00,
         5.71337077e+00, -1.29575134e+00,  2.61762784e+00,
        -1.95407334e-02,  1.13885136e+00, -2.78524200e-01,
         4.46308219e-01,  1.74598124e-01, -1.98772707e-01,
        -2.01186194e-01,  1.72568587e-01, -1.93146704e-01],
       [-3.17020046e+00, -6.42413138e+00,  1.54618356e+01,
         3.85012956e+00, -9.08945777e-01,  5.71337077e+00,
         4.39752583e+01, -1.14371140e+01,  1.25195021e+01,
        -1.44554252e+00,  8.18115441e+00, -1.89878441e+00,
         1.37505469e+00,  1.14721113e+00, -1.77351394e+00,
        -1.53375889e+00,  5.76190450e-01, -8.43984683e-01],
       [-5.78502194e-01,  4.10987482e+00, -5.97978840e+00,
        -1.57745788e+00,  1.46729651e+00, -1.29575134e+00,
        -1.14371140e+01,  1.42066124e+01, -3.91213655e+00,
        -1.57174398e-01, -4.70920553e+00,  2.83066505e-01,
         1.50573604e-02, -2.48323413e-01,  1.54931301e+00,
         7.41857616e-01, -1.08081254e-01,  2.19664171e-01],
       [-2.56302910e+00, -9.32779516e-01,  6.97386673e+00,
         8.19008857e-01, -3.66093193e-01,  2.61762784e+00,
         1.25195021e+01, -3.91213655e+00,  1.13115420e+01,
        -3.33844645e-01,  3.87845646e+00, -2.29444786e+00,
         7.68326851e-01, -4.27323634e-01, -1.00363034e+00,
        -4.57327963e-01,  1.93667620e-01, -6.29458330e-01],
       [-1.45087813e+00,  5.09842899e-02, -3.71713113e-01,
        -3.16997287e-01, -1.18448889e-01, -1.95407334e-02,
        -1.44554252e+00, -1.57174398e-01, -3.33844645e-01,
         1.40145167e+00, -5.29883411e-01,  2.76723471e-01,
         1.19367498e-01,  1.62715381e-01,  1.53350262e-01,
         5.60438503e-02,  2.45855812e-01,  8.28185644e-02],
       [ 1.54921026e-01, -1.74736033e+00,  4.47217674e+00,
         9.48340952e-01, -4.65520656e-01,  1.13885136e+00,
         8.18115441e+00, -4.70920553e+00,  3.87845646e+00,
        -5.29883411e-01,  3.62813567e+00, -1.13722989e+00,
         1.25637448e-01, -1.92964033e-01, -9.43641422e-01,
        -4.37474762e-01,  2.99984298e-02, -2.93793883e-01],
       [-1.29756891e+00, -1.39946477e+00, -2.27215354e+00,
        -2.63517630e-01, -2.99562105e-01, -2.78524200e-01,
        -1.89878441e+00,  2.83066505e-01, -2.29444786e+00,
         2.76723471e-01, -1.13722989e+00,  2.35900870e+00,
         3.54156817e-01,  5.94770879e-01,  3.17453392e-01,
         1.14579528e-02,  1.16345221e-01,  2.62871187e-02],
       [-1.57892849e+00, -6.48863537e-01,  3.58404776e-01,
        -2.28324553e-02, -1.66369190e-01,  4.46308219e-01,
         1.37505469e+00,  1.50573604e-02,  7.68326851e-01,
         1.19367498e-01,  1.25637448e-01,  3.54156817e-01,
         4.99144264e-01,  1.98363194e-01,  4.16683932e-02,
        -1.85737966e-02,  1.72275465e-01, -1.70092477e-01],
       [-7.23437431e-01, -6.14781301e-01, -4.89250332e-02,
         4.59617291e-02, -9.77013391e-02,  1.74598124e-01,
         1.14721113e+00, -2.48323413e-01, -4.27323634e-01,
         1.62715381e-01, -1.92964033e-01,  5.94770879e-01,
         1.98363194e-01,  3.00395397e-01,  8.73509279e-02,
        -4.84740532e-02,  1.16429759e-01, -4.09430225e-03],
       [-2.99004208e-01,  3.28564574e-01, -1.10512547e+00,
        -2.52736984e-01,  1.14728634e-01, -1.98772707e-01,
        -1.77351394e+00,  1.54931301e+00, -1.00363034e+00,
         1.53350262e-01, -9.43641422e-01,  3.17453392e-01,
         4.16683932e-02,  8.73509279e-02,  3.14500632e-01,
         1.14621711e-01,  1.01029864e-02,  7.82714101e-02],
       [ 1.02028040e-01,  3.69765143e-01, -6.36363581e-01,
        -1.41448411e-01,  7.06898246e-02, -2.01186194e-01,
        -1.53375889e+00,  7.41857616e-01, -4.57327963e-01,
         5.60438503e-02, -4.37474762e-01,  1.14579528e-02,
        -1.85737966e-02, -4.84740532e-02,  1.14621711e-01,
         1.03769795e-01, -1.61487430e-02,  3.06439968e-02],
       [-6.92690122e-01, -1.80428699e-01,  2.22518359e-01,
        -1.10729624e-02, -4.83595211e-02,  1.72568587e-01,
         5.76190450e-01, -1.08081254e-01,  1.93667620e-01,
         2.45855812e-01,  2.99984298e-02,  1.16345221e-01,
         1.72275465e-01,  1.16429759e-01,  1.01029864e-02,
        -1.61487430e-02,  1.24785963e-01, -4.14534996e-02],
       [ 4.72986427e-01,  2.09014714e-01, -3.54957566e-01,
        -3.52853256e-02,  6.32645135e-02, -1.93146704e-01,
        -8.43984683e-01,  2.19664171e-01, -6.29458330e-01,
         8.28185644e-02, -2.93793883e-01,  2.62871187e-02,
        -1.70092477e-01, -4.09430225e-03,  7.82714101e-02,
         3.06439968e-02, -4.14534996e-02,  1.20942961e-01]])
      jac: array([-1.18248004e-05,  4.42053801e-07,  2.27984298e-06,  2.63687220e-05,
       -5.66676336e-06, -2.54633351e-05, -1.45069142e-07,  1.38037729e-07,
        1.99211018e-06, -6.25111074e-06, -1.03731838e-06, -1.21939496e-07,
       -1.14545410e-05,  7.05546732e-07,  7.35744799e-06, -6.95739762e-07,
        8.97615315e-07,  1.86933802e-05])
  message: 'Desired error not necessarily achieved due to precision loss.'
     nfev: 2120
      nit: 68
     njev: 111
   status: 2
  success: False
        x: array([-0.28362689, -0.30737548,  0.48354212, -1.04140506, -0.52131238,
        0.01071214, -1.05093362, -0.90932238, -0.84318265,  0.13658879,
        0.63769214,  0.90954357,  0.012384  ,  0.25043793, -0.30227009,
        1.26889994, -0.21151515,  0.04286684])
