Program Begingeth
      fun: 0.3837326579621558
 hess_inv: array([[ 1.78858065e+00,  5.88574383e-02,  1.31391929e-01,
         2.84251920e-01, -3.47431644e-01,  4.11380014e-01,
         7.78401330e-01, -4.17462760e-01,  5.80893811e-01,
         8.66855602e-01, -1.18684885e+00,  8.91681594e-02,
        -7.37424863e-01, -1.00392319e-01,  5.95102590e-02,
        -4.70342237e-02, -2.94328345e-02, -3.30373940e-01],
       [ 5.88574383e-02,  7.97498778e-01, -7.53160556e-02,
        -3.22926189e-01,  1.89071229e-02, -2.42296202e-01,
        -1.38107509e+00,  1.50006298e-01, -2.55426106e-01,
        -9.24673743e-01, -2.01080621e-01, -1.58833490e-01,
        -2.12090638e-02, -2.74322888e-01, -2.69728728e-01,
         3.16603262e-02, -1.99798229e-03, -1.64593980e-01],
       [ 1.31391929e-01, -7.53160556e-02,  3.99624929e-01,
         1.22875862e-01,  4.13810211e-02,  1.32562360e-01,
        -4.91082963e-02, -2.42343480e-01,  4.43866250e-01,
         5.78699820e-01, -1.93983533e-02,  3.44038971e-02,
        -1.22789038e-02,  1.20324432e-01, -4.52323805e-02,
         6.61575937e-02,  4.05555580e-02,  3.32488994e-02],
       [ 2.84251920e-01, -3.22926189e-01,  1.22875862e-01,
         4.77064049e-01,  3.12352097e-02,  2.56376375e-01,
         1.25430242e+00,  1.38041306e-01,  1.10811370e+00,
         1.40837120e+00,  1.49255399e-01, -2.29116494e-02,
        -3.28255163e-02,  1.12498276e-01,  1.64303014e-01,
         1.90139934e-02, -1.34887820e-02,  4.38629974e-02],
       [-3.47431644e-01,  1.89071229e-02,  4.13810211e-02,
         3.12352097e-02,  3.85019208e-01, -1.04270186e-01,
        -4.57832547e-01,  8.12442756e-01,  5.45915028e-01,
         1.15821462e-01,  9.93917953e-01, -2.03675285e-01,
         2.35045795e-01,  1.05053157e-01, -6.12022436e-02,
         7.75802469e-02,  1.02982370e-02,  7.44494290e-02],
       [ 4.11380014e-01, -2.42296202e-01,  1.32562360e-01,
         2.56376375e-01, -1.04270186e-01,  4.65361956e-01,
         1.24367698e+00, -5.48572260e-01,  1.26008378e+00,
         9.43431206e-01, -1.25450405e-01,  6.11449559e-01,
        -2.49275800e-01,  1.08633749e-01,  1.80454015e-01,
        -5.08979183e-02,  6.65719569e-02, -5.15221881e-03],
       [ 7.78401330e-01, -1.38107509e+00, -4.91082963e-02,
         1.25430242e+00, -4.57832547e-01,  1.24367698e+00,
         1.08381655e+01, -2.10017272e+00,  4.57775878e+00,
         3.34890982e+00,  8.34403065e-01,  9.79381040e-01,
        -8.10967117e-01,  3.11146999e-01,  7.08955855e-01,
        -3.55657639e-01,  3.51424716e-01, -2.03243102e-02],
       [-4.17462760e-01,  1.50006298e-01, -2.42343480e-01,
         1.38041306e-01,  8.12442756e-01, -5.48572260e-01,
        -2.10017272e+00,  4.01440363e+00,  2.17901700e-01,
         8.03095395e-02,  1.50547161e+00, -1.34685585e+00,
         5.47558494e-01,  5.43200721e-02, -8.06538452e-02,
         1.51164447e-01, -1.26032171e-01,  1.19618530e-01],
       [ 5.80893811e-01, -2.55426106e-01,  4.43866250e-01,
         1.10811370e+00,  5.45915028e-01,  1.26008378e+00,
         4.57775878e+00,  2.17901700e-01,  8.31273590e+00,
         3.90029017e+00,  2.37144476e+00,  9.02388422e-01,
        -3.60012722e-01,  2.98423447e-01,  3.61114610e-01,
        -4.69419696e-02,  2.63097582e-01,  9.01861039e-02],
       [ 8.66855602e-01, -9.24673743e-01,  5.78699820e-01,
         1.40837120e+00,  1.15821462e-01,  9.43431206e-01,
         3.34890982e+00,  8.03095395e-02,  3.90029017e+00,
         4.56683333e+00,  4.60797688e-01,  2.67280467e-01,
        -1.83377948e-01,  4.06587625e-01,  4.69814029e-01,
         4.01975533e-02,  2.22411014e-02,  1.35560701e-01],
       [-1.18684885e+00, -2.01080621e-01, -1.93983533e-02,
         1.49255399e-01,  9.93917953e-01, -1.25450405e-01,
         8.34403065e-01,  1.50547161e+00,  2.37144476e+00,
         4.60797688e-01,  3.31904574e+00, -2.81374685e-01,
         5.43630984e-01,  3.06182874e-01, -5.87272154e-02,
         9.11617760e-02,  1.08563789e-01,  2.28555950e-01],
       [ 8.91681594e-02, -1.58833490e-01,  3.44038971e-02,
        -2.29116494e-02, -2.03675285e-01,  6.11449559e-01,
         9.79381040e-01, -1.34685585e+00,  9.02388422e-01,
         2.67280467e-01, -2.81374685e-01,  1.53871238e+00,
        -2.62769148e-01,  1.19490986e-01,  1.92251171e-01,
        -9.90630901e-02,  1.43467938e-01,  6.35136221e-03],
       [-7.37424863e-01, -2.12090638e-02, -1.22789038e-02,
        -3.28255163e-02,  2.35045795e-01, -2.49275800e-01,
        -8.10967117e-01,  5.47558494e-01, -3.60012722e-01,
        -1.83377948e-01,  5.43630984e-01, -2.62769148e-01,
         4.42412935e-01,  5.44594897e-02, -4.11219922e-02,
         1.04907962e-01, -4.22417805e-02,  1.66685839e-01],
       [-1.00392319e-01, -2.74322888e-01,  1.20324432e-01,
         1.12498276e-01,  1.05053157e-01,  1.08633749e-01,
         3.11146999e-01,  5.43200721e-02,  2.98423447e-01,
         4.06587625e-01,  3.06182874e-01,  1.19490986e-01,
         5.44594897e-02,  1.77556380e-01,  6.77804496e-02,
         1.84856347e-02,  4.47096840e-02,  8.17866973e-02],
       [ 5.95102590e-02, -2.69728728e-01, -4.52323805e-02,
         1.64303014e-01, -6.12022436e-02,  1.80454015e-01,
         7.08955855e-01, -8.06538452e-02,  3.61114610e-01,
         4.69814029e-01, -5.87272154e-02,  1.92251171e-01,
        -4.11219922e-02,  6.77804496e-02,  1.77832728e-01,
        -3.68779783e-02, -1.88819581e-03,  6.64735298e-02],
       [-4.70342237e-02,  3.16603262e-02,  6.61575937e-02,
         1.90139934e-02,  7.75802469e-02, -5.08979183e-02,
        -3.55657639e-01,  1.51164447e-01, -4.69419696e-02,
         4.01975533e-02,  9.11617760e-02, -9.90630901e-02,
         1.04907962e-01,  1.84856347e-02, -3.68779783e-02,
         7.75507814e-02, -1.83183093e-02,  2.26307604e-02],
       [-2.94328345e-02, -1.99798229e-03,  4.05555580e-02,
        -1.34887820e-02,  1.02982370e-02,  6.65719569e-02,
         3.51424716e-01, -1.26032171e-01,  2.63097582e-01,
         2.22411014e-02,  1.08563789e-01,  1.43467938e-01,
        -4.22417805e-02,  4.47096840e-02, -1.88819581e-03,
        -1.83183093e-02,  7.12397064e-02, -1.88670353e-03],
       [-3.30373940e-01, -1.64593980e-01,  3.32488994e-02,
         4.38629974e-02,  7.44494290e-02, -5.15221881e-03,
        -2.03243102e-02,  1.19618530e-01,  9.01861039e-02,
         1.35560701e-01,  2.28555950e-01,  6.35136221e-03,
         1.66685839e-01,  8.17866973e-02,  6.64735298e-02,
         2.26307604e-02, -1.88670353e-03,  1.32319185e-01]])
      jac: array([ 1.98803936e-05, -1.71710794e-05, -1.45076543e-05, -5.63430784e-05,
        5.49186622e-05,  2.82392628e-05,  5.80128538e-06, -3.10862447e-06,
       -2.26115423e-06,  1.19878181e-05, -1.09142325e-05, -2.63196872e-06,
        4.59369579e-05, -4.11485660e-05, -3.48310270e-05, -2.74769096e-05,
        1.35769174e-05,  2.36244357e-05])
  message: 'Desired error not necessarily achieved due to precision loss.'
     nfev: 2195
      nit: 74
     njev: 115
   status: 2
  success: False
        x: array([ 0.0724051 ,  0.04793658,  0.79700621,  1.49585153, -0.91729416,
        0.31486502,  0.86219951, -2.04233451,  0.63450557,  1.82743664,
       -0.85565118,  0.90141326,  0.03068932, -0.01077797, -0.22453829,
       -1.35974373, -0.73325853,  0.04959124])
