Program Begingeth
      fun: 0.29521035843274834
 hess_inv: array([[ 2.73102853e+00, -3.69058940e-01, -5.33763512e+00,
         9.41529360e-01, -3.01517950e-01, -2.79223288e+00,
        -4.70023712e+00, -2.94062577e+00, -4.99447110e+00,
        -3.44308467e-02,  5.59076639e-01,  2.95701076e-02,
         2.49060809e-01, -1.37005443e-01, -2.13680116e-01,
         1.68702704e-01, -9.48792441e-02,  9.58513166e-03],
       [-3.69058940e-01,  1.03994814e+00,  1.21620167e+00,
        -1.03114877e-01,  5.93154534e-01,  5.68973532e-01,
         1.42285352e+00,  1.19222949e+00,  5.36326877e-01,
        -8.41578019e-02, -1.01168679e-01,  2.48262292e-01,
        -1.53588952e-02,  1.39178081e-01, -2.67879014e-02,
         1.97025787e-02,  6.82549254e-02,  3.23040005e-03],
       [-5.33763512e+00,  1.21620167e+00,  2.29865930e+01,
        -5.88447932e-01,  1.39264185e+00,  1.18539489e+01,
         2.37906454e+01,  1.21083474e+01,  1.87544654e+01,
        -4.36601318e-01, -3.01918515e+00,  2.41682677e-01,
        -3.60354340e-02,  7.57372286e-01,  1.12374664e+00,
        -1.99221151e-01,  4.63507808e-02,  3.47984763e-01],
       [ 9.41529360e-01, -1.03114877e-01, -5.88447932e-01,
         4.79877260e-01, -4.07853215e-02, -3.31893745e-01,
         4.95610120e-02, -4.47369543e-01, -7.44826684e-01,
        -8.46102732e-02,  3.23494240e-02,  2.67865956e-02,
         1.59768215e-01, -2.02125843e-02, -1.22251031e-02,
         8.44392511e-02, -6.49194301e-02,  4.03130919e-02],
       [-3.01517950e-01,  5.93154534e-01,  1.39264185e+00,
        -4.07853215e-02,  3.80678266e-01,  6.88671538e-01,
         1.54406321e+00,  1.14512776e+00,  8.58029201e-01,
        -3.95886273e-02, -1.52408141e-01,  1.60831700e-01,
        -2.21800355e-03,  1.10558478e-01,  2.31773151e-02,
         1.48010465e-02,  3.99415177e-02,  1.55992006e-02],
       [-2.79223288e+00,  5.68973532e-01,  1.18539489e+01,
        -3.31893745e-01,  6.88671538e-01,  6.14340491e+00,
         1.21308197e+01,  6.26071118e+00,  9.82352770e+00,
        -1.63381991e-01, -1.61425019e+00,  1.16780357e-01,
        -4.22397074e-02,  3.94543721e-01,  5.99466948e-01,
        -1.13532084e-01,  1.98754875e-02,  1.78421584e-01],
       [-4.70023712e+00,  1.42285352e+00,  2.37906454e+01,
         4.95610120e-02,  1.54406321e+00,  1.21308197e+01,
         2.72621338e+01,  1.22337118e+01,  1.92440534e+01,
        -6.43718578e-01, -2.79895115e+00,  2.94375665e-01,
         2.39444227e-01,  6.84135658e-01,  1.03539824e+00,
        -6.34936116e-02, -6.59354831e-02,  3.63103121e-01],
       [-2.94062577e+00,  1.19222949e+00,  1.21083474e+01,
        -4.47369543e-01,  1.14512776e+00,  6.26071118e+00,
         1.22337118e+01,  8.12494399e+00,  9.63127203e+00,
         2.66026060e-02, -1.50641510e+00,  3.00836954e-01,
        -1.49949485e-01,  4.73328130e-01,  5.57472593e-01,
        -1.19860376e-01,  8.01821612e-02,  1.38135358e-01],
       [-4.99447110e+00,  5.36326877e-01,  1.87544654e+01,
        -7.44826684e-01,  8.58029201e-01,  9.82352770e+00,
         1.92440534e+01,  9.63127203e+00,  1.71242947e+01,
        -1.62479505e-01, -2.52592774e+00,  1.13202536e-01,
        -8.35720102e-02,  5.06066137e-01,  9.26589069e-01,
        -1.99304632e-01, -4.42159679e-02,  2.29814347e-01],
       [-3.44308467e-02, -8.41578019e-02, -4.36601318e-01,
        -8.46102732e-02, -3.95886273e-02, -1.63381991e-01,
        -6.43718578e-01,  2.66026060e-02, -1.62479505e-01,
         7.22224662e-01,  7.09055958e-02, -7.70332467e-02,
        -2.05969848e-01, -3.03633434e-02, -7.77520693e-02,
        -3.38926666e-02, -1.29281028e-02, -1.77687904e-01],
       [ 5.59076639e-01, -1.01168679e-01, -3.01918515e+00,
         3.23494240e-02, -1.52408141e-01, -1.61425019e+00,
        -2.79895115e+00, -1.50641510e+00, -2.52592774e+00,
         7.09055958e-02,  8.01604122e-01, -5.12516021e-02,
         8.06468315e-04, -1.82075494e-01, -2.47095226e-01,
         3.41217800e-02,  2.36360599e-03, -1.22875904e-01],
       [ 2.95701076e-02,  2.48262292e-01,  2.41682677e-01,
         2.67865956e-02,  1.60831700e-01,  1.16780357e-01,
         2.94375665e-01,  3.00836954e-01,  1.13202536e-01,
        -7.70332467e-02, -5.12516021e-02,  3.02539584e-01,
         4.79210344e-02,  7.44718318e-02, -3.50438834e-02,
         5.52525703e-02,  4.34570132e-02,  2.97597600e-02],
       [ 2.49060809e-01, -1.53588952e-02, -3.60354340e-02,
         1.59768215e-01, -2.21800355e-03, -4.22397074e-02,
         2.39444227e-01, -1.49949485e-01, -8.35720102e-02,
        -2.05969848e-01,  8.06468315e-04,  4.79210344e-02,
         1.28283534e-01, -4.22755138e-03,  7.89987020e-03,
         6.31708890e-02, -2.44869528e-02,  5.66195147e-02],
       [-1.37005443e-01,  1.39178081e-01,  7.57372286e-01,
        -2.02125843e-02,  1.10558478e-01,  3.94543721e-01,
         6.84135658e-01,  4.73328130e-01,  5.06066137e-01,
        -3.03633434e-02, -1.82075494e-01,  7.44718318e-02,
        -4.22755138e-03,  9.06277012e-02,  4.92399222e-02,
        -9.97473129e-04,  4.32281891e-02,  3.32633891e-02],
       [-2.13680116e-01, -2.67879014e-02,  1.12374664e+00,
        -1.22251031e-02,  2.31773151e-02,  5.99466948e-01,
         1.03539824e+00,  5.57472593e-01,  9.26589069e-01,
        -7.77520693e-02, -2.47095226e-01, -3.50438834e-02,
         7.89987020e-03,  4.92399222e-02,  1.21493418e-01,
        -2.14906533e-02, -3.49628232e-03,  6.96581458e-02],
       [ 1.68702704e-01,  1.97025787e-02, -1.99221151e-01,
         8.44392511e-02,  1.48010465e-02, -1.13532084e-01,
        -6.34936116e-02, -1.19860376e-01, -1.99304632e-01,
        -3.38926666e-02,  3.41217800e-02,  5.52525703e-02,
         6.31708890e-02, -9.97473129e-04, -2.14906533e-02,
         5.65562952e-02, -9.41818181e-03,  9.85089107e-03],
       [-9.48792441e-02,  6.82549254e-02,  4.63507808e-02,
        -6.49194301e-02,  3.99415177e-02,  1.98754875e-02,
        -6.59354831e-02,  8.01821612e-02, -4.42159679e-02,
        -1.29281028e-02,  2.36360599e-03,  4.34570132e-02,
        -2.44869528e-02,  4.32281891e-02, -3.49628232e-03,
        -9.41818181e-03,  5.51787771e-02,  1.97647790e-03],
       [ 9.58513166e-03,  3.23040005e-03,  3.47984763e-01,
         4.03130919e-02,  1.55992006e-02,  1.78421584e-01,
         3.63103121e-01,  1.38135358e-01,  2.29814347e-01,
        -1.77687904e-01, -1.22875904e-01,  2.97597600e-02,
         5.66195147e-02,  3.32633891e-02,  6.96581458e-02,
         9.85089107e-03,  1.97647790e-03,  8.55820266e-02]])
      jac: array([ 7.61009774e-05, -7.94982598e-05, -7.02149450e-05, -1.66623752e-04,
        2.22398766e-04,  1.57676464e-04,  1.83423647e-05, -2.67774691e-05,
       -4.21366645e-06, -2.17729538e-05, -3.33203835e-05, -7.87555206e-06,
       -2.59499829e-05, -2.36233255e-04, -5.14518058e-05,  2.36318372e-05,
        1.66403188e-04,  1.08553907e-05])
  message: 'Desired error not necessarily achieved due to precision loss.'
     nfev: 2557
      nit: 81
     njev: 134
   status: 2
  success: False
        x: array([ 2.24587252, -1.13235967,  0.080217  ,  1.92718744, -1.20064589,
       -0.04554586,  2.32626868, -1.33491975, -1.1010997 ,  0.06151285,
        0.3926692 ,  1.19203522,  0.03457651,  0.18523921, -0.25936296,
       -1.22973064, -0.23010269,  0.00992207])
