Program Begingeth
      fun: 0.34905638476209505
 hess_inv: array([[ 3.27227476e+01,  1.64738154e+01,  1.01340052e+01,
         1.18292165e+01,  7.40845456e+00,  1.20169801e+01,
        -2.70033277e+01,  1.51475962e+01,  7.73633195e+01,
        -2.79325841e+00, -7.53461806e+00, -1.04297298e+00,
        -4.49996884e-01,  1.20014904e+00,  3.47137974e+00,
        -1.38771240e+00,  1.07775019e-01,  1.07351611e+00],
       [ 1.64738154e+01,  1.34205856e+01,  6.15113249e+00,
         5.90540581e+00,  6.07519892e+00,  6.61228986e+00,
        -1.89987040e+01,  9.77539443e+00,  4.62945655e+01,
        -2.24010666e+00, -3.46358724e+00, -1.39974759e+00,
         3.70160486e-01,  3.70279022e-01,  1.68349964e+00,
        -5.52260255e-01, -2.43194715e-01,  7.09591774e-01],
       [ 1.01340052e+01,  6.15113249e+00,  4.80582082e+00,
         3.42391636e+00,  2.68421263e+00,  4.49066600e+00,
        -1.06965785e+01,  3.21063107e+00,  2.67184185e+01,
        -9.11770001e-01, -1.81091243e+00, -5.27361823e-01,
        -1.84700863e-01,  3.43058356e-01,  9.56778004e-01,
        -3.89117709e-01,  8.15983342e-02,  2.73892959e-01],
       [ 1.18292165e+01,  5.90540581e+00,  3.42391636e+00,
         4.34794445e+00,  2.65712092e+00,  4.22736423e+00,
        -9.16029416e+00,  5.73158129e+00,  2.76623500e+01,
        -1.04780581e+00, -2.79106129e+00, -4.12209978e-01,
        -1.23379486e-01,  4.18161846e-01,  1.28736327e+00,
        -4.99171864e-01,  2.08617613e-02,  4.16549463e-01],
       [ 7.40845456e+00,  6.07519892e+00,  2.68421263e+00,
         2.65712092e+00,  2.83062219e+00,  2.94916499e+00,
        -9.01701701e+00,  5.04718431e+00,  2.07066037e+01,
        -9.55978306e-01, -1.61950841e+00, -5.72016546e-01,
         2.12018089e-01,  1.97742572e-01,  7.69074300e-01,
        -2.17304991e-01, -1.35398042e-01,  3.28530290e-01],
       [ 1.20169801e+01,  6.61228986e+00,  4.49066600e+00,
         4.22736423e+00,  2.94916499e+00,  4.81640171e+00,
        -1.12294090e+01,  5.07764809e+00,  3.00756534e+01,
        -9.73563888e-01, -2.59242207e+00, -4.76528844e-01,
        -2.01565722e-01,  4.31890568e-01,  1.24740201e+00,
        -5.04833671e-01,  4.32812770e-02,  3.76787376e-01],
       [-2.70033277e+01, -1.89987040e+01, -1.06965785e+01,
        -9.16029416e+00, -9.01701701e+00, -1.12294090e+01,
         3.68318989e+01, -1.60557226e+01, -7.28978713e+01,
         2.59332289e+00,  5.84362332e+00,  1.18930309e+00,
        -3.31046363e-01, -9.25321356e-01, -2.67596086e+00,
         7.83552307e-01,  4.60956920e-01, -9.13210479e-01],
       [ 1.51475962e+01,  9.77539443e+00,  3.21063107e+00,
         5.73158129e+00,  5.04718431e+00,  5.07764809e+00,
        -1.60557226e+01,  1.55815712e+01,  3.69184447e+01,
        -1.27210472e+00, -4.16630710e+00, -7.67649712e-01,
         3.78163254e-01,  5.55206618e-01,  1.90830463e+00,
        -5.22857742e-01, -3.53235563e-01,  7.46958400e-01],
       [ 7.73633195e+01,  4.62945655e+01,  2.67184185e+01,
         2.76623500e+01,  2.07066037e+01,  3.00756534e+01,
        -7.28978713e+01,  3.69184447e+01,  1.98424413e+02,
        -7.37250310e+00, -1.68221620e+01, -3.64513173e+00,
        -5.20238159e-01,  2.34432994e+00,  8.05359588e+00,
        -3.18679040e+00, -1.88486858e-01,  2.72796793e+00],
       [-2.79325841e+00, -2.24010666e+00, -9.11770001e-01,
        -1.04780581e+00, -9.55978306e-01, -9.73563888e-01,
         2.59332289e+00, -1.27210472e+00, -7.37250310e+00,
         1.23818345e+00,  6.63542171e-01,  2.10049353e-01,
        -2.72168145e-01, -8.14773310e-02, -3.63979265e-01,
         6.65517696e-02, -1.20226091e-02, -3.23372162e-01],
       [-7.53461806e+00, -3.46358724e+00, -1.81091243e+00,
        -2.79106129e+00, -1.61950841e+00, -2.59242207e+00,
         5.84362332e+00, -4.16630710e+00, -1.68221620e+01,
         6.63542171e-01,  2.44685583e+00,  1.05013989e-01,
         7.44309962e-02, -4.29541932e-01, -9.69653877e-01,
         3.45820863e-01, -1.29613282e-02, -3.79686872e-01],
       [-1.04297298e+00, -1.39974759e+00, -5.27361823e-01,
        -4.12209978e-01, -5.72016546e-01, -4.76528844e-01,
         1.18930309e+00, -7.67649712e-01, -3.64513173e+00,
         2.10049353e-01,  1.05013989e-01,  5.77335093e-01,
        -3.12758112e-02,  9.64618863e-02, -1.64799925e-01,
         9.25665324e-02,  7.84250252e-02, -4.76798289e-02],
       [-4.49996884e-01,  3.70160486e-01, -1.84700863e-01,
        -1.23379486e-01,  2.12018089e-01, -2.01565722e-01,
        -3.31046363e-01,  3.78163254e-01, -5.20238159e-01,
        -2.72168145e-01,  7.44309962e-02, -3.12758112e-02,
         2.23595749e-01, -3.75394639e-02, -2.75557377e-02,
         1.09375529e-01, -7.17435629e-02,  7.45216402e-02],
       [ 1.20014904e+00,  3.70279022e-01,  3.43058356e-01,
         4.18161846e-01,  1.97742572e-01,  4.31890568e-01,
        -9.25321356e-01,  5.55206618e-01,  2.34432994e+00,
        -8.14773310e-02, -4.29541932e-01,  9.64618863e-02,
        -3.75394639e-02,  1.44306710e-01,  1.46395313e-01,
        -4.71755295e-02,  6.38482358e-02,  5.79530035e-02],
       [ 3.47137974e+00,  1.68349964e+00,  9.56778004e-01,
         1.28736327e+00,  7.69074300e-01,  1.24740201e+00,
        -2.67596086e+00,  1.90830463e+00,  8.05359588e+00,
        -3.63979265e-01, -9.69653877e-01, -1.64799925e-01,
        -2.75557377e-02,  1.46395313e-01,  4.66472413e-01,
        -1.68060016e-01, -4.48001582e-04,  1.90589851e-01],
       [-1.38771240e+00, -5.52260255e-01, -3.89117709e-01,
        -4.99171864e-01, -2.17304991e-01, -5.04833671e-01,
         7.83552307e-01, -5.22857742e-01, -3.18679040e+00,
         6.65517696e-02,  3.45820863e-01,  9.25665324e-02,
         1.09375529e-01, -4.71755295e-02, -1.68060016e-01,
         1.36626219e-01, -2.72981057e-02, -3.48293214e-02],
       [ 1.07775019e-01, -2.43194715e-01,  8.15983342e-02,
         2.08617613e-02, -1.35398042e-01,  4.32812770e-02,
         4.60956920e-01, -3.53235563e-01, -1.88486858e-01,
        -1.20226091e-02, -1.29613282e-02,  7.84250252e-02,
        -7.17435629e-02,  6.38482358e-02, -4.48001582e-04,
        -2.72981057e-02,  1.02166550e-01, -7.10804851e-03],
       [ 1.07351611e+00,  7.09591774e-01,  2.73892959e-01,
         4.16549463e-01,  3.28530290e-01,  3.76787376e-01,
        -9.13210479e-01,  7.46958400e-01,  2.72796793e+00,
        -3.23372162e-01, -3.79686872e-01, -4.76798289e-02,
         7.45216402e-02,  5.79530035e-02,  1.90589851e-01,
        -3.48293214e-02, -7.10804851e-03,  1.49459017e-01]])
      jac: array([ 9.33660556e-06,  7.13392308e-06, -1.77243405e-05, -1.84041671e-05,
       -7.22940226e-06,  3.50031115e-05,  1.32412599e-06,  5.36607795e-08,
       -2.92210700e-06, -5.24765416e-06,  7.10912810e-06, -1.01226435e-05,
       -2.23384274e-05,  2.70117262e-05, -3.22134911e-05,  1.73957145e-05,
       -3.55226959e-05,  2.50736469e-05])
  message: 'Desired error not necessarily achieved due to precision loss.'
     nfev: 2083
      nit: 73
     njev: 109
   status: 2
  success: False
        x: array([ 1.16702761, -1.28120274,  0.65248771,  1.32686272, -1.29371892,
        0.23482072,  0.77432894, -2.08701189, -0.16215077,  0.05441379,
        0.48299962,  1.16133192, -0.03033235,  0.06944141, -0.29892764,
       -1.23855832, -0.47376124, -0.02279678])
