Program Begingeth
      fun: 0.3029716283803067
 hess_inv: array([[ 9.33900685e+00,  3.94388756e-01, -1.53052059e-01,
         3.50438182e-01, -1.05678278e+00,  7.13528488e-01,
         3.19863357e+00, -4.78216395e-01, -2.56683922e+00,
        -2.06601664e+00, -1.74615221e+00,  1.28955102e-01,
        -2.67170184e+00, -2.13090683e-01,  4.42688081e-01,
         8.71216170e-01,  8.02568470e-01, -6.53120089e-01],
       [ 3.94388756e-01,  1.96469530e+00,  2.74139639e-01,
         2.17406021e-01,  9.76124221e-02, -3.81267440e-02,
         1.13893952e-01,  1.96814460e-01, -1.26928398e+00,
         3.60420338e-01, -8.09791939e-01, -1.39354262e+00,
        -8.47248541e-02, -3.35775377e-01,  2.32697882e-01,
        -7.09323762e-02,  3.07661710e-01, -1.25735058e-02],
       [-1.53052059e-01,  2.74139639e-01,  2.04688354e+00,
         7.68908986e-02,  1.66454376e-01,  1.03573115e-01,
         1.28717574e+00,  1.45834529e+00,  1.85413201e-01,
         8.76772296e-02,  1.31820839e+00, -1.22255030e+00,
         6.37597175e-02, -3.17077380e-01, -3.01127544e-01,
         4.40739087e-02,  2.42538927e-02,  2.66917903e-01],
       [ 3.50438182e-01,  2.17406021e-01,  7.68908986e-02,
         1.19971143e-01, -1.01644220e-02,  5.28721289e-02,
         7.03650836e-01,  2.70645912e-02, -3.57512132e-01,
        -1.17078395e-02, -2.59432953e-01, -1.26026575e-01,
        -4.69372298e-02, -1.63265720e-02,  7.67989856e-02,
         3.84239520e-02,  3.92044040e-02,  6.35628087e-03],
       [-1.05678278e+00,  9.76124221e-02,  1.66454376e-01,
        -1.01644220e-02,  2.04557594e-01, -9.87215578e-02,
        -2.41252982e-01,  6.39032552e-01,  1.88345036e-01,
         1.29682535e-01,  1.42340802e-01, -1.40442252e-01,
         3.55140494e-01,  4.44995958e-02, -7.28618052e-02,
        -8.53608302e-02, -5.77418140e-02,  1.05469761e-01],
       [ 7.13528488e-01, -3.81267440e-02,  1.03573115e-01,
         5.28721289e-02, -9.87215578e-02,  1.99898658e-01,
         8.29137521e-01, -3.84840845e-01,  5.77381961e-02,
         2.06301115e-01, -1.79392823e-01,  5.61156464e-02,
        -3.08278155e-01,  1.88991762e-02,  1.11318377e-01,
         5.13347706e-02,  4.74144101e-02, -3.50918074e-02],
       [ 3.19863357e+00,  1.13893952e-01,  1.28717574e+00,
         7.03650836e-01, -2.41252982e-01,  8.29137521e-01,
         7.60696819e+00, -2.89740259e-01, -1.25602317e+00,
         1.69071297e-01, -9.21773930e-01,  8.13746904e-02,
        -9.54715346e-01,  1.03832307e-01,  3.78951551e-01,
         3.24437647e-01,  2.24105807e-01,  4.04494390e-02],
       [-4.78216395e-01,  1.96814460e-01,  1.45834529e+00,
         2.70645912e-02,  6.39032552e-01, -3.84840845e-01,
        -2.89740259e-01,  6.64514374e+00, -7.13739199e-02,
        -2.05148551e+00,  4.20151030e-01, -1.17555806e+00,
         7.44800651e-01,  5.47282566e-02, -4.67589461e-01,
         7.69541575e-02,  6.54975090e-02,  3.56922501e-01],
       [-2.56683922e+00, -1.26928398e+00,  1.85413201e-01,
        -3.57512132e-01,  1.88345036e-01,  5.77381961e-02,
        -1.25602317e+00, -7.13739199e-02,  3.96108444e+00,
         2.91309977e-01,  1.56728188e+00,  1.54156097e-01,
         5.64539235e-01,  1.53276235e-01, -2.09197011e-01,
        -2.29589967e-01, -3.12216820e-01,  1.58123343e-01],
       [-2.06601664e+00,  3.60420338e-01,  8.76772296e-02,
        -1.17078395e-02,  1.29682535e-01,  2.06301115e-01,
         1.69071297e-01, -2.05148551e+00,  2.91309977e-01,
         3.01031848e+00,  1.87154762e-01, -5.79974049e-02,
        -1.78851562e-02, -5.96009152e-02,  1.39618563e-01,
        -2.76689557e-01, -1.87655265e-01, -2.86367812e-02],
       [-1.74615221e+00, -8.09791939e-01,  1.31820839e+00,
        -2.59432953e-01,  1.42340802e-01, -1.79392823e-01,
        -9.21773930e-01,  4.20151030e-01,  1.56728188e+00,
         1.87154762e-01,  2.74039105e+00, -4.39525952e-01,
         4.49689565e-01, -3.28485676e-01, -6.20302526e-01,
        -5.47348808e-02, -2.46848778e-01,  1.51932576e-01],
       [ 1.28955102e-01, -1.39354262e+00, -1.22255030e+00,
        -1.26026575e-01, -1.40442252e-01,  5.61156464e-02,
         8.13746904e-02, -1.17555806e+00,  1.54156097e-01,
        -5.79974049e-02, -4.39525952e-01,  2.14137957e+00,
        -1.17433248e-01,  5.05350307e-01, -1.74754886e-02,
         7.35674085e-02, -1.51869343e-01, -1.39000711e-01],
       [-2.67170184e+00, -8.47248541e-02,  6.37597175e-02,
        -4.69372298e-02,  3.55140494e-01, -3.08278155e-01,
        -9.54715346e-01,  7.44800651e-01,  5.64539235e-01,
        -1.78851562e-02,  4.49689565e-01, -1.17433248e-01,
         9.84593063e-01,  7.23880964e-02, -1.65811468e-01,
        -2.01894394e-01, -2.28226625e-01,  2.46265963e-01],
       [-2.13090683e-01, -3.35775377e-01, -3.17077380e-01,
        -1.63265720e-02,  4.44995958e-02,  1.88991762e-02,
         1.03832307e-01,  5.47282566e-02,  1.53276235e-01,
        -5.96009152e-02, -3.28485676e-01,  5.05350307e-01,
         7.23880964e-02,  2.24897529e-01,  3.78809384e-02,
        -8.05128205e-03, -3.82129088e-02,  1.43199141e-02],
       [ 4.42688081e-01,  2.32697882e-01, -3.01127544e-01,
         7.67989856e-02, -7.28618052e-02,  1.11318377e-01,
         3.78951551e-01, -4.67589461e-01, -2.09197011e-01,
         1.39618563e-01, -6.20302526e-01, -1.74754886e-02,
        -1.65811468e-01,  3.78809384e-02,  2.25510296e-01,
        -2.41631816e-03,  5.30595480e-02, -3.80745777e-02],
       [ 8.71216170e-01, -7.09323762e-02,  4.40739087e-02,
         3.84239520e-02, -8.53608302e-02,  5.13347706e-02,
         3.24437647e-01,  7.69541575e-02, -2.29589967e-01,
        -2.76689557e-01, -5.47348808e-02,  7.35674085e-02,
        -2.01894394e-01, -8.05128205e-03, -2.41631816e-03,
         1.20594973e-01,  5.57141940e-02, -4.74103480e-02],
       [ 8.02568470e-01,  3.07661710e-01,  2.42538927e-02,
         3.92044040e-02, -5.77418140e-02,  4.74144101e-02,
         2.24105807e-01,  6.54975090e-02, -3.12216820e-01,
        -1.87655265e-01, -2.46848778e-01, -1.51869343e-01,
        -2.28226625e-01, -3.82129088e-02,  5.30595480e-02,
         5.57141940e-02,  1.36706606e-01, -5.30621224e-02],
       [-6.53120089e-01, -1.25735058e-02,  2.66917903e-01,
         6.35628087e-03,  1.05469761e-01, -3.50918074e-02,
         4.04494390e-02,  3.56922501e-01,  1.58123343e-01,
        -2.86367812e-02,  1.51932576e-01, -1.39000711e-01,
         2.46265963e-01,  1.43199141e-02, -3.80745777e-02,
        -4.74103480e-02, -5.30621224e-02,  1.24307846e-01]])
      jac: array([ 1.95547282e-06, -1.71085368e-06, -2.67822801e-06, -5.25246513e-06,
        3.60526424e-06,  6.28164187e-06,  3.36027502e-07, -2.47209660e-07,
       -4.79246272e-07,  1.17757655e-06, -1.08209737e-06, -1.49473027e-06,
        5.01043651e-06, -4.26695716e-06, -6.59879558e-06, -2.78036853e-06,
        2.75298303e-06,  4.65035418e-06])
  message: 'Optimization terminated successfully.'
     nfev: 2090
      nit: 94
     njev: 110
   status: 0
  success: True
        x: array([-0.1181673 , -0.49002214,  0.37808283,  1.41525961, -0.4110314 ,
        0.13578487,  1.80056767, -0.34714638,  1.22273511,  0.17169853,
        0.58010806,  0.84839959,  0.22902494,  0.14812327, -0.23590491,
       -1.46102216, -0.69016734,  0.07787659])
