Program Begingeth
      fun: 0.276369237671473
 hess_inv: array([[ 4.37653033e+00,  1.87028978e+00, -6.04427232e-02,
         1.54051088e+00,  8.59083475e-01, -1.03522887e+00,
         2.02884399e+00, -8.22129889e-01, -3.97793024e+00,
        -5.64109046e-02,  1.09174155e+00, -7.48885546e-01,
        -6.28617041e-01, -3.77072726e-01, -4.70477373e-01,
        -2.87321425e-01, -3.80957049e-01,  1.32417382e-01],
       [ 1.87028978e+00,  3.94757993e+00,  1.11204924e+00,
         6.41728375e-01,  1.71873956e+00,  1.93980488e-02,
         4.04984230e+00,  1.45048676e+00,  2.71801836e+00,
         3.04233961e-01,  6.23496837e-01, -1.28841719e+00,
        -5.81097623e-01, -4.11552364e-01, -2.94356786e-01,
        -1.35777531e-01, -3.30253852e-01,  5.90991016e-02],
       [-6.04427232e-02,  1.11204924e+00,  2.86906408e+00,
         4.43737157e-01,  3.42124011e-01,  1.26891560e+00,
         5.02777840e+00, -2.73372918e+00,  5.08037082e+00,
        -7.04492117e-02,  1.00186776e+00, -5.34211126e-01,
         6.57821470e-02, -1.63892819e-01, -3.25333935e-01,
        -1.06704537e-01, -9.73379748e-03, -2.30071276e-01],
       [ 1.54051088e+00,  6.41728375e-01,  4.43737157e-01,
         6.77328233e-01,  2.84067477e-01, -1.45478320e-01,
         1.86424018e+00, -9.24103588e-01, -7.50665922e-01,
        -8.64803280e-02,  5.53643119e-01, -2.34344782e-01,
        -1.64170161e-01, -1.23313200e-01, -2.41846319e-01,
        -1.17939913e-01, -1.13531466e-01, -2.33344688e-02],
       [ 8.59083475e-01,  1.71873956e+00,  3.42124011e-01,
         2.84067477e-01,  8.52933916e-01, -3.42648513e-02,
         2.14612298e+00,  1.47631151e+00,  7.79983928e-01,
         5.71298584e-02,  1.55514392e-01, -4.67218289e-01,
        -2.97670022e-01, -1.25334893e-01, -8.98835117e-02,
        -8.91623786e-02, -1.68007398e-01,  4.53383024e-02],
       [-1.03522887e+00,  1.93980488e-02,  1.26891560e+00,
        -1.45478320e-01, -3.42648513e-02,  8.60670228e-01,
         2.03399782e+00, -7.33410822e-01,  3.43158499e+00,
        -1.26794231e-01,  8.91789410e-02, -1.13083620e-02,
         2.04048404e-01,  3.33850243e-02,  3.11257221e-03,
         3.74518297e-02,  6.56518997e-02, -1.28746761e-01],
       [ 2.02884399e+00,  4.04984230e+00,  5.02777840e+00,
         1.86424018e+00,  2.14612298e+00,  2.03399782e+00,
         1.89272133e+01, -5.24696846e-01,  8.33462601e+00,
        -7.32630276e-01,  1.65530707e+00, -8.41421530e-01,
        -4.72530391e-01, -3.10277551e-01, -7.94504132e-01,
        -4.96375942e-01, -6.02920542e-01, -5.04673498e-01],
       [-8.22129889e-01,  1.45048676e+00, -2.73372918e+00,
        -9.24103588e-01,  1.47631151e+00, -7.33410822e-01,
        -5.24696846e-01,  1.24923074e+01, -2.01320662e+00,
        -1.26432007e-01, -2.02628374e+00,  9.34351955e-02,
        -4.02886292e-01,  3.01935798e-01,  8.50154649e-01,
         1.50313175e-01, -2.14892674e-01,  4.43019602e-01],
       [-3.97793024e+00,  2.71801836e+00,  5.08037082e+00,
        -7.50665922e-01,  7.79983928e-01,  3.43158499e+00,
         8.33462601e+00, -2.01320662e+00,  1.91309336e+01,
        -1.50116540e-01,  6.85769283e-01, -9.32893551e-01,
         5.61860758e-01, -4.06188568e-01, -1.45529183e-01,
         2.60267575e-01, -2.53023126e-02, -4.95818871e-01],
       [-5.64109046e-02,  3.04233961e-01, -7.04492117e-02,
        -8.64803280e-02,  5.71298584e-02, -1.26794231e-01,
        -7.32630276e-01, -1.26432007e-01, -1.50116540e-01,
         7.34711535e-01, -7.69143440e-02, -1.24117295e-01,
        -1.65333328e-01,  4.53551128e-03,  7.90025029e-02,
         1.37915390e-02,  6.76396098e-02,  1.93336011e-01],
       [ 1.09174155e+00,  6.23496837e-01,  1.00186776e+00,
         5.53643119e-01,  1.55514392e-01,  8.91789410e-02,
         1.65530707e+00, -2.02628374e+00,  6.85769283e-01,
        -7.69143440e-02,  1.21596658e+00, -4.27677696e-01,
        -9.60981844e-02, -2.93461357e-01, -4.04445347e-01,
        -1.35455909e-01, -8.75567123e-02, -1.76988915e-01],
       [-7.48885546e-01, -1.28841719e+00, -5.34211126e-01,
        -2.34344782e-01, -4.67218289e-01, -1.13083620e-02,
        -8.41421530e-01,  9.34351955e-02, -9.32893551e-01,
        -1.24117295e-01, -4.27677696e-01,  8.05301818e-01,
         1.56699160e-01,  2.56545061e-01,  9.65775833e-02,
        -7.43261189e-03,  1.36221126e-01, -8.20656761e-05],
       [-6.28617041e-01, -5.81097623e-01,  6.57821470e-02,
        -1.64170161e-01, -2.97670022e-01,  2.04048404e-01,
        -4.72530391e-01, -4.02886292e-01,  5.61860758e-01,
        -1.65333328e-01, -9.60981844e-02,  1.56699160e-01,
         2.36343019e-01,  6.41598622e-02,  3.92161116e-02,
         9.68140709e-02,  9.80793712e-02, -8.66878483e-02],
       [-3.77072726e-01, -4.11552364e-01, -1.63892819e-01,
        -1.23313200e-01, -1.25334893e-01,  3.33850243e-02,
        -3.10277551e-01,  3.01935798e-01, -4.06188568e-01,
         4.53551128e-03, -2.93461357e-01,  2.56545061e-01,
         6.41598622e-02,  1.59596474e-01,  9.05001219e-02,
         1.39667249e-02,  9.59099320e-02,  2.70468408e-02],
       [-4.70477373e-01, -2.94356786e-01, -3.25333935e-01,
        -2.41846319e-01, -8.98835117e-02,  3.11257221e-03,
        -7.94504132e-01,  8.50154649e-01, -1.45529183e-01,
         7.90025029e-02, -4.04445347e-01,  9.65775833e-02,
         3.92161116e-02,  9.05001219e-02,  1.97816637e-01,
         6.58865249e-02,  3.71759518e-02,  9.98083576e-02],
       [-2.87321425e-01, -1.35777531e-01, -1.06704537e-01,
        -1.17939913e-01, -8.91623786e-02,  3.74518297e-02,
        -4.96375942e-01,  1.50313175e-01,  2.60267575e-01,
         1.37915390e-02, -1.35455909e-01, -7.43261189e-03,
         9.68140709e-02,  1.39667249e-02,  6.58865249e-02,
         9.17466817e-02,  3.74080683e-02,  1.11998048e-03],
       [-3.80957049e-01, -3.30253852e-01, -9.73379748e-03,
        -1.13531466e-01, -1.68007398e-01,  6.56518997e-02,
        -6.02920542e-01, -2.14892674e-01, -2.53023126e-02,
         6.76396098e-02, -8.75567123e-02,  1.36221126e-01,
         9.80793712e-02,  9.59099320e-02,  3.71759518e-02,
         3.74080683e-02,  1.29149803e-01, -3.33271313e-03],
       [ 1.32417382e-01,  5.90991016e-02, -2.30071276e-01,
        -2.33344688e-02,  4.53383024e-02, -1.28746761e-01,
        -5.04673498e-01,  4.43019602e-01, -4.95818871e-01,
         1.93336011e-01, -1.76988915e-01, -8.20656761e-05,
        -8.66878483e-02,  2.70468408e-02,  9.98083576e-02,
         1.11998048e-03, -3.33271313e-03,  1.39178218e-01]])
      jac: array([ 8.29706674e-07, -1.87997766e-06, -6.37638091e-07, -1.44847097e-06,
        4.00235400e-06,  1.31894495e-06,  1.01030295e-07, -3.15673413e-07,
       -3.58972111e-08,  2.73484938e-07, -9.59232693e-07, -7.00180654e-07,
        1.36964514e-06, -3.47980903e-06, -7.46810021e-07, -1.04879068e-06,
        2.87436741e-06,  7.37188088e-07])
  message: 'Optimization terminated successfully.'
     nfev: 1273
      nit: 59
     njev: 67
   status: 0
  success: True
        x: array([-0.71996245, -1.02214752,  0.60824797, -0.99183225, -1.09100544,
        0.15514638, -0.63724336, -1.73972513, -0.51776234,  0.07671981,
        0.6236705 ,  1.1649281 ,  0.11157346,  0.16647687, -0.33858794,
        1.18765137, -0.32692997, -0.02596829])
