Program Begingeth
      fun: 0.32472377761504523
 hess_inv: array([[ 4.19099960e-01, -6.37020723e-02, -6.75962624e-02,
        -1.64571494e-02,  1.15740746e-01, -3.25702385e-01,
        -8.79961849e-02,  4.80322870e-01, -1.75395739e+00,
        -3.04909641e-02,  1.73686631e-01,  4.11689299e-01,
        -2.21678889e-01,  3.87288310e-02, -3.60378374e-01,
        -6.73404617e-02, -4.33818790e-02, -1.33639217e-01],
       [-6.37020723e-02,  5.24423846e-01, -5.24302394e-02,
        -1.96775924e-01, -1.68266393e-01, -1.66996711e-01,
        -8.29295992e-01,  1.22527064e-01,  8.72371731e-02,
         1.22777468e-02,  1.34827620e-01, -8.37465823e-02,
        -1.13672519e-01, -5.32390623e-01, -1.45065706e-02,
         1.35808801e-03, -1.63872192e-01,  1.60134067e-01],
       [-6.75962624e-02, -5.24302394e-02,  3.59152537e-01,
         1.14729673e-01,  1.17989288e-01,  4.45863117e-02,
         7.11976757e-01, -1.82585964e-01,  7.51890286e-01,
        -3.29586361e-01, -1.55123582e-01, -1.64444485e-01,
         2.04484735e-01,  1.99633932e-01, -2.14672586e-01,
         5.48490203e-02,  2.13067916e-02, -1.37096984e-01],
       [-1.64571494e-02, -1.96775924e-01,  1.14729673e-01,
         3.25455357e-01,  3.14810846e-03,  2.42839762e-02,
         9.40106224e-01, -8.42907327e-01,  1.15399536e-01,
        -1.18575216e-01,  1.19423555e-02,  2.69072414e-02,
         3.75044264e-01,  1.64466809e-01, -1.07821749e-01,
         1.22165225e-01,  3.73645134e-02, -9.89135892e-02],
       [ 1.15740746e-01, -1.68266393e-01,  1.17989288e-01,
         3.14810846e-03,  3.26902853e-01,  3.31322886e-02,
         5.87255892e-01,  8.12277880e-01, -1.48470234e-02,
        -1.00168814e-01, -1.96622295e-01,  1.16718216e-01,
        -8.17859241e-02,  4.87481320e-01, -1.32290335e-01,
        -2.74973548e-02,  1.58743309e-01, -1.26509999e-01],
       [-3.25702385e-01, -1.66996711e-01,  4.45863117e-02,
         2.42839762e-02,  3.31322886e-02,  5.81967106e-01,
         4.41797561e-01, -1.66083482e-01,  2.22037465e+00,
         2.87625669e-02, -4.19542871e-01, -3.02422510e-01,
         1.57276572e-01,  3.10183023e-01,  5.55940837e-01,
         5.16883752e-02,  1.50778460e-01,  1.23791408e-01],
       [-8.79961849e-02, -8.29295992e-01,  7.11976757e-01,
         9.40106224e-01,  5.87255892e-01,  4.41797561e-01,
         5.33751892e+00, -1.09179702e+00,  2.00306433e+00,
        -4.83698166e-01, -5.95830791e-01,  7.07428692e-02,
         8.55359339e-01,  1.42307248e+00, -3.29829771e-01,
         2.12947526e-01,  4.21468267e-01, -4.52994489e-01],
       [ 4.80322870e-01,  1.22527064e-01, -1.82585964e-01,
        -8.42907327e-01,  8.12277880e-01, -1.66083482e-01,
        -1.09179702e+00,  6.10063613e+00, -1.66376304e+00,
         2.63004249e-01,  1.16771356e-02,  3.96928156e-01,
        -1.32500503e+00,  4.21289451e-01, -1.59492940e-02,
        -4.35694099e-01,  1.26486943e-01,  6.81925589e-02],
       [-1.75395739e+00,  8.72371731e-02,  7.51890286e-01,
         1.15399536e-01, -1.48470234e-02,  2.22037465e+00,
         2.00306433e+00, -1.66376304e+00,  1.32554905e+01,
        -5.56180447e-01, -1.87504304e+00, -1.49666921e+00,
         1.12280733e+00,  7.30270970e-01,  1.49305478e+00,
         4.30157560e-01,  3.65888547e-01,  2.61181424e-01],
       [-3.04909641e-02,  1.22777468e-02, -3.29586361e-01,
        -1.18575216e-01, -1.00168814e-01,  2.87625669e-02,
        -4.83698166e-01,  2.63004249e-01, -5.56180447e-01,
         4.68820519e-01,  1.13664017e-01,  5.63144993e-02,
        -2.26099349e-01, -1.28168200e-01,  3.05459089e-01,
        -7.57172327e-02,  2.62101204e-02,  1.60821323e-01],
       [ 1.73686631e-01,  1.34827620e-01, -1.55123582e-01,
         1.19423555e-02, -1.96622295e-01, -4.19542871e-01,
        -5.95830791e-01,  1.16771356e-02, -1.87504304e+00,
         1.13664017e-01,  8.29535356e-01,  1.32983565e-01,
        -1.15564122e-01, -5.68810580e-01, -1.70574319e-01,
        -9.99413463e-02, -1.98277666e-01,  1.14065775e-01],
       [ 4.11689299e-01, -8.37465823e-02, -1.64444485e-01,
         2.69072414e-02,  1.16718216e-01, -3.02422510e-01,
         7.07428692e-02,  3.96928156e-01, -1.49666921e+00,
         5.63144993e-02,  1.32983565e-01,  6.24367030e-01,
        -1.87451380e-01,  7.17376752e-02, -3.75470533e-01,
        -3.73918962e-02, -2.95159039e-02, -1.55678746e-01],
       [-2.21678889e-01, -1.13672519e-01,  2.04484735e-01,
         3.75044264e-01, -8.17859241e-02,  1.57276572e-01,
         8.55359339e-01, -1.32500503e+00,  1.12280733e+00,
        -2.26099349e-01, -1.15564122e-01, -1.87451380e-01,
         6.22482278e-01,  9.74009638e-02, -1.11974422e-02,
         2.41612544e-01,  2.37351449e-02, -6.52272923e-02],
       [ 3.87288310e-02, -5.32390623e-01,  1.99633932e-01,
         1.64466809e-01,  4.87481320e-01,  3.10183023e-01,
         1.42307248e+00,  4.21289451e-01,  7.30270970e-01,
        -1.28168200e-01, -5.68810580e-01,  7.17376752e-02,
         9.74009638e-02,  1.06078557e+00, -1.44633788e-02,
         2.65323177e-02,  3.83846277e-01, -2.39070329e-01],
       [-3.60378374e-01, -1.45065706e-02, -2.14672586e-01,
        -1.07821749e-01, -1.32290335e-01,  5.55940837e-01,
        -3.29829771e-01, -1.59492940e-02,  1.49305478e+00,
         3.05459089e-01, -1.70574319e-01, -3.75470533e-01,
        -1.11974422e-02, -1.44633788e-02,  8.84663170e-01,
        -1.01601891e-02,  1.01253254e-01,  3.79270454e-01],
       [-6.73404617e-02,  1.35808801e-03,  5.48490203e-02,
         1.22165225e-01, -2.74973548e-02,  5.16883752e-02,
         2.12947526e-01, -4.35694099e-01,  4.30157560e-01,
        -7.57172327e-02, -9.99413463e-02, -3.73918962e-02,
         2.41612544e-01,  2.65323177e-02, -1.01601891e-02,
         1.30749954e-01,  4.36224196e-03, -2.46456262e-02],
       [-4.33818790e-02, -1.63872192e-01,  2.13067916e-02,
         3.73645134e-02,  1.58743309e-01,  1.50778460e-01,
         4.21468267e-01,  1.26486943e-01,  3.65888547e-01,
         2.62101204e-02, -1.98277666e-01, -2.95159039e-02,
         2.37351449e-02,  3.83846277e-01,  1.01253254e-01,
         4.36224196e-03,  1.82802110e-01, -2.80359356e-02],
       [-1.33639217e-01,  1.60134067e-01, -1.37096984e-01,
        -9.89135892e-02, -1.26509999e-01,  1.23791408e-01,
        -4.52994489e-01,  6.81925589e-02,  2.61181424e-01,
         1.60821323e-01,  1.14065775e-01, -1.55678746e-01,
        -6.52272923e-02, -2.39070329e-01,  3.79270454e-01,
        -2.46456262e-02, -2.80359356e-02,  2.61575408e-01]])
      jac: array([-5.19325324e-06, -3.55970808e-05,  6.72872869e-05,  6.30913840e-05,
       -2.48915703e-05, -1.27504674e-04, -1.11044507e-05,  7.10320691e-06,
        1.01803751e-05,  4.63222053e-06, -7.43035263e-06,  8.02987306e-06,
       -2.93839027e-05,  1.41845794e-05,  1.02349610e-04, -5.55777646e-06,
        1.08002496e-05, -9.44318697e-06])
  message: 'Desired error not necessarily achieved due to precision loss.'
     nfev: 1416
      nit: 40
     njev: 74
   status: 2
  success: False
        x: array([ 0.781132  , -0.03065981,  0.47509281,  0.22687353, -0.95086126,
       -1.12065004,  1.19823901, -1.46563197, -1.39227311, -1.12293566,
        0.04512645,  0.64226882,  0.13170994,  0.03960302, -0.98770756,
        0.09129254,  1.22826746, -1.17472828])
