Program Begingeth
      fun: 0.233521496856705
 hess_inv: array([[ 4.09875749e+00,  3.08919975e-01, -8.36644960e-01,
        -1.67705149e+00,  1.24401500e+00, -5.84521117e-01,
        -6.39353015e-01,  8.08325290e+00, -3.43516752e+00,
         2.56639015e+00, -7.41381258e-01,  2.93778228e+00,
        -4.67887418e+00,  8.44383922e-01, -7.44781318e-01,
        -1.14393349e+00,  1.75530074e-01, -1.38051212e-01],
       [ 3.08919975e-01,  9.01682441e-01,  6.21497713e-02,
        -3.48187659e-01,  1.11107184e-01, -1.68229567e-01,
        -2.52214944e-01,  1.45412869e+00,  1.73395709e-01,
         1.57958941e-01,  1.20291766e-01,  2.31015557e-01,
        -5.63511784e-01, -4.67318970e-01, -1.81710645e-01,
        -1.05088611e-01, -1.17011569e-01,  1.00793525e-01],
       [-8.36644960e-01,  6.21497713e-02,  9.06254153e-01,
         5.30337266e-01, -2.42931568e-01, -1.81395816e-01,
         5.16651301e-01, -2.29769512e+00,  1.51286599e-01,
        -1.11023036e+00,  3.54910576e-01, -3.92517258e-01,
         1.29576212e+00, -2.93426364e-01, -6.12442066e-01,
         3.05581940e-01, -1.46044341e-01, -1.93983483e-01],
       [-1.67705149e+00, -3.48187659e-01,  5.30337266e-01,
         9.90814438e-01, -5.67358542e-01,  1.28796988e-01,
         6.89862999e-01, -4.32570081e+00,  9.42382302e-01,
        -1.30481413e+00,  4.44753521e-01, -9.76305396e-01,
         2.32403883e+00, -2.89808142e-01,  1.95110742e-02,
         5.84719230e-01, -9.33840597e-02, -5.67101863e-02],
       [ 1.24401500e+00,  1.11107184e-01, -2.42931568e-01,
        -5.67358542e-01,  4.80359917e-01, -1.68530394e-01,
        -1.54177664e-01,  2.93760982e+00, -1.09062886e+00,
         8.07492471e-01, -2.76786660e-01,  8.18938210e-01,
        -1.50353055e+00,  3.63384236e-01, -1.85912130e-01,
        -3.71222845e-01,  1.04038342e-01, -1.77794111e-02],
       [-5.84521117e-01, -1.68229567e-01, -1.81395816e-01,
         1.28796988e-01, -1.68530394e-01,  3.15620027e-01,
        -1.14071879e-01, -8.07220097e-01,  9.54247062e-01,
        -1.57810659e-01, -8.07378707e-02, -5.82181949e-01,
         4.93746890e-01, -8.00968520e-03,  5.46875658e-01,
         1.17094720e-01,  2.34519975e-02,  1.39561486e-01],
       [-6.39353015e-01, -2.52214944e-01,  5.16651301e-01,
         6.89862999e-01, -1.54177664e-01, -1.14071879e-01,
         1.79659597e+00, -2.04246644e+00, -4.95111051e-01,
        -6.32139326e-01,  4.77699650e-01, -2.57234902e-01,
         1.12450578e+00, -3.57693122e-02, -2.86829528e-01,
         2.30168070e-01, -3.05059845e-02, -7.51668797e-02],
       [ 8.08325290e+00,  1.45412869e+00, -2.29769512e+00,
        -4.32570081e+00,  2.93760982e+00, -8.07220097e-01,
        -2.04246644e+00,  2.17479575e+01, -5.77869669e+00,
         6.02000331e+00, -1.47920618e+00,  4.80531554e+00,
        -1.07144883e+01,  1.47431551e+00, -3.35055045e-01,
        -2.71298435e+00,  4.41891170e-01,  2.58415405e-01],
       [-3.43516752e+00,  1.73395709e-01,  1.51286599e-01,
         9.42382302e-01, -1.09062886e+00,  9.54247062e-01,
        -4.95111051e-01, -5.77869669e+00,  5.66122421e+00,
        -1.80097652e+00,  2.46250156e-01, -2.55703342e+00,
         3.38426676e+00, -9.42232867e-01,  1.29389344e+00,
         8.55385156e-01, -1.83667466e-01,  3.32083081e-01],
       [ 2.56639015e+00,  1.57958941e-01, -1.11023036e+00,
        -1.30481413e+00,  8.07492471e-01, -1.57810659e-01,
        -6.32139326e-01,  6.02000331e+00, -1.80097652e+00,
         2.32563319e+00, -6.31150457e-01,  1.60525650e+00,
        -3.41863702e+00,  6.25950082e-01,  1.32042348e-01,
        -8.50040913e-01,  2.23899619e-01,  8.62006725e-02],
       [-7.41381258e-01,  1.20291766e-01,  3.54910576e-01,
         4.44753521e-01, -2.76786660e-01, -8.07378707e-02,
         4.77699650e-01, -1.47920618e+00,  2.46250156e-01,
        -6.31150457e-01,  9.75261111e-01, -4.75838160e-01,
         9.44682330e-01, -5.41806899e-01, -8.85520473e-02,
         1.32129385e-01, -1.48988455e-01,  6.78707176e-02],
       [ 2.93778228e+00,  2.31015557e-01, -3.92517258e-01,
        -9.76305396e-01,  8.18938210e-01, -5.82181949e-01,
        -2.57234902e-01,  4.80531554e+00, -2.55703342e+00,
         1.60525650e+00, -4.75838160e-01,  2.58079031e+00,
        -2.99140278e+00,  5.42338054e-01, -9.92296722e-01,
        -6.75125824e-01,  6.77279946e-02, -2.61796457e-01],
       [-4.67887418e+00, -5.63511784e-01,  1.29576212e+00,
         2.32403883e+00, -1.50353055e+00,  4.93746890e-01,
         1.12450578e+00, -1.07144883e+01,  3.38426676e+00,
        -3.41863702e+00,  9.44682330e-01, -2.99140278e+00,
         5.98442355e+00, -9.20860648e-01,  3.62148000e-01,
         1.52855915e+00, -2.55540080e-01, -2.87267673e-02],
       [ 8.44383922e-01, -4.67318970e-01, -2.93426364e-01,
        -2.89808142e-01,  3.63384236e-01, -8.00968520e-03,
        -3.57693122e-02,  1.47431551e+00, -9.42232867e-01,
         6.25950082e-01, -5.41806899e-01,  5.42338054e-01,
        -9.20860648e-01,  7.27031187e-01, -2.48490821e-03,
        -2.13551304e-01,  2.23279322e-01, -8.29156846e-02],
       [-7.44781318e-01, -1.81710645e-01, -6.12442066e-01,
         1.95110742e-02, -1.85912130e-01,  5.46875658e-01,
        -2.86829528e-01, -3.35055045e-01,  1.29389344e+00,
         1.32042348e-01, -8.85520473e-02, -9.92296722e-01,
         3.62148000e-01, -2.48490821e-03,  1.18816351e+00,
         6.43812750e-02,  8.87497382e-02,  3.76989394e-01],
       [-1.14393349e+00, -1.05088611e-01,  3.05581940e-01,
         5.84719230e-01, -3.71222845e-01,  1.17094720e-01,
         2.30168070e-01, -2.71298435e+00,  8.55385156e-01,
        -8.50040913e-01,  1.32129385e-01, -6.75125824e-01,
         1.52855915e+00, -2.13551304e-01,  6.43812750e-02,
         4.35229251e-01, -6.15969922e-02, -2.20146986e-02],
       [ 1.75530074e-01, -1.17011569e-01, -1.46044341e-01,
        -9.33840597e-02,  1.04038342e-01,  2.34519975e-02,
        -3.05059845e-02,  4.41891170e-01, -1.83667466e-01,
         2.23899619e-01, -1.48988455e-01,  6.77279946e-02,
        -2.55540080e-01,  2.23279322e-01,  8.87497382e-02,
        -6.15969922e-02,  1.00278322e-01,  1.09168674e-02],
       [-1.38051212e-01,  1.00793525e-01, -1.93983483e-01,
        -5.67101863e-02, -1.77794111e-02,  1.39561486e-01,
        -7.51668797e-02,  2.58415405e-01,  3.32083081e-01,
         8.62006725e-02,  6.78707176e-02, -2.61796457e-01,
        -2.87267673e-02, -8.29156846e-02,  3.76989394e-01,
        -2.20146986e-02,  1.09168674e-02,  1.77060970e-01]])
      jac: array([ 3.56788673e-06,  6.40413648e-07, -1.59650071e-06, -1.47807692e-06,
        4.56912286e-06,  2.60791389e-06, -3.09197112e-07, -1.01030295e-06,
       -6.58177217e-07,  1.36631447e-06, -1.48954922e-07, -1.83168295e-06,
        3.61081535e-06, -4.68884191e-06, -1.15093120e-07, -3.81454128e-06,
        3.69907808e-06, -3.50719454e-06])
  message: 'Optimization terminated successfully.'
     nfev: 817
      nit: 36
     njev: 43
   status: 0
  success: True
        x: array([ 0.65620581, -0.0595994 ,  0.51372334,  0.23434819, -0.98439091,
       -0.55363342,  1.21479898, -1.50537345, -0.82330621, -0.98421371,
        0.06721098,  0.60826705,  0.15683368,  0.02012717, -0.26927888,
        0.08746125,  1.2319874 , -0.59833802])
