Program Begingeth
      fun: 0.32022710114018277
 hess_inv: array([[ 5.20923430e+00,  1.47568743e-01,  7.63944797e-01,
         2.52281543e+00, -3.20633692e-02, -4.60280161e-01,
         4.60840484e+00, -9.25851713e-02, -5.84960216e+00,
         7.06587131e-01,  5.95720498e-01, -6.10332562e-01,
        -6.74312375e-02, -2.99128113e-01, -2.37050364e-01,
         8.76110786e-02, -9.83751019e-02,  1.93235283e-02],
       [ 1.47568743e-01,  2.09632470e+00, -1.39276851e-01,
         1.11062895e-01,  1.03047596e+00, -1.66909221e-01,
         3.41630989e-01,  1.06211505e+00,  1.61827250e+00,
         7.03778093e-01,  3.65854736e-01, -2.68808451e-02,
        -2.03325484e-01,  4.82328494e-02, -1.91713339e-01,
        -1.05747918e-01,  8.01252519e-02,  3.75934507e-02],
       [ 7.63944797e-01, -1.39276851e-01,  1.52504000e+00,
         4.75598152e-01, -1.34439162e-01,  6.33226644e-01,
         9.56919098e-01, -1.81241353e+00, -8.90381493e-01,
         2.11331617e-01, -9.03466703e-02,  1.25900789e-01,
         4.74686894e-02,  1.44660926e-01,  6.08384513e-02,
        -1.33001795e-03,  1.03364403e-01,  5.38632148e-02],
       [ 2.52281543e+00,  1.11062895e-01,  4.75598152e-01,
         1.24986302e+00,  3.88881288e-03, -1.73044794e-01,
         2.43879785e+00, -1.63293666e-01, -2.73284627e+00,
         3.56911957e-01,  3.13531806e-01, -2.58512017e-01,
        -2.33802740e-02, -1.28359906e-01, -1.22540076e-01,
         4.22391707e-02, -3.22955850e-02,  1.17696558e-02],
       [-3.20633692e-02,  1.03047596e+00, -1.34439162e-01,
         3.88881288e-03,  5.73322316e-01, -1.26922875e-01,
         7.60892376e-01,  1.11872994e+00,  9.12511567e-01,
         3.26646049e-01,  2.45415218e-01, -3.31768461e-02,
        -1.66664418e-01,  8.94674812e-03, -1.02283789e-01,
        -8.47188713e-02,  3.92527597e-03,  3.60980257e-02],
       [-4.60280161e-01, -1.66909221e-01,  6.33226644e-01,
        -1.73044794e-01, -1.26922875e-01,  4.34333923e-01,
        -7.48907259e-01, -1.15841377e+00,  6.09246933e-01,
        -1.11033227e-01, -2.09345975e-01,  1.75029914e-01,
         1.06135828e-01,  1.38623049e-01,  9.04395035e-02,
         1.30987931e-02,  9.36108954e-02,  5.60397497e-03],
       [ 4.60840484e+00,  3.41630989e-01,  9.56919098e-01,
         2.43879785e+00,  7.60892376e-01, -7.48907259e-01,
         1.58517374e+01,  5.28331659e+00, -5.52865902e+00,
         9.66907311e-01,  1.53352428e+00, -7.42668952e-01,
        -1.02288498e+00, -5.69565817e-01, -3.39813634e-01,
        -3.28473635e-01, -6.83919093e-01,  3.79340981e-01],
       [-9.25851713e-02,  1.06211505e+00, -1.81241353e+00,
        -1.63293666e-01,  1.11872994e+00, -1.15841377e+00,
         5.28331659e+00,  8.55581930e+00,  1.10497970e+00,
         2.19457857e-01,  9.36550115e-01, -9.14794496e-01,
        -6.85167968e-01, -4.05919978e-01, -1.80841017e-01,
        -2.05391459e-01, -3.94432511e-01,  1.26415257e-01],
       [-5.84960216e+00,  1.61827250e+00, -8.90381493e-01,
        -2.73284627e+00,  9.12511567e-01,  6.09246933e-01,
        -5.52865902e+00,  1.10497970e+00,  1.10576696e+01,
        -5.39283259e-01,  2.63068798e-01,  5.58614307e-01,
         9.58138602e-02,  3.36668636e-01,  5.32169836e-02,
        -1.62963124e-01,  3.17171494e-01, -7.32760893e-02],
       [ 7.06587131e-01,  7.03778093e-01,  2.11331617e-01,
         3.56911957e-01,  3.26646049e-01, -1.11033227e-01,
         9.66907311e-01,  2.19457857e-01, -5.39283259e-01,
         1.22526461e+00,  8.98700576e-02, -3.80087396e-02,
        -3.13160613e-01,  1.27530446e-02,  1.12101210e-02,
        -5.73949927e-02,  2.48247704e-02,  2.34344714e-01],
       [ 5.95720498e-01,  3.65854736e-01, -9.03466703e-02,
         3.13531806e-01,  2.45415218e-01, -2.09345975e-01,
         1.53352428e+00,  9.36550115e-01,  2.63068798e-01,
         8.98700576e-02,  8.39349705e-01, -1.79361047e-01,
        -1.04525209e-01, -1.85461310e-01, -2.02292351e-01,
        -6.23881167e-02, -3.75442810e-02, -7.75733491e-02],
       [-6.10332562e-01, -2.68808451e-02,  1.25900789e-01,
        -2.58512017e-01, -3.31768461e-02,  1.75029914e-01,
        -7.42668952e-01, -9.14794496e-01,  5.58614307e-01,
        -3.80087396e-02, -1.79361047e-01,  4.75368997e-01,
         2.52146746e-02,  1.37063466e-01, -8.70898556e-03,
        -4.61327767e-02,  8.17072821e-02,  1.59188661e-02],
       [-6.74312375e-02, -2.03325484e-01,  4.74686894e-02,
        -2.33802740e-02, -1.66664418e-01,  1.06135828e-01,
        -1.02288498e+00, -6.85167968e-01,  9.58138602e-02,
        -3.13160613e-01, -1.04525209e-01,  2.52146746e-02,
         2.02323033e-01,  3.49953152e-02,  1.16662987e-02,
         8.33737477e-02,  6.40243993e-02, -8.76646302e-02],
       [-2.99128113e-01,  4.82328494e-02,  1.44660926e-01,
        -1.28359906e-01,  8.94674812e-03,  1.38623049e-01,
        -5.69565817e-01, -4.05919978e-01,  3.36668636e-01,
         1.27530446e-02, -1.85461310e-01,  1.37063466e-01,
         3.49953152e-02,  1.10735660e-01,  3.71269185e-02,
         1.80492803e-03,  7.30218478e-02,  1.95359014e-02],
       [-2.37050364e-01, -1.91713339e-01,  6.08384513e-02,
        -1.22540076e-01, -1.02283789e-01,  9.04395035e-02,
        -3.39813634e-01, -1.80841017e-01,  5.32169836e-02,
         1.12101210e-02, -2.02292351e-01, -8.70898556e-03,
         1.16662987e-02,  3.71269185e-02,  1.05877277e-01,
         2.07167232e-02, -4.01610611e-04,  5.84781212e-02],
       [ 8.76110786e-02, -1.05747918e-01, -1.33001795e-03,
         4.22391707e-02, -8.47188713e-02,  1.30987931e-02,
        -3.28473635e-01, -2.05391459e-01, -1.62963124e-01,
        -5.73949927e-02, -6.23881167e-02, -4.61327767e-02,
         8.33737477e-02,  1.80492803e-03,  2.07167232e-02,
         6.38619524e-02,  1.84730752e-02, -1.99063527e-02],
       [-9.83751019e-02,  8.01252519e-02,  1.03364403e-01,
        -3.22955850e-02,  3.92527597e-03,  9.36108954e-02,
        -6.83919093e-01, -3.94432511e-01,  3.17171494e-01,
         2.48247704e-02, -3.75442810e-02,  8.17072821e-02,
         6.40243993e-02,  7.30218478e-02, -4.01610611e-04,
         1.84730752e-02,  9.57996843e-02, -1.40273499e-02],
       [ 1.93235283e-02,  3.75934507e-02,  5.38632148e-02,
         1.17696558e-02,  3.60980257e-02,  5.60397497e-03,
         3.79340981e-01,  1.26415257e-01, -7.32760893e-02,
         2.34344714e-01, -7.75733491e-02,  1.59188661e-02,
        -8.76646302e-02,  1.95359014e-02,  5.84781212e-02,
        -1.99063527e-02, -1.40273499e-02,  1.05054181e-01]])
      jac: array([-7.59392549e-06,  3.66484620e-06,  1.43722071e-05,  1.46257081e-05,
       -5.78278166e-06, -3.79089353e-05, -3.22704826e-07,  1.29155945e-06,
        1.17350574e-06,  2.23228843e-06,  1.67754699e-06,  7.97251154e-06,
        4.09524266e-06,  1.48684768e-05,  4.48681832e-05,  2.05576297e-06,
       -6.45557681e-06, -3.44798264e-05])
  message: 'Desired error not necessarily achieved due to precision loss.'
     nfev: 2099
      nit: 60
     njev: 110
   status: 2
  success: False
        x: array([-1.63845883, -1.12406447,  0.66110731, -1.4577453 , -1.2014181 ,
        0.34492951, -0.5039092 , -1.71667602,  0.94232381,  0.08077625,
        0.42186328,  1.21181842,  0.12444364,  0.1478674 , -0.2550498 ,
        1.36213542, -0.34338122,  0.01148741])
