Program Begingeth
      fun: 0.21172614811549184
 hess_inv: array([[ 2.17513365e+00, -1.64298801e-01, -9.60314706e-02,
         2.03169664e-01, -2.25624763e-02,  6.54970633e-01,
        -3.13349439e+00,  2.06065114e-01,  2.32081761e-01,
        -5.77081612e-01, -1.60738599e-01,  3.18615243e-01,
        -3.03858359e-01,  3.12772171e-02,  1.89326884e-01,
         8.61301804e-02, -4.97714403e-02, -5.74015076e-01],
       [-1.64298801e-01,  1.85186967e+00,  7.69807215e-01,
         1.01421976e-01,  3.54316464e-01, -6.32328398e-02,
        -1.46152695e+00,  3.71654138e-01,  2.69176864e+00,
         1.89799485e-01, -4.23634005e-02, -1.84641596e+00,
         1.42624129e-01, -3.80639516e-01, -1.90581491e-01,
        -1.11797210e-01,  7.22662498e-02, -5.03250618e-02],
       [-9.60314706e-02,  7.69807215e-01,  1.61917710e+00,
        -2.24480523e-01,  6.80899597e-02,  1.89456796e-02,
        -8.97233969e-01, -2.72815231e+00,  2.24895949e+00,
         1.01306101e-01,  1.18230606e+00, -1.73022984e+00,
        -5.43531307e-03, -3.65820884e-01, -4.46851183e-01,
         1.93445132e-01, -5.37391408e-02, -3.71767589e-02],
       [ 2.03169664e-01,  1.01421976e-01, -2.24480523e-01,
         1.51931026e-01,  1.83491590e-02,  3.51276200e-02,
         1.15179135e-01,  7.90576268e-01,  1.24330861e-01,
        -9.42675776e-02, -2.96227531e-01,  4.15937963e-02,
         5.12034045e-02, -6.12808952e-03,  1.14022461e-01,
        -3.60649449e-02,  7.22742784e-03,  5.77071670e-03],
       [-2.25624763e-02,  3.54316464e-01,  6.80899597e-02,
         1.83491590e-02,  3.45168196e-01,  9.02369075e-02,
        -2.80872366e+00,  6.25634804e-01,  1.60069801e-02,
         3.68449731e-01, -1.29198392e-01, -1.53429465e-01,
         1.22220987e-01,  6.83484883e-02,  3.57351562e-02,
        -2.02048733e-02, -1.55647899e-01, -8.15022315e-02],
       [ 6.54970633e-01, -6.32328398e-02,  1.89456796e-02,
         3.51276200e-02,  9.02369075e-02,  3.39078481e-01,
        -2.16270386e+00,  2.33505999e-01,  2.29852679e-01,
         9.64501580e-02, -1.25481453e-01,  1.52423369e-01,
        -1.25077711e-01,  5.87362706e-02,  1.30368789e-01,
        -1.85317208e-02, -9.49666836e-02, -2.05295696e-01],
       [-3.13349439e+00, -1.46152695e+00, -8.97233969e-01,
         1.15179135e-01, -2.80872366e+00, -2.16270386e+00,
         3.89799548e+01, -3.54761775e-01, -1.96928679e+00,
        -3.06501244e+00, -1.77667962e-01,  4.56367003e-01,
        -4.49521727e-01, -2.90303222e-01, -2.38194789e-01,
         1.50988138e-01,  2.52636591e+00,  2.08856522e+00],
       [ 2.06065114e-01,  3.71654138e-01, -2.72815231e+00,
         7.90576268e-01,  6.25634804e-01,  2.33505999e-01,
        -3.54761775e-01,  1.21297316e+01, -3.46019872e+00,
         1.50616187e-01, -3.21773408e+00,  1.72311331e+00,
         1.57420733e-01,  7.08643082e-01,  1.36908254e+00,
        -7.37557420e-01,  4.95413808e-01,  2.21125989e-01],
       [ 2.32081761e-01,  2.69176864e+00,  2.24895949e+00,
         1.24330861e-01,  1.60069801e-02,  2.29852679e-01,
        -1.96928679e+00, -3.46019872e+00,  1.09056534e+01,
         1.01797454e-01,  1.28243072e+00, -3.68976163e+00,
         6.47828638e-02, -1.33378502e+00, -6.50611603e-01,
        -9.41379576e-02, -2.57164956e-01, -3.51766466e-02],
       [-5.77081612e-01,  1.89799485e-01,  1.01306101e-01,
        -9.42675776e-02,  3.68449731e-01,  9.64501580e-02,
        -3.06501244e+00,  1.50616187e-01,  1.01797454e-01,
         1.10348576e+00, -1.65472822e-02, -8.11213225e-02,
         5.65167003e-02,  6.37721742e-02,  1.75849332e-02,
        -8.08756152e-02, -3.00297263e-01, -6.66058602e-02],
       [-1.60738599e-01, -4.23634005e-02,  1.18230606e+00,
        -2.96227531e-01, -1.29198392e-01, -1.25481453e-01,
        -1.77667962e-01, -3.21773408e+00,  1.28243072e+00,
        -1.65472822e-02,  1.65755379e+00, -9.84773120e-01,
        -2.13292116e-02, -3.55990189e-01, -5.42122998e-01,
         2.63828953e-01, -1.38415308e-01, -8.63292283e-02],
       [ 3.18615243e-01, -1.84641596e+00, -1.73022984e+00,
         4.15937963e-02, -1.53429465e-01,  1.52423369e-01,
         4.56367003e-01,  1.72311331e+00, -3.68976163e+00,
        -8.11213225e-02, -9.84773120e-01,  2.93585213e+00,
        -1.19454053e-01,  6.98092191e-01,  4.70339513e-01,
        -2.35527795e-02, -1.94549749e-02,  4.11128500e-03],
       [-3.03858359e-01,  1.42624129e-01, -5.43531307e-03,
         5.12034045e-02,  1.22220987e-01, -1.25077711e-01,
        -4.49521727e-01,  1.57420733e-01,  6.47828638e-02,
         5.65167003e-02, -2.13292116e-02, -1.19454053e-01,
         2.14292362e-01, -1.21725102e-02, -2.07821598e-02,
         2.77366305e-02, -9.54191841e-02,  1.09379987e-01],
       [ 3.12772171e-02, -3.80639516e-01, -3.65820884e-01,
        -6.12808952e-03,  6.83484883e-02,  5.87362706e-02,
        -2.90303222e-01,  7.08643082e-01, -1.33378502e+00,
         6.37721742e-02, -3.55990189e-01,  6.98092191e-01,
        -1.21725102e-02,  2.71546795e-01,  1.54488002e-01,
         7.47356983e-04,  2.20200681e-02,  1.33186230e-02],
       [ 1.89326884e-01, -1.90581491e-01, -4.46851183e-01,
         1.14022461e-01,  3.57351562e-02,  1.30368789e-01,
        -2.38194789e-01,  1.36908254e+00, -6.50611603e-01,
         1.75849332e-02, -5.42122998e-01,  4.70339513e-01,
        -2.07821598e-02,  1.54488002e-01,  2.66243795e-01,
        -9.43263478e-02,  1.84487092e-02,  1.76493999e-02],
       [ 8.61301804e-02, -1.11797210e-01,  1.93445132e-01,
        -3.60649449e-02, -2.02048733e-02, -1.85317208e-02,
         1.50988138e-01, -7.37557420e-01, -9.41379576e-02,
        -8.08756152e-02,  2.63828953e-01, -2.35527795e-02,
         2.77366305e-02,  7.47356983e-04, -9.43263478e-02,
         1.29735326e-01, -2.40295211e-02, -1.10960794e-02],
       [-4.97714403e-02,  7.22662498e-02, -5.37391408e-02,
         7.22742784e-03, -1.55647899e-01, -9.49666836e-02,
         2.52636591e+00,  4.95413808e-01, -2.57164956e-01,
        -3.00297263e-01, -1.38415308e-01, -1.94549749e-02,
        -9.54191841e-02,  2.20200681e-02,  1.84487092e-02,
        -2.40295211e-02,  2.92453723e-01,  9.56852254e-02],
       [-5.74015076e-01, -5.03250618e-02, -3.71767589e-02,
         5.77071670e-03, -8.15022315e-02, -2.05295696e-01,
         2.08856522e+00,  2.21125989e-01, -3.51766466e-02,
        -6.66058602e-02, -8.63292283e-02,  4.11128500e-03,
         1.09379987e-01,  1.33186230e-02,  1.76493999e-02,
        -1.10960794e-02,  9.56852254e-02,  2.85507262e-01]])
      jac: array([-1.22920193e-06, -3.54531219e-07,  2.10387263e-07,  3.33103915e-06,
        2.64677169e-06,  4.13188002e-07, -4.29286236e-08, -2.32036612e-07,
       -4.81096644e-09, -7.20534743e-07,  2.09092003e-08,  2.87732801e-07,
       -2.56850097e-06, -1.62740192e-06,  4.08747110e-07,  7.80301749e-07,
        1.32505118e-06, -7.00550729e-07])
  message: 'Optimization terminated successfully.'
     nfev: 1387
      nit: 62
     njev: 73
   status: 0
  success: True
        x: array([ 0.12356748, -0.25675828,  0.7870272 ,  0.82020473, -0.4325028 ,
        0.02068297,  0.09806897, -1.28751367, -0.58373737,  0.08453262,
        0.7956704 ,  0.89817477,  0.11249056,  0.17468554, -0.44787187,
       -0.84372996, -0.61867214,  0.02132106])
