Program Begingeth
      fun: 0.3183807863667424
 hess_inv: array([[ 2.42200333e+00,  7.00270568e-01,  1.46864585e+00,
         1.13142703e+00,  3.73471487e-01,  9.23516827e-01,
        -4.38552175e-01,  5.93931444e-02,  4.46191141e+00,
        -5.25613663e-02, -1.37418560e-02,  8.43349090e-02,
         2.52850462e-01, -4.87114927e-03,  1.28825880e-02,
         1.37261792e-01, -1.18111560e-01,  3.24648331e-02],
       [ 7.00270568e-01,  1.36683851e+00,  1.01689978e+00,
         2.31103307e-01,  6.96126159e-01,  7.35035329e-01,
        -7.15901500e-01,  5.45191120e-01,  3.06484483e+00,
         2.93344820e-01, -1.00947956e-01,  2.02358112e-01,
        -6.48497184e-02,  1.18076140e-01,  4.83988689e-02,
         2.09285787e-02,  1.96711313e-02, -1.30961402e-02],
       [ 1.46864585e+00,  1.01689978e+00,  2.63257120e+00,
         4.96079663e-01,  3.76148245e-01,  1.65727893e+00,
        -2.33086136e+00, -6.67900830e-01,  5.55610102e+00,
         2.87386659e-01, -3.96911460e-01,  2.07106750e-02,
        -4.06248985e-02,  3.27684255e-02,  1.85941949e-01,
        -2.52109504e-02, -7.03910209e-02,  1.86688003e-02],
       [ 1.13142703e+00,  2.31103307e-01,  4.96079663e-01,
         5.90484734e-01,  1.36435562e-01,  3.12063771e-01,
         3.00053909e-01, -4.80487176e-02,  1.64789949e+00,
        -3.16354001e-02,  1.47960769e-03,  2.81559317e-02,
         1.64976371e-01, -1.13608546e-02,  5.97847297e-03,
         9.24814432e-02, -7.60231202e-02,  2.54281788e-02],
       [ 3.73471487e-01,  6.96126159e-01,  3.76148245e-01,
         1.36435562e-01,  3.94758791e-01,  2.86182034e-01,
        -2.04854379e-01,  5.73523237e-01,  1.38812294e+00,
         1.18636033e-01, -2.02160394e-02,  1.53913778e-01,
        -9.90272306e-03,  7.75570987e-02, -5.16618638e-03,
         3.18662466e-02,  1.82529388e-02, -8.53348736e-03],
       [ 9.23516827e-01,  7.35035329e-01,  1.65727893e+00,
         3.12063771e-01,  2.86182034e-01,  1.07680726e+00,
        -1.39507480e+00, -4.07669511e-01,  3.71753848e+00,
         2.26590102e-01, -2.84978786e-01,  2.15764020e-02,
        -4.34936155e-02,  4.40229348e-02,  1.37218634e-01,
        -1.97965511e-02, -3.48597879e-02,  1.76399960e-02],
       [-4.38552175e-01, -7.15901500e-01, -2.33086136e+00,
         3.00053909e-01, -2.04854379e-01, -1.39507480e+00,
         5.14822388e+00,  2.26843980e-02, -4.68833164e+00,
         8.77329809e-02,  2.09363515e-01,  5.95929796e-02,
         2.31805309e-01,  2.86166753e-03, -9.53474335e-02,
         1.76739919e-01, -6.55678496e-02,  2.42242655e-02],
       [ 5.93931444e-02,  5.45191120e-01, -6.67900830e-01,
        -4.80487176e-02,  5.73523237e-01, -4.07669511e-01,
         2.26843980e-02,  3.26207906e+00, -3.25037507e-01,
        -1.76934408e-01,  2.61001399e-01,  4.08182067e-01,
         3.81620344e-03,  1.20725503e-01, -2.40411202e-01,
         5.27516062e-02,  8.71215098e-02, -5.85166458e-02],
       [ 4.46191141e+00,  3.06484483e+00,  5.55610102e+00,
         1.64789949e+00,  1.38812294e+00,  3.71753848e+00,
        -4.68833164e+00, -3.25037507e-01,  1.55204631e+01,
         3.03209911e-01, -6.65422248e-01,  2.31930546e-01,
         6.17685424e-02,  2.15631814e-01,  3.48149818e-01,
         4.32480043e-02, -7.66753238e-02,  8.37126860e-02],
       [-5.25613663e-02,  2.93344820e-01,  2.87386659e-01,
        -3.16354001e-02,  1.18636033e-01,  2.26590102e-01,
         8.77329809e-02, -1.76934408e-01,  3.03209911e-01,
         9.30180996e-01, -4.92980375e-04, -4.34448590e-02,
        -2.39091982e-01, -4.81816201e-03, -3.99368265e-02,
        -2.74973197e-02, -2.16098350e-02, -1.86945368e-01],
       [-1.37418560e-02, -1.00947956e-01, -3.96911460e-01,
         1.47960769e-03, -2.02160394e-02, -2.84978786e-01,
         2.09363515e-01,  2.61001399e-01, -6.65422248e-01,
        -4.92980375e-04,  4.52621983e-01, -1.64322170e-02,
         8.37924036e-03, -8.82803582e-02, -1.36571158e-01,
         1.90227263e-02,  9.68966994e-03, -9.81440116e-02],
       [ 8.43349090e-02,  2.02358112e-01,  2.07106750e-02,
         2.81559317e-02,  1.53913778e-01,  2.15764020e-02,
         5.95929796e-02,  4.08182067e-01,  2.31930546e-01,
        -4.34448590e-02, -1.64322170e-02,  3.29446245e-01,
         4.14359550e-02,  7.46924787e-02, -6.03924948e-02,
         6.00541664e-02,  4.59247714e-02,  1.91696513e-02],
       [ 2.52850462e-01, -6.48497184e-02, -4.06248985e-02,
         1.64976371e-01, -9.90272306e-03, -4.34936155e-02,
         2.31805309e-01,  3.81620344e-03,  6.17685424e-02,
        -2.39091982e-01,  8.37924036e-03,  4.14359550e-02,
         1.47067627e-01, -4.37771597e-03,  1.98743663e-03,
         7.32176149e-02, -2.45066797e-02,  5.66519815e-02],
       [-4.87114927e-03,  1.18076140e-01,  3.27684255e-02,
        -1.13608546e-02,  7.75570987e-02,  4.40229348e-02,
         2.86166753e-03,  1.20725503e-01,  2.15631814e-01,
        -4.81816201e-03, -8.82803582e-02,  7.46924787e-02,
        -4.37771597e-03,  6.55871135e-02,  1.46891955e-02,
         5.58795718e-03,  3.65668521e-02,  2.32284683e-02],
       [ 1.28825880e-02,  4.83988689e-02,  1.85941949e-01,
         5.97847297e-03, -5.16618638e-03,  1.37218634e-01,
        -9.53474335e-02, -2.40411202e-01,  3.48149818e-01,
        -3.99368265e-02, -1.36571158e-01, -6.03924948e-02,
         1.98743663e-03,  1.46891955e-02,  9.19413406e-02,
        -1.76142607e-02, -9.15831222e-03,  5.95868307e-02],
       [ 1.37261792e-01,  2.09285787e-02, -2.52109504e-02,
         9.24814432e-02,  3.18662466e-02, -1.97965511e-02,
         1.76739919e-01,  5.27516062e-02,  4.32480043e-02,
        -2.74973197e-02,  1.90227263e-02,  6.00541664e-02,
         7.32176149e-02,  5.58795718e-03, -1.76142607e-02,
         6.66486582e-02, -1.06147589e-02,  9.47031639e-03],
       [-1.18111560e-01,  1.96711313e-02, -7.03910209e-02,
        -7.60231202e-02,  1.82529388e-02, -3.48597879e-02,
        -6.55678496e-02,  8.71215098e-02, -7.66753238e-02,
        -2.16098350e-02,  9.68966994e-03,  4.59247714e-02,
        -2.45066797e-02,  3.65668521e-02, -9.15831222e-03,
        -1.06147589e-02,  5.04782141e-02,  1.97886530e-03],
       [ 3.24648331e-02, -1.30961402e-02,  1.86688003e-02,
         2.54281788e-02, -8.53348736e-03,  1.76399960e-02,
         2.42242655e-02, -5.85166458e-02,  8.37126860e-02,
        -1.86945368e-01, -9.81440116e-02,  1.91696513e-02,
         5.66519815e-02,  2.32284683e-02,  5.95868307e-02,
         9.47031639e-03,  1.97886530e-03,  8.51523756e-02]])
      jac: array([ 2.92446437e-04,  1.04409814e-04,  6.39573579e-05, -7.66441355e-04,
       -2.59867313e-04,  4.50891176e-05,  1.01709012e-04,  4.82395605e-05,
       -1.13442589e-05,  5.83947705e-05,  7.76808247e-05, -4.15811829e-05,
        3.32004424e-04,  2.96261904e-04, -1.59510553e-04, -1.83893271e-04,
       -2.57626143e-04,  1.33181244e-04])
  message: 'Maximum number of iterations has been exceeded.'
     nfev: 2166
      nit: 100
     njev: 114
   status: 1
  success: False
        x: array([ 2.20662469, -1.13399861, -0.50659137,  1.95826674, -1.12660016,
       -0.1893381 ,  2.68789208, -0.85176108,  0.49254093,  0.01184373,
        0.37365955,  1.17325806,  0.01869794,  0.11880523, -0.26072172,
       -1.26784798, -0.43621729,  0.01156653])
