Program Begingeth
      fun: 0.41606000462234144
 hess_inv: array([[ 6.44650474e-01, -8.30994131e-02, -9.83390401e-02,
         3.45611728e-02,  1.36398942e-01, -4.52259134e-01,
        -7.26341333e-02,  5.78661827e-01, -2.62541888e+00,
        -7.28137422e-02,  3.33088124e-01,  6.06208950e-01,
        -2.62257884e-01,  5.98827478e-03, -4.65697358e-01,
        -7.64779636e-02, -6.66146897e-02, -1.44528519e-01],
       [-8.30994131e-02,  7.33381780e-01, -6.98699253e-02,
        -2.30277688e-01, -1.70825508e-01, -2.15238184e-01,
        -9.76031028e-01,  2.02127948e-01,  2.26985621e-01,
         3.02788899e-02,  2.04447880e-01, -7.47797632e-02,
        -1.23451304e-01, -6.62490717e-01, -5.06026570e-02,
         1.17082521e-02, -1.99190532e-01,  1.83873472e-01],
       [-9.83390401e-02, -6.98699253e-02,  4.50815137e-01,
         9.93897632e-02,  1.49299751e-01,  7.29171838e-02,
         8.20364099e-01, -5.61384029e-02,  8.69837430e-01,
        -4.04072082e-01, -2.15821237e-01, -2.27384574e-01,
         2.02492874e-01,  2.48270294e-01, -2.16767508e-01,
         4.16618468e-02,  2.99515935e-02, -1.38103338e-01],
       [ 3.45611728e-02, -2.30277688e-01,  9.93897632e-02,
         2.84436250e-01,  2.20037605e-02,  9.72813714e-03,
         8.64647140e-01, -6.31180843e-01, -1.36291904e-01,
        -1.02849870e-01,  4.95393466e-02,  5.68959486e-02,
         2.89873850e-01,  1.74003372e-01, -9.65554466e-02,
         8.82630176e-02,  3.88333739e-02, -8.59695546e-02],
       [ 1.36398942e-01, -1.70825508e-01,  1.49299751e-01,
         2.20037605e-02,  2.97322109e-01,  2.01235801e-02,
         5.93366567e-01,  6.87752304e-01, -9.69426193e-02,
        -1.58808299e-01, -2.35252439e-01,  1.30440438e-01,
        -4.99511283e-02,  4.57989661e-01, -1.59038709e-01,
        -1.30948733e-02,  1.38128916e-01, -1.32095968e-01],
       [-4.52259134e-01, -2.15238184e-01,  7.29171838e-02,
         9.72813714e-03,  2.01235801e-02,  6.70211753e-01,
         5.12584060e-01, -3.71140677e-01,  2.88010827e+00,
         2.79655613e-02, -6.51455446e-01, -3.73485407e-01,
         2.09848821e-01,  4.03488162e-01,  5.70169057e-01,
         7.94483011e-02,  1.80434965e-01,  7.93911347e-02],
       [-7.26341333e-02, -9.76031028e-01,  8.20364099e-01,
         8.64647140e-01,  5.93366567e-01,  5.12584060e-01,
         5.42620283e+00, -9.66215102e-01,  1.97950816e+00,
        -5.85198522e-01, -8.30291041e-01,  7.38223256e-02,
         7.74274866e-01,  1.52638725e+00, -3.17911936e-01,
         1.92254818e-01,  4.19680393e-01, -4.69772392e-01],
       [ 5.78661827e-01,  2.02127948e-01, -5.61384029e-02,
        -6.31180843e-01,  6.87752304e-01, -3.71140677e-01,
        -9.66215102e-01,  5.21216247e+00, -2.21918766e+00,
         3.34122632e-02,  7.65817742e-02,  4.43856619e-01,
        -1.03418230e+00,  2.43257340e-01, -3.16621829e-01,
        -3.23570872e-01,  3.68662049e-02, -3.59398786e-02],
       [-2.62541888e+00,  2.26985621e-01,  8.69837430e-01,
        -1.36291904e-01, -9.69426193e-02,  2.88010827e+00,
         1.97950816e+00, -2.21918766e+00,  1.80886256e+01,
        -5.49208309e-01, -2.94794004e+00, -2.06609038e+00,
         1.30354675e+00,  9.40770021e-01,  1.88964611e+00,
         5.30139455e-01,  4.51867263e-01,  2.60480869e-01],
       [-7.28137422e-02,  3.02788899e-02, -4.04072082e-01,
        -1.02849870e-01, -1.58808299e-01,  2.79655613e-02,
        -5.85198522e-01,  3.34122632e-02, -5.49208309e-01,
         5.98839054e-01,  1.41659581e-01,  4.26732032e-02,
        -2.00188885e-01, -1.85675116e-01,  3.41372387e-01,
        -5.68748476e-02,  2.16374586e-02,  1.69186304e-01],
       [ 3.33088124e-01,  2.04447880e-01, -2.15821237e-01,
         4.95393466e-02, -2.35252439e-01, -6.51455446e-01,
        -8.30291041e-01,  7.65817742e-02, -2.94794004e+00,
         1.41659581e-01,  1.38499591e+00,  2.24643143e-01,
        -1.69472013e-01, -8.16024965e-01, -3.00801936e-01,
        -1.52352255e-01, -2.79193560e-01,  1.43801891e-01],
       [ 6.06208950e-01, -7.47797632e-02, -2.27384574e-01,
         5.68959486e-02,  1.30440438e-01, -3.73485407e-01,
         7.38223256e-02,  4.43856619e-01, -2.06609038e+00,
         4.26732032e-02,  2.24643143e-01,  8.64373160e-01,
        -2.36842543e-01,  4.25571804e-02, -4.34459948e-01,
        -3.75565805e-02, -4.66357762e-02, -1.52608892e-01],
       [-2.62257884e-01, -1.23451304e-01,  2.02492874e-01,
         2.89873850e-01, -4.99511283e-02,  2.09848821e-01,
         7.74274866e-01, -1.03418230e+00,  1.30354675e+00,
        -2.00188885e-01, -1.69472013e-01, -2.36842543e-01,
         5.24695201e-01,  1.38276474e-01,  5.87913305e-02,
         2.01814090e-01,  4.27880442e-02, -3.99146035e-02],
       [ 5.98827478e-03, -6.62490717e-01,  2.48270294e-01,
         1.74003372e-01,  4.57989661e-01,  4.03488162e-01,
         1.52638725e+00,  2.43257340e-01,  9.40770021e-01,
        -1.85675116e-01, -8.16024965e-01,  4.25571804e-02,
         1.38276474e-01,  1.15672137e+00,  3.66782883e-02,
         4.79122762e-02,  4.00056846e-01, -2.58913279e-01],
       [-4.65697358e-01, -5.06026570e-02, -2.16767508e-01,
        -9.65554466e-02, -1.59038709e-01,  5.70169057e-01,
        -3.17911936e-01, -3.16621829e-01,  1.88964611e+00,
         3.41372387e-01, -3.00801936e-01, -4.34459948e-01,
         5.87913305e-02,  3.66782883e-02,  8.34980617e-01,
         2.34611983e-02,  1.18487459e-01,  3.09286519e-01],
       [-7.64779636e-02,  1.17082521e-02,  4.16618468e-02,
         8.82630176e-02, -1.30948733e-02,  7.94483011e-02,
         1.92254818e-01, -3.23570872e-01,  5.30139455e-01,
        -5.68748476e-02, -1.52352255e-01, -3.75565805e-02,
         2.01814090e-01,  4.79122762e-02,  2.34611983e-02,
         1.22323354e-01,  1.54017212e-02, -1.32895642e-02],
       [-6.66146897e-02, -1.99190532e-01,  2.99515935e-02,
         3.88333739e-02,  1.38128916e-01,  1.80434965e-01,
         4.19680393e-01,  3.68662049e-02,  4.51867263e-01,
         2.16374586e-02, -2.79193560e-01, -4.66357762e-02,
         4.27880442e-02,  4.00056846e-01,  1.18487459e-01,
         1.54017212e-02,  1.83858105e-01, -3.74511030e-02],
       [-1.44528519e-01,  1.83873472e-01, -1.38103338e-01,
        -8.59695546e-02, -1.32095968e-01,  7.93911347e-02,
        -4.69772392e-01, -3.59398786e-02,  2.60480869e-01,
         1.69186304e-01,  1.43801891e-01, -1.52608892e-01,
        -3.99146035e-02, -2.58913279e-01,  3.09286519e-01,
        -1.32895642e-02, -3.74511030e-02,  2.26816329e-01]])
      jac: array([ 2.05724326e-06, -1.38999923e-06,  1.70160182e-06,  1.98988973e-06,
        1.89293026e-06, -3.83248988e-06, -1.25825276e-07, -7.99360578e-08,
        3.87097761e-07, -7.50510765e-07, -2.77185682e-06,  9.12603326e-07,
        7.98620429e-07, -5.69063315e-06,  2.47653749e-06, -2.58052838e-06,
        7.34708590e-06,  1.84667096e-07])
  message: 'Optimization terminated successfully.'
     nfev: 931
      nit: 39
     njev: 49
   status: 0
  success: True
        x: array([ 0.76354014, -0.05602852,  0.42473823,  0.22547466, -1.06097214,
       -1.14693473,  1.28201558, -1.57921213, -1.38400301, -1.09920051,
        0.02727784,  0.57989498,  0.12206089,  0.04533627, -1.01353273,
        0.08503941,  1.35846096, -1.22255064])
