Program Begingeth
      fun: 0.26611201620172015
 hess_inv: array([[ 3.92470449e+00,  1.14937285e+00,  5.23074650e+00,
         2.68412956e+00,  9.03740240e-01,  2.06372030e+00,
         8.64915815e+00,  4.58585069e+00, -3.63955845e+00,
         5.26261392e-02, -5.82190134e-01,  3.74904674e-02,
         6.13136684e-01, -4.00122314e-02,  3.20160952e-01,
         2.42494043e-01, -3.93007758e-01,  2.96123064e-01],
       [ 1.14937285e+00,  1.27297004e+00,  2.72440993e+00,
         9.03303861e-01,  7.76904831e-01,  1.14215030e+00,
         4.60667230e+00,  2.64649581e+00, -1.57926617e+00,
         1.50782443e-01, -2.75580336e-01,  1.39887251e-01,
         1.14410106e-01,  5.77650336e-02,  1.70342311e-01,
         5.42571651e-02, -8.76433564e-02,  1.31358850e-01],
       [ 5.23074650e+00,  2.72440993e+00,  1.23081745e+01,
         4.13354378e+00,  1.92856348e+00,  5.28990483e+00,
         1.93185058e+01,  1.07332991e+01, -5.49704147e+00,
         5.94006016e-01, -1.44608564e+00,  4.44886147e-02,
         5.97320543e-01, -5.26428565e-02,  8.72009514e-01,
         1.31689132e-01, -5.96671395e-01,  5.31794503e-01],
       [ 2.68412956e+00,  9.03303861e-01,  4.13354378e+00,
         1.91472987e+00,  6.86186435e-01,  1.67204004e+00,
         6.89445601e+00,  3.60195500e+00, -2.52341381e+00,
         7.70179931e-02, -4.55762670e-01,  9.02943294e-03,
         4.11338550e-01, -4.29535116e-02,  2.66732255e-01,
         1.50654107e-01, -2.89814666e-01,  2.22596588e-01],
       [ 9.03740240e-01,  7.76904831e-01,  1.92856348e+00,
         6.86186435e-01,  5.11636932e-01,  8.08088812e-01,
         3.15212109e+00,  1.99988284e+00, -1.16281506e+00,
         1.07442216e-01, -2.12285871e-01,  9.46880556e-02,
         1.09748560e-01,  4.11298182e-02,  1.27724403e-01,
         5.52526513e-02, -7.42018583e-02,  9.83276127e-02],
       [ 2.06372030e+00,  1.14215030e+00,  5.28990483e+00,
         1.67204004e+00,  8.08088812e-01,  2.31716200e+00,
         8.15593221e+00,  4.64114342e+00, -2.09755762e+00,
         3.19437415e-01, -6.71132028e-01,  1.14244030e-02,
         2.07249131e-01, -1.79772981e-02,  3.96772596e-01,
         3.12822799e-02, -2.49748404e-01,  2.21944756e-01],
       [ 8.64915815e+00,  4.60667230e+00,  1.93185058e+01,
         6.89445601e+00,  3.15212109e+00,  8.15593221e+00,
         3.28059661e+01,  1.66224230e+01, -9.11378521e+00,
         7.85765574e-01, -1.96467025e+00,  8.06709213e-03,
         1.03938343e+00, -1.74566072e-01,  1.29901447e+00,
         2.33700589e-01, -9.72542960e-01,  8.78758880e-01],
       [ 4.58585069e+00,  2.64649581e+00,  1.07332991e+01,
         3.60195500e+00,  1.99988284e+00,  4.64114342e+00,
         1.66224230e+01,  1.14962497e+01, -5.40047024e+00,
         6.72411249e-01, -1.28644545e+00,  8.82038550e-02,
         5.20382029e-01,  2.57401082e-02,  8.54855444e-01,
         1.58489276e-01, -5.12696899e-01,  5.09625281e-01],
       [-3.63955845e+00, -1.57926617e+00, -5.49704147e+00,
        -2.52341381e+00, -1.16281506e+00, -2.09755762e+00,
        -9.11378521e+00, -5.40047024e+00,  5.24440160e+00,
         1.18226709e-01,  6.22235961e-01, -7.94938773e-02,
        -5.65864780e-01, -1.11198396e-01, -4.00746272e-01,
        -2.25087186e-01,  2.30058355e-01, -3.75243792e-01],
       [ 5.26261392e-02,  1.50782443e-01,  5.94006016e-01,
         7.70179931e-02,  1.07442216e-01,  3.19437415e-01,
         7.85765574e-01,  6.72411249e-01,  1.18226709e-01,
         5.62851818e-01, -3.25833021e-02, -4.61103197e-02,
        -1.37794800e-01, -2.51390329e-02, -1.91897176e-02,
        -2.14554234e-02, -4.01499110e-02, -1.29203338e-01],
       [-5.82190134e-01, -2.75580336e-01, -1.44608564e+00,
        -4.55762670e-01, -2.12285871e-01, -6.71132028e-01,
        -1.96467025e+00, -1.28644545e+00,  6.22235961e-01,
        -3.25833021e-02,  5.39831658e-01, -1.51169061e-02,
        -7.19805505e-02, -8.08596438e-02, -2.10265055e-01,
        -2.35291645e-03,  6.43548157e-02, -1.51652349e-01],
       [ 3.74904674e-02,  1.39887251e-01,  4.44886147e-02,
         9.02943294e-03,  9.46880556e-02,  1.14244030e-02,
         8.06709213e-03,  8.82038550e-02, -7.94938773e-02,
        -4.61103197e-02, -1.51169061e-02,  2.46512332e-01,
         4.02313308e-02,  6.63385054e-02, -3.42203701e-02,
         5.17871677e-02,  4.83977808e-02,  3.10746988e-02],
       [ 6.13136684e-01,  1.14410106e-01,  5.97320543e-01,
         4.11338550e-01,  1.09748560e-01,  2.07249131e-01,
         1.03938343e+00,  5.20382029e-01, -5.65864780e-01,
        -1.37794800e-01, -7.19805505e-02,  4.02313308e-02,
         1.75689790e-01, -4.89646568e-03,  4.29397406e-02,
         8.57352249e-02, -6.57822187e-02,  7.97653008e-02],
       [-4.00122314e-02,  5.77650336e-02, -5.26428565e-02,
        -4.29535116e-02,  4.11298182e-02, -1.79772981e-02,
        -1.74566072e-01,  2.57401082e-02, -1.11198396e-01,
        -2.51390329e-02, -8.08596438e-02,  6.63385054e-02,
        -4.89646568e-03,  6.81965645e-02,  1.58576789e-02,
         5.33956847e-03,  4.85456520e-02,  2.78830181e-02],
       [ 3.20160952e-01,  1.70342311e-01,  8.72009514e-01,
         2.66732255e-01,  1.27724403e-01,  3.96772596e-01,
         1.29901447e+00,  8.54855444e-01, -4.00746272e-01,
        -1.91897176e-02, -2.10265055e-01, -3.42203701e-02,
         4.29397406e-02,  1.58576789e-02,  1.35397652e-01,
        -7.73916525e-03, -4.11245672e-02,  9.64867976e-02],
       [ 2.42494043e-01,  5.42571651e-02,  1.31689132e-01,
         1.50654107e-01,  5.52526513e-02,  3.12822799e-02,
         2.33700589e-01,  1.58489276e-01, -2.25087186e-01,
        -2.14554234e-02, -2.35291645e-03,  5.17871677e-02,
         8.57352249e-02,  5.33956847e-03, -7.73916525e-03,
         6.97950628e-02, -2.22976325e-02,  1.74489097e-02],
       [-3.93007758e-01, -8.76433564e-02, -5.96671395e-01,
        -2.89814666e-01, -7.42018583e-02, -2.49748404e-01,
        -9.72542960e-01, -5.12696899e-01,  2.30058355e-01,
        -4.01499110e-02,  6.43548157e-02,  4.83977808e-02,
        -6.57822187e-02,  4.85456520e-02, -4.11245672e-02,
        -2.22976325e-02,  9.18918987e-02, -2.04217682e-02],
       [ 2.96123064e-01,  1.31358850e-01,  5.31794503e-01,
         2.22596588e-01,  9.83276127e-02,  2.21944756e-01,
         8.78758880e-01,  5.09625281e-01, -3.75243792e-01,
        -1.29203338e-01, -1.51652349e-01,  3.10746988e-02,
         7.97653008e-02,  2.78830181e-02,  9.64867976e-02,
         1.74489097e-02, -2.04217682e-02,  1.12398140e-01]])
      jac: array([ 2.73824297e-04, -1.58896600e-04, -1.61908265e-04, -5.03401765e-04,
        2.79764730e-04,  2.09590863e-04,  1.02727826e-04, -4.54895381e-05,
        1.01729736e-05, -8.77938463e-05,  7.87196234e-05,  9.00705436e-05,
       -3.46862909e-04,  9.56827210e-05,  2.66563068e-04,  2.62322016e-04,
       -2.69064030e-04, -2.02782235e-04])
  message: 'Maximum number of iterations has been exceeded.'
     nfev: 2261
      nit: 100
     njev: 119
   status: 1
  success: False
        x: array([ 2.01632093, -1.07648972, -0.4954897 ,  1.6908181 , -1.09129971,
       -0.32333322,  1.43990685, -1.54212087, -1.15928077,  0.0164837 ,
        0.51711616,  1.21636403,  0.02270347,  0.20865957, -0.31301366,
       -1.10365105, -0.28369384, -0.01238465])
