Program Begingeth
      fun: 0.25788754699839467
 hess_inv: array([[ 2.99092324e+00, -4.60871750e-01,  5.68389200e-01,
         1.34861983e+00, -2.43525801e-01,  2.59430439e-01,
         2.43175482e+00, -1.59615881e-01, -3.36655293e+00,
         2.40412199e-01, -6.80846375e-01,  1.68384876e-01,
        -1.67928542e-01,  1.82182924e-01,  1.36328624e-01,
        -6.54788860e-02,  1.01880746e-01, -1.09621299e-01],
       [-4.60871750e-01,  1.95331700e+00,  7.22189756e-02,
        -3.01778283e-02,  8.64881587e-01, -3.89510831e-01,
         4.49240557e-01,  6.48183876e-01, -1.57089691e+00,
        -4.69757869e-01,  5.58026729e-01, -6.08256315e-01,
         3.10963920e-01, -1.93278312e-01, -1.56157795e-01,
         1.06849550e-01, -1.00039536e-01,  3.21138864e-02],
       [ 5.68389200e-01,  7.22189756e-02,  8.27802054e-01,
         2.76472408e-01,  1.25108026e-01,  3.16932841e-01,
         1.22235436e+00,  5.77733538e-01, -7.00271192e-01,
         9.97848080e-02,  1.50876873e-01,  3.02103098e-03,
        -4.41078950e-02,  9.60995925e-02, -2.73437115e-02,
         3.41715584e-02,  1.01424536e-01, -5.94149219e-02],
       [ 1.34861983e+00, -3.01778283e-02,  2.76472408e-01,
         6.68051891e-01, -3.64859372e-02,  8.88622964e-02,
         1.42950290e+00, -1.68397973e-01, -1.71810556e+00,
         9.61563739e-02, -2.76240303e-01,  2.71145922e-02,
        -1.64835304e-02,  5.47377489e-02,  5.81612952e-02,
        -6.52613956e-04,  8.64552047e-03, -3.68681612e-02],
       [-2.43525801e-01,  8.64881587e-01,  1.25108026e-01,
        -3.64859372e-02,  4.24627209e-01, -1.32239415e-01,
         2.52526172e-01,  5.62065585e-01, -5.89798242e-01,
        -2.14084091e-01,  3.05532725e-01, -2.23655986e-01,
         1.42311646e-01, -6.32144258e-02, -8.90397628e-02,
         6.70950035e-02, -2.46532859e-02,  9.45198874e-03],
       [ 2.59430439e-01, -3.89510831e-01,  3.16932841e-01,
         8.88622964e-02, -1.32239415e-01,  2.47242594e-01,
         3.53408663e-01,  4.66088077e-02,  3.40911279e-01,
         1.44429549e-01, -1.24985324e-01,  1.47536407e-01,
        -8.27902086e-02,  1.03827756e-01,  4.56087734e-02,
        -9.35206738e-03,  6.72198045e-02, -1.55926846e-02],
       [ 2.43175482e+00,  4.49240557e-01,  1.22235436e+00,
         1.42950290e+00,  2.52526172e-01,  3.53408663e-01,
         5.00769699e+00, -1.43437209e-01, -3.70902219e+00,
         3.24786934e-01, -1.36532289e-01,  4.47718543e-02,
         7.53383159e-02,  1.18374636e-01,  8.39259825e-03,
         1.12504669e-01,  1.36058852e-02, -1.06357773e-01],
       [-1.59615881e-01,  6.48183876e-01,  5.77733538e-01,
        -1.68397973e-01,  5.62065585e-01,  4.66088077e-02,
        -1.43437209e-01,  2.96235117e+00, -3.70181353e-01,
        -4.18124694e-01,  6.18059538e-01, -3.56874704e-02,
         4.52719932e-02,  3.81767972e-02, -1.93898196e-01,
         7.19470728e-02,  1.26679204e-01, -4.17475043e-02],
       [-3.36655293e+00, -1.57089691e+00, -7.00271192e-01,
        -1.71810556e+00, -5.89798242e-01,  3.40911279e-01,
        -3.70902219e+00, -3.70181353e-01,  7.97609313e+00,
        -1.02743898e-01, -3.69230431e-03,  5.55278607e-01,
        -2.83633332e-02,  1.32848084e-01,  1.07522219e-01,
         1.24662401e-02,  5.15770748e-02,  2.00161924e-01],
       [ 2.40412199e-01, -4.69757869e-01,  9.97848080e-02,
         9.61563739e-02, -2.14084091e-01,  1.44429549e-01,
         3.24786934e-01, -4.18124694e-01, -1.02743898e-01,
         8.65446840e-01, -1.02253710e-01,  1.04191323e-01,
        -2.46783808e-01,  2.96620129e-02, -6.43752793e-02,
        -4.14847682e-02, -5.79725967e-03, -2.11387896e-01],
       [-6.80846375e-01,  5.58026729e-01,  1.50876873e-01,
        -2.76240303e-01,  3.05532725e-01, -1.24985324e-01,
        -1.36532289e-01,  6.18059538e-01, -3.69230431e-03,
        -1.02253710e-01,  7.68636819e-01, -2.10395118e-01,
         8.71557127e-02, -1.45726393e-01, -1.96975460e-01,
         6.66221971e-02, -1.09701321e-02, -8.03525045e-02],
       [ 1.68384876e-01, -6.08256315e-01,  3.02103098e-03,
         2.71145922e-02, -2.23655986e-01,  1.47536407e-01,
         4.47718543e-02, -3.56874704e-02,  5.55278607e-01,
         1.04191323e-01, -2.10395118e-01,  4.58384815e-01,
        -5.05086860e-02,  1.29732635e-01,  1.85191839e-02,
         2.67105706e-02,  7.29314476e-02,  1.62865791e-02],
       [-1.67928542e-01,  3.10963920e-01, -4.41078950e-02,
        -1.64835304e-02,  1.42311646e-01, -8.27902086e-02,
         7.53383159e-02,  4.52719932e-02, -2.83633332e-02,
        -2.46783808e-01,  8.71557127e-02, -5.05086860e-02,
         1.54380850e-01, -4.10303948e-02,  3.01238686e-04,
         7.21969778e-02, -4.17676611e-02,  7.26601479e-02],
       [ 1.82182924e-01, -1.93278312e-01,  9.60995925e-02,
         5.47377489e-02, -6.32144258e-02,  1.03827756e-01,
         1.18374636e-01,  3.81767972e-02,  1.32848084e-01,
         2.96620129e-02, -1.45726393e-01,  1.29732635e-01,
        -4.10303948e-02,  9.52305528e-02,  3.09638287e-02,
        -6.80076620e-03,  6.67332830e-02,  8.06069214e-03],
       [ 1.36328624e-01, -1.56157795e-01, -2.73437115e-02,
         5.81612952e-02, -8.90397628e-02,  4.56087734e-02,
         8.39259825e-03, -1.93898196e-01,  1.07522219e-01,
        -6.43752793e-02, -1.96975460e-01,  1.85191839e-02,
         3.01238686e-04,  3.09638287e-02,  9.33481153e-02,
        -2.13281932e-02, -2.76164255e-03,  6.64261199e-02],
       [-6.54788860e-02,  1.06849550e-01,  3.41715584e-02,
        -6.52613956e-04,  6.70950035e-02, -9.35206738e-03,
         1.12504669e-01,  7.19470728e-02,  1.24662401e-02,
        -4.14847682e-02,  6.66221971e-02,  2.67105706e-02,
         7.21969778e-02, -6.80076620e-03, -2.13281932e-02,
         6.51577019e-02, -1.15287723e-02,  1.31977849e-02],
       [ 1.01880746e-01, -1.00039536e-01,  1.01424536e-01,
         8.64552047e-03, -2.46532859e-02,  6.72198045e-02,
         1.36058852e-02,  1.26679204e-01,  5.15770748e-02,
        -5.79725967e-03, -1.09701321e-02,  7.29314476e-02,
        -4.17676611e-02,  6.67332830e-02, -2.76164255e-03,
        -1.15287723e-02,  7.88871413e-02, -1.09819742e-02],
       [-1.09621299e-01,  3.21138864e-02, -5.94149219e-02,
        -3.68681612e-02,  9.45198874e-03, -1.55926846e-02,
        -1.06357773e-01, -4.17475043e-02,  2.00161924e-01,
        -2.11387896e-01, -8.03525045e-02,  1.62865791e-02,
         7.26601479e-02,  8.06069214e-03,  6.64261199e-02,
         1.31977849e-02, -1.09819742e-02,  1.05763655e-01]])
      jac: array([ 1.72454643e-07,  1.08468790e-06, -8.28966525e-08,  3.70074342e-09,
       -2.02430665e-06,  4.40388467e-07, -5.81016716e-08, -2.47949809e-08,
        4.88498131e-08,  2.52390701e-07,  8.27856302e-07,  2.39808173e-07,
       -1.00660221e-07,  1.73934941e-06, -9.95499979e-08,  3.60082334e-07,
       -9.55161875e-07,  7.24235486e-07])
  message: 'Optimization terminated successfully.'
     nfev: 2109
      nit: 97
     njev: 111
   status: 0
  success: True
        x: array([ 1.12551149, -1.29875755,  0.77906118,  1.37924152, -1.24476718,
        0.37779951,  2.34160366, -1.01623224,  0.85069901,  0.14513994,
        0.56155466,  1.19206857,  0.01903058,  0.23819773, -0.27822876,
       -1.1248957 , -0.08467489, -0.01265187])
