Program Begingeth
      fun: 0.35991595361070444
 hess_inv: array([[ 1.46169849e+00, -5.05301791e-02,  9.13305479e-02,
         2.91328103e-01, -3.59907441e-01,  3.52969432e-01,
         9.34116627e-01, -4.01827552e-01,  2.90822900e-01,
         8.15875630e-01, -1.15666395e+00, -3.66917036e-03,
        -5.87838058e-01, -8.09313512e-02,  8.29455894e-02,
        -4.13605191e-02, -4.28605835e-02, -2.97941582e-01],
       [-5.05301791e-02,  6.93104525e-01, -1.65994266e-01,
        -3.54372846e-01,  5.19932359e-02, -2.88141890e-01,
        -1.41101986e+00,  1.98077838e-01, -3.53335050e-01,
        -1.06250621e+00, -4.94343736e-02, -1.58796059e-01,
         2.50096573e-02, -2.48339335e-01, -2.54133212e-01,
         3.24824900e-02, -1.73034549e-02, -1.41784617e-01],
       [ 9.13305479e-02, -1.65994266e-01,  4.70511407e-01,
         1.83678275e-01,  6.91901745e-02,  2.13150720e-01,
         3.03143328e-01, -4.33264313e-01,  6.71505429e-01,
         8.03203270e-01,  1.27054705e-01,  1.36705333e-01,
        -5.89025334e-03,  1.85193645e-01, -1.09144788e-02,
         6.88761665e-02,  6.86168021e-02,  6.82484953e-02],
       [ 2.91328103e-01, -3.54372846e-01,  1.83678275e-01,
         5.51547387e-01,  4.37832049e-02,  3.14758495e-01,
         1.36896171e+00,  1.46756068e-01,  1.25821909e+00,
         1.69450290e+00,  1.67320730e-01, -7.52274122e-04,
        -2.65290537e-02,  1.39469457e-01,  1.86309109e-01,
         2.40495038e-02, -6.24658257e-03,  5.28120554e-02],
       [-3.59907441e-01,  5.19932359e-02,  6.91901745e-02,
         4.37832049e-02,  4.58911860e-01, -9.51316620e-02,
        -6.99446084e-01,  9.05906028e-01,  7.77856634e-01,
         2.17867759e-01,  1.15370776e+00, -1.73100082e-01,
         2.57928011e-01,  1.15601420e-01, -6.84066743e-02,
         9.38743065e-02,  2.23653466e-03,  1.00838640e-01],
       [ 3.52969432e-01, -2.88141890e-01,  2.13150720e-01,
         3.14758495e-01, -9.51316620e-02,  5.44261871e-01,
         1.51713653e+00, -5.91626629e-01,  1.44159622e+00,
         1.18573899e+00, -9.21085536e-02,  6.94834508e-01,
        -2.33298113e-01,  1.56742485e-01,  2.07220201e-01,
        -4.26051796e-02,  1.00415802e-01,  1.43264540e-02],
       [ 9.34116627e-01, -1.41101986e+00,  3.03143328e-01,
         1.36896171e+00, -6.99446084e-01,  1.51713653e+00,
         1.31534279e+01, -2.71257405e+00,  4.92415531e+00,
         3.96822509e+00,  4.59191653e-01,  1.10118875e+00,
        -1.08970686e+00,  3.68960562e-01,  7.20866190e-01,
        -4.05094671e-01,  5.62800408e-01, -1.15824015e-01],
       [-4.01827552e-01,  1.98077838e-01, -4.33264313e-01,
         1.46756068e-01,  9.05906028e-01, -5.91626629e-01,
        -2.71257405e+00,  4.55757252e+00,  5.87627428e-01,
         1.34442096e-01,  1.69980838e+00, -1.37827906e+00,
         5.64281606e-01,  5.88875189e-03, -5.58116496e-02,
         1.25404851e-01, -1.74617183e-01,  1.31740971e-01],
       [ 2.90822900e-01, -3.53335050e-01,  6.71505429e-01,
         1.25821909e+00,  7.77856634e-01,  1.44159622e+00,
         4.92415531e+00,  5.87627428e-01,  9.11893251e+00,
         4.73845219e+00,  2.91929060e+00,  1.10346891e+00,
        -2.50904811e-01,  4.96443235e-01,  4.32875862e-01,
         1.55175517e-02,  3.72661473e-01,  2.18036562e-01],
       [ 8.15875630e-01, -1.06250621e+00,  8.03203270e-01,
         1.69450290e+00,  2.17867759e-01,  1.18573899e+00,
         3.96822509e+00,  1.34442096e-01,  4.73845219e+00,
         5.66545783e+00,  7.27637137e-01,  4.09579825e-01,
        -1.40347608e-01,  5.42310038e-01,  5.64800160e-01,
         6.17576990e-02,  7.89160902e-02,  1.99790179e-01],
       [-1.15666395e+00, -4.94343736e-02,  1.27054705e-01,
         1.67320730e-01,  1.15370776e+00, -9.21085536e-02,
         4.59191653e-01,  1.69980838e+00,  2.91929060e+00,
         7.27637137e-01,  3.63578691e+00, -2.23445212e-01,
         5.45992647e-01,  3.28729914e-01, -1.07563691e-01,
         1.35886813e-01,  1.26577871e-01,  2.70934344e-01],
       [-3.66917036e-03, -1.58796059e-01,  1.36705333e-01,
        -7.52274122e-04, -1.73100082e-01,  6.94834508e-01,
         1.10118875e+00, -1.37827906e+00,  1.10346891e+00,
         4.09579825e-01, -2.23445212e-01,  1.70964241e+00,
        -2.25340280e-01,  1.70072815e-01,  2.00090978e-01,
        -7.07302448e-02,  1.87978516e-01,  3.25287168e-02],
       [-5.87838058e-01,  2.50096573e-02, -5.89025334e-03,
        -2.65290537e-02,  2.57928011e-01, -2.33298113e-01,
        -1.08970686e+00,  5.64281606e-01, -2.50904811e-01,
        -1.40347608e-01,  5.45992647e-01, -2.25340280e-01,
         3.98460231e-01,  4.16058785e-02, -5.20821857e-02,
         1.08733338e-01, -6.17881177e-02,  1.56055538e-01],
       [-8.09313512e-02, -2.48339335e-01,  1.85193645e-01,
         1.39469457e-01,  1.15601420e-01,  1.56742485e-01,
         3.68960562e-01,  5.88875189e-03,  4.96443235e-01,
         5.42310038e-01,  3.28729914e-01,  1.70072815e-01,
         4.16058785e-02,  1.86485403e-01,  7.03468341e-02,
         2.22821961e-02,  6.01272092e-02,  9.20889427e-02],
       [ 8.29455894e-02, -2.54133212e-01, -1.09144788e-02,
         1.86309109e-01, -6.84066743e-02,  2.07220201e-01,
         7.20866190e-01, -5.58116496e-02,  4.32875862e-01,
         5.64800160e-01, -1.07563691e-01,  2.00090978e-01,
        -5.20821857e-02,  7.03468341e-02,  1.80810142e-01,
        -3.87264464e-02,  6.92570516e-03,  6.34479811e-02],
       [-4.13605191e-02,  3.24824900e-02,  6.88761665e-02,
         2.40495038e-02,  9.38743065e-02, -4.26051796e-02,
        -4.05094671e-01,  1.25404851e-01,  1.55175517e-02,
         6.17576990e-02,  1.35886813e-01, -7.07302448e-02,
         1.08733338e-01,  2.22821961e-02, -3.87264464e-02,
         8.04709954e-02, -2.49126957e-02,  2.46062642e-02],
       [-4.28605835e-02, -1.73034549e-02,  6.86168021e-02,
        -6.24658257e-03,  2.23653466e-03,  1.00415802e-01,
         5.62800408e-01, -1.74617183e-01,  3.72661473e-01,
         7.89160902e-02,  1.26577871e-01,  1.87978516e-01,
        -6.17881177e-02,  6.01272092e-02,  6.92570516e-03,
        -2.49126957e-02,  9.68324104e-02,  4.16999243e-03],
       [-2.97941582e-01, -1.41784617e-01,  6.82484953e-02,
         5.28120554e-02,  1.00838640e-01,  1.43264540e-02,
        -1.15824015e-01,  1.31740971e-01,  2.18036562e-01,
         1.99790179e-01,  2.70934344e-01,  3.25287168e-02,
         1.56055538e-01,  9.20889427e-02,  6.34479811e-02,
         2.46062642e-02,  4.16999243e-03,  1.42921430e-01]])
      jac: array([ 3.47240755e-06, -6.06921920e-07,  2.29927188e-06, -9.88542581e-06,
       -8.41845112e-06, -5.74762460e-06,  8.62273216e-08,  3.03831034e-07,
        2.00950367e-07,  2.23302858e-06,  2.76371518e-06,  1.74749104e-06,
        5.95486623e-06,  1.30081131e-06,  5.01413725e-06, -1.37852692e-06,
       -2.62234678e-06, -3.33881071e-06])
  message: 'Optimization terminated successfully.'
     nfev: 1672
      nit: 79
     njev: 88
   status: 0
  success: True
        x: array([ 0.06706577,  0.08839172,  0.84443008,  1.40806463, -0.88254274,
        0.30365871,  0.70669822, -1.95766613,  0.67949764,  1.75984049,
       -0.81673922,  0.86156062,  0.04379299,  0.01295789, -0.25027702,
       -1.25880965, -0.72253836,  0.04836062])
