Program Begingeth
      fun: 0.2954167826046422
 hess_inv: array([[ 1.86757627e+00,  6.50727126e-02, -3.84912369e-02,
        -6.23985095e-03, -6.19667367e-03,  1.47039798e-01,
        -6.90005753e-01,  7.42551247e-01, -1.04365090e-01,
         3.50324256e-01, -2.37263095e-01, -2.21791482e-01,
        -7.98545672e-01, -5.88027425e-02, -3.13844508e-02,
         1.26323785e-02, -3.83497425e-02, -3.49015817e-01],
       [ 6.50727126e-02,  4.17144406e-01, -4.29170343e-03,
         3.46820992e-02,  4.01040284e-02, -3.30510737e-01,
        -2.24570551e-01, -2.30497062e-01, -8.86145873e-01,
         2.15423665e-01,  1.97227016e-01, -7.92005069e-01,
        -1.21292925e-02, -1.46250009e-01, -1.45805636e-01,
         1.71427084e-02,  1.72249519e-02, -8.03770715e-02],
       [-3.84912369e-02, -4.29170343e-03,  3.33630595e-01,
         4.30322690e-02,  1.72327716e-01, -8.00161560e-03,
         1.13799772e-02,  3.06570550e-01, -8.63863987e-02,
         2.32140442e-01,  3.78447944e-01, -3.90093471e-02,
         4.06065183e-02,  9.83863688e-02, -1.02624722e-01,
         4.93028525e-02,  4.37250209e-02,  3.88661467e-02],
       [-6.23985095e-03,  3.46820992e-02,  4.30322690e-02,
         2.54469733e-01,  3.73184621e-02, -1.09085115e-01,
         3.24642917e-01, -1.84065651e-01, -4.00840969e-01,
         7.09832337e-01,  4.48812892e-02, -2.76245589e-01,
         1.12054687e-01,  1.07522355e-02, -2.86493303e-02,
         5.62430831e-02, -2.33250569e-02,  1.16662301e-02],
       [-6.19667367e-03,  4.01040284e-02,  1.72327716e-01,
         3.73184621e-02,  2.21244811e-01, -1.22852982e-02,
         1.27562628e-01,  4.39298796e-01, -2.34203566e-01,
         1.79317231e-01,  5.27527821e-01,  4.11157712e-02,
         1.25912641e-02,  7.81330817e-02, -7.38109962e-02,
         3.21829217e-02,  3.41013070e-02,  3.87191223e-03],
       [ 1.47039798e-01, -3.30510737e-01, -8.00161560e-03,
        -1.09085115e-01, -1.22852982e-02,  8.86691594e-01,
         1.13559202e+00,  1.56453473e+00,  2.64333430e+00,
        -7.69567216e-01, -5.54151418e-01,  2.33648584e+00,
        -8.95677945e-02,  1.39585028e-01,  2.02905791e-01,
        -1.83871654e-02, -2.32733646e-04,  2.56875060e-02],
       [-6.90005753e-01, -2.24570551e-01,  1.13799772e-02,
         3.24642917e-01,  1.27562628e-01,  1.13559202e+00,
         4.98486554e+00,  2.06360886e+00,  4.23025142e+00,
        -7.06889213e-01, -4.83433052e-01,  3.78494073e+00,
         4.82828601e-01,  1.67508268e-01,  7.56239355e-02,
         8.73701021e-02, -3.24050841e-02,  1.10747332e-01],
       [ 7.42551247e-01, -2.30497062e-01,  3.06570550e-01,
        -1.84065651e-01,  4.39298796e-01,  1.56453473e+00,
         2.06360886e+00,  5.03198030e+00,  4.26429467e+00,
        -1.12518752e+00, -2.15778500e-01,  4.18960501e+00,
        -3.63925575e-01,  2.69184806e-01,  1.63996721e-01,
         3.30717821e-02,  5.32343901e-02, -6.80392276e-02],
       [-1.04365090e-01, -8.86145873e-01, -8.63863987e-02,
        -4.00840969e-01, -2.34203566e-01,  2.64333430e+00,
         4.23025142e+00,  4.26429467e+00,  9.53617340e+00,
        -3.07941772e+00, -2.10638196e+00,  7.06136526e+00,
         1.17851714e-02,  2.76787923e-01,  5.17215145e-01,
        -4.28412641e-02, -4.31734758e-02,  1.03336318e-01],
       [ 3.50324256e-01,  2.15423665e-01,  2.32140442e-01,
         7.09832337e-01,  1.79317231e-01, -7.69567216e-01,
        -7.06889213e-01, -1.12518752e+00, -3.07941772e+00,
         2.72780968e+00,  5.72088811e-01, -2.25950985e+00,
         9.71755538e-02,  2.23124189e-02, -1.69185175e-01,
         1.39822959e-01, -3.08030868e-02, -3.01457886e-02],
       [-2.37263095e-01,  1.97227016e-01,  3.78447944e-01,
         4.48812892e-02,  5.27527821e-01, -5.54151418e-01,
        -4.83433052e-01, -2.15778500e-01, -2.10638196e+00,
         5.72088811e-01,  1.81002524e+00, -1.24655068e+00,
         8.08777860e-02,  1.06062212e-01, -2.80098660e-01,
         4.85636682e-02,  7.71436084e-02,  1.11881832e-02],
       [-2.21791482e-01, -7.92005069e-01, -3.90093471e-02,
        -2.76245589e-01,  4.11157712e-02,  2.33648584e+00,
         3.78494073e+00,  4.18960501e+00,  7.06136526e+00,
        -2.25950985e+00, -1.24655068e+00,  6.62046138e+00,
         2.59145543e-02,  3.72305426e-01,  4.84229149e-01,
        -4.37403378e-02,  2.07582302e-02,  1.35915963e-01],
       [-7.98545672e-01, -1.21292925e-02,  4.06065183e-02,
         1.12054687e-01,  1.25912641e-02, -8.95677945e-02,
         4.82828601e-01, -3.63925575e-01,  1.17851714e-02,
         9.71755538e-02,  8.08777860e-02,  2.59145543e-02,
         4.12924065e-01,  2.50024728e-02, -4.18946224e-04,
         3.97527019e-02,  6.53007558e-04,  1.56563794e-01],
       [-5.88027425e-02, -1.46250009e-01,  9.83863688e-02,
         1.07522355e-02,  7.81330817e-02,  1.39585028e-01,
         1.67508268e-01,  2.69184806e-01,  2.76787923e-01,
         2.23124189e-02,  1.06062212e-01,  3.72305426e-01,
         2.50024728e-02,  1.17490815e-01,  2.75034887e-02,
         9.28266113e-03,  2.94375096e-02,  4.42128145e-02],
       [-3.13844508e-02, -1.45805636e-01, -1.02624722e-01,
        -2.86493303e-02, -7.38109962e-02,  2.02905791e-01,
         7.56239355e-02,  1.63996721e-01,  5.17215145e-01,
        -1.69185175e-01, -2.80098660e-01,  4.84229149e-01,
        -4.18946224e-04,  2.75034887e-02,  1.33377557e-01,
        -2.38276623e-02, -1.47244799e-02,  4.43937729e-02],
       [ 1.26323785e-02,  1.71427084e-02,  4.93028525e-02,
         5.62430831e-02,  3.21829217e-02, -1.83871654e-02,
         8.73701021e-02,  3.30717821e-02, -4.28412641e-02,
         1.39822959e-01,  4.85636682e-02, -4.37403378e-02,
         3.97527019e-02,  9.28266113e-03, -2.38276623e-02,
         4.13585825e-02, -2.33204260e-03,  3.66575018e-03],
       [-3.83497425e-02,  1.72249519e-02,  4.37250209e-02,
        -2.33250569e-02,  3.41013070e-02, -2.32733646e-04,
        -3.24050841e-02,  5.32343901e-02, -4.31734758e-02,
        -3.08030868e-02,  7.71436084e-02,  2.07582302e-02,
         6.53007558e-04,  2.94375096e-02, -1.47244799e-02,
        -2.33204260e-03,  3.36426236e-02,  7.62701935e-03],
       [-3.49015817e-01, -8.03770715e-02,  3.88661467e-02,
         1.16662301e-02,  3.87191223e-03,  2.56875060e-02,
         1.10747332e-01, -6.80392276e-02,  1.03336318e-01,
        -3.01457886e-02,  1.11881832e-02,  1.35915963e-01,
         1.56563794e-01,  4.42128145e-02,  4.43937729e-02,
         3.66575018e-03,  7.62701935e-03,  1.02420138e-01]])
      jac: array([-1.20792265e-06, -3.40542409e-06,  8.01062920e-06,  1.15111624e-05,
        3.98311014e-06, -3.03061280e-05, -1.14612024e-06,  3.03460960e-07,
        1.54765090e-06, -3.38173933e-06, -4.13743114e-07,  7.62945263e-06,
       -7.38594371e-06, -3.62746870e-06,  1.95747122e-05,  4.39722333e-06,
        2.64381110e-06, -1.28260365e-05])
  message: 'Desired error not necessarily achieved due to precision loss.'
     nfev: 2196
      nit: 78
     njev: 115
   status: 2
  success: False
        x: array([ 0.02647062,  0.15520481,  0.69508848,  1.88051602, -0.65832816,
        0.07248205,  2.6263773 , -0.46058629, -0.87729403,  2.31649809,
       -0.44250886,  0.48130782,  0.1338888 ,  0.12568195, -0.21818494,
       -1.48513062, -0.35093263,  0.06282755])
