Program Begingeth
      fun: 0.2245774267373581
 hess_inv: array([[ 1.09401861e+01,  1.30435545e+00, -4.66254389e+00,
         8.90544088e-01, -6.35004033e-01,  2.09816401e-01,
         3.38422519e+00,  8.40101515e-01,  1.36025820e+00,
        -3.51797660e+00, -3.06554550e+00,  1.51594298e+00,
        -2.73402041e+00, -2.88647468e-02,  1.33366188e+00,
         5.20251272e-01,  7.26151418e-01, -5.23464718e-01],
       [ 1.30435545e+00,  6.69078573e+00,  1.59813974e+00,
         6.46341132e-01,  6.61331549e-01,  5.43400931e-01,
         1.45427334e+00,  3.08684100e+00,  3.54653342e+00,
         4.86760395e-01, -1.26206098e+00, -3.05561522e+00,
        -2.49120388e-01, -1.62001332e+00,  3.26232562e-01,
        -2.02692990e-01,  5.95480982e-01,  2.54572340e-02],
       [-4.66254389e+00,  1.59813974e+00,  1.69829222e+01,
        -1.17734566e+00, -4.08431336e-02,  1.74566334e+00,
        -8.93963633e+00, -4.23130073e+00,  5.09167541e+00,
         3.52268851e+00,  7.01314065e+00, -6.84490339e+00,
         4.62069828e-01, -2.03802028e+00, -3.41272363e+00,
        -1.92661617e-01, -1.06867207e-01,  1.01179798e+00],
       [ 8.90544088e-01,  6.46341132e-01, -1.17734566e+00,
         3.03078093e-01,  2.85840438e-02, -1.30065798e-01,
         1.66929613e+00,  5.32843077e-01,  1.60896232e-01,
        -4.81126230e-01, -5.97192001e-01,  1.28617853e-01,
        -5.06943872e-02, -9.20798583e-02,  2.61299384e-01,
         3.82755692e-02,  7.10440695e-02, -8.00267696e-02],
       [-6.35004033e-01,  6.61331549e-01, -4.08431336e-02,
         2.85840438e-02,  1.93174142e-01, -3.34841994e-05,
         8.31516992e-02,  7.82790882e-01,  8.30053210e-02,
         3.01915894e-01, -1.49362335e-01, -1.96351610e-01,
         1.80082367e-01, -8.68812679e-02,  6.37872285e-02,
        -5.45846165e-02,  2.35982504e-02,  1.29239409e-02],
       [ 2.09816401e-01,  5.43400931e-01,  1.74566334e+00,
        -1.30065798e-01, -3.34841994e-05,  3.57223247e-01,
        -1.39090835e+00, -1.47309853e-01,  1.01200447e+00,
         4.27842965e-01,  3.91212535e-01, -7.61574292e-01,
        -2.27530758e-01, -2.57877022e-01, -2.06216159e-01,
        -1.74923793e-02,  5.99783330e-02,  8.94204178e-02],
       [ 3.38422519e+00,  1.45427334e+00, -8.93963633e+00,
         1.66929613e+00,  8.31516992e-02, -1.39090835e+00,
         1.19251175e+01,  2.76203885e+00, -1.27826476e+00,
        -2.83124304e+00, -3.10480045e+00,  2.25460321e+00,
         1.74458707e-01,  1.00575209e-01,  1.48182714e+00,
         1.55481243e-01,  1.67209873e-01, -5.96594572e-01],
       [ 8.40101515e-01,  3.08684100e+00, -4.23130073e+00,
         5.32843077e-01,  7.82790882e-01, -1.47309853e-01,
         2.76203885e+00,  6.29026141e+00,  6.30488489e-02,
         3.25074347e-01, -2.31653430e+00,  4.29912524e-01,
        -1.81342743e-01, -2.41972548e-01,  1.26839473e+00,
        -1.41339903e-01,  2.46272190e-01, -3.31588635e-01],
       [ 1.36025820e+00,  3.54653342e+00,  5.09167541e+00,
         1.60896232e-01,  8.30053210e-02,  1.01200447e+00,
        -1.27826476e+00,  6.30488489e-02,  5.51633063e+00,
         7.73390131e-01,  1.13329057e+00, -2.96086181e+00,
        -5.12614599e-01, -1.43310342e+00, -6.98120494e-01,
        -4.04817264e-02,  2.86428539e-01,  1.81396271e-01],
       [-3.51797660e+00,  4.86760395e-01,  3.52268851e+00,
        -4.81126230e-01,  3.01915894e-01,  4.27842965e-01,
        -2.83124304e+00,  3.25074347e-01,  7.73390131e-01,
         2.63794871e+00,  1.64254065e+00, -1.55313975e+00,
         4.30487817e-01, -4.19861554e-01, -6.61668128e-01,
        -2.27423412e-01, -1.86361693e-01,  1.15841788e-01],
       [-3.06554550e+00, -1.26206098e+00,  7.01314065e+00,
        -5.97192001e-01, -1.49362335e-01,  3.91212535e-01,
        -3.10480045e+00, -2.31653430e+00,  1.13329057e+00,
         1.64254065e+00,  4.30878678e+00, -2.28568788e+00,
         5.08007935e-01, -6.27484785e-01, -1.85269878e+00,
        -3.00941317e-02, -2.92595239e-01,  3.26109108e-01],
       [ 1.51594298e+00, -3.05561522e+00, -6.84490339e+00,
         1.28617853e-01, -1.96351610e-01, -7.61574292e-01,
         2.25460321e+00,  4.29912524e-01, -2.96086181e+00,
        -1.55313975e+00, -2.28568788e+00,  4.02717013e+00,
        -1.82033326e-01,  1.46631875e+00,  1.13890479e+00,
         1.82929029e-01, -1.06980077e-01, -3.55619666e-01],
       [-2.73402041e+00, -2.49120388e-01,  4.62069828e-01,
        -5.06943872e-02,  1.80082367e-01, -2.27530758e-01,
         1.74458707e-01, -1.81342743e-01, -5.12614599e-01,
         4.30487817e-01,  5.08007935e-01, -1.82033326e-01,
         9.07461608e-01,  4.44968744e-02, -2.41650770e-01,
        -9.39274159e-02, -1.91032904e-01,  1.38868782e-01],
       [-2.88647468e-02, -1.62001332e+00, -2.03802028e+00,
        -9.20798583e-02, -8.68812679e-02, -2.57877022e-01,
         1.00575209e-01, -2.41972548e-01, -1.43310342e+00,
        -4.19861554e-01, -6.27484785e-01,  1.46631875e+00,
         4.44968744e-02,  6.73304345e-01,  3.19871779e-01,
         5.45695658e-02, -9.16988411e-02, -5.92474304e-02],
       [ 1.33366188e+00,  3.26232562e-01, -3.41272363e+00,
         2.61299384e-01,  6.37872285e-02, -2.06216159e-01,
         1.48182714e+00,  1.26839473e+00, -6.98120494e-01,
        -6.61668128e-01, -1.85269878e+00,  1.13890479e+00,
        -2.41650770e-01,  3.19871779e-01,  8.77871680e-01,
         1.11576175e-02,  9.54672067e-02, -1.77390828e-01],
       [ 5.20251272e-01, -2.02692990e-01, -1.92661617e-01,
         3.82755692e-02, -5.45846165e-02, -1.74923793e-02,
         1.55481243e-01, -1.41339903e-01, -4.04817264e-02,
        -2.27423412e-01, -3.00941317e-02,  1.82929029e-01,
        -9.39274159e-02,  5.45695658e-02,  1.11576175e-02,
         6.48690510e-02,  1.29252527e-02, -1.88430074e-02],
       [ 7.26151418e-01,  5.95480982e-01, -1.06867207e-01,
         7.10440695e-02,  2.35982504e-02,  5.99783330e-02,
         1.67209873e-01,  2.46272190e-01,  2.86428539e-01,
        -1.86361693e-01, -2.92595239e-01, -1.06980077e-01,
        -1.91032904e-01, -9.16988411e-02,  9.54672067e-02,
         1.29252527e-02,  1.18871580e-01, -1.70033963e-02],
       [-5.23464718e-01,  2.54572340e-02,  1.01179798e+00,
        -8.00267696e-02,  1.29239409e-02,  8.94204178e-02,
        -5.96594572e-01, -3.31588635e-01,  1.81396271e-01,
         1.15841788e-01,  3.26109108e-01, -3.55619666e-01,
         1.38868782e-01, -5.92474304e-02, -1.77390828e-01,
        -1.88430074e-02, -1.70033963e-02,  1.22123893e-01]])
      jac: array([ 0.00076163,  0.00147645,  0.00203321, -0.00791548, -0.00795956,
       -0.00641428,  0.00058921,  0.0010714 ,  0.00062057,  0.00097959,
       -0.00053219,  0.00154957,  0.00189812,  0.00061132,  0.00343929,
        0.00527266, -0.00280542,  0.00051193])
  message: 'Maximum number of iterations has been exceeded.'
     nfev: 2147
      nit: 100
     njev: 113
   status: 1
  success: False
        x: array([ 0.06723361, -0.23515352,  0.17132378,  1.28725525, -0.33240018,
       -0.08057916,  1.79439969, -0.51760313, -0.93706302,  0.0348521 ,
        0.48834101,  0.94143877,  0.18722786,  0.21024664, -0.25911533,
       -1.27949184, -0.5369195 ,  0.04983712])
