Program Begingeth
      fun: 0.3512658691657857
 hess_inv: array([[ 8.58151682e-01, -1.60816226e-01, -2.62090280e-03,
        -1.27856439e-01,  1.67414292e-01,  2.89172923e-01,
        -2.03467345e-01,  4.28859369e-01,  1.14201922e-01,
        -4.18337692e-01,  3.10679147e-01,  4.74287461e-01,
        -3.61311063e-01,  8.08464149e-02, -3.21417822e-02,
         2.14119253e-02, -7.56173669e-02, -2.90594558e-01],
       [-1.60816226e-01,  5.99637775e-01, -1.12989452e-01,
         3.73290885e-01,  3.66278770e-02, -4.45997760e-01,
         1.15621342e+00,  5.43219678e-01,  4.49439434e-01,
         1.17893105e+00,  7.66486997e-02, -1.08152876e+00,
         1.40732703e-01, -2.17963269e-01, -2.16550885e-01,
         6.21815099e-02,  6.25981747e-02, -4.67853328e-02],
       [-2.62090280e-03, -1.12989452e-01,  2.86245077e-01,
        -1.61136543e-01,  5.19392607e-02,  8.84725364e-02,
        -2.83537080e-01, -1.57870501e-01, -2.27307201e-01,
        -5.40361321e-01, -2.15069882e-02,  2.77784003e-01,
         2.86955391e-02,  1.36260856e-01, -4.81222893e-02,
         6.82225319e-02,  3.54590155e-02,  3.78388748e-02],
       [-1.27856439e-01,  3.73290885e-01, -1.61136543e-01,
         8.07659251e-01,  2.47374984e-01, -4.71969571e-01,
         2.21825398e+00,  1.34798927e+00,  1.67400518e+00,
         2.25418803e+00,  6.93981649e-01, -1.78498417e+00,
         2.70271504e-01, -1.46649384e-01, -7.24841915e-02,
         9.98148422e-02,  6.81353474e-03,  6.49726023e-02],
       [ 1.67414292e-01,  3.66278770e-02,  5.19392607e-02,
         2.47374984e-01,  3.70753649e-01, -9.41037070e-02,
         8.53589217e-01,  1.10255726e+00,  8.63756482e-01,
         6.09731968e-01,  8.50933271e-01, -7.90108107e-01,
         4.99567105e-02,  1.08092036e-01,  8.29812273e-04,
         9.28336271e-02,  2.71722891e-02, -4.20766605e-03],
       [ 2.89172923e-01, -4.45997760e-01,  8.84725364e-02,
        -4.71969571e-01, -9.41037070e-02,  5.81202705e-01,
        -1.58328781e+00, -7.72690369e-01, -6.03356472e-01,
        -1.42436141e+00, -1.46013551e-01,  1.66257260e+00,
        -2.26578776e-01,  1.03717421e-01,  1.82449743e-01,
        -9.08442793e-02, -9.64574643e-02, -3.82519409e-02],
       [-2.03467345e-01,  1.15621342e+00, -2.83537080e-01,
         2.21825398e+00,  8.53589217e-01, -1.58328781e+00,
         7.48067390e+00,  4.13746139e+00,  4.69712755e+00,
         5.98232568e+00,  1.99423053e+00, -5.85810588e+00,
         6.98185265e-01, -2.60733954e-01, -4.34370834e-01,
         3.58780881e-01,  1.17348313e-01,  4.94371507e-02],
       [ 4.28859369e-01,  5.43219678e-01, -1.57870501e-01,
         1.34798927e+00,  1.10255726e+00, -7.72690369e-01,
         4.13746139e+00,  5.87889943e+00,  3.82329613e+00,
         4.43673319e+00,  2.33686717e+00, -4.27452279e+00,
         6.39432631e-03,  1.28476144e-01, -1.68147439e-02,
         1.53040694e-01,  2.36488390e-01, -1.18887927e-02],
       [ 1.14201922e-01,  4.49439434e-01, -2.27307201e-01,
         1.67400518e+00,  8.63756482e-01, -6.03356472e-01,
         4.69712755e+00,  3.82329613e+00,  5.25352039e+00,
         4.71347832e+00,  2.43022524e+00, -3.67151420e+00,
         3.71028558e-01, -1.14374122e-01,  8.71263293e-04,
         1.64729043e-01,  1.56722043e-02,  6.86158343e-02],
       [-4.18337692e-01,  1.17893105e+00, -5.40361321e-01,
         2.25418803e+00,  6.09731968e-01, -1.42436141e+00,
         5.98232568e+00,  4.43673319e+00,  4.71347832e+00,
         6.99262697e+00,  1.69818039e+00, -5.38950367e+00,
         5.62650772e-01, -4.16637521e-01, -1.84496850e-01,
         1.65401329e-01,  1.88223617e-01,  1.83565592e-01],
       [ 3.10679147e-01,  7.66486997e-02, -2.15069882e-02,
         6.93981649e-01,  8.50933271e-01, -1.46013551e-01,
         1.99423053e+00,  2.33686717e+00,  2.43022524e+00,
         1.69818039e+00,  2.32785804e+00, -1.72148734e+00,
         1.61561818e-01,  1.49695090e-01,  1.13412126e-01,
         1.57419688e-01,  1.16471599e-02,  3.90222783e-02],
       [ 4.74287461e-01, -1.08152876e+00,  2.77784003e-01,
        -1.78498417e+00, -7.90108107e-01,  1.66257260e+00,
        -5.85810588e+00, -4.27452279e+00, -3.67151420e+00,
        -5.38950367e+00, -1.72148734e+00,  6.08654656e+00,
        -5.72312731e-01,  7.96368987e-02,  3.39911283e-01,
        -2.87521033e-01, -3.38133452e-01, -1.24323004e-01],
       [-3.61311063e-01,  1.40732703e-01,  2.86955391e-02,
         2.70271504e-01,  4.99567105e-02, -2.26578776e-01,
         6.98185265e-01,  6.39432631e-03,  3.71028558e-01,
         5.62650772e-01,  1.61561818e-01, -5.72312731e-01,
         3.15254831e-01, -5.68891571e-02, -3.35961482e-02,
         9.84828466e-02, -1.49518976e-02,  1.40041347e-01],
       [ 8.08464149e-02, -2.17963269e-01,  1.36260856e-01,
        -1.46649384e-01,  1.08092036e-01,  1.03717421e-01,
        -2.60733954e-01,  1.28476144e-01, -1.14374122e-01,
        -4.16637521e-01,  1.49695090e-01,  7.96368987e-02,
        -5.68891571e-02,  2.04069237e-01,  5.23643754e-02,
         1.69940429e-02,  6.65993479e-02,  2.31613484e-02],
       [-3.21417822e-02, -2.16550885e-01, -4.81222893e-02,
        -7.24841915e-02,  8.29812273e-04,  1.82449743e-01,
        -4.34370834e-01, -1.68147439e-02,  8.71263293e-04,
        -1.84496850e-01,  1.13412126e-01,  3.39911283e-01,
        -3.35961482e-02,  5.23643754e-02,  1.90733847e-01,
        -6.58345022e-02, -2.06353603e-02,  9.17371781e-02],
       [ 2.14119253e-02,  6.21815099e-02,  6.82225319e-02,
         9.98148422e-02,  9.28336271e-02, -9.08442793e-02,
         3.58780881e-01,  1.53040694e-01,  1.64729043e-01,
         1.65401329e-01,  1.57419688e-01, -2.87521033e-01,
         9.84828466e-02,  1.69940429e-02, -6.58345022e-02,
         1.01734729e-01, -4.10459788e-03, -1.86769989e-03],
       [-7.56173669e-02,  6.25981747e-02,  3.54590155e-02,
         6.81353474e-03,  2.71722891e-02, -9.64574643e-02,
         1.17348313e-01,  2.36488390e-01,  1.56722043e-02,
         1.88223617e-01,  1.16471599e-02, -3.38133452e-01,
        -1.49518976e-02,  6.65993479e-02, -2.06353603e-02,
        -4.10459788e-03,  1.16645066e-01,  2.23384176e-02],
       [-2.90594558e-01, -4.67853328e-02,  3.78388748e-02,
         6.49726023e-02, -4.20766605e-03, -3.82519409e-02,
         4.94371507e-02, -1.18887927e-02,  6.86158343e-02,
         1.83565592e-01,  3.90222783e-02, -1.24323004e-01,
         1.40041347e-01,  2.31613484e-02,  9.17371781e-02,
        -1.86769989e-03,  2.23384176e-02,  1.72839367e-01]])
      jac: array([-9.88801633e-06, -1.17135931e-05, -6.43337235e-06,  1.78697797e-05,
        3.20051393e-05,  1.00996989e-05, -1.50102153e-06, -3.11861648e-06,
       -2.64233080e-07, -3.54716256e-06, -6.52404057e-06, -2.36329475e-06,
       -2.09943174e-05, -2.63034039e-05, -9.98756633e-06,  1.56341606e-05,
        1.89163500e-05,  5.41233725e-06])
  message: 'Desired error not necessarily achieved due to precision loss.'
     nfev: 1928
      nit: 65
     njev: 101
   status: 2
  success: False
        x: array([ 0.06072803,  0.24517818,  0.77659121,  1.13412516, -1.30676384,
       -0.33725016,  2.1771761 , -1.14535703, -1.2914822 ,  0.90327285,
       -1.83106134, -0.80122412,  0.11741482, -0.01320724, -0.38521943,
       -1.0864044 , -0.33439655,  0.00709133])
