Program Begingeth
      fun: 0.24664037168232172
 hess_inv: array([[ 4.60277672e+00, -1.59643538e+00, -1.07999899e+00,
         1.16340536e+00, -5.62717482e-01,  7.68107531e-01,
         2.59583089e+00,  3.24842102e+00,  7.20373938e-01,
        -7.27888625e-01, -1.19475909e+00,  1.47410683e+00,
        -9.16270557e-01,  5.33111386e-01,  6.09388592e-01,
        -1.92457839e-01,  5.41189285e-01, -3.08459808e-01],
       [-1.59643538e+00,  2.65836658e+00,  1.53614054e+00,
        -4.21416071e-01,  8.79180741e-01,  7.33305632e-02,
        -3.79694572e+00, -3.80014896e-01,  3.08650308e+00,
         4.57546891e-02,  5.18499164e-01, -1.82559508e+00,
         5.22859075e-01, -4.85173900e-01, -3.39997314e-01,
         3.82554292e-02, -2.31712716e-01,  3.84744178e-02],
       [-1.07999899e+00,  1.53614054e+00,  4.19336530e+00,
        -9.99428282e-01,  4.57006068e-01,  1.05394900e+00,
        -9.44165505e+00, -5.49988840e+00,  5.92230543e+00,
         4.57071230e-01,  2.31538919e+00, -2.00594684e+00,
         2.69041424e-01, -5.43107774e-01, -8.99824184e-01,
         3.80583194e-01, -3.12563464e-01, -3.49308310e-01],
       [ 1.16340536e+00, -4.21416071e-01, -9.99428282e-01,
         5.10171367e-01, -1.65331240e-01, -5.64350611e-02,
         2.89811908e+00,  1.88311721e+00, -6.94851636e-01,
        -3.23003594e-01, -7.23728229e-01,  5.20048504e-01,
        -1.92335551e-01,  1.62538694e-01,  3.19344875e-01,
        -1.22127546e-01,  1.68193294e-01,  4.27142598e-02],
       [-5.62717482e-01,  8.79180741e-01,  4.57006068e-01,
        -1.65331240e-01,  4.15867324e-01,  4.91894560e-02,
        -2.09681296e+00,  6.52109162e-01,  6.75289790e-01,
         1.37858105e-01,  5.81506431e-02, -5.02516580e-01,
         2.12524097e-01, -8.49223027e-02, -5.91197356e-02,
         4.23292297e-02, -1.04363162e-01,  2.12427800e-02],
       [ 7.68107531e-01,  7.33305632e-02,  1.05394900e+00,
        -5.64350611e-02,  4.91894560e-02,  6.05120023e-01,
        -2.98336065e+00, -5.87607511e-01,  2.29594410e+00,
         1.42876946e-01,  3.39846921e-01, -2.22550851e-01,
        -1.64915253e-01, -2.44001938e-02, -8.39249529e-02,
         5.57722929e-02, -1.10638279e-02, -1.94954132e-01],
       [ 2.59583089e+00, -3.79694572e+00, -9.44165505e+00,
         2.89811908e+00, -2.09681296e+00, -2.98336065e+00,
         3.64182920e+01,  8.17516175e+00, -1.37617734e+01,
        -2.47502810e+00, -4.50795294e+00,  3.77123830e+00,
        -8.83333186e-01,  9.04562894e-01,  1.87200141e+00,
        -1.05041941e+00,  1.36175361e+00,  1.15798625e+00],
       [ 3.24842102e+00, -3.80014896e-01, -5.49988840e+00,
         1.88311721e+00,  6.52109162e-01, -5.87607511e-01,
         8.17516175e+00,  1.77133547e+01, -6.19433820e+00,
        -4.30802042e-01, -4.34134736e+00,  2.07807179e+00,
        -4.69130898e-01,  9.36212699e-01,  1.96544863e+00,
        -7.38294675e-01,  5.30117570e-01,  4.34757467e-01],
       [ 7.20373938e-01,  3.08650308e+00,  5.92230543e+00,
        -6.94851636e-01,  6.75289790e-01,  2.29594410e+00,
        -1.37617734e+01, -6.19433820e+00,  1.64876866e+01,
         4.99527658e-01,  2.97077932e+00, -3.11865909e+00,
         1.73825662e-02, -1.24397994e+00, -1.15618957e+00,
         2.51091173e-01, -5.55704799e-01, -7.68109942e-01],
       [-7.27888625e-01,  4.57546891e-02,  4.57071230e-01,
        -3.23003594e-01,  1.37858105e-01,  1.42876946e-01,
        -2.47502810e+00, -4.30802042e-01,  4.99527658e-01,
         1.01142165e+00,  4.22577606e-01, -2.12707885e-01,
        -2.07941499e-02, -1.16304320e-01, -1.65124851e-01,
         7.33307995e-02, -2.36298535e-01, -1.82560202e-01],
       [-1.19475909e+00,  5.18499164e-01,  2.31538919e+00,
        -7.23728229e-01,  5.81506431e-02,  3.39846921e-01,
        -4.50795294e+00, -4.34134736e+00,  2.97077932e+00,
         4.22577606e-01,  2.10374910e+00, -1.14857629e+00,
         1.88537804e-01, -4.99917662e-01, -7.71513381e-01,
         2.76572597e-01, -2.44221124e-01, -2.83990104e-01],
       [ 1.47410683e+00, -1.82559508e+00, -2.00594684e+00,
         5.20048504e-01, -5.02516580e-01, -2.22550851e-01,
         3.77123830e+00,  2.07807179e+00, -3.11865909e+00,
        -2.12707885e-01, -1.14857629e+00,  1.92641575e+00,
        -3.64760479e-01,  5.61811560e-01,  4.48298434e-01,
        -7.97572604e-02,  2.69830101e-01,  7.30023985e-02],
       [-9.16270557e-01,  5.22859075e-01,  2.69041424e-01,
        -1.92335551e-01,  2.12524097e-01, -1.64915253e-01,
        -8.83333186e-01, -4.69130898e-01,  1.73825662e-02,
        -2.07941499e-02,  1.88537804e-01, -3.64760479e-01,
         3.20030707e-01, -1.13788131e-01, -1.13001174e-01,
         9.14743963e-02, -1.37005840e-01,  1.14089392e-01],
       [ 5.33111386e-01, -4.85173900e-01, -5.43107774e-01,
         1.62538694e-01, -8.49223027e-02, -2.44001938e-02,
         9.04562894e-01,  9.36212699e-01, -1.24397994e+00,
        -1.16304320e-01, -4.99917662e-01,  5.61811560e-01,
        -1.13788131e-01,  2.59967439e-01,  1.94500390e-01,
        -2.37995604e-02,  1.34074253e-01,  4.76768027e-02],
       [ 6.09388592e-01, -3.39997314e-01, -8.99824184e-01,
         3.19344875e-01, -5.91197356e-02, -8.39249529e-02,
         1.87200141e+00,  1.96544863e+00, -1.15618957e+00,
        -1.65124851e-01, -7.71513381e-01,  4.48298434e-01,
        -1.13001174e-01,  1.94500390e-01,  3.48235629e-01,
        -1.20016534e-01,  1.05338928e-01,  1.11114590e-01],
       [-1.92457839e-01,  3.82554292e-02,  3.80583194e-01,
        -1.22127546e-01,  4.23292297e-02,  5.57722929e-02,
        -1.05041941e+00, -7.38294675e-01,  2.51091173e-01,
         7.33307995e-02,  2.76572597e-01, -7.97572604e-02,
         9.14743963e-02, -2.37995604e-02, -1.20016534e-01,
         1.11846195e-01, -5.34819230e-02, -2.55320036e-02],
       [ 5.41189285e-01, -2.31712716e-01, -3.12563464e-01,
         1.68193294e-01, -1.04363162e-01, -1.10638279e-02,
         1.36175361e+00,  5.30117570e-01, -5.55704799e-01,
        -2.36298535e-01, -2.44221124e-01,  2.69830101e-01,
        -1.37005840e-01,  1.34074253e-01,  1.05338928e-01,
        -5.34819230e-02,  1.74018745e-01,  1.31668886e-02],
       [-3.08459808e-01,  3.84744178e-02, -3.49308310e-01,
         4.27142598e-02,  2.12427800e-02, -1.94954132e-01,
         1.15798625e+00,  4.34757467e-01, -7.68109942e-01,
        -1.82560202e-01, -2.83990104e-01,  7.30023985e-02,
         1.14089392e-01,  4.76768027e-02,  1.11114590e-01,
        -2.55320036e-02,  1.31668886e-02,  1.73950717e-01]])
      jac: array([-1.46401410e-06, -1.80326124e-05,  2.54107846e-05, -4.05138885e-06,
        5.55925676e-06, -6.35288118e-05, -6.00445619e-07,  3.86302101e-06,
        5.34646401e-06, -9.01131022e-08, -2.62299441e-05, -8.06466005e-06,
        1.67169982e-05, -1.88454807e-05,  2.68348307e-05,  2.11604808e-05,
        5.34931359e-05, -6.98148946e-05])
  message: 'Desired error not necessarily achieved due to precision loss.'
     nfev: 2954
      nit: 93
     njev: 155
   status: 2
  success: False
        x: array([ 5.28775338e-01, -5.46762656e-01,  6.30972468e-01,  1.03559482e+00,
       -7.10025752e-01,  8.45274803e-02,  6.76520998e-01, -1.32824457e+00,
       -6.19513778e-01, -6.29730834e-03,  6.96940298e-01,  1.04153985e+00,
        5.73622325e-02,  1.85368955e-01, -3.65061917e-01, -1.02373226e+00,
       -4.12841062e-01, -1.13349140e-04])
