Program Begingeth
      fun: 0.22615493292067218
 hess_inv: array([[ 4.78475243e+00,  4.70392347e-01, -9.93762138e-01,
        -1.45222662e+00,  9.19363016e-01, -6.45822237e-01,
        -1.37534878e+00,  6.54781130e+00, -3.69458534e+00,
         2.98210676e+00, -6.89306944e-01,  3.30593707e+00,
        -4.55630837e+00,  4.73129992e-01, -8.00123294e-01,
        -8.32864573e-01,  7.39017415e-02, -1.29986277e-01],
       [ 4.70392347e-01,  1.64595457e+00, -6.00823813e-01,
        -4.76670598e-01, -1.61505627e-01, -1.54328902e-01,
        -1.33562868e+00,  7.70216999e-01,  7.35010038e-02,
         6.72454946e-01,  4.84299922e-01,  7.97165696e-02,
        -7.96070183e-01, -1.11041254e+00,  2.62061059e-01,
        -1.05778933e-01, -1.63559406e-01,  2.66076223e-01],
       [-9.93762138e-01, -6.00823813e-01,  2.04252429e+00,
         6.09139218e-01,  2.27447221e-01, -1.81547609e-01,
         2.04602786e+00, -9.42436981e-01,  2.78490366e-01,
        -1.88695097e+00, -2.35244479e-01, -4.35460021e-02,
         1.48813518e+00,  5.58213892e-01, -1.31570541e+00,
         2.82573227e-01, -3.82468034e-02, -4.04527639e-01],
       [-1.45222662e+00, -4.76670598e-01,  6.09139218e-01,
         7.23159472e-01, -2.97963817e-01,  9.58218793e-02,
         9.38425827e-01, -2.86360308e+00,  6.68792294e-01,
        -1.22443792e+00,  3.20672849e-01, -7.24099933e-01,
         1.75643045e+00, -1.17391459e-04, -9.64672381e-02,
         3.37652849e-01, -3.53899215e-02, -7.66097219e-02],
       [ 9.19363016e-01, -1.61505627e-01,  2.27447221e-01,
        -2.97963817e-01,  4.62909209e-01, -1.13708593e-01,
         3.90365188e-01,  2.36792570e+00, -6.24860679e-01,
         3.61503950e-01, -4.83898169e-01,  7.02497839e-01,
        -8.94759774e-01,  5.32991116e-01, -3.89571451e-01,
        -1.63550314e-01,  9.19185987e-02, -9.98279616e-02],
       [-6.45822237e-01, -1.54328902e-01, -1.81547609e-01,
         9.58218793e-02, -1.13708593e-01,  2.73029209e-01,
        -2.07480810e-02, -5.15793669e-01,  9.45732296e-01,
        -1.95423431e-01, -7.96993110e-02, -6.21537325e-01,
         4.59882492e-01,  2.23903082e-02,  4.96017441e-01,
         7.75617103e-02,  2.53540237e-02,  1.12044615e-01],
       [-1.37534878e+00, -1.33562868e+00,  2.04602786e+00,
         9.38425827e-01,  3.90365188e-01, -2.07480810e-02,
         3.97248943e+00, -7.17407219e-01,  2.46713104e-01,
        -1.87196242e+00, -3.69043817e-01, -2.43564241e-01,
         1.85942841e+00,  1.13830563e+00, -1.08966204e+00,
         3.17125905e-01,  1.04203054e-01, -3.73197504e-01],
       [ 6.54781130e+00,  7.70216999e-01, -9.42436981e-01,
        -2.86360308e+00,  2.36792570e+00, -5.15793669e-01,
        -7.17407219e-01,  1.71057660e+01, -3.52944816e+00,
         4.45707396e+00, -1.93582170e+00,  3.82521317e+00,
        -7.50196996e+00,  1.51723278e+00, -7.22237259e-01,
        -1.47255016e+00,  3.22020668e-01,  4.21713786e-03],
       [-3.69458534e+00,  7.35010038e-02,  2.78490366e-01,
         6.68792294e-01, -6.24860679e-01,  9.45732296e-01,
         2.46713104e-01, -3.52944816e+00,  5.84331291e+00,
        -2.00342623e+00, -1.22802780e-01, -2.60198697e+00,
         3.01825520e+00, -4.16613003e-01,  1.17727285e+00,
         5.82106963e-01, -5.36328569e-02,  2.52609717e-01],
       [ 2.98210676e+00,  6.72454946e-01, -1.88695097e+00,
        -1.22443792e+00,  3.61503950e-01, -1.95423431e-01,
        -1.87196242e+00,  4.45707396e+00, -2.00342623e+00,
         3.05131282e+00, -2.58440901e-01,  1.52184961e+00,
        -3.44814042e+00, -8.70859112e-02,  5.35615351e-01,
        -6.59358205e-01,  1.07439150e-01,  2.12986438e-01],
       [-6.89306944e-01,  4.84299922e-01, -2.35244479e-01,
         3.20672849e-01, -4.83898169e-01, -7.96993110e-02,
        -3.69043817e-01, -1.93582170e+00, -1.22802780e-01,
        -2.58440901e-01,  1.66284900e+00, -6.04913481e-01,
         6.79158088e-01, -1.03565445e+00,  3.15348847e-01,
        -4.38143283e-03, -1.75251624e-01,  2.19440413e-01],
       [ 3.30593707e+00,  7.97165696e-02, -4.35460021e-02,
        -7.24099933e-01,  7.02497839e-01, -6.21537325e-01,
        -2.43564241e-01,  3.82521317e+00, -2.60198697e+00,
         1.52184961e+00, -6.04913481e-01,  3.00236413e+00,
        -2.69872778e+00,  5.43808424e-01, -1.31672614e+00,
        -4.29356338e-01,  1.60948812e-02, -3.32801346e-01],
       [-4.55630837e+00, -7.96070183e-01,  1.48813518e+00,
         1.75643045e+00, -8.94759774e-01,  4.59882492e-01,
         1.85942841e+00, -7.50196996e+00,  3.01825520e+00,
        -3.44814042e+00,  6.79158088e-01, -2.69872778e+00,
         4.92898661e+00, -2.75747792e-01,  1.85927805e-01,
         9.67979127e-01, -1.10930982e-01, -6.46881212e-02],
       [ 4.73129992e-01, -1.11041254e+00,  5.58213892e-01,
        -1.17391459e-04,  5.32991116e-01,  2.23903082e-02,
         1.13830563e+00,  1.51723278e+00, -4.16613003e-01,
        -8.70859112e-02, -1.03565445e+00,  5.43808424e-01,
        -2.75747792e-01,  1.26876306e+00, -4.85204618e-01,
        -3.18300015e-02,  2.28465350e-01, -2.61584277e-01],
       [-8.00123294e-01,  2.62061059e-01, -1.31570541e+00,
        -9.64672381e-02, -3.89571451e-01,  4.96017441e-01,
        -1.08966204e+00, -7.22237259e-01,  1.17727285e+00,
         5.35615351e-01,  3.15348847e-01, -1.31672614e+00,
         1.85927805e-01, -4.85204618e-01,  1.57242058e+00,
        -5.78466309e-03,  3.58259988e-02,  4.66104436e-01],
       [-8.32864573e-01, -1.05778933e-01,  2.82573227e-01,
         3.37652849e-01, -1.63550314e-01,  7.75617103e-02,
         3.17125905e-01, -1.47255016e+00,  5.82106963e-01,
        -6.59358205e-01, -4.38143283e-03, -4.29356338e-01,
         9.67979127e-01, -3.18300015e-02, -5.78466309e-03,
         2.37724935e-01, -2.06821115e-02, -2.98065307e-02],
       [ 7.39017415e-02, -1.63559406e-01, -3.82468034e-02,
        -3.53899215e-02,  9.19185987e-02,  2.53540237e-02,
         1.04203054e-01,  3.22020668e-01, -5.36328569e-02,
         1.07439150e-01, -1.75251624e-01,  1.60948812e-02,
        -1.10930982e-01,  2.28465350e-01,  3.58259988e-02,
        -2.06821115e-02,  7.74211182e-02, -7.88284552e-03],
       [-1.29986277e-01,  2.66076223e-01, -4.04527639e-01,
        -7.66097219e-02, -9.98279616e-02,  1.12044615e-01,
        -3.73197504e-01,  4.21713786e-03,  2.52609717e-01,
         2.12986438e-01,  2.19440413e-01, -3.32801346e-01,
        -6.46881212e-02, -2.61584277e-01,  4.66104436e-01,
        -2.98065307e-02, -7.88284552e-03,  1.88007957e-01]])
      jac: array([-9.56457136e-07, -1.64553556e-06, -3.66947213e-06,  4.82650956e-06,
        1.11743947e-06,  4.73898698e-06, -4.73695157e-08,  3.12157707e-07,
        2.54981221e-07, -4.87202871e-07, -1.08135723e-06, -1.26787469e-06,
       -2.18177328e-06, -3.10751425e-06, -6.60490181e-06, -1.65312208e-06,
        2.07667217e-06,  4.72029823e-06])
  message: 'Optimization terminated successfully.'
     nfev: 893
      nit: 41
     njev: 47
   status: 0
  success: True
        x: array([ 0.60108611, -0.06045214,  0.48858284,  0.22115875, -1.06273078,
       -0.47146191,  1.17707426, -1.57018513, -0.71055541, -0.92572463,
        0.08072885,  0.55397367,  0.15156763, -0.00555822, -0.16643721,
        0.08087333,  1.3017511 , -0.51701796])
