Program Begingeth
      fun: 0.37240063767267234
 hess_inv: array([[ 8.83045787e+00,  4.58052640e-01, -2.29661479e-01,
         2.54112868e+00, -7.82184663e-01,  8.57510129e-02,
        -1.48488303e+00,  3.13870264e+00, -3.31902015e-01,
        -1.27373097e+00, -2.12330477e-01, -8.48242878e-01,
        -1.13560609e+00, -3.71783976e-01,  3.04901342e-01,
        -4.99589763e-01,  1.07082192e+00, -1.23068641e-01],
       [ 4.58052640e-01,  2.68777062e+00, -3.48717563e-01,
         2.97588761e-01,  7.59854984e-01, -1.62279659e-01,
        -1.67326599e+00,  2.80883070e+00,  1.12503417e+00,
        -7.68997606e-01, -1.48531220e-02, -8.60638760e-01,
         1.32227706e-01, -1.97390239e-01,  2.63394470e-01,
        -3.54002625e-01,  4.89864834e-01,  2.28224425e-01],
       [-2.29661479e-01, -3.48717563e-01,  9.04135383e-01,
        -9.35582864e-02, -7.49806047e-02,  2.49014037e-01,
         1.76296513e+00, -5.64817456e-01,  5.99696885e-01,
         7.28341700e-02,  1.09976566e-01,  9.22997257e-02,
         5.64331561e-02,  1.50102596e-02, -3.17366678e-02,
         2.65255422e-01, -9.72970865e-02,  2.22396158e-01],
       [ 2.54112868e+00,  2.97588761e-01, -9.35582864e-02,
         7.67595740e-01, -1.69688804e-01,  1.02315086e-02,
        -4.64663271e-01,  1.04720961e+00, -4.71323707e-02,
        -4.16063329e-01, -7.08719783e-02, -3.27348462e-01,
        -2.77297781e-01, -1.23720666e-01,  1.15080209e-01,
        -1.39590179e-01,  3.13959203e-01, -1.39832945e-02],
       [-7.82184663e-01,  7.59854984e-01, -7.49806047e-02,
        -1.69688804e-01,  3.38078331e-01, -5.30616455e-02,
        -1.96242194e-01,  4.37060530e-01,  2.68727805e-01,
        -5.55940215e-02,  2.27533172e-03, -1.33893447e-01,
         1.70783406e-01,  9.85393839e-03,  4.17943858e-02,
        -1.62551254e-02,  2.88318038e-02,  7.22623410e-02],
       [ 8.57510129e-02, -1.62279659e-01,  2.49014037e-01,
         1.02315086e-02, -5.30616455e-02,  1.20060214e-01,
         5.42650343e-01, -1.85558458e-01,  4.65787179e-02,
         1.47746237e-01, -9.90076767e-02,  4.36463232e-02,
        -4.50021896e-02,  3.74658369e-02,  3.66601415e-02,
         6.87686722e-02, -1.62440117e-02,  4.94708969e-02],
       [-1.48488303e+00, -1.67326599e+00,  1.76296513e+00,
        -4.64663271e-01, -1.96242194e-01,  5.42650343e-01,
         7.91436462e+00, -3.19287555e+00, -2.96025003e-01,
         7.86195715e-01, -2.23364865e-01,  7.33201649e-01,
         3.21430811e-01,  3.35757664e-01, -7.90567350e-02,
         1.21911746e+00, -5.91056238e-01,  3.53597520e-01],
       [ 3.13870264e+00,  2.80883070e+00, -5.64817456e-01,
         1.04720961e+00,  4.37060530e-01, -1.85558458e-01,
        -3.19287555e+00,  8.62471421e+00,  1.03187499e+00,
        -1.97490443e+00,  2.64595405e-01, -9.21722556e-01,
        -5.03269111e-02, -3.57814896e-01,  4.30191103e-01,
        -6.04537877e-01,  1.42252286e+00,  3.34495904e-01],
       [-3.31902015e-01,  1.12503417e+00,  5.99696885e-01,
        -4.71323707e-02,  2.68727805e-01,  4.65787179e-02,
        -2.96025003e-01,  1.03187499e+00,  3.84796772e+00,
        -7.44673602e-01,  1.62555337e-01, -2.16978101e-01,
         1.56162951e-01, -2.31897381e-01,  4.25239456e-02,
        -1.52579817e-01,  1.03188300e-01,  6.38561961e-01],
       [-1.27373097e+00, -7.68997606e-01,  7.28341700e-02,
        -4.16063329e-01, -5.55940215e-02,  1.47746237e-01,
         7.86195715e-01, -1.97490443e+00, -7.44673602e-01,
         1.30170744e+00, -1.84781134e-01,  3.45619313e-01,
        -1.10267206e-01,  1.77575406e-01, -6.67208197e-02,
         1.50810635e-01, -3.65451069e-01, -2.17644958e-01],
       [-2.12330477e-01, -1.48531220e-02,  1.09976566e-01,
        -7.08719783e-02,  2.27533172e-03, -9.90076767e-02,
        -2.23364865e-01,  2.64595405e-01,  1.62555337e-01,
        -1.84781134e-01,  7.61669936e-01, -2.17126725e-02,
         8.61787278e-02, -1.75529332e-01, -1.84111128e-01,
         1.95041895e-02,  1.85666472e-04, -5.31358805e-02],
       [-8.48242878e-01, -8.60638760e-01,  9.22997257e-02,
        -3.27348462e-01, -1.33893447e-01,  4.36463232e-02,
         7.33201649e-01, -9.21722556e-01, -2.16978101e-01,
         3.45619313e-01, -2.17126725e-02,  7.26424802e-01,
         4.03614540e-02,  1.73840830e-01, -1.71055265e-01,
         1.88932714e-01, -1.59983068e-01, -4.48730590e-02],
       [-1.13560609e+00,  1.32227706e-01,  5.64331561e-02,
        -2.77297781e-01,  1.70783406e-01, -4.50021896e-02,
         3.21430811e-01, -5.03269111e-02,  1.56162951e-01,
        -1.10267206e-01,  8.61787278e-02,  4.03614540e-02,
         2.86097042e-01,  2.00383124e-02, -2.61808716e-02,
         1.22691645e-01, -1.10631978e-01,  8.63984667e-02],
       [-3.71783976e-01, -1.97390239e-01,  1.50102596e-02,
        -1.23720666e-01,  9.85393839e-03,  3.74658369e-02,
         3.35757664e-01, -3.57814896e-01, -2.31897381e-01,
         1.77575406e-01, -1.75529332e-01,  1.73840830e-01,
         2.00383124e-02,  1.18086524e-01, -1.16970869e-03,
         6.80490024e-02, -5.10165131e-02, -1.14588659e-02],
       [ 3.04901342e-01,  2.63394470e-01, -3.17366678e-02,
         1.15080209e-01,  4.17943858e-02,  3.66601415e-02,
        -7.90567350e-02,  4.30191103e-01,  4.25239456e-02,
        -6.67208197e-02, -1.84111128e-01, -1.71055265e-01,
        -2.61808716e-02, -1.16970869e-03,  1.25296044e-01,
        -4.65982333e-02,  7.63427173e-02,  5.69764212e-02],
       [-4.99589763e-01, -3.54002625e-01,  2.65255422e-01,
        -1.39590179e-01, -1.62551254e-02,  6.87686722e-02,
         1.21911746e+00, -6.04537877e-01, -1.52579817e-01,
         1.50810635e-01,  1.95041895e-02,  1.88932714e-01,
         1.22691645e-01,  6.80490024e-02, -4.65982333e-02,
         2.40701630e-01, -1.35614194e-01,  3.71593599e-02],
       [ 1.07082192e+00,  4.89864834e-01, -9.72970865e-02,
         3.13959203e-01,  2.88318038e-02, -1.62440117e-02,
        -5.91056238e-01,  1.42252286e+00,  1.03188300e-01,
        -3.65451069e-01,  1.85666472e-04, -1.59983068e-01,
        -1.10631978e-01, -5.10165131e-02,  7.63427173e-02,
        -1.35614194e-01,  3.11227929e-01,  3.15466324e-02],
       [-1.23068641e-01,  2.28224425e-01,  2.22396158e-01,
        -1.39832945e-02,  7.22623410e-02,  4.94708969e-02,
         3.53597520e-01,  3.34495904e-01,  6.38561961e-01,
        -2.17644958e-01, -5.31358805e-02, -4.48730590e-02,
         8.63984667e-02, -1.14588659e-02,  5.69764212e-02,
         3.71593599e-02,  3.15466324e-02,  1.88479033e-01]])
      jac: array([ 0.000332  , -0.00126944, -0.00012806,  0.00083669,  0.00552461,
        0.00636027,  0.00038413,  0.00031974,  0.00035543, -0.00155434,
       -0.00104755,  0.00130007,  0.00135758, -0.00444345,  0.00022917,
       -0.00138952, -0.00191358, -0.00552391])
  message: 'Maximum number of iterations has been exceeded.'
     nfev: 2242
      nit: 100
     njev: 118
   status: 1
  success: False
        x: array([ 0.92228401, -0.94148698,  0.08740947,  1.33372651, -0.80613787,
        0.03794758, -1.93498918, -1.10756856, -0.98039864,  0.08160671,
        0.38397215,  1.10753824,  0.02013135,  0.00772221, -0.26728957,
       -1.3796876 , -0.98879019, -0.1270768 ])
