Program Begingeth
      fun: 0.22352386557134987
 hess_inv: array([[ 3.76013254e+00,  1.43362265e+00, -3.48127636e-01,
         9.85267202e-01,  5.17083930e-01, -7.78700220e-01,
         1.12493848e-01, -1.39965804e+00, -1.98183001e+00,
         3.63735838e-02,  5.39282305e-01, -4.95367623e-01,
        -7.13087869e-01, -3.83574901e-01, -2.68187139e-01,
        -1.55379408e-01, -3.88209861e-01,  1.62429850e-01],
       [ 1.43362265e+00,  2.49177128e+00, -9.74665318e-02,
         1.61099001e-01,  9.26497756e-01, -3.29551071e-01,
        -4.70690665e-01,  1.34876507e+00,  1.63848988e-01,
         4.34613134e-01, -6.39367677e-02, -1.01188810e+00,
        -4.79809513e-01, -3.56390337e-01,  4.45298323e-02,
         3.09096623e-02, -2.22651013e-01,  1.65645798e-01],
       [-3.48127636e-01, -9.74665318e-02,  3.50048584e+00,
         4.21508438e-01, -2.60947699e-02,  1.42462445e+00,
         5.81964095e+00, -1.83611176e+00,  3.48365547e+00,
        -2.05281645e-01,  1.20655142e+00, -4.61346406e-01,
         1.11841854e-01, -2.54868084e-02, -3.26488146e-01,
        -1.42021796e-01,  1.41574333e-01, -2.13782806e-01],
       [ 9.85267202e-01,  1.61099001e-01,  4.21508438e-01,
         4.01792480e-01,  8.43300357e-02,  2.51173527e-02,
         1.43428051e+00, -6.67225862e-01, -2.40027414e-01,
        -1.01332711e-01,  2.89158048e-01, -7.04979451e-02,
        -1.37803145e-01, -4.64735524e-02, -1.19765051e-01,
        -7.00867764e-02, -6.29333534e-02, -2.97797419e-03],
       [ 5.17083930e-01,  9.26497756e-01, -2.60947699e-02,
         8.43300357e-02,  4.04837220e-01, -8.52746224e-02,
         3.24003600e-01,  9.91206626e-01, -8.92864711e-02,
         1.20195319e-01, -1.03480783e-01, -3.19908622e-01,
        -1.83918584e-01, -8.07036283e-02,  5.55411206e-02,
        -4.64202585e-03, -7.06725938e-02,  7.35854536e-02],
       [-7.78700220e-01, -3.29551071e-01,  1.42462445e+00,
         2.51173527e-02, -8.52746224e-02,  7.44485658e-01,
         2.69491105e+00, -2.01823671e-01,  1.79612229e+00,
        -1.81773472e-01,  2.70788146e-01, -3.65145372e-02,
         1.87572612e-01,  8.63399963e-02, -4.55055633e-02,
        -2.52108368e-02,  1.12478176e-01, -1.09913118e-01],
       [ 1.12493848e-01, -4.70690665e-01,  5.81964095e+00,
         1.43428051e+00,  3.24003600e-01,  2.69491105e+00,
         1.79527402e+01, -1.01213313e-01,  4.27143700e+00,
        -8.57787288e-01,  9.89496291e-01, -2.91161318e-02,
         6.53923263e-02,  4.29673065e-01, -2.33873363e-01,
        -3.88579362e-01,  1.70899108e-01, -3.00029189e-01],
       [-1.39965804e+00,  1.34876507e+00, -1.83611176e+00,
        -6.67225862e-01,  9.91206626e-01, -2.01823671e-01,
        -1.01213313e-01,  8.93209269e+00, -1.19371341e+00,
         8.77706166e-02, -1.80259868e+00, -1.45722547e-01,
         6.73466358e-02,  2.13457459e-01,  8.71292794e-01,
         2.22213710e-01,  6.59424481e-03,  2.77223325e-01],
       [-1.98183001e+00,  1.63848988e-01,  3.48365547e+00,
        -2.40027414e-01, -8.92864711e-02,  1.79612229e+00,
         4.27143700e+00, -1.19371341e+00,  7.90755691e+00,
        -3.31504872e-01,  1.11685683e+00, -6.15253145e-01,
         3.88496643e-01, -2.75901796e-01, -3.36586724e-01,
         3.11001113e-02,  7.20774778e-02, -3.76520724e-01],
       [ 3.63735838e-02,  4.34613134e-01, -2.05281645e-01,
        -1.01332711e-01,  1.20195319e-01, -1.81773472e-01,
        -8.57787288e-01,  8.77706166e-02, -3.31504872e-01,
         7.89482825e-01, -9.97951079e-02, -1.63536875e-01,
        -2.21596569e-01, -3.91632708e-02,  1.00362748e-01,
         1.48387483e-02,  5.35403514e-03,  1.92276469e-01],
       [ 5.39282305e-01, -6.39367677e-02,  1.20655142e+00,
         2.89158048e-01, -1.03480783e-01,  2.70788146e-01,
         9.89496291e-01, -1.80259868e+00,  1.11685683e+00,
        -9.97951079e-02,  1.16447231e+00, -2.42598161e-01,
        -5.42518314e-02, -2.10623389e-01, -3.64008003e-01,
        -1.01483976e-01, -1.47361406e-03, -1.53817869e-01],
       [-4.95367623e-01, -1.01188810e+00, -4.61346406e-01,
        -7.04979451e-02, -3.19908622e-01, -3.65145372e-02,
        -2.91161318e-02, -1.45722547e-01, -6.15253145e-01,
        -1.63536875e-01, -2.42598161e-01,  7.67909546e-01,
         1.39801354e-01,  2.39412730e-01,  1.56889125e-02,
        -4.64186235e-02,  1.01544127e-01, -1.60897675e-02],
       [-7.13087869e-01, -4.79809513e-01,  1.11841854e-01,
        -1.37803145e-01, -1.83918584e-01,  1.87572612e-01,
         6.53923263e-02,  6.73466358e-02,  3.88496643e-01,
        -2.21596569e-01, -5.42518314e-02,  1.39801354e-01,
         2.46504675e-01,  8.89681578e-02,  1.70734436e-02,
         5.94622298e-02,  9.07194064e-02, -9.20170953e-02],
       [-3.83574901e-01, -3.56390337e-01, -2.54868084e-02,
        -4.64735524e-02, -8.07036283e-02,  8.63399963e-02,
         4.29673065e-01,  2.13457459e-01, -2.75901796e-01,
        -3.91632708e-02, -2.10623389e-01,  2.39412730e-01,
         8.89681578e-02,  1.64807145e-01,  6.57772320e-02,
        -4.74557933e-03,  8.96231682e-02,  5.17236669e-03],
       [-2.68187139e-01,  4.45298323e-02, -3.26488146e-01,
        -1.19765051e-01,  5.55411206e-02, -4.55055633e-02,
        -2.33873363e-01,  8.71292794e-01, -3.36586724e-01,
         1.00362748e-01, -3.64008003e-01,  1.56889125e-02,
         1.70734436e-02,  6.57772320e-02,  1.67787535e-01,
         4.26212544e-02,  1.09589018e-02,  8.03670613e-02],
       [-1.55379408e-01,  3.09096623e-02, -1.42021796e-01,
        -7.00867764e-02, -4.64202585e-03, -2.52108368e-02,
        -3.88579362e-01,  2.22213710e-01,  3.11001113e-02,
         1.48387483e-02, -1.01483976e-01, -4.64186235e-02,
         5.94622298e-02, -4.74557933e-03,  4.26212544e-02,
         6.00039312e-02,  7.24873419e-03,  6.58574414e-04],
       [-3.88209861e-01, -2.22651013e-01,  1.41574333e-01,
        -6.29333534e-02, -7.06725938e-02,  1.12478176e-01,
         1.70899108e-01,  6.59424481e-03,  7.20774778e-02,
         5.35403514e-03, -1.47361406e-03,  1.01544127e-01,
         9.07194064e-02,  8.96231682e-02,  1.09589018e-02,
         7.24873419e-03,  9.47438766e-02, -2.04407815e-02],
       [ 1.62429850e-01,  1.65645798e-01, -2.13782806e-01,
        -2.97797419e-03,  7.35854536e-02, -1.09913118e-01,
        -3.00029189e-01,  2.77223325e-01, -3.76520724e-01,
         1.92276469e-01, -1.53817869e-01, -1.60897675e-02,
        -9.20170953e-02,  5.17236669e-03,  8.03670613e-02,
         6.58574414e-04, -2.04407815e-02,  1.01214653e-01]])
      jac: array([ 9.94019682e-07, -8.81517082e-07,  3.87060754e-06, -3.34029101e-06,
        1.58336307e-06, -8.36701079e-06,  4.62592927e-08,  1.53580852e-07,
        5.26245714e-07, -3.02720811e-07,  6.76310859e-07,  1.54876112e-06,
        1.66070861e-06,  3.21520588e-06,  5.33129097e-06,  1.74212496e-06,
       -4.83687164e-06, -2.80460840e-06])
  message: 'Optimization terminated successfully.'
     nfev: 1349
      nit: 61
     njev: 71
   status: 0
  success: True
        x: array([-0.71290289, -0.81201493,  0.45400265, -1.15645325, -0.90697008,
        0.07885726, -0.99765201, -1.28165242, -0.85662344,  0.1030532 ,
        0.61078985,  1.06419776,  0.08092975,  0.28769525, -0.27307726,
        1.31447579, -0.02297267,  0.0190967 ])
