Program Begingeth
      fun: 0.22484200183849787
 hess_inv: array([[ 3.26175197e+00,  1.21770015e+00,  6.45682090e-01,
         6.79791140e-01,  3.83819757e-01, -7.25608255e-01,
         1.29985325e+00, -2.29591163e+00, -3.60858284e-01,
        -8.67606799e-01,  7.39676648e-01, -1.20338278e+00,
        -6.19712579e-01, -4.13436422e-01, -4.65826471e-01,
        -5.51355055e-02, -3.94143370e-01,  3.17622860e-01],
       [ 1.21770015e+00,  2.44090360e+00,  8.70274886e-01,
         1.13495364e-01,  6.75232957e-01, -2.15674035e-01,
         1.10926564e+00,  4.05639901e-01,  2.25021992e+00,
        -1.02766691e-01,  6.71567731e-02, -1.81271491e+00,
        -3.87807574e-01, -4.40614104e-01, -2.66461137e-01,
         8.12834545e-02, -7.53936551e-02,  8.25105105e-02],
       [ 6.45682090e-01,  8.70274886e-01,  2.91636965e+00,
         6.97264564e-01,  2.64712775e-01,  5.85429495e-01,
         6.20802254e+00, -3.96772131e+00,  3.94054304e+00,
        -4.56407204e-01,  1.82957730e+00, -1.71935471e+00,
        -1.29252222e-01, -4.02783679e-01, -6.88088932e-01,
        -3.22075174e-01, -2.38445826e-01, -2.45021719e-01],
       [ 6.79791140e-01,  1.13495364e-01,  6.97264564e-01,
         3.56009716e-01,  7.52791043e-02,  3.03094565e-02,
         2.18609550e+00, -1.48260727e+00,  4.14875678e-01,
        -3.24962360e-01,  5.80059026e-01, -3.44019037e-01,
        -7.79256580e-02, -8.95784388e-02, -2.40810903e-01,
        -9.76519296e-02, -1.25428479e-01, -4.31391479e-02],
       [ 3.83819757e-01,  6.75232957e-01,  2.64712775e-01,
         7.52791043e-02,  3.46450019e-01, -2.55897128e-03,
         1.58028393e+00,  8.28284489e-01,  3.08833830e-01,
        -1.96198991e-01, -5.02633965e-02, -4.00774193e-01,
        -1.64060034e-01, -4.06235934e-02, -3.44462106e-02,
        -2.19630845e-02, -8.17158435e-02,  1.37216847e-02],
       [-7.25608255e-01, -2.15674035e-01,  5.85429495e-01,
         3.03094565e-02, -2.55897128e-03,  4.63868642e-01,
         2.08034172e+00, -9.37115729e-02,  1.33421537e+00,
        -7.55926709e-02,  2.02721431e-01, -1.46902525e-02,
         1.68274857e-01,  3.90990419e-02,  6.59470672e-03,
        -5.42003780e-02, -1.31458245e-02, -1.70767806e-01],
       [ 1.29985325e+00,  1.10926564e+00,  6.20802254e+00,
         2.18609550e+00,  1.58028393e+00,  2.08034172e+00,
         3.02966671e+01, -4.77373230e+00,  7.82229091e+00,
        -2.75514737e+00,  3.48189995e+00, -2.31464002e+00,
        -4.99408873e-01, -3.66109527e-01, -1.27839470e+00,
        -9.39286928e-01, -1.44307037e+00, -1.05655792e+00],
       [-2.29591163e+00,  4.05639901e-01, -3.96772131e+00,
        -1.48260727e+00,  8.28284489e-01, -9.37115729e-02,
        -4.77373230e+00,  1.53629597e+01, -4.63553380e+00,
         6.46394097e-01, -3.87625417e+00,  1.75122107e+00,
         1.50612784e-01,  8.10172888e-01,  1.69591443e+00,
         6.70380755e-01,  4.76070691e-01,  3.13461530e-01],
       [-3.60858284e-01,  2.25021992e+00,  3.94054304e+00,
         4.14875678e-01,  3.08833830e-01,  1.33421537e+00,
         7.82229091e+00, -4.63553380e+00,  1.26966769e+01,
        -4.50787559e-01,  2.20375891e+00, -3.00648806e+00,
         4.04539507e-02, -1.13711578e+00, -8.84104457e-01,
        -1.19939884e-01, -4.65156732e-01, -5.26946359e-01],
       [-8.67606799e-01, -1.02766691e-01, -4.56407204e-01,
        -3.24962360e-01, -1.96198991e-01, -7.55926709e-02,
        -2.75514737e+00,  6.46394097e-01, -4.50787559e-01,
         1.10108904e+00, -4.70377699e-01,  2.71405729e-01,
         4.72759372e-02,  1.29040378e-01,  1.92596460e-01,
         9.03038902e-02,  3.11358301e-01,  1.50576342e-01],
       [ 7.39676648e-01,  6.71567731e-02,  1.82957730e+00,
         5.80059026e-01, -5.02633965e-02,  2.02721431e-01,
         3.48189995e+00, -3.87625417e+00,  2.20375891e+00,
        -4.70377699e-01,  1.89173814e+00, -9.68058234e-01,
        -6.51129429e-02, -3.84104687e-01, -6.61121705e-01,
        -2.78514004e-01, -2.16551275e-01, -2.39242193e-01],
       [-1.20338278e+00, -1.81271491e+00, -1.71935471e+00,
        -3.44019037e-01, -4.00774193e-01, -1.46902525e-02,
        -2.31464002e+00,  1.75122107e+00, -3.00648806e+00,
         2.71405729e-01, -9.68058234e-01,  2.14464579e+00,
         2.72908593e-01,  5.75666210e-01,  4.59999139e-01,
         2.13969763e-02,  1.77563949e-01,  4.63245036e-02],
       [-6.19712579e-01, -3.87807574e-01, -1.29252222e-01,
        -7.79256580e-02, -1.64060034e-01,  1.68274857e-01,
        -4.99408873e-01,  1.50612784e-01,  4.04539507e-02,
         4.72759372e-02, -6.51129429e-02,  2.72908593e-01,
         2.42758361e-01,  7.87433350e-02,  7.61820108e-02,
         5.41814811e-02,  1.06952193e-01, -1.11339753e-01],
       [-4.13436422e-01, -4.40614104e-01, -4.02783679e-01,
        -8.95784388e-02, -4.06235934e-02,  3.90990419e-02,
        -3.66109527e-01,  8.10172888e-01, -1.13711578e+00,
         1.29040378e-01, -3.84104687e-01,  5.75666210e-01,
         7.87433350e-02,  2.47840070e-01,  1.71977877e-01,
        -1.95411851e-03,  1.05390770e-01,  2.39878360e-02],
       [-4.65826471e-01, -2.66461137e-01, -6.88088932e-01,
        -2.40810903e-01, -3.44462106e-02,  6.59470672e-03,
        -1.27839470e+00,  1.69591443e+00, -8.84104457e-01,
         1.92596460e-01, -6.61121705e-01,  4.59999139e-01,
         7.61820108e-02,  1.71977877e-01,  3.11491335e-01,
         1.07216311e-01,  9.05010299e-02,  8.65245210e-02],
       [-5.51355055e-02,  8.12834545e-02, -3.22075174e-01,
        -9.76519296e-02, -2.19630845e-02, -5.42003780e-02,
        -9.39286928e-01,  6.70380755e-01, -1.19939884e-01,
         9.03038902e-02, -2.78514004e-01,  2.13969763e-02,
         5.41814811e-02, -1.95411851e-03,  1.07216311e-01,
         1.19429286e-01,  5.27151194e-02,  3.47036778e-02],
       [-3.94143370e-01, -7.53936551e-02, -2.38445826e-01,
        -1.25428479e-01, -8.17158435e-02, -1.31458245e-02,
        -1.44307037e+00,  4.76070691e-01, -4.65156732e-01,
         3.11358301e-01, -2.16551275e-01,  1.77563949e-01,
         1.06952193e-01,  1.05390770e-01,  9.05010299e-02,
         5.27151194e-02,  1.96545843e-01,  1.85070067e-02],
       [ 3.17622860e-01,  8.25105105e-02, -2.45021719e-01,
        -4.31391479e-02,  1.37216847e-02, -1.70767806e-01,
        -1.05655792e+00,  3.13461530e-01, -5.26946359e-01,
         1.50576342e-01, -2.39242193e-01,  4.63245036e-02,
        -1.11339753e-01,  2.39878360e-02,  8.65245210e-02,
         3.47036778e-02,  1.85070067e-02,  1.79819866e-01]])
      jac: array([-4.17776924e-06, -2.06575497e-06, -6.00371604e-06,  1.84643042e-05,
        1.35319533e-05, -4.79246272e-07, -5.60292553e-07, -1.82372636e-06,
        2.02800739e-07, -4.49640325e-08, -3.61229565e-06, -3.40283357e-06,
        5.50800146e-06, -6.60249633e-06,  8.66806627e-06, -1.15844371e-05,
       -2.87492252e-06, -1.03639319e-06])
  message: 'Desired error not necessarily achieved due to precision loss.'
     nfev: 2232
      nit: 79
     njev: 117
   status: 2
  success: False
        x: array([-0.23720259, -0.41340303,  0.70383445, -0.78744359, -0.64655246,
        0.06153503, -0.35961125, -1.32133471, -0.61968746,  0.10433666,
        0.74821043,  0.98996498,  0.03820557,  0.18416043, -0.40371377,
        1.04727402, -0.4067101 ,  0.00364503])
