Program Begingeth
      fun: 0.3678446944045953
 hess_inv: array([[ 2.22279772e+00,  7.89632425e-03,  2.04184914e-01,
         3.47219043e-01, -3.44373596e-01,  4.82834167e-01,
         5.84495971e-01, -4.56350079e-01,  6.32680355e-01,
         1.09850493e+00, -1.25501941e+00,  1.50225559e-01,
        -8.90886872e-01, -6.07985201e-02,  7.24450783e-02,
        -5.41957122e-02, -3.51722285e-02, -3.46913393e-01],
       [ 7.89632425e-03,  7.58207964e-01, -8.48805256e-02,
        -2.87138448e-01,  4.49470993e-02, -2.03068785e-01,
        -1.27034947e+00,  2.15325156e-01, -9.52454786e-02,
        -7.94856174e-01, -1.46731688e-01, -1.02208638e-01,
         1.02603199e-03, -2.50997554e-01, -2.31708621e-01,
         3.50388017e-02, -9.64219266e-05, -1.41503033e-01],
       [ 2.04184914e-01, -8.48805256e-02,  4.60485784e-01,
         1.07327993e-01,  2.11852067e-02,  1.50968123e-01,
        -2.79396591e-02, -4.42803569e-01,  3.75722714e-01,
         5.37352187e-01, -3.76092941e-02,  8.83683778e-02,
        -6.29290137e-02,  1.24486092e-01, -7.23945277e-02,
         4.46370602e-02,  4.32775126e-02,  1.60563152e-02],
       [ 3.47219043e-01, -2.87138448e-01,  1.07327993e-01,
         4.30603934e-01,  7.84092247e-03,  2.20835834e-01,
         1.17043259e+00,  1.34272754e-01,  1.00524250e+00,
         1.23825151e+00,  9.42555890e-02, -8.68525587e-02,
        -7.32715446e-02,  8.94061935e-02,  1.46385382e-01,
         3.51028328e-03, -1.28421190e-02,  2.90957199e-02],
       [-3.44373596e-01,  4.49470993e-02,  2.11852067e-02,
         7.84092247e-03,  3.54062125e-01, -8.66967834e-02,
        -3.49234721e-01,  8.33610363e-01,  6.35350810e-01,
         4.34753459e-02,  9.29430035e-01, -1.95738123e-01,
         2.04354871e-01,  8.31862659e-02, -5.45541969e-02,
         5.83864980e-02,  1.78335122e-02,  6.05001045e-02],
       [ 4.82834167e-01, -2.03068785e-01,  1.50968123e-01,
         2.20835834e-01, -8.66967834e-02,  3.93440009e-01,
         8.59321810e-01, -5.37837681e-01,  1.02707765e+00,
         8.20088608e-01, -1.27925824e-01,  4.92506667e-01,
        -2.51375731e-01,  9.71291769e-02,  1.38187134e-01,
        -4.16583588e-02,  4.75096049e-02, -1.29888067e-02],
       [ 5.84495971e-01, -1.27034947e+00, -2.79396591e-02,
         1.17043259e+00, -3.49234721e-01,  8.59321810e-01,
         9.05064307e+00, -1.59400271e+00,  3.83449276e+00,
         2.93753759e+00,  8.27856600e-01,  2.47520829e-01,
        -5.70000371e-01,  2.54546775e-01,  5.97915414e-01,
        -2.94844970e-01,  2.16229196e-01,  7.07946846e-02],
       [-4.56350079e-01,  2.15325156e-01, -4.42803569e-01,
         1.34272754e-01,  8.33610363e-01, -5.37837681e-01,
        -1.59400271e+00,  4.53385369e+00,  6.23064182e-01,
         1.75721113e-03,  1.56726671e+00, -1.41064569e+00,
         5.30613751e-01,  1.32554962e-02, -2.50073079e-02,
         1.36256867e-01, -1.01659571e-01,  8.42653598e-02],
       [ 6.32680355e-01, -9.52454786e-02,  3.75722714e-01,
         1.00524250e+00,  6.35350810e-01,  1.02707765e+00,
         3.83449276e+00,  6.23064182e-01,  8.15783475e+00,
         3.44382879e+00,  2.53114380e+00,  3.45498347e-01,
        -3.32653986e-01,  2.21271935e-01,  2.79630737e-01,
        -4.47691792e-02,  2.07114977e-01,  6.54188117e-02],
       [ 1.09850493e+00, -7.94856174e-01,  5.37352187e-01,
         1.23825151e+00,  4.34753459e-02,  8.20088608e-01,
         2.93753759e+00,  1.75721113e-03,  3.44382879e+00,
         3.94149800e+00,  2.71829075e-01,  8.35433669e-02,
        -3.13235554e-01,  3.26458343e-01,  3.93567901e-01,
        -4.81459161e-03,  1.31886941e-02,  7.54594593e-02],
       [-1.25501941e+00, -1.46731688e-01, -3.76092941e-02,
         9.42555890e-02,  9.29430035e-01, -1.27925824e-01,
         8.27856600e-01,  1.56726671e+00,  2.53114380e+00,
         2.71829075e-01,  3.15241994e+00, -3.80622949e-01,
         5.39352713e-01,  2.49399845e-01, -5.31907194e-02,
         7.22603277e-02,  9.85557855e-02,  2.19364402e-01],
       [ 1.50225559e-01, -1.02208638e-01,  8.83683778e-02,
        -8.68525587e-02, -1.95738123e-01,  4.92506667e-01,
         2.47520829e-01, -1.41064569e+00,  3.45498347e-01,
         8.35433669e-02, -3.80622949e-01,  1.37347603e+00,
        -2.35208153e-01,  1.05206431e-01,  1.18256951e-01,
        -6.90249196e-02,  1.08221653e-01, -4.78202546e-03],
       [-8.90886872e-01,  1.02603199e-03, -6.29290137e-02,
        -7.32715446e-02,  2.04354871e-01, -2.51375731e-01,
        -5.70000371e-01,  5.30613751e-01, -3.32653986e-01,
        -3.13235554e-01,  5.39352713e-01, -2.35208153e-01,
         4.59487507e-01,  2.94335078e-02, -3.55334223e-02,
         8.34207413e-02, -2.54754713e-02,  1.60240642e-01],
       [-6.07985201e-02, -2.50997554e-01,  1.24486092e-01,
         8.94061935e-02,  8.31862659e-02,  9.71291769e-02,
         2.54546775e-01,  1.32554962e-02,  2.21271935e-01,
         3.26458343e-01,  2.49399845e-01,  1.05206431e-01,
         2.94335078e-02,  1.60933359e-01,  4.96212458e-02,
         7.83973672e-03,  4.09887969e-02,  6.50981611e-02],
       [ 7.24450783e-02, -2.31708621e-01, -7.23945277e-02,
         1.46385382e-01, -5.45541969e-02,  1.38187134e-01,
         5.97915414e-01, -2.50073079e-02,  2.79630737e-01,
         3.93567901e-01, -5.31907194e-02,  1.18256951e-01,
        -3.55334223e-02,  4.96212458e-02,  1.63998482e-01,
        -3.09597533e-02, -8.85035302e-03,  5.99696742e-02],
       [-5.41957122e-02,  3.50388017e-02,  4.46370602e-02,
         3.51028328e-03,  5.83864980e-02, -4.16583588e-02,
        -2.94844970e-01,  1.36256867e-01, -4.47691792e-02,
        -4.81459161e-03,  7.22603277e-02, -6.90249196e-02,
         8.34207413e-02,  7.83973672e-03, -3.09597533e-02,
         5.62333244e-02, -1.39658273e-02,  1.51260155e-02],
       [-3.51722285e-02, -9.64219266e-05,  4.32775126e-02,
        -1.28421190e-02,  1.78335122e-02,  4.75096049e-02,
         2.16229196e-01, -1.01659571e-01,  2.07114977e-01,
         1.31886941e-02,  9.85557855e-02,  1.08221653e-01,
        -2.54754713e-02,  4.09887969e-02, -8.85035302e-03,
        -1.39658273e-02,  5.58031386e-02,  2.49796924e-04],
       [-3.46913393e-01, -1.41503033e-01,  1.60563152e-02,
         2.90957199e-02,  6.05001045e-02, -1.29888067e-02,
         7.07946846e-02,  8.42653598e-02,  6.54188117e-02,
         7.54594593e-02,  2.19364402e-01, -4.78202546e-03,
         1.60240642e-01,  6.50981611e-02,  5.99696742e-02,
         1.51260155e-02,  2.49796924e-04,  1.19212479e-01]])
      jac: array([ 9.30625947e-05, -4.96854409e-05,  3.54449803e-05, -1.92386847e-04,
        1.04483089e-04, -1.07790073e-04,  1.33422902e-05, -1.27153843e-05,
        6.84674539e-06,  4.78624547e-05, -2.19875969e-05,  3.24070400e-05,
        2.49847180e-04, -1.11119632e-04,  1.18537772e-04, -1.50161735e-04,
        9.60964641e-05, -9.74246609e-05])
  message: 'Desired error not necessarily achieved due to precision loss.'
     nfev: 2197
      nit: 64
     njev: 115
   status: 2
  success: False
        x: array([ 0.08439294,  0.06863277,  0.76155401,  1.59131082, -0.85643002,
        0.32622469,  1.06955048, -1.97373303,  0.65898323,  1.91511353,
       -0.78590727,  0.92153709,  0.01771689,  0.02661478, -0.20389057,
       -1.45356119, -0.65020476,  0.05085739])
