Program Begingeth
      fun: 0.26073026413874456
 hess_inv: array([[ 4.41957544e+00,  1.74648805e+00,  6.34383227e-01,
         1.25789698e+00,  6.67478837e-01, -8.34231085e-01,
         2.46048171e+00, -2.45389187e+00, -1.43891383e+00,
        -5.22560873e-01,  1.03140128e+00, -1.11641740e+00,
        -7.74599463e-01, -5.06479381e-01, -5.14846925e-01,
        -1.76132726e-01, -5.40289947e-01,  3.18243523e-01],
       [ 1.74648805e+00,  3.18736164e+00,  1.42308865e+00,
         4.98030868e-01,  1.14377603e+00,  2.73207360e-02,
         3.81497074e+00, -2.45502947e-01,  3.04127913e+00,
        -8.36227547e-03,  5.59645446e-01, -1.63999026e+00,
        -5.10670580e-01, -4.93105720e-01, -3.66853958e-01,
        -2.83652062e-02, -2.77328001e-01,  5.15839655e-02],
       [ 6.34383227e-01,  1.42308865e+00,  3.07797690e+00,
         6.90444888e-01,  5.08016940e-01,  9.10173128e-01,
         6.11042859e+00, -2.84987939e+00,  3.94052440e+00,
        -1.58053387e-01,  1.33280594e+00, -1.22660107e+00,
        -1.20580728e-01, -2.83072230e-01, -5.05647231e-01,
        -2.26578825e-01, -1.31611408e-01, -1.88606698e-01],
       [ 1.25789698e+00,  4.98030868e-01,  6.90444888e-01,
         5.21310736e-01,  2.08349439e-01, -4.30186854e-02,
         2.11993920e+00, -1.30630235e+00,  5.76294595e-02,
        -2.25693545e-01,  5.26435887e-01, -3.64992587e-01,
        -1.69191878e-01, -1.33606424e-01, -2.45518585e-01,
        -9.21782116e-02, -1.47585170e-01,  7.64000953e-03],
       [ 6.67478837e-01,  1.14377603e+00,  5.08016940e-01,
         2.08349439e-01,  5.42647523e-01,  4.40528389e-02,
         2.29134077e+00,  6.39754622e-01,  8.35492319e-01,
        -1.20529767e-01,  1.24094598e-01, -4.93434892e-01,
        -2.36777944e-01, -1.11088335e-01, -9.62224806e-02,
        -5.10888092e-02, -1.44836722e-01,  2.39361778e-02],
       [-8.34231085e-01,  2.73207360e-02,  9.10173128e-01,
        -4.30186854e-02,  4.40528389e-02,  5.94826057e-01,
         2.01245654e+00, -6.73560391e-02,  1.93822535e+00,
        -5.28026548e-02,  1.07298970e-01, -9.93340243e-02,
         1.68454739e-01,  4.78521453e-02,  3.73246625e-04,
        -1.58997570e-02,  5.21108618e-02, -1.40381883e-01],
       [ 2.46048171e+00,  3.81497074e+00,  6.11042859e+00,
         2.11993920e+00,  2.29134077e+00,  2.01245654e+00,
         2.53055224e+01, -1.59690811e+00,  7.90773203e+00,
        -1.47090067e+00,  2.17779057e+00, -2.09395548e+00,
        -7.85249634e-01, -4.58655061e-01, -1.02684381e+00,
        -6.50768058e-01, -1.07898521e+00, -5.89136127e-01],
       [-2.45389187e+00, -2.45502947e-01, -2.84987939e+00,
        -1.30630235e+00,  6.39754622e-01, -6.73560391e-02,
        -1.59690811e+00,  1.17481491e+01, -1.86248021e+00,
        -4.44400341e-02, -2.37236957e+00,  1.01064478e+00,
         1.16770005e-01,  5.72505988e-01,  1.15277900e+00,
         3.82693798e-01,  1.46801385e-01,  1.89797108e-01],
       [-1.43891383e+00,  3.04127913e+00,  3.94052440e+00,
         5.76294595e-02,  8.35492319e-01,  1.93822535e+00,
         7.90773203e+00, -1.86248021e+00,  1.29228731e+01,
         6.11710751e-02,  1.22375792e+00, -1.95484089e+00,
         1.48257951e-01, -7.37010149e-01, -4.69594480e-01,
         6.70764571e-02, -2.08802535e-01, -4.36037400e-01],
       [-5.22560873e-01, -8.36227547e-03, -1.58053387e-01,
        -2.25693545e-01, -1.20529767e-01, -5.28026548e-02,
        -1.47090067e+00, -4.44400341e-02,  6.11710751e-02,
         7.12949392e-01, -1.97811838e-01,  3.30930181e-02,
        -1.88478654e-02,  5.51984377e-02,  1.00835543e-01,
         5.91214353e-02,  1.70481179e-01,  1.38328122e-01],
       [ 1.03140128e+00,  5.59645446e-01,  1.33280594e+00,
         5.26435887e-01,  1.24094598e-01,  1.07298970e-01,
         2.17779057e+00, -2.37236957e+00,  1.22375792e+00,
        -1.97811838e-01,  1.34463515e+00, -7.02429321e-01,
        -1.33180264e-01, -3.45987148e-01, -4.81977120e-01,
        -1.67849953e-01, -1.43638857e-01, -1.54832697e-01],
       [-1.11641740e+00, -1.63999026e+00, -1.22660107e+00,
        -3.64992587e-01, -4.93434892e-01, -9.93340243e-02,
        -2.09395548e+00,  1.01064478e+00, -1.95484089e+00,
         3.30930181e-02, -7.02429321e-01,  1.31500385e+00,
         2.38161551e-01,  4.12785815e-01,  2.59144362e-01,
        -7.43622411e-04,  1.92559501e-01,  9.11668283e-03],
       [-7.74599463e-01, -5.10670580e-01, -1.20580728e-01,
        -1.69191878e-01, -2.36777944e-01,  1.68454739e-01,
        -7.85249634e-01,  1.16770005e-01,  1.48257951e-01,
        -1.88478654e-02, -1.33180264e-01,  2.38161551e-01,
         2.72852972e-01,  1.00793670e-01,  7.51209062e-02,
         8.51556908e-02,  1.46339841e-01, -1.09665271e-01],
       [-5.06479381e-01, -4.93105720e-01, -2.83072230e-01,
        -1.33606424e-01, -1.11088335e-01,  4.78521453e-02,
        -4.58655061e-01,  5.72505988e-01, -7.37010149e-01,
         5.51984377e-02, -3.45987148e-01,  4.12785815e-01,
         1.00793670e-01,  2.21215213e-01,  1.32561581e-01,
         3.54661072e-03,  1.25270731e-01,  1.34917988e-02],
       [-5.14846925e-01, -3.66853958e-01, -5.05647231e-01,
        -2.45518585e-01, -9.62224806e-02,  3.73246625e-04,
        -1.02684381e+00,  1.15277900e+00, -4.69594480e-01,
         1.00835543e-01, -4.81977120e-01,  2.59144362e-01,
         7.51209062e-02,  1.32561581e-01,  2.41097136e-01,
         7.89845907e-02,  6.61409950e-02,  8.02887345e-02],
       [-1.76132726e-01, -2.83652062e-02, -2.26578825e-01,
        -9.21782116e-02, -5.10888092e-02, -1.58997570e-02,
        -6.50768058e-01,  3.82693798e-01,  6.70764571e-02,
         5.91214353e-02, -1.67849953e-01, -7.43622411e-04,
         8.51556908e-02,  3.54661072e-03,  7.89845907e-02,
         1.03648617e-01,  4.40991294e-02,  7.61233994e-03],
       [-5.40289947e-01, -2.77328001e-01, -1.31611408e-01,
        -1.47585170e-01, -1.44836722e-01,  5.21108618e-02,
        -1.07898521e+00,  1.46801385e-01, -2.08802535e-01,
         1.70481179e-01, -1.43638857e-01,  1.92559501e-01,
         1.46339841e-01,  1.25270731e-01,  6.61409950e-02,
         4.40991294e-02,  1.87228537e-01, -1.60588914e-02],
       [ 3.18243523e-01,  5.15839655e-02, -1.88606698e-01,
         7.64000953e-03,  2.39361778e-02, -1.40381883e-01,
        -5.89136127e-01,  1.89797108e-01, -4.36037400e-01,
         1.38328122e-01, -1.54832697e-01,  9.11668283e-03,
        -1.09665271e-01,  1.34917988e-02,  8.02887345e-02,
         7.61233994e-03, -1.60588914e-02,  1.60691185e-01]])
      jac: array([ 3.25739435e-06, -1.61870517e-06, -5.16993855e-07, -7.05916807e-06,
        3.75884509e-06,  4.56116626e-06,  5.30686606e-07, -5.86937906e-07,
       -4.81466718e-07,  6.88708350e-07, -1.31339384e-06,  7.85297753e-07,
        3.16154510e-06, -6.49369447e-06, -1.10208139e-06, -1.46623454e-06,
        5.70210546e-06, -2.25745348e-07])
  message: 'Optimization terminated successfully.'
     nfev: 1292
      nit: 60
     njev: 68
   status: 0
  success: True
        x: array([-0.45081266, -0.70007806,  0.63763524, -0.85670051, -0.86315511,
        0.10529849, -0.42855432, -1.5688339 , -0.55102857,  0.11043085,
        0.67942582,  1.1067082 ,  0.07551714,  0.14675773, -0.37868386,
        1.09224627, -0.44924668, -0.01751968])
