Program Begingeth
      fun: 0.3913328917385617
 hess_inv: array([[ 7.37381739e+00,  7.50602444e-02,  1.56976923e+00,
         2.63280916e+00, -3.07735784e-01,  1.13482839e+00,
         2.40782696e+00, -1.59154141e+00, -2.48236734e-01,
        -4.46159805e-01, -7.85860061e-01, -7.05140896e-01,
        -6.17841621e-01,  4.97244735e-03,  6.17612134e-01,
        -1.16693494e-01,  9.73970469e-02, -3.72702871e-02],
       [ 7.50602444e-02,  2.20589667e+00,  3.56817361e-01,
         1.31295993e-01,  8.21399015e-01,  4.36529310e-02,
         1.68052557e-01, -2.93418942e-01, -3.75614294e-01,
        -9.00978756e-01, -3.58360900e-01, -8.86485418e-01,
         2.87641268e-01, -1.38106383e-03,  1.39817249e-01,
        -2.01392849e-03, -9.88410887e-04,  3.85689986e-02],
       [ 1.56976923e+00,  3.56817361e-01,  2.24742142e+00,
         4.90672188e-01,  6.94553892e-02,  9.73122436e-01,
         1.03918759e-03,  6.08558862e-01,  2.61550823e-01,
         2.72608429e-01,  4.93562368e-01, -8.21513467e-01,
        -3.10729706e-01, -1.05187128e-01,  1.54069812e-01,
        -1.19025709e-01,  1.72794174e-01, -5.40694238e-02],
       [ 2.63280916e+00,  1.31295993e-01,  4.90672188e-01,
         9.63868278e-01, -6.98044965e-02,  3.71507420e-01,
         8.22963770e-01, -6.40313439e-01, -7.74147483e-02,
        -2.45973070e-01, -3.48822956e-01, -2.95316809e-01,
        -1.72648844e-01,  8.03512225e-03,  2.39475152e-01,
        -3.31503223e-02,  1.97047749e-02,  7.68165160e-03],
       [-3.07735784e-01,  8.21399015e-01,  6.94553892e-02,
        -6.98044965e-02,  3.36925798e-01, -2.84822764e-02,
        -7.12681743e-02,  4.43809486e-02, -7.22067212e-02,
        -2.50590241e-01, -1.03749870e-01, -2.82562651e-01,
         1.28024824e-01,  1.96628321e-02,  1.93579711e-02,
         1.05902584e-02,  1.01825790e-02,  1.48287784e-02],
       [ 1.13482839e+00,  4.36529310e-02,  9.73122436e-01,
         3.71507420e-01, -2.84822764e-02,  4.86879696e-01,
         2.80381559e-02,  2.38834665e-01,  9.24235250e-02,
         2.61929074e-01,  3.72135958e-02, -3.08050172e-01,
        -2.18234195e-01, -1.14888861e-02,  1.27262025e-01,
        -7.71405289e-02,  8.41515342e-02, -1.58427748e-02],
       [ 2.40782696e+00,  1.68052557e-01,  1.03918759e-03,
         8.22963770e-01, -7.12681743e-02,  2.80381559e-02,
         1.22525685e+01, -7.39559688e-01,  1.30583242e-01,
         1.28245525e-01,  1.97084165e+00, -6.05971496e-01,
        -2.20936891e-01, -5.94249899e-01, -4.45039599e-01,
         1.16505638e+00, -9.38503926e-02, -8.25286051e-01],
       [-1.59154141e+00, -2.93418942e-01,  6.08558862e-01,
        -6.40313439e-01,  4.43809486e-02,  2.38834665e-01,
        -7.39559688e-01,  7.82576392e+00,  7.77554338e-01,
         2.30194816e+00, -3.34503259e-01, -4.63385896e-01,
        -5.05003881e-01,  2.45437963e-01, -1.17612240e-01,
        -1.02913280e-01,  7.54702222e-01, -2.04002760e-01],
       [-2.48236734e-01, -3.75614294e-01,  2.61550823e-01,
        -7.74147483e-02, -7.22067212e-02,  9.24235250e-02,
         1.30583242e-01,  7.77554338e-01,  3.83957452e+00,
         5.38573659e-01,  6.32481735e-01, -4.53904218e-01,
        -1.30437445e-03, -4.54785175e-02,  2.82773426e-02,
         1.34848067e-01,  8.11125454e-02,  2.89314936e-01],
       [-4.46159805e-01, -9.00978756e-01,  2.72608429e-01,
        -2.45973070e-01, -2.50590241e-01,  2.61929074e-01,
         1.28245525e-01,  2.30194816e+00,  5.38573659e-01,
         2.62719769e+00,  1.82420795e-01,  1.90510265e-01,
        -6.53698025e-01,  5.21760472e-02, -9.83978007e-02,
        -1.80620489e-02,  1.77577560e-01, -2.34854835e-01],
       [-7.85860061e-01, -3.58360900e-01,  4.93562368e-01,
        -3.48822956e-01, -1.03749870e-01,  3.72135958e-02,
         1.97084165e+00, -3.34503259e-01,  6.32481735e-01,
         1.82420795e-01,  1.80685140e+00, -1.52153404e-01,
        -1.08205332e-03, -3.78025098e-01, -3.36740525e-01,
         2.64207933e-01, -7.39229514e-02, -2.30238429e-01],
       [-7.05140896e-01, -8.86485418e-01, -8.21513467e-01,
        -2.95316809e-01, -2.82562651e-01, -3.08050172e-01,
        -6.05971496e-01, -4.63385896e-01, -4.53904218e-01,
         1.90510265e-01, -1.52153404e-01,  1.11913500e+00,
        -2.70058825e-03,  1.14180662e-01, -1.75845738e-01,
        -3.51272585e-03, -4.62710686e-02,  3.66604227e-04],
       [-6.17841621e-01,  2.87641268e-01, -3.10729706e-01,
        -1.72648844e-01,  1.28024824e-01, -2.18234195e-01,
        -2.20936891e-01, -5.05003881e-01, -1.30437445e-03,
        -6.53698025e-01, -1.08205332e-03, -2.70058825e-03,
         2.81666114e-01, -9.10267405e-03, -2.67335552e-02,
         5.42221644e-02, -7.36920317e-02,  8.41585475e-02],
       [ 4.97244735e-03, -1.38106383e-03, -1.05187128e-01,
         8.03512225e-03,  1.96628321e-02, -1.14888861e-02,
        -5.94249899e-01,  2.45437963e-01, -4.54785175e-02,
         5.21760472e-02, -3.78025098e-01,  1.14180662e-01,
        -9.10267405e-03,  1.25003016e-01,  4.88475283e-02,
        -6.05486671e-02,  5.41218000e-02,  5.51806687e-02],
       [ 6.17612134e-01,  1.39817249e-01,  1.54069812e-01,
         2.39475152e-01,  1.93579711e-02,  1.27262025e-01,
        -4.45039599e-01, -1.17612240e-01,  2.82773426e-02,
        -9.83978007e-02, -3.36740525e-01, -1.75845738e-01,
        -2.67335552e-02,  4.88475283e-02,  1.61969373e-01,
        -8.25229036e-02,  7.10860653e-03,  8.73109941e-02],
       [-1.16693494e-01, -2.01392849e-03, -1.19025709e-01,
        -3.31503223e-02,  1.05902584e-02, -7.71405289e-02,
         1.16505638e+00, -1.02913280e-01,  1.34848067e-01,
        -1.80620489e-02,  2.64207933e-01, -3.51272585e-03,
         5.42221644e-02, -6.05486671e-02, -8.25229036e-02,
         1.65333428e-01, -2.73176702e-02, -6.53268026e-02],
       [ 9.73970469e-02, -9.88410887e-04,  1.72794174e-01,
         1.97047749e-02,  1.01825790e-02,  8.41515342e-02,
        -9.38503926e-02,  7.54702222e-01,  8.11125454e-02,
         1.77577560e-01, -7.39229514e-02, -4.62710686e-02,
        -7.36920317e-02,  5.41218000e-02,  7.10860653e-03,
        -2.73176702e-02,  1.13907666e-01, -1.22555243e-02],
       [-3.72702871e-02,  3.85689986e-02, -5.40694238e-02,
         7.68165160e-03,  1.48287784e-02, -1.58427748e-02,
        -8.25286051e-01, -2.04002760e-01,  2.89314936e-01,
        -2.34854835e-01, -2.30238429e-01,  3.66604227e-04,
         8.41585475e-02,  5.51806687e-02,  8.73109941e-02,
        -6.53268026e-02, -1.22555243e-02,  1.42201534e-01]])
      jac: array([ 3.60230364e-05,  9.12684743e-05, -7.63426359e-05, -7.66472071e-05,
       -2.83929177e-04,  3.04618553e-04, -6.60175618e-06,  2.09499085e-06,
        8.19122548e-06,  3.78308496e-05,  1.12210241e-05, -2.54300285e-05,
        2.48141877e-04,  8.59016562e-06, -7.86929781e-05, -1.09926882e-05,
        1.22477954e-04, -1.69027015e-04])
  message: 'Maximum number of iterations has been exceeded.'
     nfev: 2071
      nit: 100
     njev: 109
   status: 1
  success: False
        x: array([ 1.46529241, -0.86752853,  0.43419437,  1.68388358, -0.77170177,
        0.18010157, -1.70131006, -0.81454051,  1.09512597,  0.06645393,
        0.39365428,  0.92618331, -0.01154747,  0.0229011 , -0.19046859,
       -1.60513182, -0.80907967,  0.12424839])
