Program Begingeth
      fun: 0.32345732183557396
 hess_inv: array([[ 5.71072415e+00, -9.15341136e-01, -4.10392440e-02,
         2.00444096e+00, -4.44181888e-01,  7.34829708e-01,
         1.38743500e+00, -9.95879080e-01,  1.04128142e+00,
         4.16290856e+00,  3.95153752e-01,  4.22796473e-01,
        -8.37668795e-01,  1.00200924e-01,  3.55093019e-01,
         8.05593179e-01,  2.48093223e-01, -3.21064848e-01],
       [-9.15341136e-01,  1.15560559e+00,  6.95422845e-02,
        -3.10900631e-01,  4.49635971e-01, -1.50590022e-01,
        -1.15345414e+00,  1.57822391e-02, -5.03863344e-01,
        -1.06411181e-01, -4.12466621e-01, -6.77868330e-02,
         1.84671703e-01, -1.16078011e-02, -1.19931537e-01,
         1.51994963e-02, -9.20880258e-02,  1.40170293e-02],
       [-4.10392440e-02,  6.95422845e-02,  7.24497708e-01,
        -4.46551780e-02,  4.65508342e-02,  2.74777255e-01,
        -2.78797055e-01,  2.73579134e-01, -2.53077182e-01,
        -6.47719588e-01, -3.89269513e-01, -3.70136100e-02,
         2.73333699e-02,  3.84420459e-02,  4.27827357e-02,
        -1.51618773e-01, -6.39245575e-02,  6.71396149e-02],
       [ 2.00444096e+00, -3.10900631e-01, -4.46551780e-02,
         7.21365304e-01, -1.47334692e-01,  2.41935480e-01,
         4.20048467e-01, -3.98842869e-01,  3.81771439e-01,
         1.34850957e+00,  8.51580487e-02,  1.55420136e-01,
        -2.59182736e-01,  4.16857144e-02,  1.33466781e-01,
         2.69048439e-01,  6.88083760e-02, -9.19143101e-02],
       [-4.44181888e-01,  4.49635971e-01,  4.65508342e-02,
        -1.47334692e-01,  1.94368312e-01, -6.24533317e-02,
        -4.49168190e-01, -3.09034335e-03, -1.70909229e-01,
        -2.91252728e-01, -2.06233306e-01,  8.66657147e-03,
         1.05751622e-01,  1.76955376e-02, -4.24257411e-02,
        -3.92656596e-02, -4.52129178e-02,  4.16010558e-02],
       [ 7.34829708e-01, -1.50590022e-01,  2.74777255e-01,
         2.41935480e-01, -6.24533317e-02,  2.22428669e-01,
         2.26584489e-01, -6.77610660e-02,  3.07869217e-02,
         3.31098397e-01, -4.89035915e-02,  3.94196395e-02,
        -1.20360792e-01,  2.90604529e-02,  8.16290767e-02,
         4.86463770e-02,  1.79086541e-02, -1.77776180e-02],
       [ 1.38743500e+00, -1.15345414e+00, -2.78797055e-01,
         4.20048467e-01, -4.49168190e-01,  2.26584489e-01,
         3.88679910e+00,  4.34410098e-02, -2.59503511e-02,
         1.77415941e+00,  1.79231922e+00,  4.30343557e-01,
        -5.98469543e-01, -6.68644064e-02,  7.89392448e-02,
         2.98522960e-01,  4.15134253e-01, -2.31322748e-01],
       [-9.95879080e-01,  1.57822391e-02,  2.73579134e-01,
        -3.98842869e-01, -3.09034335e-03, -6.77610660e-02,
         4.34410098e-02,  2.53399433e+00, -8.56224824e-01,
         6.32696254e-02,  1.73095186e-01,  5.62011199e-01,
         5.85508463e-02, -2.18862358e-01, -2.27955147e-01,
         7.38589292e-02, -6.64679286e-03,  2.92665397e-02],
       [ 1.04128142e+00, -5.03863344e-01, -2.53077182e-01,
         3.81771439e-01, -1.70909229e-01,  3.07869217e-02,
        -2.59503511e-02, -8.56224824e-01,  2.22012479e+00,
        -5.60249192e-01, -9.05893030e-01, -4.95113368e-01,
        -2.15109932e-02,  1.64172453e-01,  8.46110721e-02,
        -1.32576177e-01, -1.84813174e-01, -2.35271746e-02],
       [ 4.16290856e+00, -1.06411181e-01, -6.47719588e-01,
         1.34850957e+00, -2.91252728e-01,  3.31098397e-01,
         1.77415941e+00,  6.32696254e-02, -5.60249192e-01,
         9.50990087e+00,  2.63681848e+00,  1.80658548e-01,
        -1.21862950e+00, -2.81004235e-01, -1.28523564e-01,
         1.97284009e+00,  7.62305442e-01, -1.01551926e+00],
       [ 3.95153752e-01, -4.12466621e-01, -3.89269513e-01,
         8.51580487e-02, -2.06233306e-01, -4.89035915e-02,
         1.79231922e+00,  1.73095186e-01, -9.05893030e-01,
         2.63681848e+00,  2.66290182e+00,  2.71663990e-01,
        -4.10635642e-01, -1.63474723e-01, -1.28578071e-01,
         5.20161724e-01,  6.58383302e-01, -3.38004415e-01],
       [ 4.22796473e-01, -6.77868330e-02, -3.70136100e-02,
         1.55420136e-01,  8.66657147e-03,  3.94196395e-02,
         4.30343557e-01,  5.62011199e-01, -4.95113368e-01,
         1.80658548e-01,  2.71663990e-01,  1.23007889e+00,
        -2.37221499e-02, -6.24206927e-04,  1.34165627e-03,
         9.25572854e-02,  8.39304649e-02,  2.64719868e-01],
       [-8.37668795e-01,  1.84671703e-01,  2.73333699e-02,
        -2.59182736e-01,  1.05751622e-01, -1.20360792e-01,
        -5.98469543e-01,  5.85508463e-02, -2.15109932e-02,
        -1.21862950e+00, -4.10635642e-01, -2.37221499e-02,
         2.45510524e-01,  2.44999397e-02, -2.10389139e-02,
        -2.18400028e-01, -1.25047356e-01,  1.44791089e-01],
       [ 1.00200924e-01, -1.16078011e-02,  3.84420459e-02,
         4.16857144e-02,  1.76955376e-02,  2.90604529e-02,
        -6.68644064e-02, -2.18862358e-01,  1.64172453e-01,
        -2.81004235e-01, -1.63474723e-01, -6.24206927e-04,
         2.44999397e-02,  5.94501472e-02,  3.35091099e-02,
        -5.81396800e-02, -1.98209362e-02,  4.41510671e-02],
       [ 3.55093019e-01, -1.19931537e-01,  4.27827357e-02,
         1.33466781e-01, -4.24257411e-02,  8.16290767e-02,
         7.89392448e-02, -2.27955147e-01,  8.46110721e-02,
        -1.28523564e-01, -1.28578071e-01,  1.34165627e-03,
        -2.10389139e-02,  3.35091099e-02,  8.58445296e-02,
        -3.85902808e-02, -2.54203820e-02,  3.90116939e-02],
       [ 8.05593179e-01,  1.51994963e-02, -1.51618773e-01,
         2.69048439e-01, -3.92656596e-02,  4.86463770e-02,
         2.98522960e-01,  7.38589292e-02, -1.32576177e-01,
         1.97284009e+00,  5.20161724e-01,  9.25572854e-02,
        -2.18400028e-01, -5.81396800e-02, -3.85902808e-02,
         4.36035215e-01,  1.49146335e-01, -1.93592764e-01],
       [ 2.48093223e-01, -9.20880258e-02, -6.39245575e-02,
         6.88083760e-02, -4.52129178e-02,  1.79086541e-02,
         4.15134253e-01, -6.64679286e-03, -1.84813174e-01,
         7.62305442e-01,  6.58383302e-01,  8.39304649e-02,
        -1.25047356e-01, -1.98209362e-02, -2.54203820e-02,
         1.49146335e-01,  1.86481211e-01, -8.88492829e-02],
       [-3.21064848e-01,  1.40170293e-02,  6.71396149e-02,
        -9.19143101e-02,  4.16010558e-02, -1.77776180e-02,
        -2.31322748e-01,  2.92665397e-02, -2.35271746e-02,
        -1.01551926e+00, -3.38004415e-01,  2.64719868e-01,
         1.44791089e-01,  4.41510671e-02,  3.90116939e-02,
        -1.93592764e-01, -8.88492829e-02,  2.00538088e-01]])
      jac: array([ 9.24149646e-06,  1.49983729e-05,  1.51489932e-05, -2.27799261e-05,
       -3.41715545e-05, -3.00489263e-05,  3.33066907e-09,  1.11466392e-06,
        2.02911761e-06, -2.94320124e-06,  5.95597645e-06,  5.46303743e-06,
        3.94499248e-06,  1.48921616e-05,  3.69419310e-05,  9.86248120e-06,
       -2.26892579e-05, -2.07334150e-05])
  message: 'Desired error not necessarily achieved due to precision loss.'
     nfev: 2309
      nit: 89
     njev: 121
   status: 2
  success: False
        x: array([ 1.58017795, -0.46021045,  0.61690572,  1.75978696, -0.48683353,
        0.22439234,  0.00247817,  1.08246348,  1.54215213, -1.33200224,
       -0.75481426,  0.70560432,  0.10754091,  0.15871364, -0.17146214,
       -1.73139178, -0.86004468,  0.17045706])
