Program Begingeth
      fun: 0.3091091753350458
 hess_inv: array([[ 7.30041762e-01, -1.13008468e-01,  3.03148912e-02,
        -1.68433675e-01,  1.53481023e-01,  3.70863018e-01,
        -3.17398676e-01,  1.79797592e-01,  1.66253239e-01,
        -6.78497576e-01,  3.28195182e-01,  6.72938193e-01,
        -2.83530370e-01,  4.45714839e-02,  3.00834695e-02,
         1.63159819e-02, -9.72037909e-02, -2.28651628e-01],
       [-1.13008468e-01,  4.91277067e-01, -1.12682780e-01,
         2.87964725e-01,  6.95988739e-03, -3.85010122e-01,
         9.39173482e-01,  5.22310616e-01,  2.60013131e-01,
         9.93989795e-01, -3.41198974e-02, -8.98250906e-01,
         7.63944314e-02, -1.61157047e-01, -2.10925230e-01,
         3.96702930e-02,  8.70270812e-02, -8.35602649e-02],
       [ 3.03148912e-02, -1.12682780e-01,  2.74115964e-01,
        -2.06405289e-01,  5.33863337e-02,  1.27892994e-01,
        -4.04126958e-01, -1.64097358e-01, -2.40094888e-01,
        -6.58911627e-01, -3.60877086e-02,  3.91245924e-01,
        -2.71534497e-03,  1.27875521e-01, -3.83166351e-02,
         5.60160987e-02,  1.62813306e-02,  2.48154111e-02],
       [-1.68433675e-01,  2.87964725e-01, -2.06405289e-01,
         7.77760757e-01,  1.95077237e-01, -4.58126535e-01,
         2.06107320e+00,  1.22626883e+00,  1.47275933e+00,
         2.22902269e+00,  6.01959135e-01, -1.68163229e+00,
         2.54978425e-01, -1.12893954e-01, -4.95202530e-02,
         7.16139791e-02,  3.66407107e-02,  6.52428704e-02],
       [ 1.53481023e-01,  6.95988739e-03,  5.33863337e-02,
         1.95077237e-01,  4.08956304e-01, -3.20325267e-02,
         6.96327253e-01,  1.07525078e+00,  8.35944692e-01,
         3.97145941e-01,  9.68591568e-01, -6.59981209e-01,
         5.53429693e-02,  1.26890614e-01,  3.89052716e-02,
         8.42248419e-02,  1.79319974e-02,  3.51490559e-03],
       [ 3.70863018e-01, -3.85010122e-01,  1.27892994e-01,
        -4.58126535e-01, -3.20325267e-02,  6.60062595e-01,
        -1.53066455e+00, -8.40585935e-01, -3.72891579e-01,
        -1.55190579e+00,  4.81769460e-02,  1.79978574e+00,
        -2.02570210e-01,  6.56611480e-02,  1.98969822e-01,
        -6.39192181e-02, -1.49442412e-01, -3.69702255e-02],
       [-3.17398676e-01,  9.39173482e-01, -4.04126958e-01,
         2.06107320e+00,  6.96327253e-01, -1.53066455e+00,
         6.92890002e+00,  3.70835182e+00,  3.79443398e+00,
         5.59199085e+00,  1.63623909e+00, -5.39728558e+00,
         6.51748520e-01, -1.95466149e-01, -3.85360527e-01,
         2.68111722e-01,  1.50904244e-01,  3.53743509e-02],
       [ 1.79797592e-01,  5.22310616e-01, -1.64097358e-01,
         1.22626883e+00,  1.07525078e+00, -8.40585935e-01,
         3.70835182e+00,  6.17094537e+00,  3.57798098e+00,
         4.35639751e+00,  2.23935304e+00, -4.49422207e+00,
         3.49476155e-03,  2.04368312e-01, -1.03060653e-02,
         1.18306938e-01,  3.70956257e-01,  9.66649089e-04],
       [ 1.66253239e-01,  2.60013131e-01, -2.40094888e-01,
         1.47275933e+00,  8.35944692e-01, -3.72891579e-01,
         3.79443398e+00,  3.57798098e+00,  4.81662615e+00,
         4.18520809e+00,  2.47720945e+00, -2.99436052e+00,
         2.83653064e-01, -4.11110840e-02,  1.07491188e-01,
         1.04961773e-01,  3.23077478e-02,  6.09501121e-02],
       [-6.78497576e-01,  9.93989795e-01, -6.58911627e-01,
         2.22902269e+00,  3.97145941e-01, -1.55190579e+00,
         5.59199085e+00,  4.35639751e+00,  4.18520809e+00,
         7.40725762e+00,  1.25128179e+00, -5.55004163e+00,
         5.23059881e-01, -3.12284118e-01, -1.76409729e-01,
         8.66377108e-02,  3.75948387e-01,  2.02145962e-01],
       [ 3.28195182e-01, -3.41198974e-02, -3.60877086e-02,
         6.01959135e-01,  9.68591568e-01,  4.81769460e-02,
         1.63623909e+00,  2.23935304e+00,  2.47720945e+00,
         1.25128179e+00,  2.76116629e+00, -1.34664129e+00,
         1.67545374e-01,  2.08153574e-01,  2.36714586e-01,
         1.31332290e-01, -7.91298003e-03,  5.95382461e-02],
       [ 6.72938193e-01, -8.98250906e-01,  3.91245924e-01,
        -1.68163229e+00, -6.59981209e-01,  1.79978574e+00,
        -5.39728558e+00, -4.49422207e+00, -2.99436052e+00,
        -5.55004163e+00, -1.34664129e+00,  6.33127492e+00,
        -4.78766026e-01, -2.96629848e-02,  3.33615292e-01,
        -1.93032300e-01, -4.79437345e-01, -1.18231518e-01],
       [-2.83530370e-01,  7.63944314e-02, -2.71534497e-03,
         2.54978425e-01,  5.53429693e-02, -2.02570210e-01,
         6.51748520e-01,  3.49476155e-03,  2.83653064e-01,
         5.23059881e-01,  1.67545374e-01, -4.78766026e-01,
         2.71226974e-01, -3.43234191e-02, -3.22742967e-02,
         8.63125453e-02, -2.71635169e-02,  1.11497778e-01],
       [ 4.45714839e-02, -1.61157047e-01,  1.27875521e-01,
        -1.12893954e-01,  1.26890614e-01,  6.56611480e-02,
        -1.95466149e-01,  2.04368312e-01, -4.11110840e-02,
        -3.12284118e-01,  2.08153574e-01, -2.96629848e-02,
        -3.43234191e-02,  1.69913992e-01,  4.83732421e-02,
         1.84526432e-02,  5.27328021e-02,  3.83673748e-02],
       [ 3.00834695e-02, -2.10925230e-01, -3.83166351e-02,
        -4.95202530e-02,  3.89052716e-02,  1.98969822e-01,
        -3.85360527e-01, -1.03060653e-02,  1.07491188e-01,
        -1.76409729e-01,  2.36714586e-01,  3.33615292e-01,
        -3.22742967e-02,  4.83732421e-02,  1.88338209e-01,
        -5.00195294e-02, -3.76832967e-02,  7.95302208e-02],
       [ 1.63159819e-02,  3.96702930e-02,  5.60160987e-02,
         7.16139791e-02,  8.42248419e-02, -6.39192181e-02,
         2.68111722e-01,  1.18306938e-01,  1.04961773e-01,
         8.66377108e-02,  1.31332290e-01, -1.93032300e-01,
         8.63125453e-02,  1.84526432e-02, -5.00195294e-02,
         8.55567991e-02, -1.37854801e-02,  2.91140402e-04],
       [-9.72037909e-02,  8.70270812e-02,  1.62813306e-02,
         3.66407107e-02,  1.79319974e-02, -1.49442412e-01,
         1.50904244e-01,  3.70956257e-01,  3.23077478e-02,
         3.75948387e-01, -7.91298003e-03, -4.79437345e-01,
        -2.71635169e-02,  5.27328021e-02, -3.76832967e-02,
        -1.37854801e-02,  1.33239992e-01,  1.81976322e-02],
       [-2.28651628e-01, -8.35602649e-02,  2.48154111e-02,
         6.52428704e-02,  3.51490559e-03, -3.69702255e-02,
         3.53743509e-02,  9.66649089e-04,  6.09501121e-02,
         2.02145962e-01,  5.95382461e-02, -1.18231518e-01,
         1.11497778e-01,  3.83673748e-02,  7.95302208e-02,
         2.91140402e-04,  1.81976322e-02,  1.47363229e-01]])
      jac: array([-9.94870852e-06,  2.14746739e-05, -2.92780615e-05, -8.39735689e-06,
       -4.31029286e-05,  6.28389933e-05,  1.56393417e-06,  4.63888187e-06,
       -1.72972747e-06,  4.50750548e-07,  8.11721061e-06, -1.02406972e-05,
        1.16995302e-05,  5.84458408e-05, -5.58120217e-05,  9.18820575e-06,
       -2.69650968e-05,  2.07822648e-05])
  message: 'Desired error not necessarily achieved due to precision loss.'
     nfev: 2081
      nit: 69
     njev: 109
   status: 2
  success: False
        x: array([ 0.03688688,  0.25672738,  0.81368692,  1.16335557, -1.12216306,
       -0.31829861,  2.17850494, -0.95567216, -1.21662764,  0.95616938,
       -1.63423349, -0.73719547,  0.10536617,  0.01654822, -0.40350786,
       -1.06520094, -0.45844852,  0.00354985])
