Program Begingeth
      fun: 0.26667046557787955
 hess_inv: array([[ 3.79773222e-01, -3.55083621e-02, -6.62347123e-02,
        -8.24826198e-02,  1.48513316e-01, -2.41905529e-01,
        -8.44563569e-02,  7.20478254e-01, -1.25543788e+00,
         2.48625968e-02,  9.23186378e-02,  3.86029201e-01,
        -3.13587008e-01,  7.69547150e-02, -2.86767945e-01,
        -1.10367927e-01, -2.13885369e-02, -1.00481650e-01],
       [-3.55083621e-02,  4.36977136e-01, -7.44415163e-02,
        -1.76959629e-01, -1.56738842e-01, -1.26818125e-01,
        -7.24587435e-01,  1.23764757e-01,  3.44172076e-02,
         4.48963588e-02,  1.15100930e-01, -4.08313921e-02,
        -1.26229365e-01, -4.65970979e-01,  9.13799673e-03,
        -6.38785112e-03, -1.41778629e-01,  1.35398449e-01],
       [-6.62347123e-02, -7.44415163e-02,  3.77696733e-01,
         1.61637865e-01,  1.13916330e-01, -1.10616167e-02,
         7.31487661e-01, -2.19685810e-01,  5.19438294e-01,
        -3.50267927e-01, -1.00699883e-01, -1.13352844e-01,
         2.70267814e-01,  1.80004470e-01, -2.87824772e-01,
         7.79788698e-02, -9.07086933e-06, -1.57673622e-01],
       [-8.24826198e-02, -1.76959629e-01,  1.61637865e-01,
         3.97821282e-01, -5.34225306e-02, -1.67018217e-02,
         8.81983022e-01, -1.15381371e+00,  5.51856640e-02,
        -1.81950194e-01,  5.38098639e-02, -2.99945126e-02,
         5.31073890e-01,  9.31834072e-02, -1.55686744e-01,
         1.76312933e-01,  9.65876338e-03, -1.05890397e-01],
       [ 1.48513316e-01, -1.56738842e-01,  1.13916330e-01,
        -5.34225306e-02,  3.84699311e-01,  2.19314539e-02,
         6.06755816e-01,  1.15207780e+00, -2.44869356e-02,
        -7.08063020e-02, -2.01874500e-01,  1.60200140e-01,
        -1.82379144e-01,  5.23894285e-01, -1.41074595e-01,
        -6.17371278e-02,  1.64307166e-01, -1.12795678e-01],
       [-2.41905529e-01, -1.26818125e-01, -1.10616167e-02,
        -1.67018217e-02,  2.19314539e-02,  4.40839715e-01,
         2.04757582e-01,  1.68674869e-02,  1.45158565e+00,
         3.22928168e-02, -2.73373468e-01, -2.58187089e-01,
         7.78268695e-02,  2.11300499e-01,  4.91498842e-01,
         2.42718519e-02,  1.11794837e-01,  1.30316093e-01],
       [-8.44563569e-02, -7.24587435e-01,  7.31487661e-01,
         8.81983022e-01,  6.06755816e-01,  2.04757582e-01,
         4.76013581e+00, -5.44239252e-01,  9.73259472e-01,
        -4.85730921e-01, -3.66063893e-01,  4.99681964e-02,
         8.36004362e-01,  1.26827697e+00, -4.64673760e-01,
         2.08060039e-01,  3.58832894e-01, -4.08226880e-01],
       [ 7.20478254e-01,  1.23764757e-01, -2.19685810e-01,
        -1.15381371e+00,  1.15207780e+00,  1.68674869e-02,
        -5.44239252e-01,  7.64103230e+00, -8.46831346e-01,
         4.08633232e-01, -2.60859711e-01,  6.16981254e-01,
        -1.94281613e+00,  7.74027916e-01,  1.06149245e-01,
        -6.39401023e-01,  2.11199978e-01,  1.18183136e-01],
       [-1.25543788e+00,  3.44172076e-02,  5.19438294e-01,
         5.51856640e-02, -2.44869356e-02,  1.45158565e+00,
         9.73259472e-01, -8.46831346e-01,  8.54258774e+00,
        -5.37603861e-01, -1.12679168e+00, -1.11360337e+00,
         8.48328066e-01,  4.18859792e-01,  9.99185957e-01,
         3.28274690e-01,  2.15109969e-01,  1.54162997e-01],
       [ 2.48625968e-02,  4.48963588e-02, -3.50267927e-01,
        -1.81950194e-01, -7.08063020e-02,  3.22928168e-02,
        -4.85730921e-01,  4.08633232e-01, -5.37603861e-01,
         4.87222706e-01,  7.95605973e-02,  6.21286413e-02,
        -3.42916028e-01, -1.04874842e-01,  3.15636858e-01,
        -1.14657506e-01,  4.06224187e-02,  1.61526959e-01],
       [ 9.23186378e-02,  1.15100930e-01, -1.00699883e-01,
         5.38098639e-02, -2.01874500e-01, -2.73373468e-01,
        -3.66063893e-01, -2.60859711e-01, -1.12679168e+00,
         7.95605973e-02,  6.40693571e-01,  6.49203235e-02,
        -2.52639366e-02, -4.90717717e-01, -8.95249773e-02,
        -6.79010902e-02, -1.74952191e-01,  1.09316712e-01],
       [ 3.86029201e-01, -4.08313921e-02, -1.13352844e-01,
        -2.99945126e-02,  1.60200140e-01, -2.58187089e-01,
         4.99681964e-02,  6.16981254e-01, -1.11360337e+00,
         6.21286413e-02,  6.49203235e-02,  5.61800864e-01,
        -2.54736187e-01,  1.11896073e-01, -3.62211912e-01,
        -7.01142269e-02, -9.89235500e-03, -1.44392550e-01],
       [-3.13587008e-01, -1.26229365e-01,  2.70267814e-01,
         5.31073890e-01, -1.82379144e-01,  7.78268695e-02,
         8.36004362e-01, -1.94281613e+00,  8.48328066e-01,
        -3.42916028e-01, -2.52639366e-02, -2.54736187e-01,
         9.15625065e-01, -4.22845627e-03, -1.05785620e-01,
         3.45213362e-01, -1.89144175e-02, -1.00063858e-01],
       [ 7.69547150e-02, -4.65970979e-01,  1.80004470e-01,
         9.31834072e-02,  5.23894285e-01,  2.11300499e-01,
         1.26827697e+00,  7.74027916e-01,  4.18859792e-01,
        -1.04874842e-01, -4.90717717e-01,  1.11896073e-01,
        -4.22845627e-03,  1.02005325e+00, -7.28197000e-02,
        -4.02477994e-03,  3.68049147e-01, -2.15486354e-01],
       [-2.86767945e-01,  9.13799673e-03, -2.87824772e-01,
        -1.55686744e-01, -1.41074595e-01,  4.91498842e-01,
        -4.64673760e-01,  1.06149245e-01,  9.99185957e-01,
         3.15636858e-01, -8.95249773e-02, -3.62211912e-01,
        -1.05785620e-01, -7.28197000e-02,  9.00704124e-01,
        -4.29389000e-02,  8.14268804e-02,  3.96777463e-01],
       [-1.10367927e-01, -6.38785112e-03,  7.79788698e-02,
         1.76312933e-01, -6.17371278e-02,  2.42718519e-02,
         2.08060039e-01, -6.39401023e-01,  3.28274690e-01,
        -1.14657506e-01, -6.79010902e-02, -7.01142269e-02,
         3.45213362e-01, -4.02477994e-03, -4.29389000e-02,
         1.63287354e-01, -5.85368350e-03, -4.00417365e-02],
       [-2.13885369e-02, -1.41778629e-01, -9.07086933e-06,
         9.65876338e-03,  1.64307166e-01,  1.11794837e-01,
         3.58832894e-01,  2.11199978e-01,  2.15109969e-01,
         4.06224187e-02, -1.74952191e-01, -9.89235500e-03,
        -1.89144175e-02,  3.68049147e-01,  8.14268804e-02,
        -5.85368350e-03,  1.78867335e-01, -2.45426011e-02],
       [-1.00481650e-01,  1.35398449e-01, -1.57673622e-01,
        -1.05890397e-01, -1.12795678e-01,  1.30316093e-01,
        -4.08226880e-01,  1.18183136e-01,  1.54162997e-01,
         1.61526959e-01,  1.09316712e-01, -1.44392550e-01,
        -1.00063858e-01, -2.15486354e-01,  3.96777463e-01,
        -4.00417365e-02, -2.45426011e-02,  2.55696331e-01]])
      jac: array([-8.25894908e-06,  9.99311744e-06, -4.19301631e-05,  3.82679074e-05,
        5.48139312e-05,  5.81938201e-05,  9.70556968e-06,  2.14273044e-07,
        4.92568949e-07, -9.58640574e-06, -1.89685305e-05, -3.78130860e-05,
        3.72720373e-05, -2.91977553e-05, -5.43061892e-05, -7.36166683e-05,
        1.43385304e-05, -2.88528460e-05])
  message: 'Desired error not necessarily achieved due to precision loss.'
     nfev: 1436
      nit: 40
     njev: 75
   status: 2
  success: False
        x: array([ 0.77128529, -0.02742837,  0.51679211,  0.23337578, -0.88367166,
       -0.99851908,  1.18330496, -1.40380761, -1.26850706, -1.1148409 ,
        0.04672422,  0.67764858,  0.14506082,  0.04684563, -0.84261648,
        0.09610645,  1.15313933, -1.04870429])
