Program Begingeth
      fun: 0.31161877832714857
 hess_inv: array([[ 1.57233041e+00, -9.70310181e-02,  2.11626573e-01,
         2.93180652e-01, -2.56028790e-01,  3.90378619e-01,
         7.31532535e-01, -5.60503704e-01,  6.55673868e-01,
         9.15547085e-01, -8.45896833e-01,  1.18298796e-01,
        -6.29760535e-01,  3.59523042e-03,  4.55224279e-02,
        -2.73363956e-02, -9.39331817e-03, -2.57808098e-01],
       [-9.70310181e-02,  7.28501680e-01, -1.29361071e-01,
        -2.95659146e-01,  6.71730940e-02, -2.36322224e-01,
        -1.39131295e+00,  2.76626342e-01, -2.34751612e-01,
        -8.12632805e-01, -6.97767311e-02, -9.44431743e-02,
         5.21670618e-02, -2.25858172e-01, -2.27408724e-01,
         4.57032627e-02,  1.45389790e-02, -1.19725783e-01],
       [ 2.11626573e-01, -1.29361071e-01,  3.80238940e-01,
         1.15510823e-01, -1.33903698e-02,  1.36061486e-01,
         1.24297217e-02, -4.22863791e-01,  2.74968395e-01,
         5.33447479e-01, -9.81671916e-02,  3.43883531e-02,
        -6.45373216e-02,  1.11573543e-01, -3.18036000e-02,
         3.75108443e-02,  3.07926667e-02,  2.27340514e-02],
       [ 2.93180652e-01, -2.95659146e-01,  1.15510823e-01,
         4.64624092e-01,  5.32480221e-02,  2.21699542e-01,
         1.35057090e+00,  2.52066833e-01,  1.31097776e+00,
         1.33635728e+00,  2.40730138e-01, -1.68207055e-01,
        -4.54536753e-02,  9.58183961e-02,  1.48097488e-01,
         8.08850752e-03, -1.42801616e-02,  3.68507665e-02],
       [-2.56028790e-01,  6.71730940e-02, -1.33903698e-02,
         5.32480221e-02,  3.22297155e-01, -8.10504887e-02,
        -1.52135059e-01,  8.34570114e-01,  7.59047843e-01,
         1.55629786e-01,  8.50078329e-01, -2.40117336e-01,
         1.75165754e-01,  5.64819980e-02, -4.09050995e-02,
         5.96041660e-02,  1.61634850e-02,  4.67025694e-02],
       [ 3.90378619e-01, -2.36322224e-01,  1.36061486e-01,
         2.21699542e-01, -8.10504887e-02,  3.60050357e-01,
         9.22322257e-01, -5.06266283e-01,  9.96448912e-01,
         7.89993337e-01, -9.27604133e-02,  4.07271364e-01,
        -2.08547239e-01,  1.02369725e-01,  1.42229445e-01,
        -3.91480807e-02,  4.17284520e-02, -1.56378913e-03],
       [ 7.31532535e-01, -1.39131295e+00,  1.24297217e-02,
         1.35057090e+00, -1.52135059e-01,  9.22322257e-01,
         9.40927919e+00, -7.29983026e-01,  4.66788781e+00,
         3.37022648e+00,  1.21173788e+00, -8.31711676e-02,
        -5.50513159e-01,  3.17081456e-01,  6.71029131e-01,
        -2.73508312e-01,  1.59255983e-01,  7.26682992e-02],
       [-5.60503704e-01,  2.76626342e-01, -4.22863791e-01,
         2.52066833e-01,  8.34570114e-01, -5.06266283e-01,
        -7.29983026e-01,  4.49463221e+00,  1.54873263e+00,
         3.46227949e-01,  1.71485504e+00, -1.46423293e+00,
         5.54775828e-01, -2.92870779e-02, -3.80926310e-02,
         1.39732257e-01, -8.17995528e-02,  1.02347305e-01],
       [ 6.55673868e-01, -2.34751612e-01,  2.74968395e-01,
         1.31097776e+00,  7.59047843e-01,  9.96448912e-01,
         4.66788781e+00,  1.54873263e+00,  9.19431288e+00,
         4.23373175e+00,  2.80876694e+00, -2.60848098e-01,
        -2.53179554e-01,  2.59276933e-01,  3.78538585e-01,
        -2.35677303e-02,  1.77756564e-01,  9.04380689e-02],
       [ 9.15547085e-01, -8.12632805e-01,  5.33447479e-01,
         1.33635728e+00,  1.55629786e-01,  7.89993337e-01,
         3.37022648e+00,  3.46227949e-01,  4.23373175e+00,
         4.21191560e+00,  6.39268436e-01, -2.13063049e-01,
        -2.08964774e-01,  3.32388505e-01,  4.06930657e-01,
         1.73224218e-02,  4.47394177e-03,  1.09809581e-01],
       [-8.45896833e-01, -6.97767311e-02, -9.81671916e-02,
         2.40730138e-01,  8.50078329e-01, -9.27604133e-02,
         1.21173788e+00,  1.71485504e+00,  2.80876694e+00,
         6.39268436e-01,  2.80749359e+00, -5.35859815e-01,
         4.14773610e-01,  1.86063351e-01, -1.07289923e-02,
         8.00542325e-02,  7.76997247e-02,  1.60610304e-01],
       [ 1.18298796e-01, -9.44431743e-02,  3.43883531e-02,
        -1.68207055e-01, -2.40117336e-01,  4.07271364e-01,
        -8.31711676e-02, -1.46423293e+00, -2.60848098e-01,
        -2.13063049e-01, -5.35859815e-01,  1.30536040e+00,
        -2.15035845e-01,  8.21856192e-02,  1.07598890e-01,
        -6.66898793e-02,  8.93573326e-02, -1.55511847e-02],
       [-6.29760535e-01,  5.21670618e-02, -6.45373216e-02,
        -4.54536753e-02,  1.75165754e-01, -2.08547239e-01,
        -5.50513159e-01,  5.54775828e-01, -2.53179554e-01,
        -2.08964774e-01,  4.14773610e-01, -2.15035845e-01,
         3.49411674e-01,  2.03762384e-03, -3.08262135e-02,
         7.19386187e-02, -2.98802312e-02,  1.19978811e-01],
       [ 3.59523042e-03, -2.25858172e-01,  1.11573543e-01,
         9.58183961e-02,  5.64819980e-02,  1.02369725e-01,
         3.17081456e-01, -2.92870779e-02,  2.59276933e-01,
         3.32388505e-01,  1.86063351e-01,  8.21856192e-02,
         2.03762384e-03,  1.32395415e-01,  5.48983668e-02,
         5.41902381e-03,  3.19988229e-02,  5.10341752e-02],
       [ 4.55224279e-02, -2.27408724e-01, -3.18036000e-02,
         1.48097488e-01, -4.09050995e-02,  1.42229445e-01,
         6.71029131e-01, -3.80926310e-02,  3.78538585e-01,
         4.06930657e-01, -1.07289923e-02,  1.07598890e-01,
        -3.08262135e-02,  5.48983668e-02,  1.46922681e-01,
        -3.26193601e-02, -5.17771997e-03,  5.73131652e-02],
       [-2.73363956e-02,  4.57032627e-02,  3.75108443e-02,
         8.08850752e-03,  5.96041660e-02, -3.91480807e-02,
        -2.73508312e-01,  1.39732257e-01, -2.35677303e-02,
         1.73224218e-02,  8.00542325e-02, -6.66898793e-02,
         7.19386187e-02,  5.41902381e-03, -3.26193601e-02,
         5.68711610e-02, -9.89696419e-03,  8.25661110e-03],
       [-9.39331817e-03,  1.45389790e-02,  3.07926667e-02,
        -1.42801616e-02,  1.61634850e-02,  4.17284520e-02,
         1.59255983e-01, -8.17995528e-02,  1.77756564e-01,
         4.47394177e-03,  7.76997247e-02,  8.93573326e-02,
        -2.98802312e-02,  3.19988229e-02, -5.17771997e-03,
        -9.89696419e-03,  4.93549420e-02, -3.43185888e-03],
       [-2.57808098e-01, -1.19725783e-01,  2.27340514e-02,
         3.68507665e-02,  4.67025694e-02, -1.56378913e-03,
         7.26682992e-02,  1.02347305e-01,  9.04380689e-02,
         1.09809581e-01,  1.60610304e-01, -1.55511847e-02,
         1.19978811e-01,  5.10341752e-02,  5.73131652e-02,
         8.25661110e-03, -3.43185888e-03,  1.01169286e-01]])
      jac: array([ 8.61903141e-06,  1.17198843e-05, -3.83619063e-06, -2.48549329e-05,
       -1.63276800e-05,  5.89824486e-06,  1.93807933e-06,  1.02584607e-06,
       -1.97175609e-06,  6.88893387e-06,  5.81238761e-06, -7.16463925e-07,
        1.80092978e-05,  2.04332847e-05,  2.20564308e-06, -6.73165227e-06,
       -9.54310705e-06, -8.80776933e-07])
  message: 'Desired error not necessarily achieved due to precision loss.'
     nfev: 2102
      nit: 67
     njev: 110
   status: 2
  success: False
        x: array([ 0.09822936,  0.1459705 ,  0.78441185,  1.56287567, -0.80580638,
        0.32892923,  1.01646771, -1.83077311,  0.77063247,  1.9091139 ,
       -0.7257416 ,  0.90121179,  0.03276111,  0.10329208, -0.21360263,
       -1.4103088 , -0.47512859,  0.05102336])
