Program Begingeth
      fun: 0.2384708057506404
 hess_inv: array([[ 8.98884387e-01, -4.47130088e-02, -1.61056343e-02,
         5.41928258e-02,  4.52565807e-03,  1.25068562e-01,
        -1.49278915e-01,  4.70376785e-01,  1.00557184e-01,
         2.38204562e-01, -1.90951871e-01, -5.41593802e-02,
        -3.46664280e-01,  1.28414189e-02, -2.01644207e-02,
         2.26451421e-02, -2.89849940e-02, -2.17695245e-01],
       [-4.47130088e-02,  3.28843172e-01, -1.85139190e-02,
         3.13270763e-02,  3.10500898e-02, -3.75653481e-01,
        -3.36307274e-01, -3.83993994e-01, -8.47540056e-01,
         2.38559713e-01,  1.90160164e-01, -8.61021527e-01,
         4.12211435e-02, -1.07770449e-01, -1.59624201e-01,
         2.74585511e-02,  1.69439242e-02, -6.19948732e-02],
       [-1.61056343e-02, -1.85139190e-02,  2.24068867e-01,
         4.10736467e-02,  1.23091193e-01,  3.00218344e-02,
         1.01286782e-01,  2.10878286e-01,  3.20271467e-02,
         1.49247804e-01,  2.25314311e-01,  5.77516624e-02,
         4.61133246e-02,  8.91619638e-02, -4.85978945e-02,
         5.44858650e-02,  3.52464973e-02,  4.05189723e-02],
       [ 5.41928258e-02,  3.13270763e-02,  4.10736467e-02,
         2.54752010e-01,  2.58071005e-02, -1.44409540e-01,
         1.95570700e-01, -2.50894547e-01, -4.39140117e-01,
         6.81343541e-01,  1.91211475e-02, -3.92714746e-01,
         1.15029411e-01, -5.58701949e-03, -3.66499431e-02,
         7.13656000e-02, -4.49713996e-02,  1.01232996e-02],
       [ 4.52565807e-03,  3.10500898e-02,  1.23091193e-01,
         2.58071005e-02,  1.68267277e-01, -1.66152140e-03,
         1.39796730e-01,  3.09093819e-01, -9.99896324e-02,
         1.06302139e-01,  3.68419249e-01,  4.80525135e-02,
         1.61908889e-02,  7.00788189e-02, -5.53498156e-02,
         3.81116690e-02,  2.97585619e-02,  1.31150448e-03],
       [ 1.25068562e-01, -3.75653481e-01,  3.00218344e-02,
        -1.44409540e-01, -1.66152141e-03,  1.13460898e+00,
         2.00203323e+00,  1.73476102e+00,  3.09792299e+00,
        -1.14227731e+00, -4.80402213e-01,  2.99548163e+00,
        -1.17275529e-01,  1.43913646e-01,  2.48386602e-01,
        -5.26695927e-02,  3.12829466e-03,  1.37726198e-02],
       [-1.49278915e-01, -3.36307274e-01,  1.01286782e-01,
         1.95570700e-01,  1.39796730e-01,  2.00203323e+00,
         6.73417068e+00,  3.02237979e+00,  6.26574671e+00,
        -1.74897298e+00, -5.83657997e-01,  5.97552025e+00,
         2.18481655e-01,  1.55613087e-01,  2.10992096e-01,
         5.07128299e-02, -6.65179450e-02,  2.32424010e-02],
       [ 4.70376785e-01, -3.83993994e-01,  2.10878286e-01,
        -2.50894547e-01,  3.09093819e-01,  1.73476102e+00,
         3.02237979e+00,  4.21236325e+00,  4.49905948e+00,
        -1.64424079e+00, -2.87591131e-01,  4.57569921e+00,
        -3.21918134e-01,  2.80280669e-01,  2.72890736e-01,
        -4.29586694e-02,  5.98863390e-02, -6.30791572e-02],
       [ 1.00557184e-01, -8.47540056e-01,  3.20271467e-02,
        -4.39140117e-01, -9.99896325e-02,  3.09792299e+00,
         6.26574671e+00,  4.49905948e+00,  9.66686110e+00,
        -3.69267356e+00, -1.45856550e+00,  8.31971354e+00,
        -1.76092771e-01,  2.35301035e-01,  5.65806425e-01,
        -1.28044005e-01, -4.44502369e-02,  6.95286839e-03],
       [ 2.38204562e-01,  2.38559713e-01,  1.49247804e-01,
         6.81343541e-01,  1.06302139e-01, -1.14227731e+00,
        -1.74897298e+00, -1.64424079e+00, -3.69267356e+00,
         2.74613764e+00,  4.37352290e-01, -3.26203447e+00,
         2.16266921e-01, -2.65338820e-02, -2.17852123e-01,
         1.83128271e-01, -7.03033854e-02,  6.64956687e-03],
       [-1.90951871e-01,  1.90160164e-01,  2.25314311e-01,
         1.91211475e-02,  3.68419249e-01, -4.80402213e-01,
        -5.83657997e-01, -2.87591131e-01, -1.45856550e+00,
         4.37352290e-01,  1.20639636e+00, -1.08365100e+00,
         8.52036454e-02,  8.28661574e-02, -2.20975096e-01,
         6.68607905e-02,  6.71302956e-02,  1.45619330e-02],
       [-5.41593802e-02, -8.61021527e-01,  5.77516624e-02,
        -3.92714746e-01,  4.80525135e-02,  2.99548163e+00,
         5.97552025e+00,  4.57569921e+00,  8.31971354e+00,
        -3.26203447e+00, -1.08365100e+00,  8.30761132e+00,
        -1.50699067e-01,  3.53042791e-01,  5.95387140e-01,
        -1.33980602e-01,  2.97953422e-02,  7.44241778e-02],
       [-3.46664280e-01,  4.12211435e-02,  4.61133246e-02,
         1.15029411e-01,  1.61908889e-02, -1.17275529e-01,
         2.18481655e-01, -3.21918134e-01, -1.76092771e-01,
         2.16266921e-01,  8.52036454e-02, -1.50699067e-01,
         2.34716933e-01, -9.45891961e-03, -1.86180783e-02,
         5.51455574e-02, -1.66255401e-02,  9.98979832e-02],
       [ 1.28414189e-02, -1.07770449e-01,  8.91619638e-02,
        -5.58701949e-03,  7.00788189e-02,  1.43913646e-01,
         1.55613087e-01,  2.80280669e-01,  2.35301035e-01,
        -2.65338820e-02,  8.28661574e-02,  3.53042791e-01,
        -9.45891961e-03,  1.00330019e-01,  3.36782345e-02,
         9.85563255e-03,  3.44408124e-02,  3.13940206e-02],
       [-2.01644207e-02, -1.59624201e-01, -4.85978945e-02,
        -3.66499431e-02, -5.53498156e-02,  2.48386602e-01,
         2.10992096e-01,  2.72890736e-01,  5.65806425e-01,
        -2.17852123e-01, -2.20975096e-01,  5.95387140e-01,
        -1.86180783e-02,  3.36782345e-02,  1.33005596e-01,
        -3.31955069e-02, -1.11568889e-02,  5.12669427e-02],
       [ 2.26451421e-02,  2.74585511e-02,  5.44858650e-02,
         7.13656000e-02,  3.81116690e-02, -5.26695927e-02,
         5.07128299e-02, -4.29586694e-02, -1.28044005e-01,
         1.83128271e-01,  6.68607905e-02, -1.33980602e-01,
         5.51455574e-02,  9.85563255e-03, -3.31955069e-02,
         5.56518187e-02, -6.20976458e-03,  4.41194816e-03],
       [-2.89849940e-02,  1.69439242e-02,  3.52464973e-02,
        -4.49713996e-02,  2.97585619e-02,  3.12829466e-03,
        -6.65179450e-02,  5.98863390e-02, -4.44502369e-02,
        -7.03033854e-02,  6.71302956e-02,  2.97953422e-02,
        -1.66255401e-02,  3.44408124e-02, -1.11568889e-02,
        -6.20976458e-03,  4.53066194e-02,  5.16505369e-03],
       [-2.17695245e-01, -6.19948732e-02,  4.05189723e-02,
         1.01232996e-02,  1.31150448e-03,  1.37726198e-02,
         2.32424010e-02, -6.30791572e-02,  6.95286839e-03,
         6.64956687e-03,  1.45619330e-02,  7.44241778e-02,
         9.98979832e-02,  3.13940206e-02,  5.12669427e-02,
         4.41194816e-03,  5.16505369e-03,  1.00916176e-01]])
      jac: array([-1.40572739e-06,  3.77568347e-06, -2.92469752e-06,  5.76150239e-06,
       -9.66060565e-06,  5.72467999e-06, -3.89133170e-07,  4.97564952e-07,
       -3.38988097e-07, -1.19534012e-06,  2.05761334e-06, -1.26916995e-06,
       -4.17628894e-06,  1.05887521e-05, -6.87135534e-06,  1.52248584e-06,
       -4.84667861e-06,  5.74817971e-06])
  message: 'Maximum number of iterations has been exceeded.'
     nfev: 2242
      nit: 100
     njev: 118
   status: 1
  success: False
        x: array([ 0.10075155,  0.24534185,  0.79774013,  1.66672644, -0.7519715 ,
        0.03726609,  2.40465575, -0.73552657, -0.96949721,  2.20027622,
       -0.61406503,  0.3911593 ,  0.16244837,  0.18196797, -0.2774703 ,
       -1.20238644, -0.19882835,  0.05100718])
