Program Begingeth
      fun: 0.29117497286371213
 hess_inv: array([[ 4.40409524e+00, -1.84635752e+00,  5.12067356e-02,
         1.58660988e+00, -9.23320305e-01,  1.00536351e+00,
         2.32270083e+00,  8.36573033e-01,  3.41453868e+00,
        -1.25253933e-01, -9.39813892e-01,  6.24762345e-01,
        -6.18767466e-01,  3.47777053e-01,  4.45132611e-01,
        -3.13559295e-01,  4.85688529e-01, -2.24623787e-01],
       [-1.84635752e+00,  4.72063773e+00,  1.12753006e+00,
        -6.04958240e-01,  2.09857424e+00, -4.60319535e-02,
        -4.14766109e+00,  1.52030978e+00,  3.00556387e+00,
        -4.41701710e-01,  6.37287018e-01, -1.41493095e+00,
         6.68663858e-01, -4.20251337e-01, -3.10991125e-01,
         1.67464628e-01, -4.09865603e-01,  1.29954134e-01],
       [ 5.12067356e-02,  1.12753006e+00,  1.98215209e+00,
        -2.46406818e-01,  4.12256887e-01,  8.24998049e-01,
        -2.47392143e+00, -1.35377322e+00,  2.91307771e+00,
        -6.30123156e-02,  6.21422732e-01, -4.66337590e-01,
        -2.05603168e-02, -8.28394189e-02, -1.74437540e-01,
         9.17719202e-02,  3.14679291e-02, -1.00430162e-01],
       [ 1.58660988e+00, -6.04958240e-01, -2.46406818e-01,
         6.63787635e-01, -3.03951488e-01,  2.40753110e-01,
         1.41113802e+00,  6.51870855e-01,  1.06109254e+00,
        -8.55211088e-02, -4.38381538e-01,  1.88405946e-01,
        -1.68684505e-01,  1.05564262e-01,  2.04248332e-01,
        -1.21736569e-01,  1.45196223e-01, -3.22907624e-02],
       [-9.23320305e-01,  2.09857424e+00,  4.12256887e-01,
        -3.03951488e-01,  1.04442069e+00, -5.68961464e-02,
        -2.45342998e+00,  1.32754807e+00,  9.64089523e-01,
        -1.07908903e-01,  2.15235836e-01, -5.45924078e-01,
         3.59709216e-01, -1.47560801e-01, -1.22554987e-01,
         1.19641805e-01, -2.40949040e-01,  6.80280987e-02],
       [ 1.00536351e+00, -4.60319535e-02,  8.24998049e-01,
         2.40753110e-01, -5.68961464e-02,  6.30528369e-01,
        -7.26910683e-01, -2.00658670e-01,  2.16753459e+00,
         4.94675387e-02, -4.78907810e-02, -6.45237615e-03,
        -1.87589349e-01,  6.26650032e-02,  7.22635149e-02,
        -6.23661272e-02,  1.06506058e-01, -8.74797654e-02],
       [ 2.32270083e+00, -4.14766109e+00, -2.47392143e+00,
         1.41113802e+00, -2.45342998e+00, -7.26910683e-01,
         1.42349994e+01, -2.30588610e+00, -3.26984622e+00,
        -4.44213274e-01, -8.44904095e-01,  8.18253476e-01,
        -7.60884426e-01,  3.00595868e-01,  4.52000801e-01,
        -4.52525006e-01,  9.48658723e-01,  1.53423828e-01],
       [ 8.36573033e-01,  1.52030978e+00, -1.35377322e+00,
         6.51870855e-01,  1.32754807e+00, -2.00658670e-01,
        -2.30588610e+00,  8.69762959e+00,  3.77082082e-01,
         1.19920890e-01, -1.16152842e+00, -1.35807371e-01,
         3.34568178e-01,  1.77778558e-01,  5.27180389e-01,
        -1.36969169e-01, -2.45315446e-01,  2.15410952e-01],
       [ 3.41453868e+00,  3.00556387e+00,  2.91307771e+00,
         1.06109254e+00,  9.64089523e-01,  2.16753459e+00,
        -3.26984622e+00,  3.77082082e-01,  1.29212476e+01,
        -4.49965582e-01,  5.89430734e-02, -1.01525110e+00,
        -2.99148974e-01, -2.81599170e-01,  1.83592308e-01,
        -3.45466155e-01,  8.02829509e-02, -1.39470338e-01],
       [-1.25253933e-01, -4.41701710e-01, -6.30123156e-02,
        -8.55211088e-02, -1.07908903e-01,  4.94675387e-02,
        -4.44213274e-01,  1.19920890e-01, -4.49965582e-01,
         6.45458131e-01,  1.52309362e-02,  1.39666414e-01,
        -1.34884219e-01,  8.22369938e-03, -4.25849590e-02,
         1.39804578e-02, -8.28226195e-02, -1.62796987e-01],
       [-9.39813892e-01,  6.37287018e-01,  6.21422732e-01,
        -4.38381538e-01,  2.15235836e-01, -4.78907810e-02,
        -8.44904095e-01, -1.16152842e+00,  5.89430734e-02,
         1.52309362e-02,  9.19015779e-01, -3.40129806e-01,
         1.02869171e-01, -2.28557640e-01, -3.05961851e-01,
         1.29115547e-01, -7.74130318e-02, -1.02884196e-01],
       [ 6.24762345e-01, -1.41493095e+00, -4.66337590e-01,
         1.88405946e-01, -5.45924078e-01, -6.45237615e-03,
         8.18253476e-01, -1.35807371e-01, -1.01525110e+00,
         1.39666414e-01, -3.40129806e-01,  7.54641114e-01,
        -1.48723964e-01,  2.26968129e-01,  7.03399358e-02,
         1.56928456e-02,  1.36473941e-01, -2.84514869e-02],
       [-6.18767466e-01,  6.68663858e-01, -2.05603168e-02,
        -1.68684505e-01,  3.59709216e-01, -1.87589349e-01,
        -7.60884426e-01,  3.34568178e-01, -2.99148974e-01,
        -1.34884219e-01,  1.02869171e-01, -1.48723964e-01,
         2.59038157e-01, -7.35894623e-02, -5.97053066e-02,
         1.21066013e-01, -1.49595192e-01,  8.97172907e-02],
       [ 3.47777053e-01, -4.20251337e-01, -8.28394189e-02,
         1.05564262e-01, -1.47560801e-01,  6.26650032e-02,
         3.00595868e-01,  1.77778558e-01, -2.81599170e-01,
         8.22369938e-03, -2.28557640e-01,  2.26968129e-01,
        -7.35894623e-02,  1.45701139e-01,  6.98364123e-02,
        -1.54084250e-02,  1.10338959e-01,  7.15326897e-03],
       [ 4.45132611e-01, -3.10991125e-01, -1.74437540e-01,
         2.04248332e-01, -1.22554987e-01,  7.22635149e-02,
         4.52000801e-01,  5.27180389e-01,  1.83592308e-01,
        -4.25849590e-02, -3.05961851e-01,  7.03399358e-02,
        -5.97053066e-02,  6.98364123e-02,  1.65584397e-01,
        -7.75917145e-02,  4.28486150e-02,  6.84092673e-02],
       [-3.13559295e-01,  1.67464628e-01,  9.17719202e-02,
        -1.21736569e-01,  1.19641805e-01, -6.23661272e-02,
        -4.52525006e-01, -1.36969169e-01, -3.45466155e-01,
         1.39804578e-02,  1.29115547e-01,  1.56928456e-02,
         1.21066013e-01, -1.54084250e-02, -7.75917145e-02,
         1.19587099e-01, -6.28658532e-02,  3.36874961e-03],
       [ 4.85688529e-01, -4.09865603e-01,  3.14679291e-02,
         1.45196223e-01, -2.40949040e-01,  1.06506058e-01,
         9.48658723e-01, -2.45315446e-01,  8.02829509e-02,
        -8.28226195e-02, -7.74130318e-02,  1.36473941e-01,
        -1.49595192e-01,  1.10338959e-01,  4.28486150e-02,
        -6.28658532e-02,  2.05870485e-01, -1.88636324e-02],
       [-2.24623787e-01,  1.29954134e-01, -1.00430162e-01,
        -3.22907624e-02,  6.80280987e-02, -8.74797654e-02,
         1.53423828e-01,  2.15410952e-01, -1.39470338e-01,
        -1.62796987e-01, -1.02884196e-01, -2.84514869e-02,
         8.97172907e-02,  7.15326897e-03,  6.84092673e-02,
         3.36874961e-03, -1.88636324e-02,  1.37624809e-01]])
      jac: array([ 4.54821366e-07,  6.44669503e-07, -4.20034378e-07, -1.21125332e-06,
       -1.58058751e-06,  1.11207340e-06,  1.70234197e-08,  1.31006317e-07,
       -4.29286236e-08,  9.21485110e-08,  1.46919514e-07, -9.32587341e-08,
        8.34517640e-07,  8.57832324e-07, -1.00882266e-06, -3.18634008e-07,
       -7.84927679e-07,  4.57781960e-07])
  message: 'Optimization terminated successfully.'
     nfev: 1387
      nit: 62
     njev: 73
   status: 0
  success: True
        x: array([ 0.77548253, -1.0809111 ,  0.61750185,  1.00499777, -1.14609732,
        0.15734517,  0.58126991, -1.96036442, -0.45451918,  0.04538079,
        0.60074787,  1.20119604,  0.00470356,  0.08344099, -0.36646492,
       -0.9666919 , -0.52826484, -0.04577951])
