Program Begingeth
      fun: 0.2537748661474119
 hess_inv: array([[ 1.23232584e+00, -4.13720482e-02,  1.87621941e-01,
         3.96175308e-01, -1.75587994e-01,  3.76983147e-01,
         1.23211032e+00, -4.09044369e-01,  9.16280047e-01,
         1.21164776e+00, -6.05037303e-01, -2.07550383e-02,
        -4.79717372e-01,  4.84540601e-03,  6.89983811e-02,
        -1.49166215e-02, -1.59962410e-03, -2.39620301e-01],
       [-4.13720482e-02,  5.25096212e-01, -2.02579846e-01,
        -2.39673834e-01,  4.65840348e-02, -2.24264753e-01,
        -1.62625053e+00,  4.26901858e-01,  9.00972072e-02,
        -6.55680365e-01, -1.14113814e-01, -1.56777812e-01,
         5.73340285e-02, -2.00062665e-01, -1.70699629e-01,
         2.92551264e-02, -3.84596639e-02, -8.52118437e-02],
       [ 1.87621941e-01, -2.02579846e-01,  3.80899412e-01,
         1.90440283e-01, -4.49645796e-02,  2.32097069e-01,
         9.63428869e-01, -9.45380673e-01,  2.38556089e-01,
         7.03436328e-01, -6.36774552e-03,  1.99919989e-01,
        -9.49904122e-02,  1.42182417e-01,  2.56808203e-02,
         2.05379182e-02,  5.51551353e-02,  1.86886925e-02],
       [ 3.96175308e-01, -2.39673834e-01,  1.90440283e-01,
         6.75808251e-01,  9.77550753e-02,  2.51371992e-01,
         2.35582838e+00,  3.03810371e-01,  1.69397723e+00,
         1.92220121e+00,  3.35087508e-01, -4.19333201e-01,
        -5.88862026e-02,  1.12086754e-01,  1.50789945e-01,
         3.12390170e-02,  1.38842245e-02,  2.31523493e-03],
       [-1.75587994e-01,  4.65840348e-02, -4.49645796e-02,
         9.77550753e-02,  3.36788549e-01, -1.07509290e-01,
        -1.03215804e-01,  1.02206923e+00,  8.81056735e-01,
         2.81258328e-01,  8.62912174e-01, -3.69936686e-01,
         1.52369950e-01,  5.59349106e-02, -3.72349471e-02,
         5.39690493e-02,  4.17869940e-03,  4.15392175e-02],
       [ 3.76983147e-01, -2.24264753e-01,  2.32097069e-01,
         2.51371992e-01, -1.07509290e-01,  4.55363490e-01,
         1.59960407e+00, -1.00900646e+00,  8.83274336e-01,
         8.83056736e-01, -8.34733660e-02,  5.90016947e-01,
        -2.37675280e-01,  1.26273156e-01,  1.46338499e-01,
        -3.53111600e-02,  7.41606462e-02, -2.57041575e-02],
       [ 1.23211032e+00, -1.62625053e+00,  9.63428869e-01,
         2.35582838e+00, -1.03215804e-01,  1.59960407e+00,
         1.94477986e+01, -2.62373688e+00,  6.84771188e+00,
         6.18269631e+00,  2.25634510e+00, -5.74293864e-01,
        -1.08965236e+00,  6.73702086e-01,  7.15152811e-01,
        -3.06821841e-01,  5.96464315e-01, -2.02238419e-01],
       [-4.09044369e-01,  4.26901858e-01, -9.45380673e-01,
         3.03810371e-01,  1.02206923e+00, -1.00900646e+00,
        -2.62373688e+00,  7.51577776e+00,  1.87646431e+00,
         3.12219708e-01,  1.63691690e+00, -2.67015192e+00,
         6.79158787e-01, -1.74172150e-01, -8.78253831e-02,
         1.33040543e-01, -1.95544562e-01,  8.56503671e-02],
       [ 9.16280047e-01,  9.00972072e-02,  2.38556089e-01,
         1.69397723e+00,  8.81056735e-01,  8.83274336e-01,
         6.84771188e+00,  1.87646431e+00,  9.84361082e+00,
         5.22558066e+00,  2.87799245e+00, -1.08283856e+00,
        -2.84385372e-01,  2.38521512e-01,  2.90087971e-01,
         5.32688824e-02,  2.27550261e-01, -7.97080691e-02],
       [ 1.21164776e+00, -6.55680365e-01,  7.03436328e-01,
         1.92220121e+00,  2.81258328e-01,  8.83056736e-01,
         6.18269631e+00,  3.12219708e-01,  5.22558066e+00,
         5.79572596e+00,  9.34914385e-01, -8.40171280e-01,
        -2.39168401e-01,  3.72814115e-01,  4.23689218e-01,
         8.57462506e-02,  6.90657482e-02,  8.67270873e-03],
       [-6.05037303e-01, -1.14113814e-01, -6.36774552e-03,
         3.35087508e-01,  8.62912174e-01, -8.34733660e-02,
         2.25634510e+00,  1.63691690e+00,  2.87799245e+00,
         9.34914385e-01,  2.87836354e+00, -7.35778777e-01,
         2.63899165e-01,  2.34887103e-01, -3.74445884e-02,
         6.34089221e-02,  1.17144336e-01,  1.06053204e-01],
       [-2.07550383e-02, -1.56777812e-01,  1.99919989e-01,
        -4.19333201e-01, -3.69936686e-01,  5.90016947e-01,
        -5.74293864e-01, -2.67015192e+00, -1.08283856e+00,
        -8.40171280e-01, -7.35778777e-01,  2.14308673e+00,
        -2.40230702e-01,  1.12527910e-01,  1.11464170e-01,
        -7.37860009e-02,  9.82270362e-02,  1.43629477e-02],
       [-4.79717372e-01,  5.73340285e-02, -9.49904122e-02,
        -5.88862026e-02,  1.52369950e-01, -2.37675280e-01,
        -1.08965236e+00,  6.79158787e-01, -2.84385372e-01,
        -2.39168401e-01,  2.63899165e-01, -2.40230702e-01,
         3.19803847e-01, -1.74835131e-02, -3.51079966e-02,
         7.40673074e-02, -5.62228409e-02,  1.25748893e-01],
       [ 4.84540601e-03, -2.00062665e-01,  1.42182417e-01,
         1.12086754e-01,  5.59349106e-02,  1.26273156e-01,
         6.73702086e-01, -1.74172150e-01,  2.38521512e-01,
         3.72814115e-01,  2.34887103e-01,  1.12527910e-01,
        -1.74835131e-02,  1.32860107e-01,  5.40933551e-02,
         3.20843433e-03,  4.95660428e-02,  4.13532688e-02],
       [ 6.89983811e-02, -1.70699629e-01,  2.56808203e-02,
         1.50789945e-01, -3.72349471e-02,  1.46338499e-01,
         7.15152811e-01, -8.78253831e-02,  2.90087971e-01,
         4.23689218e-01, -3.74445884e-02,  1.11464170e-01,
        -3.51079966e-02,  5.40933551e-02,  1.20419216e-01,
        -1.83837475e-02,  8.13751537e-03,  4.16453196e-02],
       [-1.49166215e-02,  2.92551264e-02,  2.05379182e-02,
         3.12390170e-02,  5.39690493e-02, -3.53111600e-02,
        -3.06821841e-01,  1.33040543e-01,  5.32688824e-02,
         8.57462506e-02,  6.34089221e-02, -7.37860009e-02,
         7.40673074e-02,  3.20843433e-03, -1.83837475e-02,
         5.18890787e-02, -2.07252024e-02,  1.74859205e-02],
       [-1.59962410e-03, -3.84596639e-02,  5.51551353e-02,
         1.38842245e-02,  4.17869940e-03,  7.41606462e-02,
         5.96464315e-01, -1.95544562e-01,  2.27550261e-01,
         6.90657482e-02,  1.17144336e-01,  9.82270362e-02,
        -5.62228409e-02,  4.95660428e-02,  8.13751537e-03,
        -2.07252024e-02,  6.07015403e-02, -7.52494865e-03],
       [-2.39620301e-01, -8.52118437e-02,  1.86886925e-02,
         2.31523493e-03,  4.15392175e-02, -2.57041575e-02,
        -2.02238419e-01,  8.56503671e-02, -7.97080691e-02,
         8.67270873e-03,  1.06053204e-01,  1.43629477e-02,
         1.25748893e-01,  4.13532688e-02,  4.16453196e-02,
         1.74859205e-02, -7.52494865e-03,  1.03889211e-01]])
      jac: array([ 3.12971871e-06,  7.81226935e-07, -4.61186645e-06, -8.43954536e-06,
       -5.34165305e-06,  6.10252589e-06,  6.46519875e-07,  6.92779167e-07,
       -8.75965967e-07,  3.09604194e-06,  1.70863324e-06, -5.96189764e-07,
        4.25770530e-06,  1.45143157e-06, -1.20625732e-05, -4.94271291e-06,
       -3.81028542e-06,  1.12110321e-05])
  message: 'Desired error not necessarily achieved due to precision loss.'
     nfev: 2045
      nit: 81
     njev: 107
   status: 2
  success: False
        x: array([ 0.09421849,  0.26331862,  0.83884852,  1.4479486 , -0.5957747 ,
        0.29505037,  0.86194755, -1.42783889,  0.88896203,  1.82744135,
       -0.51270489,  0.76292874,  0.04079794,  0.18016896, -0.25113931,
       -1.25964602, -0.4298377 ,  0.04511149])
