Program Begingeth
      fun: 0.3557126311654671
 hess_inv: array([[ 6.38610681e+00, -2.73989022e-01, -1.07665870e+00,
         2.46890537e+00,  5.86007174e-02, -9.22131110e-01,
         4.52325708e+00,  2.31451563e+00,  1.08099537e+00,
        -4.60582836e-01,  9.38914536e-01,  4.43622590e-01,
        -2.72747357e-01, -1.79254602e-01, -4.52817652e-01,
         2.13465303e-01,  1.64785480e-02,  2.61476257e-01],
       [-2.73989022e-01,  1.67124672e+00,  1.21335765e-01,
        -1.45039484e-01,  6.57350221e-01, -6.37262193e-02,
        -5.98826612e-01, -7.24589739e-01,  2.04279755e-01,
         1.03899413e+00, -1.67856379e-02, -4.98027301e-01,
        -2.67251260e-01, -1.59808773e-02,  3.61507490e-02,
        -7.73621538e-02, -3.11286189e-02,  7.36635634e-02],
       [-1.07665870e+00,  1.21335765e-01,  1.32026360e+00,
        -3.41989613e-01,  3.10473060e-02,  6.38256207e-01,
        -6.17819150e-01,  9.13799156e-02,  3.78259646e-01,
        -1.56071532e-01,  4.68869889e-02, -4.90522843e-01,
         1.96482558e-01,  3.84576991e-02,  1.51662036e-01,
         9.15116116e-03,  1.00789455e-01, -1.58306394e-02],
       [ 2.46890537e+00, -1.45039484e-01, -3.41989613e-01,
         9.72703566e-01,  6.21752696e-03, -3.21784505e-01,
         1.69443571e+00,  9.60440540e-01,  3.85933413e-01,
        -2.41461777e-01,  3.94144492e-01,  1.67392923e-01,
        -6.60618613e-02, -6.94052740e-02, -1.82661211e-01,
         9.12319484e-02,  2.28913446e-02,  8.09195699e-02],
       [ 5.86007174e-02,  6.57350221e-01,  3.10473060e-02,
         6.21752696e-03,  2.77049265e-01, -4.32277904e-02,
        -7.35066284e-02, -1.62887698e-01,  1.80559026e-01,
         3.56666314e-01,  1.09491029e-02, -1.61458212e-01,
        -1.11018887e-01,  7.21168436e-03, -3.54051537e-03,
        -3.05470833e-02,  2.22029392e-04,  3.98239938e-02],
       [-9.22131110e-01, -6.37262193e-02,  6.38256207e-01,
        -3.21784505e-01, -4.32277904e-02,  3.69494154e-01,
        -3.43526197e-01,  4.50947548e-02,  3.53284182e-02,
        -1.89154552e-01, -1.69445278e-01, -1.92963058e-01,
         1.47691079e-01,  5.87810392e-02,  1.24655628e-01,
         2.28298935e-02,  5.63228407e-02, -1.93085989e-02],
       [ 4.52325708e+00, -5.98826612e-01, -6.17819150e-01,
         1.69443571e+00, -7.35066284e-02, -3.43526197e-01,
         2.10953015e+01,  2.08952400e+00,  1.24919730e-01,
         4.85356727e-01, -2.57848304e+00,  1.30337048e+00,
        -3.66696270e-01,  6.98965112e-01,  6.72312850e-01,
         1.93032886e+00,  1.33153786e-01,  1.47594308e+00],
       [ 2.31451563e+00, -7.24589739e-01,  9.13799156e-02,
         9.60440540e-01, -1.62887698e-01,  4.50947548e-02,
         2.08952400e+00,  9.84072477e+00,  1.18109164e+00,
        -2.32881757e+00, -1.20314574e+00, -3.86911933e-01,
         5.52164665e-01,  4.18381086e-01, -5.60809699e-02,
         2.80666778e-01,  9.51689840e-01, -8.17932728e-02],
       [ 1.08099537e+00,  2.04279755e-01,  3.78259646e-01,
         3.85933413e-01,  1.80559026e-01,  3.53284182e-02,
         1.24919730e-01,  1.18109164e+00,  5.34563049e+00,
        -3.62845268e-01,  8.94173568e-01, -8.19301933e-01,
        -1.23149442e-01, -1.09740202e-01,  2.23626397e-02,
        -1.64268075e-01,  9.90068391e-02,  4.60514634e-01],
       [-4.60582836e-01,  1.03899413e+00, -1.56071532e-01,
        -2.41461777e-01,  3.56666314e-01, -1.89154552e-01,
         4.85356727e-01, -2.32881757e+00, -3.62845268e-01,
         2.30401442e+00, -3.87408827e-03, -7.87044929e-02,
        -5.76290744e-01, -5.33663000e-02,  1.28612284e-01,
         7.88723382e-03, -1.90112854e-01,  2.93228204e-01],
       [ 9.38914536e-01, -1.67856379e-02,  4.68869889e-02,
         3.94144492e-01,  1.09491029e-02, -1.69445278e-01,
        -2.57848304e+00, -1.20314574e+00,  8.94173568e-01,
        -3.87408827e-03,  1.71001146e+00, -1.79478070e-01,
        -6.81248489e-02, -3.84845558e-01, -3.33897263e-01,
        -3.40617469e-01, -1.55521138e-01, -1.83502562e-01],
       [ 4.43622590e-01, -4.98027301e-01, -4.90522843e-01,
         1.67392923e-01, -1.61458212e-01, -1.92963058e-01,
         1.30337048e+00, -3.86911933e-01, -8.19301933e-01,
        -7.87044929e-02, -1.79478070e-01,  8.77649868e-01,
        -3.65527560e-02,  8.18377230e-02, -1.14306977e-01,
         7.38471269e-02, -3.70519354e-02,  1.00087575e-02],
       [-2.72747357e-01, -2.67251260e-01,  1.96482558e-01,
        -6.60618613e-02, -1.11018887e-01,  1.47691079e-01,
        -3.66696270e-01,  5.52164665e-01, -1.23149442e-01,
        -5.76290744e-01, -6.81248489e-02, -3.65527560e-02,
         2.17136134e-01,  2.90067870e-02,  2.18076637e-03,
         2.68261015e-02,  7.09201223e-02, -1.10776464e-01],
       [-1.79254602e-01, -1.59808773e-02,  3.84576991e-02,
        -6.94052740e-02,  7.21168436e-03,  5.87810392e-02,
         6.98965112e-01,  4.18381086e-01, -1.09740202e-01,
        -5.33663000e-02, -3.84845558e-01,  8.18377230e-02,
         2.90067870e-02,  1.22569267e-01,  6.42374971e-02,
         8.08711166e-02,  7.34487959e-02,  4.77921346e-02],
       [-4.52817652e-01,  3.61507490e-02,  1.51662036e-01,
        -1.82661211e-01, -3.54051537e-03,  1.24655628e-01,
         6.72312850e-01, -5.60809699e-02,  2.23626397e-02,
         1.28612284e-01, -3.33897263e-01, -1.14306977e-01,
         2.18076637e-03,  6.42374971e-02,  1.57418228e-01,
         9.59266485e-02,  6.88975205e-03,  1.03044084e-01],
       [ 2.13465303e-01, -7.73621538e-02,  9.15116116e-03,
         9.12319484e-02, -3.05470833e-02,  2.28298935e-02,
         1.93032886e+00,  2.80666778e-01, -1.64268075e-01,
         7.88723382e-03, -3.40617469e-01,  7.38471269e-02,
         2.68261015e-02,  8.08711166e-02,  9.59266485e-02,
         2.26519275e-01,  3.10441684e-02,  1.15908003e-01],
       [ 1.64785480e-02, -3.11286189e-02,  1.00789455e-01,
         2.28913446e-02,  2.22029392e-04,  5.63228407e-02,
         1.33153786e-01,  9.51689840e-01,  9.90068391e-02,
        -1.90112854e-01, -1.55521138e-01, -3.70519354e-02,
         7.09201223e-02,  7.34487959e-02,  6.88975205e-03,
         3.10441684e-02,  1.28627592e-01, -1.04551336e-02],
       [ 2.61476257e-01,  7.36635634e-02, -1.58306394e-02,
         8.09195699e-02,  3.98239938e-02, -1.93085989e-02,
         1.47594308e+00, -8.17932728e-02,  4.60514634e-01,
         2.93228204e-01, -1.83502562e-01,  1.00087575e-02,
        -1.10776464e-01,  4.77921346e-02,  1.03044084e-01,
         1.15908003e-01, -1.04551336e-02,  2.11541502e-01]])
      jac: array([ 2.25560311e-06, -1.26748612e-04,  2.95944750e-04, -2.33894015e-04,
        2.92719552e-04, -5.32758282e-04, -1.16047912e-05, -1.14216044e-05,
       -5.42691817e-05, -6.88612130e-05,  3.34280751e-05,  4.31747231e-05,
        1.31246865e-04, -4.41836567e-04, -1.00235005e-04,  2.68151797e-04,
        2.54338032e-04,  5.75695787e-04])
  message: 'Maximum number of iterations has been exceeded.'
     nfev: 2166
      nit: 100
     njev: 114
   status: 1
  success: False
        x: array([-1.35485468, -1.03011186,  0.50927363, -1.51800943, -0.98679261,
        0.21077673,  1.7133713 , -0.56751591,  0.98356252,  0.03030224,
        0.43257797,  0.94029105,  0.08398931,  0.06503212, -0.19476028,
        1.67161184, -0.50274597,  0.1131795 ])
