Program Begingeth
      fun: 0.3840089566239964
 hess_inv: array([[ 2.32314202e+00,  2.01703087e-01,  1.11367693e-01,
         4.45025298e-01, -5.31710431e-01,  5.62871685e-01,
         1.34133969e+00, -8.82599801e-01,  7.30921314e-01,
         1.35163195e+00, -1.66044140e+00,  2.89997121e-01,
        -9.77531467e-01, -2.00005921e-01,  1.31604174e-01,
        -9.79517047e-02, -2.84483278e-02, -3.77707580e-01],
       [ 2.01703087e-01,  8.21636195e-01, -7.20849556e-02,
        -3.08484246e-01,  2.73912047e-03, -1.88002348e-01,
        -1.62792902e+00,  1.78024458e-01, -1.14304309e-02,
        -8.18673408e-01, -3.65713461e-01, -1.63084455e-01,
        -7.03452029e-02, -2.69452962e-01, -2.46208009e-01,
         3.59671884e-02, -5.07518979e-03, -1.84361253e-01],
       [ 1.11367693e-01, -7.20849556e-02,  4.61701935e-01,
         7.73691407e-02,  1.18838905e-02,  1.02890905e-01,
        -1.02004201e-01, -5.45982505e-01,  2.16973142e-01,
         4.73074470e-01, -2.40460495e-02,  2.08395444e-02,
        -4.12183776e-02,  1.16350598e-01, -8.90861928e-02,
         3.40443372e-02,  4.90230790e-02,  2.55973935e-02],
       [ 4.45025298e-01, -3.08484246e-01,  7.73691407e-02,
         5.36155001e-01, -5.90381092e-02,  3.03161740e-01,
         1.71812778e+00, -6.99747226e-02,  1.05443761e+00,
         1.54067651e+00, -8.18761475e-04,  5.96818371e-02,
        -1.25142674e-01,  6.66142318e-02,  2.01492364e-01,
        -1.57352207e-02, -1.36797930e-02,  2.42652730e-02],
       [-5.31710431e-01,  2.73912047e-03,  1.18838905e-02,
        -5.90381092e-02,  4.35203538e-01, -1.36266072e-01,
        -7.61237060e-01,  9.22279744e-01,  5.52666130e-01,
        -1.16561923e-01,  1.14240294e+00, -1.89098766e-01,
         2.92549124e-01,  1.26934279e-01, -7.44867073e-02,
         7.70337817e-02,  1.89919619e-02,  8.86600479e-02],
       [ 5.62871685e-01, -1.88002348e-01,  1.02890905e-01,
         3.03161740e-01, -1.36266072e-01,  4.80148659e-01,
         1.45754204e+00, -7.09302093e-01,  1.21545859e+00,
         1.02928185e+00, -1.44949359e-01,  6.63924453e-01,
        -3.06511169e-01,  5.67061744e-02,  1.85661369e-01,
        -6.51696893e-02,  4.71440637e-02, -2.46824018e-02],
       [ 1.34133969e+00, -1.62792902e+00, -1.02004201e-01,
         1.71812778e+00, -7.61237060e-01,  1.45754204e+00,
         1.39794050e+01, -2.67040308e+00,  4.36077001e+00,
         4.18685925e+00,  5.23081746e-01,  1.22276208e+00,
        -1.06016056e+00,  1.30666625e-01,  9.51238030e-01,
        -4.62318367e-01,  2.14306598e-01,  3.89896290e-02],
       [-8.82599801e-01,  1.78024458e-01, -5.45982505e-01,
        -6.99747226e-02,  9.22279744e-01, -7.09302093e-01,
        -2.67040308e+00,  4.99823650e+00,  1.95383774e-01,
        -5.70420282e-01,  1.65519752e+00, -1.51479001e+00,
         7.12805449e-01,  8.24792631e-02, -5.29998537e-02,
         1.54402927e-01, -7.79108862e-02,  1.51796594e-01],
       [ 7.30921314e-01, -1.14304309e-02,  2.16973142e-01,
         1.05443761e+00,  5.52666130e-01,  1.21545859e+00,
         4.36077001e+00,  1.95383774e-01,  8.18377036e+00,
         3.59147448e+00,  2.47383915e+00,  9.86995074e-01,
        -4.08707071e-01,  1.26110269e-01,  3.81423991e-01,
        -7.85167811e-02,  1.85369478e-01,  5.84349747e-02],
       [ 1.35163195e+00, -8.18673408e-01,  4.73074470e-01,
         1.54067651e+00, -1.16561923e-01,  1.02928185e+00,
         4.18685925e+00, -5.70420282e-01,  3.59147448e+00,
         4.86438232e+00,  4.11130136e-02,  4.52745625e-01,
        -4.32399310e-01,  2.60313877e-01,  5.29922308e-01,
        -5.02403499e-02,  4.08018521e-03,  6.61690026e-02],
       [-1.66044140e+00, -3.65713461e-01, -2.40460495e-02,
        -8.18761475e-04,  1.14240294e+00, -1.44949359e-01,
         5.23081746e-01,  1.65519752e+00,  2.47383915e+00,
         4.11130136e-02,  3.85718583e+00, -1.42796064e-01,
         7.11921499e-01,  3.85582032e-01, -6.32998570e-02,
         1.05360944e-01,  1.01132215e-01,  2.98610910e-01],
       [ 2.89997121e-01, -1.63084455e-01,  2.08395444e-02,
         5.96818371e-02, -1.89098766e-01,  6.63924453e-01,
         1.22276208e+00, -1.51479001e+00,  9.86995074e-01,
         4.52745625e-01, -1.42796064e-01,  1.65930615e+00,
        -3.15674087e-01,  9.03075808e-02,  1.97033101e-01,
        -9.36795882e-02,  1.06031850e-01, -2.52909471e-02],
       [-9.77531467e-01, -7.03452029e-02, -4.12183776e-02,
        -1.25142674e-01,  2.92549124e-01, -3.06511169e-01,
        -1.06016056e+00,  7.12805449e-01, -4.08707071e-01,
        -4.32399310e-01,  7.11921499e-01, -3.15674087e-01,
         5.23504646e-01,  9.44557482e-02, -6.62630332e-02,
         1.09089479e-01, -2.64823422e-02,  1.74819217e-01],
       [-2.00005921e-01, -2.69452962e-01,  1.16350598e-01,
         6.66142318e-02,  1.26934279e-01,  5.67061744e-02,
         1.30666625e-01,  8.24792631e-02,  1.26110269e-01,
         2.60313877e-01,  3.85582032e-01,  9.03075808e-02,
         9.44557482e-02,  1.72131690e-01,  4.21254217e-02,
         1.84029758e-02,  3.68677366e-02,  9.07724608e-02],
       [ 1.31604174e-01, -2.46208009e-01, -8.90861928e-02,
         2.01492364e-01, -7.44867073e-02,  1.85661369e-01,
         9.51238030e-01, -5.29998537e-02,  3.81423991e-01,
         5.29922308e-01, -6.32998570e-02,  1.97033101e-01,
        -6.62630332e-02,  4.21254217e-02,  1.89810181e-01,
        -4.04267474e-02, -5.40773909e-03,  5.30501859e-02],
       [-9.79517047e-02,  3.59671884e-02,  3.40443372e-02,
        -1.57352207e-02,  7.70337817e-02, -6.51696893e-02,
        -4.62318367e-01,  1.54402927e-01, -7.85167811e-02,
        -5.02403499e-02,  1.05360944e-01, -9.36795882e-02,
         1.09089479e-01,  1.84029758e-02, -4.04267474e-02,
         6.42203072e-02, -1.28684281e-02,  1.76765082e-02],
       [-2.84483278e-02, -5.07518979e-03,  4.90230790e-02,
        -1.36797930e-02,  1.89919619e-02,  4.71440637e-02,
         2.14306598e-01, -7.79108862e-02,  1.85369478e-01,
         4.08018521e-03,  1.01132215e-01,  1.06031850e-01,
        -2.64823422e-02,  3.68677366e-02, -5.40773909e-03,
        -1.28684281e-02,  4.98537636e-02,  5.70932424e-03],
       [-3.77707580e-01, -1.84361253e-01,  2.55973935e-02,
         2.42652730e-02,  8.86600479e-02, -2.46824018e-02,
         3.89896290e-02,  1.51796594e-01,  5.84349747e-02,
         6.61690026e-02,  2.98610910e-01, -2.52909471e-02,
         1.74819217e-01,  9.07724608e-02,  5.30501859e-02,
         1.76765082e-02,  5.70932424e-03,  1.24375862e-01]])
      jac: array([ 2.84587169e-07, -1.50916316e-06,  3.99088170e-06, -7.18129260e-06,
        6.48370246e-06, -8.39439629e-06,  5.68804263e-07,  1.55431223e-08,
       -2.99760217e-08,  2.27521705e-06, -1.80004160e-06,  2.43656947e-06,
       -1.20903287e-06, -6.81047811e-06,  5.95819690e-06, -7.12763182e-07,
        1.51360406e-06,  1.75378230e-06])
  message: 'Optimization terminated successfully.'
     nfev: 1748
      nit: 79
     njev: 92
   status: 0
  success: True
        x: array([ 6.94939855e-02,  7.56256047e-02,  7.61733906e-01,  1.59773010e+00,
       -7.37874889e-01,  3.01461304e-01,  1.09625179e+00, -1.83354464e+00,
        5.68148158e-01,  1.90342977e+00, -6.79945293e-01,  8.55951365e-01,
       -1.14477775e-03,  1.67114702e-02, -2.09629833e-01, -1.44797835e+00,
       -7.77482242e-01,  4.82484499e-02])
