Program Begingeth
      fun: 0.35147571647515746
 hess_inv: array([[ 7.18583998e+00, -1.54985588e+00, -2.49746737e+00,
         2.51441054e+00, -5.37868962e-01, -2.57749733e+00,
        -3.22566761e+00, -1.39306459e+00, -1.25103332e+01,
        -3.05025658e-01,  1.45260460e+00,  2.02068911e-01,
        -4.61225983e-01, -3.26505777e-01, -6.93218191e-01,
        -3.30412038e-01, -3.07980438e-01,  4.29566090e-02],
       [-1.54985588e+00,  6.41587571e+00,  2.30530128e+00,
        -4.91239476e-01,  2.77759780e+00,  1.36250769e+00,
         7.10508441e+00,  2.38102224e+00,  1.07762585e+01,
         7.22031505e-01,  1.84818221e-01, -1.50515868e+00,
        -4.81621480e-01, -3.36988611e-01,  3.10132858e-02,
         1.16153176e-02, -3.05977157e-01,  5.10222388e-02],
       [-2.49746737e+00,  2.30530128e+00,  3.20916329e+00,
        -5.60885140e-01,  9.05864734e-01,  1.92553360e+00,
         4.89031704e+00, -8.86759215e-01,  8.01768721e+00,
         1.32497231e-01,  2.59573086e-01, -4.75521515e-01,
         1.47484473e-01,  1.97350602e-02,  6.27132678e-02,
         3.09302087e-02,  1.09860168e-01, -1.06245602e-01],
       [ 2.51441054e+00, -4.91239476e-01, -5.60885140e-01,
         9.69516261e-01, -1.63556438e-01, -7.59512022e-01,
        -3.77514708e-01, -7.68837560e-01, -4.09096878e+00,
        -1.55197473e-01,  6.12666209e-01,  1.08228281e-01,
        -1.18457307e-01, -1.00374442e-01, -2.87935995e-01,
        -1.20779801e-01, -8.67898192e-02, -2.51680387e-02],
       [-5.37868962e-01,  2.77759780e+00,  9.05864734e-01,
        -1.63556438e-01,  1.29549580e+00,  5.39830915e-01,
         3.56963843e+00,  1.65646925e+00,  4.33303585e+00,
         2.33229448e-01,  5.27524196e-02, -5.85307691e-01,
        -2.61785875e-01, -1.16838494e-01,  1.41381311e-02,
        -3.66294062e-02, -1.69651614e-01,  2.80714040e-02],
       [-2.57749733e+00,  1.36250769e+00,  1.92553360e+00,
        -7.59512022e-01,  5.39830915e-01,  1.43132681e+00,
         3.00462410e+00,  1.02635773e-01,  6.44885019e+00,
         4.14375812e-02, -2.55330536e-01, -2.33679647e-01,
         1.77520076e-01,  8.49210514e-02,  2.03340062e-01,
         9.61214266e-02,  9.78618225e-02, -4.50622163e-02],
       [-3.22566761e+00,  7.10508441e+00,  4.89031704e+00,
        -3.77514708e-01,  3.56963843e+00,  3.00462410e+00,
         1.84771787e+01,  3.94015309e+00,  1.55334591e+01,
         1.44652729e-01,  2.25721039e-01, -8.94331790e-01,
        -4.81740191e-01, -7.52022120e-02, -3.86457245e-02,
        -2.02410693e-01, -4.83019312e-01, -1.82859857e-01],
       [-1.39306459e+00,  2.38102224e+00, -8.86759215e-01,
        -7.68837560e-01,  1.65646925e+00,  1.02635773e-01,
         3.94015309e+00,  8.41543982e+00,  3.52950715e+00,
        -3.57408000e-02, -1.03523887e+00, -4.28395317e-01,
        -4.39068933e-01,  8.96004822e-02,  4.89997815e-01,
         2.10243171e-02, -3.12603051e-01,  2.20840927e-01],
       [-1.25103332e+01,  1.07762585e+01,  8.01768721e+00,
        -4.09096878e+00,  4.33303585e+00,  6.44885019e+00,
         1.55334591e+01,  3.52950715e+00,  3.72964199e+01,
         9.92451255e-01, -1.33730858e+00, -2.21250271e+00,
         2.95576911e-01, -1.33532206e-01,  1.02229665e+00,
         5.85092231e-01,  2.09763207e-02, -2.31145812e-02],
       [-3.05025658e-01,  7.22031505e-01,  1.32497231e-01,
        -1.55197473e-01,  2.33229448e-01,  4.14375812e-02,
         1.44652729e-01, -3.57408000e-02,  9.92451255e-01,
         8.25787544e-01, -1.37070189e-01, -2.20218392e-01,
        -2.05293167e-01, -1.84881762e-02,  9.69701018e-02,
         1.72058617e-02,  2.26321554e-02,  1.83372456e-01],
       [ 1.45260460e+00,  1.84818221e-01,  2.59573086e-01,
         6.12666209e-01,  5.27524196e-02, -2.55330536e-01,
         2.25721039e-01, -1.03523887e+00, -1.33730858e+00,
        -1.37070189e-01,  1.10713750e+00, -1.40877204e-01,
        -5.45206216e-02, -2.35915165e-01, -3.40516842e-01,
        -9.91739961e-02, -5.79178171e-02, -1.44262334e-01],
       [ 2.02068911e-01, -1.50515868e+00, -4.75521515e-01,
         1.08228281e-01, -5.85307691e-01, -2.33679647e-01,
        -8.94331790e-01, -4.28395317e-01, -2.21250271e+00,
        -2.20218392e-01, -1.40877204e-01,  7.22670559e-01,
         8.66704110e-02,  1.64823998e-01, -5.55313394e-02,
        -6.99838765e-02,  8.45680069e-02, -1.91358952e-02],
       [-4.61225983e-01, -4.81621480e-01,  1.47484473e-01,
        -1.18457307e-01, -2.61785875e-01,  1.77520076e-01,
        -4.81740191e-01, -4.39068933e-01,  2.95576911e-01,
        -2.05293167e-01, -5.45206216e-02,  8.66704110e-02,
         2.16172914e-01,  5.13532578e-02,  2.53138560e-02,
         8.78895498e-02,  9.87028127e-02, -7.20076968e-02],
       [-3.26505777e-01, -3.36988611e-01,  1.97350602e-02,
        -1.00374442e-01, -1.16838494e-01,  8.49210514e-02,
        -7.52022120e-02,  8.96004822e-02, -1.33532206e-01,
        -1.84881762e-02, -2.35915165e-01,  1.64823998e-01,
         5.13532578e-02,  1.26758400e-01,  6.18955813e-02,
         6.18512832e-03,  7.80622227e-02,  1.93274267e-02],
       [-6.93218191e-01,  3.10132858e-02,  6.27132678e-02,
        -2.87935995e-01,  1.41381311e-02,  2.03340062e-01,
        -3.86457245e-02,  4.89997815e-01,  1.02229665e+00,
         9.69701018e-02, -3.40516842e-01, -5.55313394e-02,
         2.53138560e-02,  6.18955813e-02,  1.79021903e-01,
         5.82135774e-02,  2.74028038e-02,  8.21863053e-02],
       [-3.30412038e-01,  1.16153176e-02,  3.09302087e-02,
        -1.20779801e-01, -3.66294062e-02,  9.61214266e-02,
        -2.02410693e-01,  2.10243171e-02,  5.85092231e-01,
         1.72058617e-02, -9.91739961e-02, -6.99838765e-02,
         8.78895498e-02,  6.18512832e-03,  5.82135774e-02,
         8.86518854e-02,  3.81866151e-02, -5.26688514e-04],
       [-3.07980438e-01, -3.05977157e-01,  1.09860168e-01,
        -8.67898192e-02, -1.69651614e-01,  9.78618225e-02,
        -4.83019312e-01, -3.12603051e-01,  2.09763207e-02,
         2.26321554e-02, -5.79178171e-02,  8.45680069e-02,
         9.87028127e-02,  7.80622227e-02,  2.74028038e-02,
         3.81866151e-02,  1.20678868e-01, -5.67262245e-03],
       [ 4.29566090e-02,  5.10222388e-02, -1.06245602e-01,
        -2.51680387e-02,  2.80714040e-02, -4.50622163e-02,
        -1.82859857e-01,  2.20840927e-01, -2.31145812e-02,
         1.83372456e-01, -1.44262334e-01, -1.91358952e-02,
        -7.20076968e-02,  1.93274267e-02,  8.21863053e-02,
        -5.26688514e-04, -5.67262245e-03,  1.09186968e-01]])
      jac: array([-1.78338825e-06, -1.19200945e-06,  2.34997207e-07,  4.53378076e-06,
        3.63968115e-06, -1.51878510e-06, -3.71184565e-07, -2.71264492e-07,
        1.50990331e-07, -2.62752782e-08, -1.22124533e-07,  3.09382150e-07,
       -2.34701147e-06, -3.90798505e-07,  2.28224846e-06,  1.04620016e-06,
        4.06711701e-07, -1.96435460e-06])
  message: 'Optimization terminated successfully.'
     nfev: 1406
      nit: 66
     njev: 74
   status: 0
  success: True
        x: array([-0.9023062 , -1.32065284,  0.60104139, -1.11763706, -1.32368474,
        0.19181177, -0.63159552, -2.13231463, -0.32962513,  0.06712126,
        0.48469358,  1.17775478,  0.138861  ,  0.0416614 , -0.31275095,
        1.31384061, -0.52835226, -0.02321402])
