Program Begingeth
      fun: 0.2956525355210085
 hess_inv: array([[ 5.49341496e+00,  3.32632295e-01,  9.51075010e-01,
         2.67763623e+00,  1.86786525e-01, -3.43280206e-01,
         7.00920594e+00,  1.34871363e+00, -5.29510200e+00,
         8.87172835e-01,  6.60658046e-01, -5.44249782e-01,
        -2.74545853e-01, -3.17464576e-01, -1.94842462e-01,
         3.52959212e-02, -1.70499344e-01,  9.59677989e-02],
       [ 3.32632295e-01,  1.69792486e+00, -9.41404226e-02,
         1.94752315e-01,  8.22929343e-01, -1.51864768e-01,
         7.28364928e-01,  8.27968306e-01,  1.11297813e+00,
         6.52804160e-01,  3.18022608e-01, -8.54663721e-02,
        -1.91509440e-01,  1.56178040e-02, -1.45466122e-01,
        -7.91125197e-02,  5.27583156e-02,  3.22868335e-02],
       [ 9.51075010e-01, -9.41404226e-02,  1.59294966e+00,
         5.53862579e-01, -7.99414816e-02,  6.20790960e-01,
         1.76903527e+00, -1.59756352e+00, -1.25145311e+00,
         2.08089786e-01, -5.46291749e-02,  1.75941571e-01,
        -1.46470558e-02,  1.14099831e-01,  5.07179306e-02,
        -1.27346550e-02,  4.67733783e-02,  7.51433693e-02],
       [ 2.67763623e+00,  1.94752315e-01,  5.53862579e-01,
         1.32816378e+00,  1.10122408e-01, -1.29067943e-01,
         3.70462623e+00,  5.54528835e-01, -2.50855877e+00,
         4.25724938e-01,  3.60082239e-01, -2.34767074e-01,
        -1.32501306e-01, -1.48620245e-01, -1.06157660e-01,
         1.39969848e-02, -7.98466840e-02,  4.70251626e-02],
       [ 1.86786525e-01,  8.22929343e-01, -7.99414816e-02,
         1.10122408e-01,  4.46334112e-01, -1.15697107e-01,
         1.01525575e+00,  9.31013324e-01,  5.63419308e-01,
         3.13987100e-01,  2.18138428e-01, -9.66082625e-02,
        -1.47162336e-01, -1.54874403e-02, -7.86394391e-02,
        -5.85243065e-02, -1.13478849e-03,  2.78236321e-02],
       [-3.43280206e-01, -1.51864768e-01,  6.20790960e-01,
        -1.29067943e-01, -1.15697107e-01,  3.81783929e-01,
        -6.65505038e-01, -1.21859729e+00,  2.59435704e-01,
        -1.25886168e-01, -1.68096958e-01,  1.83412722e-01,
         9.60960350e-02,  1.18216647e-01,  6.49312072e-02,
         8.21436200e-03,  6.87515918e-02,  4.74197246e-03],
       [ 7.00920594e+00,  7.28364928e-01,  1.76903527e+00,
         3.70462623e+00,  1.01525575e+00, -6.65505038e-01,
         2.32944665e+01,  7.41870401e+00, -6.41316667e+00,
         1.40128076e+00,  2.01994904e+00, -1.12961440e+00,
        -1.37441341e+00, -8.16766121e-01, -4.13019401e-01,
        -3.38867574e-01, -8.01060616e-01,  4.36272889e-01],
       [ 1.34871363e+00,  8.27968306e-01, -1.59756352e+00,
         5.54528835e-01,  9.31013324e-01, -1.21859729e+00,
         7.41870401e+00,  9.88489624e+00,  4.00481341e-01,
         6.21072575e-01,  1.00118816e+00, -1.70646522e+00,
        -7.25730114e-01, -5.99501947e-01, -9.12447372e-02,
        -9.46076412e-02, -3.97342655e-01,  1.51313877e-01],
       [-5.29510200e+00,  1.11297813e+00, -1.25145311e+00,
        -2.50855877e+00,  5.63419308e-01,  2.59435704e-01,
        -6.41316667e+00,  4.00481341e-01,  1.01315211e+01,
        -8.72553132e-01,  6.64886469e-01, -6.33799657e-02,
         2.84087094e-01,  1.16404223e-01, -3.91613085e-02,
        -8.09770153e-02,  2.63710705e-01, -2.02583096e-01],
       [ 8.87172835e-01,  6.52804160e-01,  2.08089786e-01,
         4.25724938e-01,  3.13987100e-01, -1.25886168e-01,
         1.40128076e+00,  6.21072575e-01, -8.72553132e-01,
         1.53435518e+00, -9.18952057e-03, -8.83160721e-02,
        -4.08573339e-01,  2.60167895e-03,  6.85509108e-02,
        -4.45800408e-02,  4.40353946e-03,  2.86869427e-01],
       [ 6.60658046e-01,  3.18022608e-01, -5.46291749e-02,
         3.60082239e-01,  2.18138428e-01, -1.68096958e-01,
         2.01994904e+00,  1.00118816e+00,  6.64886469e-01,
        -9.18952057e-03,  9.15335718e-01, -2.85104741e-01,
        -8.25878393e-02, -2.21624718e-01, -1.81861647e-01,
        -4.32269835e-02, -5.31471194e-02, -7.74066794e-02],
       [-5.44249782e-01, -8.54663721e-02,  1.75941571e-01,
        -2.34767074e-01, -9.66082625e-02,  1.83412722e-01,
        -1.12961440e+00, -1.70646522e+00, -6.33799657e-02,
        -8.83160721e-02, -2.85104741e-01,  6.30993512e-01,
         6.01130601e-02,  1.73205744e-01, -2.28088935e-02,
        -4.12803564e-02,  7.86308785e-02,  1.83212479e-03],
       [-2.74545853e-01, -1.91509440e-01, -1.46470558e-02,
        -1.32501306e-01, -1.47162336e-01,  9.60960350e-02,
        -1.37441341e+00, -7.25730114e-01,  2.84087094e-01,
        -4.08573339e-01, -8.25878393e-02,  6.01130601e-02,
         2.12081140e-01,  3.97598755e-02,  1.28777246e-03,
         6.50173044e-02,  5.38739608e-02, -9.58382226e-02],
       [-3.17464576e-01,  1.56178040e-02,  1.14099831e-01,
        -1.48620245e-01, -1.54874403e-02,  1.18216647e-01,
        -8.16766121e-01, -5.99501947e-01,  1.16404223e-01,
         2.60167895e-03, -2.21624718e-01,  1.73205744e-01,
         3.97598755e-02,  1.16190305e-01,  3.42356392e-02,
        -4.41298199e-04,  6.77973147e-02,  1.38869878e-02],
       [-1.94842462e-01, -1.45466122e-01,  5.07179306e-02,
        -1.06157660e-01, -7.86394391e-02,  6.49312072e-02,
        -4.13019401e-01, -9.12447372e-02, -3.91613085e-02,
         6.85509108e-02, -1.81861647e-01, -2.28088935e-02,
         1.28777246e-03,  3.42356392e-02,  9.04240247e-02,
         1.77549993e-02,  6.45534472e-03,  5.45649358e-02],
       [ 3.52959212e-02, -7.91125197e-02, -1.27346550e-02,
         1.39969848e-02, -5.85243065e-02,  8.21436200e-03,
        -3.38867574e-01, -9.46076412e-02, -8.09770153e-02,
        -4.45800408e-02, -4.32269835e-02, -4.12803564e-02,
         6.50173044e-02, -4.41298199e-04,  1.77549993e-02,
         4.92772233e-02,  1.15280436e-02, -1.40209526e-02],
       [-1.70499344e-01,  5.27583156e-02,  4.67733783e-02,
        -7.98466840e-02, -1.13478849e-03,  6.87515918e-02,
        -8.01060616e-01, -3.97342655e-01,  2.63710705e-01,
         4.40353946e-03, -5.31471194e-02,  7.86308785e-02,
         5.38739608e-02,  6.77973147e-02,  6.45534472e-03,
         1.15280436e-02,  7.46093739e-02, -1.04304890e-02],
       [ 9.59677989e-02,  3.22868335e-02,  7.51433693e-02,
         4.70251626e-02,  2.78236321e-02,  4.74197246e-03,
         4.36272889e-01,  1.51313877e-01, -2.02583096e-01,
         2.86869427e-01, -7.74066794e-02,  1.83212479e-03,
        -9.58382226e-02,  1.38869878e-02,  5.45649358e-02,
        -1.40209526e-02, -1.04304890e-02,  9.73706583e-02]])
      jac: array([-2.12422672e-07,  1.41294384e-06, -3.39580216e-06,  9.44799794e-07,
       -3.65559435e-06,  7.65202716e-06, -5.29206308e-08,  1.31746466e-07,
       -4.74435306e-07, -8.37478235e-07,  6.99070431e-07, -1.55135164e-06,
       -4.05305419e-06,  3.47055717e-06, -8.51467045e-06,  3.83915122e-06,
       -6.50590692e-07,  6.23242199e-06])
  message: 'Optimization terminated successfully.'
     nfev: 1425
      nit: 67
     njev: 75
   status: 0
  success: True
        x: array([-1.82916476, -1.09398896,  0.60288381, -1.65434051, -1.14526456,
        0.3225521 , -0.58004351, -1.47927692,  0.94561581,  0.07660951,
        0.45414625,  1.13570924,  0.13834664,  0.21746346, -0.22812735,
        1.50231275, -0.134145  ,  0.02339375])
