Program Begingeth
      fun: 0.36430472413590603
 hess_inv: array([[ 1.70484467e+00, -2.06220361e-01,  1.53526753e-01,
         2.59756832e-01, -2.72979561e-01,  4.01409242e-01,
         5.06673882e-01, -3.16731078e-01,  5.95832360e-01,
         7.61283440e-01, -9.73805900e-01,  9.25173226e-02,
        -6.75952024e-01,  3.74864226e-02,  5.06612832e-02,
        -3.43424555e-02, -2.45950394e-02, -3.14369848e-01],
       [-2.06220361e-01,  7.91430087e-01, -1.31275214e-01,
        -3.22685009e-01,  7.65193288e-02, -3.07180017e-01,
        -1.15920573e+00,  2.60196603e-01, -4.39096738e-01,
        -9.44574481e-01,  4.12710052e-02, -1.47247083e-01,
         8.79956593e-02, -2.75081363e-01, -2.62067268e-01,
         4.53169451e-02,  4.18519044e-03, -1.09984476e-01],
       [ 1.53526753e-01, -1.31275214e-01,  3.84457324e-01,
         1.56411445e-01,  5.15872536e-02,  1.51171978e-01,
         7.04013297e-02, -1.31303207e-01,  5.87786743e-01,
         6.32124247e-01,  3.34516568e-03,  2.93584279e-02,
        -1.42147552e-02,  1.42782063e-01, -3.10604550e-02,
         5.50658172e-02,  4.12724268e-02,  3.27645506e-02],
       [ 2.59756832e-01, -3.22685009e-01,  1.56411445e-01,
         4.56291958e-01,  9.39737221e-02,  2.16936932e-01,
         1.07452532e+00,  3.32999441e-01,  1.24361863e+00,
         1.31113314e+00,  2.50188545e-01, -1.52835208e-01,
         1.77198150e-03,  1.39031317e-01,  1.30041148e-01,
         3.23873919e-02, -1.54436875e-02,  4.07689942e-02],
       [-2.72979561e-01,  7.65193288e-02,  5.15872536e-02,
         9.39737221e-02,  3.51302339e-01, -5.69269768e-02,
        -2.26939447e-02,  7.99230640e-01,  8.16516287e-01,
         3.07354944e-01,  9.04867921e-01, -1.92398877e-01,
         1.88958548e-01,  7.51965220e-02, -4.87697794e-02,
         7.15906085e-02,  2.15305606e-02,  5.99045322e-02],
       [ 4.01409242e-01, -3.07180017e-01,  1.51171978e-01,
         2.16936932e-01, -5.69269768e-02,  4.05088344e-01,
         7.77103943e-01, -3.57179940e-01,  1.13025278e+00,
         8.09561825e-01, -1.10012552e-01,  4.57461795e-01,
        -2.12371026e-01,  1.65331244e-01,  1.59066282e-01,
        -3.81938118e-02,  6.12839461e-02, -2.62049845e-03],
       [ 5.06673882e-01, -1.15920573e+00,  7.04013297e-02,
         1.07452532e+00, -2.26939447e-02,  7.77103943e-01,
         6.79831814e+00, -5.61628622e-01,  4.15731748e+00,
         2.89196886e+00,  1.11867149e+00, -1.03877566e-01,
        -3.91013581e-01,  3.89828122e-01,  5.14632236e-01,
        -2.02552910e-01,  2.07133803e-01,  4.20717150e-02],
       [-3.16731078e-01,  2.60196603e-01, -1.31303207e-01,
         3.32999441e-01,  7.99230640e-01, -3.57179940e-01,
        -5.61628622e-01,  3.68469859e+00,  1.36842007e+00,
         6.94665226e-01,  1.62202505e+00, -1.13708719e+00,
         4.68053955e-01,  1.75828216e-02, -6.32034073e-02,
         1.71706540e-01, -8.09688027e-02,  1.07370138e-01],
       [ 5.95832360e-01, -4.39096738e-01,  5.87786743e-01,
         1.24361863e+00,  8.16516287e-01,  1.13025278e+00,
         4.15731748e+00,  1.36842007e+00,  8.63382973e+00,
         4.25465553e+00,  2.62558269e+00,  1.75150205e-01,
        -2.23074862e-01,  5.31167330e-01,  3.40523190e-01,
         2.56635882e-02,  2.84072000e-01,  1.17628063e-01],
       [ 7.61283440e-01, -9.44574481e-01,  6.32124247e-01,
         1.31113314e+00,  3.07354944e-01,  8.09561825e-01,
         2.89196886e+00,  6.94665226e-01,  4.25465553e+00,
         4.13621010e+00,  7.91946498e-01, -1.17719162e-01,
        -8.28390735e-02,  5.02535969e-01,  3.74753376e-01,
         6.92723331e-02,  3.46608108e-02,  1.28722873e-01],
       [-9.73805900e-01,  4.12710052e-02,  3.34516568e-03,
         2.50188545e-01,  9.04867921e-01, -1.10012552e-01,
         1.11867149e+00,  1.62202505e+00,  2.62558269e+00,
         7.91946498e-01,  2.87037750e+00, -4.62445919e-01,
         4.65184159e-01,  2.01797805e-01, -5.91500873e-02,
         9.89289090e-02,  1.01770635e-01,  1.83857042e-01],
       [ 9.25173226e-02, -1.47247083e-01,  2.93584279e-02,
        -1.52835208e-01, -1.92398877e-01,  4.57461795e-01,
        -1.03877566e-01, -1.13708719e+00,  1.75150205e-01,
        -1.17719162e-01, -4.62445919e-01,  1.29522401e+00,
        -2.15911147e-01,  1.32247616e-01,  1.44996970e-01,
        -7.58639919e-02,  1.11781133e-01,  3.01902871e-03],
       [-6.75952024e-01,  8.79956593e-02, -1.42147552e-02,
         1.77198150e-03,  1.88958548e-01, -2.12371026e-01,
        -3.91013581e-01,  4.68053955e-01, -2.23074862e-01,
        -8.28390735e-02,  4.65184159e-01, -2.15911147e-01,
         3.90283890e-01, -1.34766670e-02, -3.66185134e-02,
         9.02318819e-02, -3.92679353e-02,  1.48238194e-01],
       [ 3.74864226e-02, -2.75081363e-01,  1.42782063e-01,
         1.39031317e-01,  7.51965220e-02,  1.65331244e-01,
         3.89828122e-01,  1.75828216e-02,  5.31167330e-01,
         5.02535969e-01,  2.01797805e-01,  1.32247616e-01,
        -1.34766670e-02,  1.82211253e-01,  7.94704512e-02,
         5.92326882e-03,  5.41671433e-02,  5.88548278e-02],
       [ 5.06612832e-02, -2.62067268e-01, -3.10604550e-02,
         1.30041148e-01, -4.87697794e-02,  1.59066282e-01,
         5.14632236e-01, -6.32034073e-02,  3.40523190e-01,
         3.74753376e-01, -5.91500873e-02,  1.44996970e-01,
        -3.66185134e-02,  7.94704512e-02,  1.61998167e-01,
        -3.58361490e-02,  1.69432140e-03,  6.42847592e-02],
       [-3.43424555e-02,  4.53169451e-02,  5.50658172e-02,
         3.23873919e-02,  7.15906085e-02, -3.81938118e-02,
        -2.02552910e-01,  1.71706540e-01,  2.56635882e-02,
         6.92723331e-02,  9.89289090e-02, -7.58639919e-02,
         9.02318819e-02,  5.92326882e-03, -3.58361490e-02,
         6.84847564e-02, -1.62716497e-02,  1.40656087e-02],
       [-2.45950394e-02,  4.18519044e-03,  4.12724268e-02,
        -1.54436875e-02,  2.15305606e-02,  6.12839461e-02,
         2.07133803e-01, -8.09688027e-02,  2.84072000e-01,
         3.46608108e-02,  1.01770635e-01,  1.11781133e-01,
        -3.92679353e-02,  5.41671433e-02,  1.69432140e-03,
        -1.62716497e-02,  7.40472963e-02,  2.87521283e-03],
       [-3.14369848e-01, -1.09984476e-01,  3.27645506e-02,
         4.07689942e-02,  5.99045322e-02, -2.62049845e-03,
         4.20717150e-02,  1.07370138e-01,  1.17628063e-01,
         1.28722873e-01,  1.83857042e-01,  3.01902871e-03,
         1.48238194e-01,  5.88548278e-02,  6.42847592e-02,
         1.40656087e-02,  2.87521283e-03,  1.26699286e-01]])
      jac: array([-9.91688213e-06, -7.93809463e-07, -9.46280091e-06,  2.38994010e-05,
       -3.29551201e-06,  2.32484402e-05, -2.08129810e-06,  6.67984187e-07,
       -1.19497005e-06, -4.70216458e-06,  5.31056680e-07, -4.72918001e-06,
       -2.35659640e-05, -3.20484380e-06, -2.68274292e-05,  1.62899324e-05,
        1.85037171e-09,  1.91195208e-05])
  message: 'Desired error not necessarily achieved due to precision loss.'
     nfev: 1969
      nit: 72
     njev: 103
   status: 2
  success: False
        x: array([ 0.10162665,  0.05813823,  0.80691553,  1.4499639 , -1.05673059,
        0.35206562,  0.7992046 , -2.16731988,  0.79551374,  1.81985709,
       -0.98844216,  0.98167631,  0.05400012,  0.02037978, -0.21936714,
       -1.33411761, -0.53325065,  0.05117266])
