Program Begingeth
      fun: 0.28739013403800273
 hess_inv: array([[ 3.74593323e+00,  3.83492938e-01,  1.43416981e+00,
         1.66381889e+00,  1.61642722e-01,  4.83849771e-01,
         3.17673498e+00,  8.67071055e-01, -4.82242423e+00,
         4.98658533e-01, -2.16728930e-01, -3.96840976e-02,
        -2.68691302e-01,  1.67220922e-01, -5.23545566e-02,
        -5.20436354e-02,  2.43350655e-01, -3.78237477e-01],
       [ 3.83492938e-01,  3.28774711e+00,  7.45226897e-01,
         5.62170177e-01,  1.55318322e+00, -3.48405553e-01,
         2.47545795e+00,  1.08424255e+00, -3.88915363e+00,
        -1.11864037e-01,  7.12656157e-01, -6.69371652e-01,
         4.29600713e-01, -1.82574777e-01, -2.66870668e-01,
         2.32220465e-01, -1.66514546e-01, -3.04248087e-02],
       [ 1.43416981e+00,  7.45226897e-01,  1.84786095e+00,
         6.77836954e-01,  4.93126294e-01,  6.40787184e-01,
         2.57401615e+00,  1.41473707e+00, -2.16468059e+00,
         2.29555139e-01,  3.49327516e-01, -2.83044290e-02,
        -7.61506131e-02,  1.74656466e-01, -1.07408364e-01,
         1.00427796e-01,  2.32030417e-01, -1.77076039e-01],
       [ 1.66381889e+00,  5.62170177e-01,  6.77836954e-01,
         8.48204348e-01,  2.53189289e-01,  1.59905198e-01,
         1.94703462e+00,  2.67343716e-01, -2.56151957e+00,
         2.62248235e-01, -3.74448614e-02, -1.01013338e-01,
        -2.20485618e-02,  2.94023083e-02, -3.66091385e-02,
         2.56376862e-02,  2.79559052e-02, -1.51616140e-01],
       [ 1.61642722e-01,  1.55318322e+00,  4.93126294e-01,
         2.53189289e-01,  7.82441903e-01, -1.02650023e-01,
         1.30933656e+00,  8.13473821e-01, -1.73056010e+00,
        -6.45704351e-02,  3.82709348e-01, -2.52129522e-01,
         2.13979777e-01, -5.62036708e-02, -1.46358039e-01,
         1.41532045e-01, -5.86043232e-02, -1.68232819e-02],
       [ 4.83849771e-01, -3.48405553e-01,  6.40787184e-01,
         1.59905198e-01, -1.02650023e-01,  3.82550710e-01,
         6.01634483e-01,  2.93579858e-01,  9.83703075e-02,
         1.41716288e-01, -6.67166405e-02,  1.40335333e-01,
        -1.19068726e-01,  1.36849914e-01,  3.24813831e-02,
        -4.18736470e-03,  1.35081608e-01, -5.81018690e-02],
       [ 3.17673498e+00,  2.47545795e+00,  2.57401615e+00,
         1.94703462e+00,  1.30933656e+00,  6.01634483e-01,
         7.06216071e+00,  1.29277855e+00, -6.21027670e+00,
         7.32155535e-01,  4.94043478e-01, -2.44011742e-01,
         1.61166820e-01,  9.39484763e-02, -2.43596627e-01,
         2.64071477e-01,  2.27763389e-02, -3.38839393e-01],
       [ 8.67071055e-01,  1.08424255e+00,  1.41473707e+00,
         2.67343716e-01,  8.13473821e-01,  2.93579858e-01,
         1.29277855e+00,  3.99935812e+00, -1.84202574e+00,
        -4.50970141e-01,  5.87921390e-01,  4.73908357e-02,
         1.42618556e-03,  1.34304214e-01, -2.74956805e-01,
         1.15050314e-01,  2.65212724e-01, -1.29904722e-01],
       [-4.82242423e+00, -3.88915363e+00, -2.16468059e+00,
        -2.56151957e+00, -1.73056010e+00,  9.83703075e-02,
        -6.21027670e+00, -1.84202574e+00,  1.16584532e+01,
        -8.03693395e-01, -6.47914620e-01,  8.62826816e-01,
        -2.48799954e-02,  1.61528307e-01,  4.13633061e-01,
        -1.00797626e-01, -1.20380809e-02,  5.51622429e-01],
       [ 4.98658533e-01, -1.11864037e-01,  2.29555139e-01,
         2.62248235e-01, -6.45704351e-02,  1.41716288e-01,
         7.32155535e-01, -4.50970141e-01, -8.03693395e-01,
         8.09269865e-01, -1.00379833e-03,  3.09901011e-03,
        -1.78624227e-01, -1.60211538e-02, -8.09432216e-02,
        -4.61119286e-03, -3.71339992e-02, -2.49455794e-01],
       [-2.16728930e-01,  7.12656157e-01,  3.49327516e-01,
        -3.74448614e-02,  3.82709348e-01, -6.67166405e-02,
         4.94043478e-01,  5.87921390e-01, -6.47914620e-01,
        -1.00379833e-03,  6.91160593e-01, -1.74290084e-01,
         9.45428624e-02, -1.25563942e-01, -1.98027853e-01,
         1.00316964e-01, -2.08521727e-02, -1.00008612e-01],
       [-3.96840976e-02, -6.69371652e-01, -2.83044290e-02,
        -1.01013338e-01, -2.52129522e-01,  1.40335333e-01,
        -2.44011742e-01,  4.73908357e-02,  8.62826816e-01,
         3.09901011e-03, -1.74290084e-01,  4.40346893e-01,
        -5.45968550e-02,  1.34680079e-01,  1.07911656e-02,
         2.51425679e-02,  9.86534043e-02,  2.16443002e-02],
       [-2.68691302e-01,  4.29600713e-01, -7.61506131e-02,
        -2.20485618e-02,  2.13979777e-01, -1.19068726e-01,
         1.61166820e-01,  1.42618556e-03, -2.48799954e-02,
        -1.78624227e-01,  9.45428624e-02, -5.45968550e-02,
         1.86852428e-01, -4.92169997e-02, -6.41921915e-03,
         9.58030679e-02, -8.51494938e-02,  9.18891840e-02],
       [ 1.67220922e-01, -1.82574777e-01,  1.74656466e-01,
         2.94023083e-02, -5.62036708e-02,  1.36849914e-01,
         9.39484763e-02,  1.34304214e-01,  1.61528307e-01,
        -1.60211538e-02, -1.25563942e-01,  1.34680079e-01,
        -4.92169997e-02,  1.12768819e-01,  2.78444710e-02,
        -6.89787316e-03,  1.01113855e-01,  8.35308361e-03],
       [-5.23545566e-02, -2.66870668e-01, -1.07408364e-01,
        -3.66091385e-02, -1.46358039e-01,  3.24813831e-02,
        -2.43596627e-01, -2.74956805e-01,  4.13633061e-01,
        -8.09432216e-02, -1.98027853e-01,  1.07911656e-02,
        -6.41921915e-03,  2.78444710e-02,  1.10537718e-01,
        -3.64780836e-02, -3.62035415e-03,  8.84635787e-02],
       [-5.20436354e-02,  2.32220465e-01,  1.00427796e-01,
         2.56376862e-02,  1.41532045e-01, -4.18736470e-03,
         2.64071477e-01,  1.15050314e-01, -1.00797626e-01,
        -4.61119286e-03,  1.00316964e-01,  2.51425679e-02,
         9.58030679e-02, -6.89787316e-03, -3.64780836e-02,
         9.52169812e-02, -2.57662723e-02,  1.06889480e-02],
       [ 2.43350655e-01, -1.66514546e-01,  2.32030417e-01,
         2.79559052e-02, -5.86043232e-02,  1.35081608e-01,
         2.27763389e-02,  2.65212724e-01, -1.20380809e-02,
        -3.71339992e-02, -2.08521727e-02,  9.86534043e-02,
        -8.51494938e-02,  1.01113855e-01, -3.62035415e-03,
        -2.57662723e-02,  1.44124611e-01, -2.82328682e-02],
       [-3.78237477e-01, -3.04248087e-02, -1.77076039e-01,
        -1.51616140e-01, -1.68232819e-02, -5.81018690e-02,
        -3.38839393e-01, -1.29904722e-01,  5.51622429e-01,
        -2.49455794e-01, -1.00008612e-01,  2.16443002e-02,
         9.18891840e-02,  8.35308361e-03,  8.84635787e-02,
         1.06889480e-02, -2.82328682e-02,  1.60476415e-01]])
      jac: array([ 4.24837943e-05, -4.11130389e-05,  5.20083976e-05, -1.26670526e-04,
        8.90717130e-05, -9.37868302e-05,  1.24607732e-05, -1.03569005e-05,
        2.17529698e-06,  1.01052500e-05, -2.62490030e-05,  3.59878793e-05,
        1.09383613e-04, -1.08814809e-04,  1.27830709e-04, -7.87740244e-05,
        5.50000786e-05, -1.00146928e-04])
  message: 'Desired error not necessarily achieved due to precision loss.'
     nfev: 2652
      nit: 83
     njev: 139
   status: 2
  success: False
        x: array([ 0.93992294, -1.38047613,  0.74839848,  1.17087005, -1.28357254,
        0.36687554,  2.12286487, -0.93855169,  0.93438979,  0.11279112,
        0.510074  ,  1.27205999,  0.02477681,  0.12921113, -0.30897179,
       -0.98372618, -0.38557226, -0.0261091 ])
