Program Begingeth
      fun: 0.27974815131719405
 hess_inv: array([[ 3.86492789e+00, -1.30387652e+00,  1.40053735e+00,
         1.16426536e+00, -6.92125696e-01,  1.03576160e+00,
        -4.12580290e-01, -2.94012321e-01,  2.80630491e+00,
         1.23467109e-01, -2.72150524e-01, -4.93215439e-02,
        -5.94529299e-01,  1.73537150e-01,  1.77536350e-01,
        -1.96711958e-01,  3.38269038e-01, -1.26018599e-01],
       [-1.30387652e+00,  3.33938929e+00,  3.70723242e-02,
        -2.13932744e-01,  1.43368484e+00, -1.17885921e-01,
         2.77778011e-02,  2.22697706e+00,  6.31312918e-01,
        -3.52936371e-01,  9.42771869e-02, -8.13458381e-01,
         4.25879055e-01, -2.97499890e-01,  1.03912117e-01,
         2.34053015e-02, -2.20282923e-01,  1.42792674e-01],
       [ 1.40053735e+00,  3.70723242e-02,  1.05015807e+01,
        -9.21043748e-01, -3.63343089e-01,  4.68876562e+00,
        -1.51252243e+01, -6.58545376e+00,  9.00059590e+00,
         3.96243550e-01,  2.21720201e+00, -7.89087954e-01,
        -4.75166263e-01, -7.93333614e-02, -4.02896572e-01,
         1.21020351e-01,  4.62235317e-01, -3.53319171e-01],
       [ 1.16426536e+00, -2.13932744e-01, -9.21043748e-01,
         5.97776528e-01, -1.02451222e-01, -2.84992015e-01,
         2.36659411e+00,  8.79858668e-01, -4.23420852e-02,
        -3.79735251e-02, -3.24833939e-01, -5.29131686e-03,
        -1.01076820e-01,  1.19313936e-02,  1.09834372e-01,
        -7.83107684e-02,  2.19411792e-02,  7.49810648e-03],
       [-6.92125696e-01,  1.43368484e+00, -3.63343089e-01,
        -1.02451222e-01,  6.72971805e-01, -2.10624214e-01,
         3.06306800e-01,  1.52481852e+00, -1.80871085e-01,
        -1.16854244e-01, -7.80806420e-02, -2.75411791e-01,
         2.10973565e-01, -9.46812530e-02,  7.60328271e-02,
         2.51637602e-02, -1.09114015e-01,  8.55489919e-02],
       [ 1.03576160e+00, -1.17885921e-01,  4.68876562e+00,
        -2.84992015e-01, -2.10624214e-01,  2.18618357e+00,
        -6.84478282e+00, -2.64394200e+00,  4.34421769e+00,
         2.60935058e-01,  8.08617204e-01, -3.25696425e-01,
        -2.91485246e-01,  9.14319168e-03, -1.15893773e-01,
         2.31900131e-02,  2.30648650e-01, -1.57623960e-01],
       [-4.12580290e-01,  2.77778011e-02, -1.51252243e+01,
         2.36659411e+00,  3.06306800e-01, -6.84478282e+00,
         2.82062808e+01,  8.58413941e+00, -1.16175849e+01,
        -5.52146071e-01, -2.39190699e+00,  6.25023027e-01,
         5.12912467e-01, -2.64335685e-01,  3.98622568e-01,
        -3.02679128e-01, -6.78453871e-01,  3.60807410e-01],
       [-2.94012321e-01,  2.22697706e+00, -6.58545376e+00,
         8.79858668e-01,  1.52481852e+00, -2.64394200e+00,
         8.58413941e+00,  1.07566385e+01, -4.88167425e+00,
         1.25762014e-01, -1.96807150e+00, -9.54272393e-02,
         2.82110253e-01,  3.01064663e-02,  7.40248394e-01,
        -1.52599227e-01, -3.60249076e-01,  3.77757350e-01],
       [ 2.80630491e+00,  6.31312918e-01,  9.00059590e+00,
        -4.23420852e-02, -1.80871085e-01,  4.34421769e+00,
        -1.16175849e+01, -4.88167425e+00,  1.13548525e+01,
         4.47345277e-01,  1.62791912e+00, -9.45787085e-01,
        -5.42210937e-01, -2.50105703e-01, -2.55680234e-01,
        -3.62139504e-02,  3.08976148e-01, -3.70512903e-01],
       [ 1.23467109e-01, -3.52936371e-01,  3.96243550e-01,
        -3.79735251e-02, -1.16854244e-01,  2.60935058e-01,
        -5.52146071e-01,  1.25762014e-01,  4.47345277e-01,
         8.71253329e-01,  7.13375626e-02,  7.07463971e-03,
        -2.49999780e-01,  4.79687271e-03, -6.88949605e-02,
        -9.89942369e-03, -7.25367813e-05, -1.85584126e-01],
       [-2.72150524e-01,  9.42771869e-02,  2.21720201e+00,
        -3.24833939e-01, -7.80806420e-02,  8.08617204e-01,
        -2.39190699e+00, -1.96807150e+00,  1.62791912e+00,
         7.13375626e-02,  1.23860253e+00, -2.44814147e-01,
        -1.18861524e-02, -2.21266681e-01, -2.95609866e-01,
         7.24986931e-02,  4.73498302e-02, -1.69197474e-01],
       [-4.93215439e-02, -8.13458381e-01, -7.89087954e-01,
        -5.29131686e-03, -2.75411791e-01, -3.25696425e-01,
         6.25023027e-01, -9.54272393e-02, -9.45787085e-01,
         7.07463971e-03, -2.44814147e-01,  6.00182515e-01,
         1.53564892e-02,  1.53341824e-01, -4.08822496e-02,
         6.19597872e-02,  4.49054557e-02,  2.83751811e-02],
       [-5.94529299e-01,  4.25879055e-01, -4.75166263e-01,
        -1.01076820e-01,  2.10973565e-01, -2.91485246e-01,
         5.12912467e-01,  2.82110253e-01, -5.42210937e-01,
        -2.49999780e-01, -1.18861524e-02,  1.53564892e-02,
         2.17077225e-01, -4.25728123e-02, -1.31887742e-03,
         7.04577714e-02, -7.97717249e-02,  7.93773897e-02],
       [ 1.73537150e-01, -2.97499890e-01, -7.93333614e-02,
         1.19313936e-02, -9.46812530e-02,  9.14319168e-03,
        -2.64335685e-01,  3.01064663e-02, -2.50105703e-01,
         4.79687271e-03, -2.21266681e-01,  1.53341824e-01,
        -4.25728123e-02,  1.27434176e-01,  4.24558216e-02,
         9.90382683e-04,  6.96776553e-02,  2.42359973e-02],
       [ 1.77536350e-01,  1.03912117e-01, -4.02896572e-01,
         1.09834372e-01,  7.60328271e-02, -1.15893773e-01,
         3.98622568e-01,  7.40248394e-01, -2.55680234e-01,
        -6.88949605e-02, -2.95609866e-01, -4.08822496e-02,
        -1.31887742e-03,  4.24558216e-02,  1.32742830e-01,
        -3.38883451e-02, -7.94374315e-03,  7.54638647e-02],
       [-1.96711958e-01,  2.34053015e-02,  1.21020351e-01,
        -7.83107684e-02,  2.51637602e-02,  2.31900131e-02,
        -3.02679128e-01, -1.52599227e-01, -3.62139504e-02,
        -9.89942369e-03,  7.24986931e-02,  6.19597872e-02,
         7.04577714e-02,  9.90382683e-04, -3.38883451e-02,
         6.47607765e-02, -9.84581245e-03,  5.41507030e-03],
       [ 3.38269038e-01, -2.20282923e-01,  4.62235317e-01,
         2.19411792e-02, -1.09114015e-01,  2.30648650e-01,
        -6.78453871e-01, -3.60249076e-01,  3.08976148e-01,
        -7.25367813e-05,  4.73498302e-02,  4.49054557e-02,
        -7.97717249e-02,  6.96776553e-02, -7.94374315e-03,
        -9.84581245e-03,  1.01017645e-01, -1.88577725e-02],
       [-1.26018599e-01,  1.42792674e-01, -3.53319171e-01,
         7.49810648e-03,  8.55489919e-02, -1.57623960e-01,
         3.60807410e-01,  3.77757350e-01, -3.70512903e-01,
        -1.85584126e-01, -1.69197474e-01,  2.83751811e-02,
         7.93773897e-02,  2.42359973e-02,  7.54638647e-02,
         5.41507030e-03, -1.88577725e-02,  9.46011984e-02]])
      jac: array([-4.98046049e-06,  1.48880908e-06, -1.21532414e-05,  1.68735396e-05,
       -9.36658159e-06,  4.09816625e-05, -4.22994972e-07,  1.97471669e-06,
       -4.87461923e-06,  5.52520992e-06, -6.52552087e-06, -3.01203507e-06,
        3.37722443e-05, -2.50840089e-05, -1.59254091e-05, -1.80363132e-05,
        3.17986378e-05,  1.38237570e-05])
  message: 'Desired error not necessarily achieved due to precision loss.'
     nfev: 2366
      nit: 69
     njev: 124
   status: 2
  success: False
        x: array([ 1.08404671e+00, -1.20095492e+00,  3.43918071e-01,  1.43782037e+00,
       -1.18147698e+00,  6.06269938e-02,  1.44011428e+00, -1.52779200e+00,
       -9.19005086e-01,  3.83935434e-02,  5.12259290e-01,  1.11911524e+00,
        5.33375539e-04,  2.34136680e-01, -2.56411589e-01, -1.31506525e+00,
       -9.51902728e-02,  1.50292225e-02])
