Program Begingeth
      fun: 0.3216155055954874
 hess_inv: array([[ 5.78971453e+00,  4.38437512e-01,  4.50807794e-01,
         2.76583317e+00,  2.61717611e-01, -6.45483984e-01,
         7.50541366e+00,  1.59295944e+00, -5.27806089e+00,
         8.42246896e-01,  8.75945919e-01, -6.49297682e-01,
        -3.49468216e-01, -4.10396999e-01, -2.86258310e-01,
         1.53171239e-02, -2.49940008e-01,  6.22619778e-02],
       [ 4.38437512e-01,  1.90234670e+00, -1.62341165e-01,
         2.51706919e-01,  9.26333098e-01, -1.88569100e-01,
         1.07966366e+00,  8.90514110e-01,  1.40949506e+00,
         6.66460449e-01,  3.84861861e-01, -6.13632907e-02,
        -2.04270617e-01,  6.43491126e-03, -1.75563743e-01,
        -7.08492312e-02,  3.47263894e-02,  3.89279775e-02],
       [ 4.50807794e-01, -1.62341165e-01,  1.58979990e+00,
         3.20387272e-01, -1.34811306e-01,  6.83805615e-01,
         9.53538717e-01, -2.10723159e+00, -8.59570430e-01,
         1.80669008e-01, -1.54920896e-01,  2.49207272e-01,
         1.40779673e-02,  1.60209749e-01,  5.98548267e-02,
        -2.44841447e-02,  6.89795218e-02,  6.12737542e-02],
       [ 2.76583317e+00,  2.51706919e-01,  3.20387272e-01,
         1.34715792e+00,  1.52627699e-01, -2.65370129e-01,
         3.96766260e+00,  6.76259401e-01, -2.44190344e+00,
         4.03789419e-01,  4.58117616e-01, -2.78075056e-01,
        -1.72970262e-01, -1.88133685e-01, -1.48012742e-01,
         1.95623434e-03, -1.17524519e-01,  3.29334226e-02],
       [ 2.61717611e-01,  9.26333098e-01, -1.34811306e-01,
         1.52627699e-01,  5.16553457e-01, -1.51851750e-01,
         1.56992183e+00,  1.12866166e+00,  7.04587659e-01,
         2.96866930e-01,  2.79448130e-01, -9.27522972e-02,
        -1.71771240e-01, -3.18515847e-02, -9.76628418e-02,
        -5.78941781e-02, -2.75059471e-02,  3.40805356e-02],
       [-6.45483984e-01, -1.88569100e-01,  6.83805615e-01,
        -2.65370129e-01, -1.51851750e-01,  4.56863846e-01,
        -1.27559688e+00, -1.47771352e+00,  4.87142134e-01,
        -1.28166967e-01, -2.54556823e-01,  2.20456019e-01,
         1.27085231e-01,  1.52892260e-01,  8.61084816e-02,
         6.60075571e-03,  9.47234715e-02,  2.03873866e-03],
       [ 7.50541366e+00,  1.07966366e+00,  9.53538717e-01,
         3.96766260e+00,  1.56992183e+00, -1.27559688e+00,
         3.16978373e+01,  1.05682315e+01, -6.10613863e+00,
         9.65873309e-01,  2.76431408e+00, -1.36314785e+00,
        -1.90428202e+00, -1.09810919e+00, -6.02574762e-01,
        -4.87803045e-01, -1.23712860e+00,  4.83405716e-01],
       [ 1.59295944e+00,  8.90514110e-01, -2.10723159e+00,
         6.76259401e-01,  1.12866166e+00, -1.47771352e+00,
         1.05682315e+01,  1.15256322e+01,  7.25423005e-01,
         1.20598746e-01,  1.30646875e+00, -1.72741326e+00,
        -8.07580256e-01, -7.04751361e-01, -1.65285866e-01,
        -8.71045028e-02, -5.42958733e-01,  1.20259959e-01],
       [-5.27806089e+00,  1.40949506e+00, -8.59570430e-01,
        -2.44190344e+00,  7.04587659e-01,  4.87142134e-01,
        -6.10613863e+00,  7.25423005e-01,  1.06321682e+01,
        -9.31971115e-01,  6.27939556e-01,  1.27295433e-04,
         3.56186539e-01,  1.49293120e-01, -3.01104580e-02,
        -4.80335713e-02,  2.95404844e-01, -2.09392737e-01],
       [ 8.42246896e-01,  6.66460449e-01,  1.80669008e-01,
         4.03789419e-01,  2.96866930e-01, -1.28166967e-01,
         9.65873309e-01,  1.20598746e-01, -9.31971115e-01,
         1.40305573e+00, -3.30470402e-02,  1.87603111e-02,
        -3.43394469e-01,  3.73854032e-02,  2.29403858e-02,
        -2.65740993e-02,  3.10531760e-02,  2.35524670e-01],
       [ 8.75945919e-01,  3.84861861e-01, -1.54920896e-01,
         4.58117616e-01,  2.79448130e-01, -2.54556823e-01,
         2.76431408e+00,  1.30646875e+00,  6.27939556e-01,
        -3.30470402e-02,  1.02546891e+00, -2.97580910e-01,
        -1.26922037e-01, -2.63824509e-01, -2.30998012e-01,
        -5.19834556e-02, -9.28514534e-02, -9.49528824e-02],
       [-6.49297682e-01, -6.13632907e-02,  2.49207272e-01,
        -2.78075056e-01, -9.27522972e-02,  2.20456019e-01,
        -1.36314785e+00, -1.72741326e+00,  1.27295433e-04,
         1.87603111e-02, -2.97580910e-01,  6.33322985e-01,
         5.04501745e-02,  1.87611272e-01, -9.00375425e-03,
        -4.66117927e-02,  1.02160904e-01,  1.96542855e-02],
       [-3.49468216e-01, -2.04270617e-01,  1.40779673e-02,
        -1.72970262e-01, -1.71771240e-01,  1.27085231e-01,
        -1.90428202e+00, -8.07580256e-01,  3.56186539e-01,
        -3.43394469e-01, -1.26922037e-01,  5.04501745e-02,
         2.26382736e-01,  5.37368215e-02,  2.28340319e-02,
         6.74643708e-02,  7.92099554e-02, -8.71346226e-02],
       [-4.10396999e-01,  6.43491126e-03,  1.60209749e-01,
        -1.88133685e-01, -3.18515847e-02,  1.52892260e-01,
        -1.09810919e+00, -7.04751361e-01,  1.49293120e-01,
         3.73854032e-02, -2.63824509e-01,  1.87611272e-01,
         5.37368215e-02,  1.31217642e-01,  4.86128010e-02,
         4.51533811e-03,  8.22054571e-02,  2.13042900e-02],
       [-2.86258310e-01, -1.75563743e-01,  5.98548267e-02,
        -1.48012742e-01, -9.76628418e-02,  8.61084816e-02,
        -6.02574762e-01, -1.65285866e-01, -3.01104580e-02,
         2.29403858e-02, -2.30998012e-01, -9.00375425e-03,
         2.28340319e-02,  4.86128010e-02,  1.00587009e-01,
         2.11057230e-02,  1.36731030e-02,  4.92472946e-02],
       [ 1.53171239e-02, -7.08492312e-02, -2.44841447e-02,
         1.95623434e-03, -5.78941781e-02,  6.60075571e-03,
        -4.87803045e-01, -8.71045028e-02, -4.80335713e-02,
        -2.65740993e-02, -5.19834556e-02, -4.66117927e-02,
         6.74643708e-02,  4.51533811e-03,  2.11057230e-02,
         5.09971311e-02,  2.03392713e-02, -1.25868987e-02],
       [-2.49940008e-01,  3.47263894e-02,  6.89795218e-02,
        -1.17524519e-01, -2.75059471e-02,  9.47234715e-02,
        -1.23712860e+00, -5.42958733e-01,  2.95404844e-01,
         3.10531760e-02, -9.28514534e-02,  1.02160904e-01,
         7.92099554e-02,  8.22054571e-02,  1.36731030e-02,
         2.03392713e-02,  9.51543799e-02, -1.31070129e-02],
       [ 6.22619778e-02,  3.89279775e-02,  6.12737542e-02,
         3.29334226e-02,  3.40805356e-02,  2.03873866e-03,
         4.83405716e-01,  1.20259959e-01, -2.09392737e-01,
         2.35524670e-01, -9.49528824e-02,  1.96542855e-02,
        -8.71346226e-02,  2.13042900e-02,  4.92472946e-02,
        -1.25868987e-02, -1.31070129e-02,  8.93464946e-02]])
      jac: array([ 3.30021196e-05, -1.10633724e-05, -2.05383858e-05, -5.98128954e-05,
        3.81653968e-05,  5.43309842e-05,  1.49287989e-06,  2.29446092e-07,
       -5.02560956e-07,  7.48919445e-06, -4.18776125e-06, -8.89103606e-06,
        2.70302299e-06, -6.32864131e-06, -2.46277073e-05,  6.35232607e-06,
        1.30869389e-05, -8.50800911e-06])
  message: 'Desired error not necessarily achieved due to precision loss.'
     nfev: 2292
      nit: 79
     njev: 120
   status: 2
  success: False
        x: array([-1.76378617, -1.04618585,  0.60966734, -1.623592  , -1.10036916,
        0.31260199, -0.47444114, -1.47140424,  0.8289827 ,  0.11012831,
        0.4281863 ,  1.13901161,  0.14196489,  0.17405872, -0.23203727,
        1.51547707, -0.27902473,  0.02559633])
