Program Begingeth
      fun: 0.29162502764901005
 hess_inv: array([[ 4.92808621e+00,  2.02258795e+00, -4.56196956e-02,
         1.58259945e+00,  9.21023559e-01, -1.02657942e+00,
         2.16402610e+00, -1.09632980e+00, -3.06682235e+00,
        -1.19104098e-01,  9.53285985e-01, -7.55022185e-01,
        -7.86557183e-01, -4.14259651e-01, -4.43476964e-01,
        -2.53488236e-01, -4.99265485e-01,  2.43787118e-01],
       [ 2.02258795e+00,  4.59584633e+00,  1.92641167e+00,
         7.39391670e-01,  1.87151532e+00,  3.62107204e-01,
         5.72773315e+00,  4.32138160e-01,  4.85480855e+00,
         3.50725517e-01,  8.14059988e-01, -1.66708680e+00,
        -6.54716506e-01, -5.30386934e-01, -3.56348128e-01,
        -1.10979281e-01, -3.75861751e-01,  5.59113536e-02],
       [-4.56196956e-02,  1.92641167e+00,  3.52080375e+00,
         5.02417068e-01,  6.48022481e-01,  1.44290972e+00,
         6.21872981e+00, -2.87990785e+00,  5.99636054e+00,
        -5.35247943e-03,  1.27565516e+00, -9.32091392e-01,
         9.37671819e-03, -2.64696788e-01, -4.05015411e-01,
        -1.24670629e-01, -3.31571855e-02, -2.41257368e-01],
       [ 1.58259945e+00,  7.39391670e-01,  5.02417068e-01,
         6.45160387e-01,  3.25030608e-01, -1.06861151e-01,
         1.93867588e+00, -9.35478581e-01, -3.08046776e-01,
        -9.40675647e-02,  5.08193670e-01, -2.63335055e-01,
        -2.02856872e-01, -1.34703416e-01, -2.23721443e-01,
        -9.88904506e-02, -1.44664672e-01,  1.32548262e-02],
       [ 9.21023559e-01,  1.87151532e+00,  6.48022481e-01,
         3.25030608e-01,  8.64999055e-01,  9.50275285e-02,
         2.73902619e+00,  9.31964816e-01,  1.53604125e+00,
         7.72379928e-02,  2.35041118e-01, -5.94435303e-01,
        -3.19341310e-01, -1.62107704e-01, -1.10855620e-01,
        -7.77155284e-02, -1.77873962e-01,  4.80700885e-02],
       [-1.02657942e+00,  3.62107204e-01,  1.44290972e+00,
        -1.06861151e-01,  9.50275285e-02,  8.59459296e-01,
         2.41659868e+00, -7.33646130e-01,  3.39431782e+00,
        -7.89224059e-02,  2.46431621e-01, -1.92088022e-01,
         1.87869045e-01, -1.63204847e-02, -4.18426254e-02,
         1.73202576e-02,  6.29782224e-02, -1.46083607e-01],
       [ 2.16402610e+00,  5.72773315e+00,  6.21872981e+00,
         1.93867588e+00,  2.73902619e+00,  2.41659868e+00,
         2.18089115e+01, -1.28081430e+00,  1.12234088e+01,
        -5.29871821e-01,  2.00625909e+00, -1.72117921e+00,
        -6.62641756e-01, -5.27025926e-01, -8.34503374e-01,
        -4.55850615e-01, -7.30234210e-01, -3.89405990e-01],
       [-1.09632980e+00,  4.32138160e-01, -2.87990785e+00,
        -9.35478581e-01,  9.31964816e-01, -7.33646130e-01,
        -1.28081430e+00,  1.11008228e+01, -2.55918673e+00,
        -8.71434353e-02, -1.88087711e+00,  2.49031689e-01,
        -2.40879451e-01,  3.51967849e-01,  8.32188428e-01,
         1.73798757e-01, -7.25489791e-02,  3.44481865e-01],
       [-3.06682235e+00,  4.85480855e+00,  5.99636054e+00,
        -3.08046776e-01,  1.53604125e+00,  3.39431782e+00,
         1.12234088e+01, -2.55918673e+00,  1.99777068e+01,
         1.28882732e-01,  1.48591133e+00, -1.97059621e+00,
         3.03597977e-01, -7.70630502e-01, -4.13923137e-01,
         1.75055525e-01, -1.64008585e-01, -5.14733904e-01],
       [-1.19104098e-01,  3.50725517e-01, -5.35247943e-03,
        -9.40675647e-02,  7.72379928e-02, -7.89224059e-02,
        -5.29871821e-01, -8.71434353e-02,  1.28882732e-01,
         7.49584572e-01, -9.80610158e-02, -1.09726419e-01,
        -1.68711414e-01,  1.23624324e-02,  5.82716228e-02,
         7.69764411e-03,  7.64086911e-02,  1.66963832e-01],
       [ 9.53285985e-01,  8.14059988e-01,  1.27565516e+00,
         5.08193670e-01,  2.35041118e-01,  2.46431621e-01,
         2.00625909e+00, -1.88087711e+00,  1.48591133e+00,
        -9.80610158e-02,  1.20870119e+00, -5.05533202e-01,
        -7.99481402e-02, -2.99432246e-01, -3.87260785e-01,
        -1.03349989e-01, -8.33963244e-02, -1.63692971e-01],
       [-7.55022185e-01, -1.66708680e+00, -9.32091392e-01,
        -2.63335055e-01, -5.94435303e-01, -1.92088022e-01,
        -1.72117921e+00,  2.49031689e-01, -1.97059621e+00,
        -1.09726419e-01, -5.05533202e-01,  9.82010332e-01,
         1.83690473e-01,  3.08796268e-01,  1.23960385e-01,
        -1.34344459e-02,  1.57997989e-01,  1.66348654e-02],
       [-7.86557183e-01, -6.54716506e-01,  9.37671819e-03,
        -2.02856872e-01, -3.19341310e-01,  1.87869045e-01,
        -6.62641756e-01, -2.40879451e-01,  3.03597977e-01,
        -1.68711414e-01, -7.99481402e-02,  1.83690473e-01,
         2.75097528e-01,  7.43018642e-02,  4.36096017e-02,
         9.41767992e-02,  1.20040375e-01, -1.06373562e-01],
       [-4.14259651e-01, -5.30386934e-01, -2.64696788e-01,
        -1.34703416e-01, -1.62107704e-01, -1.63204847e-02,
        -5.27025926e-01,  3.51967849e-01, -7.70630502e-01,
         1.23624324e-02, -2.99432246e-01,  3.08796268e-01,
         7.43018642e-02,  1.78279344e-01,  9.33478733e-02,
         4.15113894e-03,  1.06731097e-01,  2.40994125e-02],
       [-4.43476964e-01, -3.56348128e-01, -4.05015411e-01,
        -2.23721443e-01, -1.10855620e-01, -4.18426254e-02,
        -8.34503374e-01,  8.32188428e-01, -4.13923137e-01,
         5.82716228e-02, -3.87260785e-01,  1.23960385e-01,
         4.36096017e-02,  9.33478733e-02,  1.81695532e-01,
         5.19933004e-02,  3.79482176e-02,  7.74892670e-02],
       [-2.53488236e-01, -1.10979281e-01, -1.24670629e-01,
        -9.88904506e-02, -7.77155284e-02,  1.73202576e-02,
        -4.55850615e-01,  1.73798757e-01,  1.75055525e-01,
         7.69764411e-03, -1.03349989e-01, -1.34344459e-02,
         9.41767992e-02,  4.15113894e-03,  5.19933004e-02,
         8.40471848e-02,  3.39629605e-02, -1.00916247e-02],
       [-4.99265485e-01, -3.75861751e-01, -3.31571855e-02,
        -1.44664672e-01, -1.77873962e-01,  6.29782224e-02,
        -7.30234210e-01, -7.25489791e-02, -1.64008585e-01,
         7.64086911e-02, -8.33963244e-02,  1.57997989e-01,
         1.20040375e-01,  1.06731097e-01,  3.79482176e-02,
         3.39629605e-02,  1.46632428e-01, -1.82873932e-02],
       [ 2.43787118e-01,  5.59113536e-02, -2.41257368e-01,
         1.32548262e-02,  4.80700885e-02, -1.46083607e-01,
        -3.89405990e-01,  3.44481865e-01, -5.14733904e-01,
         1.66963832e-01, -1.63692971e-01,  1.66348654e-02,
        -1.06373562e-01,  2.40994125e-02,  7.74892670e-02,
        -1.00916247e-02, -1.82873932e-02,  1.28935310e-01]])
      jac: array([ 5.55414973e-05,  9.39170963e-05,  1.01106531e-04, -7.62242121e-05,
       -1.91644848e-04, -1.60933859e-04, -9.32587341e-08,  1.26521016e-05,
        1.26084328e-05,  4.45236440e-06,  4.72407299e-05,  1.05302063e-04,
       -2.15771845e-05,  1.31823441e-04,  3.60150428e-04,  4.70190553e-05,
       -7.91082015e-05, -2.71150139e-04])
  message: 'Desired error not necessarily achieved due to precision loss.'
     nfev: 2216
      nit: 57
     njev: 116
   status: 2
  success: False
        x: array([-0.6930617 , -0.96474305,  0.5861662 , -1.01675249, -1.04116261,
        0.13897072, -0.64328129, -1.71376517, -0.50639735,  0.09989439,
        0.60588269,  1.15074338,  0.10859752,  0.13869409, -0.33741889,
        1.21927655, -0.41733034, -0.01813903])
