Program Begingeth
      fun: 0.2432507976622248
 hess_inv: array([[ 8.99267969e-01,  3.02454612e-02, -2.50095459e-01,
        -4.16904452e-01,  3.41037766e-01, -2.39647244e-01,
        -1.58793770e-01,  2.04784500e+00, -1.36119543e+00,
         4.32169129e-01, -2.73880392e-02,  7.81155801e-01,
        -1.11819836e+00,  2.18014787e-01, -2.66671517e-01,
        -3.57880266e-01,  3.65635979e-02, -7.33052166e-02],
       [ 3.02454612e-02,  6.13998920e-01, -7.56732440e-02,
        -2.15236108e-01, -1.28980187e-01, -1.66221805e-01,
        -6.62606719e-01,  2.76991122e-01,  1.01858361e-02,
         7.06548639e-02,  2.00012457e-01,  1.41248266e-02,
        -2.21708619e-01, -5.59904431e-01, -5.12532960e-02,
        -3.71350660e-02, -1.68445543e-01,  1.18393539e-01],
       [-2.50095459e-01, -7.56732440e-02,  6.74079909e-01,
         2.63437736e-01,  1.05228340e-01, -1.03773020e-01,
         8.15715852e-01, -4.78048331e-01,  4.28408082e-01,
        -6.33868644e-01, -5.22020890e-02, -1.73373455e-01,
         5.66816401e-01,  1.68762503e-01, -5.32170996e-01,
         1.67908439e-01, -1.45506965e-02, -2.30174524e-01],
       [-4.16904452e-01, -2.15236108e-01,  2.63437736e-01,
         5.86063021e-01, -2.31674385e-01,  1.21315842e-03,
         6.69690482e-01, -2.17437110e+00,  2.04793104e-01,
        -4.31988318e-01,  1.47216007e-01, -2.35014847e-01,
         1.03862238e+00, -4.78425625e-02, -1.36855040e-01,
         3.37653126e-01, -3.01480556e-02, -9.48868870e-02],
       [ 3.41037766e-01, -1.28980187e-01,  1.05228340e-01,
        -2.31674385e-01,  4.70561789e-01, -1.26842445e-02,
         5.06762480e-01,  1.96011434e+00, -1.70392342e-01,
         6.73502460e-02, -2.68241634e-01,  2.84958604e-01,
        -5.39930502e-01,  5.60432044e-01, -1.62929657e-01,
        -1.71412317e-01,  1.66651217e-01, -7.76520421e-02],
       [-2.39647244e-01, -1.66221805e-01, -1.03773020e-01,
         1.21315842e-03, -1.26842445e-02,  3.53905587e-01,
         6.41863388e-02, -2.72764005e-02,  9.44376140e-01,
         3.50641677e-02, -2.20322303e-01, -2.79192071e-01,
         1.10758048e-01,  1.57240435e-01,  4.88474369e-01,
         3.28135623e-02,  7.27705913e-02,  1.42910032e-01],
       [-1.58793770e-01, -6.62606719e-01,  8.15715852e-01,
         6.69690482e-01,  5.06762480e-01,  6.41863388e-02,
         3.51716848e+00, -1.09375260e-01,  5.97812003e-01,
        -6.15341626e-01, -3.18371427e-01,  8.99113758e-02,
         7.63476284e-01,  1.03139891e+00, -5.69719041e-01,
         1.98282157e-01,  2.55309546e-01, -3.34521360e-01],
       [ 2.04784500e+00,  2.76991122e-01, -4.78048331e-01,
        -2.17437110e+00,  1.96011434e+00, -2.72764005e-02,
        -1.09375260e-01,  1.26214817e+01, -1.02421979e+00,
         1.40890624e+00, -8.56248334e-01,  1.41077338e+00,
        -4.26865786e+00,  1.45977081e+00,  1.10505322e-02,
        -1.37265739e+00,  4.27058147e-01,  1.19246410e-01],
       [-1.36119543e+00,  1.01858361e-02,  4.28408082e-01,
         2.04793104e-01, -1.70392342e-01,  9.44376140e-01,
         5.97812003e-01, -1.02421979e+00,  5.45963404e+00,
        -6.92798782e-01, -6.29041112e-01, -1.12535902e+00,
         1.14459245e+00,  6.45017035e-02,  7.65385426e-01,
         3.84795465e-01,  3.92815123e-02,  1.85221183e-01],
       [ 4.32169129e-01,  7.06548639e-02, -6.33868644e-01,
        -4.31988318e-01,  6.73502460e-02,  3.50641677e-02,
        -6.15341626e-01,  1.40890624e+00, -6.92798782e-01,
         8.42076279e-01, -2.48148129e-02,  3.21240767e-01,
        -9.66679803e-01, -1.34542414e-03,  3.95412346e-01,
        -3.09998288e-01,  7.15649121e-02,  1.73612403e-01],
       [-2.73880392e-02,  2.00012457e-01, -5.22020890e-02,
         1.47216007e-01, -2.68241634e-01, -2.20322303e-01,
        -3.18371427e-01, -8.56248334e-01, -6.29041112e-01,
        -2.48148129e-02,  6.97759809e-01, -2.93178524e-02,
         1.82914558e-01, -5.66202223e-01, -9.47989540e-02,
        -1.67523722e-03, -1.76216553e-01,  7.32525682e-02],
       [ 7.81155801e-01,  1.41248266e-02, -1.73373455e-01,
        -2.35014847e-01,  2.84958604e-01, -2.79192071e-01,
         8.99113758e-02,  1.41077338e+00, -1.12535902e+00,
         3.21240767e-01, -2.93178524e-02,  9.19918431e-01,
        -7.89289949e-01,  2.01710061e-01, -4.38971115e-01,
        -2.23399419e-01,  2.11205745e-02, -1.55731602e-01],
       [-1.11819836e+00, -2.21708619e-01,  5.66816401e-01,
         1.03862238e+00, -5.39930502e-01,  1.10758048e-01,
         7.63476284e-01, -4.26865786e+00,  1.14459245e+00,
        -9.66679803e-01,  1.82914558e-01, -7.89289949e-01,
         2.16981401e+00, -2.66085307e-01, -1.02228676e-01,
         7.38684920e-01, -1.00767379e-01, -1.05381303e-01],
       [ 2.18014787e-01, -5.59904431e-01,  1.68762503e-01,
        -4.78425625e-02,  5.60432044e-01,  1.57240435e-01,
         1.03139891e+00,  1.45977081e+00,  6.45017035e-02,
        -1.34542414e-03, -5.66202223e-01,  2.01710061e-01,
        -2.66085307e-01,  1.05420411e+00, -7.54812900e-02,
        -8.36147145e-02,  3.49060199e-01, -1.57265984e-01],
       [-2.66671517e-01, -5.12532960e-02, -5.32170996e-01,
        -1.36855040e-01, -1.62929657e-01,  4.88474369e-01,
        -5.69719041e-01,  1.10505322e-02,  7.65385426e-01,
         3.95412346e-01, -9.47989540e-02, -4.38971115e-01,
        -1.02228676e-01, -7.54812900e-02,  1.03904406e+00,
        -4.00402638e-02,  6.32265433e-02,  4.17726548e-01],
       [-3.57880266e-01, -3.71350660e-02,  1.67908439e-01,
         3.37653126e-01, -1.71412317e-01,  3.28135623e-02,
         1.98282157e-01, -1.37265739e+00,  3.84795465e-01,
        -3.09998288e-01, -1.67523722e-03, -2.23399419e-01,
         7.38684920e-01, -8.36147145e-02, -4.00402638e-02,
         2.87783539e-01, -3.19794581e-02, -3.74814870e-02],
       [ 3.65635979e-02, -1.68445543e-01, -1.45506965e-02,
        -3.01480556e-02,  1.66651217e-01,  7.27705913e-02,
         2.55309546e-01,  4.27058147e-01,  3.92815123e-02,
         7.15649121e-02, -1.76216553e-01,  2.11205745e-02,
        -1.00767379e-01,  3.49060199e-01,  6.32265433e-02,
        -3.19794581e-02,  1.51537390e-01, -1.10634911e-02],
       [-7.33052166e-02,  1.18393539e-01, -2.30174524e-01,
        -9.48868870e-02, -7.76520421e-02,  1.42910032e-01,
        -3.34521360e-01,  1.19246410e-01,  1.85221183e-01,
         1.73612403e-01,  7.32525682e-02, -1.55731602e-01,
        -1.05381303e-01, -1.57265984e-01,  4.17726548e-01,
        -3.74814870e-02, -1.10634911e-02,  2.28667506e-01]])
      jac: array([-1.02640119e-06,  1.03935379e-05, -7.30674780e-06,  4.50306459e-06,
       -1.16466096e-05,  3.93500047e-06,  4.11152594e-07,  1.70955842e-06,
       -1.66403928e-06, -2.20989893e-06, -7.86222939e-07,  2.08314847e-06,
        1.08156077e-05,  1.61578158e-05,  2.38827476e-06, -2.34751107e-05,
       -1.90969462e-05, -1.06092912e-05])
  message: 'Desired error not necessarily achieved due to precision loss.'
     nfev: 1247
      nit: 32
     njev: 65
   status: 2
  success: False
        x: array([ 0.72956046, -0.04698431,  0.53758686,  0.24064679, -0.8968717 ,
       -0.7553269 ,  1.23283839, -1.41723079, -1.03723735, -1.06057131,
        0.04846559,  0.67354392,  0.15268115,  0.05082659, -0.53433411,
        0.09367017,  1.16428   , -0.80435398])
