Program Begingeth
      fun: 0.29849671213030915
 hess_inv: array([[ 6.22083088e+00, -2.03570811e+00, -5.88558613e-01,
         1.74780909e+00, -8.54239015e-01,  1.13577922e+00,
         2.46293455e+00,  3.14797337e+00,  2.80560409e+00,
        -4.32593391e-01, -1.32457730e+00,  1.30047722e+00,
        -1.15827227e+00,  5.74518391e-01,  6.65531402e-01,
        -3.16656330e-01,  6.98081790e-01, -3.13492386e-01],
       [-2.03570811e+00,  4.30609680e+00,  2.22462561e+00,
        -7.19111772e-01,  1.59101561e+00,  3.67086521e-01,
        -6.90462544e+00, -1.00254879e+00,  4.91960126e+00,
        -2.34169909e-01,  7.93771042e-01, -2.04657196e+00,
         7.30939046e-01, -5.86166602e-01, -4.35068561e-01,
         1.03397152e-01, -3.71645799e-01,  4.47595369e-03],
       [-5.88558613e-01,  2.22462561e+00,  4.00238662e+00,
        -7.76158252e-01,  6.67507903e-01,  1.23639530e+00,
        -7.78513294e+00, -4.73766958e+00,  5.44300419e+00,
        -3.93208833e-02,  1.75017876e+00, -1.47773852e+00,
         1.85360933e-01, -4.33483319e-01, -6.60174897e-01,
         2.43514786e-01, -1.50441267e-01, -2.54944466e-01],
       [ 1.74780909e+00, -7.19111772e-01, -7.76158252e-01,
         6.53398361e-01, -2.90190705e-01,  9.58683291e-02,
         2.33256221e+00,  1.69473015e+00,  9.10965841e-02,
        -1.92264983e-01, -6.54114820e-01,  4.49012413e-01,
        -2.86499746e-01,  1.83827922e-01,  3.04923079e-01,
        -1.22846492e-01,  2.01543467e-01, -7.05714481e-03],
       [-8.54239015e-01,  1.59101561e+00,  6.67507903e-01,
        -2.90190705e-01,  7.25870060e-01,  1.00814117e-01,
        -3.31981647e+00,  5.62648444e-01,  1.41415119e+00,
         4.64995771e-02,  1.73448854e-01, -6.68123314e-01,
         3.34760289e-01, -1.53388617e-01, -1.06754037e-01,
         7.14427577e-02, -1.88899431e-01,  2.39659936e-02],
       [ 1.13577922e+00,  3.67086521e-01,  1.23639530e+00,
         9.58683291e-02,  1.00814117e-01,  7.43854136e-01,
        -2.71267894e+00, -5.99543760e-01,  2.85435333e+00,
         3.40127351e-02,  2.05358179e-01, -2.03321813e-01,
        -2.04278511e-01, -1.49699671e-02, -3.69984842e-02,
        -3.79851552e-03,  5.93934924e-02, -1.55252039e-01],
       [ 2.46293455e+00, -6.90462544e+00, -7.78513294e+00,
         2.33256221e+00, -3.31981647e+00, -2.71267894e+00,
         3.25848595e+01,  3.58542351e+00, -1.30929693e+01,
        -1.24445128e+00, -2.71299685e+00,  3.04864614e+00,
        -1.14497877e+00,  8.21926195e-01,  1.21248938e+00,
        -6.88727334e-01,  1.25597275e+00,  6.55708638e-01],
       [ 3.14797337e+00, -1.00254879e+00, -4.73766958e+00,
         1.69473015e+00,  5.62648444e-01, -5.99543760e-01,
         3.58542351e+00,  1.57079435e+01, -3.33132559e+00,
         2.82790008e-01, -3.30640589e+00,  1.29997583e+00,
        -2.74484541e-01,  7.80093516e-01,  1.55677783e+00,
        -4.80744738e-01,  1.89794028e-01,  3.45884862e-01],
       [ 2.80560409e+00,  4.91960126e+00,  5.44300419e+00,
         9.10965841e-02,  1.41415119e+00,  2.85435333e+00,
        -1.30929693e+01, -3.33132559e+00,  1.79079954e+01,
        -3.20712573e-01,  1.34888437e+00, -2.28125566e+00,
        -1.67037905e-01, -8.54432416e-01, -5.37062396e-01,
        -7.86351188e-02, -1.85786563e-01, -5.53058877e-01],
       [-4.32593391e-01, -2.34169909e-01, -3.93208833e-02,
        -1.92264983e-01,  4.64995771e-02,  3.40127351e-02,
        -1.24445128e+00,  2.82790008e-01, -3.20712573e-01,
         8.39993016e-01,  7.78235334e-02,  1.18350216e-01,
        -7.96412949e-02, -3.06291430e-03, -5.01209766e-02,
         4.35355770e-02, -1.53455100e-01, -1.34442298e-01],
       [-1.32457730e+00,  7.93771042e-01,  1.75017876e+00,
        -6.54114820e-01,  1.73448854e-01,  2.05358179e-01,
        -2.71299685e+00, -3.30640589e+00,  1.34888437e+00,
         7.78235334e-02,  1.58828221e+00, -7.49036033e-01,
         2.10837900e-01, -3.88405759e-01, -5.67906243e-01,
         1.96080416e-01, -1.48080270e-01, -1.72494029e-01],
       [ 1.30047722e+00, -2.04657196e+00, -1.47773852e+00,
         4.49012413e-01, -6.68123314e-01, -2.03321813e-01,
         3.04864614e+00,  1.29997583e+00, -2.28125566e+00,
         1.18350216e-01, -7.49036033e-01,  1.44592589e+00,
        -3.57736283e-01,  4.28729069e-01,  2.56188753e-01,
        -3.88664202e-02,  2.32526720e-01,  1.07215827e-02],
       [-1.15827227e+00,  7.30939046e-01,  1.85360933e-01,
        -2.86499746e-01,  3.34760289e-01, -2.04278511e-01,
        -1.14497877e+00, -2.74484541e-01, -1.67037905e-01,
        -7.96412949e-02,  2.10837900e-01, -3.57736283e-01,
         3.76080208e-01, -1.29909121e-01, -1.11073360e-01,
         1.17389877e-01, -1.82998992e-01,  1.07994156e-01],
       [ 5.74518391e-01, -5.86166602e-01, -4.33483319e-01,
         1.83827922e-01, -1.53388617e-01, -1.49699671e-02,
         8.21926195e-01,  7.80093516e-01, -8.54432416e-01,
        -3.06291430e-03, -3.88405759e-01,  4.28729069e-01,
        -1.29909121e-01,  2.12114919e-01,  1.44412648e-01,
        -2.40761468e-02,  1.22249111e-01,  2.33073036e-02],
       [ 6.65531402e-01, -4.35068561e-01, -6.60174897e-01,
         3.04923079e-01, -1.06754037e-01, -3.69984842e-02,
         1.21248938e+00,  1.55677783e+00, -5.37062396e-01,
        -5.01209766e-02, -5.67906243e-01,  2.56188753e-01,
        -1.11073360e-01,  1.44412648e-01,  2.73665752e-01,
        -9.05548226e-02,  6.92110819e-02,  8.00518563e-02],
       [-3.16656330e-01,  1.03397152e-01,  2.43514786e-01,
        -1.22846492e-01,  7.14427577e-02, -3.79851552e-03,
        -6.88727334e-01, -4.80744738e-01, -7.86351188e-02,
         4.35355770e-02,  1.96080416e-01, -3.88664202e-02,
         1.17389877e-01, -2.40761468e-02, -9.05548226e-02,
         1.02967973e-01, -5.70700723e-02, -4.80030450e-04],
       [ 6.98081790e-01, -3.71645799e-01, -1.50441267e-01,
         2.01543467e-01, -1.88899431e-01,  5.93934924e-02,
         1.25597275e+00,  1.89794028e-01, -1.85786563e-01,
        -1.53455100e-01, -1.48080270e-01,  2.32526720e-01,
        -1.82998992e-01,  1.22249111e-01,  6.92110819e-02,
        -5.70700723e-02,  1.91802929e-01, -1.87314009e-02],
       [-3.13492386e-01,  4.47595369e-03, -2.54944466e-01,
        -7.05714481e-03,  2.39659936e-02, -1.55252039e-01,
         6.55708638e-01,  3.45884862e-01, -5.53058877e-01,
        -1.34442298e-01, -1.72494029e-01,  1.07215827e-02,
         1.07994156e-01,  2.33073036e-02,  8.00518563e-02,
        -4.80030450e-04, -1.87314009e-02,  1.32516847e-01]])
      jac: array([-5.98236275e-05,  3.40050210e-05,  5.57146921e-05,  1.53680402e-04,
       -4.02555767e-05, -5.66694839e-05, -6.25832719e-06,  8.14829685e-06,
       -2.56646556e-06, -3.69367500e-05, -4.37649916e-06,  4.90144962e-05,
       -1.47750330e-04,  2.24712841e-05,  2.98598183e-05,  4.63488507e-05,
       -6.52293035e-05, -3.47810669e-05])
  message: 'Desired error not necessarily achieved due to precision loss.'
     nfev: 1797
      nit: 59
     njev: 94
   status: 2
  success: False
        x: array([ 0.69563835, -0.7835161 ,  0.58791179,  1.12475515, -0.88415803,
        0.11425046,  0.68701368, -1.60254877, -0.49343131, -0.00708159,
        0.61778902,  1.10861451,  0.0263887 ,  0.11636415, -0.34864621,
       -1.09647243, -0.54673768, -0.01060096])
