Program Begingeth
      fun: 0.319923302973364
 hess_inv: array([[ 1.40513454e+00, -1.31162598e-01,  1.74282467e-01,
         2.95434398e-01, -2.10303416e-01,  4.02557164e-01,
         8.94946836e-01, -3.75557629e-01,  8.25341443e-01,
         9.18614093e-01, -6.98149810e-01,  1.14348074e-01,
        -5.75481125e-01,  2.11658565e-02,  7.14048067e-02,
        -3.64744784e-02, -3.43898091e-03, -2.45913821e-01],
       [-1.31162598e-01,  7.31602454e-01, -1.45825353e-01,
        -3.54375354e-01,  8.01074309e-02, -2.88763473e-01,
        -1.62110098e+00,  3.83642215e-01, -4.01222641e-01,
        -1.00556674e+00, -6.37284909e-02, -1.28942869e-01,
         6.59143548e-02, -2.37219097e-01, -2.49752703e-01,
         4.35326100e-02,  1.75478506e-04, -1.16596052e-01],
       [ 1.74282467e-01, -1.45825353e-01,  4.23843318e-01,
         1.65924760e-01,  9.39811872e-03,  1.77045563e-01,
         2.61851296e-01, -5.12177332e-01,  5.06137535e-01,
         6.79726974e-01, -1.68990768e-02,  6.70840157e-02,
        -3.64799832e-02,  1.40839915e-01, -2.18139861e-02,
         5.40612866e-02,  4.69426451e-02,  3.77789847e-02],
       [ 2.95434398e-01, -3.54375354e-01,  1.65924760e-01,
         5.36410675e-01,  8.21672997e-02,  2.70850444e-01,
         1.57810111e+00,  2.09894085e-01,  1.48799704e+00,
         1.56343605e+00,  3.28470333e-01, -1.52639207e-01,
        -3.61741876e-02,  1.40071674e-01,  1.64668872e-01,
         1.48968688e-02, -4.35901566e-03,  4.45417445e-02],
       [-2.10303416e-01,  8.01074309e-02,  9.39811872e-03,
         8.21672997e-02,  3.18777088e-01, -7.54162329e-02,
        -1.40417337e-01,  8.23761605e-01,  8.12299228e-01,
         2.54101802e-01,  8.22846568e-01, -2.64436736e-01,
         1.61530007e-01,  5.22119115e-02, -4.39373461e-02,
         5.82307230e-02,  9.73029498e-03,  4.56543434e-02],
       [ 4.02557164e-01, -2.88763473e-01,  1.77045563e-01,
         2.70850444e-01, -7.54162329e-02,  4.18476778e-01,
         1.25625717e+00, -6.33000483e-01,  1.17326889e+00,
         9.45946425e-01, -2.87912453e-02,  4.50559211e-01,
        -2.21091474e-01,  1.33115116e-01,  1.58202307e-01,
        -4.00466669e-02,  5.32797162e-02, -2.52169259e-03],
       [ 8.94946836e-01, -1.62110098e+00,  2.61851296e-01,
         1.57810111e+00, -1.40417337e-01,  1.25625717e+00,
         1.08896725e+01, -1.61448187e+00,  5.55260128e+00,
         4.28948299e+00,  1.50569786e+00,  2.51960722e-01,
        -7.15459209e-01,  4.88126423e-01,  7.19205804e-01,
        -3.08159671e-01,  2.57743773e-01,  2.42574660e-02],
       [-3.75557629e-01,  3.83642215e-01, -5.12177332e-01,
         2.09894085e-01,  8.23761605e-01, -6.33000483e-01,
        -1.61448187e+00,  5.00140454e+00,  1.04277666e+00,
         1.46636889e-01,  1.47555659e+00, -1.65786538e+00,
         5.36954039e-01, -1.06190166e-01, -6.52489916e-02,
         1.38209287e-01, -1.42483059e-01,  7.25762678e-02],
       [ 8.25341443e-01, -4.01222641e-01,  5.06137535e-01,
         1.48799704e+00,  8.12299228e-01,  1.17326889e+00,
         5.55260128e+00,  1.04277666e+00,  9.54650646e+00,
         4.83237381e+00,  3.00690062e+00, -1.14001396e-01,
        -3.17236267e-01,  3.93727361e-01,  3.79729533e-01,
         1.45055285e-03,  2.15258490e-01,  7.27656649e-02],
       [ 9.18614093e-01, -1.00556674e+00,  6.79726974e-01,
         1.56343605e+00,  2.54101802e-01,  9.45946425e-01,
         4.28948299e+00,  1.46636889e-01,  4.83237381e+00,
         4.90231021e+00,  9.82965763e-01, -1.66271122e-01,
        -1.85726021e-01,  4.77276818e-01,  4.57950853e-01,
         3.63479799e-02,  4.15659229e-02,  1.30198584e-01],
       [-6.98149810e-01, -6.37284909e-02, -1.68990768e-02,
         3.28470333e-01,  8.22846568e-01, -2.87912453e-02,
         1.50569786e+00,  1.47555659e+00,  3.00690062e+00,
         9.82965763e-01,  2.76361931e+00, -5.20992109e-01,
         3.28665154e-01,  1.93079224e-01, -1.29599914e-02,
         5.60977416e-02,  8.29385638e-02,  1.44360429e-01],
       [ 1.14348074e-01, -1.28942869e-01,  6.70840157e-02,
        -1.52639207e-01, -2.64436736e-01,  4.50559211e-01,
         2.51960722e-01, -1.65786538e+00, -1.14001396e-01,
        -1.66271122e-01, -5.20992109e-01,  1.34027284e+00,
        -2.33252056e-01,  8.74607922e-02,  1.18472381e-01,
        -7.50532804e-02,  9.36465061e-02, -1.04443347e-02],
       [-5.75481125e-01,  6.59143548e-02, -3.64799832e-02,
        -3.61741876e-02,  1.61530007e-01, -2.21091474e-01,
        -7.15459209e-01,  5.36954039e-01, -3.17236267e-01,
        -1.85726021e-01,  3.28665154e-01, -2.33252056e-01,
         3.50017400e-01, -2.97508432e-03, -3.94116283e-02,
         8.44942653e-02, -3.87896441e-02,  1.28183088e-01],
       [ 2.11658565e-02, -2.37219097e-01,  1.40839915e-01,
         1.40071674e-01,  5.22119115e-02,  1.33115116e-01,
         4.88126423e-01, -1.06190166e-01,  3.93727361e-01,
         4.77276818e-01,  1.93079224e-01,  8.74607922e-02,
        -2.97508432e-03,  1.43065416e-01,  6.47005903e-02,
         7.83639830e-03,  3.73673380e-02,  5.46557423e-02],
       [ 7.14048067e-02, -2.49752703e-01, -2.18139861e-02,
         1.64668872e-01, -4.39373461e-02,  1.58202307e-01,
         7.19205804e-01, -6.52489916e-02,  3.79729533e-01,
         4.57950853e-01, -1.29599914e-02,  1.18472381e-01,
        -3.94116283e-02,  6.47005903e-02,  1.51776554e-01,
        -3.19124679e-02, -4.89820849e-03,  5.32630105e-02],
       [-3.64744784e-02,  4.35326100e-02,  5.40612866e-02,
         1.48968688e-02,  5.82307230e-02, -4.00466669e-02,
        -3.08159671e-01,  1.38209287e-01,  1.45055285e-03,
         3.63479799e-02,  5.60977416e-02, -7.50532804e-02,
         8.44942653e-02,  7.83639830e-03, -3.19124679e-02,
         6.23570659e-02, -1.31736595e-02,  1.88433726e-02],
       [-3.43898091e-03,  1.75478506e-04,  4.69426451e-02,
        -4.35901566e-03,  9.73029498e-03,  5.32797162e-02,
         2.57743773e-01, -1.42483059e-01,  2.15258490e-01,
         4.15659229e-02,  8.29385638e-02,  9.36465061e-02,
        -3.87896441e-02,  3.73673380e-02, -4.89820849e-03,
        -1.31736595e-02,  5.29685224e-02, -3.86940504e-03],
       [-2.45913821e-01, -1.16596052e-01,  3.77789847e-02,
         4.45417445e-02,  4.56543434e-02, -2.52169259e-03,
         2.42574660e-02,  7.25762678e-02,  7.27656649e-02,
         1.30198584e-01,  1.44360429e-01, -1.04443347e-02,
         1.28183088e-01,  5.46557423e-02,  5.32630105e-02,
         1.88433726e-02, -3.86940504e-03,  1.05587568e-01]])
      jac: array([ 4.66034618e-06, -1.19534012e-06, -6.06884913e-06, -2.40859184e-05,
        1.04431278e-05,  1.95343741e-05,  1.44328993e-06, -9.16674144e-07,
       -1.45772283e-06,  5.44934468e-06, -1.91476464e-06, -4.47789953e-06,
        1.63221288e-05, -8.75225818e-07, -9.89652804e-06, -9.72370333e-06,
       -5.68434189e-07,  1.13612823e-06])
  message: 'Desired error not necessarily achieved due to precision loss.'
     nfev: 2083
      nit: 63
     njev: 109
   status: 2
  success: False
        x: array([ 0.09351827,  0.13764652,  0.80452053,  1.51854032, -0.83214474,
        0.32801612,  0.93449808, -1.86651425,  0.76825049,  1.87173906,
       -0.75668594,  0.9025275 ,  0.03636278,  0.08809393, -0.2235792 ,
       -1.36890944, -0.51651023,  0.05010597])
