Program Begingeth
      fun: 0.2519594324826507
 hess_inv: array([[ 4.35388532e+00,  1.97579824e+00,  4.86647585e-01,
         1.54883428e+00,  7.91037963e-01, -7.03153255e-01,
         3.34745015e+00, -2.02359427e+00, -1.83074883e+00,
        -1.11214772e-01,  1.07071984e+00, -8.28424191e-01,
        -6.75191039e-01, -4.54435092e-01, -4.84090245e-01,
        -2.72258004e-01, -4.51092919e-01,  1.53707152e-01],
       [ 1.97579824e+00,  3.60954292e+00,  1.02454042e+00,
         5.83329451e-01,  1.49894513e+00, -5.48869201e-02,
         3.02079512e+00,  1.52389141e+00,  2.08278654e+00,
         3.88322916e-01,  4.69866248e-01, -1.39271511e+00,
        -5.98285984e-01, -4.38002204e-01, -2.18896244e-01,
        -8.96552839e-02, -3.04245829e-01,  1.34218446e-01],
       [ 4.86647585e-01,  1.02454042e+00,  3.87090776e+00,
         8.29790488e-01,  3.36480455e-01,  1.58322304e+00,
         7.56250330e+00, -3.44623179e+00,  6.01762690e+00,
        -2.87265192e-01,  1.53398755e+00, -7.97178651e-01,
         1.62451663e-02, -2.27621944e-01, -5.32369682e-01,
        -2.18429318e-01, -4.23700447e-02, -3.68603645e-01],
       [ 1.54883428e+00,  5.83329451e-01,  8.29790488e-01,
         7.36395438e-01,  2.30772969e-01,  5.84543643e-02,
         2.89302602e+00, -1.53724875e+00,  2.33359698e-01,
        -1.59911437e-01,  6.27747644e-01, -2.76964763e-01,
        -1.72979749e-01, -1.44494173e-01, -2.77135566e-01,
        -1.33907871e-01, -1.36915885e-01, -5.03152003e-02],
       [ 7.91037963e-01,  1.49894513e+00,  3.36480455e-01,
         2.30772969e-01,  7.11402342e-01, -2.22527402e-02,
         1.59596467e+00,  1.41643384e+00,  5.90793422e-01,
         9.58253318e-02,  7.77980560e-02, -4.97866352e-01,
        -2.68438244e-01, -1.26453753e-01, -4.06108127e-02,
        -5.41336090e-02, -1.32152215e-01,  7.16379851e-02],
       [-7.03153255e-01, -5.48869201e-02,  1.58322304e+00,
         5.84543643e-02, -2.22527402e-02,  9.07821777e-01,
         2.99154120e+00, -8.30929134e-01,  3.22069393e+00,
        -2.28374575e-01,  3.52926368e-01, -1.06216095e-01,
         1.81865759e-01,  1.62971686e-02, -9.48637755e-02,
        -2.30417602e-02,  5.39642895e-02, -1.99583913e-01],
       [ 3.34745015e+00,  3.02079512e+00,  7.56250330e+00,
         2.89302602e+00,  1.59596467e+00,  2.99154120e+00,
         2.49818685e+01, -4.58219477e+00,  1.06813968e+01,
        -1.31982946e+00,  2.72989199e+00, -1.26948263e+00,
        -4.14999334e-01, -3.96651311e-01, -1.18765794e+00,
        -6.80158160e-01, -6.02838226e-01, -8.05357596e-01],
       [-2.02359427e+00,  1.52389141e+00, -3.44623179e+00,
        -1.53724875e+00,  1.41643384e+00, -8.30929134e-01,
        -4.58219477e+00,  1.45512073e+01, -3.45796178e+00,
         2.03131471e-01, -2.60663968e+00,  5.18301602e-02,
        -1.33293249e-01,  3.74678355e-01,  1.21804507e+00,
         3.95543867e-01,  3.02724683e-02,  5.41241354e-01],
       [-1.83074883e+00,  2.08278654e+00,  6.01762690e+00,
         2.33359698e-01,  5.90793422e-01,  3.22069393e+00,
         1.06813968e+01, -3.45796178e+00,  1.62820934e+01,
        -4.80089623e-01,  1.85825777e+00, -1.33764054e+00,
         3.60413013e-01, -5.55453548e-01, -6.35142461e-01,
        -1.68129771e-02, -1.29333915e-01, -7.29260729e-01],
       [-1.11214772e-01,  3.88322916e-01, -2.87265192e-01,
        -1.59911437e-01,  9.58253318e-02, -2.28374575e-01,
        -1.31982946e+00,  2.03131471e-01, -4.80089623e-01,
         7.68047077e-01, -2.01228376e-01, -9.88406366e-02,
        -1.71748897e-01,  2.06663393e-02,  1.01401320e-01,
         2.66276284e-02,  8.02268604e-02,  2.17195936e-01],
       [ 1.07071984e+00,  4.69866248e-01,  1.53398755e+00,
         6.27747644e-01,  7.77980560e-02,  3.52926368e-01,
         2.72989199e+00, -2.60663968e+00,  1.85825777e+00,
        -2.01228376e-01,  1.37210559e+00, -5.08456499e-01,
        -7.79651446e-02, -3.08614558e-01, -4.65053880e-01,
        -1.58781449e-01, -9.51399724e-02, -2.32442844e-01],
       [-8.28424191e-01, -1.39271511e+00, -7.97178651e-01,
        -2.76964763e-01, -4.97866352e-01, -1.06216095e-01,
        -1.26948263e+00,  5.18301602e-02, -1.33764054e+00,
        -9.88406366e-02, -5.08456499e-01,  9.30443755e-01,
         1.76016153e-01,  2.96154049e-01,  1.20997832e-01,
        -2.15279887e-03,  1.45918398e-01,  1.13923741e-02],
       [-6.75191039e-01, -5.98285984e-01,  1.62451663e-02,
        -1.72979749e-01, -2.68438244e-01,  1.81865759e-01,
        -4.14999334e-01, -1.33293249e-01,  3.60413013e-01,
        -1.71748897e-01, -7.79651446e-02,  1.76016153e-01,
         2.33767721e-01,  7.84773978e-02,  3.97032638e-02,
         8.25385625e-02,  9.71874860e-02, -9.90349565e-02],
       [-4.54435092e-01, -4.38002204e-01, -2.27621944e-01,
        -1.44494173e-01, -1.26453753e-01,  1.62971686e-02,
        -3.96651311e-01,  3.74678355e-01, -5.55453548e-01,
         2.06663393e-02, -3.08614558e-01,  2.96154049e-01,
         7.84773978e-02,  1.76404490e-01,  1.01025689e-01,
         1.42818577e-02,  1.08590729e-01,  2.49016815e-02],
       [-4.84090245e-01, -2.18896244e-01, -5.32369682e-01,
        -2.77135566e-01, -4.06108127e-02, -9.48637755e-02,
        -1.18765794e+00,  1.21804507e+00, -6.35142461e-01,
         1.01401320e-01, -4.65053880e-01,  1.20997832e-01,
         3.97032638e-02,  1.01025689e-01,  2.23584878e-01,
         7.66589528e-02,  4.37137086e-02,  1.12607671e-01],
       [-2.72258004e-01, -8.96552839e-02, -2.18429318e-01,
        -1.33907871e-01, -5.41336090e-02, -2.30417602e-02,
        -6.80158160e-01,  3.95543867e-01, -1.68129771e-02,
         2.66276284e-02, -1.58781449e-01, -2.15279887e-03,
         8.25385625e-02,  1.42818577e-02,  7.66589528e-02,
         8.91453350e-02,  3.08677956e-02,  1.08898880e-02],
       [-4.51092919e-01, -3.04245829e-01, -4.23700447e-02,
        -1.36915885e-01, -1.32152215e-01,  5.39642895e-02,
        -6.02838226e-01,  3.02724683e-02, -1.29333915e-01,
         8.02268604e-02, -9.51399724e-02,  1.45918398e-01,
         9.71874860e-02,  1.08590729e-01,  4.37137086e-02,
         3.08677956e-02,  1.33052482e-01, -5.93547210e-03],
       [ 1.53707152e-01,  1.34218446e-01, -3.68603645e-01,
        -5.03152003e-02,  7.16379851e-02, -1.99583913e-01,
        -8.05357596e-01,  5.41241354e-01, -7.29260729e-01,
         2.17195936e-01, -2.32442844e-01,  1.13923741e-02,
        -9.90349565e-02,  2.49016815e-02,  1.12607671e-01,
         1.08898880e-02, -5.93547210e-03,  1.57058906e-01]])
      jac: array([-3.30513394e-06, -1.47326595e-06,  3.16894659e-06,  7.57616192e-06,
        5.72542014e-06, -5.45119505e-06, -5.48450174e-07, -6.80936789e-07,
       -3.55271368e-08, -2.02578695e-06,  1.03657823e-06,  2.88732001e-06,
       -1.41675560e-05, -1.55246186e-06,  1.31228362e-05,  1.06300154e-05,
        1.59391019e-06, -1.27953204e-05])
  message: 'Desired error not necessarily achieved due to precision loss.'
     nfev: 1703
      nit: 57
     njev: 89
   status: 2
  success: False
        x: array([-0.66895618, -0.89983214,  0.58563833, -0.97660144, -0.99387414,
        0.12983921, -0.7104793 , -1.52475628, -0.64733871,  0.08411476,
        0.65183622,  1.14355003,  0.09892493,  0.21464926, -0.33480231,
        1.1664077 , -0.23686873, -0.01754435])
