Program Begingeth
      fun: 0.239638869989539
 hess_inv: array([[ 4.79700054e+00,  1.76875286e+00,  6.36635653e-01,
         1.44924647e+00,  6.68122229e-01, -7.19661347e-01,
         3.11743056e+00, -2.50202024e+00, -1.49145602e+00,
        -4.80060635e-01,  9.98267045e-01, -1.07889128e+00,
        -8.33502270e-01, -5.11696251e-01, -4.85905755e-01,
        -2.29708089e-01, -5.45900432e-01,  2.04476955e-01],
       [ 1.76875286e+00,  2.73485659e+00,  7.44075236e-01,
         4.00516051e-01,  1.06482942e+00, -1.46929670e-01,
         1.83608951e+00,  1.31531832e+00,  1.04061776e+00,
         1.96530266e-01,  1.82500769e-01, -1.30154718e+00,
        -5.34503254e-01, -3.64005239e-01, -1.50581643e-01,
        -3.46512654e-02, -2.12630227e-01,  1.16781563e-01],
       [ 6.36635653e-01,  7.44075236e-01,  4.05871069e+00,
         8.68442255e-01,  2.10203999e-01,  1.47666389e+00,
         7.94431092e+00, -3.92944393e+00,  5.81448478e+00,
        -3.69034917e-01,  1.81485782e+00, -1.09630710e+00,
        -5.76279387e-02, -2.90354519e-01, -6.48925833e-01,
        -2.69903292e-01, -8.02608396e-02, -3.85618977e-01],
       [ 1.44924647e+00,  4.00516051e-01,  8.68442255e-01,
         6.29126161e-01,  1.60243993e-01,  7.88275939e-02,
         2.77998852e+00, -1.57098103e+00,  4.17435603e-01,
        -2.88479294e-01,  6.01011943e-01, -3.43580492e-01,
        -1.92373099e-01, -1.42419041e-01, -2.65406859e-01,
        -1.18390946e-01, -1.53200457e-01, -4.57158315e-02],
       [ 6.68122229e-01,  1.06482942e+00,  2.10203999e-01,
         1.60243993e-01,  5.08679058e-01, -4.43381742e-02,
         1.15687108e+00,  1.29299439e+00,  7.99092488e-02,
         2.56693693e-03, -5.45705280e-02, -4.19055555e-01,
        -2.21724414e-01, -7.62972881e-02,  1.92595956e-03,
        -3.11665000e-02, -8.52301070e-02,  6.22183075e-02],
       [-7.19661347e-01, -1.46929670e-01,  1.47666389e+00,
         7.88275939e-02, -4.43381742e-02,  8.07362746e-01,
         2.98743478e+00, -7.43334175e-01,  2.79136400e+00,
        -1.88217125e-01,  4.27455018e-01, -1.39604520e-01,
         1.80599485e-01,  1.46573940e-02, -1.16032783e-01,
        -4.84166270e-02,  5.74118550e-02, -1.99867109e-01],
       [ 3.11743056e+00,  1.83608951e+00,  7.94431092e+00,
         2.77998852e+00,  1.15687108e+00,  2.98743478e+00,
         2.61675314e+01, -5.48351181e+00,  1.02650225e+01,
        -1.76955213e+00,  3.10057423e+00, -1.63910783e+00,
        -5.03402206e-01, -3.80676331e-01, -1.30376835e+00,
        -7.88763356e-01, -6.39612444e-01, -8.96439358e-01],
       [-2.50202024e+00,  1.31531832e+00, -3.92944393e+00,
        -1.57098103e+00,  1.29299439e+00, -7.43334175e-01,
        -5.48351181e+00,  1.55637989e+01, -4.81015709e+00,
         3.31898933e-01, -3.14153496e+00,  4.83869796e-01,
         1.35407183e-01,  5.28456825e-01,  1.50673577e+00,
         4.93580605e-01,  2.19929897e-01,  5.51855719e-01],
       [-1.49145602e+00,  1.04061776e+00,  5.81448478e+00,
         4.17435603e-01,  7.99092488e-02,  2.79136400e+00,
         1.02650225e+01, -4.81015709e+00,  1.43669721e+01,
        -4.57742344e-01,  2.35020335e+00, -1.38806432e+00,
         3.16691269e-01, -6.16908720e-01, -8.73227010e-01,
        -1.59591252e-01, -9.71757423e-02, -7.78722180e-01],
       [-4.80060635e-01,  1.96530266e-01, -3.69034917e-01,
        -2.88479294e-01,  2.56693693e-03, -1.88217125e-01,
        -1.76955213e+00,  3.31898933e-01, -4.57742344e-01,
         8.23795053e-01, -2.90450157e-01, -1.56804219e-03,
        -1.09030825e-01,  5.22222948e-02,  1.34424625e-01,
         5.14946678e-02,  1.24244156e-01,  1.93059009e-01],
       [ 9.98267045e-01,  1.82500769e-01,  1.81485782e+00,
         6.01011943e-01, -5.45705280e-02,  4.27455018e-01,
         3.10057423e+00, -3.14153496e+00,  2.35020335e+00,
        -2.90450157e-01,  1.51851991e+00, -5.99561241e-01,
        -9.31555984e-02, -3.30056065e-01, -5.35256235e-01,
        -1.77293211e-01, -1.11484081e-01, -2.53163354e-01],
       [-1.07889128e+00, -1.30154718e+00, -1.09630710e+00,
        -3.43580492e-01, -4.19055555e-01, -1.39604520e-01,
        -1.63910783e+00,  4.83869796e-01, -1.38806432e+00,
        -1.56804219e-03, -5.99561241e-01,  1.10954148e+00,
         2.33638215e-01,  3.34821880e-01,  1.84148975e-01,
         1.63115032e-02,  1.56359699e-01,  2.66760980e-02],
       [-8.33502270e-01, -5.34503254e-01, -5.76279387e-02,
        -1.92373099e-01, -2.21724414e-01,  1.80599485e-01,
        -5.03402206e-01,  1.35407183e-01,  3.16691269e-01,
        -1.09030825e-01, -9.31555984e-02,  2.33638215e-01,
         2.72599218e-01,  9.70164476e-02,  5.91779559e-02,
         8.20055206e-02,  1.16861360e-01, -9.71461460e-02],
       [-5.11696251e-01, -3.64005239e-01, -2.90354519e-01,
        -1.42419041e-01, -7.62972881e-02,  1.46573940e-02,
        -3.80676331e-01,  5.28456825e-01, -6.16908720e-01,
         5.22222948e-02, -3.30056065e-01,  3.34821880e-01,
         9.70164476e-02,  1.92012988e-01,  1.21824401e-01,
         1.47806458e-02,  1.10676569e-01,  2.79386460e-02],
       [-4.85905755e-01, -1.50581643e-01, -6.48925833e-01,
        -2.65406859e-01,  1.92595956e-03, -1.16032783e-01,
        -1.30376835e+00,  1.50673577e+00, -8.73227010e-01,
         1.34424625e-01, -5.35256235e-01,  1.84148975e-01,
         5.91779559e-02,  1.21824401e-01,  2.57357410e-01,
         8.49921056e-02,  5.70474615e-02,  1.19049243e-01],
       [-2.29708089e-01, -3.46512654e-02, -2.69903292e-01,
        -1.18390946e-01, -3.11665000e-02, -4.84166270e-02,
        -7.88763356e-01,  4.93580605e-01, -1.59591252e-01,
         5.14946678e-02, -1.77293211e-01,  1.63115032e-02,
         8.20055206e-02,  1.47806458e-02,  8.49921056e-02,
         8.87366233e-02,  3.52372981e-02,  2.00742686e-02],
       [-5.45900432e-01, -2.12630227e-01, -8.02608396e-02,
        -1.53200457e-01, -8.52301070e-02,  5.74118550e-02,
        -6.39612444e-01,  2.19929897e-01, -9.71757423e-02,
         1.24244156e-01, -1.11484081e-01,  1.56359699e-01,
         1.16861360e-01,  1.10676569e-01,  5.70474615e-02,
         3.52372981e-02,  1.36806920e-01, -5.91271050e-03],
       [ 2.04476955e-01,  1.16781563e-01, -3.85618977e-01,
        -4.57158315e-02,  6.22183075e-02, -1.99867109e-01,
        -8.96439358e-01,  5.51855719e-01, -7.78722180e-01,
         1.93059009e-01, -2.53163354e-01,  2.66760980e-02,
        -9.71461460e-02,  2.79386460e-02,  1.19049243e-01,
         2.00742686e-02, -5.91271050e-03,  1.55255375e-01]])
      jac: array([-5.69692441e-06, -1.22812871e-05, -8.84847751e-07,  3.47949447e-05,
        2.95339679e-05,  1.24010061e-05, -6.29792515e-06,  1.40443213e-07,
        1.71344420e-06,  9.09124627e-06, -4.22143801e-06, -6.15119067e-06,
       -3.68436763e-05,  2.63015535e-05, -2.89046565e-06,  2.87901184e-05,
       -3.15806640e-05, -4.84834395e-05])
  message: 'Desired error not necessarily achieved due to precision loss.'
     nfev: 1949
      nit: 55
     njev: 102
   status: 2
  success: False
        x: array([-5.69558242e-01, -7.09648292e-01,  5.60705266e-01, -9.78669095e-01,
       -8.45431705e-01,  9.34927690e-02, -7.69273375e-01, -1.32421066e+00,
       -7.32294889e-01,  1.13185490e-01,  6.63320664e-01,  1.09473927e+00,
        7.99751290e-02,  2.28511390e-01, -3.31839316e-01,  1.17841605e+00,
       -2.41570652e-01, -6.99546022e-04])
