Program Begingeth
      fun: 0.3630461035477768
 hess_inv: array([[ 2.00491226e+00, -8.02075649e-02,  2.62375615e-01,
        -4.99116559e-03,  2.84936220e-01, -4.14700095e-01,
         2.36130142e-01,  1.02656370e+00, -2.64850196e+00,
        -1.04971699e-01,  9.10648736e-02,  2.17237368e+00,
        -8.95282123e-01,  1.55941313e-01, -9.43970413e-01,
        -1.03107538e-01, -1.00287519e-01, -1.83446078e-01],
       [-8.02075649e-02,  4.68332862e+00, -3.22296642e-01,
        -4.73896083e-01, -3.70762567e-01, -7.22685689e-01,
        -2.44139023e+00,  2.41430614e-01,  1.84533046e-01,
         1.47488417e-01,  2.74682972e+00, -2.19210080e-01,
        -3.30097666e-01, -3.24371135e+00, -1.63875315e-01,
        -4.25423209e-02, -4.85127241e-01,  5.30783201e-01],
       [ 2.62375615e-01, -3.22296642e-01,  1.72580776e+00,
         1.74568853e-01,  3.35119448e-01, -1.56179779e-01,
         1.44703605e+00,  5.72680121e-01, -6.66547443e-01,
        -1.61594783e+00, -1.11088763e-01,  3.29057454e-01,
         3.26618177e-01,  3.90367845e-01, -1.05998204e+00,
         7.18750678e-03, -7.80228252e-02, -2.39465017e-01],
       [-4.99116559e-03, -4.73896083e-01,  1.74568853e-01,
         1.96301757e-01, -3.96011066e-03,  1.25059452e-02,
         5.84815561e-01, -5.31590906e-01, -2.60459440e-01,
        -1.88732746e-01,  1.62212557e-01,  5.68410048e-02,
         2.15535884e-01,  2.05841115e-01, -8.87525240e-02,
         2.68318564e-02,  2.25198912e-02, -4.82851399e-02],
       [ 2.84936220e-01, -3.70762567e-01,  3.35119448e-01,
        -3.96011066e-03,  2.25245371e-01,  1.75485386e-02,
         5.03836768e-01,  7.92263706e-01, -1.94130086e-01,
        -2.62508937e-01, -5.50647455e-01,  3.61073487e-01,
        -9.93521362e-02,  4.76318086e-01, -2.61321405e-01,
        -1.45733710e-03,  5.46987733e-02, -1.03887056e-01],
       [-4.14700095e-01, -7.22685689e-01, -1.56179779e-01,
         1.25059452e-02,  1.75485386e-02,  3.43647857e-01,
         2.23686681e-01, -1.70116619e-01,  1.28043632e+00,
         7.21261680e-02, -9.86079326e-01, -3.42418264e-01,
         1.93917081e-01,  6.24061102e-01,  3.65019412e-01,
         5.97198800e-02,  1.20878327e-01, -3.30848340e-02],
       [ 2.36130142e-01, -2.44139023e+00,  1.44703605e+00,
         5.84815561e-01,  5.03836768e-01,  2.23686681e-01,
         4.31097125e+00,  2.81548540e-01, -4.69971215e-01,
        -1.00733640e+00, -1.28551258e+00,  6.88321740e-01,
         4.35303804e-01,  1.91258367e+00, -7.77946520e-01,
         4.14694026e-02,  2.13617267e-01, -4.00390474e-01],
       [ 1.02656370e+00,  2.41430614e-01,  5.72680121e-01,
        -5.31590906e-01,  7.92263706e-01, -1.70116619e-01,
         2.81548540e-01,  5.87961173e+00, -1.22647494e+00,
        -3.90594367e-02, -1.06965642e+00,  8.60912655e-01,
        -1.09506637e+00,  5.39339333e-01, -5.96051812e-01,
        -1.87670054e-01,  2.34293799e-02, -1.22879462e-01],
       [-2.64850196e+00,  1.84533046e-01, -6.66547443e-01,
        -2.60459440e-01, -1.94130086e-01,  1.28043632e+00,
        -4.69971215e-01, -1.22647494e+00,  9.20051624e+00,
        -1.45245315e-01, -3.21557245e+00, -1.83658089e+00,
         1.14553350e+00,  6.62286440e-01,  1.39299597e+00,
         3.55246443e-01,  2.28542428e-01,  1.11331013e-01],
       [-1.04971699e-01,  1.47488417e-01, -1.61594783e+00,
        -1.88732746e-01, -2.62508937e-01,  7.21261680e-02,
        -1.00733640e+00, -3.90594367e-02, -1.45245315e-01,
         2.03284636e+00,  1.69880264e-01, -2.66725911e-01,
        -5.73108571e-01, -2.70694672e-01,  9.50348423e-01,
        -7.76669674e-02,  1.07112060e-01,  2.05776284e-01],
       [ 9.10648736e-02,  2.74682972e+00, -1.11088763e-01,
         1.62212557e-01, -5.50647455e-01, -9.86079326e-01,
        -1.28551258e+00, -1.06965642e+00, -3.21557245e+00,
         1.69880264e-01,  5.79106020e+00, -4.64462774e-01,
        -3.32975156e-02, -3.18587220e+00, -2.28942252e-01,
        -2.92345291e-01, -4.69503910e-01,  5.23653474e-01],
       [ 2.17237368e+00, -2.19210080e-01,  3.29057454e-01,
         5.68410048e-02,  3.61073487e-01, -3.42418264e-01,
         6.88321740e-01,  8.60912655e-01, -1.83658089e+00,
        -2.66725911e-01, -4.64462774e-01,  3.00337108e+00,
        -8.49988016e-01,  4.22626337e-01, -1.20383843e+00,
        -3.01366218e-02, -9.19338029e-02, -2.81774592e-01],
       [-8.95282123e-01, -3.30097666e-01,  3.26618177e-01,
         2.15535884e-01, -9.93521362e-02,  1.93917081e-01,
         4.35303804e-01, -1.09506637e+00,  1.14553350e+00,
        -5.73108571e-01, -3.32975156e-02, -8.49988016e-01,
         7.71428748e-01,  1.39981517e-01,  1.63077604e-01,
         1.33176200e-01,  3.72644594e-02, -2.27816434e-03],
       [ 1.55941313e-01, -3.24371135e+00,  3.90367845e-01,
         2.05841115e-01,  4.76318086e-01,  6.24061102e-01,
         1.91258367e+00,  5.39339333e-01,  6.62286440e-01,
        -2.70694672e-01, -3.18587220e+00,  4.22626337e-01,
         1.39981517e-01,  2.75605268e+00, -8.36425215e-03,
         1.02360550e-01,  4.27484040e-01, -4.52756873e-01],
       [-9.43970413e-01, -1.63875315e-01, -1.05998204e+00,
        -8.87525240e-02, -2.61321405e-01,  3.65019412e-01,
        -7.77946520e-01, -5.96051812e-01,  1.39299597e+00,
         9.50348423e-01, -2.28942252e-01, -1.20383843e+00,
         1.63077604e-01, -8.36425215e-03,  1.12374425e+00,
         2.51321047e-02,  1.28130514e-01,  2.25530874e-01],
       [-1.03107538e-01, -4.25423209e-02,  7.18750678e-03,
         2.68318564e-02, -1.45733710e-03,  5.97198800e-02,
         4.14694026e-02, -1.87670054e-01,  3.55246443e-01,
        -7.76669674e-02, -2.92345291e-01, -3.01366218e-02,
         1.33176200e-01,  1.02360550e-01,  2.51321047e-02,
         7.23153573e-02,  1.67265730e-02, -1.76605654e-02],
       [-1.00287519e-01, -4.85127241e-01, -7.80228252e-02,
         2.25198912e-02,  5.46987733e-02,  1.20878327e-01,
         2.13617267e-01,  2.34293799e-02,  2.28542428e-01,
         1.07112060e-01, -4.69503910e-01, -9.19338029e-02,
         3.72644594e-02,  4.27484040e-01,  1.28130514e-01,
         1.67265730e-02,  1.09274803e-01, -3.87491669e-02],
       [-1.83446078e-01,  5.30783201e-01, -2.39465017e-01,
        -4.82851399e-02, -1.03887056e-01, -3.30848340e-02,
        -4.00390474e-01, -1.22879462e-01,  1.11331013e-01,
         2.05776284e-01,  5.23653474e-01, -2.81774592e-01,
        -2.27816434e-03, -4.52756873e-01,  2.25530874e-01,
        -1.76605654e-02, -3.87491669e-02,  1.50649958e-01]])
      jac: array([-2.19084010e-07, -7.27122066e-06, -1.36779477e-06, -5.54704431e-06,
        2.15779246e-05,  9.22669348e-06, -4.20404452e-07, -2.23746947e-06,
       -8.55611878e-07, -1.22864681e-07, -3.39173134e-06,  1.65238194e-06,
        2.93765012e-06, -1.88282723e-05, -2.31518508e-06, -2.80331314e-06,
        1.23479005e-05, -7.11282885e-07])
  message: 'Desired error not necessarily achieved due to precision loss.'
     nfev: 1569
      nit: 46
     njev: 82
   status: 2
  success: False
        x: array([ 0.51339908, -0.12589418,  0.40044953,  0.19521479, -1.37659229,
       -0.5832141 ,  1.25666956, -1.82818184, -0.70438594, -0.76551489,
        0.02330184,  0.44200998,  0.11158973, -0.0057713 , -0.30149379,
        0.06724623,  1.65694781, -0.66602093])
