Program Begingeth
      fun: 0.261019657576309
 hess_inv: array([[ 1.59034184e+00, -5.28083564e-02,  2.20123217e-01,
         4.24598644e-01, -1.89922050e-01,  4.38653364e-01,
         1.28457028e+00, -5.95589842e-01,  1.14067098e+00,
         1.35938095e+00, -5.81436792e-01,  4.81888675e-02,
        -6.45699860e-01, -7.71928638e-04,  6.99656905e-02,
        -2.81427913e-02, -5.15399055e-03, -2.61167658e-01],
       [-5.28083564e-02,  6.13518915e-01, -9.48666623e-02,
        -2.72096610e-01,  6.88240523e-02, -2.01474018e-01,
        -1.72619711e+00,  2.62821311e-01,  4.42593211e-02,
        -6.80572784e-01, -8.49792983e-02, -1.24823170e-01,
         5.25173296e-02, -1.86829448e-01, -2.04237124e-01,
         4.35615352e-02, -3.17285360e-03, -9.65323659e-02],
       [ 2.20123217e-01, -9.48666623e-02,  3.26307132e-01,
         1.22706667e-01, -3.79076214e-02,  1.52949295e-01,
         3.35539634e-01, -6.68476041e-01,  2.99690201e-01,
         5.14690117e-01, -7.10774499e-02,  1.07424527e-01,
        -8.67528482e-02,  9.00137792e-02, -2.51788601e-02,
         2.60615672e-02,  4.04045144e-02,  2.35844794e-03],
       [ 4.24598644e-01, -2.72096610e-01,  1.22706667e-01,
         6.19780785e-01,  8.45892620e-02,  2.68943051e-01,
         2.26088119e+00,  2.81264018e-01,  1.77167614e+00,
         1.78418410e+00,  3.84596127e-01, -3.02789484e-01,
        -1.10658688e-01,  9.46368268e-02,  1.66090153e-01,
         1.20984677e-03,  1.94062330e-03,  4.96587336e-03],
       [-1.89922050e-01,  6.88240523e-02, -3.79076214e-02,
         8.45892620e-02,  3.34369556e-01, -8.39716726e-02,
        -1.41107802e-02,  1.01756771e+00,  1.07964956e+00,
         2.52091952e-01,  8.85080442e-01, -3.81254950e-01,
         1.39621552e-01,  5.05975770e-02, -3.50965180e-02,
         4.45785965e-02,  1.90133010e-02,  2.99568025e-02],
       [ 4.38653364e-01, -2.01474018e-01,  1.52949295e-01,
         2.68943051e-01, -8.39716726e-02,  4.12634432e-01,
         1.47038064e+00, -7.93311531e-01,  1.06155026e+00,
         9.14883395e-01, -1.58263789e-02,  5.07964662e-01,
        -2.50268576e-01,  9.21990037e-02,  1.42912023e-01,
        -4.55915786e-02,  4.87560712e-02, -2.40739047e-02],
       [ 1.28457028e+00, -1.72619711e+00,  3.35539634e-01,
         2.26088119e+00, -1.41107802e-02,  1.47038064e+00,
         1.67076863e+01, -1.21030320e+00,  7.59305863e+00,
         5.75029227e+00,  2.35500974e+00, -3.80710530e-01,
        -9.55504886e-01,  4.53234268e-01,  8.81329865e-01,
        -3.60431737e-01,  2.77222893e-01, -4.05574111e-03],
       [-5.95589842e-01,  2.62821311e-01, -6.68476041e-01,
         2.81264018e-01,  1.01756771e+00, -7.93311531e-01,
        -1.21030320e+00,  6.54980985e+00,  2.01864032e+00,
         3.49578466e-01,  1.95176830e+00, -2.43221829e+00,
         6.21905868e-01, -5.32480393e-02, -3.27496312e-02,
         1.24155273e-01, -1.10597439e-01,  1.07187746e-01],
       [ 1.14067098e+00,  4.42593211e-02,  2.99690201e-01,
         1.77167614e+00,  1.07964956e+00,  1.06155026e+00,
         7.59305863e+00,  2.01864032e+00,  1.19014920e+01,
         5.53113277e+00,  3.84866820e+00, -1.15113481e+00,
        -4.68183755e-01,  2.16766408e-01,  3.29549737e-01,
        -3.01396452e-02,  2.14824716e-01, -6.13107962e-02],
       [ 1.35938095e+00, -6.80572784e-01,  5.14690117e-01,
         1.78418410e+00,  2.52091952e-01,  9.14883395e-01,
         5.75029227e+00,  3.49578466e-01,  5.53113277e+00,
         5.48578456e+00,  1.03954087e+00, -5.76903246e-01,
        -3.92917703e-01,  3.06024735e-01,  4.42995182e-01,
         9.73534633e-03,  3.61608889e-02, -3.98550609e-03],
       [-5.81436792e-01, -8.49792983e-02, -7.10774499e-02,
         3.84596127e-01,  8.85080442e-01, -1.58263789e-02,
         2.35500974e+00,  1.95176830e+00,  3.84866820e+00,
         1.03954087e+00,  2.97487282e+00, -8.37917927e-01,
         2.58799671e-01,  1.93967371e-01,  7.90711477e-03,
         3.80674528e-02,  1.04475032e-01,  9.93703323e-02],
       [ 4.81888675e-02, -1.24823170e-01,  1.07424527e-01,
        -3.02789484e-01, -3.81254950e-01,  5.07964662e-01,
        -3.80710530e-01, -2.43221829e+00, -1.15113481e+00,
        -5.76903246e-01, -8.37917927e-01,  1.93051043e+00,
        -2.25863270e-01,  8.10073235e-02,  1.04113251e-01,
        -7.73517000e-02,  8.01574228e-02, -4.55124715e-03],
       [-6.45699860e-01,  5.25173296e-02, -8.67528482e-02,
        -1.10658688e-01,  1.39621552e-01, -2.50268576e-01,
        -9.55504886e-01,  6.21905868e-01, -4.68183755e-01,
        -3.92917703e-01,  2.58799671e-01, -2.25863270e-01,
         3.56784681e-01, -3.64903149e-03, -4.54793631e-02,
         6.72294310e-02, -2.97787926e-02,  1.18852835e-01],
       [-7.71928638e-04, -1.86829448e-01,  9.00137792e-02,
         9.46368268e-02,  5.05975770e-02,  9.21990037e-02,
         4.53234268e-01, -5.32480393e-02,  2.16766408e-01,
         3.06024735e-01,  1.93967371e-01,  8.10073235e-02,
        -3.64903149e-03,  1.12042944e-01,  5.01261932e-02,
         1.71288083e-03,  3.31099386e-02,  4.01865736e-02],
       [ 6.99656905e-02, -2.04237124e-01, -2.51788601e-02,
         1.66090153e-01, -3.50965180e-02,  1.42912023e-01,
         8.81329865e-01, -3.27496312e-02,  3.29549737e-01,
         4.42995182e-01,  7.90711477e-03,  1.04113251e-01,
        -4.54793631e-02,  5.01261932e-02,  1.39574868e-01,
        -3.20290609e-02, -1.27584996e-03,  4.52425495e-02],
       [-2.81427913e-02,  4.35615352e-02,  2.60615672e-02,
         1.20984677e-03,  4.45785965e-02, -4.55915786e-02,
        -3.60431737e-01,  1.24155273e-01, -3.01396452e-02,
         9.73534633e-03,  3.80674528e-02, -7.73517000e-02,
         6.72294310e-02,  1.71288083e-03, -3.20290609e-02,
         4.83227952e-02, -1.01292211e-02,  6.23329429e-03],
       [-5.15399055e-03, -3.17285360e-03,  4.04045144e-02,
         1.94062330e-03,  1.90133010e-02,  4.87560712e-02,
         2.77222893e-01, -1.10597439e-01,  2.14824716e-01,
         3.61608889e-02,  1.04475032e-01,  8.01574228e-02,
        -2.97787926e-02,  3.31099386e-02, -1.27584996e-03,
        -1.01292211e-02,  4.23115208e-02, -5.11089377e-04],
       [-2.61167658e-01, -9.65323659e-02,  2.35844794e-03,
         4.96587336e-03,  2.99568025e-02, -2.40739047e-02,
        -4.05574111e-03,  1.07187746e-01, -6.13107962e-02,
        -3.98550609e-03,  9.93703323e-02, -4.55124715e-03,
         1.18852835e-01,  4.01865736e-02,  4.52425495e-02,
         6.23329429e-03, -5.11089377e-04,  9.18833586e-02]])
      jac: array([ 1.00586206e-06,  8.06021916e-07,  3.37507800e-07, -9.86951262e-06,
        7.47587177e-06,  7.13984427e-06,  9.68114478e-07, -1.01770444e-07,
       -1.17424589e-06,  2.63937020e-06, -6.83897383e-07, -1.30747265e-06,
        2.21119419e-06, -4.81762778e-06, -3.54457204e-06, -2.79369120e-06,
       -4.36946775e-06,  5.72245954e-06])
  message: 'Optimization terminated successfully.'
     nfev: 1634
      nit: 77
     njev: 86
   status: 0
  success: True
        x: array([ 0.09877503,  0.22681023,  0.77516416,  1.5778997 , -0.59841233,
        0.30109814,  1.081356  , -1.47812901,  0.8087392 ,  1.92371982,
       -0.50599248,  0.78898156,  0.0287884 ,  0.1723738 , -0.21571453,
       -1.40024466, -0.4030304 ,  0.05007556])
