Program Begingeth
      fun: 0.2704688491256944
 hess_inv: array([[ 1.36444968e+00, -1.88547126e-01,  1.76764922e-01,
         3.25647214e-01, -1.71789285e-01,  3.51199652e-01,
         9.63526889e-01, -3.23504683e-01,  8.12911016e-01,
         9.52382137e-01, -5.86119265e-01, -3.53423224e-02,
        -5.36635270e-01,  4.87099122e-02,  4.59052871e-02,
        -3.15664338e-02, -1.20704991e-02, -2.52376900e-01],
       [-1.88547126e-01,  6.18018642e-01, -1.51190629e-01,
        -2.89794859e-01,  9.15481490e-02, -2.57597338e-01,
        -1.47934262e+00,  3.56195593e-01, -2.21907416e-01,
        -7.82537020e-01,  3.85093275e-02, -9.67203995e-02,
         9.80097999e-02, -1.96885882e-01, -2.12579145e-01,
         4.75038741e-02, -1.25333445e-03, -7.97479718e-02],
       [ 1.76764922e-01, -1.51190629e-01,  3.49948720e-01,
         1.54400274e-01,  7.12786550e-03,  1.70080501e-01,
         3.96349363e-01, -4.65905203e-01,  3.83639084e-01,
         5.90936659e-01,  1.06304390e-02,  8.95940823e-02,
        -4.76867533e-02,  1.28600284e-01, -5.31712618e-03,
         4.08432514e-02,  4.29191203e-02,  2.25235549e-02],
       [ 3.25647214e-01, -2.89794859e-01,  1.54400274e-01,
         5.38552727e-01,  8.78041663e-02,  1.90682879e-01,
         1.68687793e+00,  3.65391192e-01,  1.42126516e+00,
         1.49394005e+00,  2.81205320e-01, -3.90223851e-01,
        -3.19508533e-02,  1.14692816e-01,  1.29563330e-01,
         2.22606795e-02, -1.00129018e-02,  1.82827875e-02],
       [-1.71789285e-01,  9.15481490e-02,  7.12786550e-03,
         8.78041663e-02,  2.98119787e-01, -6.99628730e-02,
         4.76123268e-02,  8.20266533e-01,  8.50376763e-01,
         2.67109305e-01,  7.54167070e-01, -2.82880652e-01,
         1.36515186e-01,  4.72066099e-02, -4.42901321e-02,
         5.65624699e-02,  1.88506563e-02,  3.28149856e-02],
       [ 3.51199652e-01, -2.57597338e-01,  1.70080501e-01,
         1.90682879e-01, -6.99628730e-02,  3.60911019e-01,
         1.00936492e+00, -6.25695390e-01,  8.58648538e-01,
         6.86363674e-01, -6.45770196e-02,  4.06753559e-01,
        -2.03100378e-01,  1.32575986e-01,  1.29468199e-01,
        -3.78913221e-02,  5.48759379e-02, -1.11827612e-02],
       [ 9.63526889e-01, -1.47934262e+00,  3.96349363e-01,
         1.68687793e+00,  4.76123268e-02,  1.00936492e+00,
         1.02582872e+01, -3.75207184e-01,  5.41700921e+00,
         4.39928796e+00,  1.43726373e+00, -7.50720716e-01,
        -5.43989985e-01,  5.15572515e-01,  6.52058990e-01,
        -1.99256091e-01,  2.14173934e-01,  2.28378600e-02],
       [-3.23504683e-01,  3.56195593e-01, -4.65905203e-01,
         3.65391192e-01,  8.20266533e-01, -6.25695390e-01,
        -3.75207184e-01,  4.89950747e+00,  1.80876400e+00,
         6.04876294e-01,  1.57779976e+00, -1.90528717e+00,
         4.89296408e-01, -8.75227945e-02, -8.89714507e-02,
         1.40550760e-01, -1.05453357e-01,  5.68707032e-02],
       [ 8.12911016e-01, -2.21907416e-01,  3.83639084e-01,
         1.42126516e+00,  8.50376763e-01,  8.58648538e-01,
         5.41700921e+00,  1.80876400e+00,  8.72576649e+00,
         4.44458423e+00,  2.69206507e+00, -8.84426523e-01,
        -2.51606251e-01,  3.82405809e-01,  2.91578881e-01,
         3.34338238e-02,  2.22509161e-01, -7.12773441e-03],
       [ 9.52382137e-01, -7.82537020e-01,  5.90936659e-01,
         1.49394005e+00,  2.67109305e-01,  6.86363674e-01,
         4.39928796e+00,  6.04876294e-01,  4.44458423e+00,
         4.45775062e+00,  8.27588045e-01, -7.90157157e-01,
        -1.59594090e-01,  3.87424735e-01,  3.48828736e-01,
         5.46501583e-02,  2.41661652e-02,  4.82671090e-02],
       [-5.86119265e-01,  3.85093275e-02,  1.06304390e-02,
         2.81205320e-01,  7.54167070e-01, -6.45770196e-02,
         1.43726373e+00,  1.57779976e+00,  2.69206507e+00,
         8.27588045e-01,  2.35726233e+00, -6.21047509e-01,
         2.95640130e-01,  1.66890408e-01, -3.52108605e-02,
         7.78955530e-02,  9.23297640e-02,  1.11023771e-01],
       [-3.53423224e-02, -9.67203995e-02,  8.95940823e-02,
        -3.90223851e-01, -2.82880652e-01,  4.06753559e-01,
        -7.50720716e-01, -1.90528717e+00, -8.84426523e-01,
        -7.90157157e-01, -6.21047509e-01,  1.58559750e+00,
        -2.00110597e-01,  9.16744916e-02,  7.56184200e-02,
        -7.39516510e-02,  9.53588142e-02,  6.89162998e-03],
       [-5.36635270e-01,  9.80097999e-02, -4.76867533e-02,
        -3.19508533e-02,  1.36515186e-01, -2.03100378e-01,
        -5.43989985e-01,  4.89296408e-01, -2.51606251e-01,
        -1.59594090e-01,  2.95640130e-01, -2.00110597e-01,
         3.12525371e-01, -2.47409857e-02, -3.41576929e-02,
         7.24477030e-02, -3.13877838e-02,  1.19009898e-01],
       [ 4.87099122e-02, -1.96885882e-01,  1.28600284e-01,
         1.14692816e-01,  4.72066099e-02,  1.32575986e-01,
         5.15572515e-01, -8.75227945e-02,  3.82405809e-01,
         3.87424735e-01,  1.66890408e-01,  9.16744916e-02,
        -2.47409857e-02,  1.28131879e-01,  5.77186134e-02,
         2.87801906e-03,  4.37765102e-02,  3.71231099e-02],
       [ 4.59052871e-02, -2.12579145e-01, -5.31712618e-03,
         1.29563330e-01, -4.42901321e-02,  1.29468199e-01,
         6.52058990e-01, -8.89714507e-02,  2.91578881e-01,
         3.48828736e-01, -3.52108605e-02,  7.56184200e-02,
        -3.41576929e-02,  5.77186134e-02,  1.31812192e-01,
        -3.12965328e-02, -8.77362183e-04,  5.14899347e-02],
       [-3.15664338e-02,  4.75038741e-02,  4.08432514e-02,
         2.22606795e-02,  5.65624699e-02, -3.78913221e-02,
        -1.99256091e-01,  1.40550760e-01,  3.34338238e-02,
         5.46501583e-02,  7.78955530e-02, -7.39516510e-02,
         7.24477030e-02,  2.87801906e-03, -3.12965328e-02,
         5.36266763e-02, -8.73392250e-03,  1.28286243e-02],
       [-1.20704991e-02, -1.25333445e-03,  4.29191203e-02,
        -1.00129018e-02,  1.88506563e-02,  5.48759379e-02,
         2.14173934e-01, -1.05453357e-01,  2.22509161e-01,
         2.41661652e-02,  9.23297640e-02,  9.53588142e-02,
        -3.13877838e-02,  4.37765102e-02, -8.77362183e-04,
        -8.73392250e-03,  5.49059630e-02, -7.76887862e-04],
       [-2.52376900e-01, -7.97479718e-02,  2.25235549e-02,
         1.82827875e-02,  3.28149856e-02, -1.11827612e-02,
         2.28378600e-02,  5.68707032e-02, -7.12773441e-03,
         4.82671090e-02,  1.11023771e-01,  6.89162998e-03,
         1.19009898e-01,  3.71231099e-02,  5.14899347e-02,
         1.28286243e-02, -7.76887862e-04,  1.02533329e-01]])
      jac: array([-9.53126467e-06,  1.23789867e-06, -1.27786670e-05,  4.14653497e-05,
        3.29669625e-05,  4.18206210e-05, -4.16185605e-06, -4.42090808e-06,
       -2.00728323e-06, -1.09993496e-05, -1.03210033e-05, -1.15818466e-05,
        5.51225732e-06, -7.61650002e-06,  7.07323089e-06, -7.50880839e-07,
        3.72217072e-05, -2.18776848e-05])
  message: 'Desired error not necessarily achieved due to precision loss.'
     nfev: 2329
      nit: 83
     njev: 122
   status: 2
  success: False
        x: array([ 0.1163189 ,  0.20575728,  0.82359394,  1.48987455, -0.78934552,
        0.33584329,  0.92793901, -1.7272372 ,  0.92924698,  1.88180513,
       -0.70000492,  0.87591829,  0.04691647,  0.15948902, -0.22985772,
       -1.31244216, -0.33847681,  0.04850401])
