Program Begingeth
      fun: 0.28626990626572607
 hess_inv: array([[ 3.57662929e+00,  9.31740410e-01, -6.78500049e-01,
         1.33017979e+00,  4.52708779e-01, -1.16498411e+00,
         6.25190151e-01, -7.78456001e-01, -5.10559260e+00,
         6.85977839e-02,  8.84915208e-01, -2.90102723e-01,
        -4.15665181e-01, -2.40308487e-01, -3.94700390e-01,
        -2.59941622e-01, -2.30022929e-01,  9.59644756e-02],
       [ 9.31740410e-01,  4.23115302e+00,  1.31244894e+00,
         3.50655993e-01,  1.88244332e+00,  2.92104244e-01,
         3.72587702e+00,  1.47386968e+00,  4.10191027e+00,
         5.19488780e-01,  6.65770835e-01, -1.10889782e+00,
        -5.08423898e-01, -3.44852512e-01, -2.32665337e-01,
        -1.37134839e-01, -2.85690718e-01,  7.62540488e-02],
       [-6.78500049e-01,  1.31244894e+00,  2.55961555e+00,
         7.26102761e-02,  4.42205937e-01,  1.31154125e+00,
         3.24543555e+00, -1.71887464e+00,  5.37289812e+00,
         4.67311535e-02,  6.23062472e-01, -4.89170133e-01,
         1.20261453e-01, -7.51181834e-02, -1.30687247e-01,
        -8.26022695e-03,  7.31424223e-02, -1.53491007e-01],
       [ 1.33017979e+00,  3.50655993e-01,  7.26102761e-02,
         5.87275376e-01,  1.58402974e-01, -2.74258368e-01,
         8.90900838e-01, -6.99332836e-01, -1.47670273e+00,
        -3.06665688e-02,  4.35797718e-01, -8.96440637e-02,
        -9.51659320e-02, -7.52074229e-02, -1.96204364e-01,
        -9.55918825e-02, -5.48326600e-02, -1.95246812e-02],
       [ 4.52708779e-01,  1.88244332e+00,  4.42205937e-01,
         1.58402974e-01,  9.26085398e-01,  6.40555983e-02,
         1.95000975e+00,  1.34984357e+00,  1.40006073e+00,
         2.05860005e-01,  2.11200687e-01, -4.17350074e-01,
        -2.79863789e-01, -1.09323519e-01, -8.21775480e-02,
        -9.70962155e-02, -1.47257767e-01,  5.52569561e-02],
       [-1.16498411e+00,  2.92104244e-01,  1.31154125e+00,
        -2.74258368e-01,  6.40555983e-02,  9.15722356e-01,
         1.45824165e+00, -5.43494646e-01,  3.83276590e+00,
        -5.89481446e-02, -9.86165928e-03, -1.11989486e-01,
         1.84042441e-01,  3.99992954e-02,  6.63627892e-02,
         7.84497726e-02,  8.33066881e-02, -8.40945854e-02],
       [ 6.25190151e-01,  3.72587702e+00,  3.24543555e+00,
         8.90900838e-01,  1.95000975e+00,  1.45824165e+00,
         1.15721485e+01,  1.27078903e+00,  6.74375714e+00,
        -1.57408806e-01,  8.92903738e-01, -5.93637486e-01,
        -3.25981303e-01, -1.71602479e-01, -3.87710540e-01,
        -2.74983776e-01, -3.90792778e-01, -2.31048066e-01],
       [-7.78456001e-01,  1.47386968e+00, -1.71887464e+00,
        -6.99332836e-01,  1.34984357e+00, -5.43494646e-01,
         1.27078903e+00,  9.09732292e+00, -8.12710142e-01,
         1.76586080e-01, -1.20262494e+00, -1.12259920e-02,
        -5.26559982e-01,  1.89096259e-01,  4.91294018e-01,
        -4.02510283e-02, -2.61601310e-01,  3.54976002e-01],
       [-5.10559260e+00,  4.10191027e+00,  5.37289812e+00,
        -1.47670273e+00,  1.40006073e+00,  3.83276590e+00,
         6.74375714e+00, -8.12710142e-01,  2.14073569e+01,
         2.55420521e-01,  1.65993021e-01, -1.22120291e+00,
         4.36152456e-01, -3.03735415e-01,  2.25947546e-01,
         4.08831277e-01, -5.71285074e-04, -2.24324459e-01],
       [ 6.85977839e-02,  5.19488780e-01,  4.67311535e-02,
        -3.06665688e-02,  2.05860005e-01, -5.89481446e-02,
        -1.57408806e-01,  1.76586080e-01,  2.55420521e-01,
         6.10040739e-01, -2.70310733e-02, -1.31212826e-01,
        -2.01904343e-01, -1.05083657e-02,  5.88236214e-02,
        -2.55912421e-02,  9.43780752e-03,  1.76052636e-01],
       [ 8.84915208e-01,  6.65770835e-01,  6.23062472e-01,
         4.35797718e-01,  2.11200687e-01, -9.86165928e-03,
         8.92903738e-01, -1.20262494e+00,  1.65993021e-01,
        -2.70310733e-02,  9.77732959e-01, -3.31393849e-01,
        -5.82181825e-02, -2.35814264e-01, -3.07979324e-01,
        -9.45851725e-02, -5.42704058e-02, -1.43603881e-01],
       [-2.90102723e-01, -1.10889782e+00, -4.89170133e-01,
        -8.96440637e-02, -4.17350074e-01, -1.11989486e-01,
        -5.93637486e-01, -1.12259920e-02, -1.22120291e+00,
        -1.31212826e-01, -3.31393849e-01,  6.28676628e-01,
         8.29400770e-02,  1.92561765e-01,  3.66093843e-02,
        -2.63942786e-02,  1.04808710e-01, -6.29771254e-04],
       [-4.15665181e-01, -5.08423898e-01,  1.20261453e-01,
        -9.51659320e-02, -2.79863789e-01,  1.84042441e-01,
        -3.25981303e-01, -5.26559982e-01,  4.36152456e-01,
        -2.01904343e-01, -5.82181825e-02,  8.29400770e-02,
         2.18713850e-01,  4.63233276e-02,  1.84430048e-02,
         1.01695691e-01,  9.04102410e-02, -9.19256662e-02],
       [-2.40308487e-01, -3.44852512e-01, -7.51181834e-02,
        -7.52074229e-02, -1.09323519e-01,  3.99992954e-02,
        -1.71602479e-01,  1.89096259e-01, -3.03735415e-01,
        -1.05083657e-02, -2.35814264e-01,  1.92561765e-01,
         4.63233276e-02,  1.38056044e-01,  6.10379968e-02,
         8.89546374e-03,  9.06793082e-02,  1.77749589e-02],
       [-3.94700390e-01, -2.32665337e-01, -1.30687247e-01,
        -1.96204364e-01, -8.21775480e-02,  6.63627892e-02,
        -3.87710540e-01,  4.91294018e-01,  2.25947546e-01,
         5.88236214e-02, -3.07979324e-01,  3.66093843e-02,
         1.84430048e-02,  6.10379968e-02,  1.56876066e-01,
         4.96215634e-02,  1.51343974e-02,  8.32997040e-02],
       [-2.59941622e-01, -1.37134839e-01, -8.26022695e-03,
        -9.55918825e-02, -9.70962155e-02,  7.84497726e-02,
        -2.74983776e-01, -4.02510283e-02,  4.08831277e-01,
        -2.55912421e-02, -9.45851725e-02, -2.63942786e-02,
         1.01695691e-01,  8.89546374e-03,  4.96215634e-02,
         9.17949130e-02,  3.36084247e-02, -1.28044853e-02],
       [-2.30022929e-01, -2.85690718e-01,  7.31424223e-02,
        -5.48326600e-02, -1.47257767e-01,  8.33066881e-02,
        -3.90792778e-01, -2.61601310e-01, -5.71285074e-04,
         9.43780752e-03, -5.42704058e-02,  1.04808710e-01,
         9.04102410e-02,  9.06793082e-02,  1.51343974e-02,
         3.36084247e-02,  1.25817021e-01, -1.85921892e-02],
       [ 9.59644756e-02,  7.62540488e-02, -1.53491007e-01,
        -1.95246812e-02,  5.52569561e-02, -8.40945854e-02,
        -2.31048066e-01,  3.54976002e-01, -2.24324459e-01,
         1.76052636e-01, -1.43603881e-01, -6.29771254e-04,
        -9.19256662e-02,  1.77749589e-02,  8.32997040e-02,
        -1.28044853e-02, -1.85921892e-02,  1.23397730e-01]])
      jac: array([ 1.70308212e-06,  3.71872903e-05,  1.02452861e-04, -6.64523991e-05,
       -7.92954591e-05, -1.63952185e-04,  2.59755180e-06,  8.13941507e-06,
        4.90718577e-07, -2.60558242e-05,  6.03295192e-06,  2.97173397e-05,
       -2.12137715e-05,  3.81920421e-05,  2.25105120e-05,  8.43913828e-05,
       -3.25735735e-05,  1.90292226e-06])
  message: 'Desired error not necessarily achieved due to precision loss.'
     nfev: 2042
      nit: 64
     njev: 107
   status: 2
  success: False
        x: array([-0.76985871, -1.1852516 ,  0.64678791, -0.97163317, -1.23127684,
        0.19165617, -0.55127914, -1.96829953, -0.40700862,  0.04579333,
        0.60221075,  1.18939818,  0.12208791,  0.14046365, -0.34046649,
        1.17433263, -0.33331143, -0.03876103])
