Program Begingeth
      fun: 0.2565114623970781
 hess_inv: array([[ 4.83776499e+00, -1.92563106e+00,  3.30703170e-01,
         1.33692686e+00, -7.92941708e-01,  8.92654365e-01,
         1.01373668e+00,  8.75665304e-01,  1.85734923e+00,
        -7.17430320e-02, -5.82631597e-01,  7.16477733e-01,
        -8.71562933e-01,  4.55957068e-01,  2.88764742e-01,
        -1.81446874e-01,  5.27728355e-01, -2.47422081e-01],
       [-1.92563106e+00,  3.34419058e+00, -6.87971972e-02,
        -2.41293192e-01,  1.36017829e+00, -3.62281016e-01,
         6.28393487e-01,  2.78492926e+00,  5.80475700e-01,
        -3.03118726e-01, -4.05109424e-02, -1.22645697e+00,
         5.57216191e-01, -4.09932579e-01,  4.60201140e-02,
        -4.67671501e-02, -2.65926002e-01,  2.00159651e-01],
       [ 3.30703170e-01, -6.87971972e-02,  7.16885153e+00,
        -1.16482799e+00, -1.41449607e-01,  3.09057989e+00,
        -1.36553704e+01, -5.84969203e+00,  8.50555651e+00,
         4.28010106e-01,  2.24849980e+00, -7.43954997e-01,
        -2.05238034e-01, -7.36049181e-02, -7.28419496e-01,
         3.69814654e-01,  1.87858080e-01, -5.60232985e-01],
       [ 1.33692686e+00, -2.41293192e-01, -1.16482799e+00,
         6.79601310e-01, -1.05919956e-01, -3.15097790e-01,
         3.39686759e+00,  1.51844385e+00, -7.38911441e-01,
        -1.83058827e-01, -5.37963616e-01,  1.78651677e-01,
        -1.63555792e-01,  7.74623818e-02,  2.23800150e-01,
        -1.27017890e-01,  9.53268040e-02,  5.73150387e-02],
       [-7.92941708e-01,  1.36017829e+00, -1.41449607e-01,
        -1.05919956e-01,  6.30048908e-01, -1.59894294e-01,
        -1.09593116e-02,  1.83428344e+00, -5.51505395e-02,
        -4.59977159e-02, -1.23852309e-01, -4.22915578e-01,
         2.33980277e-01, -1.15411785e-01,  6.93878772e-02,
        -4.92884684e-03, -1.08153477e-01,  9.92471691e-02],
       [ 8.92654365e-01, -3.62281016e-01,  3.09057989e+00,
        -3.15097790e-01, -1.59894294e-01,  1.51885182e+00,
        -6.10258987e+00, -2.00722201e+00,  4.04825665e+00,
         3.04804193e-01,  7.48513710e-01, -1.53721798e-01,
        -2.54847637e-01,  6.88203592e-02, -2.21025613e-01,
         1.19375186e-01,  1.47291552e-01, -2.82336844e-01],
       [ 1.01373668e+00,  6.28393487e-01, -1.36553704e+01,
         3.39686759e+00, -1.09593116e-02, -6.10258987e+00,
         3.60821657e+01,  9.90899836e+00, -1.46998581e+01,
        -1.66648562e+00, -3.62841794e+00,  6.50362863e-01,
         2.08238406e-01, -2.58427127e-01,  1.29421385e+00,
        -9.34396671e-01, -1.53457252e-01,  1.15034926e+00],
       [ 8.75665304e-01,  2.78492926e+00, -5.84969203e+00,
         1.51844385e+00,  1.83428344e+00, -2.00722201e+00,
         9.90899836e+00,  1.59802100e+01, -6.01079546e+00,
         1.18177706e-01, -2.83928013e+00, -2.50963486e-01,
         8.09421898e-02,  9.46141208e-02,  1.33922423e+00,
        -5.23883841e-01, -1.56207057e-01,  6.00431518e-01],
       [ 1.85734923e+00,  5.80475700e-01,  8.50555651e+00,
        -7.38911441e-01, -5.51505395e-02,  4.04825665e+00,
        -1.46998581e+01, -6.01079546e+00,  1.45049806e+01,
         5.79798462e-01,  2.55361969e+00, -1.08388599e+00,
        -4.52143390e-01, -3.42290693e-01, -8.42861162e-01,
         2.64206256e-01,  1.52585117e-01, -8.12182931e-01],
       [-7.17430320e-02, -3.03118726e-01,  4.28010106e-01,
        -1.83058827e-01, -4.59977159e-02,  3.04804193e-01,
        -1.66648562e+00,  1.18177706e-01,  5.79798462e-01,
         8.17553199e-01,  1.29457753e-01,  7.03485671e-02,
        -2.03132556e-01,  1.55795066e-02, -7.28194029e-02,
         2.16587541e-02, -4.00661655e-02, -1.99308981e-01],
       [-5.82631597e-01, -4.05109424e-02,  2.24849980e+00,
        -5.37963616e-01, -1.23852309e-01,  7.48513710e-01,
        -3.62841794e+00, -2.83928013e+00,  2.55361969e+00,
         1.29457753e-01,  1.41467594e+00, -3.34591799e-01,
         4.50714072e-02, -2.36507816e-01, -4.68423279e-01,
         1.72583874e-01, -1.95148150e-02, -2.49252415e-01],
       [ 7.16477733e-01, -1.22645697e+00, -7.43954997e-01,
         1.78651677e-01, -4.22915578e-01, -1.53721798e-01,
         6.50362863e-01, -2.50963486e-01, -1.08388599e+00,
         7.03485671e-02, -3.34591799e-01,  8.71964649e-01,
        -1.54341162e-01,  2.71765082e-01,  4.39380176e-02,
         3.81589902e-02,  1.31676083e-01,  7.36187949e-03],
       [-8.71562933e-01,  5.57216191e-01, -2.05238034e-01,
        -1.63555792e-01,  2.33980277e-01, -2.54847637e-01,
         2.08238406e-01,  8.09421898e-02, -4.52143390e-01,
        -2.03132556e-01,  4.50714072e-02, -1.54341162e-01,
         2.80154269e-01, -9.62412449e-02, -2.13243413e-02,
         6.89712553e-02, -1.13116248e-01,  1.14028519e-01],
       [ 4.55957068e-01, -4.09932579e-01, -7.36049181e-02,
         7.74623818e-02, -1.15411785e-01,  6.88203592e-02,
        -2.58427127e-01,  9.46141208e-02, -3.42290693e-01,
         1.55795066e-02, -2.36507816e-01,  2.71765082e-01,
        -9.62412449e-02,  1.76584889e-01,  6.71602354e-02,
         4.25591299e-03,  1.05708142e-01,  7.76377146e-03],
       [ 2.88764742e-01,  4.60201140e-02, -7.28419496e-01,
         2.23800150e-01,  6.93878772e-02, -2.21025613e-01,
         1.29421385e+00,  1.33922423e+00, -8.42861162e-01,
        -7.28194029e-02, -4.68423279e-01,  4.39380176e-02,
        -2.13243413e-02,  6.71602354e-02,  2.09802615e-01,
        -7.39910920e-02,  6.92978233e-03,  1.09020919e-01],
       [-1.81446874e-01, -4.67671501e-02,  3.69814654e-01,
        -1.27017890e-01, -4.92884684e-03,  1.19375186e-01,
        -9.34396671e-01, -5.23883841e-01,  2.64206256e-01,
         2.16587541e-02,  1.72583874e-01,  3.81589902e-02,
         6.89712553e-02,  4.25591299e-03, -7.39910920e-02,
         8.93021961e-02, -9.21809756e-03, -1.69319143e-02],
       [ 5.27728355e-01, -2.65926002e-01,  1.87858080e-01,
         9.53268040e-02, -1.08153477e-01,  1.47291552e-01,
        -1.53457252e-01, -1.56207057e-01,  1.52585117e-01,
        -4.00661655e-02, -1.95148150e-02,  1.31676083e-01,
        -1.13116248e-01,  1.05708142e-01,  6.92978233e-03,
        -9.21809756e-03,  1.24486890e-01, -3.02806373e-02],
       [-2.47422081e-01,  2.00159651e-01, -5.60232985e-01,
         5.73150387e-02,  9.92471691e-02, -2.82336844e-01,
         1.15034926e+00,  6.00431518e-01, -8.12182931e-01,
        -1.99308981e-01, -2.49252415e-01,  7.36187949e-03,
         1.14028519e-01,  7.76377146e-03,  1.09020919e-01,
        -1.69319143e-02, -3.02806373e-02,  1.44813260e-01]])
      jac: array([-2.24265051e-07, -6.21724894e-07,  3.27145718e-07,  5.67323966e-07,
        2.59533136e-06, -3.49720253e-07,  2.70154269e-08, -2.25005200e-07,
        7.03141249e-09, -3.18263934e-07,  1.37667655e-07,  1.15056113e-06,
        1.76895535e-07, -3.38877075e-06,  3.86431627e-06, -4.24475270e-07,
        2.11312449e-06, -2.26744549e-06])
  message: 'Optimization terminated successfully.'
     nfev: 1406
      nit: 67
     njev: 74
   status: 0
  success: True
        x: array([ 0.84429815, -0.84363948,  0.48336147,  1.23060982, -0.91277799,
        0.08837925,  1.11677749, -1.33820705, -0.78487047,  0.00732466,
        0.61047872,  1.11183475,  0.01876839,  0.22944827, -0.30194072,
       -1.15339107, -0.23788373,  0.00386584])
