Program Begingeth
      fun: 0.23760051694677825
 hess_inv: array([[ 8.91217060e+00,  1.38919633e+00, -1.57620900e+00,
         1.34596436e+00,  8.40719314e-01, -9.82269757e-01,
         4.76647108e-01,  5.06956643e-01, -3.05922654e+00,
        -1.49286984e+00, -5.57353541e-01, -4.38468878e-01,
        -2.12364290e+00, -2.93624208e-01,  1.63616356e-01,
        -7.33632771e-02, -8.99570689e-01,  2.50714643e-01],
       [ 1.38919633e+00,  4.39319364e+00, -9.35473577e-01,
        -2.54575448e-01,  1.24112316e+00, -2.20600910e-01,
        -2.15689794e+00,  3.51072084e+00,  6.30038396e-01,
        -2.58845280e-01, -1.07896461e+00, -1.60114064e+00,
        -4.43852399e-01, -6.91875114e-01,  5.13468694e-01,
         2.60601297e-01, -1.39103502e-01,  5.02433100e-02],
       [-1.57620900e+00, -9.35473577e-01,  1.06030005e+01,
         1.00898660e+00, -5.96366184e-01,  2.73906930e+00,
         1.12096836e+01, -3.75644702e+00,  4.01402205e+00,
         7.16254962e-01,  3.84875170e+00, -2.12801945e+00,
         6.55741260e-01, -4.86988995e-01, -1.43742103e+00,
        -1.17859438e-01,  4.37900372e-01,  6.05351734e-02],
       [ 1.34596436e+00, -2.54575448e-01,  1.00898660e+00,
         4.80186629e-01, -4.57142128e-03,  1.97599765e-01,
         2.27648183e+00, -4.90566745e-01, -2.82383437e-01,
        -2.29438333e-01,  3.12818446e-01, -1.27443309e-01,
        -2.11122177e-01,  1.41635914e-02, -1.35628089e-01,
        -3.24203516e-02, -7.15268378e-02,  5.40092172e-02],
       [ 8.40719314e-01,  1.24112316e+00, -5.96366184e-01,
        -4.57142128e-03,  4.29557753e-01, -1.50512927e-01,
        -6.11356998e-01,  1.39197006e+00, -1.02050216e-01,
        -2.27065395e-01, -4.34508259e-01, -3.25954663e-01,
        -2.24387895e-01, -1.48037139e-01,  1.97523064e-01,
         5.40972491e-02, -8.31203575e-02,  2.96681165e-02],
       [-9.82269757e-01, -2.20600910e-01,  2.73906930e+00,
         1.97599765e-01, -1.50512927e-01,  8.35070839e-01,
         3.15856527e+00, -6.07414039e-01,  1.44282503e+00,
         1.04747784e-01,  8.35455875e-01, -4.99275226e-01,
         3.63264853e-01, -8.31658026e-02, -2.95546022e-01,
        -4.97329608e-03,  1.66432128e-01,  1.97962878e-04],
       [ 4.76647108e-01, -2.15689794e+00,  1.12096836e+01,
         2.27648183e+00, -6.11356998e-01,  3.15856527e+00,
         1.98038941e+01, -3.62429644e+00,  2.42599421e+00,
         1.33453747e-01,  3.05642660e+00, -1.42219110e+00,
         5.53744727e-01,  1.66069102e-01, -1.17846036e+00,
        -1.89401370e-01,  4.31611522e-01,  2.51407269e-01],
       [ 5.06956643e-01,  3.51072084e+00, -3.75644702e+00,
        -4.90566745e-01,  1.39197006e+00, -6.07414039e-01,
        -3.62429644e+00,  7.70190138e+00, -7.00908515e-02,
        -1.03752665e+00, -1.98605798e+00, -3.37855559e-01,
        -4.81891389e-02, -2.70494673e-01,  1.02849220e+00,
         2.45051958e-01, -1.49494021e-01, -5.56819214e-03],
       [-3.05922654e+00,  6.30038396e-01,  4.01402205e+00,
        -2.82383437e-01, -1.02050216e-01,  1.44282503e+00,
         2.42599421e+00, -7.00908515e-02,  5.13237819e+00,
         1.73879130e-01,  1.37326296e+00, -1.02720602e+00,
         8.40644019e-01, -4.67699101e-01, -4.66370700e-01,
         7.78736396e-02,  2.77211813e-01, -1.54481150e-01],
       [-1.49286984e+00, -2.58845280e-01,  7.16254962e-01,
        -2.29438333e-01, -2.27065395e-01,  1.04747784e-01,
         1.33453747e-01, -1.03752665e+00,  1.73879130e-01,
         1.50376221e+00,  1.99635317e-01, -3.94229507e-02,
         5.45536022e-02,  6.21631806e-02, -7.94714297e-02,
         5.22471823e-04,  2.13449731e-01,  1.60460946e-01],
       [-5.57353541e-01, -1.07896461e+00,  3.84875170e+00,
         3.12818446e-01, -4.34508259e-01,  8.35455875e-01,
         3.05642660e+00, -1.98605798e+00,  1.37326296e+00,
         1.99635317e-01,  2.22982791e+00, -5.58860818e-01,
         2.05917507e-01, -2.51970294e-01, -8.02836166e-01,
        -1.21849039e-01,  1.24004456e-01, -9.53723906e-02],
       [-4.38468878e-01, -1.60114064e+00, -2.12801945e+00,
        -1.27443309e-01, -3.25954663e-01, -4.99275226e-01,
        -1.42219110e+00, -3.37855559e-01, -1.02720602e+00,
        -3.94229507e-02, -5.58860818e-01,  1.49708397e+00,
         8.11018538e-02,  4.99853813e-01,  1.15210813e-01,
        -1.12531091e-01,  1.95480137e-02, -1.83439270e-02],
       [-2.12364290e+00, -4.43852399e-01,  6.55741260e-01,
        -2.11122177e-01, -2.24387895e-01,  3.63264853e-01,
         5.53744727e-01, -4.81891389e-02,  8.40644019e-01,
         5.45536022e-02,  2.05917507e-01,  8.11018538e-02,
         6.57797545e-01,  8.50276922e-02, -6.19304600e-02,
         4.95998262e-02,  2.33304678e-01, -1.04491108e-01],
       [-2.93624208e-01, -6.91875114e-01, -4.86988995e-01,
         1.41635914e-02, -1.48037139e-01, -8.31658026e-02,
         1.66069102e-01, -2.70494673e-01, -4.67699101e-01,
         6.21631806e-02, -2.51970294e-01,  4.99853813e-01,
         8.50276922e-02,  2.54113136e-01,  5.72012308e-02,
        -3.74111166e-02,  5.57542323e-02,  2.31006734e-02],
       [ 1.63616356e-01,  5.13468694e-01, -1.43742103e+00,
        -1.35628089e-01,  1.97523064e-01, -2.95546022e-01,
        -1.17846036e+00,  1.02849220e+00, -4.66370700e-01,
        -7.94714297e-02, -8.02836166e-01,  1.15210813e-01,
        -6.19304600e-02,  5.72012308e-02,  3.40886068e-01,
         6.09421497e-02, -4.70971491e-02,  4.47407111e-02],
       [-7.33632771e-02,  2.60601297e-01, -1.17859438e-01,
        -3.24203516e-02,  5.40972491e-02, -4.97329608e-03,
        -1.89401370e-01,  2.45051958e-01,  7.78736396e-02,
         5.22471823e-04, -1.21849039e-01, -1.12531091e-01,
         4.95998262e-02, -3.74111166e-02,  6.09421497e-02,
         5.71619242e-02,  8.74430239e-03, -3.08791627e-03],
       [-8.99570689e-01, -1.39103502e-01,  4.37900372e-01,
        -7.15268378e-02, -8.31203575e-02,  1.66432128e-01,
         4.31611522e-01, -1.49494021e-01,  2.77211813e-01,
         2.13449731e-01,  1.24004456e-01,  1.95480137e-02,
         2.33304678e-01,  5.57542323e-02, -4.70971491e-02,
         8.74430239e-03,  1.38433784e-01, -1.02832731e-02],
       [ 2.50714643e-01,  5.02433100e-02,  6.05351734e-02,
         5.40092172e-02,  2.96681165e-02,  1.97962878e-04,
         2.51407269e-01, -5.56819214e-03, -1.54481150e-01,
         1.60460946e-01, -9.53723906e-02, -1.83439270e-02,
        -1.04491108e-01,  2.31006734e-02,  4.47407111e-02,
        -3.08791627e-03, -1.02832731e-02,  7.77588069e-02]])
      jac: array([ 7.84742641e-07, -3.26960681e-07,  3.98385029e-07, -2.61105952e-06,
        3.97459843e-07, -4.88498131e-07,  1.34336986e-07,  1.60982339e-08,
        2.25745348e-08,  5.32907052e-08,  8.88178420e-08,  1.41738473e-07,
        6.80196640e-07,  4.17443857e-07,  1.12206540e-06,  5.42528985e-07,
        9.53311504e-07, -1.27601633e-06])
  message: 'Optimization terminated successfully.'
     nfev: 1520
      nit: 67
     njev: 80
   status: 0
  success: True
        x: array([-0.42721652, -0.45605322,  0.15844796, -1.21770531, -0.61891935,
       -0.05320968, -1.60889562, -0.87288265, -0.97719266,  0.15430862,
        0.48716415,  1.00456835,  0.03169926,  0.22519562, -0.24485107,
        1.40613664, -0.29805051,  0.04030486])
