Program Begingeth
      fun: 0.4592635777545313
 hess_inv: array([[ 1.78918818e+00,  1.30538233e-01,  5.36084593e-01,
         7.44752297e-02,  3.03295746e-01, -5.66551606e-01,
         1.57929263e-01,  9.16927705e-01, -3.33673134e+00,
        -6.29504449e-01,  7.09954706e-01,  1.67319707e+00,
        -6.31727993e-01, -8.59409461e-02, -1.08264747e+00,
        -1.43787452e-01, -1.54437670e-01, -2.30636337e-01],
       [ 1.30538233e-01,  4.61884195e+00,  3.50301416e-01,
        -4.79220541e-01, -7.71178668e-02, -1.01124859e+00,
        -1.98174335e+00,  6.07777456e-01,  3.18236593e-01,
        -4.37909502e-01,  2.08517301e+00,  2.47436763e-01,
        -2.90884145e-01, -2.95491669e+00, -1.01138334e+00,
         1.90214026e-03, -6.96323253e-01,  2.69782793e-01],
       [ 5.36084593e-01,  3.50301416e-01,  1.73009749e+00,
         1.37813563e-01,  3.53329069e-01, -3.70216942e-01,
         1.10880589e+00,  6.20108511e-01, -1.24667387e+00,
        -1.70159958e+00,  5.29124984e-01,  2.82056988e-01,
         2.18187130e-01, -8.04076542e-02, -1.23774453e+00,
         2.43010602e-03, -1.75639589e-01, -2.64013934e-01],
       [ 7.44752297e-02, -4.79220541e-01,  1.37813563e-01,
         2.16375768e-01, -6.92674797e-03, -1.66333588e-02,
         5.75175747e-01, -4.78906296e-01, -5.87641132e-01,
        -1.60093297e-01,  2.89371212e-01,  7.00481238e-02,
         1.96036836e-01,  1.76214872e-01, -8.29840235e-02,
         2.55717383e-02,  2.51348136e-02, -4.71588754e-02],
       [ 3.03295746e-01, -7.71178668e-02,  3.53329069e-01,
        -6.92674797e-03,  2.09876385e-01, -4.27927982e-02,
         3.89856706e-01,  7.22095066e-01, -3.46080529e-01,
        -3.40934535e-01, -2.29890397e-01,  2.86561225e-01,
        -9.21455310e-02,  2.56845729e-01, -2.91406400e-01,
        -1.20744227e-02,  3.30612653e-02, -8.97437816e-02],
       [-5.66551606e-01, -1.01124859e+00, -3.70216942e-01,
        -1.66333588e-02, -4.27927982e-02,  5.91790341e-01,
         2.96556537e-01, -2.54662508e-01,  1.95450448e+00,
         3.22073795e-01, -1.40675872e+00, -4.61658042e-01,
         1.76765256e-01,  8.69647498e-01,  7.17800788e-01,
         7.53661519e-02,  2.43574782e-01,  2.83933696e-02],
       [ 1.57929263e-01, -1.98174335e+00,  1.10880589e+00,
         5.75175747e-01,  3.89856706e-01,  2.96556537e-01,
         4.05632720e+00, -3.86775534e-02, -5.22727841e-01,
        -8.10691184e-01, -1.00793487e+00,  3.04912901e-01,
         4.45319151e-01,  1.63277051e+00, -4.32361938e-01,
         5.88188140e-02,  3.01207373e-01, -3.29200451e-01],
       [ 9.16927705e-01,  6.07777456e-01,  6.20108511e-01,
        -4.78906296e-01,  7.22095066e-01, -2.54662508e-01,
        -3.86775534e-02,  5.40340330e+00, -1.27868777e+00,
        -2.82657600e-01, -4.01955773e-01,  7.04059616e-01,
        -9.33862373e-01,  1.59903941e-01, -6.50365994e-01,
        -2.05144632e-01, -2.38010594e-02, -1.06234043e-01],
       [-3.33673134e+00,  3.18236593e-01, -1.24667387e+00,
        -5.87641132e-01, -3.46080529e-01,  1.95450448e+00,
        -5.22727841e-01, -1.27868777e+00,  1.30274688e+01,
         6.40560893e-01, -4.82561043e+00, -2.26053235e+00,
         1.01819913e+00,  9.76091777e-01,  2.29843194e+00,
         4.86543691e-01,  4.20283666e-01,  3.56522533e-01],
       [-6.29504449e-01, -4.37909502e-01, -1.70159958e+00,
        -1.60093297e-01, -3.40934535e-01,  3.22073795e-01,
        -8.10691184e-01, -2.82657600e-01,  6.40560893e-01,
         2.24363885e+00, -4.80993543e-01, -4.56571670e-01,
        -3.81944113e-01,  1.27711370e-01,  1.25870638e+00,
        -6.90475848e-02,  2.19800742e-01,  2.62899698e-01],
       [ 7.09954706e-01,  2.08517301e+00,  5.29124984e-01,
         2.89371212e-01, -2.29890397e-01, -1.40675872e+00,
        -1.00793487e+00, -4.01955773e-01, -4.82561043e+00,
        -4.80993543e-01,  5.63720972e+00,  2.81419792e-01,
        -2.59008695e-02, -2.76497224e+00, -1.17436004e+00,
        -2.83674636e-01, -6.82014185e-01,  2.18878336e-01],
       [ 1.67319707e+00,  2.47436763e-01,  2.82056988e-01,
         7.00481238e-02,  2.86561225e-01, -4.61658042e-01,
         3.04912901e-01,  7.04059616e-01, -2.26053235e+00,
        -4.56571670e-01,  2.81419792e-01,  2.13481787e+00,
        -5.96352729e-01, -2.69382498e-02, -1.05766568e+00,
        -8.08202150e-02, -1.33801079e-01, -2.47258349e-01],
       [-6.31727993e-01, -2.90884145e-01,  2.18187130e-01,
         1.96036836e-01, -9.21455310e-02,  1.76765256e-01,
         4.45319151e-01, -9.33862373e-01,  1.01819913e+00,
        -3.81944113e-01, -2.59008695e-02, -5.96352729e-01,
         6.14952915e-01,  1.21102659e-01,  1.52763558e-01,
         1.56158910e-01,  3.28306657e-02,  1.02604143e-02],
       [-8.59409461e-02, -2.95491669e+00, -8.04076542e-02,
         1.76214872e-01,  2.56845729e-01,  8.69647498e-01,
         1.63277051e+00,  1.59903941e-01,  9.76091777e-01,
         1.27711370e-01, -2.76497224e+00, -2.69382498e-02,
         1.21102659e-01,  2.47288777e+00,  6.41139132e-01,
         7.73511858e-02,  5.97015476e-01, -2.53088308e-01],
       [-1.08264747e+00, -1.01138334e+00, -1.23774453e+00,
        -8.29840235e-02, -2.91406400e-01,  7.17800788e-01,
        -4.32361938e-01, -6.50365994e-01,  2.29843194e+00,
         1.25870638e+00, -1.17436004e+00, -1.05766568e+00,
         1.52763558e-01,  6.41139132e-01,  1.47246479e+00,
         5.47954357e-02,  2.97578683e-01,  2.62058352e-01],
       [-1.43787452e-01,  1.90214026e-03,  2.43010602e-03,
         2.55717383e-02, -1.20744227e-02,  7.53661519e-02,
         5.88188140e-02, -2.05144632e-01,  4.86543691e-01,
        -6.90475848e-02, -2.83674636e-01, -8.08202150e-02,
         1.56158910e-01,  7.73511858e-02,  5.47954357e-02,
         8.88745168e-02,  2.00506467e-02, -4.34814997e-03],
       [-1.54437670e-01, -6.96323253e-01, -1.75639589e-01,
         2.51348136e-02,  3.30612653e-02,  2.43574782e-01,
         3.01207373e-01, -2.38010594e-02,  4.20283666e-01,
         2.19800742e-01, -6.82014185e-01, -1.33801079e-01,
         3.28306657e-02,  5.97015476e-01,  2.97578683e-01,
         2.00506467e-02,  1.88947497e-01, -2.01224599e-02],
       [-2.30636337e-01,  2.69782793e-01, -2.64013934e-01,
        -4.71588754e-02, -8.97437816e-02,  2.83933696e-02,
        -3.29200451e-01, -1.06234043e-01,  3.56522533e-01,
         2.62899698e-01,  2.18878336e-01, -2.47258349e-01,
         1.02604143e-02, -2.53088308e-01,  2.62058352e-01,
        -4.34814997e-03, -2.01224599e-02,  1.37533964e-01]])
      jac: array([ 3.34917279e-06,  2.51502523e-06, -1.25532917e-05,  2.52649753e-06,
        6.67021993e-06, -1.65719290e-06,  6.08957329e-06,  2.35256259e-06,
        9.82917451e-07,  5.37903056e-06, -2.47875794e-06, -1.48103752e-06,
        1.19237953e-05, -3.23074900e-07, -6.24907533e-06, -2.08444373e-05,
       -3.57824881e-06,  7.72419166e-06])
  message: 'Desired error not necessarily achieved due to precision loss.'
     nfev: 1626
      nit: 42
     njev: 85
   status: 2
  success: False
        x: array([ 0.5478397 , -0.1853467 ,  0.36070887,  0.20373569, -1.3652619 ,
       -0.72739402,  1.35094046, -1.85108094, -0.79512864, -0.81926898,
       -0.0812301 ,  0.4297289 ,  0.11509908,  0.06672162, -0.47804484,
        0.07312711,  1.67584902, -0.85425432])
