Program Begingeth
      fun: 0.21226315198725978
 hess_inv: array([[ 1.99986513e+00, -1.28126942e-01, -1.53573674e-02,
         1.86807395e-01, -2.45467924e-02,  5.82420312e-01,
        -2.64331259e+00, -2.51901876e-01,  3.43085298e-01,
        -5.51000400e-01, -6.36189429e-02,  1.80264246e-01,
        -2.50800974e-01, -3.00862664e-03,  1.23509673e-01,
         1.34357599e-01, -8.82251233e-02, -5.51021799e-01],
       [-1.28126942e-01,  2.02504864e+00,  8.08631275e-01,
         1.09918068e-01,  4.04001253e-01, -8.18415844e-02,
        -9.78224197e-01,  7.18924080e-01,  2.36496432e+00,
         1.04929632e-01, -1.61995301e-01, -1.83241943e+00,
         1.35214174e-01, -3.28987715e-01, -1.94676704e-01,
        -9.36234792e-02,  1.76663567e-01, -3.50327640e-02],
       [-1.53573674e-02,  8.08631275e-01,  1.60605089e+00,
        -2.00877932e-01,  1.14614352e-01,  6.80678200e-02,
        -8.36937644e-01, -2.20244856e+00,  1.96237018e+00,
         2.67698193e-02,  9.67206150e-01, -1.61847614e+00,
         2.23879716e-03, -2.95594789e-01, -3.74988777e-01,
         2.03530544e-01, -1.01543204e-02, -2.69348132e-03],
       [ 1.86807395e-01,  1.09918068e-01, -2.00877932e-01,
         1.52620453e-01,  1.62039512e-02,  2.22190194e-02,
         1.55784216e-01,  6.73722173e-01,  1.57246401e-01,
        -7.88832967e-02, -2.57808904e-01,  1.75890295e-03,
         5.68556498e-02, -1.78967144e-02,  9.80130165e-02,
        -3.11016026e-02, -2.93185775e-04,  5.84741702e-03],
       [-2.45467924e-02,  4.04001253e-01,  1.14614352e-01,
         1.62039512e-02,  3.77443436e-01,  8.75957578e-02,
        -2.71914459e+00,  5.26709148e-01,  2.55768918e-02,
         3.80403958e-01, -8.76894013e-02, -1.86421519e-01,
         1.27544099e-01,  7.13169218e-02,  5.69687286e-03,
         2.08082367e-03, -1.62236107e-01, -1.02326426e-01],
       [ 5.82420312e-01, -8.18415844e-02,  6.80678200e-02,
         2.22190194e-02,  8.75957578e-02,  3.33251926e-01,
        -2.07378657e+00, -2.19168437e-03,  3.06894058e-01,
         1.15267522e-01, -7.19044322e-02,  1.05874348e-01,
        -1.08606396e-01,  4.02301316e-02,  1.10752256e-01,
        -4.94894517e-03, -1.33768376e-01, -2.02576174e-01],
       [-2.64331259e+00, -9.78224197e-01, -8.36937644e-01,
         1.55784216e-01, -2.71914459e+00, -2.07378657e+00,
         3.64426083e+01,  1.54174566e+00, -1.43325393e+00,
        -3.11220824e+00, -4.46815252e-01,  3.25488017e-01,
        -4.93410639e-01, -2.75744273e-01, -1.04658463e-01,
         4.88335336e-02,  2.80226936e+00,  2.19748419e+00],
       [-2.51901876e-01,  7.18924080e-01, -2.20244856e+00,
         6.73722173e-01,  5.26709148e-01, -2.19168437e-03,
         1.54174566e+00,  1.07024095e+01, -2.76545469e+00,
         6.12542249e-02, -2.63212951e+00,  1.04759282e+00,
         1.75507381e-01,  5.35160231e-01,  1.10306565e+00,
        -6.64766897e-01,  6.35494754e-01,  3.31688551e-01],
       [ 3.43085298e-01,  2.36496432e+00,  1.96237018e+00,
         1.57246401e-01,  2.55768918e-02,  3.06894058e-01,
        -1.43325393e+00, -2.76545469e+00,  9.23766079e+00,
         3.52294327e-02,  7.53970319e-01, -3.00492999e+00,
         3.27026121e-02, -1.08436654e+00, -4.64250672e-01,
        -9.43002984e-02, -1.99796640e-01,  8.40985913e-03],
       [-5.51000400e-01,  1.04929632e-01,  2.67698193e-02,
        -7.88832967e-02,  3.80403958e-01,  1.15267522e-01,
        -3.11220824e+00,  6.12542249e-02,  3.52294327e-02,
         1.15141008e+00, -2.28374665e-03,  4.39128046e-02,
         5.97118368e-02,  7.43752522e-02,  7.40290829e-03,
        -6.98585780e-02, -3.53503394e-01, -1.17987455e-01],
       [-6.36189429e-02, -1.61995301e-01,  9.67206150e-01,
        -2.57808904e-01, -8.76894013e-02, -7.19044322e-02,
        -4.46815252e-01, -2.63212951e+00,  7.53970319e-01,
        -2.28374665e-03,  1.41079967e+00, -6.87395220e-01,
        -1.37382618e-02, -2.56125347e-01, -4.38285271e-01,
         2.56813449e-01, -1.45302253e-01, -9.72885344e-02],
       [ 1.80264246e-01, -1.83241943e+00, -1.61847614e+00,
         1.75890295e-03, -1.86421519e-01,  1.05874348e-01,
         3.25488017e-01,  1.04759282e+00, -3.00492999e+00,
         4.39128046e-02, -6.87395220e-01,  2.70269752e+00,
        -1.16655088e-01,  5.90472835e-01,  3.65799995e-01,
        -2.23775628e-02, -9.27529342e-02, -2.22762757e-02],
       [-2.50800974e-01,  1.35214174e-01,  2.23879716e-03,
         5.68556498e-02,  1.27544099e-01, -1.08606396e-01,
        -4.93410639e-01,  1.75507381e-01,  3.27026121e-02,
         5.97118368e-02, -1.37382618e-02, -1.16655088e-01,
         1.99484541e-01, -4.09032715e-03, -1.65020541e-02,
         2.65442208e-02, -9.10335880e-02,  9.53099536e-02],
       [-3.00862664e-03, -3.28987715e-01, -2.95594789e-01,
        -1.78967144e-02,  7.13169218e-02,  4.02301316e-02,
        -2.75744273e-01,  5.35160231e-01, -1.08436654e+00,
         7.43752522e-02, -2.56125347e-01,  5.90472835e-01,
        -4.09032715e-03,  2.36114679e-01,  1.12600911e-01,
         1.32896137e-02,  1.25092696e-02,  1.11006871e-02],
       [ 1.23509673e-01, -1.94676704e-01, -3.74988777e-01,
         9.80130165e-02,  5.69687286e-03,  1.10752256e-01,
        -1.04658463e-01,  1.10306565e+00, -4.64250672e-01,
         7.40290829e-03, -4.38285271e-01,  3.65799995e-01,
        -1.65020541e-02,  1.12600911e-01,  2.38318367e-01,
        -9.42381363e-02,  4.85331596e-03,  3.29577990e-02],
       [ 1.34357599e-01, -9.36234792e-02,  2.03530544e-01,
        -3.11016026e-02,  2.08082367e-03, -4.94894517e-03,
         4.88335336e-02, -6.64766897e-01, -9.43002984e-02,
        -6.98585780e-02,  2.56813449e-01, -2.23775628e-02,
         2.65442208e-02,  1.32896137e-02, -9.42381363e-02,
         1.42648115e-01, -2.12249229e-02, -2.31167684e-02],
       [-8.82251233e-02,  1.76663567e-01, -1.01543204e-02,
        -2.93185775e-04, -1.62236107e-01, -1.33768376e-01,
         2.80226936e+00,  6.35494754e-01, -1.99796640e-01,
        -3.53503394e-01, -1.45302253e-01, -9.27529342e-02,
        -9.10335880e-02,  1.25092696e-02,  4.85331596e-03,
        -2.12249229e-02,  3.59982050e-01,  1.37762719e-01],
       [-5.51021799e-01, -3.50327640e-02, -2.69348132e-03,
         5.84741702e-03, -1.02326426e-01, -2.02576174e-01,
         2.19748419e+00,  3.31688551e-01,  8.40985913e-03,
        -1.17987455e-01, -9.72885344e-02, -2.22762757e-02,
         9.53099536e-02,  1.11006871e-02,  3.29577990e-02,
        -2.31167684e-02,  1.37762719e-01,  3.19404802e-01]])
      jac: array([ 2.58829994e-06, -6.06736883e-07,  1.07821159e-06, -4.53692639e-06,
        5.48394663e-06, -3.94073663e-06,  8.01581024e-07, -1.83926948e-07,
        8.06021916e-07,  1.32542125e-06,  1.05212135e-06,  1.68106270e-06,
        1.66996047e-06,  6.21539857e-07,  2.30981900e-06, -6.41264819e-06,
       -8.66899145e-07, -3.17264733e-06])
  message: 'Optimization terminated successfully.'
     nfev: 1273
      nit: 56
     njev: 67
   status: 0
  success: True
        x: array([ 0.1167153 , -0.28206404,  0.77889954,  0.78102568, -0.46073747,
        0.01714654,  0.08260186, -1.33765407, -0.61223883,  0.08452642,
        0.78261413,  0.93216558,  0.10866417,  0.1646737 , -0.45622108,
       -0.79981519, -0.64551758,  0.01759709])
