Program Begingeth
      fun: 0.2771091195339796
 hess_inv: array([[ 7.99236706e+00,  1.55421311e+00, -1.01763647e-01,
         1.98010504e+00,  9.22158863e-01, -5.42243390e-01,
         2.38830359e+00,  4.21833282e-03, -3.02997355e+00,
        -5.80404062e-01, -8.38522183e-03, -4.87035176e-01,
        -1.56752554e+00, -2.52585056e-01, -2.51456671e-02,
        -2.37947382e-01, -7.46693450e-01,  2.19708467e-01],
       [ 1.55421311e+00,  3.68554919e+00, -3.68575220e-01,
         2.95768363e-02,  1.29844620e+00, -1.13215316e-01,
        -1.02490909e+00,  2.61702937e+00,  3.97895278e-01,
        -1.79660701e-01, -4.63579586e-01, -1.32346527e+00,
        -4.03096252e-01, -4.68673944e-01,  3.63100712e-01,
         1.51331127e-01, -2.04781452e-01,  7.91730954e-02],
       [-1.01763647e-01, -3.68575220e-01,  7.68722031e+00,
         8.87207947e-01, -4.16790624e-01,  2.44664757e+00,
         8.81344297e+00, -3.26355295e+00,  3.04103371e+00,
         2.50625965e-01,  2.54728966e+00, -9.22956509e-01,
         2.50459613e-01, -4.76340687e-01, -7.92107204e-01,
        -3.33412032e-02,  1.74028623e-01, -3.43735266e-02],
       [ 1.98010504e+00,  2.95768363e-02,  8.87207947e-01,
         7.00491924e-01,  9.48081018e-02,  1.74552523e-01,
         2.29537253e+00, -4.76650767e-01, -5.90191341e-01,
        -1.32195647e-01,  2.51541708e-01, -7.32927264e-02,
        -3.03536241e-01, -3.22904112e-02, -1.01153025e-01,
        -6.56000662e-02, -1.30508055e-01,  5.21374961e-02],
       [ 9.22158863e-01,  1.29844620e+00, -4.16790624e-01,
         9.48081018e-02,  5.32966969e-01, -1.37961381e-01,
        -3.94861598e-01,  1.33108507e+00, -1.66778223e-01,
        -1.82486834e-01, -2.56336094e-01, -3.76814559e-01,
        -2.03872394e-01, -1.19282208e-01,  1.57680212e-01,
         2.80163021e-02, -1.02163024e-01,  3.68751477e-02],
       [-5.42243390e-01, -1.13215316e-01,  2.44664757e+00,
         1.74552523e-01, -1.37961381e-01,  8.85004660e-01,
         2.91646745e+00, -7.25897887e-01,  1.40971626e+00,
        -3.88910419e-02,  6.77575855e-01, -2.76158138e-01,
         2.27502423e-01, -1.22010363e-01, -1.92717399e-01,
         2.36294442e-02,  9.62434369e-02, -2.69602386e-02],
       [ 2.38830359e+00, -1.02490909e+00,  8.81344297e+00,
         2.29537253e+00, -3.94861598e-01,  2.91646745e+00,
         1.67737954e+01, -3.39706140e+00,  1.76409150e+00,
         3.38620862e-02,  2.10854930e+00, -5.11954946e-01,
         5.47487063e-02, -9.49282254e-02, -6.85787928e-01,
        -1.26940617e-01,  1.41941501e-01,  1.14320278e-01],
       [ 4.21833282e-03,  2.61702937e+00, -3.26355295e+00,
        -4.76650767e-01,  1.33108507e+00, -7.25897887e-01,
        -3.39706140e+00,  7.07649825e+00, -2.99469700e-01,
        -1.09384389e+00, -1.31836769e+00, -4.00706591e-01,
         1.07153229e-01, -3.50749084e-02,  7.36778573e-01,
         1.61812936e-01, -1.06170833e-01, -1.35854261e-02],
       [-3.02997355e+00,  3.97895278e-01,  3.04103371e+00,
        -5.90191341e-01, -1.66778223e-01,  1.40971626e+00,
         1.76409150e+00, -2.99469700e-01,  5.05143476e+00,
        -2.02051606e-01,  8.83280101e-01, -5.14678749e-01,
         7.03572892e-01, -3.72395980e-01, -2.32415098e-01,
         1.47781941e-01,  1.97590770e-01, -1.93663239e-01],
       [-5.80404062e-01, -1.79660701e-01,  2.50625965e-01,
        -1.32195647e-01, -1.82486834e-01, -3.88910419e-02,
         3.38620862e-02, -1.09384389e+00, -2.02051606e-01,
         1.26372094e+00, -6.20069058e-03,  2.47411814e-02,
        -1.64930397e-01,  4.92718505e-02,  4.93773962e-03,
         3.20028069e-03,  1.14135260e-01,  1.95916871e-01],
       [-8.38522183e-03, -4.63579586e-01,  2.54728966e+00,
         2.51541708e-01, -2.56336094e-01,  6.77575855e-01,
         2.10854930e+00, -1.31836769e+00,  8.83280101e-01,
        -6.20069058e-03,  1.58544449e+00, -2.17087128e-01,
         6.05093836e-02, -2.89397129e-01, -4.93199809e-01,
        -7.26424744e-02,  4.49527522e-02, -1.36891501e-01],
       [-4.87035176e-01, -1.32346527e+00, -9.22956509e-01,
        -7.32927264e-02, -3.76814559e-01, -2.76158138e-01,
        -5.11954946e-01, -4.00706591e-01, -5.14678749e-01,
         2.47411814e-02, -2.17087128e-01,  9.26844719e-01,
         9.80748244e-02,  3.13142167e-01, -6.45398254e-02,
        -8.80651016e-02,  8.80814621e-02, -9.37287504e-03],
       [-1.56752554e+00, -4.03096252e-01,  2.50459613e-01,
        -3.03536241e-01, -2.03872394e-01,  2.27502423e-01,
         5.47487063e-02,  1.07153229e-01,  7.03572892e-01,
        -1.64930397e-01,  6.05093836e-02,  9.80748244e-02,
         4.39821911e-01,  5.88910818e-02, -1.37437406e-02,
         7.91576302e-02,  1.62848932e-01, -9.22114081e-02],
       [-2.52585056e-01, -4.68673944e-01, -4.76340687e-01,
        -3.22904112e-02, -1.19282208e-01, -1.22010363e-01,
        -9.49282254e-02, -3.50749084e-02, -3.72395980e-01,
         4.92718505e-02, -2.89397129e-01,  3.13142167e-01,
         5.88910818e-02,  1.88521271e-01,  5.32251888e-02,
        -1.46614931e-02,  6.26306166e-02,  2.86733493e-02],
       [-2.51456671e-02,  3.63100712e-01, -7.92107204e-01,
        -1.01153025e-01,  1.57680212e-01, -1.92717399e-01,
        -6.85787928e-01,  7.36778573e-01, -2.32415098e-01,
         4.93773962e-03, -4.93199809e-01, -6.45398254e-02,
        -1.37437406e-02,  5.32251888e-02,  2.11776004e-01,
         4.42068870e-02, -1.64404156e-02,  6.13295644e-02],
       [-2.37947382e-01,  1.51331127e-01, -3.33412032e-02,
        -6.56000662e-02,  2.80163021e-02,  2.36294442e-02,
        -1.26940617e-01,  1.61812936e-01,  1.47781941e-01,
         3.20028069e-03, -7.26424744e-02, -8.80651016e-02,
         7.91576302e-02, -1.46614931e-02,  4.42068870e-02,
         5.59600019e-02,  2.19530326e-02, -2.87660442e-03],
       [-7.46693450e-01, -2.04781452e-01,  1.74028623e-01,
        -1.30508055e-01, -1.02163024e-01,  9.62434369e-02,
         1.41941501e-01, -1.06170833e-01,  1.97590770e-01,
         1.14135260e-01,  4.49527522e-02,  8.80814621e-02,
         1.62848932e-01,  6.26306166e-02, -1.64404156e-02,
         2.19530326e-02,  1.16780103e-01, -9.76921628e-03],
       [ 2.19708467e-01,  7.91730954e-02, -3.43735266e-02,
         5.21374961e-02,  3.68751477e-02, -2.69602386e-02,
         1.14320278e-01, -1.35854261e-02, -1.93663239e-01,
         1.95916871e-01, -1.36891501e-01, -9.37287504e-03,
        -9.22114081e-02,  2.86733493e-02,  6.13295644e-02,
        -2.87660442e-03, -9.76921628e-03,  8.33535802e-02]])
      jac: array([-2.94949250e-07,  2.67489734e-06, -4.46309656e-07,  9.10382880e-07,
       -6.39932551e-06,  6.98700357e-07,  7.40148683e-10,  5.12552963e-07,
        5.73615229e-08, -1.53950926e-07,  1.62462636e-06, -6.18764299e-07,
       -3.32326759e-07,  6.80640729e-06, -1.15870276e-06, -6.98700357e-07,
       -4.40536496e-06,  1.59020945e-06])
  message: 'Optimization terminated successfully.'
     nfev: 1672
      nit: 74
     njev: 88
   status: 0
  success: True
        x: array([-0.68246385, -0.74849548,  0.09512299, -1.30346106, -0.82954847,
       -0.05837768, -1.73139293, -1.07497874, -0.9995848 ,  0.15888946,
        0.45581581,  1.07392351,  0.07803951,  0.20648132, -0.24335434,
        1.45319788, -0.31222714,  0.0322365 ])
