Program Begingeth
      fun: 0.40431490043488955
 hess_inv: array([[ 9.46658487e-01, -1.95574971e-01,  1.34190360e-01,
         4.66420093e-02,  1.97543227e-01, -3.53811288e-01,
         2.01486927e-01,  7.73766212e-01, -2.29594048e+00,
        -1.57186306e-01,  4.28367399e-01,  8.62222748e-01,
        -3.97437935e-01,  8.01284602e-02, -5.35199914e-01,
        -1.08489758e-01, -6.60122583e-02, -1.36709816e-01],
       [-1.95574971e-01,  1.99909729e+00, -1.07188216e-01,
        -2.98002515e-01, -2.24699848e-01, -4.05811076e-01,
        -1.27080341e+00,  1.71322524e-01,  4.07885966e-01,
         5.01080402e-02,  8.58654901e-01, -2.07444832e-01,
        -1.20973494e-01, -1.45074779e+00, -1.20520780e-01,
         2.21522843e-02, -3.05533345e-01,  2.99399640e-01],
       [ 1.34190360e-01, -1.07188216e-01,  9.68996401e-01,
         1.25841707e-01,  2.24152894e-01, -1.46789753e-01,
         9.72502850e-01,  2.98388035e-01, -4.10758770e-01,
        -9.25930357e-01,  1.19527899e-02, -9.15062881e-03,
         2.16998522e-01,  2.03657398e-01, -6.43145974e-01,
         1.24440474e-02, -5.09108058e-02, -1.89435711e-01],
       [ 4.66420093e-02, -2.98002515e-01,  1.25841707e-01,
         1.99989817e-01,  9.48030779e-04, -1.11067646e-02,
         5.51627453e-01, -5.08496122e-01, -3.20246409e-01,
        -1.55977930e-01,  1.28321369e-01,  7.58325239e-02,
         2.03532804e-01,  1.38003021e-01, -9.79340210e-02,
         4.27618843e-02,  1.26248657e-02, -5.55331954e-02],
       [ 1.97543227e-01, -2.24699848e-01,  2.24152894e-01,
         9.48030779e-04,  2.23797878e-01, -3.46814695e-03,
         4.56112845e-01,  7.52849839e-01, -2.58922340e-01,
        -1.90778405e-01, -2.45755745e-01,  1.93532230e-01,
        -8.24806953e-02,  3.58580939e-01, -1.88850443e-01,
        -1.82125714e-02,  6.93645248e-02, -9.42132798e-02],
       [-3.53811288e-01, -4.05811076e-01, -1.46789753e-01,
        -1.11067646e-02, -3.46814695e-03,  3.98918567e-01,
         1.51288502e-01, -1.72704722e-01,  1.45621411e+00,
         1.34640149e-01, -6.99601849e-01, -2.90943756e-01,
         1.28069429e-01,  4.21936497e-01,  4.31500209e-01,
         4.85229308e-02,  1.33787266e-01,  2.53233227e-02],
       [ 2.01486927e-01, -1.27080341e+00,  9.72502850e-01,
         5.51627453e-01,  4.56112845e-01,  1.51288502e-01,
         3.85419591e+00, -3.08530758e-02, -3.11919247e-01,
        -7.20480007e-01, -7.37193701e-01,  3.96930039e-01,
         4.00038379e-01,  1.28585579e+00, -5.67107277e-01,
         6.18005646e-02,  2.18393143e-01, -3.52319389e-01],
       [ 7.73766212e-01,  1.71322524e-01,  2.98388035e-01,
        -5.08496122e-01,  7.52849839e-01, -1.72704722e-01,
        -3.08530758e-02,  5.49135666e+00, -8.79518239e-01,
        -5.15098854e-02, -3.70906737e-01,  6.86592332e-01,
        -9.85045510e-01,  4.06690256e-01, -4.61694600e-01,
        -2.45300692e-01,  4.44068399e-02, -1.09853575e-01],
       [-2.29594048e+00,  4.07885966e-01, -4.10758770e-01,
        -3.20246409e-01, -2.58922340e-01,  1.45621411e+00,
        -3.11919247e-01, -8.79518239e-01,  9.66235571e+00,
         1.53139246e-01, -2.29819579e+00, -1.71894468e+00,
         8.30150520e-01,  3.16864828e-01,  1.53480912e+00,
         3.10353785e-01,  2.46519236e-01,  3.04010398e-01],
       [-1.57186306e-01,  5.01080402e-02, -9.25930357e-01,
        -1.55977930e-01, -1.90778405e-01,  1.34640149e-01,
        -7.20480007e-01, -5.15098854e-02,  1.53139246e-01,
         1.23836860e+00, -9.89829455e-02, -1.70417217e-02,
        -3.52026487e-01, -1.18384955e-01,  6.30251979e-01,
        -5.87882643e-02,  8.70732238e-02,  1.74668138e-01],
       [ 4.28367399e-01,  8.58654901e-01,  1.19527899e-02,
         1.28321369e-01, -2.45755745e-01, -6.99601849e-01,
        -7.37193701e-01, -3.70906737e-01, -2.29819579e+00,
        -9.89829455e-02,  2.51844094e+00,  2.93385889e-01,
        -9.14674993e-02, -1.36854111e+00, -4.69877635e-01,
        -1.59949030e-01, -3.61468196e-01,  1.81483001e-01],
       [ 8.62222748e-01, -2.07444832e-01, -9.15062881e-03,
         7.58325239e-02,  1.93532230e-01, -2.90943756e-01,
         3.96930039e-01,  6.86592332e-01, -1.71894468e+00,
        -1.70417217e-02,  2.93385889e-01,  1.16372703e+00,
        -3.56996412e-01,  1.27801936e-01, -5.24388395e-01,
        -7.27766009e-02, -5.09022745e-02, -1.47800178e-01],
       [-3.97437935e-01, -1.20973494e-01,  2.16998522e-01,
         2.03532804e-01, -8.24806953e-02,  1.28069429e-01,
         4.00038379e-01, -9.85045510e-01,  8.30150520e-01,
        -3.52026487e-01, -9.14674993e-02, -3.56996412e-01,
         5.22397861e-01,  6.47132409e-02,  4.78952748e-02,
         1.54026757e-01,  1.39094318e-02, -1.42494211e-02],
       [ 8.01284602e-02, -1.45074779e+00,  2.03657398e-01,
         1.38003021e-01,  3.58580939e-01,  4.21936497e-01,
         1.28585579e+00,  4.06690256e-01,  3.16864828e-01,
        -1.18384955e-01, -1.36854111e+00,  1.27801936e-01,
         6.47132409e-02,  1.46093621e+00,  8.86261748e-02,
         3.27716517e-02,  3.53625398e-01, -2.66118625e-01],
       [-5.35199914e-01, -1.20520780e-01, -6.43145974e-01,
        -9.79340210e-02, -1.88850443e-01,  4.31500209e-01,
        -5.67107277e-01, -4.61694600e-01,  1.53480912e+00,
         6.30251979e-01, -4.69877635e-01, -5.24388395e-01,
         4.78952748e-02,  8.86261748e-02,  8.50246748e-01,
         3.57301422e-02,  1.25596263e-01,  2.18381230e-01],
       [-1.08489758e-01,  2.21522843e-02,  1.24440474e-02,
         4.27618843e-02, -1.82125714e-02,  4.85229308e-02,
         6.18005646e-02, -2.45300692e-01,  3.10353785e-01,
        -5.87882643e-02, -1.59949030e-01, -7.27766009e-02,
         1.54026757e-01,  3.27716517e-02,  3.57301422e-02,
         8.47686837e-02,  1.16540298e-02, -1.40854816e-03],
       [-6.60122583e-02, -3.05533345e-01, -5.09108058e-02,
         1.26248657e-02,  6.93645248e-02,  1.33787266e-01,
         2.18393143e-01,  4.44068399e-02,  2.46519236e-01,
         8.70732238e-02, -3.61468196e-01, -5.09022745e-02,
         1.39094318e-02,  3.53625398e-01,  1.25596263e-01,
         1.16540298e-02,  1.26011900e-01, -2.94939431e-02],
       [-1.36709816e-01,  2.99399640e-01, -1.89435711e-01,
        -5.55331954e-02, -9.42132798e-02,  2.53233227e-02,
        -3.52319389e-01, -1.09853575e-01,  3.04010398e-01,
         1.74668138e-01,  1.81483001e-01, -1.47800178e-01,
        -1.42494211e-02, -2.66118625e-01,  2.18381230e-01,
        -1.40854816e-03, -2.94939431e-02,  1.50169394e-01]])
      jac: array([-1.13020704e-06,  2.37365683e-06, -3.25813450e-06,  4.35540493e-06,
       -1.05989291e-06,  9.77255314e-06, -5.94339393e-07,  7.91959091e-08,
       -6.21724894e-07, -4.95529543e-07,  8.07872288e-07, -1.57540647e-06,
       -3.06791629e-06,  3.47462799e-06, -7.26826007e-06,  1.35669254e-06,
       -3.55345383e-06,  3.58861089e-06])
  message: 'Optimization terminated successfully.'
     nfev: 855
      nit: 33
     njev: 45
   status: 0
  success: True
        x: array([ 0.61766224, -0.1182067 ,  0.42850848,  0.21065049, -1.27870507,
       -0.76999454,  1.33112555, -1.77077643, -0.91131152, -0.90482173,
       -0.00963676,  0.51500138,  0.11401116,  0.03248509, -0.54355274,
        0.07400334,  1.57561759, -0.86721699])
