Program Begingeth
      fun: 0.24892938927506894
 hess_inv: array([[ 3.85786987e+00, -1.66711410e+00, -6.49584586e-01,
         1.03605734e+00, -6.15992412e-01,  8.50748474e-01,
         1.63297164e+00,  2.05234747e+00,  9.88658804e-01,
        -6.12092748e-01, -7.97722594e-01,  1.26259811e+00,
        -6.26711459e-01,  4.37243901e-01,  4.78974353e-01,
        -9.83067228e-02,  4.49182584e-01, -3.97132259e-01],
       [-1.66711410e+00,  3.19059535e+00,  1.09691209e+00,
        -3.74658370e-01,  1.07678467e+00, -2.65161912e-01,
        -2.43045053e+00,  9.36541281e-02,  2.30518172e+00,
        -5.84550491e-02,  3.58930920e-01, -1.82158619e+00,
         4.85642202e-01, -4.77673274e-01, -3.78981247e-01,
        -2.10657703e-02, -1.89118647e-01,  1.25489320e-01],
       [-6.49584586e-01,  1.09691209e+00,  1.84070225e+00,
        -4.31629124e-01,  3.67884505e-01,  3.30732373e-01,
        -2.85573303e+00, -1.85203954e+00,  1.82983190e+00,
         3.45046926e-02,  8.88518651e-01, -1.08869557e+00,
         1.53591946e-01, -2.42238743e-01, -3.48879275e-01,
         1.76626407e-01, -1.15741383e-01, -4.09185201e-02],
       [ 1.03605734e+00, -3.74658370e-01, -4.31629124e-01,
         3.99373592e-01, -1.55506716e-01,  1.36114021e-01,
         1.20911934e+00,  9.92407678e-01,  2.63511346e-01,
        -2.16583922e-01, -3.66924153e-01,  3.22965050e-01,
        -1.12578369e-01,  9.06871559e-02,  1.96093388e-01,
        -5.81620546e-02,  1.06129582e-01, -3.95906331e-02],
       [-6.15992412e-01,  1.07678467e+00,  3.67884505e-01,
        -1.55506716e-01,  5.32977084e-01, -5.67086350e-02,
        -1.95971171e+00,  6.86496444e-01,  4.49721417e-01,
         1.46514276e-01,  6.28541844e-02, -5.16472281e-01,
         2.39557004e-01, -9.43270014e-02, -1.01265248e-01,
         5.09441278e-02, -1.59984842e-01,  3.14270829e-02],
       [ 8.50748474e-01, -2.65161912e-01,  3.30732373e-01,
         1.36114021e-01, -5.67086350e-02,  4.23808060e-01,
        -8.61671971e-01,  2.76884718e-01,  9.55325220e-01,
         3.11709556e-03, -8.03743751e-02,  1.20862024e-01,
        -1.71259359e-01,  8.36012064e-02,  1.01322529e-01,
        -1.32321937e-02,  4.35509983e-02, -1.22219665e-01],
       [ 1.63297164e+00, -2.43045053e+00, -2.85573303e+00,
         1.20911934e+00, -1.95971171e+00, -8.61671971e-01,
         1.83912204e+01, -6.38290303e-01, -2.64266191e+00,
        -1.48013464e+00, -1.01250308e+00,  1.38581084e+00,
        -7.18532608e-01,  2.68790114e-01,  5.38926808e-01,
        -4.47214226e-01,  1.31587684e+00,  4.76535519e-01],
       [ 2.05234747e+00,  9.36541281e-02, -1.85203954e+00,
         9.92407678e-01,  6.86496444e-01,  2.76884718e-01,
        -6.38290303e-01,  9.47848866e+00, -7.79947495e-01,
         9.82827676e-03, -1.88853845e+00,  8.42694317e-01,
        -9.87415406e-02,  5.20895968e-01,  9.27387836e-01,
        -3.79814428e-01,  1.48121950e-01,  2.25229969e-02],
       [ 9.88658804e-01,  2.30518172e+00,  1.82983190e+00,
         2.63511346e-01,  4.49721417e-01,  9.55325220e-01,
        -2.64266191e+00, -7.79947495e-01,  8.83358248e+00,
        -3.39087939e-01,  4.20893697e-01, -1.57637535e+00,
        -5.54212569e-02, -6.81877186e-01, -1.55497759e-01,
        -2.20788583e-01, -1.83516394e-01, -1.30967168e-01],
       [-6.12092748e-01, -5.84550491e-02,  3.45046926e-02,
        -2.16583922e-01,  1.46514276e-01,  3.11709556e-03,
        -1.48013464e+00,  9.82827676e-03, -3.39087939e-01,
         7.67646119e-01,  1.32871267e-01,  1.01251146e-02,
         1.05583795e-02, -2.91365193e-02, -7.12913105e-02,
         5.47202580e-02, -2.36366528e-01, -1.13102515e-01],
       [-7.97722594e-01,  3.58930920e-01,  8.88518651e-01,
        -3.66924153e-01,  6.28541844e-02, -8.03743751e-02,
        -1.01250308e+00, -1.88853845e+00,  4.20893697e-01,
         1.32871267e-01,  1.10920874e+00, -5.90545525e-01,
         1.34888906e-01, -2.85220118e-01, -4.15594422e-01,
         1.80808309e-01, -1.21583476e-01, -1.04229190e-01],
       [ 1.26259811e+00, -1.82158619e+00, -1.08869557e+00,
         3.22965050e-01, -5.16472281e-01,  1.20862024e-01,
         1.38581084e+00,  8.42694317e-01, -1.57637535e+00,
         1.01251146e-02, -5.90545525e-01,  1.55659295e+00,
        -2.86805872e-01,  4.43171395e-01,  2.76926744e-01,
         1.89619811e-02,  1.81440687e-01, -7.89251233e-02],
       [-6.26711459e-01,  4.85642202e-01,  1.53591946e-01,
        -1.12578369e-01,  2.39557004e-01, -1.71259359e-01,
        -7.18532608e-01, -9.87415406e-02, -5.54212569e-02,
         1.05583795e-02,  1.34888906e-01, -2.86805872e-01,
         2.64324879e-01, -1.01127770e-01, -8.60836200e-02,
         9.62924340e-02, -1.59937906e-01,  1.09186533e-01],
       [ 4.37243901e-01, -4.77673274e-01, -2.42238743e-01,
         9.06871559e-02, -9.43270014e-02,  8.36012064e-02,
         2.68790114e-01,  5.20895968e-01, -6.81877186e-01,
        -2.91365193e-02, -2.85220118e-01,  4.43171395e-01,
        -1.01127770e-01,  2.15311705e-01,  1.22996375e-01,
         2.78126048e-03,  1.17998859e-01, -8.91744205e-03],
       [ 4.78974353e-01, -3.78981247e-01, -3.48879275e-01,
         1.96093388e-01, -1.01265248e-01,  1.01322529e-01,
         5.38926808e-01,  9.27387836e-01, -1.55497759e-01,
        -7.12913105e-02, -4.15594422e-01,  2.76926744e-01,
        -8.60836200e-02,  1.22996375e-01,  2.32670309e-01,
        -8.50136333e-02,  5.30193918e-02,  5.50748899e-02],
       [-9.83067228e-02, -2.10657703e-02,  1.76626407e-01,
        -5.81620546e-02,  5.09441278e-02, -1.32321937e-02,
        -4.47214226e-01, -3.79814428e-01, -2.20788583e-01,
         5.47202580e-02,  1.80808309e-01,  1.89619811e-02,
         9.62924340e-02,  2.78126048e-03, -8.50136333e-02,
         1.35232278e-01, -5.85378858e-02, -1.45788208e-02],
       [ 4.49182584e-01, -1.89118647e-01, -1.15741383e-01,
         1.06129582e-01, -1.59984842e-01,  4.35509983e-02,
         1.31587684e+00,  1.48121950e-01, -1.83516394e-01,
        -2.36366528e-01, -1.21583476e-01,  1.81440687e-01,
        -1.59937906e-01,  1.17998859e-01,  5.30193918e-02,
        -5.85378858e-02,  2.56238554e-01, -1.21125804e-02],
       [-3.97132259e-01,  1.25489320e-01, -4.09185201e-02,
        -3.95906331e-02,  3.14270829e-02, -1.22219665e-01,
         4.76535519e-01,  2.25229969e-02, -1.30967168e-01,
        -1.13102515e-01, -1.04229190e-01, -7.89251233e-02,
         1.09186533e-01, -8.91744205e-03,  5.50748899e-02,
        -1.45788208e-02, -1.21125804e-02,  1.87381539e-01]])
      jac: array([ 1.99840144e-07, -7.93809463e-07, -1.28563826e-06, -8.09352585e-07,
        1.87775721e-06,  3.02554278e-06,  2.14643118e-08, -2.76630570e-07,
       -3.12712819e-07,  9.12233252e-08, -5.17548967e-07, -6.29866529e-07,
        6.75570710e-07, -1.57725684e-06, -3.04848739e-06, -9.45539943e-07,
        9.60898028e-07,  2.39919196e-06])
  message: 'Optimization terminated successfully.'
     nfev: 1349
      nit: 63
     njev: 71
   status: 0
  success: True
        x: array([ 0.4560239 , -0.62381791,  0.66992779,  0.85429185, -0.8136402 ,
        0.08956861,  0.36784113, -1.61147204, -0.56516733,  0.01472412,
        0.69717273,  1.10467058,  0.05313439,  0.11926553, -0.41356646,
       -0.85059171, -0.55147952, -0.02801597])
