Program Begingeth
      fun: 0.31143182906998146
 hess_inv: array([[ 5.14771850e+00, -1.49326415e+00, -2.34775599e-01,
         1.25711013e+00, -8.17923128e-01,  9.96271730e-01,
         1.32527772e+00,  1.54747219e+00,  1.83526549e+00,
        -7.65899601e-01, -8.20693612e-01,  8.40329050e-01,
        -8.92804540e-01,  3.53397481e-01,  4.62900033e-01,
        -9.01246516e-02,  6.59773428e-01, -4.31050309e-01],
       [-1.49326415e+00,  3.65601986e+00,  9.98324084e-01,
        -2.70022641e-01,  1.34114649e+00, -1.00081285e-01,
        -3.35478333e+00,  1.13129524e-02,  2.81369291e+00,
        -2.70157503e-02,  2.52273153e-01, -1.60354506e+00,
         5.40815819e-01, -4.04725256e-01, -2.74302287e-01,
        -7.31536744e-02, -2.22887203e-01,  1.01875023e-01],
       [-2.34775599e-01,  9.98324084e-01,  1.83813175e+00,
        -3.02536926e-01,  3.55089401e-01,  4.37398192e-01,
        -2.51327157e+00, -1.77179704e+00,  1.18550935e+00,
         2.10749070e-03,  7.84344691e-01, -7.27844296e-01,
         7.13249061e-02, -1.41449662e-01, -2.75999463e-01,
         1.45669600e-01, -3.91724717e-02, -3.72513695e-02],
       [ 1.25711013e+00, -2.70022641e-01, -3.02536926e-01,
         4.08809554e-01, -1.85563516e-01,  1.63630791e-01,
         9.15008972e-01,  7.08906476e-01,  5.75392452e-01,
        -2.43522307e-01, -3.43362559e-01,  1.62236886e-01,
        -1.62713221e-01,  6.31021489e-02,  1.71570521e-01,
        -4.52084540e-02,  1.50884360e-01, -5.65013191e-02],
       [-8.17923128e-01,  1.34114649e+00,  3.55089401e-01,
        -1.85563516e-01,  6.80468224e-01, -4.38149811e-02,
        -2.66505633e+00,  4.26875019e-01,  7.17885584e-01,
         2.20504495e-01,  8.52409296e-02, -4.93928642e-01,
         3.19034866e-01, -9.69698223e-02, -1.03255584e-01,
         3.87228252e-02, -2.32626435e-01,  3.56275474e-02],
       [ 9.96271730e-01, -1.00081285e-01,  4.37398192e-01,
         1.63630791e-01, -4.38149811e-02,  4.11880483e-01,
        -9.42556325e-01,  5.71666394e-02,  9.07414257e-01,
         1.22912656e-02, -7.02737975e-02,  3.96665198e-02,
        -1.93765754e-01,  6.43545359e-02,  8.49802100e-02,
        -1.84906121e-03,  7.66447172e-02, -9.76822154e-02],
       [ 1.32527772e+00, -3.35478333e+00, -2.51327157e+00,
         9.15008972e-01, -2.66505633e+00, -9.42556325e-01,
         2.19690145e+01, -1.60185544e+00, -2.80142324e+00,
        -1.92566229e+00, -6.87982044e-01,  9.94801500e-01,
        -9.94464992e-01,  1.42309696e-01,  3.86188925e-01,
        -3.84058639e-01,  1.59610271e+00,  4.44546607e-01],
       [ 1.54747219e+00,  1.13129524e-02, -1.77179704e+00,
         7.08906476e-01,  4.26875019e-01,  5.71666394e-02,
        -1.60185544e+00,  6.50228666e+00,  2.23620786e-01,
         1.25998021e-01, -1.41738868e+00,  4.48516567e-01,
        -5.39342034e-02,  3.33217246e-01,  6.72325185e-01,
        -2.72624308e-01,  6.38439729e-02, -6.89778290e-03],
       [ 1.83526549e+00,  2.81369291e+00,  1.18550935e+00,
         5.75392452e-01,  7.17885584e-01,  9.07414257e-01,
        -2.80142324e+00,  2.23620786e-01,  7.69132561e+00,
        -3.49659801e-01, -1.88625557e-01, -1.14014092e+00,
        -9.51123825e-02, -4.21301161e-01,  1.19484912e-01,
        -2.35665669e-01,  2.43034663e-02, -2.49213176e-02],
       [-7.65899601e-01, -2.70157503e-02,  2.10749070e-03,
        -2.43522307e-01,  2.20504495e-01,  1.22912656e-02,
        -1.92566229e+00,  1.25998021e-01, -3.49659801e-01,
         8.99035094e-01,  1.01620362e-01,  3.82490356e-02,
         4.72787355e-02, -1.89503690e-02, -4.52916340e-02,
         4.90351364e-02, -3.05652781e-01, -1.00683369e-01],
       [-8.20693612e-01,  2.52273153e-01,  7.84344691e-01,
        -3.43362559e-01,  8.52409296e-02, -7.02737975e-02,
        -6.87982044e-01, -1.41738868e+00, -1.88625557e-01,
         1.01620362e-01,  1.04183449e+00, -3.67406858e-01,
         1.22396360e-01, -2.27454300e-01, -3.54974034e-01,
         1.38461340e-01, -1.05750643e-01, -7.90767697e-02],
       [ 8.40329050e-01, -1.60354506e+00, -7.27844296e-01,
         1.62236886e-01, -4.93928642e-01,  3.96665198e-02,
         9.94801500e-01,  4.48516567e-01, -1.14014092e+00,
         3.82490356e-02, -3.67406858e-01,  1.13416236e+00,
        -2.16817197e-01,  3.03018556e-01,  1.30447752e-01,
         7.09466486e-02,  1.13397491e-01, -5.23356409e-02],
       [-8.92804540e-01,  5.40815819e-01,  7.13249061e-02,
        -1.62713221e-01,  3.19034866e-01, -1.93765754e-01,
        -9.94464992e-01, -5.39342034e-02, -9.51123825e-02,
         4.72787355e-02,  1.22396360e-01, -2.16817197e-01,
         3.31327874e-01, -7.97769222e-02, -8.50058634e-02,
         8.78081860e-02, -2.08122127e-01,  1.12960247e-01],
       [ 3.53397481e-01, -4.04725256e-01, -1.41449662e-01,
         6.31021489e-02, -9.69698223e-02,  6.43545359e-02,
         1.42309696e-01,  3.33217246e-01, -4.21301161e-01,
        -1.89503690e-02, -2.27454300e-01,  3.03018556e-01,
        -7.97769222e-02,  1.61132925e-01,  7.97492592e-02,
         1.46623727e-02,  8.63993127e-02, -4.09140654e-03],
       [ 4.62900033e-01, -2.74302287e-01, -2.75999463e-01,
         1.71570521e-01, -1.03255584e-01,  8.49802100e-02,
         3.86188925e-01,  6.72325185e-01,  1.19484912e-01,
        -4.52916340e-02, -3.54974034e-01,  1.30447752e-01,
        -8.50058634e-02,  7.97492592e-02,  1.91261090e-01,
        -6.55325685e-02,  4.89501634e-02,  4.09427785e-02],
       [-9.01246516e-02, -7.31536744e-02,  1.45669600e-01,
        -4.52084540e-02,  3.87228252e-02, -1.84906121e-03,
        -3.84058639e-01, -2.72624308e-01, -2.35665669e-01,
         4.90351364e-02,  1.38461340e-01,  7.09466486e-02,
         8.78081860e-02,  1.46623727e-02, -6.55325685e-02,
         1.15142330e-01, -5.76083351e-02, -5.26788317e-03],
       [ 6.59773428e-01, -2.22887203e-01, -3.91724717e-02,
         1.50884360e-01, -2.32626435e-01,  7.66447172e-02,
         1.59610271e+00,  6.38439729e-02,  2.43034663e-02,
        -3.05652781e-01, -1.05750643e-01,  1.13397491e-01,
        -2.08122127e-01,  8.63993127e-02,  4.89501634e-02,
        -5.76083351e-02,  2.91180941e-01, -2.07505421e-02],
       [-4.31050309e-01,  1.01875023e-01, -3.72513695e-02,
        -5.65013191e-02,  3.56275474e-02, -9.76822154e-02,
         4.44546607e-01, -6.89778290e-03, -2.49213176e-02,
        -1.00683369e-01, -7.90767697e-02, -5.23356409e-02,
         1.12960247e-01, -4.09140654e-03,  4.09427785e-02,
        -5.26788317e-03, -2.07505421e-02,  1.53703261e-01]])
      jac: array([-4.69687252e-05, -4.42157422e-05, -5.20616883e-05,  8.38292399e-05,
        1.11941567e-04,  1.82584688e-04, -1.52285592e-06, -7.54803627e-06,
       -9.36473121e-06, -4.39503989e-05, -2.88828221e-05, -2.34686344e-05,
       -7.31592564e-05, -1.43912289e-04, -8.53557965e-05,  6.73890573e-05,
        6.70896672e-05,  2.75042951e-05])
  message: 'Desired error not necessarily achieved due to precision loss.'
     nfev: 1779
      nit: 57
     njev: 93
   status: 2
  success: False
        x: array([ 0.52805407, -0.84429689,  0.57628889,  0.98576465, -0.93495281,
        0.08907862,  0.39552577, -1.85343317, -0.51275122,  0.01692002,
        0.59212002,  1.14487977,  0.04629431,  0.029751  , -0.38007088,
       -0.97334622, -0.76788241, -0.01752091])
