Program Begingeth
      fun: 0.2794737306730776
 hess_inv: array([[ 5.08756464e+00, -1.46239378e+00,  2.74319013e+00,
         1.30573761e+00, -8.21093527e-01,  1.76448688e+00,
        -2.06512857e+00, -8.32238426e-01,  4.59386039e+00,
         1.10833690e-01,  2.53116542e-02, -9.13330006e-02,
        -8.73751377e-01,  2.29260529e-01,  1.30184930e-01,
        -2.28255527e-01,  5.42451944e-01, -2.61974462e-01],
       [-1.46239378e+00,  2.86297304e+00, -1.13084773e+00,
        -7.69363591e-02,  1.27179246e+00, -6.63990954e-01,
         1.78622929e+00,  2.86781596e+00, -6.63581676e-01,
        -3.09532444e-01, -1.95032198e-01, -7.12261884e-01,
         4.85080685e-01, -2.70894682e-01,  1.39571544e-01,
         7.42489907e-03, -2.66663213e-01,  1.76466214e-01],
       [ 2.74319013e+00, -1.13084773e+00,  1.63599248e+01,
        -1.63425734e+00, -8.90668104e-01,  7.41816664e+00,
        -2.60200758e+01, -9.94530561e+00,  1.45115365e+01,
         9.17691947e-01,  3.39576198e+00, -8.66109325e-01,
        -1.02555679e+00,  1.55840429e-01, -7.78925566e-01,
         2.62887032e-01,  8.98266065e-01, -7.72605696e-01],
       [ 1.30573761e+00, -7.69363591e-02, -1.63425734e+00,
         7.79473924e-01, -5.64972550e-02, -5.86590226e-01,
         3.94674999e+00,  1.37678082e+00, -5.40003540e-01,
        -1.51776383e-01, -4.59719335e-01, -1.42780711e-02,
        -8.93968327e-02, -1.16282210e-02,  1.64792262e-01,
        -1.17704986e-01,  8.40045482e-03,  4.19042458e-02],
       [-8.21093527e-01,  1.27179246e+00, -8.90668104e-01,
        -5.64972550e-02,  6.28389137e-01, -4.57925408e-01,
         1.07984949e+00,  1.87252914e+00, -7.79830916e-01,
        -8.34954345e-02, -1.99180695e-01, -2.33655478e-01,
         2.43173088e-01, -8.80174187e-02,  9.43174280e-02,
         1.65122490e-02, -1.36855371e-01,  1.03712957e-01],
       [ 1.76448688e+00, -6.63990954e-01,  7.41816664e+00,
        -5.86590226e-01, -4.57925408e-01,  3.47917287e+00,
        -1.18644765e+01, -4.13934536e+00,  7.00653257e+00,
         5.16748462e-01,  1.36409661e+00, -3.53717448e-01,
        -5.72955817e-01,  1.19743655e-01, -2.87023126e-01,
         8.09723334e-02,  4.44531206e-01, -3.64235174e-01],
       [-2.06512857e+00,  1.78622929e+00, -2.60200758e+01,
         3.94674999e+00,  1.07984949e+00, -1.18644765e+01,
         4.91534825e+01,  1.48795380e+01, -2.14274852e+01,
        -1.69937403e+00, -4.63488629e+00,  7.47079007e-01,
         1.39610188e+00, -6.52152265e-01,  1.11676087e+00,
        -6.15351229e-01, -1.37865744e+00,  1.12305983e+00],
       [-8.32238426e-01,  2.86781596e+00, -9.94530561e+00,
         1.37678082e+00,  1.87252914e+00, -4.13934536e+00,
         1.48795380e+01,  1.37112323e+01, -7.82503107e+00,
         1.58151736e-02, -2.64774612e+00, -9.89253847e-02,
         5.02918268e-01, -8.24082697e-02,  9.82635496e-01,
        -2.82460121e-01, -5.58492655e-01,  5.68716648e-01],
       [ 4.59386039e+00, -6.63581676e-01,  1.45115365e+01,
        -5.40003540e-01, -7.79830916e-01,  7.00653257e+00,
        -2.14274852e+01, -7.82503107e+00,  1.69702703e+01,
         1.02266834e+00,  2.75244750e+00, -9.64333003e-01,
        -1.17956821e+00, -2.89733165e-02, -5.95591758e-01,
         6.39694366e-02,  7.69082082e-01, -8.14117588e-01],
       [ 1.10833690e-01, -3.09532444e-01,  9.17691947e-01,
        -1.51776383e-01, -8.34954345e-02,  5.16748462e-01,
        -1.69937403e+00,  1.58151736e-02,  1.02266834e+00,
         1.06559548e+00,  2.83628977e-01,  2.65121234e-04,
        -3.12752491e-01, -9.13442124e-03, -1.26829686e-01,
         3.56088033e-03,  1.10933771e-02, -2.63719242e-01],
       [ 2.53116542e-02, -1.95032198e-01,  3.39576198e+00,
        -4.59719335e-01, -1.99180695e-01,  1.36409661e+00,
        -4.63488629e+00, -2.64774612e+00,  2.75244750e+00,
         2.83628977e-01,  1.41691845e+00, -2.53421390e-01,
        -1.47026524e-01, -1.56335888e-01, -3.76690033e-01,
         9.99341935e-02,  1.31055518e-01, -2.69158336e-01],
       [-9.13330006e-02, -7.12261884e-01, -8.66109325e-01,
        -1.42780711e-02, -2.33655478e-01, -3.53717448e-01,
         7.47079007e-01, -9.89253847e-02, -9.64333003e-01,
         2.65121234e-04, -2.53421390e-01,  6.07352764e-01,
         1.56657329e-02,  1.51594599e-01, -3.00054929e-02,
         5.71905879e-02,  3.93378064e-02,  4.08726401e-02],
       [-8.73751377e-01,  4.85080685e-01, -1.02555679e+00,
        -8.93968327e-02,  2.43173088e-01, -5.72955817e-01,
         1.39610188e+00,  5.02918268e-01, -1.17956821e+00,
        -3.12752491e-01, -1.47026524e-01,  1.56657329e-02,
         2.96889740e-01, -5.82133397e-02,  2.95053533e-02,
         6.64944128e-02, -1.32054570e-01,  1.32810548e-01],
       [ 2.29260529e-01, -2.70894682e-01,  1.55840429e-01,
        -1.16282210e-02, -8.80174187e-02,  1.19743655e-01,
        -6.52152265e-01, -8.24082697e-02, -2.89733165e-02,
        -9.13442124e-03, -1.56335888e-01,  1.51594599e-01,
        -5.82133397e-02,  1.26622580e-01,  3.41563563e-02,
         3.35185618e-03,  8.49089698e-02,  1.65893678e-02],
       [ 1.30184930e-01,  1.39571544e-01, -7.78925566e-01,
         1.64792262e-01,  9.43174280e-02, -2.87023126e-01,
         1.11676087e+00,  9.82635496e-01, -5.95591758e-01,
        -1.26829686e-01, -3.76690033e-01, -3.00054929e-02,
         2.95053533e-02,  3.41563563e-02,  1.59093875e-01,
        -4.54401893e-02, -2.59974482e-02,  1.02021572e-01],
       [-2.28255527e-01,  7.42489907e-03,  2.62887032e-01,
        -1.17704986e-01,  1.65122490e-02,  8.09723334e-02,
        -6.15351229e-01, -2.82460121e-01,  6.39694366e-02,
         3.56088033e-03,  9.99341935e-02,  5.71905879e-02,
         6.64944128e-02,  3.35185618e-03, -4.54401893e-02,
         7.00125411e-02, -7.07384830e-03,  2.42359669e-04],
       [ 5.42451944e-01, -2.66663213e-01,  8.98266065e-01,
         8.40045482e-03, -1.36855371e-01,  4.44531206e-01,
        -1.37865744e+00, -5.58492655e-01,  7.69082082e-01,
         1.10933771e-02,  1.31055518e-01,  3.93378064e-02,
        -1.32054570e-01,  8.49089698e-02, -2.59974482e-02,
        -7.07384830e-03,  1.42516171e-01, -4.70362885e-02],
       [-2.61974462e-01,  1.76466214e-01, -7.72605696e-01,
         4.19042458e-02,  1.03712957e-01, -3.64235174e-01,
         1.12305983e+00,  5.68716648e-01, -8.14117588e-01,
        -2.63719242e-01, -2.69158336e-01,  4.08726401e-02,
         1.32810548e-01,  1.65893678e-02,  1.02021572e-01,
         2.42359669e-04, -4.70362885e-02,  1.35966658e-01]])
      jac: array([-2.04910163e-06,  3.81657668e-06, -2.14458081e-06,  3.90021349e-06,
       -8.47840317e-06,  3.69075141e-06, -4.57781961e-07,  5.37347944e-07,
       -9.80697005e-08, -6.81676937e-07,  1.39518027e-06, -1.42774681e-06,
       -5.85050527e-06,  3.64338189e-06, -5.18400138e-06,  6.40931752e-06,
        1.90958360e-07,  5.04115268e-06])
  message: 'Optimization terminated successfully.'
     nfev: 1615
      nit: 76
     njev: 85
   status: 0
  success: True
        x: array([ 1.01437823, -1.07752793,  0.34495078,  1.38315245, -1.0801727 ,
        0.05232988,  1.43108878, -1.43313109, -0.89882697,  0.01935165,
        0.52952653,  1.12563932,  0.00322374,  0.2198877 , -0.26947226,
       -1.27050737, -0.19311002,  0.01264769])
