Program Begingeth
      fun: 0.2585728676746257
 hess_inv: array([[ 3.45971516e+00, -1.26751998e+00, -2.74983543e-01,
         1.34990568e+00, -5.66593668e-01,  5.00436205e-01,
         2.69937570e+00,  1.64397773e+00,  1.72679273e+00,
        -7.01199581e-02, -9.66288804e-01,  2.60977271e-01,
        -4.61690438e-01,  2.80120851e-01,  3.90935068e-01,
        -2.68878915e-01,  3.02719864e-01, -6.47009721e-02],
       [-1.26751998e+00,  2.86786823e+00,  7.94297126e-01,
        -3.89141144e-01,  1.22554859e+00,  6.42473154e-02,
        -1.83461196e+00,  1.15083710e+00,  1.65345087e+00,
        -3.98896507e-01,  4.64485678e-01, -9.10291224e-01,
         4.12837713e-01, -3.05193859e-01, -1.25035879e-01,
         8.43614324e-02, -2.04205284e-01,  7.83080121e-02],
       [-2.74983543e-01,  7.94297126e-01,  4.29085639e+00,
        -7.87769177e-01,  1.73762662e-01,  1.93526670e+00,
        -7.64275781e+00, -4.31648751e+00,  6.90565351e+00,
         3.40974637e-01,  1.51855207e+00, -4.71415266e-01,
        -9.55993320e-02, -1.92688489e-01, -5.41035081e-01,
         1.80658973e-01,  8.39970718e-03, -4.37975825e-01],
       [ 1.34990568e+00, -3.89141144e-01, -7.87769177e-01,
         6.91345485e-01, -1.59731766e-01, -1.35751208e-01,
         2.60067202e+00,  1.49974039e+00, -2.87655912e-01,
        -1.43029947e-01, -5.90037251e-01,  6.41579746e-02,
        -1.16810304e-01,  9.12421032e-02,  2.50898287e-01,
        -1.31852767e-01,  8.50070370e-02,  7.39943916e-02],
       [-5.66593668e-01,  1.22554859e+00,  1.73762662e-01,
        -1.59731766e-01,  5.92807384e-01, -3.21478181e-02,
        -8.41372150e-01,  1.17211150e+00,  2.98676991e-01,
        -1.26875521e-01,  9.35881455e-02, -3.26517038e-01,
         1.99279472e-01, -8.90054596e-02, -1.13716153e-02,
         5.21776279e-02, -9.22305247e-02,  5.83661238e-02],
       [ 5.00436205e-01,  6.42473154e-02,  1.93526670e+00,
        -1.35751208e-01, -3.21478181e-02,  1.03932387e+00,
        -3.32205796e+00, -1.53203220e+00,  3.69406717e+00,
         2.54923306e-01,  4.46389155e-01, -1.20560984e-01,
        -1.54912016e-01, -2.20103425e-02, -1.56045508e-01,
         2.60048620e-02,  4.31066679e-02, -2.22542267e-01],
       [ 2.69937570e+00, -1.83461196e+00, -7.64275781e+00,
         2.60067202e+00, -8.41372150e-01, -3.32205796e+00,
         2.09721588e+01,  6.92531244e+00, -1.08276669e+01,
        -1.14885694e+00, -2.65931317e+00,  3.38761829e-01,
        -1.60329427e-01,  2.28267362e-01,  1.14415277e+00,
        -6.24758514e-01,  2.67259618e-01,  8.53060012e-01],
       [ 1.64397773e+00,  1.15083710e+00, -4.31648751e+00,
         1.49974039e+00,  1.17211150e+00, -1.53203220e+00,
         6.92531244e+00,  1.34700767e+01, -5.72198462e+00,
        -3.04999743e-01, -2.42219379e+00, -1.72897013e-01,
         1.45158707e-01,  2.76539684e-01,  1.15946488e+00,
        -3.60176004e-01, -4.25576826e-02,  6.35373388e-01],
       [ 1.72679273e+00,  1.65345087e+00,  6.90565351e+00,
        -2.87655912e-01,  2.98676991e-01,  3.69406717e+00,
        -1.08276669e+01, -5.72198462e+00,  1.68019255e+01,
         6.51426897e-01,  2.02089211e+00, -9.41700049e-01,
        -3.83023890e-01, -5.13233604e-01, -7.25924425e-01,
         3.80493822e-02, -8.49479200e-02, -8.27671134e-01],
       [-7.01199581e-02, -3.98896507e-01,  3.40974637e-01,
        -1.43029947e-01, -1.26875521e-01,  2.54923306e-01,
        -1.14885694e+00, -3.04999743e-01,  6.51426897e-01,
         8.41590561e-01,  1.67719427e-01,  8.48092685e-02,
        -2.11818607e-01, -1.13049527e-02, -1.29632490e-01,
         8.90370038e-03, -5.01702925e-02, -2.54038354e-01],
       [-9.66288804e-01,  4.64485678e-01,  1.51855207e+00,
        -5.90037251e-01,  9.35881455e-02,  4.46389155e-01,
        -2.65931317e+00, -2.42219379e+00,  2.02089211e+00,
         1.67719427e-01,  1.28249794e+00, -2.99601707e-01,
         5.62891066e-02, -2.68650392e-01, -4.28606738e-01,
         1.35452481e-01, -7.13293573e-02, -2.38576127e-01],
       [ 2.60977271e-01, -9.10291224e-01, -4.71415266e-01,
         6.41579746e-02, -3.26517038e-01, -1.20560984e-01,
         3.38761829e-01, -1.72897013e-01, -9.41700049e-01,
         8.48092685e-02, -2.99601707e-01,  6.37901867e-01,
        -4.93725299e-02,  1.95196532e-01,  2.36026393e-02,
         5.13037232e-02,  8.95508545e-02,  3.11124926e-02],
       [-4.61690438e-01,  4.12837713e-01, -9.55993320e-02,
        -1.16810304e-01,  1.99279472e-01, -1.54912016e-01,
        -1.60329427e-01,  1.45158707e-01, -3.83023890e-01,
        -2.11818607e-01,  5.62891066e-02, -4.93725299e-02,
         1.93718673e-01, -4.41476040e-02, -1.02801950e-02,
         8.54596302e-02, -6.67554243e-02,  9.48766194e-02],
       [ 2.80120851e-01, -3.05193859e-01, -1.92688489e-01,
         9.12421032e-02, -8.90054596e-02, -2.20103425e-02,
         2.28267362e-01,  2.76539684e-01, -5.13233604e-01,
        -1.13049527e-02, -2.68650392e-01,  1.95196532e-01,
        -4.41476040e-02,  1.40510292e-01,  7.24584966e-02,
        -7.57104235e-03,  8.53462997e-02,  3.15507921e-02],
       [ 3.90935068e-01, -1.25035879e-01, -5.41035081e-01,
         2.50898287e-01, -1.13716153e-02, -1.56045508e-01,
         1.14415277e+00,  1.15946488e+00, -7.25924425e-01,
        -1.29632490e-01, -4.28606738e-01,  2.36026393e-02,
        -1.02801950e-02,  7.24584966e-02,  2.03555670e-01,
        -6.67096799e-02,  2.16364068e-02,  1.24715081e-01],
       [-2.68878915e-01,  8.43614324e-02,  1.80658973e-01,
        -1.31852767e-01,  5.21776279e-02,  2.60048620e-02,
        -6.24758514e-01, -3.60176004e-01,  3.80493822e-02,
         8.90370038e-03,  1.35452481e-01,  5.13037232e-02,
         8.54596302e-02, -7.57104235e-03, -6.67096799e-02,
         9.32423534e-02, -2.55858297e-02, -4.60230243e-03],
       [ 3.02719864e-01, -2.04205284e-01,  8.39970718e-03,
         8.50070370e-02, -9.22305247e-02,  4.31066679e-02,
         2.67259618e-01, -4.25576826e-02, -8.49479200e-02,
        -5.01702925e-02, -7.13293573e-02,  8.95508545e-02,
        -6.67554243e-02,  8.53462997e-02,  2.16364068e-02,
        -2.55858297e-02,  1.04105498e-01, -4.71163653e-03],
       [-6.47009721e-02,  7.83080121e-02, -4.37975825e-01,
         7.39943916e-02,  5.83661238e-02, -2.22542267e-01,
         8.53060012e-01,  6.35373388e-01, -8.27671134e-01,
        -2.54038354e-01, -2.38576127e-01,  3.11124926e-02,
         9.48766194e-02,  3.15507921e-02,  1.24715081e-01,
        -4.60230243e-03, -4.71163653e-03,  1.62296070e-01]])
      jac: array([ 1.92845739e-06,  2.62752783e-07,  7.28084260e-06, -4.23365047e-06,
       -3.07531778e-07, -1.78094576e-05,  1.49880108e-07,  4.36687723e-08,
        1.11688436e-06, -9.99200722e-08,  1.74305015e-07,  3.18226926e-06,
        7.22755189e-07,  1.09097916e-06,  1.70530257e-05, -3.36101517e-06,
       -2.68933024e-06, -1.12361972e-05])
  message: 'Desired error not necessarily achieved due to precision loss.'
     nfev: 2442
      nit: 76
     njev: 128
   status: 2
  success: False
        x: array([ 0.91973833, -1.08031904,  0.57198736,  1.18007376, -1.11399643,
        0.14747844,  0.93023052, -1.61919272, -0.68778527,  0.07243101,
        0.62573308,  1.15615048,  0.00698108,  0.23564218, -0.31340532,
       -1.0989205 , -0.14932838, -0.01971337])
