Program Begingeth
      fun: 0.3777326159068555
 hess_inv: array([[ 8.76740097e+00, -4.14074168e-02, -2.40239347e-02,
         2.19654034e+00, -1.29844702e+00,  1.00473126e-01,
        -1.60268034e+00,  3.76751255e+00, -3.02001591e-01,
        -1.43992183e+00, -9.44584950e-02, -8.64580792e-01,
        -1.37566796e+00, -4.20117017e-01,  2.71208193e-01,
        -4.54361950e-01,  1.51793758e+00, -7.36715973e-02],
       [-4.14074168e-02,  1.98129015e+00, -1.08918860e-02,
         1.61244795e-01,  6.24813977e-01, -1.22445220e-02,
        -6.74121688e-01,  2.06370134e+00,  9.86731261e-01,
        -3.57440199e-01,  1.21560946e-02, -5.79253193e-01,
         1.67449859e-01, -6.89359663e-02,  2.38905513e-01,
        -1.84570751e-01,  3.85591043e-01,  2.54542409e-01],
       [-2.40239347e-02, -1.08918860e-02,  2.37550901e+00,
        -1.64214950e-02,  1.20839271e-03,  7.18915399e-01,
         2.48529358e+00, -1.67275652e+00,  9.84347094e-01,
         2.42560563e-01,  5.15740529e-01, -8.19870353e-02,
        -1.78910551e-02, -1.93865191e-01, -6.84944899e-02,
         2.95423594e-01, -2.75436383e-01,  3.55349586e-01],
       [ 2.19654034e+00,  1.61244795e-01, -1.64214950e-02,
         5.96198551e-01, -2.64147169e-01,  1.92240961e-02,
        -4.30917340e-01,  1.09503430e+00, -5.08197603e-04,
        -3.96357348e-01, -3.86326894e-02, -3.07518679e-01,
        -2.88540200e-01, -1.16637236e-01,  1.03323166e-01,
        -1.08572792e-01,  3.87220526e-01,  1.23314480e-02],
       [-1.29844702e+00,  6.24813977e-01,  1.20839271e-03,
        -2.64147169e-01,  4.25846777e-01, -1.31846321e-02,
         2.54248818e-01, -4.91553369e-02,  1.95640037e-01,
         1.51962450e-01, -1.88474469e-02, -6.13379350e-03,
         2.76746316e-01,  8.28083249e-02,  3.02758022e-02,
         6.91969764e-02, -1.20940759e-01,  7.69591272e-02],
       [ 1.00473126e-01, -1.22445220e-02,  7.18915399e-01,
         1.92240961e-02, -1.31846321e-02,  2.65124422e-01,
         7.24881114e-01, -4.74367905e-01,  1.94942965e-01,
         1.68764439e-01,  4.69069973e-02, -2.32076378e-02,
        -5.53971135e-02, -3.16514020e-02,  2.40143573e-02,
         7.42440650e-02, -6.24516139e-02,  9.67689396e-02],
       [-1.60268034e+00, -6.74121688e-01,  2.48529358e+00,
        -4.30917340e-01,  2.54248818e-01,  7.24881114e-01,
         9.41875028e+00, -4.25689070e+00,  1.26833774e-01,
         8.07269856e-01, -1.86213609e-01,  4.98133756e-01,
         4.69364509e-01,  2.39809246e-01, -5.24684814e-02,
         1.46577138e+00, -8.58603807e-01,  5.20729916e-01],
       [ 3.76751255e+00,  2.06370134e+00, -1.67275652e+00,
         1.09503430e+00, -4.91553369e-02, -4.74367905e-01,
        -4.25689070e+00,  1.11634937e+01,  1.55011989e+00,
        -2.23316172e+00, -2.46695761e-01, -6.98394168e-01,
        -2.34210857e-01, -1.07794317e-01,  5.86668623e-01,
        -7.41932536e-01,  2.09204515e+00,  4.23443853e-01],
       [-3.02001591e-01,  9.86731261e-01,  9.84347094e-01,
        -5.08197603e-04,  1.95640037e-01,  1.94942965e-01,
         1.26833774e-01,  1.55011989e+00,  4.06609423e+00,
        -7.56598160e-01,  2.00133310e-01, -2.55229979e-01,
         1.64827434e-01, -2.30636206e-01,  1.35517040e-01,
        -1.48194128e-01,  1.87255900e-01,  7.90811000e-01],
       [-1.43992183e+00, -3.57440199e-01,  2.42560563e-01,
        -3.96357348e-01,  1.51962450e-01,  1.68764439e-01,
         8.07269856e-01, -2.23316172e+00, -7.56598160e-01,
         1.18588471e+00, -1.25572658e-02,  2.03293481e-01,
        -2.08681497e-03,  9.25255664e-02, -9.31727175e-02,
         1.43454580e-01, -5.02105755e-01, -2.27804691e-01],
       [-9.44584950e-02,  1.21560946e-02,  5.15740529e-01,
        -3.86326894e-02, -1.88474469e-02,  4.69069973e-02,
        -1.86213609e-01, -2.46695761e-01,  2.00133310e-01,
        -1.25572658e-02,  8.73364410e-01, -8.19020785e-02,
        -4.74002523e-03, -2.50167811e-01, -2.06956107e-01,
        -2.89744812e-02, -7.30763687e-02, -6.51527017e-02],
       [-8.64580792e-01, -5.79253193e-01, -8.19870353e-02,
        -3.07518679e-01, -6.13379350e-03, -2.32076378e-02,
         4.98133756e-01, -6.98394168e-01, -2.55229979e-01,
         2.03293481e-01, -8.19020785e-02,  6.60302788e-01,
         9.08540790e-02,  1.74663843e-01, -1.54390579e-01,
         1.59392074e-01, -1.68933254e-01, -5.46224632e-02],
       [-1.37566796e+00,  1.67449859e-01, -1.78910551e-02,
        -2.88540200e-01,  2.76746316e-01, -5.53971135e-02,
         4.69364509e-01, -2.34210857e-01,  1.64827434e-01,
        -2.08681497e-03, -4.74002523e-03,  9.08540790e-02,
         3.62599677e-01,  7.40912590e-02, -1.14825955e-02,
         1.52949582e-01, -2.07638859e-01,  9.35430043e-02],
       [-4.20117017e-01, -6.89359663e-02, -1.93865191e-01,
        -1.16637236e-01,  8.28083249e-02, -3.16514020e-02,
         2.39809246e-01, -1.07794317e-01, -2.30636206e-01,
         9.25255664e-02, -2.50167811e-01,  1.74663843e-01,
         7.40912590e-02,  1.51276649e-01,  2.08178465e-02,
         7.10709878e-02, -3.03309736e-02, -6.82550076e-03],
       [ 2.71208193e-01,  2.38905513e-01, -6.84944899e-02,
         1.03323166e-01,  3.02758022e-02,  2.40143573e-02,
        -5.24684814e-02,  5.86668623e-01,  1.35517040e-01,
        -9.31727175e-02, -2.06956107e-01, -1.54390579e-01,
        -1.14825955e-02,  2.08178465e-02,  1.40256417e-01,
        -3.55402198e-02,  1.15840777e-01,  8.72548255e-02],
       [-4.54361950e-01, -1.84570751e-01,  2.95423594e-01,
        -1.08572792e-01,  6.91969764e-02,  7.42440650e-02,
         1.46577138e+00, -7.41932536e-01, -1.48194128e-01,
         1.43454580e-01, -2.89744812e-02,  1.59392074e-01,
         1.52949582e-01,  7.10709878e-02, -3.55402198e-02,
         2.87919255e-01, -1.79865079e-01,  5.31213504e-02],
       [ 1.51793758e+00,  3.85591043e-01, -2.75436383e-01,
         3.87220526e-01, -1.20940759e-01, -6.24516139e-02,
        -8.58603807e-01,  2.09204515e+00,  1.87255900e-01,
        -5.02105755e-01, -7.30763687e-02, -1.68933254e-01,
        -2.07638859e-01, -3.03309736e-02,  1.15840777e-01,
        -1.79865079e-01,  5.27461307e-01,  5.13284230e-02],
       [-7.36715973e-02,  2.54542409e-01,  3.55349586e-01,
         1.23314480e-02,  7.69591272e-02,  9.67689396e-02,
         5.20729916e-01,  4.23443853e-01,  7.90811000e-01,
        -2.27804691e-01, -6.51527017e-02, -5.46224632e-02,
         9.35430043e-02, -6.82550076e-03,  8.72548255e-02,
         5.31213504e-02,  5.13284230e-02,  2.52148974e-01]])
      jac: array([ 1.59452821e-04, -9.86740319e-05, -2.19034420e-04, -2.63903714e-05,
        6.30384633e-05,  2.20070628e-04,  7.42295114e-05, -9.76774217e-06,
       -8.69156599e-06,  3.08432909e-04,  2.21137923e-05, -6.83412586e-05,
        5.77159801e-04,  1.22061250e-04, -4.30537088e-04, -4.30792069e-04,
        1.77738195e-04,  4.53596420e-04])
  message: 'Maximum number of iterations has been exceeded.'
     nfev: 2147
      nit: 100
     njev: 113
   status: 1
  success: False
        x: array([ 0.72978364, -1.11324586,  0.01716697,  1.20490633, -0.90334214,
        0.01006065, -1.8538841 , -1.26106265, -0.97510332,  0.09786374,
        0.36067911,  1.16692352,  0.03554509, -0.02445339, -0.28938314,
       -1.27532912, -1.08385623, -0.14150131])
