Program Begingeth
      fun: 0.3610164491052537
 hess_inv: array([[ 1.77515608e+00, -1.34711264e-01,  2.14920163e-01,
         2.57284392e-01, -2.53935599e-01,  3.88791477e-01,
         5.78831283e-01, -3.69877182e-01,  6.62470083e-01,
         7.91852989e-01, -8.86869205e-01,  8.51309340e-02,
        -7.16511890e-01,  2.66785558e-02,  4.54372312e-02,
        -3.51555713e-02,  4.57347946e-03, -2.70669198e-01],
       [-1.34711264e-01,  7.55799834e-01, -1.01268613e-01,
        -3.05599655e-01,  7.29817421e-02, -2.65613889e-01,
        -1.13414966e+00,  3.03158736e-01, -3.75552100e-01,
        -9.03763634e-01, -2.91595481e-02, -1.45596155e-01,
         6.25048925e-02, -2.45187411e-01, -2.42966578e-01,
         4.62835644e-02,  1.05124886e-02, -1.16885188e-01],
       [ 2.14920163e-01, -1.01268613e-01,  4.33907709e-01,
         9.67016247e-02,  6.09516246e-03,  1.03925474e-01,
        -1.08402430e-01, -3.15554006e-01,  2.07365754e-01,
         4.48408449e-01, -1.00042508e-01,  5.95814264e-04,
        -4.75612787e-02,  1.09826908e-01, -7.49192433e-02,
         5.49308850e-02,  2.85301424e-02,  1.88238671e-02],
       [ 2.57284392e-01, -3.05599655e-01,  9.67016247e-02,
         4.23008652e-01,  6.10625416e-02,  2.21338794e-01,
         1.11147151e+00,  1.95052333e-01,  1.19917040e+00,
         1.22488347e+00,  2.50936739e-01, -7.64485317e-02,
        -3.05424481e-02,  1.12284504e-01,  1.42926286e-01,
         9.21660839e-03, -1.02090115e-02,  3.82211652e-02],
       [-2.53935599e-01,  7.29817421e-02,  6.09516246e-03,
         6.10625416e-02,  2.88239338e-01, -5.30106837e-02,
        -8.19274231e-02,  6.92997979e-01,  7.40734671e-01,
         1.91026288e-01,  7.75507085e-01, -1.80432851e-01,
         1.63157839e-01,  4.42320924e-02, -3.34128300e-02,
         4.92545857e-02,  1.21250536e-02,  4.62862113e-02],
       [ 3.88791477e-01, -2.65613889e-01,  1.03925474e-01,
         2.21338794e-01, -5.30106837e-02,  3.70478224e-01,
         7.68901517e-01, -4.36084614e-01,  1.07893332e+00,
         7.99501323e-01, -2.97186683e-02,  4.37310374e-01,
        -2.02165386e-01,  1.22329653e-01,  1.57016546e-01,
        -4.17085305e-02,  3.95193752e-02,  5.94979129e-03],
       [ 5.78831283e-01, -1.13414966e+00, -1.08402430e-01,
         1.11147151e+00, -8.19274231e-02,  7.68901517e-01,
         6.74812221e+00, -6.96078980e-01,  4.13355254e+00,
         2.88963390e+00,  1.05881490e+00,  6.60895154e-02,
        -3.95809412e-01,  2.70829164e-01,  5.64405949e-01,
        -2.17444312e-01,  1.08400282e-01,  7.32551650e-02],
       [-3.69877182e-01,  3.03158736e-01, -3.15554006e-01,
         1.95052333e-01,  6.92997979e-01, -4.36084614e-01,
        -6.96078980e-01,  3.95591087e+00,  1.11378766e+00,
         1.94415875e-01,  1.36632412e+00, -1.27555466e+00,
         4.42346132e-01, -6.40368021e-02, -4.52251286e-02,
         1.24764399e-01, -8.23376868e-02,  7.24076146e-02],
       [ 6.62470083e-01, -3.75552100e-01,  2.07365754e-01,
         1.19917040e+00,  7.40734671e-01,  1.07893332e+00,
         4.13355254e+00,  1.11378766e+00,  8.55978214e+00,
         3.92123783e+00,  2.77034981e+00,  2.30804552e-01,
        -2.72489517e-01,  3.26349922e-01,  4.21299825e-01,
        -4.66517121e-02,  1.70783033e-01,  9.74871282e-02],
       [ 7.91852989e-01, -9.03763634e-01,  4.48408449e-01,
         1.22488347e+00,  1.91026288e-01,  7.99501323e-01,
         2.88963390e+00,  1.94415875e-01,  3.92123783e+00,
         3.88608036e+00,  7.46026984e-01,  6.83302665e-02,
        -1.73467726e-01,  4.01042621e-01,  4.10983471e-01,
         3.50248872e-03,  1.73950213e-02,  1.15757738e-01],
       [-8.86869205e-01, -2.91595481e-02, -1.00042508e-01,
         2.50936739e-01,  7.75507085e-01, -2.97186683e-02,
         1.05881490e+00,  1.36632412e+00,  2.77034981e+00,
         7.46026984e-01,  2.62912464e+00, -3.45392181e-01,
         4.12048758e-01,  1.42166440e-01,  1.12745470e-02,
         5.21056318e-02,  5.39286279e-02,  1.61149013e-01],
       [ 8.51309340e-02, -1.45596155e-01,  5.95814264e-04,
        -7.64485317e-02, -1.80432851e-01,  4.37310374e-01,
         6.60895154e-02, -1.27555466e+00,  2.30804552e-01,
         6.83302665e-02, -3.45392181e-01,  1.22387741e+00,
        -1.88098312e-01,  1.04486620e-01,  1.49294185e-01,
        -7.19420401e-02,  8.12164616e-02,  9.14548619e-03],
       [-7.16511890e-01,  6.25048925e-02, -4.75612787e-02,
        -3.05424481e-02,  1.63157839e-01, -2.02165386e-01,
        -3.95809412e-01,  4.42346132e-01, -2.72489517e-01,
        -1.73467726e-01,  4.12048758e-01, -1.88098312e-01,
         3.84957676e-01, -6.77847860e-03, -3.26817253e-02,
         7.63405619e-02, -3.13621946e-02,  1.26091496e-01],
       [ 2.66785558e-02, -2.45187411e-01,  1.09826908e-01,
         1.12284504e-01,  4.42320924e-02,  1.22329653e-01,
         2.70829164e-01, -6.40368021e-02,  3.26349922e-01,
         4.01042621e-01,  1.42166440e-01,  1.04486620e-01,
        -6.77847860e-03,  1.41084281e-01,  6.48033198e-02,
         1.50697366e-03,  3.16776063e-02,  5.11176187e-02],
       [ 4.54372312e-02, -2.42966578e-01, -7.49192433e-02,
         1.42926286e-01, -3.34128300e-02,  1.57016546e-01,
         5.64405949e-01, -4.52251286e-02,  4.21299825e-01,
         4.10983471e-01,  1.12745470e-02,  1.49294185e-01,
        -3.26817253e-02,  6.48033198e-02,  1.66105372e-01,
        -3.78982909e-02, -5.23149651e-03,  5.81340012e-02],
       [-3.51555713e-02,  4.62835644e-02,  5.49308850e-02,
         9.21660839e-03,  4.92545857e-02, -4.17085305e-02,
        -2.17444312e-01,  1.24764399e-01, -4.66517121e-02,
         3.50248872e-03,  5.21056318e-02, -7.19420401e-02,
         7.63405619e-02,  1.50697366e-03, -3.78982909e-02,
         5.84072581e-02, -1.05855700e-02,  9.46768651e-03],
       [ 4.57347946e-03,  1.05124886e-02,  2.85301424e-02,
        -1.02090115e-02,  1.21250536e-02,  3.95193752e-02,
         1.08400282e-01, -8.23376868e-02,  1.70783033e-01,
         1.73950213e-02,  5.39286279e-02,  8.12164616e-02,
        -3.13621946e-02,  3.16776063e-02, -5.23149651e-03,
        -1.05855700e-02,  4.44440716e-02, -3.70805722e-03],
       [-2.70669198e-01, -1.16885188e-01,  1.88238671e-02,
         3.82211652e-02,  4.62862113e-02,  5.94979129e-03,
         7.32551650e-02,  7.24076146e-02,  9.74871282e-02,
         1.15757738e-01,  1.61149013e-01,  9.14548619e-03,
         1.26091496e-01,  5.11176187e-02,  5.81340012e-02,
         9.46768651e-03, -3.70805722e-03,  9.98927728e-02]])
      jac: array([-4.08932147e-07,  9.68003455e-06,  1.49598852e-05, -2.54766578e-05,
       -2.33868480e-05,  2.53737772e-05,  3.52680848e-06,  3.67298784e-06,
       -2.91803618e-06,  2.05095200e-06,  6.22317013e-06, -5.80942701e-06,
        2.15871765e-05,  2.50148050e-05,  1.31605837e-05, -7.02623145e-06,
       -2.02167912e-05, -3.17660713e-05])
  message: 'Desired error not necessarily achieved due to precision loss.'
     nfev: 2196
      nit: 74
     njev: 115
   status: 2
  success: False
        x: array([ 0.10261075,  0.06121224,  0.75852044,  1.5750712 , -0.9772187 ,
        0.34756557,  1.0116004 , -2.10231714,  0.74119979,  1.91637094,
       -0.90345619,  0.975828  ,  0.03638313,  0.03302669, -0.19781012,
       -1.44961629, -0.52615395,  0.05271177])
