Program Begingeth
      fun: 0.37165150655239426
 hess_inv: array([[ 9.24433410e+00, -3.87464143e-01,  2.52940771e-01,
         1.68159749e+00, -7.84839155e-01,  1.62876307e+00,
        -5.10213477e+00,  1.04731580e+00,  3.45162046e+00,
        -1.12153210e+00, -9.16177514e-01,  3.59146962e-01,
        -1.58127053e+00,  5.63397882e-02,  5.69362995e-01,
         3.11434849e-02,  7.66809833e-01, -8.73341673e-01],
       [-3.87464143e-01,  3.49031120e+00,  9.09889161e-01,
         9.70936984e-02,  1.04253949e+00,  7.69522910e-02,
        -2.97754694e+00, -8.12782472e-01,  2.86123632e+00,
        -1.14984944e-01, -2.98693522e-02, -1.56651177e+00,
         3.77650723e-01, -3.61153348e-01, -9.34560633e-02,
        -1.56241309e-01, -1.41942700e-03,  7.95583586e-02],
       [ 2.52940771e-01,  9.09889161e-01,  2.09091728e+00,
        -1.35233190e-01,  1.87791273e-01,  4.22786922e-01,
        -7.75325994e-01, -2.28374954e+00,  3.21647500e-01,
        -1.66589740e-01,  8.60941825e-01, -7.72765558e-01,
        -4.37739717e-02, -1.70718064e-01, -2.83641299e-01,
         1.49206955e-01,  7.92205124e-02,  2.52950903e-02],
       [ 1.68159749e+00,  9.70936984e-02, -1.35233190e-01,
         3.93478455e-01, -1.09038428e-01,  2.48254166e-01,
        -5.93438749e-01,  4.56876311e-01,  9.05536770e-01,
        -2.50513428e-01, -2.93966699e-01, -1.90476777e-02,
        -2.23210104e-01, -1.33528142e-02,  1.56249791e-01,
        -5.30136342e-03,  1.41759699e-01, -1.23387556e-01],
       [-7.84839155e-01,  1.04253949e+00,  1.87791273e-01,
        -1.09038428e-01,  7.39691554e-01,  1.00110556e-02,
        -4.86649439e+00,  1.14876721e-01,  4.27236855e-01,
         5.41925234e-01,  7.23670144e-03, -3.34747751e-01,
         4.26403817e-01, -5.59037514e-03, -3.00810545e-02,
        -7.26339289e-03, -4.11981102e-01, -9.19139575e-03],
       [ 1.62876307e+00,  7.69522910e-02,  4.22786922e-01,
         2.48254166e-01,  1.00110556e-02,  4.59415590e-01,
        -2.52721710e+00, -4.68936844e-02,  7.88346415e-01,
         2.22875377e-02, -1.28266291e-01, -2.63825723e-02,
        -2.62045547e-01,  2.86389055e-02,  1.18097264e-01,
         6.82876672e-03,  2.93243486e-02, -1.56249373e-01],
       [-5.10213477e+00, -2.97754694e+00, -7.75325994e-01,
        -5.93438749e-01, -4.86649439e+00, -2.52721710e+00,
         6.46016597e+01, -2.39901809e+00, -3.74554171e+00,
        -5.28436488e+00,  6.64753124e-01, -3.05864193e-02,
        -1.69881296e+00, -4.60702647e-01, -6.12768434e-01,
        -1.88657673e-02,  4.35610009e+00,  1.83138780e+00],
       [ 1.04731580e+00, -8.12782472e-01, -2.28374954e+00,
         4.56876311e-01,  1.14876721e-01, -4.68936844e-02,
        -2.39901809e+00,  5.90993892e+00,  2.44567978e-01,
         3.49882219e-01, -1.27883947e+00,  7.23062377e-01,
        -7.81794825e-02,  3.45388896e-01,  6.65910551e-01,
        -2.49075461e-01,  1.83250043e-02, -8.29356938e-02],
       [ 3.45162046e+00,  2.86123632e+00,  3.21647500e-01,
         9.05536770e-01,  4.27236855e-01,  7.88346415e-01,
        -3.74554171e+00,  2.44567978e-01,  6.65156591e+00,
        -7.79929282e-01, -8.36415240e-01, -1.11660304e+00,
        -3.29644158e-01, -3.89109259e-01,  4.18460749e-01,
        -3.07342857e-01,  3.00904139e-01, -2.86326395e-02],
       [-1.12153210e+00, -1.14984944e-01, -1.66589740e-01,
        -2.50513428e-01,  5.41925234e-01,  2.22875377e-02,
        -5.28436488e+00,  3.49882219e-01, -7.79929282e-01,
         1.36958623e+00,  1.41081669e-02,  1.66766458e-01,
         2.82503802e-01,  1.05685360e-01, -3.42812891e-03,
         3.13275774e-03, -6.31465080e-01, -1.53882269e-01],
       [-9.16177514e-01, -2.98693522e-02,  8.60941825e-01,
        -2.93966699e-01,  7.23670144e-03, -1.28266291e-01,
         6.64753124e-01, -1.27883947e+00, -8.36415240e-01,
         1.41081669e-02,  1.20871027e+00, -2.96996535e-01,
         1.42071219e-01, -2.16136184e-01, -3.79296102e-01,
         1.38921357e-01, -8.43421945e-02, -3.17025193e-02],
       [ 3.59146962e-01, -1.56651177e+00, -7.72765558e-01,
        -1.90476777e-02, -3.34747751e-01, -2.63825723e-02,
        -3.05864193e-02,  7.23062377e-01, -1.11660304e+00,
         1.66766458e-01, -2.96996535e-01,  1.18133476e+00,
        -1.46698383e-01,  3.06913583e-01,  5.72944750e-02,
         8.01547582e-02, -3.55400819e-02, -7.41991309e-02],
       [-1.58127053e+00,  3.77650723e-01, -4.37739717e-02,
        -2.23210104e-01,  4.26403817e-01, -2.62045547e-01,
        -1.69881296e+00, -7.81794825e-02, -3.29644158e-01,
         2.82503802e-01,  1.42071219e-01, -1.46698383e-01,
         5.29837918e-01, -1.42077254e-02, -8.19657605e-02,
         5.34067736e-02, -3.58847554e-01,  1.45774396e-01],
       [ 5.63397882e-02, -3.61153348e-01, -1.70718064e-01,
        -1.33528142e-02, -5.59037514e-03,  2.86389055e-02,
        -4.60702647e-01,  3.45388896e-01, -3.89109259e-01,
         1.05685360e-01, -2.16136184e-01,  3.06913583e-01,
        -1.42077254e-02,  1.58269538e-01,  5.71388681e-02,
         2.11607530e-02, -1.40968944e-02,  1.24746504e-03],
       [ 5.69362995e-01, -9.34560633e-02, -2.83641299e-01,
         1.56249791e-01, -3.00810545e-02,  1.18097264e-01,
        -6.12768434e-01,  6.65910551e-01,  4.18460749e-01,
        -3.42812891e-03, -3.79296102e-01,  5.72944750e-02,
        -8.19657605e-02,  5.71388681e-02,  1.97317296e-01,
        -5.81491804e-02,  1.33813772e-02,  5.40202408e-03],
       [ 3.11434849e-02, -1.56241309e-01,  1.49206955e-01,
        -5.30136342e-03, -7.26339289e-03,  6.82876672e-03,
        -1.88657673e-02, -2.49075461e-01, -3.07342857e-01,
         3.13275774e-03,  1.38921357e-01,  8.01547582e-02,
         5.34067736e-02,  2.11607530e-02, -5.81491804e-02,
         1.03247167e-01, -3.11897694e-02, -8.68752610e-03],
       [ 7.66809833e-01, -1.41942700e-03,  7.92205124e-02,
         1.41759699e-01, -4.11981102e-01,  2.93243486e-02,
         4.35610009e+00,  1.83250043e-02,  3.00904139e-01,
        -6.31465080e-01, -8.43421945e-02, -3.55400819e-02,
        -3.58847554e-01, -1.40968944e-02,  1.33813772e-02,
        -3.11897694e-02,  5.31829100e-01,  4.23166678e-02],
       [-8.73341673e-01,  7.95583586e-02,  2.52950903e-02,
        -1.23387556e-01, -9.19139575e-03, -1.56249373e-01,
         1.83138780e+00, -8.29356938e-02, -2.86326395e-02,
        -1.53882269e-01, -3.17025193e-02, -7.41991309e-02,
         1.45774396e-01,  1.24746504e-03,  5.40202408e-03,
        -8.68752610e-03,  4.23166678e-02,  2.15431144e-01]])
      jac: array([ 3.23704027e-06, -7.47550170e-07, -3.18263934e-08, -4.01493653e-06,
        3.20891462e-06,  8.92619312e-07,  4.45199433e-07, -2.05391260e-07,
       -1.67606669e-06,  4.49270251e-07, -4.58892184e-07, -1.88737914e-07,
        6.32716102e-06, -1.53025740e-06, -1.06803455e-06, -8.56426041e-06,
        1.10800258e-06,  3.22445774e-06])
  message: 'Optimization terminated successfully.'
     nfev: 1349
      nit: 60
     njev: 71
   status: 0
  success: True
        x: array([ 4.22091404e-01, -9.23182052e-01,  4.83004704e-01,  1.05811669e+00,
       -9.23445170e-01,  6.20082145e-02,  2.01305802e-01, -1.94392418e+00,
       -4.65976579e-01,  4.12304214e-02,  4.95858624e-01,  1.13920003e+00,
        7.02564970e-02, -5.22580610e-02, -3.58091774e-01, -1.05438497e+00,
       -1.02938641e+00, -9.83665176e-04])
