Program Begingeth
      fun: 0.31955944136129805
 hess_inv: array([[ 4.94419188e+00, -1.00504479e+00, -1.86889255e+00,
         1.86097147e+00, -3.64595952e-01, -1.94939057e+00,
        -1.60894250e+00, -1.22905009e+00, -9.99686888e+00,
        -2.62092088e-01,  1.11900170e+00,  1.97039811e-01,
        -2.71102918e-01, -2.07100155e-01, -5.42037772e-01,
        -3.01440484e-01, -1.53065355e-01, -2.69394839e-02],
       [-1.00504479e+00,  4.83535802e+00,  1.58856555e+00,
        -4.00678499e-01,  2.16013231e+00,  8.76470400e-01,
         3.68164344e+00,  2.10421314e+00,  7.90735237e+00,
         8.31401110e-01,  3.86573874e-01, -1.00477137e+00,
        -4.53572657e-01, -2.72660142e-01, -2.68599351e-02,
        -5.84192932e-02, -2.38663112e-01,  1.12463213e-01],
       [-1.86889255e+00,  1.58856555e+00,  2.49894216e+00,
        -4.66331350e-01,  6.01801167e-01,  1.57731985e+00,
         2.90169932e+00, -7.53845655e-01,  6.97950417e+00,
         1.66636394e-01,  1.61288584e-01, -3.59583819e-01,
         1.44640580e-01,  2.08021692e-02,  9.42618910e-02,
         7.74014227e-02,  1.02322278e-01, -4.91790989e-02],
       [ 1.86097147e+00, -4.00678499e-01, -4.66331350e-01,
         7.72567912e-01, -1.55059606e-01, -6.15022067e-01,
        -1.40320040e-01, -7.60561594e-01, -3.51222879e+00,
        -1.36191030e-01,  4.85600745e-01,  1.09798129e-01,
        -5.01081847e-02, -5.79241685e-02, -2.33168361e-01,
        -1.06569162e-01, -2.53555402e-02, -4.36313055e-02],
       [-3.64595952e-01,  2.16013231e+00,  6.01801167e-01,
        -1.55059606e-01,  1.03998000e+00,  3.33318639e-01,
         1.93269841e+00,  1.49997901e+00,  3.18471911e+00,
         3.28338898e-01,  1.24146950e-01, -3.81926674e-01,
        -2.48619267e-01, -9.50457592e-02, -9.69233657e-03,
        -6.00298295e-02, -1.34335671e-01,  5.89732438e-02],
       [-1.94939057e+00,  8.76470400e-01,  1.57731985e+00,
        -6.15022067e-01,  3.33318639e-01,  1.21597409e+00,
         1.80715158e+00,  3.16151662e-03,  5.65114125e+00,
         4.90806590e-02, -2.59158484e-01, -1.72955634e-01,
         1.60038211e-01,  7.33338485e-02,  1.99495202e-01,
         1.22083142e-01,  7.54410583e-02, -5.82907504e-03],
       [-1.60894250e+00,  3.68164344e+00,  2.90169932e+00,
        -1.40320040e-01,  1.93269841e+00,  1.80715158e+00,
         9.61220324e+00,  2.42275701e+00,  9.22115734e+00,
         1.98184813e-01,  1.22713145e-01, -2.32925486e-01,
        -2.49869575e-01, -3.39337241e-04, -2.55050555e-02,
        -1.21079256e-01, -2.76074840e-01, -5.45252381e-02],
       [-1.22905009e+00,  2.10421314e+00, -7.53845655e-01,
        -7.60561594e-01,  1.49997901e+00,  3.16151662e-03,
         2.42275701e+00,  7.60679112e+00,  2.47883070e+00,
         1.82612644e-01, -8.93230782e-01, -2.16862626e-01,
        -4.81390069e-01,  6.29197468e-02,  3.74339096e-01,
        -4.39774876e-02, -3.29381618e-01,  2.48683623e-01],
       [-9.99686888e+00,  7.90735237e+00,  6.97950417e+00,
        -3.51222879e+00,  3.18471911e+00,  5.65114125e+00,
         9.22115734e+00,  2.47883070e+00,  3.30252533e+01,
         1.07551460e+00, -1.04651983e+00, -1.63640320e+00,
         2.50725672e-01, -9.70558514e-02,  9.31139874e-01,
         5.89162806e-01, -1.05888534e-02,  1.46208242e-01],
       [-2.62092088e-01,  8.31401110e-01,  1.66636394e-01,
        -1.36191030e-01,  3.28338898e-01,  4.90806590e-02,
         1.98184813e-01,  1.82612644e-01,  1.07551460e+00,
         8.94724045e-01, -4.17750352e-02, -1.44463858e-01,
        -2.51421849e-01, -3.35145806e-03,  1.02118957e-01,
        -2.18500384e-02,  2.94382406e-02,  2.30849208e-01],
       [ 1.11900170e+00,  3.86573874e-01,  1.61288584e-01,
         4.85600745e-01,  1.24146950e-01, -2.59158484e-01,
         1.22713145e-01, -8.93230782e-01, -1.04651983e+00,
        -4.17750352e-02,  9.82322202e-01, -1.93591647e-01,
        -5.81768377e-02, -2.17225279e-01, -3.11566897e-01,
        -1.04062458e-01, -3.48640571e-02, -1.46809984e-01],
       [ 1.97039811e-01, -1.00477137e+00, -3.59583819e-01,
         1.09798129e-01, -3.81926674e-01, -1.72955634e-01,
        -2.32925486e-01, -2.16862626e-01, -1.63640320e+00,
        -1.44463858e-01, -1.93591647e-01,  5.44774049e-01,
         3.50833588e-02,  1.44723094e-01, -2.82917131e-02,
        -5.50856977e-02,  6.88757647e-02,  7.56478843e-04],
       [-2.71102918e-01, -4.53572657e-01,  1.44640580e-01,
        -5.01081847e-02, -2.48619267e-01,  1.60038211e-01,
        -2.49869575e-01, -4.81390069e-01,  2.50725672e-01,
        -2.51421849e-01, -5.81768377e-02,  3.50833588e-02,
         2.03252905e-01,  3.93174704e-02,  1.51537459e-02,
         9.40494771e-02,  7.40601435e-02, -8.28863945e-02],
       [-2.07100155e-01, -2.72660142e-01,  2.08021692e-02,
        -5.79241685e-02, -9.50457592e-02,  7.33338485e-02,
        -3.39337241e-04,  6.29197468e-02, -9.70558514e-02,
        -3.35145806e-03, -2.17225279e-01,  1.44723094e-01,
         3.93174704e-02,  1.16096265e-01,  5.60190250e-02,
         1.38800538e-02,  7.36851512e-02,  2.47740270e-02],
       [-5.42037772e-01, -2.68599351e-02,  9.42618910e-02,
        -2.33168361e-01, -9.69233657e-03,  1.99495202e-01,
        -2.55050555e-02,  3.74339096e-01,  9.31139874e-01,
         1.02118957e-01, -3.11566897e-01, -2.82917131e-02,
         1.51537459e-02,  5.60190250e-02,  1.71550625e-01,
         5.80772131e-02,  1.52092205e-02,  9.77557093e-02],
       [-3.01440484e-01, -5.84192932e-02,  7.74014227e-02,
        -1.06569162e-01, -6.00298295e-02,  1.22083142e-01,
        -1.21079256e-01, -4.39774876e-02,  5.89162806e-01,
        -2.18500384e-02, -1.04062458e-01, -5.50856977e-02,
         9.40494771e-02,  1.38800538e-02,  5.80772131e-02,
         8.81699529e-02,  3.28677992e-02, -4.42273536e-03],
       [-1.53065355e-01, -2.38663112e-01,  1.02322278e-01,
        -2.53555402e-02, -1.34335671e-01,  7.54410583e-02,
        -2.76074840e-01, -3.29381618e-01, -1.05888534e-02,
         2.94382406e-02, -3.48640571e-02,  6.88757647e-02,
         7.40601435e-02,  7.36851512e-02,  1.52092205e-02,
         3.28677992e-02,  1.10573418e-01, -4.29101972e-03],
       [-2.69394839e-02,  1.12463213e-01, -4.91790989e-02,
        -4.36313055e-02,  5.89732438e-02, -5.82907504e-03,
        -5.45252381e-02,  2.48683623e-01,  1.46208242e-01,
         2.30849208e-01, -1.46809984e-01,  7.56478843e-04,
        -8.28863945e-02,  2.47740270e-02,  9.77557093e-02,
        -4.42273536e-03, -4.29101972e-03,  1.32254681e-01]])
      jac: array([-2.58200868e-06,  2.23661830e-05, -5.32833037e-06,  4.06933746e-06,
       -4.91817698e-05, -4.48234042e-06,  3.02128692e-06, -3.30476387e-07,
        8.11943105e-07, -1.22920193e-05,  5.26467758e-06,  1.37149551e-06,
       -2.29516406e-05,  6.42338035e-06,  3.58268970e-06,  7.02253071e-06,
        2.06830849e-05,  2.23084514e-05])
  message: 'Desired error not necessarily achieved due to precision loss.'
     nfev: 2082
      nit: 65
     njev: 109
   status: 2
  success: False
        x: array([-0.886664  , -1.38606374,  0.67279085, -1.04741783, -1.39769806,
        0.22923822, -0.53398196, -2.20747861, -0.28668776,  0.02020315,
        0.53161088,  1.18716001,  0.13243616,  0.09544668, -0.31922662,
        1.2534512 , -0.35788766, -0.03532722])
