Program Begingeth
      fun: 0.2575701478721955
 hess_inv: array([[ 4.52044009e+00,  1.68786348e+00, -8.44307062e-01,
         1.25946364e+00,  6.88095279e-01, -1.08114646e+00,
        -4.92725760e-02, -1.13554194e+00, -2.99102555e+00,
         4.95638686e-02,  5.96153046e-01, -4.30894937e-01,
        -7.79840154e-01, -3.84998390e-01, -2.97625025e-01,
        -1.92679363e-01, -4.41611582e-01,  1.76804994e-01],
       [ 1.68786348e+00,  3.28528352e+00, -2.85503290e-01,
         1.80573864e-01,  1.31430435e+00, -4.41252971e-01,
        -9.25775121e-01,  2.33116391e+00,  2.23802881e-01,
         3.96769159e-01,  5.94170966e-02, -1.16538829e+00,
        -5.32597637e-01, -4.21679360e-01,  3.31281169e-02,
         2.39341967e-02, -2.63410022e-01,  1.55398700e-01],
       [-8.44307062e-01, -2.85503290e-01,  6.89941351e+00,
         8.56940982e-01, -1.99795733e-01,  3.08998982e+00,
         1.20217233e+01, -4.36691231e+00,  7.86776520e+00,
        -5.39642459e-01,  1.90510419e+00, -5.90141249e-01,
         3.54862391e-01, -2.21431415e-02, -5.50235332e-01,
        -2.11102574e-01,  2.54629520e-01, -4.83246774e-01],
       [ 1.25946364e+00,  1.80573864e-01,  8.56940982e-01,
         6.10038637e-01,  8.31638574e-02,  1.91241830e-01,
         2.53595072e+00, -1.25914972e+00,  1.33479497e-01,
        -1.48341720e-01,  4.56126290e-01, -7.03806030e-02,
        -1.33126660e-01, -5.38249678e-02, -1.93306102e-01,
        -1.01533239e-01, -6.60686309e-02, -4.71522418e-02],
       [ 6.88095279e-01,  1.31430435e+00, -1.99795733e-01,
         8.31638574e-02,  5.83177562e-01, -1.89431477e-01,
        -1.58651882e-01,  1.44641522e+00, -1.32214894e-01,
         1.03753026e-01, -6.22005794e-02, -4.05487587e-01,
        -2.18721931e-01, -1.26505437e-01,  4.63154765e-02,
        -3.06282810e-03, -1.02687278e-01,  7.38545696e-02],
       [-1.08114646e+00, -4.41252971e-01,  3.08998982e+00,
         1.91241830e-01, -1.89431477e-01,  1.55459056e+00,
         5.52854521e+00, -1.45182389e+00,  4.02353913e+00,
        -3.51754953e-01,  6.16635092e-01, -1.28932788e-01,
         3.04214553e-01,  7.77746170e-02, -1.57266996e-01,
        -5.34171697e-02,  1.68819560e-01, -2.38558968e-01],
       [-4.92725760e-02, -9.25775121e-01,  1.20217233e+01,
         2.53595072e+00, -1.58651882e-01,  5.52854521e+00,
         2.92328256e+01, -6.85039329e+00,  1.23237576e+01,
        -1.51166606e+00,  2.63021305e+00, -2.03507929e-01,
         4.75188209e-01,  3.58874514e-01, -9.26017014e-01,
        -5.74259692e-01,  3.38451463e-01, -8.80433864e-01],
       [-1.13554194e+00,  2.33116391e+00, -4.36691231e+00,
        -1.25914972e+00,  1.44641522e+00, -1.45182389e+00,
        -6.85039329e+00,  1.19006867e+01, -3.33025127e+00,
         4.52926092e-02, -2.11244635e+00, -4.14094074e-01,
        -8.05481166e-02,  3.07162745e-02,  9.82227113e-01,
         3.35924905e-01, -1.34269613e-01,  4.04701346e-01],
       [-2.99102555e+00,  2.23802881e-01,  7.86776520e+00,
         1.33479497e-01, -1.32214894e-01,  4.02353913e+00,
         1.23237576e+01, -3.33025127e+00,  1.39824504e+01,
        -6.99327850e-01,  1.81704954e+00, -8.50551929e-01,
         6.60263475e-01, -2.26523163e-01, -5.01291121e-01,
        -4.08592080e-02,  2.47751945e-01, -6.49212784e-01],
       [ 4.95638686e-02,  3.96769159e-01, -5.39642459e-01,
        -1.48341720e-01,  1.03753026e-01, -3.51754953e-01,
        -1.51166606e+00,  4.52926092e-02, -6.99327850e-01,
         8.83741217e-01, -1.36089733e-01, -1.08152820e-01,
        -2.53493104e-01, -3.24338850e-02,  1.01008509e-01,
         9.42475256e-03,  4.86423363e-03,  2.18094986e-01],
       [ 5.96153046e-01,  5.94170966e-02,  1.90510419e+00,
         4.56126290e-01, -6.22005794e-02,  6.16635092e-01,
         2.63021305e+00, -2.11244635e+00,  1.81704954e+00,
        -1.36089733e-01,  1.24905532e+00, -3.20263591e-01,
        -2.09890157e-02, -2.16782026e-01, -3.72537517e-01,
        -1.06448269e-01,  1.60787234e-03, -1.99649500e-01],
       [-4.30894937e-01, -1.16538829e+00, -5.90141249e-01,
        -7.03806030e-02, -4.05487587e-01, -1.28932788e-01,
        -2.03507929e-01, -4.14094074e-01, -8.50551929e-01,
        -1.08152820e-01, -3.20263591e-01,  8.17858023e-01,
         1.08388626e-01,  2.46978610e-01,  2.59632395e-03,
        -5.34564531e-02,  9.35432502e-02,  9.01655693e-03],
       [-7.79840154e-01, -5.32597637e-01,  3.54862391e-01,
        -1.33126660e-01, -2.18721931e-01,  3.04214553e-01,
         4.75188209e-01, -8.05481166e-02,  6.60263475e-01,
        -2.53493104e-01, -2.09890157e-02,  1.08388626e-01,
         2.60800929e-01,  8.74617907e-02,  1.02101379e-02,
         6.24750948e-02,  1.02551577e-01, -1.05642276e-01],
       [-3.84998390e-01, -4.21679360e-01, -2.21431415e-02,
        -5.38249678e-02, -1.26505437e-01,  7.77746170e-02,
         3.58874514e-01,  3.07162745e-02, -2.26523163e-01,
        -3.24338850e-02, -2.16782026e-01,  2.46978610e-01,
         8.74617907e-02,  1.57402151e-01,  5.01094485e-02,
        -3.41904617e-03,  8.69038842e-02,  4.85986197e-03],
       [-2.97625025e-01,  3.31281169e-02, -5.50235332e-01,
        -1.93306102e-01,  4.63154765e-02, -1.57266996e-01,
        -9.26017014e-01,  9.82227113e-01, -5.01291121e-01,
         1.01008509e-01, -3.72537517e-01,  2.59632395e-03,
         1.02101379e-02,  5.01094485e-02,  1.70819268e-01,
         5.15868539e-02,  3.53595956e-03,  9.08999320e-02],
       [-1.92679363e-01,  2.39341967e-02, -2.11102574e-01,
        -1.01533239e-01, -3.06282810e-03, -5.34171697e-02,
        -5.74259692e-01,  3.35924905e-01, -4.08592080e-02,
         9.42475256e-03, -1.06448269e-01, -5.34564531e-02,
         6.24750948e-02, -3.41904617e-03,  5.15868539e-02,
         6.67717632e-02,  1.18901763e-02,  3.87227046e-03],
       [-4.41611582e-01, -2.63410022e-01,  2.54629520e-01,
        -6.60686309e-02, -1.02687278e-01,  1.68819560e-01,
         3.38451463e-01, -1.34269613e-01,  2.47751945e-01,
         4.86423363e-03,  1.60787234e-03,  9.35432502e-02,
         1.02551577e-01,  8.69038842e-02,  3.53595956e-03,
         1.18901763e-02,  1.01107337e-01, -2.85382000e-02],
       [ 1.76804994e-01,  1.55398700e-01, -4.83246774e-01,
        -4.71522418e-02,  7.38545696e-02, -2.38558968e-01,
        -8.80433864e-01,  4.04701346e-01, -6.49212784e-01,
         2.18094986e-01, -1.99649500e-01,  9.01655693e-03,
        -1.05642276e-01,  4.85986197e-03,  9.08999320e-02,
         3.87227046e-03, -2.85382000e-02,  1.20499689e-01]])
      jac: array([ 8.70784926e-07, -3.75810494e-06, -2.66823600e-07, -4.99970436e-07,
        8.95357862e-06,  2.89398135e-07, -8.51170986e-09, -3.71924713e-07,
        9.99200722e-08,  9.44799794e-07, -9.42209274e-07, -3.68223970e-07,
        4.02566869e-06, -6.03258184e-06,  9.81067080e-07, -2.24931185e-06,
        2.67378712e-06,  5.79536419e-07])
  message: 'Optimization terminated successfully.'
     nfev: 1767
      nit: 83
     njev: 93
   status: 0
  success: True
        x: array([-0.78161012, -0.94316795,  0.42669737, -1.17255575, -1.00165086,
        0.07545758, -1.0982681 , -1.39687776, -0.83540777,  0.10484996,
        0.57738691,  1.11145631,  0.10033798,  0.23962783, -0.28234393,
        1.32802153, -0.15559631,  0.01157739])
