Program Begingeth
      fun: 0.40784521357829
 hess_inv: array([[ 8.54784326e+00,  1.37936345e-01,  1.91592271e-01,
         2.32959416e+00, -1.24873519e+00,  9.06950109e-02,
        -2.39072971e+00,  4.90200920e+00,  7.56890851e-01,
        -1.74975406e+00,  2.68081760e-01, -1.01170437e+00,
        -1.18964091e+00, -5.50624471e-01,  2.75464424e-01,
        -6.71519247e-01,  1.59550721e+00,  1.24839724e-01],
       [ 1.37936345e-01,  1.84969127e+00, -1.94192745e-01,
         2.24913708e-01,  5.94773189e-01, -4.06597338e-02,
        -5.68564918e-01,  2.12430033e+00,  5.69604205e-01,
        -3.80219006e-01, -1.22829598e-01, -6.45582149e-01,
         1.92422324e-01, -2.17757036e-02,  3.02745757e-01,
        -1.31114335e-01,  3.82844970e-01,  2.17399430e-01],
       [ 1.91592271e-01, -1.94192745e-01,  1.90786206e+00,
         1.95929218e-02, -7.86404632e-02,  6.54099750e-01,
         2.22612680e+00, -1.43577456e+00,  7.67392334e-01,
         4.65281805e-01,  3.50944983e-01,  2.90687884e-02,
        -1.29981431e-01, -1.29665275e-01, -3.07340369e-02,
         2.54252035e-01, -2.11740936e-01,  2.44041949e-01],
       [ 2.32959416e+00,  2.24913708e-01,  1.95929218e-02,
         6.85318188e-01, -2.71361445e-01,  1.37670787e-02,
        -6.72340853e-01,  1.52849227e+00,  2.84759998e-01,
        -5.25679906e-01,  4.31898378e-02, -3.71493001e-01,
        -2.56702620e-01, -1.57652919e-01,  1.19531478e-01,
        -1.70540610e-01,  4.45340335e-01,  6.98244727e-02],
       [-1.24873519e+00,  5.94773189e-01, -7.86404632e-02,
        -2.71361445e-01,  4.25032921e-01, -1.63383219e-02,
         3.57567047e-01, -2.11414123e-01, -5.24838387e-02,
         2.04665117e-01, -1.02106410e-01, -1.50769670e-02,
         2.60272173e-01,  1.10761433e-01,  5.02902851e-02,
         1.09810864e-01, -1.39328612e-01,  3.82714299e-02],
       [ 9.06950109e-02, -4.06597338e-02,  6.54099750e-01,
         1.37670787e-02, -1.63383219e-02,  2.69880454e-01,
         6.72973036e-01, -5.06986841e-01,  2.00312910e-01,
         2.81834387e-01,  2.27520223e-02,  1.12380536e-02,
        -8.47688385e-02, -1.92749677e-02,  3.01425861e-02,
         6.52313168e-02, -6.75847151e-02,  7.36566005e-02],
       [-2.39072971e+00, -5.68564918e-01,  2.22612680e+00,
        -6.72340853e-01,  3.57567047e-01,  6.72973036e-01,
         8.32327077e+00, -4.56466643e+00,  2.17384400e-01,
         1.10495527e+00, -1.05436112e-02,  5.47125573e-01,
         4.37490974e-01,  1.90825595e-01, -1.33901211e-01,
         1.28875902e+00, -9.87404370e-01,  3.59275139e-01],
       [ 4.90200920e+00,  2.12430033e+00, -1.43577456e+00,
         1.52849227e+00, -2.11414123e-01, -5.06986841e-01,
        -4.56466643e+00,  1.34898014e+01,  1.91709621e+00,
        -3.15950387e+00, -6.94522218e-02, -1.07069599e+00,
        -1.26687729e-01, -2.26304163e-01,  6.86134952e-01,
        -8.37770468e-01,  2.45928264e+00,  6.61289878e-01],
       [ 7.56890851e-01,  5.69604205e-01,  7.67392334e-01,
         2.84759998e-01, -5.24838387e-02,  2.00312910e-01,
         2.17384400e-01,  1.91709621e+00,  3.97177551e+00,
        -7.33310061e-01,  4.86597876e-04, -1.99136381e-01,
         2.90230945e-02, -1.90545821e-01,  1.98406290e-01,
        -1.07839791e-01,  3.23302012e-01,  7.56271704e-01],
       [-1.74975406e+00, -3.80219006e-01,  4.65281805e-01,
        -5.25679906e-01,  2.04665117e-01,  2.81834387e-01,
         1.10495527e+00, -3.15950387e+00, -7.33310061e-01,
         1.56888510e+00, -6.17971416e-02,  3.35770744e-01,
        -7.31996698e-02,  1.30755241e-01, -1.30941819e-01,
         1.93868310e-01, -6.39434826e-01, -2.61368835e-01],
       [ 2.68081760e-01, -1.22829598e-01,  3.50944983e-01,
         4.31898378e-02, -1.02106410e-01,  2.27520223e-02,
        -1.05436112e-02, -6.94522218e-02,  4.86597876e-04,
        -6.17971416e-02,  7.51711904e-01, -5.12739451e-02,
        -5.91309071e-02, -2.03955472e-01, -1.66495148e-01,
        -9.38147743e-03,  1.62118064e-03, -8.27842858e-02],
       [-1.01170437e+00, -6.45582149e-01,  2.90687884e-02,
        -3.71493001e-01, -1.50769670e-02,  1.12380536e-02,
         5.47125573e-01, -1.07069599e+00, -1.99136381e-01,
         3.35770744e-01, -5.12739451e-02,  7.22005128e-01,
         6.36066401e-02,  1.65604540e-01, -2.01903831e-01,
         1.69016229e-01, -2.34475837e-01, -7.57753377e-02],
       [-1.18964091e+00,  1.92422324e-01, -1.29981431e-01,
        -2.56702620e-01,  2.60272173e-01, -8.47688385e-02,
         4.37490974e-01, -1.26687729e-01,  2.90230945e-02,
        -7.31996698e-02, -5.91309071e-02,  6.36066401e-02,
         3.44784870e-01,  7.94706551e-02,  7.09588961e-03,
         1.65936951e-01, -1.69965235e-01,  7.33934658e-02],
       [-5.50624471e-01, -2.17757036e-02, -1.29665275e-01,
        -1.57652919e-01,  1.10761433e-01, -1.92749677e-02,
         1.90825595e-01, -2.26304163e-01, -1.90545821e-01,
         1.30755241e-01, -2.03955472e-01,  1.65604540e-01,
         7.94706551e-02,  1.34780175e-01,  1.25130200e-03,
         6.69165075e-02, -6.09708259e-02, -1.05467544e-02],
       [ 2.75464424e-01,  3.02745757e-01, -3.07340369e-02,
         1.19531478e-01,  5.02902851e-02,  3.01425861e-02,
        -1.33901211e-01,  6.86134952e-01,  1.98406290e-01,
        -1.30941819e-01, -1.66495148e-01, -2.01903831e-01,
         7.09588961e-03,  1.25130200e-03,  1.49900008e-01,
        -4.70711282e-02,  1.21545924e-01,  1.04358435e-01],
       [-6.71519247e-01, -1.31114335e-01,  2.54252035e-01,
        -1.70540610e-01,  1.09810864e-01,  6.52313168e-02,
         1.28875902e+00, -8.37770468e-01, -1.07839791e-01,
         1.93868310e-01, -9.38147743e-03,  1.69016229e-01,
         1.65936951e-01,  6.69165075e-02, -4.70711282e-02,
         2.65390730e-01, -2.15004205e-01,  3.39815211e-02],
       [ 1.59550721e+00,  3.82844970e-01, -2.11740936e-01,
         4.45340335e-01, -1.39328612e-01, -6.75847151e-02,
        -9.87404370e-01,  2.45928264e+00,  3.23302012e-01,
        -6.39434826e-01,  1.62118064e-03, -2.34475837e-01,
        -1.69965235e-01, -6.09708259e-02,  1.21545924e-01,
        -2.15004205e-01,  5.66925006e-01,  9.64875108e-02],
       [ 1.24839724e-01,  2.17399430e-01,  2.44041949e-01,
         6.98244727e-02,  3.82714299e-02,  7.36566005e-02,
         3.59275139e-01,  6.61289878e-01,  7.56271704e-01,
        -2.61368835e-01, -8.27842858e-02, -7.57753377e-02,
         7.33934658e-02, -1.05467544e-02,  1.04358435e-01,
         3.39815211e-02,  9.64875108e-02,  2.34119212e-01]])
      jac: array([ 5.33504352e-04,  3.45015128e-04, -1.25807142e-04, -1.35319459e-03,
       -6.67270313e-04, -7.97510206e-06,  2.69602859e-05, -2.92432745e-06,
       -4.07266813e-06,  4.50258719e-04,  2.21156427e-05,  1.59275926e-04,
        1.08101750e-03, -1.09921331e-04,  5.76981056e-04,  1.05511896e-05,
        2.99153295e-05,  3.82967732e-05])
  message: 'Maximum number of iterations has been exceeded.'
     nfev: 2128
      nit: 100
     njev: 112
   status: 1
  success: False
        x: array([ 0.80943038, -1.21510621,  0.02823945,  1.2569395 , -0.98037969,
        0.01619648, -1.89336094, -1.27235908, -0.97841164,  0.09175529,
        0.32148818,  1.15190875,  0.02508486, -0.06653602, -0.28132652,
       -1.31799805, -1.12465867, -0.13733529])
