Program Begingeth
      fun: 0.403793096497409
 hess_inv: array([[ 1.14122196e+01,  6.29390271e-01,  1.24306293e+00,
         2.24794831e+00, -7.66223324e-02,  2.24219539e+00,
        -1.51373512e+01,  1.11501614e+00,  5.88925802e+00,
        -6.05351454e-01, -8.52025200e-01,  7.79218142e-03,
        -1.46071617e+00,  1.50347722e-02,  6.57834202e-01,
        -1.12471703e-01,  3.44558249e-01, -9.07835736e-01],
       [ 6.29390271e-01,  5.01367710e+00,  8.22579972e-01,
         3.54200322e-01,  1.84444759e+00,  3.98573712e-01,
        -1.05482713e+01, -1.08601907e+00,  5.22875849e+00,
         2.40438987e-01, -1.87625502e-01, -1.82017657e+00,
         6.14521379e-01, -4.71965445e-01,  5.22543606e-02,
        -1.94835402e-01, -4.58859083e-01, -6.79536905e-02],
       [ 1.24306293e+00,  8.22579972e-01,  2.45596889e+00,
         1.19409835e-02,  1.33427715e-01,  6.67299836e-01,
        -2.13478782e+00, -2.87684051e+00,  5.99479626e-02,
        -1.20314070e-01,  9.65976707e-01, -5.98849888e-01,
        -2.14889237e-01, -1.58713870e-01, -3.14003430e-01,
         1.76747776e-01,  8.92926350e-02, -1.11597649e-01],
       [ 2.24794831e+00,  3.54200322e-01,  1.19409835e-02,
         5.43175247e-01,  1.58466632e-02,  3.80880342e-01,
        -2.32920103e+00,  5.17867119e-01,  1.59358179e+00,
        -2.07164279e-01, -3.18368867e-01, -1.15924165e-01,
        -2.29386860e-01, -3.01531543e-02,  1.97343991e-01,
        -4.19474303e-02,  9.36134687e-02, -1.30897692e-01],
       [-7.66223324e-02,  1.84444759e+00,  1.33427715e-01,
         1.58466632e-02,  1.34555465e+00,  2.63377196e-01,
        -1.20244516e+01,  4.77668544e-01,  1.71586111e+00,
         9.08244815e-01, -1.61458928e-01, -4.63509363e-01,
         6.57633225e-01, -3.13513545e-02,  8.17622331e-02,
        -1.20447565e-02, -8.37819044e-01, -1.53252310e-01],
       [ 2.24219539e+00,  3.98573712e-01,  6.67299836e-01,
         3.80880342e-01,  2.63377196e-01,  6.56184593e-01,
        -6.18274508e+00, -2.04719314e-02,  1.41239141e+00,
         2.49566483e-01, -1.14263731e-01, -1.04147797e-01,
        -2.05544442e-01,  1.30591119e-02,  1.45042619e-01,
        -1.51035570e-02, -1.52022867e-01, -2.15122428e-01],
       [-1.51373512e+01, -1.05482713e+01, -2.13478782e+00,
        -2.32920103e+00, -1.20244516e+01, -6.18274508e+00,
         1.59324716e+02, -8.10247099e+00, -1.79103205e+01,
        -1.06706722e+01,  2.24230242e+00,  1.20218316e+00,
        -4.42684228e+00, -4.62582987e-01, -1.80003179e+00,
         7.90467516e-02,  9.79218025e+00,  3.49093093e+00],
       [ 1.11501614e+00, -1.08601907e+00, -2.87684051e+00,
         5.17867119e-01,  4.77668544e-01, -2.04719314e-02,
        -8.10247099e+00,  7.82756798e+00,  8.69532918e-01,
         8.51300983e-01, -1.65906211e+00,  7.29678512e-01,
         1.86085386e-01,  4.58622573e-01,  8.87737729e-01,
        -3.25571652e-01, -4.13858811e-01, -9.57718632e-02],
       [ 5.88925802e+00,  5.22875849e+00,  5.99479626e-02,
         1.59358179e+00,  1.71586111e+00,  1.41239141e+00,
        -1.79103205e+01,  8.69532918e-01,  1.19213223e+01,
         6.44774069e-02, -1.24054444e+00, -1.60311399e+00,
        -2.22256000e-02, -5.98522626e-01,  7.38310339e-01,
        -4.87652170e-01, -4.61631148e-01, -2.54758870e-01],
       [-6.05351454e-01,  2.40438987e-01, -1.20314070e-01,
        -2.07164279e-01,  9.08244815e-01,  2.49566483e-01,
        -1.06706722e+01,  8.51300983e-01,  6.44774069e-02,
         1.70309272e+00, -9.88188628e-02,  8.80835548e-02,
         4.04695668e-01,  1.00227195e-01,  8.98466761e-02,
         7.60099761e-03, -9.30452535e-01, -2.56148282e-01],
       [-8.52025200e-01, -1.87625502e-01,  9.65976707e-01,
        -3.18368867e-01, -1.61458928e-01, -1.14263731e-01,
         2.24230242e+00, -1.65906211e+00, -1.24054444e+00,
        -9.88188628e-02,  1.24885808e+00, -1.64383415e-01,
         2.50992143e-02, -2.10281074e-01, -4.24530245e-01,
         1.62868895e-01,  4.06068911e-02, -4.54421920e-02],
       [ 7.79218142e-03, -1.82017657e+00, -5.98849888e-01,
        -1.15924165e-01, -4.63509363e-01, -1.04147797e-01,
         1.20218316e+00,  7.29678512e-01, -1.60311399e+00,
         8.80835548e-02, -1.64383415e-01,  1.17187002e+00,
        -1.44683007e-01,  3.12100901e-01, -2.54117857e-02,
         1.04548939e-01,  4.59237716e-02, -3.20158542e-02],
       [-1.46071617e+00,  6.14521379e-01, -2.14889237e-01,
        -2.29386860e-01,  6.57633225e-01, -2.05544442e-01,
        -4.42684228e+00,  1.86085386e-01, -2.22256000e-02,
         4.04695668e-01,  2.50992143e-02, -1.44683007e-01,
         6.48705993e-01, -8.58233050e-03, -3.26890709e-02,
         7.52772413e-02, -5.41262212e-01,  6.68057276e-02],
       [ 1.50347722e-02, -4.71965445e-01, -1.58713870e-01,
        -3.01531543e-02, -3.13513545e-02,  1.30591119e-02,
        -4.62582987e-01,  4.58622573e-01, -5.98522626e-01,
         1.00227195e-01, -2.10281074e-01,  3.12100901e-01,
        -8.58233050e-03,  1.71680664e-01,  4.86184426e-02,
         2.58187869e-02, -1.16305986e-02, -7.74528606e-04],
       [ 6.57834202e-01,  5.22543606e-02, -3.14003430e-01,
         1.97343991e-01,  8.17622331e-02,  1.45042619e-01,
        -1.80003179e+00,  8.87737729e-01,  7.38310339e-01,
         8.98466761e-02, -4.24530245e-01, -2.54117857e-02,
        -3.26890709e-02,  4.86184426e-02,  2.31746367e-01,
        -7.92522057e-02, -6.16575529e-02,  1.29130355e-03],
       [-1.12471703e-01, -1.94835402e-01,  1.76747776e-01,
        -4.19474303e-02, -1.20447565e-02, -1.51035570e-02,
         7.90467516e-02, -3.25571652e-01, -4.87652170e-01,
         7.60099761e-03,  1.62868895e-01,  1.04548939e-01,
         7.52772413e-02,  2.58187869e-02, -7.92522057e-02,
         1.13454904e-01, -4.00830011e-02, -1.45221168e-03],
       [ 3.44558249e-01, -4.58859083e-01,  8.92926350e-02,
         9.36134687e-02, -8.37819044e-01, -1.52022867e-01,
         9.79218025e+00, -4.13858811e-01, -4.61631148e-01,
        -9.30452535e-01,  4.06068911e-02,  4.59237716e-02,
        -5.41262212e-01, -1.16305986e-02, -6.16575529e-02,
        -4.00830011e-02,  8.55024497e-01,  1.47860525e-01],
       [-9.07835736e-01, -6.79536905e-02, -1.11597649e-01,
        -1.30897692e-01, -1.53252310e-01, -2.15122428e-01,
         3.49093093e+00, -9.57718632e-02, -2.54758870e-01,
        -2.56148282e-01, -4.54421920e-02, -3.20158542e-02,
         6.68057276e-02, -7.74528606e-04,  1.29130355e-03,
        -1.45221168e-03,  1.47860525e-01,  2.03494647e-01]])
      jac: array([ 1.83593881e-06,  3.26405569e-07, -1.01030295e-06,  3.02350737e-07,
       -6.95369688e-07, -3.91020549e-06, -1.80966353e-07, -4.50380474e-07,
       -4.90348503e-07,  2.27040609e-06,  8.28966525e-08, -7.01660952e-07,
        4.89608354e-07,  1.24530016e-06, -1.36076335e-06, -1.06877470e-06,
        1.62906725e-06,  4.96713781e-06])
  message: 'Optimization terminated successfully.'
     nfev: 1482
      nit: 67
     njev: 78
   status: 0
  success: True
        x: array([ 0.52852573, -1.02135685,  0.44420375,  1.11637272, -1.00005399,
        0.07337501,  0.21872635, -1.98898382, -0.4108136 ,  0.03186532,
        0.43360463,  1.14776747,  0.05184126, -0.0901181 , -0.33885954,
       -1.09821637, -1.07536357, -0.00448757])
