Program Begingeth
      fun: 0.33298237790342344
 hess_inv: array([[ 5.79942742e+00, -6.85804047e-01,  8.95278029e-01,
         1.87770353e+00, -4.51155457e-01,  1.57496306e+00,
        -4.91606755e-04,  1.29884112e+00,  6.30283574e+00,
        -1.38856172e-01, -1.05684866e+00,  3.53383561e-01,
        -7.88246572e-01,  3.30036955e-01,  5.42613106e-01,
        -3.63681399e-01,  4.88605261e-01, -2.00945820e-01],
       [-6.85804047e-01,  4.20802487e+00,  1.35856993e+00,
        -2.78418896e-01,  1.73224351e+00,  4.06098183e-01,
        -5.16319403e+00,  6.25647633e-01,  5.11924264e+00,
        -4.43671119e-01,  3.64171547e-01, -1.28715312e+00,
         5.09192744e-01, -3.78480958e-01, -2.08918944e-01,
         6.64539216e-02, -3.04443910e-01,  2.17407726e-02],
       [ 8.95278029e-01,  1.35856993e+00,  2.66448669e+00,
        -7.46940617e-02,  4.30227492e-01,  1.22920091e+00,
        -4.03815922e+00, -2.23608645e+00,  4.37881044e+00,
        -6.46625466e-02,  7.45462932e-01, -5.11901267e-01,
        -1.35605916e-01, -1.07176968e-01, -2.06260627e-01,
         3.48009179e-02,  6.29685158e-02, -1.86888658e-01],
       [ 1.87770353e+00, -2.78418896e-01, -7.46940617e-02,
         7.10932105e-01, -1.67834109e-01,  3.56209711e-01,
         8.57870536e-01,  8.43104513e-01,  1.73777792e+00,
        -9.11539559e-02, -4.78213960e-01,  1.04414203e-01,
        -2.08702523e-01,  1.00000361e-01,  2.31604612e-01,
        -1.25069021e-01,  1.45024098e-01, -1.69506775e-02],
       [-4.51155457e-01,  1.73224351e+00,  4.30227492e-01,
        -1.67834109e-01,  8.27306060e-01,  1.07936528e-01,
        -2.73863404e+00,  9.57939322e-01,  1.71200017e+00,
        -8.50861579e-02,  8.35559014e-02, -4.48604612e-01,
         2.79464812e-01, -1.11311293e-01, -7.07316996e-02,
         7.31050578e-02, -1.74424013e-01,  2.47195316e-02],
       [ 1.57496306e+00,  4.06098183e-01,  1.22920091e+00,
         3.56209711e-01,  1.07936528e-01,  8.77487571e-01,
        -1.95479109e+00, -3.57373710e-01,  3.39324694e+00,
         5.49362831e-02, -1.49465008e-02, -9.98766233e-02,
        -2.40672374e-01,  3.83386519e-02,  7.26991011e-02,
        -8.02377313e-02,  1.02501859e-01, -1.08754063e-01],
       [-4.91606755e-04, -5.16319403e+00, -4.03815922e+00,
         8.57870536e-01, -2.73863404e+00, -1.95479109e+00,
         1.91113032e+01, -1.66044611e+00, -9.25994604e+00,
        -4.38319045e-01, -7.46911143e-01,  9.66775038e-01,
        -5.99558757e-01,  2.25835681e-01,  3.54866031e-01,
        -3.44421840e-01,  7.30324226e-01,  2.85852868e-01],
       [ 1.29884112e+00,  6.25647633e-01, -2.23608645e+00,
         8.43104513e-01,  9.57939322e-01, -3.57373710e-01,
        -1.66044611e+00,  9.68106514e+00,  3.68434852e-01,
         2.95665478e-01, -1.59981976e+00,  7.64991981e-02,
         2.35642130e-01,  2.61027507e-01,  7.03312620e-01,
        -1.55300716e-01, -1.73906748e-01,  2.37814751e-01],
       [ 6.30283574e+00,  5.11924264e+00,  4.37881044e+00,
         1.73777792e+00,  1.71200017e+00,  3.39324694e+00,
        -9.25994604e+00,  3.68434852e-01,  2.02786393e+01,
        -4.27888466e-01, -1.59926190e-01, -1.42872631e+00,
        -4.85030014e-01, -3.91754619e-01,  2.93444758e-01,
        -4.32885914e-01,  5.59611905e-02, -2.65993412e-01],
       [-1.38856172e-01, -4.43671119e-01, -6.46625466e-02,
        -9.11539559e-02, -8.50861579e-02,  5.49362831e-02,
        -4.38319045e-01,  2.95665478e-01, -4.27888466e-01,
         8.57672799e-01,  9.69859686e-02,  1.49284145e-01,
        -1.81438895e-01,  4.92024024e-03, -4.70972381e-02,
         1.68012487e-02, -7.92388679e-02, -1.73618275e-01],
       [-1.05684866e+00,  3.64171547e-01,  7.45462932e-01,
        -4.78213960e-01,  8.35559014e-02, -1.49465008e-02,
        -7.46911143e-01, -1.59981976e+00, -1.59926190e-01,
         9.69859686e-02,  1.10709769e+00, -3.04619761e-01,
         7.69653498e-02, -2.61110052e-01, -3.51779536e-01,
         1.13697580e-01, -8.23740501e-02, -1.50314740e-01],
       [ 3.53383561e-01, -1.28715312e+00, -5.11901267e-01,
         1.04414203e-01, -4.48604612e-01, -9.98766233e-02,
         9.66775038e-01,  7.64991981e-02, -1.42872631e+00,
         1.49284145e-01, -3.04619761e-01,  7.88704532e-01,
        -1.14688336e-01,  2.33420648e-01,  4.82076957e-02,
         4.26500568e-02,  1.13587618e-01,  1.27029301e-02],
       [-7.88246572e-01,  5.09192744e-01, -1.35605916e-01,
        -2.08702523e-01,  2.79464812e-01, -2.40672374e-01,
        -5.99558757e-01,  2.35642130e-01, -4.85030014e-01,
        -1.81438895e-01,  7.69653498e-02, -1.14688336e-01,
         2.84733663e-01, -6.16409348e-02, -5.84869564e-02,
         1.16848248e-01, -1.29201751e-01,  9.16948130e-02],
       [ 3.30036955e-01, -3.78480958e-01, -1.07176968e-01,
         1.00000361e-01, -1.11311293e-01,  3.83386519e-02,
         2.25835681e-01,  2.61027507e-01, -3.91754619e-01,
         4.92024024e-03, -2.61110052e-01,  2.33420648e-01,
        -6.16409348e-02,  1.49712698e-01,  7.36211520e-02,
        -8.90314174e-03,  8.76952005e-02,  2.24921819e-02],
       [ 5.42613106e-01, -2.08918944e-01, -2.06260627e-01,
         2.31604612e-01, -7.07316996e-02,  7.26991011e-02,
         3.54866031e-01,  7.03312620e-01,  2.93444758e-01,
        -4.70972381e-02, -3.51779536e-01,  4.82076957e-02,
        -5.84869564e-02,  7.36211520e-02,  1.75463316e-01,
        -6.82397735e-02,  3.78351907e-02,  6.74953696e-02],
       [-3.63681399e-01,  6.64539216e-02,  3.48009179e-02,
        -1.25069021e-01,  7.31050578e-02, -8.02377313e-02,
        -3.44421840e-01, -1.55300716e-01, -4.32885914e-01,
         1.68012487e-02,  1.13697580e-01,  4.26500568e-02,
         1.16848248e-01, -8.90314174e-03, -6.82397735e-02,
         1.03643267e-01, -5.28814805e-02,  7.42394847e-03],
       [ 4.88605261e-01, -3.04443910e-01,  6.29685158e-02,
         1.45024098e-01, -1.74424013e-01,  1.02501859e-01,
         7.30324226e-01, -1.73906748e-01,  5.59611905e-02,
        -7.92388679e-02, -8.23740501e-02,  1.13587618e-01,
        -1.29201751e-01,  8.76952005e-02,  3.78351907e-02,
        -5.28814805e-02,  1.48214160e-01, -1.26103273e-02],
       [-2.00945820e-01,  2.17407726e-02, -1.86888658e-01,
        -1.69506775e-02,  2.47195316e-02, -1.08754063e-01,
         2.85852868e-01,  2.37814751e-01, -2.65993412e-01,
        -1.73618275e-01, -1.50314740e-01,  1.27029301e-02,
         9.16948130e-02,  2.24921819e-02,  6.74953696e-02,
         7.42394847e-03, -1.26103273e-02,  1.17371361e-01]])
      jac: array([-2.57941816e-07, -4.98490138e-07, -1.35373194e-06, -9.64783809e-07,
        3.49165141e-06,  9.38434515e-06,  1.85407245e-07, -8.68564480e-07,
       -1.19422990e-06,  3.73664063e-06, -4.98749190e-06,  1.34336986e-06,
        1.55142565e-05, -1.96180109e-05,  1.87738713e-06, -6.60730729e-06,
        1.76503256e-05, -6.22724095e-06])
  message: 'Desired error not necessarily achieved due to precision loss.'
     nfev: 1893
      nit: 64
     njev: 99
   status: 2
  success: False
        x: array([ 0.89737924, -1.08010126,  0.58031435,  1.18993557, -1.11596581,
        0.15522155,  0.7388229 , -1.90275808, -0.40486935,  0.01656692,
        0.54217867,  1.16665889, -0.00756491,  0.06281808, -0.33280788,
       -1.13617045, -0.59165625, -0.02326949])
