Program Begingeth
      fun: 0.393270397081959
 hess_inv: array([[ 5.65389164e+00,  5.84359330e-01, -1.15357157e-01,
         1.16981908e-01, -8.53324505e-01,  3.88409160e-01,
         1.46409810e+00, -2.36472051e-02, -1.32968554e+00,
        -9.01131855e-01, -1.07558692e+00, -7.27103858e-02,
        -1.41796098e+00, -2.24242167e-01,  2.78486444e-01,
         1.01695120e+00,  8.59044933e-01, -3.60962568e-01],
       [ 5.84359330e-01,  1.22969685e+00,  2.24550410e-01,
         1.65270878e-01,  5.07431606e-02,  4.09090212e-02,
         5.17855479e-01,  3.49493989e-01, -7.91510695e-01,
         1.38259293e-01, -3.00900151e-01, -6.50561826e-01,
        -1.26646982e-01, -1.43240877e-01,  1.48271258e-01,
         2.27479672e-02,  3.81807205e-01,  6.14021192e-03],
       [-1.15357157e-01,  2.24550410e-01,  1.11106177e+00,
         7.92706430e-02,  1.49354462e-01,  9.24330184e-02,
         8.65836086e-01,  1.04558997e+00,  2.34326062e-01,
        -1.68785908e-01,  4.72717422e-01, -3.59039665e-01,
         1.07956121e-01, -7.99577055e-02, -9.02054306e-02,
         6.04820289e-03,  5.47134890e-02,  3.06356517e-01],
       [ 1.16981908e-01,  1.65270878e-01,  7.92706430e-02,
         1.20166935e-01,  2.07645071e-02,  2.56169253e-02,
         5.41246085e-01,  6.63460961e-02, -2.49723002e-01,
         2.13542035e-02, -1.06880782e-01, -8.88528175e-02,
         4.92937841e-02, -1.12407464e-02,  4.85833478e-02,
         3.38582565e-02,  2.25579756e-02,  2.73205268e-02],
       [-8.53324505e-01,  5.07431606e-02,  1.49354462e-01,
         2.07645071e-02,  2.41943931e-01, -8.37869836e-02,
        -7.25553870e-02,  6.67714117e-01,  1.42941224e-01,
         2.29651735e-02,  1.34303845e-01, -4.05297032e-02,
         2.82032332e-01,  7.40492744e-02, -7.49655726e-02,
        -1.31278392e-01, -9.20880743e-02,  9.94015249e-02],
       [ 3.88409160e-01,  4.09090212e-02,  9.24330184e-02,
         2.56169253e-02, -8.37869836e-02,  1.74444658e-01,
         5.03131494e-01, -4.10490605e-01,  8.52168210e-02,
         2.27840893e-01, -1.57878673e-01,  2.87551331e-02,
        -1.85244284e-01,  7.90977956e-03,  1.13874487e-01,
         5.05278169e-02,  6.12970271e-02, -8.64762315e-03],
       [ 1.46409810e+00,  5.17855479e-01,  8.65836086e-01,
         5.41246085e-01, -7.25553870e-02,  5.03131494e-01,
         4.97362244e+00, -6.62886962e-02, -9.98336017e-01,
         2.42550159e-01, -6.07522491e-01,  1.21761482e-01,
        -2.82229249e-01,  3.95581117e-02,  2.78611295e-01,
         2.63548286e-01,  2.54231983e-01,  1.38692571e-01],
       [-2.36472051e-02,  3.49493989e-01,  1.04558997e+00,
         6.63460961e-02,  6.67714117e-01, -4.10490605e-01,
        -6.62886962e-02,  6.58847002e+00,  2.00835421e-01,
        -1.92375129e+00,  9.32243042e-02, -6.64638269e-01,
         5.77461275e-01,  1.25811416e-01, -4.27171660e-01,
         1.08272154e-01,  1.14375495e-01,  3.97511614e-01],
       [-1.32968554e+00, -7.91510695e-01,  2.34326062e-01,
        -2.49723002e-01,  1.42941224e-01,  8.52168210e-02,
        -9.98336017e-01,  2.00835421e-01,  3.04953906e+00,
        -3.22889129e-01,  7.46966125e-01, -9.14505052e-02,
         2.89191165e-01,  8.97596643e-02, -1.06856478e-01,
        -2.10196667e-01, -2.79289571e-01,  1.32296932e-01],
       [-9.01131855e-01,  1.38259293e-01, -1.68785908e-01,
         2.13542035e-02,  2.29651735e-02,  2.27840893e-01,
         2.42550159e-01, -1.92375129e+00, -3.22889129e-01,
         1.85097265e+00, -6.21873642e-02,  1.67487355e-01,
        -1.85038406e-01,  2.07707120e-02,  1.79543781e-01,
        -2.23616342e-01, -1.21201162e-01, -1.40759771e-01],
       [-1.07558692e+00, -3.00900151e-01,  4.72717422e-01,
        -1.06880782e-01,  1.34303845e-01, -1.57878673e-01,
        -6.07522491e-01,  9.32243042e-02,  7.46966125e-01,
        -6.21873642e-02,  1.23916697e+00, -1.39588956e-01,
         2.96907504e-01, -1.55003000e-01, -2.86515906e-01,
        -1.40503779e-01, -1.86596071e-01,  1.10766890e-01],
       [-7.27103858e-02, -6.50561826e-01, -3.59039665e-01,
        -8.88528175e-02, -4.05297032e-02,  2.87551331e-02,
         1.21761482e-01, -6.64638269e-01, -9.14505052e-02,
         1.67487355e-01, -1.39588956e-01,  9.62374797e-01,
        -6.97218065e-02,  2.03488344e-01, -8.68557581e-02,
         4.41976562e-02, -1.36489092e-01, -8.42562481e-02],
       [-1.41796098e+00, -1.26646982e-01,  1.07956121e-01,
         4.92937841e-02,  2.82032332e-01, -1.85244284e-01,
        -2.82229249e-01,  5.77461275e-01,  2.89191165e-01,
        -1.85038406e-01,  2.96907504e-01, -6.97218065e-02,
         5.54091904e-01,  5.71864341e-02, -1.15811756e-01,
        -2.01392381e-01, -2.34609296e-01,  1.61872775e-01],
       [-2.24242167e-01, -1.43240877e-01, -7.99577055e-02,
        -1.12407464e-02,  7.40492744e-02,  7.90977956e-03,
         3.95581117e-02,  1.25811416e-01,  8.97596643e-02,
         2.07707120e-02, -1.55003000e-01,  2.03488344e-01,
         5.71864341e-02,  1.24207803e-01, -1.09934902e-03,
        -2.47507180e-02, -4.63837541e-02,  1.45039249e-02],
       [ 2.78486444e-01,  1.48271258e-01, -9.02054306e-02,
         4.85833478e-02, -7.49655726e-02,  1.13874487e-01,
         2.78611295e-01, -4.27171660e-01, -1.06856478e-01,
         1.79543781e-01, -2.86515906e-01, -8.68557581e-02,
        -1.15811756e-01, -1.09934902e-03,  1.59814418e-01,
         1.55353683e-02,  5.66929116e-02, -2.32710117e-02],
       [ 1.01695120e+00,  2.27479672e-02,  6.04820289e-03,
         3.38582565e-02, -1.31278392e-01,  5.05278169e-02,
         2.63548286e-01,  1.08272154e-01, -2.10196667e-01,
        -2.23616342e-01, -1.40503779e-01,  4.41976562e-02,
        -2.01392381e-01, -2.47507180e-02,  1.55353683e-02,
         2.27006001e-01,  1.26945311e-01, -5.09386754e-02],
       [ 8.59044933e-01,  3.81807205e-01,  5.47134890e-02,
         2.25579756e-02, -9.20880743e-02,  6.12970271e-02,
         2.54231983e-01,  1.14375495e-01, -2.79289571e-01,
        -1.21201162e-01, -1.86596071e-01, -1.36489092e-01,
        -2.34609296e-01, -4.63837541e-02,  5.66929116e-02,
         1.26945311e-01,  2.38281314e-01, -4.15924712e-02],
       [-3.60962568e-01,  6.14021192e-03,  3.06356517e-01,
         2.73205268e-02,  9.94015249e-02, -8.64762315e-03,
         1.38692571e-01,  3.97511614e-01,  1.32296932e-01,
        -1.40759771e-01,  1.10766890e-01, -8.42562481e-02,
         1.61872775e-01,  1.45039249e-02, -2.32710117e-02,
        -5.09386754e-02, -4.15924712e-02,  1.47330045e-01]])
      jac: array([ 7.56061880e-07,  2.28964995e-06, -6.67244038e-07, -6.55142607e-06,
       -1.85925349e-06, -3.29662223e-06,  7.78636415e-07, -2.25745348e-08,
        1.36927506e-07,  8.73005372e-07,  8.74115595e-07, -1.98729921e-07,
        2.89398135e-07,  2.82551760e-06,  1.75193193e-06,  2.35700348e-06,
       -6.25758704e-06,  3.37581814e-06])
  message: 'Optimization terminated successfully.'
     nfev: 1995
      nit: 92
     njev: 105
   status: 0
  success: True
        x: array([-0.35554045, -1.01632546,  0.30426108,  1.32025697, -0.64067868,
        0.12283573,  1.77055667, -0.52147775,  1.37058952,  0.11578391,
        0.48539292,  1.07716776,  0.27290998,  0.04212295, -0.27202836,
       -1.38638171, -1.10679751,  0.08668609])
