Program Begingeth
      fun: 0.2514803872087481
 hess_inv: array([[ 6.04493204e-01, -1.18256710e-02,  6.69016948e-03,
        -2.38005996e-01,  7.22182611e-02,  1.96240105e-03,
         7.54295335e-02,  8.01103041e-01, -4.37416396e-01,
         2.43639827e-01,  1.01255984e-01,  1.14447617e-02,
        -6.04490268e-01, -2.19887629e-01, -8.99676126e-02,
        -8.94649923e-02, -3.10568879e-01, -1.63321351e-01],
       [-1.18256710e-02,  3.46069625e-01, -1.05580530e-01,
        -5.70269153e-02, -1.70630988e-01,  5.28699800e-02,
        -3.40139399e-01, -2.90213812e-01, -1.58663157e-01,
         3.29121224e-02, -1.33846682e-01, -4.58087755e-01,
        -2.67185576e-03, -3.18043642e-01,  2.27433610e-01,
         4.94711333e-02, -8.04247079e-02,  2.66568698e-02],
       [ 6.69016948e-03, -1.05580530e-01,  2.76553900e-01,
         1.06119133e-01,  4.26344097e-02, -1.45041916e-01,
         6.50309325e-01,  2.83337235e-01,  1.34895505e-01,
        -8.59144442e-02,  3.23542740e-01,  1.81236573e-01,
         1.40382801e-01,  9.29863174e-03, -3.54062258e-01,
         8.78501245e-02,  2.05478002e-02, -6.93893397e-02],
       [-2.38005996e-01, -5.70269153e-02,  1.06119133e-01,
         4.58239612e-01,  2.78042555e-02, -1.91385352e-01,
         1.49728386e+00, -5.43584945e-01,  7.01809616e-01,
        -3.22024342e-01, -6.17744031e-02,  1.59399833e-01,
         6.33400643e-01,  2.18867266e-01, -3.55744218e-01,
         1.60255013e-01,  1.67389071e-01, -5.74779736e-02],
       [ 7.22182611e-02, -1.70630988e-01,  4.26344097e-02,
         2.78042555e-02,  2.49721084e-01, -1.94346837e-02,
         1.97342526e-01,  6.77577630e-01,  1.76058613e-02,
        -9.63546553e-02, -6.97841062e-02,  2.71777684e-01,
        -2.02153682e-02,  3.63979565e-01, -1.27579940e-01,
        -3.74702193e-02,  1.12813878e-01, -4.30004784e-02],
       [ 1.96240105e-03,  5.28699800e-02, -1.45041916e-01,
        -1.91385352e-01, -1.94346837e-02,  3.65451127e-01,
        -1.38052458e+00,  4.07620148e-01,  1.67343138e-01,
         1.49514264e-02, -1.22232268e-01, -2.86067953e-01,
        -1.39481828e-01, -6.47832646e-02,  5.91028919e-01,
        -5.43384086e-02, -3.07715911e-02,  1.69043976e-01],
       [ 7.54295335e-02, -3.40139399e-01,  6.50309325e-01,
         1.49728386e+00,  1.97342526e-01, -1.38052458e+00,
         9.39570006e+00, -1.72073454e+00,  1.50241862e+00,
        -4.06677838e-01,  1.66854051e-01,  1.09588256e+00,
         1.13864182e+00,  4.73888639e-01, -2.45721819e+00,
         3.18632925e-01,  8.34213833e-02, -6.80247733e-01],
       [ 8.01103041e-01, -2.90213812e-01,  2.83337235e-01,
        -5.43584945e-01,  6.77577630e-01,  4.07620148e-01,
        -1.72073454e+00,  6.10331279e+00, -5.06150807e-01,
        -3.32535060e-01,  3.64581378e-01,  4.70861473e-01,
        -7.92098666e-01,  1.65137282e-01,  1.47147704e-01,
        -1.53088575e-01, -1.84749297e-01, -1.05924835e-01],
       [-4.37416396e-01, -1.58663157e-01,  1.34895505e-01,
         7.01809616e-01,  1.76058613e-02,  1.67343138e-01,
         1.50241862e+00, -5.06150807e-01,  3.60081124e+00,
        -6.52069682e-01, -2.81761211e-01, -4.66801100e-02,
         1.06999891e+00,  3.41479238e-01, -1.48058479e-01,
         2.12006255e-01,  2.39819053e-01, -3.21741051e-02],
       [ 2.43639827e-01,  3.29121224e-02, -8.59144442e-02,
        -3.22024342e-01, -9.63546553e-02,  1.49514264e-02,
        -4.06677838e-01, -3.32535060e-01, -6.52069682e-01,
         9.14662456e-01,  5.64582763e-02, -1.50215751e-01,
        -6.84035356e-01, -3.50788736e-01,  1.88007771e-01,
        -1.30820534e-01, -3.58455894e-01,  8.67753722e-02],
       [ 1.01255984e-01, -1.33846682e-01,  3.23542740e-01,
        -6.17744031e-02, -6.97841062e-02, -1.22232268e-01,
         1.66854051e-01,  3.64581378e-01, -2.81761211e-01,
         5.64582763e-02,  7.13145867e-01,  1.91000589e-01,
        -7.23634219e-02, -2.70217977e-01, -3.15609434e-01,
         7.46936014e-02, -1.10403855e-01, -5.31774305e-02],
       [ 1.14447617e-02, -4.58087755e-01,  1.81236573e-01,
         1.59399833e-01,  2.71777684e-01, -2.86067953e-01,
         1.09588256e+00,  4.70861473e-01, -4.66801100e-02,
        -1.50215751e-01,  1.91000589e-01,  9.22118998e-01,
         6.92494396e-02,  5.05865678e-01, -6.64353119e-01,
        -6.34801877e-02,  1.70328326e-01, -1.53117687e-01],
       [-6.04490268e-01, -2.67185576e-03,  1.40382801e-01,
         6.33400643e-01, -2.02153682e-02, -1.39481828e-01,
         1.13864182e+00, -7.92098666e-01,  1.06999891e+00,
        -6.84035356e-01, -7.23634219e-02,  6.92494396e-02,
         1.15716907e+00,  3.25493217e-01, -2.61233930e-01,
         2.96643354e-01,  3.91252955e-01,  2.95381226e-02],
       [-2.19887629e-01, -3.18043642e-01,  9.29863174e-03,
         2.18867266e-01,  3.63979565e-01, -6.47832646e-02,
         4.73888639e-01,  1.65137282e-01,  3.41479238e-01,
        -3.50788736e-01, -2.70217977e-01,  5.05865678e-01,
         3.25493217e-01,  8.34023839e-01, -2.10801950e-01,
        -3.98030328e-02,  4.20562641e-01, -1.22629724e-02],
       [-8.99676126e-02,  2.27433610e-01, -3.54062258e-01,
        -3.55744218e-01, -1.27579940e-01,  5.91028919e-01,
        -2.45721819e+00,  1.47147704e-01, -1.48058479e-01,
         1.88007771e-01, -3.15609434e-01, -6.64353119e-01,
        -2.61233930e-01, -2.10801950e-01,  1.14335926e+00,
        -9.66249141e-02, -6.95833969e-02,  3.64498872e-01],
       [-8.94649923e-02,  4.94711333e-02,  8.78501245e-02,
         1.60255013e-01, -3.74702193e-02, -5.43384086e-02,
         3.18632925e-01, -1.53088575e-01,  2.12006255e-01,
        -1.30820534e-01,  7.46936014e-02, -6.34801877e-02,
         2.96643354e-01, -3.98030328e-02, -9.66249141e-02,
         1.36309701e-01,  3.44372325e-02, -1.00349940e-02],
       [-3.10568879e-01, -8.04247079e-02,  2.05478002e-02,
         1.67389071e-01,  1.12813878e-01, -3.07715911e-02,
         8.34213833e-02, -1.84749297e-01,  2.39819053e-01,
        -3.58455894e-01, -1.10403855e-01,  1.70328326e-01,
         3.91252955e-01,  4.20562641e-01, -6.95833969e-02,
         3.44372325e-02,  3.40500579e-01,  3.19228280e-02],
       [-1.63321351e-01,  2.66568698e-02, -6.93893397e-02,
        -5.74779736e-02, -4.30004784e-02,  1.69043976e-01,
        -6.80247733e-01, -1.05924835e-01, -3.21741051e-02,
         8.67753722e-02, -5.31774305e-02, -1.53117687e-01,
         2.95381226e-02, -1.22629724e-02,  3.64498872e-01,
        -1.00349940e-02,  3.19228280e-02,  1.89186290e-01]])
      jac: array([ 3.18448971e-06,  3.16154510e-06, -1.28267767e-06, -2.35663341e-06,
       -2.76704585e-06,  6.25240600e-06, -1.03250741e-07,  7.40148683e-08,
       -4.71474711e-07,  1.25011113e-06,  6.37638091e-07, -9.52941430e-07,
        4.61741756e-06,  2.95171295e-06, -7.27973237e-06, -5.76982906e-06,
       -1.87849736e-06,  6.80529707e-06])
  message: 'Optimization terminated successfully.'
     nfev: 1843
      nit: 83
     njev: 97
   status: 0
  success: True
        x: array([ 0.09356445,  0.47747771,  0.81788723,  1.04523844, -1.06761402,
       -0.08753662,  1.62871361, -1.09447557, -1.0113321 ,  0.08110197,
        0.77675416, -0.96587999,  0.26915259, -0.64526502, -0.10410196,
       -0.95629607, -0.5794133 ,  0.05588745])
