Program Begingeth
      fun: 0.26713861037524933
 hess_inv: array([[ 1.11526022e+00, -1.38020918e-01,  1.47169571e-01,
         4.22004810e-01, -2.26408985e-01,  3.47672457e-01,
         1.47273413e+00, -3.28303509e-01,  7.40039522e-01,
         1.17733305e+00, -7.06420341e-01, -1.61146104e-01,
        -4.21859986e-01, -1.31924659e-02,  1.01840594e-01,
        -2.89515751e-02, -3.36142242e-02, -2.32686514e-01],
       [-1.38020918e-01,  5.19556995e-01, -1.90593712e-01,
        -2.21948459e-01,  1.13702989e-01, -2.64361953e-01,
        -1.46382078e+00,  5.07634906e-01,  8.03544360e-02,
        -6.04255995e-01,  8.88012721e-02, -1.91284513e-01,
         1.01774883e-01, -1.75743701e-01, -2.00025932e-01,
         4.71216553e-02, -3.02767096e-02, -7.73414249e-02],
       [ 1.47169571e-01, -1.90593712e-01,  4.04548151e-01,
         2.27424322e-01,  1.84274690e-03,  2.24704623e-01,
         1.01446625e+00, -7.59036275e-01,  4.56610522e-01,
         8.21619195e-01,  7.93625431e-02,  1.02409988e-01,
        -5.46134735e-02,  1.60494892e-01,  2.39676958e-02,
         4.33541436e-02,  6.62945786e-02,  3.11682709e-02],
       [ 4.22004810e-01, -2.21948459e-01,  2.27424322e-01,
         6.04443106e-01,  3.10221090e-02,  2.57619828e-01,
         1.96174830e+00,  6.69995921e-02,  1.31763574e+00,
         1.72523558e+00,  8.81743587e-02, -3.27475801e-01,
        -6.84700227e-02,  1.04821088e-01,  1.32301442e-01,
         3.11930495e-02,  8.36846743e-03, -1.66157004e-02],
       [-2.26408985e-01,  1.13702989e-01,  1.84274690e-03,
         3.10221090e-02,  3.66954314e-01, -1.21626848e-01,
        -3.96283252e-01,  8.99168944e-01,  7.75500782e-01,
         1.38179702e-01,  8.90834071e-01, -2.73894766e-01,
         1.76357600e-01,  7.10346476e-02, -7.31774749e-02,
         7.77757390e-02,  2.04543505e-02,  5.76718253e-02],
       [ 3.47672457e-01, -2.64361953e-01,  2.24704623e-01,
         2.57619828e-01, -1.21626848e-01,  4.55280449e-01,
         1.70982966e+00, -9.04799805e-01,  9.03195628e-01,
         8.87711747e-01, -1.11998681e-01,  5.11401653e-01,
        -2.32668746e-01,  1.29014556e-01,  1.60786352e-01,
        -4.45116988e-02,  7.73816656e-02, -2.97686107e-02],
       [ 1.47273413e+00, -1.46382078e+00,  1.01446625e+00,
         1.96174830e+00, -3.96283252e-01,  1.70982966e+00,
         1.76979211e+01, -2.93637527e+00,  6.36118607e+00,
         5.34792139e+00,  1.36457895e+00, -3.04637578e-01,
        -1.30674405e+00,  5.96760081e-01,  6.75721949e-01,
        -3.69488059e-01,  6.96372705e-01, -3.33513789e-01],
       [-3.28303509e-01,  5.07634906e-01, -7.59036275e-01,
         6.69995921e-02,  8.99168944e-01, -9.04799805e-01,
        -2.93637527e+00,  6.12060862e+00,  1.12352303e+00,
        -3.18806239e-01,  1.34953686e+00, -2.02643329e+00,
         5.68126471e-01, -1.35411545e-01, -1.48164356e-01,
         1.28611379e-01, -1.43076849e-01,  8.76874784e-02],
       [ 7.40039522e-01,  8.03544360e-02,  4.56610522e-01,
         1.31763574e+00,  7.75500782e-01,  9.03195628e-01,
         6.36118607e+00,  1.12352303e+00,  8.70551512e+00,
         4.28051202e+00,  2.60381396e+00, -6.80576549e-01,
        -3.41057873e-01,  3.25991446e-01,  1.93457990e-01,
         4.92662366e-02,  3.44510167e-01, -9.60080112e-02],
       [ 1.17733305e+00, -6.04255995e-01,  8.21619195e-01,
         1.72523558e+00,  1.38179702e-01,  8.87711747e-01,
         5.34792139e+00, -3.18806239e-01,  4.28051202e+00,
         5.26048023e+00,  3.97665175e-01, -6.15183045e-01,
        -2.35478055e-01,  3.77470598e-01,  3.60366417e-01,
         9.35157500e-02,  7.86996326e-02, -3.40956459e-02],
       [-7.06420341e-01,  8.88012721e-02,  7.93625431e-02,
         8.81743587e-02,  8.90834071e-01, -1.11998681e-01,
         1.36457895e+00,  1.34953686e+00,  2.60381396e+00,
         3.97665175e-01,  2.85742981e+00, -4.61754163e-01,
         2.69190249e-01,  2.46272566e-01, -1.29181006e-01,
         9.71749941e-02,  1.81444534e-01,  1.28272597e-01],
       [-1.61146104e-01, -1.91284513e-01,  1.02409988e-01,
        -3.27475801e-01, -2.73894766e-01,  5.11401653e-01,
        -3.04637578e-01, -2.02643329e+00, -6.80576549e-01,
        -6.15183045e-01, -4.61754163e-01,  1.83050121e+00,
        -1.58332462e-01,  1.07622512e-01,  1.30355230e-01,
        -7.29765011e-02,  8.53602504e-02,  3.77123140e-02],
       [-4.21859986e-01,  1.01774883e-01, -5.46134735e-02,
        -6.84700227e-02,  1.76357600e-01, -2.32668746e-01,
        -1.30674405e+00,  5.68126471e-01, -3.41057873e-01,
        -2.35478055e-01,  2.69190249e-01, -1.58332462e-01,
         3.12770391e-01, -5.28467198e-03, -5.96926599e-02,
         9.37297797e-02, -5.68452595e-02,  1.25871041e-01],
       [-1.31924659e-02, -1.75743701e-01,  1.60494892e-01,
         1.04821088e-01,  7.10346476e-02,  1.29014556e-01,
         5.96760081e-01, -1.35411545e-01,  3.25991446e-01,
         3.77470598e-01,  2.46272566e-01,  1.07622512e-01,
        -5.28467198e-03,  1.41472990e-01,  5.18954946e-02,
         1.21892171e-02,  6.24823342e-02,  5.20878548e-02],
       [ 1.01840594e-01, -2.00025932e-01,  2.39676958e-02,
         1.32301442e-01, -7.31774749e-02,  1.60786352e-01,
         6.75721949e-01, -1.48164356e-01,  1.93457990e-01,
         3.60366417e-01, -1.29181006e-01,  1.30355230e-01,
        -5.96926599e-02,  5.18954946e-02,  1.35561500e-01,
        -3.32381348e-02,  4.72971184e-03,  3.90553734e-02],
       [-2.89515751e-02,  4.71216553e-02,  4.33541436e-02,
         3.11930495e-02,  7.77757390e-02, -4.45116988e-02,
        -3.69488059e-01,  1.28611379e-01,  4.92662366e-02,
         9.35157500e-02,  9.71749941e-02, -7.29765011e-02,
         9.37297797e-02,  1.21892171e-02, -3.32381348e-02,
         6.86518279e-02, -2.04103219e-02,  2.25594973e-02],
       [-3.36142242e-02, -3.02767096e-02,  6.62945786e-02,
         8.36846743e-03,  2.04543505e-02,  7.73816656e-02,
         6.96372705e-01, -1.43076849e-01,  3.44510167e-01,
         7.86996326e-02,  1.81444534e-01,  8.53602504e-02,
        -5.68452595e-02,  6.24823342e-02,  4.72971184e-03,
        -2.04103219e-02,  8.68539156e-02, -3.52888771e-03],
       [-2.32686514e-01, -7.73414249e-02,  3.11682709e-02,
        -1.66157004e-02,  5.76718253e-02, -2.97686107e-02,
        -3.33513789e-01,  8.76874784e-02, -9.60080112e-02,
        -3.40956459e-02,  1.28272597e-01,  3.77123140e-02,
         1.25871041e-01,  5.20878548e-02,  3.90553734e-02,
         2.25594973e-02, -3.52888771e-03,  1.17586859e-01]])
      jac: array([-5.58812256e-06, -1.28208555e-05, -1.17779860e-05, -1.06004094e-05,
        2.72493139e-05,  4.83805588e-05, -3.12342744e-07, -5.52520992e-07,
       -2.80627373e-06,  6.93149242e-07, -6.50035581e-06, -1.17013806e-05,
       -2.77000645e-06, -2.83673085e-05, -2.03189317e-05,  8.91361059e-06,
        2.29068616e-05,  5.73467200e-06])
  message: 'Desired error not necessarily achieved due to precision loss.'
     nfev: 2899
      nit: 95
     njev: 152
   status: 2
  success: False
        x: array([ 0.08670785,  0.25389321,  0.8800691 ,  1.36784007, -0.64504855,
        0.29619639,  0.73258256, -1.49952467,  0.90530179,  1.76410884,
       -0.56674004,  0.7743922 ,  0.04690155,  0.15675426, -0.27256759,
       -1.17904256, -0.49613747,  0.04242239])
