Program Begingeth
      fun: 0.25990000374105127
 hess_inv: array([[ 6.68260834e+00,  1.80178043e+00, -4.79105472e-01,
         5.14217447e-01, -4.94857380e-01,  3.79775711e-01,
         9.28866229e-01,  4.66581984e-01,  1.77341257e+00,
        -1.40069323e+00, -7.85478047e-01, -6.55950182e-01,
        -1.74363441e+00, -5.12571407e-01,  5.63556623e-01,
         3.86958681e-01,  8.11198255e-01, -4.93671099e-02],
       [ 1.80178043e+00,  2.71082835e+00,  6.42643874e-02,
         4.64452196e-01,  1.54500561e-01,  2.01829697e-01,
         1.25176386e+00,  1.15253302e+00,  1.67037055e+00,
        -1.76801412e-01, -4.10014480e-01, -1.17156773e+00,
        -3.03172876e-01, -6.55460819e-01,  3.32058033e-01,
         3.76322142e-02,  4.22377740e-01,  1.99303388e-02],
       [-4.79105472e-01,  6.42643874e-02,  8.50959157e+00,
        -6.18138871e-01, -6.31767743e-01,  8.42155619e-01,
        -5.17822039e+00, -4.53846331e+00,  1.46460709e+00,
         4.26793590e-01,  3.64669384e+00, -1.89581472e+00,
        -2.10815707e-01, -1.16073094e+00, -1.83017585e+00,
        -7.57825104e-02, -1.48583744e-02,  7.58476166e-01],
       [ 5.14217447e-01,  4.64452196e-01, -6.18138871e-01,
         2.40692073e-01,  3.59689255e-02, -6.33530592e-02,
         1.21727492e+00,  3.79702066e-01,  3.57018397e-01,
        -1.76103515e-01, -2.46277729e-01, -1.16350796e-01,
         9.01718990e-03, -8.72151377e-02,  1.53518931e-01,
         4.12915490e-02,  5.61660742e-02, -5.73475027e-02],
       [-4.94857380e-01,  1.54500561e-01, -6.31767743e-01,
         3.59689255e-02,  1.81379364e-01, -6.31606133e-02,
         3.61575931e-01,  7.69560157e-01, -1.17970936e-01,
         1.68618474e-01, -2.83551448e-01,  1.24881323e-01,
         1.63772643e-01,  1.07136581e-01,  1.44440044e-01,
        -2.18961084e-02, -2.47999945e-02, -4.94536142e-02],
       [ 3.79775711e-01,  2.01829697e-01,  8.42155619e-01,
        -6.33530592e-02, -6.31606133e-02,  2.06303942e-01,
        -7.70255499e-01, -1.98485013e-01,  4.67500573e-01,
         1.31788417e-01,  1.45406054e-01, -2.41024040e-01,
        -1.93556748e-01, -1.19770000e-01, -6.31337153e-02,
         5.30676168e-03,  6.29731329e-02,  8.52411155e-02],
       [ 9.28866229e-01,  1.25176386e+00, -5.17822039e+00,
         1.21727492e+00,  3.61575931e-01, -7.70255499e-01,
         8.57875290e+00,  2.53928394e+00,  7.52370981e-01,
        -5.79001973e-01, -1.43860553e+00,  3.85889381e-01,
         4.30325251e-01,  2.45487375e-02,  8.44938222e-01,
         9.16217186e-02,  4.99637911e-02, -5.57568866e-01],
       [ 4.66581984e-01,  1.15253302e+00, -4.53846331e+00,
         3.79702066e-01,  7.69560157e-01, -1.98485013e-01,
         2.53928394e+00,  6.20794491e+00,  6.30662090e-03,
         4.14152583e-01, -1.97383975e+00,  5.25597465e-01,
        -7.94384062e-02,  4.02042949e-01,  1.26462247e+00,
         4.02844806e-03,  1.41921878e-01, -4.23737248e-01],
       [ 1.77341257e+00,  1.67037055e+00,  1.46460709e+00,
         3.57018397e-01, -1.17970936e-01,  4.67500573e-01,
         7.52370981e-01,  6.30662090e-03,  3.48025108e+00,
        -4.38835446e-02,  3.70095993e-01, -9.13621900e-01,
        -3.77329425e-01, -7.08406565e-01, -1.06333054e-01,
         6.31954363e-02,  2.55113311e-01,  1.00600653e-01],
       [-1.40069323e+00, -1.76801412e-01,  4.26793590e-01,
        -1.76103515e-01,  1.68618474e-01,  1.31788417e-01,
        -5.79001973e-01,  4.14152583e-01, -4.38835446e-02,
         1.28240506e+00,  2.56000275e-01, -4.30222540e-02,
         8.26669840e-02,  4.82889207e-02, -8.94148497e-02,
        -1.11798150e-01, -1.50849163e-01, -7.48468217e-02],
       [-7.85478047e-01, -4.10014480e-01,  3.64669384e+00,
        -2.46277729e-01, -2.83551448e-01,  1.45406054e-01,
        -1.43860553e+00, -1.97383975e+00,  3.70095993e-01,
         2.56000275e-01,  2.43417425e+00, -7.50670249e-01,
         9.16281039e-02, -6.08069689e-01, -1.07925421e+00,
        -4.37792431e-02, -1.32714455e-01,  2.03119118e-01],
       [-6.55950182e-01, -1.17156773e+00, -1.89581472e+00,
        -1.16350796e-01,  1.24881323e-01, -2.41024040e-01,
         3.85889381e-01,  5.25597465e-01, -9.13621900e-01,
        -4.30222540e-02, -7.50670249e-01,  1.28833201e+00,
         1.63653133e-01,  6.49235670e-01,  2.26877340e-01,
         3.35975664e-02, -1.21931258e-01, -1.39820276e-01],
       [-1.74363441e+00, -3.03172876e-01, -2.10815707e-01,
         9.01718990e-03,  1.63772643e-01, -1.93556748e-01,
         4.30325251e-01, -7.94384062e-02, -3.77329425e-01,
         8.26669840e-02,  9.16281039e-02,  1.63653133e-01,
         6.37257501e-01,  1.12840755e-01, -1.03748493e-01,
        -6.64776066e-02, -2.22657112e-01,  1.46247625e-02],
       [-5.12571407e-01, -6.55460819e-01, -1.16073094e+00,
        -8.72151377e-02,  1.07136581e-01, -1.19770000e-01,
         2.45487375e-02,  4.02042949e-01, -7.08406565e-01,
         4.82889207e-02, -6.08069689e-01,  6.49235670e-01,
         1.12840755e-01,  4.30177942e-01,  2.17941921e-01,
        -1.27460930e-03, -7.54009736e-02, -6.90430647e-02],
       [ 5.63556623e-01,  3.32058033e-01, -1.83017585e+00,
         1.53518931e-01,  1.44440044e-01, -6.31337153e-02,
         8.44938222e-01,  1.26462247e+00, -1.06333054e-01,
        -8.94148497e-02, -1.07925421e+00,  2.26877340e-01,
        -1.03748493e-01,  2.17941921e-01,  5.66437872e-01,
         2.23308092e-02,  8.29821286e-02, -1.20666418e-01],
       [ 3.86958681e-01,  3.76322142e-02, -7.57825104e-02,
         4.12915490e-02, -2.18961084e-02,  5.30676168e-03,
         9.16217186e-02,  4.02844806e-03,  6.31954363e-02,
        -1.11798150e-01, -4.37792431e-02,  3.35975664e-02,
        -6.64776066e-02, -1.27460930e-03,  2.23308092e-02,
         5.21348512e-02,  3.83639782e-02, -4.26351463e-03],
       [ 8.11198255e-01,  4.22377740e-01, -1.48583744e-02,
         5.61660742e-02, -2.47999945e-02,  6.29731329e-02,
         4.99637911e-02,  1.41921878e-01,  2.55113311e-01,
        -1.50849163e-01, -1.32714455e-01, -1.21931258e-01,
        -2.22657112e-01, -7.54009736e-02,  8.29821286e-02,
         3.83639782e-02,  1.47856015e-01,  6.47184308e-03],
       [-4.93671099e-02,  1.99303388e-02,  7.58476166e-01,
        -5.73475027e-02, -4.94536142e-02,  8.52411155e-02,
        -5.57568866e-01, -4.23737248e-01,  1.00600653e-01,
        -7.48468217e-02,  2.03119118e-01, -1.39820276e-01,
         1.46247625e-02, -6.90430647e-02, -1.20666418e-01,
        -4.26351463e-03,  6.47184308e-03,  1.20105597e-01]])
      jac: array([ 6.71670867e-04, -1.87769615e-03,  2.71724495e-04, -8.12175697e-03,
        6.22751110e-04, -1.55977690e-02,  2.93602180e-05,  4.36119289e-04,
        1.58690727e-03,  2.56322741e-04, -1.83885277e-03, -3.05716341e-03,
       -5.80954988e-03,  4.87142030e-03, -4.40335546e-04,  8.26424040e-03,
       -4.61913508e-03,  5.72663250e-03])
  message: 'Maximum number of iterations has been exceeded.'
     nfev: 2204
      nit: 100
     njev: 116
   status: 1
  success: False
        x: array([ 0.02914838, -0.44454524,  0.02480476,  1.28065614, -0.4423817 ,
       -0.11250055,  1.87984635, -0.61337286, -1.05530533,  0.03230875,
        0.45285424,  1.04773531,  0.19750911,  0.19842262, -0.25593764,
       -1.26780595, -0.65137297,  0.03514097])
