Program Begingeth
      fun: 0.3046864240166298
 hess_inv: array([[ 5.36921442e+00, -1.17148374e+00,  1.54914514e+00,
         1.38647451e+00, -6.81464554e-01,  1.60459911e+00,
        -1.41094941e+00, -2.85191200e-01,  5.72028758e+00,
        -4.65790384e-02, -3.39195500e-01,  3.27922242e-01,
        -9.21568089e-01,  2.57739166e-01,  2.22316564e-01,
        -2.26619463e-01,  4.98871282e-01, -3.67255899e-01],
       [-1.17148374e+00,  4.81754538e+00,  3.93317351e+00,
        -8.43158374e-01,  1.87084814e+00,  1.53413628e+00,
        -1.00127022e+01, -1.41281651e+00,  8.03326610e+00,
        -1.90364743e-01,  1.07805237e+00, -1.69370983e+00,
         4.90307918e-01, -4.57372664e-01, -4.11420376e-01,
         1.66441426e-01, -2.38233546e-01, -1.90104136e-01],
       [ 1.54914514e+00,  3.93317351e+00,  1.01604464e+01,
        -1.32078142e+00,  1.18626483e+00,  4.55730254e+00,
        -2.20027888e+01, -9.74615651e+00,  1.70336498e+01,
         2.68318822e-01,  3.14210801e+00, -1.64177592e+00,
        -2.60210375e-01, -4.69952398e-01, -1.12425060e+00,
         3.74909942e-01,  2.85050306e-02, -8.91697696e-01],
       [ 1.38647451e+00, -8.43158374e-01, -1.32078142e+00,
         7.38376446e-01, -3.54012055e-01, -3.24991076e-01,
         4.01022262e+00,  1.80366891e+00, -1.02168028e+00,
        -1.27322723e-01, -6.57382140e-01,  2.50698561e-01,
        -1.93551735e-01,  1.14188296e-01,  2.87872134e-01,
        -1.43132080e-01,  1.30702774e-01,  6.96045939e-02],
       [-6.81464554e-01,  1.87084814e+00,  1.18626483e+00,
        -3.54012055e-01,  8.42156886e-01,  4.48203174e-01,
        -3.86592369e+00,  5.41430896e-01,  2.35036069e+00,
         4.53290572e-03,  2.64829795e-01, -5.80029880e-01,
         2.56546040e-01, -1.21747452e-01, -9.51386060e-02,
         8.81510127e-02, -1.18643671e-01, -2.72001752e-02],
       [ 1.60459911e+00,  1.53413628e+00,  4.55730254e+00,
        -3.24991076e-01,  4.48203174e-01,  2.28105761e+00,
        -1.00344934e+01, -3.74937562e+00,  8.62393132e+00,
         2.34513922e-01,  1.16473557e+00, -6.24674645e-01,
        -2.91716964e-01, -1.45441481e-01, -3.93420214e-01,
         1.00279156e-01,  6.99797450e-02, -4.44699985e-01],
       [-1.41094941e+00, -1.00127022e+01, -2.20027888e+01,
         4.01022262e+00, -3.86592369e+00, -1.00344934e+01,
         6.01113653e+01,  1.73417741e+01, -3.71181908e+01,
        -1.38479994e+00, -6.14300144e+00,  3.19670597e+00,
         9.40450863e-03,  8.23412441e-01,  2.38154471e+00,
        -1.10496726e+00,  4.55511871e-01,  1.96621605e+00],
       [-2.85191200e-01, -1.41281651e+00, -9.74615651e+00,
         1.80366891e+00,  5.41430896e-01, -3.74937562e+00,
         1.73417741e+01,  2.03516748e+01, -1.38870336e+01,
         1.67551177e-01, -4.00230509e+00,  8.33064538e-01,
         3.42635500e-01,  5.96829376e-01,  1.80272130e+00,
        -4.97656027e-01, -5.81684505e-02,  9.90620815e-01],
       [ 5.72028758e+00,  8.03326610e+00,  1.70336498e+01,
        -1.02168028e+00,  2.35036069e+00,  8.62393132e+00,
        -3.71181908e+01, -1.38870336e+01,  3.79245753e+01,
         5.84910688e-01,  4.55435579e+00, -3.10902029e+00,
        -8.28168690e-01, -1.08527814e+00, -1.60010294e+00,
         2.49723843e-01, -1.43125532e-02, -1.69272315e+00],
       [-4.65790384e-02, -1.90364743e-01,  2.68318822e-01,
        -1.27322723e-01,  4.53290572e-03,  2.34513922e-01,
        -1.38479994e+00,  1.67551177e-01,  5.84910688e-01,
         8.84377788e-01,  1.78078588e-01,  9.08680498e-02,
        -1.92652419e-01, -1.85615795e-02, -8.19865218e-02,
         1.85277894e-02, -7.42225390e-02, -2.01934509e-01],
       [-3.39195500e-01,  1.07805237e+00,  3.14210801e+00,
        -6.57382140e-01,  2.64829795e-01,  1.16473557e+00,
        -6.14300144e+00, -4.00230509e+00,  4.55435579e+00,
         1.78078588e-01,  1.73852219e+00, -5.62813196e-01,
        -6.24898273e-03, -3.35451573e-01, -5.86634879e-01,
         1.82927202e-01, -5.08845794e-02, -3.61210827e-01],
       [ 3.27922242e-01, -1.69370983e+00, -1.64177592e+00,
         2.50698561e-01, -5.80029880e-01, -6.24674645e-01,
         3.19670597e+00,  8.33064538e-01, -3.10902029e+00,
         9.08680498e-02, -5.62813196e-01,  9.78643957e-01,
        -1.27298137e-01,  2.79330123e-01,  1.21078279e-01,
        -4.00956987e-03,  1.19842042e-01,  9.12998476e-02],
       [-9.21568089e-01,  4.90307918e-01, -2.60210375e-01,
        -1.93551735e-01,  2.56546040e-01, -2.91716964e-01,
         9.40450863e-03,  3.42635500e-01, -8.28168690e-01,
        -1.92652419e-01, -6.24898273e-03, -1.27298137e-01,
         2.97037118e-01, -5.40188340e-02, -1.23685840e-02,
         8.97477709e-02, -1.15305735e-01,  1.17901594e-01],
       [ 2.57739166e-01, -4.57372664e-01, -4.69952398e-01,
         1.14188296e-01, -1.21747452e-01, -1.45441481e-01,
         8.23412441e-01,  5.96829376e-01, -1.08527814e+00,
        -1.85615795e-02, -3.35451573e-01,  2.79330123e-01,
        -5.40188340e-02,  1.69233818e-01,  1.00106952e-01,
        -1.16578825e-02,  9.14692928e-02,  5.48171102e-02],
       [ 2.22316564e-01, -4.11420376e-01, -1.12425060e+00,
         2.87872134e-01, -9.51386060e-02, -3.93420214e-01,
         2.38154471e+00,  1.80272130e+00, -1.60010294e+00,
        -8.19865218e-02, -5.86634879e-01,  1.21078279e-01,
        -1.23685840e-02,  1.00106952e-01,  2.65119788e-01,
        -8.81527486e-02,  2.04096383e-02,  1.49944761e-01],
       [-2.26619463e-01,  1.66441426e-01,  3.74909942e-01,
        -1.43132080e-01,  8.81510127e-02,  1.00279156e-01,
        -1.10496726e+00, -4.97656027e-01,  2.49723843e-01,
         1.85277894e-02,  1.82927202e-01, -4.00956987e-03,
         8.97477709e-02, -1.16578825e-02, -8.81527486e-02,
         9.79508160e-02, -3.07786895e-02, -2.19715210e-02],
       [ 4.98871282e-01, -2.38233546e-01,  2.85050306e-02,
         1.30702774e-01, -1.18643671e-01,  6.99797450e-02,
         4.55511871e-01, -5.81684505e-02, -1.43125532e-02,
        -7.42225390e-02, -5.08845794e-02,  1.19842042e-01,
        -1.15305735e-01,  9.14692928e-02,  2.04096383e-02,
        -3.07786895e-02,  1.34783359e-01, -1.47678058e-02],
       [-3.67255899e-01, -1.90104136e-01, -8.91697696e-01,
         6.96045939e-02, -2.72001752e-02, -4.44699985e-01,
         1.96621605e+00,  9.90620815e-01, -1.69272315e+00,
        -2.01934509e-01, -3.61210827e-01,  9.12998476e-02,
         1.17901594e-01,  5.48171102e-02,  1.49944761e-01,
        -2.19715210e-02, -1.47678058e-02,  1.79107994e-01]])
      jac: array([-9.86507172e-06,  5.09999450e-06,  9.10382880e-06,  1.62821608e-05,
       -2.19709436e-05, -1.41690363e-05, -1.52433621e-06,  6.27646083e-07,
        9.71075072e-07, -1.16647432e-06, -1.31154347e-06,  5.81238761e-06,
        7.07397104e-06,  2.33294865e-06,  3.25787545e-05,  6.72388071e-06,
        1.35917203e-05, -3.24359058e-05])
  message: 'Desired error not necessarily achieved due to precision loss.'
     nfev: 1930
      nit: 69
     njev: 101
   status: 2
  success: False
        x: array([ 8.70416950e-01, -9.40344886e-01,  5.37673184e-01,  1.23036208e+00,
       -9.86884980e-01,  1.23352840e-01,  9.38068391e-01, -1.60003746e+00,
       -5.55171620e-01,  5.19978491e-04,  5.77636507e-01,  1.13509874e+00,
        1.97384284e-03,  1.39092443e-01, -3.19442487e-01, -1.17076873e+00,
       -4.56898479e-01, -8.87584234e-03])
