Program Begingeth
      fun: 0.2953757395044932
 hess_inv: array([[ 1.51169574e+00, -9.75468806e-02,  5.21662687e-02,
        -1.29968183e-01,  2.08560738e-01,  2.01432223e-01,
         3.05613343e-01,  1.09552947e-01,  2.32821825e-02,
        -4.01298798e-01,  6.99713011e-01,  3.35729929e-02,
        -7.01085690e-01,  7.34672714e-02, -3.21216558e-02,
        -2.02151950e-02, -1.48986016e-02, -2.75237259e-01],
       [-9.75468806e-02,  3.51885462e-01, -2.18721214e-02,
         3.91644837e-03, -6.66815518e-03, -3.04117247e-01,
         2.92766285e-01,  4.19880037e-01, -9.59194389e-01,
        -5.58929862e-02, -2.23004793e-01, -5.89435014e-01,
         4.66252866e-02, -1.08825674e-01, -1.30557164e-01,
         1.46965114e-02,  3.00845591e-02, -4.93161821e-02],
       [ 5.21662687e-02, -2.18721214e-02,  2.82582276e-01,
         6.99498498e-02,  1.33783640e-01,  1.66868871e-01,
        -1.33171163e-01,  5.11990479e-02,  7.01320468e-01,
         3.28806808e-01,  3.58801018e-01,  4.04682475e-01,
         1.47002826e-02,  7.47707847e-02, -7.74298274e-02,
         4.33941006e-02,  2.59245897e-02,  1.60698351e-02],
       [-1.29968183e-01,  3.91644837e-03,  6.99498498e-02,
         2.24276021e-01,  4.17964520e-02,  8.50304482e-02,
         2.01118872e-01, -8.64004024e-02,  6.08731153e-01,
         6.53156380e-01,  8.07982288e-02,  2.91318448e-01,
         1.54855700e-01,  1.51809171e-02, -3.00114063e-02,
         5.46612092e-02, -1.85392067e-02,  2.66694038e-02],
       [ 2.08560738e-01, -6.66815518e-03,  1.33783640e-01,
         4.17964520e-02,  1.86192698e-01,  1.92277511e-01,
        -1.77556533e-01,  9.43749201e-02,  8.86887361e-01,
         2.82252251e-01,  5.61598137e-01,  3.69974213e-01,
        -8.32835581e-02,  6.57832912e-02, -2.73106793e-02,
         1.75771155e-02,  1.68586206e-02, -2.84316259e-02],
       [ 2.01432223e-01, -3.04117247e-01,  1.66868871e-01,
         8.50304482e-02,  1.92277511e-01,  7.40778482e-01,
        -1.04500732e+00, -7.14013949e-01,  2.98949625e+00,
         7.04814253e-01,  9.97104839e-01,  1.63063774e+00,
        -8.98648171e-02,  1.27489134e-01,  1.14466330e-01,
        -9.81755786e-03, -1.93692295e-02,  1.98539066e-02],
       [ 3.05613343e-01,  2.92766285e-01, -1.33171163e-01,
         2.01118872e-01, -1.77556533e-01, -1.04500732e+00,
         3.77934796e+00,  8.69548784e-01, -4.56654695e+00,
        -7.51854268e-01, -1.35267964e+00, -2.64226917e+00,
         5.03850022e-02, -5.37356660e-02, -1.27345346e-01,
         1.00066897e-01, -5.70597797e-03, -5.48242462e-02],
       [ 1.09552947e-01,  4.19880037e-01,  5.11990479e-02,
        -8.64004024e-02,  9.43749201e-02, -7.14013949e-01,
         8.69548784e-01,  1.89673705e+00, -2.73255049e+00,
        -4.92721833e-01, -5.01688775e-01, -1.62784757e+00,
        -5.89244484e-02, -5.28219666e-02, -2.59349197e-01,
         3.91584933e-02,  6.24143621e-02, -1.04100879e-01],
       [ 2.32821825e-02, -9.59194389e-01,  7.01320468e-01,
         6.08731153e-01,  8.86887361e-01,  2.98949625e+00,
        -4.56654695e+00, -2.73255049e+00,  1.38810593e+01,
         3.99787571e+00,  4.26488406e+00,  6.72547329e+00,
         1.80833442e-02,  4.93494886e-01,  3.47915290e-01,
         2.44953670e-03, -2.39812257e-02,  1.42321337e-01],
       [-4.01298798e-01, -5.58929862e-02,  3.28806808e-01,
         6.53156380e-01,  2.82252251e-01,  7.04814253e-01,
        -7.51854268e-01, -4.92721833e-01,  3.99787571e+00,
         2.55697295e+00,  9.86061591e-01,  1.95120724e+00,
         3.82965471e-01,  9.65825753e-02, -8.36523785e-02,
         1.17752014e-01, -2.96905031e-02,  7.05005850e-02],
       [ 6.99713011e-01, -2.23004793e-01,  3.58801018e-01,
         8.07982288e-02,  5.61598137e-01,  9.97104839e-01,
        -1.35267964e+00, -5.01688775e-01,  4.26488406e+00,
         9.86061591e-01,  2.19431112e+00,  2.02623398e+00,
        -3.38726796e-01,  1.98627866e-01,  5.54744291e-02,
        -3.61409720e-03,  1.16077098e-02, -6.64250757e-02],
       [ 3.35729929e-02, -5.89435014e-01,  4.04682475e-01,
         2.91318448e-01,  3.69974213e-01,  1.63063774e+00,
        -2.64226917e+00, -1.62784757e+00,  6.72547329e+00,
         1.95120724e+00,  2.02623398e+00,  3.92961482e+00,
         3.41074354e-02,  2.20605385e-01,  1.83510238e-01,
         1.03642627e-02, -6.18546698e-02,  8.48470010e-02],
       [-7.01085690e-01,  4.66252866e-02,  1.47002826e-02,
         1.54855700e-01, -8.32835581e-02, -8.98648171e-02,
         5.03850022e-02, -5.89244484e-02,  1.80833442e-02,
         3.82965471e-01, -3.38726796e-01,  3.41074354e-02,
         3.94913795e-01, -2.83978706e-02, -6.86429247e-03,
         5.60594598e-02, -6.97315291e-03,  1.33905240e-01],
       [ 7.34672714e-02, -1.08825674e-01,  7.47707847e-02,
         1.51809171e-02,  6.57832912e-02,  1.27489134e-01,
        -5.37356660e-02, -5.28219666e-02,  4.93494886e-01,
         9.65825753e-02,  1.98627866e-01,  2.20605385e-01,
        -2.83978706e-02,  8.51486183e-02,  2.26265733e-02,
         6.16132107e-03,  2.09967548e-02,  1.44761774e-02],
       [-3.21216558e-02, -1.30557164e-01, -7.74298274e-02,
        -3.00114063e-02, -2.73106793e-02,  1.14466330e-01,
        -1.27345346e-01, -2.59349197e-01,  3.47915290e-01,
        -8.36523785e-02,  5.54744291e-02,  1.83510238e-01,
        -6.86429247e-03,  2.26265733e-02,  1.16136427e-01,
        -2.59324702e-02, -1.37113602e-02,  4.78102638e-02],
       [-2.02151950e-02,  1.46965114e-02,  4.33941006e-02,
         5.46612092e-02,  1.75771155e-02, -9.81755786e-03,
         1.00066897e-01,  3.91584933e-02,  2.44953670e-03,
         1.17752014e-01, -3.61409720e-03,  1.03642627e-02,
         5.60594598e-02,  6.16132107e-03, -2.59324702e-02,
         4.15897387e-02, -3.11473685e-03,  7.25403932e-03],
       [-1.48986016e-02,  3.00845591e-02,  2.59245897e-02,
        -1.85392067e-02,  1.68586206e-02, -1.93692295e-02,
        -5.70597797e-03,  6.24143621e-02, -2.39812257e-02,
        -2.96905031e-02,  1.16077098e-02, -6.18546698e-02,
        -6.97315291e-03,  2.09967548e-02, -1.37113602e-02,
        -3.11473685e-03,  3.40040686e-02,  1.16304797e-03],
       [-2.75237259e-01, -4.93161821e-02,  1.60698351e-02,
         2.66694038e-02, -2.84316259e-02,  1.98539066e-02,
        -5.48242462e-02, -1.04100879e-01,  1.42321337e-01,
         7.05005850e-02, -6.64250757e-02,  8.48470010e-02,
         1.33905240e-01,  1.44761774e-02,  4.78102638e-02,
         7.25403932e-03,  1.16304797e-03,  8.90541858e-02]])
      jac: array([-3.23330992e-04,  1.00242407e-04,  8.72102390e-05, -2.71867714e-05,
       -2.83719714e-04,  3.75209863e-04,  3.66577139e-05, -5.25783121e-05,
       -6.88327173e-05,  3.03020572e-05,  1.44727193e-04, -1.01824105e-04,
       -6.74888293e-04,  2.40093131e-05,  1.44279033e-04,  6.36526757e-04,
       -7.16438020e-05, -2.19955905e-04])
  message: 'Maximum number of iterations has been exceeded.'
     nfev: 2185
      nit: 100
     njev: 115
   status: 1
  success: False
        x: array([ 0.09981244,  0.20655725,  0.6843531 ,  1.86942918, -0.82791983,
       -0.07832205,  2.74532304, -0.45847931,  0.67698952,  2.29657456,
       -0.7324358 , -0.62873371,  0.13722917,  0.09930823, -0.23067494,
       -1.45465468, -0.2178837 ,  0.05158851])
