Program Begingeth
      fun: 0.29835153761543026
 hess_inv: array([[ 1.19884811e+01, -2.38089986e+00,  1.83328791e+00,
         2.84259309e+00, -1.60593380e+00,  1.31453728e+00,
         5.22857538e+00, -1.72812869e+00, -5.44848249e+00,
        -8.20459221e-01, -8.85758126e-01,  1.47813398e+00,
        -2.48686066e+00,  6.38358079e-01,  1.55058845e-01,
        -2.08130106e-01,  1.30855994e+00, -5.98394298e-01],
       [-2.38089986e+00,  2.06620778e+00,  8.76110902e-02,
        -3.67533271e-01,  8.16638021e-01, -3.22556060e-01,
        -3.31007574e-01,  1.05112059e+00, -5.27838367e-02,
        -1.34222162e-01, -4.46484956e-02, -1.13792338e+00,
         6.79999110e-01, -2.64354995e-01,  2.74081606e-02,
         3.09743567e-04, -2.18590615e-01,  1.80231958e-01],
       [ 1.83328791e+00,  8.76110902e-02,  2.02292906e+00,
         5.92804152e-01,  3.62785665e-02,  6.28021825e-01,
         2.80707574e+00,  7.65012145e-01, -1.19543554e+00,
        -1.58944267e-01,  5.82380852e-01, -2.96167821e-01,
        -3.01626709e-01, -5.47723278e-03, -1.00458255e-01,
         3.81275224e-02,  2.43418255e-01, -3.77739710e-02],
       [ 2.84259309e+00, -3.67533271e-01,  5.92804152e-01,
         7.89162425e-01, -3.06151206e-01,  3.48517289e-01,
         1.99413808e+00, -4.38580974e-01, -1.53367079e+00,
        -1.59411808e-01, -2.55120232e-01,  2.56544899e-01,
        -5.16701604e-01,  1.34938545e-01,  6.37048748e-02,
        -2.27924676e-02,  2.80385387e-01, -1.14968608e-01],
       [-1.60593380e+00,  8.16638021e-01,  3.62785665e-02,
        -3.06151206e-01,  4.43719508e-01, -1.70862684e-01,
        -2.85416103e-01,  9.48796076e-01,  3.74825793e-01,
        -7.24067397e-02,  9.20667465e-02, -4.05843909e-01,
         4.35980424e-01, -9.03213761e-02, -3.74792596e-02,
         5.13587061e-02, -1.48043793e-01,  1.16567711e-01],
       [ 1.31453728e+00, -3.22556060e-01,  6.28021825e-01,
         3.48517289e-01, -1.70862684e-01,  3.41994407e-01,
         1.22808782e+00, -2.40461457e-01, -2.96815056e-01,
         4.31664298e-02, -6.74813709e-04,  1.26983177e-01,
        -3.01952770e-01,  9.08770464e-02,  3.65403462e-02,
        -1.20161106e-02,  1.53730999e-01, -4.49489077e-02],
       [ 5.22857538e+00, -3.31007574e-01,  2.80707574e+00,
         1.99413808e+00, -2.85416103e-01,  1.22808782e+00,
         9.25937965e+00, -7.71309478e-01, -3.47021931e+00,
         1.71483045e-01, -1.66463483e-01,  3.63937352e-01,
        -8.02283483e-01,  2.72715871e-01,  1.22139942e-01,
         8.41880132e-02,  4.59563422e-01, -1.17614120e-01],
       [-1.72812869e+00,  1.05112059e+00,  7.65012145e-01,
        -4.38580974e-01,  9.48796076e-01, -2.40461457e-01,
        -7.71309478e-01,  5.49935163e+00,  1.42610579e-01,
        -1.21570711e+00,  4.32944813e-01, -4.72420567e-01,
         7.10058030e-01, -9.10728278e-03, -3.07802855e-01,
         1.53164106e-01, -5.50707737e-02,  2.23068574e-01],
       [-5.44848249e+00, -5.27838367e-02, -1.19543554e+00,
        -1.53367079e+00,  3.74825793e-01, -2.96815056e-01,
        -3.47021931e+00,  1.42610579e-01,  5.91987927e+00,
         2.96492701e-01,  3.22884456e-01, -1.98565966e-01,
         9.59369478e-01, -4.62582334e-02,  4.10815884e-02,
         7.39793821e-02, -5.07066360e-01,  2.78151557e-01],
       [-8.20459221e-01, -1.34222162e-01, -1.58944267e-01,
        -1.59411808e-01, -7.24067397e-02,  4.31664298e-02,
         1.71483045e-01, -1.21570711e+00,  2.96492701e-01,
         1.23895177e+00,  1.40945594e-01,  2.49127225e-02,
        -9.70478588e-02, -8.48333880e-02, -1.42921525e-02,
         5.49601405e-03, -1.68381437e-01, -1.42721308e-01],
       [-8.85758126e-01, -4.46484956e-02,  5.82380852e-01,
        -2.55120232e-01,  9.20667465e-02, -6.74813709e-04,
        -1.66463483e-01,  4.32944813e-01,  3.22884456e-01,
         1.40945594e-01,  1.11814988e+00, -2.48122760e-01,
         1.47267898e-01, -2.22435225e-01, -2.65984426e-01,
         7.72941707e-02, -8.16109398e-02, -8.30493102e-02],
       [ 1.47813398e+00, -1.13792338e+00, -2.96167821e-01,
         2.56544899e-01, -4.05843909e-01,  1.26983177e-01,
         3.63937352e-01, -4.72420567e-01, -1.98565966e-01,
         2.49127225e-02, -2.48122760e-01,  1.09648046e+00,
        -3.59098784e-01,  2.81081011e-01, -2.96154468e-02,
         4.54372378e-02,  1.81859767e-01, -7.07280130e-02],
       [-2.48686066e+00,  6.79999110e-01, -3.01626709e-01,
        -5.16701604e-01,  4.35980424e-01, -3.01952770e-01,
        -8.02283483e-01,  7.10058030e-01,  9.59369478e-01,
        -9.70478588e-02,  1.47267898e-01, -3.59098784e-01,
         6.67637270e-01, -1.31190770e-01, -2.67672263e-02,
         9.98292469e-02, -2.82108996e-01,  1.87890417e-01],
       [ 6.38358079e-01, -2.64354995e-01, -5.47723278e-03,
         1.34938545e-01, -9.03213761e-02,  9.08770464e-02,
         2.72715871e-01, -9.10728278e-03, -4.62582334e-02,
        -8.48333880e-02, -2.22435225e-01,  2.81081011e-01,
        -1.31190770e-01,  1.43920377e-01,  3.43296346e-02,
         3.88688207e-04,  1.04573368e-01,  3.06670974e-03],
       [ 1.55058845e-01,  2.74081606e-02, -1.00458255e-01,
         6.37048748e-02, -3.74792596e-02,  3.65403462e-02,
         1.22139942e-01, -3.07802855e-01,  4.10815884e-02,
        -1.42921525e-02, -2.65984426e-01, -2.96154468e-02,
        -2.67672263e-02,  3.43296346e-02,  1.15902453e-01,
        -3.03996949e-02,  3.76060437e-03,  4.75019189e-02],
       [-2.08130106e-01,  3.09743567e-04,  3.81275224e-02,
        -2.27924676e-02,  5.13587061e-02, -1.20161106e-02,
         8.41880132e-02,  1.53164106e-01,  7.39793821e-02,
         5.49601405e-03,  7.72941707e-02,  4.54372378e-02,
         9.98292469e-02,  3.88688207e-04, -3.03996949e-02,
         6.37281937e-02, -3.08533552e-02,  1.83858681e-02],
       [ 1.30855994e+00, -2.18590615e-01,  2.43418255e-01,
         2.80385387e-01, -1.48043793e-01,  1.53730999e-01,
         4.59563422e-01, -5.50707737e-02, -5.07066360e-01,
        -1.68381437e-01, -8.16109398e-02,  1.81859767e-01,
        -2.82108996e-01,  1.04573368e-01,  3.76060437e-03,
        -3.08533552e-02,  1.97343428e-01, -5.75844522e-02],
       [-5.98394298e-01,  1.80231958e-01, -3.77739710e-02,
        -1.14968608e-01,  1.16567711e-01, -4.49489077e-02,
        -1.17614120e-01,  2.23068574e-01,  2.78151557e-01,
        -1.42721308e-01, -8.30493102e-02, -7.07280130e-02,
         1.87890417e-01,  3.06670974e-03,  4.75019189e-02,
         1.83858681e-02, -5.75844522e-02,  1.14035230e-01]])
      jac: array([ 3.54942002e-05, -3.22889863e-06, -3.06565884e-05, -6.86280662e-05,
        8.20928510e-05,  5.28081282e-05,  5.76427794e-06, -7.20793795e-06,
       -2.77037652e-06,  9.85989068e-06,  1.42693265e-05, -1.65241894e-05,
       -2.35792867e-05,  1.29155945e-05, -7.55714010e-05, -1.35828386e-05,
       -7.66046486e-05,  1.04565615e-04])
  message: 'Desired error not necessarily achieved due to precision loss.'
     nfev: 2273
      nit: 79
     njev: 119
   status: 2
  success: False
        x: array([ 0.6890106 , -0.78491359,  0.46584662,  1.37699999, -0.78533838,
        0.21544259,  2.02775438, -0.63163318,  1.05048644,  0.00777462,
        0.52649192,  1.06863075,  0.04937868,  0.15147033, -0.26411221,
       -1.27999019, -0.49505566,  0.03073859])
