Program Begingeth
      fun: 0.27785955549170516
 hess_inv: array([[ 1.00436371e+01, -1.20225305e+00, -6.77961372e+00,
         4.84083588e+00, -3.59027634e-01, -3.36453539e+00,
        -1.38740678e+00, -3.39034983e+00, -1.04153733e+01,
         8.57189718e-01, -1.23284892e+00,  1.05646787e+00,
         8.29643959e-01,  6.81902005e-02,  2.17544237e-01,
         4.09399453e-01, -7.92710286e-01,  3.83621818e-01],
       [-1.20225305e+00,  1.48033951e+00,  8.71700268e-01,
        -5.91085585e-01,  7.33159102e-01,  2.85545021e-01,
         5.75226796e-01,  9.73170235e-01,  7.48257739e-01,
        -4.06327245e-01,  2.38952685e-01,  6.75965777e-02,
        -1.36301764e-02,  7.85036570e-02, -1.86586134e-01,
         3.58933657e-02,  1.25530407e-01, -6.00680274e-02],
       [-6.77961372e+00,  8.71700268e-01,  7.41745495e+00,
        -2.99828485e+00,  5.24218729e-01,  3.81529147e+00,
         3.80519049e+00,  4.04831828e+00,  1.01100409e+01,
        -5.12899985e-01,  6.23517027e-01, -6.47895911e-01,
        -4.12783852e-01,  1.30350762e-01, -3.70147368e-02,
        -1.48192814e-01,  5.22098461e-01, -2.82283240e-01],
       [ 4.84083588e+00, -5.91085585e-01, -2.99828485e+00,
         2.40859170e+00, -1.57267623e-01, -1.48028619e+00,
        -1.04125326e-01, -1.54770938e+00, -4.58734447e+00,
         4.09504478e-01, -5.88602249e-01,  4.87050302e-01,
         4.60162572e-01,  1.56615407e-02,  1.10486698e-01,
         2.29926826e-01, -4.26039388e-01,  1.87790914e-01],
       [-3.59027634e-01,  7.33159102e-01,  5.24218729e-01,
        -1.57267623e-01,  4.19726282e-01,  2.03489409e-01,
         4.98031539e-01,  7.62729998e-01,  3.91413101e-01,
        -1.36124020e-01,  7.61988602e-02,  1.03915097e-01,
         2.67349418e-02,  6.99771796e-02, -8.36722140e-02,
         5.44366059e-02,  4.23869702e-02, -2.61748590e-02],
       [-3.36453539e+00,  2.85545021e-01,  3.81529147e+00,
        -1.48028619e+00,  2.03489409e-01,  2.01815384e+00,
         1.89569461e+00,  2.12201948e+00,  5.37545543e+00,
        -1.53090394e-01,  2.25097460e-01, -3.26075610e-01,
        -2.29423846e-01,  7.29552895e-02,  2.29914743e-02,
        -8.69443849e-02,  2.48310638e-01, -1.44061448e-01],
       [-1.38740678e+00,  5.75226796e-01,  3.80519049e+00,
        -1.04125326e-01,  4.98031539e-01,  1.89569461e+00,
         5.57498199e+00,  1.91460606e+00,  5.02162567e+00,
        -1.95664539e-01,  3.02403511e-01, -1.40724741e-01,
         2.75789713e-01,  1.08292043e-02, -8.76902927e-02,
         1.88434130e-01, -7.60515579e-02, -1.04608858e-01],
       [-3.39034983e+00,  9.73170235e-01,  4.04831828e+00,
        -1.54770938e+00,  7.62729998e-01,  2.12201948e+00,
         1.91460606e+00,  4.48426258e+00,  5.21497320e+00,
         1.06752534e-02,  3.06794752e-01, -6.58981746e-02,
        -2.97696821e-01,  1.72969592e-01, -4.69508402e-02,
        -4.42039668e-02,  2.70236468e-01, -1.91088209e-01],
       [-1.04153733e+01,  7.48257739e-01,  1.01100409e+01,
        -4.58734447e+00,  3.91413101e-01,  5.37545543e+00,
         5.02162567e+00,  5.21497320e+00,  1.61981084e+01,
        -5.08520397e-01,  9.38045806e-01, -1.10255961e+00,
        -6.59615119e-01, -3.37129678e-02, -5.86778039e-02,
        -2.89750286e-01,  6.07193353e-01, -4.81817348e-01],
       [ 8.57189718e-01, -4.06327245e-01, -5.12899985e-01,
         4.09504478e-01, -1.36124020e-01, -1.53090394e-01,
        -1.95664539e-01,  1.06752534e-02, -5.08520397e-01,
         7.48782119e-01, -4.98539955e-02,  4.41936236e-02,
        -9.06043776e-02, -3.37110739e-02, -2.03402280e-02,
         1.37925896e-02, -1.08724710e-01, -1.48519807e-01],
       [-1.23284892e+00,  2.38952685e-01,  6.23517027e-01,
        -5.88602249e-01,  7.61988602e-02,  2.25097460e-01,
         3.02403511e-01,  3.06794752e-01,  9.38045806e-01,
        -4.98539955e-02,  6.17871574e-01, -1.69607862e-01,
        -9.58058576e-02, -1.15692963e-01, -1.79720499e-01,
        -1.97696575e-02,  8.67953531e-02, -1.69260064e-01],
       [ 1.05646787e+00,  6.75965777e-02, -6.47895911e-01,
         4.87050302e-01,  1.03915097e-01, -3.26075610e-01,
        -1.40724741e-01, -6.58981746e-02, -1.10255961e+00,
         4.41936236e-02, -1.69607862e-01,  3.84456830e-01,
         1.17100591e-01,  9.51885329e-02, -2.11459276e-02,
         1.02386407e-01, -2.40358167e-02,  6.08985587e-02],
       [ 8.29643959e-01, -1.36301764e-02, -4.12783852e-01,
         4.60162572e-01,  2.67349418e-02, -2.29423846e-01,
         2.75789713e-01, -2.97696821e-01, -6.59615119e-01,
        -9.06043776e-02, -9.58058576e-02,  1.17100591e-01,
         1.90890328e-01,  3.82169002e-03,  1.90868555e-02,
         1.08191684e-01, -9.64121708e-02,  7.95711391e-02],
       [ 6.81902005e-02,  7.85036570e-02,  1.30350762e-01,
         1.56615407e-02,  6.99771796e-02,  7.29552895e-02,
         1.08292043e-02,  1.72969592e-01, -3.37129678e-02,
        -3.37110739e-02, -1.15692963e-01,  9.51885329e-02,
         3.82169002e-03,  9.11834199e-02,  2.17601690e-02,
         1.34293297e-02,  5.65547303e-02,  3.22384926e-02],
       [ 2.17544237e-01, -1.86586134e-01, -3.70147368e-02,
         1.10486698e-01, -8.36722140e-02,  2.29914743e-02,
        -8.76902927e-02, -4.69508402e-02, -5.86778039e-02,
        -2.03402280e-02, -1.79720499e-01, -2.11459276e-02,
         1.90868555e-02,  2.17601690e-02,  1.05377557e-01,
        -1.48518870e-02, -2.27219944e-02,  8.15239721e-02],
       [ 4.09399453e-01,  3.58933657e-02, -1.48192814e-01,
         2.29926826e-01,  5.44366059e-02, -8.69443849e-02,
         1.88434130e-01, -4.42039668e-02, -2.89750286e-01,
         1.37925896e-02, -1.97696575e-02,  1.02386407e-01,
         1.08191684e-01,  1.34293297e-02, -1.48518870e-02,
         9.45805831e-02, -4.52364468e-02,  1.78381747e-02],
       [-7.92710286e-01,  1.25530407e-01,  5.22098461e-01,
        -4.26039388e-01,  4.23869702e-02,  2.48310638e-01,
        -7.60515579e-02,  2.70236468e-01,  6.07193353e-01,
        -1.08724710e-01,  8.67953531e-02, -2.40358167e-02,
        -9.64121708e-02,  5.65547303e-02, -2.27219944e-02,
        -4.52364468e-02,  1.46051929e-01, -2.30013982e-02],
       [ 3.83621818e-01, -6.00680274e-02, -2.82283240e-01,
         1.87790914e-01, -2.61748590e-02, -1.44061448e-01,
        -1.04608858e-01, -1.91088209e-01, -4.81817348e-01,
        -1.48519807e-01, -1.69260064e-01,  6.08985587e-02,
         7.95711391e-02,  3.22384926e-02,  8.15239721e-02,
         1.78381747e-02, -2.30013982e-02,  1.24869654e-01]])
      jac: array([-5.63623222e-07,  2.10601906e-05,  1.30932302e-06,  2.97354733e-06,
       -4.50609920e-05,  5.63253148e-06, -9.27036226e-07,  2.23783954e-06,
       -1.82002561e-06,  3.17523785e-06,  9.77292321e-06,  8.35109759e-06,
        1.25581027e-05,  2.67730282e-05,  8.58498458e-06, -1.87501866e-05,
       -1.84678199e-05, -5.26282721e-06])
  message: 'Desired error not necessarily achieved due to precision loss.'
     nfev: 2689
      nit: 84
     njev: 141
   status: 2
  success: False
        x: array([ 1.80120557, -1.05721579,  0.34220249,  1.57232211, -1.13597962,
        0.06792227,  2.31319056, -1.23548751, -0.82001622,  0.06887478,
        0.44591536,  1.26222535,  0.05324662,  0.12508448, -0.31740167,
       -0.96879215, -0.44599913, -0.02859871])
