Program Begingeth
      fun: 0.33552572009787535
 hess_inv: array([[ 4.43337951e+00, -3.34243840e-01, -1.55525325e+00,
         1.62576360e+00, -5.72127126e-02, -1.61673573e+00,
        -1.03218631e+00, -7.20749528e-01, -7.21795010e+00,
        -4.67878412e-02,  8.52895743e-01,  1.28960042e-01,
        -3.44827462e-01, -2.10049406e-01, -4.39295516e-01,
        -2.53926939e-01, -2.29768453e-01,  7.64893075e-02],
       [-3.34243840e-01,  5.14310834e+00,  1.30808250e+00,
        -1.63357617e-01,  2.25691257e+00,  5.69168441e-01,
         3.81591552e+00,  1.65011968e+00,  6.41701903e+00,
         7.91569582e-01,  4.91085409e-01, -1.09736321e+00,
        -5.08840933e-01, -3.13750214e-01, -1.09573252e-01,
        -7.77794043e-02, -2.63587920e-01,  8.77195757e-02],
       [-1.55525325e+00,  1.30808250e+00,  2.47284669e+00,
        -3.01489717e-01,  4.48165316e-01,  1.43951455e+00,
         2.71560254e+00, -1.16835411e+00,  5.44140414e+00,
         4.46373863e-02,  3.30111399e-01, -3.64771869e-01,
         2.04588145e-01,  1.72881853e-02,  2.41014580e-02,
         6.19591436e-02,  1.55958276e-01, -1.18284726e-01],
       [ 1.62576360e+00, -1.63357617e-01, -3.01489717e-01,
         6.79889465e-01, -4.45285488e-02, -4.58924961e-01,
         1.42209819e-01, -5.58366954e-01, -2.40797520e+00,
        -7.07387232e-02,  3.86882937e-01,  9.34799541e-02,
        -6.41024914e-02, -5.32623681e-02, -1.94806382e-01,
        -8.71454779e-02, -4.70202531e-02, -1.17325187e-02],
       [-5.72127126e-02,  2.25691257e+00,  4.48165316e-01,
        -4.45285488e-02,  1.06524442e+00,  1.85913812e-01,
         1.97971746e+00,  1.21989796e+00,  2.50801963e+00,
         3.11109697e-01,  1.62739765e-01, -4.04916772e-01,
        -2.72342588e-01, -1.07373164e-01, -4.86725430e-02,
        -7.05267370e-02, -1.44955103e-01,  4.67941996e-02],
       [-1.61673573e+00,  5.69168441e-01,  1.43951455e+00,
        -4.58924961e-01,  1.85913812e-01,  1.03829544e+00,
         1.56929768e+00, -3.02444966e-01,  4.17455124e+00,
        -6.61141969e-02, -1.13907700e-01, -1.42733922e-01,
         2.01743573e-01,  7.37801635e-02,  1.29960380e-01,
         1.00819543e-01,  1.16654698e-01, -6.64111974e-02],
       [-1.03218631e+00,  3.81591552e+00,  2.71560254e+00,
         1.42209819e-01,  1.97971746e+00,  1.56929768e+00,
         1.02008357e+01,  1.82099659e+00,  7.76887447e+00,
         8.27801637e-02,  3.12190802e-01, -2.75055697e-01,
        -2.38709382e-01, -2.04658640e-02, -1.45466332e-01,
        -1.44855653e-01, -2.95064696e-01, -1.55581146e-01],
       [-7.20749528e-01,  1.65011968e+00, -1.16835411e+00,
        -5.58366954e-01,  1.21989796e+00, -3.02444966e-01,
         1.82099659e+00,  6.18171255e+00,  1.14872696e+00,
         9.80788808e-02, -7.50996645e-01, -1.61919998e-01,
        -4.29195311e-01,  6.34352642e-02,  2.68235664e-01,
        -4.32696068e-02, -2.93135694e-01,  1.67889326e-01],
       [-7.21795010e+00,  6.41701903e+00,  5.44140414e+00,
        -2.40797520e+00,  2.50801963e+00,  4.17455124e+00,
         7.76887447e+00,  1.14872696e+00,  2.35141158e+01,
         5.47689022e-01, -3.76550598e-01, -1.44567346e+00,
         3.15232595e-01, -1.29675429e-01,  5.48342991e-01,
         4.67635192e-01,  9.83440277e-02, -7.08437202e-02],
       [-4.67878412e-02,  7.91569582e-01,  4.46373863e-02,
        -7.07387232e-02,  3.11109697e-01, -6.61141969e-02,
         8.27801637e-02,  9.80788808e-02,  5.47689022e-01,
         8.54906264e-01,  4.85971786e-03, -1.77620818e-01,
        -2.63281382e-01, -2.98603696e-02,  6.98389382e-02,
        -3.05382270e-02, -1.13881616e-03,  2.13136039e-01],
       [ 8.52895743e-01,  4.91085409e-01,  3.30111399e-01,
         3.86882937e-01,  1.62739765e-01, -1.13907700e-01,
         3.12190802e-01, -7.50996645e-01, -3.76550598e-01,
         4.85971786e-03,  8.97711624e-01, -2.27945928e-01,
        -4.59482751e-02, -2.13461860e-01, -2.56736888e-01,
        -7.21963102e-02, -3.94369048e-02, -1.19957449e-01],
       [ 1.28960042e-01, -1.09736321e+00, -3.64771869e-01,
         9.34799541e-02, -4.04916772e-01, -1.42733922e-01,
        -2.75055697e-01, -1.61919998e-01, -1.44567346e+00,
        -1.77620818e-01, -2.27945928e-01,  6.11549748e-01,
         5.63242544e-02,  1.66502921e-01, -2.95558697e-02,
        -5.70529018e-02,  7.63620492e-02, -4.84604182e-03],
       [-3.44827462e-01, -5.08840933e-01,  2.04588145e-01,
        -6.41024914e-02, -2.72342588e-01,  2.01743573e-01,
        -2.38709382e-01, -4.29195311e-01,  3.15232595e-01,
        -2.63281382e-01, -4.59482751e-02,  5.63242544e-02,
         2.21663694e-01,  4.71259954e-02,  1.87387173e-02,
         9.51605216e-02,  9.33488108e-02, -8.66721296e-02],
       [-2.10049406e-01, -3.13750214e-01,  1.72881853e-02,
        -5.32623681e-02, -1.07373164e-01,  7.37801635e-02,
        -2.04658640e-02,  6.34352642e-02, -1.29675429e-01,
        -2.98603696e-02, -2.13461860e-01,  1.66502921e-01,
         4.71259954e-02,  1.23323444e-01,  4.85119949e-02,
         5.86116079e-03,  8.08069676e-02,  1.66576872e-02],
       [-4.39295516e-01, -1.09573252e-01,  2.41014580e-02,
        -1.94806382e-01, -4.86725430e-02,  1.29960380e-01,
        -1.45466332e-01,  2.68235664e-01,  5.48342991e-01,
         6.98389382e-02, -2.56736888e-01, -2.95558697e-02,
         1.87387173e-02,  4.85119949e-02,  1.41893831e-01,
         4.74845708e-02,  1.79641011e-02,  7.39547633e-02],
       [-2.53926939e-01, -7.77794043e-02,  6.19591436e-02,
        -8.71454779e-02, -7.05267370e-02,  1.00819543e-01,
        -1.44855653e-01, -4.32696068e-02,  4.67635192e-01,
        -3.05382270e-02, -7.21963102e-02, -5.70529018e-02,
         9.51605216e-02,  5.86116079e-03,  4.74845708e-02,
         8.61077153e-02,  3.33480351e-02, -1.01480854e-02],
       [-2.29768453e-01, -2.63587920e-01,  1.55958276e-01,
        -4.70202531e-02, -1.44955103e-01,  1.16654698e-01,
        -2.95064696e-01, -2.93135694e-01,  9.83440277e-02,
        -1.13881616e-03, -3.94369048e-02,  7.63620492e-02,
         9.33488108e-02,  8.08069676e-02,  1.79641011e-02,
         3.33480351e-02,  1.24915065e-01, -1.14361003e-02],
       [ 7.64893075e-02,  8.77195757e-02, -1.18284726e-01,
        -1.17325187e-02,  4.67941996e-02, -6.64111974e-02,
        -1.55581146e-01,  1.67889326e-01, -7.08437202e-02,
         2.13136039e-01, -1.19957449e-01, -4.84604182e-03,
        -8.66721296e-02,  1.66576872e-02,  7.39547633e-02,
        -1.01480854e-02, -1.14361003e-02,  1.19648725e-01]])
      jac: array([-5.82571029e-06, -3.08197912e-06,  9.25111839e-06,  1.16051613e-05,
        5.75650638e-06, -1.87213208e-05, -1.02251541e-06,  3.29366164e-08,
        1.27897692e-06, -2.20971389e-06, -4.21625697e-06, -2.58496928e-06,
       -2.16900572e-06,  2.94357131e-06, -2.79813210e-06,  3.44021108e-06,
       -2.07204624e-06,  2.98946053e-06])
  message: 'Desired error not necessarily achieved due to precision loss.'
     nfev: 1988
      nit: 61
     njev: 104
   status: 2
  success: False
        x: array([-0.83947147, -1.39501903,  0.62532761, -1.0254255 , -1.3934556 ,
        0.19976044, -0.53935321, -2.23564322, -0.360277  ,  0.03740461,
        0.50517276,  1.19938079,  0.13212758,  0.04646522, -0.32564314,
        1.2403574 , -0.48846098, -0.03440395])
