Program Begingeth
      fun: 0.2502719061454571
 hess_inv: array([[ 4.44205818e+00,  1.60799752e+00, -9.61760269e-01,
         1.19378304e+00,  6.91674817e-01, -1.01399454e+00,
        -2.41187383e-01, -5.92854933e-01, -2.83110920e+00,
         1.02589925e-02,  3.52895895e-01, -3.42637685e-01,
        -7.76940704e-01, -3.39842360e-01, -2.01351099e-01,
        -1.68323593e-01, -4.53618704e-01,  1.94248512e-01],
       [ 1.60799752e+00,  2.90064632e+00, -3.03693435e-01,
         1.98023477e-01,  1.14568240e+00, -3.85258185e-01,
        -7.68064308e-01,  1.92067507e+00,  9.89391871e-02,
         3.93456842e-01, -7.95009065e-02, -9.81292686e-01,
        -4.99527711e-01, -3.61451845e-01,  6.30450710e-02,
         1.66159457e-02, -2.48651290e-01,  1.53272985e-01],
       [-9.61760269e-01, -3.03693435e-01,  5.98626833e+00,
         6.40438985e-01, -1.98728115e-01,  2.64074907e+00,
         1.00408161e+01, -3.43901652e+00,  6.45188865e+00,
        -4.63576128e-01,  1.66281359e+00, -5.68216678e-01,
         3.43417257e-01, -1.95822512e-02, -4.54918266e-01,
        -1.57303574e-01,  2.57324785e-01, -3.87023790e-01],
       [ 1.19378304e+00,  1.98023477e-01,  6.40438985e-01,
         5.33038337e-01,  1.06490674e-01,  1.27455185e-01,
         2.04704111e+00, -7.89918496e-01, -6.07481495e-02,
        -1.24581698e-01,  3.15452373e-01, -6.28568822e-02,
        -1.40801940e-01, -4.20449655e-02, -1.30940612e-01,
        -8.02853246e-02, -7.10538765e-02, -1.28658507e-02],
       [ 6.91674817e-01,  1.14568240e+00, -1.98728115e-01,
         1.06490674e-01,  5.10115058e-01, -1.68641746e-01,
        -7.35105353e-02,  1.24717828e+00, -2.09231606e-01,
         8.57606662e-02, -9.37244895e-02, -3.26656112e-01,
        -2.04560408e-01, -1.04750565e-01,  5.15578429e-02,
        -9.71133276e-03, -9.67763294e-02,  6.91483894e-02],
       [-1.01399454e+00, -3.85258185e-01,  2.64074907e+00,
         1.27455185e-01, -1.68641746e-01,  1.29904330e+00,
         4.58521555e+00, -1.11308133e+00,  3.24938726e+00,
        -3.11849645e-01,  5.58099886e-01, -1.47694037e-01,
         2.78701544e-01,  5.90714775e-02, -1.34721756e-01,
        -3.80060033e-02,  1.59519987e-01, -1.94071662e-01],
       [-2.41187383e-01, -7.68064308e-01,  1.00408161e+01,
         2.04704111e+00, -7.35105353e-02,  4.58521555e+00,
         2.44563455e+01, -4.40421685e+00,  9.44057856e+00,
        -1.19796087e+00,  2.01926964e+00, -2.81963330e-01,
         3.99286443e-01,  3.43712323e-01, -6.34182617e-01,
        -4.53896830e-01,  3.35779583e-01, -6.21200524e-01],
       [-5.92854933e-01,  1.92067507e+00, -3.43901652e+00,
        -7.89918496e-01,  1.24717828e+00, -1.11308133e+00,
        -4.40421685e+00,  9.88855905e+00, -2.93134877e+00,
        -2.59166252e-01, -1.62005806e+00, -2.51424626e-01,
        -2.40218035e-02,  3.47913838e-02,  7.67383249e-01,
         2.19478033e-01, -1.29644072e-01,  2.52579149e-01],
       [-2.83110920e+00,  9.89391871e-02,  6.45188865e+00,
        -6.07481495e-02, -2.09231606e-01,  3.24938726e+00,
         9.44057856e+00, -2.93134877e+00,  1.17783607e+01,
        -6.15808098e-01,  1.67444825e+00, -7.83946643e-01,
         6.05598289e-01, -2.84604372e-01, -4.80586266e-01,
        -1.61372825e-03,  2.01369365e-01, -5.57930032e-01],
       [ 1.02589925e-02,  3.93456842e-01, -4.63576128e-01,
        -1.24581698e-01,  8.57606662e-02, -3.11849645e-01,
        -1.19796087e+00, -2.59166252e-01, -6.15808098e-01,
         9.75673335e-01, -1.78338256e-01, -4.87616300e-02,
        -2.59051150e-01, -5.03135054e-05,  9.43927208e-02,
         2.19027654e-03,  2.93273251e-02,  2.20073456e-01],
       [ 3.52895895e-01, -7.95009065e-02,  1.66281359e+00,
         3.15452373e-01, -9.37244895e-02,  5.58099886e-01,
         2.01926964e+00, -1.62005806e+00,  1.67444825e+00,
        -1.78338256e-01,  1.13613749e+00, -2.54325310e-01,
         1.07354957e-02, -1.92348434e-01, -3.21954210e-01,
        -7.98492075e-02,  9.95709075e-03, -1.79284588e-01],
       [-3.42637685e-01, -9.81292686e-01, -5.68216678e-01,
        -6.28568822e-02, -3.26656112e-01, -1.47694037e-01,
        -2.81963330e-01, -2.51424626e-01, -7.83946643e-01,
        -4.87616300e-02, -2.54325310e-01,  7.32635606e-01,
         7.27431636e-02,  2.18084547e-01, -4.43223989e-04,
        -5.37042131e-02,  8.83892915e-02,  2.56950778e-02],
       [-7.76940704e-01, -4.99527711e-01,  3.43417257e-01,
        -1.40801940e-01, -2.04560408e-01,  2.78701544e-01,
         3.99286443e-01, -2.40218035e-02,  6.05598289e-01,
        -2.59051150e-01,  1.07354957e-02,  7.27431636e-02,
         2.58422780e-01,  7.28403191e-02,  3.31119405e-03,
         6.23379976e-02,  9.64960681e-02, -1.01224106e-01],
       [-3.39842360e-01, -3.61451845e-01, -1.95822512e-02,
        -4.20449655e-02, -1.04750565e-01,  5.90714775e-02,
         3.43712323e-01,  3.47913838e-02, -2.84604372e-01,
        -5.03135054e-05, -1.92348434e-01,  2.18084547e-01,
         7.28403191e-02,  1.50981514e-01,  4.82243721e-02,
        -6.40295229e-03,  8.96245415e-02,  1.45395162e-02],
       [-2.01351099e-01,  6.30450710e-02, -4.54918266e-01,
        -1.30940612e-01,  5.15578429e-02, -1.34721756e-01,
        -6.34182617e-01,  7.67383249e-01, -4.80586266e-01,
         9.43927208e-02, -3.21954210e-01, -4.43223989e-04,
         3.31119405e-03,  4.82243721e-02,  1.44787273e-01,
         3.73154327e-02,  4.08983131e-03,  7.79300020e-02],
       [-1.68323593e-01,  1.66159457e-02, -1.57303574e-01,
        -8.02853246e-02, -9.71133276e-03, -3.80060033e-02,
        -4.53896830e-01,  2.19478033e-01, -1.61372825e-03,
         2.19027654e-03, -7.98492075e-02, -5.37042131e-02,
         6.23379976e-02, -6.40295229e-03,  3.73154327e-02,
         6.09019403e-02,  9.33062152e-03, -2.41876389e-03],
       [-4.53618704e-01, -2.48651290e-01,  2.57324785e-01,
        -7.10538765e-02, -9.67763294e-02,  1.59519987e-01,
         3.35779583e-01, -1.29644072e-01,  2.01369365e-01,
         2.93273251e-02,  9.95709075e-03,  8.83892915e-02,
         9.64960681e-02,  8.96245415e-02,  4.08983131e-03,
         9.33062152e-03,  1.06800416e-01, -1.93722155e-02],
       [ 1.94248512e-01,  1.53272985e-01, -3.87023790e-01,
        -1.28658507e-02,  6.91483894e-02, -1.94071662e-01,
        -6.21200524e-01,  2.52579149e-01, -5.57930032e-01,
         2.20073456e-01, -1.79284588e-01,  2.56950778e-02,
        -1.01224106e-01,  1.45395162e-02,  7.79300020e-02,
        -2.41876389e-03, -1.93722155e-02,  1.08824258e-01]])
      jac: array([ 6.36228107e-05,  8.54682991e-05,  4.24290233e-06, -1.00359721e-04,
       -2.40312955e-04,  5.34698212e-05,  1.98988973e-06,  1.68372723e-05,
        1.49213975e-06,  1.03113814e-05, -1.46923214e-05,  2.47724064e-05,
       -3.26242737e-05,  9.44648064e-05,  4.00683190e-05, -1.30839783e-05,
       -1.06022598e-05, -1.81251680e-04])
  message: 'Desired error not necessarily achieved due to precision loss.'
     nfev: 2480
      nit: 78
     njev: 130
   status: 2
  success: False
        x: array([-0.78645664, -0.91853588,  0.40148477, -1.20635519, -0.98200687,
        0.06571893, -1.14860022, -1.35370458, -0.86518233,  0.11011095,
        0.57089935,  1.09372303,  0.09687949,  0.25431918, -0.27137916,
        1.35723552, -0.10931763,  0.01755857])
