Program Begingeth
      fun: 0.3317568304376579
 hess_inv: array([[ 1.46558173e+00, -2.26969258e-01,  2.17289023e-01,
        -5.32516193e-01,  1.16869680e-03,  6.78312597e-01,
        -1.65255071e+00, -7.33975503e-01, -4.12613770e-01,
        -1.74475221e+00, -5.49581128e-02,  2.01734961e+00,
        -5.95118529e-01,  8.10876601e-02, -2.86221559e-02,
         5.29900039e-02, -1.03231880e-01, -2.67373090e-01],
       [-2.26969258e-01,  5.93014131e-01, -2.39969978e-01,
         4.81187036e-01,  6.82380939e-02, -4.14514145e-01,
         1.58922084e+00,  9.15340404e-01,  6.22189041e-01,
         1.55552894e+00,  2.74781085e-01, -1.23169983e+00,
         1.10341497e-01, -2.52539206e-01, -1.24759515e-01,
        -1.17985821e-02,  6.69302210e-02, -6.50204636e-02],
       [ 2.17289023e-01, -2.39969978e-01,  7.41827838e-01,
        -7.94369758e-01, -2.07105349e-01,  5.82569621e-01,
        -2.23327738e+00, -2.05154758e+00, -1.38945120e+00,
        -2.64970535e+00, -8.35632219e-01,  2.50010876e+00,
        -7.23436203e-02,  1.86862831e-01, -1.62995252e-01,
         9.44899865e-02, -3.41900721e-02,  3.82312468e-02],
       [-5.32516193e-01,  4.81187036e-01, -7.94369758e-01,
         1.36213537e+00,  3.88630205e-01, -1.02660713e+00,
         4.20239547e+00,  3.42526592e+00,  2.44584913e+00,
         4.33610809e+00,  1.26231284e+00, -4.24130478e+00,
         2.81993225e-01, -2.47137184e-01,  8.40389688e-02,
        -5.43498772e-02,  9.94651960e-02, -4.40318862e-03],
       [ 1.16869680e-03,  6.82380939e-02, -2.07105349e-01,
         3.88630205e-01,  3.96025972e-01, -2.79564185e-01,
         1.36857441e+00,  1.70435680e+00,  1.09052898e+00,
         1.04537520e+00,  1.08251583e+00, -1.56364290e+00,
         7.61195189e-02,  3.77822751e-02,  7.88380962e-02,
         2.19300126e-02,  3.82137171e-02, -5.97969186e-03],
       [ 6.78312597e-01, -4.14514145e-01,  5.82569621e-01,
        -1.02660713e+00, -2.79564185e-01,  1.02995964e+00,
        -3.49615568e+00, -2.80731112e+00, -1.52303742e+00,
        -3.34743658e+00, -7.29289533e-01,  3.90269101e+00,
        -2.82532600e-01,  1.44997670e-01,  6.81337620e-03,
         4.77915855e-02, -1.34816504e-01, -1.40035276e-02],
       [-1.65255071e+00,  1.58922084e+00, -2.23327738e+00,
         4.20239547e+00,  1.36857441e+00, -3.49615568e+00,
         1.47551389e+01,  1.09324057e+01,  7.46766681e+00,
         1.28084400e+01,  3.95220097e+00, -1.41178190e+01,
         9.32881549e-01, -6.38642202e-01,  2.72551057e-02,
        -9.44260933e-02,  3.56478894e-01, -8.43545642e-02],
       [-7.33975503e-01,  9.15340404e-01, -2.05154758e+00,
         3.42526592e+00,  1.70435680e+00, -2.80731112e+00,
         1.09324057e+01,  1.31573323e+01,  7.14593479e+00,
         1.13348699e+01,  4.36818137e+00, -1.29955215e+01,
         3.19531590e-01, -2.65901336e-01,  4.14308872e-01,
        -1.66634123e-01,  3.70864766e-01, -7.90544498e-02],
       [-4.12613770e-01,  6.22189041e-01, -1.38945120e+00,
         2.44584913e+00,  1.09052898e+00, -1.52303742e+00,
         7.46766681e+00,  7.14593479e+00,  6.25944702e+00,
         7.51734003e+00,  3.47784113e+00, -7.60883581e+00,
         3.77536042e-01, -3.48653278e-01,  2.76979432e-01,
        -6.16947130e-02,  9.83650202e-02, -7.64145048e-02],
       [-1.74475221e+00,  1.55552894e+00, -2.64970535e+00,
         4.33610809e+00,  1.04537520e+00, -3.34743658e+00,
         1.28084400e+01,  1.13348699e+01,  7.51734003e+00,
         1.46261105e+01,  3.43153736e+00, -1.37438161e+01,
         6.94783317e-01, -8.27172606e-01,  3.06375264e-01,
        -2.94793470e-01,  4.03882157e-01, -1.66864595e-02],
       [-5.49581128e-02,  2.74781085e-01, -8.35632219e-01,
         1.26231284e+00,  1.08251583e+00, -7.29289533e-01,
         3.95220097e+00,  4.36818137e+00,  3.47784113e+00,
         3.43153736e+00,  3.47549333e+00, -4.20838966e+00,
         2.57424982e-01, -5.33087521e-02,  3.20355727e-01,
         1.35355458e-02,  5.98958547e-02, -1.02029977e-02],
       [ 2.01734961e+00, -1.23169983e+00,  2.50010876e+00,
        -4.24130478e+00, -1.56364290e+00,  3.90269101e+00,
        -1.41178190e+01, -1.29955215e+01, -7.60883581e+00,
        -1.37438161e+01, -4.20838966e+00,  1.62904308e+01,
        -8.89412641e-01,  3.94542872e-01, -2.79469797e-01,
         1.91057901e-01, -4.95029121e-01, -2.16443381e-02],
       [-5.95118529e-01,  1.10341497e-01, -7.23436203e-02,
         2.81993225e-01,  7.61195189e-02, -2.82532600e-01,
         9.32881549e-01,  3.19531590e-01,  3.77536042e-01,
         6.94783317e-01,  2.57424982e-01, -8.89412641e-01,
         3.28982827e-01, -3.35225071e-02,  3.37313344e-03,
         3.10828835e-02,  2.02980532e-02,  1.13148376e-01],
       [ 8.10876601e-02, -2.52539206e-01,  1.86862831e-01,
        -2.47137184e-01,  3.77822751e-02,  1.44997670e-01,
        -6.38642202e-01, -2.65901336e-01, -3.48653278e-01,
        -8.27172606e-01, -5.33087521e-02,  3.94542872e-01,
        -3.35225071e-02,  1.82871543e-01,  2.60524375e-02,
         2.58757693e-02,  1.55173006e-02,  3.52100627e-02],
       [-2.86221559e-02, -1.24759515e-01, -1.62995252e-01,
         8.40389688e-02,  7.88380962e-02,  6.81337620e-03,
         2.72551057e-02,  4.14308872e-01,  2.76979432e-01,
         3.06375264e-01,  3.20355727e-01, -2.79469797e-01,
         3.37313344e-03,  2.60524375e-02,  1.56897741e-01,
        -3.17021395e-02, -1.08474906e-02,  5.31078551e-02],
       [ 5.29900039e-02, -1.17985821e-02,  9.44899865e-02,
        -5.43498772e-02,  2.19300126e-02,  4.77915855e-02,
        -9.44260933e-02, -1.66634123e-01, -6.16947130e-02,
        -2.94793470e-01,  1.35355458e-02,  1.91057901e-01,
         3.10828835e-02,  2.58757693e-02, -3.17021395e-02,
         5.34791931e-02, -1.08882166e-02, -2.63913346e-03],
       [-1.03231880e-01,  6.69302210e-02, -3.41900721e-02,
         9.94651960e-02,  3.82137171e-02, -1.34816504e-01,
         3.56478894e-01,  3.70864766e-01,  9.83650202e-02,
         4.03882157e-01,  5.98958547e-02, -4.95029121e-01,
         2.02980532e-02,  1.55173006e-02, -1.08474906e-02,
        -1.08882166e-02,  6.25988991e-02,  8.65693533e-03],
       [-2.67373090e-01, -6.50204636e-02,  3.82312468e-02,
        -4.40318862e-03, -5.97969186e-03, -1.40035276e-02,
        -8.43545642e-02, -7.90544498e-02, -7.64145048e-02,
        -1.66864595e-02, -1.02029977e-02, -2.16443381e-02,
         1.13148376e-01,  3.52100627e-02,  5.31078551e-02,
        -2.63913346e-03,  8.65693533e-03,  1.02997238e-01]])
      jac: array([-5.82608036e-06,  1.29315077e-05,  1.82083978e-05, -1.14941390e-05,
       -6.96701955e-06, -3.98644081e-05, -5.25875639e-07,  9.37398307e-07,
        4.93753187e-06,  5.77167943e-06,  7.90478794e-07,  1.18682841e-05,
       -2.05058193e-06,  3.50811972e-05,  4.72788475e-05,  4.03529062e-06,
       -2.75420427e-05, -4.61419791e-05])
  message: 'Desired error not necessarily achieved due to precision loss.'
     nfev: 2462
      nit: 73
     njev: 129
   status: 2
  success: False
        x: array([ 0.00390519,  0.16156628,  0.69909952,  1.50404463, -1.09506003,
       -0.22468827,  2.32828103, -0.92352752, -1.27635272,  1.21675184,
       -1.59296232, -0.53625524,  0.12461685,  0.0617576 , -0.27388547,
       -1.41088383, -0.31598492,  0.046286  ])
