Program Begingeth
      fun: 0.2262585577700287
 hess_inv: array([[ 4.20312311e+00,  1.07907745e-01, -1.15268501e+00,
        -1.65564066e+00,  1.04450515e+00, -1.02511368e+00,
        -4.04468535e-01,  5.85032894e+00, -3.68533491e+00,
         1.64361284e+00, -4.94271780e-01,  2.54567768e+00,
        -4.59711466e+00,  1.08238685e+00, -1.15776522e+00,
        -1.26495516e+00,  5.37734822e-01, -4.34370121e-01],
       [ 1.07907745e-01,  7.57844379e-01, -1.68354221e-01,
        -2.14697116e-01, -1.93694394e-01, -1.87723777e-01,
        -8.03417165e-01, -4.81364747e-03, -1.18242068e-01,
         1.31521469e-01,  1.31629401e-01,  1.42772287e-02,
        -2.90034392e-01, -6.43926376e-01, -2.89909338e-02,
        -8.26809089e-02, -1.59319649e-01,  1.14188885e-01],
       [-1.15268501e+00, -1.68354221e-01,  1.39526214e+00,
         7.65112977e-01,  8.98921819e-04,  3.29410680e-02,
         1.15752032e+00, -1.58151156e+00,  1.20094418e+00,
        -1.05695684e+00,  3.39211276e-02, -5.12049380e-01,
         1.78363426e+00,  2.75855578e-02, -6.98796476e-01,
         5.62945189e-01, -1.97276168e-01, -2.68028727e-01],
       [-1.65564066e+00, -2.14697116e-01,  7.65112977e-01,
         9.75760513e-01, -4.10404590e-01,  2.95939093e-01,
         6.70674105e-01, -2.96258406e+00,  1.24328976e+00,
        -8.39025154e-01,  2.78662266e-01, -7.94966457e-01,
         2.25943715e+00, -3.63775132e-01,  7.88283541e-02,
         6.69793103e-01, -2.60089319e-01,  1.50742659e-02],
       [ 1.04450515e+00, -1.93694394e-01,  8.98921819e-04,
        -4.10404590e-01,  6.59955717e-01, -1.96182945e-01,
         6.82114510e-01,  2.58675793e+00, -6.06035839e-01,
         2.46970410e-01, -3.14182130e-01,  6.30595699e-01,
        -1.13457029e+00,  8.37931638e-01, -3.92788991e-01,
        -2.79426180e-01,  3.00566802e-01, -1.41369507e-01],
       [-1.02511368e+00, -1.87723777e-01,  3.29410680e-02,
         2.95939093e-01, -1.96182945e-01,  4.98871186e-01,
         1.46850139e-01, -1.00301003e+00,  1.29042678e+00,
        -3.16044204e-01,  9.21372620e-03, -7.03529524e-01,
         9.41054823e-01, -9.29487008e-02,  7.17917155e-01,
         2.35114650e-01, -6.08651446e-02,  2.43472333e-01],
       [-4.04468535e-01, -8.03417165e-01,  1.15752032e+00,
         6.70674105e-01,  6.82114510e-01,  1.46850139e-01,
         3.41819629e+00,  8.19785512e-01,  9.36461330e-01,
        -6.41211881e-01, -1.71900648e-01,  3.06429697e-02,
         9.58751941e-01,  1.12399754e+00, -5.55783156e-01,
         3.15920681e-01,  1.91804771e-01, -2.19427714e-01],
       [ 5.85032894e+00, -4.81364747e-03, -1.58151156e+00,
        -2.96258406e+00,  2.58675793e+00, -1.00301003e+00,
         8.19785512e-01,  1.39786634e+01, -3.84830442e+00,
         2.33808877e+00, -1.08265632e+00,  3.08342640e+00,
        -7.38901339e+00,  2.69708260e+00, -9.31030103e-01,
        -2.08615498e+00,  1.18996073e+00, -2.42726406e-01],
       [-3.68533491e+00, -1.18242068e-01,  1.20094418e+00,
         1.24328976e+00, -6.06035839e-01,  1.29042678e+00,
         9.36461330e-01, -3.84830442e+00,  5.80619852e+00,
        -1.66330548e+00, -1.06754145e-02, -2.14464854e+00,
         3.79849232e+00, -5.76603232e-01,  1.11766407e+00,
         1.05963137e+00, -4.10596184e-01,  3.64287897e-01],
       [ 1.64361284e+00,  1.31521469e-01, -1.05695684e+00,
        -8.39025154e-01,  2.46970410e-01, -3.16044204e-01,
        -6.41211881e-01,  2.33808877e+00, -1.66330548e+00,
         1.12922217e+00, -1.22733811e-01,  8.90713323e-01,
        -2.16476195e+00,  2.48251847e-01,  4.90646532e-02,
        -6.41930248e-01,  2.64688319e-01,  1.31594422e-02],
       [-4.94271780e-01,  1.31629401e-01,  3.39211276e-02,
         2.78662266e-01, -3.14182130e-01,  9.21372620e-03,
        -1.71900648e-01, -1.08265632e+00, -1.06754145e-02,
        -1.22733811e-01,  5.95120864e-01, -3.22644809e-01,
         5.58086185e-01, -5.48532403e-01,  1.70177971e-01,
         5.86060930e-02, -1.78553895e-01,  1.44995103e-01],
       [ 2.54567768e+00,  1.42772287e-02, -5.12049380e-01,
        -7.94966457e-01,  6.30595699e-01, -7.03529524e-01,
         3.06429697e-02,  3.08342640e+00, -2.14464854e+00,
         8.90713323e-01, -3.22644809e-01,  1.85134780e+00,
        -2.46124759e+00,  6.82812127e-01, -1.03054402e+00,
        -6.04896928e-01,  2.87024835e-01, -4.02191660e-01],
       [-4.59711466e+00, -2.90034392e-01,  1.78363426e+00,
         2.25943715e+00, -1.13457029e+00,  9.41054823e-01,
         9.58751941e-01, -7.38901339e+00,  3.79849232e+00,
        -2.16476195e+00,  5.58086185e-01, -2.46124759e+00,
         5.74274997e+00, -1.10747830e+00,  6.28881645e-01,
         1.69981043e+00, -6.77444675e-01,  2.10067434e-01],
       [ 1.08238685e+00, -6.43926376e-01,  2.75855578e-02,
        -3.63775132e-01,  8.37931638e-01, -9.29487008e-02,
         1.12399754e+00,  2.69708260e+00, -5.76603232e-01,
         2.48251847e-01, -5.48532403e-01,  6.82812127e-01,
        -1.10747830e+00,  1.37205267e+00, -3.72211274e-01,
        -2.42581326e-01,  4.82068664e-01, -2.21058630e-01],
       [-1.15776522e+00, -2.89909338e-02, -6.98796476e-01,
         7.88283541e-02, -3.92788991e-01,  7.17917155e-01,
        -5.55783156e-01, -9.31030103e-01,  1.11766407e+00,
         4.90646532e-02,  1.70177971e-01, -1.03054402e+00,
         6.28881645e-01, -3.72211274e-01,  1.59672924e+00,
         6.62020770e-02, -3.40212302e-02,  6.34996828e-01],
       [-1.26495516e+00, -8.26809089e-02,  5.62945189e-01,
         6.69793103e-01, -2.79426180e-01,  2.35114650e-01,
         3.15920681e-01, -2.08615498e+00,  1.05963137e+00,
        -6.41930248e-01,  5.86060930e-02, -6.04896928e-01,
         1.69981043e+00, -2.42581326e-01,  6.62020770e-02,
         5.60154316e-01, -1.80481131e-01,  6.28685008e-03],
       [ 5.37734822e-01, -1.59319649e-01, -1.97276168e-01,
        -2.60089319e-01,  3.00566802e-01, -6.08651446e-02,
         1.91804771e-01,  1.18996073e+00, -4.10596184e-01,
         2.64688319e-01, -1.78553895e-01,  2.87024835e-01,
        -6.77444675e-01,  4.82068664e-01, -3.40212302e-02,
        -1.80481131e-01,  2.28131927e-01, -2.81241348e-02],
       [-4.34370121e-01,  1.14188885e-01, -2.68028727e-01,
         1.50742659e-02, -1.41369507e-01,  2.43472333e-01,
        -2.19427714e-01, -2.42726406e-01,  3.64287897e-01,
         1.31594422e-02,  1.44995103e-01, -4.02191660e-01,
         2.10067434e-01, -2.21058630e-01,  6.34996828e-01,
         6.28685008e-03, -2.81241348e-02,  3.12023549e-01]])
      jac: array([-6.84637532e-08,  3.68594044e-07, -1.05008594e-06, -1.84111985e-07,
       -1.78135284e-06, -2.54426110e-07,  4.20034378e-07,  2.28705943e-07,
       -7.14243479e-08, -9.88653604e-07,  2.06871557e-07, -2.42398694e-08,
        3.72849899e-07,  7.26270895e-07, -8.21565038e-07, -1.10004598e-06,
       -4.45014396e-07,  1.00512191e-06])
  message: 'Optimization terminated successfully.'
     nfev: 874
      nit: 39
     njev: 46
   status: 0
  success: True
        x: array([ 0.6291928 , -0.05180612,  0.55824729,  0.30720885, -0.84569593,
       -0.62174981,  1.23726474, -1.52643214, -0.89810281, -1.1134927 ,
        0.07988055,  0.61192939,  0.3037768 ,  0.0291839 , -0.3547129 ,
        0.13946134,  1.05952223, -0.66499342])
