Program Begingeth
      fun: 0.23891769212031844
 hess_inv: array([[ 1.29504444e+00, -1.15919024e-02, -5.18959232e-04,
        -2.33255221e-02,  1.56032367e-01,  4.14742759e-01,
        -5.77172370e-02, -5.92431150e-01,  9.36750498e-01,
         3.41953272e-02,  7.87841431e-01,  6.38077510e-01,
        -5.59191842e-01,  8.58835104e-05,  2.16240023e-02,
         4.35517493e-04, -3.68919331e-02, -2.59111817e-01],
       [-1.15919024e-02,  3.35090365e-01, -4.08007600e-02,
        -1.02790965e-02,  2.87714055e-03, -3.33207539e-01,
         3.47273519e-01,  3.60418112e-01, -1.15330069e+00,
        -1.23675614e-01, -1.72261619e-01, -6.64531531e-01,
         7.60090560e-03, -1.01491358e-01, -1.36845827e-01,
         1.31511749e-02,  2.83581438e-02, -6.96296063e-02],
       [-5.18959232e-04, -4.08007600e-02,  2.40612178e-01,
         4.63527143e-02,  1.37009401e-01,  1.57599938e-01,
        -7.39584016e-02,  1.38885670e-01,  6.53798795e-01,
         2.32741602e-01,  3.51764750e-01,  3.54919867e-01,
         2.53346826e-02,  8.28709716e-02, -4.09525244e-02,
         3.71198107e-02,  2.75216728e-02,  3.52492716e-02],
       [-2.33255221e-02, -1.02790965e-02,  4.63527143e-02,
         2.88050000e-01,  5.77819726e-02,  1.63388176e-01,
         1.32745657e-01, -1.99273007e-01,  1.00331205e+00,
         8.78392986e-01,  1.76597261e-01,  4.72126049e-01,
         1.30971926e-01,  1.18268138e-02, -2.37762059e-02,
         5.72375155e-02, -3.50963500e-02,  8.42432588e-03],
       [ 1.56032367e-01,  2.87714055e-03,  1.37009401e-01,
         5.77819726e-02,  2.05898435e-01,  1.99755287e-01,
        -1.52017923e-01,  1.77675499e-01,  9.77772340e-01,
         3.29910960e-01,  5.98256708e-01,  3.88080999e-01,
        -5.26293344e-02,  7.13225997e-02, -2.65320154e-02,
         2.51055799e-02,  2.09760552e-02, -2.20066190e-02],
       [ 4.14742759e-01, -3.33207539e-01,  1.57599938e-01,
         1.63388176e-01,  1.99755287e-01,  9.90588940e-01,
        -1.29970678e+00, -1.06563716e+00,  3.97426289e+00,
         1.04602500e+00,  1.17535503e+00,  2.15712504e+00,
        -1.55147480e-01,  1.15063794e-01,  1.56896693e-01,
        -3.88198746e-03, -4.50381848e-02, -1.62640448e-02],
       [-5.77172370e-02,  3.47273519e-01, -7.39584016e-02,
         1.32745657e-01, -1.52017923e-01, -1.29970678e+00,
         4.39927194e+00,  1.17215984e+00, -5.68703480e+00,
        -1.19550030e+00, -1.43401592e+00, -3.15132327e+00,
         2.03395461e-01, -2.85084344e-02, -1.66442534e-01,
         1.16123616e-01,  3.32992293e-02,  1.15139172e-02],
       [-5.92431150e-01,  3.60418112e-01,  1.38885670e-01,
        -1.99273007e-01,  1.77675499e-01, -1.06563716e+00,
         1.17215984e+00,  3.22708132e+00, -3.75311903e+00,
        -8.95540735e-01, -7.17214268e-01, -2.37589841e+00,
         1.82896720e-01,  5.40335906e-02, -3.10439065e-01,
         3.21517727e-02,  1.29200093e-01,  3.77425310e-02],
       [ 9.36750498e-01, -1.15330069e+00,  6.53798795e-01,
         1.00331205e+00,  9.77772340e-01,  3.97426289e+00,
        -5.68703480e+00, -3.75311903e+00,  1.81462764e+01,
         5.67911170e+00,  5.01377704e+00,  8.76733464e+00,
        -2.50314622e-01,  4.88886166e-01,  4.99645438e-01,
         2.15680810e-02, -1.39485533e-01,  6.09401779e-03],
       [ 3.41953272e-02, -1.23675614e-01,  2.32741602e-01,
         8.78392986e-01,  3.29910960e-01,  1.04602500e+00,
        -1.19550030e+00, -8.95540735e-01,  5.67911170e+00,
         3.41986782e+00,  1.31850713e+00,  2.70866945e+00,
         2.67808384e-01,  7.96951722e-02, -4.84216007e-02,
         1.24338497e-01, -9.56480998e-02, -5.90116795e-03],
       [ 7.87841431e-01, -1.72261619e-01,  3.51764750e-01,
         1.76597261e-01,  5.98256708e-01,  1.17535503e+00,
        -1.43401592e+00, -7.17214268e-01,  5.01377704e+00,
         1.31850713e+00,  2.40970698e+00,  2.41640744e+00,
        -3.28535891e-01,  1.76408602e-01,  7.52875795e-02,
         2.42497761e-02, -2.30155912e-05, -9.88065447e-02],
       [ 6.38077510e-01, -6.64531531e-01,  3.54919867e-01,
         4.72126049e-01,  3.88080999e-01,  2.15712504e+00,
        -3.15132327e+00, -2.37589841e+00,  8.76733464e+00,
         2.70866945e+00,  2.41640744e+00,  5.01549022e+00,
        -1.67372590e-01,  1.94936798e-01,  2.75388958e-01,
         1.71628818e-02, -1.24522665e-01, -1.52050257e-02],
       [-5.59191842e-01,  7.60090560e-03,  2.53346826e-02,
         1.30971926e-01, -5.26293344e-02, -1.55147480e-01,
         2.03395461e-01,  1.82896720e-01, -2.50314622e-01,
         2.67808384e-01, -3.28535891e-01, -1.67372590e-01,
         3.20409463e-01,  2.51783205e-03, -2.53378276e-02,
         4.72486232e-02, -3.06502187e-03,  1.18316723e-01],
       [ 8.58835104e-05, -1.01491358e-01,  8.28709716e-02,
         1.18268138e-02,  7.13225997e-02,  1.15063794e-01,
        -2.85084344e-02,  5.40335906e-02,  4.88886166e-01,
         7.96951722e-02,  1.76408602e-01,  1.94936798e-01,
         2.51783205e-03,  8.68502463e-02,  2.48924667e-02,
         8.98299737e-03,  2.39685289e-02,  3.03797458e-02],
       [ 2.16240023e-02, -1.36845827e-01, -4.09525244e-02,
        -2.37762059e-02, -2.65320154e-02,  1.56896693e-01,
        -1.66442534e-01, -3.10439065e-01,  4.99645438e-01,
        -4.84216007e-02,  7.52875795e-02,  2.75388958e-01,
        -2.53378276e-02,  2.48924667e-02,  1.02762241e-01,
        -2.10055785e-02, -1.43421510e-02,  3.51003846e-02],
       [ 4.35517493e-04,  1.31511749e-02,  3.71198107e-02,
         5.72375155e-02,  2.51055799e-02, -3.88198746e-03,
         1.16123616e-01,  3.21517727e-02,  2.15680810e-02,
         1.24338497e-01,  2.42497761e-02,  1.71628818e-02,
         4.72486232e-02,  8.98299737e-03, -2.10055785e-02,
         3.94586872e-02, -3.40458084e-03,  4.37684948e-03],
       [-3.68919331e-02,  2.83581438e-02,  2.75216728e-02,
        -3.50963500e-02,  2.09760552e-02, -4.50381848e-02,
         3.32992293e-02,  1.29200093e-01, -1.39485533e-01,
        -9.56480998e-02, -2.30155912e-05, -1.24522665e-01,
        -3.06502187e-03,  2.39685289e-02, -1.43421510e-02,
        -3.40458084e-03,  3.48811146e-02,  6.41668073e-03],
       [-2.59111817e-01, -6.96296063e-02,  3.52492716e-02,
         8.42432588e-03, -2.20066190e-02, -1.62640448e-02,
         1.15139172e-02,  3.77425310e-02,  6.09401779e-03,
        -5.90116795e-03, -9.88065447e-02, -1.52050257e-02,
         1.18316723e-01,  3.03797458e-02,  3.51003846e-02,
         4.37684948e-03,  6.41668073e-03,  8.94968443e-02]])
      jac: array([ 1.53821400e-06, -2.70080254e-06,  8.48025354e-07, -1.85203704e-06,
       -4.91051644e-06, -7.36632977e-06,  4.39463281e-07,  2.20009196e-07,
        6.92964205e-07,  1.15093120e-07,  1.49121456e-06,  1.91883546e-06,
        2.73281398e-06,  8.49875725e-07, -6.74460488e-07, -7.05361695e-07,
        3.81417120e-06, -3.80732483e-06])
  message: 'Optimization terminated successfully.'
     nfev: 2185
      nit: 97
     njev: 115
   status: 0
  success: True
        x: array([ 0.06329286,  0.26159244,  0.7179385 ,  1.77525866, -0.6256336 ,
       -0.08555932,  2.61373503, -0.28870157,  0.55611385,  2.17458528,
       -0.57466057, -0.59407448,  0.13106228,  0.16464058, -0.25053656,
       -1.36148624, -0.27063924,  0.05244196])
