Program Begingeth
      fun: 0.2878938268888584
 hess_inv: array([[ 1.51248230e+00, -2.02068605e-03, -3.85856396e-02,
         1.67567973e-02, -1.00271555e-02,  1.66123327e-01,
        -4.62993577e-01,  6.58064458e-01, -3.81766668e-02,
         2.79099256e-01, -2.63421662e-01, -7.89747889e-02,
        -6.26928810e-01, -1.24428918e-02, -9.55565055e-03,
         1.49849927e-02, -2.44042787e-02, -2.96199651e-01],
       [-2.02068605e-03,  3.88264771e-01, -5.24261330e-03,
         4.10810534e-02,  2.88488759e-02, -3.50329770e-01,
        -2.35569758e-01, -3.24992983e-01, -8.57272445e-01,
         2.34807916e-01,  1.74254304e-01, -8.33482983e-01,
         2.23252549e-02, -1.36114702e-01, -1.47387719e-01,
         2.01542101e-02,  1.86567683e-02, -6.55582352e-02],
       [-3.85856396e-02, -5.24261330e-03,  2.99819721e-01,
         4.74528164e-02,  1.53587755e-01,  1.40440433e-02,
         8.37272663e-02,  2.89152173e-01, -3.18167456e-02,
         2.07423325e-01,  2.98614422e-01,  3.96832698e-02,
         4.42021387e-02,  9.93541990e-02, -8.82913012e-02,
         4.85526172e-02,  4.56374759e-02,  3.95230388e-02],
       [ 1.67567973e-02,  4.10810534e-02,  4.74528164e-02,
         2.39636428e-01,  3.45738282e-02, -1.18808776e-01,
         2.50511839e-01, -1.75912845e-01, -4.10804479e-01,
         6.65437901e-01,  3.65442823e-02, -3.12523656e-01,
         1.08569632e-01,  1.96124287e-03, -2.91325443e-02,
         6.37384993e-02, -2.75200649e-02,  1.41781451e-02],
       [-1.00271555e-02,  2.88488759e-02,  1.53587755e-01,
         3.45738282e-02,  1.94544510e-01, -1.06761459e-02,
         1.36966744e-01,  3.72695664e-01, -1.77518323e-01,
         1.48340807e-01,  4.40018410e-01,  3.98429476e-02,
         2.03738385e-02,  7.85849637e-02, -6.70166655e-02,
         3.60102318e-02,  3.29534455e-02,  4.78498142e-03],
       [ 1.66123327e-01, -3.50329770e-01,  1.40440433e-02,
        -1.18808776e-01, -1.06761459e-02,  8.94511203e-01,
         1.28315413e+00,  1.50639690e+00,  2.54667137e+00,
        -8.24503283e-01, -5.15485738e-01,  2.34798723e+00,
        -1.08632102e-01,  1.51349719e-01,  2.01599910e-01,
        -2.34179401e-02,  7.17370653e-03,  1.96174242e-02],
       [-4.62993577e-01, -2.35569758e-01,  8.37272663e-02,
         2.50511839e-01,  1.36966744e-01,  1.28315413e+00,
         5.05442287e+00,  2.29007419e+00,  4.44354618e+00,
        -9.52642773e-01, -5.01014650e-01,  4.08687095e+00,
         3.71786798e-01,  1.70092585e-01,  1.00875058e-01,
         9.76509545e-02, -2.28459980e-02,  9.63737845e-02],
       [ 6.58064458e-01, -3.24992983e-01,  2.89152173e-01,
        -1.75912845e-01,  3.72695664e-01,  1.50639690e+00,
         2.29007419e+00,  4.54031392e+00,  4.02170281e+00,
        -1.15530140e+00, -3.00188022e-01,  3.99217764e+00,
        -3.40452027e-01,  2.98525721e-01,  1.80770369e-01,
         1.38654904e-02,  6.09482814e-02, -5.96527804e-02],
       [-3.81766668e-02, -8.57272445e-01, -3.18167456e-02,
        -4.10804479e-01, -1.77518323e-01,  2.54667137e+00,
         4.44354618e+00,  4.02170281e+00,  8.74398460e+00,
        -3.05305271e+00, -1.77174165e+00,  6.80577151e+00,
        -6.11695374e-02,  2.79657140e-01,  4.98395109e-01,
        -6.35183785e-02, -2.01761919e-02,  8.56923841e-02],
       [ 2.79099256e-01,  2.34807916e-01,  2.07423325e-01,
         6.65437901e-01,  1.48340807e-01, -8.24503283e-01,
        -9.52642773e-01, -1.15530140e+00, -3.05305271e+00,
         2.57290281e+00,  4.83437647e-01, -2.39300239e+00,
         1.45776427e-01, -5.78535420e-03, -1.67623331e-01,
         1.52573308e-01, -4.13016416e-02, -6.06502778e-03],
       [-2.63421662e-01,  1.74254304e-01,  2.98614422e-01,
         3.65442823e-02,  4.40018410e-01, -5.15485738e-01,
        -5.01014650e-01, -3.00188022e-01, -1.77174165e+00,
         4.83437647e-01,  1.50019025e+00, -1.15257709e+00,
         1.07644906e-01,  9.68128373e-02, -2.48054707e-01,
         5.56958216e-02,  6.96876915e-02,  1.70929170e-02],
       [-7.89747889e-02, -8.33482983e-01,  3.96832698e-02,
        -3.12523656e-01,  3.98429476e-02,  2.34798723e+00,
         4.08687095e+00,  3.99217764e+00,  6.80577151e+00,
        -2.39300239e+00, -1.15257709e+00,  6.58779767e+00,
        -6.77547411e-02,  3.99655842e-01,  4.66248060e-01,
        -5.46466461e-02,  4.20780526e-02,  1.06011271e-01],
       [-6.26928810e-01,  2.23252549e-02,  4.42021387e-02,
         1.08569632e-01,  2.03738385e-02, -1.08632102e-01,
         3.71786798e-01, -3.40452027e-01, -6.11695374e-02,
         1.45776427e-01,  1.07644906e-01, -6.77547411e-02,
         3.40721353e-01,  3.23347607e-03, -1.18319191e-02,
         4.68572866e-02, -8.09246356e-03,  1.32984990e-01],
       [-1.24428918e-02, -1.36114702e-01,  9.93541990e-02,
         1.96124287e-03,  7.85849637e-02,  1.51349719e-01,
         1.70092585e-01,  2.98525721e-01,  2.79657140e-01,
        -5.78535420e-03,  9.68128373e-02,  3.99655842e-01,
         3.23347607e-03,  1.15649760e-01,  2.55035608e-02,
         1.04668493e-02,  3.17404619e-02,  3.46560894e-02],
       [-9.55565055e-03, -1.47387719e-01, -8.82913012e-02,
        -2.91325443e-02, -6.70166655e-02,  2.01599910e-01,
         1.00875058e-01,  1.80770369e-01,  4.98395109e-01,
        -1.67623331e-01, -2.48054707e-01,  4.66248060e-01,
        -1.18319191e-02,  2.55035608e-02,  1.30357761e-01,
        -2.34962337e-02, -1.67843127e-02,  4.30904225e-02],
       [ 1.49849927e-02,  2.01542101e-02,  4.85526172e-02,
         6.37384993e-02,  3.60102318e-02, -2.34179401e-02,
         9.76509545e-02,  1.38654904e-02, -6.35183785e-02,
         1.52573308e-01,  5.56958216e-02, -5.46466461e-02,
         4.68572866e-02,  1.04668493e-02, -2.34962337e-02,
         4.77891653e-02, -2.66276385e-03,  4.15529060e-03],
       [-2.44042787e-02,  1.86567683e-02,  4.56374759e-02,
        -2.75200649e-02,  3.29534455e-02,  7.17370653e-03,
        -2.28459980e-02,  6.09482814e-02, -2.01761919e-02,
        -4.13016416e-02,  6.96876915e-02,  4.20780526e-02,
        -8.09246356e-03,  3.17404619e-02, -1.67843127e-02,
        -2.66276385e-03,  3.85882683e-02,  4.67331499e-03],
       [-2.96199651e-01, -6.55582352e-02,  3.95230388e-02,
         1.41781451e-02,  4.78498142e-03,  1.96174242e-02,
         9.63737845e-02, -5.96527804e-02,  8.56923841e-02,
        -6.06502778e-03,  1.70929170e-02,  1.06011271e-01,
         1.32984990e-01,  3.46560894e-02,  4.30904225e-02,
         4.15529060e-03,  4.67331499e-03,  9.89126274e-02]])
      jac: array([ 2.35774363e-06,  7.41110876e-06,  4.75323484e-06,  1.38141350e-05,
       -5.20324524e-06, -3.54942002e-05, -3.29181127e-06, -1.04397972e-06,
        6.05737682e-06, -3.83026944e-07,  8.41549053e-07,  1.02965784e-05,
       -1.44366001e-05,  1.00101409e-05,  2.83958042e-06,  2.05132208e-06,
       -5.84754467e-06,  1.45224573e-05])
  message: 'Desired error not necessarily achieved due to precision loss.'
     nfev: 2043
      nit: 72
     njev: 107
   status: 2
  success: False
        x: array([ 0.05908364,  0.16520926,  0.72672248,  1.82899165, -0.73713373,
        0.06940346,  2.60562147, -0.57630959, -0.90776806,  2.30772463,
       -0.54279748,  0.47942731,  0.14552219,  0.12574029, -0.23440332,
       -1.40607115, -0.31547838,  0.05910131])
