Program Begingeth
      fun: 0.2773142422200285
 hess_inv: array([[ 5.48480576e+00, -5.85044432e-01, -7.58641739e+00,
         2.24156795e+00, -3.35052128e-01, -3.95898298e+00,
        -5.71068055e+00, -3.38695621e+00, -8.18740822e+00,
         2.77238990e-01,  2.39592451e-01,  2.05059714e-01,
         5.08870884e-01, -1.55041293e-01, -1.82862563e-01,
         3.22546632e-01, -3.42250635e-01,  1.24203838e-01],
       [-5.85044432e-01,  1.21449555e+00,  1.44386875e+00,
        -1.85691900e-01,  6.80608434e-01,  6.73354099e-01,
         1.66185345e+00,  1.20119104e+00,  1.10774295e+00,
        -1.72529577e-01, -2.05281304e-03,  2.45152119e-01,
         1.36960139e-02,  1.36735098e-01, -8.30938593e-02,
         4.33457364e-02,  7.47914676e-02, -3.26164762e-02],
       [-7.58641739e+00,  1.44386875e+00,  1.90508876e+01,
        -2.25163762e+00,  1.24106322e+00,  9.91991683e+00,
         1.73670856e+01,  8.92947920e+00,  1.86063246e+01,
        -5.82226044e-01, -1.27263818e+00, -4.94428511e-02,
        -3.19441485e-01,  5.84912143e-01,  6.47724950e-01,
        -2.54408310e-01,  3.89835969e-01, -4.99057131e-02],
       [ 2.24156795e+00, -1.85691900e-01, -2.25163762e+00,
         1.04233571e+00, -6.76699542e-02, -1.18212648e+00,
        -1.11436627e+00, -1.01772312e+00, -2.49460633e+00,
         8.51193519e-02,  3.23312118e-02,  9.12692651e-02,
         2.82808283e-01, -5.56053970e-02, -4.54878445e-02,
         1.68755763e-01, -1.79673109e-01,  6.24833200e-02],
       [-3.35052128e-01,  6.80608434e-01,  1.24106322e+00,
        -6.76699542e-02,  4.25845637e-01,  6.08722304e-01,
         1.37545126e+00,  1.03787324e+00,  9.96966062e-01,
        -7.33493159e-02, -4.72965379e-02,  1.69136567e-01,
         2.43011303e-02,  1.04445832e-01, -2.52847134e-02,
         4.04140528e-02,  4.04876832e-02, -1.28019944e-02],
       [-3.95898298e+00,  6.73354099e-01,  9.91991683e+00,
        -1.18212648e+00,  6.08722304e-01,  5.19594519e+00,
         8.93913463e+00,  4.67424821e+00,  9.81119927e+00,
        -2.40450563e-01, -7.17848322e-01, -3.53878464e-02,
        -1.86413730e-01,  3.04999209e-01,  3.61515459e-01,
        -1.43387465e-01,  1.95283827e-01, -2.46316112e-02],
       [-5.71068055e+00,  1.66185345e+00,  1.73670856e+01,
        -1.11436627e+00,  1.37545126e+00,  8.93913463e+00,
         1.90142339e+01,  8.06732061e+00,  1.72273169e+01,
        -5.57995135e-01, -9.06879404e-01,  6.16967548e-02,
         8.88974944e-02,  4.09640799e-01,  4.32236223e-01,
        -1.57512551e-02,  1.16378328e-01, -6.69311679e-02],
       [-3.38695621e+00,  1.20119104e+00,  8.92947920e+00,
        -1.01772312e+00,  1.03787324e+00,  4.67424821e+00,
         8.06732061e+00,  6.22731991e+00,  8.46924670e+00,
         2.23639863e-02, -5.36220380e-01,  2.13147524e-01,
        -2.14096663e-01,  3.58948567e-01,  2.64881494e-01,
        -8.79054497e-02,  1.89435480e-01, -6.11700236e-02],
       [-8.18740822e+00,  1.10774295e+00,  1.86063246e+01,
        -2.49460633e+00,  9.96966062e-01,  9.81119927e+00,
         1.72273169e+01,  8.46924670e+00,  1.99828269e+01,
        -4.03351057e-01, -1.19904287e+00, -1.28073611e-01,
        -3.59974823e-01,  4.15486524e-01,  5.97082584e-01,
        -2.87031309e-01,  2.80607331e-01, -1.22763445e-01],
       [ 2.77238990e-01, -1.72529577e-01, -5.82226044e-01,
         8.51193519e-02, -7.33493159e-02, -2.40450563e-01,
        -5.57995135e-01,  2.23639863e-02, -4.03351057e-01,
         7.90293725e-01,  1.19869053e-01, -5.76125950e-02,
        -1.74736335e-01, -7.52168970e-02, -1.05829683e-01,
        -1.26286067e-02, -6.84865162e-02, -2.07453352e-01],
       [ 2.39592451e-01, -2.05281304e-03, -1.27263818e+00,
         3.23312118e-02, -4.72965379e-02, -7.17848322e-01,
        -9.06879404e-01, -5.36220380e-01, -1.19904287e+00,
         1.19869053e-01,  5.32036591e-01, -4.83593345e-02,
        -2.03791552e-02, -1.38803502e-01, -1.76377708e-01,
         1.61855672e-02, -1.66594059e-02, -1.20470819e-01],
       [ 2.05059714e-01,  2.45152119e-01, -4.94428511e-02,
         9.12692651e-02,  1.69136567e-01, -3.53878464e-02,
         6.16967548e-02,  2.13147524e-01, -1.28073611e-01,
        -5.76125950e-02, -4.83593345e-02,  3.15467007e-01,
         6.92869404e-02,  8.59164495e-02, -5.53070195e-02,
         7.70532029e-02,  3.66511876e-02,  3.10198878e-02],
       [ 5.08870884e-01,  1.36960139e-02, -3.19441485e-01,
         2.82808283e-01,  2.43011303e-02, -1.86413730e-01,
         8.88974944e-02, -2.14096663e-01, -3.59974823e-01,
        -1.74736335e-01, -2.03791552e-02,  6.92869404e-02,
         1.69376038e-01,  4.14404641e-04,  6.57399551e-03,
         9.29165375e-02, -4.96202242e-02,  7.01157555e-02],
       [-1.55041293e-01,  1.36735098e-01,  5.84912143e-01,
        -5.56053970e-02,  1.04445832e-01,  3.04999209e-01,
         4.09640799e-01,  3.58948567e-01,  4.15486524e-01,
        -7.52168970e-02, -1.38803502e-01,  8.59164495e-02,
         4.14404641e-04,  9.78957608e-02,  3.70690695e-02,
         3.26428892e-03,  6.28857085e-02,  3.50917365e-02],
       [-1.82862563e-01, -8.30938593e-02,  6.47724950e-01,
        -4.54878445e-02, -2.52847134e-02,  3.61515459e-01,
         4.32236223e-01,  2.64881494e-01,  5.97082584e-01,
        -1.05829683e-01, -1.76377708e-01, -5.53070195e-02,
         6.57399551e-03,  3.70690695e-02,  1.17457719e-01,
        -2.50338221e-02,  8.85998976e-03,  7.63715174e-02],
       [ 3.22546632e-01,  4.33457364e-02, -2.54408310e-01,
         1.68755763e-01,  4.04140528e-02, -1.43387465e-01,
        -1.57512551e-02, -8.79054497e-02, -2.87031309e-01,
        -1.26286067e-02,  1.61855672e-02,  7.70532029e-02,
         9.29165375e-02,  3.26428892e-03, -2.50338221e-02,
         7.93696795e-02, -2.76481928e-02,  1.36827787e-02],
       [-3.42250635e-01,  7.47914676e-02,  3.89835969e-01,
        -1.79673109e-01,  4.04876832e-02,  1.95283827e-01,
         1.16378328e-01,  1.89435480e-01,  2.80607331e-01,
        -6.84865162e-02, -1.66594059e-02,  3.66511876e-02,
        -4.96202242e-02,  6.28857085e-02,  8.85998976e-03,
        -2.76481928e-02,  8.98387153e-02,  5.69976957e-03],
       [ 1.24203838e-01, -3.26164762e-02, -4.99057131e-02,
         6.24833200e-02, -1.28019944e-02, -2.46316112e-02,
        -6.69311679e-02, -6.11700236e-02, -1.22763445e-01,
        -2.07453352e-01, -1.20470819e-01,  3.10198878e-02,
         7.01157555e-02,  3.50917365e-02,  7.63715174e-02,
         1.36827787e-02,  5.69976957e-03,  1.10962243e-01]])
      jac: array([ 6.89078424e-07,  5.48080100e-07,  2.49282076e-06, -1.72195591e-06,
       -1.17165537e-06, -6.45705711e-06,  1.13612823e-07,  2.90508358e-07,
        6.05071549e-07,  6.29496455e-07,  2.07981780e-07,  1.23604830e-06,
        2.76186481e-06,  2.34183043e-06,  6.37601083e-06, -2.15161222e-06,
       -1.13353771e-06, -4.91384711e-06])
  message: 'Optimization terminated successfully.'
     nfev: 1767
      nit: 79
     njev: 93
   status: 0
  success: True
        x: array([ 2.04334682, -1.06125217,  0.17308419,  1.75605494, -1.11340504,
       -0.00625056,  2.28535929, -1.25263586, -0.99885584,  0.06380588,
        0.4358405 ,  1.23782723,  0.04259691,  0.18683097, -0.28708727,
       -1.08587346, -0.31564581, -0.00578761])
