Program Begingeth
      fun: 0.31110019662803867
 hess_inv: array([[ 1.32895560e+00, -9.97807175e-02,  1.80774833e-01,
         3.46528926e-01, -2.59984927e-01,  4.17322029e-01,
         8.24911672e-01, -5.40674308e-01,  6.11151960e-01,
         1.06763397e+00, -8.41425728e-01,  1.93324501e-01,
        -5.13342551e-01, -2.04118141e-02,  9.83842281e-02,
        -2.32434920e-02, -3.59989206e-02, -2.18237133e-01],
       [-9.97807175e-02,  6.64199074e-01, -1.39032949e-01,
        -3.20955917e-01,  8.40697060e-02, -2.55571065e-01,
        -1.61033750e+00,  2.97575927e-01, -1.57375552e-01,
        -8.79572979e-01, -2.98461860e-02, -1.43309933e-01,
         5.63945559e-02, -2.13302421e-01, -2.35388005e-01,
         3.95672075e-02, -1.17899846e-02, -1.18105538e-01],
       [ 1.80774833e-01, -1.39032949e-01,  3.85795832e-01,
         1.71933465e-01,  1.28732095e-02,  1.69701311e-01,
         3.42802650e-01, -4.92864957e-01,  4.41048332e-01,
         7.02473277e-01,  1.60421157e-02,  5.74720840e-02,
        -5.35728177e-02,  1.30907183e-01, -1.25894501e-02,
         3.86625692e-02,  4.38718045e-02,  2.84031067e-02],
       [ 3.46528926e-01, -3.20955917e-01,  1.71933465e-01,
         5.80602958e-01,  5.55806319e-02,  2.95937358e-01,
         1.70707828e+00,  1.95523877e-01,  1.43132679e+00,
         1.69703623e+00,  2.37054884e-01, -1.08925459e-01,
        -4.75828939e-02,  1.24137182e-01,  1.81348182e-01,
         1.91982286e-02,  2.06719057e-03,  4.50507541e-02],
       [-2.59984927e-01,  8.40697060e-02,  1.28732095e-02,
         5.55806319e-02,  3.75639040e-01, -9.38258720e-02,
        -4.12957112e-01,  9.06128675e-01,  8.15212185e-01,
         1.99651880e-01,  9.47820608e-01, -2.54917896e-01,
         1.98718854e-01,  7.42234849e-02, -5.76196232e-02,
         7.27920865e-02,  1.41373725e-02,  5.74211997e-02],
       [ 4.17322029e-01, -2.55571065e-01,  1.69701311e-01,
         2.95937358e-01, -9.38258720e-02,  4.49310711e-01,
         1.45481202e+00, -6.59091256e-01,  1.20259959e+00,
         1.02029956e+00, -6.61924436e-02,  5.17813231e-01,
        -2.37057357e-01,  1.12635693e-01,  1.76564882e-01,
        -4.56869028e-02,  5.72324225e-02, -1.04379854e-03],
       [ 8.24911672e-01, -1.61033750e+00,  3.42802650e-01,
         1.70707828e+00, -4.12957112e-01,  1.45481202e+00,
         1.38031807e+01, -2.46524666e+00,  5.53478048e+00,
         4.50628583e+00,  1.20155550e+00,  6.81509605e-01,
        -8.45505981e-01,  4.15283894e-01,  8.09308749e-01,
        -3.61646910e-01,  3.66896092e-01,  4.57437839e-02],
       [-5.40674308e-01,  2.97575927e-01, -4.92864957e-01,
         1.95523877e-01,  9.06128675e-01, -6.59091256e-01,
        -2.46524666e+00,  5.25439325e+00,  8.39736262e-01,
         1.29481338e-01,  1.57507591e+00, -1.62755412e+00,
         6.83922920e-01, -2.92101415e-02, -4.95867921e-02,
         1.75855615e-01, -1.40552193e-01,  1.43288492e-01],
       [ 6.11151960e-01, -1.57375552e-01,  4.41048332e-01,
         1.43132679e+00,  8.15212185e-01,  1.20259959e+00,
         5.53478048e+00,  8.39736262e-01,  9.47182633e+00,
         4.71981179e+00,  3.00635718e+00,  2.53136669e-01,
        -2.45237066e-01,  3.17395135e-01,  3.74893293e-01,
         1.57485112e-02,  2.34442848e-01,  9.73364729e-02],
       [ 1.06763397e+00, -8.79572979e-01,  7.02473277e-01,
         1.69703623e+00,  1.99651880e-01,  1.02029956e+00,
         4.50628583e+00,  1.29481338e-01,  4.71981179e+00,
         5.33930180e+00,  7.43823282e-01, -3.07143171e-02,
        -2.09725193e-01,  4.27973276e-01,  5.01509465e-01,
         5.25833771e-02,  5.30963452e-02,  1.32034201e-01],
       [-8.41425728e-01, -2.98461860e-02,  1.60421157e-02,
         2.37054884e-01,  9.47820608e-01, -6.61924436e-02,
         1.20155550e+00,  1.57507591e+00,  3.00635718e+00,
         7.43823282e-01,  3.08050766e+00, -4.39523503e-01,
         4.01200434e-01,  2.41529314e-01, -6.02990600e-02,
         9.22082538e-02,  1.15734875e-01,  1.71440976e-01],
       [ 1.93324501e-01, -1.43309933e-01,  5.74720840e-02,
        -1.08925459e-01, -2.54917896e-01,  5.17813231e-01,
         6.81509605e-01, -1.62755412e+00,  2.53136669e-01,
        -3.07143171e-02, -4.39523503e-01,  1.39751784e+00,
        -2.98584659e-01,  9.14537809e-02,  1.48274212e-01,
        -9.35281698e-02,  1.08952815e-01, -1.80960533e-02],
       [-5.13342551e-01,  5.63945559e-02, -5.35728177e-02,
        -4.75828939e-02,  1.98718854e-01, -2.37057357e-01,
        -8.45505981e-01,  6.83922920e-01, -2.45237066e-01,
        -2.09725193e-01,  4.01200434e-01, -2.98584659e-01,
         3.27155990e-01,  1.64457383e-02, -5.07587953e-02,
         8.35205720e-02, -3.11581225e-02,  1.11045103e-01],
       [-2.04118141e-02, -2.13302421e-01,  1.30907183e-01,
         1.24137182e-01,  7.42234849e-02,  1.12635693e-01,
         4.15283894e-01, -2.92101415e-02,  3.17395135e-01,
         4.27973276e-01,  2.41529314e-01,  9.14537809e-02,
         1.64457383e-02,  1.40885512e-01,  5.77086447e-02,
         1.05314701e-02,  4.22268245e-02,  6.03549474e-02],
       [ 9.83842281e-02, -2.35388005e-01, -1.25894501e-02,
         1.81348182e-01, -5.76196232e-02,  1.76564882e-01,
         8.09308749e-01, -4.95867921e-02,  3.74893293e-01,
         5.01509465e-01, -6.02990600e-02,  1.48274212e-01,
        -5.07587953e-02,  5.77086447e-02,  1.62643446e-01,
        -3.20300753e-02,  5.57911833e-04,  5.63616875e-02],
       [-2.32434920e-02,  3.95672075e-02,  3.86625692e-02,
         1.91982286e-02,  7.27920865e-02, -4.56869028e-02,
        -3.61646910e-01,  1.75855615e-01,  1.57485112e-02,
         5.25833771e-02,  9.22082538e-02, -9.35281698e-02,
         8.35205720e-02,  1.05314701e-02, -3.20300753e-02,
         6.26617499e-02, -1.65271746e-02,  1.31860589e-02],
       [-3.59989206e-02, -1.17899846e-02,  4.38718045e-02,
         2.06719057e-03,  1.41373725e-02,  5.72324225e-02,
         3.66896092e-01, -1.40552193e-01,  2.34442848e-01,
         5.30963452e-02,  1.15734875e-01,  1.08952815e-01,
        -3.11581225e-02,  4.22268245e-02,  5.57911833e-04,
        -1.65271746e-02,  5.69176020e-02,  2.58680692e-03],
       [-2.18237133e-01, -1.18105538e-01,  2.84031067e-02,
         4.50507541e-02,  5.74211997e-02, -1.04379854e-03,
         4.57437839e-02,  1.43288492e-01,  9.73364729e-02,
         1.32034201e-01,  1.71440976e-01, -1.80960533e-02,
         1.11045103e-01,  6.03549474e-02,  5.63616875e-02,
         1.31860589e-02,  2.58680692e-03,  1.01732835e-01]])
      jac: array([-1.20348176e-06,  2.24820162e-06, -6.02851102e-07,  1.93511873e-06,
       -5.83200155e-06, -1.02806652e-06, -1.80226204e-07,  6.25425637e-07,
        2.39068025e-07, -3.24555198e-07,  1.14167934e-06, -5.74355378e-07,
       -5.80313575e-06,  6.20540656e-06,  9.68114477e-07,  4.42608913e-06,
       -2.60495329e-06,  2.00062189e-06])
  message: 'Optimization terminated successfully.'
     nfev: 1881
      nit: 84
     njev: 99
   status: 0
  success: True
        x: array([ 0.08340233,  0.16634748,  0.81672045,  1.49950797, -0.74024718,
        0.30926748,  0.89765964, -1.7301689 ,  0.73988709,  1.84676153,
       -0.66896055,  0.85006778,  0.03286785,  0.10167267, -0.23461464,
       -1.34135458, -0.5581565 ,  0.04870361])
