Program Begingeth
      fun: 0.27477614546441187
 hess_inv: array([[ 4.33532800e+00,  1.46166583e+00,  3.49926895e-01,
         1.03145539e+00,  6.48040423e-01, -9.55453481e-01,
         1.47423770e+00, -1.70189184e+00, -1.75151293e+00,
        -8.40443143e-01,  8.19764125e-01, -1.03237453e+00,
        -7.64012093e-01, -4.19389598e-01, -4.81994648e-01,
        -8.60434653e-02, -5.45828419e-01,  3.64336809e-01],
       [ 1.46166583e+00,  3.06255906e+00,  1.14139722e+00,
         3.16083898e-01,  1.06141138e+00, -1.21968653e-01,
         3.15352299e+00, -4.29500848e-02,  2.48962518e+00,
        -1.07450764e-01,  3.02087288e-01, -1.68478316e+00,
        -4.81641584e-01, -4.31702204e-01, -3.27003434e-01,
         1.17232209e-02, -2.02024283e-01,  8.65244453e-02],
       [ 3.49926895e-01,  1.14139722e+00,  2.08375954e+00,
         3.84758257e-01,  3.75975116e-01,  4.65883870e-01,
         3.09404893e+00, -1.97723031e+00,  2.09379176e+00,
        -3.69436727e-02,  9.46599469e-01, -1.03638717e+00,
        -9.01156948e-02, -2.08836239e-01, -3.51350886e-01,
        -1.73374364e-01, -4.64793642e-02, -4.94531148e-02],
       [ 1.03145539e+00,  3.16083898e-01,  3.84758257e-01,
         3.60230015e-01,  1.54188888e-01, -1.29566422e-01,
         1.06272359e+00, -8.29900976e-01, -3.30873367e-01,
        -2.39158310e-01,  3.67180517e-01, -2.57545855e-01,
        -1.25967739e-01, -8.58070726e-02, -1.81143208e-01,
        -4.40947130e-02, -1.15336966e-01,  3.70407156e-02],
       [ 6.48040423e-01,  1.06141138e+00,  3.75975116e-01,
         1.54188888e-01,  5.33195235e-01, -3.00894871e-02,
         2.25566786e+00,  5.80932072e-01,  5.24853393e-01,
        -2.40273964e-01,  5.82137609e-02, -4.92689827e-01,
        -2.48629319e-01, -8.87410346e-02, -9.72204065e-02,
        -4.25198110e-02, -1.71302158e-01,  2.04322878e-02],
       [-9.55453481e-01, -1.21968653e-01,  4.65883870e-01,
        -1.29566422e-01, -3.00894871e-02,  4.42398681e-01,
         9.78417658e-01,  1.50279034e-01,  1.15495437e+00,
         6.31540094e-02, -5.68847817e-02,  5.84232992e-02,
         1.88230089e-01,  8.13627999e-02,  8.40826706e-02,
        -1.93490168e-03,  8.17143371e-02, -9.50637289e-02],
       [ 1.47423770e+00,  3.15352299e+00,  3.09404893e+00,
         1.06272359e+00,  2.25566786e+00,  9.78417658e-01,
         2.00812821e+01,  1.29397603e+00,  3.82260221e+00,
        -1.68567164e+00,  1.03559915e+00, -1.54454149e+00,
        -8.01806814e-01, -3.05022809e-01, -5.38369872e-01,
        -3.49519494e-01, -1.28393438e+00, -4.38700979e-01],
       [-1.70189184e+00, -4.29500848e-02, -1.97723031e+00,
        -8.29900976e-01,  5.80932072e-01,  1.50279034e-01,
         1.29397603e+00,  8.45829337e+00, -8.59419498e-01,
        -2.27310801e-01, -1.82033657e+00,  7.29079775e-01,
         7.07262751e-02,  4.56662158e-01,  8.44234863e-01,
         3.10127265e-01,  4.56761473e-02, -2.75207157e-02],
       [-1.75151293e+00,  2.48962518e+00,  2.09379176e+00,
        -3.30873367e-01,  5.24853393e-01,  1.15495437e+00,
         3.82260221e+00, -8.59419498e-01,  9.08326934e+00,
         4.52149345e-01,  3.25743088e-01, -1.46314358e+00,
         1.44355085e-01, -5.58758931e-01, -1.06797159e-01,
         1.47754849e-01, -3.26497956e-02, -1.21430592e-01],
       [-8.40443143e-01, -1.07450764e-01, -3.69436727e-02,
        -2.39158310e-01, -2.40273964e-01,  6.31540094e-02,
        -1.68567164e+00, -2.27310801e-01,  4.52149345e-01,
         7.50867556e-01, -1.35421295e-01,  1.97974118e-02,
         9.99960229e-02,  3.74832810e-02,  7.95446277e-02,
         5.16338066e-02,  2.59033805e-01,  5.03473884e-02],
       [ 8.19764125e-01,  3.02087288e-01,  9.46599469e-01,
         3.67180517e-01,  5.82137609e-02, -5.68847817e-02,
         1.03559915e+00, -1.82033657e+00,  3.25743088e-01,
        -1.35421295e-01,  1.18458829e+00, -5.66668734e-01,
        -1.20929460e-01, -2.86478867e-01, -4.06575710e-01,
        -1.47217245e-01, -1.17642943e-01, -8.81103475e-02],
       [-1.03237453e+00, -1.68478316e+00, -1.03638717e+00,
        -2.57545855e-01, -4.92689827e-01,  5.84232992e-02,
        -1.54454149e+00,  7.29079775e-01, -1.46314358e+00,
         1.97974118e-02, -5.66668734e-01,  1.39263731e+00,
         2.69954467e-01,  3.88514924e-01,  2.42000321e-01,
        -9.06230254e-03,  1.44226169e-01, -5.19543922e-02],
       [-7.64012093e-01, -4.81641584e-01, -9.01156948e-02,
        -1.25967739e-01, -2.48629319e-01,  1.88230089e-01,
        -8.01806814e-01,  7.07262751e-02,  1.44355085e-01,
         9.99960229e-02, -1.20929460e-01,  2.69954467e-01,
         2.78236090e-01,  9.79573126e-02,  8.95347316e-02,
         7.38576935e-02,  1.72022533e-01, -8.99872676e-02],
       [-4.19389598e-01, -4.31702204e-01, -2.08836239e-01,
        -8.58070726e-02, -8.87410346e-02,  8.13627999e-02,
        -3.05022809e-01,  4.56662158e-01, -5.58758931e-01,
         3.74832810e-02, -2.86478867e-01,  3.88514924e-01,
         9.79573126e-02,  1.98182706e-01,  1.14213181e-01,
        -5.70545262e-03,  1.04287355e-01, -5.85539442e-03],
       [-4.81994648e-01, -3.27003434e-01, -3.51350886e-01,
        -1.81143208e-01, -9.72204065e-02,  8.40826706e-02,
        -5.38369872e-01,  8.44234863e-01, -1.06797159e-01,
         7.95446277e-02, -4.06575710e-01,  2.42000321e-01,
         8.95347316e-02,  1.14213181e-01,  2.10012420e-01,
         6.86740785e-02,  5.79033592e-02,  3.84650912e-02],
       [-8.60434653e-02,  1.17232209e-02, -1.73374364e-01,
        -4.40947130e-02, -4.25198110e-02, -1.93490168e-03,
        -3.49519494e-01,  3.10127265e-01,  1.47754849e-01,
         5.16338066e-02, -1.47217245e-01, -9.06230254e-03,
         7.38576935e-02, -5.70545262e-03,  6.86740785e-02,
         1.00127357e-01,  4.10091784e-02,  9.18148244e-03],
       [-5.45828419e-01, -2.02024283e-01, -4.64793642e-02,
        -1.15336966e-01, -1.71302158e-01,  8.17143371e-02,
        -1.28393438e+00,  4.56761473e-02, -3.26497956e-02,
         2.59033805e-01, -1.17642943e-01,  1.44226169e-01,
         1.72022533e-01,  1.04287355e-01,  5.79033592e-02,
         4.10091784e-02,  2.35903857e-01, -1.69940334e-02],
       [ 3.64336809e-01,  8.65244453e-02, -4.94531148e-02,
         3.70407156e-02,  2.04322878e-02, -9.50637289e-02,
        -4.38700979e-01, -2.75207157e-02, -1.21430592e-01,
         5.03473884e-02, -8.81103475e-02, -5.19543922e-02,
        -8.99872676e-02, -5.85539442e-03,  3.84650912e-02,
         9.18148244e-03, -1.69940334e-02,  1.30642122e-01]])
      jac: array([-2.25005200e-07,  3.05311332e-07,  5.77315973e-08,  8.95579907e-07,
       -9.14083624e-07, -7.10542736e-08, -1.90218212e-07, -3.33066907e-08,
       -4.81096644e-09, -3.65263375e-07, -1.35077135e-07, -5.95819690e-08,
       -6.49110395e-07,  4.40018392e-07,  5.18104078e-08,  3.52680848e-07,
       -1.70974346e-07, -2.93839027e-07])
  message: 'Optimization terminated successfully.'
     nfev: 1406
      nit: 60
     njev: 74
   status: 0
  success: True
        x: array([-0.35244766, -0.67863482,  0.63401258, -0.82226407, -0.84453529,
        0.08603082, -0.28892758, -1.66341543, -0.53183936,  0.10505884,
        0.6641949 ,  1.09937834,  0.06164909,  0.09948962, -0.39238941,
        1.07278991, -0.58677876, -0.01280844])
