Program Begingeth
      fun: 0.375761958674005
 hess_inv: array([[ 7.71976498e+00, -9.97192814e-01,  1.55561712e+00,
         2.28119053e+00, -8.58390278e-01,  1.95418995e+00,
        -7.13781229e-01,  3.10373196e-01,  5.97690459e+00,
        -1.50756396e-01, -9.82415295e-01,  1.64614761e-01,
        -1.16300195e+00,  3.37511875e-01,  5.52972995e-01,
        -3.93279407e-01,  8.18830947e-01, -4.15739335e-01],
       [-9.97192814e-01,  6.40587119e+00,  1.87215750e+00,
        -3.15187507e-01,  2.74817495e+00,  6.62651787e-01,
        -8.04803978e+00,  4.51363827e-01,  6.70309066e+00,
        -1.79689012e-01,  5.54946581e-01, -1.64780822e+00,
         7.67497287e-01, -4.58289499e-01, -1.99654692e-01,
         1.05156591e-01, -5.19745895e-01,  1.10851210e-02],
       [ 1.55561712e+00,  1.87215750e+00,  2.88081480e+00,
         1.51329854e-01,  6.93480070e-01,  1.38653440e+00,
        -4.67445086e+00, -1.37659642e+00,  4.04343931e+00,
         4.07174700e-02,  6.50780095e-01, -5.63793482e-01,
        -1.55883348e-01, -8.05419124e-02, -9.71307880e-02,
         5.65207430e-02,  8.19586778e-02, -1.74297836e-01],
       [ 2.28119053e+00, -3.15187507e-01,  1.51329854e-01,
         7.72650402e-01, -2.81113037e-01,  4.51138111e-01,
         5.65876075e-01,  3.15620600e-01,  1.70013421e+00,
        -1.08447040e-01, -3.99761415e-01,  1.54967818e-03,
        -2.93092376e-01,  8.14596393e-02,  2.09557344e-01,
        -1.25507060e-01,  2.29655773e-01, -8.28368366e-02],
       [-8.58390278e-01,  2.74817495e+00,  6.93480070e-01,
        -2.81113037e-01,  1.32011975e+00,  1.97762144e-01,
        -4.26476278e+00,  7.21002900e-01,  2.39843546e+00,
         4.72886803e-02,  2.22995385e-01, -6.09859654e-01,
         4.43102485e-01, -1.59363609e-01, -1.03637928e-01,
         1.15184420e-01, -3.22419175e-01,  2.04664809e-02],
       [ 1.95418995e+00,  6.62651787e-01,  1.38653440e+00,
         4.51138111e-01,  1.97762144e-01,  9.56287962e-01,
        -2.44495116e+00, -2.09002422e-01,  3.04765249e+00,
         1.15056242e-01, -3.99740821e-02, -1.88012615e-01,
        -2.80571880e-01,  4.32699243e-02,  1.11731792e-01,
        -7.21126409e-02,  1.41044588e-01, -1.31201220e-01],
       [-7.13781229e-01, -8.04803978e+00, -4.67445086e+00,
         5.65876075e-01, -4.26476278e+00, -2.44495116e+00,
         2.45492358e+01, -2.79764867e+00, -1.09957533e+01,
        -9.35472375e-01, -6.02847063e-01,  1.34480697e+00,
        -9.14532861e-01,  2.33652274e-01,  2.20058769e-01,
        -4.22233362e-01,  1.14312421e+00,  3.67276363e-01],
       [ 3.10373196e-01,  4.51363827e-01, -1.37659642e+00,
         3.15620600e-01,  7.21002900e-01, -2.09002422e-01,
        -2.79764867e+00,  5.74312564e+00,  2.95244967e-01,
         4.37467527e-01, -9.51631713e-01,  2.66005467e-02,
         2.43105748e-01,  2.00717476e-01,  3.94311758e-01,
        -5.88426616e-02, -2.19043730e-01,  7.00881011e-02],
       [ 5.97690459e+00,  6.70309066e+00,  4.04343931e+00,
         1.70013421e+00,  2.39843546e+00,  3.04765249e+00,
        -1.09957533e+01,  2.95244967e-01,  1.71445100e+01,
        -5.27357365e-02, -1.56924872e-01, -1.75726143e+00,
        -2.94052288e-01, -4.08190660e-01,  3.78986084e-01,
        -3.43410748e-01, -3.46006972e-03, -2.70445878e-01],
       [-1.50756396e-01, -1.79689012e-01,  4.07174700e-02,
        -1.08447040e-01,  4.72886803e-02,  1.15056242e-01,
        -9.35472375e-01,  4.37467527e-01, -5.27357365e-02,
         8.40422493e-01,  5.74227186e-02,  1.05982228e-01,
        -1.58834393e-01,  7.18760705e-03, -3.89807401e-02,
         9.14451965e-03, -9.90606342e-02, -1.62986128e-01],
       [-9.82415295e-01,  5.54946581e-01,  6.50780095e-01,
        -3.99761415e-01,  2.22995385e-01, -3.99740821e-02,
        -6.02847063e-01, -9.51631713e-01, -1.56924872e-01,
         5.74227186e-02,  1.07204065e+00, -2.40649881e-01,
         1.30992425e-01, -2.55478495e-01, -3.19936741e-01,
         1.29311769e-01, -1.07486787e-01, -1.12945591e-01],
       [ 1.64614761e-01, -1.64780822e+00, -5.63793482e-01,
         1.54967818e-03, -6.09859654e-01, -1.88012615e-01,
         1.34480697e+00,  2.66005467e-02, -1.75726143e+00,
         1.05982228e-01, -2.40649881e-01,  8.36920507e-01,
        -1.45427725e-01,  2.22446634e-01, -1.75059824e-02,
         4.94490614e-02,  1.32266992e-01,  4.69968405e-04],
       [-1.16300195e+00,  7.67497287e-01, -1.55883348e-01,
        -2.93092376e-01,  4.43102485e-01, -2.80571880e-01,
        -9.14532861e-01,  2.43105748e-01, -2.94052288e-01,
        -1.58834393e-01,  1.30992425e-01, -1.45427725e-01,
         3.98876102e-01, -8.51362339e-02, -8.04290382e-02,
         1.49677176e-01, -2.28186900e-01,  1.12947497e-01],
       [ 3.37511875e-01, -4.58289499e-01, -8.05419124e-02,
         8.14596393e-02, -1.59363609e-01,  4.32699243e-02,
         2.33652274e-01,  2.00717476e-01, -4.08190660e-01,
         7.18760705e-03, -2.55478495e-01,  2.22446634e-01,
        -8.51362339e-02,  1.47082871e-01,  6.06428824e-02,
        -1.20500981e-02,  1.00038053e-01,  1.13074901e-02],
       [ 5.52972995e-01, -1.99654692e-01, -9.71307880e-02,
         2.09557344e-01, -1.03637928e-01,  1.11731792e-01,
         2.20058769e-01,  3.94311758e-01,  3.78986084e-01,
        -3.89807401e-02, -3.19936741e-01, -1.75059824e-02,
        -8.04290382e-02,  6.06428824e-02,  1.65429435e-01,
        -7.27392461e-02,  5.11245531e-02,  5.07215401e-02],
       [-3.93279407e-01,  1.05156591e-01,  5.65207430e-02,
        -1.25507060e-01,  1.15184420e-01, -7.21126409e-02,
        -4.22233362e-01, -5.88426616e-02, -3.43410748e-01,
         9.14451965e-03,  1.29311769e-01,  4.94490614e-02,
         1.49677176e-01, -1.20500981e-02, -7.27392461e-02,
         1.21343576e-01, -8.14837476e-02,  1.40283068e-02],
       [ 8.18830947e-01, -5.19745895e-01,  8.19586778e-02,
         2.29655773e-01, -3.22419175e-01,  1.41044588e-01,
         1.14312421e+00, -2.19043730e-01, -3.46006972e-03,
        -9.90606342e-02, -1.07486787e-01,  1.32266992e-01,
        -2.28186900e-01,  1.00038053e-01,  5.11245531e-02,
        -8.14837476e-02,  2.35914111e-01, -3.47492681e-02],
       [-4.15739335e-01,  1.10851210e-02, -1.74297836e-01,
        -8.28368366e-02,  2.04664809e-02, -1.31201220e-01,
         3.67276363e-01,  7.00881011e-02, -2.70445878e-01,
        -1.62986128e-01, -1.12945591e-01,  4.69968405e-04,
         1.12947497e-01,  1.13074901e-02,  5.07215401e-02,
         1.40283068e-02, -3.47492681e-02,  1.28730931e-01]])
      jac: array([ 1.82446650e-07, -3.25665421e-07,  3.58602037e-07, -1.18053715e-07,
        7.76786043e-07, -1.11984496e-06,  3.29366164e-08,  4.07081776e-08,
        1.19163938e-07,  1.59502041e-07, -4.99600361e-08,  2.04651111e-07,
       -2.38697950e-07, -9.52571355e-07,  2.77925831e-07, -7.40148683e-09,
        1.48769885e-07,  4.38538095e-07])
  message: 'Optimization terminated successfully.'
     nfev: 1425
      nit: 63
     njev: 75
   status: 0
  success: True
        x: array([ 0.81968332, -1.25345887,  0.5064563 ,  1.14707745, -1.23272285,
        0.12261743,  0.67705697, -2.12781549, -0.47071672,  0.02094385,
        0.45651472,  1.194846  , -0.00532455, -0.04768523, -0.33569017,
       -1.10429889, -0.82445061, -0.02291881])
