Program Begingeth
      fun: 0.29282083307317186
 hess_inv: array([[ 4.80780190e+00,  1.98201257e+00, -8.89025625e-02,
         1.59001910e+00,  9.64004217e-01, -1.08946452e+00,
         2.38534352e+00, -8.71962143e-01, -3.38549245e+00,
        -1.70935019e-01,  9.43989152e-01, -7.03724706e-01,
        -7.57717488e-01, -4.02555406e-01, -4.61962482e-01,
        -2.85250263e-01, -5.44004599e-01,  2.69634079e-01],
       [ 1.98201257e+00,  4.60019911e+00,  1.25677650e+00,
         6.15733190e-01,  1.95681516e+00, -5.66920829e-03,
         4.62539251e+00,  1.01815704e+00,  3.23439110e+00,
         3.65160224e-01,  5.87847143e-01, -1.51928611e+00,
        -7.07202372e-01, -4.69324544e-01, -3.20910484e-01,
        -1.36339732e-01, -4.17588078e-01,  1.23257480e-01],
       [-8.89025625e-02,  1.25677650e+00,  2.42379603e+00,
         3.22296750e-01,  4.17828356e-01,  9.40753854e-01,
         3.54452381e+00, -1.96792086e+00,  3.33954320e+00,
         9.70085687e-02,  8.30661598e-01, -6.19801530e-01,
         2.15951785e-02, -1.37729144e-01, -2.63687012e-01,
        -1.08355917e-01,  2.56197217e-02, -1.37438397e-01],
       [ 1.59001910e+00,  6.15733190e-01,  3.22296750e-01,
         6.40475274e-01,  2.95692047e-01, -2.15464743e-01,
         1.57656070e+00, -7.54892033e-01, -8.85978478e-01,
        -9.18086887e-02,  4.55662063e-01, -2.13508106e-01,
        -1.93148359e-01, -1.18928072e-01, -2.15408295e-01,
        -1.07743884e-01, -1.50767784e-01,  3.34446269e-02],
       [ 9.64004217e-01,  1.95681516e+00,  4.17828356e-01,
         2.95692047e-01,  9.45279886e-01, -4.72249009e-02,
         2.50362692e+00,  1.11589494e+00,  9.83493153e-01,
         6.06932011e-02,  1.66901415e-01, -5.53237988e-01,
        -3.65007589e-01, -1.52639262e-01, -1.14251071e-01,
        -1.01900342e-01, -2.28478357e-01,  6.85962922e-02],
       [-1.08946452e+00, -5.66920829e-03,  9.40753854e-01,
        -2.15464743e-01, -4.72249009e-02,  6.64032869e-01,
         1.10460916e+00, -3.56456105e-01,  2.27597211e+00,
        -3.51055933e-02,  2.26988854e-02, -4.28827675e-02,
         2.04470703e-01,  4.96602326e-02,  4.10848490e-02,
         4.20728235e-02,  1.05570294e-01, -1.10512268e-01],
       [ 2.38534352e+00,  4.62539251e+00,  3.54452381e+00,
         1.57656070e+00,  2.50362692e+00,  1.10460916e+00,
         1.63697779e+01,  9.32686091e-01,  4.84324934e+00,
        -4.91327874e-01,  1.08976134e+00, -1.13586948e+00,
        -7.64455084e-01, -3.32829171e-01, -6.08462484e-01,
        -4.63583758e-01, -8.33897582e-01, -2.21878587e-01],
       [-8.71962143e-01,  1.01815704e+00, -1.96792086e+00,
        -7.54892033e-01,  1.11589494e+00, -3.56456105e-01,
         9.32686091e-01,  9.04780496e+00, -4.47222843e-01,
        -2.44462463e-01, -1.49142682e+00,  9.18694260e-02,
        -2.93396264e-01,  2.49918619e-01,  6.43729721e-01,
         1.50238239e-01, -2.11561748e-01,  2.33594575e-01],
       [-3.38549245e+00,  3.23439110e+00,  3.33954320e+00,
        -8.85978478e-01,  9.83493153e-01,  2.27597211e+00,
         4.84324934e+00, -4.47222843e-01,  1.35389528e+01,
         3.30560022e-01,  3.08786237e-01, -1.22570637e+00,
         3.27740975e-01, -3.86674822e-01,  1.89035613e-02,
         2.73374651e-01,  4.36524578e-02, -2.73566035e-01],
       [-1.70935019e-01,  3.65160224e-01,  9.70085687e-02,
        -9.18086887e-02,  6.06932011e-02, -3.51055933e-02,
        -4.91327874e-01, -2.44462463e-01,  3.30560022e-01,
         6.70314378e-01, -3.42478232e-02, -1.41012272e-01,
        -1.22432509e-01, -9.12622356e-04,  4.19990422e-02,
         1.45951660e-02,  9.29360504e-02,  1.54142432e-01],
       [ 9.43989152e-01,  5.87847143e-01,  8.30661598e-01,
         4.55662063e-01,  1.66901415e-01,  2.26988854e-02,
         1.08976134e+00, -1.49142682e+00,  3.08786237e-01,
        -3.42478232e-02,  1.00680880e+00, -3.69369577e-01,
        -8.15449521e-02, -2.37341227e-01, -3.40708568e-01,
        -1.06421351e-01, -5.60897504e-02, -1.14172464e-01],
       [-7.03724706e-01, -1.51928611e+00, -6.19801530e-01,
        -2.13508106e-01, -5.53237988e-01, -4.28827675e-02,
        -1.13586948e+00,  9.18694260e-02, -1.22570637e+00,
        -1.41012272e-01, -3.69369577e-01,  8.45390237e-01,
         1.74423477e-01,  2.58762778e-01,  9.59351608e-02,
        -2.22096745e-02,  1.44820264e-01, -2.09766176e-02],
       [-7.57717488e-01, -7.07202372e-01,  2.15951785e-02,
        -1.93148359e-01, -3.65007589e-01,  2.04470703e-01,
        -7.64455084e-01, -2.93396264e-01,  3.27740975e-01,
        -1.22432509e-01, -8.15449521e-02,  1.74423477e-01,
         2.84990052e-01,  7.60649378e-02,  5.59571310e-02,
         1.14788749e-01,  1.49275471e-01, -1.06641039e-01],
       [-4.02555406e-01, -4.69324544e-01, -1.37729144e-01,
        -1.18928072e-01, -1.52639262e-01,  4.96602326e-02,
        -3.32829171e-01,  2.49918619e-01, -3.86674822e-01,
        -9.12622356e-04, -2.37341227e-01,  2.58762778e-01,
         7.60649378e-02,  1.51058344e-01,  7.93901839e-02,
         5.46455730e-03,  1.00088682e-01,  6.97259399e-03],
       [-4.61962482e-01, -3.20910484e-01, -2.63687012e-01,
        -2.15408295e-01, -1.14251071e-01,  4.10848490e-02,
        -6.08462484e-01,  6.43729721e-01,  1.89035613e-02,
         4.19990422e-02, -3.40708568e-01,  9.59351608e-02,
         5.59571310e-02,  7.93901839e-02,  1.73912244e-01,
         6.37363928e-02,  3.84116923e-02,  6.47177745e-02],
       [-2.85250263e-01, -1.36339732e-01, -1.08355917e-01,
        -1.07743884e-01, -1.01900342e-01,  4.20728235e-02,
        -4.63583758e-01,  1.50238239e-01,  2.73374651e-01,
         1.45951660e-02, -1.06421351e-01, -2.22096745e-02,
         1.14788749e-01,  5.46455730e-03,  6.37363928e-02,
         1.07422202e-01,  5.03427790e-02, -1.22474674e-02],
       [-5.44004599e-01, -4.17588078e-01,  2.56197217e-02,
        -1.50767784e-01, -2.28478357e-01,  1.05570294e-01,
        -8.33897582e-01, -2.11561748e-01,  4.36524578e-02,
         9.29360504e-02, -5.60897504e-02,  1.44820264e-01,
         1.49275471e-01,  1.00088682e-01,  3.84116923e-02,
         5.03427790e-02,  1.78541680e-01, -2.72889698e-02],
       [ 2.69634079e-01,  1.23257480e-01, -1.37438397e-01,
         3.34446269e-02,  6.85962922e-02, -1.10512268e-01,
        -2.21878587e-01,  2.33594575e-01, -2.73566035e-01,
         1.54142432e-01, -1.14172464e-01, -2.09766176e-02,
        -1.06641039e-01,  6.97259399e-03,  6.47177745e-02,
        -1.22474674e-02, -2.72889698e-02,  1.33315473e-01]])
      jac: array([ 1.23974904e-07, -1.25085127e-07, -1.49843101e-06, -3.06421555e-07,
        5.75835676e-07,  3.04904250e-06,  4.25585493e-08, -9.76996262e-08,
       -1.42108547e-07,  1.70234197e-08,  2.30186240e-07, -5.59552404e-07,
       -1.32116540e-07, -8.47470242e-08, -2.47505720e-06, -1.02140518e-07,
        5.42899059e-07,  1.73749903e-06])
  message: 'Optimization terminated successfully.'
     nfev: 1463
      nit: 68
     njev: 77
   status: 0
  success: True
        x: array([-0.62923367, -1.00826264,  0.60639271, -0.9161321 , -1.09388821,
        0.14323355, -0.48040091, -1.86608078, -0.46827888,  0.08888741,
        0.60588903,  1.17793492,  0.10565887,  0.0976456 , -0.35953307,
        1.13285716, -0.49989427, -0.03143176])
