Program Begingeth
      fun: 0.2793222240336003
 hess_inv: array([[ 2.37182231e+00, -5.17209973e-01,  1.03032856e+00,
         8.10998366e-01, -3.10895149e-01,  8.49393156e-01,
        -4.21643620e-01, -1.06032019e-01,  3.16222649e+00,
         1.86066580e-02, -3.99643118e-01, -1.83621733e-01,
        -2.72796358e-01,  1.06311513e-01,  1.90522764e-01,
        -1.61752910e-01,  1.50953310e-01, -7.09637800e-02],
       [-5.17209973e-01,  2.32640231e+00,  8.17273263e-01,
        -1.45488048e-01,  9.95974522e-01,  2.49565556e-01,
        -1.35531540e+00,  7.66104197e-01,  1.92627850e+00,
        -3.49125586e-01,  5.14357757e-01, -5.67167363e-01,
         2.96606431e-01, -2.34836063e-01, -7.96263277e-02,
         8.63328850e-02, -1.27913368e-01,  2.51149413e-02],
       [ 1.03032856e+00,  8.17273263e-01,  5.61669264e+00,
        -3.64861051e-01,  9.39198342e-02,  2.77832605e+00,
        -8.35239509e+00, -4.86070150e+00,  8.86740028e+00,
         5.49955868e-01,  1.33461170e+00, -3.90681969e-01,
        -2.93685415e-01, -1.00704803e-01, -4.42330249e-01,
         6.63309771e-02,  1.59642219e-01, -4.90354745e-01],
       [ 8.10998366e-01, -1.45488048e-01, -3.64861051e-01,
         4.19308874e-01, -6.74351249e-02, -5.58858696e-02,
         1.26910590e+00,  7.68403612e-01,  1.65648101e-01,
        -1.15860614e-01, -2.99327700e-01, -9.17257035e-02,
        -3.33479945e-02,  1.75584601e-02,  1.46759304e-01,
        -6.92396369e-02,  1.53616356e-02,  5.82701044e-02],
       [-3.10895149e-01,  9.95974522e-01,  9.39198342e-02,
        -6.74351249e-02,  4.84329239e-01, -1.46758883e-02,
        -3.97119559e-01,  9.33721380e-01,  2.64657940e-01,
        -1.41669820e-01,  1.18986751e-01, -1.88517631e-01,
         1.58143596e-01, -6.38337129e-02, -4.38803473e-04,
         5.51519435e-02, -5.68681806e-02,  4.07393660e-02],
       [ 8.49393156e-01,  2.49565556e-01,  2.77832605e+00,
        -5.58858696e-02, -1.46758883e-02,  1.46196405e+00,
        -4.13103757e+00, -2.19543822e+00,  4.74764574e+00,
         3.29319287e-01,  4.73078886e-01, -1.72648225e-01,
        -1.99553936e-01, -8.57899893e-03, -1.62687483e-01,
        -1.94493863e-03,  9.47706505e-02, -2.44611823e-01],
       [-4.21643620e-01, -1.35531540e+00, -8.35239509e+00,
         1.26910590e+00, -3.97119559e-01, -4.13103757e+00,
         1.73322257e+01,  6.84135875e+00, -1.22610783e+01,
        -9.67295437e-01, -1.57250688e+00,  7.48077890e-02,
         2.67603731e-01, -7.13194435e-02,  7.41843364e-01,
        -2.73018189e-01, -1.74637203e-01,  7.84756691e-01],
       [-1.06032019e-01,  7.66104197e-01, -4.86070150e+00,
         7.68403612e-01,  9.33721380e-01, -2.19543822e+00,
         6.84135875e+00,  1.03078900e+01, -7.29447958e+00,
        -4.75718262e-01, -1.66288456e+00, -1.29535206e-01,
         3.92336543e-01,  1.74781986e-01,  7.80947417e-01,
        -7.39492271e-02, -1.56163628e-01,  5.78539553e-01],
       [ 3.16222649e+00,  1.92627850e+00,  8.86740028e+00,
         1.65648101e-01,  2.64657940e-01,  4.74764574e+00,
        -1.22610783e+01, -7.29447958e+00,  1.86540487e+01,
         8.02444349e-01,  1.85607812e+00, -9.13599542e-01,
        -5.52862140e-01, -3.89715141e-01, -6.24264018e-01,
        -8.99934499e-02,  1.08981307e-01, -8.24145307e-01],
       [ 1.86066580e-02, -3.49125586e-01,  5.49955868e-01,
        -1.15860614e-01, -1.41669820e-01,  3.29319287e-01,
        -9.67295437e-01, -4.75718262e-01,  8.02444349e-01,
         8.81625729e-01,  8.47685407e-02,  5.75798014e-02,
        -2.59797929e-01,  2.06874638e-02, -1.54732032e-01,
        -1.54239657e-02,  5.02202347e-03, -2.60928117e-01],
       [-3.99643118e-01,  5.14357757e-01,  1.33461170e+00,
        -2.99327700e-01,  1.18986751e-01,  4.73078886e-01,
        -1.57250688e+00, -1.66288456e+00,  1.85607812e+00,
         8.47685407e-02,  1.08363163e+00, -2.02897584e-01,
         4.26460852e-03, -2.30758837e-01, -2.91992236e-01,
         6.69947607e-02, -1.55366612e-02, -1.76962873e-01],
       [-1.83621733e-01, -5.67167363e-01, -3.90681969e-01,
        -9.17257035e-02, -1.88517631e-01, -1.72648225e-01,
         7.48077890e-02, -1.29535206e-01, -9.13599542e-01,
         5.75798014e-02, -2.02897584e-01,  5.04844142e-01,
         1.81769347e-02,  1.29662668e-01, -3.56083322e-02,
         7.08244309e-02,  4.39819292e-02,  2.90093228e-02],
       [-2.72796358e-01,  2.96606431e-01, -2.93685415e-01,
        -3.33479945e-02,  1.58143596e-01, -1.99553936e-01,
         2.67603731e-01,  3.92336543e-01, -5.52862140e-01,
        -2.59797929e-01,  4.26460852e-03,  1.81769347e-02,
         1.66910435e-01, -2.45882791e-02,  2.57715542e-02,
         6.88847572e-02, -4.22552944e-02,  9.51143993e-02],
       [ 1.06311513e-01, -2.34836063e-01, -1.00704803e-01,
         1.75584601e-02, -6.38337129e-02, -8.57899893e-03,
        -7.13194435e-02,  1.74781986e-01, -3.89715141e-01,
         2.06874638e-02, -2.30758837e-01,  1.29662668e-01,
        -2.45882791e-02,  1.18678086e-01,  4.72795706e-02,
         2.48284056e-03,  6.36182949e-02,  2.26578449e-02],
       [ 1.90522764e-01, -7.96263277e-02, -4.42330249e-01,
         1.46759304e-01, -4.38803473e-04, -1.62687483e-01,
         7.41843364e-01,  7.80947417e-01, -6.24264018e-01,
        -1.54732032e-01, -2.91992236e-01, -3.56083322e-02,
         2.57715542e-02,  4.72795706e-02,  1.51748309e-01,
        -3.45955321e-02,  3.15550055e-03,  1.10628881e-01],
       [-1.61752910e-01,  8.63328850e-02,  6.63309771e-02,
        -6.92396369e-02,  5.51519435e-02, -1.94493863e-03,
        -2.73018189e-01, -7.39492271e-02, -8.99934499e-02,
        -1.54239657e-02,  6.69947607e-02,  7.08244309e-02,
         6.88847572e-02,  2.48284056e-03, -3.45955321e-02,
         7.16773237e-02, -7.36331500e-03,  5.64865471e-03],
       [ 1.50953310e-01, -1.27913368e-01,  1.59642219e-01,
         1.53616356e-02, -5.68681806e-02,  9.47706505e-02,
        -1.74637203e-01, -1.56163628e-01,  1.08981307e-01,
         5.02202347e-03, -1.55366612e-02,  4.39819292e-02,
        -4.22552944e-02,  6.36182949e-02,  3.15550055e-03,
        -7.36331500e-03,  7.52783760e-02, -1.03377123e-02],
       [-7.09637800e-02,  2.51149413e-02, -4.90354745e-01,
         5.82701044e-02,  4.07393660e-02, -2.44611823e-01,
         7.84756691e-01,  5.78539553e-01, -8.24145307e-01,
        -2.60928117e-01, -1.76962873e-01,  2.90093228e-02,
         9.51143993e-02,  2.26578449e-02,  1.10628881e-01,
         5.64865471e-03, -1.03377123e-02,  1.41470137e-01]])
      jac: array([ 5.28836234e-07,  2.39068025e-07, -6.88338275e-08, -8.18604444e-07,
       -4.65553522e-07,  8.91879163e-08,  6.84637532e-08,  7.62353144e-08,
       -4.95899618e-08, -5.88418203e-08,  4.30766534e-07, -2.90138284e-07,
       -4.91458726e-07,  2.24709140e-06, -6.85007606e-07, -5.51410769e-08,
       -2.46136445e-06,  9.24815780e-07])
  message: 'Optimization terminated successfully.'
     nfev: 1520
      nit: 69
     njev: 80
   status: 0
  success: True
        x: array([ 1.03089929, -1.44834289,  0.53876656,  1.28760374, -1.42361177,
        0.15471933,  0.98291041, -1.90687122, -0.77947127,  0.13930177,
        0.55241505,  1.14455866,  0.01156719,  0.25065903, -0.27666076,
       -1.19458436,  0.05301279, -0.00954405])
