Program Begingeth
      fun: 0.3501765452169788
 hess_inv: array([[ 2.94091829e+00,  9.62679015e-02,  2.90591696e-01,
         3.94863321e-01, -2.63663068e-01,  4.81533694e-01,
         4.64900233e-01, -2.94274145e-01,  1.08562656e+00,
         1.22502093e+00, -1.08825518e+00,  9.81174143e-03,
        -1.16375954e+00, -4.80252898e-02, -2.78016407e-03,
        -5.69856803e-02, -1.25911888e-02, -4.03310042e-01],
       [ 9.62679015e-02,  7.81200549e-01, -4.93298047e-02,
        -2.64620724e-01, -5.31708591e-03, -1.71169226e-01,
        -1.13518120e+00, -1.98958267e-03, -1.51446731e-01,
        -7.04062328e-01, -2.44715498e-01, -1.18457102e-01,
        -6.01353806e-02, -2.60239814e-01, -2.01289057e-01,
         1.53031441e-02,  1.99574907e-02, -1.28692941e-01],
       [ 2.90591696e-01, -4.93298047e-02,  4.88010469e-01,
         7.85133752e-02, -6.62744688e-03,  9.38644103e-02,
        -3.10672884e-01, -3.33455051e-01,  4.79685146e-02,
         4.45276200e-01, -1.63358818e-01,  3.91820554e-03,
        -8.31240893e-02,  9.48193076e-02, -1.16858887e-01,
         4.78160338e-02,  3.42100835e-02, -7.00358496e-03],
       [ 3.94863321e-01, -2.64620724e-01,  7.85133752e-02,
         3.81456709e-01,  8.60263007e-02,  1.79703775e-01,
         1.02549502e+00,  3.75844803e-01,  1.13917946e+00,
         1.05972030e+00,  2.86566656e-01, -1.52551358e-01,
        -8.35439937e-02,  9.60686385e-02,  1.10829851e-01,
         1.34706778e-02, -1.59145441e-02,  1.19090862e-02],
       [-2.63663068e-01, -5.31708591e-03, -6.62744688e-03,
         8.60263007e-02,  3.11251595e-01, -1.99643916e-02,
         1.67661889e-01,  7.98942037e-01,  1.01500830e+00,
         2.49672753e-01,  9.04525667e-01, -2.28883993e-01,
         1.50975851e-01,  6.81964590e-02, -6.26763436e-03,
         3.64333092e-02,  1.81057619e-02,  4.29821645e-02],
       [ 4.81533694e-01, -1.71169226e-01,  9.38644103e-02,
         1.79703775e-01, -1.99643916e-02,  3.00428481e-01,
         6.07584784e-01, -2.91356795e-01,  9.85575519e-01,
         6.28699787e-01,  3.82481798e-02,  3.41956631e-01,
        -2.24378963e-01,  7.71914863e-02,  1.02727548e-01,
        -3.14939332e-02,  2.17690358e-02, -1.79085638e-02],
       [ 4.64900233e-01, -1.13518120e+00, -3.10672884e-01,
         1.02549502e+00,  1.67661889e-01,  6.07584784e-01,
         6.32662004e+00,  3.96424902e-01,  3.92514920e+00,
         2.31016291e+00,  1.57524456e+00, -4.28206906e-02,
        -2.24862657e-01,  2.50907796e-01,  5.44417769e-01,
        -1.52585241e-01, -5.75967283e-03,  9.37162004e-02],
       [-2.94274145e-01, -1.98958267e-03, -3.33455051e-01,
         3.75844803e-01,  7.98942037e-01, -2.91356795e-01,
         3.96424902e-01,  4.22376950e+00,  2.06140440e+00,
         7.30439274e-01,  1.82400915e+00, -1.43513872e+00,
         3.76760675e-01,  7.73646183e-02,  8.59817243e-02,
         1.06958513e-01, -4.39161477e-02,  8.72009437e-02],
       [ 1.08562656e+00, -1.51446731e-01,  4.79685146e-02,
         1.13917946e+00,  1.01500830e+00,  9.85575519e-01,
         3.92514920e+00,  2.06140440e+00,  9.64515834e+00,
         3.52487867e+00,  3.57934646e+00, -2.46195942e-01,
        -4.14595559e-01,  2.03993408e-01,  3.53810656e-01,
        -5.50830144e-02,  9.04157987e-02, -2.04047218e-03],
       [ 1.22502093e+00, -7.04062328e-01,  4.45276200e-01,
         1.05972030e+00,  2.49672753e-01,  6.28699787e-01,
         2.31016291e+00,  7.30439274e-01,  3.52487867e+00,
         3.29237727e+00,  7.54006399e-01, -2.18429947e-01,
        -3.25504301e-01,  3.21556610e-01,  2.67658636e-01,
         2.97198135e-02, -7.23737859e-03,  2.58362247e-02],
       [-1.08825518e+00, -2.44715498e-01, -1.63358818e-01,
         2.86566656e-01,  9.04525667e-01,  3.82481798e-02,
         1.57524456e+00,  1.82400915e+00,  3.57934646e+00,
         7.54006399e-01,  3.14167877e+00, -4.38438517e-01,
         4.83118364e-01,  2.11481544e-01,  7.81300556e-02,
         4.29663573e-02,  4.83432558e-02,  1.73105961e-01],
       [ 9.81174143e-03, -1.18457102e-01,  3.91820554e-03,
        -1.52551358e-01, -2.28883993e-01,  3.41956631e-01,
        -4.28206906e-02, -1.43513872e+00, -2.46195942e-01,
        -2.18429947e-01, -4.38438517e-01,  1.18911717e+00,
        -1.52670404e-01,  5.37314466e-02,  9.69843181e-02,
        -6.18281235e-02,  5.71309232e-02,  1.03820792e-02],
       [-1.16375954e+00, -6.01353806e-02, -8.31240893e-02,
        -8.35439937e-02,  1.50975851e-01, -2.24378963e-01,
        -2.24862657e-01,  3.76760675e-01, -4.14595559e-01,
        -3.25504301e-01,  4.83118364e-01, -1.52670404e-01,
         5.31827240e-01,  3.45068626e-02, -3.64192854e-03,
         7.00066551e-02, -1.02567462e-02,  1.74270440e-01],
       [-4.80252898e-02, -2.60239814e-01,  9.48193076e-02,
         9.60686385e-02,  6.81964590e-02,  7.71914863e-02,
         2.50907796e-01,  7.73646183e-02,  2.03993408e-01,
         3.21556610e-01,  2.11481544e-01,  5.37314466e-02,
         3.45068626e-02,  1.41843464e-01,  4.66726989e-02,
         1.05310140e-02,  2.47242807e-02,  5.13844385e-02],
       [-2.78016407e-03, -2.01289057e-01, -1.16858887e-01,
         1.10829851e-01, -6.26763436e-03,  1.02727548e-01,
         5.44417769e-01,  8.59817243e-02,  3.53810656e-01,
         2.67658636e-01,  7.81300556e-02,  9.69843181e-02,
        -3.64192854e-03,  4.66726989e-02,  1.44093421e-01,
        -2.54489086e-02, -1.17392487e-02,  5.47005157e-02],
       [-5.69856803e-02,  1.53031441e-02,  4.78160338e-02,
         1.34706778e-02,  3.64333092e-02, -3.14939332e-02,
        -1.52585241e-01,  1.06958513e-01, -5.50830144e-02,
         2.97198135e-02,  4.29663573e-02, -6.18281235e-02,
         7.00066551e-02,  1.05310140e-02, -2.54489086e-02,
         4.72503755e-02, -2.45846728e-03,  1.17046222e-02],
       [-1.25911888e-02,  1.99574907e-02,  3.42100835e-02,
        -1.59145441e-02,  1.81057619e-02,  2.17690358e-02,
        -5.75967283e-03, -4.39161477e-02,  9.04157987e-02,
        -7.23737859e-03,  4.83432558e-02,  5.71309232e-02,
        -1.02567462e-02,  2.47242807e-02, -1.17392487e-02,
        -2.45846728e-03,  3.39426039e-02, -6.35237388e-04],
       [-4.03310042e-01, -1.28692941e-01, -7.00358496e-03,
         1.19090862e-02,  4.29821645e-02, -1.79085638e-02,
         9.37162004e-02,  8.72009437e-02, -2.04047218e-03,
         2.58362247e-02,  1.73105961e-01,  1.03820792e-02,
         1.74270440e-01,  5.13844385e-02,  5.47005157e-02,
         1.17046222e-02, -6.35237388e-04,  1.03045348e-01]])
      jac: array([-5.81901194e-05, -2.18602914e-06, -1.33219361e-05,  1.04808754e-04,
       -2.46883995e-05,  2.10568600e-05, -1.00334555e-05, -7.03141249e-08,
       -1.20274161e-06, -1.87934853e-05,  9.84175704e-06, -6.02740080e-06,
       -1.52897324e-04,  1.06322358e-06, -2.77644574e-05,  1.12587347e-04,
       -1.83926948e-06,  2.86770607e-05])
  message: 'Desired error not necessarily achieved due to precision loss.'
     nfev: 2100
      nit: 66
     njev: 110
   status: 2
  success: False
        x: array([ 0.10972845,  0.0743188 ,  0.68865227,  1.74309152, -0.85044462,
        0.34739597,  1.35922733, -1.98579286,  0.72705546,  2.05239924,
       -0.75257167,  0.97126207,  0.01233573,  0.06311813, -0.16576985,
       -1.60374991, -0.47170884,  0.05472383])
