Program Begingeth
      fun: 0.21537977211041964
 hess_inv: array([[ 1.04626688e+00,  3.56102614e-01, -8.96757807e-03,
        -3.94313331e-01, -5.32682048e-02,  1.29332595e+00,
        -4.74412225e+00, -1.67923952e+00,  2.87261468e+00,
         6.48449955e-01, -2.00094587e-01,  3.90713726e+00,
        -5.93802208e-01,  5.11733863e-02, -5.52285349e-02,
         7.11077146e-02,  1.29865652e-01, -3.96987293e-01],
       [ 3.56102614e-01,  1.19522622e+00, -1.76270084e-01,
        -6.75843680e-01, -1.04347372e-01,  1.45557444e+00,
        -6.07098145e+00, -4.31649104e+00,  3.88703240e+00,
        -8.66136285e-02,  1.25988918e-01,  6.13167750e+00,
        -2.62027448e-01, -1.80315205e-01, -3.52317435e-01,
         1.76710639e-01,  2.13697254e-01, -3.48016586e-01],
       [-8.96757807e-03, -1.76270084e-01,  4.89155720e-01,
        -1.25058947e-01, -1.52075482e-01, -2.22976294e-01,
         1.02261883e-01, -1.38512062e-04, -1.08312655e+00,
        -3.84894486e-01, -1.09533450e+00, -1.03589918e+00,
         4.85311219e-03,  1.85974606e-01, -6.88099009e-02,
         6.58567248e-02,  3.23822708e-02,  7.19111128e-02],
       [-3.94313331e-01, -6.75843680e-01, -1.25058947e-01,
         8.29326455e-01,  1.03360651e-01, -1.25867749e+00,
         6.50970874e+00,  3.68492610e+00, -2.53695146e+00,
         6.30964485e-01,  3.28388733e-01, -4.89204048e+00,
         2.84156599e-01, -8.19082385e-02,  2.22742247e-01,
        -1.68601952e-01, -1.97741876e-01,  2.30977323e-01],
       [-5.32682048e-02, -1.04347372e-01, -1.52075482e-01,
         1.03360651e-01,  4.81118684e-01, -5.40731147e-01,
         1.89196601e+00,  2.19455838e+00, -9.75405132e-01,
        -1.22319922e+00,  1.40945891e+00, -1.63578451e+00,
         2.74013771e-01, -4.31898057e-02,  3.47464421e-02,
         9.97337301e-03, -1.44246640e-01,  1.11745888e-01],
       [ 1.29332595e+00,  1.45557444e+00, -2.22976294e-01,
        -1.25867749e+00, -5.40731147e-01,  4.41275688e+00,
        -1.70615132e+01, -9.53840277e+00,  1.04196627e+01,
         3.41110282e+00, -4.43156497e-01,  1.49918916e+01,
        -1.23528091e+00,  7.39651670e-02, -1.35858200e-01,
         2.07101511e-01,  6.52453571e-01, -8.13388056e-01],
       [-4.74412225e+00, -6.07098145e+00,  1.02261883e-01,
         6.50970874e+00,  1.89196601e+00, -1.70615132e+01,
         7.41337300e+01,  3.98678372e+01, -3.81153342e+01,
        -8.40552457e+00,  2.39477074e+00, -5.95189968e+01,
         4.40403281e+00, -7.02776008e-01,  9.58223280e-01,
        -1.19946158e+00, -2.59275037e+00,  3.03936103e+00],
       [-1.67923952e+00, -4.31649104e+00, -1.38512063e-04,
         3.68492610e+00,  2.19455838e+00, -9.53840277e+00,
         3.98678372e+01,  3.07011008e+01, -2.27287399e+01,
        -5.09982109e+00,  3.56286567e+00, -3.56115948e+01,
         2.23837800e+00, -6.01251437e-02,  1.20632912e+00,
        -7.72291435e-01, -1.61538603e+00,  1.74286127e+00],
       [ 2.87261468e+00,  3.88703240e+00, -1.08312655e+00,
        -2.53695146e+00, -9.75405132e-01,  1.04196627e+01,
        -3.81153342e+01, -2.27287399e+01,  2.82166923e+01,
         8.15141875e+00,  1.18085324e+00,  3.59707618e+01,
        -2.59385417e+00, -3.43403683e-01, -5.22327092e-01,
         4.66732062e-01,  1.32681242e+00, -2.00916386e+00],
       [ 6.48449955e-01, -8.66136285e-02, -3.84894486e-01,
         6.30964485e-01, -1.22319922e+00,  3.41110282e+00,
        -8.40552457e+00, -5.09982109e+00,  8.15141875e+00,
         9.95012810e+00, -1.98148964e+00,  8.78893699e+00,
        -1.49326067e+00,  1.14352010e-01,  5.91295032e-01,
        -3.08441979e-01,  7.10011787e-01, -6.35110834e-01],
       [-2.00094587e-01,  1.25988918e-01, -1.09533450e+00,
         3.28388733e-01,  1.40945891e+00, -4.43156497e-01,
         2.39477074e+00,  3.56286567e+00,  1.18085324e+00,
        -1.98148964e+00,  5.70628043e+00, -4.90178481e-01,
         6.56873842e-01, -3.73868104e-01,  1.38242695e-01,
        -3.44957793e-02, -3.08620775e-01,  1.33808166e-01],
       [ 3.90713726e+00,  6.13167750e+00, -1.03589918e+00,
        -4.89204048e+00, -1.63578451e+00,  1.49918916e+01,
        -5.95189968e+01, -3.56115948e+01,  3.59707618e+01,
         8.78893699e+00, -4.90178481e-01,  5.36730366e+01,
        -3.72261375e+00, -5.13326775e-02, -9.89806301e-01,
         9.33540450e-01,  2.21169359e+00, -2.76191790e+00],
       [-5.93802208e-01, -2.62027448e-01,  4.85311219e-03,
         2.84156599e-01,  2.74013771e-01, -1.23528091e+00,
         4.40403281e+00,  2.23837800e+00, -2.59385417e+00,
        -1.49326067e+00,  6.56873842e-01, -3.72261375e+00,
         5.68089824e-01, -7.06695608e-02, -1.10403383e-02,
         1.41308822e-02, -2.13964163e-01,  3.03652460e-01],
       [ 5.11733863e-02, -1.80315205e-01,  1.85974606e-01,
        -8.19082385e-02, -4.31898057e-02,  7.39651670e-02,
        -7.02776008e-01, -6.01251437e-02, -3.43403683e-01,
         1.14352010e-01, -3.73868104e-01, -5.13326775e-02,
        -7.06695608e-02,  1.63669711e-01,  4.87692313e-02,
         1.30424565e-02,  6.30524057e-02,  2.47853775e-02],
       [-5.52285349e-02, -3.52317435e-01, -6.88099009e-02,
         2.22742247e-01,  3.47464421e-02, -1.35858200e-01,
         9.58223280e-01,  1.20632912e+00, -5.22327092e-01,
         5.91295032e-01,  1.38242695e-01, -9.89806301e-01,
        -1.10403383e-02,  4.87692313e-02,  2.08066146e-01,
        -8.35402631e-02, -2.79322463e-02,  8.35970996e-02],
       [ 7.11077146e-02,  1.76710639e-01,  6.58567248e-02,
        -1.68601952e-01,  9.97337301e-03,  2.07101511e-01,
        -1.19946158e+00, -7.72291435e-01,  4.66732062e-01,
        -3.08441979e-01, -3.44957793e-02,  9.33540450e-01,
         1.41308822e-02,  1.30424565e-02, -8.35402631e-02,
         8.88853225e-02,  2.42730222e-02, -3.33151641e-02],
       [ 1.29865652e-01,  2.13697254e-01,  3.23822708e-02,
        -1.97741876e-01, -1.44246640e-01,  6.52453571e-01,
        -2.59275037e+00, -1.61538603e+00,  1.32681242e+00,
         7.10011787e-01, -3.08620775e-01,  2.21169359e+00,
        -2.13964163e-01,  6.30524057e-02, -2.79322463e-02,
         2.42730222e-02,  1.63948931e-01, -1.15217118e-01],
       [-3.96987293e-01, -3.48016586e-01,  7.19111128e-02,
         2.30977323e-01,  1.11745888e-01, -8.13388056e-01,
         3.03936103e+00,  1.74286127e+00, -2.00916386e+00,
        -6.35110834e-01,  1.33808166e-01, -2.76191790e+00,
         3.03652460e-01,  2.47853775e-02,  8.35970996e-02,
        -3.33151641e-02, -1.15217118e-01,  2.43337859e-01]])
      jac: array([-4.88174316e-05,  2.75400073e-05, -1.62286851e-05,  4.30807242e-05,
       -5.23964205e-05,  1.61863671e-04,  2.98983061e-06,  2.04817644e-06,
       -1.16701093e-05, -2.12269091e-05,  1.91200759e-05, -3.06558482e-05,
       -4.34400664e-05,  3.54718107e-05, -4.19782727e-05,  6.47439510e-05,
       -2.50231317e-05, -1.41729221e-05])
  message: 'Desired error not necessarily achieved due to precision loss.'
     nfev: 2120
      nit: 82
     njev: 111
   status: 2
  success: False
        x: array([ 0.06879128,  0.37886305,  0.78709033,  1.17179566, -0.69694795,
        0.02942956,  1.2057548 , -1.1052681 , -0.93501225,  0.80527365,
       -0.91477749,  0.46458785,  0.08460429,  0.21967011, -0.30685549,
       -1.15011581, -0.17091237,  0.04037406])
