Program Begingeth
      fun: 0.24151503659591964
 hess_inv: array([[ 5.58074749e+00, -1.09296745e+00,  1.74358018e+00,
         1.01850679e+00, -4.58176851e-01,  1.47130223e+00,
        -2.00367167e+00,  7.90275408e-01,  3.47540477e+00,
        -5.99416930e-01, -7.93264534e-02,  3.15237600e-01,
        -1.11935908e+00,  4.75798976e-01,  2.13430864e-01,
        -1.17884267e-01,  7.11967675e-01, -3.04058059e-01],
       [-1.09296745e+00,  3.14773393e+00, -1.83845820e+00,
         3.64395682e-01,  1.10164478e+00, -8.53358154e-01,
         4.32746467e+00,  3.97336656e+00, -5.74172372e-01,
        -2.00617138e-01, -1.02209800e+00, -9.43340869e-01,
         3.84916953e-01, -4.18450844e-01,  2.78591391e-01,
        -2.51171500e-01, -2.21829472e-01,  1.67554004e-01],
       [ 1.74358018e+00, -1.83845820e+00,  1.11755347e+01,
        -1.66452087e+00, -6.66797635e-01,  4.47043171e+00,
        -2.13451846e+01, -7.66809537e+00,  1.01100294e+01,
         1.02869670e-01,  3.74115579e+00, -1.26984367e+00,
        -5.19826500e-01,  2.22625597e-01, -1.01435350e+00,
         6.07609453e-01,  5.93509644e-01, -5.69333163e-01],
       [ 1.01850679e+00,  3.64395682e-01, -1.66452087e+00,
         6.61724766e-01,  8.57393621e-02, -5.13520897e-01,
         4.30585105e+00,  1.82166775e+00, -7.83451627e-01,
        -2.40190132e-01, -6.95244261e-01,  1.39013757e-01,
        -1.17464433e-01, -1.29977790e-02,  2.40071486e-01,
        -1.56274136e-01,  3.11022748e-02,  5.18870321e-02],
       [-4.58176851e-01,  1.10164478e+00, -6.66797635e-01,
         8.57393621e-02,  4.50761572e-01, -2.80873405e-01,
         1.14482414e+00,  1.85337187e+00, -3.53377965e-01,
         2.61301697e-02, -4.12097460e-01, -2.65796997e-01,
         1.42610597e-01, -1.04070886e-01,  1.28426610e-01,
        -6.77345075e-02, -7.98962810e-02,  6.86597532e-02],
       [ 1.47130223e+00, -8.53358154e-01,  4.47043171e+00,
        -5.13520897e-01, -2.80873405e-01,  1.97225008e+00,
        -8.82636338e+00, -2.43272823e+00,  4.47799062e+00,
         9.23167025e-02,  1.28842826e+00, -3.96322225e-01,
        -3.94821984e-01,  1.84032954e-01, -3.01258346e-01,
         2.06160480e-01,  3.16732439e-01, -2.61020643e-01],
       [-2.00367167e+00,  4.32746467e+00, -2.13451846e+01,
         4.30585105e+00,  1.14482414e+00, -8.82636338e+00,
         5.02043374e+01,  1.42308257e+01, -1.78204235e+01,
        -1.00090594e+00, -6.45217278e+00,  1.51522336e+00,
         9.37504322e-01, -9.62464829e-01,  1.75378843e+00,
        -1.37195094e+00, -1.06242788e+00,  1.10303636e+00],
       [ 7.90275408e-01,  3.97336656e+00, -7.66809537e+00,
         1.82166775e+00,  1.85337187e+00, -2.43272823e+00,
         1.42308257e+01,  1.50470300e+01, -5.05982234e+00,
         2.96182100e-01, -3.60867254e+00, -5.67554846e-02,
        -6.46407841e-02, -2.19366239e-01,  1.39058564e+00,
        -7.20480461e-01, -2.49168938e-01,  3.77563498e-01],
       [ 3.47540477e+00, -5.74172372e-01,  1.01100294e+01,
        -7.83451627e-01, -3.53377965e-01,  4.47799062e+00,
        -1.78204235e+01, -5.05982234e+00,  1.37105978e+01,
         7.03027254e-02,  3.12490558e+00, -1.50616807e+00,
        -7.69646572e-01, -7.91859368e-02, -8.35312197e-01,
         3.58287051e-01,  5.24412826e-01, -6.78150439e-01],
       [-5.99416930e-01, -2.00617138e-01,  1.02869670e-01,
        -2.40190132e-01,  2.61301697e-02,  9.23167025e-02,
        -1.00090594e+00,  2.96182100e-01,  7.03027254e-02,
         1.06300518e+00,  2.05421804e-01, -1.49502692e-02,
        -1.29225570e-01, -4.88128470e-02, -8.15102203e-02,
         3.64230164e-02, -1.29467604e-01, -1.79824132e-01],
       [-7.93264534e-02, -1.02209800e+00,  3.74115579e+00,
        -6.95244261e-01, -4.12097460e-01,  1.28842826e+00,
        -6.45217278e+00, -3.60867254e+00,  3.12490558e+00,
         2.05421804e-01,  2.03295889e+00, -4.26329125e-01,
        -7.59031509e-02, -1.13335188e-01, -5.98409119e-01,
         2.66521708e-01,  1.04581014e-01, -2.89471777e-01],
       [ 3.15237600e-01, -9.43340869e-01, -1.26984367e+00,
         1.39013757e-01, -2.65796997e-01, -3.96322225e-01,
         1.51522336e+00, -5.67554846e-02, -1.50616807e+00,
        -1.49502692e-02, -4.26329125e-01,  9.53534413e-01,
        -6.09088417e-02,  2.65804529e-01,  8.03148791e-02,
         4.23793974e-02,  5.67236751e-02,  7.25862757e-02],
       [-1.11935908e+00,  3.84916953e-01, -5.19826500e-01,
        -1.17464433e-01,  1.42610597e-01, -3.94821984e-01,
         9.37504322e-01, -6.46407841e-02, -7.69646572e-01,
        -1.29225570e-01, -7.59031509e-02, -6.09088417e-02,
         3.47427012e-01, -1.11086462e-01, -1.62469835e-02,
         4.97582420e-02, -1.58407783e-01,  1.30734244e-01],
       [ 4.75798976e-01, -4.18450844e-01,  2.22625597e-01,
        -1.29977790e-02, -1.04070886e-01,  1.84032954e-01,
        -9.62464829e-01, -2.19366239e-01, -7.91859368e-02,
        -4.88128470e-02, -1.13335188e-01,  2.65804529e-01,
        -1.11086462e-01,  1.96338335e-01,  4.19309417e-02,
         3.23865714e-02,  1.19532609e-01,  6.29621967e-03],
       [ 2.13430864e-01,  2.78591391e-01, -1.01435350e+00,
         2.40071486e-01,  1.28426610e-01, -3.01258346e-01,
         1.75378843e+00,  1.39058564e+00, -8.35312197e-01,
        -8.15102203e-02, -5.98409119e-01,  8.03148791e-02,
        -1.62469835e-02,  4.19309417e-02,  2.32897405e-01,
        -9.12250321e-02, -1.02590565e-02,  9.92496841e-02],
       [-1.17884267e-01, -2.51171500e-01,  6.07609453e-01,
        -1.56274136e-01, -6.77345075e-02,  2.06160480e-01,
        -1.37195094e+00, -7.20480461e-01,  3.58287051e-01,
         3.64230164e-02,  2.66521708e-01,  4.23793974e-02,
         4.97582420e-02,  3.23865714e-02, -9.12250321e-02,
         1.01799016e-01,  7.57572078e-03, -1.54620917e-02],
       [ 7.11967675e-01, -2.21829472e-01,  5.93509644e-01,
         3.11022748e-02, -7.98962810e-02,  3.16732439e-01,
        -1.06242788e+00, -2.49168938e-01,  5.24412826e-01,
        -1.29467604e-01,  1.04581014e-01,  5.67236751e-02,
        -1.58407783e-01,  1.19532609e-01, -1.02590565e-02,
         7.57572078e-03,  1.58745752e-01, -4.18193362e-02],
       [-3.04058059e-01,  1.67554004e-01, -5.69333163e-01,
         5.18870321e-02,  6.86597532e-02, -2.61020643e-01,
         1.10303636e+00,  3.77563498e-01, -6.78150439e-01,
        -1.79824132e-01, -2.89471777e-01,  7.25862757e-02,
         1.30734244e-01,  6.29621967e-03,  9.92496841e-02,
        -1.54620917e-02, -4.18193362e-02,  1.29175454e-01]])
      jac: array([ 2.24894177e-06,  2.33128331e-06, -1.43385304e-06, -6.07958128e-06,
       -2.60920915e-06,  9.26851188e-07,  4.10042370e-07,  1.31191354e-07,
        9.54791801e-08,  4.02640884e-07,  1.97231120e-06, -1.46549439e-06,
       -6.86117829e-07,  7.08137253e-06, -2.68359409e-06,  6.22094968e-07,
       -6.47334038e-06,  4.83668661e-06])
  message: 'Optimization terminated successfully.'
     nfev: 1520
      nit: 70
     njev: 80
   status: 0
  success: True
        x: array([ 0.71470553, -0.64396647,  0.43098413,  1.2287302 , -0.75919494,
        0.04490213,  1.231877  , -1.13670369, -0.85464359, -0.02114263,
        0.60797145,  1.05976136,  0.04250215,  0.23664766, -0.29560637,
       -1.16754371, -0.25340827,  0.01986639])
