Program Begingeth
      fun: 0.27906481138743
 hess_inv: array([[ 1.00782272e+00, -3.57210017e-01,  4.35584003e-02,
         2.50791084e-02,  2.82634104e-01,  4.65388669e-01,
        -4.05661475e-01,  2.40680835e-01,  1.79910869e+00,
         3.87989497e-01,  9.61785895e-01,  6.96073022e-01,
        -4.59303653e-01,  1.60142771e-01,  2.43065329e-02,
        -1.69699708e-02, -4.06204371e-02, -1.96292725e-01],
       [-3.57210017e-01,  5.49135991e-01, -6.13974198e-02,
        -5.88813153e-02, -1.45380632e-01, -5.53798138e-01,
         5.78847709e-01,  2.45117376e-01, -2.25366842e+00,
        -4.55199177e-01, -6.91142277e-01, -9.23043162e-01,
         1.77129617e-01, -1.85199662e-01, -1.72135968e-01,
         4.13310297e-02,  5.78239275e-02, -1.03806142e-02],
       [ 4.35584003e-02, -6.13974198e-02,  3.20584969e-01,
         1.46660959e-01,  1.80735739e-01,  2.96714033e-01,
        -3.07116287e-01,  1.03907693e-01,  1.59186959e+00,
         6.83127563e-01,  5.28866105e-01,  6.10135994e-01,
         3.25208874e-02,  8.46117240e-02, -5.44991180e-02,
         4.95800352e-02,  1.33229021e-02,  3.93186342e-02],
       [ 2.50791084e-02, -5.88813153e-02,  1.46660959e-01,
         3.37667159e-01,  1.40663087e-01,  3.96216484e-01,
        -3.00878156e-01, -1.52376071e-01,  2.43079180e+00,
         1.28818741e+00,  5.40556233e-01,  8.77756555e-01,
         8.63614294e-02,  1.26591581e-02, -1.77568381e-02,
         3.87444701e-02, -5.36165574e-02,  1.14611516e-02],
       [ 2.82634104e-01, -1.45380632e-01,  1.80735739e-01,
         1.40663087e-01,  2.71181223e-01,  4.08070365e-01,
        -4.24480374e-01,  1.66274353e-01,  2.10232593e+00,
         7.49633666e-01,  8.68607028e-01,  7.24697768e-01,
        -1.04288290e-01,  1.13381585e-01,  9.77859754e-03,
         1.19155377e-02, -5.35968604e-03, -2.17163025e-02],
       [ 4.65388669e-01, -5.53798138e-01,  2.96714033e-01,
         3.96216484e-01,  4.08070365e-01,  1.26676203e+00,
        -1.52008212e+00, -5.01108638e-01,  6.10399900e+00,
         2.06625431e+00,  1.78666530e+00,  2.46946807e+00,
        -1.69506208e-01,  1.89732781e-01,  1.75337806e-01,
        -2.71959970e-02, -9.80439603e-02,  6.72547198e-03],
       [-4.05661475e-01,  5.78847709e-01, -3.07116287e-01,
        -3.00878156e-01, -4.24480374e-01, -1.52008212e+00,
         2.94015185e+00,  5.67000626e-01, -7.17777841e+00,
        -2.33583480e+00, -2.07056144e+00, -3.13405671e+00,
         2.45190312e-01, -1.57722319e-01, -1.94370420e-01,
         8.58890161e-02,  9.58045724e-02,  5.89700170e-03],
       [ 2.40680835e-01,  2.45117376e-01,  1.03907693e-01,
        -1.52376071e-01,  1.66274353e-01, -5.01108638e-01,
         5.67000626e-01,  1.66407491e+00, -2.23716633e+00,
        -5.99322117e-01, -2.18184862e-01, -1.10974110e+00,
        -1.31437948e-01,  4.90264591e-02, -2.22683764e-01,
         3.81037955e-02,  7.65284009e-02, -1.05637588e-01],
       [ 1.79910869e+00, -2.25366842e+00,  1.59186959e+00,
         2.43079180e+00,  2.10232593e+00,  6.10399900e+00,
        -7.17777841e+00, -2.23716633e+00,  3.15812157e+01,
         1.18198243e+01,  8.80617049e+00,  1.20376716e+01,
        -4.67644397e-01,  8.35384308e-01,  6.21186682e-01,
        -2.70376934e-02, -4.55531169e-01,  5.20319092e-02],
       [ 3.87989497e-01, -4.55199177e-01,  6.83127563e-01,
         1.28818741e+00,  7.49633666e-01,  2.06625431e+00,
        -2.33583480e+00, -5.99322117e-01,  1.18198243e+01,
         5.60234948e+00,  2.96121718e+00,  4.39865664e+00,
         9.02523237e-02,  1.62101464e-01, -1.65511042e-03,
         7.37068381e-02, -1.90248224e-01,  6.79912164e-03],
       [ 9.61785895e-01, -6.91142277e-01,  5.28866105e-01,
         5.40556233e-01,  8.68607028e-01,  1.78666530e+00,
        -2.07056144e+00, -2.18184862e-01,  8.80617049e+00,
         2.96121718e+00,  3.30882537e+00,  3.31594851e+00,
        -3.86187728e-01,  3.39927831e-01,  1.83166198e-01,
        -2.19452402e-02, -9.20624516e-02, -4.85991346e-02],
       [ 6.96073022e-01, -9.23043162e-01,  6.10135994e-01,
         8.77756555e-01,  7.24697768e-01,  2.46946807e+00,
        -3.13405671e+00, -1.10974110e+00,  1.20376716e+01,
         4.39865664e+00,  3.31594851e+00,  5.10197103e+00,
        -1.95467859e-01,  2.63452046e-01,  2.59042050e-01,
        -3.38473419e-02, -2.18818343e-01,  1.49190477e-02],
       [-4.59303653e-01,  1.77129617e-01,  3.25208874e-02,
         8.63614294e-02, -1.04288290e-01, -1.69506208e-01,
         2.45190312e-01, -1.31437948e-01, -4.67644397e-01,
         9.02523237e-02, -3.86187728e-01, -1.95467859e-01,
         2.75159869e-01, -7.88449912e-02, -3.79920334e-02,
         5.30827288e-02,  4.47041027e-04,  9.36399722e-02],
       [ 1.60142771e-01, -1.85199662e-01,  8.46117240e-02,
         1.26591581e-02,  1.13381585e-01,  1.89732781e-01,
        -1.57722319e-01,  4.90264591e-02,  8.35384308e-01,
         1.62101464e-01,  3.39927831e-01,  2.63452046e-01,
        -7.88449912e-02,  1.24636506e-01,  4.15498002e-02,
        -1.89974877e-03,  2.34361329e-02,  6.25543489e-03],
       [ 2.43065329e-02, -1.72135968e-01, -5.44991180e-02,
        -1.77568381e-02,  9.77859754e-03,  1.75337806e-01,
        -1.94370420e-01, -2.22683764e-01,  6.21186682e-01,
        -1.65511042e-03,  1.83166198e-01,  2.59042050e-01,
        -3.79920334e-02,  4.15498002e-02,  1.27828512e-01,
        -3.46053379e-02, -1.82497925e-02,  4.27438245e-02],
       [-1.69699708e-02,  4.13310297e-02,  4.95800352e-02,
         3.87444701e-02,  1.19155377e-02, -2.71959970e-02,
         8.58890161e-02,  3.81037955e-02, -2.70376934e-02,
         7.37068381e-02, -2.19452402e-02, -3.38473419e-02,
         5.30827288e-02, -1.89974877e-03, -3.46053379e-02,
         4.56463673e-02,  2.10124247e-03,  4.58739577e-03],
       [-4.06204371e-02,  5.78239275e-02,  1.33229021e-02,
        -5.36165574e-02, -5.35968604e-03, -9.80439603e-02,
         9.58045724e-02,  7.65284009e-02, -4.55531169e-01,
        -1.90248224e-01, -9.20624516e-02, -2.18818343e-01,
         4.47041027e-04,  2.34361329e-02, -1.82497925e-02,
         2.10124247e-03,  5.07656749e-02,  7.01521818e-03],
       [-1.96292725e-01, -1.03806142e-02,  3.93186342e-02,
         1.14611516e-02, -2.17163025e-02,  6.72547198e-03,
         5.89700170e-03, -1.05637588e-01,  5.20319092e-02,
         6.79912164e-03, -4.85991346e-02,  1.49190477e-02,
         9.36399722e-02,  6.25543489e-03,  4.27438245e-02,
         4.58739577e-03,  7.01521818e-03,  8.37105688e-02]])
      jac: array([ 4.84497627e-05,  2.89276011e-05,  1.66265890e-04,  1.20525441e-04,
       -4.61852778e-05, -3.12582552e-04, -1.90310730e-05,  6.82824168e-06,
        2.81078864e-05, -4.97265192e-05,  2.62290190e-05,  5.52802249e-05,
        1.07401865e-04,  2.35030514e-05,  3.41269605e-04, -1.34260751e-04,
       -1.66833214e-05, -2.32803036e-04])
  message: 'Desired error not necessarily achieved due to precision loss.'
     nfev: 2348
      nit: 84
     njev: 123
   status: 2
  success: False
        x: array([ 0.14028293,  0.25759712,  0.70265773,  1.73632309, -1.04584208,
       -0.13909726,  2.79834197, -0.7387198 ,  0.42178734,  2.10324166,
       -1.06220932, -0.77162448,  0.17094962,  0.12439843, -0.25097226,
       -1.29515923,  0.02095776,  0.04948406])
