Program Begingeth
      fun: 0.39057783078315955
 hess_inv: array([[ 2.98250544e+00,  1.62445547e-01,  3.23126187e-01,
         3.55285274e-01, -4.30531231e-01,  5.16342731e-01,
         4.21772699e-01, -6.51788157e-01,  5.71188262e-01,
         1.12664535e+00, -1.56528095e+00,  1.36851906e-01,
        -1.21113433e+00, -1.22175774e-01,  8.34420608e-03,
        -7.55400819e-02, -2.63979358e-02, -4.29240946e-01],
       [ 1.62445547e-01,  6.08663279e-01, -7.88911950e-02,
        -1.50054506e-01, -2.33573833e-02, -1.68081609e-01,
        -6.19190158e-01,  7.23857719e-02, -1.76827101e-01,
        -4.77343708e-01, -2.61830423e-01, -2.04765001e-01,
        -6.31796805e-02, -2.19425814e-01, -1.61496018e-01,
         1.11738210e-02, -2.88060544e-03, -1.26850871e-01],
       [ 3.23126187e-01, -7.88911950e-02,  5.41305521e-01,
         1.00805065e-01, -1.42242177e-03,  1.03060664e-01,
        -3.20650768e-01, -3.41812717e-01,  1.39454124e-01,
         5.21354196e-01, -1.63585212e-01, -5.15142781e-02,
        -8.83958186e-02,  1.14965321e-01, -1.20641374e-01,
         5.28553104e-02,  3.69729721e-02, -8.02701543e-04],
       [ 3.55285274e-01, -1.50054506e-01,  1.00805065e-01,
         3.25048829e-01,  4.85376678e-02,  2.06328002e-01,
         7.03029892e-01,  1.96528901e-01,  9.82964727e-01,
         9.73382896e-01,  1.59488828e-01,  5.94962097e-03,
        -7.87181804e-02,  5.62761459e-02,  9.62547566e-02,
         1.57629264e-02, -7.13591144e-03,  2.47502505e-03],
       [-4.30531231e-01, -2.33573833e-02, -1.42242177e-03,
         4.85376678e-02,  3.63090316e-01, -5.55588646e-02,
        -4.64086627e-02,  8.10096187e-01,  8.64997622e-01,
         1.42715393e-01,  1.04193193e+00, -1.90560140e-01,
         2.35241914e-01,  9.81833662e-02, -2.53276636e-02,
         5.44768839e-02,  2.01624953e-02,  6.67687425e-02],
       [ 5.16342731e-01, -1.68081609e-01,  1.03060664e-01,
         2.06328002e-01, -5.55588646e-02,  3.52014875e-01,
         7.08185896e-01, -3.84773946e-01,  1.05730206e+00,
         7.24187574e-01, -3.87076415e-02,  4.21475865e-01,
        -2.51948908e-01,  6.61737165e-02,  1.31524169e-01,
        -4.63485393e-02,  2.51912949e-02, -1.30146066e-02],
       [ 4.21772699e-01, -6.19190158e-01, -3.20650768e-01,
         7.03029892e-01, -4.64086627e-02,  7.08185896e-01,
         6.17483699e+00, -6.78041830e-01,  3.59897217e+00,
         1.55274038e+00,  1.21835271e+00,  6.00534578e-01,
        -3.88559419e-01,  3.63973105e-02,  4.68272492e-01,
        -2.11988150e-01,  9.80943034e-02,  1.84024438e-02],
       [-6.51788157e-01,  7.23857719e-02, -3.41812717e-01,
         1.96528901e-01,  8.10096187e-01, -3.84773946e-01,
        -6.78041830e-01,  4.01272151e+00,  1.26430391e+00,
         2.88380980e-01,  1.75418306e+00, -1.21281593e+00,
         5.43516524e-01,  8.12804820e-02,  1.56831506e-02,
         1.33882072e-01, -5.32120699e-02,  1.07463881e-01],
       [ 5.71188262e-01, -1.76827101e-01,  1.39454124e-01,
         9.82964727e-01,  8.64997622e-01,  1.05730206e+00,
         3.59897217e+00,  1.26430391e+00,  8.72322354e+00,
         3.17553665e+00,  3.29128745e+00,  4.07652579e-01,
        -2.58388685e-01,  2.05959682e-01,  3.71903050e-01,
        -6.11496384e-02,  1.25445903e-01,  9.27917488e-02],
       [ 1.12664535e+00, -4.77343708e-01,  5.21354196e-01,
         9.73382896e-01,  1.42715393e-01,  7.24187574e-01,
         1.55274038e+00,  2.88380980e-01,  3.17553665e+00,
         3.25873819e+00,  3.89740617e-01,  1.78173965e-01,
        -3.05570500e-01,  2.39697573e-01,  2.60319195e-01,
         2.99210946e-02,  9.23975171e-03,  1.96499164e-02],
       [-1.56528095e+00, -2.61830423e-01, -1.63585212e-01,
         1.59488828e-01,  1.04193193e+00, -3.87076415e-02,
         1.21835271e+00,  1.75418306e+00,  3.29128745e+00,
         3.89740617e-01,  3.59612556e+00, -2.71448822e-01,
         6.89543200e-01,  2.78940703e-01,  3.18605107e-02,
         8.06227880e-02,  7.70039166e-02,  2.43083257e-01],
       [ 1.36851906e-01, -2.04765001e-01, -5.15142781e-02,
         5.94962097e-03, -1.90560140e-01,  4.21475865e-01,
         6.00534578e-01, -1.21281593e+00,  4.07652579e-01,
         1.78173965e-01, -2.71448822e-01,  1.13113112e+00,
        -2.04403753e-01,  7.59663380e-02,  1.78607362e-01,
        -9.20271130e-02,  5.46468597e-02,  2.34064278e-02],
       [-1.21113433e+00, -6.31796805e-02, -8.83958186e-02,
        -7.87181804e-02,  2.35241914e-01, -2.51948908e-01,
        -3.88559419e-01,  5.43516524e-01, -2.58388685e-01,
        -3.05570500e-01,  6.89543200e-01, -2.04403753e-01,
         5.78677793e-01,  6.34390879e-02, -2.02147362e-02,
         9.01873680e-02, -1.06979907e-02,  1.84797546e-01],
       [-1.22175774e-01, -2.19425814e-01,  1.14965321e-01,
         5.62761459e-02,  9.81833662e-02,  6.61737165e-02,
         3.63973105e-02,  8.12804820e-02,  2.05959682e-01,
         2.39697573e-01,  2.78940703e-01,  7.59663380e-02,
         6.34390879e-02,  1.45343964e-01,  2.73730306e-02,
         1.67751764e-02,  3.44626568e-02,  5.94366498e-02],
       [ 8.34420608e-03, -1.61496018e-01, -1.20641374e-01,
         9.62547566e-02, -2.53276636e-02,  1.31524169e-01,
         4.68272492e-01,  1.56831506e-02,  3.71903050e-01,
         2.60319195e-01,  3.18605107e-02,  1.78607362e-01,
        -2.02147362e-02,  2.73730306e-02,  1.55256213e-01,
        -3.19666330e-02, -8.49725397e-03,  5.48585718e-02],
       [-7.55400819e-02,  1.11738210e-02,  5.28553104e-02,
         1.57629264e-02,  5.44768839e-02, -4.63485393e-02,
        -2.11988150e-01,  1.33882072e-01, -6.11496384e-02,
         2.99210946e-02,  8.06227880e-02, -9.20271130e-02,
         9.01873680e-02,  1.67751764e-02, -3.19666330e-02,
         5.72287346e-02, -7.93159373e-03,  1.47086959e-02],
       [-2.63979358e-02, -2.88060544e-03,  3.69729721e-02,
        -7.13591144e-03,  2.01624953e-02,  2.51912949e-02,
         9.80943034e-02, -5.32120699e-02,  1.25445903e-01,
         9.23975171e-03,  7.70039166e-02,  5.46468597e-02,
        -1.06979907e-02,  3.44626568e-02, -8.49725397e-03,
        -7.93159373e-03,  4.00372015e-02,  3.33416029e-03],
       [-4.29240946e-01, -1.26850871e-01, -8.02701543e-04,
         2.47502505e-03,  6.67687425e-02, -1.30146066e-02,
         1.84024438e-02,  1.07463881e-01,  9.27917488e-02,
         1.96499164e-02,  2.43083257e-01,  2.34064278e-02,
         1.84797546e-01,  5.94366498e-02,  5.48585718e-02,
         1.47086959e-02,  3.33416029e-03,  1.14063319e-01]])
      jac: array([ 1.91069383e-06, -3.18597001e-06,  4.28657110e-06, -7.72641210e-06,
       -4.43608113e-06,  2.63566946e-06, -6.48740321e-07,  1.64127970e-06,
        1.69123974e-07,  1.10245146e-06,  6.77976194e-07,  7.77156117e-07,
        1.01925875e-05, -7.10727773e-06,  5.37088892e-06, -4.99415324e-06,
        8.11017920e-06, -9.18561523e-06])
  message: 'Desired error not necessarily achieved due to precision loss.'
     nfev: 2309
      nit: 71
     njev: 121
   status: 2
  success: False
        x: array([ 0.09379142,  0.02841352,  0.71037759,  1.68297453, -0.87840212,
        0.34093322,  1.27274012, -2.05271233,  0.65706567,  1.99361133,
       -0.79668385,  0.96573204,  0.00364816,  0.00505415, -0.17668611,
       -1.55071299, -0.65217077,  0.05252181])
