Program Begingeth
      fun: 0.25172373159111217
 hess_inv: array([[ 3.29123419e+00,  5.26808635e-01,  8.11123399e-01,
         1.65558047e+00,  2.01997323e-01, -1.13249908e-01,
         3.36775614e+00,  9.20720523e-01, -2.37519990e+00,
         5.95045403e-01,  4.94276015e-01, -5.80416122e-01,
        -1.41966442e-02, -2.00006319e-01, -1.20221106e-01,
         1.00094368e-01, -6.81602049e-03,  5.78812279e-02],
       [ 5.26808635e-01,  1.55585264e+00, -1.00497562e-01,
         3.07327074e-01,  7.69306887e-01, -2.05565590e-01,
         8.78967211e-01,  8.95474713e-01,  8.33565790e-01,
         5.08836928e-01,  4.43193789e-01, -1.32686535e-01,
        -1.47985874e-01, -1.29073474e-02, -1.88017060e-01,
        -8.89517817e-02,  4.80665782e-02,  6.61068165e-03],
       [ 8.11123399e-01, -1.00497562e-01,  1.55033890e+00,
         5.00063842e-01, -9.57115419e-02,  6.46384061e-01,
         1.39551494e+00, -1.55254789e+00, -1.04920927e+00,
         2.57101827e-01, -1.32523308e-01,  1.87276051e-01,
         1.35910362e-02,  1.48904182e-01,  1.03496844e-01,
         4.10669339e-03,  9.27027639e-02,  1.11074975e-01],
       [ 1.65558047e+00,  3.07327074e-01,  5.00063842e-01,
         8.56732877e-01,  1.22940870e-01, -1.40918111e-02,
         1.86890623e+00,  3.43350485e-01, -1.11318654e+00,
         2.99324861e-01,  2.81485212e-01, -2.59609629e-01,
         3.20472701e-03, -8.45013350e-02, -6.97535008e-02,
         4.95428706e-02,  1.30872316e-02,  2.79313974e-02],
       [ 2.01997323e-01,  7.69306887e-01, -9.57115419e-02,
         1.22940870e-01,  4.23805876e-01, -1.38541417e-01,
         8.11649771e-01,  8.79671667e-01,  5.89095518e-01,
         2.35279479e-01,  2.94869184e-01, -1.14129619e-01,
        -1.19185235e-01, -2.48417736e-02, -1.05055011e-01,
        -7.06243465e-02,  4.19701576e-03,  1.27023893e-02],
       [-1.13249908e-01, -2.05565590e-01,  6.46384061e-01,
        -1.40918111e-02, -1.38541417e-01,  3.80987375e-01,
        -2.48658178e-01, -1.21997887e+00, -1.72340639e-01,
        -3.48711423e-02, -2.32091282e-01,  2.26213636e-01,
         6.59149927e-02,  1.33569614e-01,  9.21445183e-02,
         1.01343147e-02,  6.99076215e-02,  3.15644146e-02],
       [ 3.36775614e+00,  8.78967211e-01,  1.39551494e+00,
         1.86890623e+00,  8.11649771e-01, -2.48658178e-01,
         1.17412002e+01,  4.89884120e+00, -1.14276842e+00,
         7.11295738e-01,  1.67049977e+00, -1.12647651e+00,
        -6.51573020e-01, -5.33448218e-01, -2.93810975e-01,
        -2.11427012e-01, -3.72937667e-01,  2.98478003e-01],
       [ 9.20720523e-01,  8.95474713e-01, -1.55254789e+00,
         3.43350485e-01,  8.79671667e-01, -1.21997887e+00,
         4.89884120e+00,  8.40079238e+00,  1.61683554e+00,
         3.92378986e-01,  1.29151164e+00, -1.62600345e+00,
        -5.62064552e-01, -6.03374964e-01, -2.68977486e-01,
        -1.29479691e-01, -3.37640119e-01,  6.76037404e-02],
       [-2.37519990e+00,  8.33565790e-01, -1.04920927e+00,
        -1.11318654e+00,  5.89095518e-01, -1.72340639e-01,
        -1.14276842e+00,  1.61683554e+00,  5.34617171e+00,
        -4.03102917e-01,  7.57028941e-01, -1.36206684e-01,
        -8.41200093e-02,  1.35774529e-02, -1.58620755e-01,
        -1.90299289e-01,  6.83910386e-02, -1.23556587e-01],
       [ 5.95045403e-01,  5.08836928e-01,  2.57101827e-01,
         2.99324861e-01,  2.35279479e-01, -3.48711423e-02,
         7.11295738e-01,  3.92378986e-01, -4.03102917e-01,
         9.18579566e-01,  4.22438328e-02, -5.76743707e-02,
        -2.19666656e-01,  1.79198117e-02,  5.35328374e-02,
        -3.07362071e-02,  4.84854077e-02,  2.18438945e-01],
       [ 4.94276015e-01,  4.43193789e-01, -1.32523308e-01,
         2.81485212e-01,  2.94869184e-01, -2.32091282e-01,
         1.67049977e+00,  1.29151164e+00,  7.57028941e-01,
         4.22438328e-02,  8.37667223e-01, -3.51079983e-01,
        -8.57588729e-02, -1.90710144e-01, -2.03128139e-01,
        -5.64624920e-02, -3.62490077e-02, -7.58283186e-02],
       [-5.80416122e-01, -1.32686535e-01,  1.87276051e-01,
        -2.59609629e-01, -1.14129619e-01,  2.26213636e-01,
        -1.12647651e+00, -1.62600345e+00, -1.36206684e-01,
        -5.76743707e-02, -3.51079983e-01,  6.14236145e-01,
         4.45676028e-02,  1.95437327e-01,  3.30084033e-02,
        -4.28667679e-02,  9.22577624e-02,  1.60042642e-02],
       [-1.41966442e-02, -1.47985874e-01,  1.35910362e-02,
         3.20472701e-03, -1.19185235e-01,  6.59149927e-02,
        -6.51573020e-01, -5.62064552e-01, -8.41200093e-02,
        -2.19666656e-01, -8.57588729e-02,  4.45676028e-02,
         1.51991834e-01,  2.89819004e-02,  1.21448963e-03,
         7.23325646e-02,  3.86120770e-02, -7.69981561e-02],
       [-2.00006319e-01, -1.29073474e-02,  1.48904182e-01,
        -8.45013350e-02, -2.48417736e-02,  1.33569614e-01,
        -5.33448218e-01, -6.03374964e-01,  1.35774529e-02,
         1.79198117e-02, -1.90710144e-01,  1.95437327e-01,
         2.89819004e-02,  1.17099835e-01,  4.06515982e-02,
        -3.58740314e-03,  7.36871166e-02,  1.99037735e-02],
       [-1.20221106e-01, -1.88017060e-01,  1.03496844e-01,
        -6.97535008e-02, -1.05055011e-01,  9.21445183e-02,
        -2.93810975e-01, -2.68977486e-01, -1.58620755e-01,
         5.35328374e-02, -2.03128139e-01,  3.30084033e-02,
         1.21448963e-03,  4.06515982e-02,  9.91667171e-02,
         1.84600929e-02,  4.45434832e-03,  6.52420393e-02],
       [ 1.00094368e-01, -8.89517817e-02,  4.10669339e-03,
         4.95428706e-02, -7.06243465e-02,  1.01343147e-02,
        -2.11427012e-01, -1.29479691e-01, -1.90299289e-01,
        -3.07362071e-02, -5.64624920e-02, -4.28667679e-02,
         7.23325646e-02, -3.58740314e-03,  1.84600929e-02,
         6.54481523e-02,  1.08126827e-02, -1.74774033e-02],
       [-6.81602049e-03,  4.80665782e-02,  9.27027639e-02,
         1.30872316e-02,  4.19701576e-03,  6.99076215e-02,
        -3.72937667e-01, -3.37640119e-01,  6.83910386e-02,
         4.84854077e-02, -3.62490077e-02,  9.22577624e-02,
         3.86120770e-02,  7.36871166e-02,  4.45434832e-03,
         1.08126827e-02,  8.29944758e-02, -2.47069037e-03],
       [ 5.78812279e-02,  6.61068165e-03,  1.11074975e-01,
         2.79313974e-02,  1.27023893e-02,  3.15644146e-02,
         2.98478003e-01,  6.76037404e-02, -1.23556587e-01,
         2.18438945e-01, -7.58283186e-02,  1.60042642e-02,
        -7.69981561e-02,  1.99037735e-02,  6.52420393e-02,
        -1.74774033e-02, -2.47069037e-03,  1.06601293e-01]])
      jac: array([ 7.19424520e-07, -2.60017933e-05,  7.37669185e-06,  2.00025182e-06,
        5.21109082e-05, -8.59127584e-06, -5.39938464e-07, -7.80079705e-06,
        5.37866048e-06, -9.54458734e-06, -3.37955589e-05, -2.10642614e-05,
       -2.77441033e-05, -7.44926343e-05, -7.94520005e-05,  1.52907316e-05,
        7.01361191e-05,  4.54392080e-05])
  message: 'Desired error not necessarily achieved due to precision loss.'
     nfev: 2405
      nit: 67
     njev: 126
   status: 2
  success: False
        x: array([-1.63161005e+00, -1.06464484e+00,  6.14143196e-01, -1.41677897e+00,
       -1.12150252e+00,  3.34318408e-01, -4.36485418e-01, -1.38028038e+00,
        1.21386960e+00,  2.03428412e-02,  5.66628716e-01,  1.19628235e+00,
        1.06199981e-01,  2.63586422e-01, -2.69860625e-01,  1.26212643e+00,
       -7.15404041e-02, -8.72160246e-04])
