Program Begingeth
      fun: 0.3442626953449887
 hess_inv: array([[ 6.14904027e+00,  4.15932482e-01, -7.17668239e-01,
         2.33344827e+00,  3.14623724e-01, -8.15359827e-01,
         3.83893428e+00,  2.04118558e+00,  1.01467449e+00,
        -2.78972365e-01,  1.22270138e+00,  7.33296233e-03,
        -3.50450849e-01, -2.70743365e-01, -4.29553680e-01,
         1.40115918e-01, -1.13908188e-02,  2.15089969e-01],
       [ 4.15932482e-01,  2.02676656e+00,  9.38295971e-02,
         9.76962283e-02,  8.12847375e-01, -1.39470775e-01,
        -8.88281060e-01, -7.25739271e-01, -1.70292431e-02,
         1.07341583e+00,  1.04823311e-01, -5.67497095e-01,
        -3.40676038e-01, -4.96212398e-02, -3.45899094e-02,
        -1.25709926e-01, -5.32072892e-02,  2.39739203e-02],
       [-7.17668239e-01,  9.38295971e-02,  1.40310811e+00,
        -2.19753221e-01,  3.11063002e-02,  6.20182658e-01,
        -6.34382597e-01, -2.23846244e-03,  3.13458097e-01,
        -5.36033113e-02,  3.04118645e-01, -4.75823424e-01,
         1.29671187e-01, -1.77775501e-02,  9.91060572e-02,
        -1.80877891e-02,  7.75889118e-02, -2.01368776e-02],
       [ 2.33344827e+00,  9.76962283e-02, -2.19753221e-01,
         9.04023027e-01,  9.43244243e-02, -2.83454139e-01,
         1.30666255e+00,  8.02651031e-01,  3.69392908e-01,
        -1.74946586e-01,  5.14595978e-01,  1.06976821e-02,
        -9.35021209e-02, -1.08343371e-01, -1.76669508e-01,
         5.05403313e-02,  6.35747686e-03,  5.81760615e-02],
       [ 3.14623724e-01,  8.12847375e-01,  3.11063002e-02,
         9.43244243e-02,  3.42896538e-01, -6.77363950e-02,
        -2.21126210e-01, -1.72402944e-01,  9.53497849e-02,
         3.77759107e-01,  6.37847723e-02, -2.04839897e-01,
        -1.41648723e-01, -8.23443220e-03, -2.60371280e-02,
        -5.12601006e-02, -8.51709039e-03,  2.16914470e-02],
       [-8.15359827e-01, -1.39470775e-01,  6.20182658e-01,
        -2.83454139e-01, -6.77363950e-02,  3.49830408e-01,
        -3.46713815e-01,  7.33287148e-04,  5.87404286e-03,
        -1.69045691e-01, -1.06950584e-01, -1.45226584e-01,
         1.32304908e-01,  4.79619206e-02,  1.05290966e-01,
         1.44806809e-02,  4.67732384e-02, -1.91632019e-02],
       [ 3.83893428e+00, -8.88281060e-01, -6.34382597e-01,
         1.30666255e+00, -2.21126210e-01, -3.46713815e-01,
         2.49232809e+01,  2.97596732e+00, -5.47914944e-01,
         9.57706436e-01, -3.02161134e+00,  1.21645283e+00,
        -5.72361067e-01,  7.00542886e-01,  9.12334507e-01,
         2.27423328e+00,  1.18448396e-01,  1.70633016e+00],
       [ 2.04118558e+00, -7.25739271e-01, -2.23846244e-03,
         8.02651031e-01, -1.72402944e-01,  7.33287148e-04,
         2.97596732e+00,  8.60651337e+00,  1.11215419e+00,
        -2.14549491e+00, -1.10065732e+00, -4.60786323e-01,
         4.53222568e-01,  3.46948534e-01,  4.35437601e-02,
         3.34586481e-01,  7.77036504e-01,  3.00952401e-02],
       [ 1.01467449e+00, -1.70292431e-02,  3.13458097e-01,
         3.69392908e-01,  9.53497849e-02,  5.87404286e-03,
        -5.47914944e-01,  1.11215419e+00,  5.70579243e+00,
        -6.19116334e-01,  1.18981730e+00, -9.06851334e-01,
        -6.12955805e-02, -1.64520518e-01, -4.58972290e-03,
        -2.44547829e-01,  9.30096156e-02,  4.30286421e-01],
       [-2.78972365e-01,  1.07341583e+00, -5.36033113e-02,
        -1.74946586e-01,  3.77759107e-01, -1.69045691e-01,
         9.57706436e-01, -2.14549491e+00, -6.19116334e-01,
         2.50674877e+00, -4.27462953e-02, -5.56606836e-02,
        -6.42269442e-01, -3.09273528e-02,  1.19045231e-01,
         3.82805324e-02, -1.59132849e-01,  2.93265131e-01],
       [ 1.22270138e+00,  1.04823311e-01,  3.04118645e-01,
         5.14595978e-01,  6.37847723e-02, -1.06950584e-01,
        -3.02161134e+00, -1.10065732e+00,  1.18981730e+00,
        -4.27462953e-02,  2.04508505e+00, -2.86701536e-01,
        -6.98861471e-02, -4.46293675e-01, -3.88001988e-01,
        -3.98347158e-01, -1.30122444e-01, -1.99729232e-01],
       [ 7.33296233e-03, -5.67497095e-01, -4.75823424e-01,
         1.06976821e-02, -2.04839897e-01, -1.45226584e-01,
         1.21645283e+00, -4.60786323e-01, -9.06851334e-01,
        -5.56606836e-02, -2.86701536e-01,  9.09872226e-01,
         3.68054762e-03,  1.01500872e-01, -7.74743863e-02,
         9.38243585e-02, -3.01971984e-02,  7.39567668e-03],
       [-3.50450849e-01, -3.40676038e-01,  1.29671187e-01,
        -9.35021209e-02, -1.41648723e-01,  1.32304908e-01,
        -5.72361067e-01,  4.53222568e-01, -6.12955805e-02,
        -6.42269442e-01, -6.98861471e-02,  3.68054762e-03,
         2.36496122e-01,  2.52509367e-02, -1.91232198e-03,
         6.32235691e-03,  5.50418742e-02, -1.15153084e-01],
       [-2.70743365e-01, -4.96212398e-02, -1.77775501e-02,
        -1.08343371e-01, -8.23443220e-03,  4.79619206e-02,
         7.00542886e-01,  3.46948534e-01, -1.64520518e-01,
        -3.09273528e-02, -4.46293675e-01,  1.01500872e-01,
         2.52509367e-02,  1.31736020e-01,  8.06892208e-02,
         8.41987176e-02,  6.25754384e-02,  5.30379334e-02],
       [-4.29553680e-01, -3.45899094e-02,  9.91060572e-02,
        -1.76669508e-01, -2.60371280e-02,  1.05290966e-01,
         9.12334507e-01,  4.35437601e-02, -4.58972290e-03,
         1.19045231e-01, -3.88001988e-01, -7.74743863e-02,
        -1.91232198e-03,  8.06892208e-02,  1.61274024e-01,
         1.13580558e-01,  1.28776112e-02,  1.12753924e-01],
       [ 1.40115918e-01, -1.25709926e-01, -1.80877891e-02,
         5.05403313e-02, -5.12601006e-02,  1.44806809e-02,
         2.27423328e+00,  3.34586481e-01, -2.44547829e-01,
         3.82805324e-02, -3.98347158e-01,  9.38243585e-02,
         6.32235691e-03,  8.41987176e-02,  1.13580558e-01,
         2.51495136e-01,  2.35632937e-02,  1.34265169e-01],
       [-1.13908188e-02, -5.32072892e-02,  7.75889118e-02,
         6.35747686e-03, -8.51709039e-03,  4.67732384e-02,
         1.18448396e-01,  7.77036504e-01,  9.30096156e-02,
        -1.59132849e-01, -1.30122444e-01, -3.01971984e-02,
         5.50418742e-02,  6.25754384e-02,  1.28776112e-02,
         2.35632937e-02,  1.04045141e-01, -1.46500041e-03],
       [ 2.15089969e-01,  2.39739203e-02, -2.01368776e-02,
         5.81760615e-02,  2.16914470e-02, -1.91632019e-02,
         1.70633016e+00,  3.00952401e-02,  4.30286421e-01,
         2.93265131e-01, -1.99729232e-01,  7.39567668e-03,
        -1.15153084e-01,  5.30379334e-02,  1.12753924e-01,
         1.34265169e-01, -1.46500041e-03,  2.17549086e-01]])
      jac: array([ 7.08137253e-06,  5.36385751e-06, -1.85740312e-05, -8.76965167e-06,
       -1.34673754e-05,  4.25652106e-05, -3.08975068e-06, -2.37661742e-06,
        1.10060109e-06, -9.95685016e-06,  4.89978428e-06, -5.28466160e-06,
       -4.95936625e-05,  1.80303920e-05, -3.64634249e-06,  4.20100991e-05,
        2.35881685e-05, -1.17350574e-05])
  message: 'Maximum number of iterations has been exceeded.'
     nfev: 2128
      nit: 100
     njev: 112
   status: 1
  success: False
        x: array([-1.4166176 , -0.99385905,  0.51730749, -1.57085235, -0.95624999,
        0.21608107,  1.70118857, -0.54955205,  0.99459277,  0.03943813,
        0.4467047 ,  0.91567087,  0.08540395,  0.08124564, -0.18768327,
        1.70771047, -0.45346799,  0.11399611])
