Program Begingeth
      fun: 0.33932914569881456
 hess_inv: array([[ 1.03271246e+00,  3.41874123e-02,  1.61545700e-02,
        -1.10944450e-01,  1.74168514e-01,  3.31763797e-01,
        -3.24284327e-01,  5.19806789e-01,  4.16378170e-01,
        -4.84543669e-01,  3.71353171e-01,  5.87839765e-01,
        -3.83490717e-01, -5.12052163e-03,  6.62249113e-03,
         3.08899881e-02, -6.68624409e-02, -2.19471067e-01],
       [ 3.41874123e-02,  4.57735858e-01, -4.58333005e-02,
         6.99970557e-02, -2.93427792e-02, -5.21847882e-02,
         3.00131765e-01, -1.36443813e-01, -1.19718100e-02,
         2.00362672e-01, -6.83947933e-03,  2.47492590e-01,
         3.04509030e-03, -2.01827447e-01, -1.47980671e-01,
         1.40800586e-02,  8.25324763e-03, -9.04262179e-02],
       [ 1.61545700e-02, -4.58333005e-02,  4.52636441e-01,
        -3.08778247e-01,  2.91384439e-02,  1.89730689e-01,
        -7.68954989e-01, -6.37918972e-01, -1.55782608e-01,
        -1.15439651e+00, -1.80627213e-01,  7.61661962e-01,
         6.61852809e-02,  1.21596533e-01, -1.18514430e-01,
         9.47177725e-02, -9.43300463e-03,  5.23808719e-02],
       [-1.10944450e-01,  6.99970557e-02, -3.08778247e-01,
         5.05142146e-01, -2.50568398e-03, -3.39595489e-01,
         1.58697685e+00,  1.10957855e+00,  4.16977580e-01,
         1.73310451e+00,  1.18395022e-01, -1.34091219e+00,
         1.82908228e-02, -9.97784971e-02,  3.55209683e-02,
        -4.42078640e-02,  4.58216604e-02, -3.12272102e-02],
       [ 1.74168514e-01, -2.93427792e-02,  2.91384439e-02,
        -2.50568398e-03,  3.11897561e-01,  1.78906354e-02,
         1.99504025e-01,  7.58976146e-01,  3.21107691e-01,
        -3.51279793e-01,  7.40979997e-01, -2.83135099e-01,
         2.60650377e-02,  9.84369819e-02,  3.24827634e-02,
         5.16391657e-02, -9.94327043e-03, -2.12305691e-02],
       [ 3.31763797e-01, -5.21847882e-02,  1.89730689e-01,
        -3.39595489e-01,  1.78906354e-02,  5.07987461e-01,
        -1.42602553e+00, -9.22105791e-01,  1.67855181e-01,
        -1.23606712e+00,  1.24522412e-01,  1.68050829e+00,
        -7.80678561e-02,  1.30178307e-02,  4.81302455e-02,
         3.23371726e-02, -8.64619584e-02,  9.46333631e-03],
       [-3.24284327e-01,  3.00131765e-01, -7.68954989e-01,
         1.58697685e+00,  1.99504025e-01, -1.42602553e+00,
         7.03269903e+00,  3.88677593e+00,  1.12758054e+00,
         4.65511643e+00,  4.81327713e-01, -5.35420879e+00,
         1.51944112e-01, -1.86602128e-01, -1.22462220e-01,
        -5.54290480e-02,  1.52867013e-01, -1.73019241e-01],
       [ 5.19806789e-01, -1.36443813e-01, -6.37918972e-01,
         1.10957855e+00,  7.58976146e-01, -9.22105791e-01,
         3.88677593e+00,  7.57436114e+00,  1.49473485e+00,
         4.21340209e+00,  1.40211664e+00, -5.33524886e+00,
        -4.17786148e-01,  1.46757662e-01,  2.84693562e-01,
        -1.36051022e-01,  2.28788923e-01, -2.05855429e-01],
       [ 4.16378170e-01, -1.19718100e-02, -1.55782608e-01,
         4.16977580e-01,  3.21107691e-01,  1.67855181e-01,
         1.12758054e+00,  1.49473485e+00,  2.33085838e+00,
         9.59730594e-01,  1.14102084e+00, -4.89512283e-01,
        -3.59667257e-02, -8.00128700e-02,  1.15800879e-01,
         1.15859833e-02, -7.34917325e-02, -8.94832758e-02],
       [-4.84543669e-01,  2.00362672e-01, -1.15439651e+00,
         1.73310451e+00, -3.51279793e-01, -1.23606712e+00,
         4.65511643e+00,  4.21340209e+00,  9.59730594e-01,
         7.28789859e+00, -5.20653696e-01, -4.85747892e+00,
        -2.57082537e-01, -3.77813562e-01,  1.84434500e-01,
        -3.26593909e-01,  3.16571179e-01, -1.02560854e-01],
       [ 3.71353171e-01, -6.83947933e-03, -1.80627213e-01,
         1.18395022e-01,  7.40979997e-01,  1.24522412e-01,
         4.81327713e-01,  1.40211664e+00,  1.14102084e+00,
        -5.20653696e-01,  2.26845564e+00, -3.62745629e-01,
         9.14696211e-02,  1.05133639e-01,  1.67527705e-01,
         6.87002055e-02, -5.54923722e-02, -5.17768245e-02],
       [ 5.87839765e-01,  2.47492590e-01,  7.61661962e-01,
        -1.34091219e+00, -2.83135099e-01,  1.68050829e+00,
        -5.35420879e+00, -5.33524886e+00, -4.89512283e-01,
        -4.85747892e+00, -3.62745629e-01,  6.98525624e+00,
        -1.66188376e-02, -1.60633105e-01, -9.40890933e-02,
         1.50840574e-01, -3.07420309e-01,  9.08882871e-02],
       [-3.83490717e-01,  3.04509030e-03,  6.61852809e-02,
         1.82908228e-02,  2.60650377e-02, -7.80678561e-02,
         1.51944112e-01, -4.17786148e-01, -3.59667257e-02,
        -2.57082537e-01,  9.14696211e-02, -1.66188376e-02,
         2.68807736e-01,  1.65223396e-02, -3.03938351e-02,
         6.48760731e-02, -2.18773534e-02,  9.56939614e-02],
       [-5.12052163e-03, -2.01827447e-01,  1.21596533e-01,
        -9.97784971e-02,  9.84369819e-02,  1.30178307e-02,
        -1.86602128e-01,  1.46757662e-01, -8.00128700e-02,
        -3.77813562e-01,  1.05133639e-01, -1.60633105e-01,
         1.65223396e-02,  1.68251502e-01,  3.40625803e-02,
         2.42540027e-02,  2.81682598e-02,  4.44256331e-02],
       [ 6.62249113e-03, -1.47980671e-01, -1.18514430e-01,
         3.55209683e-02,  3.24827634e-02,  4.81302455e-02,
        -1.22462220e-01,  2.84693562e-01,  1.15800879e-01,
         1.84434500e-01,  1.67527705e-01, -9.40890933e-02,
        -3.03938351e-02,  3.40625803e-02,  1.40501828e-01,
        -3.90784059e-02, -5.54645046e-03,  4.29862115e-02],
       [ 3.08899881e-02,  1.40800586e-02,  9.47177725e-02,
        -4.42078640e-02,  5.16391657e-02,  3.23371726e-02,
        -5.54290480e-02, -1.36051022e-01,  1.15859833e-02,
        -3.26593909e-01,  6.87002055e-02,  1.50840574e-01,
         6.48760731e-02,  2.42540027e-02, -3.90784059e-02,
         6.62951898e-02, -1.99516106e-02,  3.25007194e-03],
       [-6.68624409e-02,  8.25324763e-03, -9.43300463e-03,
         4.58216604e-02, -9.94327043e-03, -8.64619584e-02,
         1.52867013e-01,  2.28788923e-01, -7.34917325e-02,
         3.16571179e-01, -5.54923722e-02, -3.07420309e-01,
        -2.18773534e-02,  2.81682598e-02, -5.54645046e-03,
        -1.99516106e-02,  6.46745829e-02,  4.71961589e-03],
       [-2.19471067e-01, -9.04262179e-02,  5.23808719e-02,
        -3.12272102e-02, -2.12305691e-02,  9.46333631e-03,
        -1.73019241e-01, -2.05855429e-01, -8.94832758e-02,
        -1.02560854e-01, -5.17768245e-02,  9.08882871e-02,
         9.56939614e-02,  4.44256331e-02,  4.29862115e-02,
         3.25007194e-03,  4.71961589e-03,  9.92894029e-02]])
      jac: array([ 1.12828265e-05,  1.41490523e-05,  1.81521465e-06, -5.93784281e-06,
       -1.46901010e-05, -1.20096525e-05, -9.14823772e-07, -1.80226204e-07,
        3.01869640e-06, -4.85167462e-07,  2.52612746e-06, -2.22044605e-07,
        1.30495614e-05,  7.21867011e-06,  1.60005342e-05, -7.57246118e-06,
        4.10708504e-06,  2.28890980e-05])
  message: 'Desired error not necessarily achieved due to precision loss.'
     nfev: 2195
      nit: 76
     njev: 115
   status: 2
  success: False
        x: array([ 0.00959391,  0.15057466,  0.75514898,  1.41124492, -1.02647248,
       -0.18962733,  2.18420374, -0.96279475, -1.28087047,  1.04728372,
       -1.55855832, -0.3587045 ,  0.09975798,  0.02612868, -0.30760204,
       -1.34582098, -0.53424603,  0.03725933])
