Program Begingeth
      fun: 0.2624816647688038
 hess_inv: array([[ 3.41519440e+00, -2.97210774e-01, -2.09519118e-01,
         4.22772987e-01, -2.41695479e-01,  7.89239227e-01,
        -1.79668532e+00,  6.96622005e-01,  3.23214483e-01,
        -9.26359355e-01, -4.13615518e-01,  4.58236176e-01,
        -5.58836522e-01,  7.82057278e-02,  2.91913012e-01,
         1.67509679e-01,  2.11094452e-01, -6.31191938e-01],
       [-2.97210774e-01,  2.47661734e+00,  9.48150876e-01,
         8.79229790e-02,  4.82327924e-01, -2.31122626e-02,
        -1.06330665e+00, -1.47319316e-01,  3.04235957e+00,
         4.67202235e-02, -1.55965209e-01, -1.75300603e+00,
         1.80242708e-01, -3.84308972e-01, -1.98312997e-01,
        -1.29258658e-01,  1.73323187e-01,  5.04408390e-02],
       [-2.09519118e-01,  9.48150876e-01,  1.95605786e+00,
        -2.54479206e-01,  1.57078508e-01,  1.61843182e-01,
        -8.86496251e-01, -2.51870874e+00,  1.65167121e+00,
         6.94277614e-02,  1.02752739e+00, -1.44566526e+00,
         1.22864049e-02, -2.82008283e-01, -3.88102388e-01,
         1.87141325e-01,  1.68670164e-02,  7.74045912e-02],
       [ 4.22772987e-01,  8.79229790e-02, -2.54479206e-01,
         1.72099119e-01, -2.35191702e-03,  6.11859276e-02,
         9.22177899e-02,  6.34605251e-01,  2.29264798e-01,
        -1.40725418e-01, -2.79179773e-01,  4.10349814e-02,
         7.97918923e-03, -3.35546020e-03,  1.14994581e-01,
        -1.38658806e-02,  2.32310536e-02, -3.71358051e-02],
       [-2.41695479e-01,  4.82327924e-01,  1.57078508e-01,
        -2.35191702e-03,  3.44516573e-01,  2.02043672e-02,
        -2.24935065e+00,  2.05779165e-01,  3.13211637e-01,
         3.49282145e-01, -5.35391291e-02, -2.33157183e-01,
         1.68178426e-01,  2.34463516e-02, -2.30254983e-02,
        -7.76698692e-03, -1.58882452e-01, -1.13818897e-02],
       [ 7.89239227e-01, -2.31122626e-02,  1.61843182e-01,
         6.11859276e-02,  2.02043672e-02,  3.29085622e-01,
        -1.36132264e+00,  7.84810631e-02,  3.93515142e-01,
         2.67602716e-02, -1.03221702e-01,  3.02247539e-02,
        -1.66989448e-01,  3.42261674e-02,  1.10907219e-01,
         2.05482528e-02, -1.76558849e-02, -1.57471217e-01],
       [-1.79668532e+00, -1.06330665e+00, -8.86496251e-01,
         9.22177899e-02, -2.24935065e+00, -1.36132264e+00,
         2.94312956e+01,  6.03106389e-01, -1.23501239e+00,
        -2.58571537e+00, -3.60473353e-01,  3.55323088e-01,
        -6.07449575e-01, -1.92272143e-01, -5.73991995e-02,
        -2.96527609e-02,  2.16770332e+00,  1.28226216e+00],
       [ 6.96622005e-01, -1.47319316e-01, -2.51870874e+00,
         6.34605251e-01,  2.05779165e-01,  7.84810631e-02,
         6.03106389e-01,  7.96147139e+00, -1.43241250e+00,
        -1.64866438e-01, -2.16263621e+00,  1.26903171e+00,
        -2.81359138e-02,  4.51354219e-01,  9.74530559e-01,
        -5.05747621e-01,  3.48973739e-01,  5.31431599e-02],
       [ 3.23214483e-01,  3.04235957e+00,  1.65167121e+00,
         2.29264798e-01,  3.13211637e-01,  3.93515142e-01,
        -1.23501239e+00, -1.43241250e+00,  7.89314291e+00,
        -5.16704598e-02,  1.46929519e-01, -2.42724726e+00,
         7.99824855e-02, -8.44073657e-01, -2.12908980e-01,
        -1.53904218e-01,  6.68211902e-02,  1.12897960e-01],
       [-9.26359355e-01,  4.67202235e-02,  6.94277614e-02,
        -1.40725418e-01,  3.49282145e-01,  2.67602716e-02,
        -2.58571537e+00, -1.64866438e-01, -5.16704598e-02,
         1.20511218e+00,  4.19891598e-02, -2.70868707e-03,
         1.14955268e-01,  6.01232552e-02, -1.10052810e-02,
        -5.79304477e-02, -3.74583218e-01, -1.62109282e-02],
       [-4.13615518e-01, -1.55965209e-01,  1.02752739e+00,
        -2.79179773e-01, -5.35391291e-02, -1.03221702e-01,
        -3.60473353e-01, -2.16263621e+00,  1.46929519e-01,
         4.19891598e-02,  1.36054923e+00, -5.45810445e-01,
         5.33798811e-02, -2.36679945e-01, -4.18813387e-01,
         2.01431621e-01, -1.34519151e-01, -5.57956697e-03],
       [ 4.58236176e-01, -1.75300603e+00, -1.44566526e+00,
         4.10349814e-02, -2.33157183e-01,  3.02247539e-02,
         3.55323088e-01,  1.26903171e+00, -2.42724726e+00,
        -2.70868707e-03, -5.45810445e-01,  2.02746906e+00,
        -1.44557162e-01,  4.88031044e-01,  2.70776947e-01,
         3.73619565e-02, -5.88394891e-02, -1.05965068e-01],
       [-5.58836522e-01,  1.80242708e-01,  1.22864049e-02,
         7.97918923e-03,  1.68178426e-01, -1.66989448e-01,
        -6.07449575e-01, -2.81359138e-02,  7.99824855e-02,
         1.14955268e-01,  5.33798811e-02, -1.44557162e-01,
         2.70328288e-01, -2.19243151e-02, -5.13059006e-02,
         1.93401973e-02, -1.44834988e-01,  1.27536722e-01],
       [ 7.82057278e-02, -3.84308972e-01, -2.82008283e-01,
        -3.35546020e-03,  2.34463516e-02,  3.42261674e-02,
        -1.92272143e-01,  4.51354219e-01, -8.44073657e-01,
         6.01232552e-02, -2.36679945e-01,  4.88031044e-01,
        -2.19243151e-02,  2.07141870e-01,  9.56238593e-02,
         1.88847991e-02,  4.10936220e-03, -4.63561213e-03],
       [ 2.91913012e-01, -1.98312997e-01, -3.88102388e-01,
         1.14994581e-01, -2.30254983e-02,  1.10907219e-01,
        -5.73991995e-02,  9.74530559e-01, -2.12908980e-01,
        -1.10052810e-02, -4.18813387e-01,  2.70776947e-01,
        -5.13059006e-02,  9.56238593e-02,  2.22232025e-01,
        -6.99350374e-02,  1.27971918e-02, -3.69028332e-03],
       [ 1.67509679e-01, -1.29258658e-01,  1.87141325e-01,
        -1.38658806e-02, -7.76698692e-03,  2.05482528e-02,
        -2.96527609e-02, -5.05747621e-01, -1.53904218e-01,
        -5.79304477e-02,  2.01431621e-01,  3.73619565e-02,
         1.93401973e-02,  1.88847991e-02, -6.99350374e-02,
         1.25553459e-01, -2.23784452e-02, -2.14446642e-02],
       [ 2.11094452e-01,  1.73323187e-01,  1.68670164e-02,
         2.32310536e-02, -1.58882452e-01, -1.76558849e-02,
         2.16770332e+00,  3.48973739e-01,  6.68211902e-02,
        -3.74583218e-01, -1.34519151e-01, -5.88394891e-02,
        -1.44834988e-01,  4.10936220e-03,  1.27971918e-02,
        -2.23784452e-02,  3.19928813e-01,  4.11654136e-02],
       [-6.31191938e-01,  5.04408390e-02,  7.74045912e-02,
        -3.71358051e-02, -1.13818897e-02, -1.57471217e-01,
         1.28226216e+00,  5.31431599e-02,  1.12897960e-01,
        -1.62109282e-02, -5.57956697e-03, -1.05965068e-01,
         1.27536722e-01, -4.63561213e-03, -3.69028332e-03,
        -2.14446642e-02,  4.11654136e-02,  2.36069525e-01]])
      jac: array([ 8.75410855e-06,  1.00238336e-05, -5.05891625e-07, -2.71527245e-05,
       -2.47228164e-05,  3.95831516e-06,  7.95289760e-07,  2.78036853e-06,
       -4.13373040e-07,  7.33487345e-06,  2.91581574e-06,  1.00031095e-06,
        2.93372734e-05,  1.26754163e-05,  6.75459688e-06, -1.03065704e-06,
       -2.96059473e-07, -5.89084337e-06])
  message: 'Desired error not necessarily achieved due to precision loss.'
     nfev: 2121
      nit: 55
     njev: 111
   status: 2
  success: False
        x: array([ 0.18594869, -0.46488377,  0.6863548 ,  0.88892012, -0.59381001,
        0.03414345,  0.11157977, -1.58545184, -0.53965728,  0.07119721,
        0.7098835 ,  1.00913216,  0.10747669,  0.10052702, -0.42488565,
       -0.91108854, -0.77103549,  0.01494244])
