Program Begingeth
      fun: 0.3513409826684799
 hess_inv: array([[ 8.26225437e-01, -1.48858063e-01, -8.69230758e-03,
        -8.85958848e-02,  1.92891256e-01,  2.96400986e-01,
        -9.23629293e-02,  4.30012294e-01,  2.43101819e-01,
        -3.41611954e-01,  3.92908538e-01,  4.38979471e-01,
        -3.35823607e-01,  7.36942704e-02, -2.59145134e-02,
         1.55323192e-02, -8.67595557e-02, -2.93175339e-01],
       [-1.48858063e-01,  5.48787046e-01, -8.36838804e-02,
         2.60603058e-01, -1.14433121e-02, -3.96490802e-01,
         8.29291660e-01,  4.06826513e-01,  1.83214973e-01,
         9.05460766e-01, -5.74259426e-02, -8.64928518e-01,
         9.82604817e-02, -1.99588660e-01, -2.04859224e-01,
         5.05399234e-02,  7.37389461e-02, -4.39356227e-02],
       [-8.69230758e-03, -8.36838804e-02,  2.66468882e-01,
        -1.14417332e-01,  8.02529372e-02,  6.03053826e-02,
        -1.39609687e-01, -3.75031534e-02, -1.07513245e-01,
        -4.00525182e-01,  5.09490352e-02,  1.57355684e-01,
         4.20845794e-02,  1.27462872e-01, -5.30263122e-02,
         7.61972038e-02,  3.39719824e-02,  3.28993074e-02],
       [-8.85958848e-02,  2.60603058e-01, -1.14417332e-01,
         6.30290506e-01,  1.96256988e-01, -3.45425353e-01,
         1.67968069e+00,  1.09464891e+00,  1.22840348e+00,
         1.73532024e+00,  5.36265856e-01, -1.32380339e+00,
         2.15206083e-01, -1.11233330e-01, -3.15728017e-02,
         7.57327670e-02, -1.21319248e-02,  7.20402957e-02],
       [ 1.92891256e-01, -1.14433121e-02,  8.02529372e-02,
         1.96256988e-01,  3.91694989e-01, -4.14585389e-02,
         7.43679671e-01,  1.06066389e+00,  7.64665374e-01,
         4.19703538e-01,  8.76954380e-01, -6.51886314e-01,
         4.01853272e-02,  1.36138348e-01,  6.04756032e-03,
         9.56912056e-02,  1.23716829e-02, -1.86775768e-02],
       [ 2.96400986e-01, -3.96490802e-01,  6.03053826e-02,
        -3.45425353e-01, -4.14585389e-02,  5.35812471e-01,
        -1.20295096e+00, -6.54290092e-01, -2.70289806e-01,
        -1.14035818e+00,  7.70950692e-03,  1.43330869e+00,
        -1.81542318e-01,  8.04849145e-02,  1.64731327e-01,
        -7.35071979e-02, -1.16439084e-01, -5.37802517e-02],
       [-9.23629293e-02,  8.29291660e-01, -1.39609687e-01,
         1.67968069e+00,  7.43679671e-01, -1.20295096e+00,
         5.83682208e+00,  3.60602792e+00,  3.37974853e+00,
         4.54645057e+00,  1.60265102e+00, -4.53374861e+00,
         4.95884840e-01, -1.21379503e-01, -2.94871535e-01,
         2.76150234e-01,  1.05737022e-01,  7.48753832e-02],
       [ 4.30012294e-01,  4.06826513e-01, -3.75031534e-02,
         1.09464891e+00,  1.06066389e+00, -6.54290092e-01,
         3.60602792e+00,  5.89610178e+00,  3.21484945e+00,
         3.77285404e+00,  2.07718876e+00, -3.82208135e+00,
        -8.42181830e-02,  2.23244796e-01, -1.86132635e-02,
         1.23398209e-01,  2.71168480e-01, -2.53854537e-02],
       [ 2.43101819e-01,  1.83214973e-01, -1.07513245e-01,
         1.22840348e+00,  7.64665374e-01, -2.70289806e-01,
         3.37974853e+00,  3.21484945e+00,  4.13756273e+00,
         3.34465389e+00,  2.04761365e+00, -2.45724657e+00,
         2.36966462e-01, -1.70350326e-02,  6.89402429e-02,
         1.20489175e-01, -5.01457952e-02,  3.78753590e-02],
       [-3.41611954e-01,  9.05460766e-01, -4.00525182e-01,
         1.73532024e+00,  4.19703538e-01, -1.14035818e+00,
         4.54645057e+00,  3.77285404e+00,  3.34465389e+00,
         5.54965803e+00,  1.09798065e+00, -4.21551052e+00,
         3.94599483e-01, -3.13011934e-01, -1.14464856e-01,
         9.97901282e-02,  1.89904143e-01,  1.96364185e-01],
       [ 3.92908538e-01, -5.74259426e-02,  5.09490352e-02,
         5.36265856e-01,  8.76954380e-01,  7.70950692e-03,
         1.60265102e+00,  2.07718876e+00,  2.04761365e+00,
         1.09798065e+00,  2.32417328e+00, -1.25656489e+00,
         1.34168107e-01,  2.15680618e-01,  1.32247314e-01,
         1.61369368e-01, -4.13749583e-02,  4.57499332e-03],
       [ 4.38979471e-01, -8.64928518e-01,  1.57355684e-01,
        -1.32380339e+00, -6.51886314e-01,  1.43330869e+00,
        -4.53374861e+00, -3.82208135e+00, -2.45724657e+00,
        -4.21551052e+00, -1.25656489e+00,  5.12037823e+00,
        -4.15539313e-01, -2.91252823e-02,  2.80725801e-01,
        -2.33863217e-01, -3.71125068e-01, -1.40630501e-01],
       [-3.35823607e-01,  9.82604817e-02,  4.20845794e-02,
         2.15206083e-01,  4.01853272e-02, -1.81542318e-01,
         4.95884840e-01, -8.42181830e-02,  2.36966462e-01,
         3.94599483e-01,  1.34168107e-01, -4.15539313e-01,
         3.01500997e-01, -4.70040790e-02, -1.71425762e-02,
         9.96749182e-02, -3.11409163e-02,  1.43965396e-01],
       [ 7.36942704e-02, -1.99588660e-01,  1.27462872e-01,
        -1.11233330e-01,  1.36138348e-01,  8.04849145e-02,
        -1.21379503e-01,  2.23244796e-01, -1.70350326e-02,
        -3.13011934e-01,  2.15680618e-01, -2.91252823e-02,
        -4.70040790e-02,  2.08998208e-01,  4.40924886e-02,
         2.15922539e-02,  7.53493185e-02,  1.64352477e-02],
       [-2.59145134e-02, -2.04859224e-01, -5.30263122e-02,
        -3.15728017e-02,  6.04756032e-03,  1.64731327e-01,
        -2.94871535e-01, -1.86132635e-02,  6.89402429e-02,
        -1.14464856e-01,  1.32247314e-01,  2.80725801e-01,
        -1.71425762e-02,  4.40924886e-02,  1.78122163e-01,
        -6.00491668e-02, -2.92993934e-02,  8.64157180e-02],
       [ 1.55323192e-02,  5.05399234e-02,  7.61972038e-02,
         7.57327670e-02,  9.56912056e-02, -7.35071979e-02,
         2.76150234e-01,  1.23398209e-01,  1.20489175e-01,
         9.97901282e-02,  1.61369368e-01, -2.33863217e-01,
         9.96749182e-02,  2.15922539e-02, -6.00491668e-02,
         1.04103306e-01, -9.51673640e-03, -4.62687488e-04],
       [-8.67595557e-02,  7.37389461e-02,  3.39719824e-02,
        -1.21319248e-02,  1.23716829e-02, -1.16439084e-01,
         1.05737022e-01,  2.71168480e-01, -5.01457952e-02,
         1.89904143e-01, -4.13749583e-02, -3.71125068e-01,
        -3.11409163e-02,  7.53493185e-02, -2.92993934e-02,
        -9.51673640e-03,  1.44885918e-01,  2.07811630e-02],
       [-2.93175339e-01, -4.39356227e-02,  3.28993074e-02,
         7.20402957e-02, -1.86775768e-02, -5.37802517e-02,
         7.48753832e-02, -2.53854537e-02,  3.78753590e-02,
         1.96364185e-01,  4.57499332e-03, -1.40630501e-01,
         1.43965396e-01,  1.64352477e-02,  8.64157180e-02,
        -4.62687488e-04,  2.07811630e-02,  1.77252573e-01]])
      jac: array([ 2.86963046e-05,  1.52663067e-05,  1.60434629e-05, -6.07188374e-05,
       -5.42251429e-05,  2.32258657e-06,  4.01752705e-06,  2.61235478e-06,
        1.49028937e-06,  9.71001057e-06,  1.31753867e-05, -5.51447776e-06,
        7.42572670e-05,  2.19628019e-05,  2.20305256e-05, -4.98963833e-05,
       -1.69949240e-05, -1.67828714e-05])
  message: 'Desired error not necessarily achieved due to precision loss.'
     nfev: 2064
      nit: 65
     njev: 108
   status: 2
  success: False
        x: array([ 6.42441263e-02,  2.44435529e-01,  7.90914951e-01,  1.07291304e+00,
       -1.33353379e+00, -3.42789403e-01,  2.11193380e+00, -1.19602056e+00,
       -1.31812253e+00,  8.25150444e-01, -1.88149881e+00, -7.88063410e-01,
        1.09819472e-01, -3.26496185e-02, -4.02960944e-01, -1.04709832e+00,
       -3.70795763e-01, -2.81935955e-04])
