Program Begingeth
      fun: 0.3399482132320625
 hess_inv: array([[ 1.51913460e+01,  1.24493477e+00, -1.09287812e+00,
         5.74040482e+00,  7.64933622e-02,  5.76307555e-01,
         1.74421535e+01, -1.27628822e+01, -7.35000897e-01,
        -3.29820484e+00, -9.74654712e-01,  1.35143385e+00,
        -1.65630813e-01,  1.89112086e-01,  3.78028890e-01,
         1.27557925e+00, -6.01983792e-01, -5.68344583e-01],
       [ 1.24493477e+00,  1.20780331e+00, -1.86717747e-02,
         3.91533596e-01,  4.10709440e-01,  1.54169475e-02,
         4.23372721e+00, -2.12896741e+00, -4.42017538e-01,
        -9.17086513e-01,  1.27567354e-01,  7.88695077e-02,
         2.20113981e-02, -2.84202804e-02, -1.10561335e-01,
         3.32021936e-01, -6.49384514e-02, -2.03242648e-01],
       [-1.09287812e+00, -1.86717747e-02,  9.59444883e-01,
        -4.17736807e-01,  6.07714817e-02,  3.40598986e-01,
        -2.21481734e+00,  5.75156366e-01, -6.41476280e-02,
         2.05598009e-01,  2.28524634e-02, -9.02988954e-02,
         5.10932817e-02,  4.35976067e-02,  3.19178494e-02,
        -1.26120249e-01,  2.36175924e-02,  9.60534290e-02],
       [ 5.74040482e+00,  3.91533596e-01, -4.17736807e-01,
         2.19202180e+00,  6.66517085e-03,  2.21804738e-01,
         6.21665420e+00, -4.60477775e+00, -2.04496298e-01,
        -1.17033740e+00, -4.08159375e-01,  4.88540232e-01,
        -4.72815308e-02,  7.46117899e-02,  1.65806063e-01,
         4.63646776e-01, -2.30399424e-01, -1.90596121e-01],
       [ 7.64933622e-02,  4.10709440e-01,  6.07714817e-02,
         6.66517085e-03,  1.65533449e-01,  1.17898527e-02,
         9.19987395e-01, -3.39946176e-01, -7.86734608e-02,
        -1.95157946e-01,  6.71789006e-02,  8.11456205e-03,
         1.69914610e-02, -5.73863046e-04, -4.89632593e-02,
         8.78569395e-02, -8.41117878e-04, -5.40172695e-02],
       [ 5.76307555e-01,  1.54169475e-02,  3.40598986e-01,
         2.21804738e-01,  1.17898527e-02,  2.07372201e-01,
         3.77284499e-02, -4.79591885e-01, -2.64000980e-02,
        -2.36410887e-02, -1.16252616e-01,  4.60103241e-02,
        -9.55374629e-03,  4.39606809e-02,  6.68903043e-02,
         1.16484541e-02, -2.71987818e-02,  1.59355080e-02],
       [ 1.74421535e+01,  4.23372721e+00, -2.21481734e+00,
         6.21665420e+00,  9.19987395e-01,  3.77284499e-02,
         3.76134574e+01, -1.93434607e+01, -3.76727691e+00,
        -5.88617361e+00,  2.56799979e-01,  1.90743039e+00,
        -3.92018437e-01, -7.09282685e-02, -4.44156296e-01,
         2.70817930e+00, -6.19760562e-01, -1.73019332e+00],
       [-1.27628822e+01, -2.12896741e+00,  5.75156366e-01,
        -4.60477775e+00, -3.39946176e-01, -4.79591885e-01,
        -1.93434607e+01,  1.83741977e+01,  3.95657684e+00,
         4.41072237e+00,  2.72588099e-01, -2.09781018e+00,
        -5.25993205e-02, -3.24510781e-02,  3.79802497e-02,
        -1.55954790e+00,  9.78586633e-01,  7.86180043e-01],
       [-7.35000897e-01, -4.42017538e-01, -6.41476280e-02,
        -2.04496298e-01, -7.86734608e-02, -2.64000980e-02,
        -3.76727691e+00,  3.95657684e+00,  5.51982065e+00,
         1.03145958e+00,  8.51049384e-01, -8.71753106e-01,
        -6.55339759e-02, -1.60785852e-01,  4.48380684e-02,
        -2.54122815e-01,  2.46755522e-01,  3.09558977e-01],
       [-3.29820484e+00, -9.17086513e-01,  2.05598009e-01,
        -1.17033740e+00, -1.95157946e-01, -2.36410887e-02,
        -5.88617361e+00,  4.41072237e+00,  1.03145958e+00,
         2.36783789e+00,  2.21256395e-01, -3.90385800e-01,
        -2.27203766e-01, -3.54197978e-02, -3.12898921e-02,
        -4.40162840e-01,  1.65082194e-01,  8.62372580e-02],
       [-9.74654712e-01,  1.27567354e-01,  2.28524634e-02,
        -4.08159375e-01,  6.71789006e-02, -1.16252616e-01,
         2.56799979e-01,  2.72588099e-01,  8.51049384e-01,
         2.21256395e-01,  9.37261592e-01, -1.22091519e-01,
        -2.31672928e-02, -1.77292954e-01, -2.31353623e-01,
         6.29820741e-02,  4.10993242e-02, -1.11364778e-01],
       [ 1.35143385e+00,  7.88695077e-02, -9.02988954e-02,
         4.88540232e-01,  8.11456205e-03,  4.60103241e-02,
         1.90743039e+00, -2.09781018e+00, -8.71753106e-01,
        -3.90385800e-01, -1.22091519e-01,  6.34591407e-01,
         2.67512549e-02,  7.66011887e-02, -5.83046018e-02,
         2.01631653e-01, -8.56971596e-02, -8.68911398e-02],
       [-1.65630813e-01,  2.20113981e-02,  5.10932817e-02,
        -4.72815308e-02,  1.69914610e-02, -9.55374629e-03,
        -3.92018437e-01, -5.25993205e-02, -6.55339759e-02,
        -2.27203766e-01, -2.31672928e-02,  2.67512549e-02,
         1.03048132e-01,  5.83425615e-03,  8.12118857e-03,
         9.41482523e-03, -1.41844106e-02,  5.64757713e-02],
       [ 1.89112086e-01, -2.84202804e-02,  4.35976067e-02,
         7.46117899e-02, -5.73863046e-04,  4.39606809e-02,
        -7.09282685e-02, -3.24510781e-02, -1.60785852e-01,
        -3.54197978e-02, -1.77292954e-01,  7.66011887e-02,
         5.83425615e-03,  6.37842593e-02,  3.36606304e-02,
        -3.88518786e-03,  1.53332517e-02,  2.08638918e-02],
       [ 3.78028890e-01, -1.10561335e-01,  3.19178494e-02,
         1.65806063e-01, -4.89632593e-02,  6.68903043e-02,
        -4.44156296e-01,  3.79802497e-02,  4.48380684e-02,
        -3.12898921e-02, -2.31353623e-01, -5.83046018e-02,
         8.12118857e-03,  3.36606304e-02,  1.17680006e-01,
        -5.07782411e-02, -1.74774746e-02,  7.50663549e-02],
       [ 1.27557925e+00,  3.32021936e-01, -1.26120249e-01,
         4.63646776e-01,  8.78569395e-02,  1.16484541e-02,
         2.70817930e+00, -1.55954790e+00, -2.54122815e-01,
        -4.40162840e-01,  6.29820741e-02,  2.01631653e-01,
         9.41482523e-03, -3.88518786e-03, -5.07782411e-02,
         2.37959675e-01, -5.73077629e-02, -1.22684070e-01],
       [-6.01983792e-01, -6.49384514e-02,  2.36175924e-02,
        -2.30399424e-01, -8.41117878e-04, -2.71987818e-02,
        -6.19760562e-01,  9.78586633e-01,  2.46755522e-01,
         1.65082194e-01,  4.10993242e-02, -8.56971596e-02,
        -1.41844106e-02,  1.53332517e-02, -1.74774746e-02,
        -5.73077629e-02,  9.04283792e-02,  2.40802392e-02],
       [-5.68344583e-01, -2.03242648e-01,  9.60534290e-02,
        -1.90596121e-01, -5.40172695e-02,  1.59355080e-02,
        -1.73019332e+00,  7.86180043e-01,  3.09558977e-01,
         8.62372580e-02, -1.11364778e-01, -8.68911398e-02,
         5.64757713e-02,  2.08638918e-02,  7.50663549e-02,
        -1.22684070e-01,  2.40802392e-02,  1.42512701e-01]])
      jac: array([-0.10977335,  0.09671678,  0.00503305,  0.25707302, -0.25067658,
       -0.00751385,  0.02001241, -0.02700728,  0.01945415,  0.0228596 ,
       -0.03642553,  0.0131214 ,  0.15309075, -0.02889252,  0.05102789,
       -0.2015533 ,  0.2481297 , -0.13944118])
  message: 'Maximum number of iterations has been exceeded.'
     nfev: 2128
      nit: 100
     njev: 112
   status: 1
  success: False
        x: array([ 1.3513868 , -0.83283994,  0.47422368,  1.54457612, -0.81912058,
        0.18488942, -1.43924958, -0.66725385,  1.00415725,  0.03652161,
        0.45033348,  0.96321588,  0.03140328,  0.08136161, -0.21637277,
       -1.45269446, -0.62845175,  0.10725028])
