Program Begingeth
      fun: 0.28727235989341854
 hess_inv: array([[ 1.29027606e+00, -2.12052213e-01,  4.73881889e-02,
         7.00623840e-02,  2.40089495e-01,  4.10262657e-01,
        -6.18493049e-02, -2.12562251e-01,  1.12414625e+00,
         3.75375990e-01,  8.76666273e-01,  6.38251682e-01,
        -5.35526587e-01,  1.16632364e-01, -4.28301206e-02,
         9.93165910e-03, -3.98025862e-02, -2.92618979e-01],
       [-2.12052213e-01,  4.08233065e-01, -6.29077559e-02,
        -3.56584769e-02, -6.75730276e-02, -3.83332199e-01,
         3.13164769e-01,  2.67520741e-01, -1.30287335e+00,
        -2.43619930e-01, -3.83524052e-01, -6.73125379e-01,
         1.03233329e-01, -1.42186883e-01, -1.31963544e-01,
         2.51556017e-02,  3.65504715e-02, -2.40630130e-02],
       [ 4.73881889e-02, -6.29077559e-02,  3.00311832e-01,
         9.69394561e-02,  1.49587455e-01,  2.12099361e-01,
        -1.34814161e-01,  1.13193646e-01,  9.44392634e-01,
         4.27144170e-01,  3.98203614e-01,  4.63280565e-01,
         2.93383011e-02,  8.98781175e-02, -6.35473477e-02,
         5.57326816e-02,  2.00607379e-02,  2.32264299e-02],
       [ 7.00623840e-02, -3.56584769e-02,  9.69394561e-02,
         3.07180488e-01,  8.35674241e-02,  2.91743860e-01,
        -1.22461543e-01, -2.53394622e-01,  1.61460061e+00,
         1.04352019e+00,  3.26536578e-01,  7.14371617e-01,
         9.12360352e-02,  1.26844732e-03, -2.46493178e-02,
         5.60729181e-02, -5.79046943e-02, -7.35436626e-03],
       [ 2.40089495e-01, -6.75730276e-02,  1.49587455e-01,
         8.35674241e-02,  2.07745970e-01,  2.57317674e-01,
        -2.16897604e-01,  1.44532729e-01,  1.18252028e+00,
         4.46242766e-01,  6.21398643e-01,  4.79014555e-01,
        -8.38763734e-02,  8.90145933e-02, -2.17946231e-02,
         2.35658839e-02,  8.01989195e-03, -3.96413799e-02],
       [ 4.10262657e-01, -3.83332199e-01,  2.12099361e-01,
         2.91743860e-01,  2.57317674e-01,  9.37084910e-01,
        -1.16631384e+00, -5.69718095e-01,  4.07899908e+00,
         1.47258452e+00,  1.19703305e+00,  1.96018254e+00,
        -1.26344485e-01,  1.30578332e-01,  1.03472238e-01,
         4.52455206e-04, -7.66729048e-02, -3.66159408e-02],
       [-6.18493049e-02,  3.13164769e-01, -1.34814161e-01,
        -1.22461543e-01, -2.16897604e-01, -1.16631384e+00,
         3.37995862e+00,  5.18915549e-01, -5.53618216e+00,
        -1.78338306e+00, -1.34358803e+00, -2.69592047e+00,
         1.37631677e-01, -3.48276007e-02, -1.20589346e-01,
         9.57730959e-02,  6.04421295e-02,  1.65645446e-02],
       [-2.12562251e-01,  2.67520741e-01,  1.13193646e-01,
        -2.53394622e-01,  1.44532729e-01, -5.69718095e-01,
         5.18915549e-01,  1.84674233e+00, -2.25477220e+00,
        -8.63981726e-01, -3.06785458e-01, -1.27081019e+00,
         9.15721839e-04,  6.26796802e-02, -1.79976804e-01,
         1.47590536e-02,  1.28848642e-01, -2.78313649e-03],
       [ 1.12414625e+00, -1.30287335e+00,  9.44392634e-01,
         1.61460061e+00,  1.18252028e+00,  4.07899908e+00,
        -5.53618216e+00, -2.25477220e+00,  1.98462929e+01,
         7.84713181e+00,  5.25878624e+00,  8.70828198e+00,
        -1.90605190e-01,  4.70926208e-01,  3.09277574e-01,
         5.03110324e-02, -3.10495648e-01, -9.68165068e-02],
       [ 3.75375990e-01, -2.43619930e-01,  4.27144170e-01,
         1.04352019e+00,  4.46242766e-01,  1.47258452e+00,
        -1.78338306e+00, -8.63981726e-01,  7.84713181e+00,
         4.27639984e+00,  1.82161684e+00,  3.44865766e+00,
         1.36551390e-01,  7.22392137e-02, -6.12837615e-02,
         1.17780509e-01, -1.75229034e-01, -6.69407175e-02],
       [ 8.76666273e-01, -3.83524052e-01,  3.98203614e-01,
         3.26536578e-01,  6.21398643e-01,  1.19703305e+00,
        -1.34358803e+00, -3.06785458e-01,  5.25878624e+00,
         1.82161684e+00,  2.34227434e+00,  2.34033613e+00,
        -3.36469444e-01,  2.34144394e-01,  5.54862435e-02,
         2.04340945e-02, -5.14984227e-02, -1.28891933e-01],
       [ 6.38251682e-01, -6.73125379e-01,  4.63280565e-01,
         7.14371617e-01,  4.79014555e-01,  1.96018254e+00,
        -2.69592047e+00, -1.27081019e+00,  8.70828198e+00,
         3.44865766e+00,  2.34033613e+00,  4.38883812e+00,
        -1.13724531e-01,  1.76182326e-01,  1.40976419e-01,
         2.84059050e-02, -1.95843248e-01, -6.79852808e-02],
       [-5.35526587e-01,  1.03233329e-01,  2.93383011e-02,
         9.12360352e-02, -8.38763734e-02, -1.26344485e-01,
         1.37631677e-01,  9.15721839e-04, -1.90605190e-01,
         1.36551390e-01, -3.36469444e-01, -1.13724531e-01,
         3.10031452e-01, -5.77269181e-02, -7.04882837e-03,
         5.43001927e-02, -8.36589791e-03,  1.28413370e-01],
       [ 1.16632364e-01, -1.42186883e-01,  8.98781175e-02,
         1.26844732e-03,  8.90145933e-02,  1.30578332e-01,
        -3.48276007e-02,  6.26796802e-02,  4.70926208e-01,
         7.22392137e-02,  2.34144394e-01,  1.76182326e-01,
        -5.77269181e-02,  1.13620547e-01,  2.33974783e-02,
         3.99730345e-03,  3.16142147e-02,  4.83190738e-03],
       [-4.28301206e-02, -1.31963544e-01, -6.35473477e-02,
        -2.46493178e-02, -2.17946231e-02,  1.03472238e-01,
        -1.20589346e-01, -1.79976804e-01,  3.09277574e-01,
        -6.12837615e-02,  5.54862435e-02,  1.40976419e-01,
        -7.04882837e-03,  2.33974783e-02,  1.14822859e-01,
        -3.15876950e-02, -1.47980701e-02,  5.27563909e-02],
       [ 9.93165910e-03,  2.51556017e-02,  5.57326816e-02,
         5.60729181e-02,  2.35658839e-02,  4.52455206e-04,
         9.57730959e-02,  1.47590536e-02,  5.03110324e-02,
         1.17780509e-01,  2.04340945e-02,  2.84059050e-02,
         5.43001927e-02,  3.99730345e-03, -3.15876950e-02,
         5.36652154e-02, -3.08219330e-03,  1.71300354e-03],
       [-3.98025862e-02,  3.65504715e-02,  2.00607379e-02,
        -5.79046943e-02,  8.01989195e-03, -7.66729048e-02,
         6.04421295e-02,  1.28848642e-01, -3.10495648e-01,
        -1.75229034e-01, -5.14984227e-02, -1.95843248e-01,
        -8.36589791e-03,  3.16142147e-02, -1.47980701e-02,
        -3.08219330e-03,  5.15885185e-02,  6.85488204e-03],
       [-2.92618979e-01, -2.40630130e-02,  2.32264299e-02,
        -7.35436626e-03, -3.96413799e-02, -3.66159408e-02,
         1.65645446e-02, -2.78313649e-03, -9.68165068e-02,
        -6.69407175e-02, -1.28891933e-01, -6.79852808e-02,
         1.28413370e-01,  4.83190738e-03,  5.27563909e-02,
         1.71300354e-03,  6.85488204e-03,  1.08590212e-01]])
      jac: array([-2.12866761e-06, -3.73775085e-08, -1.95251223e-06,  1.13205741e-06,
       -8.07132139e-07,  1.20052116e-06,  4.02640884e-07,  3.07901852e-07,
       -2.34257058e-07, -1.33226763e-08,  4.50010399e-07,  4.80356495e-07,
       -5.35719617e-06, -1.28156744e-06, -3.14119101e-06,  4.78839191e-06,
        1.19052916e-06,  3.91760698e-06])
  message: 'Optimization terminated successfully.'
     nfev: 2128
      nit: 95
     njev: 112
   status: 0
  success: True
        x: array([ 0.1496408 ,  0.24634175,  0.72237466,  1.71699922, -1.03623668,
       -0.12404557,  2.75764333, -0.74889263,  0.52725755,  2.12566592,
       -1.03303846, -0.74142112,  0.16946223,  0.11417158, -0.25959966,
       -1.27360166, -0.03996114,  0.04721625])
