Program Begingeth
      fun: 0.21968622762203951
 hess_inv: array([[ 9.68044293e+00, -2.18988664e+00,  2.71549101e+00,
         4.80355215e-01, -8.56567197e-01,  1.90740964e+00,
        -3.83169628e+00, -1.12345338e+00,  4.29597309e+00,
        -2.82316250e+00,  9.39204986e-01,  5.04871954e-01,
        -2.37644818e+00,  5.78883876e-01, -2.32836636e-02,
         3.96062927e-01,  9.16286289e-01, -5.35006658e-01],
       [-2.18988664e+00,  6.54650043e+00, -3.30412824e+00,
         1.21864706e+00,  1.48609730e+00, -1.31664403e+00,
         1.03823262e+01,  6.89149202e+00, -6.51732212e-01,
         5.47385410e-01, -2.87476081e+00, -1.65374246e+00,
         8.73697693e-01, -1.15846991e+00,  4.47371284e-01,
        -5.95375164e-01, -1.23158065e-01, -3.74701580e-02],
       [ 2.71549101e+00, -3.30412824e+00,  1.41263419e+01,
        -2.27223951e+00, -7.27241855e-01,  3.81757500e+00,
        -2.15364388e+01, -6.43214866e+00,  7.22149586e+00,
        -9.34700165e-01,  5.50718442e+00, -4.39097739e+00,
        -1.12180831e+00,  4.06060101e-01, -1.36655596e+00,
         8.34847052e-01,  7.49385142e-01,  3.11793525e-01],
       [ 4.80355215e-01,  1.21864706e+00, -2.27223951e+00,
         7.11651720e-01,  1.92233565e-01, -5.83977523e-01,
         5.27744841e+00,  1.76211739e+00, -3.52136613e-01,
        -1.78344039e-01, -1.00537225e+00,  3.67958710e-01,
         7.71156297e-02, -2.58062975e-01,  2.20360222e-01,
        -1.54645471e-01, -6.41672017e-02, -1.18025051e-01],
       [-8.56567197e-01,  1.48609730e+00, -7.27241855e-01,
         1.92233565e-01,  4.22241172e-01, -2.96907577e-01,
         1.86621625e+00,  1.93291822e+00, -3.66027765e-01,
         3.32629432e-01, -6.59215968e-01, -3.40555720e-01,
         2.61136198e-01, -2.18432576e-01,  1.22106061e-01,
        -1.20742921e-01, -4.98893156e-02,  2.06173139e-02],
       [ 1.90740964e+00, -1.31664403e+00,  3.81757500e+00,
        -5.83977523e-01, -2.96907577e-01,  1.30643193e+00,
        -6.59586816e+00, -1.58671024e+00,  2.47197328e+00,
        -3.72903234e-01,  1.37517567e+00, -8.48571256e-01,
        -6.58978422e-01,  2.57719121e-01, -2.62867575e-01,
         2.56754384e-01,  2.83501568e-01,  7.66698998e-03],
       [-3.83169628e+00,  1.03823262e+01, -2.15364388e+01,
         5.27744841e+00,  1.86621625e+00, -6.59586816e+00,
         4.76585516e+01,  1.36610422e+01, -7.70778633e+00,
         8.08890508e-01, -8.50034676e+00,  3.50572996e+00,
         2.23888535e+00, -2.34118981e+00,  1.67857889e+00,
        -1.65874960e+00, -1.17364215e+00, -6.36169441e-01],
       [-1.12345338e+00,  6.89149202e+00, -6.43214866e+00,
         1.76211739e+00,  1.93291822e+00, -1.58671024e+00,
         1.36610422e+01,  1.32300242e+01, -1.53642181e+00,
         1.35665640e+00, -3.96095258e+00, -3.49500137e-01,
         4.44596377e-01, -1.13899873e+00,  1.08133271e+00,
        -7.69347200e-01, -2.51166216e-01, -2.72075098e-01],
       [ 4.29597309e+00, -6.51732212e-01,  7.22149586e+00,
        -3.52136613e-01, -3.66027765e-01,  2.47197328e+00,
        -7.70778633e+00, -1.53642181e+00,  8.92024360e+00,
        -8.60682982e-01,  2.68968480e+00, -2.44927431e+00,
        -1.13548622e+00, -2.78992069e-01, -7.42110292e-01,
         3.93749438e-01,  4.28690963e-01, -1.89884163e-01],
       [-2.82316250e+00,  5.47385410e-01, -9.34700165e-01,
        -1.78344039e-01,  3.32629432e-01, -3.72903234e-01,
         8.08890508e-01,  1.35665640e+00, -8.60682982e-01,
         1.99599760e+00, -2.48679293e-01, -8.54045388e-02,
         4.08847544e-01, -1.91019613e-01,  7.12681078e-02,
        -1.30991230e-01, -3.62292487e-01, -3.64766837e-02],
       [ 9.39204986e-01, -2.87476081e+00,  5.50718442e+00,
        -1.00537225e+00, -6.59215968e-01,  1.37517567e+00,
        -8.50034676e+00, -3.96095258e+00,  2.68968480e+00,
        -2.48679293e-01,  3.40249745e+00, -1.20861068e+00,
        -4.35761103e-01,  1.86853087e-01, -8.19021213e-01,
         4.49105507e-01,  1.81970355e-01,  1.68801520e-02],
       [ 5.04871954e-01, -1.65374246e+00, -4.39097739e+00,
         3.67958710e-01, -3.40555720e-01, -8.48571256e-01,
         3.50572996e+00, -3.49500137e-01, -2.44927431e+00,
        -8.54045388e-02, -1.20861068e+00,  3.07197182e+00,
        -7.59933491e-02,  5.42160396e-01,  3.89292841e-01,
        -1.48992275e-02, -1.29140317e-01, -1.06836042e-01],
       [-2.37644818e+00,  8.73697693e-01, -1.12180831e+00,
         7.71156297e-02,  2.61136198e-01, -6.58978422e-01,
         2.23888535e+00,  4.44596377e-01, -1.13548622e+00,
         4.08847544e-01, -4.35761103e-01, -7.59933491e-02,
         7.55506453e-01, -2.13205495e-01,  2.34564269e-02,
        -8.97678350e-02, -2.46728013e-01,  1.64580532e-01],
       [ 5.78883876e-01, -1.15846991e+00,  4.06060101e-01,
        -2.58062975e-01, -2.18432576e-01,  2.57719121e-01,
        -2.34118981e+00, -1.13899873e+00, -2.78992069e-01,
        -1.91019613e-01,  1.86853087e-01,  5.42160396e-01,
        -2.13205495e-01,  3.68905514e-01,  1.22492710e-02,
         1.17049064e-01,  9.74933015e-02,  3.77006670e-02],
       [-2.32836636e-02,  4.47371284e-01, -1.36655596e+00,
         2.20360222e-01,  1.22106061e-01, -2.62867575e-01,
         1.67857889e+00,  1.08133271e+00, -7.42110292e-01,
         7.12681078e-02, -8.19021213e-01,  3.89292841e-01,
         2.34564269e-02,  1.22492710e-02,  2.71714838e-01,
        -1.04912618e-01, -4.34278607e-02,  3.11535204e-03],
       [ 3.96062927e-01, -5.95375164e-01,  8.34847052e-01,
        -1.54645471e-01, -1.20742921e-01,  2.56754384e-01,
        -1.65874960e+00, -7.69347200e-01,  3.93749438e-01,
        -1.30991230e-01,  4.49105507e-01, -1.48992275e-02,
        -8.97678350e-02,  1.17049064e-01, -1.04912618e-01,
         1.24750510e-01,  5.25896497e-02,  1.38529675e-02],
       [ 9.16286289e-01, -1.23158065e-01,  7.49385142e-01,
        -6.41672017e-02, -4.98893156e-02,  2.83501568e-01,
        -1.17364215e+00, -2.51166216e-01,  4.28690963e-01,
        -3.62292487e-01,  1.81970355e-01, -1.29140317e-01,
        -2.46728013e-01,  9.74933015e-02, -4.34278607e-02,
         5.25896497e-02,  1.68038543e-01, -1.81687580e-02],
       [-5.35006658e-01, -3.74701580e-02,  3.11793525e-01,
        -1.18025051e-01,  2.06173139e-02,  7.66698998e-03,
        -6.36169441e-01, -2.72075098e-01, -1.89884163e-01,
        -3.64766837e-02,  1.68801520e-02, -1.06836042e-01,
         1.64580532e-01,  3.77006670e-02,  3.11535204e-03,
         1.38529675e-02, -1.81687580e-02,  1.25259749e-01]])
      jac: array([-3.99275058e-05,  1.04930879e-05, -1.18022259e-05,  8.64203154e-05,
       -2.15114963e-05,  5.51129512e-05, -4.59336273e-06,  6.90558721e-07,
       -7.33450338e-06, -2.29050112e-05,  2.60717374e-07, -1.25849331e-05,
       -7.29694083e-05,  2.87640282e-05, -2.81861571e-05,  7.29966088e-05,
       -1.18040762e-05, -1.71695991e-05])
  message: 'Desired error not necessarily achieved due to precision loss.'
     nfev: 2196
      nit: 69
     njev: 115
   status: 2
  success: False
        x: array([ 0.31544693, -0.27087008,  0.36005099,  1.15951187, -0.50247791,
       -0.04030717,  1.46484342, -0.79392285, -0.91245682, -0.00543043,
        0.57426816,  0.9602028 ,  0.11724331,  0.20571246, -0.30841582,
       -1.13576239, -0.37865968,  0.04238104])
