Program Begingeth
      fun: 0.27790586634614967
 hess_inv: array([[ 8.64638635e+00,  2.31699792e+00, -4.22430861e+00,
         1.81253639e+00,  1.28112719e+00, -2.32885639e+00,
        -2.66695783e+00,  8.58801233e-01, -5.16868146e+00,
        -5.27400147e-01, -5.82000986e-01, -9.53843282e-02,
        -1.66515500e+00, -3.68691949e-01,  1.62078473e-02,
        -2.26620468e-01, -1.05304567e+00,  2.79337648e-01],
       [ 2.31699792e+00,  4.03997773e+00, -1.58219947e+00,
         6.75592150e-02,  1.62259858e+00, -7.57095158e-01,
        -2.70219157e+00,  3.29220243e+00, -5.19180484e-01,
        -2.22169436e-02, -5.60830000e-01, -1.07328458e+00,
        -6.37258306e-01, -4.21355903e-01,  2.86944981e-01,
         1.05188363e-01, -3.54367933e-01,  1.52202062e-01],
       [-4.22430861e+00, -1.58219947e+00,  2.18161168e+01,
         1.97053964e+00, -1.30479171e+00,  8.43980329e+00,
         2.86275685e+01, -9.31070643e+00,  1.22578695e+01,
         7.21980469e-01,  5.05879917e+00, -1.99378094e+00,
         1.47836911e+00, -1.29741324e-01, -1.19776733e+00,
        -2.03272370e-01,  1.38966147e+00, -1.62200588e-01],
       [ 1.81253639e+00,  6.75592150e-02,  1.97053964e+00,
         9.01578387e-01,  5.83398005e-02,  5.85799386e-01,
         4.10092053e+00, -1.27954333e+00,  8.46482964e-02,
        -7.41420250e-02,  5.29359658e-01, -1.57311097e-01,
        -1.91562432e-01, -3.61421775e-02, -1.76273574e-01,
        -9.92283412e-02, -5.17776060e-02,  4.45422393e-02],
       [ 1.28112719e+00,  1.62259858e+00, -1.30479171e+00,
         5.83398005e-02,  7.32436968e-01, -5.62387119e-01,
        -1.63494381e+00,  1.87248843e+00, -7.61144390e-01,
        -1.14212929e-01, -3.87323301e-01, -3.01458929e-01,
        -3.24712404e-01, -1.30379426e-01,  1.54631362e-01,
         2.22388145e-02, -1.96415617e-01,  7.32897503e-02],
       [-2.32885639e+00, -7.57095158e-01,  8.43980329e+00,
         5.85799386e-01, -5.62387119e-01,  3.38967230e+00,
         1.10780042e+01, -3.26668914e+00,  5.20737223e+00,
         2.09890084e-01,  1.80448756e+00, -7.11861122e-01,
         7.25041163e-01,  8.42579318e-03, -3.97925336e-01,
        -4.32857750e-02,  6.00770855e-01, -8.04642282e-02],
       [-2.66695783e+00, -2.70219157e+00,  2.86275685e+01,
         4.10092053e+00, -1.63494381e+00,  1.10780042e+01,
         4.51189126e+01, -1.24152926e+01,  1.40156733e+01,
         6.57996202e-01,  6.01879692e+00, -1.96941212e+00,
         1.68118769e+00,  2.57854764e-01, -1.48731711e+00,
        -4.36249217e-01,  1.73779132e+00, -1.00975397e-01],
       [ 8.58801233e-01,  3.29220243e+00, -9.31070643e+00,
        -1.27954333e+00,  1.87248843e+00, -3.26668914e+00,
        -1.24152926e+01,  1.05900165e+01, -4.14650998e+00,
        -7.72705504e-01, -2.57456759e+00,  1.28029372e-01,
        -4.41572840e-01, -4.42422369e-02,  9.71753999e-01,
         2.58268852e-01, -5.34763047e-01,  1.26015332e-01],
       [-5.16868146e+00, -5.19180484e-01,  1.22578695e+01,
         8.46482964e-02, -7.61144390e-01,  5.20737223e+00,
         1.40156733e+01, -4.14650998e+00,  1.09944053e+01,
         2.56444608e-01,  2.62535181e+00, -1.24604405e+00,
         1.26296466e+00, -2.24578989e-01, -5.69723986e-01,
         5.22770916e-02,  8.63502479e-01, -2.41520947e-01],
       [-5.27400147e-01, -2.22169436e-02,  7.21980469e-01,
        -7.41420250e-02, -1.14212929e-01,  2.09890084e-01,
         6.57996202e-01, -7.72705504e-01,  2.56444608e-01,
         8.68055075e-01,  8.85427183e-02, -8.35107490e-02,
        -8.96655072e-02,  1.64009130e-02,  1.44557647e-02,
         5.70551562e-04,  1.22744916e-01,  1.48721345e-01],
       [-5.82000986e-01, -5.60830000e-01,  5.05879917e+00,
         5.29359658e-01, -3.87323301e-01,  1.80448756e+00,
         6.01879692e+00, -2.57456759e+00,  2.62535181e+00,
         8.85427183e-02,  1.84450191e+00, -4.63092496e-01,
         2.78089883e-01, -1.90334043e-01, -4.91742911e-01,
        -9.30207093e-02,  2.69672921e-01, -1.50693899e-01],
       [-9.53843282e-02, -1.07328458e+00, -1.99378094e+00,
        -1.57311097e-01, -3.01458929e-01, -7.11861122e-01,
        -1.96941212e+00,  1.28029372e-01, -1.24604405e+00,
        -8.35107490e-02, -4.63092496e-01,  8.52685001e-01,
        -8.65912901e-03,  2.28177524e-01,  1.24568727e-02,
        -6.33665818e-02, -1.46897992e-02, -8.96208272e-03],
       [-1.66515500e+00, -6.37258306e-01,  1.47836911e+00,
        -1.91562432e-01, -3.24712404e-01,  7.25041163e-01,
         1.68118769e+00, -4.41572840e-01,  1.26296466e+00,
        -8.96655072e-02,  2.78089883e-01, -8.65912901e-03,
         4.56032284e-01,  9.19138145e-02, -5.24178488e-02,
         6.64061975e-02,  2.53992479e-01, -1.03152356e-01],
       [-3.68691949e-01, -4.21355903e-01, -1.29741324e-01,
        -3.61421775e-02, -1.30379426e-01,  8.42579318e-03,
         2.57854764e-01, -4.42422369e-02, -2.24578989e-01,
         1.64009130e-02, -1.90334043e-01,  2.28177524e-01,
         9.19138145e-02,  1.53306733e-01,  3.55968429e-02,
        -6.93969413e-03,  8.76542127e-02,  1.34756390e-02],
       [ 1.62078473e-02,  2.86944981e-01, -1.19776733e+00,
        -1.76273574e-01,  1.54631362e-01, -3.97925336e-01,
        -1.48731711e+00,  9.71753999e-01, -5.69723986e-01,
         1.44557647e-02, -4.91742911e-01,  1.24568727e-02,
        -5.24178488e-02,  3.55968429e-02,  1.87439710e-01,
         4.69150717e-02, -5.78103621e-02,  6.82275812e-02],
       [-2.26620468e-01,  1.05188363e-01, -2.03272370e-01,
        -9.92283412e-02,  2.22388145e-02, -4.32857750e-02,
        -4.36249217e-01,  2.58268852e-01,  5.22770916e-02,
         5.70551562e-04, -9.30207093e-02, -6.33665818e-02,
         6.64061975e-02, -6.93969413e-03,  4.69150717e-02,
         6.22517683e-02,  1.57260487e-02, -6.26331273e-03],
       [-1.05304567e+00, -3.54367933e-01,  1.38966147e+00,
        -5.17776060e-02, -1.96415617e-01,  6.00770855e-01,
         1.73779132e+00, -5.34763047e-01,  8.63502479e-01,
         1.22744916e-01,  2.69672921e-01, -1.46897992e-02,
         2.53992479e-01,  8.76542127e-02, -5.78103621e-02,
         1.57260487e-02,  2.24079114e-01, -2.89641955e-02],
       [ 2.79337648e-01,  1.52202062e-01, -1.62200588e-01,
         4.45422393e-02,  7.32897503e-02, -8.04642282e-02,
        -1.00975397e-01,  1.26015332e-01, -2.41520947e-01,
         1.48721345e-01, -1.50693899e-01, -8.96208272e-03,
        -1.03152356e-01,  1.34756390e-02,  6.82275812e-02,
        -6.26331273e-03, -2.89641955e-02,  8.92571398e-02]])
      jac: array([ 1.97249624e-07,  1.21384384e-07, -3.26035495e-07, -3.70814490e-07,
       -7.66053887e-08,  5.38458167e-07,  4.69994414e-08, -7.88258348e-08,
       -3.88578059e-08,  9.32587341e-08,  3.16413562e-07, -9.65894032e-08,
        3.63783078e-07,  3.84877315e-07,  3.08271927e-07, -7.95289760e-07,
       -9.25185854e-09, -8.14163551e-08])
  message: 'Optimization terminated successfully.'
     nfev: 1672
      nit: 80
     njev: 88
   status: 0
  success: True
        x: array([-0.70061474, -0.88206768,  0.1842776 , -1.19549913, -0.95078012,
       -0.03212205, -1.51151591, -1.26157747, -0.98595808,  0.12646684,
        0.50842024,  1.12700005,  0.08683518,  0.19481372, -0.27621581,
        1.34380296, -0.30580885,  0.01908154])
