Program Begingeth
      fun: 0.2671852355108057
 hess_inv: array([[ 6.85175129e+00, -1.06000848e+00,  1.58516733e+00,
         2.68393740e+00, -6.35085768e-01,  7.66685917e-01,
         4.29766771e+00, -5.45110508e-01, -7.40210765e+00,
         5.10288770e-01, -4.63796380e-01,  4.87211200e-01,
        -6.62074117e-01,  2.88487519e-01,  1.09700005e-02,
        -1.02179186e-01,  4.63940133e-01, -6.76610030e-01],
       [-1.06000848e+00,  3.45755789e+00,  2.44538624e-01,
        -5.29094611e-02,  1.48214584e+00, -6.74728665e-01,
         1.05502819e+00,  8.97028924e-01, -2.53355769e+00,
        -4.72381224e-01,  5.61628007e-01, -1.12743392e+00,
         5.40963911e-01, -2.96639415e-01, -2.77951746e-01,
         1.59820772e-01, -1.94165952e-01,  9.83023840e-02],
       [ 1.58516733e+00,  2.44538624e-01,  1.73663136e+00,
         6.76521685e-01,  2.56601498e-01,  6.40051007e-01,
         2.54104454e+00,  9.54540064e-01, -1.89852534e+00,
         1.54792290e-01,  3.74114305e-01,  4.45827218e-02,
        -9.82347833e-02,  1.73206232e-01, -9.92592288e-02,
         1.42944894e-01,  2.31068771e-01, -1.82371847e-01],
       [ 2.68393740e+00, -5.29094611e-02,  6.76521685e-01,
         1.20296110e+00, -9.42511478e-02,  2.48907156e-01,
         2.43356215e+00, -5.00052006e-01, -3.33756252e+00,
         2.64917148e-01, -1.59157283e-01,  8.36149759e-02,
        -1.36135998e-01,  5.92620694e-02,  4.43874841e-03,
         1.21016189e-02,  8.16386721e-02, -2.37613601e-01],
       [-6.35085768e-01,  1.48214584e+00,  2.56601498e-01,
        -9.42511478e-02,  7.15044140e-01, -2.22108065e-01,
         5.70263620e-01,  8.22166090e-01, -7.44484390e-01,
        -2.21613667e-01,  3.10654990e-01, -4.07624186e-01,
         2.71074269e-01, -9.12132355e-02, -1.42202881e-01,
         1.25180712e-01, -7.79314982e-02,  6.08812750e-02],
       [ 7.66685917e-01, -6.74728665e-01,  6.40051007e-01,
         2.48907156e-01, -2.22108065e-01,  4.57586268e-01,
         7.73536263e-01,  1.03825687e-01,  1.89358694e-01,
         2.05833142e-01, -5.04598957e-02,  2.92915558e-01,
        -1.58791208e-01,  1.61202594e-01,  5.27117686e-02,
         2.10282275e-02,  1.33246159e-01, -7.88999540e-02],
       [ 4.29766771e+00,  1.05502819e+00,  2.54104454e+00,
         2.43356215e+00,  5.70263620e-01,  7.73536263e-01,
         8.43809927e+00, -6.66494903e-01, -6.50900300e+00,
         8.14044763e-01,  2.86107588e-01,  7.64691263e-02,
         1.11766247e-01,  1.15741726e-01, -1.31249003e-01,
         3.22281537e-01,  5.69082591e-04, -3.79806557e-01],
       [-5.45110508e-01,  8.97028924e-01,  9.54540064e-01,
        -5.00052006e-01,  8.22166090e-01,  1.03825687e-01,
        -6.66494903e-01,  5.04581145e+00,  2.25608211e-01,
        -7.86179888e-01,  6.31511342e-01, -1.02301288e-02,
         5.48947314e-02,  1.45311252e-01, -3.27065262e-01,
         1.65153466e-01,  2.68086393e-01, -2.22459183e-02],
       [-7.40210765e+00, -2.53355769e+00, -1.89852534e+00,
        -3.33756252e+00, -7.44484390e-01,  1.89358694e-01,
        -6.50900300e+00,  2.25608211e-01,  1.46525820e+01,
        -3.28987664e-01, -2.05207513e-01,  7.94226989e-01,
         2.89302501e-01,  1.60918028e-01,  3.59462193e-01,
         4.26479636e-02, -2.51562737e-01,  7.72900366e-01],
       [ 5.10288770e-01, -4.72381224e-01,  1.54792290e-01,
         2.64917148e-01, -2.21613667e-01,  2.05833142e-01,
         8.14044763e-01, -7.86179888e-01, -3.28987664e-01,
         7.48001824e-01, -2.75672231e-02,  1.43355917e-01,
        -1.68873477e-01, -5.83400162e-03, -7.06798298e-03,
         4.40509548e-04, -5.78837480e-02, -1.91990250e-01],
       [-4.63796380e-01,  5.61628007e-01,  3.74114305e-01,
        -1.59157283e-01,  3.10654990e-01, -5.04598957e-02,
         2.86107588e-01,  6.31511342e-01, -2.05207513e-01,
        -2.75672231e-02,  6.64634953e-01, -2.43670866e-01,
         8.57986615e-02, -1.19748700e-01, -1.98957289e-01,
         9.28963650e-02, -6.45463910e-03, -8.70360581e-02],
       [ 4.87211200e-01, -1.12743392e+00,  4.45827218e-02,
         8.36149759e-02, -4.07624186e-01,  2.92915558e-01,
         7.64691263e-02, -1.02301288e-02,  7.94226989e-01,
         1.43355917e-01, -2.43670866e-01,  6.84221788e-01,
        -1.38704604e-01,  2.01852447e-01,  5.86800839e-02,
         2.90110394e-02,  1.18167255e-01, -1.16334622e-02],
       [-6.62074117e-01,  5.40963911e-01, -9.82347833e-02,
        -1.36135998e-01,  2.71074269e-01, -1.58791208e-01,
         1.11766247e-01,  5.48947314e-02,  2.89302501e-01,
        -1.68873477e-01,  8.57986615e-02, -1.38704604e-01,
         2.44591915e-01, -6.68650528e-02, -1.31237569e-02,
         1.03319257e-01, -1.22068951e-01,  1.27370299e-01],
       [ 2.88487519e-01, -2.96639415e-01,  1.73206232e-01,
         5.92620694e-02, -9.12132355e-02,  1.61202594e-01,
         1.15741726e-01,  1.45311252e-01,  1.60918028e-01,
        -5.83400162e-03, -1.19748700e-01,  2.01852447e-01,
        -6.68650528e-02,  1.24830869e-01,  3.29370559e-02,
         3.61892745e-03,  1.04691226e-01,  1.90285096e-03],
       [ 1.09700005e-02, -2.77951746e-01, -9.92592288e-02,
         4.43874841e-03, -1.42202881e-01,  5.27117686e-02,
        -1.31249003e-01, -3.27065262e-01,  3.59462193e-01,
        -7.06798298e-03, -1.98957289e-01,  5.86800839e-02,
        -1.31237569e-02,  3.29370559e-02,  1.11444480e-01,
        -3.36195860e-02, -1.24741199e-02,  7.53751356e-02],
       [-1.02179186e-01,  1.59820772e-01,  1.42944894e-01,
         1.21016189e-02,  1.25180712e-01,  2.10282275e-02,
         3.22281537e-01,  1.65153466e-01,  4.26479636e-02,
         4.40509548e-04,  9.28963650e-02,  2.90110394e-02,
         1.03319257e-01,  3.61892745e-03, -3.36195860e-02,
         1.02546399e-01, -2.98217795e-02,  1.90957968e-02],
       [ 4.63940133e-01, -1.94165952e-01,  2.31068771e-01,
         8.16386721e-02, -7.79314982e-02,  1.33246159e-01,
         5.69082591e-04,  2.68086393e-01, -2.51562737e-01,
        -5.78837480e-02, -6.45463910e-03,  1.18167255e-01,
        -1.22068951e-01,  1.04691226e-01, -1.24741199e-02,
        -2.98217795e-02,  1.65832377e-01, -5.39279831e-02],
       [-6.76610030e-01,  9.83023840e-02, -1.82371847e-01,
        -2.37613601e-01,  6.08812750e-02, -7.88999540e-02,
        -3.79806557e-01, -2.22459183e-02,  7.72900366e-01,
        -1.91990250e-01, -8.70360581e-02, -1.16334622e-02,
         1.27370299e-01,  1.90285096e-03,  7.53751356e-02,
         1.90957968e-02, -5.39279831e-02,  1.78439833e-01]])
      jac: array([ 1.67880524e-05,  5.56998892e-06, -1.39654954e-05, -4.40399569e-05,
       -3.03120492e-05,  2.66087152e-05,  6.95739762e-06,  5.83607237e-07,
       -1.37741670e-06, -8.10203756e-06, -1.09627122e-05, -2.80486745e-05,
       -3.25484084e-05,  7.05583740e-06, -6.71055804e-05,  5.71202345e-05,
       -5.91378798e-06,  4.80911607e-05])
  message: 'Desired error not necessarily achieved due to precision loss.'
     nfev: 2443
      nit: 85
     njev: 128
   status: 2
  success: False
        x: array([ 0.84588343, -1.0878994 ,  0.71603594,  1.13267849, -1.06758303,
        0.31911401,  2.06682387, -0.80005978,  0.84659013,  0.06948475,
        0.57162815,  1.24309109,  0.03612966,  0.13827139, -0.32743057,
       -0.93380621, -0.44881852, -0.02190992])
