Program Begingeth
      fun: 0.32305272241491634
 hess_inv: array([[ 1.60590118e+01, -2.10876752e+00, -3.09710371e-01,
         2.93010365e+00, -2.33781471e+00,  5.42325087e-01,
         3.55906671e+00, -2.03756211e+00,  4.78964251e+00,
        -2.10589245e+00, -2.86234032e-02,  4.40767850e-01,
        -3.59480125e+00,  5.38056878e-02,  2.84861461e-02,
        -6.69345550e-02,  1.90678572e+00, -2.83203738e-01],
       [-2.10876752e+00,  3.06580967e+00, -1.16108290e-01,
        -7.96274091e-02,  1.14898955e+00,  1.06565352e-01,
         3.55818916e-01,  2.53612332e+00,  6.56220028e-01,
         5.20194111e-01, -2.12357493e-01, -1.12599800e+00,
         5.19219323e-01, -3.57984063e-01,  4.03523235e-01,
        -1.98192997e-01, -1.40875469e-01,  6.00118774e-02],
       [-3.09710371e-01, -1.16108290e-01,  3.12907538e+00,
        -4.00896982e-01, -2.77760496e-01,  8.43496573e-01,
        -3.27820334e+00, -2.14107791e+00,  1.05443901e+00,
        -6.16039477e-02,  1.09125036e+00, -3.26136763e-01,
        -5.28122237e-02, -3.38818271e-01, -3.64749646e-01,
        -2.42395360e-02, -1.97624854e-02,  1.39328628e-01],
       [ 2.93010365e+00, -7.96274091e-02, -4.00896982e-01,
         6.90145825e-01, -3.11181405e-01,  9.48950424e-04,
         1.55878333e+00, -2.07815543e-02,  9.99347336e-01,
        -3.72754305e-01, -6.78138111e-02, -4.64396028e-02,
        -5.62263569e-01, -3.59019906e-02,  6.11338362e-02,
        -4.18875045e-03,  3.12979988e-01, -6.51685469e-02],
       [-2.33781471e+00,  1.14898955e+00, -2.77760496e-01,
        -3.11181405e-01,  6.74723768e-01, -8.00342686e-02,
        -4.12786307e-02,  1.54281956e+00, -4.09632950e-01,
         4.85343132e-01, -1.65165848e-01, -2.94192999e-01,
         5.36744742e-01, -4.97795029e-02,  1.55815140e-01,
        -3.13686250e-02, -2.43344630e-01,  3.52574493e-02],
       [ 5.42325087e-01,  1.06565352e-01,  8.43496573e-01,
         9.48950424e-04, -8.00342686e-02,  3.56752755e-01,
        -9.24510766e-01, -2.26746466e-01,  8.50756310e-01,
         9.33127082e-02,  1.56098045e-01, -1.31700364e-01,
        -2.10196879e-01, -9.20165141e-02, -7.58605719e-03,
        -3.90548483e-02,  7.22981017e-02,  2.64861563e-02],
       [ 3.55906671e+00,  3.55818916e-01, -3.27820334e+00,
         1.55878333e+00, -4.12786307e-02, -9.24510766e-01,
         8.13478175e+00,  1.68097704e+00,  6.82089084e-01,
        -3.25809490e-01, -4.70778052e-01, -3.02963702e-02,
        -3.82294400e-01, -8.62756386e-03,  2.11468748e-01,
         4.33654222e-02,  2.60134658e-01, -2.68242408e-01],
       [-2.03756211e+00,  2.53612332e+00, -2.14107791e+00,
        -2.07815543e-02,  1.54281956e+00, -2.26746466e-01,
         1.68097704e+00,  7.55403427e+00,  2.35820949e-02,
         1.50090200e+00, -8.90445881e-01, -4.47709648e-01,
         2.78609332e-01,  2.87360808e-02,  7.04766113e-01,
        -1.45189638e-01, -1.86592573e-01, -8.61644219e-02],
       [ 4.78964251e+00,  6.56220028e-01,  1.05443901e+00,
         9.99347336e-01, -4.09632950e-01,  8.50756310e-01,
         6.82089084e-01,  2.35820949e-02,  5.01974920e+00,
        -1.36184276e-01,  2.67570479e-01, -4.11524299e-01,
        -1.09272454e+00, -3.99299834e-01,  7.49760442e-02,
        -1.17687915e-01,  4.80054806e-01, -1.12926122e-01],
       [-2.10589245e+00,  5.20194111e-01, -6.16039477e-02,
        -3.72754305e-01,  4.85343132e-01,  9.33127082e-02,
        -3.25809490e-01,  1.50090200e+00, -1.36184276e-01,
         1.46574985e+00,  5.97851438e-02, -1.27602397e-01,
         1.97354521e-01, -5.46695808e-02,  4.91751518e-02,
        -1.19224264e-02, -2.89954099e-01, -1.53739141e-01],
       [-2.86234032e-02, -2.12357493e-01,  1.09125036e+00,
        -6.78138111e-02, -1.65165848e-01,  1.56098045e-01,
        -4.70778052e-01, -8.90445881e-01,  2.67570479e-01,
         5.97851438e-02,  1.09468438e+00, -1.29338705e-01,
        -1.41702389e-02, -2.84476230e-01, -3.54975366e-01,
         3.12948254e-02, -3.94020826e-02, -9.61451010e-02],
       [ 4.40767850e-01, -1.12599800e+00, -3.26136763e-01,
        -4.64396028e-02, -2.94192999e-01, -1.31700364e-01,
        -3.02963702e-02, -4.47709648e-01, -4.11524299e-01,
        -1.27602397e-01, -1.29338705e-01,  8.49319584e-01,
        -1.07801853e-01,  2.81715505e-01, -1.64691571e-01,
         1.27406699e-01,  6.98541772e-02, -1.16782748e-02],
       [-3.59480125e+00,  5.19219323e-01, -5.28122237e-02,
        -5.62263569e-01,  5.36744742e-01, -2.10196879e-01,
        -3.82294400e-01,  2.78609332e-01, -1.09272454e+00,
         1.97354521e-01, -1.41702389e-02, -1.07801853e-01,
         9.65095081e-01, -2.04365609e-02, -1.16800679e-02,
         6.63227053e-02, -4.53185772e-01,  1.04272739e-01],
       [ 5.38056878e-02, -3.57984063e-01, -3.38818271e-01,
        -3.59019906e-02, -4.97795029e-02, -9.20165141e-02,
        -8.62756386e-03,  2.87360808e-02, -3.99299834e-01,
        -5.46695808e-02, -2.84476230e-01,  2.81715505e-01,
        -2.04365609e-02,  1.89786952e-01,  2.97268334e-02,
         3.53710326e-02,  4.17172468e-02,  2.37658487e-02],
       [ 2.84861461e-02,  4.03523235e-01, -3.64749646e-01,
         6.11338362e-02,  1.55815140e-01, -7.58605719e-03,
         2.11468748e-01,  7.04766113e-01,  7.49760442e-02,
         4.91751518e-02, -3.54975366e-01, -1.64691571e-01,
        -1.16800679e-02,  2.97268334e-02,  2.05366409e-01,
        -4.93779471e-02,  1.66069751e-02,  4.10109694e-02],
       [-6.69345550e-02, -1.98192997e-01, -2.42395360e-02,
        -4.18875045e-03, -3.13686250e-02, -3.90548483e-02,
         4.33654222e-02, -1.45189638e-01, -1.17687915e-01,
        -1.19224264e-02,  3.12948254e-02,  1.27406699e-01,
         6.63227053e-02,  3.53710326e-02, -4.93779471e-02,
         6.50178147e-02, -2.51730506e-02, -1.45553405e-04],
       [ 1.90678572e+00, -1.40875469e-01, -1.97624854e-02,
         3.12979988e-01, -2.43344630e-01,  7.22981017e-02,
         2.60134658e-01, -1.86592573e-01,  4.80054806e-01,
        -2.89954099e-01, -3.94020826e-02,  6.98541772e-02,
        -4.53185772e-01,  4.17172468e-02,  1.66069751e-02,
        -2.51730506e-02,  2.88863908e-01, -1.81054210e-02],
       [-2.83203738e-01,  6.00118774e-02,  1.39328628e-01,
        -6.51685469e-02,  3.52574493e-02,  2.64861563e-02,
        -2.68242408e-01, -8.61644219e-02, -1.12926122e-01,
        -1.53739141e-01, -9.61451010e-02, -1.16782748e-02,
         1.04272739e-01,  2.37658487e-02,  4.10109694e-02,
        -1.45553405e-04, -1.81054210e-02,  8.96418562e-02]])
      jac: array([ 9.95129905e-07, -1.25640239e-06, -1.94363044e-06, -1.07987693e-06,
        1.48066744e-06,  5.07519952e-06,  1.43588845e-07, -1.37667655e-07,
       -3.06421555e-07,  1.37408603e-06,  2.43138842e-07,  3.17893859e-07,
        5.77686047e-06, -3.07383748e-06, -2.45618341e-06, -5.04855417e-06,
        6.02629058e-06,  2.85179288e-06])
  message: 'Optimization terminated successfully.'
     nfev: 1919
      nit: 89
     njev: 101
   status: 0
  success: True
        x: array([ 0.53274465, -0.82220436, -0.01419151,  1.34533782, -0.80696195,
       -0.11140075,  1.96607062, -0.98490054, -1.07196932, -0.01311341,
        0.40723461,  1.11620609,  0.08268741,  0.12172144, -0.26200176,
       -1.27320561, -0.64519038,  0.02203974])
