Program Begingeth
      fun: 0.3087941370377379
 hess_inv: array([[ 4.86227376e+00, -1.29475322e+00, -3.57284990e+00,
         2.14592287e+00, -5.45791874e-01, -1.14089701e+00,
         6.17545744e+00,  2.67280953e+00,  4.90170717e-01,
        -2.69388025e-02, -9.37791526e-01, -6.91035060e-02,
        -4.96575490e-01,  1.69833253e-01,  2.80322937e-01,
        -2.64247475e-01,  2.29705330e-01, -7.05633904e-02],
       [-1.29475322e+00,  3.24099335e+00,  1.37740043e+00,
        -3.42095745e-01,  1.35585391e+00,  5.22670426e-01,
        -1.19329347e+00,  1.02738205e+00,  1.20751037e+00,
        -1.05699881e-01,  3.43031699e-01, -7.29210220e-01,
         3.41144123e-01, -2.71444790e-01,  8.96743043e-02,
         4.02277914e-02, -1.74396375e-01,  8.56268514e-02],
       [-3.57284990e+00,  1.37740043e+00,  2.54423226e+01,
        -4.11168792e+00, -3.80445347e-01,  1.03836229e+01,
        -3.16625759e+01, -1.35209211e+01,  9.20802080e+00,
         1.05986733e+00,  4.90828432e+00, -1.38160634e+00,
        -6.25564919e-01, -7.81511411e-01, -6.92334831e-01,
         1.02188030e-01,  4.56343284e-01, -1.34880171e-01],
       [ 2.14592287e+00, -3.42095745e-01, -4.11168792e+00,
         1.30332567e+00, -4.44836369e-02, -1.57327608e+00,
         6.21469265e+00,  2.56422322e+00, -6.53095985e-01,
        -1.44236940e-01, -8.21571606e-01,  4.51136871e-02,
        -5.62519263e-02,  9.35295946e-02,  1.75860973e-01,
        -9.46500183e-02, -6.08412690e-03, -6.40084681e-03],
       [-5.45791874e-01,  1.35585391e+00, -3.80445347e-01,
        -4.44836369e-02,  6.41993970e-01, -1.69908694e-01,
         5.62568580e-01,  1.21679315e+00,  6.99499260e-02,
        -4.79745740e-02, -5.41956206e-02, -2.14908751e-01,
         1.81128133e-01, -6.56726704e-02,  7.02548404e-02,
         2.86464961e-02, -9.35997859e-02,  5.04686548e-02],
       [-1.14089701e+00,  5.22670426e-01,  1.03836229e+01,
        -1.57327608e+00, -1.69908694e-01,  4.30595227e+00,
        -1.29442098e+01, -5.27315236e+00,  4.07207245e+00,
         5.17262851e-01,  1.86972455e+00, -5.75492223e-01,
        -3.20203080e-01, -2.93043125e-01, -2.33540167e-01,
         1.29356803e-02,  2.02992082e-01, -5.24898094e-02],
       [ 6.17545744e+00, -1.19329347e+00, -3.16625759e+01,
         6.21469265e+00,  5.62568580e-01, -1.29442098e+01,
         4.45090860e+01,  1.70398161e+01, -9.91538845e+00,
        -1.20332581e+00, -5.44313900e+00,  1.23471730e+00,
         7.24238115e-01,  6.22132326e-01,  7.51268061e-01,
        -1.97594038e-01, -6.36851749e-01,  5.41772454e-02],
       [ 2.67280953e+00,  1.02738205e+00, -1.35209211e+01,
         2.56422322e+00,  1.21679315e+00, -5.27315236e+00,
         1.70398161e+01,  1.21109696e+01, -3.86903375e+00,
        -1.08367450e-01, -2.85468358e+00,  2.90174052e-01,
         2.15258778e-01,  3.82835884e-01,  6.95252363e-01,
        -1.48181709e-01, -2.66340940e-01,  1.46310268e-01],
       [ 4.90170717e-01,  1.20751037e+00,  9.20802080e+00,
        -6.53095985e-01,  6.99499260e-02,  4.07207245e+00,
        -9.91538845e+00, -3.86903375e+00,  6.63640117e+00,
         6.23260340e-01,  1.58706436e+00, -8.15942488e-01,
        -3.85508351e-01, -4.39381986e-01, -1.37761552e-01,
        -9.07775967e-02,  1.15420199e-01, -1.00782217e-01],
       [-2.69388025e-02, -1.05699881e-01,  1.05986733e+00,
        -1.44236940e-01, -4.79745740e-02,  5.17262851e-01,
        -1.20332581e+00, -1.08367450e-01,  6.23260340e-01,
         9.97930854e-01,  2.04174625e-01, -8.31693509e-02,
        -2.92777423e-01, -3.71323193e-02, -1.02296985e-01,
        -3.37414853e-02,  3.23495013e-03, -2.12119247e-01],
       [-9.37791526e-01,  3.43031699e-01,  4.90828432e+00,
        -8.21571606e-01, -5.41956206e-02,  1.86972455e+00,
        -5.44313900e+00, -2.85468358e+00,  1.58706436e+00,
         2.04174625e-01,  1.69033971e+00, -3.19348424e-01,
        -6.48392741e-02, -3.38886595e-01, -3.15265104e-01,
         5.87515361e-02,  5.05538992e-02, -1.36467610e-01],
       [-6.91035060e-02, -7.29210220e-01, -1.38160634e+00,
         4.51136871e-02, -2.14908751e-01, -5.75492223e-01,
         1.23471730e+00,  2.90174052e-01, -8.15942488e-01,
        -8.31693509e-02, -3.19348424e-01,  5.92786033e-01,
         5.53821936e-02,  1.60051752e-01, -5.30252441e-02,
         6.72767841e-02,  2.84723547e-02,  2.75823913e-02],
       [-4.96575490e-01,  3.41144123e-01, -6.25564919e-01,
        -5.62519263e-02,  1.81128133e-01, -3.20203080e-01,
         7.24238115e-01,  2.15258778e-01, -3.85508351e-01,
        -2.92777423e-01, -6.48392741e-02,  5.53821936e-02,
         2.22096441e-01, -1.39852051e-02,  9.24430886e-03,
         7.82981940e-02, -7.22480490e-02,  7.38780991e-02],
       [ 1.69833253e-01, -2.71444790e-01, -7.81511411e-01,
         9.35295946e-02, -6.56726704e-02, -2.93043125e-01,
         6.22132326e-01,  3.82835884e-01, -4.39381986e-01,
        -3.71323193e-02, -3.38886595e-01,  1.60051752e-01,
        -1.39852051e-02,  1.28067204e-01,  5.15025837e-02,
        -3.80850742e-03,  4.31838482e-02,  3.28308195e-02],
       [ 2.80322937e-01,  8.96743043e-02, -6.92334831e-01,
         1.75860973e-01,  7.02548404e-02, -2.33540167e-01,
         7.51268061e-01,  6.95252363e-01, -1.37761552e-01,
        -1.02296985e-01, -3.15265104e-01, -5.30252441e-02,
         9.24430886e-03,  5.15025837e-02,  1.27784657e-01,
        -3.00405219e-02, -3.94650394e-03,  7.07397707e-02],
       [-2.64247475e-01,  4.02277914e-02,  1.02188030e-01,
        -9.46500183e-02,  2.86464961e-02,  1.29356803e-02,
        -1.97594038e-01, -1.48181709e-01, -9.07775967e-02,
        -3.37414853e-02,  5.87515361e-02,  6.72767841e-02,
         7.82981940e-02, -3.80850742e-03, -3.00405219e-02,
         6.26889086e-02, -1.69860711e-02,  1.12429358e-02],
       [ 2.29705330e-01, -1.74396375e-01,  4.56343284e-01,
        -6.08412690e-03, -9.35997859e-02,  2.02992082e-01,
        -6.36851749e-01, -2.66340940e-01,  1.15420199e-01,
         3.23495013e-03,  5.05538992e-02,  2.84723547e-02,
        -7.22480490e-02,  4.31838482e-02, -3.94650394e-03,
        -1.69860711e-02,  8.16099900e-02, -2.45654292e-03],
       [-7.05633904e-02,  8.56268514e-02, -1.34880171e-01,
        -6.40084681e-03,  5.04686548e-02, -5.24898094e-02,
         5.41772454e-02,  1.46310268e-01, -1.00782217e-01,
        -2.12119247e-01, -1.36467610e-01,  2.75823913e-02,
         7.38780991e-02,  3.28308195e-02,  7.07397707e-02,
         1.12429358e-02, -2.45654292e-03,  9.48992242e-02]])
      jac: array([ 7.51880040e-06, -5.91489820e-06, -8.89288643e-07, -1.70741199e-05,
        1.61504143e-05,  6.00260582e-07,  9.37768382e-07, -1.27120536e-06,
        4.99970436e-07,  3.19781239e-06, -3.60119342e-06, -2.60051240e-06,
        1.04712535e-05, -8.49135577e-06, -8.05688849e-06, -2.01098397e-06,
        8.33703477e-06,  6.79937588e-06])
  message: 'Desired error not necessarily achieved due to precision loss.'
     nfev: 2292
      nit: 74
     njev: 120
   status: 2
  success: False
        x: array([ 1.13914892e+00, -1.32845361e+00,  8.57940865e-02,  1.49923714e+00,
       -1.25734592e+00, -4.82405445e-02,  1.84758878e+00, -1.48096862e+00,
       -1.06752743e+00,  2.59331421e-02,  4.29253896e-01,  1.14423442e+00,
        5.76372052e-05,  1.88970570e-01, -2.50563024e-01, -1.34941176e+00,
       -2.00225701e-01,  1.79180978e-02])
