Program Begingeth
      fun: 0.4227517092121516
 hess_inv: array([[ 6.53507080e+00, -2.01025904e-01,  6.39932720e-01,
         2.81163859e+00,  4.50985251e-02,  9.35645149e-01,
         2.94187182e+00,  3.37865646e-01,  4.92460905e+00,
         1.00021735e-01, -6.15122155e-01,  8.03903460e-01,
        -4.05481774e-02,  4.19394362e-01,  3.60723136e-01,
         1.73258859e-01,  2.36144793e-01,  2.91466339e-01],
       [-2.01025904e-01,  3.62351114e+00,  1.85635258e-04,
        -9.10230765e-02,  1.68291396e+00, -1.95566265e-01,
        -1.99229734e+00,  3.89515296e-01,  2.52267176e+00,
        -1.54325179e+00, -2.11135083e-01, -8.59593178e-02,
         5.37958262e-01,  1.61708344e-01, -1.08305869e-01,
         9.77835243e-02, -1.98560062e-02,  3.40932970e-01],
       [ 6.39932720e-01,  1.85635258e-04,  2.13247597e+00,
         1.43760202e-01, -6.92281868e-02,  1.03437311e+00,
         2.74455351e+00, -1.90234634e+00,  7.81797101e-01,
        -2.99356080e-01, -1.24523728e-02,  2.82572335e-01,
        -1.70820995e-01,  2.51121723e-01,  3.07861550e-02,
         1.18192025e-01,  2.55494344e-01,  1.15976104e-02],
       [ 2.81163859e+00, -9.10230765e-02,  1.43760202e-01,
         1.23907989e+00,  3.81497885e-02,  3.35075488e-01,
         7.36585379e-01,  3.73545519e-01,  2.07584251e+00,
         4.37255372e-02, -2.80711989e-01,  2.79001730e-01,
         4.38823390e-02,  1.54623877e-01,  1.75980044e-01,
         7.20821244e-02,  5.37957953e-02,  1.46895785e-01],
       [ 4.50985251e-02,  1.68291396e+00, -6.92281868e-02,
         3.81497885e-02,  8.67111046e-01, -1.28915803e-01,
        -2.91151286e+00,  5.24222423e-01,  1.36690113e+00,
        -6.71799099e-01, -1.19979934e-01, -1.00849473e-01,
         3.83302849e-01,  5.90572029e-02, -7.84447467e-03,
         2.53059807e-02, -1.22285859e-01,  2.30024649e-01],
       [ 9.35645149e-01, -1.95566265e-01,  1.03437311e+00,
         3.35075488e-01, -1.28915803e-01,  6.04438500e-01,
         2.27628406e+00, -8.46548153e-01,  7.74679541e-01,
         4.38904726e-02, -8.36172700e-02,  2.24581147e-01,
        -1.81706613e-01,  1.63236371e-01,  6.26059923e-02,
         6.32965508e-02,  1.81276242e-01, -4.66947275e-03],
       [ 2.94187182e+00, -1.99229734e+00,  2.74455351e+00,
         7.36585379e-01, -2.91151286e+00,  2.27628406e+00,
         6.51268878e+01, -6.90365092e+00, -1.71809120e+00,
         5.53594691e-02,  2.99112615e-01,  2.94459735e+00,
        -4.26308954e+00,  1.21886093e+00, -9.24534117e-01,
         9.81765674e-01,  4.00643332e+00, -2.11862455e+00],
       [ 3.37865646e-01,  3.89515296e-01, -1.90234634e+00,
         3.73545519e-01,  5.24222423e-01, -8.46548153e-01,
        -6.90365092e+00,  6.99366896e+00,  1.94528469e+00,
         4.31485203e-01,  1.76232745e-01, -1.35649921e+00,
         3.86693456e-01, -3.28742666e-01,  2.99679673e-01,
        -3.16062669e-01, -2.40337652e-01,  2.45508800e-01],
       [ 4.92460905e+00,  2.52267176e+00,  7.81797101e-01,
         2.07584251e+00,  1.36690113e+00,  7.74679541e-01,
        -1.71809120e+00,  1.94528469e+00,  1.06132507e+01,
        -9.22195505e-01,  4.94563848e-01,  5.82384991e-02,
         4.27366650e-01,  1.57649421e-01,  2.06870366e-01,
         1.49254874e-01,  1.14029824e-01,  6.91839503e-01],
       [ 1.00021735e-01, -1.54325179e+00, -2.99356080e-01,
         4.37255372e-02, -6.71799099e-01,  4.38904726e-02,
         5.53594691e-02,  4.31485203e-01, -9.22195505e-01,
         1.94146294e+00,  2.50105235e-01, -8.33762176e-02,
        -4.98966581e-01, -1.55445416e-01, -2.73450356e-03,
        -1.03344500e-01, -7.16886310e-02, -3.53267998e-01],
       [-6.15122155e-01, -2.11135083e-01, -1.24523728e-02,
        -2.80711989e-01, -1.19979934e-01, -8.36172700e-02,
         2.99112615e-01,  1.76232745e-01,  4.94563848e-01,
         2.50105235e-01,  9.33142088e-01, -1.65670555e-01,
        -9.24405315e-02, -2.39689107e-01, -1.84514904e-01,
         7.79461302e-03,  1.01081367e-02, -1.65523939e-01],
       [ 8.03903460e-01, -8.59593178e-02,  2.82572335e-01,
         2.79001730e-01, -1.00849473e-01,  2.24581147e-01,
         2.94459735e+00, -1.35649921e+00,  5.82384991e-02,
        -8.33762176e-02, -1.65670555e-01,  7.91589629e-01,
        -1.47626055e-01,  2.06738048e-01, -1.08860933e-01,
         1.33250307e-01,  2.00158279e-01, -5.19917780e-02],
       [-4.05481774e-02,  5.37958262e-01, -1.70820995e-01,
         4.38823390e-02,  3.83302849e-01, -1.81706613e-01,
        -4.26308954e+00,  3.86693456e-01,  4.27366650e-01,
        -4.98966581e-01, -9.24405315e-02, -1.47626055e-01,
         4.64797173e-01, -4.29647553e-02,  6.47625389e-02,
         6.71058798e-03, -2.65578757e-01,  2.39356232e-01],
       [ 4.19394362e-01,  1.61708344e-01,  2.51121723e-01,
         1.54623877e-01,  5.90572029e-02,  1.63236371e-01,
         1.21886093e+00, -3.28742666e-01,  1.57649421e-01,
        -1.55445416e-01, -2.39689107e-01,  2.06738048e-01,
        -4.29647553e-02,  1.56379980e-01,  1.75932256e-02,
         4.01049928e-02,  1.23818609e-01,  2.63419133e-02],
       [ 3.60723136e-01, -1.08305869e-01,  3.07861550e-02,
         1.75980044e-01, -7.84447467e-03,  6.26059923e-02,
        -9.24534117e-01,  2.99679673e-01,  2.06870366e-01,
        -2.73450356e-03, -1.84514904e-01, -1.08860933e-01,
         6.47625389e-02,  1.75932256e-02,  1.31339435e-01,
        -3.20151346e-02, -5.79960348e-02,  1.00272334e-01],
       [ 1.73258859e-01,  9.77835243e-02,  1.18192025e-01,
         7.20821244e-02,  2.53059807e-02,  6.32965508e-02,
         9.81765674e-01, -3.16062669e-01,  1.49254874e-01,
        -1.03344500e-01,  7.79461302e-03,  1.33250307e-01,
         6.71058798e-03,  4.01049928e-02, -3.20151346e-02,
         7.94103970e-02,  5.31195580e-02, -8.87176747e-03],
       [ 2.36144793e-01, -1.98560062e-02,  2.55494344e-01,
         5.37957953e-02, -1.22285859e-01,  1.81276242e-01,
         4.00643332e+00, -2.40337652e-01,  1.14029824e-01,
        -7.16886310e-02,  1.01081367e-02,  2.00158279e-01,
        -2.65578757e-01,  1.23818609e-01, -5.79960348e-02,
         5.31195580e-02,  3.12128237e-01, -1.11705998e-01],
       [ 2.91466339e-01,  3.40932970e-01,  1.15976104e-02,
         1.46895785e-01,  2.30024649e-01, -4.66947275e-03,
        -2.11862455e+00,  2.45508800e-01,  6.91839503e-01,
        -3.53267998e-01, -1.65523939e-01, -5.19917780e-02,
         2.39356232e-01,  2.63419133e-02,  1.00272334e-01,
        -8.87176747e-03, -1.11705998e-01,  2.06090347e-01]])
      jac: array([-3.63005922e-06,  1.34929105e-06,  1.46697469e-06,  8.70266822e-06,
       -2.28039809e-06, -1.43736874e-06, -6.25425637e-07,  7.10172662e-07,
        3.31216536e-07, -3.56899695e-06,  7.03141249e-08,  2.15864363e-06,
       -9.83842637e-06, -6.60952774e-07,  5.69914486e-06,  4.37612909e-06,
       -2.78999046e-06, -7.44145486e-06])
  message: 'Optimization terminated successfully.'
     nfev: 2033
      nit: 98
     njev: 107
   status: 0
  success: True
        x: array([ 1.68777256, -0.96047161,  0.53108612,  1.63009515, -1.01793792,
        0.24037094, -0.1469051 , -1.64778608,  0.50669034, -0.05937667,
        0.28996446,  1.14163288, -0.00285236, -0.01990973, -0.24117344,
       -1.33559845, -0.84740556,  0.03703426])
