Program Begingeth
      fun: 0.24920429871233787
 hess_inv: array([[ 9.48268739e-01, -7.42607367e-03, -2.88404298e-02,
         6.54178016e-02, -2.76620090e-03,  1.60182791e-01,
        -1.38829328e-01,  5.24925572e-01,  1.46551562e-01,
         2.85631222e-01, -2.32621302e-01,  9.53855204e-03,
        -3.66971476e-01, -1.19104849e-02, -1.27058903e-02,
         1.83602168e-02, -3.79486059e-02, -2.39674943e-01],
       [-7.42607367e-03,  3.72744322e-01, -3.50398838e-02,
         1.39969982e-02,  3.23286171e-02, -3.85101184e-01,
        -2.84774527e-01, -3.52058587e-01, -8.46936160e-01,
         1.70922846e-01,  1.94737271e-01, -8.63840499e-01,
         1.74817982e-02, -1.26572395e-01, -1.80964175e-01,
         2.42333284e-02,  2.01586979e-02, -8.83725505e-02],
       [-2.88404298e-02, -3.50398838e-02,  2.42513197e-01,
         3.50066475e-02,  1.38108286e-01,  3.59695750e-02,
         6.23139786e-02,  2.60844394e-01,  4.57991956e-02,
         1.50396231e-01,  2.54585277e-01,  7.26896203e-02,
         4.59313576e-02,  1.03004267e-01, -4.86730065e-02,
         5.58524055e-02,  3.82397594e-02,  4.92445303e-02],
       [ 6.54178016e-02,  1.39969982e-02,  3.50066475e-02,
         2.84160742e-01,  3.69015034e-02, -1.07652195e-01,
         2.62102495e-01, -1.84925948e-01, -3.66143977e-01,
         7.41677873e-01,  9.87528973e-03, -2.84130693e-01,
         1.29856569e-01,  5.27323126e-03, -2.96727807e-02,
         8.37987449e-02, -5.17199897e-02,  6.83344394e-03],
       [-2.76620090e-03,  3.23286171e-02,  1.38108286e-01,
         3.69015034e-02,  1.80836990e-01, -1.73702080e-02,
         1.27879495e-01,  2.69004235e-01, -1.49819973e-01,
         1.46389587e-01,  4.04998343e-01,  1.10751925e-02,
         2.75790653e-02,  7.50302086e-02, -6.39934934e-02,
         4.52352646e-02,  2.75525274e-02,  4.16792808e-03],
       [ 1.60182791e-01, -3.85101184e-01,  3.59695750e-02,
        -1.07652195e-01, -1.73702080e-02,  1.00243063e+00,
         1.45138100e+00,  1.50546739e+00,  2.61229747e+00,
        -8.43714191e-01, -4.92966140e-01,  2.53386067e+00,
        -1.18197789e-01,  1.51121568e-01,  2.60806306e-01,
        -4.52394634e-02,  1.74500034e-03,  2.76621698e-02],
       [-1.38829328e-01, -2.84774527e-01,  6.23139786e-02,
         2.62102495e-01,  1.27879495e-01,  1.45138100e+00,
         5.10128804e+00,  2.15093478e+00,  4.49271270e+00,
        -9.82341810e-01, -4.33256547e-01,  4.35105592e+00,
         2.44093125e-01,  1.53624444e-01,  1.67220790e-01,
         7.91155032e-02, -6.03272757e-02,  2.94745220e-02],
       [ 5.24925572e-01, -3.52058587e-01,  2.60844394e-01,
        -1.84925948e-01,  2.69004235e-01,  1.50546739e+00,
         2.15093478e+00,  3.87069350e+00,  3.74034273e+00,
        -1.17078752e+00, -3.52273456e-01,  3.77045313e+00,
        -3.08639271e-01,  2.62432513e-01,  2.70528971e-01,
        -2.68024980e-02,  4.90772689e-02, -3.94974473e-02],
       [ 1.46551562e-01, -8.46936160e-01,  4.57991956e-02,
        -3.66143977e-01, -1.49819973e-01,  2.61229747e+00,
         4.49271270e+00,  3.74034273e+00,  8.15377080e+00,
        -2.89558542e+00, -1.43918764e+00,  6.70541606e+00,
        -1.66906170e-01,  2.39291462e-01,  5.75668403e-01,
        -1.08689765e-01, -3.93366374e-02,  5.47097566e-02],
       [ 2.85631222e-01,  1.70922846e-01,  1.50396231e-01,
         7.41677873e-01,  1.46389587e-01, -8.43714191e-01,
        -9.82341810e-01, -1.17078752e+00, -2.89558542e+00,
         2.65661097e+00,  3.66284932e-01, -2.38131337e+00,
         2.41540328e-01,  9.04824743e-03, -1.86410082e-01,
         2.10426358e-01, -9.19880814e-02, -1.04656767e-02],
       [-2.32621302e-01,  1.94737271e-01,  2.54585277e-01,
         9.87528973e-03,  4.04998343e-01, -4.92966140e-01,
        -4.33256547e-01, -3.52273456e-01, -1.43918764e+00,
         3.66284932e-01,  1.34289223e+00, -1.06400755e+00,
         1.02320141e-01,  8.93039963e-02, -2.47607663e-01,
         7.21628440e-02,  6.66479030e-02,  2.07289461e-02],
       [ 9.53855204e-03, -8.63840499e-01,  7.26896203e-02,
        -2.84130693e-01,  1.10751925e-02,  2.53386067e+00,
         4.35105592e+00,  3.77045313e+00,  6.70541606e+00,
        -2.38131337e+00, -1.06400755e+00,  6.82104933e+00,
        -1.30077645e-01,  3.73418373e-01,  5.99213847e-01,
        -1.03656911e-01,  3.28192020e-02,  1.12384489e-01],
       [-3.66971476e-01,  1.74817982e-02,  4.59313576e-02,
         1.29856569e-01,  2.75790653e-02, -1.18197789e-01,
         2.44093125e-01, -3.08639271e-01, -1.66906170e-01,
         2.41540328e-01,  1.02320141e-01, -1.30077645e-01,
         2.55352096e-01,  6.42173312e-03, -2.09526748e-02,
         6.50489352e-02, -1.65896345e-02,  1.05503400e-01],
       [-1.19104849e-02, -1.26572395e-01,  1.03004267e-01,
         5.27323126e-03,  7.50302086e-02,  1.51121568e-01,
         1.53624444e-01,  2.62432513e-01,  2.39291462e-01,
         9.04824743e-03,  8.93039963e-02,  3.73418373e-01,
         6.42173312e-03,  1.12871246e-01,  3.89124557e-02,
         1.35001703e-02,  3.34595542e-02,  4.35277401e-02],
       [-1.27058903e-02, -1.80964175e-01, -4.86730065e-02,
        -2.96727807e-02, -6.39934934e-02,  2.60806306e-01,
         1.67220790e-01,  2.70528971e-01,  5.75668403e-01,
        -1.86410082e-01, -2.47607663e-01,  5.99213847e-01,
        -2.09526748e-02,  3.89124557e-02,  1.50095586e-01,
        -3.63264351e-02, -1.45293565e-02,  5.94394564e-02],
       [ 1.83602168e-02,  2.42333284e-02,  5.58524055e-02,
         8.37987449e-02,  4.52352646e-02, -4.52394634e-02,
         7.91155032e-02, -2.68024980e-02, -1.08689765e-01,
         2.10426358e-01,  7.21628440e-02, -1.03656911e-01,
         6.50489352e-02,  1.35001703e-02, -3.63264351e-02,
         6.16149673e-02, -8.14605931e-03,  2.04651059e-03],
       [-3.79486059e-02,  2.01586979e-02,  3.82397594e-02,
        -5.17199897e-02,  2.75525274e-02,  1.74500034e-03,
        -6.03272757e-02,  4.90772689e-02, -3.93366374e-02,
        -9.19880814e-02,  6.66479030e-02,  3.28192020e-02,
        -1.65896345e-02,  3.34595542e-02, -1.45293565e-02,
        -8.14605931e-03,  4.65985895e-02,  5.75931100e-03],
       [-2.39674943e-01, -8.83725505e-02,  4.92445303e-02,
         6.83344394e-03,  4.16792808e-03,  2.76621698e-02,
         2.94745220e-02, -3.94974473e-02,  5.47097566e-02,
        -1.04656767e-02,  2.07289461e-02,  1.12384489e-01,
         1.05503400e-01,  4.35277401e-02,  5.94394564e-02,
         2.04651059e-03,  5.75931100e-03,  1.14538489e-01]])
      jac: array([-1.70093569e-05, -5.36496773e-06, -1.51001434e-05,  3.68644004e-05,
       -2.25375274e-07,  7.86350614e-05, -1.68402329e-06, -1.06174329e-06,
       -8.07761265e-06, -9.58437034e-06, -7.99730652e-07, -1.63398924e-05,
       -2.95308222e-05, -1.07106916e-05, -6.55277684e-05,  1.94660954e-05,
        2.90064269e-06,  2.85208894e-05])
  message: 'Desired error not necessarily achieved due to precision loss.'
     nfev: 2481
      nit: 76
     njev: 130
   status: 2
  success: False
        x: array([ 0.08628045,  0.22624653,  0.80323085,  1.66945484, -0.7077986 ,
        0.04071293,  2.43840988, -0.6599199 , -0.94700225,  2.19557833,
       -0.55582668,  0.40685097,  0.15418767,  0.15819549, -0.28214983,
       -1.21214306, -0.32337673,  0.04982648])
