Program Begingeth
      fun: 0.28791472863884365
 hess_inv: array([[ 4.23552071e+00, -1.12328502e+00,  1.39587344e+00,
         1.33527535e+00, -6.32580387e-01,  1.08059315e+00,
        -3.33818488e-01, -1.00464036e-02,  3.21155949e+00,
         7.71029959e-02, -3.11873075e-01, -1.43983144e-01,
        -5.97317744e-01,  1.60456469e-01,  2.17136979e-01,
        -2.27379628e-01,  3.55458591e-01, -1.30392954e-01],
       [-1.12328502e+00,  2.88833375e+00,  1.60905825e-01,
        -1.74561045e-01,  1.26012817e+00, -6.58526299e-02,
        -1.91341752e-02,  1.84228146e+00,  6.98468603e-01,
        -2.73145755e-01,  1.54544352e-01, -7.69311304e-01,
         3.87528199e-01, -2.40852041e-01,  5.78076630e-02,
         4.06726022e-02, -1.83132654e-01,  9.61375377e-02],
       [ 1.39587344e+00,  1.60905825e-01,  1.59893176e+01,
        -1.83823822e+00, -4.51213020e-01,  7.30462351e+00,
        -2.50685660e+01, -1.10103831e+01,  1.52418936e+01,
         1.03837538e+00,  3.34290463e+00, -8.37178398e-01,
        -7.42844727e-01, -1.98298609e-03, -8.11892548e-01,
         2.65242671e-01,  6.81164161e-01, -7.88433098e-01],
       [ 1.33527535e+00, -1.74561045e-01, -1.83823822e+00,
         8.25162076e-01, -6.92054824e-02, -6.96038785e-01,
         4.04078586e+00,  1.73594128e+00, -8.86717609e-01,
        -1.57180696e-01, -5.42676826e-01, -3.90270890e-02,
        -6.50169466e-02, -6.31052916e-04,  1.98806559e-01,
        -1.20362721e-01, -5.27665425e-03,  7.72234930e-02],
       [-6.32580387e-01,  1.26012817e+00, -4.51213020e-01,
        -6.92054824e-02,  6.14900463e-01, -2.59142114e-01,
         5.49232713e-01,  1.51434239e+00, -3.40839783e-01,
        -1.02554628e-01, -7.03758798e-02, -2.63312102e-01,
         2.00735304e-01, -7.13626552e-02,  6.65591738e-02,
         2.71996389e-02, -9.62008017e-02,  7.70540016e-02],
       [ 1.08059315e+00, -6.58526299e-02,  7.30462351e+00,
        -6.96038785e-01, -2.59142114e-01,  3.43612569e+00,
        -1.15093425e+01, -4.73068383e+00,  7.36865150e+00,
         5.63591986e-01,  1.36107474e+00, -3.62034907e-01,
        -4.21316362e-01,  3.65584883e-02, -3.10171871e-01,
         8.68309536e-02,  3.34149937e-01, -3.66858866e-01],
       [-3.33818488e-01, -1.91341752e-02, -2.50685660e+01,
         4.04078586e+00,  5.49232713e-01, -1.15093425e+01,
         4.56988554e+01,  1.69796441e+01, -2.24422218e+01,
        -1.74371396e+00, -4.61266695e+00,  7.19609220e-01,
         1.00424019e+00, -3.67242924e-01,  1.20554981e+00,
        -5.95511108e-01, -1.06665613e+00,  1.17785876e+00],
       [-1.00464036e-02,  1.84228146e+00, -1.10103831e+01,
         1.73594128e+00,  1.51434239e+00, -4.73068383e+00,
         1.69796441e+01,  1.43655495e+01, -9.69791725e+00,
        -4.77561867e-01, -2.81072777e+00, -6.79432781e-02,
         4.76727021e-01,  4.40255838e-02,  1.06189113e+00,
        -2.88929160e-01, -4.62231245e-01,  7.03990235e-01],
       [ 3.21155949e+00,  6.98468603e-01,  1.52418936e+01,
        -8.86717609e-01, -3.40839783e-01,  7.36865150e+00,
        -2.24422218e+01, -9.69791725e+00,  1.88574096e+01,
         1.18469978e+00,  2.92673012e+00, -1.10929248e+00,
        -9.03800800e-01, -2.18223596e-01, -6.66509033e-01,
         6.88854605e-02,  5.46202786e-01, -8.47597779e-01],
       [ 7.71029959e-02, -2.73145755e-01,  1.03837538e+00,
        -1.57180696e-01, -1.02554628e-01,  5.63591986e-01,
        -1.74371396e+00, -4.77561867e-01,  1.18469978e+00,
         9.66408333e-01,  2.09478435e-01,  2.38872213e-02,
        -2.70285978e-01,  6.65187824e-03, -1.34630141e-01,
         1.18817656e-02,  1.28567080e-02, -2.45999775e-01],
       [-3.11873075e-01,  1.54544352e-01,  3.34290463e+00,
        -5.42676826e-01, -7.03758798e-02,  1.36107474e+00,
        -4.61266695e+00, -2.81072777e+00,  2.92673012e+00,
         2.09478435e-01,  1.37993883e+00, -2.15683827e-01,
        -7.24097726e-02, -1.80613288e-01, -3.61561993e-01,
         9.60368750e-02,  8.73754414e-02, -2.44363954e-01],
       [-1.43983144e-01, -7.69311304e-01, -8.37178398e-01,
        -3.90270890e-02, -2.63312102e-01, -3.62034907e-01,
         7.19609220e-01, -6.79432781e-02, -1.10929248e+00,
         2.38872213e-02, -2.15683827e-01,  5.79365599e-01,
         5.03454870e-03,  1.33936939e-01, -3.68201562e-02,
         5.45464968e-02,  3.84633232e-02,  3.49889257e-02],
       [-5.97317744e-01,  3.87528199e-01, -7.42844727e-01,
        -6.50169466e-02,  2.00735304e-01, -4.21316362e-01,
         1.00424019e+00,  4.76727021e-01, -9.03800800e-01,
        -2.70285978e-01, -7.24097726e-02,  5.03454870e-03,
         2.16160012e-01, -4.04415063e-02,  2.22900663e-02,
         5.86459390e-02, -8.55859155e-02,  9.98639446e-02],
       [ 1.60456469e-01, -2.40852041e-01, -1.98298609e-03,
        -6.31052916e-04, -7.13626552e-02,  3.65584883e-02,
        -3.67242924e-01,  4.40255838e-02, -2.18223596e-01,
         6.65187824e-03, -1.80613288e-01,  1.33936939e-01,
        -4.04415063e-02,  1.18362455e-01,  3.66765307e-02,
         5.10674853e-03,  7.30882933e-02,  1.96953196e-02],
       [ 2.17136979e-01,  5.78076630e-02, -8.11892548e-01,
         1.98806559e-01,  6.65591738e-02, -3.10171871e-01,
         1.20554981e+00,  1.06189113e+00, -6.66509033e-01,
        -1.34630141e-01, -3.61561993e-01, -3.68201562e-02,
         2.22900663e-02,  3.66765307e-02,  1.57924057e-01,
        -4.52313255e-02, -1.82582377e-02,  1.04180044e-01],
       [-2.27379628e-01,  4.06726022e-02,  2.65242671e-01,
        -1.20362721e-01,  2.71996389e-02,  8.68309536e-02,
        -5.95511108e-01, -2.88929160e-01,  6.88854605e-02,
         1.18817656e-02,  9.60368750e-02,  5.45464968e-02,
         5.86459390e-02,  5.10674853e-03, -4.52313255e-02,
         6.72171033e-02, -3.29101685e-03, -6.54406216e-03],
       [ 3.55458591e-01, -1.83132654e-01,  6.81164161e-01,
        -5.27665425e-03, -9.62008017e-02,  3.34149937e-01,
        -1.06665613e+00, -4.62231245e-01,  5.46202786e-01,
         1.28567080e-02,  8.73754414e-02,  3.84633232e-02,
        -8.55859155e-02,  7.30882933e-02, -1.82582377e-02,
        -3.29101685e-03,  1.13259030e-01, -3.12972035e-02],
       [-1.30392954e-01,  9.61375377e-02, -7.88433098e-01,
         7.72234930e-02,  7.70540016e-02, -3.66858866e-01,
         1.17785876e+00,  7.03990235e-01, -8.47597779e-01,
        -2.45999775e-01, -2.44363954e-01,  3.49889257e-02,
         9.98639446e-02,  1.96953196e-02,  1.04180044e-01,
        -6.54406216e-03, -3.12972035e-02,  1.28296917e-01]])
      jac: array([-2.31863417e-04, -1.50981080e-04,  1.13583217e-04,  6.02215685e-04,
        3.79259587e-04, -3.33350014e-04, -5.35116396e-05, -3.37000798e-05,
        3.06443759e-05, -9.74394639e-05, -1.23849079e-05,  2.75846013e-05,
       -5.98618562e-04, -2.04979737e-04,  3.21684901e-04,  4.53002080e-04,
        1.11312441e-04, -4.80367598e-05])
  message: 'Desired error not necessarily achieved due to precision loss.'
     nfev: 2197
      nit: 72
     njev: 115
   status: 2
  success: False
        x: array([ 1.07428811, -1.23064744,  0.3673003 ,  1.40260767, -1.20354817,
        0.06988526,  1.39276981, -1.57820078, -0.89598558,  0.04457087,
        0.51467761,  1.13435932, -0.0017199 ,  0.21602228, -0.26560997,
       -1.28640784, -0.14772437,  0.0097034 ])
