Program Begingeth
      fun: 0.36889809068443574
 hess_inv: array([[ 8.40485833e+00, -6.06328256e-01,  9.70134926e-01,
         2.21665543e+00, -5.77726312e-01,  1.87706633e+00,
        -2.04015249e+00,  1.59504606e+00,  6.20473370e+00,
        -5.41302157e-01, -1.19706447e+00,  5.02680666e-01,
        -1.28600762e+00,  4.06809012e-01,  6.12349338e-01,
        -3.22232566e-01,  8.11314884e-01, -4.36071958e-01],
       [-6.06328256e-01,  5.93630217e+00,  1.99572591e+00,
        -2.45763125e-01,  2.38172370e+00,  6.81956985e-01,
        -9.42207364e+00,  1.46510891e-01,  6.89769827e+00,
        -2.54193950e-01,  3.16194098e-01, -1.89088635e+00,
         7.17056801e-01, -4.99646655e-01, -1.84046924e-01,
         9.63443720e-03, -4.41128531e-01,  1.87924935e-02],
       [ 9.70134926e-01,  1.99572591e+00,  2.91563079e+00,
        -1.00689697e-01,  7.32402054e-01,  1.12721338e+00,
        -5.63771631e+00, -2.04683495e+00,  3.30534121e+00,
        -1.25018096e-01,  8.71453656e-01, -7.83759908e-01,
        -1.10473929e-02, -1.53402502e-01, -2.51582062e-01,
         1.21191593e-01,  2.49519452e-04, -1.47223065e-01],
       [ 2.21665543e+00, -2.45763125e-01, -1.00689697e-01,
         6.84997496e-01, -2.11169509e-01,  3.69817330e-01,
         4.93765580e-01,  7.16426791e-01,  1.54032635e+00,
        -2.00013173e-01, -4.64186846e-01,  1.35574716e-01,
        -3.10010182e-01,  1.03195538e-01,  2.22952258e-01,
        -1.00402215e-01,  2.22253604e-01, -7.16596153e-02],
       [-5.77726312e-01,  2.38172370e+00,  7.32402054e-01,
        -2.11169509e-01,  1.12668021e+00,  2.32984984e-01,
        -5.08439183e+00,  6.88182524e-01,  2.41000717e+00,
         8.25693157e-02,  1.02133047e-01, -6.70278233e-01,
         4.11573862e-01, -1.52133629e-01, -7.44192570e-02,
         7.04903677e-02, -2.94740778e-01,  1.57335419e-02],
       [ 1.87706633e+00,  6.81956985e-01,  1.12721338e+00,
         3.69817330e-01,  2.32984984e-01,  7.93873302e-01,
        -2.96965379e+00, -5.39463759e-02,  2.70903188e+00,
        -2.20712891e-03, -4.54276163e-02, -1.62567163e-01,
        -2.43327337e-01,  3.40125788e-02,  8.35670624e-02,
        -3.87932471e-02,  1.01722793e-01, -1.19715333e-01],
       [-2.04015249e+00, -9.42207364e+00, -5.63771631e+00,
         4.93765580e-01, -5.08439183e+00, -2.96965379e+00,
         3.76061267e+01, -3.84498854e+00, -1.41973157e+01,
        -1.21213850e+00, -5.68727774e-01,  2.17348811e+00,
        -1.25308334e+00,  3.91130415e-01,  2.26864199e-01,
        -4.21726785e-01,  1.60650716e+00,  4.98715724e-01],
       [ 1.59504606e+00,  1.46510891e-01, -2.04683495e+00,
         7.16426791e-01,  6.88182524e-01, -5.39463759e-02,
        -3.84498854e+00,  7.90235537e+00,  1.19053685e+00,
         4.72130115e-01, -1.50284218e+00,  2.97061465e-01,
         7.97866877e-02,  3.24410342e-01,  7.07151585e-01,
        -1.79196032e-01, -1.30356302e-01,  7.29742270e-02],
       [ 6.20473370e+00,  6.89769827e+00,  3.30534121e+00,
         1.54032635e+00,  2.41000717e+00,  2.70903188e+00,
        -1.41973157e+01,  1.19053685e+00,  1.76460279e+01,
        -4.73519452e-01, -4.83963731e-01, -1.84628309e+00,
        -2.43654393e-01, -5.09430483e-01,  3.65256083e-01,
        -3.55234518e-01, -7.48008122e-02, -2.26413891e-01],
       [-5.41302157e-01, -2.54193950e-01, -1.25018096e-01,
        -2.00013173e-01,  8.25693157e-02, -2.20712891e-03,
        -1.21213850e+00,  4.72130115e-01, -4.73519452e-01,
         9.44337370e-01,  1.04501326e-01,  1.44581409e-01,
        -6.46008357e-02, -4.37597665e-03, -4.66197122e-02,
         4.71331587e-02, -1.94417527e-01, -1.36876119e-01],
       [-1.19706447e+00,  3.16194098e-01,  8.71453656e-01,
        -4.64186846e-01,  1.02133047e-01, -4.54276163e-02,
        -5.68727774e-01, -1.50284218e+00, -4.83963731e-01,
         1.04501326e-01,  1.19905641e+00, -3.53490499e-01,
         1.44351011e-01, -2.75265355e-01, -3.69566350e-01,
         1.26932401e-01, -1.19985515e-01, -1.06743552e-01],
       [ 5.02680666e-01, -1.89088635e+00, -7.83759908e-01,
         1.35574716e-01, -6.70278233e-01, -1.62567163e-01,
         2.17348811e+00,  2.97061465e-01, -1.84628309e+00,
         1.44581409e-01, -3.53490499e-01,  1.03586117e+00,
        -2.29413355e-01,  2.88123685e-01,  4.95563329e-02,
         3.41676603e-02,  1.55753727e-01, -1.72275277e-02],
       [-1.28600762e+00,  7.17056801e-01, -1.10473929e-02,
        -3.10010182e-01,  4.11573862e-01, -2.43327337e-01,
        -1.25308334e+00,  7.97866877e-02, -2.43654393e-01,
        -6.46008357e-02,  1.44351011e-01, -2.29413355e-01,
         4.18747162e-01, -9.25867458e-02, -8.81884756e-02,
         1.25819827e-01, -2.33680415e-01,  1.10794935e-01],
       [ 4.06809012e-01, -4.99646655e-01, -1.53402502e-01,
         1.03195538e-01, -1.52133629e-01,  3.40125788e-02,
         3.91130415e-01,  3.24410342e-01, -5.09430483e-01,
        -4.37597665e-03, -2.75265355e-01,  2.88123685e-01,
        -9.25867458e-02,  1.68269375e-01,  7.46029041e-02,
        -3.77405903e-05,  1.01599696e-01,  1.08018203e-02],
       [ 6.12349338e-01, -1.84046924e-01, -2.51582062e-01,
         2.22952258e-01, -7.44192570e-02,  8.35670624e-02,
         2.26864199e-01,  7.07151585e-01,  3.65256083e-01,
        -4.66197122e-02, -3.69566350e-01,  4.95563329e-02,
        -8.81884756e-02,  7.46029041e-02,  1.86959760e-01,
        -6.76726424e-02,  5.36191414e-02,  4.98784643e-02],
       [-3.22232566e-01,  9.63443720e-03,  1.21191593e-01,
        -1.00402215e-01,  7.04903677e-02, -3.87932471e-02,
        -4.21726785e-01, -1.79196032e-01, -3.55234518e-01,
         4.71331587e-02,  1.26932401e-01,  3.41676603e-02,
         1.25819827e-01, -3.77405903e-05, -6.76726424e-02,
         1.06671716e-01, -6.93123737e-02,  4.84160321e-03],
       [ 8.11314884e-01, -4.41128531e-01,  2.49519452e-04,
         2.22253604e-01, -2.94740778e-01,  1.01722793e-01,
         1.60650716e+00, -1.30356302e-01, -7.48008122e-02,
        -1.94417527e-01, -1.19985515e-01,  1.55753727e-01,
        -2.33680415e-01,  1.01599696e-01,  5.36191414e-02,
        -6.93123737e-02,  2.50171807e-01, -2.26755828e-02],
       [-4.36071958e-01,  1.87924935e-02, -1.47223065e-01,
        -7.16596153e-02,  1.57335419e-02, -1.19715333e-01,
         4.98715724e-01,  7.29742270e-02, -2.26413891e-01,
        -1.36876119e-01, -1.06743552e-01, -1.72275277e-02,
         1.10794935e-01,  1.08018203e-02,  4.98784643e-02,
         4.84160321e-03, -2.26755828e-02,  1.26100413e-01]])
      jac: array([-3.16805841e-05,  6.56511882e-06, -7.37151081e-06,  7.16959825e-05,
        4.40795548e-06,  8.41286300e-05, -3.12416759e-06,  1.24715053e-07,
       -4.85278484e-06, -1.52466928e-05,  8.88252435e-06,  1.49206573e-05,
       -2.96647891e-05, -6.85862478e-05, -3.88411525e-05,  2.94098079e-05,
        4.66752563e-05,  1.55009339e-05])
  message: 'Desired error not necessarily achieved due to precision loss.'
     nfev: 2082
      nit: 66
     njev: 109
   status: 2
  success: False
        x: array([ 7.47886632e-01, -1.02786382e+00,  5.16225243e-01,  1.16171227e+00,
       -1.06081204e+00,  1.12622759e-01,  6.08452719e-01, -1.93617694e+00,
       -4.09428885e-01, -1.60344110e-03,  4.90760381e-01,  1.15334027e+00,
        1.02257824e-02, -1.75331037e-02, -3.37829140e-01, -1.12592685e+00,
       -8.22664825e-01, -1.33688300e-02])
