Program Begingeth
      fun: 0.3511514973247883
 hess_inv: array([[ 8.96623525e+00,  8.34851541e-01,  1.67480271e+00,
         2.55245686e+00,  3.12092605e-01,  2.53192368e+00,
        -6.09221840e+00,  3.55643453e+00,  1.20935838e+01,
        -1.73754574e-01, -1.42092045e+00,  4.49567218e-01,
        -1.04802926e+00,  3.81162539e-01,  7.00485007e-01,
        -4.14822413e-01,  4.93655650e-01, -2.72868795e-01],
       [ 8.34851541e-01,  6.69539437e+00,  2.68334120e+00,
        -2.17883607e-02,  2.74361143e+00,  1.38761923e+00,
        -1.20334136e+01,  1.46111432e+00,  1.12696329e+01,
        -7.36439646e-01,  1.54360314e-02, -1.88339681e+00,
         6.14691893e-01, -4.28793946e-01, -6.93535965e-02,
         9.59272552e-03, -3.68184392e-01,  2.12198862e-02],
       [ 1.67480271e+00,  2.68334120e+00,  3.55183905e+00,
         3.43585961e-03,  9.85374419e-01,  1.70022334e+00,
        -7.95498044e+00, -2.04657268e+00,  7.03540665e+00,
        -3.21112457e-01,  7.75794859e-01, -8.58295663e-01,
        -6.98646760e-02, -1.49232579e-01, -2.08915905e-01,
         2.46000440e-02,  3.32599628e-02, -1.83899419e-01],
       [ 2.55245686e+00, -2.17883607e-02,  3.43585961e-03,
         8.48366903e-01, -3.19448521e-02,  5.29122603e-01,
        -2.21836026e-01,  1.41071928e+00,  2.88431972e+00,
        -6.32651700e-02, -5.54248056e-01,  1.56065191e-01,
        -2.91061174e-01,  1.05542645e-01,  2.66478677e-01,
        -1.35506902e-01,  1.44540255e-01, -3.69584297e-02],
       [ 3.12092605e-01,  2.74361143e+00,  9.85374419e-01,
        -3.19448521e-02,  1.25638846e+00,  5.55215225e-01,
        -5.96745126e+00,  1.47080297e+00,  4.41220133e+00,
        -1.81255124e-01, -8.89223793e-02, -6.72703906e-01,
         3.16375497e-01, -1.14681625e-01,  4.98824102e-03,
         4.88537253e-02, -1.95814975e-01,  1.80242393e-02],
       [ 2.53192368e+00,  1.38761923e+00,  1.70022334e+00,
         5.29122603e-01,  5.55215225e-01,  1.25362597e+00,
        -5.05990711e+00,  3.70817653e-01,  5.83664401e+00,
        -3.88611739e-02, -1.02626935e-01, -2.49687389e-01,
        -2.45007577e-01,  2.30459326e-02,  1.10675505e-01,
        -9.16349735e-02,  7.37816454e-02, -1.17969331e-01],
       [-6.09221840e+00, -1.20334136e+01, -7.95498044e+00,
        -2.21836026e-01, -5.96745126e+00, -5.05990711e+00,
         4.43702633e+01, -6.14678901e+00, -2.73899623e+01,
        -4.42126593e-02,  2.37974582e-01,  2.01793653e+00,
        -9.02316254e-01,  1.63128471e-01, -2.16892395e-02,
        -3.33324348e-01,  1.02533337e+00,  4.05466980e-01],
       [ 3.55643453e+00,  1.46111432e+00, -2.04657268e+00,
         1.41071928e+00,  1.47080297e+00,  3.70817653e-01,
        -6.14678901e+00,  1.28704990e+01,  4.69332917e+00,
         5.86174530e-01, -2.14946621e+00,  7.72444517e-02,
         4.83068662e-02,  3.63096996e-01,  1.01779762e+00,
        -2.14993472e-01, -1.38605758e-01,  1.84804618e-01],
       [ 1.20935838e+01,  1.12696329e+01,  7.03540665e+00,
         2.88431972e+00,  4.41220133e+00,  5.83664401e+00,
        -2.73899623e+01,  4.69332917e+00,  3.73178783e+01,
        -9.12201770e-01, -9.59491319e-01, -2.31808351e+00,
        -5.22943724e-01, -5.14100267e-01,  5.97170236e-01,
        -5.58061375e-01, -1.29942935e-01, -3.51246883e-01],
       [-1.73754574e-01, -7.36439646e-01, -3.21112457e-01,
        -6.32651700e-02, -1.81255124e-01, -3.88611739e-02,
        -4.42126593e-02,  5.86174530e-01, -9.12201770e-01,
         9.90688585e-01,  3.56287890e-02,  2.27413947e-01,
        -1.96085839e-01,  1.46157438e-02, -5.92006723e-03,
         1.27979567e-02, -9.47282590e-02, -1.57267789e-01],
       [-1.42092045e+00,  1.54360314e-02,  7.75794859e-01,
        -5.54248056e-01, -8.89223793e-02, -1.02626935e-01,
         2.37974582e-01, -2.14946621e+00, -9.59491319e-01,
         3.56287890e-02,  1.26376534e+00, -2.92396219e-01,
         1.04013802e-01, -2.71549593e-01, -3.87031862e-01,
         1.20338699e-01, -6.12628553e-02, -1.35062045e-01],
       [ 4.49567218e-01, -1.88339681e+00, -8.58295663e-01,
         1.56065191e-01, -6.72703906e-01, -2.49687389e-01,
         2.01793653e+00,  7.72444517e-02, -2.31808351e+00,
         2.27413947e-01, -2.92396219e-01,  1.08126631e+00,
        -1.88381559e-01,  2.78308781e-01,  2.15804722e-02,
         4.16183758e-02,  1.47156764e-01, -8.79166440e-03],
       [-1.04802926e+00,  6.14691893e-01, -6.98646760e-02,
        -2.91061174e-01,  3.16375497e-01, -2.45007577e-01,
        -9.02316254e-01,  4.83068662e-02, -5.22943724e-01,
        -1.96085839e-01,  1.04013802e-01, -1.88381559e-01,
         3.41148922e-01, -7.23470945e-02, -7.28845255e-02,
         1.27230515e-01, -1.47096279e-01,  8.82292744e-02],
       [ 3.81162539e-01, -4.28793946e-01, -1.49232579e-01,
         1.05542645e-01, -1.14681625e-01,  2.30459326e-02,
         1.63128471e-01,  3.63096996e-01, -5.14100267e-01,
         1.46157438e-02, -2.71549593e-01,  2.78308781e-01,
        -7.23470945e-02,  1.63474526e-01,  7.20764272e-02,
        -6.49443053e-03,  8.93473727e-02,  2.12415525e-02],
       [ 7.00485007e-01, -6.93535965e-02, -2.08915905e-01,
         2.66478677e-01,  4.98824102e-03,  1.10675505e-01,
        -2.16892395e-02,  1.01779762e+00,  5.97170236e-01,
        -5.92006723e-03, -3.87031862e-01,  2.15804722e-02,
        -7.28845255e-02,  7.20764272e-02,  1.92707661e-01,
        -6.69367593e-02,  2.85986912e-02,  5.80651065e-02],
       [-4.14822413e-01,  9.59272552e-03,  2.46000440e-02,
        -1.35506902e-01,  4.88537253e-02, -9.16349735e-02,
        -3.33324348e-01, -2.14993472e-01, -5.58061375e-01,
         1.27979567e-02,  1.20338699e-01,  4.16183758e-02,
         1.27230515e-01, -6.49443053e-03, -6.69367593e-02,
         1.01519773e-01, -5.35343157e-02,  6.81950725e-03],
       [ 4.93655650e-01, -3.68184392e-01,  3.32599628e-02,
         1.44540255e-01, -1.95814975e-01,  7.37816454e-02,
         1.02533337e+00, -1.38605758e-01, -1.29942935e-01,
        -9.47282590e-02, -6.12628553e-02,  1.47156764e-01,
        -1.47096279e-01,  8.93473727e-02,  2.85986912e-02,
        -5.35343157e-02,  1.55604706e-01, -8.61131238e-03],
       [-2.72868795e-01,  2.12198862e-02, -1.83899419e-01,
        -3.69584297e-02,  1.80242393e-02, -1.17969331e-01,
         4.05466980e-01,  1.84804618e-01, -3.51246883e-01,
        -1.57267789e-01, -1.35062045e-01, -8.79166440e-03,
         8.82292744e-02,  2.12415525e-02,  5.80651065e-02,
         6.81950725e-03, -8.61131238e-03,  1.04258048e-01]])
      jac: array([-4.21995772e-06, -2.17936780e-06, -4.62074823e-06,  5.52335955e-06,
        7.38705393e-06,  1.09342165e-05, -1.90218212e-07, -1.54432023e-06,
        4.90348503e-07, -2.46765571e-06,  9.73295518e-08,  3.17893859e-07,
       -6.53625302e-06, -1.09986094e-06, -1.81521465e-06,  3.55160346e-06,
       -2.78295905e-07, -3.81176572e-06])
  message: 'Desired error not necessarily achieved due to precision loss.'
     nfev: 2387
      nit: 75
     njev: 125
   status: 2
  success: False
        x: array([ 0.91677249, -0.9896246 ,  0.54449419,  1.2663127 , -1.03332125,
        0.14258006,  0.80340506, -1.77297661, -0.36115688, -0.0116627 ,
        0.51446059,  1.13433234, -0.00980439,  0.05664107, -0.31755474,
       -1.2088723 , -0.63868973, -0.01101428])
