Program Begingeth
      fun: 0.2682392329619578
 hess_inv: array([[ 1.62837991e+00, -1.76171158e-01,  5.00431751e-01,
        -1.38527026e+00, -4.65997650e-01,  1.15475869e+00,
        -4.16464828e+00, -3.09553851e+00, -2.95069544e+00,
        -4.42670881e+00, -1.41083610e+00,  4.59153254e+00,
        -7.62342316e-01,  4.61830285e-02, -7.29385108e-02,
         3.08469225e-02, -1.14448582e-01, -2.73573164e-01],
       [-1.76171158e-01,  3.95920257e-01, -1.78669835e-01,
         4.45070121e-01,  7.71485389e-02, -3.12297809e-01,
         1.33858939e+00,  1.03482586e+00,  7.80209780e-01,
         1.50478844e+00,  2.00200471e-01, -1.01191745e+00,
         8.12224903e-02, -1.78366662e-01, -1.02094621e-01,
        -1.08566683e-02,  3.39567848e-02, -5.67417060e-02],
       [ 5.00431751e-01, -1.78669835e-01,  5.92403305e-01,
        -1.06517696e+00, -3.33747624e-01,  6.84142186e-01,
        -2.91990461e+00, -2.59232417e+00, -2.47499296e+00,
        -3.52342734e+00, -1.11578949e+00,  3.06107017e+00,
        -2.42906768e-01,  1.43471759e-01, -9.04347287e-02,
         5.80038006e-02, -2.47994714e-02, -2.29397724e-02],
       [-1.38527026e+00,  4.45070121e-01, -1.06517696e+00,
         2.81883516e+00,  9.65222597e-01, -1.84856406e+00,
         8.13253789e+00,  7.08415039e+00,  6.75032579e+00,
         9.19948563e+00,  2.84780386e+00, -8.33057358e+00,
         7.41902549e-01, -2.29575546e-01,  9.35033677e-02,
        -4.64942906e-02,  1.42806085e-01,  1.43271044e-01],
       [-4.65997650e-01,  7.71485389e-02, -3.33747624e-01,
         9.65222597e-01,  5.78370538e-01, -6.75376639e-01,
         3.05165090e+00,  3.07741077e+00,  2.74925260e+00,
         2.91711699e+00,  1.56970451e+00, -3.35763972e+00,
         3.07972745e-01,  3.23192726e-02,  7.56688164e-02,
         1.58986987e-02,  6.37995041e-02,  7.09025420e-02],
       [ 1.15475869e+00, -3.12297809e-01,  6.84142186e-01,
        -1.84856406e+00, -6.75376639e-01,  1.48401080e+00,
        -5.81939143e+00, -4.90922017e+00, -4.04875278e+00,
        -5.95317995e+00, -1.76517866e+00,  6.26942420e+00,
        -5.80416898e-01,  8.02821039e-02, -3.70910449e-03,
         2.19360250e-02, -1.36618524e-01, -1.10542240e-01],
       [-4.16464828e+00,  1.33858939e+00, -2.91990461e+00,
         8.13253789e+00,  3.05165090e+00, -5.81939143e+00,
         2.60700244e+01,  2.10076963e+01,  1.92513698e+01,
         2.53904482e+01,  8.40197832e+00, -2.56222139e+01,
         2.35541124e+00, -4.83342881e-01,  6.69019950e-02,
        -4.21035572e-02,  4.32813890e-01,  3.78827718e-01],
       [-3.09553851e+00,  1.03482586e+00, -2.59232417e+00,
         7.08415039e+00,  3.07741077e+00, -4.90922017e+00,
         2.10076963e+01,  2.15798573e+01,  1.78932638e+01,
         2.32252338e+01,  8.11497783e+00, -2.30762577e+01,
         1.66270957e+00, -2.91711321e-01,  3.24798454e-01,
        -9.73610009e-02,  4.64776365e-01,  3.14576836e-01],
       [-2.95069544e+00,  7.80209780e-01, -2.47499296e+00,
         6.75032579e+00,  2.74925260e+00, -4.04875278e+00,
         1.92513698e+01,  1.78932638e+01,  1.88679995e+01,
         2.17924851e+01,  8.38635851e+00, -2.00660403e+01,
         1.70822668e+00, -4.49925127e-01,  4.17780074e-01,
        -1.02096607e-01,  2.88001307e-01,  3.53542158e-01],
       [-4.42670881e+00,  1.50478844e+00, -3.52342734e+00,
         9.19948563e+00,  2.91711699e+00, -5.95317995e+00,
         2.53904482e+01,  2.32252338e+01,  2.17924851e+01,
         3.10627346e+01,  8.68554724e+00, -2.68665292e+01,
         2.16270986e+00, -8.33851786e-01,  3.32510768e-01,
        -2.55742674e-01,  5.27379357e-01,  4.43250985e-01],
       [-1.41083610e+00,  2.00200471e-01, -1.11578949e+00,
         2.84780386e+00,  1.56970451e+00, -1.76517866e+00,
         8.40197832e+00,  8.11497783e+00,  8.38635851e+00,
         8.68554724e+00,  4.82156262e+00, -9.01716345e+00,
         9.08587638e-01, -4.93181324e-02,  2.93660851e-01,
        -7.93220483e-03,  1.22168441e-01,  2.20743003e-01],
       [ 4.59153254e+00, -1.01191745e+00,  3.06107017e+00,
        -8.33057358e+00, -3.35763972e+00,  6.26942420e+00,
        -2.56222139e+01, -2.30762577e+01, -2.00660403e+01,
        -2.68665292e+01, -9.01716345e+00,  2.81725343e+01,
        -2.39624539e+00,  2.19443144e-01, -2.84063887e-01,
         9.97905059e-02, -5.71437103e-01, -5.09370330e-01],
       [-7.62342316e-01,  8.12224903e-02, -2.42906768e-01,
         7.41902549e-01,  3.07972745e-01, -5.80416898e-01,
         2.35541124e+00,  1.66270957e+00,  1.70822668e+00,
         2.16270986e+00,  9.08587638e-01, -2.39624539e+00,
         4.29639040e-01, -1.05062475e-02,  3.45458549e-02,
         2.59664121e-02,  4.11599589e-02,  1.33868738e-01],
       [ 4.61830285e-02, -1.78366662e-01,  1.43471759e-01,
        -2.29575546e-01,  3.23192726e-02,  8.02821039e-02,
        -4.83342881e-01, -2.91711321e-01, -4.49925127e-01,
        -8.33851786e-01, -4.93181324e-02,  2.19443144e-01,
        -1.05062475e-02,  1.52032847e-01,  2.68861325e-02,
         2.57178395e-02,  2.09905467e-02,  3.52955681e-02],
       [-7.29385108e-02, -1.02094621e-01, -9.04347287e-02,
         9.35033677e-02,  7.56688164e-02, -3.70910449e-03,
         6.69019950e-02,  3.24798454e-01,  4.17780074e-01,
         3.32510768e-01,  2.93660851e-01, -2.84063887e-01,
         3.45458549e-02,  2.68861325e-02,  1.05044292e-01,
        -1.48204141e-02, -6.78185282e-03,  5.22728818e-02],
       [ 3.08469225e-02, -1.08566683e-02,  5.80038006e-02,
        -4.64942906e-02,  1.58986987e-02,  2.19360250e-02,
        -4.21035572e-02, -9.73610009e-02, -1.02096607e-01,
        -2.55742674e-01, -7.93220483e-03,  9.97905059e-02,
         2.59664121e-02,  2.57178395e-02, -1.48204141e-02,
         3.96351856e-02, -2.47444415e-03,  3.30818812e-03],
       [-1.14448582e-01,  3.39567848e-02, -2.47994714e-02,
         1.42806085e-01,  6.37995041e-02, -1.36618524e-01,
         4.32813890e-01,  4.64776365e-01,  2.88001307e-01,
         5.27379357e-01,  1.22168441e-01, -5.71437103e-01,
         4.11599589e-02,  2.09905467e-02, -6.78185282e-03,
        -2.47444415e-03,  4.43831228e-02,  1.52886939e-02],
       [-2.73573164e-01, -5.67417060e-02, -2.29397724e-02,
         1.43271044e-01,  7.09025420e-02, -1.10542240e-01,
         3.78827718e-01,  3.14576836e-01,  3.53542158e-01,
         4.43250985e-01,  2.20743003e-01, -5.09370330e-01,
         1.33868738e-01,  3.52955681e-02,  5.22728818e-02,
         3.30818812e-03,  1.52886939e-02,  9.12424123e-02]])
      jac: array([ 6.13907443e-04, -9.75955983e-04, -1.16001468e-03,  1.78487965e-03,
        1.00914462e-03,  1.26159638e-03, -9.31095941e-05,  5.40999097e-04,
       -1.16392821e-04, -2.00268691e-04, -9.93537845e-04,  4.36270279e-04,
        4.24251967e-03,  2.83123525e-03, -3.79177430e-03, -4.07614535e-03,
       -1.40994697e-03, -1.21938274e-03])
  message: 'Maximum number of iterations has been exceeded.'
     nfev: 2128
      nit: 100
     njev: 112
   status: 1
  success: False
        x: array([-0.03645951,  0.21374735,  0.70010785,  1.5695214 , -0.74970461,
       -0.19943295,  2.36816244, -0.53583869, -1.0457813 ,  1.36233532,
       -1.15384392, -0.52500873,  0.11038951,  0.1522801 , -0.26233421,
       -1.42164782, -0.35288817,  0.05339054])
