Program Begingeth
      fun: 0.42816415300120025
 hess_inv: array([[ 1.61826452e+01, -2.18569396e+00,  5.81061753e-01,
         4.71366350e+00, -1.96259900e+00,  5.74011170e-01,
         5.60789827e+00, -7.03655239e+00, -7.93014225e+00,
         1.64542441e+00,  1.20128471e-01,  2.23095196e+00,
        -3.32201980e+00,  2.47229439e-02, -3.18914195e-02,
        -7.23427808e-01,  9.00174806e-01, -5.81272227e-01],
       [-2.18569396e+00,  8.39347301e+00, -1.14236032e+00,
        -2.24271169e-01,  2.63842810e+00, -9.34740773e-01,
        -1.58711825e+00,  2.54056605e+00, -3.14168593e+00,
        -3.51185500e+00, -3.69831389e+00, -3.68148117e+00,
         1.36034155e+00, -4.46020863e-01,  1.03258130e+00,
        -3.17566300e-01, -3.08225903e-01,  6.56731557e-01],
       [ 5.81061753e-01, -1.14236032e+00,  2.65641605e+00,
         3.24463606e-01, -2.40034519e-01,  8.91366674e-01,
         3.41638839e+00,  6.60056464e-01,  1.59232117e-01,
         4.97308512e-01,  1.49208846e+00,  1.79956988e-01,
        -2.03278957e-01, -7.30859614e-02, -3.72637816e-01,
         8.38750874e-02,  8.66238252e-02, -1.42381852e-01],
       [ 4.71366350e+00, -2.24271169e-01,  3.24463606e-01,
         1.52195800e+00, -4.47992079e-01,  2.28276615e-01,
         2.85837350e+00, -2.18593161e+00, -2.50652472e+00,
         3.79210383e-01, -1.72258527e-01,  4.71870362e-01,
        -8.78307230e-01, -3.55527727e-03,  7.33646491e-02,
        -2.02798898e-01,  2.36626193e-01, -1.21444340e-01],
       [-1.96259900e+00,  2.63842810e+00, -2.40034519e-01,
        -4.47992079e-01,  1.07905669e+00, -3.12158057e-01,
        -8.88909145e-01,  2.77926087e+00, -1.57594447e-01,
        -1.69254593e+00, -1.30399617e+00, -1.16106081e+00,
         8.08393882e-01, -2.20546711e-02,  2.72854877e-01,
        -2.01094139e-03, -1.33854130e-01,  3.09426671e-01],
       [ 5.74011170e-01, -9.34740773e-01,  8.91366674e-01,
         2.28276615e-01, -3.12158057e-01,  4.35940804e-01,
         1.77207616e+00, -5.45460678e-01,  5.96607795e-01,
         6.32242161e-01,  6.24789277e-01,  2.71948707e-01,
        -2.56638056e-01,  1.79476833e-02, -1.08940839e-01,
         2.34517933e-02,  5.49687254e-02, -9.85918514e-02],
       [ 5.60789827e+00, -1.58711825e+00,  3.41638839e+00,
         2.85837350e+00, -8.88909145e-01,  1.77207616e+00,
         1.69491399e+01, -4.70173742e+00, -1.68261883e+00,
         2.11860887e+00,  6.48473429e-01,  1.07809290e+00,
        -1.15646221e+00,  1.39287474e-01,  8.55941917e-02,
        -5.01769451e-02,  2.60466799e-01, -1.91460690e-01],
       [-7.03655239e+00,  2.54056605e+00,  6.60056464e-01,
        -2.18593161e+00,  2.77926087e+00, -5.45460678e-01,
        -4.70173742e+00,  2.01302151e+01,  3.62884912e+00,
        -7.37870172e+00, -3.16880516e+00, -9.63973302e-01,
         2.99338350e+00,  9.21800286e-01, -9.40745028e-02,
         4.19249996e-01, -1.58251952e-01,  1.09142210e+00],
       [-7.93014225e+00, -3.14168593e+00,  1.59232117e-01,
        -2.50652472e+00, -1.57594447e-01,  5.96607795e-01,
        -1.68261883e+00,  3.62884912e+00,  1.17114895e+01,
        -5.11562237e-01,  8.35753659e-01,  2.37511258e-01,
         1.39807632e+00,  5.70220722e-01, -1.63782164e-01,
         5.28928169e-01, -2.25824543e-01,  2.30144419e-01],
       [ 1.64542441e+00, -3.51185500e+00,  4.97308512e-01,
         3.79210383e-01, -1.69254593e+00,  6.32242161e-01,
         2.11860887e+00, -7.37870172e+00, -5.11562237e-01,
         6.56790716e+00,  3.45344533e+00,  1.18651303e+00,
        -1.87497488e+00, -4.97158810e-01, -5.32444332e-01,
         3.16253530e-02, -2.96247714e-02, -1.04098604e+00],
       [ 1.20128471e-01, -3.69831389e+00,  1.49208846e+00,
        -1.72258527e-01, -1.30399617e+00,  6.24789277e-01,
         6.48473429e-01, -3.16880516e+00,  8.35753659e-01,
         3.45344533e+00,  3.90850129e+00,  1.19247376e+00,
        -9.04390983e-01, -3.69718920e-01, -8.23025549e-01,
         1.79595227e-01,  4.40800394e-02, -7.21793279e-01],
       [ 2.23095196e+00, -3.68148117e+00,  1.79956988e-01,
         4.71870362e-01, -1.16106081e+00,  2.71948707e-01,
         1.07809290e+00, -9.63973302e-01,  2.37511258e-01,
         1.18651303e+00,  1.19247376e+00,  2.44182689e+00,
        -7.08665489e-01,  3.64794270e-01, -5.18360219e-01,
         1.29886264e-01,  2.67299676e-01, -2.31112383e-01],
       [-3.32201980e+00,  1.36034155e+00, -2.03278957e-01,
        -8.78307230e-01,  8.08393882e-01, -2.56638056e-01,
        -1.15646221e+00,  2.99338350e+00,  1.39807632e+00,
        -1.87497488e+00, -9.04390983e-01, -7.08665489e-01,
         1.11921395e+00,  1.13107641e-01,  1.50097619e-01,
         1.65274209e-01, -1.73859976e-01,  3.70681831e-01],
       [ 2.47229439e-02, -4.46020863e-01, -7.30859614e-02,
        -3.55527727e-03, -2.20546711e-02,  1.79476833e-02,
         1.39287474e-01,  9.21800286e-01,  5.70220722e-01,
        -4.97158810e-01, -3.69718920e-01,  3.64794270e-01,
         1.13107641e-01,  2.26342941e-01,  2.02416963e-03,
         3.99236894e-02,  6.14018450e-02,  1.05160191e-01],
       [-3.18914195e-02,  1.03258130e+00, -3.72637816e-01,
         7.33646491e-02,  2.72854877e-01, -1.08940839e-01,
         8.55941917e-02, -9.40745028e-02, -1.63782164e-01,
        -5.32444332e-01, -8.23025549e-01, -5.18360219e-01,
         1.50097619e-01,  2.02416963e-03,  2.79587436e-01,
        -6.99706579e-02, -3.95664544e-02,  1.51046584e-01],
       [-7.23427808e-01, -3.17566300e-01,  8.38750874e-02,
        -2.02798898e-01, -2.01094139e-03,  2.34517933e-02,
        -5.01769451e-02,  4.19249996e-01,  5.28928169e-01,
         3.16253530e-02,  1.79595227e-01,  1.29886264e-01,
         1.65274209e-01,  3.99236894e-02, -6.99706579e-02,
         1.05725295e-01, -3.06826163e-02,  8.61521766e-03],
       [ 9.00174806e-01, -3.08225903e-01,  8.66238252e-02,
         2.36626193e-01, -1.33854130e-01,  5.49687254e-02,
         2.60466799e-01, -1.58251952e-01, -2.25824543e-01,
        -2.96247714e-02,  4.40800394e-02,  2.67299676e-01,
        -1.73859976e-01,  6.14018450e-02, -3.95664544e-02,
        -3.06826163e-02,  9.68498938e-02, -2.04171107e-02],
       [-5.81272227e-01,  6.56731557e-01, -1.42381852e-01,
        -1.21444340e-01,  3.09426671e-01, -9.85918514e-02,
        -1.91460690e-01,  1.09142210e+00,  2.30144419e-01,
        -1.04098604e+00, -7.21793279e-01, -2.31112383e-01,
         3.70681831e-01,  1.05160191e-01,  1.51046584e-01,
         8.61521766e-03, -2.04171107e-02,  2.21585174e-01]])
      jac: array([-2.26596519e-06, -1.99840144e-06, -7.23865412e-07,  8.51282008e-06,
        7.15353702e-06,  1.54987134e-06, -9.95870053e-07, -9.22225259e-07,
       -1.48769885e-07, -1.64313008e-06, -9.42949422e-07, -6.51700916e-07,
       -1.02595710e-05, -4.57522908e-06, -3.06273525e-06,  4.88979228e-06,
        2.77481741e-06,  6.71055804e-06])
  message: 'Desired error not necessarily achieved due to precision loss.'
     nfev: 2443
      nit: 83
     njev: 128
   status: 2
  success: False
        x: array([ 1.13375029, -0.69487517,  0.30477219,  1.69685219, -0.68748382,
        0.18036461,  2.13372047, -0.54092967,  0.88952173, -0.14340868,
        0.25616524,  0.96292054, -0.05102211,  0.06971077, -0.18947063,
       -1.57200299, -0.73314286,  0.04294388])
