Program Begingeth
      fun: 0.251024605677183
 hess_inv: array([[ 5.04594226e+00, -9.51602697e-01,  9.40457391e-01,
         2.09362314e+00, -4.99886095e-01,  5.01150487e-01,
         3.76836674e+00, -6.54889518e-01, -5.63981566e+00,
         3.66724798e-01, -6.58073174e-01,  5.11034958e-01,
        -4.17432516e-01,  2.91608292e-01,  8.34613167e-02,
        -8.12757364e-02,  2.83588720e-01, -4.10446782e-01],
       [-9.51602697e-01,  2.68247019e+00,  1.86616980e-01,
        -1.23155555e-01,  1.15809609e+00, -5.53658826e-01,
         6.43638398e-01,  8.31112665e-01, -1.87015988e+00,
        -4.84586595e-01,  5.88827809e-01, -9.05987385e-01,
         4.41101528e-01, -2.50326744e-01, -2.38399087e-01,
         1.40605653e-01, -1.33116066e-01,  8.75194970e-02],
       [ 9.40457391e-01,  1.86616980e-01,  1.17595801e+00,
         4.30931458e-01,  2.02358578e-01,  4.13488550e-01,
         1.85265962e+00,  7.35194485e-01, -1.29371489e+00,
         4.70770627e-02,  2.47606804e-01, -8.42868365e-03,
        -3.75245961e-02,  1.30176929e-01, -5.81504406e-02,
         9.01204331e-02,  1.54872450e-01, -9.34985370e-02],
       [ 2.09362314e+00, -1.23155555e-01,  4.30931458e-01,
         9.77165473e-01, -9.19805476e-02,  1.62496473e-01,
         2.13351468e+00, -4.42827147e-01, -2.67843161e+00,
         1.57055388e-01, -2.50793352e-01,  1.27285765e-01,
        -7.50985658e-02,  8.03519395e-02,  3.28033833e-02,
         9.06925726e-03,  4.86113024e-02, -1.44501785e-01],
       [-4.99886095e-01,  1.15809609e+00,  2.02358578e-01,
        -9.19805476e-02,  5.60729698e-01, -1.91449439e-01,
         3.75248584e-01,  7.27408571e-01, -6.34831240e-01,
        -2.23791840e-01,  3.23143961e-01, -3.36968271e-01,
         2.12933965e-01, -8.05045851e-02, -1.27435281e-01,
         9.95893418e-02, -4.54565077e-02,  4.19690919e-02],
       [ 5.01150487e-01, -5.53658826e-01,  4.13488550e-01,
         1.62496473e-01, -1.91449439e-01,  3.33168114e-01,
         5.16970325e-01,  1.49722531e-02,  2.71949617e-01,
         1.54535680e-01, -1.08908275e-01,  2.13316468e-01,
        -1.19153655e-01,  1.30302823e-01,  6.11688376e-02,
        -1.49850478e-03,  9.23137137e-02, -4.25959132e-02],
       [ 3.76836674e+00,  6.43638398e-01,  1.85265962e+00,
         2.13351468e+00,  3.75248584e-01,  5.16970325e-01,
         7.42285802e+00, -4.97257881e-01, -6.00207002e+00,
         4.34839234e-01, -2.73293651e-02,  1.23979106e-01,
         1.09608576e-01,  1.57070586e-01, -5.56037170e-02,
         2.23457933e-01,  1.37740362e-02, -2.48707561e-01],
       [-6.54889518e-01,  8.31112665e-01,  7.35194485e-01,
        -4.42827147e-01,  7.27408571e-01,  1.49722531e-02,
        -4.97257881e-01,  4.05658948e+00,  7.43731893e-03,
        -5.45703665e-01,  6.88222480e-01, -7.43098240e-02,
         7.95616868e-02,  6.95600772e-02, -2.96986876e-01,
         1.33175608e-01,  1.74363065e-01, -2.54746523e-02],
       [-5.63981566e+00, -1.87015988e+00, -1.29371489e+00,
        -2.67843161e+00, -6.34831240e-01,  2.71949617e-01,
        -6.00207002e+00,  7.43731893e-03,  1.19967726e+01,
        -1.78629878e-01,  8.53107880e-03,  4.04985795e-01,
         1.30452143e-01,  4.99817829e-02,  2.63789472e-01,
         2.75100671e-03, -1.38715432e-01,  5.04860238e-01],
       [ 3.66724798e-01, -4.84586595e-01,  4.70770627e-02,
         1.57055388e-01, -2.23791840e-01,  1.54535680e-01,
         4.34839234e-01, -5.45703665e-01, -1.78629878e-01,
         7.01422544e-01, -7.87136814e-02,  1.36731438e-01,
        -1.99080758e-01,  6.70832260e-03, -2.48154192e-02,
        -2.59901266e-02, -3.76778312e-02, -1.95011401e-01],
       [-6.58073174e-01,  5.88827809e-01,  2.47606804e-01,
        -2.50793352e-01,  3.23143961e-01, -1.08908275e-01,
        -2.73293651e-02,  6.88222480e-01,  8.53107880e-03,
        -7.87136814e-02,  6.95086668e-01, -2.59920418e-01,
         1.08223208e-01, -1.32432247e-01, -1.97816306e-01,
         9.01415433e-02, -9.82540523e-03, -6.15503955e-02],
       [ 5.11034958e-01, -9.05987385e-01, -8.42868365e-03,
         1.27285765e-01, -3.36968271e-01,  2.13316468e-01,
         1.23979106e-01, -7.43098240e-02,  4.04985795e-01,
         1.36731438e-01, -2.59920418e-01,  5.84972813e-01,
        -1.16437050e-01,  1.69379612e-01,  4.93190793e-02,
         1.36659367e-02,  9.12922848e-02, -1.50482157e-02],
       [-4.17432516e-01,  4.41101528e-01, -3.75245961e-02,
        -7.50985658e-02,  2.12933965e-01, -1.19153655e-01,
         1.09608576e-01,  7.95616868e-02,  1.30452143e-01,
        -1.99080758e-01,  1.08223208e-01, -1.16437050e-01,
         2.01641559e-01, -5.73622436e-02, -1.46551670e-02,
         9.22776472e-02, -7.77071627e-02,  9.90253393e-02],
       [ 2.91608292e-01, -2.50326744e-01,  1.30176929e-01,
         8.03519395e-02, -8.05045851e-02,  1.30302823e-01,
         1.57070586e-01,  6.95600772e-02,  4.99817829e-02,
         6.70832260e-03, -1.32432247e-01,  1.69379612e-01,
        -5.73622436e-02,  1.09840171e-01,  3.40625572e-02,
        -4.42949680e-03,  8.43022002e-02, -1.16431462e-04],
       [ 8.34613167e-02, -2.38399087e-01, -5.81504406e-02,
         3.28033833e-02, -1.27435281e-01,  6.11688376e-02,
        -5.56037170e-02, -2.96986876e-01,  2.63789472e-01,
        -2.48154192e-02, -1.97816306e-01,  4.93190793e-02,
        -1.46551670e-02,  3.40625572e-02,  1.04991330e-01,
        -3.01850229e-02, -4.89743439e-03,  6.73517935e-02],
       [-8.12757364e-02,  1.40605653e-01,  9.01204331e-02,
         9.06925726e-03,  9.95893418e-02, -1.49850478e-03,
         2.23457933e-01,  1.33175608e-01,  2.75100671e-03,
        -2.59901266e-02,  9.01415433e-02,  1.36659367e-02,
         9.22776472e-02, -4.42949680e-03, -3.01850229e-02,
         8.50064417e-02, -2.09727516e-02,  1.66886827e-02],
       [ 2.83588720e-01, -1.33116066e-01,  1.54872450e-01,
         4.86113024e-02, -4.54565077e-02,  9.23137137e-02,
         1.37740362e-02,  1.74363065e-01, -1.38715432e-01,
        -3.76778312e-02, -9.82540523e-03,  9.12922848e-02,
        -7.77071627e-02,  8.43022002e-02, -4.89743439e-03,
        -2.09727516e-02,  1.17927822e-01, -2.98793492e-02],
       [-4.10446782e-01,  8.75194970e-02, -9.34985370e-02,
        -1.44501785e-01,  4.19690919e-02, -4.25959132e-02,
        -2.48707561e-01, -2.54746523e-02,  5.04860238e-01,
        -1.95011401e-01, -6.15503955e-02, -1.50482157e-02,
         9.90253393e-02, -1.16431462e-04,  6.73517935e-02,
         1.66886827e-02, -2.98793492e-02,  1.42449266e-01]])
      jac: array([ 7.00550729e-06,  2.06057393e-06,  7.82263143e-06, -1.38122847e-05,
       -2.63455924e-06, -1.75700195e-05,  6.94629539e-07, -3.38988097e-07,
        1.72417636e-06,  2.49800181e-06,  3.05718414e-06,  3.47721851e-06,
        8.42215186e-06,  6.11880916e-06,  1.73701794e-05, -6.12510043e-06,
       -9.61453139e-06, -9.87321336e-06])
  message: 'Desired error not necessarily achieved due to precision loss.'
     nfev: 2216
      nit: 79
     njev: 116
   status: 2
  success: False
        x: array([ 0.92697093, -1.07549838,  0.76577526,  1.19929017, -1.06577789,
        0.34210019,  2.14451601, -0.83777128,  0.81394613,  0.09371112,
        0.61253209,  1.21820267,  0.02999368,  0.1971225 , -0.31967588,
       -0.98531863, -0.28441894, -0.02458875])
