Program Begingeth
      fun: 0.34831393508843933
 hess_inv: array([[ 6.35482281e+00, -4.64375586e-01,  1.90649305e-01,
         2.89835465e+00, -2.98182797e-01,  1.05153378e+00,
         8.99219986e+00, -2.11298456e+00,  5.89996295e+00,
         6.00492900e-01, -7.66622859e-01,  1.02252556e+00,
        -4.24463975e-01,  5.19312290e-01,  3.04885954e-01,
         1.25677509e-01,  4.28745599e-01, -4.72754374e-02],
       [-4.64375586e-01,  2.27118885e+00, -1.82074198e-01,
        -2.55347522e-01,  1.09265294e+00, -2.38213081e-01,
        -1.45875811e+00,  8.70435156e-01,  1.74032919e+00,
        -6.86113619e-01,  3.21099331e-01, -7.07496421e-02,
         2.67724605e-01,  1.29716404e-02, -2.10035366e-01,
         1.09181524e-01,  1.11253324e-02,  7.98750902e-02],
       [ 1.90649305e-01, -1.82074198e-01,  1.44327860e+00,
         2.05658009e-03, -1.40142475e-01,  7.04869948e-01,
         6.41595977e-01, -1.95800873e+00, -1.91847797e-01,
        -1.02209587e-01, -1.67960278e-01,  2.36120550e-01,
        -9.13494479e-02,  1.89391462e-01,  7.66474430e-02,
         1.60782598e-02,  1.14830477e-01,  2.60740563e-02],
       [ 2.89835465e+00, -2.55347522e-01,  2.05658009e-03,
         1.34381166e+00, -1.58234605e-01,  4.43695300e-01,
         4.28282830e+00, -8.43617884e-01,  2.60575559e+00,
         2.86252036e-01, -3.76021597e-01,  4.34729967e-01,
        -1.87739978e-01,  2.25005026e-01,  1.48904615e-01,
         5.85626264e-02,  1.87271886e-01, -2.49821980e-02],
       [-2.98182797e-01,  1.09265294e+00, -1.40142475e-01,
        -1.58234605e-01,  6.18354335e-01, -1.89827354e-01,
        -2.53198832e+00,  1.18472437e+00,  8.04695478e-01,
        -2.92467457e-01,  2.15393496e-01, -1.23883625e-01,
         2.57153995e-01, -3.37648857e-02, -9.49259629e-02,
         7.47650655e-02, -8.70595497e-02,  8.99761823e-02],
       [ 1.05153378e+00, -2.38213081e-01,  7.04869948e-01,
         4.43695300e-01, -1.89827354e-01,  5.35118531e-01,
         2.66682803e+00, -1.51484090e+00,  8.64689517e-01,
         1.22222392e-01, -2.42367724e-01,  2.88779895e-01,
        -2.03247338e-01,  1.88418872e-01,  9.41160850e-02,
         5.28660602e-03,  1.69346984e-01, -2.80710001e-02],
       [ 8.99219986e+00, -1.45875811e+00,  6.41595977e-01,
         4.28282830e+00, -2.53198832e+00,  2.66682803e+00,
         5.32083248e+01, -1.57773202e+01,  7.84953157e+00,
         7.87917758e-01, -2.07467211e+00,  3.03724947e+00,
        -3.47623827e+00,  1.58658161e+00,  1.88141061e-01,
        -2.69547841e-01,  2.77176085e+00, -1.39055078e+00],
       [-2.11298456e+00,  8.70435156e-01, -1.95800873e+00,
        -8.43617884e-01,  1.18472437e+00, -1.51484090e+00,
        -1.57773202e+01,  1.15700827e+01,  2.61360975e-01,
         1.50457327e-01,  9.75140285e-01, -2.04499147e+00,
         1.05816374e+00, -7.32856674e-01, -1.54995631e-02,
        -4.05883813e-02, -7.68722589e-01,  3.39135214e-01],
       [ 5.89996295e+00,  1.74032919e+00, -1.91847797e-01,
         2.60575559e+00,  8.04695478e-01,  8.64689517e-01,
         7.84953157e+00,  2.61360975e-01,  1.22460287e+01,
         4.60678133e-01,  7.35647845e-01,  4.25428809e-01,
        -3.38811736e-01,  2.76580682e-01, -3.93061761e-02,
         2.30950784e-01,  5.24243873e-01, -7.04306981e-02],
       [ 6.00492900e-01, -6.86113619e-01, -1.02209587e-01,
         2.86252036e-01, -2.92467457e-01,  1.22222392e-01,
         7.87917758e-01,  1.50457327e-01,  4.60678133e-01,
         1.06452740e+00,  9.22246463e-02, -8.40705489e-02,
        -2.79283797e-01, -5.60923945e-02,  1.30994678e-02,
        -3.73829186e-02, -2.90519725e-02, -1.97354696e-01],
       [-7.66622859e-01,  3.21099331e-01, -1.67960278e-01,
        -3.76021597e-01,  2.15393496e-01, -2.42367724e-01,
        -2.07467211e+00,  9.75140285e-01,  7.35647845e-01,
         9.22246463e-02,  9.65617191e-01, -3.12479105e-01,
         8.89570343e-02, -2.57893312e-01, -2.21707042e-01,
         3.24349259e-02, -8.56220312e-02, -1.02079660e-01],
       [ 1.02252556e+00, -7.07496421e-02,  2.36120550e-01,
         4.34729967e-01, -1.23883625e-01,  2.88779895e-01,
         3.03724947e+00, -2.04499147e+00,  4.25428809e-01,
        -8.40705489e-02, -3.12479105e-01,  7.85790786e-01,
        -1.24421823e-01,  2.45265241e-01, -1.63914044e-02,
         7.96155425e-02,  1.89855928e-01, -5.73101751e-03],
       [-4.24463975e-01,  2.67724605e-01, -9.13494479e-02,
        -1.87739978e-01,  2.57153995e-01, -2.03247338e-01,
        -3.47623827e+00,  1.05816374e+00, -3.38811736e-01,
        -2.79283797e-01,  8.89570343e-02, -1.24421823e-01,
         3.41145310e-01, -8.04212751e-02, -8.57695242e-03,
         7.53322056e-02, -1.86842465e-01,  1.48001711e-01],
       [ 5.19312290e-01,  1.29716404e-02,  1.89391462e-01,
         2.25005026e-01, -3.37648857e-02,  1.88418872e-01,
         1.58658161e+00, -7.32856674e-01,  2.76580682e-01,
        -5.60923945e-02, -2.57893312e-01,  2.45265241e-01,
        -8.04212751e-02,  1.55612137e-01,  4.15963053e-02,
         1.06518914e-02,  1.23859543e-01,  9.68717866e-03],
       [ 3.04885954e-01, -2.10035366e-01,  7.66474430e-02,
         1.48904615e-01, -9.49259629e-02,  9.41160850e-02,
         1.88141061e-01, -1.54995631e-02, -3.93061761e-02,
         1.30994678e-02, -2.21707042e-01, -1.63914044e-02,
        -8.57695242e-03,  4.15963053e-02,  1.09556785e-01,
        -1.99022361e-02, -3.48981067e-03,  5.69720946e-02],
       [ 1.25677509e-01,  1.09181524e-01,  1.60782598e-02,
         5.85626264e-02,  7.47650655e-02,  5.28660602e-03,
        -2.69547841e-01, -4.05883813e-02,  2.30950784e-01,
        -3.73829186e-02,  3.24349259e-02,  7.96155425e-02,
         7.53322056e-02,  1.06518914e-02, -1.99022361e-02,
         6.49861885e-02, -1.78647987e-02,  2.10930295e-02],
       [ 4.28745599e-01,  1.11253324e-02,  1.14830477e-01,
         1.87271886e-01, -8.70595497e-02,  1.69346984e-01,
         2.77176085e+00, -7.68722589e-01,  5.24243873e-01,
        -2.90519725e-02, -8.56220312e-02,  1.89855928e-01,
        -1.86842465e-01,  1.23859543e-01, -3.48981067e-03,
        -1.78647987e-02,  2.05362529e-01, -6.51229603e-02],
       [-4.72754374e-02,  7.98750902e-02,  2.60740563e-02,
        -2.49821980e-02,  8.99761823e-02, -2.80710001e-02,
        -1.39055078e+00,  3.39135214e-01, -7.04306981e-02,
        -1.97354696e-01, -1.02079660e-01, -5.73101751e-03,
         1.48001711e-01,  9.68717866e-03,  5.69720946e-02,
         2.10930295e-02, -6.51229603e-02,  1.27751482e-01]])
      jac: array([-6.58317845e-05, -4.03862129e-05,  4.23017177e-05,  1.27230818e-04,
        1.17802434e-04, -1.06705015e-04, -3.78030940e-06, -1.78005758e-05,
        1.95410355e-05,  2.62682468e-05, -1.89681604e-05,  8.23655958e-05,
        1.63929981e-04, -1.46539077e-04,  3.10843943e-04, -2.03277395e-04,
        1.80995219e-04, -2.51139850e-04])
  message: 'Desired error not necessarily achieved due to precision loss.'
     nfev: 2823
      nit: 94
     njev: 148
   status: 2
  success: False
        x: array([ 1.73157946, -0.95779978,  0.60037278,  1.60859752, -1.0210204 ,
        0.29266694,  0.32837502, -1.48720667,  0.7620621 , -0.01455959,
        0.41094621,  1.17805196, -0.01245211,  0.10042963, -0.25414883,
       -1.28348167, -0.55643745,  0.02224638])
