Program Begingeth
      fun: 0.27202451533992883
 hess_inv: array([[ 3.74553920e+00,  1.34598400e-01,  1.13208789e+00,
         1.90068201e+00,  7.51780536e-03, -1.58327148e-02,
         4.11354536e+00,  8.06894283e-02, -3.74893966e+00,
         5.96261657e-01,  4.98729456e-01, -3.72140585e-01,
        -2.44563396e-02, -1.94980928e-01, -1.05271804e-01,
         7.96556122e-02, -3.86773508e-02,  6.42921456e-02],
       [ 1.34598400e-01,  1.43186016e+00, -1.91335438e-01,
         9.85212547e-02,  7.10451472e-01, -1.54142881e-01,
         2.18475479e-01,  7.70043330e-01,  1.02970760e+00,
         4.41215487e-01,  3.39750211e-01, -3.89274981e-02,
        -1.19458951e-01,  2.32561091e-02, -1.39519597e-01,
        -7.17942868e-02,  6.22900517e-02, -4.63585820e-05],
       [ 1.13208789e+00, -1.91335438e-01,  1.74414646e+00,
         6.69831814e-01, -1.42775577e-01,  6.77563316e-01,
         2.05047629e+00, -1.69606021e+00, -1.51020790e+00,
         2.08235946e-01, -8.84415590e-02,  1.95510625e-01,
         7.49551931e-03,  1.25543966e-01,  6.90497856e-02,
        -9.83575789e-03,  7.14527348e-02,  8.95788451e-02],
       [ 1.90068201e+00,  9.85212547e-02,  6.69831814e-01,
         9.86951766e-01,  1.97131785e-02,  3.57665042e-02,
         2.28999314e+00, -6.92581711e-02, -1.84078832e+00,
         2.99912457e-01,  2.80839585e-01, -1.54417351e-01,
        -6.48331260e-03, -8.63320110e-02, -6.13938538e-02,
         3.70760192e-02, -8.38518394e-03,  3.26070362e-02],
       [ 7.51780536e-03,  7.10451472e-01, -1.42775577e-01,
         1.97131785e-02,  3.91007625e-01, -1.09065637e-01,
         3.88729452e-01,  7.73204513e-01,  6.10885455e-01,
         2.09030280e-01,  2.25890026e-01, -4.47520793e-02,
        -9.55293892e-02, -8.34772705e-04, -7.97554004e-02,
        -5.60943332e-02,  1.61648663e-02,  4.04088496e-03],
       [-1.58327148e-02, -1.54142881e-01,  6.77563316e-01,
         3.57665042e-02, -1.09065637e-01,  3.66067212e-01,
         5.83515910e-02, -1.05247945e+00, -8.26353381e-02,
        -5.83487120e-02, -1.81784470e-01,  1.64634801e-01,
         5.53882893e-02,  1.10701893e-01,  6.76479741e-02,
         2.92909239e-03,  5.87102650e-02,  2.58353764e-02],
       [ 4.11354536e+00,  2.18475479e-01,  2.05047629e+00,
         2.28999314e+00,  3.88729452e-01,  5.83515910e-02,
         1.15098201e+01,  2.60866288e+00, -4.11336408e+00,
         8.14741794e-01,  1.38707313e+00, -4.30840166e-01,
        -5.34410522e-01, -4.12337553e-01, -2.60092064e-01,
        -1.93680443e-01, -3.14468918e-01,  2.26711576e-01],
       [ 8.06894283e-02,  7.70043330e-01, -1.69606021e+00,
        -6.92581711e-02,  7.73204513e-01, -1.05247945e+00,
         2.60866288e+00,  7.07841324e+00,  1.25145349e+00,
         4.05898897e-01,  9.38933187e-01, -1.08774697e+00,
        -4.44689748e-01, -4.22219919e-01, -1.62323736e-01,
        -9.61156198e-02, -2.51647437e-01,  3.53557469e-02],
       [-3.74893966e+00,  1.02970760e+00, -1.51020790e+00,
        -1.84078832e+00,  6.10885455e-01, -8.26353381e-02,
        -4.11336408e+00,  1.25145349e+00,  7.04638063e+00,
        -5.69311320e-01,  3.52010994e-01,  3.30889352e-02,
         5.95914199e-02,  1.29398343e-01, -5.24671136e-02,
        -1.04568735e-01,  1.52148082e-01, -1.47074424e-01],
       [ 5.96261657e-01,  4.41215487e-01,  2.08235946e-01,
         2.99912457e-01,  2.09030280e-01, -5.83487120e-02,
         8.14741794e-01,  4.05898897e-01, -5.69311320e-01,
         1.05503169e+00,  8.83484134e-02, -5.62793361e-02,
        -2.58421369e-01, -1.27023184e-02,  6.28066981e-02,
        -3.06618858e-02,  1.56274625e-02,  2.20813928e-01],
       [ 4.98729456e-01,  3.39750211e-01, -8.84415590e-02,
         2.80839585e-01,  2.25890026e-01, -1.81784470e-01,
         1.38707313e+00,  9.38933187e-01,  3.52010994e-01,
         8.83484134e-02,  7.81878493e-01, -2.05571358e-01,
        -7.54733056e-02, -1.69620887e-01, -1.67384126e-01,
        -4.57975548e-02, -2.48523576e-02, -6.54090118e-02],
       [-3.72140585e-01, -3.89274981e-02,  1.95510625e-01,
        -1.54417351e-01, -4.47520793e-02,  1.64634801e-01,
        -4.30840166e-01, -1.08774697e+00,  3.30889352e-02,
        -5.62793361e-02, -2.05571358e-01,  4.81568940e-01,
         3.02288769e-03,  1.32386724e-01, -1.14074475e-02,
        -5.88841984e-02,  5.91813578e-02,  1.86506692e-02],
       [-2.44563396e-02, -1.19458951e-01,  7.49551931e-03,
        -6.48331260e-03, -9.55293892e-02,  5.53882893e-02,
        -5.34410522e-01, -4.44689748e-01,  5.95914199e-02,
        -2.58421369e-01, -7.54733056e-02,  3.02288769e-03,
         1.40066436e-01,  2.43557621e-02,  6.20486052e-04,
         6.13430710e-02,  3.15161289e-02, -6.57888782e-02],
       [-1.94980928e-01,  2.32561091e-02,  1.25543966e-01,
        -8.63320110e-02, -8.34772705e-04,  1.10701893e-01,
        -4.12337553e-01, -4.22219919e-01,  1.29398343e-01,
        -1.27023184e-02, -1.69620887e-01,  1.32386724e-01,
         2.43557621e-02,  9.85306017e-02,  2.95616253e-02,
        -3.45301498e-03,  5.95511339e-02,  1.41666316e-02],
       [-1.05271804e-01, -1.39519597e-01,  6.90497856e-02,
        -6.13938538e-02, -7.97554004e-02,  6.76479741e-02,
        -2.60092064e-01, -1.62323736e-01, -5.24671136e-02,
         6.28066981e-02, -1.67384126e-01, -1.14074475e-02,
         6.20486052e-04,  2.95616253e-02,  8.68124862e-02,
         1.96348244e-02,  3.46485522e-03,  5.92098700e-02],
       [ 7.96556122e-02, -7.17942868e-02, -9.83575789e-03,
         3.70760192e-02, -5.60943332e-02,  2.92909239e-03,
        -1.93680443e-01, -9.61156198e-02, -1.04568735e-01,
        -3.06618858e-02, -4.57975548e-02, -5.88841984e-02,
         6.13430710e-02, -3.45301498e-03,  1.96348244e-02,
         5.63086338e-02,  7.89588973e-03, -1.08075122e-02],
       [-3.86773508e-02,  6.22900517e-02,  7.14527348e-02,
        -8.38518394e-03,  1.61648663e-02,  5.87102650e-02,
        -3.14468918e-01, -2.51647437e-01,  1.52148082e-01,
         1.56274625e-02, -2.48523576e-02,  5.91813578e-02,
         3.15161289e-02,  5.95511339e-02,  3.46485522e-03,
         7.89588973e-03,  6.62995738e-02, -2.70375409e-03],
       [ 6.42921456e-02, -4.63585820e-05,  8.95788451e-02,
         3.26070362e-02,  4.04088496e-03,  2.58353764e-02,
         2.26711576e-01,  3.53557469e-02, -1.47074424e-01,
         2.20813928e-01, -6.54090118e-02,  1.86506692e-02,
        -6.57888782e-02,  1.41666316e-02,  5.92098700e-02,
        -1.08075122e-02, -2.70375409e-03,  9.30289134e-02]])
      jac: array([-1.98248825e-06, -3.77623858e-06, -5.63586215e-06,  5.24765416e-06,
        1.01574305e-05,  1.14112423e-05, -1.75785312e-07, -6.12843110e-07,
       -9.83657600e-07,  6.23205191e-07, -1.03657823e-06, -2.30556315e-06,
        3.11861648e-06, -9.47168270e-06, -5.98225173e-06, -4.72992016e-06,
        5.60551605e-06,  5.77908092e-06])
  message: 'Desired error not necessarily achieved due to precision loss.'
     nfev: 1646
      nit: 64
     njev: 86
   status: 2
  success: False
        x: array([-1.76247423, -1.21093161,  0.63936811, -1.54094918, -1.26818289,
        0.35517436, -0.60146944, -1.63422657,  1.12440036,  0.01486431,
        0.48193152,  1.18221072,  0.11452511,  0.24971909, -0.24242565,
        1.36850038, -0.02315757,  0.01064574])
