Program Begingeth
      fun: 0.3458035721689092
 hess_inv: array([[ 8.71245817e+00,  3.27731105e-01, -1.21988004e-02,
         4.15261350e-01, -1.23609677e+00,  6.46446258e-01,
         2.62095643e+00, -2.80328012e-01, -2.39042703e+00,
        -1.52449209e+00, -1.42717957e+00,  1.29386978e-01,
        -2.27869565e+00, -2.10305611e-01,  3.43508401e-01,
         1.08801071e+00,  1.12825596e+00, -6.03330589e-01],
       [ 3.27731105e-01,  1.29510604e+00,  3.10988555e-01,
         1.76524182e-01,  1.40310129e-01, -1.26171056e-02,
         3.61284501e-01,  4.77320709e-01, -7.78125335e-01,
         8.61219014e-02, -2.44682715e-01, -7.89928404e-01,
        -3.25016176e-02, -1.63258325e-01,  9.64629407e-02,
        -4.23388893e-02,  2.99361911e-01,  1.80261192e-02],
       [-1.21988004e-02,  3.10988555e-01,  1.36759379e+00,
         1.18240058e-01,  1.65658256e-01,  1.67552548e-01,
         1.34037119e+00,  9.94476232e-01,  5.93477342e-02,
         8.82838111e-03,  5.82704069e-01, -4.87087568e-01,
         6.01548965e-02, -1.13376221e-01, -1.09977002e-01,
         4.49047223e-02,  6.46653152e-02,  2.68174280e-01],
       [ 4.15261350e-01,  1.76524182e-01,  1.18240058e-01,
         1.39058273e-01, -1.53619978e-02,  5.69888597e-02,
         7.40169688e-01,  1.20107881e-02, -3.49374568e-01,
        -2.23646390e-02, -1.45398141e-01, -7.93918270e-02,
        -3.66201287e-02, -1.58999594e-02,  5.44067768e-02,
         6.51547222e-02,  5.57844170e-02,  8.65266511e-03],
       [-1.23609677e+00,  1.40310129e-01,  1.65658256e-01,
        -1.53619978e-02,  2.87272565e-01, -1.05429701e-01,
        -1.62202125e-01,  6.51810669e-01,  2.32907695e-01,
         1.20323892e-01,  1.64326305e-01, -9.14843208e-02,
         3.86790418e-01,  5.86045029e-02, -7.55390428e-02,
        -1.35581899e-01, -1.17727038e-01,  1.30839505e-01],
       [ 6.46446258e-01, -1.26171056e-02,  1.67552548e-01,
         5.69888597e-02, -1.05429701e-01,  1.92999654e-01,
         7.07945806e-01, -3.32003722e-01,  8.63863807e-02,
         1.45093239e-01, -1.30655602e-01,  1.65304469e-02,
        -2.41415695e-01,  7.46166125e-03,  9.47600824e-02,
         7.05597294e-02,  7.51783811e-02, -2.20391268e-02],
       [ 2.62095643e+00,  3.61284501e-01,  1.34037119e+00,
         7.40169688e-01, -1.62202125e-01,  7.07945806e-01,
         6.63005877e+00, -2.97887308e-01, -1.37290164e+00,
         1.79251776e-01, -6.39460271e-01,  1.85286788e-01,
        -5.71552846e-01,  8.47308488e-02,  2.65712273e-01,
         3.86207917e-01,  3.18047892e-01,  1.03150476e-01],
       [-2.80328012e-01,  4.77320709e-01,  9.94476232e-01,
         1.20107881e-02,  6.51810669e-01, -3.32003722e-01,
        -2.97887308e-01,  5.85835837e+00, -2.25625775e-01,
        -1.55365026e+00,  4.11395066e-03, -5.10015943e-01,
         5.33424411e-01,  1.24086173e-01, -3.66906442e-01,
         6.44599988e-02,  1.11178505e-01,  3.52482837e-01],
       [-2.39042703e+00, -7.78125335e-01,  5.93477342e-02,
        -3.49374568e-01,  2.32907695e-01,  8.63863807e-02,
        -1.37290164e+00, -2.25625775e-01,  3.56996956e+00,
         1.91849481e-01,  8.13802487e-01, -2.96805126e-02,
         4.93199550e-01,  1.35900732e-01, -6.72970413e-02,
        -2.82291875e-01, -3.52770060e-01,  1.51853469e-01],
       [-1.52449209e+00,  8.61219014e-02,  8.82838111e-03,
        -2.23646390e-02,  1.20323892e-01,  1.45093239e-01,
         1.79251776e-01, -1.55365026e+00,  1.91849481e-01,
         1.91961747e+00,  2.80350751e-01, -2.07595167e-02,
         1.05990648e-02, -4.48175795e-02,  7.50488379e-02,
        -2.42193876e-01, -2.42429394e-01, -8.15027563e-02],
       [-1.42717957e+00, -2.44682715e-01,  5.82704069e-01,
        -1.45398141e-01,  1.64326305e-01, -1.30655602e-01,
        -6.39460271e-01,  4.11395066e-03,  8.13802487e-01,
         2.80350751e-01,  1.43704080e+00, -2.28193113e-01,
         3.52038799e-01, -2.06911021e-01, -3.00348067e-01,
        -1.08972098e-01, -2.17899267e-01,  1.01530967e-01],
       [ 1.29386978e-01, -7.89928404e-01, -4.87087568e-01,
        -7.93918270e-02, -9.14843208e-02,  1.65304469e-02,
         1.85286788e-01, -5.10015943e-01, -2.96805126e-02,
        -2.07595167e-02, -2.28193113e-01,  1.08028519e+00,
        -7.99096344e-02,  2.41736436e-01, -6.90789969e-02,
         8.48234253e-02, -1.07012108e-01, -7.58243182e-02],
       [-2.27869565e+00, -3.25016176e-02,  6.01548965e-02,
        -3.66201287e-02,  3.86790418e-01, -2.41415695e-01,
        -5.71552846e-01,  5.33424411e-01,  4.93199550e-01,
         1.05990648e-02,  3.52038799e-01, -7.99096344e-02,
         7.77015898e-01,  6.69042478e-02, -1.16338441e-01,
        -2.35374275e-01, -2.97360766e-01,  2.27233135e-01],
       [-2.10305611e-01, -1.63258325e-01, -1.13376221e-01,
        -1.58999594e-02,  5.86045029e-02,  7.46166125e-03,
         8.47308488e-02,  1.24086173e-01,  1.35900732e-01,
        -4.48175795e-02, -2.06911021e-01,  2.41736436e-01,
         6.69042478e-02,  1.37971782e-01,  1.10400828e-02,
        -1.27009364e-02, -3.39946786e-02,  2.76735455e-02],
       [ 3.43508401e-01,  9.64629407e-02, -1.09977002e-01,
         5.44067768e-02, -7.55390428e-02,  9.47600824e-02,
         2.65712273e-01, -3.66906442e-01, -6.72970413e-02,
         7.50488379e-02, -3.00348067e-01, -6.90789969e-02,
        -1.16338441e-01,  1.10400828e-02,  1.45425771e-01,
         9.51159263e-03,  4.67130619e-02, -2.05365304e-02],
       [ 1.08801071e+00, -4.23388893e-02,  4.49047223e-02,
         6.51547222e-02, -1.35581899e-01,  7.05597294e-02,
         3.86207917e-01,  6.44599988e-02, -2.82291875e-01,
        -2.42193876e-01, -1.08972098e-01,  8.48234253e-02,
        -2.35374275e-01, -1.27009364e-02,  9.51159263e-03,
         1.81755733e-01,  1.17997982e-01, -5.87464914e-02],
       [ 1.12825596e+00,  2.99361911e-01,  6.46653152e-02,
         5.57844170e-02, -1.17727038e-01,  7.51783811e-02,
         3.18047892e-01,  1.11178505e-01, -3.52770060e-01,
        -2.42429394e-01, -2.17899267e-01, -1.07012108e-01,
        -2.97360766e-01, -3.39946786e-02,  4.67130619e-02,
         1.17997982e-01,  2.33978207e-01, -6.60644102e-02],
       [-6.03330589e-01,  1.80261192e-02,  2.68174280e-01,
         8.65266511e-03,  1.30839505e-01, -2.20391268e-02,
         1.03150476e-01,  3.52482837e-01,  1.51853469e-01,
        -8.15027563e-02,  1.01530967e-01, -7.58243182e-02,
         2.27233135e-01,  2.76735455e-02, -2.05365304e-02,
        -5.87464914e-02, -6.60644102e-02,  1.50352059e-01]])
      jac: array([-4.56005604e-06,  9.86877247e-06,  1.06851565e-05,  3.27256740e-06,
       -1.29011616e-05, -1.98874250e-05,  3.37174733e-06,  2.53537931e-06,
        2.48467913e-06, -1.06544403e-06, -6.81676937e-06,  1.58073554e-05,
       -3.49646238e-06, -3.40868074e-05,  2.58478424e-05,  5.60921680e-06,
       -1.69205390e-05,  6.53255228e-06])
  message: 'Desired error not necessarily achieved due to precision loss.'
     nfev: 2652
      nit: 91
     njev: 139
   status: 2
  success: False
        x: array([-0.15001491, -0.81681989,  0.3447774 ,  1.30675628, -0.60905666,
        0.13755445,  1.79378851, -0.48994494,  1.30294871,  0.11532073,
        0.53047919,  1.03595113,  0.22425562,  0.08724778, -0.26761458,
       -1.34643344, -0.89832243,  0.07697806])
