Program Begingeth
      fun: 0.2933841396299688
 hess_inv: array([[ 6.05563705e-01, -9.60159442e-02, -2.04508545e-02,
        -1.63441858e-02,  1.39641504e-01,  2.16173333e-01,
         5.50734256e-02,  3.23946302e-01,  3.12057115e-01,
        -1.36900667e-01,  3.20719353e-01,  2.78289229e-01,
        -2.22985802e-01,  3.13798632e-02, -2.33873618e-02,
         2.03184816e-02, -7.37788515e-02, -2.29563610e-01],
       [-9.60159442e-02,  4.31669315e-01, -4.81980623e-02,
         1.79541532e-01, -1.40776524e-02, -2.86664939e-01,
         5.64310178e-01,  2.18843101e-01,  1.17357988e-01,
         6.11448997e-01, -8.84339204e-02, -5.33618514e-01,
         7.70896070e-02, -1.52785764e-01, -1.87441980e-01,
         4.92584848e-02,  4.75531940e-02, -5.06998808e-02],
       [-2.04508545e-02, -4.81980623e-02,  2.33973450e-01,
        -6.88707262e-02,  8.80148334e-02,  1.95558708e-02,
        -2.58650890e-02,  9.07137038e-02, -5.18314583e-02,
        -2.36868160e-01,  5.98614604e-02,  1.53637211e-02,
         5.36698452e-02,  1.19089210e-01, -4.37986582e-02,
         8.53602089e-02,  4.75892761e-02,  4.69749917e-02],
       [-1.63441858e-02,  1.79541532e-01, -6.88707262e-02,
         6.62124388e-01,  2.50191436e-01, -2.05372474e-01,
         1.67337063e+00,  8.75964931e-01,  1.68125208e+00,
         1.69037556e+00,  7.38897556e-01, -1.02764042e+00,
         2.41471199e-01, -9.78048858e-02, -6.25945035e-03,
         9.18133886e-02, -7.24057501e-02,  7.68358382e-02],
       [ 1.39641504e-01, -1.40776524e-02,  8.80148334e-02,
         2.50191436e-01,  3.84442954e-01, -3.11206778e-03,
         7.53895913e-01,  8.87185183e-01,  1.02489918e+00,
         5.49481936e-01,  9.29134103e-01, -5.71776118e-01,
         9.24207953e-02,  1.16369390e-01,  3.65163404e-02,
         1.03631630e-01, -5.88395344e-03,  2.50045853e-02],
       [ 2.16173333e-01, -2.86664939e-01,  1.95558708e-02,
        -2.05372474e-01, -3.11206778e-03,  3.70832530e-01,
        -7.53713412e-01, -2.90501027e-01, -1.20097714e-01,
        -6.61013299e-01,  1.13722701e-01,  8.75294722e-01,
        -1.37413996e-01,  5.94054524e-02,  1.48895403e-01,
        -6.03446772e-02, -6.91206475e-02, -3.27747779e-02],
       [ 5.50734256e-02,  5.64310178e-01, -2.58650890e-02,
         1.67337063e+00,  7.53895913e-01, -7.53713412e-01,
         5.52664136e+00,  2.39481560e+00,  4.29346979e+00,
         3.99918511e+00,  1.83811663e+00, -3.29162420e+00,
         6.06893015e-01, -1.33012839e-01, -2.37638979e-01,
         3.19077701e-01, -1.21788686e-01,  8.63696487e-02],
       [ 3.23946302e-01,  2.18843101e-01,  9.07137038e-02,
         8.75964931e-01,  8.87185183e-01, -2.90501027e-01,
         2.39481560e+00,  4.46531534e+00,  3.15301626e+00,
         2.93991557e+00,  1.80726692e+00, -2.47457973e+00,
         6.38294435e-03,  1.78939376e-01,  4.64319098e-02,
         1.18531242e-01,  1.22407147e-01,  5.91455917e-02],
       [ 3.12057115e-01,  1.17357988e-01, -5.18314583e-02,
         1.68125208e+00,  1.02489918e+00, -1.20097714e-01,
         4.29346979e+00,  3.15301626e+00,  6.10763512e+00,
         4.31498563e+00,  2.97853517e+00, -2.59285851e+00,
         4.50228170e-01, -1.95975586e-02,  1.51273129e-01,
         2.06826325e-01, -1.70533337e-01,  1.28954836e-01],
       [-1.36900667e-01,  6.11448997e-01, -2.36868160e-01,
         1.69037556e+00,  5.49481936e-01, -6.61013299e-01,
         3.99918511e+00,  2.93991557e+00,  4.31498563e+00,
         4.99809746e+00,  1.59728643e+00, -3.01681844e+00,
         4.52118148e-01, -2.64948575e-01, -3.60562258e-02,
         1.31692687e-01, -1.59838676e-02,  2.05865655e-01],
       [ 3.20719353e-01, -8.84339204e-02,  5.98614604e-02,
         7.38897556e-01,  9.29134103e-01,  1.13722701e-01,
         1.83811663e+00,  1.80726692e+00,  2.97853517e+00,
         1.59728643e+00,  2.65980152e+00, -1.18546949e+00,
         2.55459081e-01,  1.85281591e-01,  2.19802296e-01,
         1.81052652e-01, -9.04795790e-02,  9.33309644e-02],
       [ 2.78289229e-01, -5.33618514e-01,  1.53637211e-02,
        -1.02764042e+00, -5.71776118e-01,  8.75294722e-01,
        -3.29162420e+00, -2.47457973e+00, -2.59285851e+00,
        -3.01681844e+00, -1.18546949e+00,  3.37665870e+00,
        -3.97328675e-01, -5.03971420e-02,  1.90520342e-01,
        -2.15165921e-01, -1.75520094e-01, -1.39480661e-01],
       [-2.22985802e-01,  7.70896070e-02,  5.36698452e-02,
         2.41471199e-01,  9.24207953e-02, -1.37413996e-01,
         6.06893015e-01,  6.38294435e-03,  4.50228170e-01,
         4.52118148e-01,  2.55459081e-01, -3.97328675e-01,
         2.68187311e-01, -2.41162771e-02, -1.02457453e-02,
         1.10529425e-01, -3.75584120e-02,  1.25471944e-01],
       [ 3.13798632e-02, -1.52785764e-01,  1.19089210e-01,
        -9.78048858e-02,  1.16369390e-01,  5.94054524e-02,
        -1.33012839e-01,  1.78939376e-01, -1.95975586e-02,
        -2.64948575e-01,  1.85281591e-01, -5.03971420e-02,
        -2.41162771e-02,  1.75153081e-01,  4.40488184e-02,
         2.49134002e-02,  6.99685085e-02,  3.22661345e-02],
       [-2.33873618e-02, -1.87441980e-01, -4.37986582e-02,
        -6.25945035e-03,  3.65163404e-02,  1.48895403e-01,
        -2.37638979e-01,  4.64319098e-02,  1.51273129e-01,
        -3.60562258e-02,  2.19802296e-01,  1.90520342e-01,
        -1.02457453e-02,  4.40488184e-02,  1.76466585e-01,
        -5.41184314e-02, -2.72321292e-02,  8.88607918e-02],
       [ 2.03184816e-02,  4.92584848e-02,  8.53602089e-02,
         9.18133886e-02,  1.03631630e-01, -6.03446772e-02,
         3.19077701e-01,  1.18531242e-01,  2.06826325e-01,
         1.31692687e-01,  1.81052652e-01, -2.15165921e-01,
         1.10529425e-01,  2.49134002e-02, -5.41184314e-02,
         1.14040666e-01, -1.07413548e-02,  9.34295524e-03],
       [-7.37788515e-02,  4.75531940e-02,  4.75892761e-02,
        -7.24057501e-02, -5.88395344e-03, -6.91206475e-02,
        -1.21788686e-01,  1.22407147e-01, -1.70533337e-01,
        -1.59838676e-02, -9.04795790e-02, -1.75520094e-01,
        -3.75584120e-02,  6.99685085e-02, -2.72321292e-02,
        -1.07413548e-02,  1.18364528e-01,  1.50860766e-02],
       [-2.29563610e-01, -5.06998808e-02,  4.69749917e-02,
         7.68358382e-02,  2.50045853e-02, -3.27747779e-02,
         8.63696487e-02,  5.91455917e-02,  1.28954836e-01,
         2.05865655e-01,  9.33309644e-02, -1.39480661e-01,
         1.25471944e-01,  3.22661345e-02,  8.88607918e-02,
         9.34295524e-03,  1.50860766e-02,  1.68857971e-01]])
      jac: array([-1.28637841e-06, -2.38697950e-07, -7.86778050e-07,  1.87368639e-06,
        3.34214138e-06,  1.16499403e-06,  6.95739762e-08, -2.48319883e-07,
       -9.43689571e-08, -5.36977870e-07, -8.68194405e-07,  5.18104078e-08,
       -3.56936702e-06, -2.24117021e-06, -3.33436982e-07,  3.49276164e-06,
        1.40961317e-06,  1.54654067e-06])
  message: 'Optimization terminated successfully.'
     nfev: 1691
      nit: 77
     njev: 89
   status: 0
  success: True
        x: array([ 0.0585574 ,  0.31195821,  0.82029819,  1.09901254, -1.16307584,
       -0.35598776,  2.17920834, -0.97971381, -1.18020036,  0.93398677,
       -1.64332863, -0.88040611,  0.11125897,  0.05717405, -0.41519266,
       -1.00448777, -0.29077225,  0.00229074])
