Program Begingeth
      fun: 0.3656997226235434
 hess_inv: array([[ 7.44879359e+00, -4.68530716e-01,  1.21972982e+00,
         1.90994416e+00, -6.44319415e-01,  1.68009776e+00,
        -1.56430932e+00,  5.02380592e-01,  4.92323504e+00,
        -6.85500440e-01, -7.72246618e-01,  3.07235967e-01,
        -1.12660449e+00,  3.07161325e-01,  4.23917254e-01,
        -2.27815533e-01,  8.78521647e-01, -4.59160634e-01],
       [-4.68530716e-01,  4.96228497e+00,  1.71045606e+00,
        -1.07624676e-01,  1.96263762e+00,  5.74592172e-01,
        -6.81366954e+00, -3.02283079e-01,  5.49845363e+00,
        -2.75889041e-03,  3.68759907e-01, -1.70428199e+00,
         5.45103300e-01, -4.60738657e-01, -1.52305065e-01,
        -1.30081445e-02, -3.96984007e-01, -2.71379346e-02],
       [ 1.21972982e+00,  1.71045606e+00,  2.84688103e+00,
        -2.68609705e-02,  5.74885443e-01,  1.14464635e+00,
        -4.93692815e+00, -2.17999285e+00,  2.98712091e+00,
        -9.57428335e-03,  8.60285791e-01, -7.16783789e-01,
        -1.14441152e-01, -1.52018194e-01, -2.38058668e-01,
         1.21282056e-01,  4.01122570e-02, -1.97718398e-01],
       [ 1.90994416e+00, -1.07624676e-01, -2.68609705e-02,
         6.00405856e-01, -1.81671118e-01,  3.08797861e-01,
         4.94606985e-01,  4.74611156e-01,  1.28658946e+00,
        -2.51191840e-01, -3.47571693e-01,  4.58111561e-02,
        -2.39579003e-01,  6.76388977e-02,  1.71090578e-01,
        -7.81230732e-02,  2.27107850e-01, -6.72134722e-02],
       [-6.44319415e-01,  1.96263762e+00,  5.74885443e-01,
        -1.81671118e-01,  9.62013629e-01,  1.60635357e-01,
        -3.86779438e+00,  4.46082901e-01,  1.75197108e+00,
         1.96866687e-01,  1.13130244e-01, -5.76597297e-01,
         3.57171176e-01, -1.31989785e-01, -6.26336455e-02,
         6.73539994e-02, -3.01807489e-01,  7.17157542e-03],
       [ 1.68009776e+00,  5.74592172e-01,  1.14464635e+00,
         3.08797861e-01,  1.60635357e-01,  7.47568202e-01,
        -2.57371231e+00, -3.51506633e-01,  2.22279014e+00,
         2.69999568e-02,  3.35322950e-02, -1.73063005e-01,
        -2.44223293e-01,  1.84843485e-02,  5.00077100e-02,
        -2.37527744e-02,  1.16119191e-01, -1.39705511e-01],
       [-1.56430932e+00, -6.81366954e+00, -4.93692815e+00,
         4.94606985e-01, -3.86779438e+00, -2.57371231e+00,
         2.98681337e+01, -1.48072470e+00, -9.73184361e+00,
        -1.66173936e+00, -7.39589125e-01,  1.60783610e+00,
        -8.14401811e-01,  3.08972076e-01,  2.44806174e-01,
        -4.09730909e-01,  1.49305269e+00,  6.35789882e-01],
       [ 5.02380592e-01, -3.02283079e-01, -2.17999285e+00,
         4.74611156e-01,  4.46082901e-01, -3.51506633e-01,
        -1.48072470e+00,  6.65879564e+00, -2.37327198e-01,
         3.85987354e-01, -1.24180538e+00,  3.35183704e-01,
         1.51978728e-01,  2.92445402e-01,  5.90199931e-01,
        -1.78637211e-01, -1.42210527e-01,  1.14626688e-01],
       [ 4.92323504e+00,  5.49845363e+00,  2.98712091e+00,
         1.28658946e+00,  1.75197108e+00,  2.22279014e+00,
        -9.73184361e+00, -2.37327198e-01,  1.35042077e+01,
        -3.29658517e-01, -1.41512584e-01, -1.73837901e+00,
        -2.68713895e-01, -4.89210417e-01,  2.63014990e-01,
        -3.08606696e-01,  3.73900859e-02, -2.34362018e-01],
       [-6.85500440e-01, -2.75889041e-03, -9.57428335e-03,
        -2.51191840e-01,  1.96866687e-01,  2.69999568e-02,
        -1.66173936e+00,  3.85987354e-01, -3.29658517e-01,
         8.67101094e-01,  9.58902481e-02,  5.76914608e-02,
        -1.25231506e-02, -2.00324101e-02, -4.33847956e-02,
         3.84474931e-02, -2.40210247e-01, -1.16759945e-01],
       [-7.72246618e-01,  3.68759907e-01,  8.60285791e-01,
        -3.47571693e-01,  1.13130244e-01,  3.35322950e-02,
        -7.39589125e-01, -1.24180538e+00, -1.41512584e-01,
         9.58902481e-02,  1.11593130e+00, -3.39175922e-01,
         8.14650037e-02, -2.69244209e-01, -3.25003067e-01,
         1.04742623e-01, -9.99442016e-02, -1.23176126e-01],
       [ 3.07235967e-01, -1.70428199e+00, -7.16783789e-01,
         4.58111561e-02, -5.76597297e-01, -1.73063005e-01,
         1.60783610e+00,  3.35183704e-01, -1.73837901e+00,
         5.76914608e-02, -3.39175922e-01,  9.86676818e-01,
        -1.58820985e-01,  2.88613879e-01,  3.19232525e-02,
         6.41193927e-02,  1.46161471e-01,  6.78714492e-03],
       [-1.12660449e+00,  5.45103300e-01, -1.14441152e-01,
        -2.39579003e-01,  3.57171176e-01, -2.44223293e-01,
        -8.14401811e-01,  1.51978728e-01, -2.68713895e-01,
        -1.25231506e-02,  8.14650037e-02, -1.58820985e-01,
         3.73314531e-01, -6.85423573e-02, -5.83782087e-02,
         1.16178025e-01, -2.36824559e-01,  1.12008383e-01],
       [ 3.07161325e-01, -4.60738657e-01, -1.52018194e-01,
         6.76388977e-02, -1.31989785e-01,  1.84843485e-02,
         3.08972076e-01,  2.92445402e-01, -4.89210417e-01,
        -2.00324101e-02, -2.69244209e-01,  2.88613879e-01,
        -6.85423573e-02,  1.71371220e-01,  6.15660692e-02,
         1.33345952e-02,  1.00440528e-01,  1.68673584e-02],
       [ 4.23917254e-01, -1.52305065e-01, -2.38058668e-01,
         1.71090578e-01, -6.26336455e-02,  5.00077100e-02,
         2.44806174e-01,  5.90199931e-01,  2.63014990e-01,
        -4.33847956e-02, -3.25003067e-01,  3.19232525e-02,
        -5.83782087e-02,  6.15660692e-02,  1.61424602e-01,
        -6.19566431e-02,  4.04217280e-02,  5.24467532e-02],
       [-2.27815533e-01, -1.30081445e-02,  1.21282056e-01,
        -7.81230732e-02,  6.73539994e-02, -2.37527744e-02,
        -4.09730909e-01, -1.78637211e-01, -3.08606696e-01,
         3.84474931e-02,  1.04742623e-01,  6.41193927e-02,
         1.16178025e-01,  1.33345952e-02, -6.19566431e-02,
         1.15857323e-01, -6.55227564e-02,  6.25495262e-03],
       [ 8.78521647e-01, -3.96984007e-01,  4.01122570e-02,
         2.27107850e-01, -3.01807489e-01,  1.16119191e-01,
         1.49305269e+00, -1.42210527e-01,  3.73900859e-02,
        -2.40210247e-01, -9.99442016e-02,  1.46161471e-01,
        -2.36824559e-01,  1.00440528e-01,  4.04217280e-02,
        -6.55227564e-02,  2.89694160e-01, -2.95189434e-02],
       [-4.59160634e-01, -2.71379346e-02, -1.97718398e-01,
        -6.72134722e-02,  7.17157542e-03, -1.39705511e-01,
         6.35789882e-01,  1.14626688e-01, -2.34362018e-01,
        -1.16759945e-01, -1.23176126e-01,  6.78714492e-03,
         1.12008383e-01,  1.68673584e-02,  5.24467532e-02,
         6.25495262e-03, -2.95189434e-02,  1.33310785e-01]])
      jac: array([ 5.18104078e-08, -3.92278802e-08, -2.46469512e-07, -8.58572473e-08,
        1.33226763e-07,  7.02401100e-07,  1.40628250e-08, -2.47949809e-08,
       -8.84477676e-08,  8.99280650e-08, -2.59052039e-08, -1.63942933e-07,
        1.21384384e-07, -2.43878991e-07, -7.09062439e-07, -1.02510593e-07,
        1.77635684e-07,  5.64363371e-07])
  message: 'Optimization terminated successfully.'
     nfev: 1406
      nit: 64
     njev: 74
   status: 0
  success: True
        x: array([ 0.6848692 , -1.09166067,  0.50296244,  1.10180865, -1.10386486,
        0.10038673,  0.55594402, -2.02009954, -0.47432017,  0.0114247 ,
        0.48636996,  1.17620448,  0.01744939, -0.03901727, -0.34741921,
       -1.07147028, -0.86910849, -0.01673797])
