Program Begingeth
      fun: 0.39088913409359727
 hess_inv: array([[ 2.17571046e+00,  1.96687244e-01,  1.57470862e-01,
         4.04430456e-01, -5.03760820e-01,  5.21905002e-01,
         9.19142321e-01, -5.82435921e-01,  4.78091377e-01,
         1.27823567e+00, -1.74291868e+00,  2.01309834e-01,
        -8.91043562e-01, -1.81805681e-01,  1.20024909e-01,
        -6.74565748e-02, -4.12316540e-02, -3.64392293e-01],
       [ 1.96687244e-01,  7.71663086e-01, -8.25913024e-02,
        -3.00014713e-01,  4.38429789e-03, -1.69226387e-01,
        -1.46724883e+00,  1.44339440e-01,  2.35023513e-02,
        -8.22434213e-01, -3.11567342e-01, -1.19491741e-01,
        -7.16187689e-02, -2.60064495e-01, -2.31120032e-01,
         3.43388275e-02, -6.28298594e-03, -1.78395735e-01],
       [ 1.57470862e-01, -8.25913024e-02,  4.72870975e-01,
         8.47409287e-02,  2.22747934e-02,  1.49125507e-01,
        -9.19866388e-02, -5.91418874e-01,  3.11089966e-01,
         5.07074513e-01, -6.84484508e-03,  1.18553061e-01,
        -4.83184794e-02,  1.28610833e-01, -7.28719965e-02,
         5.45572707e-02,  4.70179453e-02,  3.05700785e-02],
       [ 4.04430456e-01, -3.00014713e-01,  8.47409287e-02,
         5.57857292e-01, -3.36974885e-02,  3.04411756e-01,
         1.68665746e+00,  5.58414112e-02,  1.10716349e+00,
         1.63727491e+00,  2.48010863e-02,  4.07467674e-02,
        -1.03229772e-01,  7.93939126e-02,  2.03519256e-01,
        -1.08462360e-02, -6.09489380e-03,  2.79377566e-02],
       [-5.03760820e-01,  4.38429789e-03,  2.22747934e-02,
        -3.36974885e-02,  4.78287536e-01, -1.70951117e-01,
        -8.80256219e-01,  9.69879253e-01,  5.91667336e-01,
        -6.81878217e-02,  1.26048723e+00, -2.96180090e-01,
         3.16125917e-01,  1.27310243e-01, -8.57760995e-02,
         9.48816962e-02,  1.55675187e-03,  9.83947364e-02],
       [ 5.21905002e-01, -1.69226387e-01,  1.49125507e-01,
         3.04411756e-01, -1.70951117e-01,  5.07699827e-01,
         1.52988888e+00, -7.34414279e-01,  1.16361004e+00,
         1.08995407e+00, -2.86410357e-01,  7.41620995e-01,
        -3.09600895e-01,  6.03339636e-02,  1.78399949e-01,
        -6.75293031e-02,  6.35447228e-02, -2.74695450e-02],
       [ 9.19142321e-01, -1.46724883e+00, -9.19866388e-02,
         1.68665746e+00, -8.80256219e-01,  1.52988888e+00,
         1.61515052e+01, -3.01454526e+00,  5.02587399e+00,
         4.28489509e+00,  5.12236214e-01,  1.35885579e+00,
        -1.16222425e+00,  1.34065813e-01,  8.98643463e-01,
        -5.66270306e-01,  4.40715999e-01, -2.45327108e-02],
       [-5.82435921e-01,  1.44339440e-01, -5.91418874e-01,
         5.58414112e-02,  9.69879253e-01, -7.34414279e-01,
        -3.01454526e+00,  5.23355973e+00,  3.25182432e-01,
        -2.92868404e-01,  1.78109223e+00, -1.78750564e+00,
         6.79989446e-01,  5.02549228e-02, -1.19518357e-02,
         1.57934916e-01, -1.50321198e-01,  1.41789810e-01],
       [ 4.78091377e-01,  2.35023513e-02,  3.11089966e-01,
         1.10716349e+00,  5.91667336e-01,  1.16361004e+00,
         5.02587399e+00,  3.25182432e-01,  8.33233973e+00,
         3.82583310e+00,  2.65424170e+00,  8.71514552e-01,
        -3.47920536e-01,  1.42303814e-01,  3.06236574e-01,
        -7.67503850e-02,  2.39450184e-01,  5.79417393e-02],
       [ 1.27823567e+00, -8.22434213e-01,  5.07074513e-01,
         1.63727491e+00, -6.81878217e-02,  1.08995407e+00,
         4.28489509e+00, -2.92868404e-01,  3.82583310e+00,
         5.25469598e+00,  7.66468382e-02,  5.04652776e-01,
        -3.93053170e-01,  2.98165085e-01,  5.60628272e-01,
        -3.64011631e-02,  2.37217817e-02,  8.11551483e-02],
       [-1.74291868e+00, -3.11567342e-01, -6.84484508e-03,
         2.48010863e-02,  1.26048723e+00, -2.86410357e-01,
         5.12236214e-01,  1.78109223e+00,  2.65424170e+00,
         7.66468382e-02,  4.26908212e+00, -5.06966485e-01,
         7.84765061e-01,  3.78698521e-01, -1.28246414e-01,
         1.32338614e-01,  9.73065270e-02,  3.22325307e-01],
       [ 2.01309834e-01, -1.19491741e-01,  1.18553061e-01,
         4.07467674e-02, -2.96180090e-01,  7.41620995e-01,
         1.35885579e+00, -1.78750564e+00,  8.71514552e-01,
         5.04652776e-01, -5.06966485e-01,  1.94523239e+00,
        -3.30845583e-01,  9.41205909e-02,  1.83272589e-01,
        -1.07487317e-01,  1.43959179e-01, -1.68371380e-02],
       [-8.91043562e-01, -7.16187689e-02, -4.83184794e-02,
        -1.03229772e-01,  3.16125917e-01, -3.09600895e-01,
        -1.16222425e+00,  6.79989446e-01, -3.47920536e-01,
        -3.93053170e-01,  7.84765061e-01, -3.30845583e-01,
         5.11415492e-01,  9.41069028e-02, -6.70843532e-02,
         1.13770187e-01, -3.98462921e-02,  1.75278745e-01],
       [-1.81805681e-01, -2.60064495e-01,  1.28610833e-01,
         7.93939126e-02,  1.27310243e-01,  6.03339636e-02,
         1.34065813e-01,  5.02549228e-02,  1.42303814e-01,
         2.98165085e-01,  3.78698521e-01,  9.41205909e-02,
         9.41069028e-02,  1.72877613e-01,  3.94943435e-02,
         2.33846921e-02,  3.64932801e-02,  9.24004012e-02],
       [ 1.20024909e-01, -2.31120032e-01, -7.28719965e-02,
         2.03519256e-01, -8.57760995e-02,  1.78399949e-01,
         8.98643463e-01, -1.19518357e-02,  3.06236574e-01,
         5.60628272e-01, -1.28246414e-01,  1.83272589e-01,
        -6.70843532e-02,  3.94943435e-02,  1.79982788e-01,
        -4.66285614e-02, -2.53425491e-03,  4.71244419e-02],
       [-6.74565748e-02,  3.43388275e-02,  5.45572707e-02,
        -1.08462360e-02,  9.48816962e-02, -6.75293031e-02,
        -5.66270306e-01,  1.57934916e-01, -7.67503850e-02,
        -3.64011631e-02,  1.32338614e-01, -1.07487317e-01,
         1.13770187e-01,  2.33846921e-02, -4.66285614e-02,
         7.53350310e-02, -2.13922595e-02,  1.97669694e-02],
       [-4.12316540e-02, -6.28298594e-03,  4.70179453e-02,
        -6.09489380e-03,  1.55675187e-03,  6.35447228e-02,
         4.40715999e-01, -1.50321198e-01,  2.39450184e-01,
         2.37217817e-02,  9.73065270e-02,  1.43959179e-01,
        -3.98462921e-02,  3.64932801e-02, -2.53425491e-03,
        -2.13922595e-02,  6.45976445e-02,  3.16969833e-03],
       [-3.64392293e-01, -1.78395735e-01,  3.05700785e-02,
         2.79377566e-02,  9.83947364e-02, -2.74695450e-02,
        -2.45327108e-02,  1.41789810e-01,  5.79417393e-02,
         8.11551483e-02,  3.22325307e-01, -1.68371380e-02,
         1.75278745e-01,  9.24004012e-02,  4.71244419e-02,
         1.97669694e-02,  3.16969833e-03,  1.25753301e-01]])
      jac: array([-5.70284560e-07,  7.71975076e-07, -2.16123415e-07, -1.14352972e-06,
       -2.37365683e-06,  1.01400370e-06,  6.21724894e-08,  3.48610030e-07,
       -2.57941816e-07,  5.73985304e-07,  3.64893301e-07, -3.98199992e-07,
       -4.63333076e-07,  1.71085368e-06, -1.13057711e-06,  1.40961317e-06,
       -1.16018306e-06, -2.57941816e-07])
  message: 'Optimization terminated successfully.'
     nfev: 1729
      nit: 79
     njev: 91
   status: 0
  success: True
        x: array([ 6.23151153e-02,  6.76136526e-02,  7.80544348e-01,  1.54965981e+00,
       -7.72033571e-01,  2.93003372e-01,  9.58503079e-01, -1.87293173e+00,
        5.51936957e-01,  1.85683796e+00, -7.19831152e-01,  8.41237539e-01,
        8.26555469e-03, -1.20606571e-03, -2.21778643e-01, -1.39863735e+00,
       -8.14427536e-01,  4.77346909e-02])
