Program Begingeth
      fun: 0.2846389112103899
 hess_inv: array([[ 1.08938918e+01,  3.95220466e-01, -1.61372888e-01,
         4.55918760e-01, -1.33491217e+00,  3.98875808e-01,
         1.18320878e+00, -8.76415104e-01,  2.41662294e+00,
        -2.36060521e+00, -5.10420801e-01, -2.76102677e-01,
        -2.95297944e+00, -5.37468138e-01,  2.80621270e-01,
         9.57037097e-01,  1.07498426e+00, -1.09604382e-01],
       [ 3.95220466e-01,  2.78364996e+00, -1.16458752e-01,
         3.78496015e-01,  3.20107031e-01,  2.09918450e-01,
         9.44525848e-01,  1.51342827e+00,  1.49847196e+00,
         1.37757302e-01, -3.86643907e-01, -1.25018324e+00,
         2.00026806e-02, -5.78579137e-01,  4.26426467e-01,
        -1.36047406e-01,  3.85734852e-01, -4.00230556e-03],
       [-1.61372888e-01, -1.16458752e-01,  3.79557790e+00,
        -2.69548179e-01, -3.05593263e-01,  4.30521580e-01,
        -2.35940835e+00, -2.11403684e+00,  1.15870804e+00,
         3.50089076e-01,  1.81931160e+00, -7.17075422e-01,
        -1.26743772e-01, -5.51265415e-01, -7.77839984e-01,
        -1.64848630e-02, -5.39267883e-02,  4.04503117e-01],
       [ 4.55918760e-01,  3.78496015e-01, -2.69548179e-01,
         1.79227114e-01, -1.95082965e-03, -3.55626365e-02,
         8.72950911e-01,  2.02575971e-01,  2.72710965e-01,
        -1.60364257e-01, -1.06353538e-01, -1.74636789e-01,
        -1.28544120e-02, -1.04387834e-01,  7.62834857e-02,
         3.59432928e-02,  6.15952428e-02, -2.83026572e-02],
       [-1.33491217e+00,  3.20107031e-01, -3.05593263e-01,
        -1.95082965e-03,  2.98114595e-01, -2.94445166e-02,
         3.58934099e-02,  8.42418289e-01, -1.91347313e-01,
         3.81060525e-01, -1.37925438e-01, -1.71643652e-02,
         3.77136020e-01,  7.57353950e-02,  1.00550070e-01,
        -1.24803850e-01, -8.10969223e-02, -1.90908009e-02],
       [ 3.98875808e-01,  2.09918450e-01,  4.30521580e-01,
        -3.55626365e-02, -2.94445166e-02,  2.02292934e-01,
        -5.73393430e-01,  1.22530960e-01,  5.95169244e-01,
         1.81396670e-01, -2.07841095e-03, -1.44341395e-01,
        -1.92269812e-01, -8.28203131e-02,  4.75407401e-02,
         1.12988614e-02,  5.67779775e-02,  4.77037067e-02],
       [ 1.18320878e+00,  9.44525848e-01, -2.35940835e+00,
         8.72950911e-01,  3.58934099e-02, -5.73393430e-01,
         6.36903473e+00,  9.55367112e-01,  4.89901439e-02,
        -7.01575462e-01, -4.85390955e-01, -2.33855041e-01,
         1.47568784e-01, -2.25918470e-01,  2.36787402e-01,
         8.03512016e-02,  1.21411247e-01, -3.04646327e-01],
       [-8.76415104e-01,  1.51342827e+00, -2.11403684e+00,
         2.02575971e-01,  8.42418289e-01,  1.22530960e-01,
         9.55367112e-01,  5.52429350e+00,  3.85604560e-01,
         1.11104332e+00, -9.31491882e-01, -2.14732228e-01,
         1.34696015e-01,  8.67002413e-02,  8.20351601e-01,
        -1.67364070e-01,  6.78698735e-02, -2.76394040e-01],
       [ 2.41662294e+00,  1.49847196e+00,  1.15870804e+00,
         2.72710965e-01, -1.91347313e-01,  5.95169244e-01,
         4.89901439e-02,  3.85604560e-01,  3.73885605e+00,
         8.38338326e-02,  1.72168782e-01, -7.66878302e-01,
        -6.55829693e-01, -6.49814996e-01,  7.09853450e-02,
         1.29836393e-01,  3.13417400e-01,  6.37699582e-02],
       [-2.36060521e+00,  1.37757302e-01,  3.50089076e-01,
        -1.60364257e-01,  3.81060525e-01,  1.81396670e-01,
        -7.01575462e-01,  1.11104332e+00,  8.38338326e-02,
         1.73149119e+00,  3.11674818e-01, -9.57281747e-02,
         3.25954630e-01, -3.02523685e-03, -1.45890551e-02,
        -2.31781962e-01, -2.50386150e-01, -9.36185239e-02],
       [-5.10420801e-01, -3.86643907e-01,  1.81931160e+00,
        -1.06353538e-01, -1.37925438e-01, -2.07841095e-03,
        -4.85390955e-01, -9.31491882e-01,  1.72168782e-01,
         3.11674818e-01,  1.72698218e+00, -2.99010499e-01,
         6.53958271e-02, -3.88131515e-01, -6.53280064e-01,
        -7.21320674e-03, -1.31921202e-01,  6.70156696e-02],
       [-2.76102677e-01, -1.25018324e+00, -7.17075422e-01,
        -1.74636789e-01, -1.71643652e-02, -1.44341395e-01,
        -2.33855041e-01, -2.14732228e-01, -7.66878302e-01,
        -9.57281747e-02, -2.99010499e-01,  1.09292882e+00,
         4.23536147e-02,  4.81920029e-01, -7.59487734e-02,
         8.85834751e-02, -1.36332362e-01, -5.80147559e-02],
       [-2.95297944e+00,  2.00026806e-02, -1.26743772e-01,
        -1.28544120e-02,  3.77136020e-01, -1.92269812e-01,
         1.47568784e-01,  1.34696015e-01, -6.55829693e-01,
         3.25954630e-01,  6.53958271e-02,  4.23536147e-02,
         9.66796305e-01,  1.32017123e-01, -6.56280808e-02,
        -2.29255904e-01, -2.89351200e-01,  5.20986102e-02],
       [-5.37468138e-01, -5.78579137e-01, -5.51265415e-01,
        -1.04387834e-01,  7.57353950e-02, -8.28203131e-02,
        -2.25918470e-01,  8.67002413e-02, -6.49814996e-01,
        -3.02523685e-03, -3.88131515e-01,  4.81920029e-01,
         1.32017123e-01,  3.32490272e-01,  7.09852067e-02,
        -5.41697651e-03, -8.64081861e-02, -1.83250888e-02],
       [ 2.80621270e-01,  4.26426467e-01, -7.77839984e-01,
         7.62834857e-02,  1.00550070e-01,  4.75407401e-02,
         2.36787402e-01,  8.20351601e-01,  7.09853450e-02,
        -1.45890551e-02, -6.53280064e-01, -7.59487734e-02,
        -6.56280808e-02,  7.09852067e-02,  3.52535121e-01,
        -1.65027967e-02,  8.20367582e-02, -4.18612921e-02],
       [ 9.57037097e-01, -1.36047406e-01, -1.64848630e-02,
         3.59432928e-02, -1.24803850e-01,  1.12988614e-02,
         8.03512016e-02, -1.67364070e-01,  1.29836393e-01,
        -2.31781962e-01, -7.21320674e-03,  8.85834751e-02,
        -2.29255904e-01, -5.41697651e-03, -1.65027967e-02,
         1.26118891e-01,  6.86756573e-02, -9.31912603e-03],
       [ 1.07498426e+00,  3.85734852e-01, -5.39267883e-02,
         6.15952428e-02, -8.10969223e-02,  5.67779775e-02,
         1.21411247e-01,  6.78698735e-02,  3.13417400e-01,
        -2.50386150e-01, -1.31921202e-01, -1.36332362e-01,
        -2.89351200e-01, -8.64081861e-02,  8.20367582e-02,
         6.86756573e-02,  1.82024245e-01, -6.61935644e-03],
       [-1.09604382e-01, -4.00230556e-03,  4.04503117e-01,
        -2.83026572e-02, -1.90908009e-02,  4.77037067e-02,
        -3.04646327e-01, -2.76394040e-01,  6.37699582e-02,
        -9.36185239e-02,  6.70156696e-02, -5.80147559e-02,
         5.20986102e-02, -1.83250888e-02, -4.18612921e-02,
        -9.31912603e-03, -6.61935644e-03,  9.95609971e-02]])
      jac: array([ 3.44095123e-06, -2.10942375e-08,  5.36866847e-06, -8.09352585e-06,
       -6.65356659e-06,  4.83650157e-06,  2.91248507e-07,  2.32258657e-06,
       -9.05941988e-07, -1.48584848e-06, -2.52908805e-06,  1.13020704e-06,
        1.75011857e-05, -6.59842551e-07,  2.82699789e-06, -1.34999419e-05,
        4.28509080e-06, -2.04876856e-05])
  message: 'Desired error not necessarily achieved due to precision loss.'
     nfev: 2634
      nit: 90
     njev: 138
   status: 2
  success: False
        x: array([-0.01013096, -0.51621579,  0.02028353,  1.32903504, -0.4790658 ,
       -0.1113566 ,  1.92577076, -0.62498623, -1.09067064,  0.04789592,
        0.43109891,  1.03446232,  0.21332714,  0.17802175, -0.24670787,
       -1.32531573, -0.70391207,  0.03642391])
