Program Begingeth
      fun: 0.2850825359450036
 hess_inv: array([[ 4.25921658e+00,  3.49704192e-01,  1.01731517e+00,
         2.12597690e+00,  1.49389937e-02, -1.79363989e-01,
         3.62813044e+00, -1.00234437e-01, -4.32554307e+00,
         7.08895372e-01,  4.80267872e-01, -5.85562915e-01,
         3.42100509e-02, -2.45069674e-01, -1.36829052e-01,
         1.35675396e-01, -1.78743513e-02,  6.10222978e-02],
       [ 3.49704192e-01,  1.77643308e+00, -8.99686241e-02,
         2.38761688e-01,  8.70893900e-01, -1.76687750e-01,
         4.10284641e-01,  9.11703302e-01,  1.20413425e+00,
         4.95680337e-01,  4.77430605e-01, -1.07987860e-01,
        -1.18119954e-01,  1.17895396e-02, -2.28247112e-01,
        -1.00181600e-01,  7.96256422e-02, -4.12715954e-02],
       [ 1.01731517e+00, -8.99686241e-02,  1.62298951e+00,
         6.18423867e-01, -1.03463919e-01,  6.15644014e-01,
         1.81325724e+00, -1.65736743e+00, -1.40031216e+00,
         3.24713396e-01, -9.53937942e-02,  1.34806898e-01,
        -8.22402358e-03,  1.10869881e-01,  7.62496603e-02,
        -1.33862362e-02,  5.83390276e-02,  1.11354069e-01],
       [ 2.12597690e+00,  2.38761688e-01,  6.18423867e-01,
         1.09092485e+00,  3.94357338e-02, -3.94595607e-02,
         2.00947347e+00, -1.62202667e-01, -2.05550723e+00,
         3.67051128e-01,  2.79459682e-01, -2.56981450e-01,
         2.62608160e-02, -1.04558136e-01, -8.27704370e-02,
         6.34980414e-02,  1.03506771e-02,  2.59916568e-02],
       [ 1.49389937e-02,  8.70893900e-01, -1.03463919e-01,
         3.94357338e-02,  4.80607308e-01, -1.15697597e-01,
         5.18627794e-01,  8.81102991e-01,  7.78726721e-01,
         2.11588665e-01,  2.78380653e-01, -5.97911729e-02,
        -1.07521218e-01, -1.90254637e-04, -1.18857941e-01,
        -8.04061601e-02,  1.28153169e-02, -8.42932685e-03],
       [-1.79363989e-01, -1.76687750e-01,  6.15644014e-01,
        -3.94595607e-02, -1.15697597e-01,  3.65576660e-01,
        -9.23597118e-02, -1.04982925e+00,  5.20036191e-02,
        -3.18683974e-02, -2.03377682e-01,  1.86828668e-01,
         4.91475557e-02,  1.14293990e-01,  8.09929426e-02,
        -2.99850990e-03,  5.47068067e-02,  3.04155482e-02],
       [ 3.62813044e+00,  4.10284641e-01,  1.81325724e+00,
         2.00947347e+00,  5.18627794e-01, -9.23597118e-02,
         1.11216024e+01,  2.86520232e+00, -3.88058435e+00,
         7.62757775e-01,  1.21607156e+00, -6.72089689e-01,
        -5.74943462e-01, -4.12151273e-01, -2.21713531e-01,
        -1.87036961e-01, -4.17689122e-01,  3.00903028e-01],
       [-1.00234437e-01,  9.11703302e-01, -1.65736743e+00,
        -1.62202667e-01,  8.81102991e-01, -1.04982925e+00,
         2.86520232e+00,  6.93876931e+00,  1.42378210e+00,
         9.38777774e-02,  9.00747771e-01, -9.76040999e-01,
        -4.22953023e-01, -3.73908661e-01, -2.15697450e-01,
        -1.11290562e-01, -2.76684741e-01,  2.16560302e-02],
       [-4.32554307e+00,  1.20413425e+00, -1.40031216e+00,
        -2.05550723e+00,  7.78726721e-01,  5.20036191e-02,
        -3.88058435e+00,  1.42378210e+00,  7.89946674e+00,
        -6.46255058e-01,  4.26122631e-01,  3.52329194e-01,
         7.60246844e-03,  1.95014335e-01, -1.29113199e-01,
        -2.14474084e-01,  1.54708475e-01, -2.04999512e-01],
       [ 7.08895372e-01,  4.95680337e-01,  3.24713396e-01,
         3.67051128e-01,  2.11588665e-01, -3.18683974e-02,
         7.62757775e-01,  9.38777774e-02, -6.46255058e-01,
         9.90787409e-01,  1.48473248e-02, -3.80562443e-02,
        -2.23730881e-01,  3.79520738e-02,  4.68269220e-02,
        -3.44132729e-02,  6.02188946e-02,  2.26886206e-01],
       [ 4.80267872e-01,  4.77430605e-01, -9.53937942e-02,
         2.79459682e-01,  2.78380653e-01, -2.03377682e-01,
         1.21607156e+00,  9.00747771e-01,  4.26122631e-01,
         1.48473248e-02,  8.16596529e-01, -2.40578940e-01,
        -4.53205115e-02, -1.85398478e-01, -2.18165984e-01,
        -4.78622829e-02, -3.46993869e-02, -1.15173422e-01],
       [-5.85562915e-01, -1.07987860e-01,  1.34806898e-01,
        -2.56981450e-01, -5.97911729e-02,  1.86828668e-01,
        -6.72089689e-01, -9.76040999e-01,  3.52329194e-01,
        -3.80562443e-02, -2.40578940e-01,  4.88845909e-01,
        -3.05983297e-03,  1.62127565e-01,  1.84603743e-02,
        -6.45682548e-02,  8.35832457e-02,  2.85751207e-02],
       [ 3.42100509e-02, -1.18119954e-01, -8.22402358e-03,
         2.62608160e-02, -1.07521218e-01,  4.91475557e-02,
        -5.74943462e-01, -4.22953023e-01,  7.60246844e-03,
        -2.23730881e-01, -4.53205115e-02, -3.05983297e-03,
         1.55978224e-01,  1.24971158e-02, -6.54585090e-03,
         7.75002600e-02,  4.32735688e-02, -8.31370389e-02],
       [-2.45069674e-01,  1.17895396e-02,  1.10869881e-01,
        -1.04558136e-01, -1.90254637e-04,  1.14293990e-01,
        -4.12151273e-01, -3.73908661e-01,  1.95014335e-01,
         3.79520738e-02, -1.85398478e-01,  1.62127565e-01,
         1.24971158e-02,  1.10925377e-01,  3.76095476e-02,
        -8.53816497e-03,  7.01102370e-02,  2.83178522e-02],
       [-1.36829052e-01, -2.28247112e-01,  7.62496603e-02,
        -8.27704370e-02, -1.18857941e-01,  8.09929426e-02,
        -2.21713531e-01, -2.15697450e-01, -1.29113199e-01,
         4.68269220e-02, -2.18165984e-01,  1.84603743e-02,
        -6.54585090e-03,  3.76095476e-02,  1.06629575e-01,
         1.79834196e-02, -3.52048523e-03,  7.36773891e-02],
       [ 1.35675396e-01, -1.00181600e-01, -1.33862362e-02,
         6.34980414e-02, -8.04061601e-02, -2.99850990e-03,
        -1.87036961e-01, -1.11290562e-01, -2.14474084e-01,
        -3.44132729e-02, -4.78622829e-02, -6.45682548e-02,
         7.75002600e-02, -8.53816497e-03,  1.79834196e-02,
         7.29349017e-02,  1.40524176e-02, -1.97512977e-02],
       [-1.78743513e-02,  7.96256422e-02,  5.83390276e-02,
         1.03506771e-02,  1.28153169e-02,  5.47068067e-02,
        -4.17689122e-01, -2.76684741e-01,  1.54708475e-01,
         6.02188946e-02, -3.46993869e-02,  8.35832457e-02,
         4.32735688e-02,  7.01102370e-02, -3.52048523e-03,
         1.40524176e-02,  9.11869391e-02, -6.27098223e-03],
       [ 6.10222978e-02, -4.12715954e-02,  1.11354069e-01,
         2.59916568e-02, -8.42932685e-03,  3.04155482e-02,
         3.00903028e-01,  2.16560302e-02, -2.04999512e-01,
         2.26886206e-01, -1.15173422e-01,  2.85751207e-02,
        -8.31370389e-02,  2.83178522e-02,  7.36773891e-02,
        -1.97512977e-02, -6.27098223e-03,  1.16402776e-01]])
      jac: array([-1.44321592e-05,  2.09791444e-05, -6.32012961e-06,  4.30081896e-05,
       -4.91273688e-05,  4.91014636e-06, -1.36298380e-06,  7.63833441e-07,
        1.83334829e-06, -4.15334434e-06,  4.25585493e-07, -9.69631782e-06,
       -3.79688873e-05,  3.54916097e-05,  1.75196894e-05, -1.29303975e-06,
       -5.18918242e-06, -4.53455791e-05])
  message: 'Desired error not necessarily achieved due to precision loss.'
     nfev: 2425
      nit: 76
     njev: 127
   status: 2
  success: False
        x: array([-1.53913949, -1.1127283 ,  0.66751962, -1.32630817, -1.19872791,
        0.35587414, -0.4541018 , -1.65244523,  1.12200392,  0.04406661,
        0.49306542,  1.24871967,  0.10846789,  0.18949915, -0.27992513,
        1.22730691, -0.25511083, -0.00640473])
