Program Begingeth
      fun: 0.2550413048088243
 hess_inv: array([[ 7.80368781e+00,  1.70063707e+00, -2.12011137e+00,
         1.45559102e+00,  9.31389266e-01, -1.28212495e+00,
        -6.16297741e-01,  5.85262944e-01, -3.51484312e+00,
        -9.78828905e-01, -4.89160699e-01, -3.33913478e-01,
        -1.65006381e+00, -3.45402855e-01,  9.45710172e-02,
        -1.41890105e-01, -8.91317833e-01,  2.43078973e-01],
       [ 1.70063707e+00,  3.85382908e+00, -9.16704444e-01,
        -1.01451707e-01,  1.32251506e+00, -3.64069834e-01,
        -2.11199042e+00,  3.29663710e+00,  1.71626516e-01,
        -1.57093933e-01, -7.76647989e-01, -1.31244992e+00,
        -5.05044857e-01, -5.20110691e-01,  3.71113960e-01,
         1.81196731e-01, -2.50767553e-01,  1.02772999e-01],
       [-2.12011137e+00, -9.16704444e-01,  1.22893889e+01,
         1.22358902e+00, -6.73998988e-01,  3.99064357e+00,
         1.54188171e+01, -4.72019397e+00,  5.97407248e+00,
         7.94786476e-01,  3.84249594e+00, -1.83176812e+00,
         7.86440089e-01, -3.36118572e-01, -1.16366806e+00,
        -1.32316513e-01,  6.74093297e-01, -3.16375428e-02],
       [ 1.45559102e+00, -1.01451707e-01,  1.22358902e+00,
         6.09229212e-01,  2.26158797e-02,  2.92934179e-01,
         2.74903844e+00, -6.76685010e-01, -1.57172539e-01,
        -1.46284168e-01,  3.80178863e-01, -1.43636721e-01,
        -1.96939100e-01, -2.46405089e-02, -1.39455258e-01,
        -5.61221387e-02, -7.25310525e-02,  4.86928652e-02],
       [ 9.31389266e-01,  1.32251506e+00, -6.73998988e-01,
         2.26158797e-02,  5.31318935e-01, -2.37063997e-01,
        -8.42073200e-01,  1.59907323e+00, -2.49284035e-01,
        -1.97230343e-01, -3.84903657e-01, -3.34874548e-01,
        -2.34812922e-01, -1.37987052e-01,  1.69765136e-01,
         4.40303163e-02, -1.27664573e-01,  4.73338414e-02],
       [-1.28212495e+00, -3.64069834e-01,  3.99064357e+00,
         2.92934179e-01, -2.37063997e-01,  1.41641190e+00,
         5.20197328e+00, -1.17426100e+00,  2.36523984e+00,
         1.86094715e-01,  1.10839186e+00, -5.21913460e-01,
         4.19375444e-01, -5.31695159e-02, -3.17524443e-01,
        -1.71681013e-02,  2.76320574e-01, -2.98109830e-02],
       [-6.16297741e-01, -2.11199042e+00,  1.54188171e+01,
         2.74903844e+00, -8.42073200e-01,  5.20197328e+00,
         2.68506601e+01, -5.61687203e+00,  6.11064423e+00,
         5.72179721e-01,  4.01505291e+00, -1.50716662e+00,
         8.52900788e-01,  1.01853746e-01, -1.24143012e+00,
        -2.64979874e-01,  7.92567425e-01,  1.03090565e-01],
       [ 5.85262944e-01,  3.29663710e+00, -4.72019397e+00,
        -6.76685010e-01,  1.59907323e+00, -1.17426100e+00,
        -5.61687203e+00,  8.84349276e+00, -1.07963614e+00,
        -1.17113500e+00, -2.01015215e+00, -2.44888917e-01,
        -1.08974975e-01, -1.52654241e-01,  9.44701690e-01,
         2.43117438e-01, -2.96824090e-01,  2.62018592e-02],
       [-3.51484312e+00,  1.71626516e-01,  5.97407248e+00,
        -1.57172539e-01, -2.49284035e-01,  2.36523984e+00,
         6.11064423e+00, -1.07963614e+00,  6.54133953e+00,
         2.50404440e-01,  1.63343841e+00, -9.53212066e-01,
         8.75121206e-01, -2.98669825e-01, -4.94428096e-01,
         5.74444737e-02,  4.41105634e-01, -1.81533613e-01],
       [-9.78828905e-01, -1.57093933e-01,  7.94786476e-01,
        -1.46284168e-01, -1.97230343e-01,  1.86094715e-01,
         5.72179721e-01, -1.17113500e+00,  2.50404440e-01,
         1.22712738e+00,  1.26427735e-01, -5.10919582e-02,
        -4.57299392e-02,  5.37707099e-02, -3.25898911e-02,
         2.33744003e-03,  1.85064036e-01,  1.70100721e-01],
       [-4.89160699e-01, -7.76647989e-01,  3.84249594e+00,
         3.80178863e-01, -3.84903657e-01,  1.10839186e+00,
         4.01505291e+00, -2.01015215e+00,  1.63343841e+00,
         1.26427735e-01,  1.88812186e+00, -5.02317708e-01,
         2.15695607e-01, -2.17374260e-01, -5.77171926e-01,
        -9.45459695e-02,  1.68955573e-01, -1.17140139e-01],
       [-3.33913478e-01, -1.31244992e+00, -1.83176812e+00,
        -1.43636721e-01, -3.34874548e-01, -5.21913460e-01,
        -1.50716662e+00, -2.44888917e-01, -9.53212066e-01,
        -5.10919582e-02, -5.02317708e-01,  1.15693930e+00,
         5.14409115e-02,  3.56561846e-01,  5.01663663e-02,
        -8.15202391e-02,  2.62908017e-02, -2.89807423e-03],
       [-1.65006381e+00, -5.05044857e-01,  7.86440089e-01,
        -1.96939100e-01, -2.34812922e-01,  4.19375444e-01,
         8.52900788e-01, -1.08974975e-01,  8.75121206e-01,
        -4.57299392e-02,  2.15695607e-01,  5.14409115e-02,
         4.84815326e-01,  8.79578463e-02, -5.32281968e-02,
         5.73144840e-02,  2.13631803e-01, -1.01520538e-01],
       [-3.45402855e-01, -5.20110691e-01, -3.36118572e-01,
        -2.46405089e-02, -1.37987052e-01, -5.31695159e-02,
         1.01853746e-01, -1.52654241e-01, -2.98669825e-01,
         5.37707099e-02, -2.17374260e-01,  3.56561846e-01,
         8.79578463e-02,  1.90192007e-01,  4.18256508e-02,
        -1.77259781e-02,  7.45174604e-02,  1.94276331e-02],
       [ 9.45710172e-02,  3.71113960e-01, -1.16366806e+00,
        -1.39455258e-01,  1.69765136e-01, -3.17524443e-01,
        -1.24143012e+00,  9.44701690e-01, -4.94428096e-01,
        -3.25898911e-02, -5.77171926e-01,  5.01663663e-02,
        -5.32281968e-02,  4.18256508e-02,  2.29515117e-01,
         4.79638388e-02, -5.05429517e-02,  5.43406707e-02],
       [-1.41890105e-01,  1.81196731e-01, -1.32316513e-01,
        -5.61221387e-02,  4.40303163e-02, -1.71681013e-02,
        -2.64979874e-01,  2.43117438e-01,  5.74444737e-02,
         2.33744003e-03, -9.45459695e-02, -8.15202391e-02,
         5.73144840e-02, -1.77259781e-02,  4.79638388e-02,
         5.45551016e-02,  1.27303191e-02, -5.26965166e-03],
       [-8.91317833e-01, -2.50767553e-01,  6.74093297e-01,
        -7.25310525e-02, -1.27664573e-01,  2.76320574e-01,
         7.92567425e-01, -2.96824090e-01,  4.41105634e-01,
         1.85064036e-01,  1.68955573e-01,  2.62908017e-02,
         2.13631803e-01,  7.45174604e-02, -5.05429517e-02,
         1.27303191e-02,  1.62280144e-01, -1.25274197e-02],
       [ 2.43078973e-01,  1.02772999e-01, -3.16375428e-02,
         4.86928652e-02,  4.73338414e-02, -2.98109830e-02,
         1.03090565e-01,  2.62018592e-02, -1.81533613e-01,
         1.70100721e-01, -1.17140139e-01, -2.89807423e-03,
        -1.01520538e-01,  1.94276331e-02,  5.43406707e-02,
        -5.26965166e-03, -1.25274197e-02,  8.27105220e-02]])
      jac: array([ 7.69303140e-05,  1.63006645e-05,  2.50318285e-05, -1.67811690e-04,
       -1.27164945e-04, -6.35861734e-05,  1.92431256e-05,  1.39051733e-05,
        6.91816974e-06,  2.25097718e-05,  7.79561601e-06,  5.02764497e-05,
        9.31969317e-05, -1.38270506e-04,  1.67412380e-04, -8.95398570e-05,
        2.32060297e-04, -5.28584584e-05])
  message: 'Desired error not necessarily achieved due to precision loss.'
     nfev: 2196
      nit: 74
     njev: 115
   status: 2
  success: False
        x: array([-0.5840441 , -0.64908481,  0.1791922 , -1.22469341, -0.77134328,
       -0.03947916, -1.56377742, -1.05509961, -0.983052  ,  0.14949972,
        0.50458245,  1.05992433,  0.06314078,  0.22108471, -0.2575027 ,
        1.39180678, -0.27412327,  0.03214919])
