Program Begingeth
      fun: 0.3986182071059492
 hess_inv: array([[ 1.13666162e+01,  1.53903407e+00,  2.51397239e+00,
         3.03626575e+00,  2.99058042e-01,  2.99732117e+00,
        -9.53945504e+00,  2.03018377e+00,  1.19650209e+01,
        -2.16279748e-01, -1.48162619e+00, -1.59561949e-02,
        -1.36796198e+00,  3.50097878e-01,  7.67050365e-01,
        -4.55264926e-01,  7.15480337e-01, -4.96962143e-01],
       [ 1.53903407e+00,  8.08190720e+00,  2.73067285e+00,
         2.98975630e-01,  3.32679437e+00,  1.55919562e+00,
        -1.39767637e+01,  8.91948310e-01,  1.14815247e+01,
        -2.43589899e-01, -4.19785758e-02, -2.04741531e+00,
         6.55019769e-01, -4.14697172e-01,  6.30676638e-02,
        -8.53828319e-03, -4.23628174e-01, -3.75688719e-02],
       [ 2.51397239e+00,  2.73067285e+00,  3.47366921e+00,
         2.92044828e-01,  1.02520147e+00,  1.72993845e+00,
        -8.41149508e+00, -1.71512377e+00,  5.53206017e+00,
         1.62975747e-02,  5.48829355e-01, -7.28805801e-01,
        -1.68283004e-01, -9.70320638e-02, -8.60557428e-02,
         4.18965334e-02,  3.34659779e-02, -2.03992967e-01],
       [ 3.03626575e+00,  2.98975630e-01,  2.92044828e-01,
         9.25761787e-01,  8.05263261e-03,  6.53028634e-01,
        -1.30127867e+00,  8.54021100e-01,  3.05337613e+00,
        -1.22445369e-01, -5.16602095e-01, -3.90336871e-02,
        -3.35842820e-01,  8.29122965e-02,  2.62713870e-01,
        -1.39025873e-01,  2.02337482e-01, -9.14288081e-02],
       [ 2.99058042e-01,  3.32679437e+00,  1.02520147e+00,
         8.05263261e-03,  1.53291812e+00,  5.85933331e-01,
        -6.84167672e+00,  1.01437799e+00,  4.33415345e+00,
         5.11894516e-02, -6.01837902e-02, -7.42163551e-01,
         3.90159113e-01, -1.15330551e-01,  2.69738316e-02,
         7.22398515e-02, -2.74868000e-01, -1.41119301e-03],
       [ 2.99732117e+00,  1.55919562e+00,  1.72993845e+00,
         6.53028634e-01,  5.85933331e-01,  1.26603692e+00,
        -5.68371370e+00,  6.63063111e-02,  4.85052348e+00,
         9.15989235e-02, -2.07695421e-01, -2.99858123e-01,
        -2.99982662e-01,  3.56603541e-02,  1.66881927e-01,
        -8.52611753e-02,  8.60395991e-02, -1.50371479e-01],
       [-9.53945504e+00, -1.39767637e+01, -8.41149508e+00,
        -1.30127867e+00, -6.84167672e+00, -5.68371370e+00,
         4.93864791e+01, -4.63717119e+00, -2.64460238e+01,
        -1.01536866e+00,  7.09933219e-01,  2.20084035e+00,
        -6.66265730e-01,  2.59603019e-02, -3.84636037e-01,
        -3.10711052e-01,  1.20566417e+00,  6.65846431e-01],
       [ 2.03018377e+00,  8.91948310e-01, -1.71512377e+00,
         8.54021100e-01,  1.01437799e+00,  6.63063111e-02,
        -4.63717119e+00,  7.88181809e+00,  2.55190573e+00,
         4.41790609e-01, -1.44883426e+00, -1.87324889e-02,
         1.39367476e-01,  2.77212021e-01,  6.83427620e-01,
        -1.19639414e-01, -1.96130791e-01,  9.68218053e-02],
       [ 1.19650209e+01,  1.14815247e+01,  5.53206017e+00,
         3.05337613e+00,  4.33415345e+00,  4.85052348e+00,
        -2.64460238e+01,  2.55190573e+00,  2.88481005e+01,
        -4.31265424e-01, -1.28711236e+00, -2.51470799e+00,
        -4.52207587e-01, -4.14134599e-01,  8.50474372e-01,
        -5.42079521e-01, -6.65552557e-02, -3.71219761e-01],
       [-2.16279748e-01, -2.43589899e-01,  1.62975747e-02,
        -1.22445369e-01,  5.11894516e-02,  9.15989235e-02,
        -1.01536866e+00,  4.41790609e-01, -4.31265424e-01,
         9.36167711e-01,  2.53675971e-02,  1.13401309e-01,
        -1.44323887e-01,  1.83103684e-02, -1.86240786e-02,
         3.34259556e-02, -1.38570009e-01, -1.53426063e-01],
       [-1.48162619e+00, -4.19785758e-02,  5.48829355e-01,
        -5.16602095e-01, -6.01837902e-02, -2.07695421e-01,
         7.09933219e-01, -1.44883426e+00, -1.28711236e+00,
         2.53675971e-02,  1.23470431e+00, -1.81370345e-01,
         1.41694209e-01, -2.70136542e-01, -3.78612175e-01,
         1.29427908e-01, -7.84556273e-02, -1.08050676e-01],
       [-1.59561949e-02, -2.04741531e+00, -7.28805801e-01,
        -3.90336871e-02, -7.42163551e-01, -2.99858123e-01,
         2.20084035e+00, -1.87324889e-02, -2.51470799e+00,
         1.13401309e-01, -1.81370345e-01,  1.01977568e+00,
        -1.55766229e-01,  2.43334600e-01, -5.30841975e-02,
         7.05188058e-02,  1.27863052e-01, -7.75294631e-03],
       [-1.36796198e+00,  6.55019769e-01, -1.68283004e-01,
        -3.35842820e-01,  3.90159113e-01, -2.99982662e-01,
        -6.66265730e-01,  1.39367476e-01, -4.52207587e-01,
        -1.44323887e-01,  1.41694209e-01, -1.55766229e-01,
         4.22531422e-01, -6.46291835e-02, -8.03885763e-02,
         1.48882125e-01, -1.96956724e-01,  1.13314202e-01],
       [ 3.50097878e-01, -4.14697172e-01, -9.70320638e-02,
         8.29122965e-02, -1.15330551e-01,  3.56603541e-02,
         2.59603019e-02,  2.77212021e-01, -4.14134599e-01,
         1.83103684e-02, -2.70136542e-01,  2.43334600e-01,
        -6.46291835e-02,  1.50217569e-01,  5.95327828e-02,
         7.75997201e-03,  7.30693891e-02,  1.60845075e-02],
       [ 7.67050365e-01,  6.30676638e-02, -8.60557428e-02,
         2.62713870e-01,  2.69738316e-02,  1.66881927e-01,
        -3.84636037e-01,  6.83427620e-01,  8.50474372e-01,
        -1.86240786e-02, -3.78612175e-01, -5.30841975e-02,
        -8.03885763e-02,  5.95327828e-02,  1.90145947e-01,
        -7.26569253e-02,  2.93060177e-02,  4.81284295e-02],
       [-4.55264926e-01, -8.53828319e-03,  4.18965334e-02,
        -1.39025873e-01,  7.22398515e-02, -8.52611753e-02,
        -3.10711052e-01, -1.19639414e-01, -5.42079521e-01,
         3.34259556e-02,  1.29427908e-01,  7.05188058e-02,
         1.48882125e-01,  7.75997201e-03, -7.26569253e-02,
         1.21445141e-01, -6.48817850e-02,  1.00711810e-02],
       [ 7.15480337e-01, -4.23628174e-01,  3.34659779e-02,
         2.02337482e-01, -2.74868000e-01,  8.60395991e-02,
         1.20566417e+00, -1.96130791e-01, -6.65552557e-02,
        -1.38570009e-01, -7.84556273e-02,  1.27863052e-01,
        -1.96956724e-01,  7.30693891e-02,  2.93060177e-02,
        -6.48817850e-02,  2.01940096e-01, -2.26458800e-02],
       [-4.96962143e-01, -3.75688719e-02, -2.03992967e-01,
        -9.14288081e-02, -1.41119301e-03, -1.50371479e-01,
         6.65846431e-01,  9.68218053e-02, -3.71219761e-01,
        -1.53426063e-01, -1.08050676e-01, -7.75294631e-03,
         1.13314202e-01,  1.60845075e-02,  4.81284295e-02,
         1.00711810e-02, -2.26458800e-02,  1.23134778e-01]])
      jac: array([ 1.51330800e-05, -2.93694698e-05, -4.58233451e-05, -1.52008036e-05,
        8.79011678e-05,  6.09438426e-05,  2.91322522e-06, -3.57084732e-06,
       -1.30192153e-06, -5.58072107e-06, -8.50097770e-06, -3.85080856e-05,
       -5.29813230e-05, -2.93605880e-05, -1.15061294e-04,  2.81093667e-05,
        3.00752016e-05,  1.09948717e-04])
  message: 'Desired error not necessarily achieved due to precision loss.'
     nfev: 2272
      nit: 72
     njev: 119
   status: 2
  success: False
        x: array([ 0.8614163 , -1.14052841,  0.49270777,  1.22890378, -1.14333083,
        0.12453746,  0.68633028, -2.01365293, -0.35826551, -0.00421592,
        0.4320849 ,  1.15915408, -0.01041153, -0.05318112, -0.32114515,
       -1.17619278, -0.86711134, -0.0135695 ])
