Program Begingeth
      fun: 0.23076793456216738
 hess_inv: array([[ 6.11839358e-01,  6.34488506e-02, -2.31237030e-02,
        -6.95616620e-02,  6.16713570e-02,  2.25651394e-01,
        -2.88789276e-01,  4.88080727e-01,  1.69163536e-01,
        -1.06609121e-01,  1.09393408e-01,  4.63908852e-01,
        -2.82891113e-01, -4.50378347e-02, -5.14714897e-04,
        -6.68625161e-03, -2.90524663e-02, -1.67697024e-01],
       [ 6.34488506e-02,  3.97797149e-01, -1.02216167e-01,
         6.32452887e-01,  2.36910901e-01, -9.24349484e-02,
         8.91769371e-01,  1.08792305e+00,  2.19186609e+00,
         2.14791726e+00,  7.05582944e-01, -4.99870048e-01,
         9.23565397e-02, -1.69089852e-01, -1.30597997e-01,
         4.00753487e-02, -1.62589127e-02, -6.15157219e-02],
       [-2.31237030e-02, -1.02216167e-01,  1.67149688e-01,
        -2.83742917e-01, -5.64653546e-02,  2.71861917e-02,
        -3.42808778e-01, -2.83823601e-01, -9.34588854e-01,
        -9.33591673e-01, -3.06499497e-01,  2.21516572e-01,
        -3.32000877e-02,  1.02425884e-01, -9.57337811e-03,
         1.22016901e-02,  4.38149473e-02,  2.46995541e-02],
       [-6.95616620e-02,  6.32452887e-01, -2.83742917e-01,
         2.33432656e+00,  8.27890954e-01, -1.80852112e-01,
         3.03943323e+00,  3.34470846e+00,  8.57590322e+00,
         7.71423521e+00,  2.71495724e+00, -1.98408272e+00,
         5.19180116e-01, -3.66081555e-01, -1.37057565e-01,
         1.27150400e-01, -1.43213961e-01,  9.44146809e-02],
       [ 6.16713570e-02,  2.36910901e-01, -5.64653546e-02,
         8.27890954e-01,  3.98722081e-01, -1.02646754e-02,
         9.92784071e-01,  1.50110096e+00,  3.24609493e+00,
         2.72746722e+00,  1.17489074e+00, -6.47886553e-01,
         1.64863301e-01, -9.73068787e-02, -4.73189903e-02,
         5.71136066e-02, -4.54129751e-02,  2.24779420e-02],
       [ 2.25651394e-01, -9.24349484e-02,  2.71861917e-02,
        -1.80852112e-01, -1.02646754e-02,  2.59751689e-01,
        -7.18351874e-01, -8.82394685e-02, -1.52479901e-02,
        -4.82542480e-01,  7.00575157e-02,  6.69519775e-01,
        -1.40116667e-01, -5.73855196e-03,  7.90844568e-02,
        -3.46478821e-02, -3.11344567e-02, -2.70961925e-02],
       [-2.88789276e-01,  8.91769371e-01, -3.42808778e-01,
         3.03943323e+00,  9.92784071e-01, -7.18351874e-01,
         6.16198425e+00,  4.14200529e+00,  9.65742888e+00,
         9.27318224e+00,  2.80404804e+00, -3.66226691e+00,
         8.34362421e-01, -3.59537024e-01, -3.28464559e-01,
         2.46470601e-01, -1.15582800e-01,  1.20741190e-01],
       [ 4.88080727e-01,  1.08792305e+00, -2.83823601e-01,
         3.34470846e+00,  1.50110096e+00, -8.82394685e-02,
         4.14200529e+00,  7.70926963e+00,  1.28687450e+01,
         1.15596681e+01,  4.04421877e+00, -2.87936414e+00,
         3.88741280e-01, -4.92889200e-01, -2.02034195e-01,
         1.61080377e-01, -1.64332161e-01,  2.10852817e-03],
       [ 1.69163536e-01,  2.19186609e+00, -9.34588854e-01,
         8.57590322e+00,  3.24609493e+00, -1.52479901e-02,
         9.65742888e+00,  1.28687450e+01,  3.45183346e+01,
         2.88631246e+01,  1.09651483e+01, -6.29679884e+00,
         1.65961097e+00, -1.41049283e+00, -3.79748401e-01,
         3.64060748e-01, -6.06116789e-01,  2.75776015e-01],
       [-1.06609121e-01,  2.14791726e+00, -9.33591673e-01,
         7.71423521e+00,  2.72746722e+00, -4.82542480e-01,
         9.27318224e+00,  1.15596681e+01,  2.88631246e+01,
         2.61541619e+01,  9.04153727e+00, -6.35973154e+00,
         1.51531622e+00, -1.26528426e+00, -4.52013255e-01,
         3.34183430e-01, -4.32912410e-01,  2.66840497e-01],
       [ 1.09393408e-01,  7.05582944e-01, -3.06499497e-01,
         2.71495724e+00,  1.17489074e+00,  7.00575157e-02,
         2.80404804e+00,  4.04421877e+00,  1.09651483e+01,
         9.04153727e+00,  3.99780739e+00, -1.77610509e+00,
         5.39845443e-01, -4.25748795e-01, -9.13834679e-02,
         1.17003312e-01, -1.98204784e-01,  8.78452833e-02],
       [ 4.63908852e-01, -4.99870048e-01,  2.21516572e-01,
        -1.98408272e+00, -6.47886553e-01,  6.69519775e-01,
        -3.66226691e+00, -2.87936414e+00, -6.29679884e+00,
        -6.35973154e+00, -1.77610509e+00,  3.15033752e+00,
        -5.99941543e-01,  1.57731726e-01,  2.10813423e-01,
        -1.39277763e-01,  1.56844518e-02, -1.26546844e-01],
       [-2.82891113e-01,  9.23565397e-02, -3.32000877e-02,
         5.19180116e-01,  1.64863301e-01, -1.40116667e-01,
         8.34362421e-01,  3.88741280e-01,  1.65961097e+00,
         1.51531622e+00,  5.39845443e-01, -5.99941543e-01,
         2.89219986e-01, -4.21223318e-02, -3.32359460e-02,
         7.04428230e-02, -3.22880315e-02,  1.00507910e-01],
       [-4.50378347e-02, -1.69089852e-01,  1.02425884e-01,
        -3.66081555e-01, -9.73068787e-02, -5.73855196e-03,
        -3.59537024e-01, -4.92889200e-01, -1.41049283e+00,
        -1.26528426e+00, -4.25748795e-01,  1.57731726e-01,
        -4.21223318e-02,  1.34293358e-01,  3.12168401e-02,
        -2.89661346e-03,  4.77989968e-02,  2.60980051e-02],
       [-5.14714897e-04, -1.30597997e-01, -9.57337811e-03,
        -1.37057565e-01, -4.73189903e-02,  7.90844568e-02,
        -3.28464559e-01, -2.02034195e-01, -3.79748401e-01,
        -4.52013255e-01, -9.13834679e-02,  2.10813423e-01,
        -3.32359460e-02,  3.12168401e-02,  8.74055552e-02,
        -2.85469242e-02, -1.33262659e-02,  3.56135583e-02],
       [-6.68625161e-03,  4.00753487e-02,  1.22016901e-02,
         1.27150400e-01,  5.71136066e-02, -3.46478821e-02,
         2.46470601e-01,  1.61080377e-01,  3.64060748e-01,
         3.34183430e-01,  1.17003312e-01, -1.39277763e-01,
         7.04428230e-02, -2.89661346e-03, -2.85469242e-02,
         4.86692569e-02, -7.93733680e-03,  6.75476229e-03],
       [-2.90524663e-02, -1.62589127e-02,  4.38149473e-02,
        -1.43213961e-01, -4.54129751e-02, -3.11344567e-02,
        -1.15582800e-01, -1.64332161e-01, -6.06116789e-01,
        -4.32912410e-01, -1.98204784e-01,  1.56844518e-02,
        -3.22880315e-02,  4.77989968e-02, -1.33262659e-02,
        -7.93733680e-03,  4.60529099e-02, -2.74591197e-03],
       [-1.67697024e-01, -6.15157219e-02,  2.46995541e-02,
         9.44146809e-02,  2.24779420e-02, -2.70961925e-02,
         1.20741190e-01,  2.10852817e-03,  2.75776015e-01,
         2.66840497e-01,  8.78452833e-02, -1.26546844e-01,
         1.00507910e-01,  2.60980051e-02,  3.56135583e-02,
         6.75476229e-03, -2.74591197e-03,  8.97756106e-02]])
      jac: array([ 0.02932178, -0.01677776,  0.01403519,  0.0448948 , -0.04843245,
        0.06714474, -0.00632638,  0.00548335, -0.01457617, -0.00716212,
       -0.00052492, -0.0329094 ,  0.06460956, -0.06828712, -0.01150911,
       -0.06161082,  0.07725891,  0.00224067])
  message: 'Maximum number of iterations has been exceeded.'
     nfev: 2242
      nit: 100
     njev: 118
   status: 1
  success: False
        x: array([-0.03342152,  0.32307385,  0.78118124,  1.45849399, -0.58569378,
       -0.2612415 ,  2.4433332 , -0.2805184 , -0.53305909,  1.56805153,
       -0.84156236, -0.78314965,  0.13091119,  0.17555533, -0.34135134,
       -1.15424639, -0.41772017,  0.04366879])
