Program Begingeth
      fun: 0.21355863056209312
 hess_inv: array([[ 5.38702710e+00,  1.81426701e+00, -8.52927582e-01,
         8.02179315e-01,  5.98950327e-01, -1.30488192e+00,
        -1.62025557e+00, -6.72757296e-01, -2.73345480e+00,
        -6.50023021e-01,  3.39328322e-01, -1.03663882e+00,
        -1.21772388e+00, -6.42946628e-01, -2.53149812e-01,
        -3.70636292e-02, -6.34976308e-01,  3.77966080e-01],
       [ 1.81426701e+00,  2.95096252e+00, -9.38924838e-01,
        -1.24137250e-01,  9.10933751e-01, -6.86187083e-01,
        -2.66368508e+00,  2.83292958e+00, -3.33883330e-01,
         2.05264709e-01, -8.93998563e-01, -1.32107659e+00,
        -5.90924005e-01, -4.72860549e-01,  1.89956345e-01,
         2.14973893e-01, -2.15916939e-01,  2.33060571e-01],
       [-8.52927582e-01, -9.38924838e-01,  5.33904781e+00,
         8.23964345e-01, -2.20692375e-01,  1.95366937e+00,
         1.03890687e+01, -3.57808978e+00,  5.17722169e+00,
        -2.43035192e-01,  2.40233314e+00, -1.04784556e+00,
         2.44452296e-01,  4.22280519e-02, -6.27801070e-01,
        -3.88621261e-01,  2.16471410e-01, -3.26592142e-01],
       [ 8.02179315e-01, -1.24137250e-01,  8.23964345e-01,
         3.91549061e-01,  2.17952227e-02,  1.63225200e-01,
         2.40144698e+00, -8.82030839e-01,  1.70311421e-01,
        -2.52467246e-01,  5.10727868e-01, -1.68296123e-01,
        -1.23567105e-01, -2.10670310e-02, -1.60285910e-01,
        -9.84370253e-02, -5.81676052e-02, -9.91278340e-03],
       [ 5.98950327e-01,  9.10933751e-01, -2.20692375e-01,
         2.17952227e-02,  3.63184073e-01, -1.48657783e-01,
        -3.64010696e-02,  1.36291172e+00, -2.51261523e-01,
        -3.77109362e-02, -3.26991060e-01, -3.54031370e-01,
        -1.88175416e-01, -8.44626655e-02,  9.62757931e-02,
         4.09852306e-02, -6.25656915e-02,  7.93728288e-02],
       [-1.30488192e+00, -6.86187083e-01,  1.95366937e+00,
         1.63225200e-01, -1.48657783e-01,  9.85951849e-01,
         4.41199307e+00, -6.97960546e-01,  2.39003384e+00,
        -1.11384957e-01,  6.19081085e-01, -8.29438872e-02,
         3.45117156e-01,  1.74660539e-01, -1.06770655e-01,
        -1.18529673e-01,  1.74813011e-01, -1.82479378e-01],
       [-1.62025557e+00, -2.66368508e+00,  1.03890687e+01,
         2.40144698e+00, -3.64010696e-02,  4.41199307e+00,
         3.13525951e+01, -4.19973065e+00,  8.60349942e+00,
        -1.32081794e+00,  3.65725956e+00, -7.35858015e-01,
         5.30774039e-01,  7.98233136e-01, -8.22435183e-01,
        -9.63666042e-01,  3.39505106e-01, -6.65464766e-01],
       [-6.72757296e-01,  2.83292958e+00, -3.57808978e+00,
        -8.82030839e-01,  1.36291172e+00, -6.97960546e-01,
        -4.19973065e+00,  1.16251818e+01, -2.46761544e+00,
        -1.05186239e-01, -2.96812342e+00, -2.18439705e-01,
         7.06340318e-02,  1.19695666e-02,  1.19485012e+00,
         5.07322067e-01, -3.88933960e-02,  2.64197907e-01],
       [-2.73345480e+00, -3.33883330e-01,  5.17722169e+00,
         1.70311421e-01, -2.51261523e-01,  2.39003384e+00,
         8.60349942e+00, -2.46761544e+00,  1.05295353e+01,
        -2.45647404e-02,  2.09469750e+00, -1.06380020e+00,
         5.88508098e-01, -2.50035113e-01, -6.25330004e-01,
        -1.88480454e-01,  2.14225104e-01, -5.22275514e-01],
       [-6.50023021e-01,  2.05264709e-01, -2.43035192e-01,
        -2.52467246e-01, -3.77109362e-02, -1.11384957e-01,
        -1.32081794e+00, -1.05186239e-01, -2.45647404e-02,
         1.09590507e+00, -3.09384229e-01,  3.85357596e-02,
        -9.92376341e-02,  5.59949335e-02,  1.00164798e-01,
         4.53921835e-02,  1.45667879e-01,  1.65355290e-01],
       [ 3.39328322e-01, -8.93998563e-01,  2.40233314e+00,
         5.10727868e-01, -3.26991060e-01,  6.19081085e-01,
         3.65725956e+00, -2.96812342e+00,  2.09469750e+00,
        -3.09384229e-01,  2.01108635e+00, -4.47586161e-01,
         1.64514929e-02, -1.87418922e-01, -5.88191169e-01,
        -2.37652210e-01,  8.22352373e-03, -2.31484475e-01],
       [-1.03663882e+00, -1.32107659e+00, -1.04784556e+00,
        -1.68296123e-01, -3.54031370e-01, -8.29438872e-02,
        -7.35858015e-01, -2.18439705e-01, -1.06380020e+00,
         3.85357596e-02, -4.47586161e-01,  1.44419093e+00,
         2.71048594e-01,  4.01201979e-01,  1.03168039e-01,
        -4.92216717e-02,  1.29486319e-01, -4.12852606e-03],
       [-1.21772388e+00, -5.90924005e-01,  2.44452296e-01,
        -1.23567105e-01, -1.88175416e-01,  3.45117156e-01,
         5.30774039e-01,  7.06340318e-02,  5.88508098e-01,
        -9.92376341e-02,  1.64514929e-02,  2.71048594e-01,
         3.92814946e-01,  1.56384134e-01,  3.55489771e-02,
         3.25579159e-02,  1.48071957e-01, -1.46791175e-01],
       [-6.42946628e-01, -4.72860549e-01,  4.22280519e-02,
        -2.10670310e-02, -8.44626655e-02,  1.74660539e-01,
         7.98233136e-01,  1.19695666e-02, -2.50035113e-01,
         5.59949335e-02, -1.87418922e-01,  4.01201979e-01,
         1.56384134e-01,  2.40094377e-01,  7.64472320e-02,
        -3.37832095e-02,  1.21364431e-01, -9.93959682e-03],
       [-2.53149812e-01,  1.89956345e-01, -6.27801070e-01,
        -1.60285910e-01,  9.62757931e-02, -1.06770655e-01,
        -8.22435183e-01,  1.19485012e+00, -6.25330004e-01,
         1.00164798e-01, -5.88191169e-01,  1.03168039e-01,
         3.55489771e-02,  7.64472320e-02,  2.31112289e-01,
         7.78099892e-02,  1.53089792e-02,  8.02456018e-02],
       [-3.70636292e-02,  2.14973893e-01, -3.88621261e-01,
        -9.84370253e-02,  4.09852306e-02, -1.18529673e-01,
        -9.63666042e-01,  5.07322067e-01, -1.88480454e-01,
         4.53921835e-02, -2.37652210e-01, -4.92216717e-02,
         3.25579159e-02, -3.37832095e-02,  7.78099892e-02,
         8.51670994e-02, -4.72366687e-03,  1.55490699e-02],
       [-6.34976308e-01, -2.15916939e-01,  2.16471410e-01,
        -5.81676052e-02, -6.25656915e-02,  1.74813011e-01,
         3.39505106e-01, -3.88933960e-02,  2.14225104e-01,
         1.45667879e-01,  8.22352373e-03,  1.29486319e-01,
         1.48071957e-01,  1.21364431e-01,  1.53089792e-02,
        -4.72366687e-03,  1.31099258e-01, -3.47604663e-02],
       [ 3.77966080e-01,  2.33060571e-01, -3.26592142e-01,
        -9.91278340e-03,  7.93728288e-02, -1.82479378e-01,
        -6.65464766e-01,  2.64197907e-01, -5.22275514e-01,
         1.65355290e-01, -2.31484475e-01, -4.12852606e-03,
        -1.46791175e-01, -9.93959682e-03,  8.02456018e-02,
         1.55490699e-02, -3.47604663e-02,  1.25904160e-01]])
      jac: array([-5.24987461e-06,  7.62723218e-06, -1.02349425e-04,  9.92061988e-05,
        4.44810855e-05,  2.05009898e-04, -1.97490172e-06, -1.10683684e-05,
       -9.53255993e-06,  1.05262095e-05, -1.02101660e-05, -4.40567953e-05,
        2.55136653e-05, -7.90475093e-05, -8.45177632e-05, -1.07999720e-04,
        4.71208258e-05,  4.24406806e-05])
  message: 'Desired error not necessarily achieved due to precision loss.'
     nfev: 2102
      nit: 62
     njev: 110
   status: 2
  success: False
        x: array([-0.45053218, -0.48585233,  0.48763906, -1.04853193, -0.66237767,
        0.04139358, -0.97578704, -1.06645738, -0.84314118,  0.13917006,
        0.64397246,  0.99545499,  0.04627039,  0.2565455 , -0.30288353,
        1.25602853, -0.18327168,  0.02851661])
