Program Begingeth
      fun: 0.30689344017254216
 hess_inv: array([[ 5.73388125e+00, -1.65270857e+00,  2.54133143e-01,
         1.78308228e+00, -7.71404060e-01,  1.30449054e+00,
         1.24443097e+00,  1.78944888e+00,  4.43279145e+00,
        -7.32982166e-02, -1.14974575e+00,  7.50142571e-01,
        -9.27255638e-01,  4.42219192e-01,  5.39809831e-01,
        -3.32910368e-01,  5.52023132e-01, -2.52205844e-01],
       [-1.65270857e+00,  4.39070862e+00,  1.78356686e+00,
        -6.24491011e-01,  1.77881809e+00,  4.14552840e-01,
        -5.90762845e+00,  3.43592819e-01,  4.87661145e+00,
        -4.25836443e-01,  6.69107500e-01, -1.55669260e+00,
         6.42779383e-01, -4.79652963e-01, -2.96252726e-01,
         1.09559086e-01, -3.47419546e-01,  2.76270284e-02],
       [ 2.54133143e-01,  1.78356686e+00,  3.46671092e+00,
        -4.46137260e-01,  5.84893969e-01,  1.42195370e+00,
        -6.36497343e+00, -3.18537309e+00,  5.51570909e+00,
        -6.31014369e-02,  1.19887020e+00, -8.38882415e-01,
        -1.27256343e-02, -2.22911870e-01, -3.88192310e-01,
         1.30717250e-01, -2.08889217e-02, -2.39118312e-01],
       [ 1.78308228e+00, -6.24491011e-01, -4.46137260e-01,
         6.96245559e-01, -2.82805854e-01,  1.87705122e-01,
         1.78311795e+00,  1.17170239e+00,  7.87077426e-01,
        -8.23104748e-02, -5.59106764e-01,  2.58157422e-01,
        -2.45942615e-01,  1.36992079e-01,  2.51789681e-01,
        -1.25641237e-01,  1.62998467e-01, -1.07708159e-02],
       [-7.71404060e-01,  1.77881809e+00,  5.84893969e-01,
        -2.82805854e-01,  8.32099583e-01,  1.23297593e-01,
        -2.95033309e+00,  9.44626294e-01,  1.59642116e+00,
        -8.98187024e-02,  1.65123084e-01, -5.45623992e-01,
         3.18851283e-01, -1.40802538e-01, -8.24264519e-02,
         8.04430569e-02, -1.75613014e-01,  3.52953387e-02],
       [ 1.30449054e+00,  4.14552840e-01,  1.42195370e+00,
         1.87705122e-01,  1.23297593e-01,  9.02655925e-01,
        -2.70607615e+00, -5.53029419e-01,  3.51810916e+00,
         7.02313391e-02,  1.53426746e-01, -1.56532022e-01,
        -2.13972602e-01,  6.48900382e-03, -4.70081633e-03,
        -3.38998359e-02,  7.39882656e-02, -1.46435913e-01],
       [ 1.24443097e+00, -5.90762845e+00, -6.36497343e+00,
         1.78311795e+00, -2.95033309e+00, -2.70607615e+00,
         2.55202465e+01,  9.63572510e-01, -1.17450253e+01,
        -5.69129845e-01, -1.74145416e+00,  1.63508938e+00,
        -7.34591643e-01,  4.05972109e-01,  7.40907862e-01,
        -5.30458546e-01,  7.96731153e-01,  4.98375366e-01],
       [ 1.78944888e+00,  3.43592819e-01, -3.18537309e+00,
         1.17170239e+00,  9.44626294e-01, -5.53029419e-01,
         9.63572510e-01,  1.28159079e+01, -1.26033207e+00,
         2.16196782e-01, -2.24898160e+00,  3.09736849e-01,
         1.05496984e-01,  3.87431561e-01,  1.04111869e+00,
        -2.86809474e-01, -4.69394914e-02,  3.54066470e-01],
       [ 4.43279145e+00,  4.87661145e+00,  5.51570909e+00,
         7.87077426e-01,  1.59642116e+00,  3.51810916e+00,
        -1.17450253e+01, -1.26033207e+00,  2.03303347e+01,
        -1.82693526e-01,  9.60140517e-01, -1.64716332e+00,
        -3.89178033e-01, -6.39644401e-01, -1.88043676e-01,
        -2.31944336e-01, -9.20097731e-02, -5.17212603e-01],
       [-7.32982166e-02, -4.25836443e-01, -6.31014369e-02,
        -8.23104748e-02, -8.98187024e-02,  7.02313391e-02,
        -5.69129845e-01,  2.16196782e-01, -1.82693526e-01,
         8.52679138e-01,  8.47504680e-02,  1.69178155e-01,
        -1.92511843e-01, -4.07396047e-03, -5.83782644e-02,
         1.06070365e-02, -8.65743201e-02, -1.80962158e-01],
       [-1.14974575e+00,  6.69107500e-01,  1.19887020e+00,
        -5.59106764e-01,  1.65123084e-01,  1.53426746e-01,
        -1.74145416e+00, -2.24898160e+00,  9.60140517e-01,
         8.47504680e-02,  1.26953057e+00, -4.57809554e-01,
         1.10508591e-01, -3.13375128e-01, -4.24160469e-01,
         1.22411010e-01, -1.02894341e-01, -1.62826382e-01],
       [ 7.50142571e-01, -1.55669260e+00, -8.38882415e-01,
         2.58157422e-01, -5.45623992e-01, -1.56532022e-01,
         1.63508938e+00,  3.09736849e-01, -1.64716332e+00,
         1.69178155e-01, -4.57809554e-01,  9.68432007e-01,
        -1.94137941e-01,  2.89870457e-01,  9.90450811e-02,
         1.44079499e-02,  1.51108437e-01,  8.28209907e-03],
       [-9.27255638e-01,  6.42779383e-01, -1.27256343e-02,
        -2.45942615e-01,  3.18851283e-01, -2.13972602e-01,
        -7.34591643e-01,  1.05496984e-01, -3.89178033e-01,
        -1.92511843e-01,  1.10508591e-01, -1.94137941e-01,
         3.18674399e-01, -8.29262286e-02, -6.12224460e-02,
         1.17666629e-01, -1.39301744e-01,  1.06401013e-01],
       [ 4.42219192e-01, -4.79652963e-01, -2.22911870e-01,
         1.36992079e-01, -1.40802538e-01,  6.48900382e-03,
         4.05972109e-01,  3.87431561e-01, -6.39644401e-01,
        -4.07396047e-03, -3.13375128e-01,  2.89870457e-01,
        -8.29262286e-02,  1.77812428e-01,  9.62280113e-02,
        -1.06204905e-02,  1.06001354e-01,  2.43990157e-02],
       [ 5.39809831e-01, -2.96252726e-01, -3.88192310e-01,
         2.51789681e-01, -8.24264519e-02, -4.70081633e-03,
         7.40907862e-01,  1.04111869e+00, -1.88043676e-01,
        -5.83782644e-02, -4.24160469e-01,  9.90450811e-02,
        -6.12224460e-02,  9.62280113e-02,  2.04296428e-01,
        -6.90748109e-02,  4.48483088e-02,  7.93381172e-02],
       [-3.32910368e-01,  1.09559086e-01,  1.30717250e-01,
        -1.25641237e-01,  8.04430569e-02, -3.38998359e-02,
        -5.30458546e-01, -2.86809474e-01, -2.31944336e-01,
         1.06070365e-02,  1.22411010e-01,  1.44079499e-02,
         1.17666629e-01, -1.06204905e-02, -6.90748109e-02,
         1.01826483e-01, -4.98137525e-02,  7.81003947e-03],
       [ 5.52023132e-01, -3.47419546e-01, -2.08889217e-02,
         1.62998467e-01, -1.75613014e-01,  7.39882656e-02,
         7.96731153e-01, -4.69394914e-02, -9.20097731e-02,
        -8.65743201e-02, -1.02894341e-01,  1.51108437e-01,
        -1.39301744e-01,  1.06001354e-01,  4.48483088e-02,
        -4.98137525e-02,  1.57231370e-01, -1.42328065e-02],
       [-2.52205844e-01,  2.76270284e-02, -2.39118312e-01,
        -1.07708159e-02,  3.52953387e-02, -1.46435913e-01,
         4.98375366e-01,  3.54066470e-01, -5.17212603e-01,
        -1.80962158e-01, -1.62826382e-01,  8.28209907e-03,
         1.06401013e-01,  2.43990157e-02,  7.93381172e-02,
         7.81003947e-03, -1.42328065e-02,  1.30128399e-01]])
      jac: array([ 3.96349620e-07, -5.36607795e-08, -4.25289433e-06,  9.53274497e-06,
        8.96690130e-07,  1.55856809e-05, -2.74595161e-07, -2.36477504e-07,
       -5.68804263e-07,  2.96059473e-06,  1.85999364e-06, -7.72345151e-07,
        9.21966207e-06, -6.92039019e-08, -1.55349807e-05, -1.59779597e-05,
        5.17659989e-06,  1.33041726e-05])
  message: 'Desired error not necessarily achieved due to precision loss.'
     nfev: 1988
      nit: 67
     njev: 104
   status: 2
  success: False
        x: array([ 0.84304723, -0.95034597,  0.58211465,  1.17704075, -1.01089081,
        0.14069133,  0.78176218, -1.71225484, -0.47460374,  0.00815078,
        0.58957453,  1.14507546,  0.00354998,  0.11684654, -0.33484456,
       -1.12647667, -0.49935781, -0.01808535])
