Program Begingeth
      fun: 0.3393005298608464
 hess_inv: array([[ 4.90058076e-01, -6.91762722e-02, -1.00902377e-02,
        -2.84488445e-02,  1.42274384e-01, -2.73689311e-01,
        -8.83433240e-03,  5.52359696e-01, -1.55432797e+00,
        -5.26307210e-02,  1.37444687e-01,  4.72248737e-01,
        -2.72266692e-01,  7.07457312e-02, -3.49387133e-01,
        -8.64815035e-02, -3.75859321e-02, -1.17813286e-01],
       [-6.91762722e-02,  7.34384746e-01, -5.93579915e-02,
        -2.08799422e-01, -1.67966440e-01, -2.01374360e-01,
        -8.61190573e-01,  1.15223317e-01,  1.41896285e-01,
         1.11527686e-02,  2.09472143e-01, -6.80191638e-02,
        -1.15598026e-01, -6.48002125e-01, -4.98526858e-02,
         5.93437411e-03, -1.86524564e-01,  1.65869097e-01],
       [-1.00902377e-02, -5.93579915e-02,  4.91084374e-01,
         1.04721140e-01,  1.48459163e-01, -5.35402851e-02,
         7.16344223e-01,  3.65614922e-03,  2.62970132e-01,
        -4.66978028e-01, -1.35806154e-01, -1.34469497e-01,
         1.94114410e-01,  1.97862655e-01, -3.58702770e-01,
         4.49523389e-02, -3.10043496e-03, -1.67360710e-01],
       [-2.84488445e-02, -2.08799422e-01,  1.04721140e-01,
         2.72821185e-01, -1.29727005e-02,  1.44402401e-02,
         6.97332400e-01, -7.27389909e-01, -3.87227488e-02,
        -1.20439786e-01,  6.00067739e-02,  5.63322542e-03,
         3.27670155e-01,  1.26209219e-01, -7.47184605e-02,
         9.92856178e-02,  2.52002561e-02, -6.64683832e-02],
       [ 1.42274384e-01, -1.67966440e-01,  1.48459163e-01,
        -1.29727005e-02,  2.88076545e-01,  9.19353502e-03,
         5.16169961e-01,  8.42619338e-01, -1.05430165e-01,
        -1.24405430e-01, -2.06114538e-01,  1.37046476e-01,
        -1.00446936e-01,  4.17751219e-01, -1.54626283e-01,
        -3.10416665e-02,  1.15970162e-01, -1.09843973e-01],
       [-2.73689311e-01, -2.01374360e-01, -5.35402851e-02,
         1.44402401e-02,  9.19353502e-03,  4.36886095e-01,
         2.51295196e-01, -1.56160435e-01,  1.57150345e+00,
         7.08935566e-02, -3.70053841e-01, -2.34731133e-01,
         1.23624536e-01,  2.69957061e-01,  4.59374106e-01,
         4.50734498e-02,  1.23504148e-01,  9.22033679e-02],
       [-8.83433240e-03, -8.61190573e-01,  7.16344223e-01,
         6.97332400e-01,  5.16169961e-01,  2.51295196e-01,
         4.12399296e+00, -4.13599457e-01,  7.92558449e-01,
        -5.18809763e-01, -5.28408348e-01,  1.22629827e-01,
         6.23505778e-01,  1.21899390e+00, -3.99655064e-01,
         1.42664996e-01,  3.04947010e-01, -3.83108649e-01],
       [ 5.52359696e-01,  1.15223317e-01,  3.65614922e-03,
        -7.27389909e-01,  8.42619338e-01, -1.56160435e-01,
        -4.13599457e-01,  5.86486573e+00, -1.05970414e+00,
         1.59016720e-01, -1.85806791e-01,  4.49760306e-01,
        -1.22486245e+00,  4.99864572e-01, -2.15691503e-01,
        -3.86795798e-01,  1.11451193e-01, -4.27834488e-02],
       [-1.55432797e+00,  1.41896285e-01,  2.62970132e-01,
        -3.87227488e-02, -1.05430165e-01,  1.57150345e+00,
         7.92558449e-01, -1.05970414e+00,  9.76453514e+00,
        -3.38558841e-01, -1.45391228e+00, -1.16937532e+00,
         8.53179616e-01,  3.92607436e-01,  1.19876170e+00,
         3.47895393e-01,  2.29259282e-01,  2.35037850e-01],
       [-5.26307210e-02,  1.11527686e-02, -4.66978028e-01,
        -1.20439786e-01, -1.24405430e-01,  7.08935566e-02,
        -5.18809763e-01,  1.59016720e-01, -3.38558841e-01,
         6.55980536e-01,  8.95610441e-02,  5.95253898e-02,
        -2.55715426e-01, -1.25785997e-01,  3.85787050e-01,
        -7.53571744e-02,  4.45480500e-02,  1.60677793e-01],
       [ 1.37444687e-01,  2.09472143e-01, -1.35806154e-01,
         6.00067739e-02, -2.06114538e-01, -3.70053841e-01,
        -5.28408348e-01, -1.85806791e-01, -1.45391228e+00,
         8.95610441e-02,  1.04360652e+00,  8.41602794e-02,
        -4.92612592e-02, -6.45498402e-01, -1.28589874e-01,
        -9.24046924e-02, -2.01927818e-01,  1.40965172e-01],
       [ 4.72248737e-01, -6.80191638e-02, -1.34469497e-01,
         5.63322542e-03,  1.37046476e-01, -2.34731133e-01,
         1.22629827e-01,  4.49760306e-01, -1.16937532e+00,
         5.95253898e-02,  8.41602794e-02,  7.23391285e-01,
        -2.43642219e-01,  9.34326485e-02, -3.51265103e-01,
        -5.07010660e-02, -2.48644919e-02, -1.35145409e-01],
       [-2.72266692e-01, -1.15598026e-01,  1.94114410e-01,
         3.27670155e-01, -1.00446936e-01,  1.23624536e-01,
         6.23505778e-01, -1.22486245e+00,  8.53179616e-01,
        -2.55715426e-01, -4.92612592e-02, -2.43642219e-01,
         6.01602165e-01,  5.14683532e-02,  1.22726845e-02,
         2.21377192e-01,  1.20073540e-02, -3.67242299e-02],
       [ 7.07457312e-02, -6.48002125e-01,  1.97862655e-01,
         1.26209219e-01,  4.17751219e-01,  2.69957061e-01,
         1.21899390e+00,  4.99864572e-01,  3.92607436e-01,
        -1.25785997e-01, -6.45498402e-01,  9.34326485e-02,
         5.14683532e-02,  1.01025923e+00, -2.07350261e-02,
         1.61014314e-02,  3.27878741e-01, -2.20391937e-01],
       [-3.49387133e-01, -4.98526858e-02, -3.58702770e-01,
        -7.47184605e-02, -1.54626283e-01,  4.59374106e-01,
        -3.99655064e-01, -2.15691503e-01,  1.19876170e+00,
         3.85787050e-01, -1.28589874e-01, -3.51265103e-01,
         1.22726845e-02, -2.07350261e-02,  8.21765986e-01,
         3.61233513e-03,  9.57833548e-02,  3.23764444e-01],
       [-8.64815035e-02,  5.93437411e-03,  4.49523389e-02,
         9.92856178e-02, -3.10416665e-02,  4.50734498e-02,
         1.42664996e-01, -3.86795798e-01,  3.47895393e-01,
        -7.53571744e-02, -9.24046924e-02, -5.07010660e-02,
         2.21377192e-01,  1.61014314e-02,  3.61233513e-03,
         1.16795904e-01,  3.70973271e-03, -1.39475428e-02],
       [-3.75859321e-02, -1.86524564e-01, -3.10043496e-03,
         2.52002561e-02,  1.15970162e-01,  1.23504148e-01,
         3.04947010e-01,  1.11451193e-01,  2.29259282e-01,
         4.45480500e-02, -2.01927818e-01, -2.48644919e-02,
         1.20073540e-02,  3.27878741e-01,  9.57833548e-02,
         3.70973271e-03,  1.47784173e-01, -2.41739249e-02],
       [-1.17813286e-01,  1.65869097e-01, -1.67360710e-01,
        -6.64683832e-02, -1.09843973e-01,  9.22033679e-02,
        -3.83108649e-01, -4.27834488e-02,  2.35037850e-01,
         1.60677793e-01,  1.40965172e-01, -1.35145409e-01,
        -3.67242299e-02, -2.20391937e-01,  3.23764444e-01,
        -1.39475428e-02, -2.41739249e-02,  2.16084928e-01]])
      jac: array([ 1.70900331e-06,  1.21906189e-05,  3.15821443e-06,  8.58387435e-06,
       -1.84156394e-05, -7.45366731e-06,  8.47100168e-07,  5.87122943e-06,
        1.71196390e-06, -1.64683082e-06,  3.42540811e-06,  1.42959718e-06,
       -4.55376477e-06,  2.41743662e-05,  1.05345362e-05,  1.45809291e-07,
       -1.59535348e-05, -1.12968894e-05])
  message: 'Desired error not necessarily achieved due to precision loss.'
     nfev: 1416
      nit: 32
     njev: 74
   status: 2
  success: False
        x: array([ 0.73731968, -0.05883903,  0.48212992,  0.22737525, -1.04804429,
       -0.97413574,  1.28191432, -1.57135165, -1.19560335, -1.06804512,
        0.02577956,  0.62216438,  0.12893456,  0.04408226, -0.80867932,
        0.08610703,  1.33655249, -1.04855614])
