Program Begingeth
      fun: 0.27973831278759353
 hess_inv: array([[ 1.43987747e+00, -4.64713990e-01,  1.66651439e-01,
         3.19870069e-01,  4.17883631e-01,  7.90242796e-01,
        -2.55195871e-01,  8.42180617e-02,  3.48479230e+00,
         1.41882473e+00,  1.47822953e+00,  1.26968345e+00,
        -5.51149135e-01,  2.07328214e-01, -1.10301490e-02,
         2.60040604e-02, -8.71221503e-02, -2.91125387e-01],
       [-4.64713990e-01,  5.54340598e-01, -1.25157321e-01,
        -1.50365003e-01, -2.06630831e-01, -6.14366364e-01,
         4.52326486e-01,  1.24031183e-01, -2.64634612e+00,
        -7.64299742e-01, -8.67117181e-01, -9.74899829e-01,
         1.98082304e-01, -2.01697538e-01, -1.51689678e-01,
         2.67596113e-02,  6.44011220e-02,  1.13592233e-02],
       [ 1.66651439e-01, -1.25157321e-01,  3.33600424e-01,
         2.34222715e-01,  2.21946222e-01,  3.97025707e-01,
        -2.43363849e-01,  1.39355874e-01,  2.18820056e+00,
         9.94591901e-01,  7.00506930e-01,  7.44042277e-01,
        -2.87078578e-03,  9.62850339e-02, -4.66451027e-02,
         5.26020898e-02, -1.02655324e-02,  1.44191043e-02],
       [ 3.19870069e-01, -1.50365003e-01,  2.34222715e-01,
         6.11851735e-01,  2.69028291e-01,  7.22213322e-01,
        -3.69039560e-01, -2.22400477e-01,  4.37693321e+00,
         2.32477258e+00,  1.09292685e+00,  1.43110633e+00,
         2.63176797e-02,  1.87619212e-02, -1.17835839e-02,
         6.10484963e-02, -1.14788466e-01, -2.58233944e-02],
       [ 4.17883631e-01, -2.06630831e-01,  2.21946222e-01,
         2.69028291e-01,  3.26953518e-01,  5.46839779e-01,
        -3.56755373e-01,  1.85607514e-01,  2.92764535e+00,
         1.20520561e+00,  1.09921118e+00,  9.23677172e-01,
        -1.30451260e-01,  1.28839880e-01,  1.78513933e-02,
         2.37671035e-02, -2.80255493e-02, -4.34691097e-02],
       [ 7.90242796e-01, -6.14366364e-01,  3.97025707e-01,
         7.22213322e-01,  5.46839779e-01,  1.48579200e+00,
        -1.22075672e+00, -3.06035661e-01,  7.72479212e+00,
         3.17247485e+00,  2.26757022e+00,  2.71436354e+00,
        -2.17706572e-01,  1.97363589e-01,  1.51617614e-01,
         1.39685055e-02, -1.57368456e-01, -4.61219072e-02],
       [-2.55195871e-01,  4.52326486e-01, -2.43363849e-01,
        -3.69039560e-01, -3.56755373e-01, -1.22075672e+00,
         2.21613052e+00,  8.40014467e-02, -6.22941204e+00,
        -2.28742767e+00, -1.65270585e+00, -2.41047578e+00,
         1.33454478e-01, -1.04129565e-01, -1.67997789e-01,
         5.90982158e-02,  9.66800725e-02, -1.83086212e-02],
       [ 8.42180617e-02,  1.24031183e-01,  1.39355874e-01,
        -2.22400477e-01,  1.85607514e-01, -3.06035661e-01,
         8.40014467e-02,  1.70832671e+00, -1.37894495e+00,
        -5.65374142e-01, -8.81229431e-02, -6.75496314e-01,
        -1.37102980e-01,  1.08038478e-01, -1.72992515e-01,
        -4.91092026e-03,  1.11500175e-01, -7.42788920e-02],
       [ 3.48479230e+00, -2.64634612e+00,  2.18820056e+00,
         4.37693321e+00,  2.92764535e+00,  7.72479212e+00,
        -6.22941204e+00, -1.37894495e+00,  4.29924057e+01,
         1.87306170e+01,  1.19139589e+01,  1.42730493e+01,
        -6.96100397e-01,  8.41900753e-01,  5.57257223e-01,
         1.71002620e-01, -8.21028118e-01, -1.83811613e-01],
       [ 1.41882473e+00, -7.64299742e-01,  9.94591901e-01,
         2.32477258e+00,  1.20520561e+00,  3.17247485e+00,
        -2.28742767e+00, -5.65374142e-01,  1.87306170e+01,
         9.41739327e+00,  4.83470730e+00,  6.18909072e+00,
        -9.50972557e-02,  1.72918928e-01,  5.52268545e-03,
         1.62788157e-01, -4.15606063e-01, -1.29504605e-01],
       [ 1.47822953e+00, -8.67117181e-01,  7.00506930e-01,
         1.09292685e+00,  1.09921118e+00,  2.26757022e+00,
        -1.65270585e+00, -8.81229431e-02,  1.19139589e+01,
         4.83470730e+00,  4.19347112e+00,  3.96077678e+00,
        -4.49941920e-01,  3.78965861e-01,  1.92639186e-01,
         4.68081652e-02, -1.91768541e-01, -1.22248775e-01],
       [ 1.26968345e+00, -9.74899829e-01,  7.44042277e-01,
         1.43110633e+00,  9.23677172e-01,  2.71436354e+00,
        -2.41047578e+00, -6.75496314e-01,  1.42730493e+01,
         6.18909072e+00,  3.96077678e+00,  5.24880831e+00,
        -2.73917463e-01,  2.42680980e-01,  1.94582372e-01,
         4.89472808e-02, -3.28738110e-01, -8.50901158e-02],
       [-5.51149135e-01,  1.98082304e-01, -2.87078578e-03,
         2.63176797e-02, -1.30451260e-01, -2.17706572e-01,
         1.33454478e-01, -1.37102980e-01, -6.96100397e-01,
        -9.50972557e-02, -4.49941920e-01, -2.73917463e-01,
         2.92363355e-01, -9.87734978e-02, -1.93884747e-02,
         4.17042811e-02,  3.63742754e-03,  1.21561542e-01],
       [ 2.07328214e-01, -2.01697538e-01,  9.62850339e-02,
         1.87619212e-02,  1.28839880e-01,  1.97363589e-01,
        -1.04129565e-01,  1.08038478e-01,  8.41900753e-01,
         1.72918928e-01,  3.78965861e-01,  2.42680980e-01,
        -9.87734978e-02,  1.35978370e-01,  3.91455488e-02,
        -2.10352040e-03,  2.39558775e-02, -7.09760533e-03],
       [-1.10301490e-02, -1.51689678e-01, -4.66451027e-02,
        -1.17835839e-02,  1.78513933e-02,  1.51617614e-01,
        -1.67997789e-01, -1.72992515e-01,  5.57257223e-01,
         5.52268545e-03,  1.92639186e-01,  1.94582372e-01,
        -1.93884747e-02,  3.91455488e-02,  1.28710565e-01,
        -3.19530373e-02, -1.54418397e-02,  5.50806356e-02],
       [ 2.60040604e-02,  2.67596113e-02,  5.26020898e-02,
         6.10484963e-02,  2.37671035e-02,  1.39685055e-02,
         5.90982158e-02, -4.91092026e-03,  1.71002620e-01,
         1.62788157e-01,  4.68081652e-02,  4.89472808e-02,
         4.17042811e-02, -2.10352040e-03, -3.19530373e-02,
         4.88214726e-02, -5.50494778e-03, -2.71142119e-03],
       [-8.71221503e-02,  6.44011220e-02, -1.02655324e-02,
        -1.14788466e-01, -2.80255493e-02, -1.57368456e-01,
         9.66800725e-02,  1.11500175e-01, -8.21028118e-01,
        -4.15606063e-01, -1.91768541e-01, -3.28738110e-01,
         3.63742754e-03,  2.39558775e-02, -1.54418397e-02,
        -5.50494778e-03,  6.17411194e-02,  1.10918203e-02],
       [-2.91125387e-01,  1.13592233e-02,  1.44191043e-02,
        -2.58233944e-02, -4.34691097e-02, -4.61219072e-02,
        -1.83086212e-02, -7.42788920e-02, -1.83811613e-01,
        -1.29504605e-01, -1.22248775e-01, -8.50901158e-02,
         1.21561542e-01, -7.09760533e-03,  5.50806356e-02,
        -2.71142119e-03,  1.10918203e-02,  1.06913857e-01]])
      jac: array([ 7.66794036e-06, -5.55000490e-06, -1.33467311e-05, -2.53101244e-05,
        1.85185201e-05,  4.59854377e-05,  2.60310292e-06, -2.63122857e-07,
       -3.34251145e-06,  6.82195041e-06, -6.41486864e-06, -9.16563122e-06,
        2.43716158e-05, -1.50623958e-05, -3.27845158e-05, -1.84034269e-05,
        1.01718634e-05,  1.95995072e-05])
  message: 'Desired error not necessarily achieved due to precision loss.'
     nfev: 2596
      nit: 91
     njev: 136
   status: 2
  success: False
        x: array([ 0.14681268,  0.27520218,  0.70236378,  1.66926026, -1.12354571,
       -0.17284174,  2.80689789, -0.8409577 ,  0.25115266,  1.97614306,
       -1.18936698, -0.84404122,  0.18006733,  0.12970236, -0.25686386,
       -1.23758802,  0.09408346,  0.049221  ])
