Program Begingeth
      fun: 0.23508512648003443
 hess_inv: array([[ 3.13057627e+00,  4.21658737e-01, -9.25477697e-01,
        -1.49963000e+00,  9.01192320e-01, -4.76953247e-01,
        -8.99830683e-01,  6.33882905e+00, -2.79980991e+00,
         2.08244561e+00, -3.64681733e-01,  2.20344466e+00,
        -3.92991553e+00,  4.44867258e-01, -4.07588971e-01,
        -1.07673789e+00,  1.05547375e-01, -3.06630711e-02],
       [ 4.21658737e-01,  9.57077043e-01, -2.68090346e-01,
        -4.55028714e-01, -3.33308141e-02, -2.04690910e-01,
        -8.80869109e-01,  1.13523981e+00, -2.44825340e-01,
         4.13829054e-01,  2.39660698e-01,  2.34448314e-01,
        -7.80105575e-01, -6.69271589e-01, -7.77918157e-03,
        -1.77231665e-01, -1.61915264e-01,  1.66619468e-01],
       [-9.25477697e-01, -2.68090346e-01,  1.20260244e+00,
         6.16893985e-01,  2.88572916e-02, -6.41228617e-02,
         1.31284849e+00, -1.38296687e+00,  7.59961182e-01,
        -1.30747848e+00, -1.57902963e-02, -4.79144219e-01,
         1.47089361e+00,  2.00382045e-01, -7.02772145e-01,
         3.97205549e-01, -4.75972337e-02, -2.78910957e-01],
       [-1.49963000e+00, -4.55028714e-01,  6.16893985e-01,
         1.02978893e+00, -4.73533765e-01,  1.39851412e-01,
         9.05936305e-01, -3.94089145e+00,  9.68005722e-01,
        -1.23498418e+00,  2.82262971e-01, -8.74854999e-01,
         2.29576080e+00, -1.20560954e-01, -6.04370141e-02,
         6.36549921e-01, -6.05370889e-02, -1.01038461e-01],
       [ 9.01192320e-01, -3.33308141e-02,  2.88572916e-02,
        -4.73533765e-01,  5.85696442e-01, -9.72619105e-02,
         3.69493982e-01,  3.00194630e+00, -5.66336256e-01,
         4.45197980e-01, -3.72620237e-01,  6.41806772e-01,
        -1.19062570e+00,  5.75669477e-01, -2.56815435e-01,
        -3.22725573e-01,  1.48712089e-01, -6.37191785e-02],
       [-4.76953247e-01, -2.04690910e-01, -6.41228617e-02,
         1.39851412e-01, -9.72619105e-02,  2.94366060e-01,
         7.65335460e-02, -6.32811016e-01,  8.61796568e-01,
        -1.68954475e-01, -1.38936052e-01, -4.34942344e-01,
         4.53600767e-01,  9.23507590e-02,  4.26925491e-01,
         1.22232247e-01,  4.28481596e-02,  1.03958376e-01],
       [-8.99830683e-01, -8.80869109e-01,  1.31284849e+00,
         9.05936305e-01,  3.69493982e-01,  7.65335460e-02,
         3.57625789e+00, -6.62812916e-01,  7.06789671e-01,
        -1.23648128e+00, -2.28407389e-01, -2.97327923e-01,
         1.56891174e+00,  9.39051601e-01, -6.56949816e-01,
         3.86613127e-01,  1.62651447e-01, -2.96722992e-01],
       [ 6.33882905e+00,  1.13523981e+00, -1.38296687e+00,
        -3.94089145e+00,  3.00194630e+00, -6.32811016e-01,
        -6.62812916e-01,  2.03982038e+01, -4.07442834e+00,
         4.37815323e+00, -1.43179874e+00,  3.98473954e+00,
        -9.24424693e+00,  1.78500991e+00, -5.52478658e-01,
        -2.56738339e+00,  4.87814736e-01,  1.46274171e-01],
       [-2.79980991e+00, -2.44825340e-01,  7.59961182e-01,
         9.68005722e-01, -5.66336256e-01,  8.61796568e-01,
         7.06789671e-01, -4.07442834e+00,  5.31640771e+00,
        -1.83908983e+00, -3.57493413e-01, -1.85930366e+00,
         3.10868478e+00, -1.34992227e-01,  6.41850537e-01,
         9.08640387e-01, -4.18823556e-02,  7.69894488e-02],
       [ 2.08244561e+00,  4.13829054e-01, -1.30747848e+00,
        -1.23498418e+00,  4.45197980e-01, -1.68954475e-01,
        -1.23648128e+00,  4.37815323e+00, -1.83908983e+00,
         2.13389429e+00, -1.88172860e-01,  1.27907690e+00,
        -3.06744800e+00,  1.04205432e-01,  3.55783215e-01,
        -8.55430023e-01,  1.22439597e-01,  1.96924467e-01],
       [-3.64681733e-01,  2.39660698e-01, -1.57902963e-02,
         2.82262971e-01, -3.72620237e-01, -1.38936052e-01,
        -2.28407389e-01, -1.43179874e+00, -3.57493413e-01,
        -1.88172860e-01,  9.70396060e-01, -3.12352122e-01,
         5.21104407e-01, -7.09679070e-01,  6.04201166e-02,
         5.03156973e-02, -1.79155742e-01,  1.35977362e-01],
       [ 2.20344466e+00,  2.34448314e-01, -4.79144219e-01,
        -8.74854999e-01,  6.41806772e-01, -4.34942344e-01,
        -2.97327923e-01,  3.98473954e+00, -1.85930366e+00,
         1.27907690e+00, -3.12352122e-01,  1.95935644e+00,
        -2.47912804e+00,  3.72551866e-01, -6.62646551e-01,
        -6.28882561e-01,  4.95737159e-02, -1.78034518e-01],
       [-3.92991553e+00, -7.80105575e-01,  1.47089361e+00,
         2.29576080e+00, -1.19062570e+00,  4.53600767e-01,
         1.56891174e+00, -9.24424693e+00,  3.10868478e+00,
        -3.06744800e+00,  5.21104407e-01, -2.47912804e+00,
         5.57546231e+00, -4.72237695e-01,  7.02658400e-02,
         1.58149968e+00, -1.75254276e-01, -1.50579015e-01],
       [ 4.44867258e-01, -6.69271589e-01,  2.00382045e-01,
        -1.20560954e-01,  5.75669477e-01,  9.23507590e-02,
         9.39051601e-01,  1.78500991e+00, -1.34992227e-01,
         1.04205432e-01, -7.09679070e-01,  3.72551866e-01,
        -4.72237695e-01,  1.09532292e+00, -1.89865021e-01,
        -1.18057671e-01,  3.06788103e-01, -1.75690438e-01],
       [-4.07588971e-01, -7.77918157e-03, -7.02772145e-01,
        -6.04370141e-02, -2.56815435e-01,  4.26925491e-01,
        -6.56949816e-01, -5.52478658e-01,  6.41850537e-01,
         3.55783215e-01,  6.04201166e-02, -6.62646551e-01,
         7.02658400e-02, -1.89865021e-01,  1.09528199e+00,
        -7.11317427e-03,  4.91816959e-02,  3.97396690e-01],
       [-1.07673789e+00, -1.77231665e-01,  3.97205549e-01,
         6.36549921e-01, -3.22725573e-01,  1.22232247e-01,
         3.86613127e-01, -2.56738339e+00,  9.08640387e-01,
        -8.55430023e-01,  5.03156973e-02, -6.28882561e-01,
         1.58149968e+00, -1.18057671e-01, -7.11317427e-03,
         4.90561245e-01, -4.79220488e-02, -5.75196031e-02],
       [ 1.05547375e-01, -1.61915264e-01, -4.75972337e-02,
        -6.05370889e-02,  1.48712089e-01,  4.28481596e-02,
         1.62651447e-01,  4.87814736e-01, -4.18823556e-02,
         1.22439597e-01, -1.79155742e-01,  4.95737159e-02,
        -1.75254276e-01,  3.06788103e-01,  4.91816959e-02,
        -4.79220488e-02,  1.24822806e-01, -7.48408973e-03],
       [-3.06630711e-02,  1.66619468e-01, -2.78910957e-01,
        -1.01038461e-01, -6.37191785e-02,  1.03958376e-01,
        -2.96722992e-01,  1.46274171e-01,  7.69894488e-02,
         1.96924467e-01,  1.35977362e-01, -1.78034518e-01,
        -1.50579015e-01, -1.75690438e-01,  3.97396690e-01,
        -5.75196031e-02, -7.48408973e-03,  2.06309945e-01]])
      jac: array([ 3.67446814e-06,  1.03398771e-05, -1.38293081e-05, -1.03256292e-05,
       -4.67773968e-06,  4.68619588e-05, -1.27675648e-08,  1.53710378e-06,
       -3.98366525e-06,  6.55827244e-06, -1.01770444e-08, -2.83847020e-06,
        2.54779531e-05,  7.45829324e-06, -3.56020768e-05, -3.28272594e-05,
       -4.25918560e-06,  1.95843342e-05])
  message: 'Desired error not necessarily achieved due to precision loss.'
     nfev: 1361
      nit: 34
     njev: 71
   status: 2
  success: False
        x: array([ 0.68126417, -0.05616758,  0.52287775,  0.23948438, -0.94297464,
       -0.59814106,  1.22556783, -1.46560204, -0.88142242, -1.01060035,
        0.06268637,  0.63151703,  0.15875356,  0.03167913, -0.32549348,
        0.09043759,  1.19532625, -0.64164275])
