Program Begingeth
      fun: 0.253298567495559
 hess_inv: array([[ 3.50550983e+00,  3.45830847e-01,  1.09468563e+00,
         1.80218282e+00,  1.14957826e-01,  1.24732757e-02,
         3.94659263e+00,  4.38560173e-01, -2.95315222e+00,
         6.13523916e-01,  5.08643254e-01, -3.92005715e-01,
        -2.00528765e-02, -1.78650428e-01, -1.08275998e-01,
         7.16167939e-02, -8.07759268e-03,  7.26712972e-02],
       [ 3.45830847e-01,  1.30449381e+00, -1.04191726e-01,
         2.17035123e-01,  6.53512706e-01, -1.61516356e-01,
         6.31895502e-01,  7.20132152e-01,  6.40477135e-01,
         4.52325029e-01,  3.85382394e-01, -3.39522186e-02,
        -1.29025548e-01,  5.73752722e-03, -1.53839553e-01,
        -8.42139048e-02,  5.33837630e-02,  2.77761258e-03],
       [ 1.09468563e+00, -1.04191726e-01,  1.78444317e+00,
         6.61320490e-01, -1.01639419e-01,  7.08720275e-01,
         2.04352557e+00, -1.58444538e+00, -1.33019470e+00,
         2.38210802e-01, -8.99674641e-02,  1.96324550e-01,
         1.55073653e-02,  1.31931984e-01,  7.34233049e-02,
        -8.90030225e-04,  8.37410845e-02,  9.75227801e-02],
       [ 1.80218282e+00,  2.17035123e-01,  6.61320490e-01,
         9.48614700e-01,  7.97761242e-02,  5.09157528e-02,
         2.21839587e+00,  1.28522802e-01, -1.45420862e+00,
         3.18041026e-01,  2.89032026e-01, -1.71960824e-01,
        -4.14704934e-03, -7.80039666e-02, -6.41180647e-02,
         3.41539475e-02,  8.52886723e-03,  3.66921289e-02],
       [ 1.14957826e-01,  6.53512706e-01, -1.01639419e-01,
         7.97761242e-02,  3.66326293e-01, -1.16203145e-01,
         6.22216246e-01,  7.68859516e-01,  4.43907291e-01,
         2.11225629e-01,  2.55276286e-01, -5.14765231e-02,
        -1.02480200e-01, -1.39171787e-02, -8.85082952e-02,
        -6.39273650e-02,  8.13522501e-03,  6.11463179e-03],
       [ 1.24732757e-02, -1.61516356e-01,  7.08720275e-01,
         5.09157528e-02, -1.16203145e-01,  3.77638212e-01,
         6.84336327e-02, -1.08970526e+00, -1.87110300e-01,
        -3.58588283e-02, -1.92681555e-01,  1.77547214e-01,
         5.82422959e-02,  1.13112435e-01,  7.06765903e-02,
         1.02354570e-02,  6.10525781e-02,  2.66938068e-02],
       [ 3.94659263e+00,  6.31895502e-01,  2.04352557e+00,
         2.21839587e+00,  6.22216246e-01,  6.84336327e-02,
         1.16494909e+01,  3.74049605e+00, -2.79370175e+00,
         8.19734387e-01,  1.50588407e+00, -6.89546720e-01,
        -5.49202359e-01, -4.45216975e-01, -2.64262859e-01,
        -1.97579150e-01, -3.06333980e-01,  2.56210388e-01],
       [ 4.38560173e-01,  7.20132152e-01, -1.58444538e+00,
         1.28522802e-01,  7.68859516e-01, -1.08970526e+00,
         3.74049605e+00,  7.27823647e+00,  1.18571929e+00,
         3.18296073e-01,  1.10074893e+00, -1.17770924e+00,
        -4.82828844e-01, -4.97066870e-01, -1.98486973e-01,
        -1.34817458e-01, -3.12862254e-01,  5.64469802e-02],
       [-2.95315222e+00,  6.40477135e-01, -1.33019470e+00,
        -1.45420862e+00,  4.43907291e-01, -1.87110300e-01,
        -2.79370175e+00,  1.18571929e+00,  5.34471434e+00,
        -5.27438710e-01,  4.60654455e-01, -6.00174206e-02,
         1.40274549e-04,  4.73523682e-02, -8.91166772e-02,
        -1.24659057e-01,  7.53322867e-02, -1.52104141e-01],
       [ 6.13523916e-01,  4.52325029e-01,  2.38210802e-01,
         3.18041026e-01,  2.11225629e-01, -3.58588283e-02,
         8.19734387e-01,  3.18296073e-01, -5.27438710e-01,
         9.09052484e-01,  9.22186969e-02, -2.38784242e-02,
        -2.19075391e-01, -1.34715462e-03,  5.09740753e-02,
        -3.50741731e-02,  2.67849163e-02,  2.05019907e-01],
       [ 5.08643254e-01,  3.85382394e-01, -8.99674641e-02,
         2.89032026e-01,  2.55276286e-01, -1.92681555e-01,
         1.50588407e+00,  1.10074893e+00,  4.60654455e-01,
         9.22186969e-02,  7.69163694e-01, -2.60036478e-01,
        -8.73491301e-02, -1.72693432e-01, -1.67939515e-01,
        -5.70490686e-02, -3.15065128e-02, -5.65142621e-02],
       [-3.92005715e-01, -3.39522186e-02,  1.96324550e-01,
        -1.71960824e-01, -5.14765231e-02,  1.77547214e-01,
        -6.89546720e-01, -1.17770924e+00, -6.00174206e-02,
        -2.38784242e-02, -2.60036478e-01,  4.78855265e-01,
         1.53682940e-02,  1.50549142e-01,  5.08189462e-03,
        -4.30212774e-02,  7.24031186e-02,  1.66598773e-02],
       [-2.00528765e-02, -1.29025548e-01,  1.55073653e-02,
        -4.14704934e-03, -1.02480200e-01,  5.82422959e-02,
        -5.49202359e-01, -4.82828844e-01,  1.40274549e-04,
        -2.19075391e-01, -8.73491301e-02,  1.53682940e-02,
         1.35650755e-01,  2.83055208e-02,  2.38568104e-03,
         6.41897717e-02,  3.37458382e-02, -6.41449867e-02],
       [-1.78650428e-01,  5.73752722e-03,  1.31931984e-01,
        -7.80039666e-02, -1.39171787e-02,  1.13112435e-01,
        -4.45216975e-01, -4.97066870e-01,  4.73523682e-02,
        -1.34715462e-03, -1.72693432e-01,  1.50549142e-01,
         2.83055208e-02,  1.01141428e-01,  2.78981750e-02,
        -1.27324834e-05,  6.34919451e-02,  1.06383271e-02],
       [-1.08275998e-01, -1.53839553e-01,  7.34233049e-02,
        -6.41180647e-02, -8.85082952e-02,  7.06765903e-02,
        -2.64262859e-01, -1.98486973e-01, -8.91166772e-02,
         5.09740753e-02, -1.67939515e-01,  5.08189462e-03,
         2.38568104e-03,  2.78981750e-02,  8.60516608e-02,
         2.08481570e-02,  8.05464443e-04,  5.68806673e-02],
       [ 7.16167939e-02, -8.42139048e-02, -8.90030225e-04,
         3.41539475e-02, -6.39273650e-02,  1.02354570e-02,
        -1.97579150e-01, -1.34817458e-01, -1.24659057e-01,
        -3.50741731e-02, -5.70490686e-02, -4.30212774e-02,
         6.41897717e-02, -1.27324834e-05,  2.08481570e-02,
         5.71346518e-02,  8.62715318e-03, -1.10125528e-02],
       [-8.07759268e-03,  5.33837630e-02,  8.37410845e-02,
         8.52886723e-03,  8.13522501e-03,  6.10525781e-02,
        -3.06333980e-01, -3.12862254e-01,  7.53322867e-02,
         2.67849163e-02, -3.15065128e-02,  7.24031186e-02,
         3.37458382e-02,  6.34919451e-02,  8.05464443e-04,
         8.62715318e-03,  7.04255776e-02, -4.63512350e-03],
       [ 7.26712972e-02,  2.77761258e-03,  9.75227801e-02,
         3.66921289e-02,  6.11463179e-03,  2.66938068e-02,
         2.56210388e-01,  5.64469802e-02, -1.52104141e-01,
         2.05019907e-01, -5.65142621e-02,  1.66598773e-02,
        -6.41449867e-02,  1.06383271e-02,  5.68806673e-02,
        -1.10125528e-02, -4.63512350e-03,  9.12097579e-02]])
      jac: array([ 1.76488454e-06,  6.13139169e-06, -3.56751665e-06,  1.62721688e-06,
       -1.03950182e-05,  9.51424125e-06, -4.05601478e-07,  1.18534812e-06,
        4.79616347e-07, -1.86147394e-07, -2.62752783e-08, -1.83186799e-07,
       -1.34510921e-05,  8.38181376e-06,  2.90989455e-06,  5.61328761e-06,
       -4.05638486e-06, -1.29311376e-05])
  message: 'Desired error not necessarily achieved due to precision loss.'
     nfev: 2311
      nit: 64
     njev: 121
   status: 2
  success: False
        x: array([-1.71256038e+00, -1.17192617e+00,  6.19929477e-01, -1.48359667e+00,
       -1.22350998e+00,  3.46454442e-01, -5.34571120e-01, -1.51206556e+00,
        1.20149673e+00, -1.29013655e-03,  5.32906814e-01,  1.18694556e+00,
        1.06229576e-01,  2.75770659e-01, -2.54341106e-01,  1.30239870e+00,
        1.73294352e-02,  3.47367282e-03])
