Program Begingeth
      fun: 0.3474344804855753
 hess_inv: array([[ 1.44508668e+01, -1.22343566e+00, -4.35339888e-01,
        -1.88404944e-02, -2.08204493e+00,  3.45998314e-01,
         4.53448309e-01, -2.37105240e+00,  1.77062210e+00,
        -3.67308015e+00, -1.16004366e+00,  1.99421352e-01,
        -4.11830588e+00, -2.37334819e-01,  3.37777971e-01,
         1.58535294e+00,  1.23957600e+00, -2.58528711e-02],
       [-1.22343566e+00,  3.25446055e+00, -1.00681146e-01,
         4.17281254e-01,  5.79390684e-01,  2.42686614e-01,
         8.71193384e-01,  2.54135430e+00,  1.43256878e+00,
         8.40749150e-01, -1.28413315e-01, -1.67522411e+00,
         4.38523573e-01, -6.87223533e-01,  5.32636385e-01,
        -3.32822913e-01,  3.28044197e-01, -3.10728477e-02],
       [-4.35339888e-01, -1.00681146e-01,  2.37892223e+00,
        -1.73679357e-01, -1.67664209e-01,  2.18093363e-01,
        -1.55606258e+00, -1.39007346e+00,  6.79667236e-01,
         3.35858673e-01,  1.32274132e+00, -2.97586997e-01,
         2.02842147e-02, -3.79855815e-01, -5.33914366e-01,
        -2.87765430e-02, -8.00846303e-02,  3.06910072e-01],
       [-1.88404944e-02,  4.17281254e-01, -1.73679357e-01,
         1.69071168e-01,  5.85700518e-02, -2.41414740e-02,
         7.52267692e-01,  2.58669260e-01,  2.69666688e-01,
        -4.11717463e-02, -5.28452422e-02, -2.22328401e-01,
         1.28510231e-01, -1.00803117e-01,  6.50794254e-02,
        -1.83742629e-03,  2.76980402e-02, -1.83537514e-02],
       [-2.08204493e+00,  5.79390684e-01, -1.67664209e-01,
         5.85700518e-02,  4.32303794e-01, -5.79476171e-03,
         1.06570055e-01,  1.12920918e+00, -8.88558224e-02,
         6.98503051e-01,  2.10913651e-02, -1.37479369e-01,
         5.91873464e-01,  1.85535908e-02,  7.89952714e-02,
        -2.38910176e-01, -1.19329907e-01, -3.09371815e-02],
       [ 3.45998314e-01,  2.42686614e-01,  2.18093363e-01,
        -2.41414740e-02, -5.79476171e-03,  1.76556674e-01,
        -4.00619893e-01,  3.21379380e-01,  5.13460942e-01,
         2.64228961e-01, -6.93566747e-02, -1.52419086e-01,
        -1.90290406e-01, -7.24289019e-02,  9.91844700e-02,
         1.17776078e-02,  5.68698801e-02,  2.36726316e-02],
       [ 4.53448309e-01,  8.71193384e-01, -1.55606258e+00,
         7.52267692e-01,  1.06570055e-01, -4.00619893e-01,
         5.31052738e+00,  7.08530993e-01,  4.29293658e-01,
        -4.94123696e-01, -2.37606780e-01, -2.72698348e-01,
         3.54210735e-01, -1.90228977e-01,  1.13330612e-01,
         7.28067088e-02,  7.93906661e-02, -2.28314574e-01],
       [-2.37105240e+00,  2.54135430e+00, -1.39007346e+00,
         2.58669260e-01,  1.12920918e+00,  3.21379380e-01,
         7.08530993e-01,  6.70153414e+00,  9.06962606e-01,
         2.03358453e+00, -5.02196667e-01, -8.95769542e-01,
         4.51668893e-01, -2.17603967e-01,  8.48062713e-01,
        -4.12824034e-01,  8.61881821e-02, -2.65800630e-01],
       [ 1.77062210e+00,  1.43256878e+00,  6.79667236e-01,
         2.69666688e-01, -8.88558224e-02,  5.13460942e-01,
         4.29293658e-01,  9.06962606e-01,  3.67429788e+00,
         2.65247231e-01,  1.46937456e-01, -6.31316362e-01,
        -4.57324648e-01, -5.88936275e-01,  1.42095713e-01,
         1.34614585e-01,  2.64847281e-01,  4.04223072e-02],
       [-3.67308015e+00,  8.40749150e-01,  3.35858673e-01,
        -4.11717463e-02,  6.98503051e-01,  2.64228961e-01,
        -4.94123696e-01,  2.03358453e+00,  2.65247231e-01,
         2.95484369e+00,  4.80556024e-01, -3.83065859e-01,
         5.56887858e-01, -1.16419739e-01,  6.21204440e-02,
        -4.37304312e-01, -2.98569846e-01, -1.86621706e-01],
       [-1.16004366e+00, -1.28413315e-01,  1.32274132e+00,
        -5.28452422e-02,  2.10913651e-02, -6.93566747e-02,
        -2.37606780e-01, -5.02196667e-01,  1.46937456e-01,
         4.80556024e-01,  1.67493443e+00, -9.67638442e-02,
         2.83667762e-01, -3.71452284e-01, -5.70405386e-01,
        -8.16281651e-02, -1.57801853e-01,  4.39606755e-02],
       [ 1.99421352e-01, -1.67522411e+00, -2.97586997e-01,
        -2.22328401e-01, -1.37479369e-01, -1.52419086e-01,
        -2.72698348e-01, -8.95769542e-01, -6.31316362e-01,
        -3.83065859e-01, -9.67638442e-02,  1.42826368e+00,
        -7.72203175e-02,  5.22352866e-01, -3.11803835e-01,
         1.68550219e-01, -1.63870262e-01, -1.87955451e-02],
       [-4.11830588e+00,  4.38523573e-01,  2.02842147e-02,
         1.28510231e-01,  5.91873464e-01, -1.90290406e-01,
         3.54210735e-01,  4.51668893e-01, -4.57324648e-01,
         5.56887858e-01,  2.83667762e-01, -7.72203175e-02,
         1.39538245e+00,  5.23789880e-02, -1.15228387e-01,
        -4.15006409e-01, -3.55007373e-01,  4.83151681e-02],
       [-2.37334819e-01, -6.87223533e-01, -3.79855815e-01,
        -1.00803117e-01,  1.85535908e-02, -7.24289019e-02,
        -1.90228977e-01, -2.17603967e-01, -5.88936275e-01,
        -1.16419739e-01, -3.71452284e-01,  5.22352866e-01,
         5.23789880e-02,  3.41249835e-01,  1.97424542e-03,
         2.07080022e-02, -8.25297344e-02, -1.07694067e-02],
       [ 3.37777971e-01,  5.32636385e-01, -5.33914366e-01,
         6.50794254e-02,  7.89952714e-02,  9.91844700e-02,
         1.13330612e-01,  8.48062713e-01,  1.42095713e-01,
         6.21204440e-02, -5.70405386e-01, -3.11803835e-01,
        -1.15228387e-01,  1.97424542e-03,  3.54084545e-01,
        -2.40408511e-02,  1.06436431e-01, -3.50557428e-02],
       [ 1.58535294e+00, -3.32822913e-01, -2.87765430e-02,
        -1.83742629e-03, -2.38910176e-01,  1.17776078e-02,
         7.28067088e-02, -4.12824034e-01,  1.34614585e-01,
        -4.37304312e-01, -8.16281651e-02,  1.68550219e-01,
        -4.15006409e-01,  2.07080022e-02, -2.40408511e-02,
         2.21468129e-01,  1.01635463e-01, -1.24923225e-03],
       [ 1.23957600e+00,  3.28044197e-01, -8.00846303e-02,
         2.76980402e-02, -1.19329907e-01,  5.68698801e-02,
         7.93906661e-02,  8.61881821e-02,  2.64847281e-01,
        -2.98569846e-01, -1.57801853e-01, -1.63870262e-01,
        -3.55007373e-01, -8.25297344e-02,  1.06436431e-01,
         1.01635463e-01,  1.99930128e-01, -1.50832255e-03],
       [-2.58528711e-02, -3.10728477e-02,  3.06910072e-01,
        -1.83537514e-02, -3.09371815e-02,  2.36726316e-02,
        -2.28314574e-01, -2.65800630e-01,  4.04223072e-02,
        -1.86621706e-01,  4.39606755e-02, -1.87955451e-02,
         4.83151681e-02, -1.07694067e-02, -3.50557428e-02,
        -1.24923225e-03, -1.50832255e-03,  9.78618778e-02]])
      jac: array([ 1.86184401e-06,  1.09579013e-06,  6.71314856e-07, -5.01598763e-06,
       -1.08727842e-06,  1.69494048e-07,  5.66213743e-07,  5.18104078e-09,
        1.49139960e-07,  1.68753900e-07,  1.27712655e-06, -5.14773409e-07,
        4.30470474e-06,  4.36428671e-06,  7.54581582e-07, -3.26072502e-06,
       -2.30963397e-06, -2.32665739e-06])
  message: 'Optimization terminated successfully.'
     nfev: 2014
      nit: 96
     njev: 106
   status: 0
  success: True
        x: array([-0.10944189, -0.63257291,  0.01426882,  1.42239927, -0.54625709,
       -0.11043959,  2.01367136, -0.64312987, -1.1632268 ,  0.08167231,
        0.37950848,  1.00010399,  0.25263766,  0.12769813, -0.22893877,
       -1.43556039, -0.80580764,  0.03909491])
