Program Begingeth
      fun: 0.2848911684987848
 hess_inv: array([[ 6.73650098e+00,  1.85278100e+00, -2.56476682e-01,
         1.94656275e+00,  9.84522311e-01, -5.23207526e-01,
         2.19420688e+00, -1.31364196e-01, -2.69248899e+00,
        -2.32195568e-01, -2.68909462e-02, -2.60028580e-01,
        -1.16214742e+00, -1.87217953e-01, -4.16122986e-02,
        -2.60213974e-01, -5.81179044e-01,  1.79455292e-01],
       [ 1.85278100e+00,  3.73861726e+00, -1.47242139e-01,
         2.15180018e-01,  1.45306209e+00, -9.04783062e-02,
        -7.12568101e-01,  2.37796451e+00,  4.53016239e-01,
        -2.21074762e-02, -2.68189426e-01, -1.17364285e+00,
        -4.56225629e-01, -3.98191704e-01,  2.77515322e-01,
         7.42296610e-02, -2.56793460e-01,  1.08465696e-01],
       [-2.56476682e-01, -1.47242139e-01,  9.39644023e+00,
         1.09428831e+00, -3.66240987e-01,  3.45827366e+00,
         1.17310832e+01, -3.94807076e+00,  4.22783413e+00,
        -2.03633058e-01,  2.62959503e+00, -9.83904473e-01,
         4.38409768e-01, -4.06728233e-01, -6.49610469e-01,
        -5.98657422e-03,  2.93035933e-01, -1.54387616e-01],
       [ 1.94656275e+00,  2.15180018e-01,  1.09428831e+00,
         7.98836592e-01,  1.43036225e-01,  2.89792351e-01,
         2.69807729e+00, -6.43901806e-01, -4.58769891e-01,
        -1.15512079e-01,  2.76253969e-01, -6.20814082e-02,
        -2.33069847e-01, -3.39786731e-02, -9.88145287e-02,
        -7.58094634e-02, -9.84822437e-02,  3.05819532e-02],
       [ 9.84522311e-01,  1.45306209e+00, -3.66240987e-01,
         1.43036225e-01,  6.27692904e-01, -1.50960554e-01,
        -4.18696476e-01,  1.33381681e+00, -1.22653822e-01,
        -7.54265775e-02, -1.94705004e-01, -3.65498659e-01,
        -2.20196053e-01, -1.16034129e-01,  1.30854659e-01,
         6.08901679e-03, -1.20750064e-01,  5.46214795e-02],
       [-5.23207526e-01, -9.04783062e-02,  3.45827366e+00,
         2.89792351e-01, -1.50960554e-01,  1.35905431e+00,
         4.35192569e+00, -1.17618417e+00,  1.95801679e+00,
        -1.65739131e-01,  8.57743627e-01, -3.45466520e-01,
         2.66448890e-01, -1.24388647e-01, -1.90987259e-01,
         2.80837551e-02,  1.37789788e-01, -6.46440021e-02],
       [ 2.19420688e+00, -7.12568101e-01,  1.17310832e+01,
         2.69807729e+00, -4.18696476e-01,  4.35192569e+00,
         2.09195539e+01, -4.96273339e+00,  3.40970535e+00,
        -3.27079374e-01,  2.59281029e+00, -6.57699125e-01,
         3.32920640e-01, -1.19254263e-01, -6.56430613e-01,
        -1.14761411e-01,  3.30981021e-01, -3.35139042e-02],
       [-1.31364196e-01,  2.37796451e+00, -3.94807076e+00,
        -6.43901806e-01,  1.33381681e+00, -1.17618417e+00,
        -4.96273339e+00,  7.36445215e+00, -7.95254285e-01,
        -6.66342732e-01, -1.34517105e+00, -2.38674735e-01,
        -8.31804239e-03,  1.57077595e-02,  6.38744208e-01,
         1.32371563e-01, -1.60654139e-01,  7.83099656e-02],
       [-2.69248899e+00,  4.53016239e-01,  4.22783413e+00,
        -4.58769891e-01, -1.22653822e-01,  1.95801679e+00,
         3.40970535e+00, -7.95254285e-01,  5.68525962e+00,
        -3.29210302e-01,  1.00742026e+00, -6.11278260e-01,
         6.21587058e-01, -3.37909854e-01, -2.00962407e-01,
         1.68950168e-01,  2.03522442e-01, -1.88160090e-01],
       [-2.32195568e-01, -2.21074762e-02, -2.03633058e-01,
        -1.15512079e-01, -7.54265775e-02, -1.65739131e-01,
        -3.27079374e-01, -6.66342732e-01, -3.29210302e-01,
         1.08765393e+00, -1.86717217e-01,  4.47435790e-02,
        -2.39522843e-01,  5.71169941e-02,  8.33263945e-02,
        -6.57401627e-03,  5.16492842e-02,  2.11756725e-01],
       [-2.68909462e-02, -2.68189426e-01,  2.62959503e+00,
         2.76253969e-01, -1.94705004e-01,  8.57743627e-01,
         2.59281029e+00, -1.34517105e+00,  1.00742026e+00,
        -1.86717217e-01,  1.35920325e+00, -2.41293080e-01,
         1.24190115e-01, -2.36608331e-01, -3.70532328e-01,
        -3.91415595e-02,  7.38810862e-02, -1.64655447e-01],
       [-2.60028580e-01, -1.17364285e+00, -9.83904473e-01,
        -6.20814082e-02, -3.65498659e-01, -3.45466520e-01,
        -6.57699125e-01, -2.38674735e-01, -6.11278260e-01,
         4.47435790e-02, -2.41293080e-01,  8.29041685e-01,
         2.49400976e-02,  2.43476887e-01, -6.72205256e-02,
        -8.24315765e-02,  7.02815306e-02,  1.20493177e-02],
       [-1.16214742e+00, -4.56225629e-01,  4.38409768e-01,
        -2.33069847e-01, -2.20196053e-01,  2.66448890e-01,
         3.32920640e-01, -8.31804239e-03,  6.21587058e-01,
        -2.39522843e-01,  1.24190115e-01,  2.49400976e-02,
         3.38513333e-01,  3.24630409e-02, -3.35090169e-02,
         7.91667184e-02,  1.24671332e-01, -9.52281174e-02],
       [-1.87217953e-01, -3.98191704e-01, -4.06728233e-01,
        -3.39786731e-02, -1.16034129e-01, -1.24388647e-01,
        -1.19254263e-01,  1.57077595e-02, -3.37909854e-01,
         5.71169941e-02, -2.36608331e-01,  2.43476887e-01,
         3.24630409e-02,  1.39676256e-01,  3.59985187e-02,
        -1.09040417e-02,  5.34574552e-02,  3.07772607e-02],
       [-4.16122986e-02,  2.77515322e-01, -6.49610469e-01,
        -9.88145287e-02,  1.30854659e-01, -1.90987259e-01,
        -6.56430613e-01,  6.38744208e-01, -2.00962407e-01,
         8.33263945e-02, -3.70532328e-01, -6.72205256e-02,
        -3.35090169e-02,  3.59985187e-02,  1.62322694e-01,
         3.04744589e-02, -2.39258749e-02,  7.43386691e-02],
       [-2.60213974e-01,  7.42296610e-02, -5.98657422e-03,
        -7.58094634e-02,  6.08901679e-03,  2.80837551e-02,
        -1.14761411e-01,  1.32371563e-01,  1.68950168e-01,
        -6.57401627e-03, -3.91415595e-02, -8.24315765e-02,
         7.91667184e-02, -1.09040417e-02,  3.04744589e-02,
         5.66066488e-02,  1.96442253e-02, -8.97625058e-03],
       [-5.81179044e-01, -2.56793460e-01,  2.93035933e-01,
        -9.84822437e-02, -1.20750064e-01,  1.37789788e-01,
         3.30981021e-01, -1.60654139e-01,  2.03522442e-01,
         5.16492842e-02,  7.38810862e-02,  7.02815306e-02,
         1.24671332e-01,  5.34574552e-02, -2.39258749e-02,
         1.96442253e-02,  1.02921487e-01, -1.32210043e-02],
       [ 1.79455292e-01,  1.08465696e-01, -1.54387616e-01,
         3.05819532e-02,  5.46214795e-02, -6.46440021e-02,
        -3.35139042e-02,  7.83099656e-02, -1.88160090e-01,
         2.11756725e-01, -1.64655447e-01,  1.20493177e-02,
        -9.52281174e-02,  3.07772607e-02,  7.43386691e-02,
        -8.97625058e-03, -1.32210043e-02,  9.12167026e-02]])
      jac: array([ 1.53321800e-06, -1.40628250e-07,  2.61605552e-06,  6.43522273e-06,
       -1.04923477e-05, -3.99606274e-06, -6.11362812e-07,  1.42885703e-06,
       -1.62832710e-08,  2.29409084e-06, -9.43393512e-06,  1.84297022e-07,
        7.08803386e-06, -2.52379599e-05, -8.27671265e-06, -1.08194935e-05,
        1.43370501e-05,  9.36658158e-06])
  message: 'Desired error not necessarily achieved due to precision loss.'
     nfev: 2574
      nit: 86
     njev: 135
   status: 2
  success: False
        x: array([-0.83238099, -0.92210688,  0.11070016, -1.34577287, -0.96283456,
       -0.04510252, -1.72218184, -1.21653587, -0.99687142,  0.14915059,
        0.45511657,  1.09677349,  0.09962546,  0.20929147, -0.24443956,
        1.47206224, -0.25118029,  0.02872327])
