Program Begingeth
      fun: 0.26754022531940236
 hess_inv: array([[ 3.38799633e+00,  2.47623532e-01,  1.03345724e+00,
         1.72655273e+00,  2.89133896e-02, -1.83810112e-02,
         3.16744765e+00, -1.05149596e-01, -3.41497728e+00,
         6.01739617e-01,  4.70942473e-01, -4.15068284e-01,
         2.04537007e-02, -1.71414099e-01, -8.00856588e-02,
         8.82891623e-02,  3.70265790e-03,  6.75455126e-02],
       [ 2.47623532e-01,  1.39342891e+00, -8.92179706e-02,
         1.74908335e-01,  7.03890301e-01, -1.37416099e-01,
         4.41328233e-01,  7.63877965e-01,  8.47662346e-01,
         4.41302723e-01,  4.45030702e-01, -7.79423558e-03,
        -1.14112459e-01,  1.52046725e-02, -1.61802144e-01,
        -8.54812235e-02,  7.25748103e-02, -3.84153256e-03],
       [ 1.03345724e+00, -8.92179706e-02,  1.53820821e+00,
         6.20597051e-01, -1.03799704e-01,  6.06704618e-01,
         1.66972851e+00, -1.53487783e+00, -1.25033067e+00,
         2.54491390e-01, -8.13946337e-02,  1.46964142e-01,
         2.31897368e-02,  1.27221870e-01,  7.46404101e-02,
         2.25279641e-03,  9.60422025e-02,  8.99109378e-02],
       [ 1.72655273e+00,  1.74908335e-01,  6.20597051e-01,
         9.02533142e-01,  3.85466781e-02,  3.48153096e-02,
         1.78285192e+00, -1.55580804e-01, -1.66711420e+00,
         3.15902861e-01,  2.65634790e-01, -1.76959609e-01,
         1.70132319e-02, -7.08238554e-02, -4.95196877e-02,
         4.26395236e-02,  1.84776224e-02,  3.36863976e-02],
       [ 2.89133896e-02,  7.03890301e-01, -1.03799704e-01,
         3.85466781e-02,  3.96555912e-01, -1.01456044e-01,
         4.43462056e-01,  7.81995388e-01,  5.69026378e-01,
         2.01292624e-01,  2.82391647e-01, -1.94636527e-02,
        -9.49112246e-02, -4.81654188e-03, -9.27947649e-02,
        -6.74678689e-02,  1.88017956e-02,  1.42461620e-03],
       [-1.83810112e-02, -1.37416099e-01,  6.06704618e-01,
         3.48153096e-02, -1.01456044e-01,  3.38519840e-01,
         6.41959257e-02, -9.70937952e-01, -3.94819965e-02,
        -3.75185366e-02, -1.87892755e-01,  1.52882811e-01,
         5.27622900e-02,  1.11215103e-01,  6.73579344e-02,
         6.64471224e-03,  6.41553617e-02,  2.38758386e-02],
       [ 3.16744765e+00,  4.41328233e-01,  1.66972851e+00,
         1.78285192e+00,  4.43462056e-01,  6.41959257e-02,
         8.57373540e+00,  2.30273315e+00, -2.91214324e+00,
         7.11555673e-01,  1.22103342e+00, -3.93368416e-01,
        -4.09696333e-01, -3.28893667e-01, -2.01181614e-01,
        -1.73724596e-01, -2.26279520e-01,  2.14294370e-01],
       [-1.05149596e-01,  7.63877965e-01, -1.53487783e+00,
        -1.55580804e-01,  7.81995388e-01, -9.70937952e-01,
         2.30273315e+00,  6.51437575e+00,  1.23974031e+00,
         2.18939663e-01,  1.03986391e+00, -8.72710211e-01,
        -4.28872475e-01, -4.09251317e-01, -2.00691312e-01,
        -1.56693545e-01, -2.71841823e-01,  2.45535869e-02],
       [-3.41497728e+00,  8.47662346e-01, -1.25033067e+00,
        -1.66711420e+00,  5.69026378e-01, -3.94819965e-02,
        -2.91214324e+00,  1.23974031e+00,  6.22721213e+00,
        -5.71883788e-01,  3.54283814e-01,  2.00160564e-01,
        -2.46718933e-02,  1.33428341e-01, -9.26584829e-02,
        -1.61364880e-01,  1.11055504e-01, -1.46557943e-01],
       [ 6.01739617e-01,  4.41302723e-01,  2.54491390e-01,
         3.15902861e-01,  2.01292624e-01, -3.75185366e-02,
         7.11555673e-01,  2.18939663e-01, -5.71883788e-01,
         1.00551731e+00,  1.29911082e-01, -3.74234898e-02,
        -2.23910659e-01,  1.35470829e-04,  6.55815290e-02,
        -2.65263554e-02,  3.87481438e-02,  2.27422764e-01],
       [ 4.70942473e-01,  4.45030702e-01, -8.13946337e-02,
         2.65634790e-01,  2.82391647e-01, -1.87892755e-01,
         1.22103342e+00,  1.03986391e+00,  3.54283814e-01,
         1.29911082e-01,  7.90758942e-01, -1.98962837e-01,
        -8.51381264e-02, -1.60568067e-01, -1.74113435e-01,
        -5.89387930e-02, -1.67079505e-02, -5.74698302e-02],
       [-4.15068284e-01, -7.79423558e-03,  1.46964142e-01,
        -1.76959609e-01, -1.94636527e-02,  1.52882811e-01,
        -3.93368416e-01, -8.72710211e-01,  2.00160564e-01,
        -3.74234898e-02, -1.98962837e-01,  4.41429525e-01,
        -2.86838127e-03,  1.30520808e-01, -8.52964334e-03,
        -4.98308263e-02,  6.32957579e-02,  1.49815346e-02],
       [ 2.04537007e-02, -1.14112459e-01,  2.31897368e-02,
         1.70132319e-02, -9.49112246e-02,  5.27622900e-02,
        -4.09696333e-01, -4.28872475e-01, -2.46718933e-02,
        -2.23910659e-01, -8.51381264e-02, -2.86838127e-03,
         1.30430011e-01,  2.38898879e-02, -3.01519753e-03,
         6.32966216e-02,  3.11115279e-02, -6.72508391e-02],
       [-1.71414099e-01,  1.52046725e-02,  1.27221870e-01,
        -7.08238554e-02, -4.81654188e-03,  1.11215103e-01,
        -3.28893667e-01, -4.09251317e-01,  1.33428341e-01,
         1.35470829e-04, -1.60568067e-01,  1.30520808e-01,
         2.38898879e-02,  9.80878817e-02,  2.76752266e-02,
         2.04219910e-04,  6.39567473e-02,  1.18477803e-02],
       [-8.00856588e-02, -1.61802144e-01,  7.46404101e-02,
        -4.95196877e-02, -9.27947649e-02,  6.73579344e-02,
        -2.01181614e-01, -2.00691312e-01, -9.26584829e-02,
         6.55815290e-02, -1.74113435e-01, -8.52964334e-03,
        -3.01519753e-03,  2.76752266e-02,  9.02301982e-02,
         1.94693692e-02, -5.88052468e-04,  6.38258854e-02],
       [ 8.82891623e-02, -8.54812235e-02,  2.25279641e-03,
         4.26395236e-02, -6.74678689e-02,  6.64471224e-03,
        -1.73724596e-01, -1.56693545e-01, -1.61364880e-01,
        -2.65263554e-02, -5.89387930e-02, -4.98308263e-02,
         6.32966216e-02,  2.04219910e-04,  1.94693692e-02,
         5.87351846e-02,  1.00798662e-02, -1.13360958e-02],
       [ 3.70265790e-03,  7.25748103e-02,  9.60422025e-02,
         1.84776224e-02,  1.88017956e-02,  6.41553617e-02,
        -2.26279520e-01, -2.71841823e-01,  1.11055504e-01,
         3.87481438e-02, -1.67079505e-02,  6.32957579e-02,
         3.11115279e-02,  6.39567473e-02, -5.88052468e-04,
         1.00798662e-02,  7.54454280e-02, -3.58519840e-03],
       [ 6.75455126e-02, -3.84153256e-03,  8.99109378e-02,
         3.36863976e-02,  1.42461620e-03,  2.38758386e-02,
         2.14294370e-01,  2.45535869e-02, -1.46557943e-01,
         2.27422764e-01, -5.74698302e-02,  1.49815346e-02,
        -6.72508391e-02,  1.18477803e-02,  6.38258854e-02,
        -1.13360958e-02, -3.58519840e-03,  1.00520645e-01]])
      jac: array([ 2.28964995e-06, -6.78346268e-07,  1.44440016e-06, -5.11997852e-06,
        1.40295183e-06, -3.23222930e-06,  1.17683641e-07,  6.29126381e-09,
        1.13242749e-07,  2.62382708e-07,  1.01252340e-06,  2.33146835e-06,
       -4.36761738e-06,  1.44514030e-06,  2.89250105e-06,  8.78001375e-06,
        3.57417799e-06, -4.71400696e-06])
  message: 'Optimization terminated successfully.'
     nfev: 1311
      nit: 61
     njev: 69
   status: 0
  success: True
        x: array([-1.67491041e+00, -1.26097354e+00,  6.71411651e-01, -1.44359807e+00,
       -1.32336866e+00,  3.73372342e-01, -5.48171459e-01, -1.71667394e+00,
        1.18026329e+00, -8.83146303e-03,  4.92600602e-01,  1.20925604e+00,
        1.02724758e-01,  2.55874037e-01, -2.53797691e-01,  1.29114699e+00,
       -6.87553876e-05,  1.80077978e-03])
