Program Begingeth
      fun: 0.2940904077213952
 hess_inv: array([[ 3.78554479e+00, -2.24429220e-01, -4.48482732e+00,
         1.61669284e+00, -1.22493711e-01, -2.36567065e+00,
        -3.11833807e+00, -2.24168886e+00, -5.05209119e+00,
         2.34164336e-01,  2.05619780e-01,  2.10164982e-01,
         3.75026433e-01, -8.14865019e-02, -1.47639052e-01,
         2.53848244e-01, -2.26276492e-01,  5.41325934e-02],
       [-2.24429220e-01,  1.24253292e+00,  5.92316530e-01,
        -9.61515008e-02,  6.70224729e-01,  2.31381597e-01,
         7.84909827e-01,  7.77344335e-01,  1.13744278e-01,
        -8.86958919e-02,  3.09863300e-02,  2.90996097e-01,
         7.17225360e-04,  1.26628509e-01, -1.12212498e-01,
         5.42885969e-02,  6.28864020e-02, -3.21145923e-02],
       [-4.48482732e+00,  5.92316530e-01,  1.23311831e+01,
        -1.24092949e+00,  7.39054979e-01,  6.44930410e+00,
         1.11631974e+01,  6.61656858e+00,  1.17567798e+01,
        -3.21326039e-01, -1.12659513e+00,  2.97414205e-03,
        -1.53477423e-01,  4.34218039e-01,  4.94222690e-01,
        -1.30456267e-01,  2.07173635e-01,  2.76702655e-02],
       [ 1.61669284e+00, -9.61515008e-02, -1.24092949e+00,
         7.91946089e-01, -1.70110193e-02, -6.66773516e-01,
        -3.63276608e-01, -6.55861737e-01, -1.50095790e+00,
         7.22462184e-02,  3.01490006e-02,  8.98783025e-02,
         2.21577174e-01, -2.98987369e-02, -3.95581648e-02,
         1.38206416e-01, -1.28618278e-01,  3.35146695e-02],
       [-1.22493711e-01,  6.70224729e-01,  7.39054979e-01,
        -1.70110193e-02,  4.10142360e-01,  3.49609768e-01,
         8.14604364e-01,  8.25469878e-01,  4.00208691e-01,
        -1.14748295e-02, -3.50324489e-02,  1.89850340e-01,
         1.34674991e-02,  9.90728996e-02, -3.88861926e-02,
         4.67815322e-02,  3.37107817e-02, -1.30796128e-02],
       [-2.36567065e+00,  2.31381597e-01,  6.44930410e+00,
        -6.66773516e-01,  3.49609768e-01,  3.40643913e+00,
         5.70998089e+00,  3.50277736e+00,  6.28778645e+00,
        -8.86991844e-02, -6.45861302e-01, -1.23942605e-02,
        -1.07245510e-01,  2.28708492e-01,  2.84033384e-01,
        -8.12429186e-02,  1.02375926e-01,  1.37708207e-02],
       [-3.11833807e+00,  7.84909827e-01,  1.11631974e+01,
        -3.63276608e-01,  8.14604364e-01,  5.70998089e+00,
         1.30152294e+01,  5.60362675e+00,  1.07488117e+01,
        -4.22146296e-01, -7.45106653e-01,  5.51522517e-02,
         1.76892668e-01,  2.70745638e-01,  2.94614726e-01,
         4.58696327e-02,  5.66090397e-03,  1.47940890e-02],
       [-2.24168886e+00,  7.77344335e-01,  6.61656858e+00,
        -6.55861737e-01,  8.25469878e-01,  3.50277736e+00,
         5.60362675e+00,  5.68502000e+00,  5.99878116e+00,
         2.23052630e-01, -5.62634976e-01,  2.09764453e-01,
        -1.88865881e-01,  3.21682093e-01,  2.55361715e-01,
        -4.60931095e-02,  1.30859087e-01, -2.64322470e-02],
       [-5.05209119e+00,  1.13744278e-01,  1.17567798e+01,
        -1.50095790e+00,  4.00208691e-01,  6.28778645e+00,
         1.07488117e+01,  5.99878116e+00,  1.30702369e+01,
        -1.37792211e-01, -1.05550247e+00, -1.64542602e-01,
        -2.29957157e-01,  2.53038495e-01,  4.78176628e-01,
        -1.97953423e-01,  1.09035979e-01, -3.08373176e-02],
       [ 2.34164336e-01, -8.86958919e-02, -3.21326039e-01,
         7.22462184e-02, -1.14748295e-02, -8.86991844e-02,
        -4.22146296e-01,  2.23052630e-01, -1.37792211e-01,
         7.96615411e-01,  3.76488475e-02, -4.56515723e-02,
        -1.72870025e-01, -3.36925690e-02, -5.35836417e-02,
        -4.41692750e-03, -4.99977617e-02, -1.65079200e-01],
       [ 2.05619780e-01,  3.09863300e-02, -1.12659513e+00,
         3.01490006e-02, -3.50324489e-02, -6.45861302e-01,
        -7.45106653e-01, -5.62634976e-01, -1.05550247e+00,
         3.76488475e-02,  5.36816848e-01, -2.64758360e-02,
        -1.09544541e-03, -1.34989677e-01, -1.63510979e-01,
         1.73982215e-02, -1.07333893e-02, -9.95013365e-02],
       [ 2.10164982e-01,  2.90996097e-01,  2.97414205e-03,
         8.98783025e-02,  1.89850340e-01, -1.23942605e-02,
         5.51522517e-02,  2.09764453e-01, -1.64542602e-01,
        -4.56515723e-02, -2.64758360e-02,  3.30579362e-01,
         6.39226815e-02,  8.44549263e-02, -5.84721448e-02,
         7.97814827e-02,  3.83559933e-02,  2.29491169e-02],
       [ 3.75026433e-01,  7.17225360e-04, -1.53477423e-01,
         2.21577174e-01,  1.34674991e-02, -1.07245510e-01,
         1.76892668e-01, -1.88865881e-01, -2.29957157e-01,
        -1.72870025e-01, -1.09544541e-03,  6.39226815e-02,
         1.48649405e-01, -2.45201743e-03, -4.70732682e-03,
         8.26898407e-02, -3.86794993e-02,  5.09560893e-02],
       [-8.14865019e-02,  1.26628509e-01,  4.34218039e-01,
        -2.98987369e-02,  9.90728996e-02,  2.28708492e-01,
         2.70745638e-01,  3.21682093e-01,  2.53038495e-01,
        -3.36925690e-02, -1.34989677e-01,  8.44549263e-02,
        -2.45201743e-03,  9.05174344e-02,  3.01741789e-02,
         5.60846444e-03,  5.09573318e-02,  2.80871153e-02],
       [-1.47639052e-01, -1.12212498e-01,  4.94222690e-01,
        -3.95581648e-02, -3.88861926e-02,  2.84033384e-01,
         2.94614726e-01,  2.55361715e-01,  4.78176628e-01,
        -5.35836417e-02, -1.63510979e-01, -5.84721448e-02,
        -4.70732682e-03,  3.01741789e-02,  1.00303830e-01,
        -2.62936943e-02,  3.48377275e-03,  5.95314313e-02],
       [ 2.53848244e-01,  5.42885969e-02, -1.30456267e-01,
         1.38206416e-01,  4.67815322e-02, -8.12429186e-02,
         4.58696327e-02, -4.60931095e-02, -1.97953423e-01,
        -4.41692750e-03,  1.73982215e-02,  7.97814827e-02,
         8.26898407e-02,  5.60846444e-03, -2.62936943e-02,
         7.83486940e-02, -2.22609308e-02,  6.29317311e-03],
       [-2.26276492e-01,  6.28864020e-02,  2.07173635e-01,
        -1.28618278e-01,  3.37107817e-02,  1.02375926e-01,
         5.66090397e-03,  1.30859087e-01,  1.09035979e-01,
        -4.99977617e-02, -1.07333893e-02,  3.83559933e-02,
        -3.86794993e-02,  5.09573318e-02,  3.48377275e-03,
        -2.22609308e-02,  7.07898874e-02,  5.27307370e-03],
       [ 5.41325934e-02, -3.21145923e-02,  2.76702655e-02,
         3.35146695e-02, -1.30796128e-02,  1.37708207e-02,
         1.47940890e-02, -2.64322470e-02, -3.08373176e-02,
        -1.65079200e-01, -9.95013365e-02,  2.29491169e-02,
         5.09560893e-02,  2.80871153e-02,  5.95314313e-02,
         6.29317311e-03,  5.27307370e-03,  8.54684680e-02]])
      jac: array([-3.63079937e-06, -1.14278957e-06,  3.14748227e-06,  8.83404461e-06,
        2.35256259e-06, -6.20355619e-06, -1.01030295e-06, -3.04571183e-07,
        8.41919127e-07, -3.38247948e-07,  5.21804822e-07, -8.26376005e-07,
       -5.91526828e-06,  2.14458081e-06, -3.42466796e-06,  1.98951966e-06,
        9.80326931e-07,  1.92623695e-06])
  message: 'Optimization terminated successfully.'
     nfev: 1729
      nit: 80
     njev: 91
   status: 0
  success: True
        x: array([ 2.11379454e+00, -1.06606127e+00,  1.78527015e-01,  1.82087193e+00,
       -1.13518586e+00, -2.28861095e-03,  2.36552020e+00, -1.24302205e+00,
       -1.00157465e+00,  5.69179301e-02,  4.00924565e-01,  1.22412219e+00,
        3.92962119e-02,  1.56623362e-01, -2.78876283e-01, -1.13944795e+00,
       -3.62894636e-01, -1.13136358e-03])
