Program Begingeth
      fun: 0.22547885894556544
 hess_inv: array([[ 8.07342026e-01, -1.52442061e-02, -3.15072635e-03,
         4.49305062e-02,  1.82953312e-02,  1.63987131e-01,
         2.65077696e-02,  6.12443819e-01,  2.79588790e-01,
         1.59187716e-01, -1.99446817e-01,  6.16561108e-02,
        -3.09300799e-01,  9.49290185e-03, -3.46654974e-02,
         2.15066016e-02, -2.24590499e-02, -2.31098940e-01],
       [-1.52442061e-02,  3.87596279e-01, -3.73268686e-02,
         2.06796220e-02,  4.21375329e-02, -4.52804330e-01,
        -4.28352897e-01, -3.82548128e-01, -1.02536105e+00,
         2.42688493e-01,  2.13241034e-01, -1.01521586e+00,
         2.21174120e-02, -1.19390303e-01, -2.00495588e-01,
         3.02337545e-02,  2.81801104e-02, -8.75168458e-02],
       [-3.15072635e-03, -3.73268686e-02,  2.26825876e-01,
         4.31217822e-02,  1.25660080e-01,  5.03387133e-02,
         1.28010363e-01,  2.61440775e-01,  6.26713880e-02,
         1.53377135e-01,  2.00405816e-01,  9.33496054e-02,
         4.25039987e-02,  1.04510100e-01, -3.35853814e-02,
         5.68301519e-02,  3.78590485e-02,  4.60080862e-02],
       [ 4.49305062e-02,  2.06796220e-02,  4.31217822e-02,
         2.94557821e-01,  3.26408208e-02, -1.34515208e-01,
         3.45281496e-01, -2.33916549e-01, -3.47889620e-01,
         7.25935605e-01,  1.25228884e-02, -3.46369947e-01,
         1.48687929e-01, -6.07029496e-03, -3.68106635e-02,
         8.24857705e-02, -6.29081899e-02,  1.77379277e-02],
       [ 1.82953312e-02,  4.21375329e-02,  1.25660080e-01,
         3.26408208e-02,  1.83274707e-01, -2.34861016e-03,
         1.81969455e-01,  3.40879066e-01, -9.07249102e-02,
         1.18575881e-01,  3.92406023e-01,  5.10224909e-02,
         1.81315886e-02,  7.27314354e-02, -6.29744498e-02,
         4.50688032e-02,  2.86896079e-02, -5.63577077e-03],
       [ 1.63987131e-01, -4.52804330e-01,  5.03387133e-02,
        -1.34515208e-01, -2.34861016e-03,  1.41105937e+00,
         2.49821474e+00,  1.96292680e+00,  3.65062343e+00,
        -1.26257994e+00, -5.37584772e-01,  3.67129999e+00,
        -1.33520391e-01,  1.69974301e-01,  3.22941975e-01,
        -5.87410613e-02,  1.04835897e-03,  1.20098871e-02],
       [ 2.65077696e-02, -4.28352897e-01,  1.28010363e-01,
         3.45281496e-01,  1.81969455e-01,  2.49821474e+00,
         8.12361518e+00,  3.40593018e+00,  7.28963011e+00,
        -1.77541230e+00, -6.02360154e-01,  7.31646293e+00,
         2.30681689e-01,  1.85071246e-01,  3.06118774e-01,
         8.06948535e-02, -1.10335843e-01, -3.43315389e-03],
       [ 6.12443819e-01, -3.82548128e-01,  2.61440775e-01,
        -2.33916549e-01,  3.40879066e-01,  1.96292680e+00,
         3.40593018e+00,  4.64564601e+00,  4.84276154e+00,
        -1.68430111e+00, -3.22100954e-01,  5.05756041e+00,
        -3.71514419e-01,  2.91586856e-01,  3.11085814e-01,
        -3.17621620e-02,  6.22865977e-02, -1.09640762e-01],
       [ 2.79588790e-01, -1.02536105e+00,  6.26713880e-02,
        -3.47889620e-01, -9.07249102e-02,  3.65062343e+00,
         7.28963011e+00,  4.84276154e+00,  1.06799982e+01,
        -3.73820715e+00, -1.50498591e+00,  9.58746974e+00,
        -2.12480078e-01,  2.76055816e-01,  7.28059724e-01,
        -1.20085667e-01, -7.82098151e-02, -1.25989538e-02],
       [ 1.59187716e-01,  2.42688493e-01,  1.53377135e-01,
         7.25935605e-01,  1.18575881e-01, -1.26257994e+00,
        -1.77541230e+00, -1.68430111e+00, -3.73820715e+00,
         2.83592648e+00,  4.32050943e-01, -3.52158899e+00,
         2.94502372e-01, -2.77528180e-02, -2.53342240e-01,
         2.01320741e-01, -9.39768738e-02,  3.26122016e-02],
       [-1.99446817e-01,  2.13241034e-01,  2.00405816e-01,
         1.25228884e-02,  3.92406023e-01, -5.37584772e-01,
        -6.02360154e-01, -3.22100954e-01, -1.50498591e+00,
         4.32050943e-01,  1.29170744e+00, -1.18071009e+00,
         8.95481866e-02,  8.07125128e-02, -2.46410680e-01,
         7.08023158e-02,  6.59765110e-02,  7.60684006e-03],
       [ 6.16561108e-02, -1.01521586e+00,  9.33496054e-02,
        -3.46369947e-01,  5.10224909e-02,  3.67129999e+00,
         7.31646293e+00,  5.05756041e+00,  9.58746974e+00,
        -3.52158899e+00, -1.18071009e+00,  1.00398025e+01,
        -1.94155807e-01,  4.06366765e-01,  7.65374493e-01,
        -1.45980331e-01,  2.77567045e-02,  6.21484316e-02],
       [-3.09300799e-01,  2.21174120e-02,  4.25039987e-02,
         1.48687929e-01,  1.81315886e-02, -1.33520391e-01,
         2.30681689e-01, -3.71514419e-01, -2.12480078e-01,
         2.94502372e-01,  8.95481866e-02, -1.94155807e-01,
         2.41635832e-01, -7.78508606e-03, -1.35523562e-02,
         6.61613528e-02, -3.20841932e-02,  1.08902365e-01],
       [ 9.49290185e-03, -1.19390303e-01,  1.04510100e-01,
        -6.07029496e-03,  7.27314354e-02,  1.69974301e-01,
         1.85071246e-01,  2.91586856e-01,  2.76055816e-01,
        -2.77528180e-02,  8.07125128e-02,  4.06366765e-01,
        -7.78508606e-03,  1.10516339e-01,  4.34093690e-02,
         1.08823422e-02,  3.72861451e-02,  3.70935385e-02],
       [-3.46654974e-02, -2.00495588e-01, -3.35853814e-02,
        -3.68106635e-02, -6.29744498e-02,  3.22941975e-01,
         3.06118774e-01,  3.11085814e-01,  7.28059724e-01,
        -2.53342240e-01, -2.46410680e-01,  7.65374493e-01,
        -1.35523562e-02,  4.34093690e-02,  1.63432375e-01,
        -3.80618996e-02, -1.49251416e-02,  6.77271607e-02],
       [ 2.15066016e-02,  3.02337545e-02,  5.68301519e-02,
         8.24857705e-02,  4.50688032e-02, -5.87410613e-02,
         8.06948535e-02, -3.17621620e-02, -1.20085667e-01,
         2.01320741e-01,  7.08023158e-02, -1.45980331e-01,
         6.61613528e-02,  1.08823422e-02, -3.80618996e-02,
         6.30507953e-02, -1.01194563e-02,  3.68968873e-03],
       [-2.24590499e-02,  2.81801104e-02,  3.78590485e-02,
        -6.29081899e-02,  2.86896079e-02,  1.04835897e-03,
        -1.10335843e-01,  6.22865977e-02, -7.82098151e-02,
        -9.39768738e-02,  6.59765110e-02,  2.77567045e-02,
        -3.20841932e-02,  3.72861451e-02, -1.49251416e-02,
        -1.01194563e-02,  5.65506323e-02,  2.19361053e-04],
       [-2.31098940e-01, -8.75168458e-02,  4.60080862e-02,
         1.77379277e-02, -5.63577077e-03,  1.20098871e-02,
        -3.43315389e-03, -1.09640762e-01, -1.25989538e-02,
         3.26122016e-02,  7.60684006e-03,  6.21484316e-02,
         1.08902365e-01,  3.70935385e-02,  6.77271607e-02,
         3.68968873e-03,  2.19361053e-04,  1.22361813e-01]])
      jac: array([-1.60023846e-05, -5.25265017e-06,  1.02945430e-05,  3.00239463e-05,
        2.89037313e-05, -2.03959072e-05, -1.20921791e-06, -2.67286193e-06,
        4.01438142e-06, -4.86481226e-06, -6.16802905e-06,  2.26355971e-06,
       -3.69645055e-05, -1.09926882e-05,  2.54631501e-05,  1.22279964e-05,
        3.61340587e-06, -1.73104124e-05])
  message: 'Desired error not necessarily achieved due to precision loss.'
     nfev: 2368
      nit: 79
     njev: 124
   status: 2
  success: False
        x: array([ 0.1074464 ,  0.27521041,  0.83184993,  1.57544165, -0.73313427,
        0.01907843,  2.28867954, -0.77713757, -0.99881331,  2.12134878,
       -0.61754406,  0.35006339,  0.16481608,  0.19603346, -0.30203744,
       -1.1096773 , -0.20136186,  0.04595974])
