Program Begingeth
      fun: 0.27781098372200336
 hess_inv: array([[ 4.20502483e+00,  1.81904523e+00,  2.93855850e-02,
         1.52154044e+00,  7.78859838e-01, -9.65136575e-01,
         2.13265289e+00, -1.40391824e+00, -3.29477252e+00,
        -4.45736469e-03,  1.13352256e+00, -7.56918592e-01,
        -5.72341764e-01, -4.20350265e-01, -4.77466013e-01,
        -2.59897433e-01, -4.00206947e-01,  1.37484318e-01],
       [ 1.81904523e+00,  4.38831964e+00,  1.18757040e+00,
         6.13385947e-01,  1.88161538e+00,  2.81798491e-02,
         4.14936297e+00,  1.28405947e+00,  3.43300175e+00,
         4.85626169e-01,  6.46887522e-01, -1.40852159e+00,
        -6.37881263e-01, -4.54688202e-01, -3.07352996e-01,
        -1.43517430e-01, -3.68088149e-01,  1.09184808e-01],
       [ 2.93855850e-02,  1.18757040e+00,  2.49917208e+00,
         3.75902180e-01,  3.84709749e-01,  1.07068288e+00,
         3.72092710e+00, -2.11910183e+00,  4.27156786e+00,
        -1.93538594e-02,  8.95880019e-01, -6.11534357e-01,
         5.87261476e-02, -1.63823043e-01, -2.57150512e-01,
        -7.39999558e-02,  9.88484300e-04, -1.76441808e-01],
       [ 1.52154044e+00,  6.13385947e-01,  3.75902180e-01,
         6.60951475e-01,  2.51832821e-01, -1.79614947e-01,
         1.56584452e+00, -1.01490147e+00, -7.82075592e-01,
        -6.09222328e-02,  5.53915764e-01, -2.55092365e-01,
        -1.45972054e-01, -1.40095222e-01, -2.31650731e-01,
        -1.02516014e-01, -1.16328211e-01, -1.09079259e-02],
       [ 7.78859838e-01,  1.88161538e+00,  3.84709749e-01,
         2.51832821e-01,  9.11442014e-01, -2.03168131e-02,
         2.16941360e+00,  1.37259140e+00,  1.12353611e+00,
         1.44344338e-01,  1.63205437e-01, -5.11751181e-01,
        -3.20142856e-01, -1.38924393e-01, -9.61333458e-02,
        -9.41516447e-02, -1.80790597e-01,  6.39854607e-02],
       [-9.65136575e-01,  2.81798491e-02,  1.07068288e+00,
        -1.79614947e-01, -2.03168131e-02,  7.50497709e-01,
         1.34596356e+00, -3.94380135e-01,  2.87498588e+00,
        -1.00373076e-01,  2.81621486e-02, -4.33240671e-02,
         1.90730958e-01,  4.44239881e-02,  4.01287979e-02,
         5.16493865e-02,  7.78912225e-02, -1.00995387e-01],
       [ 2.13265289e+00,  4.14936297e+00,  3.72092710e+00,
         1.56584452e+00,  2.16941360e+00,  1.34596356e+00,
         1.49672190e+01,  4.87092131e-01,  6.28493458e+00,
        -3.73305942e-01,  1.29294591e+00, -9.83010705e-01,
        -5.67148733e-01, -3.45812680e-01, -6.12166957e-01,
        -4.16872238e-01, -6.40351422e-01, -2.75473294e-01],
       [-1.40391824e+00,  1.28405947e+00, -2.11910183e+00,
        -1.01490147e+00,  1.37259140e+00, -3.94380135e-01,
         4.87092131e-01,  1.12475926e+01, -7.15186810e-01,
        -4.89993535e-02, -1.88880060e+00,  2.04051971e-01,
        -3.74109273e-01,  3.69804336e-01,  7.51964351e-01,
         1.01653001e-01, -1.50653095e-01,  3.56046534e-01],
       [-3.29477252e+00,  3.43300175e+00,  4.27156786e+00,
        -7.82075592e-01,  1.12353611e+00,  2.87498588e+00,
         6.28493458e+00, -7.15186810e-01,  1.70438898e+01,
         2.22389191e-01,  4.00396757e-01, -1.19483749e+00,
         3.20258811e-01, -4.09072994e-01, -8.42033880e-03,
         2.75693091e-01, -7.00143490e-02, -2.60898273e-01],
       [-4.45736469e-03,  4.85626169e-01, -1.93538594e-02,
        -6.09222328e-02,  1.44344338e-01, -1.00373076e-01,
        -3.73305942e-01, -4.89993535e-02,  2.22389191e-01,
         6.98945525e-01, -6.50988735e-02, -1.47613407e-01,
        -1.86314132e-01, -1.01219440e-02,  5.81269166e-02,
        -1.09495712e-03,  4.60754875e-02,  1.84054436e-01],
       [ 1.13352256e+00,  6.46887522e-01,  8.95880019e-01,
         5.53915764e-01,  1.63205437e-01,  2.81621486e-02,
         1.29294591e+00, -1.88880060e+00,  4.00396757e-01,
        -6.50988735e-02,  1.17503845e+00, -4.39694261e-01,
        -8.41912023e-02, -2.97445611e-01, -3.83535782e-01,
        -1.23857414e-01, -8.46464061e-02, -1.57199176e-01],
       [-7.56918592e-01, -1.40852159e+00, -6.11534357e-01,
        -2.55092365e-01, -5.11751181e-01, -4.33240671e-02,
        -9.83010705e-01,  2.04051971e-01, -1.19483749e+00,
        -1.47613407e-01, -4.39694261e-01,  8.09217080e-01,
         1.57923336e-01,  2.65726093e-01,  1.08706943e-01,
        -4.82389458e-03,  1.47781696e-01, -7.24521066e-03],
       [-5.72341764e-01, -6.37881263e-01,  5.87261476e-02,
        -1.45972054e-01, -3.20142856e-01,  1.90730958e-01,
        -5.67148733e-01, -3.74109273e-01,  3.20258811e-01,
        -1.86314132e-01, -8.41912023e-02,  1.57923336e-01,
         2.43118847e-01,  7.26130237e-02,  4.22927256e-02,
         9.90787363e-02,  1.12597644e-01, -9.04375358e-02],
       [-4.20350265e-01, -4.54688202e-01, -1.63823043e-01,
        -1.40095222e-01, -1.38924393e-01,  4.44239881e-02,
        -3.45812680e-01,  3.69804336e-01, -4.09072994e-01,
        -1.01219440e-02, -2.97445611e-01,  2.65726093e-01,
         7.26130237e-02,  1.70901962e-01,  9.39165381e-02,
         1.57776038e-02,  1.10060510e-01,  1.90447486e-02],
       [-4.77466013e-01, -3.07352996e-01, -2.57150512e-01,
        -2.31650731e-01, -9.61333458e-02,  4.01287979e-02,
        -6.12166957e-01,  7.51964351e-01, -8.42033880e-03,
         5.81269166e-02, -3.83535782e-01,  1.08706943e-01,
         4.22927256e-02,  9.39165381e-02,  1.85492607e-01,
         6.27363522e-02,  3.87711267e-02,  8.73640288e-02],
       [-2.59897433e-01, -1.43517430e-01, -7.39999558e-02,
        -1.02516014e-01, -9.41516447e-02,  5.16493865e-02,
        -4.16872238e-01,  1.01653001e-01,  2.75693091e-01,
        -1.09495712e-03, -1.23857414e-01, -4.82389458e-03,
         9.90787363e-02,  1.57776038e-02,  6.27363522e-02,
         9.21347373e-02,  4.00036275e-02, -1.16451007e-03],
       [-4.00206947e-01, -3.68088149e-01,  9.88484300e-04,
        -1.16328211e-01, -1.80790597e-01,  7.78912225e-02,
        -6.40351422e-01, -1.50653095e-01, -7.00143490e-02,
         4.60754875e-02, -8.46464061e-02,  1.47781696e-01,
         1.12597644e-01,  1.10060510e-01,  3.87711267e-02,
         4.00036275e-02,  1.51955911e-01, -1.34086993e-02],
       [ 1.37484318e-01,  1.09184808e-01, -1.76441808e-01,
        -1.09079259e-02,  6.39854607e-02, -1.00995387e-01,
        -2.75473294e-01,  3.56046534e-01, -2.60898273e-01,
         1.84054436e-01, -1.57199176e-01, -7.24521066e-03,
        -9.04375358e-02,  1.90447486e-02,  8.73640288e-02,
        -1.16451007e-03, -1.34086993e-02,  1.34102693e-01]])
      jac: array([ 3.47037214e-05, -2.51465515e-06, -1.26787469e-05, -6.77798558e-05,
        6.45853741e-06,  2.85504953e-05,  2.73669976e-06, -5.75465601e-07,
        1.69494048e-07,  2.33709348e-05, -1.20089124e-06, -8.05466804e-06,
        7.42165588e-05,  7.01549929e-06, -1.26243460e-05, -5.49312447e-05,
       -5.56480787e-06,  3.38729045e-06])
  message: 'Desired error not necessarily achieved due to precision loss.'
     nfev: 1911
      nit: 57
     njev: 100
   status: 2
  success: False
        x: array([-0.69382907, -1.0376229 ,  0.62673075, -0.94374891, -1.11391178,
        0.16270229, -0.55344088, -1.81633051, -0.47040844,  0.0728999 ,
        0.62603628,  1.17673792,  0.11204214,  0.14639053, -0.3501648 ,
        1.1485664 , -0.36763905, -0.03385716])
