Program Begingeth
      fun: 0.28852779452643323
 hess_inv: array([[ 4.20516601e+00, -1.58539194e+00,  1.47286263e-01,
         1.35105713e+00, -7.30981788e-01,  8.86051201e-01,
         1.23759057e+00,  1.19437547e+00,  2.53872253e+00,
         1.86651179e-01, -9.05163861e-01,  5.29649859e-01,
        -7.41820416e-01,  3.29400425e-01,  3.50711759e-01,
        -2.85741341e-01,  3.90974617e-01, -2.38239617e-01],
       [-1.58539194e+00,  3.92965465e+00,  2.05748194e+00,
        -6.67428615e-01,  1.62547463e+00,  5.74249954e-01,
        -5.57275003e+00,  3.21136339e-02,  4.54462771e+00,
        -3.59337346e-01,  7.75185369e-01, -1.37469704e+00,
         5.74687182e-01, -4.14740422e-01, -3.02740048e-01,
         1.62001781e-01, -3.06408267e-01, -1.79336281e-02],
       [ 1.47286263e-01,  2.05748194e+00,  5.57372189e+00,
        -8.86432014e-01,  6.14933737e-01,  2.44179216e+00,
        -1.07885835e+01, -5.75645354e+00,  9.29653182e+00,
         2.45093909e-01,  1.92572713e+00, -9.23151000e-01,
        -1.04633665e-01, -3.02099240e-01, -6.96403442e-01,
         2.21018129e-01, -3.12860292e-02, -5.21022285e-01],
       [ 1.35105713e+00, -6.67428615e-01, -8.86432014e-01,
         6.53680013e-01, -2.78612024e-01, -1.36001201e-01,
         2.67604230e+00,  1.50627389e+00, -5.26919370e-01,
        -4.01567856e-02, -6.12869057e-01,  2.07171274e-01,
        -1.85067843e-01,  1.15342920e-01,  2.46715223e-01,
        -1.34586385e-01,  1.15040274e-01,  3.58765591e-02],
       [-7.30981788e-01,  1.62547463e+00,  6.14933737e-01,
        -2.78612024e-01,  7.68758699e-01,  1.54106514e-01,
        -2.46448601e+00,  9.58975213e-01,  1.36802706e+00,
        -7.14292044e-02,  1.83990283e-01, -4.97042769e-01,
         2.71712236e-01, -1.23435613e-01, -7.01756934e-02,
         8.27939634e-02, -1.44558441e-01,  2.13428320e-02],
       [ 8.86051201e-01,  5.74249954e-01,  2.44179216e+00,
        -1.36001201e-01,  1.54106514e-01,  1.29370725e+00,
        -4.85313296e+00, -1.95304159e+00,  4.79397809e+00,
         2.69644539e-01,  5.66546477e-01, -2.58306191e-01,
        -2.12961657e-01, -5.50685265e-02, -2.02459611e-01,
         2.85693010e-02,  3.35576424e-02, -2.79248176e-01],
       [ 1.23759057e+00, -5.57275003e+00, -1.07885835e+01,
         2.67604230e+00, -2.46448601e+00, -4.85313296e+00,
         3.19464603e+01,  7.31239461e+00, -1.83690386e+01,
        -1.07958574e+00, -3.21938394e+00,  1.56677333e+00,
        -2.82148103e-01,  4.83544771e-01,  1.33661856e+00,
        -6.78071127e-01,  5.59154967e-01,  1.07334088e+00],
       [ 1.19437547e+00,  3.21136339e-02, -5.75645354e+00,
         1.50627389e+00,  9.58975213e-01, -1.95304159e+00,
         7.31239461e+00,  1.64436077e+01, -7.46295721e+00,
         2.29219362e-01, -3.02840802e+00,  3.14294426e-01,
         1.87084172e-01,  4.28860111e-01,  1.34345663e+00,
        -3.69561381e-01, -9.62368927e-02,  6.30179925e-01],
       [ 2.53872253e+00,  4.54462771e+00,  9.29653182e+00,
        -5.26919370e-01,  1.36802706e+00,  4.79397809e+00,
        -1.83690386e+01, -7.46295721e+00,  2.28779682e+01,
         6.17652975e-01,  2.66173837e+00, -1.78480306e+00,
        -3.88432738e-01, -8.10404948e-01, -1.01774031e+00,
         1.04138074e-01, -2.61435737e-01, -1.04883494e+00],
       [ 1.86651179e-01, -3.59337346e-01,  2.45093909e-01,
        -4.01567856e-02, -7.14292044e-02,  2.69644539e-01,
        -1.07958574e+00,  2.29219362e-01,  6.17652975e-01,
         8.51233032e-01,  9.57613329e-02,  1.18171038e-01,
        -2.30676059e-01,  7.59330379e-03, -6.15904472e-02,
         5.82949085e-04, -5.03306782e-02, -2.24992838e-01],
       [-9.05163861e-01,  7.75185369e-01,  1.92572713e+00,
        -6.12869057e-01,  1.83990283e-01,  5.66546477e-01,
        -3.21938394e+00, -3.02840802e+00,  2.66173837e+00,
         9.57613329e-02,  1.50145256e+00, -4.44690634e-01,
         8.32701388e-02, -3.24788177e-01, -4.97156648e-01,
         1.64113415e-01, -8.48783662e-02, -2.53927709e-01],
       [ 5.29649859e-01, -1.37469704e+00, -9.23151000e-01,
         2.07171274e-01, -4.97042769e-01, -2.58306191e-01,
         1.56677333e+00,  3.14294426e-01, -1.78480306e+00,
         1.18171038e-01, -4.44690634e-01,  8.36610112e-01,
        -1.47658370e-01,  2.44000644e-01,  9.14464155e-02,
         1.63266428e-03,  1.28676647e-01,  3.67752220e-02],
       [-7.41820416e-01,  5.74687182e-01, -1.04633665e-01,
        -1.85067843e-01,  2.71712236e-01, -2.12961657e-01,
        -2.82148103e-01,  1.87084172e-01, -3.88432738e-01,
        -2.30676059e-01,  8.32701388e-02, -1.47658370e-01,
         2.62575046e-01, -7.28646831e-02, -3.18883923e-02,
         9.40384553e-02, -9.89163697e-02,  1.06499997e-01],
       [ 3.29400425e-01, -4.14740422e-01, -3.02099240e-01,
         1.15342920e-01, -1.23435613e-01, -5.50685265e-02,
         4.83544771e-01,  4.28860111e-01, -8.10404948e-01,
         7.59330379e-03, -3.24788177e-01,  2.44000644e-01,
        -7.28646831e-02,  1.62232611e-01,  9.64921789e-02,
        -2.14268624e-02,  9.66463404e-02,  3.73447299e-02],
       [ 3.50711759e-01, -3.02740048e-01, -6.96403442e-01,
         2.46715223e-01, -7.01756934e-02, -2.02459611e-01,
         1.33661856e+00,  1.34345663e+00, -1.01774031e+00,
        -6.15904472e-02, -4.97156648e-01,  9.14464155e-02,
        -3.18883923e-02,  9.64921789e-02,  2.20139636e-01,
        -7.52937941e-02,  2.97822835e-02,  1.17468014e-01],
       [-2.85741341e-01,  1.62001781e-01,  2.21018129e-01,
        -1.34586385e-01,  8.27939634e-02,  2.85693010e-02,
        -6.78071127e-01, -3.69561381e-01,  1.04138074e-01,
         5.82949085e-04,  1.64113415e-01,  1.63266428e-03,
         9.40384553e-02, -2.14268624e-02, -7.52937941e-02,
         9.05591412e-02, -3.24345720e-02, -6.75565711e-03],
       [ 3.90974617e-01, -3.06408267e-01, -3.12860292e-02,
         1.15040274e-01, -1.44558441e-01,  3.35576424e-02,
         5.59154967e-01, -9.62368927e-02, -2.61435737e-01,
        -5.03306782e-02, -8.48783662e-02,  1.28676647e-01,
        -9.89163697e-02,  9.66463404e-02,  2.97822835e-02,
        -3.24345720e-02,  1.22977329e-01, -5.94241588e-03],
       [-2.38239617e-01, -1.79336281e-02, -5.21022285e-01,
         3.58765591e-02,  2.13428320e-02, -2.79248176e-01,
         1.07334088e+00,  6.30179925e-01, -1.04883494e+00,
        -2.24992838e-01, -2.53927709e-01,  3.67752220e-02,
         1.06499997e-01,  3.73447299e-02,  1.17468014e-01,
        -6.75565711e-03, -5.94241588e-03,  1.62864735e-01]])
      jac: array([-3.56418598e-06, -5.89010322e-06,  4.16592686e-06,  6.27868128e-06,
        2.16278847e-05, -1.58291898e-05, -7.29786602e-07, -2.45766370e-06,
        1.53432822e-06, -4.16703709e-07, -3.35287353e-07,  6.78457290e-06,
       -1.13109522e-05, -1.89078383e-05,  3.12294635e-05,  7.80856861e-06,
        2.23857969e-05, -1.51996934e-05])
  message: 'Desired error not necessarily achieved due to precision loss.'
     nfev: 2425
      nit: 74
     njev: 127
   status: 2
  success: False
        x: array([ 8.97868006e-01, -9.92338288e-01,  5.68715625e-01,  1.20471936e+00,
       -1.03633574e+00,  1.41016285e-01,  9.04415823e-01, -1.63981451e+00,
       -5.66294212e-01,  2.41601681e-02,  6.00378472e-01,  1.14882021e+00,
        4.77916144e-04,  1.66136366e-01, -3.22513819e-01, -1.13836360e+00,
       -3.65535593e-01, -1.63771830e-02])
