Program Begingeth
      fun: 0.35679426256171953
 hess_inv: array([[ 1.67173098e+00, -7.74449579e-02,  1.94010135e-01,
         2.35474943e-01, -3.11962655e-01,  4.04485233e-01,
         6.33305209e-01, -5.01243767e-01,  5.12186180e-01,
         7.41865247e-01, -1.04494761e+00,  1.57453690e-01,
        -6.92752557e-01, -1.34833420e-02,  4.06116623e-02,
        -3.88155702e-02, -1.19358309e-03, -2.97493709e-01],
       [-7.74449579e-02,  8.04257885e-01, -1.44072087e-01,
        -3.62357297e-01,  5.06363496e-02, -2.61790307e-01,
        -1.30122942e+00,  2.32988559e-01, -3.14546567e-01,
        -1.05524777e+00, -9.67846642e-02, -6.58725305e-02,
         2.15054959e-02, -2.66261097e-01, -2.67720693e-01,
         3.78819525e-02,  1.35940970e-02, -1.50069057e-01],
       [ 1.94010135e-01, -1.44072087e-01,  4.48383090e-01,
         1.50993825e-01,  3.51558991e-02,  1.59604070e-01,
         5.60584993e-02, -3.29202480e-01,  3.87282492e-01,
         6.47859580e-01,  6.57170795e-05,  4.37015123e-02,
        -3.74285479e-02,  1.37909076e-01, -4.38955620e-02,
         5.55532140e-02,  3.22897738e-02,  2.57532377e-02],
       [ 2.35474943e-01, -3.62357297e-01,  1.50993825e-01,
         4.81424244e-01,  6.11759427e-02,  2.28447987e-01,
         1.23958543e+00,  2.26907711e-01,  1.19021866e+00,
         1.40756470e+00,  2.41299624e-01, -1.38195680e-01,
        -5.02318397e-03,  1.36630451e-01,  1.55301493e-01,
         1.87734758e-02, -7.92400686e-03,  5.78078403e-02],
       [-3.11962655e-01,  5.06363496e-02,  3.51558991e-02,
         6.11759427e-02,  3.38863253e-01, -7.41059741e-02,
        -2.01278512e-01,  7.40830523e-01,  6.79604378e-01,
         2.07161466e-01,  8.89565539e-01, -1.89792631e-01,
         2.03237598e-01,  7.34622996e-02, -4.83066877e-02,
         6.42244671e-02,  1.04076629e-02,  6.34413215e-02],
       [ 4.04485233e-01, -2.61790307e-01,  1.59604070e-01,
         2.28447987e-01, -7.41059741e-02,  3.94341580e-01,
         9.55805270e-01, -4.82252049e-01,  1.09861196e+00,
         8.32416126e-01, -7.10657969e-02,  4.51929814e-01,
        -2.18823430e-01,  1.22674023e-01,  1.45896052e-01,
        -3.92728781e-02,  5.55975097e-02, -4.24538267e-03],
       [ 6.33305209e-01, -1.30122942e+00,  5.60584993e-02,
         1.23958543e+00, -2.01278512e-01,  9.55805270e-01,
         8.67663812e+00, -1.15199233e+00,  4.61696882e+00,
         3.32422611e+00,  1.06197927e+00,  1.76243460e-01,
        -5.52140707e-01,  3.59141017e-01,  6.18311698e-01,
        -2.70572034e-01,  2.64413138e-01,  6.96209173e-02],
       [-5.01243767e-01,  2.32988559e-01, -3.29202480e-01,
         2.26907711e-01,  7.40830523e-01, -4.82252049e-01,
        -1.15199233e+00,  3.96759683e+00,  7.59236269e-01,
         3.17705335e-01,  1.37644542e+00, -1.27193872e+00,
         5.41621045e-01, -5.65444797e-04, -2.51570170e-02,
         1.39207162e-01, -9.49716084e-02,  1.25784514e-01],
       [ 5.12186180e-01, -3.14546567e-01,  3.87282492e-01,
         1.19021866e+00,  6.79604378e-01,  1.09861196e+00,
         4.61696882e+00,  7.59236269e-01,  8.59935767e+00,
         3.99999783e+00,  2.66215972e+00,  3.13746252e-01,
        -2.48457950e-01,  3.44902400e-01,  3.48408039e-01,
        -2.10139184e-02,  2.50938164e-01,  1.10498010e-01],
       [ 7.41865247e-01, -1.05524777e+00,  6.47859580e-01,
         1.40756470e+00,  2.07161466e-01,  8.32416126e-01,
         3.32422611e+00,  3.17705335e-01,  3.99999783e+00,
         4.47596959e+00,  7.62735083e-01, -1.24950942e-01,
        -1.01980931e-01,  4.73162858e-01,  4.31489102e-01,
         3.85311019e-02,  2.80542189e-02,  1.63814308e-01],
       [-1.04494761e+00, -9.67846642e-02,  6.57170795e-05,
         2.41299624e-01,  8.89565539e-01, -7.10657969e-02,
         1.06197927e+00,  1.37644542e+00,  2.66215972e+00,
         7.62735083e-01,  2.95792661e+00, -3.43555967e-01,
         4.87001567e-01,  2.26684839e-01, -3.16932788e-02,
         8.12265938e-02,  8.03706603e-02,  2.08281713e-01],
       [ 1.57453690e-01, -6.58725305e-02,  4.37015123e-02,
        -1.38195680e-01, -1.89792631e-01,  4.51929814e-01,
         1.76243460e-01, -1.27193872e+00,  3.13746252e-01,
        -1.24950942e-01, -3.43555967e-01,  1.29707346e+00,
        -2.41401954e-01,  7.38920766e-02,  9.65749774e-02,
        -7.14602276e-02,  1.02534317e-01, -3.30080572e-02],
       [-6.92752557e-01,  2.15054959e-02, -3.74285479e-02,
        -5.02318397e-03,  2.03237598e-01, -2.18823430e-01,
        -5.52140707e-01,  5.41621045e-01, -2.48457950e-01,
        -1.01980931e-01,  4.87001567e-01, -2.41401954e-01,
         4.01682147e-01,  1.77397551e-02, -2.50676302e-02,
         8.56237101e-02, -4.33779815e-02,  1.49280757e-01],
       [-1.34833420e-02, -2.66261097e-01,  1.37909076e-01,
         1.36630451e-01,  7.34622996e-02,  1.22674023e-01,
         3.59141017e-01, -5.65444797e-04,  3.44902400e-01,
         4.73162858e-01,  2.26684839e-01,  7.38920766e-02,
         1.77397551e-02,  1.57308172e-01,  7.06852651e-02,
         7.83947844e-03,  3.42566182e-02,  6.69511365e-02],
       [ 4.06116623e-02, -2.67720693e-01, -4.38955620e-02,
         1.55301493e-01, -4.83066877e-02,  1.45896052e-01,
         6.18311698e-01, -2.51570170e-02,  3.48408039e-01,
         4.31489102e-01, -3.16932788e-02,  9.65749774e-02,
        -2.50676302e-02,  7.06852651e-02,  1.69395052e-01,
        -3.41776597e-02, -2.49177277e-03,  7.24742313e-02],
       [-3.88155702e-02,  3.78819525e-02,  5.55532140e-02,
         1.87734758e-02,  6.42244671e-02, -3.92728781e-02,
        -2.70572034e-01,  1.39207162e-01, -2.10139184e-02,
         3.85311019e-02,  8.12265938e-02, -7.14602276e-02,
         8.56237101e-02,  7.83947844e-03, -3.41776597e-02,
         6.19352679e-02, -1.71504342e-02,  1.43901083e-02],
       [-1.19358309e-03,  1.35940970e-02,  3.22897738e-02,
        -7.92400686e-03,  1.04076629e-02,  5.55975097e-02,
         2.64413138e-01, -9.49716084e-02,  2.50938164e-01,
         2.80542189e-02,  8.03706603e-02,  1.02534317e-01,
        -4.33779815e-02,  3.42566182e-02, -2.49177277e-03,
        -1.71504342e-02,  6.00944080e-02, -5.42410318e-03],
       [-2.97493709e-01, -1.50069057e-01,  2.57532377e-02,
         5.78078403e-02,  6.34413215e-02, -4.24538267e-03,
         6.96209173e-02,  1.25784514e-01,  1.10498010e-01,
         1.63814308e-01,  2.08281713e-01, -3.30080572e-02,
         1.49280757e-01,  6.69511365e-02,  7.24742313e-02,
         1.43901083e-02, -5.42410318e-03,  1.25594216e-01]])
      jac: array([ 1.02621615e-06, -4.67033819e-07, -1.27453603e-06, -3.62043728e-06,
       -6.55401659e-07,  1.71011353e-06,  9.10382880e-08, -7.91959091e-08,
       -1.25085127e-07,  8.81887156e-07,  1.11022302e-08, -7.90108719e-07,
        2.61272485e-06,  5.55111512e-09, -2.21304456e-06, -1.36298380e-06,
        8.53021357e-07,  1.01622414e-06])
  message: 'Optimization terminated successfully.'
     nfev: 1349
      nit: 61
     njev: 71
   status: 0
  success: True
        x: array([ 0.08736573,  0.07959379,  0.79392916,  1.51591097, -0.91668826,
        0.33077838,  0.9152157 , -2.01643988,  0.71143086,  1.85964742,
       -0.84780628,  0.93029874,  0.03501709,  0.03238841, -0.21847717,
       -1.38156145, -0.60681338,  0.05051761])
