Program Begingeth
      fun: 0.39339440676823506
 hess_inv: array([[ 7.87594574e-01, -1.23333623e-01, -9.31759422e-03,
         2.53075905e-02,  1.58907663e-01, -3.34938551e-01,
         3.09792212e-02,  5.54906188e-01, -1.95421050e+00,
        -9.70205728e-02,  2.98547148e-01,  7.85366881e-01,
        -3.38570683e-01,  5.82161226e-02, -4.67514215e-01,
        -8.74609014e-02, -6.34397682e-02, -1.39877289e-01],
       [-1.23333623e-01,  1.18342222e+00, -6.09794164e-02,
        -2.55077955e-01, -1.57088336e-01, -2.51493768e-01,
        -9.73014203e-01,  2.40020984e-01,  4.42989896e-01,
         1.53869075e-02,  2.83320212e-01, -1.16990209e-01,
        -1.20809217e-01, -8.62448552e-01, -8.17439716e-02,
         2.37268505e-02, -2.09914211e-01,  2.04006947e-01],
       [-9.31759422e-03, -6.09794164e-02,  6.35214932e-01,
         1.03922762e-01,  1.66158712e-01, -5.89581242e-02,
         7.78060440e-01,  8.85385940e-02,  1.69268334e-01,
        -6.19651343e-01, -8.57485221e-02, -1.26453989e-01,
         2.13899280e-01,  1.82338561e-01, -4.11650438e-01,
         3.40372358e-02, -2.56827849e-02, -1.56557144e-01],
       [ 2.53075905e-02, -2.55077955e-01,  1.03922762e-01,
         2.28494127e-01, -6.20367382e-03, -1.12736634e-02,
         6.00017457e-01, -5.82241214e-01, -2.83396683e-01,
        -1.24577009e-01,  1.42737732e-01,  4.79302885e-02,
         2.41421484e-01,  1.15419659e-01, -8.61997910e-02,
         5.84722902e-02,  1.35016053e-02, -5.86009946e-02],
       [ 1.58907663e-01, -1.57088336e-01,  1.66158712e-01,
        -6.20367382e-03,  2.29926998e-01, -9.08153081e-03,
         4.09730939e-01,  7.11723705e-01, -1.83748396e-01,
        -1.51959371e-01, -1.97641200e-01,  1.60578314e-01,
        -7.99989231e-02,  3.36364126e-01, -1.68310887e-01,
        -1.97043078e-02,  7.82726328e-02, -9.34351406e-02],
       [-3.34938551e-01, -2.51493768e-01, -5.89581242e-02,
        -1.12736634e-02, -9.08153081e-03,  3.97687433e-01,
         1.65215723e-01, -2.03033766e-01,  1.49061388e+00,
         7.71847787e-02, -5.36574097e-01, -3.02939648e-01,
         1.30061477e-01,  3.10507079e-01,  4.14111927e-01,
         4.61043567e-02,  1.21688472e-01,  4.97132949e-02],
       [ 3.09792212e-02, -9.73014203e-01,  7.78060440e-01,
         6.00017457e-01,  4.09730939e-01,  1.65215723e-01,
         3.72704179e+00, -3.30811636e-01,  9.11460871e-02,
        -5.66200009e-01, -4.19431165e-01,  1.26694590e-01,
         5.09285718e-01,  1.07202264e+00, -4.14725515e-01,
         8.54736050e-02,  2.20451449e-01, -3.16711030e-01],
       [ 5.54906188e-01,  2.40020984e-01,  8.85385940e-02,
        -5.82241214e-01,  7.11723705e-01, -2.03033766e-01,
        -3.30811636e-01,  5.28772846e+00, -1.05513770e+00,
         9.93867532e-02, -2.05565891e-01,  4.26480788e-01,
        -1.00464445e+00,  3.37348562e-01, -2.89027671e-01,
        -2.83451658e-01,  7.31957438e-02, -3.51319459e-02],
       [-1.95421050e+00,  4.42989896e-01,  1.69268334e-01,
        -2.83396683e-01, -1.83748396e-01,  1.49061388e+00,
         9.11460871e-02, -1.05513770e+00,  9.87641418e+00,
        -3.13605831e-01, -2.20224584e+00, -1.56235468e+00,
         8.16124413e-01,  3.52859421e-01,  1.22979140e+00,
         3.34425566e-01,  2.27556376e-01,  2.24031434e-01],
       [-9.70205728e-02,  1.53869075e-02, -6.19651343e-01,
        -1.24577009e-01, -1.51959371e-01,  7.71847787e-02,
        -5.66200009e-01,  9.93867532e-02, -3.13605831e-01,
         9.09290983e-01,  5.16141150e-02, -1.23644068e-02,
        -2.91747999e-01, -1.23512803e-01,  4.76037920e-01,
        -7.22629055e-02,  6.88487342e-02,  1.70968150e-01],
       [ 2.98547148e-01,  2.83320212e-01, -8.57485221e-02,
         1.42737732e-01, -1.97641200e-01, -5.36574097e-01,
        -4.19431165e-01, -2.05565891e-01, -2.20224584e+00,
         5.16141150e-02,  1.77306824e+00,  1.80410050e-01,
        -5.93591409e-02, -8.59555221e-01, -2.86030504e-01,
        -1.34691029e-01, -2.49441921e-01,  1.35338511e-01],
       [ 7.85366881e-01, -1.16990209e-01, -1.26453989e-01,
         4.79302885e-02,  1.60578314e-01, -3.02939648e-01,
         1.26694590e-01,  4.26480788e-01, -1.56235468e+00,
        -1.23644068e-02,  1.80410050e-01,  1.10979009e+00,
        -3.17136710e-01,  9.78883084e-02, -5.04650248e-01,
        -4.92916986e-02, -5.43694818e-02, -1.70508675e-01],
       [-3.38570683e-01, -1.20809217e-01,  2.13899280e-01,
         2.41421484e-01, -7.99989231e-02,  1.30061477e-01,
         5.09285718e-01, -1.00464445e+00,  8.16124413e-01,
        -2.91747999e-01, -5.93591409e-02, -3.17136710e-01,
         5.24143517e-01,  6.09008175e-02,  4.14254780e-02,
         1.69059489e-01,  1.41140890e-02, -2.02428060e-02],
       [ 5.82161226e-02, -8.62448552e-01,  1.82338561e-01,
         1.15419659e-01,  3.36364126e-01,  3.10507079e-01,
         1.07202264e+00,  3.37348562e-01,  3.52859421e-01,
        -1.23512803e-01, -8.59555221e-01,  9.78883084e-02,
         6.09008175e-02,  1.05597909e+00,  3.16228216e-02,
         2.40771419e-02,  2.99843142e-01, -2.13882019e-01],
       [-4.67514215e-01, -8.17439716e-02, -4.11650438e-01,
        -8.61997910e-02, -1.68310887e-01,  4.14111927e-01,
        -4.14725515e-01, -2.89027671e-01,  1.22979140e+00,
         4.76037920e-01, -2.86030504e-01, -5.04650248e-01,
         4.14254780e-02,  3.16228216e-02,  7.82497588e-01,
         1.53979536e-02,  1.15206790e-01,  2.53552370e-01],
       [-8.74609014e-02,  2.37268505e-02,  3.40372358e-02,
         5.84722902e-02, -1.97043078e-02,  4.61043567e-02,
         8.54736050e-02, -2.83451658e-01,  3.34425566e-01,
        -7.22629055e-02, -1.34691029e-01, -4.92916986e-02,
         1.69059489e-01,  2.40771419e-02,  1.53979536e-02,
         9.49049006e-02,  6.73466240e-03, -5.77457896e-03],
       [-6.34397682e-02, -2.09914211e-01, -2.56827849e-02,
         1.35016053e-02,  7.82726328e-02,  1.21688472e-01,
         2.20451449e-01,  7.31957438e-02,  2.27556376e-01,
         6.88487342e-02, -2.49441921e-01, -5.43694818e-02,
         1.41140890e-02,  2.99843142e-01,  1.15206790e-01,
         6.73466240e-03,  1.29246609e-01, -1.64888075e-02],
       [-1.39877289e-01,  2.04006947e-01, -1.56557144e-01,
        -5.86009946e-02, -9.34351406e-02,  4.97132949e-02,
        -3.16711030e-01, -3.51319459e-02,  2.24031434e-01,
         1.70968150e-01,  1.35338511e-01, -1.70508675e-01,
        -2.02428060e-02, -2.13882019e-01,  2.53552370e-01,
        -5.77457896e-03, -1.64888075e-02,  1.69065931e-01]])
      jac: array([ 6.22576065e-06, -2.31984802e-05, -1.73624078e-05, -2.80161080e-05,
        4.66363985e-05,  5.54486087e-05,  3.03312930e-06, -1.89663100e-06,
       -6.82713145e-06,  8.56981153e-06, -1.50268686e-05, -8.19899704e-06,
        3.11754326e-05, -5.87389396e-05, -5.25335331e-05, -2.20175729e-05,
        4.80208466e-05,  4.19978867e-05])
  message: 'Desired error not necessarily achieved due to precision loss.'
     nfev: 1418
      nit: 35
     njev: 74
   status: 2
  success: False
        x: array([ 0.68239588, -0.09141579,  0.44914897,  0.21950421, -1.18116237,
       -0.8896463 ,  1.33098994, -1.69219958, -1.0645239 , -0.99364761,
        0.00328849,  0.56264277,  0.11905426,  0.04073362, -0.69701562,
        0.07898861,  1.47915266, -0.98109096])
