Program Begingeth
      fun: 0.2922853375070034
 hess_inv: array([[ 6.95828351e-01, -7.55085440e-02, -4.04934051e-02,
        -4.49993310e-02,  1.56759970e-01,  2.31864830e-01,
        -3.29188651e-02,  4.20968760e-01,  3.10669171e-01,
        -1.33517246e-01,  3.78551260e-01,  2.77038361e-01,
        -2.97080675e-01,  3.48329067e-02, -2.11286377e-02,
         4.43616918e-03, -5.30800201e-02, -2.58587153e-01],
       [-7.55085440e-02,  4.68054599e-01, -4.80657725e-02,
         2.17725481e-01, -7.08012260e-03, -2.93565076e-01,
         6.30279128e-01,  2.62709501e-01,  2.51095784e-01,
         7.31106617e-01, -7.94119940e-02, -5.47179812e-01,
         7.59729612e-02, -1.70301544e-01, -2.15421457e-01,
         4.70736116e-02,  4.12867352e-02, -7.19983898e-02],
       [-4.04934051e-02, -4.80657725e-02,  2.13544379e-01,
        -5.49609800e-02,  8.24275525e-02,  1.60724284e-02,
         4.57962799e-03,  8.13291414e-02, -1.78111906e-02,
        -2.02526775e-01,  7.91730196e-02, -3.56177676e-03,
         5.99515509e-02,  1.07901961e-01, -3.30519010e-02,
         7.37845732e-02,  4.29071737e-02,  5.22131194e-02],
       [-4.49993310e-02,  2.17725481e-01, -5.49609800e-02,
         9.43997989e-01,  3.94496916e-01, -2.36476618e-01,
         2.32138351e+00,  1.17418972e+00,  2.80822652e+00,
         2.45793725e+00,  1.16793004e+00, -1.39532665e+00,
         3.48787536e-01, -1.04041175e-01,  2.74323004e-03,
         1.35019586e-01, -9.76923040e-02,  1.34608565e-01],
       [ 1.56759970e-01, -7.08012260e-03,  8.24275525e-02,
         3.94496916e-01,  4.80385928e-01,  4.20684218e-03,
         1.12144438e+00,  1.10197628e+00,  1.70489340e+00,
         9.55617877e-01,  1.23831153e+00, -7.81367723e-01,
         1.22453167e-01,  1.20937867e-01,  7.25521515e-02,
         1.15472195e-01, -1.25328840e-02,  6.22576904e-02],
       [ 2.31864830e-01, -2.93565076e-01,  1.60724284e-02,
        -2.36476618e-01,  4.20684218e-03,  3.53820259e-01,
        -7.79795525e-01, -2.47538540e-01, -2.26027107e-01,
        -7.25828320e-01,  1.27436727e-01,  8.05689426e-01,
        -1.56801905e-01,  7.54274105e-02,  1.52526916e-01,
        -5.80709474e-02, -5.25882343e-02, -3.63820640e-02],
       [-3.29188651e-02,  6.30279128e-01,  4.57962799e-03,
         2.32138351e+00,  1.12144438e+00, -7.79795525e-01,
         6.88555705e+00,  3.10279323e+00,  6.89818438e+00,
         5.76300777e+00,  2.94884598e+00, -4.06460527e+00,
         8.71412235e-01, -1.23221273e-01, -1.60631060e-01,
         4.18234195e-01, -1.67362834e-01,  2.54120020e-01],
       [ 4.20968760e-01,  2.62709501e-01,  8.13291414e-02,
         1.17418972e+00,  1.10197628e+00, -2.47538540e-01,
         3.10279323e+00,  4.68446048e+00,  4.74621006e+00,
         3.77413821e+00,  2.49001621e+00, -2.74306249e+00,
         4.82612964e-02,  1.71442710e-01,  7.36226713e-02,
         1.44423064e-01,  7.63909088e-02,  9.19121957e-02],
       [ 3.10669171e-01,  2.51095784e-01, -1.78111906e-02,
         2.80822652e+00,  1.70489340e+00, -2.26027107e-01,
         6.89818438e+00,  4.74621006e+00,  1.06797655e+01,
         7.43530849e+00,  5.00470599e+00, -4.23279891e+00,
         8.20728660e-01, -2.44248153e-02,  2.54314477e-01,
         3.83297328e-01, -2.62125232e-01,  3.62454245e-01],
       [-1.33517246e-01,  7.31106617e-01, -2.02526775e-01,
         2.45793725e+00,  9.55617877e-01, -7.25828320e-01,
         5.76300777e+00,  3.77413821e+00,  7.43530849e+00,
         7.07495279e+00,  2.78599983e+00, -3.94830756e+00,
         7.09608916e-01, -3.06015060e-01, -3.88481379e-02,
         2.44917805e-01, -1.19198323e-01,  3.18154442e-01],
       [ 3.78551260e-01, -7.94119940e-02,  7.91730196e-02,
         1.16793004e+00,  1.23831153e+00,  1.27436727e-01,
         2.94884598e+00,  2.49001621e+00,  5.00470599e+00,
         2.78599983e+00,  3.61422882e+00, -1.85879903e+00,
         3.63848003e-01,  2.12159047e-01,  3.16603352e-01,
         2.46621361e-01, -1.14607085e-01,  2.08635302e-01],
       [ 2.77038361e-01, -5.47179812e-01, -3.56177676e-03,
        -1.39532665e+00, -7.81367723e-01,  8.05689426e-01,
        -4.06460527e+00, -2.74306249e+00, -4.23279891e+00,
        -3.94830756e+00, -1.85879903e+00,  3.57916554e+00,
        -5.30224399e-01, -2.86859269e-02,  1.25225355e-01,
        -2.57800667e-01, -9.87108365e-02, -2.31642493e-01],
       [-2.97080675e-01,  7.59729612e-02,  5.99515509e-02,
         3.48787536e-01,  1.22453167e-01, -1.56801905e-01,
         8.71412235e-01,  4.82612964e-02,  8.20728660e-01,
         7.09608916e-01,  3.63848003e-01, -5.30224399e-01,
         3.42482457e-01, -2.63533424e-02,  3.19519512e-03,
         1.25343592e-01, -4.65847692e-02,  1.70127927e-01],
       [ 3.48329067e-02, -1.70301544e-01,  1.07901961e-01,
        -1.04041175e-01,  1.20937867e-01,  7.54274105e-02,
        -1.23221273e-01,  1.71442710e-01, -2.44248153e-02,
        -3.06015060e-01,  2.12159047e-01, -2.86859269e-02,
        -2.63533424e-02,  1.75913122e-01,  6.58826364e-02,
         2.02810617e-02,  6.12139483e-02,  4.04734446e-02],
       [-2.11286377e-02, -2.15421457e-01, -3.30519010e-02,
         2.74323004e-03,  7.25521515e-02,  1.52526916e-01,
        -1.60631060e-01,  7.36226713e-02,  2.54314477e-01,
        -3.88481379e-02,  3.16603352e-01,  1.25225355e-01,
         3.19519512e-03,  6.58826364e-02,  1.93398734e-01,
        -4.01270029e-02, -2.98531751e-02,  1.03786982e-01],
       [ 4.43616918e-03,  4.70736116e-02,  7.37845732e-02,
         1.35019586e-01,  1.15472195e-01, -5.80709474e-02,
         4.18234195e-01,  1.44423064e-01,  3.83297328e-01,
         2.44917805e-01,  2.46621361e-01, -2.57800667e-01,
         1.25343592e-01,  2.02810617e-02, -4.01270029e-02,
         1.08433918e-01, -1.32023059e-02,  2.31278272e-02],
       [-5.30800201e-02,  4.12867352e-02,  4.29071737e-02,
        -9.76923040e-02, -1.25328840e-02, -5.25882343e-02,
        -1.67362834e-01,  7.63909088e-02, -2.62125232e-01,
        -1.19198323e-01, -1.14607085e-01, -9.87108365e-02,
        -4.65847692e-02,  6.12139483e-02, -2.98531751e-02,
        -1.32023059e-02,  9.94915762e-02,  2.43971482e-04],
       [-2.58587153e-01, -7.19983898e-02,  5.22131194e-02,
         1.34608565e-01,  6.22576904e-02, -3.63820640e-02,
         2.54120020e-01,  9.19121957e-02,  3.62454245e-01,
         3.18154442e-01,  2.08635302e-01, -2.31642493e-01,
         1.70127927e-01,  4.04734446e-02,  1.03786982e-01,
         2.31278272e-02,  2.43971482e-04,  1.90874379e-01]])
      jac: array([ 1.43625852e-06,  4.74435306e-07, -1.09764050e-06, -4.43645121e-06,
       -2.98649994e-07, -1.00956280e-06,  5.18474153e-07,  8.62273216e-08,
        2.43508917e-07,  7.40888832e-07, -1.36557432e-07,  5.27355937e-07,
        2.82958842e-06,  1.36224365e-06,  5.52891066e-07, -6.63543294e-07,
       -9.86988269e-07,  1.62129569e-06])
  message: 'Optimization terminated successfully.'
     nfev: 1501
      nit: 68
     njev: 79
   status: 0
  success: True
        x: array([ 0.05684371,  0.31366325,  0.8059097 ,  1.16793206, -1.13062516,
       -0.35031704,  2.2654675 , -0.91664996, -1.10581824,  1.03558884,
       -1.57448515, -0.9074735 ,  0.12257845,  0.07450589, -0.39643186,
       -1.03943425, -0.25696992,  0.01110268])
