Program Begingeth
      fun: 0.3186519719900147
 hess_inv: array([[ 5.77333478e+00, -7.19238040e-01, -5.27813300e-01,
         8.35737271e-01, -4.51453999e-01,  1.08314420e+00,
        -2.91251378e+00,  1.97623154e+00,  1.08210088e+00,
        -1.25230258e+00, -9.15041775e-01,  9.06335372e-01,
        -1.06645269e+00,  2.21200325e-01,  5.35347756e-01,
         5.99548894e-02,  4.24127230e-01, -6.70091252e-01],
       [-7.19238040e-01,  3.16565430e+00,  9.69194684e-01,
         4.80465502e-02,  7.85003053e-01, -6.84917403e-03,
        -2.85072855e+00, -6.13325375e-01,  3.78047454e+00,
         1.22179466e-01, -8.64531549e-02, -1.89591516e+00,
         3.96253436e-01, -4.94572359e-01, -1.75120384e-01,
        -1.63389445e-01, -2.27541725e-02,  9.83938848e-02],
       [-5.27813300e-01,  9.69194684e-01,  2.24718810e+00,
        -3.13820743e-01,  1.58443230e-01,  1.64461633e-01,
        -7.81797660e-01, -3.02345080e+00,  9.66983795e-01,
        -5.13867798e-02,  1.20444145e+00, -1.30169614e+00,
         9.48910604e-02, -2.88007533e-01, -4.82708514e-01,
         1.73712894e-01,  2.25775209e-02,  8.95726390e-02],
       [ 8.35737271e-01,  4.80465502e-02, -3.13820743e-01,
         2.21911863e-01, -2.92801499e-02,  1.19169464e-01,
        -1.34670047e-01,  7.66049053e-01,  4.25076108e-01,
        -2.03330008e-01, -3.30324566e-01,  9.06180208e-02,
        -8.88836258e-02,  1.26906980e-02,  1.51793631e-01,
        -1.57609225e-02,  5.66589292e-02, -6.55941337e-02],
       [-4.51453999e-01,  7.85003053e-01,  1.58443230e-01,
        -2.92801499e-02,  4.95402289e-01,  9.12349730e-03,
        -3.68695665e+00,  2.51605063e-01,  5.77079370e-01,
         4.77005194e-01, -4.25729418e-02, -3.42690972e-01,
         2.95137984e-01, -2.10966733e-02, -2.94962133e-02,
        -1.22536286e-02, -2.47653950e-01, -1.31444448e-02],
       [ 1.08314420e+00, -6.84917403e-03,  1.64461633e-01,
         1.19169464e-01,  9.12349730e-03,  3.30487069e-01,
        -1.70376599e+00,  2.28338932e-01,  5.61317398e-01,
        -4.33468062e-02, -1.60150042e-01,  5.58291395e-02,
        -2.08067585e-01,  4.27206561e-02,  1.17257837e-01,
         4.00074197e-04,  1.63256469e-02, -1.24945151e-01],
       [-2.91251378e+00, -2.85072855e+00, -7.81797660e-01,
        -1.34670047e-01, -3.68695665e+00, -1.70376599e+00,
         4.95450983e+01, -1.85907979e+00, -3.61141286e+00,
        -3.91821359e+00,  3.27444211e-01,  5.13601725e-01,
        -1.42297724e+00, -2.54126144e-01, -2.73359589e-01,
        -1.21019605e-02,  3.02931183e+00,  1.34207517e+00],
       [ 1.97623154e+00, -6.13325375e-01, -3.02345080e+00,
         7.66049053e-01,  2.51605063e-01,  2.28338932e-01,
        -1.85907979e+00,  8.49738472e+00, -5.30561214e-01,
         1.17878799e-01, -2.11969801e+00,  1.32566818e+00,
        -2.33131102e-01,  4.82696736e-01,  1.09582280e+00,
        -3.86878703e-01,  1.23163895e-01, -1.74081289e-01],
       [ 1.08210088e+00,  3.78047454e+00,  9.66983795e-01,
         4.25076108e-01,  5.77079370e-01,  5.61317398e-01,
        -3.61141286e+00, -5.30561214e-01,  9.55214739e+00,
        -3.17401901e-01, -3.74076614e-01, -2.11083500e+00,
         4.83630186e-02, -8.94069640e-01,  5.42552564e-02,
        -3.41351498e-01, -1.07643919e-02,  1.14255409e-01],
       [-1.25230258e+00,  1.22179466e-01, -5.13867798e-02,
        -2.03330008e-01,  4.77005194e-01, -4.33468062e-02,
        -3.91821359e+00,  1.17878799e-01, -3.17401901e-01,
         1.36066337e+00,  7.87289619e-02,  3.38992571e-02,
         2.77397557e-01,  6.84658730e-02, -3.75100249e-02,
        -1.35551368e-02, -4.55999225e-01, -4.22071525e-02],
       [-9.15041775e-01, -8.64531549e-02,  1.20444145e+00,
        -3.30324566e-01, -4.25729418e-02, -1.60150042e-01,
         3.27444211e-01, -2.11969801e+00, -3.74076614e-01,
         7.87289619e-02,  1.51547994e+00, -5.53604702e-01,
         1.44912178e-01, -2.54329957e-01, -5.04861710e-01,
         1.84546364e-01, -8.68155559e-02,  4.21820824e-04],
       [ 9.06335372e-01, -1.89591516e+00, -1.30169614e+00,
         9.06180208e-02, -3.42690972e-01,  5.58291395e-02,
         5.13601725e-01,  1.32566818e+00, -2.11083500e+00,
         3.38992571e-02, -5.53604702e-01,  1.80914580e+00,
        -2.76766262e-01,  4.85675198e-01,  2.40051315e-01,
         6.96326942e-02,  1.26263050e-02, -1.36832860e-01],
       [-1.06645269e+00,  3.96253436e-01,  9.48910604e-02,
        -8.88836258e-02,  2.95137984e-01, -2.08067585e-01,
        -1.42297724e+00, -2.33131102e-01,  4.83630186e-02,
         2.77397557e-01,  1.44912178e-01, -2.76766262e-01,
         4.14628002e-01, -5.53984978e-02, -9.84614017e-02,
         3.40243184e-02, -2.35114720e-01,  1.23351587e-01],
       [ 2.21200325e-01, -4.94572359e-01, -2.88007533e-01,
         1.26906980e-02, -2.10966733e-02,  4.27206561e-02,
        -2.54126144e-01,  4.82696736e-01, -8.94069640e-01,
         6.84658730e-02, -2.54329957e-01,  4.85675198e-01,
        -5.53984978e-02,  2.16106845e-01,  9.39844463e-02,
         2.96185124e-02,  1.15202097e-02, -2.69018970e-02],
       [ 5.35347756e-01, -1.75120384e-01, -4.82708514e-01,
         1.51793631e-01, -2.94962133e-02,  1.17257837e-01,
        -2.73359589e-01,  1.09582280e+00,  5.42552564e-02,
        -3.75100249e-02, -5.04861710e-01,  2.40051315e-01,
        -9.84614017e-02,  9.39844463e-02,  2.48967206e-01,
        -7.39739006e-02,  1.92209901e-02, -1.40757179e-02],
       [ 5.99548894e-02, -1.63389445e-01,  1.73712894e-01,
        -1.57609225e-02, -1.22536286e-02,  4.00074197e-04,
        -1.21019605e-02, -3.86878703e-01, -3.41351498e-01,
        -1.35551368e-02,  1.84546364e-01,  6.96326942e-02,
         3.40243184e-02,  2.96185124e-02, -7.39739006e-02,
         1.04480710e-01, -1.53659377e-02, -1.42831334e-02],
       [ 4.24127230e-01, -2.27541725e-02,  2.25775209e-02,
         5.66589292e-02, -2.47653950e-01,  1.63256469e-02,
         3.02931183e+00,  1.23163895e-01, -1.07643919e-02,
        -4.55999225e-01, -8.68155559e-02,  1.26263050e-02,
        -2.35114720e-01,  1.15202097e-02,  1.92209901e-02,
        -1.53659377e-02,  3.33562458e-01,  2.13803785e-02],
       [-6.70091252e-01,  9.83938848e-02,  8.95726390e-02,
        -6.55941337e-02, -1.31444448e-02, -1.24945151e-01,
         1.34207517e+00, -1.74081289e-01,  1.14255409e-01,
        -4.22071525e-02,  4.21820824e-04, -1.36832860e-01,
         1.23351587e-01, -2.69018970e-02, -1.40757179e-02,
        -1.42831334e-02,  2.13803785e-02,  1.75613171e-01]])
      jac: array([ 1.28341782e-06, -9.38508530e-07,  8.67824331e-07,  5.00821606e-06,
        8.55167789e-06, -5.82534021e-06,  9.00760947e-07, -4.91458726e-07,
       -1.42478622e-07, -1.87553676e-06,  8.47470242e-08, -3.09123098e-06,
       -6.77051008e-06,  9.91651206e-06, -3.72812892e-06, -3.66114546e-06,
       -1.25458903e-05, -3.87282798e-06])
  message: 'Desired error not necessarily achieved due to precision loss.'
     nfev: 2120
      nit: 68
     njev: 111
   status: 2
  success: False
        x: array([ 0.31364653, -0.59713809,  0.59747428,  1.04342803, -0.69264619,
        0.05604288,  0.17757648, -1.66746528, -0.44024013,  0.04792133,
        0.61912927,  1.03237399,  0.09811828,  0.04885695, -0.37960189,
       -1.06322499, -0.84807248,  0.01314923])
