Program Begingeth
      fun: 0.25924607419792856
 hess_inv: array([[ 8.31144917e+00, -1.30518916e+00,  2.57161808e-01,
         1.83870626e+00, -8.26808132e-01,  5.35890099e-01,
         2.14603430e+00, -2.19403396e-01,  2.67720984e+00,
        -1.04937969e+00,  9.61816286e-02,  6.22222396e-01,
        -1.71186168e+00,  2.78131730e-01, -3.81669995e-02,
        -2.24813003e-01,  7.97607916e-01, -1.94852868e-01],
       [-1.30518916e+00,  3.71750863e+00, -1.28971368e-01,
         3.23211627e-02,  1.17866759e+00, -3.79661884e-03,
         8.24609957e-01,  2.65020749e+00,  7.34636757e-01,
         1.34604306e-01, -5.11030695e-01, -1.50532481e+00,
         3.67052395e-01, -5.57016065e-01,  3.80691040e-01,
        -1.79738812e-01, -1.65732992e-01,  6.49120121e-02],
       [ 2.57161808e-01, -1.28971368e-01,  8.85147145e+00,
        -8.92980959e-01, -4.10630512e-01,  2.49653873e+00,
        -9.14004834e+00, -3.72929395e+00,  2.94529285e+00,
        -4.91002211e-01,  3.18693517e+00, -1.54503826e+00,
        -2.50106843e-01, -6.47130368e-01, -1.07623258e+00,
         2.58263820e-02,  2.16417712e-01, -3.18231649e-02],
       [ 1.83870626e+00,  3.23211627e-02, -8.92980959e-01,
         6.17204389e-01, -6.10514924e-02, -1.67335022e-01,
         2.17596290e+00,  4.86352326e-01,  5.51028788e-01,
        -2.00263501e-01, -2.50655611e-01,  1.47888529e-01,
        -2.93692815e-01,  3.37570491e-02,  9.87644241e-02,
        -5.08651128e-02,  1.20522542e-01, -4.86292192e-02],
       [-8.26808132e-01,  1.17866759e+00, -4.10630512e-01,
        -6.10514924e-02,  4.55262546e-01, -1.14765330e-01,
         3.79920094e-01,  1.29272722e+00, -8.33144487e-02,
         1.77433368e-01, -2.83467591e-01, -3.71983734e-01,
         1.98833031e-01, -1.27293019e-01,  1.69120850e-01,
        -3.01304195e-02, -9.11979156e-02,  3.31442813e-02],
       [ 5.35890099e-01, -3.79661884e-03,  2.49653873e+00,
        -1.67335022e-01, -1.14765330e-01,  7.96370507e-01,
        -2.71849552e+00, -7.99082005e-01,  1.16591887e+00,
        -6.64565550e-02,  7.67196560e-01, -4.19322005e-01,
        -2.06488850e-01, -1.55292049e-01, -2.43456581e-01,
        -2.15168967e-02,  1.00684053e-01, -1.45587872e-02],
       [ 2.14603430e+00,  8.24609957e-01, -9.14004834e+00,
         2.17596290e+00,  3.79920094e-01, -2.71849552e+00,
         1.64499426e+01,  3.76151880e+00, -9.32159592e-01,
         2.17561097e-01, -2.29678535e+00,  1.11964957e+00,
         5.38815970e-02,  1.53240708e-01,  7.80796012e-01,
        -7.44385009e-02, -1.87700348e-01, -1.79933713e-01],
       [-2.19403396e-01,  2.65020749e+00, -3.72929395e+00,
         4.86352326e-01,  1.29272722e+00, -7.99082005e-01,
         3.76151880e+00,  7.28500423e+00, -5.37911379e-01,
         1.06068533e+00, -1.48351810e+00, -3.49810442e-01,
        -2.95156147e-02, -8.97122702e-02,  8.67479451e-01,
        -1.66334797e-01, -1.54214212e-01, -7.60981035e-03],
       [ 2.67720984e+00,  7.34636757e-01,  2.94529285e+00,
         5.51028788e-01, -8.33144487e-02,  1.16591887e+00,
        -9.32159592e-01, -5.37911379e-01,  4.43239622e+00,
        -2.13639542e-01,  9.92989545e-01, -7.04239192e-01,
        -5.41479881e-01, -4.53325402e-01, -3.08193539e-01,
        -1.19020952e-01,  1.62923436e-01, -1.33867558e-01],
       [-1.04937969e+00,  1.34604306e-01, -4.91002211e-01,
        -2.00263501e-01,  1.77433368e-01, -6.64565550e-02,
         2.17561097e-01,  1.06068533e+00, -2.13639542e-01,
         1.44964906e+00, -1.39872784e-02, -8.47437318e-02,
        -8.75654715e-02, -7.40493179e-02,  2.84772644e-02,
         1.02617673e-02, -1.76560795e-01, -1.99866862e-01],
       [ 9.61816286e-02, -5.11030695e-01,  3.18693517e+00,
        -2.50655611e-01, -2.83467591e-01,  7.67196560e-01,
        -2.29678535e+00, -1.48351810e+00,  9.92989545e-01,
        -1.39872784e-02,  1.99395795e+00, -4.78801194e-01,
        -8.38813683e-02, -3.78508527e-01, -6.34965256e-01,
         6.60210538e-02,  3.78845081e-02, -1.59964976e-01],
       [ 6.22222396e-01, -1.50532481e+00, -1.54503826e+00,
         1.47888529e-01, -3.71983734e-01, -4.19322005e-01,
         1.11964957e+00, -3.49810442e-01, -7.04239192e-01,
        -8.47437318e-02, -4.78801194e-01,  1.28079248e+00,
        -9.57499372e-02,  4.50011978e-01,  9.53229886e-03,
         1.09169667e-01,  9.57467263e-02,  2.93327981e-02],
       [-1.71186168e+00,  3.67052395e-01, -2.50106843e-01,
        -2.93692815e-01,  1.98833031e-01, -2.06488850e-01,
         5.38815970e-02, -2.95156147e-02, -5.41479881e-01,
        -8.75654715e-02, -8.38813683e-02, -9.57499372e-02,
         4.97110255e-01, -5.92455187e-02,  2.53646967e-02,
         8.53945483e-02, -1.77273898e-01,  9.41780423e-02],
       [ 2.78131730e-01, -5.57016065e-01, -6.47130368e-01,
         3.37570491e-02, -1.27293019e-01, -1.55292049e-01,
         1.53240708e-01, -8.97122702e-02, -4.53325402e-01,
        -7.40493179e-02, -3.78508527e-01,  4.50011978e-01,
        -5.92455187e-02,  2.42294397e-01,  7.46385269e-02,
         2.56496669e-02,  6.74335300e-02,  4.15274560e-02],
       [-3.81669995e-02,  3.80691040e-01, -1.07623258e+00,
         9.87644241e-02,  1.69120850e-01, -2.43456581e-01,
         7.80796012e-01,  8.67479451e-01, -3.08193539e-01,
         2.84772644e-02, -6.34965256e-01,  9.53229886e-03,
         2.53646967e-02,  7.46385269e-02,  2.69095638e-01,
        -4.19230504e-02, -2.29369866e-02,  6.20331428e-02],
       [-2.24813003e-01, -1.79738812e-01,  2.58263820e-02,
        -5.08651128e-02, -3.01304195e-02, -2.15168967e-02,
        -7.44385009e-02, -1.66334797e-01, -1.19020952e-01,
         1.02617673e-02,  6.60210538e-02,  1.09169667e-01,
         8.53945483e-02,  2.56496669e-02, -4.19230504e-02,
         5.97051686e-02, -2.23511640e-02,  8.01223692e-03],
       [ 7.97607916e-01, -1.65732992e-01,  2.16417712e-01,
         1.20522542e-01, -9.11979156e-02,  1.00684053e-01,
        -1.87700348e-01, -1.54214212e-01,  1.62923436e-01,
        -1.76560795e-01,  3.78845081e-02,  9.57467263e-02,
        -1.77273898e-01,  6.74335300e-02, -2.29369866e-02,
        -2.23511640e-02,  1.24218111e-01, -2.84157680e-04],
       [-1.94852868e-01,  6.49120121e-02, -3.18231649e-02,
        -4.86292192e-02,  3.31442813e-02, -1.45587872e-02,
        -1.79933713e-01, -7.60981035e-03, -1.33867558e-01,
        -1.99866862e-01, -1.59964976e-01,  2.93327981e-02,
         9.41780423e-02,  4.15274560e-02,  6.20331428e-02,
         8.01223692e-03, -2.84157680e-04,  8.58019887e-02]])
      jac: array([-3.55641442e-07,  3.05681406e-07,  1.01770444e-07,  1.36668454e-06,
       -5.26985862e-07,  2.52760775e-07, -6.73535302e-08, -2.29446092e-08,
       -1.66163379e-07, -3.05311332e-07,  3.55641442e-07,  5.29206308e-08,
       -7.65313738e-07,  1.15648232e-06,  4.06341627e-07,  1.01770444e-07,
       -1.45957320e-06, -1.37667655e-07])
  message: 'Optimization terminated successfully.'
     nfev: 1444
      nit: 69
     njev: 76
   status: 0
  success: True
        x: array([ 0.73751138, -0.60017193,  0.1050751 ,  1.42816319, -0.68978   ,
       -0.05508767,  1.85383263, -0.90389005, -0.98290376, -0.04839954,
        0.45826031,  1.03643007,  0.05147501,  0.22295217, -0.23378549,
       -1.34342322, -0.32382582,  0.03682011])
