Program Begingeth
      fun: 0.2722807764822396
 hess_inv: array([[ 3.74966832e+00,  3.26347220e-01,  1.18280841e+00,
         1.89427682e+00, -7.86393099e-02, -1.50323321e-02,
         2.46327695e+00, -1.02849073e+00, -3.95079250e+00,
         8.23768044e-01,  3.00641413e-01, -5.46171085e-01,
         7.94562520e-02, -1.57181841e-01, -4.53834379e-02,
         1.55100374e-01,  8.23299638e-02,  1.08483179e-01],
       [ 3.26347220e-01,  1.73222231e+00, -1.49992991e-01,
         2.12930778e-01,  8.48576265e-01, -2.20122187e-01,
         3.12189854e-01,  1.00830298e+00,  9.89951056e-01,
         5.90503585e-01,  4.58090457e-01, -1.32148044e-01,
        -1.46267924e-01, -3.82510962e-03, -1.90312237e-01,
        -9.97812105e-02,  7.13527297e-02,  8.13016696e-03],
       [ 1.18280841e+00, -1.49992991e-01,  1.75240957e+00,
         7.08844806e-01, -1.86770322e-01,  6.80014771e-01,
         1.60421709e+00, -2.09361368e+00, -1.58998684e+00,
         3.75613730e-01, -1.67104839e-01,  9.60524007e-02,
         3.37140644e-02,  1.43654663e-01,  1.20635564e-01,
         1.74725687e-02,  1.20207369e-01,  1.27584999e-01],
       [ 1.89427682e+00,  2.12930778e-01,  7.08844806e-01,
         9.85376705e-01, -1.98286646e-02,  4.54014945e-02,
         1.40313527e+00, -6.67990721e-01, -1.92295367e+00,
         4.40800906e-01,  1.70145036e-01, -2.38682500e-01,
         5.02142214e-02, -5.69321700e-02, -2.91344117e-02,
         7.70194765e-02,  6.51814818e-02,  5.61501755e-02],
       [-7.86393099e-02,  8.48576265e-01, -1.86770322e-01,
        -1.98286646e-02,  4.82138906e-01, -1.51970763e-01,
         3.75805167e-01,  1.05598906e+00,  7.89001997e-01,
         2.44109221e-01,  2.85547202e-01, -6.35183745e-02,
        -1.30038676e-01, -1.05915785e-02, -1.05161692e-01,
        -8.97420468e-02,  3.94127288e-03,  1.15037273e-02],
       [-1.50323321e-02, -2.20122187e-01,  6.80014771e-01,
         4.54014945e-02, -1.51970763e-01,  3.88370336e-01,
         3.69424344e-02, -1.16591282e+00, -1.03510780e-01,
        -3.83712644e-02, -2.27122654e-01,  1.60106858e-01,
         6.76056550e-02,  1.23985930e-01,  9.28702954e-02,
         1.30830450e-02,  7.27773564e-02,  2.85012442e-02],
       [ 2.46327695e+00,  3.12189854e-01,  1.60421709e+00,
         1.40313527e+00,  3.75805167e-01,  3.69424344e-02,
         7.86262019e+00,  1.92355453e+00, -2.80181273e+00,
         9.20065718e-01,  9.09808131e-01, -4.57985500e-01,
        -5.01007137e-01, -2.88029651e-01, -8.85970280e-02,
        -1.83079912e-01, -2.78219037e-01,  3.60357879e-01],
       [-1.02849073e+00,  1.00830298e+00, -2.09361368e+00,
        -6.67990721e-01,  1.05598906e+00, -1.16591282e+00,
         1.92355453e+00,  7.94548064e+00,  2.54979292e+00,
        -1.21737443e-02,  1.09236459e+00, -8.60179453e-01,
        -5.26896777e-01, -4.07290350e-01, -2.64355666e-01,
        -2.29773876e-01, -3.52073013e-01,  5.91618037e-03],
       [-3.95079250e+00,  9.89951056e-01, -1.58998684e+00,
        -1.92295367e+00,  7.89001997e-01, -1.03510780e-01,
        -2.80181273e+00,  2.54979292e+00,  7.30156483e+00,
        -6.98685895e-01,  4.79048672e-01,  2.93195435e-01,
        -8.70523468e-02,  1.51369352e-01, -1.37009425e-01,
        -2.38266488e-01,  7.18249275e-02, -1.91470208e-01],
       [ 8.23768044e-01,  5.90503585e-01,  3.75613730e-01,
         4.40800906e-01,  2.44109221e-01, -3.83712644e-02,
         9.20065718e-01, -1.21737443e-02, -6.98685895e-01,
         9.79086212e-01,  1.32762589e-01, -5.88554581e-02,
        -2.13323572e-01,  1.38934015e-02,  3.15791308e-02,
        -3.89829172e-02,  6.52052740e-02,  2.31766526e-01],
       [ 3.00641413e-01,  4.58090457e-01, -1.67104839e-01,
         1.70145036e-01,  2.85547202e-01, -2.27122654e-01,
         9.09808131e-01,  1.09236459e+00,  4.79048672e-01,
         1.32762589e-01,  7.47524166e-01, -2.33819868e-01,
        -9.04730850e-02, -1.61828963e-01, -1.84267809e-01,
        -6.18439591e-02, -2.26185822e-02, -7.01989997e-02],
       [-5.46171085e-01, -1.32148044e-01,  9.60524007e-02,
        -2.38682500e-01, -6.35183745e-02,  1.60106858e-01,
        -4.57985500e-01, -8.60179453e-01,  2.93195435e-01,
        -5.88554581e-02, -2.33819868e-01,  4.94524733e-01,
        -1.54168997e-02,  1.52108681e-01,  6.15952875e-03,
        -6.93873207e-02,  7.30404904e-02,  2.03113353e-02],
       [ 7.94562520e-02, -1.46267924e-01,  3.37140644e-02,
         5.02142214e-02, -1.30038676e-01,  6.76056550e-02,
        -5.01007137e-01, -5.26896777e-01, -8.70523468e-02,
        -2.13323572e-01, -9.04730850e-02, -1.54168997e-02,
         1.62013635e-01,  1.98816298e-02,  4.66711746e-03,
         8.92612018e-02,  4.45565581e-02, -8.00819806e-02],
       [-1.57181841e-01, -3.82510962e-03,  1.43654663e-01,
        -5.69321700e-02, -1.05915785e-02,  1.23985930e-01,
        -2.88029651e-01, -4.07290350e-01,  1.51369352e-01,
         1.38934015e-02, -1.61828963e-01,  1.52108681e-01,
         1.98816298e-02,  1.10370565e-01,  3.21439314e-02,
        -7.35381478e-03,  7.76028348e-02,  1.86403686e-02],
       [-4.53834379e-02, -1.90312237e-01,  1.20635564e-01,
        -2.91344117e-02, -1.05161692e-01,  9.28702954e-02,
        -8.85970280e-02, -2.64355666e-01, -1.37009425e-01,
         3.15791308e-02, -1.84267809e-01,  6.15952875e-03,
         4.66711746e-03,  3.21439314e-02,  9.93734331e-02,
         2.21849065e-02, -3.79541611e-03,  6.90447373e-02],
       [ 1.55100374e-01, -9.97812105e-02,  1.74725687e-02,
         7.70194765e-02, -8.97420468e-02,  1.30830450e-02,
        -1.83079912e-01, -2.29773876e-01, -2.38266488e-01,
        -3.89829172e-02, -6.18439591e-02, -6.93873207e-02,
         8.92612018e-02, -7.35381478e-03,  2.21849065e-02,
         8.11844278e-02,  1.41739787e-02, -2.04562304e-02],
       [ 8.23299638e-02,  7.13527297e-02,  1.20207369e-01,
         6.51814818e-02,  3.94127288e-03,  7.27773564e-02,
        -2.78219037e-01, -3.52073013e-01,  7.18249275e-02,
         6.52052740e-02, -2.26185822e-02,  7.30404904e-02,
         4.45565581e-02,  7.76028348e-02, -3.79541611e-03,
         1.41739787e-02,  1.05421892e-01, -6.91607468e-03],
       [ 1.08483179e-01,  8.13016696e-03,  1.27584999e-01,
         5.61501755e-02,  1.15037273e-02,  2.85012442e-02,
         3.60357879e-01,  5.91618037e-03, -1.91470208e-01,
         2.31766526e-01, -7.01989997e-02,  2.03113353e-02,
        -8.00819806e-02,  1.86403686e-02,  6.90447373e-02,
        -2.04562304e-02, -6.91607468e-03,  1.21077326e-01]])
      jac: array([ 9.25185854e-08, -3.94203189e-06, -8.54501655e-07, -1.20274161e-06,
        8.45989945e-06,  3.89392222e-06, -2.13532895e-07, -1.79486056e-07,
       -3.30846461e-07,  1.95214215e-06, -2.49208062e-06, -5.74355378e-07,
        2.57608749e-06, -9.48759589e-06, -3.86394620e-06, -2.43138842e-06,
        5.79314374e-06,  2.53870998e-07])
  message: 'Optimization terminated successfully.'
     nfev: 1349
      nit: 62
     njev: 71
   status: 0
  success: True
        x: array([-1.49966162, -1.15272003,  0.68756299, -1.2787189 , -1.23989439,
        0.36971613, -0.44094843, -1.69013224,  1.17465118,  0.02058525,
        0.51294178,  1.25635597,  0.10315311,  0.21418109, -0.28512765,
        1.18910735, -0.17408623, -0.01379171])
