Program Begingeth
      fun: 0.26210243105127834
 hess_inv: array([[ 3.21836195e+00, -5.80441549e-01, -2.27826563e-01,
         3.19736110e-01, -2.76116556e-01,  6.96574833e-01,
        -1.64832111e+00,  5.13950624e-01, -7.60171960e-03,
        -8.45587174e-01, -1.89002175e-01,  5.46109952e-01,
        -6.31950117e-01,  6.99979700e-02,  2.36821355e-01,
         1.31933204e-01,  1.36680972e-01, -5.95704227e-01],
       [-5.80441549e-01,  2.61310847e+00,  1.05142935e+00,
         4.98456488e-02,  4.95142669e-01, -6.89669620e-02,
        -1.24812041e+00, -4.42672786e-01,  3.72267805e+00,
         1.44175214e-01, -1.00565315e-01, -2.13620617e+00,
         2.62092245e-01, -4.82015621e-01, -2.18888427e-01,
        -1.10893957e-01,  8.27242692e-02,  8.97082983e-02],
       [-2.27826563e-01,  1.05142935e+00,  2.20403263e+00,
        -2.97697657e-01,  8.93882875e-02,  1.19418756e-01,
        -7.87542644e-01, -3.38049641e+00,  2.33269000e+00,
        -8.67949301e-02,  1.37344052e+00, -1.80358045e+00,
         6.57791212e-03, -4.07798808e-01, -5.17455432e-01,
         1.90309684e-01,  1.90194652e-02,  4.75607955e-02],
       [ 3.19736110e-01,  4.98456488e-02, -2.97697657e-01,
         1.45969755e-01, -5.45289306e-03,  3.50932786e-02,
         2.14763992e-01,  7.30502670e-01,  1.19971584e-01,
        -1.19821554e-01, -2.98351091e-01,  7.86155094e-02,
         9.20474039e-03,  3.54755620e-03,  1.17467253e-01,
        -1.77172829e-02,  1.74824958e-02, -2.05008733e-02],
       [-2.76116556e-01,  4.95142669e-01,  8.93882875e-02,
        -5.45289306e-03,  3.50557341e-01,  1.83972168e-02,
        -2.57630629e+00,  4.47318080e-01,  3.13768403e-01,
         3.72016857e-01, -1.46948901e-01, -2.10511401e-01,
         1.89559262e-01,  4.26921873e-02,  1.15513132e-02,
        -1.67537775e-02, -1.40244657e-01,  7.13227739e-03],
       [ 6.96574833e-01, -6.89669620e-02,  1.19418756e-01,
         3.50932786e-02,  1.83972168e-02,  2.72031255e-01,
        -1.35094047e+00,  9.08272532e-02,  3.18775198e-01,
         2.72132312e-02, -6.08930543e-02,  5.83194260e-02,
        -1.62904855e-01,  3.58651850e-02,  8.95279057e-02,
         8.61020130e-03, -2.48385139e-02, -1.32469084e-01],
       [-1.64832111e+00, -1.24812041e+00, -7.87542644e-01,
         2.14763992e-01, -2.57630629e+00, -1.35094047e+00,
         3.63046658e+01, -5.60965284e-01, -1.99461983e+00,
        -2.97084518e+00, -1.84158278e-01,  1.57625999e-01,
        -9.32322402e-01, -3.63951523e-01, -1.32288816e-01,
        -2.88260649e-02,  2.21830775e+00,  1.09338060e+00],
       [ 5.13950624e-01, -4.42672786e-01, -3.38049641e+00,
         7.30502670e-01,  4.47318080e-01,  9.08272532e-02,
        -5.60965284e-01,  1.04447528e+01, -2.84548257e+00,
         3.60980577e-01, -2.98923849e+00,  1.98806070e+00,
         8.49531591e-02,  7.01793741e-01,  1.29678942e+00,
        -5.35139626e-01,  1.66990963e-01,  8.40725259e-02],
       [-7.60171960e-03,  3.72267805e+00,  2.33269000e+00,
         1.19971584e-01,  3.13768403e-01,  3.18775198e-01,
        -1.99461983e+00, -2.84548257e+00,  1.11788395e+01,
        -1.39981437e-02,  8.94593377e-01, -3.69010032e+00,
         1.69482144e-01, -1.32270649e+00, -5.19822421e-01,
        -1.25543680e-01, -1.17633229e-01,  9.47516961e-02],
       [-8.45587174e-01,  1.44175214e-01, -8.67949301e-02,
        -1.19821554e-01,  3.72016857e-01,  2.72132312e-02,
        -2.97084518e+00,  3.60980577e-01, -1.39981437e-02,
         1.15921166e+00, -1.40527873e-01,  1.43970466e-01,
         1.27019794e-01,  1.17457137e-01,  3.01482604e-02,
        -7.99597788e-02, -2.78013055e-01, -3.16293614e-03],
       [-1.89002175e-01, -1.00565315e-01,  1.37344052e+00,
        -2.98351091e-01, -1.46948901e-01, -6.08930543e-02,
        -1.84158278e-01, -2.98923849e+00,  8.94593377e-01,
        -1.40527873e-01,  1.80465794e+00, -8.07548838e-01,
        -1.36228784e-02, -3.55972636e-01, -5.53246134e-01,
         2.23344127e-01, -8.23497098e-02, -6.75878705e-02],
       [ 5.46109952e-01, -2.13620617e+00, -1.80358045e+00,
         7.86155094e-02, -2.10511401e-01,  5.83194260e-02,
         1.57625999e-01,  1.98806070e+00, -3.69010032e+00,
         1.43970466e-01, -8.07548838e-01,  2.66334875e+00,
        -1.81829769e-01,  6.74970247e-01,  3.86324142e-01,
         1.21469973e-02, -5.86795039e-02, -1.09036982e-01],
       [-6.31950117e-01,  2.62092245e-01,  6.57791212e-03,
         9.20474039e-03,  1.89559262e-01, -1.62904855e-01,
        -9.32322402e-01,  8.49531591e-02,  1.69482144e-01,
         1.27019794e-01, -1.36228784e-02, -1.81829769e-01,
         3.18973499e-01, -2.35807511e-02, -3.53572555e-02,
         1.78354789e-02, -1.40550388e-01,  1.39017064e-01],
       [ 6.99979700e-02, -4.82015621e-01, -4.07798808e-01,
         3.54755620e-03,  4.26921873e-02,  3.58651850e-02,
        -3.63951523e-01,  7.01793741e-01, -1.32270649e+00,
         1.17457137e-01, -3.55972636e-01,  6.74970247e-01,
        -2.35807511e-02,  2.74197565e-01,  1.41464678e-01,
         5.09365608e-03,  2.54982050e-03, -2.23825189e-03],
       [ 2.36821355e-01, -2.18888427e-01, -5.17455432e-01,
         1.17467253e-01,  1.15513132e-02,  8.95279057e-02,
        -1.32288816e-01,  1.29678942e+00, -5.19822421e-01,
         3.01482604e-02, -5.53246134e-01,  3.86324142e-01,
        -3.53572555e-02,  1.41464678e-01,  2.59788762e-01,
        -7.82360829e-02,  6.30522919e-03,  1.14563698e-02],
       [ 1.31933204e-01, -1.10893957e-01,  1.90309684e-01,
        -1.77172829e-02, -1.67537775e-02,  8.61020130e-03,
        -2.88260649e-02, -5.35139626e-01, -1.25543680e-01,
        -7.99597788e-02,  2.23344127e-01,  1.21469973e-02,
         1.78354789e-02,  5.09365608e-03, -7.82360829e-02,
         1.02375311e-01, -1.47027925e-02, -2.03569988e-02],
       [ 1.36680972e-01,  8.27242692e-02,  1.90194652e-02,
         1.74824958e-02, -1.40244657e-01, -2.48385139e-02,
         2.21830775e+00,  1.66990963e-01, -1.17633229e-01,
        -2.78013055e-01, -8.23497098e-02, -5.86795039e-02,
        -1.40550388e-01,  2.54982050e-03,  6.30522919e-03,
        -1.47027925e-02,  2.38336138e-01,  2.59647249e-02],
       [-5.95704227e-01,  8.97082983e-02,  4.75607955e-02,
        -2.05008733e-02,  7.13227739e-03, -1.32469084e-01,
         1.09338060e+00,  8.40725259e-02,  9.47516961e-02,
        -3.16293614e-03, -6.75878705e-02, -1.09036982e-01,
         1.39017064e-01, -2.23825189e-03,  1.14563698e-02,
        -2.03569988e-02,  2.59647249e-02,  2.04098351e-01]])
      jac: array([-3.62051130e-05, -4.67389090e-05,  3.08220116e-05,  6.05956026e-05,
        7.14110253e-05, -5.00351612e-05, -4.44126217e-06,  2.32406687e-07,
        8.01358979e-06, -1.85529370e-05, -2.45947707e-05,  3.42984900e-06,
       -4.41742939e-05, -6.07217980e-05,  5.18315021e-05,  5.21397740e-05,
        6.08428123e-05, -8.81905660e-05])
  message: 'Desired error not necessarily achieved due to precision loss.'
     nfev: 1645
      nit: 59
     njev: 86
   status: 2
  success: False
        x: array([ 0.20452256, -0.38607542,  0.70384639,  0.97131119, -0.52718369,
        0.04102531,  0.15434253, -1.45552365, -0.47527298,  0.06798421,
        0.72678086,  0.93615244,  0.11491297,  0.12414927, -0.40807307,
       -1.00243431, -0.70736941,  0.02271339])
