Program Begingeth
      fun: 0.28976072515479073
 hess_inv: array([[ 7.57395173e-01, -8.86804728e-02, -8.99247642e-02,
        -1.49593964e-01,  2.52628799e-01, -1.76146867e-01,
         8.85254963e-02,  1.26053838e+00, -1.12725949e+00,
         1.84276360e-01, -1.19841366e-01,  7.85431733e-01,
        -6.03290492e-01,  2.30935691e-01, -3.15040697e-01,
        -1.39645631e-01,  7.55595284e-03, -1.12712913e-01],
       [-8.86804728e-02,  9.25583470e-01, -4.86173156e-02,
        -2.04723758e-01, -1.10118921e-01, -1.72484779e-01,
        -6.38883874e-01,  3.67614356e-01,  2.60589576e-01,
         2.78942100e-02,  3.13672457e-01, -1.20401582e-01,
        -1.28590564e-01, -6.91096516e-01, -2.00892377e-02,
        -4.91954210e-04, -1.56597221e-01,  1.70377932e-01],
       [-8.99247642e-02, -4.86173156e-02,  7.08662646e-01,
         1.47083105e-01,  1.38625817e-01, -9.14146105e-02,
         7.79129084e-01, -1.02113325e-01,  1.60884239e-01,
        -6.81768605e-01, -6.16575563e-02, -9.19372885e-02,
         3.25818923e-01,  1.51027064e-01, -4.92627390e-01,
         6.54810421e-02, -3.60930186e-02, -1.71404478e-01],
       [-1.49593964e-01, -2.04723758e-01,  1.47083105e-01,
         2.36246621e-01, -3.74926514e-02,  2.77613482e-02,
         5.38605878e-01, -7.16958846e-01,  8.66918529e-02,
        -2.05735868e-01,  6.64549286e-02, -8.85818003e-02,
         3.69556402e-01,  8.87926033e-02, -4.78127683e-02,
         9.49113998e-02,  1.11575355e-02, -3.96352617e-02],
       [ 2.52628799e-01, -1.10118921e-01,  1.38625817e-01,
        -3.74926514e-02,  2.10516366e-01, -5.59515363e-02,
         2.85134325e-01,  6.82841770e-01, -3.11427198e-01,
        -7.71833315e-02, -1.84978753e-01,  2.86204396e-01,
        -1.68965070e-01,  2.82710339e-01, -2.22448603e-01,
        -3.60049056e-02,  5.44576713e-02, -9.59042325e-02],
       [-1.76146867e-01, -1.72484779e-01, -9.14146105e-02,
         2.77613482e-02, -5.59515363e-02,  2.06916887e-01,
        -5.99253704e-02, -3.72667011e-01,  6.20860659e-01,
         3.95563040e-02, -1.81638417e-01, -1.83854168e-01,
         1.18639901e-01,  1.15630330e-01,  2.74020837e-01,
         3.32141968e-02,  4.95139844e-02,  4.92103942e-02],
       [ 8.85254963e-02, -6.38883874e-01,  7.79129084e-01,
         5.38605878e-01,  2.85134325e-01, -5.99253704e-02,
         2.82495960e+00, -6.89702059e-01, -2.86663463e-01,
        -6.08299397e-01, -1.86436373e-01,  3.40206460e-01,
         5.08954005e-01,  7.04540640e-01, -6.39209046e-01,
         1.02507785e-01,  1.03041360e-01, -2.90954459e-01],
       [ 1.26053838e+00,  3.67614356e-01, -1.02113325e-01,
        -7.16958846e-01,  6.82841770e-01, -3.72667011e-01,
        -6.89702059e-01,  4.93754288e+00, -1.80350181e+00,
         4.78219538e-01, -1.46865149e-01,  1.15711402e+00,
        -1.56098565e+00,  2.19649549e-01, -5.27642782e-01,
        -3.88571371e-01,  2.97184889e-03, -1.00053821e-01],
       [-1.12725949e+00,  2.60589576e-01,  1.60884239e-01,
         8.66918529e-02, -3.11427198e-01,  6.20860659e-01,
        -2.86663463e-01, -1.80350181e+00,  4.72699968e+00,
        -5.19725052e-01, -4.73658449e-01, -8.73322290e-01,
         8.69300358e-01, -1.92691939e-01,  5.04291964e-01,
         2.65534909e-01, -7.64884921e-03,  1.18376482e-01],
       [ 1.84276360e-01,  2.78942100e-02, -6.81768605e-01,
        -2.05735868e-01, -7.71833315e-02,  3.95563040e-02,
        -6.08299397e-01,  4.78219538e-01, -5.19725052e-01,
         9.09824146e-01,  3.13793410e-02,  1.78757590e-01,
        -5.29412074e-01, -8.26392957e-02,  4.17935667e-01,
        -1.32913328e-01,  6.11649013e-02,  1.43345474e-01],
       [-1.19841366e-01,  3.13672457e-01, -6.16575563e-02,
         6.64549286e-02, -1.84978753e-01, -1.81638417e-01,
        -1.86436373e-01, -1.46865149e-01, -4.73658449e-01,
         3.13793410e-02,  1.05633842e+00, -1.97563325e-01,
         6.94026390e-02, -6.37637923e-01,  4.67075278e-02,
        -7.22165132e-02, -1.51738579e-01,  1.75908441e-01],
       [ 7.85431733e-01, -1.20401582e-01, -9.19372885e-02,
        -8.85818003e-02,  2.86204396e-01, -1.83854168e-01,
         3.40206460e-01,  1.15711402e+00, -8.73322290e-01,
         1.78757590e-01, -1.97563325e-01,  1.08996446e+00,
        -5.41806436e-01,  3.06979633e-01, -4.46241775e-01,
        -9.63139782e-02,  1.61163487e-02, -1.72691096e-01],
       [-6.03290492e-01, -1.28590564e-01,  3.25818923e-01,
         3.69556402e-01, -1.68965070e-01,  1.18639901e-01,
         5.08954005e-01, -1.56098565e+00,  8.69300358e-01,
        -5.29412074e-01,  6.94026390e-02, -5.41806436e-01,
         8.68595562e-01, -3.20115173e-02,  3.50516623e-02,
         2.46783808e-01, -1.21561522e-02, -1.18696087e-02],
       [ 2.30935691e-01, -6.91096516e-01,  1.51027064e-01,
         8.87926033e-02,  2.82710339e-01,  1.15630330e-01,
         7.04540640e-01,  2.19649549e-01, -1.92691939e-01,
        -8.26392957e-02, -6.37637923e-01,  3.06979633e-01,
        -3.20115173e-02,  8.33091211e-01, -1.51235277e-01,
         7.04090936e-03,  2.10723542e-01, -2.09222414e-01],
       [-3.15040697e-01, -2.00892377e-02, -4.92627390e-01,
        -4.78127683e-02, -2.22448603e-01,  2.74020837e-01,
        -6.39209046e-01, -5.27642782e-01,  5.04291964e-01,
         4.17935667e-01,  4.67075278e-02, -4.46241775e-01,
         3.50516623e-02, -1.51235277e-01,  7.19636568e-01,
         1.26932754e-03,  4.74752882e-02,  2.58269914e-01],
       [-1.39645631e-01, -4.91954210e-04,  6.54810421e-02,
         9.49113998e-02, -3.60049056e-02,  3.32141968e-02,
         1.02507785e-01, -3.88571371e-01,  2.65534909e-01,
        -1.32913328e-01, -7.22165132e-02, -9.63139782e-02,
         2.46783808e-01,  7.04090936e-03,  1.26932754e-03,
         1.05282747e-01,  3.29820478e-04, -1.06461869e-02],
       [ 7.55595284e-03, -1.56597221e-01, -3.60930186e-02,
         1.11575355e-02,  5.44576713e-02,  4.95139844e-02,
         1.03041360e-01,  2.97184889e-03, -7.64884921e-03,
         6.11649013e-02, -1.51738579e-01,  1.61163487e-02,
        -1.21561522e-02,  2.10723542e-01,  4.74752882e-02,
         3.29820478e-04,  8.80818284e-02, -1.92548677e-02],
       [-1.12712913e-01,  1.70377932e-01, -1.71404478e-01,
        -3.96352617e-02, -9.59042325e-02,  4.92103942e-02,
        -2.90954459e-01, -1.00053821e-01,  1.18376482e-01,
         1.43345474e-01,  1.75908441e-01, -1.72691096e-01,
        -1.18696087e-02, -2.09222414e-01,  2.58269914e-01,
        -1.06461869e-02, -1.92548677e-02,  1.55763187e-01]])
      jac: array([-4.22328839e-06, -6.94851584e-06, -3.86616665e-06, -9.16082025e-06,
       -2.13606910e-06, -4.43201031e-06,  6.26091771e-06,  5.73060118e-06,
        4.52637927e-06, -2.55018229e-06, -8.61977156e-06,  1.54913119e-06,
        7.18129260e-06, -1.50213175e-06, -3.32437781e-06, -8.44916729e-06,
       -1.23567823e-06,  1.06955185e-05])
  message: 'Desired error not necessarily achieved due to precision loss.'
     nfev: 1245
      nit: 26
     njev: 65
   status: 2
  success: False
        x: array([ 0.67055904, -0.07663138,  0.50972025,  0.22039448, -1.11066845,
       -0.70684498,  1.27481052, -1.61080982, -0.92989232, -0.97265347,
        0.03260631,  0.61460188,  0.12471458,  0.02746983, -0.47868922,
        0.0795288 ,  1.38708756, -0.77484478])
