Program Begingeth
      fun: 0.3966940045318178
 hess_inv: array([[ 6.05429933e+00,  4.92645820e-01, -1.23532071e-01,
         4.72516867e-02, -8.21946952e-01,  4.60006384e-01,
         1.80750064e+00,  2.52081568e-02, -1.07764159e+00,
        -1.01191989e+00, -1.04855143e+00, -1.81588806e-01,
        -1.61253820e+00, -2.75555163e-01,  3.26743580e-01,
         1.07983525e+00,  6.95476621e-01, -4.02587002e-01],
       [ 4.92645820e-01,  1.52164795e+00,  1.13881990e-01,
         2.04905203e-01,  1.34092703e-02,  4.80587845e-02,
         4.44443063e-01,  1.39693316e-01, -8.03997484e-01,
         2.41576674e-01, -5.52544007e-01, -9.52899573e-01,
        -1.06415776e-01, -2.22025709e-01,  2.47040140e-01,
        -2.58253311e-02,  3.95808051e-01, -2.52221709e-02],
       [-1.23532071e-01,  1.13881990e-01,  1.17280862e+00,
         6.69740026e-02,  1.07326218e-01,  8.64952028e-02,
         9.01332489e-01,  8.03665119e-01,  1.84558142e-01,
        -3.36464428e-02,  5.74508008e-01, -4.02230772e-01,
         7.54171780e-02, -1.12186441e-01, -1.13263150e-01,
         1.52636989e-02,  1.18024573e-02,  2.98592222e-01],
       [ 4.72516867e-02,  2.04905203e-01,  6.69740026e-02,
         1.19847109e-01,  3.02905896e-02,  2.69910587e-02,
         5.45818099e-01,  9.13874896e-02, -2.30789235e-01,
         4.30500903e-02, -1.67741815e-01, -1.19729226e-01,
         5.90555085e-02, -2.26149595e-03,  6.09092347e-02,
         1.48585588e-02,  3.09066127e-02,  2.82735495e-02],
       [-8.21946952e-01,  1.34092703e-02,  1.07326218e-01,
         3.02905896e-02,  1.99136934e-01, -7.16547850e-02,
        -8.90789692e-02,  5.28844013e-01,  8.60372301e-02,
         3.16625300e-02,  4.90386950e-02, -2.13114546e-03,
         2.79545206e-01,  8.93639888e-02, -5.46920925e-02,
        -1.28739660e-01, -7.25765919e-02,  9.27856899e-02],
       [ 4.60006384e-01,  4.80587845e-02,  8.64952028e-02,
         2.69910587e-02, -7.16547850e-02,  1.91042402e-01,
         6.40763898e-01, -3.40393538e-01,  1.01131511e-01,
         3.15464642e-01, -2.00625759e-01,  2.61101129e-02,
        -2.31081183e-01,  1.54576085e-02,  1.28592838e-01,
         6.37409820e-02,  5.44454496e-02, -1.39484520e-02],
       [ 1.80750064e+00,  4.44443063e-01,  9.01332489e-01,
         5.45818099e-01, -8.90789692e-02,  6.40763898e-01,
         5.91279101e+00, -9.88283685e-02, -9.22988831e-01,
         5.86566808e-01, -9.40372120e-01,  1.81785743e-01,
        -5.15516107e-01,  1.19944237e-01,  3.75311940e-01,
         3.18732771e-01,  2.48810033e-01,  1.34780763e-01],
       [ 2.52081568e-02,  1.39693316e-01,  8.03665119e-01,
         9.13874896e-02,  5.28844013e-01, -3.40393538e-01,
        -9.88283685e-02,  5.76567837e+00, -9.58708446e-02,
        -2.13308718e+00, -3.31382775e-01, -5.92920579e-01,
         6.15018558e-01,  1.93905578e-01, -2.81170515e-01,
         9.67740372e-02,  6.03145584e-02,  3.55999788e-01],
       [-1.07764159e+00, -8.03997484e-01,  1.84558142e-01,
        -2.30789235e-01,  8.60372301e-02,  1.01131511e-01,
        -9.22988831e-01, -9.58708446e-02,  2.86474292e+00,
        -1.11876128e-01,  8.63089947e-01, -5.35276544e-02,
         1.89671895e-01,  6.16239796e-02, -9.86141137e-02,
        -1.63078495e-01, -2.38132986e-01,  8.31232469e-02],
       [-1.01191989e+00,  2.41576674e-01, -3.36464428e-02,
         4.30500903e-02,  3.16625300e-02,  3.15464642e-01,
         5.86566808e-01, -2.13308718e+00, -1.11876128e-01,
         2.50109047e+00,  2.46996512e-02,  1.87673740e-01,
        -2.97166440e-01, -8.77640405e-03,  2.05030044e-01,
        -2.47400103e-01, -1.04500347e-01, -1.21637674e-01],
       [-1.04855143e+00, -5.52544007e-01,  5.74508008e-01,
        -1.67741815e-01,  4.90386950e-02, -2.00625759e-01,
        -9.40372120e-01, -3.31382775e-01,  8.63089947e-01,
         2.46996512e-02,  1.80877072e+00, -6.10795602e-02,
         2.51875919e-01, -2.57389510e-01, -4.16884510e-01,
        -1.05529179e-01, -2.28612114e-01,  8.49681396e-02],
       [-1.81588806e-01, -9.52899573e-01, -4.02230772e-01,
        -1.19729226e-01, -2.13114546e-03,  2.61101129e-02,
         1.81785743e-01, -5.92920579e-01, -5.35276544e-02,
         1.87673740e-01, -6.10795602e-02,  1.32959891e+00,
        -6.02281400e-02,  2.96875360e-01, -1.44408348e-01,
         4.24484970e-02, -2.01226042e-01, -6.89603270e-02],
       [-1.61253820e+00, -1.06415776e-01,  7.54171780e-02,
         5.90555085e-02,  2.79545206e-01, -2.31081183e-01,
        -5.15516107e-01,  6.15018558e-01,  1.89671895e-01,
        -2.97166440e-01,  2.51875919e-01, -6.02281400e-02,
         6.58490481e-01,  8.43093666e-02, -1.34204243e-01,
        -2.38856897e-01, -1.88504028e-01,  1.73597910e-01],
       [-2.75555163e-01, -2.22025709e-01, -1.12186441e-01,
        -2.26149595e-03,  8.93639888e-02,  1.54576085e-02,
         1.19944237e-01,  1.93905578e-01,  6.16239796e-02,
        -8.77640405e-03, -2.57389510e-01,  2.96875360e-01,
         8.43093666e-02,  1.81918385e-01,  1.12672634e-02,
        -3.33126009e-02, -5.68904542e-02,  2.83839948e-02],
       [ 3.26743580e-01,  2.47040140e-01, -1.13263150e-01,
         6.09092347e-02, -5.46920925e-02,  1.28592838e-01,
         3.75311940e-01, -2.81170515e-01, -9.86141137e-02,
         2.05030044e-01, -4.16884510e-01, -1.44408348e-01,
        -1.34204243e-01,  1.12672634e-02,  1.93855850e-01,
         1.70587996e-02,  7.92151343e-02, -2.63523468e-02],
       [ 1.07983525e+00, -2.58253311e-02,  1.52636989e-02,
         1.48585588e-02, -1.28739660e-01,  6.37409820e-02,
         3.18732771e-01,  9.67740372e-02, -1.63078495e-01,
        -2.47400103e-01, -1.05529179e-01,  4.24484970e-02,
        -2.38856897e-01, -3.33126009e-02,  1.70587996e-02,
         2.36599681e-01,  9.17706210e-02, -5.65809304e-02],
       [ 6.95476621e-01,  3.95808051e-01,  1.18024573e-02,
         3.09066127e-02, -7.25765919e-02,  5.44454496e-02,
         2.48810033e-01,  6.03145584e-02, -2.38132986e-01,
        -1.04500347e-01, -2.28612114e-01, -2.01226042e-01,
        -1.88504028e-01, -5.68904542e-02,  7.92151343e-02,
         9.17706210e-02,  1.86047871e-01, -4.13518245e-02],
       [-4.02587002e-01, -2.52221709e-02,  2.98592222e-01,
         2.82735495e-02,  9.27856899e-02, -1.39484520e-02,
         1.34780763e-01,  3.55999788e-01,  8.31232469e-02,
        -1.21637674e-01,  8.49681396e-02, -6.89603270e-02,
         1.73597910e-01,  2.83839948e-02, -2.63523468e-02,
        -5.65809304e-02, -4.13518245e-02,  1.45221682e-01]])
      jac: array([ 7.21644966e-07, -9.80326931e-07,  9.87728418e-07, -2.81626574e-07,
        4.96269692e-07, -3.65892501e-06,  2.36847579e-08,  1.56541446e-07,
        3.23074900e-07,  8.43029350e-07, -1.60612264e-07,  1.43588845e-07,
        1.17350574e-06, -4.35947574e-07,  1.60797301e-06, -1.00290147e-06,
        3.06939659e-06, -1.01585407e-06])
  message: 'Optimization terminated successfully.'
     nfev: 1691
      nit: 80
     njev: 89
   status: 0
  success: True
        x: array([-0.39408402, -0.85796293,  0.31388523,  1.40865723, -0.54528767,
        0.12156776,  1.79845685, -0.45604526,  1.36056409,  0.15364491,
        0.5086312 ,  0.98989625,  0.29970461,  0.07144998, -0.25445597,
       -1.48428345, -1.01719707,  0.0909532 ])
