Program Begingeth
      fun: 0.36147855301248116
 hess_inv: array([[ 8.89440740e-01, -1.23580710e-01,  9.09152486e-02,
        -1.84223474e-01,  1.88305185e-01,  3.78918822e-01,
        -3.57056934e-01,  2.66205715e-01,  2.37333361e-01,
        -7.59041895e-01,  3.36625216e-01,  7.46929566e-01,
        -3.30587996e-01,  7.09122176e-02, -2.52923873e-02,
         4.12464026e-02, -9.90190357e-02, -2.52969728e-01],
       [-1.23580710e-01,  6.02112501e-01, -1.68795828e-01,
         3.11215823e-01, -4.52944353e-02, -4.60388126e-01,
         1.13249900e+00,  6.18194047e-01,  8.50722502e-02,
         1.16157922e+00, -1.53227859e-01, -1.09396638e+00,
         3.80185569e-02, -2.29332364e-01, -2.25610384e-01,
         1.96543192e-02,  1.01678216e-01, -1.12353350e-01],
       [ 9.09152486e-02, -1.68795828e-01,  3.95277815e-01,
        -3.10801394e-01,  6.36610613e-02,  2.81554119e-01,
        -8.40522848e-01, -5.85154123e-01, -2.26096123e-01,
        -1.11045434e+00,  8.45340801e-03,  9.05864090e-01,
         1.84716899e-02,  1.47573285e-01, -3.94857531e-02,
         8.31297308e-02, -2.63206413e-02,  3.77613986e-02],
       [-1.84223474e-01,  3.11215823e-01, -3.10801394e-01,
         7.15625007e-01,  8.21245511e-02, -5.90750664e-01,
         2.21765737e+00,  1.52004780e+00,  8.54635935e-01,
         2.27350874e+00,  2.37731774e-01, -2.07284601e+00,
         1.40274344e-01, -1.30741845e-01, -6.03460524e-02,
         1.76943260e-02,  9.62989601e-02, -5.49081484e-03],
       [ 1.88305185e-01, -4.52944353e-02,  6.36610613e-02,
         8.21245511e-02,  3.60223069e-01,  1.92743528e-02,
         3.60603123e-01,  9.17162859e-01,  4.49406718e-01,
         2.62438469e-02,  8.32952500e-01, -3.86240246e-01,
         2.33441737e-02,  1.32110873e-01,  3.76113264e-02,
         6.89480532e-02,  6.28484964e-03, -1.75188214e-02],
       [ 3.78918822e-01, -4.60388126e-01,  2.81554119e-01,
        -5.90750664e-01,  1.92743528e-02,  8.43830638e-01,
        -2.14070091e+00, -1.40887780e+00, -2.36588090e-01,
        -2.14179826e+00,  1.66710385e-01,  2.53770271e+00,
        -1.27536229e-01,  1.30120659e-01,  1.95573509e-01,
        -8.01929627e-03, -1.85819860e-01,  3.41253686e-02],
       [-3.57056934e-01,  1.13249900e+00, -8.40522848e-01,
         2.21765737e+00,  3.60603123e-01, -2.14070091e+00,
         8.41788613e+00,  5.13999515e+00,  2.62560610e+00,
         6.75806607e+00,  6.58005688e-01, -7.41422986e+00,
         3.40459862e-01, -3.51646363e-01, -4.50766494e-01,
         9.52146435e-02,  3.30366934e-01, -1.98120095e-01],
       [ 2.66205715e-01,  6.18194047e-01, -5.85154123e-01,
         1.52004780e+00,  9.17162859e-01, -1.40887780e+00,
         5.13999515e+00,  8.03894499e+00,  2.49256782e+00,
         5.79423475e+00,  1.63067205e+00, -6.45653966e+00,
        -2.52290308e-01,  1.20340595e-01, -2.02993022e-02,
        -1.36652696e-02,  5.20401753e-01, -1.87617833e-01],
       [ 2.37333361e-01,  8.50722502e-02, -2.26096123e-01,
         8.54635935e-01,  4.49406718e-01, -2.36588090e-01,
         2.62560610e+00,  2.49256782e+00,  2.73591609e+00,
         2.36128155e+00,  1.30732317e+00, -1.97734574e+00,
         7.37482085e-02, -3.37901181e-02,  6.28375136e-02,
         3.56153480e-02,  1.97550207e-02, -6.75752302e-02],
       [-7.59041895e-01,  1.16157922e+00, -1.11045434e+00,
         2.27350874e+00,  2.62438469e-02, -2.14179826e+00,
         6.75806607e+00,  5.79423475e+00,  2.36128155e+00,
         8.50056504e+00,  3.21439567e-02, -7.41978177e+00,
         1.45165740e-01, -4.17871370e-01, -2.03837186e-01,
        -1.01839981e-01,  6.02317052e-01, -2.98392710e-02],
       [ 3.36625216e-01, -1.53227859e-01,  8.45340801e-03,
         2.37731774e-01,  8.32952500e-01,  1.66710385e-01,
         6.58005688e-01,  1.63067205e+00,  1.30732317e+00,
         3.21439567e-02,  2.35185600e+00, -5.19896367e-01,
         1.23324930e-01,  2.32093103e-01,  2.08106936e-01,
         1.08045000e-01, -3.55513056e-02,  2.15966417e-02],
       [ 7.46929566e-01, -1.09396638e+00,  9.05864090e-01,
        -2.07284601e+00, -3.86240246e-01,  2.53770271e+00,
        -7.41422986e+00, -6.45653966e+00, -1.97734574e+00,
        -7.41978177e+00, -5.19896367e-01,  8.94366198e+00,
        -2.21507857e-01,  1.42657535e-01,  3.87195720e-01,
        -1.05300864e-02, -6.45875578e-01,  1.38267403e-01],
       [-3.30587996e-01,  3.80185569e-02,  1.84716899e-02,
         1.40274344e-01,  2.33441737e-02, -1.27536229e-01,
         3.40459862e-01, -2.52290308e-01,  7.37482085e-02,
         1.45165740e-01,  1.23324930e-01, -2.21507857e-01,
         2.75646086e-01, -2.66820775e-02, -6.79359164e-03,
         7.64264310e-02, -3.48092660e-02,  1.15037888e-01],
       [ 7.09122176e-02, -2.29332364e-01,  1.47573285e-01,
        -1.30741845e-01,  1.32110873e-01,  1.30120659e-01,
        -3.51646363e-01,  1.20340595e-01, -3.37901181e-02,
        -4.17871370e-01,  2.32093103e-01,  1.42657535e-01,
        -2.66820775e-02,  1.92599578e-01,  6.70984644e-02,
         1.88871827e-02,  3.53237042e-02,  4.08275228e-02],
       [-2.52923873e-02, -2.25610384e-01, -3.94857531e-02,
        -6.03460524e-02,  3.76113264e-02,  1.95573509e-01,
        -4.50766494e-01, -2.02993022e-02,  6.28375136e-02,
        -2.03837186e-01,  2.08106936e-01,  3.87195720e-01,
        -6.79359164e-03,  6.70984644e-02,  1.92007269e-01,
        -4.61847814e-02, -2.74171724e-02,  1.01918962e-01],
       [ 4.12464026e-02,  1.96543192e-02,  8.31297308e-02,
         1.76943260e-02,  6.89480532e-02, -8.01929627e-03,
         9.52146435e-02, -1.36652696e-02,  3.56153480e-02,
        -1.01839981e-01,  1.08045000e-01, -1.05300864e-02,
         7.64264310e-02,  1.88871827e-02, -4.61847814e-02,
         8.69756801e-02, -2.31016429e-02, -6.63287723e-03],
       [-9.90190357e-02,  1.01678216e-01, -2.63206413e-02,
         9.62989601e-02,  6.28484964e-03, -1.85819860e-01,
         3.30366934e-01,  5.20401753e-01,  1.97550207e-02,
         6.02317052e-01, -3.55513056e-02, -6.45875578e-01,
        -3.48092660e-02,  3.53237042e-02, -2.74171724e-02,
        -2.31016429e-02,  1.38806193e-01,  4.79979349e-03],
       [-2.52969728e-01, -1.12353350e-01,  3.77613986e-02,
        -5.49081484e-03, -1.75188214e-02,  3.41253686e-02,
        -1.98120095e-01, -1.87617833e-01, -6.75752302e-02,
        -2.98392710e-02,  2.15966417e-02,  1.38267403e-01,
         1.15037888e-01,  4.08275228e-02,  1.01918962e-01,
        -6.63287723e-03,  4.79979349e-03,  1.55463820e-01]])
      jac: array([-1.52096854e-05, -5.21656792e-06, -4.15593486e-06,  2.16563804e-05,
        2.25512202e-05,  8.18456414e-06, -1.16129328e-06, -2.11978583e-06,
        1.27194551e-06, -5.17474952e-06, -5.56517795e-06, -2.15420274e-06,
       -3.65659355e-05, -1.70978047e-05, -5.17363930e-06,  2.80605169e-05,
        5.81534820e-06,  1.07458487e-05])
  message: 'Desired error not necessarily achieved due to precision loss.'
     nfev: 2137
      nit: 66
     njev: 112
   status: 2
  success: False
        x: array([ 0.04996323,  0.17502458,  0.7830834 ,  1.17601113, -1.27123192,
       -0.27594086,  2.10801678, -1.18808359, -1.33857418,  0.85081413,
       -1.83469192, -0.57879019,  0.10813854, -0.05092261, -0.37140682,
       -1.14593189, -0.50734318,  0.00973355])
