Program Begingeth
      fun: 0.20266288886164072
 hess_inv: array([[ 8.59612306e-01, -4.78117875e-02,  2.65329884e-02,
        -4.85429999e-03,  1.82427554e-01,  3.97486695e-01,
        -9.66534749e-02, -2.22945080e-01,  1.07710754e+00,
         1.01566609e-01,  7.53104983e-01,  5.91248584e-01,
        -3.69898139e-01,  2.86787203e-02,  3.95116060e-02,
         6.07405981e-03, -2.71355861e-02, -1.94591979e-01],
       [-4.78117875e-02,  3.19668855e-01, -5.19712368e-02,
        -3.90211227e-02, -1.59313915e-02, -3.54848633e-01,
         2.92270894e-01,  3.31724523e-01, -1.33422611e+00,
        -2.14548140e-01, -2.37518747e-01, -6.09403976e-01,
         2.40874009e-02, -9.11295131e-02, -1.55923233e-01,
         2.24943650e-02,  3.61293031e-02, -7.41439718e-02],
       [ 2.65329884e-02, -5.19712368e-02,  1.96467411e-01,
         5.15144968e-02,  1.28717105e-01,  1.56880568e-01,
        -7.65060341e-02,  2.03783249e-01,  7.47088510e-01,
         2.51379453e-01,  3.07293402e-01,  2.93521069e-01,
         1.59409808e-02,  8.08959095e-02, -2.00296295e-02,
         3.86395941e-02,  2.09279823e-02,  2.98332955e-02],
       [-4.85429999e-03, -3.90211227e-02,  5.15144968e-02,
         4.13604728e-01,  1.05826831e-01,  2.61415382e-01,
         2.32650276e-01, -1.16076675e-01,  1.77595330e+00,
         1.25922825e+00,  3.48124390e-01,  6.05508112e-01,
         1.62711469e-01,  3.68163641e-03,  2.13414108e-03,
         6.65372482e-02, -6.80992296e-02,  2.77487760e-02],
       [ 1.82427554e-01, -1.59313915e-02,  1.28717105e-01,
         1.05826831e-01,  2.37756145e-01,  2.51960912e-01,
        -1.25523841e-01,  2.97391819e-01,  1.33866837e+00,
         4.91108987e-01,  6.74447554e-01,  4.12060558e-01,
        -4.81522989e-02,  7.54432458e-02,  3.17272948e-04,
         3.31867391e-02,  6.94044639e-03, -1.98364437e-02],
       [ 3.97486695e-01, -3.54848633e-01,  1.56880568e-01,
         2.61415382e-01,  2.51960912e-01,  9.73063972e-01,
        -8.93299104e-01, -5.48405282e-01,  4.26579743e+00,
         1.25524285e+00,  1.22391755e+00,  1.82844707e+00,
        -1.25319987e-01,  1.07248463e-01,  2.08758146e-01,
        -4.59240325e-03, -7.46378976e-02,  6.95434934e-03],
       [-9.66534749e-02,  2.92270894e-01, -7.65060341e-02,
         2.32650276e-01, -1.25523841e-01, -8.93299104e-01,
         3.20385111e+00,  1.80236631e-01, -3.87636433e+00,
        -5.55033784e-01, -1.00617721e+00, -1.87168016e+00,
         2.68497992e-01, -2.35712708e-02, -1.74651303e-01,
         1.34755949e-01,  3.36377232e-03,  1.44369927e-05],
       [-2.22945080e-01,  3.31724523e-01,  2.03783249e-01,
        -1.16076675e-01,  2.97391819e-01, -5.48405282e-01,
         1.80236631e-01,  2.49928753e+00, -1.69146195e+00,
        -2.05413616e-01, -7.36749994e-02, -1.05774492e+00,
         4.82039465e-02,  9.16158711e-02, -3.02921079e-01,
         5.76083223e-02,  1.25477866e-01, -3.49947641e-02],
       [ 1.07710754e+00, -1.33422611e+00,  7.47088510e-01,
         1.77595330e+00,  1.33866837e+00,  4.26579743e+00,
        -3.87636433e+00, -1.69146195e+00,  2.17199805e+01,
         7.78748045e+00,  5.75563344e+00,  8.06425679e+00,
        -1.04031743e-01,  4.85184057e-01,  7.49506805e-01,
         6.72541755e-02, -3.12859205e-01,  1.36261326e-01],
       [ 1.01566609e-01, -2.14548140e-01,  2.51379453e-01,
         1.25922825e+00,  4.91108987e-01,  1.25524285e+00,
        -5.55033784e-01, -2.05413616e-01,  7.78748045e+00,
         4.51991624e+00,  1.76499132e+00,  2.73279192e+00,
         3.44437642e-01,  6.16385832e-02,  4.65235825e-02,
         1.47160695e-01, -1.87522176e-01,  6.20638212e-02],
       [ 7.53104983e-01, -2.37518747e-01,  3.07293402e-01,
         3.48124390e-01,  6.74447554e-01,  1.22391755e+00,
        -1.00617721e+00, -7.36749994e-02,  5.75563344e+00,
         1.76499132e+00,  2.50134159e+00,  2.13017585e+00,
        -2.66109698e-01,  1.75755051e-01,  1.77001190e-01,
         3.46761497e-02, -5.19846436e-02, -6.55587031e-02],
       [ 5.91248584e-01, -6.09403976e-01,  2.93521069e-01,
         6.05508112e-01,  4.12060558e-01,  1.82844707e+00,
        -1.87168016e+00, -1.05774492e+00,  8.06425679e+00,
         2.73279192e+00,  2.13017585e+00,  3.74117655e+00,
        -1.10618060e-01,  1.28398932e-01,  3.25208819e-01,
         1.29989992e-02, -1.78859639e-01,  1.59198433e-02],
       [-3.69898139e-01,  2.40874009e-02,  1.59409808e-02,
         1.62711469e-01, -4.81522989e-02, -1.25319987e-01,
         2.68497992e-01,  4.82039465e-02, -1.04031743e-01,
         3.44437642e-01, -2.66109698e-01, -1.10618060e-01,
         2.55595728e-01, -1.45790645e-02, -3.08408079e-02,
         5.21131020e-02, -1.85473484e-02,  9.55823687e-02],
       [ 2.86787203e-02, -9.11295131e-02,  8.08959095e-02,
         3.68163641e-03,  7.54432458e-02,  1.07248463e-01,
        -2.35712708e-02,  9.16158711e-02,  4.85184057e-01,
         6.16385832e-02,  1.75755051e-01,  1.28398932e-01,
        -1.45790645e-02,  8.54674804e-02,  3.00771332e-02,
         8.65964106e-03,  2.57471582e-02,  2.71446979e-02],
       [ 3.95116060e-02, -1.55923233e-01, -2.00296295e-02,
         2.13414108e-03,  3.17272948e-04,  2.08758146e-01,
        -1.74651303e-01, -3.02921079e-01,  7.49506805e-01,
         4.65235825e-02,  1.77001190e-01,  3.25208819e-01,
        -3.08408079e-02,  3.00771332e-02,  1.24517822e-01,
        -2.60245472e-02, -2.26500349e-02,  4.49554471e-02],
       [ 6.07405981e-03,  2.24943650e-02,  3.86395941e-02,
         6.65372482e-02,  3.31867391e-02, -4.59240325e-03,
         1.34755949e-01,  5.76083223e-02,  6.72541755e-02,
         1.47160695e-01,  3.46761497e-02,  1.29989992e-02,
         5.21131020e-02,  8.65964106e-03, -2.60245472e-02,
         4.52969061e-02, -4.57624602e-03,  2.74722845e-03],
       [-2.71355861e-02,  3.61293031e-02,  2.09279823e-02,
        -6.80992296e-02,  6.94044639e-03, -7.46378976e-02,
         3.36377232e-03,  1.25477866e-01, -3.12859205e-01,
        -1.87522176e-01, -5.19846436e-02, -1.78859639e-01,
        -1.85473484e-02,  2.57471582e-02, -2.26500349e-02,
        -4.57624602e-03,  4.43314723e-02, -1.33744032e-03],
       [-1.94591979e-01, -7.41439718e-02,  2.98332955e-02,
         2.77487760e-02, -1.98364437e-02,  6.95434934e-03,
         1.44369926e-05, -3.49947641e-02,  1.36261326e-01,
         6.20638212e-02, -6.55587031e-02,  1.59198433e-02,
         9.55823687e-02,  2.71446979e-02,  4.49554471e-02,
         2.74722845e-03, -1.33744032e-03,  8.98163122e-02]])
      jac: array([-1.04943831e-04,  1.51650359e-04,  7.51491462e-05,  2.92303219e-06,
       -6.69958533e-04,  3.46305762e-04,  1.87363088e-05,  9.23777721e-05,
       -1.79295467e-05,  1.80326124e-05,  1.41994564e-04, -1.19159682e-04,
       -1.20812249e-04,  2.38947380e-04,  1.59555517e-04,  2.55092614e-04,
       -1.72711660e-04, -1.34590857e-04])
  message: 'Maximum number of iterations has been exceeded.'
     nfev: 2185
      nit: 100
     njev: 115
   status: 1
  success: False
        x: array([ 0.05775786,  0.31819342,  0.77082217,  1.6172802 , -0.59455702,
       -0.13263854,  2.53451254, -0.30036206,  0.346555  ,  1.97111261,
       -0.63036017, -0.66630116,  0.14646182,  0.20731507, -0.29012861,
       -1.19859448, -0.23068836,  0.05052493])
