Program Begingeth
      fun: 0.30245813938203664
 hess_inv: array([[ 5.38890061e+00,  1.83639694e-01,  9.87409514e-01,
         2.63914854e+00,  1.13240513e-01, -3.25047109e-01,
         6.80671167e+00,  1.17719328e+00, -5.35108787e+00,
         6.76469415e-01,  7.30328585e-01, -6.05191737e-01,
        -1.96062554e-01, -3.37859334e-01, -2.00262946e-01,
         5.87046619e-02, -1.85389166e-01,  5.41096448e-02],
       [ 1.83639694e-01,  1.73854835e+00, -1.34098764e-01,
         1.45584963e-01,  8.57963364e-01, -1.52251963e-01,
         8.51041388e-01,  7.50899480e-01,  1.42875306e+00,
         6.21050862e-01,  4.27705722e-01, -3.40363920e-03,
        -1.92995077e-01,  2.11440175e-02, -1.71750928e-01,
        -9.74257172e-02,  6.10535224e-02,  3.35437702e-02],
       [ 9.87409514e-01, -1.34098764e-01,  1.65878846e+00,
         5.82775120e-01, -1.16748465e-01,  6.43419875e-01,
         1.70969246e+00, -1.88629891e+00, -1.37948294e+00,
         2.37807276e-01, -6.07735725e-02,  2.10172384e-01,
        -5.55297226e-03,  1.24946450e-01,  4.48515990e-02,
        -1.46450862e-02,  5.74394516e-02,  7.39711045e-02],
       [ 2.63914854e+00,  1.45584963e-01,  5.82775120e-01,
         1.31623150e+00,  8.43632099e-02, -1.17163585e-01,
         3.58630074e+00,  4.64032086e-01, -2.52562383e+00,
         3.39961239e-01,  4.00760207e-01, -2.64511503e-01,
        -9.62746129e-02, -1.55840958e-01, -1.11967245e-01,
         2.33626523e-02, -8.21574027e-02,  2.57998925e-02],
       [ 1.13240513e-01,  8.57963364e-01, -1.16748465e-01,
         8.43632099e-02,  4.76249875e-01, -1.26405735e-01,
         1.09692365e+00,  9.62329799e-01,  7.23666170e-01,
         2.92977133e-01,  2.84092367e-01, -6.28439308e-02,
        -1.50849613e-01, -1.66039276e-02, -9.51945052e-02,
        -6.90044543e-02, -1.68672250e-03,  2.61869741e-02],
       [-3.25047109e-01, -1.52251963e-01,  6.43419875e-01,
        -1.17163585e-01, -1.26405735e-01,  3.93668286e-01,
        -7.22555048e-01, -1.33562435e+00,  2.27099749e-01,
        -7.54724840e-02, -1.96475272e-01,  2.06793614e-01,
         9.17918844e-02,  1.30407208e-01,  6.71520398e-02,
         6.37420061e-03,  8.09115497e-02,  1.04792452e-02],
       [ 6.80671167e+00,  8.51041388e-01,  1.70969246e+00,
         3.58630074e+00,  1.09692365e+00, -7.22555048e-01,
         2.24760698e+01,  7.49619941e+00, -6.39330142e+00,
         1.11805860e+00,  2.27363947e+00, -1.25340694e+00,
        -1.29415750e+00, -8.63025702e-01, -4.73456811e-01,
        -3.45757339e-01, -8.43884063e-01,  3.43866035e-01],
       [ 1.17719328e+00,  7.50899480e-01, -1.88629891e+00,
         4.64032086e-01,  9.62329799e-01, -1.33562435e+00,
         7.49619941e+00,  1.03598510e+01,  5.22506456e-01,
         3.20531118e-01,  1.09084740e+00, -1.63172846e+00,
        -6.88350179e-01, -6.20214973e-01, -1.37141994e-01,
        -9.58023187e-02, -4.53363344e-01,  1.01901227e-01],
       [-5.35108787e+00,  1.42875306e+00, -1.37948294e+00,
        -2.52562383e+00,  7.23666170e-01,  2.27099749e-01,
        -6.39330142e+00,  5.22506456e-01,  1.04559816e+01,
        -6.02934975e-01,  5.92158705e-01,  1.56659865e-01,
         2.04880663e-01,  1.81808127e-01, -6.68048469e-02,
        -1.19518337e-01,  3.11935316e-01, -1.67528931e-01],
       [ 6.76469415e-01,  6.21050862e-01,  2.37807276e-01,
         3.39961239e-01,  2.92977133e-01, -7.54724840e-02,
         1.11805860e+00,  3.20531118e-01, -6.02934975e-01,
         1.31001883e+00,  2.56109906e-02, -1.65850197e-02,
        -3.38622395e-01,  2.02937061e-02,  4.89320173e-02,
        -4.46636323e-02,  2.16771990e-02,  2.54257897e-01],
       [ 7.30328585e-01,  4.27705722e-01, -6.07735725e-02,
         4.00760207e-01,  2.84092367e-01, -1.96475272e-01,
         2.27363947e+00,  1.09084740e+00,  5.92158705e-01,
         2.56109906e-02,  9.63580318e-01, -2.60158046e-01,
        -1.06464734e-01, -2.25523879e-01, -2.09175737e-01,
        -5.84341075e-02, -6.35025714e-02, -8.17866012e-02],
       [-6.05191737e-01, -3.40363920e-03,  2.10172384e-01,
        -2.64511503e-01, -6.28439308e-02,  2.06793614e-01,
        -1.25340694e+00, -1.63172846e+00,  1.56659865e-01,
        -1.65850197e-02, -2.60158046e-01,  5.92280756e-01,
         4.34264881e-02,  1.74991876e-01, -1.51570223e-02,
        -5.10857944e-02,  9.99032978e-02,  1.22606727e-02],
       [-1.96062554e-01, -1.92995077e-01, -5.55297226e-03,
        -9.62746129e-02, -1.50849613e-01,  9.17918844e-02,
        -1.29415750e+00, -6.88350179e-01,  2.04880663e-01,
        -3.38622395e-01, -1.06464734e-01,  4.34264881e-02,
         1.96071164e-01,  4.06149344e-02,  8.10318540e-03,
         6.74009114e-02,  5.66422863e-02, -8.71154767e-02],
       [-3.37859334e-01,  2.11440175e-02,  1.24946450e-01,
        -1.55840958e-01, -1.66039276e-02,  1.30407208e-01,
        -8.63025702e-01, -6.20214973e-01,  1.81808127e-01,
         2.02937061e-02, -2.25523879e-01,  1.74991876e-01,
         4.06149344e-02,  1.20804493e-01,  3.77605771e-02,
         2.45931400e-04,  7.67815326e-02,  1.76565614e-02],
       [-2.00262946e-01, -1.71750928e-01,  4.48515990e-02,
        -1.11967245e-01, -9.51945052e-02,  6.71520398e-02,
        -4.73456811e-01, -1.37141994e-01, -6.68048469e-02,
         4.89320173e-02, -2.09175737e-01, -1.51570223e-02,
         8.10318540e-03,  3.77605771e-02,  9.50924827e-02,
         2.09102984e-02,  6.19602090e-03,  5.42730051e-02],
       [ 5.87046619e-02, -9.74257172e-02, -1.46450862e-02,
         2.33626523e-02, -6.90044543e-02,  6.37420061e-03,
        -3.45757339e-01, -9.58023187e-02, -1.19518337e-01,
        -4.46636323e-02, -5.84341075e-02, -5.10857944e-02,
         6.74009114e-02,  2.45931400e-04,  2.09102984e-02,
         5.29484178e-02,  1.14831815e-02, -1.54354069e-02],
       [-1.85389166e-01,  6.10535224e-02,  5.74394516e-02,
        -8.21574027e-02, -1.68672250e-03,  8.09115497e-02,
        -8.43884063e-01, -4.53363344e-01,  3.11935316e-01,
         2.16771990e-02, -6.35025714e-02,  9.99032978e-02,
         5.66422863e-02,  7.67815326e-02,  6.19602090e-03,
         1.14831815e-02,  8.54348884e-02, -8.56682887e-03],
       [ 5.41096448e-02,  3.35437702e-02,  7.39711045e-02,
         2.57998925e-02,  2.61869741e-02,  1.04792452e-02,
         3.43866035e-01,  1.01901227e-01, -1.67528931e-01,
         2.54257897e-01, -8.17866012e-02,  1.22606727e-02,
        -8.71154767e-02,  1.76565614e-02,  5.42730051e-02,
        -1.54354069e-02, -8.56682887e-03,  9.43890140e-02]])
      jac: array([-6.00038537e-06,  5.19214301e-07, -5.69914486e-07,  1.65719290e-05,
        1.14871076e-06, -4.78728168e-06, -4.59262258e-07,  2.47579735e-07,
        6.00630656e-07,  2.98020867e-06,  5.76945899e-06,  1.36483417e-06,
        9.26259069e-06,  1.69945539e-05,  2.95067674e-05, -1.85170398e-05,
       -1.51671268e-05, -2.27621625e-05])
  message: 'Desired error not necessarily achieved due to precision loss.'
     nfev: 1931
      nit: 65
     njev: 101
   status: 2
  success: False
        x: array([-1.78278888, -1.09946704,  0.62229666, -1.60727346, -1.15714644,
        0.33084497, -0.57141256, -1.54400863,  0.94615316,  0.0777192 ,
        0.44593099,  1.15709144,  0.13565244,  0.20163594, -0.23463625,
        1.47037472, -0.18920542,  0.02067872])
