Program Begingeth
      fun: 0.36762017276035763
 hess_inv: array([[ 3.07052792e+00, -4.06887381e-01,  2.29886070e+00,
         8.64071100e-01, -3.40131306e-01,  8.38381323e-01,
         1.67531782e+00,  1.15803503e-01, -1.42488626e+00,
        -2.37125879e-01,  6.84171762e-01, -3.79757151e-01,
        -3.28033076e-01, -2.12473595e-01, -3.29844330e-02,
         2.13187583e-01,  1.63735370e-01, -1.26955388e-01],
       [-4.06887381e-01,  1.86423960e+00, -3.70785731e-01,
         1.69654085e-02,  6.92588540e-01, -1.15694000e-01,
        -1.91502809e-01, -2.47889122e-01, -1.29723816e-01,
         9.33101558e-02, -3.58373688e-01, -6.19189302e-01,
         1.51580317e-01,  1.94065746e-03,  1.86065201e-01,
        -3.45201806e-02, -4.55059172e-03, -1.27319406e-03],
       [ 2.29886070e+00, -3.70785731e-01,  3.75342186e+00,
         6.01470717e-01, -2.87230015e-01,  1.28560605e+00,
         2.18074278e+00, -1.81352502e+00,  1.74390093e-01,
         3.19946170e-01,  9.83567959e-01, -4.93138822e-01,
        -4.40557466e-01, -3.13724908e-01, -1.60482129e-01,
         1.86060397e-01, -1.21257884e-01,  4.04167205e-02],
       [ 8.64071100e-01,  1.69654085e-02,  6.01470717e-01,
         2.78458201e-01, -4.53016508e-02,  2.18511401e-01,
         5.34579133e-01,  8.79353457e-02, -4.25259213e-01,
        -1.06083642e-01,  1.43943229e-01, -1.74204543e-01,
        -3.79184595e-02, -6.01003118e-02,  2.01635538e-02,
         8.54841683e-02,  4.14493213e-02, -2.01916550e-02],
       [-3.40131306e-01,  6.92588540e-01, -2.87230015e-01,
        -4.53016508e-02,  2.91395158e-01, -9.58886888e-02,
        -1.29430596e-01, -9.14696630e-02,  7.88595000e-03,
         5.62294552e-02, -1.82334618e-01, -1.54571038e-01,
         8.77029336e-02,  4.13002600e-02,  6.54842171e-02,
        -5.16507950e-03, -5.55339376e-03,  9.96380432e-03],
       [ 8.38381323e-01, -1.15694000e-01,  1.28560605e+00,
         2.18511401e-01, -9.58886888e-02,  4.81630700e-01,
         7.71557683e-01, -5.71692412e-01,  1.06819034e-02,
         2.14087145e-01,  2.28000333e-01, -1.60395798e-01,
        -1.89797839e-01, -7.89227152e-02, -9.93319435e-03,
         5.58206649e-02, -2.69011562e-02,  1.92746686e-02],
       [ 1.67531782e+00, -1.91502809e-01,  2.18074278e+00,
         5.34579133e-01, -1.29430596e-01,  7.71557683e-01,
         6.16778134e+00,  5.70468990e-01,  9.36288632e-01,
        -2.38350838e-01, -1.48099639e-01, -1.03139889e-01,
         1.06265005e-02,  6.87142339e-03,  2.09749499e-01,
         7.65322647e-01,  9.65382312e-02,  5.39645477e-01],
       [ 1.15803503e-01, -2.47889122e-01, -1.81352502e+00,
         8.79353457e-02, -9.14696630e-02, -5.71692412e-01,
         5.70468990e-01,  5.37898004e+00,  2.09628279e-01,
        -9.29005873e-01, -6.22859067e-01,  3.75838761e-01,
         3.26099226e-01,  2.38316464e-01,  2.97444752e-01,
         1.68475640e-01,  6.36279198e-01,  2.82228115e-01],
       [-1.42488626e+00, -1.29723816e-01,  1.74390093e-01,
        -4.25259213e-01,  7.88595000e-03,  1.06819034e-02,
         9.36288632e-01,  2.09628279e-01,  3.48979155e+00,
        -3.77019538e-02, -2.52336223e-01,  2.55806902e-01,
         1.72863782e-01,  1.28255967e-03,  1.18637356e-02,
         8.52681820e-02, -1.42723253e-01,  5.14622982e-01],
       [-2.37125879e-01,  9.33101558e-02,  3.19946170e-01,
        -1.06083642e-01,  5.62294552e-02,  2.14087145e-01,
        -2.38350838e-01, -9.29005873e-01, -3.77019538e-02,
         1.05599898e+00,  2.51564943e-02, -3.37898387e-03,
        -2.89974958e-01, -5.39725732e-03, -1.93315993e-02,
        -9.43028425e-02, -1.08240899e-01, -1.41581572e-01],
       [ 6.84171762e-01, -3.58373688e-01,  9.83567959e-01,
         1.43943229e-01, -1.82334618e-01,  2.28000333e-01,
        -1.48099639e-01, -6.22859067e-01, -2.52336223e-01,
         2.51564943e-02,  1.12335900e+00, -1.03972558e-01,
        -1.45481605e-01, -2.75602230e-01, -2.84993422e-01,
        -1.60098082e-02, -5.74230490e-02, -2.04885366e-01],
       [-3.79757151e-01, -6.19189302e-01, -4.93138822e-01,
        -1.74204543e-01, -1.54571038e-01, -1.60395798e-01,
        -1.03139889e-01,  3.75838761e-01,  2.55806902e-01,
        -3.37898387e-03, -1.03972558e-01,  6.47735217e-01,
         1.16344967e-02,  1.32899873e-01, -9.21618392e-02,
         2.67394528e-02,  4.94744336e-02,  3.06318165e-02],
       [-3.28033076e-01,  1.51580317e-01, -4.40557466e-01,
        -3.79184595e-02,  8.77029336e-02, -1.89797839e-01,
         1.06265005e-02,  3.26099226e-01,  1.72863782e-01,
        -2.89974958e-01, -1.45481605e-01,  1.16344967e-02,
         2.00392448e-01,  3.76617971e-02,  3.84217006e-02,
         5.74196565e-02,  4.22202015e-03,  8.03185471e-02],
       [-2.12473595e-01,  1.94065746e-03, -3.13724908e-01,
        -6.01003118e-02,  4.13002600e-02, -7.89227152e-02,
         6.87142339e-03,  2.38316464e-01,  1.28255967e-03,
        -5.39725732e-03, -2.75602230e-01,  1.32899873e-01,
         3.76617971e-02,  1.16904988e-01,  5.40373368e-02,
         1.25562908e-02,  4.55020492e-02,  4.57296911e-02],
       [-3.29844330e-02,  1.86065201e-01, -1.60482129e-01,
         2.01635538e-02,  6.54842171e-02, -9.93319435e-03,
         2.09749499e-01,  2.97444752e-01,  1.18637356e-02,
        -1.93315993e-02, -2.84993422e-01, -9.21618392e-02,
         3.84217006e-02,  5.40373368e-02,  1.31995259e-01,
         2.03062481e-02,  3.21373137e-02,  7.71383188e-02],
       [ 2.13187583e-01, -3.45201806e-02,  1.86060397e-01,
         8.54841683e-02, -5.16507950e-03,  5.58206649e-02,
         7.65322647e-01,  1.68475640e-01,  8.52681820e-02,
        -9.43028425e-02, -1.60098082e-02,  2.67394528e-02,
         5.74196565e-02,  1.25562908e-02,  2.03062481e-02,
         1.35342823e-01,  1.84102470e-02,  7.44833841e-02],
       [ 1.63735370e-01, -4.55059172e-03, -1.21257884e-01,
         4.14493213e-02, -5.55339376e-03, -2.69011562e-02,
         9.65382312e-02,  6.36279198e-01, -1.42723253e-01,
        -1.08240899e-01, -5.74230490e-02,  4.94744336e-02,
         4.22202015e-03,  4.55020492e-02,  3.21373137e-02,
         1.84102470e-02,  1.14987485e-01,  1.28390315e-02],
       [-1.26955388e-01, -1.27319406e-03,  4.04167205e-02,
        -2.01916550e-02,  9.96380432e-03,  1.92746686e-02,
         5.39645477e-01,  2.82228115e-01,  5.14622982e-01,
        -1.41581572e-01, -2.04885366e-01,  3.06318165e-02,
         8.03185471e-02,  4.57296911e-02,  7.71383188e-02,
         7.44833841e-02,  1.28390315e-02,  1.65143603e-01]])
      jac: array([-5.52268231e-04, -1.47835818e-03, -1.34831368e-03, -3.02906367e-03,
       -1.08833498e-03,  3.04900290e-03,  5.64008100e-05,  1.01725295e-04,
        3.86966385e-04,  3.72387306e-05, -9.27005880e-04, -2.12081871e-03,
        1.63205782e-03,  2.04340507e-03, -9.72006549e-04,  3.10023895e-03,
        2.17617406e-04, -5.87755770e-03])
  message: 'Maximum number of iterations has been exceeded.'
     nfev: 2261
      nit: 100
     njev: 119
   status: 1
  success: False
        x: array([ 1.00679623, -0.86357947,  0.12837405,  1.39291672, -0.75640182,
        0.05344175, -1.97200223, -1.05023779, -0.98285118,  0.07489129,
        0.397448  ,  1.07737807,  0.01323573,  0.02298503, -0.25854877,
       -1.42988051, -0.94753443, -0.12195424])
