Program Begingeth
      fun: 0.33228332440918396
 hess_inv: array([[ 4.72937199e-01, -7.66426297e-02, -6.68762465e-02,
        -8.69512735e-03,  1.23080251e-01, -3.01438878e-01,
        -2.92921062e-02,  5.54581292e-01, -1.67061444e+00,
        -1.97123864e-02,  1.97123671e-01,  4.68649382e-01,
        -2.51007952e-01,  3.98896636e-02, -3.45382693e-01,
        -7.81019761e-02, -4.37461187e-02, -1.19997071e-01],
       [-7.66426297e-02,  6.09190651e-01, -6.44603975e-02,
        -2.02107912e-01, -1.64954975e-01, -1.53421571e-01,
        -8.62873189e-01,  8.98012690e-02,  2.09019724e-01,
         1.61201120e-02,  1.23816021e-01, -7.80480631e-02,
        -1.02034201e-01, -5.55552041e-01,  3.64518306e-04,
         1.66376897e-02, -1.59490486e-01,  1.70785037e-01],
       [-6.68762465e-02, -6.44603975e-02,  3.82117474e-01,
         1.07642295e-01,  1.30557970e-01,  2.06347888e-02,
         6.82100239e-01, -4.14240710e-02,  5.61914740e-01,
        -3.61083829e-01, -1.34020361e-01, -1.58046446e-01,
         2.03947391e-01,  2.02217252e-01, -2.32712597e-01,
         5.21017836e-02,  2.11337638e-02, -1.33154280e-01],
       [-8.69512735e-03, -2.02107912e-01,  1.07642295e-01,
         2.99726805e-01, -1.16950483e-02,  2.60121517e-03,
         8.11585197e-01, -7.59322911e-01, -7.78522765e-02,
        -1.11791840e-01,  6.62997474e-02,  1.74343825e-02,
         3.41916122e-01,  1.24122383e-01, -9.44829998e-02,
         1.04766604e-01,  2.30512412e-02, -7.71283261e-02],
       [ 1.23080251e-01, -1.64954975e-01,  1.30557970e-01,
        -1.16950483e-02,  3.08725209e-01,  1.98673609e-02,
         5.37894028e-01,  8.55470228e-01, -5.68218897e-02,
        -1.11124097e-01, -2.01142539e-01,  1.22800320e-01,
        -9.66495247e-02,  4.50901549e-01, -1.42159027e-01,
        -3.15033586e-02,  1.37573274e-01, -1.17700559e-01],
       [-3.01438878e-01, -1.53421571e-01,  2.06347888e-02,
         2.60121517e-03,  1.98673609e-02,  4.72127610e-01,
         3.05758457e-01, -2.01455289e-01,  1.82337679e+00,
         2.26383290e-02, -4.10564344e-01, -2.75718949e-01,
         1.31989712e-01,  2.76377920e-01,  4.52753963e-01,
         4.31396753e-02,  1.28008339e-01,  8.75353768e-02],
       [-2.92921062e-02, -8.62873189e-01,  6.82100239e-01,
         8.11585197e-01,  5.37894028e-01,  3.05758457e-01,
         4.68723434e+00, -5.81549534e-01,  9.57322942e-01,
        -4.47267153e-01, -4.80350310e-01,  8.83706341e-02,
         7.02983013e-01,  1.27392304e+00, -3.32824776e-01,
         1.56477867e-01,  3.46111655e-01, -3.84354355e-01],
       [ 5.54581292e-01,  8.98012690e-02, -4.14240710e-02,
        -7.59322911e-01,  8.55470228e-01, -2.01455289e-01,
        -5.81549534e-01,  5.99537230e+00, -1.47705543e+00,
         1.68009147e-01, -1.01431340e-01,  4.45548706e-01,
        -1.26864098e+00,  4.96149434e-01, -2.03220851e-01,
        -4.09954870e-01,  1.09703830e-01, -2.92774555e-02],
       [-1.67061444e+00,  2.09019724e-01,  5.61914740e-01,
        -7.78522765e-02, -5.68218897e-02,  1.82337679e+00,
         9.57322942e-01, -1.47705543e+00,  1.11154838e+01,
        -5.57071957e-01, -1.84627788e+00, -1.41015996e+00,
         9.36210762e-01,  5.78801828e-01,  1.27259285e+00,
         3.83207549e-01,  3.04385008e-01,  2.21445575e-01],
       [-1.97123864e-02,  1.61201120e-02, -3.61083829e-01,
        -1.11791840e-01, -1.11124097e-01,  2.26383290e-02,
        -4.47267153e-01,  1.68009147e-01, -5.57071957e-01,
         5.36693715e-01,  1.00604505e-01,  6.50153702e-02,
        -2.43451626e-01, -1.30929593e-01,  2.99007596e-01,
        -8.03044181e-02,  2.47983572e-02,  1.45747859e-01],
       [ 1.97123671e-01,  1.23816021e-01, -1.34020361e-01,
         6.62997474e-02, -2.01142539e-01, -4.10564344e-01,
        -4.80350310e-01, -1.01431340e-01, -1.84627788e+00,
         1.00604505e-01,  9.41026188e-01,  1.28547793e-01,
        -7.12010451e-02, -5.91851315e-01, -1.70320968e-01,
        -9.30842499e-02, -2.06100000e-01,  1.15093225e-01],
       [ 4.68649382e-01, -7.80480631e-02, -1.58046446e-01,
         1.74343825e-02,  1.22800320e-01, -2.75718949e-01,
         8.83706341e-02,  4.45548706e-01, -1.41015996e+00,
         6.50153702e-02,  1.28547793e-01,  6.88637453e-01,
        -2.31209786e-01,  7.30016483e-02, -3.59937198e-01,
        -4.77393325e-02, -2.85890517e-02, -1.39787644e-01],
       [-2.51007952e-01, -1.02034201e-01,  2.03947391e-01,
         3.41916122e-01, -9.66495247e-02,  1.31989712e-01,
         7.02983013e-01, -1.26864098e+00,  9.36210762e-01,
        -2.43451626e-01, -7.12010451e-02, -2.31209786e-01,
         6.06778841e-01,  5.77012369e-02,  2.86445537e-03,
         2.28003261e-01,  1.40594224e-02, -4.37670056e-02],
       [ 3.98896636e-02, -5.55552041e-01,  2.02217252e-01,
         1.24122383e-01,  4.50901549e-01,  2.76377920e-01,
         1.27392304e+00,  4.96149434e-01,  5.78801828e-01,
        -1.30929593e-01, -5.91851315e-01,  7.30016483e-02,
         5.77012369e-02,  1.00866291e+00, -3.11923279e-02,
         1.20376729e-02,  3.48158213e-01, -2.30786741e-01],
       [-3.45382693e-01,  3.64518306e-04, -2.32712597e-01,
        -9.44829998e-02, -1.42159027e-01,  4.52753963e-01,
        -3.32824776e-01, -2.03220851e-01,  1.27259285e+00,
         2.99007596e-01, -1.70320968e-01, -3.59937198e-01,
         2.86445537e-03, -3.11923279e-02,  7.54924923e-01,
        -6.05075715e-03,  8.08047673e-02,  3.13291125e-01],
       [-7.81019761e-02,  1.66376897e-02,  5.21017836e-02,
         1.04766604e-01, -3.15033586e-02,  4.31396753e-02,
         1.56477867e-01, -4.09954870e-01,  3.83207549e-01,
        -8.03044181e-02, -9.30842499e-02, -4.77393325e-02,
         2.28003261e-01,  1.20376729e-02, -6.05075715e-03,
         1.22789339e-01,  2.63465427e-03, -1.64066296e-02],
       [-4.37461187e-02, -1.59490486e-01,  2.11337638e-02,
         2.30512412e-02,  1.37573274e-01,  1.28008339e-01,
         3.46111655e-01,  1.09703830e-01,  3.04385008e-01,
         2.47983572e-02, -2.06100000e-01, -2.85890517e-02,
         1.40594224e-02,  3.48158213e-01,  8.08047673e-02,
         2.63465427e-03,  1.60553031e-01, -3.21618833e-02],
       [-1.19997071e-01,  1.70785037e-01, -1.33154280e-01,
        -7.71283261e-02, -1.17700559e-01,  8.75353768e-02,
        -3.84354355e-01, -2.92774555e-02,  2.21445575e-01,
         1.45747859e-01,  1.15093225e-01, -1.39787644e-01,
        -4.37670056e-02, -2.30786741e-01,  3.13291125e-01,
        -1.64066296e-02, -3.21618833e-02,  2.22915692e-01]])
      jac: array([ 4.40795548e-06,  5.80091530e-06,  3.19411164e-06, -2.68488935e-06,
       -6.94999614e-06, -1.64986543e-05,  2.40178248e-07,  6.89818573e-07,
        1.72787710e-06,  2.54981221e-07,  3.47795866e-06,  3.15414361e-06,
        7.88517400e-06,  7.60169705e-06,  1.93175106e-05, -8.66529071e-06,
       -4.57966998e-06, -1.73997853e-05])
  message: 'Desired error not necessarily achieved due to precision loss.'
     nfev: 1303
      nit: 34
     njev: 68
   status: 2
  success: False
        x: array([ 0.75931487, -0.04552504,  0.48041486,  0.22849327, -0.99933516,
       -1.04352129,  1.24953156, -1.52291755, -1.28332687, -1.09736765,
        0.03395888,  0.63286211,  0.13163752,  0.04398367, -0.89453793,
        0.08902168,  1.28392311, -1.11025247])
