Program Begingeth
      fun: 0.3336069461525473
 hess_inv: array([[ 1.28172374e+01, -2.90033482e+00, -1.22796070e+00,
         3.50691531e+00, -2.00262463e+00,  6.93074509e-02,
         5.32546813e+00, -4.90488884e-01,  3.89980114e+00,
        -9.47366839e-01,  8.40157429e-02,  4.67042191e-01,
        -2.28051145e+00,  1.40515143e-01, -2.65881699e-02,
        -3.89605118e-01,  1.28722356e+00, -3.27543059e-01],
       [-2.90033482e+00,  3.80371247e+00,  2.99871270e-01,
        -5.33820330e-01,  1.63820271e+00,  2.19214861e-01,
        -7.24347049e-01,  2.74457450e+00,  4.99962344e-01,
         5.06908772e-01, -2.45958073e-01, -1.10352053e+00,
         5.56173852e-01, -2.86640402e-01,  4.11393192e-01,
        -8.41325854e-02, -2.82307640e-01,  1.48763027e-01],
       [-1.22796070e+00,  2.99871270e-01,  4.17529191e+00,
        -7.67149926e-01, -1.09433103e-01,  1.42178466e+00,
        -4.78368574e+00, -2.29541166e+00,  1.27371251e+00,
         1.06704595e-01,  1.10106651e+00, -3.90588957e-01,
         2.29827959e-02, -3.73448569e-01, -2.60735608e-01,
        -4.66801352e-02, -7.53318253e-02,  9.19204601e-02],
       [ 3.50691531e+00, -5.33820330e-01, -7.67149926e-01,
         1.09989912e+00, -4.19696388e-01, -1.34700047e-01,
         2.40529442e+00,  2.52381884e-01,  1.07625647e+00,
        -2.66249415e-01, -6.09000380e-02,  5.82119002e-02,
        -5.35104439e-01,  2.16331353e-02,  3.71272064e-02,
        -8.53199250e-02,  3.10468923e-01, -8.53285557e-02],
       [-2.00262463e+00,  1.63820271e+00, -1.09433103e-01,
        -4.19696388e-01,  8.28605635e-01, -1.81500370e-02,
        -3.48549751e-01,  1.59306081e+00, -2.01784729e-01,
         3.08311755e-01, -1.82581113e-01, -3.78225272e-01,
         3.84226546e-01, -6.72863723e-02,  1.80615718e-01,
         1.70868161e-02, -1.97645668e-01,  7.64474289e-02],
       [ 6.93074509e-02,  2.19214861e-01,  1.42178466e+00,
        -1.34700047e-01, -1.81500370e-02,  5.87317019e-01,
        -1.62650263e+00, -4.32048836e-01,  9.59239686e-01,
         1.41176175e-01,  2.58526619e-01, -1.71546791e-01,
        -1.23366981e-01, -1.21736737e-01, -2.00956636e-02,
        -6.13895250e-02,  2.14359274e-02,  2.38611915e-02],
       [ 5.32546813e+00, -7.24347049e-01, -4.78368574e+00,
         2.40529442e+00, -3.48549751e-01, -1.62650263e+00,
         1.05902005e+01,  2.25011256e+00,  3.50992075e-01,
        -4.43959322e-01, -6.05900236e-01,  2.58834374e-01,
        -4.49961561e-01,  1.58226613e-01,  1.38132812e-01,
         8.78155457e-03,  3.09785490e-01, -2.12187094e-01],
       [-4.90488884e-01,  2.74457450e+00, -2.29541166e+00,
         2.52381884e-01,  1.59306081e+00, -4.32048836e-01,
         2.25011256e+00,  7.49212532e+00,  4.43380223e-01,
         1.01878936e+00, -8.02323200e-01, -5.02548675e-01,
         7.79177081e-03,  4.61572288e-02,  6.08851469e-01,
        -9.48321917e-02, -8.52925104e-02, -4.01366976e-03],
       [ 3.89980114e+00,  4.99962344e-01,  1.27371251e+00,
         1.07625647e+00, -2.01784729e-01,  9.59239686e-01,
         3.50992075e-01,  4.43380223e-01,  4.78085774e+00,
         2.26513900e-01,  1.81263248e-01, -2.88767709e-01,
        -7.86548055e-01, -2.73156964e-01,  8.56053053e-02,
        -2.40347714e-01,  2.92058253e-01, -1.02944037e-01],
       [-9.47366839e-01,  5.06908772e-01,  1.06704595e-01,
        -2.66249415e-01,  3.08311755e-01,  1.41176175e-01,
        -4.43959322e-01,  1.01878936e+00,  2.26513900e-01,
         1.10827622e+00,  1.08352763e-01, -1.83326359e-01,
        -9.44138552e-02, -9.65392050e-02, -1.18699364e-02,
        -1.60007595e-02, -1.38991542e-01, -1.86111309e-01],
       [ 8.40157429e-02, -2.45958073e-01,  1.10106651e+00,
        -6.09000380e-02, -1.82581113e-01,  2.58526619e-01,
        -6.05900236e-01, -8.02323200e-01,  1.81263248e-01,
         1.08352763e-01,  1.01321678e+00, -1.02535663e-01,
        -6.13141825e-02, -2.55007510e-01, -2.81054404e-01,
         2.44227604e-02, -9.39757770e-03, -1.31832105e-01],
       [ 4.67042191e-01, -1.10352053e+00, -3.90588957e-01,
         5.82119002e-02, -3.78225272e-01, -1.71546791e-01,
         2.58834374e-01, -5.02548675e-01, -2.88767709e-01,
        -1.83326359e-01, -1.02535663e-01,  6.87819175e-01,
        -4.70039503e-02,  2.01567502e-01, -1.46239912e-01,
         9.60521766e-02,  8.89025825e-02, -8.42671511e-03],
       [-2.28051145e+00,  5.56173852e-01,  2.29827959e-02,
        -5.35104439e-01,  3.84226546e-01, -1.23366981e-01,
        -4.49961561e-01,  7.79177081e-03, -7.86548055e-01,
        -9.44138552e-02, -6.13141825e-02, -4.70039503e-02,
         5.58663372e-01, -1.43588200e-02,  1.29287564e-02,
         1.29362247e-01, -2.52397486e-01,  1.12886148e-01],
       [ 1.40515143e-01, -2.86640402e-01, -3.73448569e-01,
         2.16331353e-02, -6.72863723e-02, -1.21736737e-01,
         1.58226613e-01,  4.61572288e-02, -2.73156964e-01,
        -9.65392050e-02, -2.55007510e-01,  2.01567502e-01,
        -1.43588200e-02,  1.47617322e-01,  2.93006742e-02,
         1.78826305e-02,  5.84263772e-02,  3.10600402e-02],
       [-2.65881699e-02,  4.11393192e-01, -2.60735608e-01,
         3.71272064e-02,  1.80615718e-01, -2.00956636e-02,
         1.38132812e-01,  6.08851469e-01,  8.56053053e-02,
        -1.18699364e-02, -2.81054404e-01, -1.46239912e-01,
         1.29287564e-02,  2.93006742e-02,  1.63447603e-01,
        -3.98081913e-02, -2.67479710e-04,  6.70327308e-02],
       [-3.89605118e-01, -8.41325854e-02, -4.66801352e-02,
        -8.53199250e-02,  1.70868161e-02, -6.13895250e-02,
         8.78155457e-03, -9.48321917e-02, -2.40347714e-01,
        -1.60007595e-02,  2.44227604e-02,  9.60521766e-02,
         1.29362247e-01,  1.78826305e-02, -3.98081913e-02,
         7.55005530e-02, -4.90112958e-02,  9.27242631e-03],
       [ 1.28722356e+00, -2.82307640e-01, -7.53318253e-02,
         3.10468923e-01, -1.97645668e-01,  2.14359274e-02,
         3.09785490e-01, -8.52925104e-02,  2.92058253e-01,
        -1.38991542e-01, -9.39757770e-03,  8.89025825e-02,
        -2.52397486e-01,  5.84263772e-02, -2.67479710e-04,
        -4.90112958e-02,  1.85328975e-01, -1.80904073e-02],
       [-3.27543059e-01,  1.48763027e-01,  9.19204601e-02,
        -8.53285557e-02,  7.64474289e-02,  2.38611915e-02,
        -2.12187094e-01, -4.01366976e-03, -1.02944037e-01,
        -1.86111309e-01, -1.31832105e-01, -8.42671511e-03,
         1.12886148e-01,  3.10600402e-02,  6.70327308e-02,
         9.27242631e-03, -1.80904073e-02,  1.03652397e-01]])
      jac: array([-1.87664699e-06, -1.44328993e-08,  4.17739917e-06,  6.25721697e-06,
        3.08642001e-07, -9.88986670e-06, -7.16834000e-07,  1.81336427e-08,
        9.21115036e-07, -1.61722487e-07, -4.36687723e-07,  2.60791389e-06,
       -1.72010554e-06,  9.35918010e-07,  6.16691883e-06, -4.92494934e-06,
       -5.78796270e-07, -4.65516514e-06])
  message: 'Optimization terminated successfully.'
     nfev: 2033
      nit: 97
     njev: 107
   status: 0
  success: True
        x: array([ 0.82887898, -0.98673553, -0.02123165,  1.41711622, -0.94838681,
       -0.10440562,  2.02053042, -1.12492076, -1.04003252, -0.0289521 ,
        0.39788168,  1.13964698,  0.02896974,  0.11751562, -0.262826  ,
       -1.29977283, -0.57668016,  0.01743134])
