Program Begingeth
      fun: 0.30742983822620784
 hess_inv: array([[ 2.42025395e+01,  7.06445854e+00,  7.65175044e+00,
         7.11950580e+00,  4.41554182e+00,  2.08234872e+00,
         1.33186721e+01, -8.24120083e-01, -6.51656316e+00,
        -1.77921868e+00,  5.51788724e-01, -6.09206297e-01,
        -3.43224020e+00, -6.57071531e-01, -1.63205547e-01,
         1.11837540e-01, -2.85340143e+00,  5.24190251e-01],
       [ 7.06445854e+00,  4.84878898e+00,  2.60348109e+00,
         1.86891112e+00,  2.41486120e+00,  9.66441902e-01,
         3.74325019e+00,  1.62170156e+00, -5.17536881e-01,
        -7.39318779e-01,  7.68009336e-02, -6.62478372e-01,
        -1.08678786e+00, -2.92298236e-01,  2.56911464e-01,
         1.21703151e-01, -7.65239884e-01,  2.75197995e-01],
       [ 7.65175044e+00,  2.60348109e+00,  7.05326735e+00,
         2.68882724e+00,  1.05319790e+00,  2.41576989e+00,
         8.93390209e+00, -2.68230654e+00, -3.30973566e-01,
        -4.69781034e-01,  7.73897415e-01, -5.21757076e-01,
        -8.38107625e-01, -6.00156967e-01, -4.62104143e-02,
         2.50409023e-01, -8.01343474e-01,  4.95348222e-01],
       [ 7.11950580e+00,  1.86891112e+00,  2.68882724e+00,
         2.24668180e+00,  1.15857108e+00,  7.70665625e-01,
         4.86634673e+00, -6.05540734e-01, -1.95936096e+00,
        -4.88483598e-01,  2.11361999e-01, -1.30431712e-01,
        -9.07096490e-01, -1.80822104e-01, -7.21327561e-02,
         6.77460146e-02, -7.67179758e-01,  1.66134532e-01],
       [ 4.41554182e+00,  2.41486120e+00,  1.05319790e+00,
         1.15857108e+00,  1.37124923e+00,  3.57065560e-01,
         1.83550355e+00,  1.23143286e+00, -7.79722533e-01,
        -4.78349530e-01, -2.58976588e-02, -2.18209131e-01,
        -6.99378091e-01, -8.85617439e-02,  1.02957723e-01,
         7.70405098e-03, -5.13307497e-01,  1.18150997e-01],
       [ 2.08234872e+00,  9.66441902e-01,  2.41576989e+00,
         7.70665625e-01,  3.57065560e-01,  9.23165144e-01,
         2.94572076e+00, -6.39964996e-01,  4.11290989e-01,
        -2.24618985e-01,  1.75828729e-01, -2.00151288e-01,
        -1.73696159e-01, -1.88582830e-01,  4.87070021e-02,
         1.10770958e-01, -2.03321669e-01,  1.72028572e-01],
       [ 1.33186721e+01,  3.74325019e+00,  8.93390209e+00,
         4.86634673e+00,  1.83550355e+00,  2.94572076e+00,
         1.53765750e+01, -3.20920832e+00, -2.67485954e+00,
        -6.56317535e-01,  7.54089564e-01, -4.50905416e-01,
        -1.38515338e+00, -5.40780022e-01, -8.60579138e-02,
         3.12842080e-01, -1.19920316e+00,  5.92222843e-01],
       [-8.24120083e-01,  1.62170156e+00, -2.68230654e+00,
        -6.05540734e-01,  1.23143286e+00, -6.39964996e-01,
        -3.20920832e+00,  5.88122206e+00,  6.22941354e-01,
        -5.77163852e-01, -5.72576492e-01,  8.74656604e-02,
         2.04388062e-02,  3.18005965e-01,  3.48832026e-01,
        -9.48815648e-02,  5.87542992e-02, -1.02476830e-01],
       [-6.51656316e+00, -5.17536881e-01, -3.30973566e-01,
        -1.95936096e+00, -7.79722533e-01,  4.11290989e-01,
        -2.67485954e+00,  6.22941354e-01,  4.81903880e+00,
         8.60444948e-02, -5.98539045e-02, -1.60796907e-01,
         1.00615101e+00, -9.02186094e-02,  1.98953515e-01,
         1.20205896e-01,  7.00097041e-01, -7.43015567e-02],
       [-1.77921868e+00, -7.39318779e-01, -4.69781034e-01,
        -4.88483598e-01, -4.78349530e-01, -2.24618985e-01,
        -6.56317535e-01, -5.77163852e-01,  8.60444948e-02,
         7.83638479e-01, -8.25544378e-02,  7.41058365e-02,
         1.19999758e-01,  6.96767807e-02,  3.20682882e-02,
        -1.11897360e-02,  2.50563488e-01,  1.14445489e-01],
       [ 5.51788724e-01,  7.68009336e-02,  7.73897415e-01,
         2.11361999e-01, -2.58976588e-02,  1.75828729e-01,
         7.54089564e-01, -5.72576492e-01, -5.98539045e-02,
        -8.25544378e-02,  6.20642655e-01, -9.21005995e-02,
        -3.95415943e-02, -2.05093337e-01, -1.72368657e-01,
         1.77894292e-02, -6.96234291e-02, -7.42730022e-02],
       [-6.09206297e-01, -6.62478372e-01, -5.21757076e-01,
        -1.30431712e-01, -2.18209131e-01, -2.00151288e-01,
        -4.50905416e-01,  8.74656604e-02, -1.60796907e-01,
         7.41058365e-02, -9.21005995e-02,  4.09218418e-01,
         7.93062932e-02,  1.52478379e-01, -8.64623372e-02,
        -8.34552664e-02,  1.13357438e-01, -3.75853680e-02],
       [-3.43224020e+00, -1.08678786e+00, -8.38107625e-01,
        -9.07096490e-01, -6.99378091e-01, -1.73696159e-01,
        -1.38515338e+00,  2.04388062e-02,  1.00615101e+00,
         1.19999758e-01, -3.95415943e-02,  7.93062932e-02,
         6.29003615e-01,  9.36061826e-02,  1.23270905e-02,
         4.90368193e-02,  4.59972676e-01, -1.09736575e-01],
       [-6.57071531e-01, -2.92298236e-01, -6.00156967e-01,
        -1.80822104e-01, -8.85617439e-02, -1.88582830e-01,
        -5.40780022e-01,  3.18005965e-01, -9.02186094e-02,
         6.96767807e-02, -2.05093337e-01,  1.52478379e-01,
         9.36061826e-02,  1.47590096e-01,  2.77099215e-02,
        -3.03122657e-02,  1.25735071e-01, -9.15967586e-03],
       [-1.63205547e-01,  2.56911464e-01, -4.62104143e-02,
        -7.21327561e-02,  1.02957723e-01,  4.87070021e-02,
        -8.60579138e-02,  3.48832026e-01,  1.98953515e-01,
         3.20682882e-02, -1.72368657e-01, -8.64623372e-02,
         1.23270905e-02,  2.77099215e-02,  1.20862016e-01,
         2.54113857e-02,  2.34848534e-02,  6.70789081e-02],
       [ 1.11837540e-01,  1.21703151e-01,  2.50409023e-01,
         6.77460146e-02,  7.70405098e-03,  1.10770958e-01,
         3.12842080e-01, -9.48815648e-02,  1.20205896e-01,
        -1.11897360e-02,  1.77894292e-02, -8.34552664e-02,
         4.90368193e-02, -3.03122657e-02,  2.54113857e-02,
         6.95830134e-02,  1.22159999e-02,  1.25555704e-02],
       [-2.85340143e+00, -7.65239884e-01, -8.01343474e-01,
        -7.67179758e-01, -5.13307497e-01, -2.03321669e-01,
        -1.19920316e+00,  5.87542992e-02,  7.00097041e-01,
         2.50563488e-01, -6.96234291e-02,  1.13357438e-01,
         4.59972676e-01,  1.25735071e-01,  2.34848534e-02,
         1.22159999e-02,  4.29394163e-01, -4.98694699e-02],
       [ 5.24190251e-01,  2.75197995e-01,  4.95348222e-01,
         1.66134532e-01,  1.18150997e-01,  1.72028572e-01,
         5.92222843e-01, -1.02476830e-01, -7.43015567e-02,
         1.14445489e-01, -7.42730022e-02, -3.75853680e-02,
        -1.09736575e-01, -9.15967586e-03,  6.70789081e-02,
         1.25555704e-02, -4.98694699e-02,  1.26628712e-01]])
      jac: array([ 2.49030426e-05, -1.69601370e-05, -3.54016816e-05, -6.96609437e-05,
        2.35959400e-05,  6.52322640e-05,  1.08202336e-05, -7.23939427e-06,
        1.05952284e-06, -7.41999055e-07,  6.97220060e-06,  5.89417404e-06,
       -2.09591603e-05, -1.41016828e-05, -7.05731769e-07,  2.22377672e-05,
        4.10627088e-05,  1.60930528e-05])
  message: 'Desired error not necessarily achieved due to precision loss.'
     nfev: 2025
      nit: 74
     njev: 106
   status: 2
  success: False
        x: array([-0.51496441, -1.12546569, -0.17901804, -1.04503029, -1.0701338 ,
       -0.18317738, -1.7745478 , -1.31785602, -1.08053016,  0.10051596,
        0.43714108,  1.2287267 ,  0.05914233,  0.08770603, -0.31501757,
        1.17029457, -0.6292586 , -0.01478207])
