Program Begingeth
      fun: 0.3279417994825589
 hess_inv: array([[ 5.85273844e+00,  1.89094838e-01,  5.07239087e-01,
         2.76845702e+00,  1.18481078e-01, -6.07813182e-01,
         6.20200736e+00,  1.50181961e+00, -5.80976173e+00,
         8.71282118e-01,  6.84306842e-01, -8.58107296e-01,
        -2.44136627e-01, -3.43952032e-01, -1.82882312e-01,
         7.66300510e-02, -1.71082202e-01,  6.97328937e-02],
       [ 1.89094838e-01,  1.88184777e+00, -8.79300873e-02,
         1.29510569e-01,  8.90711745e-01, -1.11287106e-01,
         5.74512317e-02,  6.11815403e-01,  1.55784386e+00,
         7.51464639e-01,  1.99901890e-01, -1.31580419e-02,
        -1.63910324e-01,  7.70848024e-02, -1.34330097e-01,
        -6.39612774e-02,  9.42858632e-02,  5.91694318e-02],
       [ 5.07239087e-01, -8.79300873e-02,  1.47536075e+00,
         3.41076035e-01, -1.08785294e-01,  6.47535231e-01,
         6.11805176e-01, -2.10380864e+00, -6.04002642e-01,
         1.41438895e-01, -7.89764874e-02,  2.32276479e-01,
         5.22673014e-02,  1.54084734e-01,  4.61353423e-02,
        -1.10096342e-02,  9.12525244e-02,  4.33527004e-02],
       [ 2.76845702e+00,  1.29510569e-01,  3.41076035e-01,
         1.33585113e+00,  7.88529432e-02, -2.40479064e-01,
         3.20368505e+00,  5.86415795e-01, -2.63604844e+00,
         4.17337077e-01,  3.55424338e-01, -3.63680676e-01,
        -1.13022945e-01, -1.49535159e-01, -9.59640001e-02,
         3.23001649e-02, -7.24161830e-02,  3.70861612e-02],
       [ 1.18481078e-01,  8.90711745e-01, -1.08785294e-01,
         7.88529432e-02,  4.89910449e-01, -1.17780588e-01,
         9.88212708e-01,  9.88166861e-01,  7.04550418e-01,
         3.76148174e-01,  1.57601684e-01, -5.09446158e-02,
        -1.63960391e-01,  1.12858603e-02, -6.82201773e-02,
        -6.00916793e-02,  1.27858995e-03,  5.57272898e-02],
       [-6.07813182e-01, -1.11287106e-01,  6.47535231e-01,
        -2.40479064e-01, -1.17780588e-01,  4.42807630e-01,
        -1.14645904e+00, -1.50874483e+00,  6.87530497e-01,
        -1.57636597e-01, -1.67511753e-01,  2.46639590e-01,
         1.32427912e-01,  1.36928382e-01,  5.73759437e-02,
         5.42957088e-03,  9.46346343e-02, -1.25911081e-02],
       [ 6.20200736e+00,  5.74512317e-02,  6.11805176e-01,
         3.20368505e+00,  9.88212708e-01, -1.14645904e+00,
         2.44483059e+01,  9.57595567e+00, -6.55475252e+00,
         1.49662152e+00,  1.62842314e+00, -1.19770132e+00,
        -1.68467689e+00, -7.49723525e-01, -2.10650994e-01,
        -4.05887980e-01, -9.85872340e-01,  6.57904644e-01],
       [ 1.50181961e+00,  6.11815403e-01, -2.10380864e+00,
         5.86415795e-01,  9.88166861e-01, -1.50874483e+00,
         9.57595567e+00,  1.12156178e+01, -6.30510027e-01,
         5.30433890e-01,  8.33614082e-01, -1.58973017e+00,
        -9.05322949e-01, -6.03606361e-01, -5.24438317e-02,
        -1.21230212e-01, -5.42457719e-01,  2.36250978e-01],
       [-5.80976173e+00,  1.55784386e+00, -6.04002642e-01,
        -2.63604844e+00,  7.04550418e-01,  6.87530497e-01,
        -6.55475252e+00, -6.30510027e-01,  1.11699852e+01,
        -6.96280669e-01,  4.19811651e-01,  5.36860661e-01,
         3.26034451e-01,  2.48231661e-01, -4.25217810e-02,
        -9.74019531e-02,  3.36682460e-01, -1.39163793e-01],
       [ 8.71282118e-01,  7.51464639e-01,  1.41438895e-01,
         4.17337077e-01,  3.76148174e-01, -1.57636597e-01,
         1.49662152e+00,  5.30433891e-01, -6.96280669e-01,
         1.34928806e+00,  9.41882367e-03, -6.24538817e-02,
        -3.77458485e-01,  3.59509819e-02,  2.28186600e-02,
        -4.61627329e-02,  2.06164617e-02,  2.50577377e-01],
       [ 6.84306842e-01,  1.99901890e-01, -7.89764874e-02,
         3.55424338e-01,  1.57601684e-01, -1.67511753e-01,
         1.62842314e+00,  8.33614082e-01,  4.19811651e-01,
         9.41882367e-03,  8.12197114e-01, -2.11031599e-01,
        -7.21616788e-02, -1.91594682e-01, -1.62523921e-01,
        -3.88327996e-02, -4.44785839e-02, -6.93750217e-02],
       [-8.58107296e-01, -1.31580419e-02,  2.32276479e-01,
        -3.63680676e-01, -5.09446158e-02,  2.46639590e-01,
        -1.19770132e+00, -1.58973017e+00,  5.36860661e-01,
        -6.24538817e-02, -2.11031599e-01,  6.57751965e-01,
         4.79645241e-02,  1.81085717e-01, -3.10637326e-02,
        -6.27442712e-02,  1.03054759e-01,  4.93542923e-03],
       [-2.44136627e-01, -1.63910324e-01,  5.22673014e-02,
        -1.13022945e-01, -1.63960391e-01,  1.32427912e-01,
        -1.68467689e+00, -9.05322949e-01,  3.26034451e-01,
        -3.77458485e-01, -7.21616788e-02,  4.79645241e-02,
         2.40260023e-01,  3.61689759e-02,  7.57917957e-04,
         7.50125759e-02,  7.46650157e-02, -1.06677183e-01],
       [-3.43952032e-01,  7.70848024e-02,  1.54084734e-01,
        -1.49535159e-01,  1.12858603e-02,  1.36928382e-01,
        -7.49723525e-01, -6.03606361e-01,  2.48231661e-01,
         3.59509819e-02, -1.91594682e-01,  1.81085717e-01,
         3.61689759e-02,  1.15739881e-01,  2.49268497e-02,
        -3.22754454e-03,  7.51862334e-02,  1.60731810e-02],
       [-1.82882312e-01, -1.34330097e-01,  4.61353423e-02,
        -9.59640001e-02, -6.82201773e-02,  5.73759437e-02,
        -2.10650994e-01, -5.24438317e-02, -4.25217810e-02,
         2.28186600e-02, -1.62523921e-01, -3.10637326e-02,
         7.57917957e-04,  2.49268497e-02,  8.16896789e-02,
         1.54680641e-02, -4.19615647e-03,  4.69714776e-02],
       [ 7.66300510e-02, -6.39612774e-02, -1.10096342e-02,
         3.23001649e-02, -6.00916793e-02,  5.42957088e-03,
        -4.05887980e-01, -1.21230212e-01, -9.74019531e-02,
        -4.61627329e-02, -3.88327996e-02, -6.27442712e-02,
         7.50125759e-02, -3.22754454e-03,  1.54680641e-02,
         5.54379959e-02,  1.71848667e-02, -2.07590612e-02],
       [-1.71082202e-01,  9.42858632e-02,  9.12525244e-02,
        -7.24161830e-02,  1.27858995e-03,  9.46346343e-02,
        -9.85872340e-01, -5.42457719e-01,  3.36682460e-01,
         2.06164617e-02, -4.44785839e-02,  1.03054759e-01,
         7.46650157e-02,  7.51862334e-02, -4.19615647e-03,
         1.71848667e-02,  9.56028696e-02, -1.91299732e-02],
       [ 6.97328937e-02,  5.91694318e-02,  4.33527004e-02,
         3.70861612e-02,  5.57272898e-02, -1.25911081e-02,
         6.57904644e-01,  2.36250978e-01, -1.39163793e-01,
         2.50577377e-01, -6.93750217e-02,  4.93542923e-03,
        -1.06677183e-01,  1.60731810e-02,  4.69714776e-02,
        -2.07590612e-02, -1.91299732e-02,  9.89281575e-02]])
      jac: array([ 5.17745106e-05, -1.83505063e-05, -6.00989629e-05, -1.23081545e-04,
        8.58309720e-05,  1.61460475e-04,  7.31229892e-06, -8.21231971e-06,
       -1.40006525e-05,  1.14993200e-05,  9.97424365e-06, -7.87111117e-06,
        2.06671717e-05, -3.88685380e-05, -1.01063232e-04,  5.33624996e-05,
       -8.96912174e-06,  4.88790490e-05])
  message: 'Desired error not necessarily achieved due to precision loss.'
     nfev: 2405
      nit: 73
     njev: 126
   status: 2
  success: False
        x: array([-1.72217306, -1.05920803,  0.62246177, -1.5774069 , -1.119547  ,
        0.31814486, -0.47153844, -1.54330513,  0.83093668,  0.10919849,
        0.41893147,  1.1601768 ,  0.13866612,  0.15689107, -0.23869518,
        1.47815391, -0.33100619,  0.02268587])
