Program Begingeth
      fun: 0.19720712526863984
 hess_inv: array([[ 6.67728448e+00, -3.43842012e+00,  3.41768255e+00,
        -6.53284010e-01, -7.90740891e-01,  2.61146267e+00,
        -1.39963847e+01, -5.01260401e+00,  5.74298208e+00,
        -1.12608719e+00,  2.48170851e+00,  1.39413717e+00,
        -1.67504704e+00,  7.44380872e-01, -2.98543582e-01,
         7.67679977e-01,  4.34748383e-01, -1.07794134e+00],
       [-3.43842012e+00,  4.69074926e+00, -3.35819791e+00,
         1.20600984e+00,  1.01543952e+00, -1.90174918e+00,
         1.42453861e+01,  8.62677290e+00, -3.58265653e+00,
         8.51188013e-02, -3.53487174e+00, -1.92690363e+00,
         1.00643143e+00, -7.82319466e-01,  6.61632905e-01,
        -8.86036396e-01, -5.79688581e-02,  6.79550631e-01],
       [ 3.41768255e+00, -3.35819791e+00,  1.02497540e+01,
        -2.38526647e+00, -5.99898357e-01,  3.59843507e+00,
        -2.86057275e+01, -1.29239705e+01,  1.18488255e+01,
         4.89902154e-01,  7.23408783e+00, -2.61157935e+00,
        -8.87602154e-01,  1.41606744e-01, -1.65128641e+00,
         1.48771288e+00,  8.71183108e-02, -1.04525135e+00],
       [-6.53284010e-01,  1.20600984e+00, -2.38526647e+00,
         7.49342532e-01,  1.81038983e-01, -8.82037294e-01,
         8.16069125e+00,  3.70261482e+00, -2.34516169e+00,
        -2.70238690e-01, -1.77645250e+00,  2.00384980e-01,
         2.39106461e-01, -1.83123486e-01,  4.08117644e-01,
        -3.91973875e-01, -5.87133565e-03,  2.52292395e-01],
       [-7.90740891e-01,  1.01543952e+00, -5.99898357e-01,
         1.81038983e-01,  3.36335598e-01, -3.18717176e-01,
         1.93426276e+00,  2.41054656e+00, -8.64632241e-01,
         2.03194759e-01, -7.67945306e-01, -3.73971692e-01,
         2.23504023e-01, -9.62663060e-02,  1.82613815e-01,
        -1.52997763e-01, -1.99034390e-02,  1.51783980e-01],
       [ 2.61146267e+00, -1.90174918e+00,  3.59843507e+00,
        -8.82037294e-01, -3.18717176e-01,  1.77061324e+00,
        -1.23262773e+01, -4.45270195e+00,  4.81375411e+00,
         1.16195386e-01,  2.42751257e+00, -1.47496405e-01,
        -7.22879483e-01,  3.06796021e-01, -4.36418807e-01,
         5.94282784e-01,  9.50059632e-02, -5.67800276e-01],
       [-1.39963847e+01,  1.42453861e+01, -2.86057275e+01,
         8.16069125e+00,  1.93426276e+00, -1.23262773e+01,
         1.03418490e+02,  3.87090594e+01, -3.26405115e+01,
        -1.88368984e+00, -1.98040656e+01,  1.86978393e+00,
         3.81876832e+00, -2.43403882e+00,  4.07725194e+00,
        -4.87398166e+00, -2.69842292e-01,  3.70654567e+00],
       [-5.01260401e+00,  8.62677290e+00, -1.29239705e+01,
         3.70261482e+00,  2.41054656e+00, -4.45270195e+00,
         3.87090594e+01,  3.05537687e+01, -1.42676927e+01,
         4.05058490e-01, -1.09072985e+01,  1.05678600e-01,
         1.33576030e+00, -9.10658167e-01,  2.96043512e+00,
        -2.38972862e+00, -8.48273949e-02,  1.51072585e+00],
       [ 5.74298208e+00, -3.58265653e+00,  1.18488255e+01,
        -2.34516169e+00, -8.64632241e-01,  4.81375411e+00,
        -3.26405115e+01, -1.42676927e+01,  1.98142777e+01,
         5.78637707e-01,  8.34717305e+00, -3.02491700e+00,
        -1.44057141e+00, -2.59164814e-01, -1.96829816e+00,
         1.65324992e+00, -2.06533233e-02, -1.61688445e+00],
       [-1.12608719e+00,  8.51188013e-02,  4.89902154e-01,
        -2.70238690e-01,  2.03194759e-01,  1.16195386e-01,
        -1.88368984e+00,  4.05058490e-01,  5.78637707e-01,
         1.51664857e+00,  4.31215500e-01, -3.90209979e-01,
         2.25467910e-02, -1.18766373e-01, -8.48568767e-02,
         3.52955647e-02, -2.26520431e-01, -6.32475352e-02],
       [ 2.48170851e+00, -3.53487174e+00,  7.23408783e+00,
        -1.77645250e+00, -7.67945306e-01,  2.42751257e+00,
        -1.98040656e+01, -1.09072985e+01,  8.34717305e+00,
         4.31215500e-01,  6.39947141e+00, -1.26838070e+00,
        -6.86817206e-01,  2.10397252e-02, -1.49272456e+00,
         1.19921727e+00, -1.51476880e-02, -8.65478688e-01],
       [ 1.39413717e+00, -1.92690363e+00, -2.61157935e+00,
         2.00384980e-01, -3.73971692e-01, -1.47496405e-01,
         1.86978393e+00,  1.05678600e-01, -3.02491700e+00,
        -3.90209979e-01, -1.26838070e+00,  3.37587211e+00,
        -4.27445352e-01,  7.68871299e-01,  3.71561591e-01,
        -6.50056795e-03,  1.01626891e-01, -3.08726071e-02],
       [-1.67504704e+00,  1.00643143e+00, -8.87602154e-01,
         2.39106461e-01,  2.23504023e-01, -7.22879483e-01,
         3.81876832e+00,  1.33576030e+00, -1.44057141e+00,
         2.25467910e-02, -6.86817206e-01, -4.27445352e-01,
         5.48889603e-01, -2.11604708e-01,  7.66594217e-02,
        -1.66538327e-01, -1.07841259e-01,  3.25432557e-01],
       [ 7.44380872e-01, -7.82319466e-01,  1.41606744e-01,
        -1.83123486e-01, -9.62663060e-02,  3.06796021e-01,
        -2.43403882e+00, -9.10658167e-01, -2.59164814e-01,
        -1.18766373e-01,  2.10397252e-02,  7.68871299e-01,
        -2.11604708e-01,  3.46758383e-01,  4.20446209e-02,
         1.22881846e-01,  8.64479616e-02, -7.07311744e-02],
       [-2.98543582e-01,  6.61632905e-01, -1.65128641e+00,
         4.08117644e-01,  1.82613815e-01, -4.36418807e-01,
         4.07725194e+00,  2.96043512e+00, -1.96829816e+00,
        -8.48568767e-02, -1.49272456e+00,  3.71561591e-01,
         7.66594217e-02,  4.20446209e-02,  4.36439458e-01,
        -2.72275535e-01,  8.63947178e-03,  1.87724686e-01],
       [ 7.67679977e-01, -8.86036396e-01,  1.48771288e+00,
        -3.91973875e-01, -1.52997763e-01,  5.94282784e-01,
        -4.87398166e+00, -2.38972862e+00,  1.65324992e+00,
         3.52955647e-02,  1.19921727e+00, -6.50056795e-03,
        -1.66538327e-01,  1.22881846e-01, -2.72275535e-01,
         3.06886217e-01,  1.48166268e-02, -1.88221662e-01],
       [ 4.34748383e-01, -5.79688581e-02,  8.71183108e-02,
        -5.87133565e-03, -1.99034390e-02,  9.50059632e-02,
        -2.69842292e-01, -8.48273949e-02, -2.06533233e-02,
        -2.26520431e-01, -1.51476880e-02,  1.01626891e-01,
        -1.07841259e-01,  8.64479616e-02,  8.63947178e-03,
         1.48166268e-02,  1.03780234e-01, -3.94045911e-02],
       [-1.07794134e+00,  6.79550631e-01, -1.04525135e+00,
         2.52292395e-01,  1.51783980e-01, -5.67800276e-01,
         3.70654567e+00,  1.51072585e+00, -1.61688445e+00,
        -6.32475352e-02, -8.65478688e-01, -3.08726071e-02,
         3.25432557e-01, -7.07311744e-02,  1.87724686e-01,
        -1.88221662e-01, -3.94045911e-02,  2.82245131e-01]])
      jac: array([ 2.15013192e-07, -3.45279361e-07,  1.01400370e-07, -1.38222767e-07,
        2.75150273e-07, -6.80936788e-08,  3.01610588e-08,  3.71924713e-08,
        8.19714667e-08,  1.62462636e-07, -8.78926561e-08, -2.84957243e-08,
        2.74040050e-07, -4.27065790e-07, -2.53685961e-07, -1.05841262e-07,
        7.56616991e-07,  1.32301577e-07])
  message: 'Optimization terminated successfully.'
     nfev: 1539
      nit: 71
     njev: 81
   status: 0
  success: True
        x: array([ 0.28574   , -0.24068463,  0.6116528 ,  1.05051475, -0.45798053,
        0.0146224 ,  0.95292844, -0.9101724 , -0.77084919,  0.00400885,
        0.70360295,  0.8759118 ,  0.11263702,  0.23284942, -0.34940498,
       -1.05530975, -0.32436603,  0.04191333])
