Program Begingeth
      fun: 0.29732566631586016
 hess_inv: array([[ 1.00305317e+01, -1.63495296e+00, -5.19320711e-01,
         2.40485563e+00, -1.14521507e+00,  3.40424057e-01,
         3.10830231e+00,  1.43690534e-01,  3.03980633e+00,
        -7.65636763e-01,  6.31789966e-03,  5.86379914e-01,
        -2.04962595e+00,  2.53675070e-01,  2.23362771e-02,
        -3.08133475e-01,  1.02156960e+00, -2.68603147e-01],
       [-1.63495296e+00,  3.30612186e+00,  2.50632971e-01,
        -1.32788718e-01,  1.17235243e+00,  1.26494436e-01,
         1.92138082e-01,  2.13381215e+00,  8.28130748e-01,
         1.92437944e-01, -1.78556138e-01, -1.20010892e+00,
         4.20045044e-01, -4.57831919e-01,  2.97296552e-01,
        -1.07721947e-01, -1.99989018e-01,  9.54165178e-02],
       [-5.19320711e-01,  2.50632971e-01,  6.23408229e+00,
        -8.04500532e-01, -2.15765747e-01,  1.91026782e+00,
        -6.58234873e+00, -2.56094101e+00,  1.93327816e+00,
         4.37752804e-02,  2.00625861e+00, -8.68153693e-01,
        -1.78947357e-01, -5.53092457e-01, -6.19573316e-01,
        -5.49903300e-02,  4.72475303e-02,  2.40814919e-02],
       [ 2.40485563e+00, -1.32788718e-01, -8.04500532e-01,
         7.49918919e-01, -1.61604011e-01, -1.44565247e-01,
         2.03845412e+00,  4.34517552e-01,  6.81040140e-01,
        -2.02491297e-01, -1.52673578e-01,  9.68930949e-02,
        -3.96075252e-01,  4.03405377e-02,  7.33074970e-02,
        -6.12085492e-02,  1.99851963e-01, -6.82576061e-02],
       [-1.14521507e+00,  1.17235243e+00, -2.15765747e-01,
        -1.61604011e-01,  5.13690424e-01, -6.54122645e-02,
         1.54041740e-01,  1.16383966e+00, -2.00932356e-02,
         1.82138159e-01, -1.65554525e-01, -3.35894590e-01,
         2.66776268e-01, -1.11895057e-01,  1.34166562e-01,
         2.39968911e-04, -1.28095338e-01,  4.71563055e-02],
       [ 3.40424057e-01,  1.26494436e-01,  1.91026782e+00,
        -1.44565247e-01, -6.54122645e-02,  6.87012684e-01,
        -2.10303070e+00, -5.00195988e-01,  1.07154900e+00,
         1.27795310e-01,  4.99973148e-01, -2.63136162e-01,
        -2.03900629e-01, -1.53297210e-01, -1.30344941e-01,
        -5.10631872e-02,  5.70296619e-02, -2.60406533e-03],
       [ 3.10830231e+00,  1.92138082e-01, -6.58234873e+00,
         2.03845412e+00,  1.54041740e-01, -2.10303070e+00,
         1.24389360e+01,  2.84751905e+00, -6.71435259e-01,
        -2.27408782e-01, -1.28481984e+00,  5.11338820e-01,
        -6.90336155e-02,  2.04642582e-01,  4.32087397e-01,
         5.86464006e-03,  5.71607914e-02, -2.05825934e-01],
       [ 1.43690534e-01,  2.13381215e+00, -2.56094101e+00,
         4.34517552e-01,  1.16383966e+00, -5.00195988e-01,
         2.84751905e+00,  6.36983649e+00,  5.21553827e-01,
         8.37271276e-01, -8.67224389e-01, -2.56310512e-01,
        -6.61275236e-02, -3.78685188e-02,  5.76966118e-01,
        -8.44544999e-02, -9.04843510e-02, -2.16893441e-02],
       [ 3.03980633e+00,  8.28130748e-01,  1.93327816e+00,
         6.81040140e-01, -2.00932356e-02,  1.07154900e+00,
        -6.71435259e-01,  5.21553827e-01,  4.70437036e+00,
         3.21815698e-01,  5.30756169e-01, -4.28462169e-01,
        -7.40108885e-01, -3.71823815e-01, -7.62042735e-02,
        -1.93608974e-01,  2.00994480e-01, -1.53703458e-01],
       [-7.65636763e-01,  1.92437944e-01,  4.37752804e-02,
        -2.02491297e-01,  1.82138159e-01,  1.27795310e-01,
        -2.27408782e-01,  8.37271276e-01,  3.21815698e-01,
         1.31015178e+00,  1.13611285e-01, -1.12002480e-01,
        -1.49421359e-01, -8.01276407e-02, -2.70660607e-02,
         3.60256963e-03, -1.40264073e-01, -1.92802396e-01],
       [ 6.31789966e-03, -1.78556138e-01,  2.00625861e+00,
        -1.52673578e-01, -1.65554525e-01,  4.99973148e-01,
        -1.28481984e+00, -8.67224389e-01,  5.30756169e-01,
         1.13611285e-01,  1.32524446e+00, -2.46006304e-01,
        -8.00881285e-02, -3.13785236e-01, -4.13558450e-01,
         1.69497946e-02,  1.02436231e-02, -1.35530498e-01],
       [ 5.86379914e-01, -1.20010892e+00, -8.68153693e-01,
         9.68930949e-02, -3.35894590e-01, -2.63136162e-01,
         5.11338820e-01, -2.56310512e-01, -4.28462169e-01,
        -1.12002480e-01, -2.46006304e-01,  8.74428706e-01,
        -1.00396359e-01,  3.13888323e-01, -6.94816413e-02,
         8.28028611e-02,  1.10336022e-01, -9.19332354e-03],
       [-2.04962595e+00,  4.20045044e-01, -1.78947357e-01,
        -3.96075252e-01,  2.66776268e-01, -2.03900629e-01,
        -6.90336155e-02, -6.61275236e-02, -7.40108885e-01,
        -1.49421359e-01, -8.00881285e-02, -1.00396359e-01,
         5.70572065e-01, -4.74034711e-02,  2.08977219e-02,
         1.04158573e-01, -2.24636949e-01,  1.05570417e-01],
       [ 2.53675070e-01, -4.57831919e-01, -5.53092457e-01,
         4.03405377e-02, -1.11895057e-01, -1.53297210e-01,
         2.04642582e-01, -3.78685188e-02, -3.71823815e-01,
        -8.01276407e-02, -3.13785236e-01,  3.13888323e-01,
        -4.74034711e-02,  1.98577091e-01,  5.33787573e-02,
         2.15105118e-02,  6.77393468e-02,  2.82506367e-02],
       [ 2.23362771e-02,  2.97296552e-01, -6.19573316e-01,
         7.33074970e-02,  1.34166562e-01, -1.30344941e-01,
         4.32087397e-01,  5.76966118e-01, -7.62042735e-02,
        -2.70660607e-02, -4.13558450e-01, -6.94816413e-02,
         2.08977219e-02,  5.33787573e-02,  1.94861741e-01,
        -2.75819309e-02, -1.16188242e-02,  6.38446950e-02],
       [-3.08133475e-01, -1.07721947e-01, -5.49903300e-02,
        -6.12085492e-02,  2.39968911e-04, -5.10631872e-02,
         5.86464006e-03, -8.44544999e-02, -1.93608974e-01,
         3.60256963e-03,  1.69497946e-02,  8.28028611e-02,
         1.04158573e-01,  2.15105118e-02, -2.75819309e-02,
         5.68967216e-02, -3.44919129e-02,  7.21580711e-03],
       [ 1.02156960e+00, -1.99989018e-01,  4.72475303e-02,
         1.99851963e-01, -1.28095338e-01,  5.70296619e-02,
         5.71607914e-02, -9.04843510e-02,  2.00994480e-01,
        -1.40264073e-01,  1.02436231e-02,  1.10336022e-01,
        -2.24636949e-01,  6.77393468e-02, -1.16188242e-02,
        -3.44919129e-02,  1.54872276e-01, -1.41344280e-02],
       [-2.68603147e-01,  9.54165178e-02,  2.40814919e-02,
        -6.82576061e-02,  4.71563055e-02, -2.60406533e-03,
        -2.05825934e-01, -2.16893441e-02, -1.53703458e-01,
        -1.92802396e-01, -1.35530498e-01, -9.19332354e-03,
         1.05570417e-01,  2.82506367e-02,  6.38446950e-02,
         7.21580711e-03, -1.41344280e-02,  9.06259002e-02]])
      jac: array([ 1.09412479e-05,  8.91990186e-06, -1.24659542e-05, -2.97991261e-05,
       -3.04027174e-05,  2.88650585e-05,  2.19824159e-06,  2.49171054e-06,
       -1.79930145e-06,  7.35263702e-06,  2.49689158e-06, -8.50837919e-06,
        2.94923345e-05,  1.13346369e-05, -2.67437924e-05, -7.37299111e-06,
        1.49287989e-06,  2.61638859e-05])
  message: 'Desired error not necessarily achieved due to precision loss.'
     nfev: 1758
      nit: 66
     njev: 92
   status: 2
  success: False
        x: array([ 0.77890746, -0.76869401,  0.0342354 ,  1.42836789, -0.80593006,
       -0.08108011,  1.95513661, -0.99812145, -1.01785408, -0.03737973,
        0.42928601,  1.09065638,  0.04073864,  0.1762883 , -0.24599864,
       -1.32910087, -0.44870423,  0.02798582])
