Program Begingeth
      fun: 0.30369529242265875
 hess_inv: array([[ 3.74733466e+00, -7.50179657e-02, -3.79381216e+00,
         1.65763802e+00, -3.06713483e-02, -1.97036693e+00,
        -2.07424541e+00, -1.72720893e+00, -4.59122160e+00,
         3.13444792e-01,  3.60795197e-02,  2.63335098e-01,
         3.03114109e-01, -4.88410838e-02, -9.27712820e-02,
         1.99860739e-01, -2.34037995e-01,  4.75631019e-02],
       [-7.50179657e-02,  1.12098887e+00,  2.58348450e-01,
        -3.90286219e-02,  6.16081264e-01,  5.20574327e-02,
         4.82763802e-01,  7.47879746e-01, -1.74795006e-01,
        -2.12711609e-01,  1.69921138e-02,  2.89098361e-01,
         5.87408366e-02,  1.29190423e-01, -1.10547071e-01,
         6.74272096e-02,  6.24277621e-02, -5.62662927e-03],
       [-3.79381216e+00,  2.58348450e-01,  6.83805765e+00,
        -1.40448632e+00,  3.27365005e-01,  3.55577182e+00,
         5.13947727e+00,  3.12018492e+00,  7.21398352e+00,
        -5.20455549e-01, -6.01051926e-01, -5.07624384e-02,
        -1.18472374e-01,  3.22154383e-01,  2.47637762e-01,
        -8.89951750e-02,  2.67166882e-01,  5.93951283e-02],
       [ 1.65763802e+00, -3.90286219e-02, -1.40448632e+00,
         7.97032783e-01, -1.21966637e-03, -7.35527796e-01,
        -3.73786424e-01, -6.96676857e-01, -1.68144772e+00,
         9.92500054e-02, -6.20318715e-03,  1.23466476e-01,
         1.87643663e-01, -2.45806070e-02, -3.68050805e-02,
         1.15729323e-01, -1.29605191e-01,  3.19435422e-02],
       [-3.06713483e-02,  6.16081264e-01,  3.27365005e-01,
        -1.21966637e-03,  3.74603073e-01,  1.30370182e-01,
         4.41445330e-01,  6.56737276e-01,  6.06609438e-02,
        -9.06738244e-02, -2.16833368e-02,  2.00415182e-01,
         4.28566497e-02,  9.97815074e-02, -5.28631419e-02,
         5.42240311e-02,  3.97573237e-02,  1.33788482e-03],
       [-1.97036693e+00,  5.20574327e-02,  3.55577182e+00,
        -7.35527796e-01,  1.30370182e-01,  1.88538582e+00,
         2.54816589e+00,  1.64960862e+00,  3.89440425e+00,
        -1.85818050e-01, -3.77199965e-01, -4.08518511e-02,
        -8.72383150e-02,  1.66163523e-01,  1.56708410e-01,
        -5.92057498e-02,  1.26853957e-01,  2.91522349e-02],
       [-2.07424541e+00,  4.82763802e-01,  5.13947727e+00,
        -3.73786424e-01,  4.41445330e-01,  2.54816589e+00,
         6.71782838e+00,  2.11363341e+00,  5.63447492e+00,
        -5.43397667e-01, -2.18519514e-01,  1.41755662e-01,
         2.47574702e-01,  1.67669717e-01,  5.01010180e-03,
         1.29612189e-01,  3.79627856e-02,  3.13809853e-02],
       [-1.72720893e+00,  7.47879746e-01,  3.12018492e+00,
        -6.96676857e-01,  6.56737276e-01,  1.64960862e+00,
         2.11363341e+00,  3.47927612e+00,  3.10428673e+00,
         6.74331691e-02, -2.51081499e-01,  2.72632097e-01,
        -1.35805650e-01,  2.58729498e-01,  6.61640268e-02,
        -4.25929348e-03,  1.46986124e-01, -1.83621403e-02],
       [-4.59122160e+00, -1.74795006e-01,  7.21398352e+00,
        -1.68144772e+00,  6.06609438e-02,  3.89440425e+00,
         5.63447492e+00,  3.10428673e+00,  9.51587350e+00,
        -3.15960357e-01, -6.07908039e-01, -1.52721208e-01,
        -1.64139310e-01,  1.46540912e-01,  2.40587695e-01,
        -1.29810590e-01,  1.40449659e-01, -2.23409731e-02],
       [ 3.13444792e-01, -2.12711609e-01, -5.20455549e-01,
         9.92500054e-02, -9.06738244e-02, -1.85818050e-01,
        -5.43397667e-01,  6.74331691e-02, -3.15960357e-01,
         9.99848675e-01,  1.19971969e-01, -8.57360723e-02,
        -2.39058812e-01, -7.33756093e-02, -9.85912238e-02,
        -2.99030300e-02, -6.09466506e-02, -2.41780159e-01],
       [ 3.60795197e-02,  1.69921138e-02, -6.01051926e-01,
        -6.20318715e-03, -2.16833368e-02, -3.77199965e-01,
        -2.18519514e-01, -2.51081499e-01, -6.07908039e-01,
         1.19971969e-01,  5.55762761e-01, -5.75064363e-02,
        -2.89269656e-02, -1.39691718e-01, -1.56044746e-01,
         8.14467759e-03, -8.84509834e-03, -1.25437157e-01],
       [ 2.63335098e-01,  2.89098361e-01, -5.07624384e-02,
         1.23466476e-01,  2.00415182e-01, -4.08518511e-02,
         1.41755662e-01,  2.72632097e-01, -1.52721208e-01,
        -8.57360723e-02, -5.75064363e-02,  3.93445222e-01,
         9.40572772e-02,  1.01594102e-01, -6.80561083e-02,
         9.42365406e-02,  4.40220626e-02,  3.73068888e-02],
       [ 3.03114109e-01,  5.87408366e-02, -1.18472374e-01,
         1.87643663e-01,  4.28566497e-02, -8.72383150e-02,
         2.47574702e-01, -1.35805650e-01, -1.64139310e-01,
        -2.39058812e-01, -2.89269656e-02,  9.40572772e-02,
         1.58275986e-01,  1.21307448e-02,  4.86967508e-03,
         8.36533736e-02, -2.91366657e-02,  7.21351705e-02],
       [-4.88410838e-02,  1.29190423e-01,  3.22154383e-01,
        -2.45806070e-02,  9.97815074e-02,  1.66163523e-01,
         1.67669717e-01,  2.58729498e-01,  1.46540912e-01,
        -7.33756093e-02, -1.39691718e-01,  1.01594102e-01,
         1.21307448e-02,  1.04703724e-01,  2.41802276e-02,
         1.33639252e-02,  6.43112974e-02,  3.78748898e-02],
       [-9.27712820e-02, -1.10547071e-01,  2.47637762e-01,
        -3.68050805e-02, -5.28631419e-02,  1.56708410e-01,
         5.01010180e-03,  6.61640268e-02,  2.40587695e-01,
        -9.85912238e-02, -1.56044746e-01, -6.80561083e-02,
         4.86967508e-03,  2.41802276e-02,  1.06331120e-01,
        -2.40184088e-02,  2.43510640e-04,  7.68968002e-02],
       [ 1.99860739e-01,  6.74272096e-02, -8.89951750e-02,
         1.15729323e-01,  5.42240311e-02, -5.92057498e-02,
         1.29612189e-01, -4.25929348e-03, -1.29810590e-01,
        -2.99030300e-02,  8.14467759e-03,  9.42365406e-02,
         8.36533736e-02,  1.33639252e-02, -2.40184088e-02,
         7.64110488e-02, -1.34366320e-02,  1.27237802e-02],
       [-2.34037995e-01,  6.24277621e-02,  2.67166882e-01,
        -1.29605191e-01,  3.97573237e-02,  1.26853957e-01,
         3.79627856e-02,  1.46986124e-01,  1.40449659e-01,
        -6.09466506e-02, -8.84509834e-03,  4.40220626e-02,
        -2.91366657e-02,  6.43112974e-02,  2.43510640e-04,
        -1.34366320e-02,  8.48394654e-02,  8.26847654e-03],
       [ 4.75631019e-02, -5.62662927e-03,  5.93951283e-02,
         3.19435422e-02,  1.33788482e-03,  2.91522349e-02,
         3.13809853e-02, -1.83621403e-02, -2.23409731e-02,
        -2.41780159e-01, -1.25437157e-01,  3.73068888e-02,
         7.21351705e-02,  3.78748898e-02,  7.68968002e-02,
         1.27237802e-02,  8.26847654e-03,  1.13306692e-01]])
      jac: array([ 5.59507996e-05,  6.69279447e-06, -6.98293275e-05, -6.00341998e-05,
       -2.12311650e-05,  1.83165705e-04,  1.47874305e-05,  1.70844820e-05,
       -1.57851510e-05, -1.13094719e-06, -5.45796741e-05, -4.34844753e-05,
        3.26401869e-05, -2.22075691e-04, -2.08263036e-04, -1.01359661e-05,
        2.05971536e-04,  1.29808756e-04])
  message: 'Desired error not necessarily achieved due to precision loss.'
     nfev: 2215
      nit: 68
     njev: 116
   status: 2
  success: False
        x: array([ 2.11870315e+00, -1.12885638e+00,  2.17457742e-01,  1.82808846e+00,
       -1.20688890e+00,  1.68445626e-02,  2.40334719e+00, -1.28670467e+00,
       -1.00111810e+00,  7.14425108e-02,  3.80640676e-01,  1.21757806e+00,
        4.35740649e-02,  1.46217931e-01, -2.73878613e-01, -1.15905904e+00,
       -3.33546739e-01, -3.07431119e-05])
