Program Begingeth
      fun: 0.24750159291662782
 hess_inv: array([[ 1.16241888e+00,  8.02888317e-02, -2.80639380e-01,
        -4.07692108e-01,  3.25750222e-01, -2.96919917e-01,
        -2.40132871e-01,  2.02360384e+00, -1.62828875e+00,
         5.87680648e-01, -7.54147249e-02,  1.04742751e+00,
        -1.22526370e+00,  1.74173742e-01, -3.65076466e-01,
        -3.27548918e-01,  7.85025988e-03, -9.52126189e-02],
       [ 8.02888317e-02,  8.21230660e-01, -1.21548911e-01,
        -2.54902474e-01, -1.27678606e-01, -1.81607039e-01,
        -7.79162339e-01,  3.41601665e-01,  1.37458865e-02,
         1.16556309e-01,  2.66807362e-01,  4.49719833e-02,
        -2.88512275e-01, -6.66268865e-01, -3.58579389e-02,
        -4.41634589e-02, -1.72369755e-01,  1.44487537e-01],
       [-2.80639380e-01, -1.21548911e-01,  7.73539068e-01,
         2.38076410e-01,  1.42819080e-01, -6.94139121e-02,
         9.13471502e-01, -1.70282652e-01,  3.57419363e-01,
        -7.38858035e-01, -3.44949256e-02, -2.04683609e-01,
         5.40741133e-01,  1.95819040e-01, -5.01554547e-01,
         1.25600602e-01, -2.12325568e-02, -1.91333134e-01],
       [-4.07692108e-01, -2.54902474e-01,  2.38076410e-01,
         4.49655019e-01, -1.60540608e-01,  2.79867845e-02,
         5.74180893e-01, -1.62501105e+00,  2.02621790e-01,
        -4.21139449e-01,  1.64818908e-01, -2.38289505e-01,
         8.27853379e-01,  1.09752837e-02, -7.51576477e-02,
         2.29540796e-01, -1.12397329e-02, -5.98320131e-02],
       [ 3.25750222e-01, -1.27678606e-01,  1.42819080e-01,
        -1.60540608e-01,  3.72067804e-01, -1.96124934e-02,
         4.72937305e-01,  1.60529109e+00, -1.98019228e-01,
         4.02580905e-02, -2.69213605e-01,  2.79455760e-01,
        -4.17802985e-01,  4.48545964e-01, -1.80932863e-01,
        -1.17956595e-01,  1.11838863e-01, -7.63457446e-02],
       [-2.96919917e-01, -1.81607039e-01, -6.94139121e-02,
         2.79867845e-02, -1.96124934e-02,  2.96782199e-01,
         9.48535279e-02, -1.31364039e-01,  8.76433828e-01,
        -3.11232821e-02, -2.20633706e-01, -3.37395157e-01,
         1.83083441e-01,  1.60022279e-01,  4.05658266e-01,
         4.74547145e-02,  6.63340729e-02,  9.99419667e-02],
       [-2.40132871e-01, -7.79162339e-01,  9.13471502e-01,
         5.74180893e-01,  4.72937305e-01,  9.48535279e-02,
         3.29531223e+00,  3.11624456e-01,  4.64045909e-01,
        -7.06751898e-01, -2.61855480e-01,  3.89310694e-02,
         6.86382486e-01,  9.58631592e-01, -5.04959050e-01,
         1.26431526e-01,  1.88579855e-01, -2.55495574e-01],
       [ 2.02360384e+00,  3.41601665e-01, -1.70282652e-01,
        -1.62501105e+00,  1.60529109e+00, -1.31364039e-01,
         3.11624456e-01,  1.05977466e+01, -1.07929799e+00,
         1.25219786e+00, -8.72052321e-01,  1.43265841e+00,
        -3.43203693e+00,  1.10414677e+00, -3.00002524e-01,
        -9.78234929e-01,  2.56486869e-01,  8.76667654e-04],
       [-1.62828875e+00,  1.37458865e-02,  3.57419363e-01,
         2.02621790e-01, -1.98019228e-01,  8.76433828e-01,
         4.64045909e-01, -1.07929799e+00,  5.17401527e+00,
        -8.22626165e-01, -5.85539708e-01, -1.37645713e+00,
         1.27147826e+00,  3.31849782e-02,  8.08809819e-01,
         3.56282765e-01,  3.93705802e-02,  1.92149823e-01],
       [ 5.87680648e-01,  1.16556309e-01, -7.38858035e-01,
        -4.21139449e-01,  4.02580905e-02, -3.11232821e-02,
        -7.06751898e-01,  1.25219786e+00, -8.22626165e-01,
         1.05166859e+00, -4.53253390e-02,  4.57563927e-01,
        -1.03888006e+00, -3.87379502e-02,  3.17247704e-01,
        -2.80809994e-01,  6.22286102e-02,  1.23910305e-01],
       [-7.54147249e-02,  2.66807362e-01, -3.44949256e-02,
         1.64818908e-01, -2.69213605e-01, -2.20633706e-01,
        -2.61855480e-01, -8.72052321e-01, -5.85539708e-01,
        -4.53253390e-02,  9.17757181e-01, -5.92771808e-02,
         2.14343279e-01, -6.42078841e-01, -7.50142808e-02,
        -1.01715724e-02, -1.75338630e-01,  1.07477825e-01],
       [ 1.04742751e+00,  4.49719833e-02, -2.04683609e-01,
        -2.38289505e-01,  2.79455760e-01, -3.37395157e-01,
         3.89310694e-02,  1.43265841e+00, -1.37645713e+00,
         4.57563927e-01, -5.92771808e-02,  1.25324204e+00,
        -9.25294122e-01,  1.64991317e-01, -5.57551851e-01,
        -2.18863170e-01, -1.29439127e-02, -1.82101965e-01],
       [-1.22526370e+00, -2.88512275e-01,  5.40741133e-01,
         8.27853379e-01, -4.17802985e-01,  1.83083441e-01,
         6.86382486e-01, -3.43203693e+00,  1.27147826e+00,
        -1.03888006e+00,  2.14343279e-01, -9.25294122e-01,
         1.89879083e+00, -1.46152814e-01,  4.34081583e-02,
         5.56194768e-01, -5.06230302e-02, -4.32329158e-02],
       [ 1.74173742e-01, -6.66268865e-01,  1.95819040e-01,
         1.09752837e-02,  4.48545964e-01,  1.60022279e-01,
         9.58631592e-01,  1.10414677e+00,  3.31849782e-02,
        -3.87379502e-02, -6.42078841e-01,  1.64991317e-01,
        -1.46152814e-01,  9.82531097e-01, -8.10192979e-02,
        -3.98632042e-02,  2.83207434e-01, -1.67242912e-01],
       [-3.65076466e-01, -3.58579389e-02, -5.01554547e-01,
        -7.51576477e-02, -1.80932863e-01,  4.05658266e-01,
        -5.04959050e-01, -3.00002524e-01,  8.08809819e-01,
         3.17247704e-01, -7.50142808e-02, -5.57551851e-01,
         4.34081583e-02, -8.10192979e-02,  9.10365745e-01,
         5.93009147e-03,  6.55747462e-02,  3.34711570e-01],
       [-3.27548918e-01, -4.41634589e-02,  1.25600602e-01,
         2.29540796e-01, -1.17956595e-01,  4.74547145e-02,
         1.26431526e-01, -9.78234929e-01,  3.56282765e-01,
        -2.80809994e-01, -1.01715724e-02, -2.18863170e-01,
         5.56194768e-01, -3.98632042e-02,  5.93009147e-03,
         1.99977716e-01, -1.38267229e-02, -1.80403667e-02],
       [ 7.85025988e-03, -1.72369755e-01, -2.12325568e-02,
        -1.12397329e-02,  1.11838863e-01,  6.63340729e-02,
         1.88579855e-01,  2.56486869e-01,  3.93705802e-02,
         6.22286102e-02, -1.75338630e-01, -1.29439127e-02,
        -5.06230302e-02,  2.83207434e-01,  6.55747462e-02,
        -1.38267229e-02,  1.16648381e-01, -1.25468376e-02],
       [-9.52126189e-02,  1.44487537e-01, -1.91333134e-01,
        -5.98320131e-02, -7.63457446e-02,  9.99419667e-02,
        -2.55495574e-01,  8.76667654e-04,  1.92149823e-01,
         1.23910305e-01,  1.07477825e-01, -1.82101965e-01,
        -4.32329158e-02, -1.67242912e-01,  3.34711570e-01,
        -1.80403667e-02, -1.25468376e-02,  1.85737398e-01]])
      jac: array([ 1.18423789e-07,  3.44169138e-07, -3.37322762e-07, -8.64678699e-07,
       -2.46654549e-07,  3.31660625e-06,  2.38697950e-08, -4.45939582e-08,
       -1.48954922e-07,  2.10757338e-07, -9.89948864e-08,  4.77395901e-08,
        8.92989386e-07, -2.23154828e-07, -2.68525942e-06, -5.14773409e-07,
        1.16702944e-06,  1.77191595e-06])
  message: 'Optimization terminated successfully.'
     nfev: 798
      nit: 33
     njev: 42
   status: 0
  success: True
        x: array([ 0.69099139, -0.06067768,  0.52907244,  0.23215076, -0.98275129,
       -0.65497125,  1.24223674, -1.49396575, -0.92081606, -1.00735167,
        0.04957043,  0.64337553,  0.14280074,  0.03562222, -0.4084645 ,
        0.08650617,  1.24669255, -0.70723296])
