Program Begingeth
      fun: 0.3398362278890446
 hess_inv: array([[ 1.56352429e+01,  2.81670069e+00,  7.00835687e+00,
         4.20821174e+00, -5.64304826e-01,  2.43498494e+00,
        -1.50996857e+00,  5.01148821e+00,  1.32635214e+00,
        -3.05571680e+00,  1.79505343e+00, -2.36976329e+00,
        -2.13780294e+00, -1.17205439e+00,  6.41497183e-02,
        -8.00019669e-01,  1.81276031e+00,  1.71611407e-01],
       [ 2.81670069e+00,  4.16278795e+00,  3.19224771e+00,
         8.80986760e-01,  9.37906644e-01,  9.01313747e-01,
        -1.05609068e+00,  2.85072496e+00,  1.72376672e+00,
        -1.39735702e+00,  8.80202274e-01, -1.88330811e+00,
        -2.13476090e-01, -6.91694563e-01,  1.10595366e-01,
        -4.07533603e-01,  6.88678030e-01,  3.37372272e-01],
       [ 7.00835687e+00,  3.19224771e+00,  9.60991085e+00,
         1.84066633e+00,  2.74283908e-01,  2.90908556e+00,
         1.73740129e+00,  1.95411378e+00,  2.38706890e+00,
        -1.90883893e+00,  2.89890448e+00, -2.54712089e+00,
        -8.89864371e-01, -1.24722995e+00, -3.27703472e-01,
        -1.37341490e-01,  8.09568334e-01,  5.23727453e-01],
       [ 4.20821174e+00,  8.80986760e-01,  1.84066633e+00,
         1.16352409e+00, -1.11912141e-01,  6.37511609e-01,
        -3.95018937e-01,  1.43608782e+00,  3.77310079e-01,
        -8.54515455e-01,  4.47191555e-01, -7.07320156e-01,
        -5.32750014e-01, -3.24322069e-01,  4.51230332e-02,
        -2.03726320e-01,  4.87575717e-01,  6.38249078e-02],
       [-5.64304826e-01,  9.37906644e-01,  2.74283908e-01,
        -1.11912141e-01,  3.44775860e-01,  4.43208025e-02,
         9.05770240e-03,  3.10439397e-01,  2.65752362e-01,
        -8.82433180e-02,  5.66994309e-02, -2.92939896e-01,
         1.39544419e-01, -5.56275118e-02,  3.17887042e-02,
        -4.15393499e-03,  3.62407064e-02,  7.66039335e-02],
       [ 2.43498494e+00,  9.01313747e-01,  2.90908556e+00,
         6.37511609e-01,  4.43208025e-02,  9.32561600e-01,
         5.57926072e-01,  5.77786227e-01,  6.12272630e-01,
        -4.89589470e-01,  7.64578259e-01, -7.51422117e-01,
        -3.48000168e-01, -3.46322589e-01, -5.36216945e-02,
        -5.18492360e-02,  2.68440295e-01,  1.48090735e-01],
       [-1.50996857e+00, -1.05609068e+00,  1.73740129e+00,
        -3.95018937e-01,  9.05770240e-03,  5.57926072e-01,
         7.72428352e+00, -1.44238796e+00, -2.39112768e-01,
         3.99973876e-01, -2.67124947e-01,  3.63677248e-01,
         4.66851137e-01,  3.73059321e-01,  8.62667688e-02,
         1.17651594e+00, -3.16231669e-01,  4.38970451e-01],
       [ 5.01148821e+00,  2.85072496e+00,  1.95411378e+00,
         1.43608782e+00,  3.10439397e-01,  5.77786227e-01,
        -1.44238796e+00,  8.40148924e+00,  1.60540740e+00,
        -2.43445027e+00,  6.58729573e-01, -1.06757422e+00,
        -3.11968381e-01, -5.35269992e-01,  2.37272005e-01,
        -3.92067696e-01,  1.47768211e+00,  4.78439306e-01],
       [ 1.32635214e+00,  1.72376672e+00,  2.38706890e+00,
         3.77310079e-01,  2.65752362e-01,  6.12272630e-01,
        -2.39112768e-01,  1.60540740e+00,  3.83280919e+00,
        -1.09761050e+00,  5.79582024e-01, -7.67366043e-01,
        -8.81771746e-02, -4.73352089e-01, -3.00950105e-02,
        -2.27748699e-01,  3.01891958e-01,  6.19914192e-01],
       [-3.05571680e+00, -1.39735702e+00, -1.90883893e+00,
        -8.54515455e-01, -8.82433180e-02, -4.89589470e-01,
         3.99973876e-01, -2.43445027e+00, -1.09761050e+00,
         1.74548150e+00, -5.90159930e-01,  7.78780191e-01,
         1.45546999e-01,  3.87629677e-01, -8.86559464e-03,
         1.77948292e-01, -5.61572551e-01, -3.02795124e-01],
       [ 1.79505343e+00,  8.80202274e-01,  2.89890448e+00,
         4.47191555e-01,  5.66994309e-02,  7.64578259e-01,
        -2.67124947e-01,  6.58729573e-01,  5.79582024e-01,
        -5.90159930e-01,  1.66861140e+00, -7.99547665e-01,
        -2.40920068e-01, -5.72795232e-01, -3.12516613e-01,
        -1.13616665e-01,  2.06994064e-01, -1.47572243e-02],
       [-2.36976329e+00, -1.88330811e+00, -2.54712089e+00,
        -7.07320156e-01, -2.92939896e-01, -7.51422117e-01,
         3.63677248e-01, -1.06757422e+00, -7.67366043e-01,
         7.78780191e-01, -7.99547665e-01,  1.39295192e+00,
         2.54366311e-01,  5.17846961e-01, -4.56111005e-02,
         2.27573496e-01, -3.06767926e-01, -1.43808715e-01],
       [-2.13780294e+00, -2.13476090e-01, -8.89864371e-01,
        -5.32750014e-01,  1.39544419e-01, -3.48000168e-01,
         4.66851137e-01, -3.11968381e-01, -8.81771746e-02,
         1.45546999e-01, -2.40920068e-01,  2.54366311e-01,
         4.28257241e-01,  1.48570125e-01,  1.31883297e-02,
         1.84783408e-01, -2.13915796e-01,  5.43258066e-02],
       [-1.17205439e+00, -6.91694563e-01, -1.24722995e+00,
        -3.24322069e-01, -5.56275118e-02, -3.46322589e-01,
         3.73059321e-01, -5.35269992e-01, -4.73352089e-01,
         3.87629677e-01, -5.72795232e-01,  5.17846961e-01,
         1.48570125e-01,  2.96646236e-01,  6.24322238e-02,
         1.27255522e-01, -1.36967067e-01, -3.88318403e-02],
       [ 6.41497183e-02,  1.10595366e-01, -3.27703472e-01,
         4.51230332e-02,  3.17887042e-02, -5.36216945e-02,
         8.62667688e-02,  2.37272005e-01, -3.00950105e-02,
        -8.86559464e-03, -3.12516613e-01, -4.56111005e-02,
         1.31883297e-02,  6.24322238e-02,  1.33585357e-01,
        -2.26224464e-03,  3.25777235e-02,  5.43614233e-02],
       [-8.00019669e-01, -4.07533603e-01, -1.37341490e-01,
        -2.03726320e-01, -4.15393499e-03, -5.18492360e-02,
         1.17651594e+00, -3.92067696e-01, -2.27748699e-01,
         1.77948292e-01, -1.13616665e-01,  2.27573496e-01,
         1.84783408e-01,  1.27255522e-01, -2.26224464e-03,
         2.45468599e-01, -1.22996556e-01,  3.65388124e-02],
       [ 1.81276031e+00,  6.88678030e-01,  8.09568334e-01,
         4.87575717e-01,  3.62407064e-02,  2.68440295e-01,
        -3.16231669e-01,  1.47768211e+00,  3.01891958e-01,
        -5.61572551e-01,  2.06994064e-01, -3.06767926e-01,
        -2.13915796e-01, -1.36967067e-01,  3.25777235e-02,
        -1.22996556e-01,  3.64980694e-01,  7.63468919e-02],
       [ 1.71611407e-01,  3.37372272e-01,  5.23727453e-01,
         6.38249078e-02,  7.66039335e-02,  1.48090735e-01,
         4.38970451e-01,  4.78439306e-01,  6.19914192e-01,
        -3.02795124e-01, -1.47572243e-02, -1.43808715e-01,
         5.43258066e-02, -3.88318403e-02,  5.43614233e-02,
         3.65388124e-02,  7.63468919e-02,  1.90880108e-01]])
      jac: array([-1.39163311e-03, -1.37020987e-03, -5.80811325e-04,  4.19645837e-03,
        3.14504645e-03,  4.14644837e-03,  3.94320872e-04, -7.35966843e-06,
        4.09570526e-04, -1.23472566e-03, -1.33301148e-04,  2.13565832e-04,
       -2.72722585e-05, -2.62642500e-04, -2.62554793e-04, -2.89186231e-03,
        6.22897289e-04, -4.16402949e-03])
  message: 'Maximum number of iterations has been exceeded.'
     nfev: 2128
      nit: 100
     njev: 112
   status: 1
  success: False
        x: array([ 0.92111791, -0.75683121,  0.15527867,  1.33296673, -0.68406283,
        0.05692475, -1.90862954, -1.04331849, -0.96421507,  0.07570208,
        0.43872618,  1.08487281,  0.02375373,  0.05570147, -0.26900321,
       -1.37900106, -0.90896403, -0.12170725])
