Program Begingeth
      fun: 0.34728320434472415
 hess_inv: array([[ 1.02481518e+00, -2.21797510e-01,  1.48813705e-01,
         2.63204951e-01, -2.34362578e-01,  3.58635636e-01,
         5.08725872e-01, -3.11468038e-01,  4.77874367e-01,
         6.79870468e-01, -8.87130227e-01,  8.23569874e-02,
        -3.49127597e-01,  6.00451568e-02,  7.11013554e-02,
        -8.46668544e-04, -2.14262286e-02, -2.39654892e-01],
       [-2.21797510e-01,  4.74640759e-01, -6.59104307e-02,
        -2.25294958e-01,  9.93688816e-02, -2.26860099e-01,
        -7.57289673e-01,  9.38275407e-02, -3.75251633e-01,
        -5.84805465e-01,  2.46244390e-01, -2.14361800e-02,
         8.58662543e-02, -1.48561417e-01, -1.90837688e-01,
         5.11885204e-02,  1.23956498e-02, -3.78828858e-02],
       [ 1.48813705e-01, -6.59104307e-02,  4.01604182e-01,
         2.18006438e-01,  1.54276782e-01,  1.64230116e-01,
         3.95522696e-01,  1.31088487e-01,  9.91780574e-01,
         7.93191719e-01,  1.97057310e-01, -7.92364494e-02,
         3.06761691e-02,  1.72764794e-01, -3.35481903e-02,
         1.09079434e-01,  6.53701858e-02,  2.73616694e-02],
       [ 2.63204951e-01, -2.25294958e-01,  2.18006438e-01,
         5.20165882e-01,  1.08412981e-01,  1.83504236e-01,
         1.04862345e+00,  3.87767116e-01,  1.16238727e+00,
         1.38588504e+00,  1.02767785e-01, -2.89330049e-01,
         8.14288956e-02,  1.09798383e-01,  9.54962156e-02,
         7.66386687e-02, -6.07444414e-02,  2.54115045e-02],
       [-2.34362578e-01,  9.93688816e-02,  1.54276782e-01,
         1.08412981e-01,  3.66241947e-01, -5.67752774e-02,
         3.38106228e-02,  6.74458862e-01,  7.05460415e-01,
         3.74484488e-01,  8.71784033e-01, -1.56712198e-01,
         2.03413593e-01,  8.55860384e-02, -7.28086652e-02,
         1.15060652e-01,  7.91253683e-03,  8.52139773e-02],
       [ 3.58635636e-01, -2.26860099e-01,  1.64230116e-01,
         1.83504236e-01, -5.67752774e-02,  3.92901457e-01,
         8.84595184e-01, -2.94301672e-01,  1.14171980e+00,
         6.83620792e-01, -1.50303391e-01,  3.45501003e-01,
        -1.96403561e-01,  1.60105491e-01,  1.17814066e-01,
        -2.33075923e-02,  9.62889570e-02, -6.53006516e-02],
       [ 5.08725872e-01, -7.57289673e-01,  3.95522696e-01,
         1.04862345e+00,  3.38106228e-02,  8.84595184e-01,
         6.51585493e+00, -3.79530887e-01,  4.47769295e+00,
         2.96961687e+00,  7.97772087e-01, -8.23300778e-02,
        -3.33253443e-01,  4.86733546e-01,  3.43753361e-01,
        -7.87107054e-02,  4.10461011e-01, -1.17924908e-01],
       [-3.11468038e-01,  9.38275407e-02,  1.31088487e-01,
         3.87767116e-01,  6.74458862e-01, -2.94301672e-01,
        -3.79530887e-01,  2.72112311e+00,  7.31349744e-01,
         8.60332254e-01,  1.24176800e+00, -8.46330043e-01,
         4.92024418e-01,  6.33862464e-02, -5.44717766e-02,
         1.89765551e-01, -1.45852867e-01,  2.15993647e-01],
       [ 4.77874367e-01, -3.75251633e-01,  9.91780574e-01,
         1.16238727e+00,  7.05460415e-01,  1.14171980e+00,
         4.47769295e+00,  7.31349744e-01,  7.35741129e+00,
         3.98335676e+00,  1.91430493e+00,  1.53795957e-01,
        -9.02326180e-02,  6.66907529e-01,  2.31065257e-01,
         2.01254488e-01,  3.89744603e-01,  6.69728848e-02],
       [ 6.79870468e-01, -5.84805465e-01,  7.93191719e-01,
         1.38588504e+00,  3.74484488e-01,  6.83620792e-01,
         2.96961687e+00,  8.60332254e-01,  3.98335676e+00,
         4.10189808e+00,  5.09595263e-01, -5.13048150e-01,
         1.26531532e-01,  4.35064952e-01,  2.32316646e-01,
         2.02986346e-01, -1.57930026e-02,  5.44160790e-02],
       [-8.87130227e-01,  2.46244390e-01,  1.97057310e-01,
         1.02767785e-01,  8.71784033e-01, -1.50303391e-01,
         7.97772087e-01,  1.24176800e+00,  1.91430493e+00,
         5.09595263e-01,  2.58805466e+00, -2.23385829e-01,
         4.36025900e-01,  1.95258314e-01, -1.61896294e-01,
         1.84614535e-01,  1.31900888e-01,  2.11469856e-01],
       [ 8.23569874e-02, -2.14361800e-02, -7.92364494e-02,
        -2.89330049e-01, -1.56712198e-01,  3.45501003e-01,
        -8.23300778e-02, -8.46330043e-01,  1.53795957e-01,
        -5.13048150e-01, -2.23385829e-01,  1.04290484e+00,
        -2.73469503e-01,  7.41547595e-02,  4.83027491e-02,
        -9.19310909e-02,  1.58274832e-01, -1.14129859e-01],
       [-3.49127597e-01,  8.58662543e-02,  3.06761691e-02,
         8.14288956e-02,  2.03413593e-01, -1.96403561e-01,
        -3.33253443e-01,  4.92024418e-01, -9.02326180e-02,
         1.26531532e-01,  4.36025900e-01, -2.73469503e-01,
         2.96195881e-01, -3.19926968e-02, -4.15184250e-02,
         1.06433951e-01, -9.55655821e-02,  1.37188133e-01],
       [ 6.00451568e-02, -1.48561417e-01,  1.72764794e-01,
         1.09798383e-01,  8.55860384e-02,  1.60105491e-01,
         4.86733546e-01,  6.33862464e-02,  6.66907529e-01,
         4.35064952e-01,  1.95258314e-01,  7.41547595e-02,
        -3.19926968e-02,  1.61191185e-01,  3.67911130e-02,
         1.68554125e-02,  8.73017398e-02,  1.81759672e-02],
       [ 7.11013554e-02, -1.90837688e-01, -3.35481903e-02,
         9.54962156e-02, -7.28086652e-02,  1.17814066e-01,
         3.43753361e-01, -5.44717766e-02,  2.31065257e-01,
         2.32316646e-01, -1.61896294e-01,  4.83027491e-02,
        -4.15184250e-02,  3.67911130e-02,  1.33125182e-01,
        -4.43180075e-02, -1.43617394e-02,  4.03494145e-02],
       [-8.46668544e-04,  5.11885204e-02,  1.09079434e-01,
         7.66386687e-02,  1.15060652e-01, -2.33075923e-02,
        -7.87107054e-02,  1.89765551e-01,  2.01254488e-01,
         2.02986346e-01,  1.84614535e-01, -9.19310909e-02,
         1.06433951e-01,  1.68554125e-02, -4.43180075e-02,
         1.01708598e-01, -2.91374884e-02,  2.33305056e-02],
       [-2.14262286e-02,  1.23956498e-02,  6.53701858e-02,
        -6.07444414e-02,  7.91253683e-03,  9.62889570e-02,
         4.10461011e-01, -1.45852867e-01,  3.89744603e-01,
        -1.57930026e-02,  1.31900888e-01,  1.58274832e-01,
        -9.55655821e-02,  8.73017398e-02, -1.43617394e-02,
        -2.91374884e-02,  1.47185232e-01, -2.93484771e-02],
       [-2.39654892e-01, -3.78828858e-02,  2.73616694e-02,
         2.54115045e-02,  8.52139773e-02, -6.53006516e-02,
        -1.17924908e-01,  2.15993647e-01,  6.69728848e-02,
         5.44160790e-02,  2.11469856e-01, -1.14129859e-01,
         1.37188133e-01,  1.81759672e-02,  4.03494145e-02,
         2.33305056e-02, -2.93484771e-02,  1.35561393e-01]])
      jac: array([ 1.14226036e-04,  2.20632771e-04,  4.05978584e-04, -4.90871418e-04,
       -6.86667020e-04,  2.42067477e-04,  6.03476528e-05,  8.08445903e-05,
       -9.36265880e-05,  8.04534217e-05,  2.16946091e-04,  5.95264578e-06,
        4.09371426e-04,  9.66996853e-05,  3.89607235e-04, -2.96748182e-04,
       -3.31102923e-04, -1.64209017e-04])
  message: 'Maximum number of iterations has been exceeded.'
     nfev: 2280
      nit: 100
     njev: 120
   status: 1
  success: False
        x: array([ 0.09120959,  0.08934735,  0.92211607,  1.18941761, -1.09515987,
        0.35506925,  0.53042735, -2.14446226,  0.99505973,  1.64028096,
       -0.99843079,  0.94311285,  0.07187657,  0.02460128, -0.27661406,
       -1.07096509, -0.54830708,  0.04022639])
