Program Begingeth
      fun: 0.3639493815571762
 hess_inv: array([[ 1.83671405e+00,  1.66863542e-01, -1.06361696e-01,
        -1.53006488e-01,  2.56652184e-01,  3.60690045e-01,
        -1.01396578e-01,  5.70760839e-01,  4.65479477e-01,
        -3.97267143e-01,  8.52086296e-01,  3.90766887e-01,
        -8.14590242e-01, -9.23984604e-02,  5.73980415e-02,
         1.00458223e-03, -6.90015775e-02, -3.23074671e-01],
       [ 1.66863542e-01,  6.68117977e-01, -1.35488554e-01,
         2.69558493e-01,  1.10363722e-01, -2.05415816e-01,
         1.19609073e+00,  1.18534731e-01, -9.57782264e-01,
         7.71724066e-01,  5.82720822e-01, -5.51151283e-02,
        -4.99052157e-02, -3.02482302e-01, -1.72547805e-01,
         7.63543989e-03,  1.32646719e-03, -1.55895550e-01],
       [-1.06361696e-01, -1.35488554e-01,  4.47979091e-01,
        -1.57011510e-01, -1.06297742e-02,  8.61204038e-02,
        -1.12393311e+00, -2.13322988e-01,  8.30601356e-01,
        -2.93686813e-01, -3.08911851e-01,  2.93234163e-02,
         8.06254289e-02,  1.55390089e-01, -1.15679911e-01,
         7.18091078e-02,  4.31851714e-02,  6.71349454e-02],
       [-1.53006488e-01,  2.69558493e-01, -1.57011510e-01,
         4.57168507e-01,  1.20923216e-01, -2.20608253e-01,
         1.50614908e+00,  4.11743793e-01, -1.68187772e+00,
         1.17529834e+00,  5.18658791e-01,  1.36536337e-01,
         1.68224529e-01, -1.49033371e-01, -9.79887316e-02,
         2.88995982e-02, -2.40599413e-02, -3.99986534e-02],
       [ 2.56652184e-01,  1.10363722e-01, -1.06297742e-02,
         1.20923216e-01,  3.36004947e-01, -2.18358452e-02,
         4.12933841e-01,  8.49340680e-01, -1.28426800e+00,
         3.36773961e-01,  9.82899799e-01,  1.97525839e-01,
        -7.26283201e-02,  1.90404284e-02, -5.88387897e-03,
         2.44071199e-02,  1.04797066e-02, -4.83347907e-02],
       [ 3.60690045e-01, -2.05415816e-01,  8.61204038e-02,
        -2.20608253e-01, -2.18358452e-02,  3.28868759e-01,
        -8.48999138e-01,  2.28866646e-01,  1.42420245e+00,
        -6.89122777e-01, -2.36324760e-01,  3.53552399e-01,
        -1.51318465e-01,  7.68677247e-02,  1.19405566e-01,
         5.15278492e-03, -3.03761624e-02,  6.31204746e-03],
       [-1.01396578e-01,  1.19609073e+00, -1.12393311e+00,
         1.50614908e+00,  4.12933841e-01, -8.48999138e-01,
         9.79904304e+00,  4.18668503e-01, -7.52486451e+00,
         3.40988268e+00,  3.19813273e+00,  2.25760629e-01,
        -2.16470541e-02, -8.22744094e-01, -8.65085117e-02,
        -1.85701201e-01,  5.19882953e-03, -2.41547022e-01],
       [ 5.70760839e-01,  1.18534731e-01, -2.13322988e-01,
         4.11743793e-01,  8.49340680e-01,  2.28866646e-01,
         4.18668503e-01,  4.43856218e+00, -2.36488786e+00,
         8.31276249e-01,  1.87553183e+00,  1.28020528e+00,
         2.41637363e-02,  3.39806467e-02,  1.26530984e-01,
         9.02254488e-02, -7.42873647e-02, -9.29462186e-02],
       [ 4.65479477e-01, -9.57782264e-01,  8.30601356e-01,
        -1.68187772e+00, -1.28426800e+00,  1.42420245e+00,
        -7.52486451e+00, -2.36488786e+00,  1.33509460e+01,
        -4.69943610e+00, -5.12301887e+00,  7.37639624e-02,
        -2.50256281e-01,  3.30746901e-01,  2.96803587e-01,
         6.06753297e-02, -9.90357806e-02,  2.14562395e-01],
       [-3.97267143e-01,  7.71724066e-01, -2.93686813e-01,
         1.17529834e+00,  3.36773961e-01, -6.89122777e-01,
         3.40988268e+00,  8.31276249e-01, -4.69943610e+00,
         3.32619626e+00,  1.36074649e+00,  1.45135753e-01,
         4.03202253e-01, -3.56829322e-01, -3.67901616e-01,
         7.54389014e-02, -3.02280764e-02, -1.32302124e-01],
       [ 8.52086296e-01,  5.82720822e-01, -3.08911851e-01,
         5.18658791e-01,  9.82899799e-01, -2.36324760e-01,
         3.19813273e+00,  1.87553183e+00, -5.12301887e+00,
         1.36074649e+00,  3.61210668e+00,  4.38862919e-01,
        -3.77355431e-01, -1.77449010e-01, -6.30197462e-04,
        -2.46390869e-02,  2.32364650e-02, -2.17653241e-01],
       [ 3.90766887e-01, -5.51151283e-02,  2.93234163e-02,
         1.36536337e-01,  1.97525839e-01,  3.53552399e-01,
         2.25760629e-01,  1.28020528e+00,  7.37639624e-02,
         1.45135753e-01,  4.38862919e-01,  1.07987497e+00,
        -4.14151827e-02, -1.95730529e-02,  6.88821634e-02,
         4.13217189e-02, -7.71592136e-02, -3.74689184e-02],
       [-8.14590242e-01, -4.99052157e-02,  8.06254289e-02,
         1.68224529e-01, -7.26283201e-02, -1.51318465e-01,
        -2.16470541e-02,  2.41637363e-02, -2.50256281e-01,
         4.03202253e-01, -3.77355431e-01, -4.14151827e-02,
         4.53271713e-01,  3.82867171e-02, -5.72016110e-02,
         5.66233653e-02,  9.36986157e-03,  1.43042361e-01],
       [-9.23984604e-02, -3.02482302e-01,  1.55390089e-01,
        -1.49033371e-01,  1.90404284e-02,  7.68677247e-02,
        -8.22744094e-01,  3.39806467e-02,  3.30746901e-01,
        -3.56829322e-01, -1.77449010e-01, -1.95730529e-02,
         3.82867171e-02,  2.08328040e-01,  4.75751895e-02,
         1.69537783e-02,  3.84103397e-02,  8.15526211e-02],
       [ 5.73980415e-02, -1.72547805e-01, -1.15679911e-01,
        -9.79887316e-02, -5.88387897e-03,  1.19405566e-01,
        -8.65085117e-02,  1.26530984e-01,  2.96803587e-01,
        -3.67901616e-01, -6.30197462e-04,  6.88821634e-02,
        -5.72016110e-02,  4.75751895e-02,  1.64824092e-01,
        -3.44792778e-02, -1.39944959e-02,  4.72237233e-02],
       [ 1.00458223e-03,  7.63543989e-03,  7.18091078e-02,
         2.88995982e-02,  2.44071199e-02,  5.15278492e-03,
        -1.85701201e-01,  9.02254488e-02,  6.06753297e-02,
         7.54389014e-02, -2.46390869e-02,  4.13217189e-02,
         5.66233653e-02,  1.69537783e-02, -3.44792778e-02,
         5.27512485e-02, -3.37350000e-03,  4.61781310e-03],
       [-6.90015775e-02,  1.32646719e-03,  4.31851714e-02,
        -2.40599413e-02,  1.04797066e-02, -3.03761624e-02,
         5.19882953e-03, -7.42873647e-02, -9.90357806e-02,
        -3.02280764e-02,  2.32364650e-02, -7.71592136e-02,
         9.36986157e-03,  3.84103397e-02, -1.39944959e-02,
        -3.37350000e-03,  4.35480906e-02,  1.53784548e-02],
       [-3.23074671e-01, -1.55895550e-01,  6.71349454e-02,
        -3.99986534e-02, -4.83347907e-02,  6.31204746e-03,
        -2.41547022e-01, -9.29462186e-02,  2.14562395e-01,
        -1.32302124e-01, -2.17653241e-01, -3.74689184e-02,
         1.43042361e-01,  8.15526211e-02,  4.72237233e-02,
         4.61781310e-03,  1.53784548e-02,  1.09540035e-01]])
      jac: array([-4.77736369e-05,  1.40421008e-05, -3.01610588e-07, -2.26226445e-06,
       -3.02350737e-06, -5.92914606e-05, -2.49726166e-06, -2.06020386e-06,
        8.62865335e-06,  1.32989915e-05,  1.02455081e-05,  3.60289576e-05,
       -7.54074581e-05,  9.50902320e-05,  4.03081272e-05,  3.37196937e-05,
       -2.66039043e-05, -4.58470299e-05])
  message: 'Desired error not necessarily achieved due to precision loss.'
     nfev: 2538
      nit: 85
     njev: 133
   status: 2
  success: False
        x: array([-0.04722225,  0.14053369,  0.6473891 ,  1.69067485, -0.93177036,
       -0.26615599,  1.30317547, -2.08843268, -0.55273928,  2.07609149,
       -0.87193864, -0.89925249,  0.08728338, -0.0171859 , -0.26266033,
       -1.52151715, -0.56721746,  0.0460827 ])
