Program Begingeth
      fun: 0.3859321680511253
 hess_inv: array([[ 7.24318192e+00,  7.12428942e-02,  2.32895451e+00,
         2.32631164e+00, -3.67057817e-01,  2.26568717e+00,
        -2.06436356e+00, -3.53072972e-01,  8.02115414e+00,
         7.12366006e-02, -9.53793138e-01, -1.52666181e-01,
        -8.85365454e-01,  3.08397374e-01,  5.37317532e-01,
        -4.02252306e-01,  6.55962673e-01, -3.31708387e-01],
       [ 7.12428942e-02,  6.69298012e+00,  2.46630440e+00,
        -1.30784469e-02,  2.85360479e+00,  1.12120278e+00,
        -6.95123177e+00,  9.53491890e-02,  8.10883254e+00,
        -3.88455143e-01,  6.60514084e-01, -1.55926298e+00,
         6.07223088e-01, -3.75754109e-01, -1.25165654e-01,
         1.16079039e-01, -3.85993323e-01, -3.96162541e-03],
       [ 2.32895451e+00,  2.46630440e+00,  3.80533768e+00,
         3.71619346e-01,  8.21609802e-01,  1.98839061e+00,
        -5.04487412e+00, -2.28152598e+00,  6.28053360e+00,
         4.44511414e-02,  7.12469280e-01, -6.52917040e-01,
        -2.80666867e-01, -5.38661674e-02, -6.83725182e-02,
        -1.74377551e-02,  2.11738310e-01, -2.40217190e-01],
       [ 2.32631164e+00, -1.30784469e-02,  3.71619346e-01,
         8.50823788e-01, -1.24469992e-01,  5.69467661e-01,
         3.31419996e-02,  2.36238551e-01,  2.41849967e+00,
        -2.90468421e-02, -4.41082533e-01, -7.92943209e-02,
        -2.20468331e-01,  9.08754262e-02,  2.24134204e-01,
        -1.30388080e-01,  1.80153139e-01, -5.85106635e-02],
       [-3.67057817e-01,  2.85360479e+00,  8.21609802e-01,
        -1.24469992e-01,  1.34946863e+00,  3.46357690e-01,
        -3.46444461e+00,  7.51470810e-01,  2.93403474e+00,
        -7.45832041e-02,  2.25686617e-01, -5.66122721e-01,
         3.65347404e-01, -1.27074453e-01, -5.50165245e-02,
         1.13294982e-01, -2.51113558e-01,  2.57097266e-02],
       [ 2.26568717e+00,  1.12120278e+00,  1.98839061e+00,
         5.69467661e-01,  3.46357690e-01,  1.29298155e+00,
        -2.86901948e+00, -7.22431999e-01,  4.39879414e+00,
         1.31382823e-01,  1.85852704e-02, -2.87666419e-01,
        -2.80807072e-01,  5.09610625e-02,  1.14535547e-01,
        -9.16660312e-02,  1.75298080e-01, -1.45813256e-01],
       [-2.06436356e+00, -6.95123177e+00, -5.04487412e+00,
         3.31419996e-02, -3.46444461e+00, -2.86901948e+00,
         1.85780171e+01, -1.63694000e+00, -1.17142973e+01,
        -6.39450805e-01, -5.77369897e-01,  9.76181066e-01,
        -4.30210755e-01,  1.08477199e-01,  8.01371332e-02,
        -2.86497328e-01,  6.24064300e-01,  3.53657613e-01],
       [-3.53072972e-01,  9.53491890e-02, -2.28152598e+00,
         2.36238551e-01,  7.51470810e-01, -7.22431999e-01,
        -1.63694000e+00,  6.87419676e+00, -1.22201473e+00,
         4.52789440e-01, -1.22543914e+00,  2.28543846e-01,
         4.32363946e-01,  2.57898235e-01,  4.28056291e-01,
         6.56116447e-02, -3.52642192e-01,  2.25464144e-01],
       [ 8.02115414e+00,  8.10883254e+00,  6.28053360e+00,
         2.41849967e+00,  2.93403474e+00,  4.39879414e+00,
        -1.17142973e+01, -1.22201473e+00,  2.18346324e+01,
        -1.63445819e-01, -3.62308908e-02, -2.00760524e+00,
        -3.75795421e-01, -2.34944590e-01,  4.99817499e-01,
        -3.66142175e-01,  1.78514948e-01, -3.01050825e-01],
       [ 7.12366006e-02, -3.88455143e-01,  4.44511414e-02,
        -2.90468421e-02, -7.45832041e-02,  1.31382823e-01,
        -6.39450805e-01,  4.52789440e-01, -1.63445819e-01,
         8.49612254e-01,  2.61146206e-02,  9.97592006e-02,
        -2.14947913e-01,  8.00886332e-03, -3.31006986e-02,
        -1.22369544e-02, -5.81964915e-02, -1.86646703e-01],
       [-9.53793138e-01,  6.60514084e-01,  7.12469280e-01,
        -4.41082533e-01,  2.25686617e-01,  1.85852704e-02,
        -5.77369897e-01, -1.22543914e+00, -3.62308908e-02,
         2.61146206e-02,  1.05977672e+00, -2.34663447e-01,
         6.95111954e-02, -2.54323685e-01, -3.13079596e-01,
         1.05065296e-01, -7.78081502e-02, -1.28853406e-01],
       [-1.52666181e-01, -1.55926298e+00, -6.52917040e-01,
        -7.92943209e-02, -5.66122721e-01, -2.87666419e-01,
         9.76181066e-01,  2.28543846e-01, -2.00760524e+00,
         9.97592006e-02, -2.34663447e-01,  7.90980477e-01,
        -6.99875194e-02,  1.84870029e-01, -3.82660435e-02,
         4.96517768e-02,  9.12421993e-02,  1.64168438e-02],
       [-8.85365454e-01,  6.07223088e-01, -2.80666867e-01,
        -2.20468331e-01,  3.65347404e-01, -2.80807072e-01,
        -4.30210755e-01,  4.32363946e-01, -3.75795421e-01,
        -2.14947913e-01,  6.95111954e-02, -6.99875194e-02,
         3.22234737e-01, -5.87103526e-02, -4.21975078e-02,
         1.32100132e-01, -1.73991064e-01,  1.10241257e-01],
       [ 3.08397374e-01, -3.75754109e-01, -5.38661674e-02,
         9.08754262e-02, -1.27074453e-01,  5.09610625e-02,
         1.08477199e-01,  2.57898235e-01, -2.34944590e-01,
         8.00886332e-03, -2.54323685e-01,  1.84870029e-01,
        -5.87103526e-02,  1.36007452e-01,  5.96791888e-02,
        -1.51884956e-02,  9.38503648e-02,  1.87207916e-02],
       [ 5.37317532e-01, -1.25165654e-01, -6.83725182e-02,
         2.24134204e-01, -5.50165245e-02,  1.14535547e-01,
         8.01371332e-02,  4.28056291e-01,  4.99817499e-01,
        -3.31006986e-02, -3.13079596e-01, -3.82660435e-02,
        -4.21975078e-02,  5.96791888e-02,  1.61205199e-01,
        -5.76594310e-02,  3.05832159e-02,  6.12381880e-02],
       [-4.02252306e-01,  1.16079039e-01, -1.74377551e-02,
        -1.30388080e-01,  1.13294982e-01, -9.16660312e-02,
        -2.86497328e-01,  6.56116447e-02, -3.66142175e-01,
        -1.22369544e-02,  1.05065296e-01,  4.96517768e-02,
         1.32100132e-01, -1.51884956e-02, -5.76594310e-02,
         1.04519063e-01, -7.02009683e-02,  1.74215038e-02],
       [ 6.55962673e-01, -3.85993323e-01,  2.11738310e-01,
         1.80153139e-01, -2.51113558e-01,  1.75298080e-01,
         6.24064300e-01, -3.52642192e-01,  1.78514948e-01,
        -5.81964915e-02, -7.78081502e-02,  9.12421993e-02,
        -1.73991064e-01,  9.38503648e-02,  3.05832159e-02,
        -7.02009683e-02,  2.01502038e-01, -3.00260336e-02],
       [-3.31708387e-01, -3.96162541e-03, -2.40217190e-01,
        -5.85106635e-02,  2.57097266e-02, -1.45813256e-01,
         3.53657613e-01,  2.25464144e-01, -3.01050825e-01,
        -1.86646703e-01, -1.28853406e-01,  1.64168438e-02,
         1.10241257e-01,  1.87207916e-02,  6.12381880e-02,
         1.74215038e-02, -3.00260336e-02,  1.27482740e-01]])
      jac: array([ 7.25119964e-05,  1.23049719e-06,  1.09608618e-05, -1.44004068e-04,
       -5.35608595e-06, -7.38857124e-05, -2.74743191e-06, -9.54754794e-06,
        1.16758455e-06,  4.54244050e-05,  4.90718577e-06, -2.58348898e-06,
        1.23811702e-04, -4.68580730e-05,  8.28840700e-05, -2.94068473e-05,
        1.07103585e-04, -2.29875378e-05])
  message: 'Desired error not necessarily achieved due to precision loss.'
     nfev: 2348
      nit: 81
     njev: 123
   status: 2
  success: False
        x: array([ 0.91122577, -1.40646005,  0.51824206,  1.17967232, -1.35339082,
        0.14184704,  0.7442678 , -2.24700841, -0.47387733,  0.040308  ,
        0.42832581,  1.20382343, -0.01907541, -0.05838694, -0.32587186,
       -1.13541812, -0.78747288, -0.02647842])
