Program Begingeth
      fun: 0.28669279694677285
 hess_inv: array([[ 4.95039272e+00, -1.53676451e+00,  2.31712647e+00,
         1.35742103e+00, -8.16384717e-01,  1.65665421e+00,
        -1.53321846e+00, -5.20430784e-01,  4.42699352e+00,
         1.87279335e-01, -2.31993914e-01,  8.85978112e-02,
        -8.06221277e-01,  2.63474611e-01,  1.80553129e-01,
        -2.10585178e-01,  4.97355454e-01, -2.54337320e-01],
       [-1.53676451e+00,  3.41722215e+00, -8.83127784e-01,
        -7.81834522e-02,  1.51886344e+00, -6.33295837e-01,
         1.81715454e+00,  3.24177258e+00, -3.13737195e-01,
        -4.36667857e-01, -4.86680418e-02, -9.50608115e-01,
         5.42622735e-01, -3.12387066e-01,  1.01462341e-01,
         7.07635956e-03, -2.68573308e-01,  1.89981084e-01],
       [ 2.31712647e+00, -8.83127784e-01,  2.21371616e+01,
        -2.82664297e+00, -1.07187658e+00,  1.01912574e+01,
        -3.72124436e+01, -1.71749741e+01,  2.24737214e+01,
         1.34445721e+00,  4.69975744e+00, -8.63473938e-01,
        -1.17330197e+00,  1.83952713e-01, -1.33906917e+00,
         5.28614858e-01,  1.05392169e+00, -1.28727607e+00],
       [ 1.35742103e+00, -7.81834522e-02, -2.82664297e+00,
         1.02781324e+00,  8.15850095e-03, -1.12160817e+00,
         6.19842330e+00,  2.83845352e+00, -1.95486879e+00,
        -2.05729516e-01, -7.91630171e-01,  3.49054687e-02,
        -3.55503621e-02, -3.52848236e-03,  2.83569593e-01,
        -1.58309183e-01, -3.37014111e-02,  1.37191483e-01],
       [-8.16384717e-01,  1.51886344e+00, -1.07187658e+00,
         8.15850095e-03,  7.52674077e-01, -5.76571766e-01,
         1.62183351e+00,  2.37850289e+00, -9.65065397e-01,
        -1.63899591e-01, -2.08798517e-01, -3.35663020e-01,
         2.79241547e-01, -1.05758956e-01,  1.05311150e-01,
         5.11249811e-03, -1.48723270e-01,  1.31460524e-01],
       [ 1.65665421e+00, -6.33295837e-01,  1.01912574e+01,
        -1.12160817e+00, -5.76571766e-01,  4.82349790e+00,
        -1.71949440e+01, -7.51748600e+00,  1.07828694e+01,
         7.33501047e-01,  1.95839179e+00, -3.22698329e-01,
        -6.56829601e-01,  1.43563919e-01, -5.43677155e-01,
         2.02972615e-01,  5.26009033e-01, -6.09169265e-01],
       [-1.53321846e+00,  1.81715454e+00, -3.72124436e+01,
         6.19842330e+00,  1.62183351e+00, -1.71949440e+01,
         7.09290311e+01,  2.85847946e+01, -3.62084003e+01,
        -2.54422592e+00, -7.25359498e+00,  7.46608578e-01,
         1.77110871e+00, -6.90683691e-01,  2.19107006e+00,
        -1.08321960e+00, -1.68522305e+00,  2.11521082e+00],
       [-5.20430784e-01,  3.24177258e+00, -1.71749741e+01,
         2.83845352e+00,  2.37850289e+00, -7.51748600e+00,
         2.85847946e+01,  2.21534473e+01, -1.61637762e+01,
        -6.72222743e-01, -4.32698600e+00, -9.80574040e-02,
         8.54888977e-01, -1.22691849e-01,  1.60415656e+00,
        -5.54767398e-01, -8.27876878e-01,  1.13122660e+00],
       [ 4.42699352e+00, -3.13737195e-01,  2.24737214e+01,
        -1.95486879e+00, -9.65065397e-01,  1.07828694e+01,
        -3.62084003e+01, -1.61637762e+01,  2.72101033e+01,
         1.58200086e+00,  4.47378460e+00, -1.05808241e+00,
        -1.41712549e+00, -3.79096213e-03, -1.27542409e+00,
         3.70153472e-01,  1.00975686e+00, -1.43432764e+00],
       [ 1.87279335e-01, -4.36667857e-01,  1.34445721e+00,
        -2.05729516e-01, -1.63899591e-01,  7.33501047e-01,
        -2.54422592e+00, -6.72222743e-01,  1.58200086e+00,
         1.02038986e+00,  3.04352925e-01,  5.75832472e-02,
        -3.16006106e-01,  1.82778251e-02, -1.59539903e-01,
         2.55079566e-02,  2.67814346e-02, -2.91353710e-01],
       [-2.31993914e-01, -4.86680418e-02,  4.69975744e+00,
        -7.91630171e-01, -2.08798517e-01,  1.95839179e+00,
        -7.25359498e+00, -4.32698600e+00,  4.47378460e+00,
         3.04352925e-01,  1.74126501e+00, -3.06750873e-01,
        -1.50828952e-01, -1.69708845e-01, -5.07364851e-01,
         1.62737771e-01,  1.49083351e-01, -3.67952310e-01],
       [ 8.85978112e-02, -9.50608115e-01, -8.63473938e-01,
         3.49054687e-02, -3.35663020e-01, -3.22698329e-01,
         7.46608578e-01, -9.80574040e-02, -1.05808241e+00,
         5.75832472e-02, -3.06750873e-01,  6.51284257e-01,
        -3.58347025e-02,  1.70545471e-01, -2.62360038e-03,
         4.06689545e-02,  4.94638516e-02,  4.05347129e-02],
       [-8.06221277e-01,  5.42622735e-01, -1.17330197e+00,
        -3.55503621e-02,  2.79241547e-01, -6.56829601e-01,
         1.77110871e+00,  8.54888977e-01, -1.41712549e+00,
        -3.16006106e-01, -1.50828952e-01, -3.58347025e-02,
         2.87637622e-01, -6.67350801e-02,  4.56270131e-02,
         5.20783137e-02, -1.30951916e-01,  1.48875260e-01],
       [ 2.63474611e-01, -3.12387066e-01,  1.83952713e-01,
        -3.52848236e-03, -1.05758956e-01,  1.43563919e-01,
        -6.90683691e-01, -1.22691849e-01, -3.79096213e-03,
         1.82778251e-02, -1.69708845e-01,  1.70545471e-01,
        -6.67350801e-02,  1.35254666e-01,  3.71454157e-02,
         4.79758589e-03,  8.98512787e-02,  1.16833103e-02],
       [ 1.80553129e-01,  1.01462341e-01, -1.33906917e+00,
         2.83569593e-01,  1.05311150e-01, -5.43677155e-01,
         2.19107006e+00,  1.60415656e+00, -1.27542409e+00,
        -1.59539903e-01, -5.07364851e-01, -2.62360038e-03,
         4.56270131e-02,  3.71454157e-02,  2.08132725e-01,
        -6.63615412e-02, -3.93736973e-02,  1.44148271e-01],
       [-2.10585178e-01,  7.07635956e-03,  5.28614858e-01,
        -1.58309183e-01,  5.11249811e-03,  2.02972615e-01,
        -1.08321960e+00, -5.54767398e-01,  3.70153472e-01,
         2.55079566e-02,  1.62737771e-01,  4.06689545e-02,
         5.20783137e-02,  4.79758589e-03, -6.63615412e-02,
         7.80591737e-02,  1.96486139e-03, -1.97191871e-02],
       [ 4.97355454e-01, -2.68573308e-01,  1.05392169e+00,
        -3.37014111e-02, -1.48723270e-01,  5.26009033e-01,
        -1.68522305e+00, -8.27876878e-01,  1.00975686e+00,
         2.67814346e-02,  1.49083351e-01,  4.94638516e-02,
        -1.30951916e-01,  8.98512787e-02, -3.93736973e-02,
         1.96486139e-03,  1.45217565e-01, -6.18922471e-02],
       [-2.54337320e-01,  1.89981084e-01, -1.28727607e+00,
         1.37191483e-01,  1.31460524e-01, -6.09169265e-01,
         2.11521082e+00,  1.13122660e+00, -1.43432764e+00,
        -2.91353710e-01, -3.67952310e-01,  4.05347129e-02,
         1.48875260e-01,  1.16833103e-02,  1.44148271e-01,
        -1.97191871e-02, -6.18922471e-02,  1.76390042e-01]])
      jac: array([ 3.50090327e-07,  3.40468394e-08,  9.43689571e-08,  1.93918955e-07,
        1.20274161e-07, -1.41738473e-07, -1.26195350e-07,  7.80856861e-08,
       -2.44619140e-07,  4.03751107e-07, -4.18554080e-07, -7.77156117e-08,
       -8.54871729e-08, -1.22050518e-06, -3.39136127e-06, -3.82286795e-07,
        2.34997207e-07,  2.72818805e-06])
  message: 'Optimization terminated successfully.'
     nfev: 1748
      nit: 81
     njev: 92
   status: 0
  success: True
        x: array([ 1.00602103e+00, -1.11129643e+00,  3.87710337e-01,  1.34316508e+00,
       -1.10752709e+00,  7.08962452e-02,  1.34103942e+00, -1.50296187e+00,
       -8.51116851e-01,  2.68131084e-02,  5.36308709e-01,  1.14133276e+00,
       -1.12062641e-04,  2.02510866e-01, -2.80298739e-01, -1.23769831e+00,
       -2.39047272e-01,  5.85696708e-03])
