Program Begingeth
      fun: 0.3634308085210202
 hess_inv: array([[ 8.18197059e-01, -1.49531265e-01,  4.87356209e-02,
        -1.56596033e-01,  1.75903638e-01,  3.64167959e-01,
        -3.05399080e-01,  2.32717071e-01,  2.09490874e-01,
        -6.77916701e-01,  3.17649060e-01,  7.20290703e-01,
        -3.02274945e-01,  6.84755777e-02, -4.82644167e-03,
         2.88699110e-02, -1.13016602e-01, -2.36828471e-01],
       [-1.49531265e-01,  5.03710864e-01, -1.49628843e-01,
         2.87663916e-01, -5.90385437e-02, -4.45913862e-01,
         1.04531869e+00,  5.19330567e-01,  1.67055460e-02,
         1.06118623e+00, -1.72801360e-01, -1.07095956e+00,
         5.32225780e-02, -1.91925274e-01, -1.95394053e-01,
         1.91925522e-02,  9.99478558e-02, -7.79564515e-02],
       [ 4.87356209e-02, -1.49628843e-01,  3.44394103e-01,
        -2.44890097e-01,  7.89858450e-02,  2.23035141e-01,
        -6.33995742e-01, -3.84370334e-01, -1.26256467e-01,
        -8.79823665e-01,  4.09567608e-02,  6.81821161e-01,
         2.81808873e-02,  1.41692978e-01, -3.33510169e-02,
         7.34984260e-02, -1.80390865e-02,  4.03159817e-02],
       [-1.56596033e-01,  2.87663916e-01, -2.44890097e-01,
         6.35483271e-01,  6.93220100e-02, -5.12091455e-01,
         1.94413421e+00,  1.28232706e+00,  6.79670276e-01,
         1.96419248e+00,  1.89034379e-01, -1.72363103e+00,
         1.48725929e-01, -1.21095257e-01, -6.67744567e-02,
         3.32049677e-02,  7.81341260e-02,  6.30675918e-03],
       [ 1.75903638e-01, -5.90385437e-02,  7.89858450e-02,
         6.93220100e-02,  3.41761380e-01,  1.68697356e-02,
         3.71707135e-01,  8.13161348e-01,  3.74247329e-01,
        -3.53219907e-02,  7.37529580e-01, -3.40304920e-01,
         3.53457350e-02,  1.40030030e-01,  2.38779821e-02,
         7.90125026e-02, -4.35456592e-03, -1.50745324e-02],
       [ 3.64167959e-01, -4.45913862e-01,  2.23035141e-01,
        -5.12091455e-01,  1.68697356e-02,  7.91869005e-01,
        -1.88543572e+00, -1.23966563e+00, -6.37679484e-02,
        -1.88223959e+00,  1.75459143e-01,  2.30439701e+00,
        -1.33003195e-01,  1.03474088e-01,  1.90108707e-01,
        -2.99880684e-02, -1.97026023e-01,  1.00365835e-02],
       [-3.05399080e-01,  1.04531869e+00, -6.33995742e-01,
         1.94413421e+00,  3.71707135e-01, -1.88543572e+00,
         7.33893130e+00,  4.54154676e+00,  1.97886436e+00,
         5.86331008e+00,  6.22682189e-01, -6.34232494e+00,
         3.59361629e-01, -2.69570548e-01, -4.38400600e-01,
         1.49890120e-01,  3.23396012e-01, -1.43549705e-01],
       [ 2.32717071e-01,  5.19330567e-01, -3.84370334e-01,
         1.28232706e+00,  8.13161348e-01, -1.23966563e+00,
         4.54154676e+00,  6.99619748e+00,  1.88886639e+00,
         4.83477330e+00,  1.27416545e+00, -5.52114974e+00,
        -1.77881242e-01,  1.65533405e-01, -6.42160364e-02,
         4.05710438e-02,  4.61559231e-01, -1.29306906e-01],
       [ 2.09490874e-01,  1.67055460e-02, -1.26256467e-01,
         6.79670276e-01,  3.74247329e-01, -6.37679484e-02,
         1.97886436e+00,  1.88886639e+00,  2.39846992e+00,
         1.78669691e+00,  1.10274469e+00, -1.23302401e+00,
         8.53544204e-02, -2.51402666e-02,  6.79034230e-02,
         3.30445785e-02, -3.00883121e-02, -3.81672662e-02],
       [-6.77916701e-01,  1.06118623e+00, -8.79823665e-01,
         1.96419248e+00, -3.53219907e-02, -1.88223959e+00,
         5.86331008e+00,  4.83477330e+00,  1.78669691e+00,
         7.27800129e+00, -1.36744341e-01, -6.27479467e+00,
         1.70915546e-01, -3.72437069e-01, -2.22419399e-01,
        -5.92218736e-02,  5.50635522e-01,  1.85106356e-02],
       [ 3.17649060e-01, -1.72801360e-01,  4.09567608e-02,
         1.89034379e-01,  7.37529580e-01,  1.75459143e-01,
         6.22682189e-01,  1.27416545e+00,  1.10274469e+00,
        -1.36744341e-01,  2.01203276e+00, -3.43334010e-01,
         1.24695959e-01,  2.27564879e-01,  1.68931482e-01,
         1.12624734e-01, -6.65455929e-02,  1.39765084e-02],
       [ 7.20290703e-01, -1.07095956e+00,  6.81821161e-01,
        -1.72363103e+00, -3.40304920e-01,  2.30439701e+00,
        -6.34232494e+00, -5.52114974e+00, -1.23302401e+00,
        -6.27479467e+00, -3.43334010e-01,  7.81718726e+00,
        -2.37875621e-01,  7.29505094e-02,  3.97436203e-01,
        -7.91783625e-02, -6.60666430e-01,  6.98899457e-02],
       [-3.02274945e-01,  5.32225780e-02,  2.81808873e-02,
         1.48725929e-01,  3.53457350e-02, -1.33003195e-01,
         3.59361629e-01, -1.77881242e-01,  8.53544204e-02,
         1.70915546e-01,  1.24695959e-01, -2.37875621e-01,
         2.73061254e-01, -2.87656730e-02, -1.84493085e-02,
         8.77998437e-02, -3.46984682e-02,  1.07591751e-01],
       [ 6.84755777e-02, -1.91925274e-01,  1.41692978e-01,
        -1.21095257e-01,  1.40030030e-01,  1.03474088e-01,
        -2.69570548e-01,  1.65533405e-01, -2.51402666e-02,
        -3.72437069e-01,  2.27564879e-01,  7.29505094e-02,
        -2.87656730e-02,  1.92881692e-01,  5.02230916e-02,
         2.46207351e-02,  4.91809733e-02,  3.14524731e-02],
       [-4.82644167e-03, -1.95394053e-01, -3.33510169e-02,
        -6.67744567e-02,  2.38779821e-02,  1.90108707e-01,
        -4.38400600e-01, -6.42160364e-02,  6.79034230e-02,
        -2.22419399e-01,  1.68931482e-01,  3.97436203e-01,
        -1.84493085e-02,  5.02230916e-02,  1.65707750e-01,
        -4.69763749e-02, -3.08023104e-02,  7.91537320e-02],
       [ 2.88699110e-02,  1.91925522e-02,  7.34984260e-02,
         3.32049677e-02,  7.90125026e-02, -2.99880684e-02,
         1.49890120e-01,  4.05710438e-02,  3.30445785e-02,
        -5.92218736e-02,  1.12624734e-01, -7.91783625e-02,
         8.77998437e-02,  2.46207351e-02, -4.69763749e-02,
         9.28430275e-02, -2.17958011e-02, -3.66094102e-03],
       [-1.13016602e-01,  9.99478558e-02, -1.80390865e-02,
         7.81341260e-02, -4.35456592e-03, -1.97026023e-01,
         3.23396012e-01,  4.61559231e-01, -3.00883121e-02,
         5.50635522e-01, -6.65455929e-02, -6.60666430e-01,
        -3.46984682e-02,  4.91809733e-02, -3.08023104e-02,
        -2.17958011e-02,  1.55661943e-01,  1.22377123e-02],
       [-2.36828471e-01, -7.79564515e-02,  4.03159817e-02,
         6.30675918e-03, -1.50745324e-02,  1.00365835e-02,
        -1.43549705e-01, -1.29306906e-01, -3.81672662e-02,
         1.85106356e-02,  1.39765084e-02,  6.98899457e-02,
         1.07591751e-01,  3.14524731e-02,  7.91537320e-02,
        -3.66094102e-03,  1.22377123e-02,  1.39537428e-01]])
      jac: array([-2.76445533e-07, -2.09092003e-06,  4.21884749e-07,  6.99440506e-07,
        4.38908169e-06, -3.74737278e-06,  3.25665421e-08, -2.88657986e-08,
        4.26325642e-07, -2.89398135e-07, -9.73665593e-07,  1.12909682e-06,
       -5.18474152e-07, -4.46716738e-06,  1.34262971e-06,  6.55031585e-07,
        4.09339229e-06, -1.42922711e-06])
  message: 'Optimization terminated successfully.'
     nfev: 1577
      nit: 69
     njev: 83
   status: 0
  success: True
        x: array([ 5.25281898e-02,  1.78523015e-01,  7.92465628e-01,  1.12805477e+00,
       -1.29756284e+00, -2.90429897e-01,  2.08766710e+00, -1.21638445e+00,
       -1.33219712e+00,  8.10080793e-01, -1.87492000e+00, -6.04339436e-01,
        1.05760156e-01, -7.53811922e-02, -3.89815936e-01, -1.10096580e+00,
       -5.45769161e-01,  2.08254312e-03])
