Program Begingeth
      fun: 0.35960169717936297
 hess_inv: array([[ 9.67852355e-01, -8.16646058e-02,  1.22242589e-02,
        -3.24338839e-02,  2.00313581e-01, -3.00486579e-01,
         2.52554960e-02,  8.04199891e-01, -1.78787213e+00,
        -4.21874141e-02,  1.49956849e-01,  1.01289085e+00,
        -4.90098144e-01,  1.04016903e-01, -5.04325113e-01,
        -9.74593521e-02, -5.40992377e-02, -1.41748546e-01],
       [-8.16646058e-02,  1.68502155e+00, -1.71474531e-01,
        -2.95943703e-01, -2.19945345e-01, -3.27905427e-01,
        -1.25439558e+00,  1.39466936e-01,  3.41993611e-01,
         8.78156219e-02,  6.18340580e-01, -6.43563726e-02,
        -1.83067671e-01, -1.24130852e+00, -7.55871865e-02,
         1.51259890e-02, -2.68799732e-01,  2.60553102e-01],
       [ 1.22242589e-02, -1.71474531e-01,  7.99374920e-01,
         1.18752509e-01,  2.02557803e-01, -6.03091343e-02,
         9.34079740e-01,  2.60490769e-01, -4.52243565e-02,
        -7.46992154e-01, -8.88287945e-02, -7.41100250e-02,
         2.28573118e-01,  2.54581744e-01, -4.84019994e-01,
         2.01426928e-02, -2.42936955e-02, -1.63164224e-01],
       [-3.24338839e-02, -2.95943703e-01,  1.18752509e-01,
         2.07495140e-01, -1.37749238e-02,  8.07926400e-03,
         5.29171213e-01, -5.82788306e-01, -1.85951147e-01,
        -1.48630393e-01,  1.21268745e-01, -6.05301419e-03,
         2.50328498e-01,  1.35202796e-01, -5.99300258e-02,
         5.18343225e-02,  2.05368404e-02, -4.62218774e-02],
       [ 2.00313581e-01, -2.19945345e-01,  2.02557803e-01,
        -1.37749238e-02,  2.22302798e-01, -3.44008899e-03,
         4.12906543e-01,  7.95829327e-01, -2.35838188e-01,
        -1.60482978e-01, -2.40920715e-01,  2.07964956e-01,
        -1.08205421e-01,  3.47806172e-01, -1.83875529e-01,
        -2.75245743e-02,  6.02677460e-02, -9.24926807e-02],
       [-3.00486579e-01, -3.27905427e-01, -6.03091343e-02,
         8.07926400e-03, -3.44008899e-03,  3.09586650e-01,
         1.40263988e-01, -1.55943736e-01,  1.07007417e+00,
         4.76122146e-02, -4.76789419e-01, -2.96121499e-01,
         1.39027975e-01,  3.16068185e-01,  3.36893669e-01,
         3.81143249e-02,  9.80513026e-02,  2.37661954e-02],
       [ 2.52554960e-02, -1.25439558e+00,  9.34079740e-01,
         5.29171213e-01,  4.12906543e-01,  1.40263988e-01,
         3.48002803e+00,  3.59256664e-02, -3.16796924e-01,
        -6.92067889e-01, -5.03898522e-01,  1.31997881e-01,
         4.56718383e-01,  1.16787133e+00, -4.74307068e-01,
         4.21986958e-02,  1.91518259e-01, -3.11482247e-01],
       [ 8.04199891e-01,  1.39466936e-01,  2.60490769e-01,
        -5.82788306e-01,  7.95829327e-01, -1.55943736e-01,
         3.59256664e-02,  5.78299821e+00, -1.01678395e+00,
         6.47439851e-02, -4.20333100e-01,  6.74904709e-01,
        -1.13059346e+00,  4.64103224e-01, -4.10316446e-01,
        -2.89861151e-01,  5.38869108e-02, -9.68378367e-02],
       [-1.78787213e+00,  3.41993611e-01, -4.52243565e-02,
        -1.85951147e-01, -2.35838188e-01,  1.07007417e+00,
        -3.16796924e-01, -1.01678395e+00,  7.45300125e+00,
        -2.86897663e-01, -1.55045187e+00, -1.44657178e+00,
         8.21813396e-01,  1.26597549e-01,  1.02520027e+00,
         2.67050542e-01,  1.24813655e-01,  1.96085464e-01],
       [-4.21874141e-02,  8.78156219e-02, -7.46992154e-01,
        -1.48630393e-01, -1.60482978e-01,  4.76122146e-02,
        -6.92067889e-01,  6.47439851e-02, -2.86897663e-01,
         1.03729415e+00,  6.22200844e-02,  7.25687827e-03,
        -3.60381953e-01, -1.67116958e-01,  4.84225659e-01,
        -7.40651324e-02,  6.23966128e-02,  1.55122794e-01],
       [ 1.49956849e-01,  6.18340580e-01, -8.88287945e-02,
         1.21268745e-01, -2.40920715e-01, -4.76789419e-01,
        -5.03898522e-01, -4.20333100e-01, -1.55045187e+00,
         6.22200844e-02,  2.02890475e+00,  2.89110759e-02,
        -6.70683179e-03, -1.06816729e+00, -1.84872871e-01,
        -1.18304806e-01, -2.30645831e-01,  2.06345896e-01],
       [ 1.01289085e+00, -6.43563726e-02, -7.41100250e-02,
        -6.05301419e-03,  2.07964956e-01, -2.96121499e-01,
         1.31997881e-01,  6.74904709e-01, -1.44657178e+00,
         7.25687827e-03,  2.89110759e-02,  1.40856102e+00,
        -4.76354877e-01,  1.38613732e-01, -6.01787741e-01,
        -5.86569894e-02, -5.55420002e-02, -1.84674009e-01],
       [-4.90098144e-01, -1.83067671e-01,  2.28573118e-01,
         2.50328498e-01, -1.08205421e-01,  1.39027975e-01,
         4.56718383e-01, -1.13059346e+00,  8.21813396e-01,
        -3.60381953e-01, -6.70683179e-03, -4.76354877e-01,
         6.10717588e-01,  5.87524497e-02,  8.86992205e-02,
         1.61639535e-01,  1.68742165e-02, -3.54522727e-03],
       [ 1.04016903e-01, -1.24130852e+00,  2.54581744e-01,
         1.35202796e-01,  3.47806172e-01,  3.16068185e-01,
         1.16787133e+00,  4.64103224e-01,  1.26597549e-01,
        -1.67116958e-01, -1.06816729e+00,  1.38613732e-01,
         5.87524497e-02,  1.25417978e+00, -1.46267386e-02,
         1.30409413e-02,  2.86061981e-01, -2.53078639e-01],
       [-5.04325113e-01, -7.55871865e-02, -4.84019994e-01,
        -5.99300258e-02, -1.83875529e-01,  3.36893669e-01,
        -4.74307068e-01, -4.10316446e-01,  1.02520027e+00,
         4.84225659e-01, -1.84872871e-01, -6.01787741e-01,
         8.86992205e-02, -1.46267386e-02,  7.49595432e-01,
         2.03833952e-02,  9.31893704e-02,  2.21752056e-01],
       [-9.74593521e-02,  1.51259890e-02,  2.01426928e-02,
         5.18343225e-02, -2.75245743e-02,  3.81143249e-02,
         4.21986958e-02, -2.89861151e-01,  2.67050542e-01,
        -7.40651324e-02, -1.18304806e-01, -5.86569894e-02,
         1.61639535e-01,  1.30409413e-02,  2.03833952e-02,
         8.21149989e-02,  1.18020003e-03, -4.14577160e-03],
       [-5.40992377e-02, -2.68799732e-01, -2.42936955e-02,
         2.05368404e-02,  6.02677460e-02,  9.80513026e-02,
         1.91518259e-01,  5.38869108e-02,  1.24813655e-01,
         6.23966128e-02, -2.30645831e-01, -5.55420002e-02,
         1.68742165e-02,  2.86061981e-01,  9.31893704e-02,
         1.18020003e-03,  1.03118038e-01, -2.44761831e-02],
       [-1.41748546e-01,  2.60553102e-01, -1.63164224e-01,
        -4.62218774e-02, -9.24926807e-02,  2.37661954e-02,
        -3.11482247e-01, -9.68378367e-02,  1.96085464e-01,
         1.55122794e-01,  2.06345896e-01, -1.84674009e-01,
        -3.54522727e-03, -2.53078639e-01,  2.21752056e-01,
        -4.14577160e-03, -2.44761831e-02,  1.49113338e-01]])
      jac: array([ 2.25005200e-06,  3.09641202e-06,  8.43769499e-08, -3.47351777e-06,
       -3.21853655e-06,  1.24122934e-06,  6.66503889e-07,  2.34257058e-07,
        8.62273216e-08,  1.34818083e-06,  1.41220369e-06,  2.05021185e-07,
        4.38316050e-06,  4.59188243e-06,  8.55241803e-07, -2.89620180e-06,
       -1.90255219e-06, -2.35552318e-06])
  message: 'Optimization terminated successfully.'
     nfev: 836
      nit: 32
     njev: 44
   status: 0
  success: True
        x: array([ 0.63166095, -0.10159663,  0.46036633,  0.21196357, -1.23909497,
       -0.73760368,  1.30921376, -1.72861781, -0.90970014, -0.91991816,
        0.01100487,  0.55011512,  0.11476522,  0.02353625, -0.50918428,
        0.07446234,  1.52764288, -0.82226397])
