Program Begingeth
      fun: 0.32166677671575655
 hess_inv: array([[ 3.34254017e+00, -1.72951757e-01, -1.36122807e+00,
         1.25578779e+00,  4.34142008e-02, -1.32431386e+00,
        -3.63821025e-01, -3.79029174e-02, -5.76886703e+00,
        -4.26121879e-02,  6.80908272e-01,  9.43500329e-02,
        -2.61998443e-01, -1.73703158e-01, -3.17394311e-01,
        -1.97496463e-01, -1.94607357e-01,  8.84988077e-02],
       [-1.72951757e-01,  4.83178604e+00,  8.27987728e-01,
        -1.76535371e-01,  2.24111403e+00,  2.58475979e-01,
         3.10084358e+00,  2.43197036e+00,  4.95625945e+00,
         7.68620463e-01,  4.63256584e-01, -9.80244672e-01,
        -5.85610960e-01, -3.11954046e-01, -1.03323637e-01,
        -1.43484306e-01, -3.54223147e-01,  1.48184642e-01],
       [-1.36122807e+00,  8.27987728e-01,  2.18080911e+00,
        -3.01339835e-01,  2.50986198e-01,  1.28341253e+00,
         1.60395640e+00, -1.17557826e+00,  4.55841417e+00,
        -5.76509359e-03,  2.46574532e-01, -2.24522326e-01,
         1.81392463e-01,  6.16741649e-02,  2.95756987e-02,
         1.75527494e-02,  1.79991045e-01, -1.01867844e-01],
       [ 1.25578779e+00, -1.76535371e-01, -3.01339835e-01,
         5.45152098e-01, -4.74843446e-02, -3.92714805e-01,
         1.82673741e-01, -3.28714344e-01, -2.05968995e+00,
        -6.56698577e-02,  3.22049781e-01,  8.26208839e-02,
        -3.10756832e-02, -4.04612600e-02, -1.50456404e-01,
        -6.55312652e-02, -2.54873540e-02, -8.52679060e-03],
       [ 4.34142008e-02,  2.24111403e+00,  2.50986198e-01,
        -4.74843446e-02,  1.13155756e+00,  4.41680619e-02,
         1.77402141e+00,  1.75277550e+00,  1.86531826e+00,
         3.13005085e-01,  1.59669488e-01, -3.76659043e-01,
        -3.33671410e-01, -1.18319122e-01, -4.23939557e-02,
        -1.08119375e-01, -2.11077474e-01,  8.65659040e-02],
       [-1.32431386e+00,  2.58475979e-01,  1.28341253e+00,
        -3.92714805e-01,  4.41680619e-02,  9.28767535e-01,
         8.34746599e-01, -4.78892812e-01,  3.51633105e+00,
        -8.70233755e-02, -1.30642598e-01, -6.87070627e-02,
         1.85449126e-01,  8.67282824e-02,  1.24309803e-01,
         7.97786239e-02,  1.25035419e-01, -5.26839319e-02],
       [-3.63821025e-01,  3.10084358e+00,  1.60395640e+00,
         1.82673741e-01,  1.77402141e+00,  8.34746599e-01,
         8.00327726e+00,  2.87637966e+00,  4.41522310e+00,
         1.52299804e-01,  2.25159921e-01, -1.83859506e-01,
        -4.04324421e-01, -9.26785880e-02, -1.29055805e-01,
        -2.11916994e-01, -4.54260982e-01, -4.36938316e-02],
       [-3.79029174e-02,  2.43197036e+00, -1.17557826e+00,
        -3.28714344e-01,  1.75277550e+00, -4.78892812e-01,
         2.87637966e+00,  7.56578377e+00,  2.76049196e-01,
         2.22731881e-01, -6.33227959e-01, -2.27819984e-01,
        -6.60642197e-01, -1.24666561e-03,  2.58674067e-01,
        -1.28770346e-01, -4.95989666e-01,  2.91300917e-01],
       [-5.76886703e+00,  4.95625945e+00,  4.55841417e+00,
        -2.05968995e+00,  1.86531826e+00,  3.51633105e+00,
         4.41522310e+00,  2.76049196e-01,  1.99146697e+01,
         5.10624053e-01, -3.91595064e-01, -1.13561215e+00,
         2.27862573e-01, -1.42601405e-01,  5.24709331e-01,
         3.83444229e-01,  2.73052777e-02,  4.56611814e-02],
       [-4.26121879e-02,  7.68620463e-01, -5.76509359e-03,
        -6.56698577e-02,  3.13005085e-01, -8.70233755e-02,
         1.52299804e-01,  2.22731881e-01,  5.10624053e-01,
         7.57227220e-01,  1.55663908e-02, -1.77015306e-01,
        -2.44443751e-01, -3.46882072e-02,  6.31095338e-02,
        -2.58007095e-02, -9.32905247e-03,  2.01399204e-01],
       [ 6.80908272e-01,  4.63256584e-01,  2.46574532e-01,
         3.22049781e-01,  1.59669488e-01, -1.30642598e-01,
         2.25159921e-01, -6.33227959e-01, -3.91595064e-01,
         1.55663908e-02,  8.27485227e-01, -1.88967418e-01,
        -3.66813144e-02, -1.79597142e-01, -2.45790536e-01,
        -7.87013058e-02, -1.32212011e-02, -1.17455449e-01],
       [ 9.43500329e-02, -9.80244672e-01, -2.24522326e-01,
         8.26208839e-02, -3.76659043e-01, -6.87070627e-02,
        -1.83859506e-01, -2.27819984e-01, -1.13561215e+00,
        -1.77015306e-01, -1.88967418e-01,  5.37252128e-01,
         5.66326676e-02,  1.43773760e-01, -2.06241257e-02,
        -5.01225601e-02,  7.51734976e-02, -8.04277603e-03],
       [-2.61998443e-01, -5.85610960e-01,  1.81392463e-01,
        -3.10756832e-02, -3.33671410e-01,  1.85449126e-01,
        -4.04324421e-01, -6.60642197e-01,  2.27862573e-01,
        -2.44443751e-01, -3.66813144e-02,  5.66326676e-02,
         2.37539591e-01,  5.23213173e-02,  1.15615633e-02,
         1.07068433e-01,  1.20379215e-01, -9.69230179e-02],
       [-1.73703158e-01, -3.11954046e-01,  6.16741649e-02,
        -4.04612600e-02, -1.18319122e-01,  8.67282824e-02,
        -9.26785880e-02, -1.24666561e-03, -1.42601405e-01,
        -3.46882072e-02, -1.79597142e-01,  1.43773760e-01,
         5.23213173e-02,  1.20304966e-01,  4.36819929e-02,
         8.79422673e-03,  9.36945166e-02,  9.05564217e-03],
       [-3.17394311e-01, -1.03323637e-01,  2.95756987e-02,
        -1.50456404e-01, -4.23939557e-02,  1.24309803e-01,
        -1.29055805e-01,  2.58674067e-01,  5.24709331e-01,
         6.31095338e-02, -2.45790536e-01, -2.06241257e-02,
         1.15615633e-02,  4.36819929e-02,  1.41680389e-01,
         4.90211082e-02,  1.11563125e-02,  8.50803790e-02],
       [-1.97496463e-01, -1.43484306e-01,  1.75527494e-02,
        -6.55312652e-02, -1.08119375e-01,  7.97786239e-02,
        -2.11916994e-01, -1.28770346e-01,  3.83444229e-01,
        -2.58007095e-02, -7.87013058e-02, -5.01225601e-02,
         1.07068433e-01,  8.79422673e-03,  4.90211082e-02,
         1.00962824e-01,  4.26968921e-02, -1.10283682e-02],
       [-1.94607357e-01, -3.54223147e-01,  1.79991045e-01,
        -2.54873540e-02, -2.11077474e-01,  1.25035419e-01,
        -4.54260982e-01, -4.95989666e-01,  2.73052777e-02,
        -9.32905247e-03, -1.32212011e-02,  7.51734976e-02,
         1.20379215e-01,  9.36945166e-02,  1.11563125e-02,
         4.26968921e-02,  1.65771733e-01, -2.61941788e-02],
       [ 8.84988077e-02,  1.48184642e-01, -1.01867844e-01,
        -8.52679060e-03,  8.65659040e-02, -5.26839319e-02,
        -4.36938316e-02,  2.91300917e-01,  4.56611814e-02,
         2.01399204e-01, -1.17455449e-01, -8.04277603e-03,
        -9.69230179e-02,  9.05564217e-03,  8.50803790e-02,
        -1.10283682e-02, -2.61941788e-02,  1.36112777e-01]])
      jac: array([ 2.15609012e-05, -5.86234765e-06,  2.07878159e-05, -4.05390536e-05,
        1.81203201e-05, -4.57448894e-05,  3.03238916e-06, -2.79110068e-06,
        2.86474548e-06, -1.50805294e-06,  1.22827674e-06,  1.35998620e-05,
       -3.50534416e-06, -3.49535216e-06,  7.29209286e-05,  1.30721360e-05,
        2.24257650e-05, -5.41566791e-05])
  message: 'Desired error not necessarily achieved due to precision loss.'
     nfev: 2196
      nit: 59
     njev: 115
   status: 2
  success: False
        x: array([-0.78205104, -1.45956126,  0.648144  , -0.93433344, -1.45745955,
        0.21112516, -0.4409857 , -2.32456191, -0.35821485,  0.00933518,
        0.52016915,  1.21597049,  0.12816484,  0.05273392, -0.33636235,
        1.16944907, -0.44606022, -0.04658205])
