Program Begingeth
      fun: 0.20824054094948197
 hess_inv: array([[ 7.15796464e-01, -3.66280726e-01,  3.89980460e-03,
        -4.46868186e-01,  3.29875708e-02, -9.22882613e-01,
        -4.04183959e+00,  6.75356942e-01, -1.59871307e+00,
         4.77145914e-02,  5.60841857e-01, -3.02574842e+00,
        -4.11432984e-01, -4.30453642e-02,  2.19874044e-02,
         9.00523132e-02, -8.04448333e-02,  2.23259766e-01],
       [-3.66280726e-01,  1.60017068e+00, -1.58532449e-01,
         1.22261515e+00, -6.35260272e-01,  2.62988843e+00,
         1.17313841e+01, -5.56797410e+00,  4.74695000e+00,
        -1.54170027e+00, -2.37295207e+00,  1.07523735e+01,
         7.28175562e-01, -2.35168717e-02, -2.82829569e-01,
        -2.53621308e-01,  5.10667150e-01, -3.59725561e-01],
       [ 3.89980460e-03, -1.58532449e-01,  4.80443347e-01,
         1.08224171e-01, -1.32470487e-01, -2.69854134e-01,
        -7.26955844e-02, -3.03934826e-02, -1.15102772e+00,
         3.97599136e-01, -1.16436900e+00, -1.35357230e+00,
        -1.94606300e-02,  2.06663062e-01, -4.01764681e-02,
        -6.05202587e-02,  1.94998348e-02,  6.67934031e-02],
       [-4.46868186e-01,  1.22261515e+00,  1.08224171e-01,
         1.74431573e+00, -4.93138038e-01,  2.70593083e+00,
         1.46654396e+01, -5.67921975e+00,  3.68959062e+00,
         5.41825237e-02, -2.51695290e+00,  1.07032831e+01,
         6.94156500e-01,  3.13312060e-01, -1.30656105e-01,
        -3.00140944e-01,  5.11221784e-01, -2.15089174e-01],
       [ 3.29875708e-02, -6.35260272e-01, -1.32470487e-01,
        -4.93138038e-01,  7.82079864e-01, -1.40784041e+00,
        -5.86777710e+00,  3.71730956e+00, -1.92682730e+00,
         2.37120546e+00,  2.81207553e+00, -5.25049840e+00,
        -5.68199029e-01, -9.93760499e-02,  6.21976083e-02,
         8.90088158e-02, -3.64392335e-01,  1.56998628e-01],
       [-9.22882613e-01,  2.62988843e+00, -2.69854134e-01,
         2.70593083e+00, -1.40784041e+00,  6.92837384e+00,
         3.04131633e+01, -1.17487347e+01,  1.15786936e+01,
        -6.52197250e+00, -5.02781165e+00,  2.56654452e+01,
         2.12002776e+00,  4.19419299e-01,  3.14979683e-02,
        -4.60378150e-01,  1.38733453e+00, -6.86510891e-01],
       [-4.04183959e+00,  1.17313841e+01, -7.26955844e-02,
         1.46654396e+01, -5.86777710e+00,  3.04131633e+01,
         1.47989364e+02, -5.52673824e+01,  4.64310541e+01,
        -1.94148368e+01, -2.42753201e+01,  1.14332435e+02,
         8.67193537e+00,  2.78247096e+00, -1.49441035e-01,
        -2.55169129e+00,  6.05029898e+00, -2.68368440e+00],
       [ 6.75356942e-01, -5.56797410e+00, -3.03934826e-02,
        -5.67921975e+00,  3.71730956e+00, -1.17487347e+01,
        -5.52673824e+01,  3.05047834e+01, -1.89481834e+01,
         8.21486761e+00,  1.30816349e+01, -4.69729072e+01,
        -3.19910665e+00, -7.78458896e-01,  8.15635553e-01,
         1.10926305e+00, -2.51285348e+00,  1.10744769e+00],
       [-1.59871307e+00,  4.74695000e+00, -1.15102772e+00,
         3.68959062e+00, -1.92682730e+00,  1.15786936e+01,
         4.64310541e+01, -1.89481834e+01,  2.46159428e+01,
        -1.16442002e+01, -5.14750919e+00,  4.28762409e+01,
         3.24648299e+00,  9.73018855e-03, -1.87406374e-01,
        -7.00305996e-01,  2.03860501e+00, -1.39106239e+00],
       [ 4.77145914e-02, -1.54170027e+00,  3.97599136e-01,
         5.41825237e-02,  2.37120546e+00, -6.52197250e+00,
        -1.94148368e+01,  8.21486761e+00, -1.16442002e+01,
         1.92414351e+01,  6.08794331e+00, -2.08445383e+01,
        -2.96985188e+00, -2.36305508e-01, -6.42553309e-01,
        -7.89280450e-02, -1.84206139e+00,  8.21824891e-01],
       [ 5.60841857e-01, -2.37295207e+00, -1.16436900e+00,
        -2.51695290e+00,  2.81207553e+00, -5.02781165e+00,
        -2.42753201e+01,  1.30816349e+01, -5.14750919e+00,
         6.08794331e+00,  1.21384207e+01, -1.85243484e+01,
        -2.06062963e+00, -7.25320462e-01,  3.15743927e-01,
         5.28378366e-01, -1.28318878e+00,  5.25991591e-01],
       [-3.02574842e+00,  1.07523735e+01, -1.35357230e+00,
         1.07032831e+01, -5.25049840e+00,  2.56654452e+01,
         1.14332435e+02, -4.69729072e+01,  4.28762409e+01,
        -2.08445383e+01, -1.85243484e+01,  9.82056283e+01,
         7.39619064e+00,  1.28830178e+00, -4.03123921e-01,
        -1.87479056e+00,  5.10577451e+00, -2.51443749e+00],
       [-4.11432984e-01,  7.28175562e-01, -1.94606300e-02,
         6.94156500e-01, -5.68199029e-01,  2.12002776e+00,
         8.67193537e+00, -3.19910665e+00,  3.24648299e+00,
        -2.96985188e+00, -2.06062963e+00,  7.39619064e+00,
         8.74763287e-01,  1.54522406e-01,  5.67169578e-02,
        -7.55400627e-02,  4.82194057e-01, -2.75834079e-01],
       [-4.30453642e-02, -2.35168717e-02,  2.06663062e-01,
         3.13312060e-01, -9.93760499e-02,  4.19419299e-01,
         2.78247096e+00, -7.78458896e-01,  9.73018855e-03,
        -2.36305508e-01, -7.25320462e-01,  1.28830178e+00,
         1.54522406e-01,  2.29405330e-01,  6.13236622e-02,
        -5.40579633e-02,  1.46811119e-01,  2.16990787e-02],
       [ 2.19874044e-02, -2.82829569e-01, -4.01764681e-02,
        -1.30656105e-01,  6.21976083e-02,  3.14979683e-02,
        -1.49441035e-01,  8.15635553e-01, -1.87406374e-01,
        -6.42553309e-01,  3.15743927e-01, -4.03123921e-01,
         5.67169578e-02,  6.13236622e-02,  1.92846567e-01,
         5.98933247e-02,  1.02682454e-02,  5.98124614e-02],
       [ 9.00523132e-02, -2.53621308e-01, -6.05202587e-02,
        -3.00140944e-01,  8.90088158e-02, -4.60378150e-01,
        -2.55169129e+00,  1.10926305e+00, -7.00305996e-01,
        -7.89280450e-02,  5.28378366e-01, -1.87479056e+00,
        -7.55400627e-02, -5.40579633e-02,  5.98933247e-02,
         9.89345812e-02, -7.83994694e-02,  4.18455031e-02],
       [-8.04448333e-02,  5.10667150e-01,  1.94998348e-02,
         5.11221784e-01, -3.64392335e-01,  1.38733453e+00,
         6.05029898e+00, -2.51285348e+00,  2.03860501e+00,
        -1.84206139e+00, -1.28318878e+00,  5.10577451e+00,
         4.82194057e-01,  1.46811119e-01,  1.02682454e-02,
        -7.83994694e-02,  3.71308319e-01, -1.27020172e-01],
       [ 2.23259766e-01, -3.59725561e-01,  6.67934031e-02,
        -2.15089174e-01,  1.56998628e-01, -6.86510891e-01,
        -2.68368440e+00,  1.10744769e+00, -1.39106239e+00,
         8.21824891e-01,  5.25991591e-01, -2.51443749e+00,
        -2.75834079e-01,  2.16990787e-02,  5.98124614e-02,
         4.18455031e-02, -1.27020172e-01,  1.64599843e-01]])
      jac: array([-6.40792604e-04,  9.06906032e-05, -2.02245979e-03, -2.52442931e-02,
       -2.54000025e-02,  3.74305827e-03,  1.50321515e-03,  3.20644252e-03,
       -2.80613403e-03,  5.51239943e-03,  3.38226021e-03,  1.15236672e-03,
        6.48178751e-03, -3.18192361e-03, -5.65521593e-03, -2.63370067e-03,
        2.07444493e-02,  9.18700949e-03])
  message: 'Maximum number of iterations has been exceeded.'
     nfev: 2223
      nit: 100
     njev: 117
   status: 1
  success: False
        x: array([ 0.07723582,  0.39076115,  0.7984439 , -0.99631646, -0.5898361 ,
        0.00191449, -1.13514283, -0.94825504, -0.90668029, -0.55987745,
       -0.72049527,  0.41729462,  0.02932051,  0.21873052, -0.3286371 ,
        1.22033808, -0.25695229,  0.04253454])
