Program Begingeth
      fun: 0.29224334887233666
 hess_inv: array([[ 4.47553986e+00, -1.50211411e+00,  2.05034891e-01,
         1.55442316e+00, -7.31173437e-01,  1.03947796e+00,
         2.11593757e+00,  1.18210345e+00,  3.68715828e+00,
        -6.83069446e-02, -9.17018252e-01,  5.38614613e-01,
        -6.55508872e-01,  3.42956777e-01,  4.44115692e-01,
        -2.80565014e-01,  4.54804874e-01, -1.85863864e-01],
       [-1.50211411e+00,  4.25623899e+00,  1.37216257e+00,
        -5.22298111e-01,  1.83371816e+00,  2.60701351e-01,
        -4.83532657e+00,  1.21293083e+00,  4.09016515e+00,
        -4.25648473e-01,  5.28495453e-01, -1.36086246e+00,
         6.09034882e-01, -4.08185304e-01, -2.27268700e-01,
         1.13091405e-01, -3.56899544e-01,  8.50023004e-02],
       [ 2.05034891e-01,  1.37216257e+00,  2.76247921e+00,
        -3.54638073e-01,  4.66705625e-01,  1.20527174e+00,
        -4.78235776e+00, -2.25613006e+00,  4.55919792e+00,
        -1.04035676e-01,  8.81422348e-01, -5.97248533e-01,
        -2.04140165e-02, -1.52991024e-01, -2.63617597e-01,
         1.01087510e-01,  3.28185442e-04, -1.83630197e-01],
       [ 1.55442316e+00, -5.22298111e-01, -3.54638073e-01,
         6.66382157e-01, -2.47893101e-01,  1.71328979e-01,
         1.81129826e+00,  9.69235565e-01,  8.53301959e-01,
        -7.17978850e-02, -4.70739308e-01,  1.74494386e-01,
        -1.77139127e-01,  1.10039540e-01,  2.19921664e-01,
        -1.13730943e-01,  1.40381349e-01, -2.13937709e-03],
       [-7.31173437e-01,  1.83371816e+00,  4.66705625e-01,
        -2.47893101e-01,  8.91814672e-01,  6.45575608e-02,
        -2.54816178e+00,  1.23947910e+00,  1.34134421e+00,
        -1.09881641e-01,  1.36781360e-01, -5.06177262e-01,
         3.17233823e-01, -1.29067717e-01, -6.90325960e-02,
         8.74122825e-02, -1.89248263e-01,  5.51561551e-02],
       [ 1.03947796e+00,  2.60701351e-01,  1.20527174e+00,
         1.71328979e-01,  6.45575608e-02,  7.88560682e-01,
        -1.84127860e+00, -4.72163810e-01,  2.98089433e+00,
         5.77564322e-02,  9.55478496e-02, -1.13162319e-01,
        -1.78859954e-01,  1.81579320e-02,  1.47895643e-02,
        -3.70454590e-02,  7.44909386e-02, -1.22849149e-01],
       [ 2.11593757e+00, -4.83532657e+00, -4.78235776e+00,
         1.81129826e+00, -2.54816178e+00, -1.84127860e+00,
         1.98081140e+01,  1.68465296e-01, -7.38043609e+00,
        -3.77303360e-01, -1.43849837e+00,  1.19747800e+00,
        -7.15131901e-01,  3.75598193e-01,  6.55079055e-01,
        -5.27354743e-01,  8.15804405e-01,  3.65049268e-01],
       [ 1.18210345e+00,  1.21293083e+00, -2.25613006e+00,
         9.69235565e-01,  1.23947910e+00, -4.72163810e-01,
         1.68465296e-01,  1.07525439e+01, -7.68726622e-01,
         1.86787605e-01, -1.66111616e+00, -2.64419398e-02,
         3.04345162e-01,  2.56631029e-01,  7.60358688e-01,
        -1.53288703e-01, -1.64573933e-01,  3.18923301e-01],
       [ 3.68715828e+00,  4.09016515e+00,  4.55919792e+00,
         8.53301959e-01,  1.34134421e+00,  2.98089433e+00,
        -7.38043609e+00, -7.68726622e-01,  1.72932332e+01,
        -2.41267457e-01,  6.79249059e-01, -1.46932086e+00,
        -3.28186100e-01, -5.21992368e-01, -5.92482145e-02,
        -2.68967367e-01, -6.53790083e-02, -3.81703461e-01],
       [-6.83069446e-02, -4.25648473e-01, -1.04035676e-01,
        -7.17978850e-02, -1.09881641e-01,  5.77564322e-02,
        -3.77303360e-01,  1.86787605e-01, -2.41267457e-01,
         8.12303183e-01,  5.35578170e-02,  1.22317572e-01,
        -1.92186294e-01, -1.07091592e-02, -5.88802752e-02,
        -3.45538873e-05, -7.72189108e-02, -2.06584250e-01],
       [-9.17018252e-01,  5.28495453e-01,  8.81422348e-01,
        -4.70739308e-01,  1.36781360e-01,  9.55478496e-02,
        -1.43849837e+00, -1.66111616e+00,  6.79249059e-01,
         5.35578170e-02,  1.06667722e+00, -3.55525292e-01,
         8.12739378e-02, -2.73206047e-01, -3.47829641e-01,
         1.09764086e-01, -9.17683290e-02, -1.53032386e-01],
       [ 5.38614613e-01, -1.36086246e+00, -5.97248533e-01,
         1.74494386e-01, -5.06177262e-01, -1.13162319e-01,
         1.19747800e+00, -2.64419398e-02, -1.46932086e+00,
         1.22317572e-01, -3.55525292e-01,  7.94088602e-01,
        -1.41918234e-01,  2.45715223e-01,  6.69638473e-02,
         2.45268410e-02,  1.46784346e-01,  7.90990871e-03],
       [-6.55508872e-01,  6.09034882e-01, -2.04140165e-02,
        -1.77139127e-01,  3.17233823e-01, -1.78859954e-01,
        -7.15131901e-01,  3.04345162e-01, -3.28186100e-01,
        -1.92186294e-01,  8.12739378e-02, -1.41918234e-01,
         2.66412468e-01, -6.47986758e-02, -4.23739246e-02,
         1.10795593e-01, -1.22995823e-01,  1.00380669e-01],
       [ 3.42956777e-01, -4.08185304e-01, -1.52991024e-01,
         1.10039540e-01, -1.29067717e-01,  1.81579320e-02,
         3.75598193e-01,  2.56631029e-01, -5.21992368e-01,
        -1.07091592e-02, -2.73206047e-01,  2.45715223e-01,
        -6.47986758e-02,  1.62594420e-01,  8.22456990e-02,
        -1.02137891e-02,  1.09611966e-01,  2.82519879e-02],
       [ 4.44115692e-01, -2.27268700e-01, -2.63617597e-01,
         2.19921664e-01, -6.90325960e-02,  1.47895643e-02,
         6.55079055e-01,  7.60358688e-01, -5.92482145e-02,
        -5.88802752e-02, -3.47829641e-01,  6.69638473e-02,
        -4.23739246e-02,  8.22456990e-02,  1.70241978e-01,
        -6.01620455e-02,  4.08194967e-02,  7.77107236e-02],
       [-2.80565014e-01,  1.13091405e-01,  1.01087510e-01,
        -1.13730943e-01,  8.74122825e-02, -3.70454590e-02,
        -5.27354743e-01, -1.53288703e-01, -2.68967367e-01,
        -3.45538873e-05,  1.09764086e-01,  2.45268410e-02,
         1.10795593e-01, -1.02137891e-02, -6.01620455e-02,
         1.02079227e-01, -4.85624761e-02,  7.54305498e-03],
       [ 4.54804874e-01, -3.56899544e-01,  3.28185442e-04,
         1.40381349e-01, -1.89248263e-01,  7.44909386e-02,
         8.15804405e-01, -1.64573933e-01, -6.53790083e-02,
        -7.72189108e-02, -9.17683290e-02,  1.46784346e-01,
        -1.22995823e-01,  1.09611966e-01,  4.08194967e-02,
        -4.85624761e-02,  1.68233720e-01, -5.71752765e-03],
       [-1.85863864e-01,  8.50023004e-02, -1.83630197e-01,
        -2.13937709e-03,  5.51561551e-02, -1.22849149e-01,
         3.65049268e-01,  3.18923301e-01, -3.81703461e-01,
        -2.06584250e-01, -1.53032386e-01,  7.90990871e-03,
         1.00380669e-01,  2.82519879e-02,  7.77107236e-02,
         7.54305498e-03, -5.71752765e-03,  1.38813762e-01]])
      jac: array([ 7.46810021e-07,  9.34437713e-07,  6.36897942e-07, -2.04318044e-06,
       -1.70641279e-06, -6.61322848e-07,  2.00950367e-07,  2.13532895e-07,
       -4.07081776e-09,  6.73535302e-07, -1.50250183e-07,  6.42078983e-07,
        2.42435701e-06, -1.54321000e-07,  8.46730094e-07, -9.90318938e-07,
        5.28096085e-07, -1.20644235e-06])
  message: 'Optimization terminated successfully.'
     nfev: 1577
      nit: 73
     njev: 83
   status: 0
  success: True
        x: array([ 8.41658717e-01, -1.02519251e+00,  6.19943000e-01,  1.10478008e+00,
       -1.08639547e+00,  1.61119940e-01,  7.01796983e-01, -1.82163303e+00,
       -4.59164355e-01,  3.53473594e-02,  6.11104790e-01,  1.17291143e+00,
        1.48012424e-03,  1.24099285e-01, -3.48191199e-01, -1.05542841e+00,
       -4.48690475e-01, -3.30439800e-02])
