Program Begingeth
      fun: 0.2608555800883818
 hess_inv: array([[ 1.88635450e+00, -1.70750841e-02, -2.25505250e-01,
        -3.01144032e-01,  3.52788914e-01, -3.36223862e-01,
        -1.96678710e-01,  1.95634292e+00, -2.10440353e+00,
         7.27822996e-01, -2.54845871e-01,  1.89201470e+00,
        -1.37133986e+00,  2.53498509e-01, -6.23971403e-01,
        -2.18856765e-01, -3.07353036e-02, -1.56571342e-01],
       [-1.70750841e-02,  1.69825105e+00, -2.18416695e-01,
        -2.73098770e-01, -2.00640518e-01, -2.38088262e-01,
        -1.07096208e+00,  1.77374532e-01,  3.09031026e-01,
         1.36838976e-01,  6.74144323e-01, -5.52421829e-02,
        -2.17458973e-01, -1.19286281e+00,  1.49608112e-02,
         5.27040627e-03, -1.98356008e-01,  2.33280394e-01],
       [-2.25505250e-01, -2.18416695e-01,  1.32570962e+00,
         2.14780876e-01,  2.37167875e-01, -1.12374472e-01,
         1.27470151e+00,  5.59644343e-02,  2.30708956e-02,
        -1.24324522e+00, -1.44589778e-01, -2.51986780e-02,
         5.41224316e-01,  3.18238025e-01, -8.05625603e-01,
         7.01359167e-02, -4.58898177e-02, -2.19889975e-01],
       [-3.01144032e-01, -2.73098770e-01,  2.14780876e-01,
         2.66195436e-01, -7.38477540e-02,  1.78343143e-02,
         5.47181144e-01, -9.92043579e-01,  5.48369771e-02,
        -3.48005012e-01,  1.91792199e-01, -1.76983408e-01,
         4.86190381e-01,  6.60519662e-02, -5.83607460e-02,
         8.64123406e-02,  2.53302433e-03, -3.18668564e-02],
       [ 3.52788914e-01, -2.00640518e-01,  2.37167875e-01,
        -7.38477540e-02,  2.70760147e-01, -2.85933543e-02,
         4.38536288e-01,  1.15907633e+00, -2.87179017e-01,
        -3.84527770e-02, -3.62423315e-01,  3.78951462e-01,
        -2.72665334e-01,  3.87326679e-01, -2.52966153e-01,
        -4.75306575e-02,  5.63342291e-02, -8.89012058e-02],
       [-3.36223862e-01, -2.38088262e-01, -1.12374472e-01,
         1.78343143e-02, -2.85933543e-02,  2.14294242e-01,
         3.80428233e-02, -1.46019166e-01,  7.60880631e-01,
         1.09016207e-02, -2.60443343e-01, -3.80327960e-01,
         1.72746355e-01,  1.77052409e-01,  3.17862130e-01,
         3.12757345e-02,  5.62599511e-02,  4.24888678e-02],
       [-1.96678710e-01, -1.07096208e+00,  1.27470151e+00,
         5.47181144e-01,  4.38536288e-01,  3.80428233e-02,
         3.64080556e+00,  2.17301569e-01, -6.16509450e-02,
        -9.51450795e-01, -4.14601099e-01,  2.41886761e-01,
         6.31670491e-01,  1.03504744e+00, -7.25545120e-01,
         6.87497258e-02,  1.22648195e-01, -2.68123899e-01],
       [ 1.95634292e+00,  1.77374532e-01,  5.59644343e-02,
        -9.92043579e-01,  1.15907633e+00, -1.46019166e-01,
         2.17301569e-01,  8.43259894e+00, -1.21562355e+00,
         1.04961895e+00, -1.12692806e+00,  1.58494266e+00,
        -2.35666828e+00,  8.20629127e-01, -5.05621495e-01,
        -4.61446478e-01,  1.09899381e-01, -9.98063204e-02],
       [-2.10440353e+00,  3.09031026e-01,  2.30708956e-02,
         5.48369771e-02, -2.87179017e-01,  7.60880631e-01,
        -6.16509450e-02, -1.21562355e+00,  5.60685288e+00,
        -7.49042531e-01, -5.89891899e-01, -1.83913437e+00,
         1.26609478e+00, -1.55824063e-01,  9.03763970e-01,
         2.58932162e-01,  5.25281137e-02,  1.97440516e-01],
       [ 7.27822996e-01,  1.36838976e-01, -1.24324522e+00,
        -3.48005012e-01, -3.84527770e-02,  1.09016207e-02,
        -9.51450795e-01,  1.04961895e+00, -7.49042531e-01,
         1.65735227e+00, -6.45918548e-02,  5.03666970e-01,
        -1.06659130e+00, -9.25977718e-02,  5.61049656e-01,
        -1.79962381e-01,  8.30097438e-02,  1.42563285e-01],
       [-2.54845871e-01,  6.74144323e-01, -1.44589778e-01,
         1.91792199e-01, -3.62423315e-01, -2.60443343e-01,
        -4.14601099e-01, -1.12692806e+00, -5.89891899e-01,
        -6.45918548e-02,  1.98941571e+00, -3.19881738e-01,
         2.87109493e-01, -1.12708536e+00,  7.72074232e-02,
        -6.75398273e-02, -1.94174682e-01,  2.30334693e-01],
       [ 1.89201470e+00, -5.52421829e-02, -2.51986780e-02,
        -1.76983408e-01,  3.78951462e-01, -3.80327960e-01,
         2.41886761e-01,  1.58494266e+00, -1.83913437e+00,
         5.03666970e-01, -3.19881738e-01,  2.32921066e+00,
        -1.18310515e+00,  3.18484394e-01, -9.23596894e-01,
        -1.48675519e-01, -5.19634402e-02, -2.43831572e-01],
       [-1.37133986e+00, -2.17458973e-01,  5.41224316e-01,
         4.86190381e-01, -2.72665334e-01,  1.72746355e-01,
         6.31670491e-01, -2.35666828e+00,  1.26609478e+00,
        -1.06659130e+00,  2.87109493e-01, -1.18310515e+00,
         1.42638949e+00, -8.99124065e-02,  1.34236839e-01,
         2.72675556e-01, -1.11831788e-02,  1.61716341e-02],
       [ 2.53498509e-01, -1.19286281e+00,  3.18238025e-01,
         6.60519662e-02,  3.87326679e-01,  1.77052409e-01,
         1.03504744e+00,  8.20629127e-01, -1.55824063e-01,
        -9.25977718e-02, -1.12708536e+00,  3.18484394e-01,
        -8.99124065e-02,  1.21805015e+00, -1.83977518e-01,
        -3.20876815e-03,  2.24723600e-01, -2.34744426e-01],
       [-6.23971403e-01,  1.49608112e-02, -8.05625603e-01,
        -5.83607460e-02, -2.52966153e-01,  3.17862130e-01,
        -7.25545120e-01, -5.05621495e-01,  9.03763970e-01,
         5.61049656e-01,  7.72074232e-02, -9.23596894e-01,
         1.34236839e-01, -1.83977518e-01,  9.71320729e-01,
         1.39233369e-02,  7.34711602e-02,  2.63122819e-01],
       [-2.18856765e-01,  5.27040627e-03,  7.01359167e-02,
         8.64123406e-02, -4.75306575e-02,  3.12757345e-02,
         6.87497258e-02, -4.61446478e-01,  2.58932162e-01,
        -1.79962381e-01, -6.75398273e-02, -1.48675519e-01,
         2.72675556e-01, -3.20876815e-03,  1.39233369e-02,
         8.95390371e-02,  1.57150137e-04, -4.89623546e-03],
       [-3.07353036e-02, -1.98356008e-01, -4.58898177e-02,
         2.53302433e-03,  5.63342291e-02,  5.62599511e-02,
         1.22648195e-01,  1.09899381e-01,  5.25281137e-02,
         8.30097438e-02, -1.94174682e-01, -5.19634402e-02,
        -1.11831788e-02,  2.24723600e-01,  7.34711602e-02,
         1.57150137e-04,  7.75775619e-02, -1.22515799e-02],
       [-1.56571342e-01,  2.33280394e-01, -2.19889975e-01,
        -3.18668564e-02, -8.89012058e-02,  4.24888678e-02,
        -2.68123899e-01, -9.98063204e-02,  1.97440516e-01,
         1.42563285e-01,  2.30334693e-01, -2.43831572e-01,
         1.61716341e-02, -2.34744426e-01,  2.63122819e-01,
        -4.89623546e-03, -1.22515799e-02,  1.29041568e-01]])
      jac: array([ 2.54611147e-07, -1.39036930e-06, -2.17788750e-06,  1.21532414e-06,
        6.82417086e-07,  2.01172412e-06,  4.14483263e-08,  1.53950926e-07,
        1.92438658e-08, -5.14773409e-07, -5.17734004e-07, -1.36779477e-06,
       -6.28386232e-07, -2.34183043e-06, -4.18480065e-06,  4.37797946e-07,
        2.34775162e-06,  3.58972111e-06])
  message: 'Optimization terminated successfully.'
     nfev: 855
      nit: 38
     njev: 45
   status: 0
  success: True
        x: array([ 0.5901287 , -0.07917397,  0.49001782,  0.20526045, -1.19081641,
       -0.52606914,  1.21255583, -1.65628024, -0.72977929, -0.8720297 ,
        0.05622157,  0.54982986,  0.12013544, -0.00613119, -0.25511522,
        0.07246247,  1.45185979, -0.58488061])
