Program Begingeth
      fun: 0.21354151500178933
 hess_inv: array([[ 2.91309381e+01,  1.58213578e+00,  3.17855209e+00,
         3.78018124e+00, -8.20403494e-01, -1.20008972e+00,
         9.12748019e+00, -6.86064221e+00, -3.00422225e+00,
        -2.20746699e+01, -1.29993943e+01,  1.81382400e+01,
        -1.61403432e+00,  1.28434263e+00, -6.52978634e+00,
         3.44120596e+00, -8.18395278e-01, -3.65718578e-01],
       [ 1.58213578e+00,  2.51310607e+00,  8.20763449e-01,
         3.13281110e-01,  8.34864878e-02, -4.21103677e-01,
        -1.12860610e-01,  7.40790298e-02, -9.71748304e-01,
        -1.04393754e+00, -2.22905226e+00,  1.29567647e-01,
        -3.68062188e-03, -5.50571384e-01, -7.14896255e-01,
         1.45803851e-01, -1.17892647e-01, -3.90065241e-05],
       [ 3.17855209e+00,  8.20763449e-01,  3.04181421e+00,
         7.18077365e-01,  1.89839931e-01, -4.59689123e-02,
         1.57439425e+00, -4.79296109e-01,  4.55861410e-01,
        -3.18429716e+00, -1.19750579e+00, -1.94194175e-01,
         2.35825389e-01, -2.19799056e-02, -1.37960336e+00,
         3.47842292e-01, -2.32792179e-01, -1.34019656e-01],
       [ 3.78018124e+00,  3.13281110e-01,  7.18077365e-01,
         7.06928945e-01, -1.63158537e-01, -1.77512512e-01,
         1.60166074e+00, -1.37036428e+00, -6.73790088e-01,
        -2.80349498e+00, -1.24732836e+00,  2.18533237e+00,
        -7.41469598e-02, -1.97661265e-02, -9.48546083e-01,
         3.96033215e-01, -1.36002472e-01, -6.16098963e-02],
       [-8.20403494e-01,  8.34864878e-02,  1.89839931e-01,
        -1.63158537e-01,  2.16215716e-01,  3.75691725e-02,
        -9.55811212e-02,  1.08599948e+00,  2.65176141e-01,
         4.42357349e-01,  2.03649948e-01, -8.14674113e-01,
         2.69271005e-02,  9.35160773e-02,  1.55520020e-01,
        -8.36409574e-02,  4.75330253e-02,  4.99548450e-02],
       [-1.20008972e+00, -4.21103677e-01, -4.59689123e-02,
        -1.77512512e-01,  3.75691725e-02,  1.82356243e-01,
        -3.21092907e-01,  2.33596104e-01,  6.91823003e-01,
         7.45111346e-01,  6.85871676e-01, -6.66917873e-01,
         9.28751375e-02,  5.21959932e-02,  3.07991430e-01,
        -1.19831749e-01,  1.24231112e-02,  1.44696814e-02],
       [ 9.12748019e+00, -1.12860610e-01,  1.57439425e+00,
         1.60166074e+00, -9.55811212e-02, -3.21092907e-01,
         5.70146974e+00, -1.56424224e+00, -1.37521994e+00,
        -6.82770439e+00, -2.54423762e+00,  5.25019799e+00,
        -4.25407525e-01,  4.85704843e-01, -2.05396784e+00,
         9.13417318e-01, -1.85128063e-01, -4.54253121e-02],
       [-6.86064221e+00,  7.40790298e-02, -4.79296109e-01,
        -1.37036428e+00,  1.08599948e+00,  2.33596104e-01,
        -1.56424224e+00,  7.28969865e+00,  1.14847127e+00,
         4.58049808e+00,  2.34085541e+00, -5.23426838e+00,
        -3.98139832e-02,  2.66461361e-01,  1.70215236e+00,
        -8.66631603e-01,  3.26360731e-01,  2.83151725e-01],
       [-3.00422225e+00, -9.71748304e-01,  4.55861410e-01,
        -6.73790088e-01,  2.65176141e-01,  6.91823003e-01,
        -1.37521994e+00,  1.14847127e+00,  4.49166953e+00,
         1.53974993e+00,  7.85894658e-01, -1.84029832e+00,
         2.33239390e-01,  4.15593632e-01,  5.59572438e-01,
        -1.33926169e-01,  1.02104945e-02, -5.02626826e-02],
       [-2.20746699e+01, -1.04393754e+00, -3.18429716e+00,
        -2.80349498e+00,  4.42357349e-01,  7.45111346e-01,
        -6.82770439e+00,  4.58049808e+00,  1.53974993e+00,
         1.74939783e+01,  9.67525007e+00, -1.31251305e+01,
         1.14290268e+00, -1.08724613e+00,  4.99895872e+00,
        -2.56225474e+00,  6.83809564e-01,  2.47964265e-01],
       [-1.29993943e+01, -2.22905226e+00, -1.19750579e+00,
        -1.24732836e+00,  2.03649948e-01,  6.85871676e-01,
        -2.54423762e+00,  2.34085541e+00,  7.85894658e-01,
         9.67525007e+00,  9.05455851e+00, -8.28621564e+00,
         8.27040176e-01, -7.44517318e-01,  3.04478058e+00,
        -1.90427889e+00,  4.07861362e-01,  1.56099736e-01],
       [ 1.81382400e+01,  1.29567647e-01, -1.94194175e-01,
         2.18533237e+00, -8.14674113e-01, -6.66917873e-01,
         5.25019799e+00, -5.23426838e+00, -1.84029832e+00,
        -1.31251305e+01, -8.28621564e+00,  1.36889431e+01,
        -1.16171590e+00,  1.00767168e+00, -3.55290214e+00,
         2.30617162e+00, -4.43900598e-01, -1.33111537e-01],
       [-1.61403432e+00, -3.68062188e-03,  2.35825389e-01,
        -7.41469598e-02,  2.69271005e-02,  9.28751375e-02,
        -4.25407525e-01, -3.98139832e-02,  2.33239390e-01,
         1.14290268e+00,  8.27040176e-01, -1.16171590e+00,
         2.58553906e-01, -1.54491472e-01,  2.36927522e-01,
        -1.57889676e-01, -3.79771590e-03,  5.17225357e-03],
       [ 1.28434263e+00, -5.50571384e-01, -2.19799056e-02,
        -1.97661265e-02,  9.35160773e-02,  5.21959932e-02,
         4.85704843e-01,  2.66461361e-01,  4.15593632e-01,
        -1.08724613e+00, -7.44517318e-01,  1.00767168e+00,
        -1.54491472e-01,  4.90273247e-01, -1.80287747e-01,
         2.66043540e-01,  3.56399544e-02,  1.17693126e-02],
       [-6.52978634e+00, -7.14896255e-01, -1.37960336e+00,
        -9.48546083e-01,  1.55520020e-01,  3.07991430e-01,
        -2.05396784e+00,  1.70215236e+00,  5.59572438e-01,
         4.99895872e+00,  3.04478058e+00, -3.55290214e+00,
         2.36927522e-01, -1.80287747e-01,  1.71352236e+00,
        -7.92257120e-01,  2.21019362e-01,  1.40645424e-01],
       [ 3.44120596e+00,  1.45803851e-01,  3.47842292e-01,
         3.96033215e-01, -8.36409574e-02, -1.19831749e-01,
         9.13417318e-01, -8.66631603e-01, -1.33926169e-01,
        -2.56225474e+00, -1.90427889e+00,  2.30617162e+00,
        -1.57889676e-01,  2.66043540e-01, -7.92257120e-01,
         5.21614371e-01, -9.80611698e-02, -4.71719407e-02],
       [-8.18395278e-01, -1.17892647e-01, -2.32792179e-01,
        -1.36002472e-01,  4.75330253e-02,  1.24231112e-02,
        -1.85128063e-01,  3.26360731e-01,  1.02104945e-02,
         6.83809564e-01,  4.07861362e-01, -4.43900598e-01,
        -3.79771590e-03,  3.56399544e-02,  2.21019362e-01,
        -9.80611698e-02,  7.44622970e-02,  2.22765671e-02],
       [-3.65718578e-01, -3.90065242e-05, -1.34019656e-01,
        -6.16098963e-02,  4.99548450e-02,  1.44696814e-02,
        -4.54253121e-02,  2.83151725e-01, -5.02626826e-02,
         2.47964265e-01,  1.56099736e-01, -1.33111537e-01,
         5.17225357e-03,  1.17693126e-02,  1.40645424e-01,
        -4.71719407e-02,  2.22765671e-02,  5.51273444e-02]])
      jac: array([ 1.95813551e-04,  2.54405941e-04,  2.37243558e-05,  2.78932248e-04,
        9.43617037e-04,  3.88152103e-04, -7.85153424e-05, -9.74714754e-05,
       -5.27409598e-05,  3.26880930e-04,  2.64097448e-04,  4.12144393e-05,
       -7.70615979e-04,  4.21451392e-04,  1.36764119e-04,  2.73799872e-04,
       -1.03632547e-03, -6.30877017e-04])
  message: 'Maximum number of iterations has been exceeded.'
     nfev: 2166
      nit: 100
     njev: 114
   status: 1
  success: False
        x: array([-0.24800181, -0.12563579,  0.44351329,  0.22078483, -1.02092826,
       -0.34525088,  0.97959059, -1.73702148, -0.3612458 , -0.82996298,
        0.21163224,  0.11832723,  0.4937165 , -0.0281922 ,  0.09980192,
        0.08062388,  1.19950393, -0.45022314])
