Program Begingeth
      fun: 0.282895766436261
 hess_inv: array([[ 4.83946447e+00,  2.01605164e+00,  1.96425532e-01,
         1.39790460e+00,  9.02047856e-01, -1.06268007e+00,
         1.77671450e+00, -1.47828404e+00, -2.35557903e+00,
        -3.61354275e-01,  8.28076127e-01, -9.97204177e-01,
        -7.99872497e-01, -4.33519730e-01, -4.50079267e-01,
        -1.75040643e-01, -5.74287630e-01,  4.21794680e-01],
       [ 2.01605164e+00,  4.08849267e+00,  1.29584712e+00,
         5.31822441e-01,  1.60192677e+00, -1.23648887e-01,
         3.58114536e+00,  4.06643283e-01,  2.61843828e+00,
         1.45626761e-01,  4.91160536e-01, -1.70996008e+00,
        -6.22417403e-01, -4.70605156e-01, -3.41197183e-01,
        -4.49005908e-02, -3.08916839e-01,  1.63332972e-01],
       [ 1.96425532e-01,  1.29584712e+00,  2.07768127e+00,
         3.35301353e-01,  4.65285947e-01,  6.40769915e-01,
         2.99998626e+00, -1.45075062e+00,  2.33476931e+00,
         5.21109769e-02,  7.65168438e-01, -7.95381245e-01,
        -6.31153039e-02, -1.59342888e-01, -2.65949455e-01,
        -1.40545554e-01, -1.54117588e-02, -7.73228947e-02],
       [ 1.39790460e+00,  5.31822441e-01,  3.35301353e-01,
         5.10992735e-01,  2.44492538e-01, -2.01526374e-01,
         1.15531727e+00, -7.91902848e-01, -5.89052995e-01,
        -1.37292487e-01,  3.78896095e-01, -2.75093261e-01,
        -1.76431804e-01, -1.07733164e-01, -1.88569207e-01,
        -6.99460545e-02, -1.39656842e-01,  6.78460630e-02],
       [ 9.02047856e-01,  1.60192677e+00,  4.65285947e-01,
         2.44492538e-01,  7.68666775e-01, -5.04349579e-02,
         2.22916794e+00,  8.07464989e-01,  7.09010705e-01,
        -7.48263702e-02,  1.18317359e-01, -5.77252465e-01,
        -3.17021504e-01, -1.30164164e-01, -1.08803516e-01,
        -6.71614307e-02, -2.01480039e-01,  7.44283213e-02],
       [-1.06268007e+00, -1.23648887e-01,  6.40769915e-01,
        -2.01526374e-01, -5.04349579e-02,  5.45834399e-01,
         9.60639633e-01,  9.94973632e-02,  1.57852660e+00,
        -2.74361171e-02, -5.08163755e-02,  2.58538941e-02,
         2.00310615e-01,  7.22234315e-02,  7.41002064e-02,
         2.16282106e-02,  9.34000144e-02, -1.20831187e-01],
       [ 1.77671450e+00,  3.58114536e+00,  2.99998626e+00,
         1.15531727e+00,  2.22916794e+00,  9.60639633e-01,
         1.57407811e+01,  1.73701182e+00,  3.69335292e+00,
        -9.28009027e-01,  7.59241339e-01, -1.26032515e+00,
        -7.23221739e-01, -2.71644809e-01, -4.15090640e-01,
        -3.63208908e-01, -9.98522632e-01, -2.20540585e-01],
       [-1.47828404e+00,  4.06643283e-01, -1.45075062e+00,
        -7.91902848e-01,  8.07464989e-01,  9.94973632e-02,
         1.73701182e+00,  7.99167636e+00,  1.01471543e-02,
        -3.23472224e-01, -1.43842581e+00,  3.60213816e-01,
        -6.74189122e-02,  3.47953162e-01,  6.77876634e-01,
         2.09840975e-01, -8.35506014e-02,  7.26090984e-02],
       [-2.35557903e+00,  2.61843828e+00,  2.33476931e+00,
        -5.89052995e-01,  7.09010705e-01,  1.57852660e+00,
         3.69335292e+00,  1.01471543e-02,  1.00815990e+01,
         2.95585017e-01,  1.75603049e-01, -1.17236327e+00,
         2.53603295e-01, -4.08742502e-01,  1.98642707e-02,
         2.39858663e-01,  3.24531827e-02, -2.05724475e-01],
       [-3.61354275e-01,  1.45626761e-01,  5.21109769e-02,
        -1.37292487e-01, -7.48263702e-02, -2.74361171e-02,
        -9.28009027e-01, -3.23472224e-01,  2.95585017e-01,
         6.39869284e-01, -1.07646325e-02, -7.09520200e-02,
        -4.51926834e-02,  4.68318832e-03,  2.55067196e-02,
         2.51143919e-02,  1.62978448e-01,  1.10369484e-01],
       [ 8.28076127e-01,  4.91160536e-01,  7.65168438e-01,
         3.78896095e-01,  1.18317359e-01, -5.08163755e-02,
         7.59241339e-01, -1.43842581e+00,  1.75603049e-01,
        -1.07646325e-02,  9.72861574e-01, -4.41580904e-01,
        -1.00645335e-01, -2.42197288e-01, -3.43548781e-01,
        -1.15505299e-01, -5.49561814e-02, -8.92460452e-02],
       [-9.97204177e-01, -1.70996008e+00, -7.95381245e-01,
        -2.75093261e-01, -5.77252465e-01,  2.58538941e-02,
        -1.26032515e+00,  3.60213816e-01, -1.17236327e+00,
        -7.09520200e-02, -4.41580904e-01,  1.08068795e+00,
         2.30038699e-01,  3.18775236e-01,  1.59752886e-01,
        -2.06599036e-02,  1.52031992e-01, -5.24501553e-02],
       [-7.99872497e-01, -6.22417403e-01, -6.31153039e-02,
        -1.76431804e-01, -3.17021504e-01,  2.00310615e-01,
        -7.23221739e-01, -6.74189122e-02,  2.53603295e-01,
        -4.51926834e-02, -1.00645335e-01,  2.30038699e-01,
         2.85433822e-01,  9.07186314e-02,  6.81751335e-02,
         9.48906261e-02,  1.67011388e-01, -1.22718164e-01],
       [-4.33519730e-01, -4.70605156e-01, -1.59342888e-01,
        -1.07733164e-01, -1.30164164e-01,  7.22234315e-02,
        -2.71644809e-01,  3.47953162e-01, -4.08742502e-01,
         4.68318832e-03, -2.42197288e-01,  3.18775236e-01,
         9.07186314e-02,  1.69265090e-01,  8.84908242e-02,
        -1.51169821e-03,  1.01432352e-01, -8.35544833e-03],
       [-4.50079267e-01, -3.41197183e-01, -2.65949455e-01,
        -1.88569207e-01, -1.08803516e-01,  7.41002064e-02,
        -4.15090640e-01,  6.77876634e-01,  1.98642707e-02,
         2.55067196e-02, -3.43548781e-01,  1.59752886e-01,
         6.81751335e-02,  8.84908242e-02,  1.82003342e-01,
         6.29121178e-02,  3.35137653e-02,  4.82015082e-02],
       [-1.75040643e-01, -4.49005908e-02, -1.40545554e-01,
        -6.99460545e-02, -6.71614307e-02,  2.16282106e-02,
        -3.63208908e-01,  2.09840975e-01,  2.39858663e-01,
         2.51143919e-02, -1.15505299e-01, -2.06599036e-02,
         9.48906261e-02, -1.51169821e-03,  6.29121178e-02,
         1.03708361e-01,  4.77894817e-02, -6.92085815e-03],
       [-5.74287630e-01, -3.08916839e-01, -1.54117588e-02,
        -1.39656842e-01, -2.01480039e-01,  9.34000144e-02,
        -9.98522632e-01, -8.35506014e-02,  3.24531827e-02,
         1.62978448e-01, -5.49561814e-02,  1.52031992e-01,
         1.67011388e-01,  1.01432352e-01,  3.35137653e-02,
         4.77894817e-02,  2.19130263e-01, -4.08593668e-02],
       [ 4.21794680e-01,  1.63332972e-01, -7.73228947e-02,
         6.78460630e-02,  7.44283213e-02, -1.20831187e-01,
        -2.20540585e-01,  7.26090984e-02, -2.05724475e-01,
         1.10369484e-01, -8.92460452e-02, -5.24501553e-02,
        -1.22718164e-01, -8.35544833e-03,  4.82015082e-02,
        -6.92085815e-03, -4.08593668e-02,  1.54884648e-01]])
      jac: array([ 1.63609866e-06,  1.50990331e-06,  4.48530102e-07, -3.77993933e-06,
       -3.08530979e-06,  1.70974346e-07,  5.19214301e-07, -3.84877315e-08,
       -2.43878991e-07,  8.28966525e-08, -2.42028619e-07,  2.13458880e-06,
        6.66503889e-07, -3.27552800e-06,  1.99544085e-06, -2.10831352e-06,
        1.61500443e-06, -1.99025981e-06])
  message: 'Optimization terminated successfully.'
     nfev: 1387
      nit: 65
     njev: 73
   status: 0
  success: True
        x: array([-0.47381537, -0.86996046,  0.60643423, -0.82272004, -0.99824194,
        0.11108815, -0.34192468, -1.81644529, -0.51412142,  0.09853466,
        0.62737768,  1.16255294,  0.08496444,  0.08024756, -0.38308853,
        1.05698042, -0.58037924, -0.02917118])
