Program Begingeth
      fun: 0.3927547736725311
 hess_inv: array([[ 1.34168122e+00, -2.40254495e-01,  1.06038207e-01,
         2.70299246e-01, -3.17737884e-01,  3.86002449e-01,
         7.27507137e-01, -3.81640894e-01,  4.40730318e-01,
         7.03645096e-01, -1.04984611e+00,  2.75057490e-02,
        -5.21533547e-01,  2.49549777e-02,  9.32165719e-02,
        -4.20538238e-02, -2.85180819e-02, -2.91488972e-01],
       [-2.40254495e-01,  7.46987901e-01, -1.57324523e-01,
        -2.81161253e-01,  1.66822685e-01, -3.38702521e-01,
        -1.04284068e+00,  4.70234156e-01, -2.92502259e-01,
        -8.08193200e-01,  3.23627369e-01, -1.88695206e-01,
         1.16311457e-01, -2.43105013e-01, -2.72407392e-01,
         6.52618160e-02,  7.30051389e-03, -9.65785369e-02],
       [ 1.06038207e-01, -1.57324523e-01,  4.60531432e-01,
         2.17458778e-01,  1.38875968e-01,  1.85701187e-01,
         3.00454341e-01, -1.45052274e-02,  8.43664529e-01,
         8.20707057e-01,  1.88602927e-01,  1.60858528e-02,
         4.36801397e-02,  1.93466681e-01, -2.34703866e-02,
         1.01658299e-01,  4.57227346e-02,  6.29964026e-02],
       [ 2.70299246e-01, -2.81161253e-01,  2.17458778e-01,
         4.81344388e-01,  8.73086307e-02,  2.26653757e-01,
         1.08907335e+00,  2.42903716e-01,  1.15325421e+00,
         1.35310584e+00,  1.48841779e-01, -1.64558031e-01,
         3.48211044e-02,  1.30129119e-01,  1.17593993e-01,
         6.14608356e-02, -3.50536559e-02,  3.55157406e-02],
       [-3.17737884e-01,  1.66822685e-01,  1.38875968e-01,
         8.73086307e-02,  4.95516144e-01, -1.16259771e-01,
        -1.70068250e-01,  9.79361758e-01,  8.61554785e-01,
         3.20432070e-01,  1.21697594e+00, -2.34741446e-01,
         2.57034947e-01,  8.19724328e-02, -1.21167244e-01,
         1.38232570e-01, -1.09288633e-05,  8.29818009e-02],
       [ 3.86002449e-01, -3.38702521e-01,  1.85701187e-01,
         2.26653757e-01, -1.16259771e-01,  4.93789363e-01,
         1.09578731e+00, -4.70819778e-01,  1.24015952e+00,
         8.36684719e-01, -2.58278464e-01,  5.51901500e-01,
        -2.25661145e-01,  1.88023541e-01,  1.88797220e-01,
        -4.26012846e-02,  9.88079636e-02, -1.93665397e-02],
       [ 7.27507137e-01, -1.04284068e+00,  3.00454341e-01,
         1.08907335e+00, -1.70068250e-01,  1.09578731e+00,
         7.85152328e+00, -9.59031837e-01,  4.85549629e+00,
         3.21039271e+00,  7.32832518e-01,  2.70504900e-01,
        -6.24286758e-01,  4.94795231e-01,  4.77660008e-01,
        -2.24488034e-01,  4.58858844e-01, -1.32087932e-01],
       [-3.81640894e-01,  4.70234156e-01, -1.45052274e-02,
         2.42903716e-01,  9.79361758e-01, -4.70819778e-01,
        -9.59031837e-01,  3.67129713e+00,  1.20203600e+00,
         5.02878657e-01,  2.02416310e+00, -1.11510238e+00,
         5.30120991e-01, -1.15028413e-03, -2.03171625e-01,
         2.49647372e-01, -1.05131238e-01,  1.29463132e-01],
       [ 4.40730318e-01, -2.92502259e-01,  8.43664529e-01,
         1.15325421e+00,  8.61554785e-01,  1.24015952e+00,
         4.85549629e+00,  1.20203600e+00,  8.52974166e+00,
         4.13808436e+00,  2.61820437e+00,  4.86454319e-01,
        -1.84404078e-01,  6.39042528e-01,  2.44848207e-01,
         1.42114652e-01,  4.39700408e-01,  8.05266652e-02],
       [ 7.03645096e-01, -8.08193200e-01,  8.20707057e-01,
         1.35310584e+00,  3.20432070e-01,  8.36684719e-01,
         3.21039271e+00,  5.02878657e-01,  4.13808436e+00,
         4.21999484e+00,  6.54312980e-01, -1.60686643e-01,
         5.52142260e-03,  5.03048901e-01,  3.18742292e-01,
         1.46890317e-01,  3.36627180e-02,  1.07760733e-01],
       [-1.04984611e+00,  3.23627369e-01,  1.88602927e-01,
         1.48841779e-01,  1.21697594e+00, -2.58278464e-01,
         7.32832518e-01,  2.02416310e+00,  2.61820437e+00,
         6.54312980e-01,  3.58796838e+00, -4.79903620e-01,
         5.44778568e-01,  2.09491586e-01, -2.71247662e-01,
         2.23550731e-01,  1.07136012e-01,  1.93504249e-01],
       [ 2.75057490e-02, -1.88695206e-01,  1.60858528e-02,
        -1.64558031e-01, -2.34741446e-01,  5.51901500e-01,
         2.70504900e-01, -1.11510238e+00,  4.86454319e-01,
        -1.60686643e-01, -4.79903620e-01,  1.43365204e+00,
        -2.22601703e-01,  1.52421549e-01,  1.82073414e-01,
        -8.36003193e-02,  1.70377651e-01, -4.85872226e-03],
       [-5.21533547e-01,  1.16311457e-01,  4.36801397e-02,
         3.48211044e-02,  2.57034947e-01, -2.25661145e-01,
        -6.24286758e-01,  5.30120991e-01, -1.84404078e-01,
         5.52142260e-03,  5.44778568e-01, -2.22601703e-01,
         3.89450423e-01, -1.50950482e-02, -6.22329307e-02,
         1.37679400e-01, -8.77564251e-02,  1.63640503e-01],
       [ 2.49549777e-02, -2.43105013e-01,  1.93466681e-01,
         1.30129119e-01,  8.19724328e-02,  1.88023541e-01,
         4.94795231e-01, -1.15028413e-03,  6.39042528e-01,
         5.03048901e-01,  2.09491586e-01,  1.52421549e-01,
        -1.50950482e-02,  1.87913218e-01,  6.76868643e-02,
         1.50340908e-02,  7.19969025e-02,  5.78983186e-02],
       [ 9.32165719e-02, -2.72407392e-01, -2.34703866e-02,
         1.17593993e-01, -1.21167244e-01,  1.88797220e-01,
         4.77660008e-01, -2.03171625e-01,  2.44848207e-01,
         3.18742292e-01, -2.71247662e-01,  1.82073414e-01,
        -6.22329307e-02,  6.76868643e-02,  1.81339623e-01,
        -5.23889667e-02, -1.31134449e-03,  5.78547455e-02],
       [-4.20538238e-02,  6.52618160e-02,  1.01658299e-01,
         6.14608356e-02,  1.38232570e-01, -4.26012846e-02,
        -2.24488034e-01,  2.49647372e-01,  1.42114652e-01,
         1.46890317e-01,  2.23550731e-01, -8.36003193e-02,
         1.37679400e-01,  1.50340908e-02, -5.23889667e-02,
         1.11756691e-01, -3.65242439e-02,  3.19937979e-02],
       [-2.85180819e-02,  7.30051389e-03,  4.57227346e-02,
        -3.50536559e-02, -1.09288632e-05,  9.88079636e-02,
         4.58858844e-01, -1.05131238e-01,  4.39700408e-01,
         3.36627180e-02,  1.07136012e-01,  1.70377651e-01,
        -8.77564251e-02,  7.19969025e-02, -1.31134449e-03,
        -3.65242439e-02,  1.29739392e-01, -1.77932229e-02],
       [-2.91488972e-01, -9.65785369e-02,  6.29964026e-02,
         3.55157406e-02,  8.29818009e-02, -1.93665397e-02,
        -1.32087932e-01,  1.29463132e-01,  8.05266652e-02,
         1.07760733e-01,  1.93504249e-01, -4.85872226e-03,
         1.63640503e-01,  5.78983186e-02,  5.78547455e-02,
         3.19937979e-02, -1.77932229e-02,  1.52700755e-01]])
      jac: array([-1.01818554e-05, -7.27825208e-06,  2.99168098e-06,  2.47194857e-05,
        1.83586479e-05, -1.39888101e-07, -1.90995368e-06, -9.37768382e-07,
       -2.28335869e-07, -6.04627459e-06, -3.32511796e-06, -7.00180654e-07,
       -2.52316686e-05, -2.50488519e-05,  9.56716188e-06,  2.50592140e-05,
        1.92779126e-05, -2.90767410e-06])
  message: 'Desired error not necessarily achieved due to precision loss.'
     nfev: 2596
      nit: 90
     njev: 136
   status: 2
  success: False
        x: array([ 0.07491849,  0.01310839,  0.87352829,  1.26029752, -1.13484635,
        0.33189925,  0.54137904, -2.24808104,  0.82459068,  1.66721597,
       -1.04405045,  0.92333376,  0.07505676, -0.05267615, -0.25702629,
       -1.14528559, -0.70233017,  0.04935701])
