Program Begingeth
      fun: 0.3059397955704709
 hess_inv: array([[ 2.19918899e+00,  8.59239965e-01,  1.47701782e+00,
         9.53536623e-01,  4.71888736e-01,  9.15509776e-01,
        -1.01791459e+00,  5.09108091e-01,  4.42306267e+00,
        -4.65677377e-02, -2.45370414e-02,  1.35717597e-01,
         1.72708409e-01,  2.21727447e-03, -4.87445685e-02,
         8.89590255e-02, -1.10657911e-01, -1.66012058e-02],
       [ 8.59239965e-01,  1.31456132e+00,  1.12459580e+00,
         2.87385681e-01,  6.56916351e-01,  7.86468785e-01,
        -9.64834635e-01,  3.30138128e-01,  3.08190220e+00,
         4.06416658e-01, -6.56868474e-02,  1.97877204e-01,
        -8.52641997e-02,  8.64918953e-02,  2.71478349e-02,
         1.15870885e-02, -4.13764232e-03, -5.02388277e-02],
       [ 1.47701782e+00,  1.12459580e+00,  2.63562970e+00,
         4.28304452e-01,  4.56621778e-01,  1.64181203e+00,
        -2.80004582e+00, -8.37422388e-02,  5.66640468e+00,
         2.10755191e-01, -3.35006221e-01,  5.48469535e-02,
        -9.96722496e-02,  2.37588356e-02,  9.92800526e-02,
        -7.84123088e-02, -5.27620924e-02, -5.18810471e-02],
       [ 9.53536623e-01,  2.87385681e-01,  4.28304452e-01,
         4.72795051e-01,  1.80467266e-01,  2.60953367e-01,
         4.97917991e-02,  2.19784575e-01,  1.45556277e+00,
        -5.22739051e-02, -3.62722307e-03,  7.03836525e-02,
         1.29700908e-01, -4.10463317e-03, -2.93136515e-02,
         7.20509978e-02, -6.99538163e-02,  6.79208013e-03],
       [ 4.71888736e-01,  6.56916351e-01,  4.56621778e-01,
         1.80467266e-01,  3.64226805e-01,  3.27825148e-01,
        -3.01701667e-01,  3.78536930e-01,  1.41304441e+00,
         1.82480425e-01, -1.78340814e-02,  1.48242469e-01,
        -1.22965208e-02,  6.19663120e-02, -7.26587061e-03,
         3.27037626e-02,  1.43837066e-03, -2.11073488e-02],
       [ 9.15509776e-01,  7.86468785e-01,  1.64181203e+00,
         2.60953367e-01,  3.27825148e-01,  1.05591073e+00,
        -1.70874040e+00, -5.84307852e-02,  3.72416010e+00,
         1.73534476e-01, -2.54185019e-01,  4.30901646e-02,
        -8.16372566e-02,  4.17481722e-02,  8.43323483e-02,
        -5.47972584e-02, -1.99878835e-02, -2.49350793e-02],
       [-1.01791459e+00, -9.64834635e-01, -2.80004582e+00,
         4.97917991e-02, -3.01701667e-01, -1.70874040e+00,
         5.38740766e+00,  4.09343899e-02, -6.14072419e+00,
        -1.78301220e-02,  1.25855739e-01,  1.57376884e-01,
         2.52281425e-01,  4.49448521e-02, -9.19571360e-02,
         1.98580791e-01, -4.45619923e-02,  8.22886898e-02],
       [ 5.09108091e-01,  3.30138128e-01, -8.37422388e-02,
         2.19784575e-01,  3.78536930e-01, -5.84307852e-02,
         4.09343899e-02,  1.98227106e+00,  3.87153034e-01,
        -1.79259355e-02,  1.24775402e-01,  2.64210898e-01,
         7.27175300e-02,  8.75680836e-02, -1.29244692e-01,
         9.37448066e-02,  2.46783032e-02, -2.55062261e-02],
       [ 4.42306267e+00,  3.08190220e+00,  5.66640468e+00,
         1.45556277e+00,  1.41304441e+00,  3.72416010e+00,
        -6.14072419e+00,  3.87153034e-01,  1.54759393e+01,
         1.92546536e-01, -6.38248220e-01,  2.48397544e-01,
        -7.35290075e-02,  1.91635030e-01,  2.00378637e-01,
        -8.05650359e-02, -4.73669269e-02, -4.68749024e-02],
       [-4.65677377e-02,  4.06416658e-01,  2.10755191e-01,
        -5.22739051e-02,  1.82480425e-01,  1.73534476e-01,
        -1.78301220e-02, -1.79259355e-02,  1.92546536e-01,
         9.32786167e-01,  9.05315724e-02, -1.46709518e-02,
        -2.61467563e-01, -1.99315838e-02, -6.99431499e-02,
        -3.90229689e-02, -1.92187838e-02, -2.07393491e-01],
       [-2.45370414e-02, -6.56868474e-02, -3.35006221e-01,
        -3.62722307e-03, -1.78340814e-02, -2.54185019e-01,
         1.25855739e-01,  1.24775402e-01, -6.38248220e-01,
         9.05315724e-02,  4.95357458e-01, -1.98992674e-02,
        -3.41958054e-04, -1.18780533e-01, -1.39174618e-01,
         3.17698631e-02, -1.52523030e-02, -1.05697233e-01],
       [ 1.35717597e-01,  1.97877204e-01,  5.48469535e-02,
         7.03836525e-02,  1.48242469e-01,  4.30901646e-02,
         1.57376884e-01,  2.64210898e-01,  2.48397544e-01,
        -1.46709518e-02, -1.98992674e-02,  3.18227570e-01,
         5.62971332e-02,  7.54917376e-02, -5.33902733e-02,
         7.27705351e-02,  3.81686042e-02,  1.87659174e-02],
       [ 1.72708409e-01, -8.52641997e-02, -9.96722496e-02,
         1.29700908e-01, -1.22965208e-02, -8.16372566e-02,
         2.52281425e-01,  7.27175300e-02, -7.35290075e-02,
        -2.61467563e-01, -3.41958054e-04,  5.62971332e-02,
         1.49034116e-01,  5.16997502e-04, -4.91463263e-03,
         7.56546517e-02, -2.39432493e-02,  6.01831512e-02],
       [ 2.21727447e-03,  8.64918953e-02,  2.37588356e-02,
        -4.10463317e-03,  6.19663120e-02,  4.17481722e-02,
         4.49448521e-02,  8.75680836e-02,  1.91635030e-01,
        -1.99315838e-02, -1.18780533e-01,  7.54917376e-02,
         5.16997502e-04,  7.78731572e-02,  2.42963744e-02,
         4.42528693e-03,  4.50589327e-02,  3.29041834e-02],
       [-4.87445685e-02,  2.71478349e-02,  9.92800526e-02,
        -2.93136515e-02, -7.26587061e-03,  8.43323483e-02,
        -9.19571360e-02, -1.29244692e-01,  2.00378637e-01,
        -6.99431499e-02, -1.39174618e-01, -5.33902733e-02,
        -4.91463263e-03,  2.42963744e-02,  8.26349015e-02,
        -2.55545672e-02,  4.38877953e-03,  5.80430473e-02],
       [ 8.89590255e-02,  1.15870885e-02, -7.84123088e-02,
         7.20509978e-02,  3.27037626e-02, -5.47972584e-02,
         1.98580791e-01,  9.37448066e-02, -8.05650359e-02,
        -3.90229689e-02,  3.17698631e-02,  7.27705351e-02,
         7.56546517e-02,  4.42528693e-03, -2.55545672e-02,
         7.06184069e-02, -1.19497794e-02,  9.72981380e-03],
       [-1.10657911e-01, -4.13764232e-03, -5.27620924e-02,
        -6.99538163e-02,  1.43837066e-03, -1.99878835e-02,
        -4.45619923e-02,  2.46783032e-02, -4.73669269e-02,
        -1.92187838e-02, -1.52523030e-02,  3.81686042e-02,
        -2.39432493e-02,  4.50589327e-02,  4.38877953e-03,
        -1.19497794e-02,  5.77522464e-02,  1.12271123e-02],
       [-1.66012058e-02, -5.02388277e-02, -5.18810471e-02,
         6.79208013e-03, -2.11073488e-02, -2.49350793e-02,
         8.22886898e-02, -2.55062261e-02, -4.68749024e-02,
        -2.07393491e-01, -1.05697233e-01,  1.87659174e-02,
         6.01831512e-02,  3.29041834e-02,  5.80430473e-02,
         9.72981380e-03,  1.12271123e-02,  8.93171813e-02]])
      jac: array([-4.61752858e-05,  6.70311954e-05,  2.18232839e-05,  9.54643772e-05,
       -1.48479007e-04, -7.95511805e-06,  8.46804108e-06,  1.78509059e-05,
        2.20416278e-06, -3.38259050e-05,  1.27453603e-06, -1.85843933e-05,
       -1.03920576e-04,  5.86412400e-05, -1.02218234e-05,  9.47830703e-05,
        1.72454643e-07, -1.27283369e-05])
  message: 'Desired error not necessarily achieved due to precision loss.'
     nfev: 2500
      nit: 96
     njev: 131
   status: 2
  success: False
        x: array([ 2.119981  , -1.21166721, -0.532685  ,  1.86954176, -1.19462858,
       -0.20382653,  2.63121111, -0.92483215,  0.4998608 ,  0.04528651,
        0.39572564,  1.19759519,  0.03733345,  0.11834141, -0.27521257,
       -1.19124944, -0.40942024,  0.00430957])
