Program Begingeth
      fun: 0.2270128657686154
 hess_inv: array([[ 6.53656157e+00,  3.50605783e-01, -1.42392548e+00,
        -1.71624544e+00,  1.11547952e+00, -1.66772193e+00,
         8.81269431e-03,  6.60611382e+00, -5.70104003e+00,
         2.01985423e+00, -4.26930556e-01,  3.89758159e+00,
        -5.81790595e+00,  1.01616602e+00, -2.01379678e+00,
        -1.39022093e+00,  5.71549477e-01, -6.74775494e-01],
       [ 3.50605783e-01,  1.01794741e+00, -2.30759999e-01,
        -2.06058721e-01, -2.09108455e-01, -3.18544113e-01,
        -7.82249902e-01,  1.58171558e-02, -5.51716647e-01,
         1.99254803e-01,  2.62976208e-01,  1.38552161e-01,
        -4.43915776e-01, -8.03498102e-01, -1.34810761e-01,
        -1.49306265e-01, -1.68597882e-01,  1.06892804e-01],
       [-1.42392548e+00, -2.30759999e-01,  1.64514119e+00,
         6.73130542e-01,  7.95075716e-02,  1.42284826e-01,
         1.06549274e+00, -1.33551846e+00,  1.65482017e+00,
        -1.13621604e+00, -9.14206249e-02, -6.47348812e-01,
         1.81289867e+00,  1.46853597e-01, -6.80019273e-01,
         5.41146722e-01, -1.88986717e-01, -2.45666492e-01],
       [-1.71624544e+00, -2.06058721e-01,  6.73130542e-01,
         7.15919499e-01, -3.02159255e-01,  3.57895424e-01,
         4.28646651e-01, -2.26568588e+00,  1.37226838e+00,
        -7.09520750e-01,  2.14739945e-01, -8.40441196e-01,
         1.88987801e+00, -2.56775454e-01,  2.14987624e-01,
         4.92021645e-01, -2.08015100e-01,  6.72565107e-02],
       [ 1.11547952e+00, -2.09108455e-01,  7.95075716e-02,
        -3.02159255e-01,  5.70614906e-01, -2.24668243e-01,
         7.29327451e-01,  2.22250126e+00, -6.44066544e-01,
         1.80126138e-01, -2.91657561e-01,  6.63487809e-01,
        -9.81362430e-01,  7.38768988e-01, -4.65201098e-01,
        -1.88714647e-01,  2.48003419e-01, -1.51877718e-01],
       [-1.66772193e+00, -3.18544113e-01,  1.42284826e-01,
         3.57895424e-01, -2.24668243e-01,  6.37168508e-01,
         7.04488050e-02, -1.34913291e+00,  1.78769091e+00,
        -4.45295226e-01, -2.67481878e-02, -1.04424579e+00,
         1.35635005e+00, -5.09584825e-02,  8.62589077e-01,
         3.14503236e-01, -7.94983572e-02,  2.58261934e-01],
       [ 8.81269431e-03, -7.82249902e-01,  1.06549274e+00,
         4.28646651e-01,  7.29327451e-01,  7.04488050e-02,
         3.23465543e+00,  1.50831327e+00,  5.90600825e-01,
        -4.64647910e-01, -2.14175134e-01,  2.32066436e-01,
         4.10617977e-01,  1.13906510e+00, -5.98670817e-01,
         1.54970707e-01,  2.10599994e-01, -1.95373242e-01],
       [ 6.60611382e+00,  1.58171558e-02, -1.33551846e+00,
        -2.26568588e+00,  2.22250126e+00, -1.34913291e+00,
         1.50831327e+00,  1.21561246e+01, -4.82511420e+00,
         2.06227779e+00, -8.20439119e-01,  3.50038808e+00,
        -6.67448580e+00,  2.26174607e+00, -1.51966528e+00,
        -1.62862966e+00,  9.99759088e-01, -4.13775902e-01],
       [-5.70104003e+00, -5.51716647e-01,  1.65482017e+00,
         1.37226838e+00, -6.44066544e-01,  1.78769091e+00,
         5.90600825e-01, -4.82511420e+00,  7.38161168e+00,
        -2.03456609e+00, -2.02995220e-01, -3.26061628e+00,
         5.00941209e+00, -3.50395735e-01,  1.62592467e+00,
         1.27050899e+00, -4.32919715e-01,  4.48971486e-01],
       [ 2.01985423e+00,  1.99254803e-01, -1.13621604e+00,
        -7.09520750e-01,  1.80126138e-01, -4.45295226e-01,
        -4.64647910e-01,  2.06227779e+00, -2.03456609e+00,
         1.13794489e+00, -5.00986249e-02,  1.09651635e+00,
        -2.15624017e+00,  1.42314670e-01, -1.01205883e-01,
        -5.72432863e-01,  2.41979612e-01, -3.63828752e-02],
       [-4.26930556e-01,  2.62976208e-01, -9.14206249e-02,
         2.14739945e-01, -2.91657561e-01, -2.67481878e-02,
        -2.14175134e-01, -8.20439119e-01, -2.02995220e-01,
        -5.00986249e-02,  7.06669092e-01, -2.89586871e-01,
         3.87653771e-01, -6.09558808e-01,  2.03330011e-01,
        -3.44078551e-02, -1.61945854e-01,  1.64609817e-01],
       [ 3.89758159e+00,  1.38552161e-01, -6.47348812e-01,
        -8.40441196e-01,  6.63487809e-01, -1.04424579e+00,
         2.32066436e-01,  3.50038808e+00, -3.26061628e+00,
         1.09651635e+00, -2.89586871e-01,  2.62209024e+00,
        -3.17694352e+00,  6.41475716e-01, -1.48650434e+00,
        -6.83698147e-01,  2.99884136e-01, -5.14073440e-01],
       [-5.81790595e+00, -4.43915776e-01,  1.81289867e+00,
         1.88987801e+00, -9.81362430e-01,  1.35635005e+00,
         4.10617977e-01, -6.67448580e+00,  5.00941209e+00,
        -2.15624017e+00,  3.87653771e-01, -3.17694352e+00,
         5.76979820e+00, -8.55056050e-01,  1.23277981e+00,
         1.49322156e+00, -6.03723216e-01,  3.94473241e-01],
       [ 1.01616602e+00, -8.03498102e-01,  1.46853597e-01,
        -2.56775454e-01,  7.38768988e-01, -5.09584825e-02,
         1.13906510e+00,  2.26174607e+00, -3.50395735e-01,
         1.42314670e-01, -6.09558808e-01,  6.41475716e-01,
        -8.55056050e-01,  1.33933939e+00, -3.88709163e-01,
        -1.04360763e-01,  4.20606524e-01, -2.25525334e-01],
       [-2.01379678e+00, -1.34810761e-01, -6.80019273e-01,
         2.14987624e-01, -4.65201098e-01,  8.62589077e-01,
        -5.98670817e-01, -1.51966528e+00,  1.62592467e+00,
        -1.01205883e-01,  2.03330011e-01, -1.48650434e+00,
         1.23277981e+00, -3.88709163e-01,  1.80573666e+00,
         1.80605714e-01, -6.02100684e-02,  6.42939865e-01],
       [-1.39022093e+00, -1.49306265e-01,  5.41146722e-01,
         4.92021645e-01, -1.88714647e-01,  3.14503236e-01,
         1.54970707e-01, -1.62862966e+00,  1.27050899e+00,
        -5.72432863e-01, -3.44078551e-02, -6.83698147e-01,
         1.49322156e+00, -1.04360763e-01,  1.80605714e-01,
         4.49470600e-01, -1.34157264e-01,  4.01632266e-02],
       [ 5.71549477e-01, -1.68597882e-01, -1.88986717e-01,
        -2.08015100e-01,  2.48003419e-01, -7.94983572e-02,
         2.10599994e-01,  9.99759088e-01, -4.32919715e-01,
         2.41979612e-01, -1.61945854e-01,  2.99884136e-01,
        -6.03723216e-01,  4.20606524e-01, -6.02100684e-02,
        -1.34157264e-01,  1.95903587e-01, -3.28371767e-02],
       [-6.74775494e-01,  1.06892804e-01, -2.45666492e-01,
         6.72565107e-02, -1.51877718e-01,  2.58261934e-01,
        -1.95373242e-01, -4.13775902e-01,  4.48971486e-01,
        -3.63828752e-02,  1.64609817e-01, -5.14073440e-01,
         3.94473241e-01, -2.25525334e-01,  6.42939865e-01,
         4.01632266e-02, -3.28371767e-02,  2.88096036e-01]])
      jac: array([-1.64975441e-05,  2.20647574e-05, -1.80788717e-05, -6.29644485e-06,
       -4.20221265e-05,  6.51893354e-05, -1.92475665e-06,  1.08912879e-06,
       -4.19072184e-06, -1.69549560e-06,  1.20422191e-05,  3.38895578e-06,
       -1.30521520e-05,  4.25985173e-05, -5.07914081e-05,  1.46534636e-05,
       -1.67153328e-05,  1.73849823e-05])
  message: 'Desired error not necessarily achieved due to precision loss.'
     nfev: 1550
      nit: 43
     njev: 81
   status: 2
  success: False
        x: array([ 0.57356263, -0.06086568,  0.55553006,  0.30701737, -0.89047412,
       -0.56580873,  1.2380083 , -1.5905248 , -0.81469338, -1.10350052,
        0.08554374,  0.57324994,  0.32349114,  0.01772615, -0.28184892,
        0.13835552,  1.09576048, -0.61599154])
