Program Begingeth
      fun: 0.3520587731540824
 hess_inv: array([[ 5.22225965e+00,  1.38906249e-01, -1.82855033e+00,
         1.79402587e+00,  2.80728509e-01, -1.80466932e+00,
        -8.91792526e-01, -4.81964085e-02, -7.13470869e+00,
         8.74371730e-02,  7.96852732e-01,  2.22172631e-01,
        -5.91629495e-01, -2.07768696e-01, -4.56550621e-01,
        -3.19964918e-01, -3.63925190e-01,  1.96236451e-01],
       [ 1.38906249e-01,  5.99624099e+00,  1.80415680e+00,
         2.52916543e-02,  2.68240995e+00,  7.75819419e-01,
         5.32019016e+00,  1.93539429e+00,  7.01606023e+00,
         5.76405751e-01,  5.40382854e-01, -1.32382047e+00,
        -6.09299162e-01, -3.15377266e-01, -9.56792494e-02,
        -1.19703348e-01, -3.22327815e-01,  9.56243790e-02],
       [-1.82855033e+00,  1.80415680e+00,  3.03774799e+00,
        -3.25895836e-01,  6.79693105e-01,  1.69907449e+00,
         4.15326554e+00, -1.15335601e+00,  6.13262284e+00,
        -7.22551529e-02,  4.60539980e-01, -4.74428915e-01,
         1.81561474e-01, -3.62380770e-02, -6.57039829e-03,
         8.11406075e-03,  8.58752152e-02, -1.63709074e-01],
       [ 1.79402587e+00,  2.52916543e-02, -3.25895836e-01,
         7.08617512e-01,  8.36936428e-02, -4.78996830e-01,
         3.27699016e-01, -3.30574267e-01, -2.23436409e+00,
        -2.70131894e-02,  3.71549210e-01,  1.22329629e-01,
        -1.44459838e-01, -5.57475843e-02, -2.00319288e-01,
        -1.11352781e-01, -9.76195371e-02,  2.15678951e-02],
       [ 2.80728509e-01,  2.68240995e+00,  6.79693105e-01,
         8.36936428e-02,  1.28398814e+00,  2.68734734e-01,
         2.64275749e+00,  1.39327512e+00,  2.70409232e+00,
         2.10596064e-01,  1.98100822e-01, -5.17696674e-01,
        -3.32448969e-01, -1.06925913e-01, -4.16496696e-02,
        -9.87592621e-02, -1.75787328e-01,  6.06299308e-02],
       [-1.80466932e+00,  7.75819419e-01,  1.69907449e+00,
        -4.78996830e-01,  2.68734734e-01,  1.15529499e+00,
         2.20333832e+00, -2.93846162e-01,  4.34635623e+00,
        -1.44777908e-01, -4.04003965e-02, -2.36494487e-01,
         2.19078511e-01,  3.86974658e-02,  1.19855862e-01,
         8.26941817e-02,  9.23823609e-02, -1.06563274e-01],
       [-8.91792526e-01,  5.32019016e+00,  4.15326554e+00,
         3.27699016e-01,  2.64275749e+00,  2.20333832e+00,
         1.29178797e+01,  1.67300828e+00,  9.69217490e+00,
        -1.60802154e-01,  6.89868892e-01, -8.07759676e-01,
        -3.33370524e-01, -1.18609182e-01, -1.81723032e-01,
        -2.62315048e-01, -3.77427232e-01, -2.26407025e-01],
       [-4.81964085e-02,  1.93539429e+00, -1.15335601e+00,
        -3.30574267e-01,  1.39327512e+00, -2.93846162e-01,
         1.67300828e+00,  6.90920540e+00,  8.23556820e-01,
        -5.24930861e-03, -8.39168908e-01, -2.76317870e-01,
        -4.65205327e-01,  1.26153031e-01,  3.76119504e-01,
        -4.85633456e-02, -2.43272065e-01,  2.51683337e-01],
       [-7.13470869e+00,  7.01606023e+00,  6.13262284e+00,
        -2.23436409e+00,  2.70409232e+00,  4.34635623e+00,
         9.69217490e+00,  8.23556820e-01,  2.27106258e+01,
         4.04771824e-02,  4.73148393e-02, -1.97650248e+00,
         3.71683314e-01, -3.15435160e-01,  4.50310990e-01,
         3.95312807e-01, -7.06737579e-03, -2.90461294e-01],
       [ 8.74371730e-02,  5.76405751e-01, -7.22551529e-02,
        -2.70131894e-02,  2.10596064e-01, -1.44777908e-01,
        -1.60802154e-01, -5.24930861e-03,  4.04771824e-02,
         7.89787719e-01, -1.45934338e-02, -1.51136169e-01,
        -2.32029864e-01, -4.44990391e-03,  5.60518061e-02,
        -1.25560830e-02,  3.22073763e-02,  1.95224164e-01],
       [ 7.96852732e-01,  5.40382854e-01,  4.60539980e-01,
         3.71549210e-01,  1.98100822e-01, -4.04003965e-02,
         6.89868892e-01, -8.39168908e-01,  4.73148393e-02,
        -1.45934338e-02,  9.56717993e-01, -1.64299693e-01,
        -7.50160652e-02, -2.31162795e-01, -2.86600239e-01,
        -9.65005319e-02, -7.21605930e-02, -1.27832978e-01],
       [ 2.22172631e-01, -1.32382047e+00, -4.74428915e-01,
         1.22329629e-01, -5.17696674e-01, -2.36494487e-01,
        -8.07759676e-01, -2.76317870e-01, -1.97650248e+00,
        -1.51136169e-01, -1.64299693e-01,  6.18445235e-01,
         8.70113302e-02,  1.59120192e-01, -4.99931757e-02,
        -4.38761935e-02,  9.64835277e-02, -1.54883064e-02],
       [-5.91629495e-01, -6.09299162e-01,  1.81561474e-01,
        -1.44459838e-01, -3.32448969e-01,  2.19078511e-01,
        -3.33370524e-01, -4.65205327e-01,  3.71683314e-01,
        -2.32029864e-01, -7.50160652e-02,  8.70113302e-02,
         2.55884200e-01,  4.89264526e-02,  2.86097750e-02,
         1.09996622e-01,  1.08867489e-01, -9.63230570e-02],
       [-2.07768696e-01, -3.15377266e-01, -3.62380770e-02,
        -5.57475843e-02, -1.06925913e-01,  3.86974658e-02,
        -1.18609182e-01,  1.26153031e-01, -3.15435160e-01,
        -4.44990391e-03, -2.31162795e-01,  1.59120192e-01,
         4.89264526e-02,  1.28965568e-01,  5.47865608e-02,
         1.16821558e-02,  8.61357172e-02,  2.23261318e-02],
       [-4.56550621e-01, -9.56792494e-02, -6.57039829e-03,
        -2.00319288e-01, -4.16496696e-02,  1.19855862e-01,
        -1.81723032e-01,  3.76119504e-01,  4.50310990e-01,
         5.60518061e-02, -2.86600239e-01, -4.99931757e-02,
         2.86097750e-02,  5.47865608e-02,  1.52922246e-01,
         5.34076437e-02,  2.50883329e-02,  7.01364287e-02],
       [-3.19964918e-01, -1.19703348e-01,  8.11406075e-03,
        -1.11352781e-01, -9.87592621e-02,  8.26941817e-02,
        -2.62315048e-01, -4.85633456e-02,  3.95312807e-01,
        -1.25560830e-02, -9.65005319e-02, -4.38761935e-02,
         1.09996622e-01,  1.16821558e-02,  5.34076437e-02,
         9.59967028e-02,  4.87984507e-02, -1.08608819e-02],
       [-3.63925190e-01, -3.22327815e-01,  8.58752152e-02,
        -9.76195371e-02, -1.75787328e-01,  9.23823609e-02,
        -3.77427232e-01, -2.43272065e-01, -7.06737579e-03,
         3.22073763e-02, -7.21605930e-02,  9.64835277e-02,
         1.08867489e-01,  8.61357172e-02,  2.50883329e-02,
         4.87984507e-02,  1.34544994e-01, -1.39432114e-02],
       [ 1.96236451e-01,  9.56243790e-02, -1.63709074e-01,
         2.15678951e-02,  6.06299308e-02, -1.06563274e-01,
        -2.26407025e-01,  2.51683337e-01, -2.90461294e-01,
         1.95224164e-01, -1.27832978e-01, -1.54883064e-02,
        -9.63230570e-02,  2.23261318e-02,  7.01364287e-02,
        -1.08608819e-02, -1.39432114e-02,  1.20126421e-01]])
      jac: array([-4.34837351e-07,  4.32986980e-07, -9.58492545e-08,  1.65053156e-06,
       -1.04397972e-06,  7.84927678e-07, -3.15303339e-07,  7.29046453e-08,
       -1.32486614e-07, -1.51360406e-07, -7.32747196e-08, -5.77686047e-07,
       -5.11812814e-07,  2.80516351e-07,  3.34547205e-07, -9.05571914e-07,
       -1.12132526e-07, -6.60952774e-07])
  message: 'Optimization terminated successfully.'
     nfev: 1368
      nit: 61
     njev: 72
   status: 0
  success: True
        x: array([-0.83559242, -1.36672778,  0.58585145, -1.05561147, -1.3592471 ,
        0.17841002, -0.58466734, -2.20153365, -0.38808334,  0.05930256,
        0.48153221,  1.1949001 ,  0.13378528,  0.01835245, -0.32292011,
        1.26645175, -0.57538802, -0.02804503])
