Base Error: Testing RMSE() on my cube, ref. pcube 8.676537882863173
      fun: 0.6286684984881015
 hess_inv: array([[ 2.25386343e+01,  2.73295088e+01, -1.66816034e+01, ...,
         3.62286474e+00,  8.53677182e-01, -8.32741952e-01],
       [ 2.73295088e+01,  5.55586092e+01, -2.90656459e+01, ...,
         7.07232344e+00,  1.80063000e+00, -2.59006928e+00],
       [-1.66816034e+01, -2.90656459e+01,  2.01816962e+01, ...,
        -3.22636530e+00, -9.62384702e-01,  1.58874618e+00],
       ...,
       [ 3.62286474e+00,  7.07232344e+00, -3.22636530e+00, ...,
         3.31312480e+00,  2.37454216e-01, -3.73801118e-01],
       [ 8.53677182e-01,  1.80063000e+00, -9.62384702e-01, ...,
         2.37454216e-01,  1.12978170e+00,  3.27950966e-02],
       [-8.32741952e-01, -2.59006928e+00,  1.58874618e+00, ...,
        -3.73801118e-01,  3.27950966e-02,  9.90423380e-01]])
      jac: array([-1.11392377e-06, -3.86283598e-06, -4.27583894e-06,  4.48826161e-06,
        3.20854454e-06, -2.09388062e-06,  6.72795153e-07, -1.26417395e-06,
        3.16043488e-07, -2.53278879e-06, -2.40326277e-06, -5.73097125e-06,
        1.08209737e-06,  2.80146277e-06,  3.33140922e-06, -1.04064905e-06,
       -2.07685721e-06,  1.28119737e-06,  3.47869881e-08,  1.92290628e-06,
        9.31107043e-07,  2.81256500e-08, -4.53711143e-07, -1.70308212e-06,
       -1.75415238e-06,  1.70308212e-06, -2.39512114e-06, -2.85475347e-06,
        2.51058433e-06,  3.61562632e-06, -5.41492777e-06, -3.56751665e-07,
        1.72528658e-06,  1.10208139e-06,  2.40104233e-06,  2.00876353e-06,
        1.63572859e-07, -6.66133815e-08,  2.65121258e-06])
  message: 'Optimization terminated successfully.'
     nfev: 2560
      nit: 59
     njev: 64
   status: 0
  success: True
        x: array([ 1.62388989,  1.88014572, -1.97738963,  5.86585097, -0.76443026,
       -0.37548643,  2.62491716, -2.07388793,  1.48533798, -1.88292208,
       -0.06892266, -0.03574759, -0.35902141,  0.41896825, -0.46808943,
        1.94528479,  2.29354094, -1.82672569, -1.88933487,  2.68278167,
        1.84184032, -3.96994439,  1.63201405,  1.93733424,  2.21622314,
       -0.17587851,  0.162171  ,  0.84885708, -0.24600479,  0.61210292,
        4.23160058,  0.28421956, -0.81083893, -4.86929553, -0.31460033,
        0.69587944, -2.221212  , -1.99939598, -1.31812574])
